#EMG
#8
#ID:8-18
-1 2 7 3 -3 -2 -3 -5 
-3 -4 -3 -10 1 2 1 1 
-1 0 -4 -1 -4 -3 -2 -1 
-3 -1 -14 -3 1 -1 1 -2 
-1 -9 8 -5 -5 -1 1 -1 
1 4 -1 6 2 -2 -2 0 
0 -2 -21 -23 1 -4 -3 -3 
-3 -2 12 6 -3 -1 -3 1 
0 -1 -6 7 5 -2 -3 -1 
-3 -5 3 -9 -2 2 2 -1 
-3 -2 14 14 -1 0 2 1 
-1 -2 -19 -6 -4 -2 -2 -3 
1 2 -2 4 -2 -2 1 0 
-1 -8 -14 -2 -1 -1 -2 -2 
-2 1 4 1 3 0 0 1 
-2 2 15 9 -3 -1 2 -1 
-2 4 -6 4 -5 -2 -6 -2 
3 1 -14 -13 -5 -3 -1 4 
0 -2 11 10 -3 -1 0 4 
-3 -2 -9 -14 -4 -2 0 -14 
-3 -6 7 6 2 0 3 3 
-3 1 -9 -7 -5 -2 -2 -1 
3 1 28 18 4 0 -1 3 
1 6 -11 -12 -2 0 -2 4 
-2 -2 -10 -5 0 -1 -1 -4 
-4 -3 25 16 -1 -4 -2 -2 
-1 -3 -9 -16 -3 -1 0 -1 
-2 -2 -3 6 6 0 -2 -1 
0 -1 1 -9 -5 -3 0 -3 
1 0 2 3 -1 -1 -1 0 
-5 -1 0 21 0 -1 -2 -4 
-2 -7 -3 -12 -4 -1 0 0 
1 -2 -5 -21 -3 -2 -2 1 
-2 -4 -15 13 -3 -2 -1 -2 
-1 0 -5 -1 0 1 0 -2 
1 -2 -2 -2 -1 -1 -1 0 
-3 0 11 14 1 -1 2 2 
1 -1 -3 -11 -6 -3 -2 -2 
-4 -4 -13 -16 -1 -2 -4 -5 
-1 2 -2 8 -1 1 -1 1 
1 -1 -5 1 0 0 0 -1 
-2 -2 -3 -9 1 -3 2 2 
-2 -2 -5 6 0 -2 -1 -6 
-2 -5 10 -1 -1 0 1 0 
1 -2 4 -3 -4 -2 -1 -1 
-8 0 -10 -4 0 1 -4 -2 
-1 -4 1 3 -4 -2 0 1 
3 4 -10 -8 -4 -2 -2 -1 
2 0 0 11 -2 0 -2 -2 
-2 -3 2 7 5 3 0 0 
-1 1 3 -9 -3 -3 -3 0 
-1 -4 -1 6 0 -4 -1 -2 
-3 3 -10 0 -3 -2 -2 -1 
1 -5 5 -12 -3 -4 -1 -1 
0 2 1 -4 1 2 -1 -1 
-1 -1 9 13 3 -1 1 0 
0 0 1 -3 0 0 -5 0 
0 -1 0 -4 -1 -2 -2 -2 
-1 -2 -2 -4 -1 -5 -4 -9 
-5 2 5 7 0 2 1 0 
-4 -9 -23 -4 -3 -1 -1 1 
-6 5 -1 -6 -2 0 -1 -10 
-1 -14 -1 -2 -1 0 2 2 
3 4 -1 2 -2 -2 -2 -1 
0 4 6 -1 2 0 0 -2 
-3 -7 -8 -4 -3 -4 -3 1 
0 6 -4 -1 -2 1 1 -1 
-5 -2 2 -7 -2 -1 -3 -2 
9 3 10 -9 -2 -1 -1 0 
-7 1 -14 -3 -1 -3 -5 -2 
-2 -6 10 5 -3 -1 2 1 
2 -3 -9 -16 -2 -1 -2 -1 
-3 11 7 2 2 -2 1 -1 
1 0 16 10 -2 -2 -3 0 
-4 -23 -26 -4 -3 -3 -2 0 
-4 2 3 -5 -3 -2 -1 1 
5 3 -5 -2 2 -1 0 -1 
0 3 -14 1 -3 -1 2 2 
2 2 10 1 -1 0 -2 1 
9 5 -5 -1 -1 -1 -4 3 
-22 -5 -2 -1 -1 -1 1 -6 
5 3 7 -5 -4 -1 -5 -1 
-5 -3 -10 -11 -2 -1 -1 1 
0 -3 -3 1 -2 -1 -1 -2 
8 7 -9 -16 -5 -4 2 0 
0 1 21 14 0 2 2 8 
-8 1 -5 -10 -3 -2 -1 -16 
4 15 2 3 -2 -2 -4 1 
-21 -27 12 17 -1 1 -2 -5 
5 -1 -17 -23 -3 -3 -1 -6 
4 7 -7 -2 1 1 2 6 
-4 -5 8 2 -3 -3 -5 -2 
0 2 0 5 2 2 0 -3 
0 1 -15 -1 -3 -2 0 1 
-8 1 12 1 -3 -1 -1 0 
15 -13 -1 -3 -3 -2 1 -6 
-3 9 6 1 1 -2 1 6 
-7 0 -1 2 -2 0 -8 -13 
-8 16 -11 12 3 -1 1 1 
-2 -27 3 -24 -6 -3 -1 -4 
7 -5 -17 -1 -5 -5 0 4 
4 -4 -16 -10 0 -1 -1 -6 
37 16 19 3 1 -2 0 4 
-78 -5 -4 8 5 1 6 -4 
15 -15 -6 -1 -3 -1 -12 -8 
-4 -2 6 -1 1 -1 -4 9 
28 -5 -2 12 0 0 0 1 
13 2 -8 -12 -3 1 3 3 
-3 7 -15 -20 -3 -1 1 -5 
-12 -5 17 14 3 1 3 4 
-19 -10 -27 -11 0 1 -2 -9 
12 3 14 15 0 -1 -1 -2 
4 1 -15 -12 -5 -4 -4 3 
3 4 8 -15 3 0 -1 -13 
-7 0 13 12 -1 1 -2 5 
-11 -16 -4 -7 -2 -1 -7 -1 
4 1 -4 15 -2 0 1 6 
3 -5 7 1 0 -1 2 -2 
-1 6 8 -13 -4 -3 2 6 
13 4 -56 -21 -3 -2 -4 7 
0 0 18 -3 0 1 2 2 
16 -2 -13 7 -3 -1 -7 2 
-66 -1 8 -2 -2 -2 -1 -12 
23 7 9 15 3 0 -1 13 
-41 -15 -1 5 0 -1 2 -11 
-1 1 6 -3 -3 -2 0 2 
9 -17 -7 -8 0 0 4 4 
-2 -8 18 17 -1 -3 -9 -9 
10 6 -25 -10 -2 -1 -1 5 
3 4 -2 1 -4 -1 1 6 
-5 1 7 -12 -1 -2 -5 -18 
-6 5 9 5 -3 -1 5 -2 
3 -1 0 -5 0 0 1 -3 
2 -3 17 9 -1 -2 2 0 
2 -2 -22 -2 -1 -5 -5 -1 
-1 2 4 10 0 1 0 -6 
-2 -10 -12 -10 -1 -2 -4 -4 
-13 -5 -7 -2 -2 0 1 -3 
2 -4 -17 -1 -3 -1 1 0 
-1 -2 4 -13 0 1 3 -2 
5 -7 11 8 -1 -1 -12 3 
1 0 0 5 -1 0 3 -16 
18 -7 11 -4 -5 -4 -5 16 
18 6 -12 -1 1 0 -1 5 
-61 -5 -1 3 -1 -4 2 -9 
5 17 4 -6 -1 -1 -3 10 
2 -12 -8 2 -3 1 -2 -1 
12 8 -1 6 1 -2 -3 -1 
-4 4 10 -14 -2 0 0 0 
14 -6 -3 8 -2 -3 3 2 
-26 -2 -12 -4 3 -1 -12 -11 
-21 -10 -1 -4 -1 -1 -1 -5 
21 9 14 6 0 0 4 -3 
-26 -16 -31 -17 -4 -5 -2 -10 
26 14 36 8 1 1 -3 5 
3 -11 -27 -3 0 -1 -2 0 
9 -12 9 3 2 -1 -1 -5 
-6 4 13 -3 -2 1 3 9 
1 7 15 3 -4 -5 -1 -5 
-11 -9 -21 -2 2 1 -3 -22 
15 -34 -11 -21 -6 -2 1 12 
-19 18 -7 4 3 3 3 -1 
1 1 22 4 0 1 6 4 
17 4 -24 -3 -3 -3 -11 7 
-8 2 -3 -2 -1 -4 2 -17 
27 -10 18 -7 -1 -3 -6 6 
-19 -9 -17 4 -2 0 7 11 
48 10 24 2 1 0 -1 1 
-33 -5 4 16 -2 -4 -3 -6 
-6 42 -2 -11 1 -1 -1 5 
-15 -1 -18 -8 -1 0 0 -8 
8 -4 17 0 -5 -3 3 19 
24 21 6 9 -1 1 14 1 
-2 -16 0 -10 -2 0 -26 4 
17 -52 -9 5 1 -1 -2 -17 
-2 10 2 -9 -4 1 14 14 
32 4 -56 -26 -3 0 -15 -28 
-61 -21 16 15 -1 -3 13 -6 
0 7 -1 -4 -1 1 -2 1 
-3 -16 14 -4 -1 -2 -2 -10 
-2 -3 27 16 2 -1 1 18 
16 -11 -18 2 0 -2 -1 -29 
-8 1 -13 -8 -2 1 -3 2 
-30 8 22 5 1 0 9 -6 
68 21 5 7 0 0 -1 35 
12 -15 -27 -3 -4 -4 -7 -28 
-25 13 -14 -9 -1 -4 1 -6 
-13 1 -9 -2 1 0 -3 -11 
-17 -14 3 6 1 -3 -2 7 
34 -14 -1 -2 2 1 4 21 
-31 20 37 11 -2 2 -6 -49 
-46 -29 -32 -20 -4 -3 -3 7 
-5 10 13 34 -4 -8 -12 1 
-1 -17 -8 -35 -1 5 11 14 
3 -3 -14 5 -4 -4 -8 15 
3 9 1 -12 0 0 3 -11 
-2 0 10 19 0 3 -7 -8 
-15 3 1 5 2 0 3 1 
24 -6 -6 -9 -4 -6 -4 18 
-16 10 1 4 -5 -4 -6 -9 
1 -5 -13 -18 -2 -1 7 6 
3 10 11 13 -1 1 3 31 
12 9 0 1 5 2 -6 9 
-9 -11 13 10 1 3 -4 -2 
-16 -27 -8 8 -9 -7 1 -25 
-19 16 0 -56 -1 8 -1 22 
3 -4 -32 -10 0 -2 5 -14 
19 -10 0 -13 0 -3 -3 3 
-4 13 10 22 -6 -7 -8 20 
9 31 1 -6 -3 -4 -4 -11 
-5 24 20 14 3 -1 1 10 
-9 -20 -10 2 1 -2 -1 -4 
-19 -6 -28 -43 -2 0 2 19 
22 15 2 49 0 -8 -7 -17 
9 -2 -3 -19 10 6 4 -1 
-13 -4 -3 -10 -6 -2 -5 -2 
-1 -4 2 -5 1 0 3 -2 
5 7 15 59 3 -1 1 6 
-2 -30 4 -36 -8 -1 -1 -40 
8 8 -5 -12 -9 3 -1 14 
-4 -2 -22 -33 -2 0 -3 -10 
9 1 28 26 -6 -5 -2 -10 
-6 -2 -33 -17 -9 -6 -8 0 
-2 10 20 40 6 -3 4 -2 
-6 25 18 -28 -3 7 1 -13 
-6 -16 -24 10 -4 -6 -10 -15 
8 -7 -13 -8 -9 -7 1 27 
2 -1 1 -15 12 4 -5 -8 
-14 0 15 42 1 1 6 -4 
0 -18 -9 -71 -3 0 8 13 
3 5 12 8 -2 -4 -1 -21 
30 10 -19 10 -5 -3 -11 4 
-11 2 6 -3 -2 -3 -8 -19 
1 -18 8 1 1 4 1 14 
-11 -5 -23 -6 -4 -3 0 -4 
-22 4 24 21 2 -3 11 -4 
17 -12 -17 -2 0 -3 -4 4 
-11 3 -22 -6 -2 0 -4 -8 
14 -1 13 -37 -3 0 8 22 
4 46 -6 30 1 -3 -16 -21 
-10 -1 -2 -18 7 4 -8 -12 
-23 -29 -6 4 -4 -5 -4 -16 
7 18 50 46 9 5 4 33 
-8 -27 -99 -67 -16 -5 3 -31 
4 -7 5 3 2 1 9 -1 
15 3 -15 4 -1 -3 -11 1 
17 -11 25 13 -3 -2 4 5 
-9 -4 31 9 1 0 -2 5 
-1 3 9 2 -2 -3 -1 40 
10 4 -1 16 2 -1 2 -13 
2 7 -41 -13 -1 -3 -4 9 
0 40 49 18 0 0 3 -4 
2 0 -37 -1 -2 2 5 -5 
-9 -4 -17 -10 -3 -2 -9 8 
10 10 21 -6 1 1 -2 -7 
14 8 -10 -6 -1 3 5 14 
-43 -13 -3 31 3 -5 -6 -65 
-2 -6 14 -20 -1 3 3 -3 
8 6 -34 22 2 1 -2 3 
-25 -9 42 -13 -8 -5 -5 -6 
27 -3 5 13 1 1 5 16 
3 17 24 0 2 1 1 -6 
-21 -44 -52 5 -8 -4 -5 -22 
14 -1 20 0 -1 1 0 14 
-13 11 29 3 0 -4 -8 -9 
6 -17 -44 -26 -12 -7 -1 1 
9 11 32 0 0 0 -2 -2 
13 -3 -5 5 0 -3 1 10 
-16 -7 -11 -6 0 6 5 13 
21 -15 1 22 5 -2 -6 -19 
-24 -8 59 26 -4 -1 -7 10 
-16 -24 -45 -54 -6 -2 -2 -19 
-1 9 26 -15 0 0 -2 4 
-4 -2 -31 -9 -1 -3 14 41 
-14 -2 -4 20 3 0 -1 -28 
-7 20 7 4 4 1 -9 -3 
21 2 -10 -27 -7 -1 6 28 
-38 2 -7 -4 1 -7 -18 -24 
33 7 8 17 2 -1 0 13 
-29 -9 2 -21 -3 -2 5 -4 
20 6 -21 -21 -3 -2 -7 -42 
-47 -16 -13 2 -3 -5 -5 -20 
15 18 15 6 3 1 3 2 
13 -8 6 19 2 1 29 6 
-3 -4 1 4 -4 -6 -25 -7 
-2 -4 -15 -21 -1 2 -2 45 
8 25 7 21 -1 -1 0 -4 
-23 -22 -22 9 0 -1 -2 5 
6 4 -20 -13 -2 -6 8 7 
-4 11 49 39 8 3 2 -1 
-7 -2 -30 -55 -10 -6 -7 2 
28 1 12 5 -1 3 -4 0 
-11 -4 -34 -7 0 0 3 4 
1 -8 -11 -5 -7 -3 -5 -11 
2 -23 21 10 0 0 7 -11 
-7 3 2 15 3 -1 -19 -2 
12 1 14 -6 -4 -1 5 1 
9 4 2 13 1 1 -7 -57 
4 -2 -7 -7 -2 -1 4 9 
9 -15 1 -1 -6 -2 -3 8 
-3 9 17 -2 0 1 3 10 
13 6 -4 0 0 -4 6 6 
-31 -20 -17 19 4 4 -3 -11 
6 -2 2 8 0 -1 -5 -15 
-18 -7 1 -26 -11 -5 -3 1 
1 1 1 -47 -10 -1 4 1 
-13 6 -9 7 -4 -5 -10 -1 
0 0 -4 -4 2 -1 4 16 
8 -1 5 -16 -7 -4 -2 -3 
7 6 13 17 3 2 0 9 
-4 0 6 31 1 -1 0 4 
0 -33 -37 -73 -11 -4 -7 -5 
-1 -6 23 33 7 -1 -3 3 
-6 0 34 21 0 1 1 -3 
-6 1 -2 -18 -3 -5 0 -3 
2 1 -30 18 2 4 3 -1 
-3 -14 -7 22 -3 -6 -9 -4 
-9 -11 -15 -33 -3 2 2 5 
7 6 4 -4 1 -3 -3 -13 
2 13 36 36 2 -1 0 13 
-33 -10 -30 -57 -7 -4 -3 -28 
2 3 -5 25 2 2 2 1 
10 0 18 -8 -3 -3 1 20 
12 1 -11 -16 -4 -6 -16 -62 
7 7 11 33 4 3 2 20 
-5 2 6 -12 0 -4 -2 8 
-6 -16 -21 -34 -8 1 -2 -14 
-4 1 -5 4 2 2 5 20 
1 -12 -12 12 -1 0 0 -1 
-4 13 -2 -12 -4 -5 -4 -9 
-6 -10 -6 -2 4 1 3 5 
1 12 13 16 -3 -3 1 8 
-1 -7 0 5 7 3 -1 -6 
8 -11 13 1 -7 -1 -2 22 
-3 6 -24 22 6 0 -3 -11 
-19 -8 -4 -33 -8 2 3 36 
6 -4 15 10 -1 -4 -3 -25 
1 4 -21 -5 0 0 1 -6 
1 6 20 7 -4 -4 -2 11 
15 6 -6 11 -4 -4 -4 3 
29 4 0 -4 1 0 5 14 
-5 1 12 56 2 -1 2 -1 
-5 1 -4 -58 -9 -1 -9 -2 
-16 -4 -2 0 4 1 5 -16 
20 -1 15 1 -5 -2 -3 11 
1 7 -9 -1 0 -1 -1 -8 
-4 -7 -12 -3 -2 -1 -1 -2 
5 2 2 5 1 -3 0 4 
-19 -3 -2 9 2 1 0 -1 
15 0 -7 -21 -2 -2 0 1 
-22 -1 -7 6 1 -2 -1 7 
-2 1 4 9 -1 -3 -3 -9 
8 1 20 8 -4 0 1 -1 
-7 -19 1 -1 3 0 -3 3 
-1 0 -35 -33 -4 -2 0 0 
11 2 6 21 0 -3 -1 1 
-18 0 -8 -2 -4 -5 -4 3 
-3 -9 -6 -13 3 0 3 25 
12 3 19 17 2 0 4 10 
-14 -6 -37 -2 -1 -4 -3 -2 
-3 3 -26 -14 5 2 2 7 
11 -2 8 -19 -6 -4 -4 -10 
-27 -3 8 16 7 -2 -1 -17 
1 2 8 5 -2 -1 0 0 
-6 -6 -2 1 -3 -2 -1 -2 
-4 -2 4 11 -4 -2 -2 -10 
8 8 4 -26 -5 2 -1 3 
-2 -6 6 11 1 1 0 -11 
-5 4 -18 -39 -5 -3 -2 3 
-6 -2 -5 -7 0 1 -3 -7 
-6 0 17 18 0 -2 -2 -15 
8 5 -6 1 1 0 -2 12 
1 -2 1 -6 -4 -2 1 -1 
-24 2 6 -7 -2 0 -1 -8 
15 -2 -1 -7 -2 0 4 7 
4 -2 0 -12 3 -1 -7 -2 
-9 -2 3 23 -3 -3 -2 -2 
15 1 5 -14 -2 -2 3 -2 
9 0 -25 -2 -2 1 -2 -15 
-16 -5 13 -18 -4 -3 7 7 
-24 -9 -11 0 -3 -3 -10 -2 
19 6 -3 3 -1 -6 -3 10 
4 -6 -4 10 -1 1 2 7 
6 2 -1 -3 1 2 -2 -4 
7 1 -6 -6 -1 -1 1 1 
-17 -1 6 25 6 1 2 -8 
-10 -16 -2 -24 -3 -2 -4 -1 
3 1 6 8 1 -1 -1 -5 
-11 6 9 -4 0 -1 0 -1 
6 5 -2 7 -1 -2 -2 5 
11 -1 4 -1 -2 -2 3 5 
-6 -8 -10 -14 -5 -1 -2 -10 
-4 -5 -3 1 -2 -3 -2 -5 
-6 -5 -12 -12 -3 -1 -2 -5 
-8 -2 2 1 1 -1 -2 -3 
5 3 11 2 -1 -3 -2 1 
3 3 0 7 -1 0 0 -3 
3 -1 -3 -3 -2 1 1 -1 
-11 0 3 2 -2 -1 -6 0 
1 6 -6 29 3 0 -1 -5 
8 -9 25 -30 -5 -1 3 0 
-6 -1 -29 -23 -11 -7 -2 -1 
2 1 -11 2 -1 -2 -2 5 
-7 -4 2 6 1 -2 1 -12 
9 3 10 7 2 -1 -8 6 
-1 0 17 19 0 0 1 -1 
0 -4 -5 -7 -4 -1 -1 -1 
-8 0 -1 -3 -3 0 2 1 
4 -4 -1 4 -1 -1 -6 -3 
-4 5 -9 7 2 2 -1 3 
3 4 -11 -23 -4 -3 -1 -4 
-1 -9 -23 -19 -2 1 -1 9 
10 8 5 -4 -5 -3 2 -9 
-17 -10 -13 9 1 -1 -2 -3 
-6 -12 -8 5 -3 -3 -3 -7 
4 1 10 -2 0 0 -3 -2 
-7 5 -6 0 3 2 1 1 
2 5 16 3 -1 0 -1 -2 
-1 4 1 -2 -2 -3 -2 -2 
5 0 -4 -9 -5 -4 -4 3 
-7 -1 -7 3 2 1 0 -16 
-8 -1 12 -4 0 0 1 -6 
-2 -1 -8 5 3 2 1 -5 
0 -8 -33 -30 -7 -7 -5 -4 
3 -5 -5 -1 -6 -4 -1 1 
-7 -6 23 18 0 -3 -1 2 
-7 -3 9 -4 4 2 -2 0 
-2 7 20 20 3 2 2 2 
2 1 -11 -11 -1 1 2 0 
8 -4 -9 -14 -3 0 -11 -3 
2 1 10 15 -2 -3 -3 -2 
-9 -3 3 -3 0 -2 -3 -4 
4 -1 -2 0 -1 -4 0 5 
-14 -3 -5 -6 -2 1 0 -2 
0 3 11 32 2 -1 0 0 
-6 -9 -22 -49 -6 1 0 -4 
-1 -1 -4 19 0 -4 -1 -1 
3 -4 14 -13 -4 -3 -1 0 
-1 -3 -9 3 -4 -1 -4 -3 
-3 1 10 3 0 0 -1 -2 
-3 1 11 13 -1 0 -1 2 
3 3 -14 -5 0 -2 -2 -1 
-1 4 3 -7 -3 0 -1 2 
9 3 6 19 2 0 -3 -8 
-8 -6 11 8 -3 -1 2 3 
-4 -7 -27 -22 -4 0 -4 -9 
4 2 -5 -14 0 -1 0 6 
-9 -14 5 5 -3 -4 -3 -1 
1 5 8 15 -1 -1 -4 -4 
-3 2 -1 -14 -2 0 3 0 
2 -6 -7 0 1 -1 2 7 
-8 -4 8 12 4 2 2 1 
7 -5 -10 -17 -4 -1 -2 -1 
10 0 -2 13 1 -1 -1 9 
-1 1 -2 -14 -2 -2 -4 -16 
3 3 3 14 -2 -2 1 10 
-7 -5 -13 -11 -1 0 -3 -1 
0 5 -6 -11 -2 -3 1 -8 
1 -6 6 5 0 2 -1 4 
-10 -4 -9 -9 -2 -2 -2 -3 
-1 1 5 10 -1 0 -2 -7 
-1 -2 1 3 -4 -4 -1 2 
0 2 4 5 -1 -1 1 2 
2 2 8 1 0 1 0 1 
-5 0 6 -8 -1 -3 -1 -1 
-13 0 -15 -1 0 -2 4 -9 
6 -3 2 -9 -4 0 -6 3 
-2 -7 -11 -18 -4 -2 -4 7 
0 -2 0 5 0 0 -1 -13 
2 3 15 17 3 1 2 -1 
-6 -1 8 11 1 1 2 0 
0 -2 -23 -32 -12 -4 -5 -6 
-1 0 -6 -5 0 -1 -2 8 
5 0 10 2 5 6 3 5 
0 -3 -10 -2 -2 -2 -1 -3 
-1 -1 10 10 1 0 -1 1 
-4 -1 -2 -5 0 -3 -1 -3 
3 -3 -10 -7 -2 -1 -2 2 
-1 3 7 2 -5 -6 -1 -2 
1 -3 -1 26 6 5 -7 2 
-12 -13 -33 -57 -9 -3 -1 -13 
4 -5 1 3 0 -4 -2 2 
-12 -8 -6 1 -1 -3 0 -2 
5 7 17 11 -1 -4 2 6 
-1 1 1 13 2 1 -2 -9 
7 1 5 5 0 -1 -4 -2 
2 0 -8 -12 1 0 2 3 
-8 -13 10 7 1 -1 -2 -11 
-2 5 -1 -6 0 0 -1 6 
-3 -8 1 -3 -3 -2 -2 2 
-1 3 -2 3 0 -3 -3 -4 
6 3 -1 -2 -1 -2 1 2 
1 -1 2 6 1 -1 2 5 
-3 0 8 7 -1 -1 -4 -3 
-4 -1 -8 -3 -2 0 -2 -1 
0 -1 -4 -2 -2 1 1 0 
-2 -4 5 10 1 -1 2 -3 
-7 4 -21 -2 1 0 -6 3 
-1 -1 -7 -23 -8 -4 -6 -20 
-14 -9 -25 0 -4 -4 -2 -6 
-3 -4 13 6 1 -3 0 6 
4 3 3 6 6 3 1 -2 
-1 1 2 1 2 2 2 5 
-1 4 7 -1 0 -1 1 -3 
0 -1 -5 5 -3 -1 -3 -1 
-4 -2 -5 -12 -4 -3 -1 -2 
0 -1 3 3 -1 -3 -4 -5 
2 0 -1 -4 0 -1 0 -4 
-1 -3 -4 1 0 -3 -3 5 
0 -5 -4 -22 -1 -2 0 -6 
0 3 -6 12 -1 -2 -3 3 
-1 5 13 -7 -5 -2 0 -2 
-2 0 -26 -20 -4 -4 -4 -11 
-2 -2 6 -1 -6 -3 0 3 
8 -12 -9 1 -3 -1 0 0 
-3 -2 6 3 1 0 0 2 
-2 1 15 3 1 0 -1 1 
-1 -3 3 8 -1 0 0 -3 
-3 0 -2 4 4 -2 0 0 
3 0 -7 -4 -5 -1 -2 1 
-4 -4 1 3 -2 0 -3 3 
1 0 1 -10 1 -3 -2 -3 
-1 2 11 1 2 2 1 5 
-1 -5 -24 -22 -5 -6 -2 -4 
-2 0 12 12 0 -2 -1 -4 
0 3 -23 -10 -2 1 2 3 
3 9 17 2 4 1 -1 0 
5 -9 -13 -5 -4 -5 -3 -2 
-13 -9 -10 -2 -3 -1 0 -1 
-2 -1 17 14 -1 -3 -2 -9 
-3 -5 -21 -14 -3 1 0 1 
2 3 -15 -3 2 1 -1 -4 
7 12 5 -2 1 1 -1 3 
-1 1 0 5 -3 -2 -1 -1 
-5 -4 -11 -3 -1 2 3 -5 
-6 1 15 17 1 -1 -2 -1 
9 -2 9 1 1 -2 0 2 
-1 -2 -22 -23 -4 -4 -4 1 
0 1 7 7 0 -1 -1 -1 
-5 2 3 -12 2 -2 -1 -2 
-2 -5 2 10 -4 -2 -1 -6 
2 1 9 10 1 1 1 0 
-1 -2 -20 -12 -4 -2 0 -7 
-4 -1 16 14 -2 -1 0 1 
2 -1 -29 -22 -3 -2 0 13 
-1 -2 0 1 0 1 -2 -16 
-1 0 20 -2 -7 -4 -3 1 
-2 -2 -18 -2 0 0 1 1 
-2 0 10 10 1 -1 1 0 
-1 -2 -15 -11 -2 0 -1 4 
1 -3 7 -1 -1 -1 1 8 
-4 3 3 2 -1 -1 -4 -9 
1 -5 -16 -5 -2 -2 3 4 
-6 2 16 15 0 -3 -9 -7 
-3 -7 -2 -17 -3 -3 -2 -1 
7 1 3 -2 -6 -4 2 5 
-3 -2 -1 -5 3 1 0 -4 
-6 -1 5 10 -2 -1 0 3 
6 1 -8 10 5 -1 -3 0 
-1 -1 2 -12 -2 1 -2 -3 
0 -2 9 3 1 -2 -4 1 
-2 -1 5 -9 -3 -2 -2 -8 
-1 -2 -1 4 -2 -1 0 8 
0 0 -2 5 0 0 2 -6 
-1 2 -12 -6 2 3 -2 -8 
-3 -7 4 7 -1 -2 1 10 
-3 -1 -11 -3 -2 1 -1 -4 
0 3 0 3 1 0 -2 2 
-4 -2 -18 -9 -5 -2 -3 -5 
0 -3 -5 2 -1 -2 4 0 
-2 -1 2 -2 1 0 -4 -1 
1 -2 11 5 3 0 -3 -1 
-2 -1 -3 -10 -4 -2 -1 -12 
2 -3 -9 -9 0 -2 -1 3 
-4 -2 11 13 -2 0 -1 -3 
-6 -3 -9 -5 0 -2 -1 -2 
-1 -4 2 12 -4 1 1 0 
3 -1 -5 -17 5 -1 -1 8 
-6 -3 1 -9 -2 -2 -2 -18 
-2 6 10 9 4 1 -4 -2 
-1 1 3 -3 -1 -2 -2 2 
1 -1 -8 10 -2 -2 -2 -1 
-1 -3 8 1 -2 -1 3 11 
-3 -2 -16 -10 -1 -3 -5 -12 
-4 -2 1 5 -4 -2 -1 1 
-2 -2 -3 -7 -2 -2 -2 -1 
-1 0 -7 0 -2 0 -1 1 
1 -3 6 -2 -2 -1 2 10 
3 5 5 7 -1 -2 0 3 
-5 1 -3 -12 -6 -1 -8 -10 
-4 -4 6 18 2 -1 0 -1 
-2 -2 -17 -21 -7 -3 -2 -1 
-1 -4 -3 -4 2 -3 0 -4 
1 1 7 -4 -2 -1 1 5 
-2 -3 -9 5 2 0 -1 -3 
-1 -2 6 11 -5 -1 -2 2 
