#EMG
#1
#ID:1-11
0 34 2 6 -2 -2 -6 -1 
-3 -2 -11 10 0 0 -1 -4 
4 6 25 2 -1 0 -2 7 
-3 -5 6 7 -3 0 5 0 
-4 -9 -23 -15 2 1 0 2 
0 -12 5 11 0 -4 -11 -3 
0 4 -2 -6 -3 -1 0 -2 
-1 5 -6 0 -4 -2 1 0 
0 -9 6 -5 -4 0 -3 1 
-3 -1 5 -2 -1 -2 1 -5 
-3 -12 -25 12 -2 1 -2 1 
-4 0 3 -18 -4 -2 2 -3 
3 5 2 11 -1 0 0 -3 
1 6 2 -6 0 -1 2 -2 
-6 -11 -6 -7 -4 -3 -4 7 
0 -6 1 2 1 -2 -3 -4 
-1 -2 5 5 -4 -4 0 -4 
-3 -7 -10 -4 -3 -5 -9 -1 
1 4 8 -5 0 -3 0 1 
-1 3 19 30 -1 0 5 -2 
0 -11 -26 -33 -3 0 0 -2 
-2 1 9 12 0 0 0 2 
2 -3 -15 -17 -8 -4 -2 -4 
-4 4 18 21 2 0 0 2 
1 -4 -5 5 -1 -1 -4 -1 
-4 -4 -11 -24 -2 0 3 -3 
3 8 4 -7 -3 -3 -4 -2 
3 -4 -7 -3 -2 -2 3 1 
-6 -9 6 21 -2 -3 -3 0 
-1 -11 -14 0 -1 3 0 9 
1 10 3 -12 -2 -3 -3 -3 
-1 0 5 -1 4 2 -2 -4 
-4 -4 6 -19 -7 -2 -4 1 
-2 4 -20 6 1 -3 2 -7 
3 -8 0 -3 0 2 -2 -1 
-2 -5 5 1 -1 0 3 -1 
-2 -18 13 -3 -7 -5 -7 0 
0 5 9 22 2 1 4 -1 
-3 7 -9 -11 1 0 3 -12 
-3 -3 -36 -29 -2 -5 -4 0 
0 0 6 11 3 -1 3 -1 
-2 -4 -2 -8 0 -3 -7 2 
2 1 7 10 0 -4 -6 -2 
-3 -6 3 7 -1 2 0 0 
0 23 2 -22 2 1 5 -1 
-3 -10 -6 -6 -5 -2 -10 -3 
-1 3 -1 8 1 0 -2 3 
-6 2 5 1 -1 -6 -5 -8 
0 -5 -10 13 -1 0 1 -7 
-4 4 1 -13 -6 -1 3 -3 
-3 -7 -7 6 3 1 -5 -2 
1 1 1 22 2 -1 -2 6 
-1 -4 -6 -38 -12 -1 -2 0 
1 2 1 3 4 2 0 -2 
-1 -3 -6 -20 -1 -5 -5 -7 
1 -1 3 11 4 2 0 0 
2 4 -1 15 1 -2 -3 -2 
-3 5 6 -3 1 0 2 0 
-1 -5 -12 4 -4 0 -1 -2 
-1 -1 9 -18 -3 0 -1 1 
3 8 -8 5 0 -1 2 -5 
1 -3 18 -4 -2 -2 -1 9 
-3 -3 -19 8 -2 0 1 -2 
0 -3 13 -4 2 -1 -5 -2 
-3 -13 -5 -8 -2 -2 -4 7 
0 -8 2 11 -1 -2 -3 -1 
-1 5 -2 0 0 -2 3 -1 
2 -1 15 -8 0 0 4 3 
0 1 -6 11 -4 0 -2 -1 
-2 -25 -2 -6 2 1 0 -4 
-2 5 6 1 -7 -4 -4 4 
-1 8 4 -2 2 0 1 -2 
-4 4 -1 18 -2 -1 5 -1 
-5 -17 0 -7 -3 -3 -3 -3 
1 -3 9 -1 -5 0 -1 1 
4 -1 -5 -6 -1 -2 1 -1 
-4 -6 -29 -6 -3 -4 -4 -7 
-3 14 0 -6 1 -2 -1 -3 
0 -2 6 12 4 1 2 1 
-3 -1 -22 -21 -4 -6 -6 -1 
-4 -27 7 -6 -4 -1 2 -3 
6 11 0 6 -1 -1 -1 6 
-5 -7 0 3 4 0 1 4 
0 6 -19 -2 -4 -2 -3 -2 
-3 -40 12 5 1 0 0 -2 
-7 6 -6 -5 -1 -1 -3 -3 
0 -2 8 -4 -1 0 8 -11 
-2 -2 -14 3 -1 -3 -8 -3 
-1 -2 -6 -13 -4 -3 -4 7 
-1 5 5 1 -1 -1 0 -8 
0 17 0 3 0 2 -4 -1 
-2 -11 9 12 -2 -3 2 -2 
-3 19 19 -9 0 2 -2 -1 
2 5 4 21 5 2 1 -2 
-2 -24 -15 -32 -5 -6 -2 -3 
-1 5 -14 -24 3 -2 0 -2 
2 17 6 14 -1 -2 -4 3 
2 4 3 12 -1 -1 3 -3 
-6 -5 -4 -1 -2 -1 -5 -5 
-4 -5 6 -6 3 3 -3 5 
-1 -5 -3 5 -2 -2 0 -1 
4 1 -1 -13 0 1 4 1 
1 -9 13 8 -2 -4 -11 -10 
-1 38 -7 1 0 -3 2 -6 
0 14 -3 -3 -2 -1 1 -4 
-1 -8 1 -3 -3 -3 -4 3 
-1 0 -8 3 2 4 10 5 
-2 -10 18 1 -3 -2 -7 -2 
-1 -6 12 11 -3 -2 -2 -1 
-2 -4 -29 -26 -4 -2 -2 -3 
-1 -7 3 13 3 2 1 0 
3 9 -8 -3 -2 -2 -2 -1 
-1 -7 -1 10 -4 -3 2 0 
-4 -9 8 5 -1 -1 -3 -2 
1 10 -8 -7 -4 -3 1 2 
-3 -21 -7 2 3 4 1 1 
2 4 -5 -12 -3 3 0 -1 
-1 0 -2 0 2 -2 -1 5 
-2 1 -10 -8 -3 -1 -4 -14 
-3 -8 8 5 -2 -2 3 -4 
1 3 5 1 -1 1 -4 -3 
-1 -9 4 -5 0 -4 -3 -1 
-3 4 -21 -27 -1 1 3 1 
-6 -20 2 9 4 -1 -6 -2 
-4 -2 0 6 -3 -4 -1 -4 
2 4 1 -2 -2 -1 4 2 
3 -1 4 6 0 -3 -9 -6 
-3 -10 -6 -10 -6 1 0 -3 
2 -26 -7 0 -2 -3 -2 -1 
-8 -10 -10 -11 1 -1 0 -6 
3 3 2 6 1 -2 -1 8 
-2 1 -7 -6 -3 -3 9 -6 
-3 11 6 4 -2 0 -9 -1 
1 21 -11 2 -3 -1 -10 -7 
-2 -3 -8 -14 -3 -1 -1 5 
0 -14 -1 -8 0 -3 2 -2 
-4 -3 -4 2 -1 2 5 1 
2 3 9 8 -3 -3 -9 -9 
-5 6 -16 -8 -1 3 6 -5 
0 9 7 -2 -1 2 28 1 
2 -3 -1 -9 -6 -5 -26 4 
0 3 -10 -1 -3 -2 0 2 
5 -4 15 14 2 1 0 5 
-2 18 -8 -5 -4 -1 -4 4 
1 9 -25 -8 -2 -3 18 13 
-3 -9 11 -1 0 0 -5 -15 
-2 3 0 4 0 -2 -7 3 
-5 -42 6 3 -2 -2 -3 1 
2 29 13 -2 -1 1 -3 0 
1 -2 -2 2 -1 0 0 1 
-5 0 15 10 0 -2 1 -9 
4 7 -12 -19 -3 0 -6 4 
1 -18 19 10 -5 -2 -2 -3 
1 -8 -25 -17 -2 2 6 16 
-1 -25 -15 1 -1 -1 -2 -7 
-1 -5 0 -3 2 -3 -11 -4 
-6 -5 8 17 -6 -2 2 -8 
5 28 23 -5 -1 -1 0 -2 
3 7 -8 -11 3 -1 -2 10 
-2 6 -11 2 -7 -2 -7 -5 
-10 -45 -31 -38 -7 -3 -2 -11 
4 7 5 28 7 1 7 8 
-12 -3 55 3 -1 -2 -14 -9 
-6 0 -76 -12 -7 -4 0 -2 
-3 1 39 8 0 2 -3 -10 
0 -7 -29 -19 -3 1 1 1 
13 -15 33 19 1 0 2 15 
-16 0 -5 -5 -6 -4 -6 -22 
3 13 -1 1 6 2 -1 5 
3 -1 14 22 3 1 9 2 
-4 -3 -33 -44 -8 -7 -20 -14 
5 2 43 28 7 3 1 15 
6 5 -28 -9 -5 -4 -1 -4 
-1 -8 17 -9 0 0 2 -11 
1 -9 -25 13 0 0 9 4 
-33 -20 36 21 2 -3 -6 7 
15 19 -5 -41 -3 -1 4 -7 
23 5 -43 -12 -6 -3 -12 8 
-14 19 31 8 -2 -2 8 4 
0 2 0 0 0 3 0 -3 
15 5 24 11 0 0 5 17 
-24 -31 -34 -10 -1 -2 -11 -23 
11 -3 -23 8 -2 -1 2 -1 
22 4 24 -21 -1 1 -1 4 
-25 0 -5 21 3 0 -3 9 
-2 3 2 -7 -2 -1 0 -2 
-3 -4 10 3 -2 -2 3 4 
8 11 0 11 -1 -3 1 7 
-6 -1 -18 -21 -8 -3 -10 -15 
-15 -22 24 19 1 -3 -2 12 
-2 1 -19 -12 2 -1 1 -3 
5 1 -9 -2 0 0 -1 6 
-2 3 -13 2 -5 -3 1 0 
9 7 19 9 -1 -1 3 76 
-13 0 12 -8 -5 -2 -11 -26 
6 -9 -23 -19 -2 -3 3 7 
-5 0 -9 14 -1 -3 -3 6 
-13 6 30 -2 1 2 9 5 
13 -13 -15 16 -1 -3 -10 -30 
-3 8 -17 -17 5 -1 -3 1 
-14 -22 11 9 -2 -2 2 19 
8 7 -18 -22 -1 -4 -6 -40 
-3 20 6 19 -4 -1 0 16 
5 18 29 -9 -3 0 -4 -17 
-6 5 -19 5 -3 1 4 10 
-1 -17 0 -5 -1 -4 -2 -8 
-20 -13 6 18 -1 -2 3 8 
15 3 9 -11 2 -3 -12 1 
-20 -17 -38 -34 -6 -3 2 42 
11 21 3 18 -4 -4 -5 -60 
-4 5 4 -13 -5 1 1 3 
-7 -10 -8 6 4 -2 -5 22 
13 -3 20 4 -2 -1 -7 -18 
-13 -7 -13 -5 0 2 6 -40 
6 8 -39 -6 1 -2 -4 11 
-3 -1 16 11 -2 1 11 -17 
7 13 25 31 -4 0 -6 -24 
-6 -19 -31 -30 3 0 0 32 
-3 3 -6 -5 2 2 4 -5 
0 -3 16 20 -4 1 0 3 
3 -24 -10 -18 -4 -2 3 11 
-1 17 4 14 -5 -2 -8 1 
9 -8 -28 -15 -4 0 0 5 
-14 -31 -7 -5 -1 -3 -3 -23 
-2 -13 33 39 7 2 0 -9 
-5 10 9 -32 -3 1 0 -1 
-3 -16 -38 -20 -2 -4 -1 -1 
5 15 6 14 -2 -1 -2 13 
-2 2 -4 -14 -4 0 -1 -23 
2 -3 17 15 3 0 -2 10 
11 6 10 0 -5 -3 0 11 
-11 4 -7 -6 -7 -5 -1 -2 
-4 3 31 22 5 6 2 -8 
2 11 -46 -18 -3 -4 -1 -1 
2 23 15 51 1 1 -8 -7 
3 10 -12 -54 -4 -2 -4 -2 
2 -2 -25 -60 -5 2 1 -8 
1 1 21 -3 -7 -3 -5 13 
-1 1 28 16 0 -2 4 -1 
12 -17 -60 -32 -8 -4 -5 -10 
-5 -5 18 37 3 -3 -2 4 
0 -6 12 10 7 1 -1 -3 
-8 -5 -3 -17 1 2 0 3 
11 1 0 34 -5 -4 -2 3 
-23 -11 -7 -38 -1 0 -1 -20 
17 -3 -5 33 0 -6 -6 13 
-5 -7 20 -34 -4 0 2 -9 
2 14 8 32 -1 -1 -1 2 
-7 6 -16 -38 -10 -6 -8 2 
-19 -19 -20 -2 -3 -1 -2 0 
2 8 2 5 5 0 1 -5 
0 -6 2 -32 -2 2 1 -1 
12 11 -7 25 -2 -3 3 15 
5 -2 21 -1 -2 -1 -2 -14 
0 -11 -12 -8 -2 -1 3 6 
-1 17 6 5 2 0 -6 2 
2 -19 22 25 7 0 8 -5 
9 5 -51 -32 -6 0 2 14 
-1 -4 13 17 3 -2 -13 -15 
11 -11 41 21 8 6 7 4 
-22 6 -40 -20 -9 -6 -2 -21 
-14 -1 11 13 -2 -2 11 -7 
4 1 -2 -14 -7 -3 -11 5 
3 -46 -2 1 1 -1 6 -36 
11 18 16 4 -2 -3 -18 -8 
-19 0 2 8 4 2 5 -4 
-3 -5 -8 -10 2 -1 2 -44 
-15 15 11 6 -4 -4 -1 8 
-15 -15 -30 3 -1 -1 2 -5 
-5 -7 9 -33 -2 -2 -10 -11 
3 -3 2 4 -3 0 10 15 
-21 14 -39 2 0 0 -5 3 
34 1 13 10 -3 -2 -1 3 
7 -21 39 15 2 1 1 -35 
-17 4 -22 -5 1 1 -1 7 
7 -34 -21 -6 -4 -6 -3 1 
13 33 13 -1 -2 1 8 24 
-8 -12 -27 -17 -7 -5 -12 3 
10 4 20 8 0 0 4 -3 
-11 3 27 26 3 2 0 3 
-1 -30 -25 -16 -5 -2 -5 5 
-10 -5 8 11 4 1 0 -3 
-13 -15 -14 -3 -5 -7 -2 2 
10 31 3 -5 -6 -1 -1 -14 
-11 5 3 17 3 1 4 -18 
-1 4 31 0 -7 0 1 14 
3 -16 -18 -17 0 1 -2 13 
-3 12 -7 13 0 -1 -7 13 
-8 -15 39 11 6 0 -1 -3 
8 35 -33 8 -1 -1 -6 -10 
0 20 26 -14 1 0 6 9 
-11 -22 -6 11 1 -2 -11 -2 
-7 2 23 -14 -3 -4 -1 -11 
1 -20 -14 -1 -10 -3 -4 3 
2 17 5 -4 6 6 4 -43 
7 1 -32 35 -3 -4 1 -1 
-5 32 10 -28 -3 -4 -7 14 
12 -6 -12 4 11 1 2 7 
-33 -13 -14 -6 -7 2 1 7 
-3 2 22 1 -3 -10 -3 -16 
16 6 -23 8 1 9 6 11 
13 42 9 50 0 -6 -4 5 
8 -34 27 -51 6 4 -2 8 
-22 7 19 -24 -6 -3 1 13 
-5 -16 -17 6 -5 -3 -1 6 
2 13 22 -25 3 0 -1 6 
17 -1 -5 52 6 -4 -4 4 
0 -33 -42 -48 -10 -1 4 0 
6 33 8 -2 0 2 9 9 
-13 3 4 17 -4 -3 -20 -24 
5 5 -5 -1 1 -1 1 -3 
-13 5 10 -23 1 1 2 -18 
3 3 -3 -16 -2 -4 -7 8 
-5 -31 -60 11 5 1 5 -1 
-1 0 -15 -19 -11 -2 2 11 
6 12 14 -2 0 -1 -7 6 
-3 -27 -13 31 -2 -3 -3 -11 
-5 0 13 -2 -5 3 3 4 
3 16 14 6 8 2 -5 3 
-3 -5 -8 -27 -16 -3 0 -6 
11 24 -7 -9 2 -4 -5 0 
-10 -4 12 -20 -6 -2 3 0 
0 -4 -1 46 -5 -5 -4 2 
-4 0 -2 -43 -7 -1 -3 2 
5 -5 -11 27 0 -1 -8 19 
-1 8 10 16 6 0 3 22 
8 -1 16 -16 -7 -4 -6 -12 
-19 -7 19 11 5 -3 -4 -19 
6 -49 -13 -11 -3 -1 -2 -5 
2 2 -13 -35 6 2 1 7 
-4 -1 -14 14 1 -1 2 6 
-1 0 17 25 1 -3 -2 -7 
-3 4 -26 -11 -5 1 2 -10 
0 -3 18 -11 -4 -4 1 4 
0 -3 -7 4 4 -1 -1 8 
6 -7 -21 -1 3 3 -3 7 
-13 -12 3 -7 -5 -3 1 -7 
5 25 13 4 -3 1 -1 6 
-13 3 5 25 -8 -7 -4 -49 
7 -11 -14 -39 -2 6 5 10 
-4 1 -17 -9 7 2 -3 -11 
-2 -16 26 3 -4 -3 -2 -5 
16 7 -18 -8 2 2 -1 17 
-1 23 23 51 5 0 2 10 
0 1 3 -13 -6 -3 0 5 
0 -19 -18 -5 -3 -2 -3 2 
0 6 0 -2 4 -2 -3 -2 
1 0 -8 17 -2 -2 -4 -2 
-5 33 20 8 -3 0 2 -1 
-9 -15 -50 -30 -7 -2 -9 -3 
-4 -1 11 1 -3 -1 1 4 
9 3 -15 -15 -3 -1 -2 0 
5 -5 16 20 -3 -2 -2 -3 
-4 -10 2 24 6 0 -2 -7 
0 -4 13 -34 -2 -3 1 4 
3 -4 -4 7 -3 -1 -1 -3 
-1 -18 -26 28 3 -1 -2 -7 
-8 11 -14 -52 8 7 5 -3 
-6 -10 -22 18 -2 -2 -2 9 
3 8 4 10 2 0 -2 11 
-7 1 22 -10 -10 -2 -3 5 
-2 -6 2 -17 -8 -6 -3 -4 
-3 14 -1 0 0 0 1 6 
-3 -15 6 2 6 -1 -1 0 
-2 -5 -25 -16 -6 -2 -1 -4 
-1 -8 15 22 9 -1 0 3 
-1 -18 -3 -18 -1 2 -3 -8 
-1 5 3 -19 -7 -4 -2 -5 
-6 -4 7 9 1 -2 -3 15 
-3 -2 12 6 0 -4 0 -2 
-2 17 5 9 5 3 0 6 
5 13 -10 23 0 1 -1 0 
-4 -9 0 -21 2 2 1 -4 
1 0 -6 18 -6 -7 -3 -6 
-2 -9 -15 -14 -4 -2 -2 2 
-3 -13 2 -12 -4 3 1 -23 
-3 13 4 18 4 -1 -2 -3 
1 -5 -25 -25 -10 -2 0 -4 
1 0 20 12 2 -2 -3 -7 
-4 1 8 3 -1 -1 -1 1 
1 -5 -38 6 -1 -2 -3 -8 
0 6 28 11 1 2 -1 -9 
1 1 -15 -10 2 2 2 11 
10 15 33 -4 -6 -2 -3 -6 
-7 -22 -21 1 4 1 2 -10 
-2 0 -2 22 -2 0 -1 -28 
-4 0 7 -35 -8 -4 -2 -9 
-1 -2 3 30 1 -3 0 6 
2 -12 -7 -9 2 0 0 -9 
2 5 -5 0 1 -1 -1 3 
-4 -16 3 3 -4 -4 -3 -24 
-4 10 9 14 4 0 -2 1 
6 45 -12 -12 -11 -8 -1 7 
1 6 11 3 -3 -2 -1 -2 
0 -9 -24 -7 -2 0 -2 -2 
-4 -14 -21 -16 -6 -2 -1 14 
-1 -2 26 13 -1 -2 -2 -5 
2 3 -6 13 -1 -3 -2 11 
1 3 -28 -28 6 7 2 5 
-10 -2 6 -6 -1 0 -1 -9 
-1 -4 20 5 1 4 0 12 
-7 -21 -18 -7 -4 -3 -4 -5 
-3 5 8 20 1 -5 -1 5 
-1 -8 -11 -12 1 0 -1 -4 
2 -5 2 -7 -5 1 0 18 
5 10 7 11 1 0 -1 -1 
4 4 8 9 3 -1 -3 38 
-2 -15 -23 -12 -5 2 1 -1 
-6 -4 -2 -24 -5 -4 -3 0 
-4 -1 21 12 1 1 -4 4 
0 3 -9 -8 -1 -3 0 2 
-1 -1 -1 -12 -4 -5 -4 -3 
1 -13 7 2 2 0 -1 -10 
-2 -6 17 37 -2 1 1 2 
-4 -18 -18 -80 -15 -2 -1 -2 
1 0 -5 12 0 -1 1 0 
11 4 3 -8 -1 -1 -3 -10 
-14 1 -10 -19 -4 -2 1 6 
0 -6 19 52 4 0 -2 6 
1 -11 -17 -22 -4 -1 -1 20 
-6 -6 2 -3 -4 -3 -3 -10 
2 3 -1 -20 -5 -1 -1 0 
-3 -14 13 -4 3 -2 -1 -8 
-1 2 -27 -4 -2 0 1 12 
-10 -11 -9 2 5 0 -3 -50 
6 -2 1 1 -5 -2 0 8 
-2 11 3 26 6 2 -1 -7 
8 31 -13 -28 -7 0 -3 -6 
-6 3 2 0 1 1 1 11 
5 2 -8 -1 -2 -1 1 -5 
-3 -2 8 4 -4 -4 -3 -13 
1 -11 11 28 2 -1 -2 -8 
-1 4 1 7 0 0 0 0 
-4 -9 -22 -31 -1 -1 -3 -6 
7 24 20 -1 4 1 0 1 
-14 -35 -36 -11 2 0 -1 -2 
-3 -9 4 2 -2 -5 -1 -42 
-9 -9 14 4 0 1 -1 1 
1 0 0 4 -1 -1 -4 -1 
3 6 10 3 -6 -2 -1 -7 
2 10 20 38 4 -1 -1 16 
1 -3 0 -26 -4 -5 -3 -2 
-7 0 -41 -9 -6 -3 -2 13 
-5 3 18 -47 -12 -4 -1 -12 
4 4 -15 -6 -7 -1 0 19 
-5 -18 20 19 6 3 0 0 
-4 -30 -1 2 -2 -3 0 5 
3 15 12 11 -3 -2 -2 0 
-1 10 -5 4 -3 -1 -3 5 
2 28 -18 -37 -3 2 -1 4 
-5 -16 -8 -2 -1 -4 1 -11 
-7 -14 -12 15 -2 -2 -1 0 
5 10 8 -5 1 -2 -1 1 
-2 -2 13 47 4 -1 1 4 
-1 -10 -7 -55 -4 2 2 -1 
0 6 0 22 3 -2 -2 -5 
1 -2 -7 -35 -5 1 0 14 
-14 -16 -1 24 -3 -4 -4 -11 
-3 4 -19 -9 -2 -2 -1 -3 
-1 8 14 25 -1 -2 -1 -15 
-2 -8 -9 -37 -3 1 -2 -5 
2 13 5 -11 2 2 3 -8 
-1 14 -1 29 1 -3 -1 -11 
0 2 6 7 -5 -2 -1 21 
-3 -2 -54 -21 -2 -2 -3 -3 
4 12 16 0 -5 -3 1 -11 
-2 5 4 9 1 1 -1 9 
-4 -12 7 -8 -7 -5 -3 -35 
-4 13 15 17 3 0 0 3 
4 -16 -20 -7 -2 -4 -5 6 
-3 15 1 -10 5 2 -2 -4 
1 -9 -10 -1 -4 -4 0 2 
-8 -10 24 21 3 0 -1 2 
-1 -21 -34 -11 -6 -5 -2 0 
5 46 35 22 -1 -1 -1 -9 
2 2 -21 0 -3 -2 -3 3 
-12 -6 -4 -12 0 2 0 3 
3 8 1 20 0 -3 1 6 
-2 -24 -12 -14 -2 -2 -1 -6 
0 -7 19 35 4 1 -2 6 
3 1 13 -31 -4 3 0 4 
0 -5 -25 -3 -3 -2 -4 4 
-3 -9 11 26 3 0 0 -3 
-4 -7 -4 -18 0 0 -3 10 
0 -16 -5 15 3 -2 2 3 
0 7 12 -1 -3 1 1 9 
0 -9 -4 -1 -3 -3 -3 -15 
-8 -1 -4 6 0 2 2 5 
2 2 -13 -42 1 -2 -4 0 
-1 -3 4 -2 2 -4 -4 -5 
1 -1 4 14 0 0 1 8 
-4 -6 -14 -11 -5 -2 -2 0 
-2 13 5 23 0 -2 -1 -5 
1 -10 6 9 0 -1 1 0 
1 17 2 -23 1 2 1 -3 
-4 7 -8 -24 -4 -6 -4 -8 
1 -3 4 16 2 1 -2 -4 
-6 -4 -3 -29 2 1 -1 -2 
1 -2 5 24 1 -1 -1 25 
0 -3 2 15 -6 -3 -1 18 
-1 -8 2 -20 -2 3 2 -19 
-3 6 -19 2 5 3 1 -13 
0 -7 4 -12 3 -2 0 -5 
-3 -45 6 6 1 2 -1 -8 
3 -18 8 12 -2 0 1 6 
1 19 14 30 5 -1 -1 10 
-2 9 -16 -5 -8 -2 -2 -13 
-3 0 -9 -23 0 4 1 0 
-3 -9 -1 43 1 -8 -5 4 
-2 -9 16 -10 -2 -1 -2 -39 
1 -8 -22 -17 -8 -4 -3 3 
-3 8 17 4 -1 -2 -2 -5 
0 1 -8 5 -6 -2 -1 -1 
1 14 5 2 0 -1 -2 8 
-7 -13 -1 -20 -4 -4 -2 25 
3 17 13 35 3 1 1 -2 
0 -16 -4 -34 -5 -3 0 5 
3 -5 3 6 -5 -4 -3 10 
-6 0 -11 -4 7 2 2 2 
0 -3 -9 -10 -7 -2 -2 -3 
0 -26 2 34 6 1 1 3 
-1 6 -1 -35 -4 2 1 5 
0 -2 24 37 4 -2 -4 -14 
-2 9 -8 -31 -8 -2 0 0 
-2 -26 -29 9 0 -2 -2 -5 
2 7 4 -16 -1 2 3 29 
-1 2 10 14 0 -2 -1 -12 
0 -12 8 -8 -2 -1 -1 0 
1 18 -13 -1 -1 -5 -1 2 
-4 -17 -10 -27 -3 -1 -3 10 
1 -3 -10 19 1 -1 -1 0 
-3 6 -4 -26 -5 -4 -2 -2 
-1 13 9 -28 1 0 0 -9 
2 7 -14 17 -4 -2 -1 -9 
-3 -7 3 -31 -2 2 0 -10 
0 -25 3 11 0 0 -2 -1 
-6 1 5 26 6 3 -1 8 
-12 -10 8 -37 -8 -5 -4 -13 
-1 -3 -15 9 -1 -1 -1 -3 
-1 -4 -10 15 3 0 1 -1 
-2 7 2 -17 -4 -1 -1 -5 
-1 -33 10 20 1 0 -2 -6 
-3 3 2 -10 -1 -3 -1 -11 
2 5 -6 0 -1 0 -1 2 
-1 5 8 1 -2 -6 -2 4 
-1 -8 -23 -7 2 2 2 -2 
-2 7 9 28 4 0 -1 11 
-1 5 -10 -20 -9 -1 -2 -7 
-2 1 -19 -10 -6 -4 -1 0 
0 -3 6 -7 7 2 -4 -4 
-6 -6 -5 7 -2 -2 -3 -52 
-2 6 15 -24 -1 0 5 9 
2 7 -4 11 -4 -4 -4 -3 
-5 5 -12 15 -5 -3 -2 -3 
2 -27 7 -17 -2 -2 -1 5 
-5 1 -4 7 4 1 -2 -14 
0 11 -7 11 1 2 -3 -12 
-3 -3 -6 7 -3 -2 0 -5 
0 -8 2 -23 -3 0 -1 7 
7 6 -2 24 -1 -1 -1 2 
-4 3 3 -16 -4 -4 -2 6 
-2 8 -11 27 -5 -1 -1 0 
-5 -19 -20 -34 5 4 -1 -2 
3 1 -6 0 -2 -2 -2 -2 
1 9 7 10 -1 0 -2 -5 
3 3 11 -8 -5 -3 -2 -1 
-2 -1 -5 -10 -1 -3 0 1 
-4 5 5 -6 -4 1 -1 0 
-2 -5 -1 -6 3 -1 -1 1 
4 -1 -4 -8 -3 -5 -3 -5 
2 0 -19 10 5 -1 -1 5 
-9 -11 -1 41 -2 -1 -1 1 
0 11 1 -49 -11 -4 -3 -9 
-5 -11 16 37 6 1 1 -7 
1 36 -8 -31 -8 -3 -1 6 
-3 2 -13 8 0 0 0 -27 
-4 -21 4 -6 -3 -3 0 -12 
-1 10 -15 -9 5 4 -1 2 
3 -3 21 10 -3 -4 -3 0 
-2 1 -1 -13 -2 0 -2 6 
3 -8 6 26 0 1 -2 9 
0 -3 -3 -26 -1 1 1 -4 
-6 -1 18 16 3 0 -2 2 
-1 -13 -23 -19 -1 -2 -1 1 
5 11 10 9 0 -1 -2 2 
1 9 -9 -4 -4 -3 0 3 
-2 -16 -2 18 -5 -3 -2 1 
-1 -30 7 -4 -8 -6 -1 2 
-7 -4 -3 -42 3 3 3 -3 
-1 -3 -9 -4 -3 -2 -2 5 
1 9 -2 10 -2 0 -4 0 
3 -3 10 -9 -4 -3 -2 -1 
-8 3 -12 1 1 3 1 6 
-1 -1 10 10 4 0 -1 -6 
4 -4 -27 -17 -6 -3 2 3 
-3 6 18 11 1 1 -4 6 
-2 -6 -9 -10 -3 -1 2 7 
1 4 7 -7 -5 -2 -1 -2 
-2 -1 8 6 -1 0 0 -1 
1 -1 -13 -22 2 1 -1 1 
