#EMG
#9
#ID:9-10
2 -5 -1 4 -2 -1 0 1 
1 -4 14 2 -1 0 -2 3 
-2 -19 -10 -6 6 0 -3 -2 
3 31 2 13 -1 2 -1 0 
-1 1 -3 -23 -5 2 2 4 
-3 8 6 5 -2 -3 -2 1 
-2 -3 -11 -2 -1 -1 0 0 
-4 -16 8 10 2 -1 -1 -4 
-1 -8 -1 3 -2 -4 -1 -1 
1 -2 -3 -12 -2 0 -3 -1 
3 9 3 2 -1 -2 2 2 
-4 2 -3 1 -4 -2 2 0 
-9 -17 -4 3 4 2 -4 -7 
-1 -9 0 -14 1 -2 -1 -3 
3 2 4 7 -2 0 0 1 
2 2 -7 -5 -2 -4 0 -2 
-1 -6 -1 0 -1 -1 1 0 
0 13 11 13 0 -1 -2 -3 
-2 -2 -25 -6 -4 0 -3 -6 
0 -34 7 -19 -6 -2 -3 -2 
0 -1 -11 4 1 -1 -2 1 
-2 -8 8 3 -6 -3 -2 0 
-3 -6 15 3 -2 -1 -1 0 
-3 -7 0 10 0 0 0 3 
-1 -3 -17 -16 -2 -3 -2 -6 
4 3 -1 1 -2 -2 -1 -2 
-1 -1 -5 -3 -2 -1 -1 2 
-2 -3 5 14 5 -1 -1 -2 
-1 9 -4 -16 0 5 0 0 
-1 3 0 9 -4 -1 -2 -3 
-7 -2 3 -22 -2 1 0 -10 
-3 8 -14 11 3 2 -2 0 
1 -9 12 11 1 -3 -4 0 
-1 -13 10 -7 -2 -1 0 -1 
0 3 -8 4 2 0 -2 1 
-2 -3 -3 -8 -3 -2 -3 -2 
-2 -21 -9 -2 0 -1 0 1 
0 -6 1 5 0 0 -1 1 
2 -2 4 9 1 -2 1 0 
1 23 5 -9 -8 -6 -2 -2 
3 -3 -1 5 4 4 -2 3 
-5 -7 -3 0 0 2 2 0 
-8 -1 2 -1 -1 -1 -2 0 
1 -3 -4 1 -7 -2 -4 -4 
-1 -7 -3 -6 2 -4 -2 2 
6 4 -8 -20 -3 -3 0 8 
-10 0 -3 1 -2 0 0 -13 
-8 -5 9 7 0 0 -6 1 
15 7 -7 5 -3 -1 0 -1 
-1 18 9 1 0 -1 1 1 
8 20 -18 -6 -3 -4 -2 9 
-4 -1 13 8 -3 -3 0 -5 
-3 13 -3 28 4 3 2 -1 
-8 -27 -7 -41 -9 -4 -1 -9 
8 0 -11 6 5 2 -3 1 
2 -11 9 -16 0 0 -1 -5 
-6 11 -9 2 -4 -3 -4 -7 
4 -14 4 13 -1 0 0 3 
-13 -8 13 3 1 -1 3 -16 
-2 12 7 17 -2 -1 -5 -3 
-17 -14 -22 -52 -3 -3 -2 -5 
-6 -16 -24 -5 -4 -3 -6 -11 
9 21 7 9 2 -3 -1 8 
2 0 7 -23 -2 2 2 -2 
-8 6 21 25 -4 -2 1 -6 
3 -8 -21 -11 -1 1 -6 8 
-1 -12 -21 3 -3 -3 -2 -4 
-7 19 -6 -6 3 1 1 -16 
2 2 13 -1 -1 1 1 -6 
2 3 -2 10 -2 -3 2 10 
-4 -5 33 -13 -6 -3 -9 -15 
-3 -36 -46 6 6 3 4 6 
-10 -5 5 -17 -9 -2 -1 4 
-3 8 0 9 5 4 8 -7 
20 21 22 13 -1 0 -9 9 
30 -8 -2 -9 -1 -2 -2 15 
-18 -3 -4 7 4 -2 -2 -4 
-4 -3 -11 8 -1 -2 0 -1 
-3 -4 5 -4 -3 -1 7 7 
11 -4 -3 -3 -3 0 -6 -2 
17 39 12 34 1 0 -5 11 
-4 10 24 -32 -4 -3 -3 -13 
-2 -18 -20 -1 -1 2 8 1 
-12 1 -17 6 -1 -1 -8 -6 
-15 -18 1 -10 -4 -3 3 7 
5 8 0 17 0 -2 -8 -17 
-1 8 25 8 0 2 3 3 
-16 -10 -28 -20 -6 -6 1 5 
8 -11 -7 0 1 -1 -1 -4 
2 4 0 -2 -3 -1 -1 2 
-5 17 12 -9 -2 -1 -4 -1 
1 13 27 11 -2 -1 1 -3 
3 -7 -11 -9 -3 -4 -3 1 
-1 24 3 2 -1 1 0 11 
-3 -6 3 9 1 -1 -1 -15 
-6 -3 -22 -11 -4 -2 -2 10 
-2 -15 8 5 2 -1 1 -2 
-5 2 -6 3 -2 -1 0 10 
-6 -12 -18 -7 1 -2 -2 1 
6 -7 26 -12 -3 -3 0 -6 
16 3 -26 5 -1 -2 -1 0 
2 -23 2 18 0 -3 0 3 
-11 -7 -20 -26 1 3 -1 -3 
-11 -8 8 13 -5 -3 5 -2 
7 16 10 -1 0 1 -8 12 
8 -1 1 5 -1 -3 -1 -6 
-19 -12 -12 -7 -3 -1 -4 -5 
-7 -16 14 7 4 0 0 -6 
7 21 -6 -18 -3 2 2 1 
-6 6 -15 3 0 -1 0 -9 
7 4 -5 4 -4 -1 -1 14 
1 1 2 -12 1 0 -2 -2 
-11 -7 -3 18 -2 -2 -1 -6 
-2 -11 10 -4 6 2 -1 3 
-6 -8 -28 -12 -7 -5 -2 -7 
1 10 15 7 4 0 -2 1 
13 19 -2 9 -5 0 1 0 
-10 5 -2 -14 -4 -2 -2 2 
5 -10 11 9 -3 -2 -3 -5 
-13 9 -8 7 0 -1 1 1 
0 7 6 -16 -3 1 2 2 
-2 2 2 3 7 2 -6 -9 
12 -1 -25 -4 -6 -5 2 18 
-8 0 -12 9 0 -1 -10 -7 
-4 -20 14 -22 -6 1 3 2 
2 1 18 -6 1 -3 -3 -1 
7 21 -19 0 1 0 -1 7 
-9 1 -8 4 -4 -3 2 -11 
-2 -3 -10 -36 -2 -3 -7 -10 
-3 -6 16 6 -5 -1 6 7 
-3 -14 0 14 1 -4 -10 -6 
4 5 1 -14 -4 -1 3 8 
-5 -6 11 10 0 -2 0 -8 
-3 -12 -6 6 -1 0 -6 -5 
-3 -27 -18 -19 0 1 0 3 
12 0 19 6 -1 -2 0 -2 
-5 -9 -22 -3 -2 -5 0 -3 
2 0 4 5 3 3 -5 2 
-7 8 6 -10 -4 0 -2 -12 
8 -28 -6 -7 -1 -2 0 6 
-17 15 28 5 -1 -1 3 -13 
-2 16 -11 -8 -3 -1 -2 -4 
9 2 5 22 1 -1 -1 1 
28 -2 -6 22 0 -3 -3 8 
-42 -3 -5 -36 -2 -1 -2 -11 
-4 5 -10 -15 -5 -1 -5 -4 
-3 5 35 17 0 0 -1 -2 
5 7 -26 -12 -8 -3 -1 10 
10 2 -16 12 3 -3 -2 5 
-15 -34 -11 24 5 2 5 -11 
6 -12 5 -38 -4 3 -3 0 
-15 -8 15 2 -2 -2 -3 -8 
26 3 -5 3 -4 -2 -10 -3 
-19 -12 -13 16 -1 -6 4 -2 
10 9 0 -13 0 0 6 -2 
-11 -13 -3 8 6 1 -6 -4 
-15 -5 6 -2 0 0 -1 -7 
32 13 -9 -5 -5 -1 4 -1 
-45 -47 -15 16 0 -3 -4 -13 
18 37 -17 -30 -1 3 0 -4 
29 -5 8 14 2 0 -2 21 
-1 -14 3 -8 -1 -2 6 3 
8 12 10 31 0 0 -1 -3 
-10 -3 -36 -75 -10 -4 8 -9 
30 -3 2 10 0 -2 -6 17 
-84 -9 4 3 1 -2 -6 -13 
20 26 -8 3 -2 -4 -9 7 
-18 -11 23 14 0 -1 3 -1 
18 0 -16 1 -1 0 0 13 
-5 10 11 -26 -5 -7 -10 -26 
22 -20 9 2 0 -4 -11 -15 
-10 27 3 11 3 2 4 -4 
-15 -12 -6 -9 -1 1 8 -4 
31 16 11 16 -2 0 4 18 
-25 1 -14 -4 -1 -4 5 3 
-9 -16 33 -20 -2 -1 -16 -40 
-13 -7 -42 7 1 -2 -7 2 
18 -1 -28 2 2 0 -12 4 
16 5 16 4 -3 -5 9 4 
-1 6 2 6 2 2 2 23 
-26 -3 21 21 4 -2 -9 -30 
29 20 6 -28 -7 0 6 -2 
-29 0 -14 24 4 1 7 2 
6 -8 -4 -21 -7 -5 -20 7 
18 28 11 0 0 2 18 8 
5 -13 -17 0 -3 -6 -7 10 
16 5 0 7 -3 1 -11 -15 
-24 3 -16 1 -1 0 14 10 
13 -10 0 3 -4 -2 -7 -34 
-5 -2 15 2 2 2 6 -6 
-9 14 -2 -21 -1 -2 3 35 
7 -11 -4 47 3 -3 -9 -5 
-11 -9 3 -23 -4 0 6 34 
-3 -16 1 -7 -2 1 -6 -11 
-5 -3 -6 -9 1 -1 -5 -5 
17 15 16 20 0 1 -3 3 
-13 -8 2 6 -3 -4 0 -9 
-7 -5 8 26 0 0 -4 20 
8 -6 -19 -48 -7 -1 -4 -36 
-5 7 -8 -1 -4 0 8 0 
-9 -6 -21 -11 -1 2 -4 0 
0 3 0 -14 -9 -4 1 -29 
8 3 15 37 4 1 4 -5 
-2 -17 -1 -45 8 3 2 5 
-14 -17 -4 -11 -8 -9 -10 -19 
5 -6 -8 23 -1 -3 -3 21 
3 -1 11 -39 -6 0 1 2 
-11 5 -3 22 -6 -4 2 -39 
-22 -9 18 -12 2 2 -6 1 
-1 0 -8 -15 5 -4 0 9 
-1 -25 -18 0 8 1 0 -4 
3 2 21 74 2 -6 -2 9 
5 -6 19 -48 -9 -2 -1 -4 
-1 -13 1 23 15 7 -2 -12 
-4 11 26 -15 -10 -4 -1 14 
8 17 -73 -4 -5 -1 -4 1 
9 15 28 80 8 -2 -1 9 
-6 -49 -18 -53 -11 -4 -2 -2 
2 20 -20 28 13 2 -1 4 
-9 -17 -4 -17 -8 -4 -1 2 
1 0 -18 -21 -7 -2 4 -6 
13 25 35 27 1 0 -4 -6 
-27 9 14 6 -4 -4 -1 -7 
-12 -27 -14 8 3 1 -3 -5 
7 -1 0 -27 0 0 2 -2 
8 3 26 35 -3 -2 1 9 
47 4 11 -21 -4 0 -7 1 
-63 4 0 34 6 2 5 17 
15 4 -1 -3 0 1 -1 0 
-7 3 -14 -36 -3 -4 3 -9 
25 -3 11 5 -7 -5 5 -9 
20 -28 -20 10 4 -1 -15 9 
43 -7 3 -20 -2 1 12 -5 
-5 26 -26 10 0 -1 -32 5 
-39 12 -47 -35 -9 -4 1 0 
-1 1 44 -11 -3 -2 9 -15 
2 -5 -1 13 0 0 -2 2 
36 13 -4 -8 1 3 12 14 
-16 -21 27 22 4 -1 -5 -9 
2 -2 -22 -84 -12 -4 -5 0 
-19 20 10 23 0 -2 -7 -5 
-51 -7 -40 -10 -6 -1 9 -14 
6 -11 -6 14 2 1 -9 6 
67 7 25 0 -2 0 8 22 
-106 -39 -10 -2 1 -1 -5 -33 
8 1 0 4 0 -1 10 2 
32 24 2 19 0 1 -12 -8 
-4 -17 -12 -9 0 0 -1 6 
22 -14 -14 -40 -6 -3 -1 8 
-5 -1 5 0 0 0 0 2 
-22 -7 4 0 0 -1 7 2 
16 22 3 11 5 -1 -4 -14 
-3 -16 -17 7 -5 -4 -8 12 
-10 1 -10 -20 -2 1 6 -61 
-4 -9 9 -12 3 3 1 -7 
-4 -5 0 18 -2 1 -2 -2 
12 18 6 29 2 -3 1 -23 
-4 -6 2 -29 -7 -5 -5 10 
0 -8 7 -10 -8 -4 -4 9 
1 -19 12 0 4 0 -3 -20 
-5 -15 -17 12 -5 -4 -1 -1 
9 12 14 13 6 2 1 -1 
7 27 -20 8 -2 -7 -3 9 
-21 -18 10 -48 -13 -7 -3 13 
-3 -33 -12 13 -2 0 -3 1 
6 11 14 2 5 3 -3 -35 
1 -8 -3 -13 5 5 8 6 
-1 25 -2 29 -1 1 -2 0 
2 -2 9 -2 -1 -5 3 80 
2 14 -26 -4 4 3 -3 6 
-19 2 0 0 -6 -4 -1 -10 
18 19 16 -12 5 8 4 8 
6 -5 18 34 -2 -2 -2 14 
-8 -13 -11 -49 -12 -10 -8 -8 
-11 -1 3 22 2 -2 3 6 
-6 21 -5 -17 0 1 -4 -11 
10 31 -5 0 -4 -3 0 20 
2 21 15 14 -5 -6 -2 52 
-4 -35 -12 -12 -3 -2 -2 -24 
-11 2 4 2 -10 -5 -5 -4 
-2 8 -12 -51 -5 -1 -7 -24 
4 -8 -23 19 -5 -2 1 7 
-7 -8 2 -17 0 4 2 3 
1 -8 16 26 2 -2 6 25 
10 19 -41 -6 -1 -3 -2 -7 
-4 -5 28 -3 -10 0 -3 4 
-1 -31 -24 -43 8 5 4 7 
-6 5 2 -7 3 -2 -1 -22 
-4 -4 -15 3 -4 -8 -3 -24 
-4 -5 22 19 5 12 7 3 
0 0 -1 8 -4 -3 -3 1 
0 18 -4 20 -2 -3 -5 -5 
-1 3 10 -3 5 5 3 -9 
2 -13 -1 -3 3 -1 2 1 
3 6 18 -9 -3 -4 5 1 
-4 -14 -36 -3 -3 1 -10 3 
8 33 75 -7 -8 -1 -2 -5 
-2 -4 -50 37 5 -2 14 7 
-9 -8 26 -26 -3 -1 -9 -6 
6 -11 -31 -9 -3 -5 -5 0 
-7 -1 21 3 7 3 6 -7 
13 -4 50 24 4 2 -17 -6 
-2 -13 -47 -1 -7 -8 3 3 
32 8 4 -8 1 -1 12 -7 
-4 3 -24 2 1 2 2 14 
-4 -9 20 -1 -2 -2 -17 -5 
21 31 0 -8 -4 -1 2 -28 
8 -20 -17 -16 1 0 6 25 
6 20 20 10 3 2 3 -1 
-44 -9 8 5 -2 -4 -14 12 
-6 -1 -35 9 -2 -2 -7 -4 
-15 -17 10 -16 -3 1 10 -5 
-1 0 -8 -30 -4 -3 -9 0 
27 1 -26 -11 1 -6 1 -14 
-9 -1 -6 4 2 2 2 8 
-20 -12 53 10 -2 3 13 19 
22 -12 18 45 8 0 7 -20 
-59 -21 -54 -30 -11 -5 -7 -13 
10 -34 39 -9 -2 -3 -12 10 
-11 6 -10 36 3 3 9 -22 
1 -5 9 -32 -8 0 -7 6 
28 16 -23 -10 1 0 12 7 
-56 -6 -16 -2 -10 -7 -7 -37 
11 3 10 18 0 -1 -11 1 
-44 5 7 -14 -1 1 -2 -4 
31 -14 -30 -8 4 3 4 -15 
-11 6 34 25 -1 3 5 12 
18 15 -12 -15 -5 -4 -10 -11 
-3 -19 -41 0 2 -1 -1 -21 
7 11 8 16 0 -1 4 26 
3 -1 -27 -56 -2 -3 -5 -11 
8 -1 19 12 0 -7 -7 48 
19 40 16 14 0 -2 9 17 
-2 17 52 25 4 2 -12 17 
-9 -25 -23 6 -1 -5 -5 -4 
-25 -21 -34 -33 1 2 -3 -10 
5 -30 -15 -45 -5 -4 -4 9 
21 21 -12 14 1 2 19 17 
14 46 22 31 -4 -2 -16 -21 
-4 -28 1 -26 -2 -7 -10 9 
-12 -10 -20 25 4 -4 -10 -7 
9 2 28 3 1 -1 3 -13 
9 -2 -16 -7 -5 -2 5 13 
-35 -6 -12 -8 -8 -10 -23 -28 
4 -28 -37 -10 3 -1 1 -17 
4 -2 8 -19 -5 -4 -10 58 
0 -9 5 30 5 5 8 101 
-3 10 22 -31 -7 -7 -8 -6 
7 -19 2 29 0 0 9 41 
-10 -7 -43 -33 -11 -5 -8 -69 
2 1 34 0 4 3 4 11 
5 -7 -116 -4 -8 -2 7 -18 
1 -6 25 -44 -2 -3 -13 0 
-2 8 21 9 -1 2 12 5 
-3 -6 1 9 5 1 -1 -26 
10 15 36 8 4 1 -4 -2 
-10 -5 -44 -2 -5 -1 -1 -16 
8 -7 38 -6 -1 -4 -4 -8 
-5 -7 -53 -7 -4 -3 3 -18 
-3 -12 -3 -38 -5 -2 1 5 
0 26 22 -2 6 5 3 4 
27 -4 25 39 7 -1 -1 -10 
-52 2 2 -14 -9 1 5 -5 
0 6 13 9 0 2 -5 5 
8 1 1 19 -1 -1 -4 -8 
-25 -4 -14 -27 -11 -4 -3 -18 
17 -3 35 26 13 0 -5 -15 
-14 -10 -28 -17 1 3 4 -7 
13 9 17 29 -4 -1 0 -3 
-3 41 8 -8 -4 -2 -4 13 
22 -3 -8 -7 -4 1 4 6 
20 8 25 5 -5 1 6 -5 
-20 -21 3 21 11 -2 -7 -32 
0 -27 -41 -27 -2 0 1 -17 
17 -15 5 28 -9 -5 -7 7 
0 11 17 0 9 4 10 -15 
-18 -3 -10 -9 -9 -3 -5 -7 
-13 -11 6 7 -2 -2 5 -3 
5 20 10 -8 -3 -2 -5 -6 
-19 -19 -3 13 -1 -2 -1 -33 
20 13 -11 -12 -3 -1 -2 20 
-16 -13 -24 -6 -2 -1 0 0 
8 20 -2 -8 2 0 -4 -7 
4 14 27 18 0 -3 -3 1 
-8 -18 -12 -39 -8 -4 -1 16 
-2 5 4 -7 2 4 0 3 
22 16 -1 16 4 2 0 1 
-32 -14 8 -4 -12 -6 -1 -7 
-2 6 20 20 5 3 -3 -8 
1 -14 -15 -5 -5 -1 -4 11 
-12 -21 -18 -15 2 2 -1 5 
1 31 40 71 9 2 0 -4 
11 1 -29 -83 -7 -2 8 3 
-2 0 0 10 -3 -7 -15 21 
-12 -2 14 -7 -7 -4 -1 5 
29 -2 -23 -3 4 -2 -1 13 
-4 2 25 41 8 6 1 -6 
-3 -25 0 -1 -2 -3 2 6 
-4 5 -16 -17 -3 2 1 -4 
-3 -9 -32 -6 -4 -4 -6 -14 
-6 -10 2 18 3 1 3 10 
-4 16 22 2 4 0 -2 -4 
-8 -21 -13 -4 -2 -7 -9 -29 
-1 3 32 -28 -8 0 -1 9 
-11 1 -43 12 1 4 2 -8 
3 -11 -15 -19 -3 -6 -2 -20 
12 1 14 14 -1 1 3 11 
-6 4 11 6 3 2 0 -3 
-4 -3 0 -6 -3 -2 -3 -17 
-3 9 15 20 5 2 0 7 
-1 -15 -32 -22 -4 -5 -2 -4 
7 33 -3 -3 2 2 3 15 
-18 -14 17 12 -2 -3 -8 -20 
-5 -4 -15 0 -3 -2 2 -6 
17 5 -1 4 -1 -3 3 4 
2 -21 -7 -6 1 1 -6 -5 
8 7 -3 9 -4 -1 2 -2 
-9 3 10 0 1 2 -1 35 
-1 11 6 -5 -3 -4 -3 5 
-8 -44 -21 -7 -2 1 1 -17 
5 9 16 38 -1 -5 -6 3 
-9 -18 -33 -51 -7 -3 -3 -13 
1 2 19 12 5 4 2 -4 
5 7 0 2 -1 -4 -1 7 
3 1 -7 1 -4 -4 -3 5 
10 23 -3 14 -1 1 4 0 
-11 -26 -10 -13 1 0 -5 -21 
-4 9 8 -1 3 0 1 10 
-14 -7 -19 -8 -4 -4 -7 -12 
9 -8 -7 -15 -3 -1 0 -4 
2 3 18 12 1 -2 -1 0 
-3 -9 4 27 1 3 4 3 
18 -3 -7 -54 -4 -1 1 10 
-6 -3 1 10 2 1 2 6 
2 7 1 23 3 0 -3 6 
-13 3 0 -15 -5 -4 1 -7 
-1 -4 -5 8 4 3 2 4 
-12 -34 6 -6 -4 1 -4 -64 
4 26 1 -10 -2 -7 0 8 
16 55 -14 -17 -4 -2 -4 14 
-2 0 -3 -1 0 1 3 -4 
3 -2 10 14 2 0 1 3 
-1 1 -1 -3 1 -1 -4 -8 
-3 -13 5 24 -3 -5 -4 -8 
-2 0 27 -33 -5 -4 -3 8 
-2 11 -20 10 -1 -1 -2 6 
-5 8 -6 -2 1 -1 5 -3 
1 -10 -2 12 -3 0 -1 15 
-3 -5 10 -27 -2 2 -3 -20 
-6 -2 -2 1 -1 -7 -6 0 
-7 -15 -13 -8 -3 2 0 -2 
1 6 10 -6 -3 -3 -2 0 
6 18 11 19 -4 -4 0 6 
-2 -9 -4 -7 2 4 0 -5 
-13 -9 -19 -25 -7 -4 -3 1 
-7 -23 21 20 3 -2 -1 -2 
3 28 -5 -9 -2 -4 -2 6 
9 11 -19 9 -5 -1 0 48 
-8 4 7 -10 -2 -3 -6 -44 
-3 -12 -12 -17 5 4 -1 0 
-1 -10 -2 8 -1 -5 -3 -3 
-3 3 13 3 -1 1 3 -2 
-3 4 -2 -2 -2 -2 -2 10 
6 14 -11 -10 0 1 -2 -11 
2 2 -12 43 0 -2 -1 12 
1 9 18 -26 6 3 3 -6 
-6 -9 -5 13 -8 -4 -7 2 
-6 -2 -39 -23 -5 -1 -3 -6 
-6 -16 14 9 0 -2 1 2 
8 1 6 11 -3 -4 -2 -8 
-16 -20 3 -31 3 5 4 -3 
4 13 10 20 1 -3 -1 2 
-2 -3 -11 0 -1 -2 -2 -7 
-5 -11 0 3 0 -1 -3 -5 
9 2 0 -30 -4 -3 -1 5 
1 -4 6 -13 -6 -1 -2 7 
-9 -41 -10 8 2 -3 -4 -53 
0 18 8 -16 -1 2 -2 -5 
-3 -7 -4 25 5 -1 0 4 
-2 2 6 -11 -5 1 2 1 
1 5 -5 -23 -5 -3 -3 11 
-3 4 4 51 6 1 -3 -5 
-1 -10 4 -8 -4 0 -1 -1 
-7 22 -5 1 -1 -5 -1 -11 
4 14 -2 5 -2 -1 -1 4 
-2 -6 -6 2 1 -1 -2 -1 
5 15 13 8 1 0 2 11 
-4 -14 2 -1 -3 -3 -3 -11 
-4 -5 -3 24 4 2 -1 3 
-2 3 -3 -37 -8 -2 -1 -2 
-2 -5 -28 7 -8 -8 -4 15 
-2 -29 1 -5 2 4 -1 9 
-3 11 -5 -6 -6 -2 0 2 
-1 -11 1 -12 6 1 1 -4 
-2 16 2 11 -4 -4 -2 1 
-1 -12 -3 18 0 -2 -2 -5 
0 5 21 -9 -1 3 1 8 
-1 13 -3 4 -4 -2 -2 0 
-2 -13 -3 -1 -2 -1 1 -7 
-9 -12 -11 -1 2 -1 -2 -4 
6 16 3 0 4 -2 -2 0 
-3 -8 1 -6 -3 -1 -3 -2 
4 7 -10 4 -7 -2 -2 -7 
-7 -45 3 29 3 0 -1 -2 
0 4 2 -56 -7 -2 0 12 
0 -12 -1 8 -1 -2 -1 -1 
2 4 7 11 4 3 0 0 
1 -14 -10 -10 -5 -2 -2 -4 
1 3 -3 4 0 -1 -3 -4 
-6 -1 -11 2 2 1 -1 -2 
-4 -2 5 -4 3 -3 -3 -30 
2 11 -8 -12 -4 1 -1 13 
-8 -12 -7 4 -2 0 0 -5 
-3 -2 -5 -7 -2 -2 0 -12 
0 -6 9 6 2 1 -1 7 
0 11 3 -3 -1 -1 0 -1 
2 2 -1 9 -1 -3 -5 -5 
8 -10 9 -2 -5 -2 2 24 
-3 -7 -12 -9 8 2 2 -1 
2 5 -13 -1 -5 -3 -3 -4 
1 -21 6 -12 -3 -2 -2 34 
-7 1 -2 5 -3 -5 -3 -24 
3 -2 4 2 1 3 -1 5 
0 -10 7 -4 3 -1 1 2 
-1 6 -7 -13 1 0 -2 4 
-6 -4 -2 28 0 1 1 -9 
2 6 -7 -22 2 3 -1 3 
-4 1 -2 11 0 -4 -5 -3 
-1 11 -7 -2 -5 -3 -1 -10 
-3 2 29 11 2 1 1 6 
0 -1 -22 -9 -8 -4 2 -3 
2 3 -11 -10 -1 0 2 0 
-3 -29 -2 3 1 0 -1 -6 
0 3 2 -3 -4 0 -3 -2 
1 20 15 2 -3 -3 -2 4 
0 -13 2 -17 0 -1 -2 -3 
-4 0 -15 14 0 4 4 -3 
-3 2 11 -22 -7 -4 -1 0 
-1 -10 21 62 -1 -6 -8 -2 
4 1 -58 -99 -1 4 -2 -2 
1 11 6 17 3 -1 1 -5 
-4 -16 -15 4 0 -1 0 3 
0 26 16 -1 -3 -3 1 2 
-6 19 20 26 -1 -2 -2 -4 
-1 -19 -10 2 2 1 -2 -2 
5 5 5 -12 0 0 1 1 
-4 -16 -25 -2 -2 -1 -3 -6 
-1 2 15 1 -5 -3 -2 -6 
-3 -2 4 -4 -1 0 -2 -5 
-5 -16 12 1 5 4 -1 -1 
-2 -7 -1 -10 -5 -1 -1 -3 
-6 10 -6 5 -1 0 1 0 
2 -9 8 7 -4 -4 -2 -12 
1 12 -23 -17 -2 -1 -4 -2 
-4 -1 -4 10 0 -1 -2 -2 
-5 -13 14 -13 -5 -3 -2 2 
-1 4 20 0 3 1 -1 -3 
1 8 -43 2 -6 -4 -3 -2 
1 -6 12 -11 2 0 -1 0 
1 8 6 10 0 -4 -3 -2 
-4 -8 -4 10 -2 -2 0 3 
4 60 -7 13 0 -2 0 -1 
-4 -5 -16 -62 -3 1 0 1 
2 1 22 18 4 -1 -3 1 
2 18 -6 -11 0 -2 -4 0 
-3 -28 7 14 -2 -1 -4 -4 
-7 -14 -4 -3 -1 -4 -2 -3 
3 12 -1 -6 -2 0 3 1 
-2 0 -10 -8 -3 -4 -2 0 
-3 -4 2 -8 1 1 0 0 
-1 1 15 13 0 -1 1 2 
-4 -9 -3 15 2 1 -6 -8 
-4 -9 -46 -14 -8 -1 -2 -2 
-2 -15 6 -1 1 -2 0 0 
5 -3 7 7 -2 -2 0 -2 
-6 4 17 0 5 4 4 1 
1 21 12 3 0 -1 -1 0 
0 -11 -2 13 -2 -2 -2 -3 
0 8 -20 -20 -5 -3 -5 0 
6 16 -7 -18 -6 -2 -4 -6 
4 19 1 4 -1 0 -1 2 
-4 -21 3 -9 -5 -3 -2 -2 
-4 -7 9 26 5 1 1 -4 
-2 -11 -5 12 -2 -5 -2 1 
-2 3 -9 -15 3 4 3 -3 
-2 5 -8 -19 -4 -2 -2 -9 
-1 -6 3 2 3 2 2 1 
-1 0 -11 7 -1 -2 -2 0 
-6 -29 17 -5 -2 -5 -5 -2 
1 24 4 6 0 -2 2 1 
-3 8 11 -14 5 2 -2 0 
-3 -18 -10 32 -2 -2 -2 -4 
-3 -6 -4 -29 1 0 1 3 
-3 -7 -2 -23 -1 -2 -1 -1 
7 -1 -6 9 -4 -3 -1 -5 
1 5 12 13 1 0 0 1 
0 -1 4 10 -1 0 -2 -2 
-4 -23 2 3 0 -3 -1 1 
2 30 -8 7 0 0 -2 1 
-5 -25 5 -10 -1 3 4 1 
