#EMG
#3
#ID:3-15
0 -1 4 -6 -1 -1 -9 -2 
0 -1 7 -2 1 4 2 1 
-2 4 -2 30 0 -1 0 -1 
0 1 -16 -20 -4 -3 -3 -2 
3 -3 7 -11 -1 -1 0 1 
0 7 -7 -7 -4 -2 -3 0 
-6 10 24 65 -1 -2 -2 -8 
-2 -6 -28 -74 0 2 -1 0 
-3 7 20 22 -4 -4 -2 -4 
-3 -5 -22 -25 -4 -3 -3 -2 
3 0 6 -2 6 0 1 1 
2 3 -2 19 -1 -2 0 -3 
-2 -10 11 -1 -4 -5 -2 -4 
-1 0 16 20 -1 -1 0 -1 
1 -2 -26 -41 -1 3 3 -1 
-2 0 13 28 2 -1 -9 -2 
1 -4 -2 -37 0 4 3 2 
-10 -1 10 9 0 -4 -3 -2 
0 -3 -5 10 -3 -5 -3 0 
1 -14 17 7 -5 -2 1 0 
0 -2 -28 -20 -3 -1 -1 1 
4 6 -10 -28 -3 -2 -1 -2 
-7 -6 2 3 0 3 1 -1 
0 -2 0 9 0 -1 0 -1 
-5 -4 11 21 0 -3 -4 -3 
5 -1 18 0 -3 -3 -1 -1 
-3 -11 -36 -24 9 1 -4 -1 
-2 1 -4 -1 -2 -1 1 2 
2 1 21 15 0 -2 3 1 
-7 -2 -13 -11 3 -1 -6 -2 
3 3 20 4 -5 -2 1 -1 
-2 0 -9 11 -1 -2 0 -1 
0 -7 -2 -10 2 -2 0 0 
1 11 11 -14 -7 0 1 0 
-3 0 3 2 -3 -2 -1 0 
1 5 1 -8 -2 -1 -1 0 
0 0 8 23 -2 -3 -4 -1 
0 -4 -17 -3 2 -1 1 -3 
2 -2 16 -8 -3 -1 -2 1 
-1 6 -17 -35 -7 -3 0 -2 
-8 -8 -29 0 0 0 0 -4 
-4 -3 10 11 3 3 0 1 
2 3 -4 -2 -7 -3 -3 -1 
-2 -3 13 30 10 2 -1 -2 
0 7 -3 -12 -3 -3 -1 0 
-4 -11 -16 -1 -1 -1 -4 -1 
-3 -3 -3 2 -3 -2 -2 -2 
1 -4 2 -7 3 3 -2 -2 
-1 -8 6 1 2 1 2 0 
2 7 -14 1 -4 -1 -1 1 
-13 -3 11 5 1 -1 0 -2 
0 2 2 8 -4 -2 -4 2 
-5 0 -4 -11 1 1 1 -6 
2 -1 3 -1 -3 -4 -2 -1 
4 -18 -19 -10 -2 -2 -3 -1 
-3 6 -18 7 -3 -2 2 -2 
-3 0 24 -1 -6 1 1 0 
3 -15 13 1 -2 -3 -7 -1 
1 -3 4 -7 0 -1 -3 0 
-3 5 -4 11 0 1 0 -1 
1 4 0 17 0 -2 -2 0 
-4 -5 -9 -18 -4 0 0 -3 
-2 2 -2 1 3 3 2 0 
-1 -10 6 -7 -3 -3 -6 -2 
0 -13 -12 10 1 -1 -1 0 
1 8 2 -14 2 1 1 2 
-3 -5 18 15 -3 -3 -3 -3 
-1 -8 -2 -3 0 1 0 1 
-5 -16 -1 -7 -2 -1 1 -5 
0 -2 0 2 -1 -5 -8 -2 
3 7 -6 -3 1 0 3 3 
2 1 14 3 -2 -2 -2 -3 
2 0 -33 -7 -4 -2 -3 3 
-1 -2 5 1 -2 0 1 -2 
0 -1 -8 -5 0 -1 -1 -2 
-1 0 -8 -8 -2 -1 -1 0 
-5 1 35 12 1 1 -1 0 
-2 -2 -14 4 0 -2 4 -1 
2 6 -1 -2 -1 -1 -6 4 
-2 -1 -4 1 -1 -2 5 -6 
5 7 19 4 0 -1 -2 0 
-10 -10 -7 -14 -3 0 0 -2 
-1 6 1 4 -3 0 1 2 
2 8 -8 -5 -4 -5 -4 -1 
-2 -31 -6 -13 -1 1 -4 -4 
-4 26 -10 3 -3 -2 1 0 
-1 2 -9 -2 -3 -1 3 -1 
0 -1 13 3 -2 -2 -5 -1 
0 17 -12 2 1 -1 -1 -3 
-2 -9 5 6 -2 0 -2 -1 
-1 12 1 -5 0 0 -2 -6 
-7 -6 -7 -7 -3 3 2 5 
-1 2 18 -10 -1 -5 -6 -4 
-3 -3 6 11 0 0 0 -8 
10 15 -2 0 -1 -1 0 -5 
0 4 14 6 1 0 -7 -2 
-9 -1 9 -7 -4 -1 -3 -1 
0 -2 -2 11 1 -1 -1 -6 
-2 -12 -11 -9 -4 -2 -1 -1 
-3 -10 8 -1 -1 -3 -1 2 
1 -13 5 18 0 -1 0 1 
-3 -13 -17 -18 -1 3 -1 1 
-8 -15 -2 15 -2 0 -3 -1 
3 -1 9 -30 -3 -2 -2 -3 
1 12 -43 -9 -3 -1 0 3 
-4 0 -12 2 -1 -3 -4 -1 
0 1 17 9 4 -1 -2 1 
-1 -11 -33 -5 -6 -3 3 -2 
-3 -1 19 10 3 5 5 -6 
6 -4 -3 -7 -2 1 2 3 
-17 -1 -2 -3 -5 -4 -1 -18 
4 2 12 13 2 -1 -11 -10 
-1 2 -29 -22 -4 -2 1 6 
-1 15 10 14 2 2 2 -1 
5 -3 38 -4 2 -3 -1 5 
-1 -5 -46 8 0 -2 2 1 
-7 -24 -2 -13 -2 0 -1 -3 
20 4 7 9 1 -3 -3 5 
-6 -6 -14 3 0 0 -2 5 
-33 -1 -17 -29 -4 2 0 -5 
4 20 1 10 -1 -1 0 2 
-1 -4 7 6 0 0 5 -2 
17 -6 -4 -11 -2 -2 2 0 
-13 -2 -6 5 -3 -1 -12 0 
-1 -30 -8 -2 0 0 3 0 
-15 -15 12 4 1 -3 -5 3 
6 16 1 -1 1 1 -1 4 
3 5 1 1 -1 -1 1 -14 
-2 3 16 2 -3 -1 -2 -8 
3 -1 -2 -4 -5 -5 -4 5 
-14 -10 -26 -9 -2 -1 -1 -4 
2 -6 22 6 2 -1 2 8 
1 17 -4 1 0 0 4 6 
-2 -1 19 8 -4 -4 -6 -8 
-4 -3 -42 -24 -3 -2 -5 -5 
1 -4 24 13 2 -1 3 2 
-2 -10 -25 -18 -3 -4 2 -6 
-2 6 14 3 1 2 -2 0 
3 -8 15 0 0 -1 0 4 
6 -3 -2 10 -4 -2 -1 -3 
-2 2 -5 -3 0 -1 0 2 
2 14 0 3 -2 -1 -1 -5 
-22 6 -13 -10 -3 -4 -2 -4 
11 -25 0 -7 -5 -2 0 7 
12 -3 8 11 1 -1 -5 12 
-52 3 -7 -6 -2 0 -2 -17 
15 7 28 16 -2 -2 5 0 
-3 8 0 8 -1 -1 -5 -4 
3 5 -19 -22 -3 -2 -5 4 
14 -8 -2 1 2 0 2 5 
-5 -3 14 5 -3 1 3 -3 
-2 2 -2 7 -1 -1 1 0 
1 -9 -4 -12 -1 -1 -2 -8 
1 -4 -3 12 -1 -2 4 5 
-4 -3 1 -2 0 -3 -11 -3 
2 -26 -6 -18 -2 -1 2 1 
0 23 3 4 -2 -2 -5 -2 
9 -3 -8 -4 -1 0 2 2 
-3 -10 -10 -8 -1 -3 0 -4 
-3 -23 10 5 0 -3 -3 -2 
-5 4 -4 4 -1 -1 -2 -7 
2 -7 5 -3 -2 -4 1 8 
7 7 0 -1 -2 2 -1 -1 
-8 8 -10 -12 -2 -2 0 -2 
-5 4 9 3 0 -1 0 6 
24 3 -6 -2 -3 -2 -2 -6 
-35 -5 -1 3 -2 -2 -5 -10 
0 20 1 -2 -1 -2 -3 -6 
16 -3 9 10 -3 -1 4 4 
-50 -4 -4 -8 -3 -1 8 7 
22 10 1 -4 -1 -1 -11 1 
2 0 -5 3 -1 -1 -2 -5 
-15 37 -2 4 -2 -2 1 -1 
10 -6 7 6 1 -3 -4 0 
-1 -18 -25 -11 -1 4 0 -1 
-19 -3 0 -7 -1 -3 5 0 
33 -4 1 3 -1 -2 -13 1 
-11 -2 -13 -20 -5 -2 -3 -15 
15 20 25 19 3 1 14 10 
6 -13 -15 -7 -1 1 -11 2 
-6 -5 -8 -7 0 -1 7 -4 
-8 3 13 -2 -2 -1 -2 3 
-8 -7 -14 -2 0 0 4 5 
-27 -5 19 9 -2 0 5 -4 
16 -10 4 -11 -4 -3 -10 10 
10 -7 -9 1 0 -1 3 -6 
-4 -28 2 -2 1 -1 -4 0 
12 24 11 11 -1 -2 1 1 
-12 1 -8 0 -3 -2 -7 -6 
5 -21 -6 1 -2 1 -1 -1 
-4 -11 4 -10 -2 -1 -1 -3 
7 6 -4 1 1 -1 0 -3 
1 2 -10 1 0 1 2 3 
1 -10 10 -26 -3 -1 -5 -3 
-72 16 -20 6 -2 -3 -10 -5 
2 -11 -23 2 2 3 1 -3 
-16 -6 17 3 -4 -2 4 2 
28 7 -6 0 -1 -1 -10 -2 
7 -6 11 1 -5 -5 -2 -14 
-7 -25 13 -6 -2 -4 1 7 
8 -3 -4 12 1 -2 -7 -17 
-10 12 -11 -19 -4 0 0 -6 
18 3 33 19 2 1 3 10 
-4 -1 -24 -24 -4 -3 -5 0 
-4 -16 6 39 0 2 6 -8 
-1 -48 -28 -34 -3 -3 -1 4 
-5 -1 4 14 -5 -4 -2 2 
0 -13 8 -16 2 -2 -3 8 
-13 10 -27 -9 3 1 1 -5 
4 -7 -6 22 2 -1 -4 -1 
-2 -6 22 -5 -8 -4 -2 1 
40 59 -9 -16 -3 0 0 -1 
-31 -4 14 6 -2 -5 0 0 
8 3 33 5 3 4 -2 2 
12 17 -66 -27 -2 0 1 2 
7 -7 17 25 -1 -2 -3 -2 
-7 -18 -2 -24 -3 -4 -6 -15 
-13 7 20 34 5 3 3 4 
19 20 -14 -19 1 2 -1 -2 
14 13 10 5 -1 3 9 11 
-14 9 -10 -9 -6 -3 -18 -23 
17 18 0 15 -4 -2 -1 -1 
-3 -17 -2 -21 7 -3 -5 -10 
-15 2 -11 -10 -7 2 5 4 
2 -24 5 7 3 -1 6 3 
0 18 -5 7 -1 -4 -5 7 
8 6 -1 1 -1 0 0 -5 
-7 -10 5 -9 -9 -11 -4 -9 
3 2 -2 -1 9 12 8 9 
7 -3 -16 12 1 1 -2 -10 
-43 0 -22 -32 -9 -2 6 3 
-12 -4 13 24 2 -1 16 -15 
-21 -6 -8 -22 -3 4 28 14 
6 4 -9 8 1 -5 -54 -20 
16 -3 9 4 3 6 8 12 
-3 -1 -8 8 -1 -3 -10 -10 
6 1 -2 -12 2 1 -3 6 
-6 -26 -4 -15 -5 -1 14 3 
14 -21 16 24 3 -1 6 0 
-31 5 -12 3 -3 -4 -18 -3 
25 19 -2 10 -3 -5 -6 0 
-8 -9 -12 -44 -5 5 12 6 
7 14 5 11 -4 -2 -9 -6 
13 1 18 41 1 -3 2 3 
-9 -21 -6 -46 -15 -4 -6 1 
-15 9 -8 -26 -2 -3 4 -3 
2 -20 -6 20 4 3 -1 -6 
4 24 2 -2 0 0 -4 4 
3 12 -2 -4 -4 -4 -3 1 
23 22 -1 26 0 0 7 4 
8 14 16 -33 0 -3 -8 -6 
-29 -46 10 17 7 2 -4 -16 
-27 -26 -10 29 -3 -4 -8 -6 
16 -9 -12 -34 -2 0 8 2 
9 15 33 36 2 -3 0 4 
1 -1 -53 -10 0 -6 -3 2 
7 10 19 -30 0 3 0 -6 
-12 3 2 48 2 -2 2 -1 
1 -3 -7 -66 -7 -3 -3 1 
16 0 7 -15 -2 -5 -8 1 
10 24 18 55 8 1 4 7 
-7 -4 -10 -21 2 -1 0 -2 
3 -2 6 31 -8 -1 2 6 
-13 -35 -21 -22 1 -1 -2 -10 
-3 -1 6 -13 8 9 -1 -6 
20 9 11 7 -4 -5 -5 4 
-26 -3 -9 9 3 -5 0 -2 
12 6 14 -2 -4 3 -1 1 
-6 -19 -24 -18 -6 -8 -4 7 
-16 -13 7 7 0 -2 4 -19 
12 -2 -9 23 3 3 -9 9 
-19 -11 -7 -44 -7 -3 1 -9 
11 -11 -40 39 -2 -6 -7 5 
-8 15 -8 -56 -4 -2 4 0 
-1 -10 31 5 -4 -2 4 0 
2 3 5 5 -8 -4 1 6 
-22 0 9 8 1 2 -7 2 
-6 12 14 23 -3 -2 14 9 
-1 -23 -20 -4 -3 -9 -27 -38 
-32 13 29 -4 1 4 30 19 
41 7 -26 -1 -1 -1 -19 41 
-27 -13 17 6 -11 -4 -14 -65 
-59 2 -20 -19 2 1 13 17 
20 10 -1 28 2 6 -25 -24 
-4 0 30 -12 0 -3 28 11 
-1 -1 -17 1 0 -2 -8 26 
19 8 3 2 -2 -5 -3 -9 
-2 3 -14 16 3 1 10 4 
1 5 10 -28 2 4 -3 -12 
0 -3 34 4 -1 -3 1 2 
5 -12 -66 -17 1 3 6 1 
11 -33 27 11 -1 -1 -12 17 
5 58 73 33 -3 -5 4 -14 
1 -9 -72 -29 -1 2 0 13 
1 4 30 50 1 0 -3 6 
-1 -12 -10 -77 -6 -3 -6 -1 
11 -11 -15 -3 -10 -5 -1 -15 
-37 -4 43 4 0 -2 -9 -9 
17 11 -9 30 7 1 -1 7 
-1 -9 -26 -16 -7 0 -1 -9 
-9 -33 1 3 6 -1 -2 -15 
8 12 -20 -45 -5 -3 -1 8 
13 2 7 22 -5 -3 0 -4 
13 27 0 24 4 -5 2 5 
2 6 -3 -32 -3 4 3 -7 
-8 -6 -10 -31 12 5 -10 4 
11 -16 13 10 -2 -5 -5 -4 
-16 -1 -11 31 6 0 5 6 
-8 -4 -16 -34 -10 -1 -9 -6 
6 -14 -3 40 3 -5 2 6 
2 8 -10 -34 -6 0 0 -1 
15 15 23 12 4 1 -3 1 
1 6 -25 22 0 -4 -3 -1 
-3 -2 5 20 1 3 7 13 
1 17 -22 -39 -10 -5 -8 -14 
1 -4 1 20 0 3 0 1 
-9 -7 5 -35 -3 0 0 -3 
6 7 -6 37 -7 -1 -2 -6 
-7 1 24 -21 1 1 1 2 
23 11 -1 -42 5 -3 -5 -2 
-20 -12 -1 14 3 2 -2 -10 
-1 -18 -15 -12 -7 -4 7 -5 
4 -2 1 -11 -1 -1 -5 2 
-7 8 16 11 -3 -3 0 7 
-8 -16 -10 3 -1 -1 -2 -19 
23 7 12 8 2 -2 -1 -1 
-21 -5 16 18 0 -1 1 -6 
-1 -7 -5 -12 -8 -1 5 -2 
21 -7 -30 -28 -6 -6 -15 2 
-24 39 -13 13 1 2 2 -1 
3 -5 -16 -12 -3 -2 -4 -6 
1 2 20 2 -2 1 -4 -5 
-11 5 -2 11 0 -1 4 4 
4 -5 20 2 2 1 -2 -4 
5 -4 5 -2 0 0 2 5 
-2 4 0 12 -3 -4 -2 2 
4 -8 -10 -9 7 4 11 -2 
-4 -6 15 16 1 0 -12 -14 
1 -16 -37 -6 -10 -3 1 -1 
-2 -1 -1 -27 -7 -4 -5 -12 
1 9 14 28 3 -2 4 8 
-2 -10 -4 -18 -8 -5 1 3 
-7 0 13 -6 5 2 2 2 
5 1 -17 5 -5 -2 -1 0 
10 4 14 14 -2 -3 -8 3 
-11 -4 -37 -39 2 3 7 -10 
5 -15 3 14 4 2 0 0 
-5 -3 4 -24 -5 -2 -2 1 
6 9 8 30 2 -3 0 0 
9 0 -9 -6 -5 -2 -2 7 
-9 -3 -1 -8 -1 -2 1 -2 
-1 -1 -7 10 2 -1 -4 -1 
-8 -6 11 17 -3 -3 -2 -2 
1 -3 8 2 2 5 8 5 
1 10 2 -2 1 0 -2 7 
3 -5 -11 21 -2 -1 -12 -28 
3 2 -34 -52 -16 -6 -2 10 
-10 -16 -14 1 -2 -5 -4 -2 
-3 -3 29 1 1 0 3 -1 
-7 -5 7 32 3 2 2 1 
-2 -6 -3 -8 -1 -1 -4 -1 
10 18 5 -5 -3 0 -4 4 
-4 -4 -6 12 5 2 2 -1 
-7 -11 -8 -16 -3 -3 1 7 
-3 3 16 -1 0 -2 -3 -5 
0 1 -11 5 -2 -2 1 6 
0 -10 -12 10 -3 -2 -4 -5 
1 -3 -55 -31 -1 2 -1 4 
-1 1 14 5 -3 0 0 -3 
-1 1 14 -15 -3 -1 -4 -1 
-7 -1 13 11 -1 1 1 -2 
9 1 -2 -3 -2 -5 1 -3 
-10 -8 -3 9 3 3 -3 -4 
3 -4 11 10 0 -4 -6 -1 
2 2 -7 5 0 -1 1 1 
-15 6 13 -6 -4 -1 -6 -5 
4 -9 16 47 8 -2 2 -6 
6 1 -9 -34 -16 -5 -5 -2 
1 3 3 -44 -4 2 -1 4 
-21 -26 -38 15 -4 -3 0 -2 
-4 -6 11 -20 -8 -2 -3 -1 
0 -1 14 10 4 -1 -4 0 
-3 6 10 11 4 1 2 -9 
5 24 8 8 -4 -3 -2 0 
-5 -10 -10 -15 5 1 -1 -2 
-1 1 12 7 2 0 1 3 
2 0 -27 8 -7 -7 -7 -1 
1 -1 14 -11 4 3 -1 -1 
-5 -6 -25 -1 -5 -2 -2 -1 
-4 -12 12 -4 4 -1 2 -1 
-2 -19 1 18 -3 -2 -2 -2 
0 1 14 6 1 2 1 4 
0 12 -1 -1 -5 0 0 0 
-3 -8 -8 6 -3 0 0 -1 
1 3 -4 -16 -1 -1 0 -2 
1 -5 3 6 -3 -2 -4 3 
1 5 -4 -3 -2 -3 -3 0 
-4 -6 -18 -24 -7 -3 0 -4 
-3 2 10 13 2 0 -4 1 
2 4 9 -13 -1 0 1 -1 
-4 -2 5 17 3 3 -1 -1 
-1 0 11 36 -1 0 -1 3 
3 1 -33 -61 -5 -3 2 -1 
8 3 3 21 -1 -2 -5 2 
-14 -7 -12 -27 -1 -2 0 1 
-2 3 16 24 4 0 0 -2 
-7 -6 -13 -5 -1 -1 0 -5 
5 -3 -5 2 1 0 1 2 
0 3 -10 -18 -3 -1 -2 0 
2 3 -3 7 -1 1 0 -2 
-4 1 -14 -1 -1 -1 0 -1 
-8 -5 14 0 1 -2 -4 -10 
-1 9 10 11 -3 -1 -1 -1 
8 0 -27 -13 1 -2 -2 -12 
2 2 19 8 0 1 -2 0 
-14 2 -11 -11 -2 -6 -2 -2 
-3 -1 0 -6 -1 1 1 -1 
-3 0 24 13 2 -2 -2 1 
5 7 -26 -7 -5 -3 -3 -1 
-2 -10 0 -17 -3 1 2 3 
3 22 8 7 -2 -1 1 -1 
-6 -10 -8 3 1 2 0 2 
4 39 18 7 0 -2 -3 3 
6 -7 3 7 -6 -2 1 2 
-2 -11 -40 -12 -5 -3 -5 0 
-6 -5 -2 -20 -2 0 -1 -10 
-5 -14 13 9 -2 -3 -3 -1 
-3 -1 9 1 3 2 4 1 
6 1 -9 -11 -2 -3 -3 -4 
1 5 -3 -7 0 -1 2 4 
-3 -16 -8 3 -1 -1 -1 -2 
-3 4 -3 -7 -3 0 -1 -1 
0 -6 8 5 0 -3 1 2 
-4 -2 3 -1 -3 -1 2 1 
-2 -13 2 -1 2 -1 -6 -1 
-1 20 -4 6 1 -2 -1 -1 
3 -6 -8 0 -1 3 4 0 
-8 -15 -21 -22 -4 0 1 2 
1 26 14 -8 -2 1 1 -10 
-8 -24 -17 5 0 -2 -1 -3 
-3 -11 7 0 1 -1 0 3 
7 12 10 5 -2 -3 -4 4 
0 -19 -6 7 -7 -4 -3 3 
6 18 4 -9 -1 -3 -2 1 
-2 5 12 2 2 -1 -2 -6 
-6 -34 -17 -17 -3 0 -3 -3 
-6 8 0 -4 2 0 6 2 
2 -8 2 5 0 -2 -11 -6 
-1 -21 -1 -7 -2 -2 1 -1 
0 8 11 8 -3 -5 -9 -1 
-5 -8 4 1 2 4 5 -1 
-4 -8 -27 -7 -5 -4 0 0 
-2 -1 18 6 1 3 2 -2 
4 -5 -5 1 -1 -2 -2 -2 
2 -1 -11 9 -2 -7 -5 0 
-11 -18 43 -17 2 3 3 -6 
3 1 -37 2 1 1 0 0 
-11 8 3 -2 -2 0 1 -2 
-4 -10 8 9 0 -2 -3 -2 
3 7 -15 4 -3 -1 1 2 
-4 -1 11 -20 -5 -3 -3 -1 
4 13 15 10 1 -1 0 0 
1 15 -12 -18 0 -1 -1 -2 
-4 -2 0 6 -3 -1 1 -3 
-5 -2 2 4 0 -3 2 1 
-2 5 -14 1 -4 -1 -5 1 
1 -2 9 -7 -5 0 0 -3 
1 -1 -9 -10 1 2 -1 2 
-4 -1 -20 8 0 -3 -6 -2 
1 1 14 1 3 -1 2 -3 
-15 -21 -10 14 3 -1 -1 0 
5 8 2 -8 -6 -2 4 1 
1 3 3 0 -4 -2 -7 -1 
1 3 2 6 4 1 2 0 
2 3 0 -13 0 1 1 0 
1 0 -12 -4 1 -3 -2 -1 
0 2 15 3 -2 -3 -2 -2 
-8 -18 -35 -24 -3 0 0 -2 
3 17 11 12 -1 -1 -3 1 
-5 -5 -9 -8 -3 0 0 -1 
6 13 20 22 3 0 -3 -2 
2 -3 0 -24 -3 1 6 -2 
-5 -12 -7 -1 0 -1 -4 -8 
3 3 10 11 -1 -2 -5 1 
1 4 -12 -15 -3 -3 -2 2 
3 6 9 23 1 -2 -2 -1 
-6 -10 -9 -11 -4 -4 1 -1 
1 -8 11 1 -3 0 -1 -2 
-4 17 -6 5 -2 -2 2 -4 
-4 1 3 -6 -6 -4 -3 2 
3 1 8 -3 6 4 1 5 
-3 -9 -37 -15 -12 -6 -1 -2 
-1 -7 1 -4 0 0 -4 -2 
-5 3 13 11 -2 -1 -1 -3 
2 4 0 4 -1 -2 -2 -3 
1 2 9 4 2 -2 0 1 
-3 -23 -3 1 0 0 4 -4 
-1 2 3 14 2 -3 -2 -2 
-6 -12 -2 -16 -1 3 2 -3 
1 0 -24 -8 -3 -1 -6 3 
-6 -11 -7 -13 -5 -4 -2 -9 
1 -1 1 -3 2 1 -3 0 
3 -1 0 7 -2 -2 0 0 
-5 -3 18 11 3 1 -1 -4 
4 7 -8 -8 -3 -2 -3 2 
0 -1 -8 -2 -2 1 2 -1 
1 -3 3 4 -3 -4 -4 -1 
-3 0 2 -2 1 0 0 -3 
-3 -6 5 9 1 -2 -3 -2 
2 4 -23 -2 2 3 -1 1 
6 1 23 -2 -4 -2 -1 3 
-4 -4 -33 -31 -3 -2 -1 -2 
-2 -5 -13 -12 -2 -1 0 -1 
-2 -2 9 5 0 -3 -3 0 
0 3 -8 2 -1 0 -3 0 
-3 8 27 16 2 5 5 -3 
-1 -5 4 -3 -2 0 -2 5 
1 13 -11 -2 -2 -2 -1 -3 
-5 1 -2 -4 -1 -3 -2 0 
0 2 0 2 -1 -4 -2 0 
1 1 -5 -2 -4 0 1 0 
-2 -10 0 -2 0 -1 -2 0 
5 1 -6 12 -5 -4 -1 -5 
-10 3 7 -17 -1 -1 -10 -5 
-5 -24 -2 10 2 6 3 -2 
-11 -10 -15 -17 -5 -9 -2 -4 
8 8 -9 0 -2 -1 -1 0 
4 4 4 7 1 -4 -4 -3 
0 -11 12 -1 -2 -1 -4 1 
1 -7 12 13 0 -1 2 1 
-9 -5 -13 -8 4 -1 -3 -3 
1 -2 7 -1 -1 0 2 4 
-3 4 -26 -5 -4 -2 0 -2 
0 -4 -14 -9 -1 1 2 -2 
-1 3 0 5 -5 -7 -5 -3 
-6 -3 9 -6 1 2 0 0 
1 9 9 1 2 1 2 0 
-8 2 3 11 -2 -4 -8 -2 
-3 -31 -1 -2 -1 3 2 -3 
-1 3 -2 8 0 0 0 -2 
1 7 -7 -15 -5 -2 3 -3 
5 8 3 2 0 -1 -4 1 
-3 -5 -5 -7 -1 2 -1 -1 
1 -6 -4 -2 -2 -4 0 0 
0 7 5 4 1 -2 -3 -1 
3 -2 -6 -4 -4 -2 0 0 
-5 1 -11 -9 -4 -3 -1 -1 
1 -2 4 8 -1 -2 1 -2 
-3 2 8 3 4 -1 -2 0 
-2 -7 -17 -15 -6 -1 -3 -3 
-2 1 -6 -2 -1 -2 -1 -1 
0 -3 -6 -1 -1 0 -1 0 
-2 1 6 2 0 0 -3 -1 
1 1 19 6 3 1 1 -2 
-3 -4 -9 -9 -4 -4 -3 -1 
-1 2 -3 7 -2 -2 -6 -1 
-6 -20 -16 -10 -3 -1 -2 -3 
2 1 19 12 2 1 -2 1 
7 10 -5 6 2 0 4 -1 
3 -6 6 -4 -3 -1 1 1 
-5 -2 9 4 -4 -1 -3 -2 
0 2 -18 -13 -3 -2 -1 -1 
-3 0 -4 -18 -5 -3 -3 -2 
1 -6 -8 6 7 1 0 -1 
-2 -1 9 0 0 -3 -2 0 
5 -10 13 5 1 2 6 1 
-1 8 2 -2 0 -2 -6 -1 
-1 3 -6 8 -4 0 -1 -3 
-2 3 -15 -15 -2 -3 -1 0 
-2 3 15 4 -2 -2 -3 0 
-4 -8 6 4 -2 1 1 -3 
-1 2 -10 -5 -2 -1 0 -1 
-2 -1 5 3 2 0 -2 -1 
1 0 -1 -4 -2 0 0 -2 
-6 -2 -18 6 -1 -2 -8 -2 
-2 1 -2 -24 -3 -2 -1 -2 
6 4 20 17 6 2 2 2 
-7 -3 -17 -14 -1 0 0 -2 
1 2 19 8 -3 -2 2 0 
0 -1 2 12 0 -3 -2 -2 
-4 1 -19 -40 -3 -4 0 -1 
-2 -4 5 15 -1 2 -3 -2 
1 -2 3 -8 1 0 -2 0 
-6 -8 -12 -8 -3 0 0 0 
-1 -3 1 13 -1 -1 0 -3 
1 2 2 3 -3 -4 -4 -2 
-4 7 -3 -18 4 1 2 -2 
1 8 7 17 -2 1 0 1 
-3 6 -10 -12 -1 -2 0 -3 
0 -2 11 0 1 -1 0 1 
-3 -4 2 14 -3 -3 -2 -1 
1 0 4 -3 1 1 2 0 
0 -3 -5 6 -3 0 -1 -1 
0 4 -1 -6 0 -3 -1 -6 
-6 1 -8 -12 -5 -2 1 5 
0 -6 -2 -12 -4 -3 -4 -2 
2 1 2 11 0 0 -1 -1 
-5 -3 -17 -12 -3 -2 -1 -2 
2 -4 2 23 -4 -1 1 -2 
-8 -9 -18 -35 -1 0 1 -3 
