#EMG
#4
#ID:4-0
3 -7 8 12 2 1 1 4 
-7 -5 7 -2 -1 -1 -1 -12 
2 3 -28 -17 -4 1 0 -2 
-4 -8 16 5 -2 -2 -4 -1 
-2 -2 11 16 1 -3 -2 -8 
3 2 -25 -4 0 -1 0 7 
0 -1 18 -2 -1 0 0 -1 
-1 -5 -19 -3 0 -1 0 -1 
-2 6 -2 -8 -2 -1 -2 -1 
0 -6 -4 6 0 -1 1 2 
-2 -3 1 2 3 1 -3 -1 
2 5 3 -5 0 -1 -2 -1 
0 5 20 16 -5 -3 -2 0 
-6 -2 -30 -14 -2 0 -1 -3 
1 -4 -6 -6 -1 -2 0 0 
-1 11 -5 -1 1 -1 -2 -3 
-1 -3 11 0 0 -1 0 -4 
0 -3 9 -2 -2 -1 -2 7 
1 11 -21 -2 -3 -4 -2 -8 
-3 -5 12 2 -2 -2 -2 -1 
-2 -3 -19 -8 -4 -2 1 3 
-4 -8 3 4 -4 -4 -3 -6 
0 0 13 11 1 1 0 7 
2 -1 15 -8 0 -1 -2 1 
-1 0 -28 -18 0 0 -1 -5 
4 -4 7 5 -1 0 0 2 
-11 -5 -6 6 0 -2 -2 -2 
-2 -7 -13 -4 -5 -3 -1 -2 
-1 0 0 -1 -2 1 1 3 
-1 0 -3 -4 -2 0 -2 -1 
3 16 11 13 2 2 1 -2 
-1 2 -11 -4 -4 -4 0 -4 
-1 -3 -12 -13 -2 0 -1 6 
-1 1 3 -2 -2 -2 -4 0 
0 2 0 1 -1 0 0 -2 
-5 -12 -7 2 0 -1 -2 0 
-1 4 12 4 -3 -1 0 -5 
-7 -2 14 -3 -1 0 1 1 
3 -11 -22 -5 -3 -4 -2 1 
0 -2 -5 -1 -2 -1 1 0 
0 -6 -14 -8 -2 -2 -2 1 
-5 2 13 3 -3 0 0 -12 
-4 1 6 -9 3 -1 -2 3 
-6 -8 -17 -3 -2 -2 -3 -2 
-2 2 7 8 1 -3 -2 -2 
4 0 -10 0 -1 -2 1 4 
2 19 7 -1 -3 -2 -2 -2 
5 6 5 0 -2 -1 -1 3 
-3 -5 -1 0 -1 0 0 -1 
2 6 12 10 2 -2 0 -2 
-11 -19 -14 -17 -7 -5 -1 2 
-1 -7 -22 -2 1 -1 -1 2 
-4 -4 -2 -10 -3 0 -2 -11 
1 -1 -6 6 -2 -1 -2 2 
1 -4 12 5 1 0 -3 -3 
1 4 6 2 0 -2 -1 2 
-3 -3 -2 1 -1 -2 0 -3 
3 18 0 -3 1 3 0 -1 
-1 -7 6 0 0 0 0 -1 
-4 -8 2 -5 -3 -2 -2 -4 
2 2 10 7 0 -1 -2 1 
-1 -6 1 -1 -3 -3 -1 -1 
2 3 0 3 1 1 0 -2 
2 2 18 0 0 0 0 3 
0 -18 -18 -2 -4 -2 -2 -8 
-10 3 -4 3 -1 -1 -2 3 
1 -3 -6 -19 -2 0 0 0 
0 -2 1 4 -3 0 -3 -2 
-3 -9 6 6 0 0 -3 0 
2 -6 6 -3 1 -2 -1 0 
-1 -4 -10 4 -1 -3 -1 -1 
-6 5 27 2 4 3 1 -4 
2 3 -37 -7 -4 -2 0 1 
0 -2 1 -13 -4 -1 -1 -1 
-1 -1 -12 11 2 0 1 -1 
-2 -1 4 -1 -4 -3 -1 5 
-7 0 4 -1 -1 0 -2 -20 
-3 13 -16 -21 -2 -1 0 3 
-5 -5 18 5 0 -2 -3 -13 
-4 -6 -16 -1 3 0 1 -1 
1 5 12 8 -3 -2 -1 9 
-4 -11 -7 -4 -2 -1 -1 -5 
3 14 6 2 -1 0 -1 0 
6 6 -1 -4 -1 -1 -1 1 
-12 -2 -18 -12 0 -1 0 0 
2 -5 5 6 -1 -1 0 0 
24 -3 -6 -11 -5 -4 -3 -6 
-27 -3 -9 16 -2 0 0 4 
-7 -2 9 -18 0 -3 -2 -5 
12 -8 -6 11 1 -1 -3 14 
-8 -9 -21 -11 -6 -1 1 -5 
7 9 6 8 -1 -1 -7 -12 
-1 -3 11 8 -1 0 1 2 
-14 -8 -11 -4 -1 0 2 -2 
1 0 -15 3 -1 -2 0 3 
-38 -7 -20 -18 0 1 0 -7 
-2 -3 4 9 -3 -1 -1 0 
0 -2 13 -3 -1 -2 1 -7 
4 -20 5 6 0 1 -9 4 
8 7 -7 -4 2 0 1 2 
15 8 19 12 -2 -2 -1 16 
-16 -2 -17 -15 -4 -2 -1 -30 
-5 -2 11 0 0 -2 0 4 
5 -10 -8 -4 -3 -4 -4 -5 
1 5 1 6 0 1 6 3 
18 -2 -6 -1 -3 -1 -4 8 
-2 7 -7 13 0 -1 2 6 
-10 -2 19 -13 -2 -2 -2 -29 
-2 3 -20 -4 2 -2 0 -4 
-2 -3 27 1 -2 0 -3 0 
14 -3 -20 -6 -3 -2 1 0 
-9 15 -7 4 -3 -2 2 10 
5 -6 -36 -12 -2 -3 -2 -1 
-11 -6 28 7 -1 -2 -5 -6 
5 5 10 -7 -1 -1 -1 -12 
15 -8 -7 1 -4 -4 2 4 
2 -12 5 -1 -5 0 -3 -4 
-3 15 -13 2 0 0 0 5 
-13 -6 2 2 -1 -1 -3 -5 
16 -3 3 -9 -1 -1 1 4 
-4 3 29 3 0 0 1 5 
2 -6 -40 4 1 -2 -4 2 
-9 4 29 -9 -1 1 1 3 
-2 2 -3 -3 -1 -1 -3 2 
6 4 1 8 1 1 2 -7 
-1 -3 -17 2 0 -1 0 4 
-3 3 11 8 -1 -2 0 -2 
4 -6 11 -7 -1 1 0 6 
-13 -15 18 4 2 0 -1 2 
16 -1 10 7 -1 -2 -3 -19 
-5 -4 -24 -16 -3 -1 -1 -2 
-21 1 -16 3 -1 0 0 -5 
-5 -5 14 -8 -6 -2 -4 -2 
-37 -16 16 -3 0 -1 0 -3 
-10 1 -2 14 0 -2 1 3 
28 -8 -29 -10 -4 -5 -6 -5 
-9 3 -16 1 0 -2 -5 -2 
7 -3 -7 -19 -4 -1 5 2 
5 5 22 1 0 2 -3 -1 
0 1 19 6 2 0 2 8 
8 4 -15 0 -5 -4 -5 -8 
9 0 15 0 -1 2 -1 4 
-10 -9 -16 -1 -1 0 3 5 
23 4 10 3 -2 -2 -3 1 
-15 -4 -16 -7 0 0 2 4 
2 4 0 1 -1 -1 -10 -3 
-13 4 -11 -8 -4 -1 -1 -2 
6 -2 -12 4 1 0 1 2 
5 4 13 -9 -1 -3 -1 -2 
-9 0 -18 4 -1 -4 0 -5 
8 -13 4 -8 -3 -2 -2 2 
-7 12 7 19 1 -2 1 -5 
20 6 -4 -10 -3 2 5 5 
-36 0 -9 -1 -3 -3 -11 -12 
-1 -5 -1 5 4 2 2 0 
-6 -11 12 -2 -6 -3 -2 -1 
12 3 -27 -8 -3 -2 -1 -5 
15 2 14 -2 1 1 2 13 
6 4 -17 -14 -3 0 -1 -2 
-11 -8 -11 -1 0 1 0 -2 
5 3 27 13 1 0 1 8 
3 3 -30 -11 -3 -2 0 -3 
9 1 4 7 -1 -3 1 3 
8 -1 -7 -6 -1 1 -5 1 
-6 -5 19 3 -4 -3 -6 -6 
2 -15 18 14 1 2 6 8 
-6 -5 -24 -12 -3 -3 3 -1 
-8 -8 13 7 3 2 0 -4 
-2 6 -30 -9 -2 -2 2 -2 
0 1 22 7 0 -1 -7 -11 
-2 4 -5 -1 -5 -3 -1 -3 
10 -2 -1 -22 -3 0 -1 6 
4 -3 -27 -2 1 0 -2 5 
-33 -4 -16 -2 -4 -3 1 -25 
11 -14 42 20 -1 -3 -5 1 
-8 10 -25 -24 0 2 1 2 
-8 4 46 24 1 2 3 2 
15 -6 -27 -24 -6 -4 -7 10 
-6 -18 -13 3 1 -1 -4 -7 
1 -3 29 9 -2 -2 -1 -3 
6 1 -4 -3 2 0 -2 -6 
8 22 -7 12 3 2 8 1 
-24 -13 11 -8 2 0 -8 -6 
9 9 -43 -8 -6 -4 6 5 
-27 0 9 4 0 -2 -6 -7 
32 -6 6 2 1 0 4 17 
-57 2 11 -12 -2 -2 -8 -9 
0 -2 -20 -8 -6 -2 -5 -4 
-16 11 4 6 0 -1 3 -4 
7 4 -33 -11 -2 -2 5 7 
20 31 15 16 0 0 6 1 
-11 -4 20 6 2 0 -8 -3 
-15 -7 -22 -9 -3 -2 1 2 
-12 -42 26 15 3 1 -5 -3 
13 33 0 -21 -4 -3 -1 2 
-6 -2 14 17 0 -1 4 -7 
-3 -28 -54 -36 -3 2 2 -2 
-19 0 27 5 -3 -1 -12 -1 
12 0 -7 0 2 1 1 3 
3 -8 3 8 -2 1 0 -14 
0 -11 9 6 2 -2 -4 3 
-1 -1 -6 -1 -4 -3 -1 -12 
3 16 -14 -11 -3 1 14 -12 
-12 25 -5 -3 0 -2 -1 8 
12 14 21 4 -3 -2 8 4 
-16 -2 -5 -4 -4 -3 -20 -8 
7 -19 7 8 0 -1 -1 0 
21 -11 1 -3 -2 -2 2 1 
-6 -2 -3 4 2 1 3 -6 
28 27 2 -11 0 0 0 -1 
-10 -10 -31 -13 -2 -2 -4 -2 
20 14 7 4 -1 -2 -9 6 
-3 -13 0 -6 0 -2 -5 -17 
22 17 8 5 2 -1 12 9 
-1 15 10 6 -1 -2 -1 8 
-15 -36 -19 -5 -2 0 -4 -6 
23 33 31 6 -2 -1 4 39 
-17 -13 -9 -1 0 0 1 -4 
13 -14 0 -6 -4 -1 -5 18 
-17 -8 14 1 3 0 2 -27 
2 8 1 1 -3 0 -3 3 
-6 -13 -33 -10 -1 -2 -4 -7 
-14 -3 3 -7 -5 -3 -1 8 
9 1 7 10 3 -2 1 11 
-15 -21 -35 -32 -4 1 -10 -12 
-7 2 -2 0 -2 -3 1 -2 
-1 -3 14 26 3 1 -1 -15 
4 5 0 12 -8 -7 -2 5 
15 -2 13 -29 7 2 -2 -6 
-2 21 -6 20 1 -2 -1 2 
-6 -1 -6 -3 4 4 0 10 
-3 -3 -13 -18 -5 2 5 -42 
-5 -4 11 2 -16 -13 -14 2 
-20 -21 -14 -30 13 8 2 -16 
9 12 3 22 1 -3 -6 -11 
-12 0 -12 7 0 -3 5 3 
7 -2 -10 -14 -7 1 -4 -6 
-1 -29 14 -7 -6 -5 5 8 
0 8 16 8 5 2 4 -46 
-10 -13 -35 -38 -10 -3 -7 10 
-1 6 13 27 4 -2 0 -6 
12 6 3 4 -1 1 0 18 
-5 -10 2 2 -8 -3 0 -10 
-9 9 28 10 4 1 8 11 
10 -2 -26 10 0 -1 -11 -7 
6 9 41 6 -2 2 2 -1 
-6 -22 -7 -15 1 0 -5 20 
-12 -28 -36 -14 1 -1 -4 -16 
2 -2 42 20 3 1 4 1 
-7 5 5 -15 -8 -7 -1 0 
2 -7 -32 7 3 1 -1 1 
12 19 4 14 -4 -1 -3 5 
-17 -11 -6 7 9 2 2 -10 
5 3 -2 -48 -9 -1 0 -5 
-12 -17 -51 1 -7 -4 -1 6 
3 3 -34 -3 1 -2 -9 -8 
15 10 45 4 -6 1 4 9 
-2 40 17 28 -3 -5 -1 1 
-15 -68 -51 -54 -4 5 0 -6 
1 -2 17 13 -2 -4 3 5 
11 23 70 26 21 3 2 -13 
-4 -2 -48 -43 -9 -4 -7 0 
7 -8 -51 2 3 1 2 5 
4 14 20 -5 -5 -6 -2 -2 
10 28 9 33 4 2 -2 14 
-35 -48 4 -20 9 -1 -5 -11 
20 22 44 12 2 -1 2 14 
-17 -5 30 29 0 1 -3 2 
12 5 -81 -41 -6 0 6 8 
17 40 57 83 2 -2 1 8 
-21 -18 -20 -35 -14 -8 -8 -18 
10 4 13 -25 -1 2 2 5 
-9 -4 27 19 -1 2 3 5 
-4 -16 -45 -13 -7 -2 -8 -10 
13 14 33 16 1 0 -6 6 
-16 -17 -27 1 -4 -1 1 3 
-16 14 1 -28 -4 0 -3 -4 
8 -17 -31 0 -3 0 5 0 
1 21 22 0 -4 -4 -7 -17 
-1 1 7 -1 3 2 -3 0 
-13 -29 -34 -12 -10 -8 -3 -1 
9 -6 -18 -13 -1 -2 -3 4 
14 6 68 39 5 -2 2 14 
-13 -17 -37 -29 -10 -2 -3 -10 
-22 -49 -82 -38 -6 -4 -3 -11 
22 22 30 15 6 2 2 12 
-16 -9 24 -6 1 0 2 -2 
7 2 22 13 2 -3 -3 7 
15 4 -1 -12 -7 -2 2 10 
-17 -7 -6 23 -7 0 -9 0 
14 15 -20 -45 -8 -7 8 10 
1 4 14 9 10 2 4 -6 
-10 -2 2 -3 -1 -3 -3 -7 
10 5 2 8 5 8 6 4 
-6 2 -3 -17 -4 0 -1 5 
7 -4 4 3 0 -2 -3 -3 
4 -8 -15 2 -4 -1 3 1 
-5 -4 0 -34 -4 -7 -2 -27 
0 9 -1 40 3 3 -4 3 
18 -3 -12 -6 0 -3 -3 6 
-37 -23 15 -16 -7 -3 -5 -17 
4 -10 13 25 2 0 1 10 
-9 5 19 10 -2 0 1 -14 
7 5 -37 -10 -10 -4 -6 6 
14 8 47 36 4 -1 -3 3 
-21 -13 -78 -35 -12 -4 -2 -3 
-38 42 17 5 7 -5 -6 -12 
3 29 -8 -1 -1 2 0 16 
7 4 7 11 1 -3 -6 -10 
12 6 25 11 1 1 8 3 
22 -12 -35 -5 1 2 -5 10 
-18 -7 43 19 2 1 -14 -25 
13 -3 -2 -2 -4 -4 -1 -1 
1 6 -22 -23 -4 0 0 7 
8 -19 -40 -5 -2 -1 2 0 
14 -8 19 -14 -1 -3 9 6 
-1 15 5 13 0 2 -2 4 
-3 -6 41 10 2 0 -6 -16 
11 3 -9 -8 -2 0 1 1 
-2 -19 -31 2 -3 -3 -2 -1 
3 0 -13 5 3 4 11 10 
-23 16 24 -29 -3 -5 -10 -6 
27 -2 -8 2 -3 -3 -1 10 
-20 -1 28 7 5 2 4 9 
-9 4 -27 0 -2 -3 8 -6 
-7 2 17 6 1 -3 -17 1 
-8 -17 -6 -5 -1 3 -1 -3 
0 -4 27 1 -1 -4 7 -1 
2 -54 -21 -5 0 2 -9 1 
-4 -8 -26 8 -1 -2 5 1 
-7 5 26 -9 -3 -1 -3 -7 
-2 15 -1 8 1 2 2 3 
-6 7 -38 -8 -1 -2 -10 -4 
4 -18 12 4 2 0 15 4 
3 3 -17 -6 -2 -1 -18 -10 
-4 -16 9 13 2 1 7 29 
-17 52 4 -18 -4 -3 -11 -31 
10 3 21 19 -1 -6 -1 -2 
14 -11 -17 -7 -3 0 13 5 
1 -18 -10 -12 -6 -4 -11 -3 
16 1 15 6 3 -1 -8 12 
-6 -5 -9 10 0 -1 1 -29 
8 22 29 12 3 0 9 11 
7 13 -16 -22 -3 -2 -11 -1 
-32 -25 6 9 -10 -8 -1 -7 
-10 -9 -22 -25 3 4 -2 2 
4 7 29 32 -6 -9 -3 7 
-8 -6 -34 -19 5 -2 -2 4 
-17 -22 4 -17 9 13 4 -34 
21 -11 31 1 4 0 -5 11 
-16 -14 -37 13 -7 -3 2 20 
-18 -14 -19 -20 -2 -13 -19 27 
5 15 16 -45 12 8 11 55 
-7 8 -27 -9 -7 -6 -2 -1 
-1 8 17 47 -4 -6 -8 4 
3 -30 28 -43 -9 2 -2 -20 
-4 3 -63 23 -18 -19 -9 10 
-5 10 -23 -24 2 9 4 12 
0 -3 15 1 0 3 4 15 
-2 19 -13 11 -8 -4 5 -36 
-3 -17 -2 15 -10 -4 0 1 
2 15 12 7 2 0 -4 -1 
-3 3 -14 -13 3 -4 -6 -29 
-8 5 45 47 -1 4 6 -1 
10 -18 -72 -68 -7 0 5 -14 
-9 -15 24 10 -4 -5 0 -6 
-6 -28 3 -7 5 1 -8 -2 
9 21 34 23 8 4 -1 -2 
12 10 16 9 -5 -2 0 22 
14 9 -42 -9 -3 -2 0 -7 
-54 -7 0 -11 -8 -7 -3 -8 
7 41 -36 -18 7 6 6 -4 
2 20 46 31 0 1 0 -7 
0 5 30 16 7 -1 1 3 
9 -10 -46 1 -4 0 1 -15 
15 0 -6 -17 0 -2 -2 3 
-5 -3 38 26 2 -2 -3 -18 
12 -35 -70 -29 -11 -5 -3 10 
-5 19 3 -7 9 4 1 -2 
-11 -45 21 -12 -13 -4 -3 -9 
2 -5 19 4 -1 -4 -5 -12 
5 23 40 19 5 2 10 13 
17 -8 5 -7 0 -3 -10 -21 
-11 -1 -4 17 -7 -3 1 -3 
5 4 -25 -46 8 0 -4 8 
-21 -18 -7 5 -9 -4 -2 -6 
13 15 12 1 -2 -2 3 -1 
3 6 15 -10 6 -1 -4 -6 
-20 -6 -3 19 -1 -2 0 2 
0 -42 14 11 -1 -2 -5 -2 
1 8 -18 -21 -3 0 3 2 
12 24 -27 6 0 1 -4 8 
-47 -1 13 -7 -1 -3 -3 -15 
-2 1 19 -8 0 -2 -5 -6 
5 5 16 -1 -1 1 5 7 
-13 -25 -45 -1 -6 -4 2 -1 
15 7 20 20 4 2 0 2 
-2 0 -24 -18 -3 4 2 -2 
-12 -26 14 -4 -7 -8 -6 0 
10 10 10 -3 3 4 -2 -4 
0 -7 4 6 -4 0 0 4 
-5 8 2 8 -1 -1 0 2 
10 10 0 -13 -2 1 0 3 
-13 -20 -15 8 -7 -7 -5 -19 
8 -6 -22 0 -1 0 0 -7 
4 16 23 -8 7 0 -1 9 
-11 -14 -24 5 10 1 -1 -16 
-11 9 13 7 -4 -3 -1 5 
9 -2 12 11 -3 -1 2 -4 
2 -4 -17 -3 -5 -3 -3 -3 
0 -5 1 2 -5 3 -1 1 
-3 -16 -17 -14 3 0 1 -6 
8 0 -3 21 1 -2 1 1 
-1 6 42 45 -3 -2 -3 -2 
-2 0 -20 -84 -8 -3 -2 -4 
5 8 5 2 -2 2 1 5 
-2 -6 -12 1 -6 -5 -5 1 
-9 2 -11 14 3 2 2 -9 
-3 -6 13 12 -2 -2 -2 1 
-1 1 -1 -5 2 -1 -3 0 
13 7 10 -16 -2 2 -1 2 
-1 1 0 9 1 -2 -2 -6 
-1 5 -2 -10 -1 5 3 -6 
-1 -4 1 -17 -7 -5 -3 -5 
-5 -9 11 -16 -4 -2 1 -1 
0 9 16 15 -1 -2 -1 -2 
-3 -9 -34 8 -7 -4 -1 0 
-2 2 25 -13 1 3 0 7 
-1 -5 -47 -8 -2 -1 0 -3 
0 0 25 -19 -5 -2 -1 -1 
-3 -1 24 27 2 1 -1 -3 
9 -2 -28 2 -2 -3 -3 1 
4 4 10 3 0 0 -2 -1 
-6 0 -31 -15 -2 -1 -1 0 
-3 -6 -9 11 -1 -4 -4 0 
-8 -1 2 -11 -4 -2 2 -6 
9 4 -13 -7 1 -1 -3 -8 
3 -7 -6 -2 1 1 1 12 
-7 1 20 5 0 -3 -1 -14 
-6 2 13 27 4 1 1 -9 
-11 1 3 -25 -4 -4 -3 4 
9 0 1 -15 -2 0 -3 -11 
5 5 -2 12 -1 2 1 9 
13 -4 -4 6 -4 -3 -3 1 
-16 -5 6 8 3 -1 0 -9 
-1 3 -3 1 2 1 1 -1 
2 2 25 -19 -6 -2 0 0 
4 2 -17 -5 0 -1 -4 1 
0 -1 20 -1 2 2 2 1 
-10 -2 -21 -8 -4 0 -1 -15 
3 2 20 8 0 -1 -1 5 
3 -15 -33 -9 -8 -5 -2 4 
-30 -1 9 4 -2 -2 0 2 
4 2 -2 3 5 0 3 7 
-6 -1 2 -9 -2 0 1 -2 
-4 4 15 10 1 -1 6 -4 
24 -6 15 3 0 -1 -11 9 
30 -3 -25 -9 -4 -1 0 3 
-56 -7 -12 -5 0 -1 -8 -1 
0 1 19 -3 -2 -1 -6 -1 
9 1 -15 24 1 -2 11 1 
1 -2 -1 -22 -4 -3 -5 -7 
21 -6 3 1 1 0 1 2 
-13 -2 -19 -7 -2 -1 -3 -5 
-5 6 -13 8 -1 -1 1 2 
-10 -6 -1 3 -6 -3 -11 -7 
-2 2 -3 8 5 1 10 0 
20 -1 -3 9 1 -2 -15 -6 
3 -5 -6 -40 -4 -3 0 -4 
-17 -1 15 7 0 1 -3 6 
13 3 0 -2 -2 -1 -5 -9 
-15 -16 -40 -7 -4 -2 2 -5 
13 5 14 7 -1 0 1 -9 
-8 5 1 -11 -2 1 0 2 
2 13 -16 -4 -1 -3 -2 2 
-3 -1 3 -3 0 1 3 3 
-3 0 -13 9 -5 -4 -10 -2 
-10 5 -9 -21 -2 -4 2 -5 
13 2 11 3 7 3 -1 13 
-5 -13 10 9 -5 -6 2 -3 
-9 5 -2 -27 -3 6 -1 0 
9 -8 -4 15 -1 -4 -2 2 
3 1 29 7 -2 -2 1 -4 
-3 6 0 5 -3 -3 -4 -2 
-7 -21 -49 10 0 -3 2 -5 
3 -1 4 -23 -5 -2 -2 -2 
-2 -8 2 -3 1 1 3 2 
-5 7 16 5 0 2 1 -1 
0 -3 17 13 -4 -2 -2 3 
-4 -4 -6 -4 3 -1 3 -3 
1 10 -13 7 2 -1 -3 -3 
5 11 9 -29 -6 -2 4 0 
4 0 -34 -1 -2 -5 -3 -2 
-6 6 4 8 4 0 -3 2 
-8 -35 4 -20 -1 0 -6 -4 
1 10 -8 26 3 1 1 3 
3 -6 54 -1 1 1 1 2 
-1 -6 -20 9 -8 -5 -1 8 
-3 -1 -30 6 -1 0 1 -5 
-6 27 15 4 4 5 0 1 
12 -1 28 -7 -4 -5 -6 5 
0 -8 -9 21 1 5 -1 5 
4 1 -5 -1 -4 -3 -4 -1 
-1 -13 1 -17 -16 -5 0 -3 
-14 -8 1 -8 4 -2 -2 -5 
4 2 4 7 3 2 3 -1 
-1 3 -9 -22 -5 -5 -7 -3 
-1 1 6 11 0 -2 0 0 
1 -10 -16 -5 -3 -2 0 3 
-4 -1 -8 -3 -2 1 2 -4 
-2 -1 5 -4 -4 -3 1 1 
0 -12 -4 8 5 1 -4 3 
12 19 -9 -8 0 1 1 9 
-12 -10 1 0 -2 -5 -5 -23 
-1 -2 -3 4 -1 0 -1 0 
-1 2 -7 -8 0 -1 1 1 
-4 -13 1 16 3 1 1 0 
2 -6 4 -3 0 -3 -1 1 
2 31 -8 -6 -4 1 1 -3 
0 13 -8 -8 1 -1 -2 -2 
-3 2 -16 26 0 0 -2 -4 
-17 10 13 -11 -5 -2 -2 -14 
3 -7 21 8 -4 -6 -5 -1 
-5 -4 -26 -13 2 -1 0 2 
-7 7 5 10 -1 -1 -2 -7 
6 5 2 -8 -4 -1 0 -3 
-2 -13 1 -3 -4 -3 -1 4 
-6 -12 -33 -5 -5 -5 -8 -7 
4 23 15 -12 0 0 2 2 
5 -3 -23 2 -1 -2 -2 6 
-11 -28 4 3 -1 -2 -4 -8 
0 -7 16 -5 -1 0 3 -2 
-6 -8 -12 -5 0 0 -2 -1 
-8 -9 8 0 -3 -2 0 -6 
4 2 -4 7 1 0 -1 -1 
-5 -20 4 0 -1 0 -2 2 
4 -10 3 7 -2 -2 -1 3 
-5 -9 -6 -35 -3 0 -4 2 
-4 34 -7 2 -1 -4 2 -1 
12 -5 5 -8 -5 -4 -2 -2 
-2 7 9 -2 0 3 1 -4 
4 10 -23 23 4 1 2 6 
-3 -6 -7 -40 -3 -1 -5 -2 
-1 3 21 11 -3 -4 2 2 
5 7 -2 -7 -2 -2 -3 -5 
-3 -3 17 4 -3 -1 -2 6 
-1 -9 -3 8 1 0 0 -1 
-5 -7 -15 4 -2 -1 0 -6 
-14 -14 -1 -14 -1 -1 -8 -17 
7 2 -2 -1 -2 -2 0 7 
-1 -15 8 9 4 2 4 9 
-3 3 12 -4 2 -1 1 -1 
-4 -2 -10 2 -2 0 2 -3 
0 -1 4 7 1 1 -2 0 
-1 0 -15 -4 -3 0 1 -7 
-4 -19 7 13 0 -2 -3 1 
1 29 -9 -9 -3 0 2 3 
-3 1 12 1 0 -2 -5 -2 
0 -1 -2 8 -1 -3 0 1 
-4 7 -6 -12 -1 0 -1 9 
-1 -8 13 0 -4 -2 -2 -12 
3 4 -3 1 -3 -3 2 4 
-1 2 -16 15 4 0 -4 -2 
5 0 5 -28 -6 -2 -2 7 
2 -2 -3 -5 -2 -2 -2 3 
2 19 21 5 -2 1 1 0 
-7 -26 -47 -19 -6 2 -2 -5 
-10 -5 18 14 3 0 -4 -1 
-3 -12 -22 0 -3 -2 -1 3 
-4 -25 9 -13 -1 -1 -2 -16 
4 36 17 3 -3 -3 -1 9 
0 6 -7 5 1 -2 1 -6 
-2 11 -1 -15 2 0 -1 2 
0 -10 26 35 3 1 0 3 
6 -5 -22 -38 -7 -7 -3 -10 
-4 -7 -8 0 0 1 1 4 
-3 -6 1 -3 1 2 1 -2 
-1 -13 -21 7 1 -1 -2 4 
2 7 26 11 2 1 -1 -1 
-2 4 3 -5 -1 0 1 -4 
-1 -20 -4 9 -1 -1 -5 6 
-4 -4 0 -9 -2 -1 -2 -7 
-1 -8 -13 1 -7 -2 -2 3 
-10 -9 -13 -6 1 -1 3 -20 
2 -14 2 2 -3 1 -4 2 
-1 50 -3 -1 3 3 2 1 
-4 -4 6 1 -1 -3 -3 -1 
1 4 -6 12 0 0 -1 1 
0 -6 8 15 0 -2 -4 -1 
-4 -7 -13 -39 -6 -4 0 -8 
1 -4 -11 -1 1 0 -1 2 
3 11 13 20 -1 -1 2 -1 
-2 -5 -3 -2 -1 -3 -3 -5 
3 5 -16 -2 0 -1 0 8 
-4 -7 4 -1 1 1 -1 -5 
-1 -13 -2 -8 2 -1 -4 -2 
