#EMG
#1
#ID:1-13
-3 -3 -1 21 0 -1 -1 3 
3 6 0 24 6 3 0 -1 
1 9 8 -29 -7 -2 -4 -1 
3 -5 -12 1 3 2 -2 -2 
0 -2 -22 -8 0 1 1 -1 
-5 4 13 15 0 0 -1 -5 
-4 0 -8 7 5 0 -3 -1 
-1 8 10 1 -2 0 2 2 
-2 -1 -14 -10 0 0 -5 -3 
0 3 -26 -10 -5 -2 4 4 
1 3 28 18 0 -1 -1 -2 
-3 -5 -5 1 -1 -2 -8 -12 
7 0 19 -15 -4 -3 0 0 
-7 0 -4 10 1 0 -3 -11 
-2 -3 14 -2 0 2 4 0 
-5 2 -8 20 0 -2 -4 -7 
1 5 -1 -16 -4 -4 1 -5 
5 7 -1 -8 0 1 -5 0 
-5 -17 -6 11 -6 -1 0 3 
-2 7 7 20 -2 1 1 0 
-6 -5 -5 14 3 2 -1 0 
-5 -15 -19 -40 -12 -7 -2 4 
2 10 -6 -2 1 -1 -7 -5 
2 -9 6 12 3 2 2 2 
4 38 3 30 -3 -3 1 -2 
0 0 -9 -11 -1 -2 0 -1 
-1 -2 -2 -23 0 1 5 -1 
1 -4 7 17 -5 -5 -14 2 
-2 -7 -27 -59 0 3 4 0 
-1 9 -16 -2 -4 -3 -2 -3 
3 6 8 20 2 0 1 4 
-2 -2 4 -8 0 -1 4 -10 
5 -28 9 15 -3 1 -2 -1 
-2 6 16 -13 -3 -1 -5 -1 
2 -4 -34 5 -5 -4 -6 0 
0 2 -1 -26 3 5 5 5 
-2 -16 18 7 -6 -5 -4 -3 
-9 4 9 1 4 2 4 -1 
-2 -18 -10 24 -8 -3 -4 -2 
2 10 -20 -36 -7 -7 -2 1 
-3 5 -10 -3 -1 2 0 1 
3 0 2 -24 -3 -1 1 5 
1 13 12 19 6 0 -5 1 
-3 -14 -6 17 1 1 4 0 
-5 -2 -13 -21 -1 0 -8 -2 
-3 -8 5 28 -4 -1 2 -2 
-3 -25 -10 -47 -7 -3 0 -5 
-1 4 19 8 -3 -1 -3 2 
-6 11 7 14 4 2 2 -2 
5 -5 14 13 4 0 -1 0 
-10 -15 -43 -4 -2 -1 -5 -2 
-4 13 -1 -12 -2 -3 -2 -1 
0 2 13 5 -2 -3 0 5 
1 -2 -12 5 -4 -4 -2 4 
0 -2 -14 -28 2 2 1 -7 
1 -12 5 1 4 -1 0 3 
3 4 -8 20 -4 -3 1 1 
-1 1 4 -22 -4 -2 -6 -2 
5 2 9 8 -2 1 5 4 
-10 -16 13 2 1 -2 -5 -15 
0 -8 -11 10 -3 -2 1 -3 
-4 -15 -4 -29 -5 1 0 4 
-1 12 17 12 0 -2 -2 5 
1 1 -11 -6 -3 -1 3 0 
3 12 8 12 -7 -4 -4 -5 
-1 -10 -7 9 4 0 -2 -3 
-5 10 14 0 -1 -5 -4 2 
7 -35 -35 -11 -4 0 1 -1 
-4 9 -14 -15 -2 -3 -1 -1 
3 3 -4 13 -2 -1 -5 0 
-3 0 26 6 -2 0 1 -1 
1 -10 7 -6 0 -1 -2 2 
3 -6 -8 2 2 -5 -2 2 
-2 -11 -11 2 -4 -2 2 -2 
4 9 -10 16 -5 -2 -2 -2 
-4 10 8 -26 -9 -3 -1 -2 
-4 -14 6 24 4 2 1 1 
4 12 32 -9 -5 1 0 0 
-7 13 -16 -23 -4 -2 0 -4 
-6 19 -17 8 6 5 1 -2 
0 -2 5 -11 1 -2 -1 -1 
1 6 11 25 -3 -4 -2 -7 
5 -5 28 21 8 4 1 0 
-3 -7 -26 0 -9 -5 -6 0 
6 14 -12 -32 -2 0 -1 0 
-3 -7 -12 5 6 1 1 -6 
-6 -6 7 44 2 -1 -5 -3 
-2 -3 -19 -26 -4 -1 -1 0 
-2 -14 -16 -3 2 0 -4 0 
0 11 -6 -4 -3 -2 0 0 
0 4 14 13 -4 -4 2 -3 
1 -2 -20 -19 -2 -3 -9 1 
-4 -12 -7 -3 0 -2 -1 -4 
3 1 20 -5 -2 1 1 0 
0 -10 -33 -30 -3 0 -3 0 
4 18 29 3 0 2 1 3 
-2 -12 -6 -5 -2 -4 -2 -5 
-8 2 0 19 4 0 -1 4 
-1 -11 -9 -24 -5 -1 -4 -3 
1 -4 9 -11 -2 -2 1 -1 
-2 16 26 21 3 -2 -3 2 
0 9 -25 -26 -8 -6 -6 -13 
-4 6 16 6 3 4 4 2 
-3 8 18 28 4 -1 1 -3 
-5 -15 12 6 -2 1 -2 1 
3 -2 -21 -26 -8 -5 -1 5 
-5 -5 17 -2 2 0 -2 -3 
-1 6 -12 0 3 2 -3 0 
-1 -1 23 9 -2 -1 2 -6 
-4 -11 -4 4 -1 -2 1 -1 
5 0 -10 -11 -4 -2 -3 -2 
2 -33 9 9 1 -1 0 -1 
0 31 -4 0 4 3 1 4 
-9 -1 9 -6 -2 3 -2 -7 
3 0 -13 28 -2 -3 -1 1 
-2 -6 -11 -29 -6 0 -3 0 
-6 -11 -13 -23 -1 0 1 -5 
0 -11 -12 0 1 -3 -7 4 
2 -3 4 -10 0 0 3 3 
-3 14 -5 24 -1 -7 -5 -15 
4 2 8 7 1 4 4 6 
-3 -3 -20 -10 -3 -1 -1 -2 
-4 -3 3 -9 -4 -2 -2 -5 
1 5 -11 14 -3 -1 5 3 
-1 -28 7 -4 -2 -1 -9 -5 
-4 3 11 2 -3 -3 -4 4 
-2 6 -16 -6 0 -2 4 -2 
1 3 0 -10 3 5 2 -6 
-9 -19 -3 -1 -2 -6 -12 -3 
2 10 19 11 1 0 3 3 
-10 -4 -24 -21 -5 0 -4 -20 
-6 -10 0 5 -3 -6 -4 -1 
-1 -3 -1 -2 0 1 3 -4 
2 35 -10 -1 2 0 11 3 
12 -20 17 2 -2 -3 -22 -5 
-11 -5 3 1 4 1 1 1 
6 12 -13 -5 -2 -4 -1 -1 
1 -9 14 6 -1 0 0 11 
-1 -9 -12 -10 1 -1 7 4 
-1 -3 10 -1 0 1 -8 4 
9 10 -10 4 -3 -2 0 6 
-5 -15 -11 -10 -2 0 3 -1 
-1 18 13 7 -2 -3 -3 6 
13 10 -3 -4 -1 -5 -2 -1 
-4 -21 0 0 -3 -1 6 -6 
-11 10 -31 -7 -1 0 3 -3 
1 23 2 -3 0 -3 -19 -8 
4 6 28 17 2 -1 1 5 
-1 -4 -9 -6 -1 -4 -1 -1 
-1 -31 -16 -11 1 0 -3 -2 
4 -9 -5 -45 -5 -2 5 17 
-4 8 26 17 -1 -4 -8 -2 
-9 -2 -11 4 -1 1 1 -4 
-4 4 -1 17 -5 -8 -12 -7 
-3 2 8 3 5 6 21 3 
1 13 11 -11 -2 -1 -5 -3 
1 39 1 -2 -2 -3 -7 -2 
1 14 -27 9 -3 -2 -4 -6 
-2 -5 3 -7 -6 -4 -1 -3 
3 8 -29 -6 0 -1 8 23 
0 -9 18 -2 -2 -1 5 -23 
1 -20 10 3 -2 -4 -22 -7 
5 14 7 16 1 -1 3 10 
-7 -10 -8 -17 -6 -3 3 -12 
-5 4 -31 25 0 -1 1 7 
4 -6 20 -36 -2 3 7 -3 
-6 10 -21 10 2 -2 -5 -18 
-1 0 24 3 -3 -2 2 -4 
2 11 -14 -54 -3 0 0 1 
-3 -3 14 21 -2 -6 -5 -9 
-3 1 20 33 2 2 -1 7 
-4 -5 -10 -5 0 -1 1 -4 
5 -5 19 -5 0 -1 5 8 
0 -4 -7 11 3 0 -19 11 
4 -24 13 15 0 -3 5 10 
6 31 8 0 0 1 -5 -3 
-3 -4 13 0 1 2 1 15 
1 -10 19 -6 -5 -2 10 -7 
-3 -3 13 5 1 0 -11 -3 
8 -7 -56 -8 1 1 2 -3 
-1 -6 32 25 1 -3 -7 2 
3 8 7 -7 -3 1 5 9 
35 -39 -13 -5 1 -1 -1 -18 
-28 -13 0 5 -2 -1 -7 8 
-2 23 -16 -6 -1 1 -2 -38 
-6 -10 2 6 -4 -5 -4 1 
2 -18 -27 -9 -4 -5 1 2 
8 -9 15 -12 2 1 3 0 
-11 -15 -2 8 0 -2 -10 -17 
-2 6 4 -2 -3 2 1 2 
-6 23 -33 -9 -3 0 0 2 
-4 -22 -9 10 -5 -5 -4 16 
-8 -7 -5 -4 0 -2 4 -23 
-7 -3 -2 -21 3 1 7 -41 
-8 5 2 3 -1 -4 -8 10 
-13 -17 -4 23 5 0 3 -9 
6 -4 0 6 -1 -3 -1 17 
3 -23 -26 -7 -1 0 1 -7 
12 28 29 0 1 2 6 2 
-4 -9 -12 -9 -6 -1 -6 -4 
14 13 6 12 -2 -1 1 29 
-21 -3 2 11 -1 0 3 5 
-6 11 -13 -27 -5 -4 -2 11 
18 0 14 56 -6 -1 8 24 
-16 -31 2 -49 -4 4 -10 -1 
12 -6 -35 -25 -15 -4 -1 87 
-2 1 -3 5 -4 -3 -2 -3 
-2 10 -1 -15 2 0 -3 -30 
3 28 11 27 1 -1 5 21 
2 15 -13 -9 0 -6 -2 -9 
-24 -25 19 -1 -4 2 -9 -14 
-5 -11 -10 -3 -1 -1 4 -10 
-10 -12 -16 21 2 -4 -7 -1 
9 12 3 -30 -3 0 1 -19 
3 5 -8 -30 -5 -4 3 9 
2 9 10 5 -1 3 4 -9 
1 -24 -30 11 2 0 0 2 
2 -12 7 6 -2 -1 -1 -7 
-9 -2 -3 4 3 -2 -8 -13 
-2 -9 -13 -18 -1 -5 0 16 
-1 -12 16 12 -4 -5 -7 -28 
-2 15 32 18 15 6 -1 -9 
-8 -15 -45 -60 2 6 7 -2 
7 21 -24 -12 -2 -2 -16 -2 
6 35 12 22 6 1 3 7 
-11 -31 -13 23 -6 -5 -2 -18 
-3 3 24 -23 5 -1 -1 -2 
0 13 26 6 1 1 -1 2 
8 -3 -30 -2 -7 -5 -6 -7 
-4 9 20 -30 6 4 0 14 
-2 5 -1 31 -2 -3 -1 -5 
-10 -28 -20 3 -12 -5 -2 -4 
-4 -10 -13 -39 4 -2 2 6 
1 17 6 22 -3 -2 3 -11 
-2 -5 -1 18 -5 -3 -2 1 
0 13 27 -8 7 2 1 -8 
0 -9 16 31 -2 -4 -8 8 
3 -10 -9 -34 -1 3 1 -2 
1 -2 0 22 -2 -4 -4 -5 
8 12 19 -8 -2 -2 -3 16 
-8 -3 -42 -43 -3 6 10 -7 
-3 -13 26 55 -1 -6 -5 -11 
-5 10 2 0 -9 -4 0 -4 
3 -4 -19 -1 -4 -3 -6 -6 
3 -6 50 -19 2 1 4 13 
-5 0 -40 0 -3 -1 -4 -10 
5 -17 4 7 3 1 1 1 
-5 -5 7 9 -2 -4 -4 -5 
24 -7 6 -19 1 2 2 40 
-16 -12 11 -1 -6 -1 4 -21 
-5 17 -9 30 0 -1 -6 -1 
-6 -12 -41 -56 2 -2 -5 -5 
22 6 14 7 0 -1 0 -1 
5 5 27 5 -4 -5 0 12 
-4 -22 -55 -19 1 3 2 -8 
-2 4 57 33 3 1 3 -5 
-10 12 -38 -27 -6 -7 -7 3 
6 9 -4 3 -1 -3 -10 -31 
3 -4 16 9 -1 1 9 7 
-8 -14 4 0 1 -2 -18 -13 
-12 -4 -9 5 -2 1 9 -1 
14 -23 3 -2 -4 -4 -12 -16 
-44 0 26 14 4 2 1 1 
8 18 -39 -31 -9 -3 5 4 
-6 5 -5 6 3 -2 -4 5 
-14 -10 -16 -8 -3 1 9 -2 
6 -4 14 9 -1 -2 -7 10 
7 -11 11 11 4 -2 4 -3 
-21 -2 46 -10 0 2 0 -18 
-3 -18 -81 -12 -8 -2 -6 -28 
8 40 -10 -21 0 3 -3 2 
-3 3 7 18 1 -2 2 5 
11 12 -9 -7 -4 -4 -5 32 
-5 2 17 6 -1 0 2 18 
0 14 43 20 -1 -2 -5 -12 
-15 -74 -54 -16 3 1 12 -9 
-9 6 -6 7 3 -2 -10 -19 
1 0 32 0 -5 -2 -1 8 
28 30 -12 4 -3 -1 11 11 
-10 3 0 10 -3 -3 -15 -6 
-1 -32 20 -14 -2 2 5 4 
-13 27 34 35 -2 -4 -3 0 
-1 -9 -58 -58 0 7 4 -48 
0 7 -6 13 -3 -3 -4 6 
8 -6 -56 16 -7 -3 -3 -23 
-10 -21 -5 -71 -7 -3 -6 4 
-4 -30 17 -8 2 0 -3 9 
2 29 19 25 0 -4 1 -7 
7 -33 26 -33 -5 2 -3 -15 
-12 11 0 47 9 5 9 29 
-7 -9 -26 -91 -12 -5 -7 -14 
6 -5 21 3 0 3 4 -7 
3 -2 -15 33 2 -6 -4 6 
1 13 -5 44 -2 -3 3 5 
-11 -6 3 1 -6 -3 -3 -7 
-5 11 -14 -14 3 3 -2 -7 
16 28 -19 8 2 5 16 -12 
-19 5 -22 -32 -6 -5 -17 3 
14 -5 -11 28 0 -4 -1 43 
-2 -3 15 -10 -1 -1 6 3 
-10 37 22 0 -2 -2 -8 -5 
15 -33 13 -3 -2 -2 2 16 
-9 -10 5 33 -1 -2 -4 -23 
4 0 -4 -8 -6 -3 -5 -36 
-6 5 -10 -61 -5 0 -1 10 
6 -3 -3 -15 -6 -7 -4 -4 
2 -17 1 22 3 3 2 9 
4 9 -6 -17 -5 2 4 18 
-16 -13 -4 0 -1 -4 -1 -18 
17 18 39 -6 7 3 -5 -15 
-8 -8 -28 -14 2 -5 -4 5 
-4 -13 -9 -10 -2 -5 -1 4 
-6 -11 11 -4 0 -1 -1 -3 
10 2 -11 31 6 -1 2 13 
-6 -2 8 -4 0 -2 4 -6 
5 1 -3 -1 -3 -3 -8 9 
-8 -14 17 44 0 -3 -5 -2 
6 16 -17 -17 3 1 6 -5 
3 9 6 25 5 0 4 20 
-14 -16 -12 6 -4 -2 -4 -30 
-3 8 -2 -28 -4 -1 -2 -38 
-4 -8 -2 3 5 4 2 -4 
-5 -3 61 7 -2 -5 -8 -8 
10 -1 -43 -44 -4 3 0 15 
-2 -2 6 43 4 -3 -3 8 
-10 10 -8 -12 -3 -2 -1 -7 
1 -11 0 20 3 -5 -5 4 
1 48 24 11 3 0 1 6 
-1 22 5 10 8 2 5 4 
5 1 -19 18 -14 -3 -1 -2 
0 5 5 -22 -1 2 -3 -1 
-2 -16 -7 11 1 0 0 3 
8 6 10 8 -1 -5 -3 34 
1 -3 -21 -28 -2 1 -2 26 
-5 -1 -28 -7 4 1 -1 -42 
1 4 20 14 5 3 -1 9 
0 -9 -32 -7 -5 -3 0 17 
1 -10 19 -24 -10 -3 0 5 
-2 -13 -30 21 -6 -8 -2 -2 
5 6 4 21 7 2 -1 10 
-11 4 30 -34 -2 -2 -3 -20 
0 -3 -19 2 -2 3 1 -2 
-6 -2 17 -20 -2 1 -1 0 
0 -4 20 23 2 -1 0 -1 
-5 14 -14 -13 1 4 3 -5 
5 17 -29 16 -6 -6 -1 -5 
-1 -10 -1 -89 -4 3 -2 -2 
-14 -68 6 10 -1 -1 -1 -4 
11 -4 15 9 2 -1 0 52 
6 -16 14 5 -1 -2 3 24 
-9 15 -28 21 1 -2 -2 17 
4 6 -4 -6 -2 -2 0 4 
-3 -29 2 29 -3 -2 -1 -14 
5 4 10 -24 3 6 -3 -2 
5 -2 17 52 4 -5 -1 7 
-6 -8 -23 -45 -11 -6 -3 -12 
-3 -6 -6 2 1 1 -2 -14 
-13 3 -3 5 -2 -2 0 -12 
5 0 -25 -20 -9 -4 -2 -10 
1 13 10 17 -1 -1 0 0 
5 10 4 -51 -4 -5 0 -12 
-7 -15 7 14 -1 -3 -7 11 
2 5 11 22 4 4 1 -2 
-2 12 5 -25 -5 -2 -1 -1 
-8 -1 -13 18 -5 -4 -5 -52 
1 -12 8 0 2 0 1 4 
7 -28 18 -3 -6 -3 -1 14 
-1 27 -13 16 10 3 2 -4 
-16 -20 -1 19 -2 2 -1 -2 
-4 -10 -6 -7 -7 -1 -2 -16 
1 15 18 1 4 -1 1 -9 
2 -13 -6 4 -5 -3 -1 -1 
1 1 -35 -53 -8 0 0 9 
10 -5 31 12 2 -4 0 -5 
-6 -2 -15 -7 -1 -4 -2 -5 
-1 12 -14 25 -3 -3 -2 11 
1 3 -13 -60 -10 -6 -3 -2 
-1 -4 16 0 2 1 1 -6 
-2 3 10 11 -4 -2 1 2 
-2 -6 3 -8 -1 1 -4 -39 
-6 2 -5 29 5 -1 -2 -1 
2 7 -3 11 -5 -4 -1 -34 
0 0 -9 2 -5 3 1 12 
-1 -5 -6 -59 0 -1 1 13 
4 -13 19 50 3 -1 -2 -3 
-10 10 -3 -22 0 0 1 -3 
0 10 -9 -9 -4 0 -1 -9 
-5 -16 8 11 0 -2 1 5 
4 12 -4 10 2 -1 -1 0 
0 -24 -11 11 -5 -6 0 9 
-11 -8 7 17 0 1 0 -5 
4 29 -11 -22 0 0 -3 12 
2 -4 -6 2 0 -2 3 47 
-3 2 -17 5 -8 -4 -5 -2 
5 -6 20 -19 1 -1 -2 -1 
-4 -4 0 21 2 2 1 0 
-3 -24 -7 -3 -3 -2 -2 -1 
-5 8 8 -10 -2 1 2 2 
5 -5 -17 11 4 -2 -5 -4 
2 7 8 8 -5 -1 -1 6 
-3 -5 6 -26 0 -1 0 -23 
-6 -2 -17 20 -2 -3 -1 2 
1 1 11 -26 -2 -3 1 -8 
-9 -11 -2 5 -4 2 3 -3 
-6 9 1 11 1 1 -3 0 
4 -7 -20 -8 -6 -4 -1 -4 
0 10 7 3 -2 1 -2 8 
-2 -24 -2 -12 1 -1 -3 -6 
-2 -9 14 -4 1 -2 -4 -8 
2 12 17 21 5 2 -1 -1 
0 -3 2 -9 0 -1 2 -2 
-2 -5 8 -21 2 0 -2 -6 
1 -14 -18 25 1 0 -4 -6 
-1 3 9 -11 -2 -4 -1 -1 
-1 1 -10 48 -4 -2 -2 5 
0 -10 -13 -58 -6 1 -4 5 
2 0 3 18 1 1 1 -23 
-8 -7 -7 -29 -2 -2 -2 0 
-1 -4 -13 7 -2 -3 0 4 
-8 11 21 15 -2 -4 0 11 
-1 9 -1 -6 -2 -3 -3 -43 
3 -7 -10 11 6 4 1 2 
2 20 1 -23 -1 1 -2 -5 
0 -5 12 11 -3 -3 -2 -4 
1 14 -1 -17 -1 -1 1 14 
0 -1 -12 0 -4 -2 -4 1 
-5 -9 -7 -1 -1 -1 -1 -2 
5 12 -2 15 7 -4 -3 -1 
-7 -25 0 -5 -2 -4 -2 6 
-3 3 19 7 -8 -4 -2 7 
1 -1 -13 7 8 3 0 0 
-1 -3 -17 -33 -4 -3 0 -3 
0 3 26 15 -3 -2 -1 4 
2 -5 -16 -25 -4 -2 1 0 
-5 -4 33 -3 -2 -4 -3 -5 
-1 -3 -33 9 -1 -3 -4 1 
1 22 2 -1 1 0 2 6 
-2 7 -14 -2 2 1 -2 -4 
4 0 16 10 -1 -1 0 1 
-2 -8 6 4 -4 -3 -3 -2 
-3 -1 -11 -13 -5 -1 -3 8 
-1 -7 -2 10 -2 -1 -1 1 
-6 5 -15 21 -2 -2 0 -6 
6 -4 -14 -16 2 -3 -3 18 
-5 -8 1 -19 -10 -6 -3 -6 
2 10 5 23 6 4 3 -7 
0 -3 -4 -38 -12 -3 -2 -7 
-5 3 24 26 1 1 0 5 
7 -3 -33 -15 -2 -3 -2 2 
0 1 -5 19 -3 -3 0 1 
1 -22 -3 -41 -6 -4 -3 11 
-5 16 23 21 1 2 2 -14 
-1 -7 -20 -10 2 -1 0 3 
1 4 5 -6 -6 -3 -2 -6 
-5 7 -20 29 6 3 0 -2 
1 11 8 -14 -8 -8 -5 -6 
-3 -4 -1 27 0 2 1 -1 
-2 -34 -23 -57 -11 -3 -3 -2 
-1 5 16 9 3 2 4 0 
-3 -13 5 10 -2 1 0 -7 
0 9 12 28 3 -2 -2 4 
-3 -6 1 17 -4 -1 -3 -6 
-1 -11 -10 -38 -10 -6 -2 -2 
-4 -15 -11 -11 -6 0 1 -11 
4 3 -1 -23 4 1 0 15 
-7 7 13 28 7 2 1 4 
-6 -6 -2 15 0 -5 -3 -15 
-3 14 2 -4 -1 -1 2 5 
-1 -8 -14 1 -5 -2 -3 -4 
5 3 1 -8 3 2 3 -2 
-2 8 16 29 8 4 0 18 
-8 -22 -40 -34 -13 -5 -3 -9 
-8 -3 1 3 5 2 2 -5 
4 26 16 -1 -3 -3 -3 5 
6 14 -14 -37 0 0 0 -4 
1 4 10 14 5 0 0 -2 
-4 -5 -1 5 -5 -3 -3 -12 
2 18 3 9 3 -1 -3 -1 
0 -7 3 -34 -3 -2 -3 -7 
-1 -7 -12 7 3 2 -2 4 
-1 -1 -8 -8 -2 -2 0 8 
-3 -13 8 -10 -3 0 1 -1 
-2 -8 -10 17 -1 -1 -4 -1 
4 12 0 -2 0 -2 -2 -3 
-1 -1 6 16 -1 -2 0 -1 
-4 -28 -9 -2 6 0 -2 -1 
-1 -22 -7 25 4 0 0 1 
-10 -10 -18 -41 -14 -6 -3 -45 
-2 4 10 -2 -3 2 3 -1 
0 6 6 11 -6 -6 -1 32 
7 1 10 32 -3 -2 -1 8 
3 -35 18 10 16 5 -1 13 
-1 5 -1 -11 -4 0 0 2 
0 0 -10 -11 -6 0 -1 -2 
-5 -4 -7 2 -2 -3 -3 -3 
4 12 3 0 -4 -3 -2 14 
-4 -8 0 19 1 -5 -5 -1 
-2 -9 -5 -45 -4 3 0 0 
2 0 -8 -19 9 0 -2 -3 
-7 6 8 3 6 2 2 -1 
0 -2 13 14 -5 -3 -4 2 
1 5 -11 -11 -5 -5 -3 -8 
-7 -14 -4 6 -4 -2 -2 -10 
4 -2 19 19 -6 -2 -3 2 
-4 0 -30 -18 1 3 3 -3 
-3 7 -12 -6 8 0 0 -9 
-3 -5 10 10 -5 0 1 1 
-6 1 -18 -17 0 -1 -2 -45 
3 8 9 -12 -4 2 -1 2 
-2 -6 3 -2 8 -1 -3 -9 
0 5 9 16 2 -2 -1 0 
2 8 -21 13 -2 -4 -1 17 
0 -8 15 1 0 0 -3 -20 
-1 6 -6 8 -2 -1 0 -2 
-3 -12 -17 -34 -6 -3 -3 -1 
-2 1 7 32 -4 2 0 0 
-5 -3 -4 -26 -6 -4 -3 1 
-2 0 -7 -1 -6 -3 0 10 
0 19 -1 11 -2 -2 -3 -2 
0 1 4 10 -2 -1 -1 13 
6 3 -9 4 0 -1 0 6 
-8 -12 10 0 -4 -2 -1 -10 
1 4 -9 -54 -4 2 2 0 
1 -3 2 -7 5 0 0 1 
-1 7 -33 -9 -1 0 2 33 
-4 -6 7 0 -1 -3 0 -11 
1 8 4 11 -2 -4 -3 30 
0 -1 -6 -8 5 2 1 5 
-2 -5 17 25 -2 -4 -1 6 
-1 -1 -9 -18 -6 -3 -2 0 
-4 -5 -14 -35 14 5 0 2 
3 9 4 5 -5 -3 -1 1 
-3 -2 8 47 -1 -3 -2 -14 
-2 -16 -18 -24 -12 -3 -4 -5 
0 -12 11 17 -5 -2 -1 -14 
-2 -5 -1 -15 -3 -3 -1 -9 
2 11 -14 -22 5 3 -1 -5 
1 -1 20 10 0 0 -2 3 
-6 1 -2 20 -4 -3 0 -4 
0 1 -5 -44 -5 -2 -1 34 
-2 -10 4 9 -3 -2 2 -12 
-4 5 5 1 -2 1 -2 3 
-1 1 -8 -24 -1 -1 -3 -2 
4 1 22 19 8 3 1 42 
-4 -2 3 -13 2 -1 -2 -8 
3 -7 -10 10 -8 -3 3 2 
-1 5 13 16 2 -2 -1 -12 
1 1 -5 12 -1 -6 -4 -7 
1 -6 6 -17 -2 2 -2 0 
0 0 -5 -18 2 3 -2 -8 
5 12 0 28 -5 -5 0 4 
-5 -12 -7 5 5 4 1 -18 
-4 -9 -15 -25 -3 -2 -1 -4 
-1 13 -3 19 -1 -4 -3 -1 
-2 5 -3 -11 -5 -1 0 -4 
0 0 -6 23 -1 0 -1 -10 
3 9 13 -26 -10 -5 -3 -6 
-2 2 -26 14 4 5 1 -3 
4 5 0 8 2 0 0 5 
-8 -8 -1 -13 -5 -3 -2 -12 
-4 -6 -13 26 -1 0 -1 5 
-1 -3 23 -4 4 -1 -1 -3 
-1 0 12 -1 -7 -2 -2 -5 
0 3 -34 -5 2 -2 -1 -7 
3 1 12 12 1 -3 -1 1 
-6 4 -2 -7 -1 1 -1 -2 
-6 -8 -1 -3 -4 -4 -2 -6 
0 -5 8 9 1 4 2 -2 
-1 -5 -2 -2 -1 0 0 -3 
2 4 -4 7 0 1 1 0 
-2 -5 -9 -6 3 1 1 -2 
-1 7 6 -34 -6 -2 -1 -5 
-2 3 7 8 0 -2 -1 -2 
-4 -3 6 -6 -2 1 0 -2 
-4 -1 -25 34 -6 -4 -3 -5 
-1 0 -13 -17 -2 3 1 -11 
-4 -1 -8 -19 -2 -2 -2 -1 
1 -6 18 12 0 -4 -2 -1 
-1 0 -15 -8 -2 -1 0 -2 
-3 3 14 11 1 0 -1 0 
-4 -8 15 11 -2 -3 -1 4 
-6 -3 -52 -15 -7 -3 -2 -32 
4 -4 3 -8 3 -2 -1 13 
1 2 22 13 2 -1 -1 3 
-3 2 -20 -8 -4 0 0 -5 
-1 3 24 -9 -4 -5 -1 10 
0 1 9 12 2 3 -1 -6 
-2 -8 -33 -14 -4 -6 -6 -9 
-1 -6 2 11 5 1 -4 4 
1 15 3 -16 -1 -3 0 4 
-6 0 5 27 2 1 1 -7 
-2 -10 16 30 -3 -5 -3 -3 
0 5 -18 -27 -2 -2 -1 -4 
-1 -10 -3 17 4 -1 0 4 
-2 -7 -4 -15 1 1 -1 -7 
1 5 10 5 -5 -4 1 25 
2 -6 1 4 2 0 -1 4 
-13 -14 -2 -14 0 -2 -3 -38 
3 3 -5 5 3 -1 -1 11 
-2 1 -8 -20 -6 -2 -4 -2 
