#EMG
#6
#ID:6-5
-23 -7 -4 5 0 0 5 3 
7 -4 -4 -8 -1 -1 -2 1 
4 -3 19 2 1 -1 1 5 
-11 5 -1 2 -1 -2 -9 5 
-28 3 2 3 -2 0 1 0 
4 -5 -14 -12 -4 -3 -2 -4 
-2 -8 11 4 -3 -2 -2 0 
4 14 -6 9 -1 -1 2 1 
3 -1 -16 -19 3 2 -3 8 
11 0 9 9 -2 -2 -4 -6 
-17 -4 -7 -9 -2 0 4 -3 
6 -7 12 12 1 1 1 5 
3 -1 -14 -18 -4 -2 -5 -2 
-1 1 -2 7 -3 0 -2 0 
1 -1 -2 -5 -2 -1 -3 -2 
-3 -1 13 9 -2 -4 -5 4 
19 -1 -6 -20 1 -1 4 -4 
14 7 21 3 5 0 -4 3 
-1 -4 -6 13 -3 -1 3 -1 
-40 -2 -14 -13 2 -1 -2 -4 
-2 -5 14 1 4 3 -3 4 
6 0 4 -2 -5 -2 -1 3 
1 8 8 9 -1 -3 -2 -4 
15 -5 -17 -1 -3 0 0 -2 
4 -19 -1 -3 -4 -5 -3 -5 
-20 12 17 -10 2 2 2 -2 
5 -1 -26 0 -4 -6 -4 5 
-5 -9 -12 -8 -3 1 1 -5 
-2 4 10 9 -4 -4 -1 -1 
-2 -9 -4 -3 1 1 1 -1 
10 -9 12 8 -2 -3 -7 6 
0 7 0 -11 -1 -4 3 -10 
-11 2 -10 15 1 2 6 0 
28 -8 -6 -23 -6 -3 -10 2 
-2 2 15 -7 0 -1 5 6 
12 -4 -13 -11 -2 -2 0 2 
-6 9 14 11 -2 -3 -5 -8 
-11 -4 -6 3 0 -2 -2 -4 
1 -5 -2 7 4 4 1 -5 
8 -1 11 -6 3 3 2 3 
2 2 -15 -9 -6 -3 -8 -3 
-4 7 -3 1 -4 -3 3 1 
-8 -10 -26 2 -4 -4 -8 -9 
-4 -9 17 -7 4 3 7 9 
3 -1 2 7 0 -1 9 -4 
-13 -4 -1 5 1 -2 -17 -8 
0 8 9 -1 -5 -4 2 3 
6 16 -7 1 -1 -4 -1 -1 
-12 -3 13 0 -1 -2 -9 6 
-7 0 -22 1 -4 -2 7 -15 
14 7 16 18 3 0 1 1 
-38 -20 -4 -26 -7 0 -2 1 
10 7 -14 -22 -6 -2 -1 -2 
-10 -3 -10 -2 -1 -2 -1 -5 
-15 -3 5 4 1 -1 0 -20 
14 0 8 15 0 -1 -2 2 
-5 -1 5 1 -3 -3 -1 -2 
-8 -7 7 2 -2 3 -3 3 
5 -3 -11 -5 -3 -1 0 -2 
7 -6 -11 2 2 1 -2 5 
-1 -5 -3 -1 -2 -3 3 9 
7 -6 -6 -5 1 3 6 -1 
-26 5 14 -2 -4 -4 -4 -3 
5 10 -7 4 -1 0 -5 0 
3 3 -4 0 -2 -4 -6 6 
4 -4 10 0 -3 -2 11 5 
3 3 4 5 2 -2 3 5 
16 -3 -13 -1 -8 -2 -14 -5 
-54 -28 -14 -24 0 -2 2 -23 
-3 3 9 -1 0 2 1 -4 
1 3 4 -5 -3 -2 2 -4 
24 0 0 14 0 -3 -12 9 
-1 2 -24 1 -4 -1 5 -21 
-1 -4 1 -4 0 -3 -4 0 
-6 -8 -14 -10 0 0 1 5 
-14 10 -4 0 1 1 0 -16 
2 3 16 22 3 4 -7 3 
3 -1 -2 -22 -2 -3 4 10 
1 4 -5 4 -3 -3 -5 -9 
-5 -5 -9 6 0 -1 -2 -1 
-5 1 -6 -11 1 -2 10 -3 
0 9 -4 6 -2 0 -13 -3 
8 -8 -4 -4 -1 -2 -3 4 
-11 -1 15 1 -1 -2 4 -6 
27 3 11 9 0 -2 2 16 
-4 -10 -15 -3 2 3 0 -8 
20 -1 16 -1 -2 -4 -1 14 
-26 0 -16 -5 -1 0 11 -18 
13 7 18 3 -5 -2 -13 4 
-11 -8 -3 -18 0 -2 -2 -2 
6 0 27 10 2 0 1 6 
3 -10 -22 -10 -1 0 2 3 
3 21 -1 6 0 -2 -3 1 
-1 -1 3 1 -1 -2 4 0 
-11 -1 -10 0 -2 -3 -8 -10 
-16 -14 5 -12 -3 -6 -1 6 
3 -6 23 8 3 4 -1 0 
-12 -2 -17 7 -4 -4 -5 -10 
5 4 -33 -13 -4 -2 7 9 
16 2 15 2 -4 -2 1 13 
10 -10 -13 -3 -4 -3 -6 -3 
-7 2 7 -19 -2 1 4 -1 
16 -7 -16 5 0 0 -3 6 
-16 -4 8 2 0 3 -6 -7 
11 3 4 -3 0 -2 6 2 
4 3 10 15 -1 0 1 1 
-16 -22 -1 -13 -6 -2 -8 -6 
34 10 -2 0 -1 -2 -1 6 
-50 -2 -17 -7 1 2 4 -2 
12 -11 -10 15 -1 -5 -2 0 
2 10 -7 -29 -4 -2 -11 -15 
-2 0 5 6 1 0 2 2 
11 -1 23 1 -4 -4 -6 2 
17 4 -16 3 1 -1 2 -2 
-19 -5 -14 3 0 -3 3 5 
-10 1 10 3 -3 -3 -4 -4 
-3 0 -15 -3 0 0 1 -12 
3 7 31 5 -1 0 -7 9 
8 1 -7 0 -3 1 1 -13 
-53 -11 -28 -23 -5 -2 0 -6 
17 13 -5 -3 1 0 7 8 
4 0 27 13 -1 -1 -10 -7 
-8 9 4 -4 -1 0 -7 0 
23 3 -15 -7 -4 -2 -1 9 
-14 -3 -28 -9 -3 0 5 -21 
18 2 -2 -5 -3 -2 -5 2 
-29 4 27 20 3 0 1 1 
0 -6 16 -12 -1 -2 -4 -9 
20 -6 -11 4 0 -2 5 15 
-10 8 -8 -8 -2 0 -8 -1 
-4 -37 -12 -10 0 2 5 -2 
11 5 -11 0 -3 -2 -8 8 
-24 -6 42 5 -3 -3 3 -8 
-11 -2 -10 7 2 0 -19 -6 
-26 -4 -2 -14 -2 -4 13 -18 
12 -8 3 5 0 -1 -10 0 
0 9 10 8 2 2 1 -7 
-7 -11 -23 0 1 -2 -3 -1 
22 10 8 1 -3 0 11 9 
-28 -18 6 -4 -2 -4 -8 -14 
-4 1 -4 9 1 4 2 -4 
-4 -7 0 -12 -5 -4 10 3 
-3 -8 -38 -3 3 2 -11 -4 
8 4 10 7 -1 0 7 3 
-2 -9 -11 -6 -5 -5 -2 -15 
24 4 6 -2 0 -1 -12 3 
-30 -5 -3 3 -2 -4 5 -5 
14 5 13 9 3 0 -15 -7 
22 -12 -19 -7 -2 -2 -10 5 
-8 47 -4 -5 -2 -1 25 5 
25 -10 -5 -3 -3 -6 -25 4 
-4 -2 14 17 2 3 9 0 
3 2 -11 -14 -3 -2 -6 7 
5 5 2 -2 4 2 6 2 
-13 -1 -14 -4 -2 2 2 6 
-15 4 3 -3 -6 -4 9 -5 
11 -3 -5 6 1 0 -6 5 
-11 -17 19 3 -2 -3 0 3 
19 0 -3 9 1 3 8 0 
-10 -1 -17 -1 0 -2 -8 -13 
13 5 -3 -3 -4 -1 -2 8 
-91 -13 -12 -6 -3 -5 0 -20 
18 8 40 14 1 1 -9 5 
25 11 -24 -26 -3 -2 9 7 
-10 8 6 12 2 0 -2 -1 
24 -1 13 2 -4 -2 -5 -3 
-9 5 -22 -9 -4 -4 -4 -13 
-22 8 -9 -5 1 5 0 -3 
-5 -7 21 9 -1 -3 3 -3 
15 -10 -21 -42 -6 -4 5 26 
22 -14 30 20 2 -3 15 -4 
-11 -9 -14 -12 -3 -1 -26 -4 
-4 1 20 -2 2 2 1 -2 
2 -5 2 16 0 0 7 -8 
-17 -2 -10 -11 1 1 6 7 
27 -3 13 -22 2 -1 0 7 
-13 -6 -10 2 0 -1 -1 -10 
-3 -22 -16 20 1 1 -6 -1 
-4 -3 -2 -25 -4 1 -3 4 
-27 10 -13 17 2 -2 13 -9 
-56 -13 -27 -10 -3 -2 -15 0 
46 51 18 -1 1 3 5 8 
-29 12 -1 -3 -6 -7 1 11 
4 6 70 19 -1 3 12 3 
25 -14 -91 -32 -9 -4 -9 -2 
-10 -26 0 21 4 1 11 6 
-6 3 28 9 2 0 -17 -9 
32 7 -33 -46 -5 -4 -3 8 
16 -24 9 1 -1 -2 -7 -1 
39 -2 16 2 0 -1 -1 2 
-21 3 -9 9 0 3 6 -4 
11 -17 -32 10 -4 -6 -5 1 
1 6 3 -5 0 1 23 -4 
26 -11 -15 -6 -1 -3 -34 -9 
10 31 9 -1 2 -1 -6 -4 
-42 -4 11 35 4 3 7 -2 
10 -6 1 -29 -8 -2 -1 0 
-39 -15 -3 -2 -2 -1 2 -19 
23 5 1 1 -3 -1 12 3 
22 -5 7 9 -1 -2 -18 14 
17 16 20 13 0 -2 3 13 
-25 -7 -10 1 -3 -2 -1 -10 
17 -11 -17 -33 -2 1 11 0 
28 7 -2 5 -1 -3 -24 -6 
-53 -21 17 9 2 -1 -12 -28 
13 4 -17 -3 -2 -3 11 44 
-5 -14 -10 5 -3 -6 -7 -5 
23 6 21 9 -2 1 13 3 
-9 11 -16 -13 2 2 -21 9 
-12 2 -1 -2 -4 -3 5 3 
-4 13 10 2 1 -1 -18 -67 
-5 -5 -21 -10 -3 -2 11 11 
9 8 22 25 -3 -4 -4 45 
2 5 -18 -15 3 0 23 -18 
11 3 16 -3 1 0 -28 35 
-12 -31 -14 0 -1 5 3 -20 
8 5 18 -1 0 -1 13 -4 
-14 -9 5 9 2 -2 -6 -8 
7 -3 -2 10 -5 -3 -4 -5 
-2 19 -1 -13 0 1 5 4 
1 16 9 -4 4 0 -1 4 
-7 -18 -12 9 -1 1 -7 -27 
-11 -11 -7 7 -6 -1 10 6 
-11 34 2 4 9 3 -11 -15 
16 3 -10 -6 -5 -5 1 -21 
-4 7 17 14 0 1 -6 -28 
-10 0 -1 -8 -3 -5 1 -14 
-15 -21 -16 21 -4 -4 7 3 
17 31 34 -5 9 6 5 -5 
-13 13 -6 -24 -7 -3 -9 2 
-1 -15 -40 -14 -9 -5 3 16 
-4 -13 -25 -36 -14 -7 -1 -4 
-8 -17 5 24 8 1 -7 0 
18 37 25 10 -3 1 -1 15 
-3 48 16 25 -4 -2 6 3 
-5 -8 -60 -29 -4 1 -3 2 
19 -1 -8 -50 -7 -7 -6 -7 
-52 -20 22 3 1 4 0 -19 
0 -27 -18 11 2 -2 -2 0 
-5 14 39 2 -3 -3 1 -4 
5 -2 9 77 6 1 5 -1 
20 -10 -18 -72 -12 -4 -1 17 
28 3 -8 39 11 5 -5 4 
-38 -15 9 -4 -3 -3 8 1 
8 -13 -29 -16 -1 3 -3 -7 
-28 -5 26 9 -3 0 4 13 
-3 -37 -57 2 -2 -6 -14 -12 
10 13 47 -24 3 1 3 -4 
-14 -4 -1 6 -3 1 7 1 
58 -10 36 22 4 1 -11 -10 
-35 -9 -24 -47 -7 -5 -17 2 
34 -9 -17 10 -2 1 17 11 
-88 0 7 9 -4 -5 -9 -15 
45 -10 7 -3 2 -2 12 3 
-31 9 9 -17 -2 5 -6 -7 
-14 -12 -2 2 0 -6 -12 10 
25 -5 0 -12 -6 -2 -2 5 
-43 4 1 50 3 -1 9 -12 
-30 3 -1 -61 -5 -2 -13 -14 
40 -1 -12 4 -6 -3 -5 26 
17 -10 1 -2 -4 -1 15 -6 
-69 0 -8 -4 5 3 8 -28 
33 2 33 25 4 -2 -18 38 
24 3 8 0 3 -1 -10 -17 
-11 -8 -10 -15 -5 -5 0 -28 
32 2 -20 -8 -1 -2 -6 31 
-29 -4 4 6 0 0 27 -11 
16 -1 -2 -2 -5 -3 -5 -21 
3 0 1 -6 -3 -2 6 7 
7 -4 -22 -6 0 1 -8 2 
7 1 11 2 1 -1 14 12 
-39 5 13 13 3 0 -11 -53 
-17 -20 2 -3 -1 0 -10 63 
14 -11 -45 -12 0 -1 -10 1 
33 8 15 -5 -6 -1 8 30 
-6 9 17 5 1 1 11 -46 
-15 -1 -23 39 -1 -2 -13 -48 
19 -15 -8 -47 -5 -8 -8 -15 
-23 -17 11 7 2 0 8 0 
-32 2 -19 4 -1 1 -8 17 
23 -6 26 3 -1 1 13 12 
-4 25 14 13 -3 -4 -18 10 
29 -4 -11 19 5 2 6 -49 
-27 -2 -30 -11 0 5 7 24 
-8 -14 -9 -5 -5 -2 -5 -2 
-1 16 18 -15 5 0 5 8 
6 6 3 17 -5 0 -5 16 
10 1 -38 -25 -11 -7 -5 10 
9 13 11 42 13 1 -4 1 
-26 -16 -5 -36 -15 -4 -6 -4 
5 4 4 30 -8 -8 -3 -5 
6 -14 36 -35 3 2 -2 -5 
-13 13 -2 33 -2 -3 3 -6 
2 -27 -42 -58 -11 -10 -10 -6 
7 8 64 17 1 0 2 0 
-7 -25 -73 26 -1 -1 4 11 
0 -3 14 -32 0 1 -6 9 
0 3 -24 5 4 0 5 1 
-4 -14 3 -35 -5 -2 -5 -16 
-7 -3 43 24 -3 -6 -6 -2 
9 14 -16 -33 -5 1 5 4 
25 0 -27 6 1 1 -4 4 
-33 -14 4 2 5 1 0 -8 
9 25 39 31 8 7 12 8 
3 -4 -38 -22 -3 -3 -14 -4 
-13 1 3 7 -10 -3 6 1 
28 -23 -29 -16 -4 -6 -3 16 
-16 13 13 -41 0 -1 4 4 
-24 -12 14 1 -4 0 -1 3 
-3 -2 22 43 3 1 -4 4 
8 29 -11 -27 -8 -3 4 -1 
12 -2 -3 7 0 -6 -19 -15 
22 -1 0 -29 -2 -2 1 3 
-4 -3 6 11 -2 -4 -11 -10 
-25 -3 -10 0 3 1 10 -17 
-13 -20 -14 4 -4 -3 -11 -4 
27 16 29 -2 1 1 5 7 
-37 6 -7 7 2 4 14 -6 
-24 2 -2 -1 -3 -2 -12 14 
3 4 -8 -3 1 -2 -9 6 
-6 -13 12 8 -5 -3 -1 -5 
-7 -8 7 23 5 2 10 -9 
10 -20 0 -23 -1 -2 -10 0 
4 18 -8 7 0 0 0 10 
7 -4 -16 3 -3 -2 0 -14 
-4 15 11 -14 -7 -4 1 -1 
5 11 -9 22 1 0 -11 9 
-16 -24 0 4 3 0 4 -4 
14 3 -5 -6 -5 -2 -6 5 
5 -15 -10 -3 -3 3 -1 -2 
-5 -12 -7 -10 -2 1 7 -15 
5 13 27 18 2 -1 -3 5 
-18 3 -29 -36 -4 -6 -4 -10 
5 -8 14 18 4 -1 -2 9 
7 15 11 0 -4 -1 -2 4 
13 -1 -1 0 -6 -4 6 -1 
-45 -6 22 0 3 7 -4 -9 
8 -2 -30 -8 -3 -2 -8 10 
11 -12 -13 0 -5 -7 6 -3 
-4 -13 0 5 3 1 -3 -12 
20 13 -7 1 -4 0 -5 3 
4 -15 34 32 4 -1 7 -4 
-1 9 -27 -45 1 0 -13 0 
7 -6 -12 -10 -10 -4 -1 1 
0 1 22 5 1 -3 4 -2 
8 -26 4 19 3 -1 -7 -2 
3 15 0 10 2 6 8 -2 
-13 18 9 8 2 0 5 3 
10 -3 -32 -7 2 -4 -13 4 
-20 -11 -22 -22 -2 2 11 -37 
-9 -12 22 17 0 -3 -14 -4 
-5 -7 2 -21 -6 -3 5 -13 
-3 3 -2 14 -1 0 -4 0 
6 21 -5 -1 -2 -2 -8 5 
-1 -8 -4 0 0 1 2 -1 
12 6 29 6 -2 -1 1 4 
-33 -14 25 13 5 0 2 13 
-16 -11 -89 -29 -8 -3 -5 -16 
-9 8 32 14 1 0 3 1 
10 -3 -11 -3 -6 -7 -2 9 
0 -11 -24 -31 -8 -2 -5 1 
7 16 30 -7 1 1 -1 15 
9 4 2 17 1 -2 6 -20 
-12 -2 -12 9 3 4 -2 -5 
-4 -2 8 -1 -3 -2 5 -2 
8 -2 19 13 0 -3 -4 1 
15 4 -22 1 -8 -5 4 8 
-9 -15 36 -22 3 4 -11 2 
32 -9 -63 -16 -9 -4 -4 -1 
-49 -15 9 12 0 0 -8 -13 
-31 -9 14 -25 -6 -3 3 1 
1 -5 -24 -21 -5 -9 -6 13 
-9 7 18 39 3 1 8 -8 
21 6 13 -20 -1 -1 -1 2 
-2 -12 8 5 1 3 -2 7 
-8 -8 4 14 4 1 5 -3 
12 8 9 9 -1 -3 4 -6 
6 19 18 -4 1 -5 -7 32 
10 8 5 8 6 6 -3 -30 
13 -18 -29 -20 -8 -1 -4 5 
0 2 -37 -24 0 0 -1 -8 
-15 -1 -7 -12 -5 -5 0 5 
-2 -31 -13 -3 -3 -5 -2 0 
-7 4 22 15 2 0 -3 -9 
5 46 24 12 4 1 2 3 
3 16 9 0 1 -3 -4 -6 
5 -2 -9 8 1 2 -4 6 
15 -3 -5 -9 -2 0 6 12 
-17 -8 0 -2 -3 -5 -9 -26 
7 -22 -8 -1 -6 1 6 25 
5 6 -10 -6 -2 -4 -2 -16 
-9 -4 -10 -6 3 -4 -2 5 
-5 -5 16 -16 1 3 -1 6 
5 4 29 13 -1 1 4 -8 
19 17 -11 -4 -1 0 -5 20 
-58 -5 -3 10 2 2 0 -28 
19 0 9 18 0 0 0 6 
20 -1 -11 -36 -4 -4 -2 -9 
-8 -11 -12 -4 -2 0 12 16 
14 8 2 13 -2 -3 -11 -5 
-12 -2 -5 1 -3 -3 -10 4 
1 4 -1 4 0 2 -3 -4 
1 6 2 0 0 -1 5 10 
6 24 15 1 -1 -1 3 -1 
-8 -15 -16 5 1 -1 -3 7 
11 8 -24 -44 -7 -2 0 4 
-19 -4 13 23 1 -4 -9 -38 
-12 -19 -30 -25 -7 -5 -1 -25 
1 -6 7 -4 1 0 6 7 
-6 5 6 5 2 -1 -8 -4 
-3 -9 -6 -2 -4 -2 0 4 
12 9 -3 -2 3 0 -2 8 
-2 21 45 -4 -1 5 7 -10 
6 -38 -74 8 -4 -2 -4 -6 
-6 -1 32 -24 -7 -6 12 -1 
9 1 -24 -5 -3 -4 -5 -2 
-6 -12 14 -2 -1 -5 -20 5 
3 7 20 18 1 0 7 1 
5 -25 -2 8 -1 1 -6 6 
-10 1 9 0 -3 -2 -7 0 
15 -14 -17 -10 -1 0 10 13 
-34 17 18 8 -1 -2 -1 -15 
-2 0 -30 -12 0 1 1 3 
5 16 4 -1 -7 -5 -3 7 
-8 -28 -11 -12 2 3 0 -10 
-2 -1 -7 18 3 -2 2 -7 
-3 10 -8 -35 -5 -1 -10 7 
3 -29 -14 11 -2 -1 1 7 
10 11 2 -2 -3 -4 -3 -27 
2 3 15 0 1 0 7 -6 
6 14 14 19 3 1 -3 -4 
-6 -21 -9 -5 -6 -2 3 0 
-8 -5 -1 -2 1 -1 1 3 
-18 7 -8 -16 -5 -3 -6 -1 
17 24 4 14 2 -2 -5 7 
-3 8 10 11 5 4 -1 -10 
-1 0 0 1 -6 0 4 4 
0 1 -17 -5 -3 0 -6 1 
-2 -20 -17 -8 -4 -2 -4 0 
-8 13 -12 -9 -3 -1 3 -5 
-3 2 3 4 -1 -5 -5 1 
3 0 52 17 9 4 5 2 
-4 -4 -32 -5 -6 -6 -5 -9 
17 -7 -13 -52 -4 1 -9 10 
-10 -6 -11 -9 -4 -3 -4 -18 
1 -6 1 7 -1 1 -1 3 
3 3 17 15 2 0 5 1 
1 -1 14 27 3 1 5 1 
-2 0 -9 1 -1 -1 0 8 
2 8 9 -4 -4 -2 0 -5 
-3 2 -44 -4 -1 0 -5 -1 
11 1 14 2 -3 0 1 4 
-48 3 -10 -13 -4 -3 4 11 
-6 -22 -5 4 -2 -6 -10 -27 
-5 31 7 -1 2 0 -2 -5 
7 6 8 7 -1 -3 4 0 
14 -7 -6 -1 3 1 -2 8 
-13 -3 3 8 -2 1 4 -2 
-8 -25 7 -12 -2 -2 -1 -1 
3 -1 -9 8 0 0 -5 1 
8 10 -5 12 -2 -2 1 -6 
7 -16 -12 -25 -7 -5 -6 9 
-5 -6 8 0 -1 1 4 -2 
-13 -4 -2 3 0 -1 2 -2 
7 -5 7 7 1 -2 -8 -1 
5 3 -10 -6 -3 1 -4 5 
0 -2 2 -4 -7 -5 -1 0 
0 2 11 1 1 2 -1 -2 
3 -1 -10 7 1 2 3 4 
-13 -29 9 11 4 1 -2 -7 
-2 10 -13 -1 0 0 -3 -1 
1 -1 9 -8 -6 -5 3 12 
-16 -4 -2 -26 -4 -3 -7 -5 
13 12 -3 -3 -6 -1 3 3 
0 -2 26 12 0 0 6 5 
-9 -34 -8 15 5 1 -7 -7 
14 -15 -10 4 -2 -1 -10 2 
1 12 2 -2 -1 -1 -2 8 
-2 14 17 -3 -5 -2 1 -7 
1 6 8 0 -2 -2 5 -1 
4 0 -11 -24 -5 -3 0 -10 
6 -2 -2 11 2 0 -1 -21 
-4 -17 6 -5 -2 -3 -4 -4 
2 6 -1 12 -1 -2 0 0 
-2 6 -10 -8 1 0 3 -3 
-9 13 9 1 -3 -3 2 5 
-12 -8 -21 1 3 5 -4 -4 
5 16 -8 -1 0 -2 -2 -2 
5 -1 -4 -18 -3 -1 6 -1 
12 1 -23 3 -5 -6 -4 10 
0 -10 -1 -3 -2 -3 0 -1 
-2 -5 -1 -7 -2 -2 -4 2 
-2 7 3 19 7 4 4 -1 
7 3 1 -4 1 -1 -1 -4 
5 -4 -2 -5 -1 1 0 4 
-10 -3 -10 -2 -2 0 -6 -13 
15 17 18 14 -4 -2 -1 0 
-44 -13 5 -20 1 0 1 -5 
-1 -7 -11 7 -2 -3 -2 0 
-6 -12 -6 -4 0 -1 11 -1 
0 5 31 12 -2 -2 -10 -15 
9 -3 -24 1 1 1 0 4 
-2 4 1 -26 -3 0 2 0 
-6 4 -20 -21 -4 -2 -6 -1 
-5 -10 6 5 -2 -3 0 2 
3 10 8 10 0 -2 -3 1 
2 29 17 17 0 -1 2 5 
-2 19 -19 -13 5 4 3 1 
-7 -7 -3 -19 -6 -4 -1 2 
11 3 -3 -10 -4 -3 -7 6 
-7 -13 5 10 -1 -2 1 3 
2 -4 -3 -2 -2 -2 -2 -3 
1 2 10 15 0 -1 -3 4 
6 -1 4 -2 0 2 -1 3 
2 3 12 -10 -5 -1 3 -6 
-6 -6 -22 28 1 0 -3 -5 
19 -11 -14 -30 -4 -1 2 3 
3 -7 -11 16 -5 -4 -4 0 
3 -8 -23 -31 -2 -1 -4 -4 
-10 2 39 1 1 0 1 -6 
2 22 -12 2 1 -1 -1 1 
-3 1 0 -2 -1 1 -5 -3 
-4 12 6 14 2 0 2 1 
16 -1 9 -1 2 0 3 9 
-16 -26 -29 -15 -4 -2 -1 -13 
-14 1 5 -2 -1 -5 1 -15 
-8 -6 1 2 -1 -1 -4 -6 
6 -3 11 7 -3 -4 -6 10 
2 17 28 10 2 4 10 8 
-17 3 -41 10 -3 -2 -6 -8 
10 -13 -26 -21 -4 -2 -3 4 
-2 2 -1 10 -2 -3 -1 -5 
18 -5 1 -13 -4 -3 -1 -4 
-1 3 9 -7 -3 -1 4 2 
5 2 5 11 1 -2 -3 -1 
-6 -11 -2 1 -1 -1 -2 -2 
-1 3 1 15 -4 -6 -8 -1 
-7 -9 27 21 12 6 11 15 
-11 -16 -44 -34 -9 -6 -9 -13 
-5 -3 -6 -16 -10 -7 -17 -18 
-2 15 -7 7 4 2 -1 4 
17 5 13 -1 -3 -4 -1 7 
-8 0 14 18 2 2 4 -2 
-4 3 0 -5 -2 -1 3 1 
-9 -7 -2 7 -1 -3 -5 -4 
1 -22 -2 -7 -5 -1 0 -1 
2 11 4 -7 1 -1 -4 -5 
3 -12 9 -2 4 2 10 3 
-26 5 -6 -6 -3 -2 -8 -25 
15 -6 -27 16 -4 -3 -8 7 
13 -17 -16 -34 -7 -4 -2 0 
-48 0 4 6 1 1 3 -3 
4 -5 15 0 3 2 9 4 
7 6 15 -2 -3 -2 -3 -4 
-3 10 9 26 2 -1 -3 -3 
14 4 -8 -6 -4 -2 -2 1 
-2 -7 10 18 2 1 2 7 
-13 3 -9 -35 -7 -3 -3 -17 
-5 -1 2 15 0 3 2 17 
16 -40 -3 -6 -6 -6 -3 -14 
-13 -4 -16 -4 -1 0 -4 1 
3 3 4 -3 2 -2 4 0 
-2 3 5 4 2 0 -1 3 
-4 -1 3 2 2 1 -3 2 
3 -16 -1 11 -2 -2 0 -2 
-2 -5 4 -14 -5 -2 0 -1 
0 1 0 -9 1 2 6 -1 
1 10 7 1 -3 -1 -11 -6 
24 7 -1 -1 -1 -4 -1 5 
-44 -10 -23 -18 -3 -3 -9 -1 
-15 -3 -3 17 2 0 7 5 
-12 4 -5 1 -3 -1 -2 -14 
0 6 19 2 -2 -1 3 4 
13 12 25 6 2 1 1 -7 
7 -9 -3 -1 -4 -2 -2 -5 
-7 3 -19 6 -3 -2 -6 -2 
0 3 -23 -9 -2 -2 -1 -2 
16 1 8 -3 -5 -2 -4 -4 
-1 3 9 1 1 1 2 -9 
0 10 12 -5 0 0 -1 6 
-8 -3 -9 5 1 0 1 3 
3 28 -3 4 0 -1 6 1 
-3 0 24 11 -2 -3 -5 -5 
-4 -22 -41 -42 -3 0 -4 -13 
-7 -13 -2 -3 1 -2 -10 0 
0 -19 7 5 -1 0 3 -1 
23 -6 -5 -6 -4 -3 -3 1 
-14 2 19 25 0 -1 4 7 
-2 -4 0 -18 6 1 -2 -1 
6 1 -19 -7 -1 2 1 -10 
4 -9 17 3 -5 -3 -10 12 
4 -5 -26 -5 -3 -2 3 1 
-4 -3 -2 -6 -5 -2 0 0 
-4 -8 5 11 2 -1 1 2 
-4 9 -12 0 -2 -2 -5 -10 
4 16 16 7 3 0 0 6 
-10 -15 -9 -10 -3 -3 -2 -3 
-6 -6 -4 2 -1 -2 -5 1 
10 -7 -41 -14 -3 -1 3 0 
8 14 26 6 -4 -4 -3 -3 
