#EMG
#5
#ID:5-4
2 4 -2 -2 -2 -3 -4 -2 
1 6 8 -1 -3 0 3 2 
-6 -9 -14 -5 -2 -1 -2 -2 
4 2 25 -3 0 0 0 1 
1 -1 7 2 1 -1 0 -1 
-3 -2 -7 -5 -1 -2 -5 -4 
-4 -26 -9 9 1 1 -1 -1 
-1 -11 13 0 -4 -1 0 0 
0 9 -29 -14 -6 -4 -5 -4 
-2 0 21 5 0 1 0 -3 
0 20 -5 -5 2 0 1 -1 
-3 9 7 10 0 -1 -2 -1 
-2 -13 0 1 -1 -1 -3 -1 
4 -15 -18 -7 -3 -3 -2 -1 
-15 -6 -3 -3 -1 -1 -2 -2 
-3 -8 0 -2 -1 0 0 -2 
2 21 4 1 -3 -3 -3 -1 
-4 -14 -7 0 -2 -1 3 -2 
3 -17 2 0 -2 -1 -3 -7 
-6 -1 9 5 1 0 4 0 
-5 -6 -8 -1 1 0 -6 -7 
11 7 -2 5 -2 -5 -2 1 
3 -9 -31 -25 -5 -2 -1 2 
-4 11 13 1 0 -1 -2 -4 
0 1 3 -6 0 -1 4 -3 
2 2 20 7 -1 0 1 1 
0 8 6 2 -1 -1 -4 2 
2 -4 -19 -5 -5 -4 -3 -4 
-1 -6 6 2 1 3 2 1 
-2 13 13 -7 -4 -1 1 -1 
-17 -10 -29 -8 -1 -2 3 -4 
14 -7 -6 4 1 -4 -6 0 
4 -4 -19 -3 -2 -2 1 2 
-1 11 -1 -2 2 0 -3 -3 
4 36 0 -1 0 -1 2 -3 
-6 3 6 0 0 0 -4 -2 
-7 -1 14 2 -1 -3 -3 -2 
7 -11 -7 4 -1 -2 -1 -4 
3 3 16 7 -1 -1 -4 1 
-4 7 -12 -2 -2 -1 -2 0 
1 -1 -18 -3 0 0 5 0 
-9 -4 12 -5 0 0 -5 0 
8 2 -7 0 -2 -1 3 8 
-25 -13 -12 -4 -4 -4 4 -27 
18 -13 8 2 1 1 -14 4 
-21 -3 -9 2 -4 -2 1 -1 
4 6 8 -2 -2 -1 0 -1 
19 -13 12 -3 -1 -2 -4 6 
-9 -11 -23 0 -1 -2 3 -1 
-2 -3 -4 -4 -3 -3 3 -13 
6 -1 -1 -5 1 -2 -11 3 
-1 -2 -4 0 -1 0 1 1 
-9 -7 21 1 -1 0 0 -11 
5 18 -8 -6 2 1 0 6 
-11 14 10 1 -2 1 3 2 
7 -9 -32 -3 -2 -3 -2 0 
0 10 6 -1 1 1 -2 3 
-10 -28 0 9 4 2 0 -1 
-1 -7 20 7 -1 -2 0 -3 
-4 9 3 -4 1 -1 -4 4 
-3 8 -3 7 -2 0 2 1 
6 -3 -12 -15 -5 -3 -2 2 
-3 -14 -6 0 -2 -3 -6 -12 
1 5 42 5 0 0 3 7 
0 1 -37 -8 -1 -1 2 4 
5 -24 0 6 -2 -1 -5 3 
-9 -3 -7 -18 -3 1 5 -11 
6 -19 -1 -2 2 -1 -4 -1 
-8 -19 22 3 1 1 -1 -2 
3 30 -11 -3 -3 -2 -3 3 
3 -18 10 5 1 0 4 7 
-18 9 2 2 2 3 3 -8 
-4 -7 7 -6 -4 -1 -1 -4 
17 -6 -20 -5 -5 -5 -2 7 
-10 -3 -5 7 4 2 -5 -19 
-1 2 -3 -2 -2 2 -1 0 
-1 4 5 5 -1 -2 3 -5 
-14 7 13 -2 1 0 -1 0 
9 33 -12 -11 -6 -3 -2 -5 
23 -11 20 4 -1 0 3 15 
-30 -30 -8 -1 -1 -1 -7 -13 
-4 16 -10 7 1 0 3 5 
3 2 11 9 1 -2 -3 0 
-1 -3 -16 -3 -1 1 -4 -2 
10 -3 -18 -7 -2 -4 4 9 
11 -11 19 -9 -4 -2 1 -6 
-34 -9 -1 13 2 1 -6 5 
-6 7 -8 -13 -4 -3 -4 -5 
-1 15 13 -4 1 2 5 -6 
11 2 -6 6 -2 -3 -7 -2 
20 -10 3 -8 -2 0 3 17 
-13 1 -14 5 0 -2 -2 -14 
0 6 11 3 -2 -1 1 4 
12 -9 1 -11 -3 -1 -3 -2 
0 -17 -21 15 0 -3 4 3 
-10 2 -25 -8 -2 -3 -6 -1 
-4 -4 17 -3 -5 -4 -3 -2 
-4 -1 -3 -10 -4 -1 12 -1 
16 6 5 -2 0 3 -10 -10 
-7 -18 19 10 0 -1 5 12 
11 16 -10 -8 -3 -4 -5 -13 
-18 -10 -4 4 -1 1 -13 -8 
2 -52 0 -13 -6 -5 -1 11 
7 28 -12 -5 -1 1 17 4 
7 0 21 18 5 2 -8 4 
-7 3 -14 -7 -2 -4 -6 -11 
-15 26 -9 -5 -3 -4 -9 -1 
18 -12 -11 -7 0 -2 3 7 
-15 -8 2 -2 0 1 3 2 
-8 6 22 9 0 0 -4 -18 
-16 0 -27 -11 -3 0 1 3 
-20 -8 -5 1 -2 -1 0 -4 
8 13 16 0 -1 -2 5 -12 
-1 -16 -29 -7 0 0 -11 -14 
-10 -15 8 12 -3 -2 10 -8 
6 6 -4 -3 0 -1 -20 -3 
-8 4 -14 -4 3 2 10 0 
17 15 20 -5 -2 -4 -4 6 
-1 -22 -1 -9 -5 -3 -2 -3 
-6 6 24 10 -1 -2 -2 -5 
5 -37 -38 -7 -1 -1 -5 -4 
-8 35 15 9 1 1 3 -1 
5 17 -12 1 0 -3 -2 -3 
-11 -10 1 -2 -3 -2 -4 -2 
12 -2 11 7 1 2 -4 6 
-9 -33 -9 -5 -4 0 7 14 
24 31 5 -7 0 -5 -6 -1 
-49 8 10 0 -3 -3 -3 -19 
4 11 -19 -3 -3 -6 -6 -4 
-5 -10 -4 -4 -1 0 3 4 
1 -7 7 2 -3 1 0 5 
29 12 -20 2 2 0 0 3 
-9 -4 -2 -14 -7 -3 -3 -2 
-14 -12 23 1 -1 -6 -4 -2 
7 -8 -26 3 1 0 7 3 
4 -17 28 12 0 -3 -9 7 
6 10 5 -9 0 0 11 -2 
15 -12 -19 -1 -1 1 -11 1 
0 27 39 2 0 -2 -4 16 
8 10 -49 -9 -2 -1 7 -41 
-25 14 -3 -5 -2 -2 -3 16 
-12 1 10 14 -2 -6 -1 -4 
-1 -9 -12 -32 -8 1 0 -6 
-9 -7 11 0 -1 -1 -3 6 
14 -11 34 15 4 2 -4 1 
7 -4 -31 0 -3 -2 0 3 
2 -4 -21 -8 -1 1 -3 -1 
-14 44 8 5 0 2 5 7 
5 -14 5 -9 -3 -3 -9 -9 
11 17 25 23 1 -2 17 -3 
-7 -6 -6 14 3 1 -7 -18 
11 -23 -2 -29 -9 -5 7 11 
-4 5 -6 22 7 1 -3 -1 
14 14 0 -10 -1 0 2 8 
-38 19 9 16 3 0 5 1 
66 14 -15 -11 -4 -4 -6 -11 
-12 -27 4 0 -3 -2 -10 -4 
12 -13 -27 -6 -3 -4 2 -4 
-4 41 24 -7 -2 0 -2 4 
22 -15 29 10 2 -1 -14 21 
-16 3 -24 -11 -2 1 3 -12 
-22 10 22 3 -3 -2 0 -19 
47 -13 -10 -6 -5 -5 3 -14 
-47 -18 -1 9 3 4 4 12 
73 36 0 -1 -4 -1 -7 26 
-37 -24 -1 -6 2 3 -4 -5 
-26 -8 -15 11 1 0 1 -3 
-64 0 5 -8 -3 -2 1 3 
-8 -14 -37 -26 -5 -4 10 -6 
14 -19 16 5 0 0 -23 39 
-8 6 8 3 0 -1 5 -39 
25 12 -4 -8 1 2 6 -4 
-33 -4 6 10 2 0 -6 -5 
-3 40 -7 -15 -4 -1 12 25 
-5 -23 6 -1 -2 -6 -7 -79 
-35 -79 -20 22 -9 -7 -18 -18 
9 28 -6 -19 8 3 -2 -3 
36 17 -6 -4 -2 -1 12 18 
-19 -12 0 -2 -1 -6 -29 25 
25 34 21 3 4 -1 6 -5 
-35 -5 -27 10 -5 -4 -2 -20 
-15 -13 -44 -26 -11 -5 -7 -19 
10 -23 15 12 0 5 16 28 
7 1 5 -2 -1 -6 -5 1 
9 15 11 -34 -5 3 0 10 
1 -8 11 22 4 0 -2 -10 
-19 -48 27 -12 -11 -3 1 4 
-14 -1 -6 2 6 0 6 7 
10 -8 18 -1 2 1 -6 8 
0 2 -24 20 2 1 -1 -20 
-18 -23 -5 -59 -9 -5 -7 17 
26 61 15 42 3 -1 8 2 
-5 -22 -22 9 3 4 2 -3 
-14 -16 19 -10 -1 -3 -4 -6 
26 12 -27 20 4 2 1 19 
8 19 46 -32 -2 3 -3 -10 
-8 -9 -67 -26 -13 -10 -2 -2 
-13 -18 -33 9 0 -2 -3 -2 
22 15 13 5 11 6 2 22 
-29 -44 2 15 -7 -3 -4 -53 
5 -9 16 7 0 -3 0 26 
7 23 1 -22 0 3 12 -4 
21 33 -4 10 2 -3 -2 7 
-9 -1 -35 -3 -3 -3 -4 0 
0 -30 38 17 3 0 -3 -2 
-9 8 -20 -16 -10 -4 -3 -3 
-13 21 1 28 3 1 4 -8 
30 -11 -42 -39 -3 0 -2 3 
-26 -4 20 9 4 0 0 -15 
9 12 16 4 -3 -7 -6 -6 
0 3 2 -29 -5 4 0 1 
11 2 0 7 -4 -2 6 43 
7 34 18 -11 2 -3 -14 -66 
-34 -43 -7 -20 -2 -2 -2 -6 
13 -16 5 13 4 2 9 15 
-31 -14 4 -3 0 -1 -13 13 
6 6 -29 1 -7 -3 4 6 
26 1 23 20 1 -1 1 4 
31 14 -11 -15 -3 -3 -9 7 
-4 -5 15 4 -1 -6 -4 -31 
15 -2 -13 11 4 5 42 123 
60 8 35 -9 -5 -4 -55 4 
-84 -5 -11 9 -1 -4 -17 -121 
32 -13 -48 -11 -5 -2 -7 64 
-66 -8 2 4 0 2 30 -27 
2 -15 -59 -15 -3 2 8 -3 
28 1 84 20 -2 -7 6 7 
-17 8 -22 -1 3 3 -1 -20 
23 -4 -32 -11 -6 -6 -3 6 
-45 -8 18 -4 1 3 -24 -20 
8 -43 -28 8 3 -1 -5 12 
-48 3 30 25 2 1 2 -11 
-7 2 13 -26 -8 -5 -6 -7 
-12 10 -21 -2 0 0 16 0 
-18 -18 -40 -22 -9 -5 -2 11 
37 44 30 0 3 -2 0 0 
12 -1 22 42 2 1 -16 0 
-17 -14 10 -28 4 1 4 -9 
-11 38 0 -5 -5 -2 6 2 
18 -14 24 -2 -2 -1 2 7 
-7 13 -38 0 0 -2 -16 -17 
16 4 28 46 0 -3 2 9 
15 -56 -59 -11 1 -1 5 23 
-24 -11 -9 -36 -8 -1 1 -15 
21 18 36 35 3 -1 -10 0 
-28 11 4 -7 -5 0 10 1 
11 24 11 -4 -6 -2 -1 14 
-15 -24 4 33 14 3 -4 -6 
2 -2 5 -43 -11 -5 -9 -14 
-5 3 32 65 -2 -2 14 6 
4 36 -35 -27 2 1 -1 0 
3 17 1 -12 -7 -3 -3 -3 
2 -14 -44 -23 1 1 1 3 
12 10 13 15 -1 -5 -6 -31 
-30 38 -9 8 -1 -4 -8 7 
18 -6 23 13 -3 -1 8 -5 
2 -16 24 21 6 5 -5 0 
6 -25 -12 12 -1 -1 -4 29 
-7 -29 -14 -48 -8 -4 2 -31 
-1 18 -14 -16 0 1 -6 7 
3 11 59 29 3 -1 1 -6 
3 -14 -47 -36 -1 -2 -1 -4 
-14 -22 15 21 6 4 15 7 
55 11 -26 -4 0 0 -5 1 
-3 6 15 6 1 -2 6 8 
-53 -6 12 -11 -3 -1 -27 -7 
11 8 -8 13 3 0 4 21 
-20 -17 -9 -9 -7 -3 9 -18 
-32 0 -18 -2 2 1 6 -11 
32 8 8 0 1 2 9 20 
55 -15 -18 -16 -4 -2 -12 -4 
-76 -8 4 13 -1 0 1 7 
38 -14 2 -8 -4 -5 -16 -6 
-32 -14 -10 -19 -6 -5 14 -3 
-13 13 23 25 5 3 -3 -19 
54 -32 1 8 2 1 6 38 
-45 3 -7 -27 -7 -5 -19 -25 
-16 -23 -3 7 2 0 36 9 
9 6 -13 11 -5 -4 -23 -49 
24 -14 13 -10 -1 -1 -12 3 
-5 -6 10 10 3 -2 10 4 
12 7 -26 -13 -2 -1 0 12 
-21 10 25 20 -2 -1 10 22 
-18 6 21 14 2 2 1 -12 
48 34 -53 -58 -16 -8 -10 -6 
-59 3 47 18 -1 -1 -1 -5 
36 12 1 2 8 5 6 20 
-49 -8 -14 6 -4 -4 -7 -8 
16 26 49 -5 1 5 -4 1 
7 -54 -100 -53 -17 -7 -4 -15 
-10 -3 -13 -31 5 5 0 11 
15 67 102 53 -2 -2 3 -19 
-24 -45 -107 -32 -3 -3 0 1 
24 16 28 26 -3 -3 -7 -4 
-15 11 -33 -3 2 -2 -1 4 
15 -20 -13 -11 1 0 -2 7 
4 24 19 -5 -1 -2 2 7 
7 19 0 13 1 -1 -4 -20 
-6 -24 -53 -7 -2 2 7 8 
2 -5 32 -5 -1 -3 0 -6 
-4 -5 -34 1 0 -2 -10 3 
4 -13 22 -17 4 3 7 -2 
-10 18 34 29 0 0 -8 10 
-46 -22 -43 -36 -5 -6 1 -7 
17 -15 23 32 2 -3 -7 -6 
-57 10 -11 -5 -3 1 1 -11 
42 -2 25 -19 -4 -6 3 12 
6 -5 -49 -12 -1 -3 -5 9 
-10 -21 18 41 -2 -1 6 0 
26 30 44 -9 2 1 -9 3 
-18 -13 -8 -9 -1 -4 -2 -9 
-2 -2 -7 -17 -1 1 17 20 
13 -15 -12 25 1 -2 -9 0 
25 7 0 -6 0 -1 -6 15 
-11 -19 26 36 5 1 -3 -12 
-32 3 -2 -15 -5 1 1 -4 
6 -14 14 -26 1 -4 -2 6 
22 54 -13 -15 -2 0 1 2 
-25 16 -17 -1 -7 -5 1 2 
11 -29 -28 16 5 5 -7 -12 
12 -2 35 -11 -6 -1 12 9 
-65 -18 -29 -8 -3 -4 -20 -25 
17 -7 42 3 -2 0 0 1 
7 28 -7 -3 2 0 -2 -3 
-3 -2 -7 -7 -1 0 2 -1 
11 -30 -2 5 -1 -1 -1 -19 
-21 40 26 3 1 3 1 -3 
21 -39 -50 -8 -1 -2 0 -3 
-43 1 14 -10 -2 2 2 -7 
24 3 21 10 -2 -3 0 -4 
-14 -12 25 8 -2 -2 -1 -2 
14 -17 -37 -22 -2 0 -10 -4 
10 -4 -4 22 3 -3 2 -4 
-6 3 19 2 -1 0 -3 8 
-3 -28 -9 -14 -4 -4 3 -8 
0 13 2 36 -3 -1 1 1 
16 -9 -23 -44 -6 -5 -9 -5 
-58 9 -21 0 -2 0 4 1 
26 -8 3 -5 0 1 -5 6 
12 8 48 -2 -2 -2 9 -2 
-26 0 -17 22 2 2 -6 -2 
36 -4 -18 -7 0 -2 1 15 
16 14 -5 -20 -5 0 -9 32 
-55 -10 -18 -4 -2 -5 -6 -4 
6 7 22 15 0 0 6 -3 
17 -13 11 -8 -5 -7 -3 3 
-3 8 -7 3 2 -1 2 11 
28 14 33 4 2 2 1 -10 
-29 6 -13 19 2 3 -10 -43 
14 -19 -57 -12 -7 -2 15 17 
2 -28 -3 -10 -7 -3 1 3 
-4 2 -5 -5 1 1 -7 -17 
-25 13 35 24 4 1 4 -2 
12 3 6 -10 -1 -1 -5 -1 
-5 -10 -18 -3 -4 0 3 -13 
9 -8 4 7 4 -3 -4 7 
22 21 4 -8 0 -1 4 27 
-6 -15 6 22 0 1 -6 -3 
-34 -23 -48 -46 -7 -6 -6 -10 
-6 2 -10 -27 -3 -4 -6 -2 
11 -2 7 6 -4 -3 2 4 
4 4 12 10 4 2 1 -8 
4 -4 22 30 3 0 2 -2 
30 5 -4 6 -1 -2 4 4 
2 1 7 -25 -5 -3 -6 -14 
13 1 -23 7 -1 -2 -6 -2 
-3 6 20 0 0 -2 -8 -8 
-2 -18 -28 -11 -1 0 12 2 
2 -9 17 10 1 1 0 10 
-11 12 -16 1 -3 -1 -5 1 
9 12 -4 -4 3 0 -4 -15 
-17 2 -15 -11 -5 -4 -1 -13 
-6 -10 3 -9 0 -3 1 -7 
0 -11 29 3 1 -1 -1 4 
-2 8 27 30 -2 -2 3 -3 
-1 11 -19 -18 -1 -4 -10 5 
-5 -10 -21 -3 0 -1 0 26 
7 -11 9 3 1 -3 0 -4 
17 3 -16 -2 -2 1 5 4 
-22 -4 22 14 -3 -2 -15 -17 
3 4 -9 33 4 1 -3 2 
-3 -6 9 -36 -6 0 7 0 
3 1 -47 -10 -3 -1 -3 -7 
-7 4 -8 -8 -2 -2 0 -4 
10 -13 1 7 -1 2 -2 5 
-12 3 21 13 1 -1 -3 -5 
-11 -14 -2 -9 -2 -2 -3 1 
-4 12 9 7 -1 2 0 -10 
5 40 -6 -11 -2 -2 -2 -7 
10 -2 -4 -5 -1 -2 1 6 
-13 -9 12 4 2 1 -3 4 
1 -5 -37 7 -3 2 -3 -5 
24 -10 -1 -2 -4 -5 2 -5 
-60 3 17 -27 -3 -3 0 -8 
-4 -6 -15 5 0 -1 -3 4 
12 -9 -12 -15 -5 -3 3 12 
1 -7 -4 -1 0 0 0 0 
10 1 1 14 -1 -3 -6 -24 
17 12 25 10 -3 -3 0 1 
-11 -1 9 -5 7 3 1 1 
-9 -3 -9 -10 -5 1 13 8 
9 1 -23 20 1 -1 -19 5 
2 -10 4 -39 -4 -1 0 -2 
-25 1 13 19 2 -2 -2 2 
-1 5 -11 -19 -2 -2 2 -9 
4 -13 -2 16 2 3 7 0 
-6 0 -42 -5 -1 1 1 -12 
27 -1 17 -7 -7 -7 -10 15 
-26 -21 21 -9 0 -1 2 -32 
15 37 -13 -13 -6 -3 1 11 
-25 13 16 7 0 -2 -4 -2 
-1 -10 7 -2 2 4 0 1 
1 -6 -13 -2 -4 -4 -9 0 
11 -41 -7 27 4 1 3 9 
0 0 11 -14 -5 -2 -1 10 
-6 7 -18 -8 -1 1 6 -19 
4 33 14 -2 0 1 -4 4 
3 -16 -16 1 -1 0 -6 -2 
-1 -14 15 12 1 1 -1 5 
1 9 -8 -5 0 -1 -5 8 
7 -19 7 -1 -2 -1 3 -9 
-14 11 22 -4 -2 -1 2 -1 
-2 -4 21 10 6 3 -2 -8 
16 -4 -10 -8 -11 -2 10 9 
4 -11 -34 12 -2 -5 -13 -7 
-11 16 1 -28 -7 -2 1 -5 
15 -15 6 10 1 -3 -2 0 
-1 -1 10 10 3 2 1 2 
-15 -1 -3 5 2 -1 -1 11 
8 4 -1 -2 -2 -3 0 -3 
-14 8 -8 0 -1 1 -2 -7 
-9 -35 -4 -4 -2 -3 -3 -2 
13 32 12 -5 -3 0 -5 -1 
5 -6 1 -2 1 -1 1 4 
3 -5 -35 0 -4 -2 -2 -3 
15 -3 -29 -11 -4 -5 -6 -11 
-34 -25 17 -7 1 -2 7 -20 
3 -30 -12 -33 -6 -5 -9 2 
-2 -10 19 23 4 3 -3 3 
-1 6 16 15 2 1 7 12 
1 10 -7 -15 -4 -2 -2 5 
6 4 7 21 3 4 4 9 
-2 3 1 -10 -6 -4 1 -1 
1 0 -9 -7 5 1 -2 5 
6 -26 -2 3 -2 -4 -4 -4 
-1 21 1 8 1 0 0 -3 
0 5 -13 -10 -6 -4 -1 -2 
-2 11 4 -10 -4 0 -1 13 
-16 -19 4 -4 2 -1 -3 3 
20 7 12 17 2 -1 0 -6 
11 10 -9 -5 -3 0 4 -2 
-35 35 16 6 1 -2 -7 -6 
-4 -8 -22 -11 -5 -5 -2 0 
-1 -8 5 10 -1 0 2 1 
-36 0 3 13 0 -2 -2 -8 
9 -4 8 -14 -1 0 -1 -4 
-2 12 -10 2 0 0 0 2 
2 5 6 -5 -2 -2 5 -2 
4 -6 11 9 1 -1 -5 -1 
-3 0 -22 -7 -2 -1 4 -12 
-8 -5 17 5 2 3 -7 -3 
6 -6 -20 -27 -6 -5 -8 2 
5 -8 -1 -2 1 -1 2 1 
4 5 18 4 1 -2 0 -1 
15 -1 -2 -1 -1 -4 0 -11 
-8 19 16 10 0 1 2 2 
0 6 -11 -7 -4 -4 -3 -2 
-4 -8 -5 -15 0 1 -1 4 
-4 -14 -3 -13 -5 0 3 3 
-12 -8 -1 13 1 -2 -3 -7 
4 5 -10 -22 -2 0 0 -31 
3 9 7 14 -1 -4 -5 -5 
-4 0 2 2 0 3 2 -5 
-9 -8 -1 -4 -3 -2 -1 -4 
8 25 45 17 2 2 3 6 
2 -31 -49 -17 -5 -2 -5 -6 
-25 -3 -26 -31 -13 -12 2 -12 
7 8 2 -13 -1 -1 -14 -3 
-7 -7 -13 -9 0 -1 -2 2 
5 -6 35 19 2 -1 1 -15 
4 2 6 8 2 -1 1 16 
-5 -8 -16 -1 -3 -1 2 -1 
3 -5 2 -11 -3 -1 -3 -2 
-5 -11 6 5 3 3 -1 1 
3 2 -14 6 -1 -2 -2 -1 
-5 12 4 0 -1 0 0 3 
-5 -4 30 11 2 -1 0 -9 
8 13 -32 -3 -1 -2 3 28 
12 -7 -33 11 -3 -5 -8 -38 
-24 -21 12 -28 -7 -3 -1 -5 
-3 -4 -10 4 -1 -1 -3 3 
-2 -2 21 5 -2 0 -3 -6 
9 5 26 11 0 1 0 12 
4 3 -15 6 2 5 4 4 
-1 -18 -15 -8 -4 -5 -2 -3 
2 -3 10 9 0 0 1 -5 
8 0 -4 -8 -2 -3 -3 8 
3 6 -6 5 -1 -5 2 -4 
-4 -15 -12 -8 -2 -2 1 9 
-6 -4 -1 -3 -1 1 6 -9 
-7 25 19 9 1 2 -10 6 
4 9 -30 -15 -1 1 5 12 
4 -1 -10 0 -2 -3 -2 0 
3 4 -5 -6 -2 -5 -5 9 
-7 4 6 -9 -4 -2 -1 -4 
3 -7 15 13 -1 -1 0 -8 
6 -22 -8 -6 -1 0 -2 1 
-9 13 1 5 0 1 -1 -6 
-2 -20 -1 0 2 2 5 11 
7 5 2 2 -1 -1 -4 4 
2 -3 0 3 -4 -4 -4 -10 
-6 -10 -5 -9 -3 -3 -3 -8 
-6 -1 -25 -25 -4 -4 0 1 
-4 -16 -25 0 -3 -1 3 -3 
-9 -9 2 -2 2 1 0 -5 
-1 -8 13 6 0 -5 -5 3 
3 5 9 3 1 3 4 1 
-4 -12 6 -1 -3 -1 -3 -3 
11 13 -10 10 2 0 1 5 
1 -13 -17 -10 -3 -1 -2 -6 
2 -7 -7 -8 -3 -4 -2 6 
-27 -9 13 6 0 -3 -3 -14 
-4 3 -20 3 -1 1 4 -1 
3 28 16 6 1 -2 -1 0 
1 7 13 9 0 -2 1 1 
1 -4 -28 1 -1 -3 -4 -11 
-1 2 7 -7 -1 -1 -2 4 
-7 1 12 16 -1 1 -1 -5 
1 -11 -11 -20 -2 0 0 0 
8 24 27 13 1 1 -1 7 
-6 9 -12 -29 -7 -2 0 1 
4 -16 -12 7 1 -1 -1 2 
-14 6 1 2 -2 -3 -4 1 
5 -5 2 0 -1 0 0 1 
-6 -2 7 17 2 -1 -1 -5 
9 8 25 -12 -2 1 -1 -5 
2 -48 -17 -14 1 2 -1 -5 
1 -1 -33 -8 -4 -4 -3 0 
-4 0 12 1 2 1 -2 2 
10 12 18 -4 -2 -3 -3 1 
-3 -4 8 7 -1 -1 -1 -1 
-1 -3 9 11 0 -2 1 -2 
2 6 -2 -30 -6 -4 -2 -2 
-9 7 -5 -7 0 2 3 2 
-1 -2 35 9 -4 -4 -5 -3 
-28 10 -64 -12 2 4 3 5 
4 11 -4 5 0 -2 -3 -5 
1 -7 -8 -7 -3 -3 -2 0 
4 8 6 8 -1 -3 -2 -2 
8 6 28 2 -1 1 -1 5 
-2 -18 -3 -2 -3 -1 -2 -2 
-8 10 -21 5 6 1 -1 -13 
-7 8 13 15 -2 -1 1 -5 
0 -26 5 4 -8 -3 -4 -1 
-5 -4 -10 -10 2 3 4 5 
6 31 -24 -11 -5 -2 -2 0 
4 9 -21 6 0 0 0 1 
4 -9 11 -7 0 -5 1 -3 
-2 -10 13 11 -1 -1 -1 -2 
-7 -19 6 6 0 0 -1 2 
-4 4 -10 -9 -1 1 -2 0 
6 9 5 -3 -2 -2 -2 -3 
2 -8 -4 5 -3 1 -1 2 
-6 -13 0 -4 1 -1 0 -1 
-5 -1 -5 2 -4 -3 -2 -1 
10 -13 5 -10 -2 -4 -5 4 
25 -4 -4 4 0 0 1 -14 
-58 -5 -10 0 1 1 -1 -23 
1 -5 -4 -2 -4 -2 0 5 
6 25 7 -8 -3 -2 -2 0 
-5 4 -4 -1 -3 -4 -4 4 
12 -5 4 -3 -2 0 -1 4 
3 3 -3 -4 -2 -3 -3 -4 
-8 17 -2 3 3 2 5 -3 
-4 20 7 2 -2 0 0 3 
9 -4 2 -2 -3 -3 -2 0 
-6 19 -6 -4 -2 -2 -2 5 
11 -17 16 -2 0 -1 -2 0 
-9 -6 -14 -6 2 -1 0 1 
5 -14 -3 0 0 2 3 3 
-3 -5 -5 1 -2 -1 -1 -2 
4 6 -4 -2 -1 -3 -1 -1 
-2 17 17 7 0 -2 -2 -1 
2 -4 0 -5 -2 -4 -3 1 
0 -5 0 -2 3 2 0 -3 
-7 -12 13 16 0 2 -3 -9 
-6 -16 -19 -44 -7 -5 0 7 
8 -2 3 -12 -2 0 -2 3 
-8 2 9 18 0 -1 0 -10 
0 -1 -29 -18 -2 0 -3 4 
1 -2 8 15 2 1 0 -3 
-1 -19 3 2 -1 -2 1 3 
-3 23 -1 -13 -3 0 -4 -3 
36 -6 7 1 -1 2 5 12 
-57 5 1 8 -3 -3 -2 0 
7 -3 12 3 1 0 -3 -4 
-1 3 -22 -4 1 1 0 3 
-2 -9 3 5 -3 -3 -1 -6 
