#EMG
#2
#ID:2-6
8 8 -24 -10 3 -3 -3 -9 
-13 -24 4 4 -1 -1 -1 4 
6 -9 -16 -15 -1 -1 5 -8 
-14 8 7 9 -3 -2 -4 -3 
-11 -20 11 6 0 -2 -3 -1 
9 33 18 -10 0 -1 -2 -5 
9 38 -47 -10 -4 -4 -3 -2 
3 1 7 9 3 3 3 1 
9 2 -3 8 1 -2 1 -1 
-4 -14 10 -3 -2 -5 -10 -5 
0 8 27 27 -3 0 3 2 
0 3 -52 -37 1 6 -2 -3 
0 -12 -21 -6 -7 -3 -3 -1 
-2 10 8 -4 1 0 1 6 
-12 -8 10 4 -4 -3 -2 -14 
11 -4 1 4 -4 -5 1 2 
2 2 26 3 1 2 0 2 
-6 -3 4 3 0 0 4 5 
4 -28 -68 -2 -5 -6 -8 -4 
2 2 9 -21 4 2 -3 9 
-15 2 0 0 1 0 -3 -15 
-6 6 12 -2 -1 -4 1 6 
0 10 7 -1 -1 0 -3 -2 
5 -4 -1 3 -2 -4 0 0 
-3 9 1 10 -3 -3 -1 5 
6 23 5 -3 8 10 2 -9 
-4 -32 -29 -16 -4 -1 6 -4 
5 13 -19 -6 -3 -8 -6 4 
-9 -37 18 -3 -3 -2 -10 -15 
2 -1 17 13 -1 -2 1 -2 
-5 -7 35 -2 1 -3 0 4 
2 12 6 18 0 1 4 3 
-6 -3 3 13 4 0 0 -5 
5 -5 -30 -41 -11 -3 -1 11 
5 -2 23 12 1 -1 -6 6 
-10 -37 -14 -1 -5 -1 2 -24 
-6 -1 -3 6 -4 -2 -1 1 
-5 -5 -23 -3 0 1 -3 -5 
10 -13 -15 4 -1 0 0 4 
-10 -9 -14 0 7 5 9 2 
0 26 -8 -6 -1 -2 -4 7 
4 0 4 -5 -8 -4 3 1 
7 4 40 5 1 -3 -1 13 
-13 15 21 9 -2 1 -2 -21 
-10 -11 -33 -19 -4 -1 -6 -8 
-6 -1 13 8 6 -1 2 -3 
-15 16 -20 -17 -4 -2 -2 -3 
43 -4 9 12 -2 -2 -4 8 
-16 13 0 -22 -4 -1 -2 -1 
-5 -16 8 18 -3 -5 -4 -5 
0 -48 18 12 3 -3 0 -5 
-3 18 -13 -38 -1 2 1 7 
4 6 -6 -4 -2 -2 3 14 
3 -2 10 10 -1 0 -7 -19 
1 -26 -1 6 -4 -3 -1 5 
-5 -10 16 7 1 0 1 3 
3 -16 -23 -13 5 -1 1 2 
9 5 -3 -14 -9 -5 -5 8 
-4 17 48 15 4 1 3 -4 
5 -10 -8 1 -5 -4 -6 3 
8 26 -18 3 -2 0 0 3 
-18 -22 -20 2 2 1 -1 -6 
-7 9 -5 -14 1 -1 -8 -12 
15 7 13 2 -4 -6 -3 12 
8 -14 18 11 -1 -1 5 5 
-39 -6 -18 -12 -6 -1 -6 -9 
8 19 -30 -8 0 2 2 0 
-16 11 14 2 -2 -1 -1 -9 
7 -20 1 3 0 -1 0 3 
22 1 -1 4 -4 -2 1 8 
-13 -7 -25 -17 2 -1 -11 -15 
-11 -10 -22 1 0 -2 2 -5 
7 0 11 -5 -3 -3 -1 -1 
3 -2 11 12 3 2 -2 -16 
-13 14 -5 -1 -4 0 -1 9 
-10 -11 -12 0 0 0 0 -3 
7 20 -1 -6 -2 -2 -1 -3 
-8 -22 -13 2 1 1 3 2 
4 16 1 2 0 2 5 5 
-8 10 25 4 1 -2 -5 -7 
16 -27 -11 -3 -5 -5 -4 2 
-3 37 13 -2 4 1 -2 7 
1 -10 -19 -4 2 3 1 -5 
-5 2 6 15 -1 -3 -5 3 
1 37 25 -17 0 2 3 7 
21 -20 -20 -17 -11 -8 -1 -6 
-1 19 17 18 1 2 -4 -16 
-6 -14 -6 -10 2 0 -2 -1 
-12 -2 18 6 1 -1 5 3 
12 15 -18 10 -5 -4 -5 -23 
-10 -4 -19 -27 -8 -2 12 11 
-4 -12 -10 6 1 2 -2 -14 
3 3 8 -4 0 0 -10 -7 
-4 5 15 6 -1 -1 -1 0 
4 -31 -6 9 2 -3 -2 -2 
20 -35 -14 -10 -8 -2 -2 9 
-17 -9 -14 13 0 -2 -3 0 
18 5 -24 -19 -4 -2 -1 6 
-25 -12 11 -5 2 -2 -6 -12 
-4 15 15 14 -1 -1 4 7 
-2 2 -4 -7 -3 0 -4 -14 
-9 -22 -7 4 0 2 0 11 
18 -5 1 -4 -5 -5 1 4 
-4 15 -3 -6 -1 0 -8 -6 
6 2 -30 -4 2 0 1 1 
-10 4 30 11 -2 0 -2 -6 
2 -8 3 -7 -2 -1 1 5 
4 -1 7 3 0 4 2 -10 
-3 -12 0 3 -2 -1 -3 1 
-1 -5 14 -1 -2 -2 -3 4 
1 -1 -16 -9 0 0 1 8 
4 10 16 3 -1 -2 0 3 
4 -43 -20 -10 1 0 -3 -6 
-1 12 -16 -9 -2 -1 3 -5 
-10 7 -6 3 -3 -2 2 5 
8 24 48 15 -4 -5 -8 -12 
16 12 -50 -13 -2 2 2 3 
-10 -12 30 -2 0 0 0 6 
11 25 -21 3 -1 -2 -3 5 
-17 -11 -2 -8 -4 -2 -1 -13 
3 12 14 5 -2 -3 5 -2 
3 0 -6 7 -1 -2 7 2 
-32 -12 32 0 -2 -1 -17 -3 
12 3 -23 -19 1 -2 -6 10 
-34 20 -4 8 -2 -2 0 -1 
5 -17 -2 4 -4 0 -1 1 
14 -1 -7 21 8 4 5 -5 
-16 -3 -7 -12 -7 -5 4 -6 
15 6 17 -15 -3 -1 -4 -3 
-17 -21 -20 11 1 0 3 -2 
19 4 23 -6 -1 -2 0 11 
0 -14 -32 -6 -4 -2 -1 0 
7 7 25 2 -2 -1 -2 13 
-8 3 -23 -7 -2 -1 -3 -28 
0 -4 5 -1 -2 -3 -13 1 
-2 24 33 7 6 2 5 -1 
6 9 -52 -9 -3 -3 8 -11 
-43 -10 4 -4 0 -1 -17 -6 
3 3 23 8 2 1 3 5 
5 -35 -11 -7 -3 -1 5 2 
-6 51 31 11 3 -1 0 4 
27 4 -11 -3 -3 -3 -5 6 
-11 -6 -26 -9 -4 0 16 -29 
-1 -7 -9 8 2 -2 -23 19 
2 -21 4 4 -2 0 -2 -50 
2 -13 -32 -10 -2 -2 -4 8 
13 14 41 6 1 1 9 2 
-3 -7 -3 -7 0 1 5 25 
1 -28 -8 -7 -3 -3 -7 -11 
-3 2 19 -7 9 1 -2 -3 
4 -5 -18 13 -10 -2 1 -11 
-13 10 -25 -33 -4 -4 -3 -9 
-5 -5 10 9 4 1 4 26 
39 15 61 4 -2 -4 1 8 
-78 -5 -46 -3 -2 -2 -5 32 
2 -1 -19 -12 3 3 7 -24 
-26 4 22 11 -6 -4 -1 -9 
18 12 10 -1 -4 -1 -8 -1 
16 11 -38 -5 0 -2 -1 14 
1 15 9 8 2 4 12 7 
4 -19 -10 -7 0 -2 17 5 
-45 3 15 21 0 2 -31 -25 
-37 -22 -36 -44 -8 -5 1 -35 
10 -21 -4 -7 -6 -1 12 -9 
-13 2 35 9 6 0 -5 -2 
13 -17 -54 -1 -6 -4 7 26 
34 29 102 -3 3 0 -13 0 
8 13 -46 9 -5 -5 -1 2 
-25 -9 33 -15 -5 0 -6 2 
-31 1 -48 -25 -2 -3 5 -5 
13 9 36 14 5 1 -1 -5 
27 22 -47 3 -1 -2 -11 6 
34 4 29 3 3 -1 -7 4 
3 20 -10 45 -3 -4 2 13 
26 0 -41 -67 -9 -2 21 11 
-58 -18 30 9 5 -4 -39 -5 
28 0 -10 14 -2 -1 6 28 
6 -10 -26 8 3 1 2 -21 
26 -14 8 -5 3 2 5 18 
-3 -8 19 -3 1 0 10 6 
6 12 -45 3 -4 -5 -16 -25 
-25 11 48 -18 -6 -2 7 16 
-11 11 -8 27 5 2 -8 -16 
6 31 0 8 -1 1 5 9 
24 -20 13 -34 -3 -2 -10 -1 
-7 -21 -14 8 -3 -3 10 -8 
-9 -8 -17 10 -3 -4 -9 9 
24 32 49 39 5 -1 2 -9 
4 -26 -36 -50 -8 2 3 36 
-5 -10 1 8 5 2 3 -17 
-18 -12 -1 1 -7 -5 -11 -5 
24 28 37 6 0 -1 1 -3 
-34 -14 -43 10 -5 -3 0 5 
-4 -8 8 -11 -3 0 1 -29 
-3 -6 -1 10 1 -2 -6 -38 
6 -2 12 -13 4 5 8 10 
3 28 4 23 0 -3 -1 0 
-31 -8 -11 -4 -3 -1 -9 15 
39 3 45 1 0 1 -1 -19 
-35 -18 -70 -40 -9 -5 3 -10 
-25 -13 16 14 -2 0 -4 -5 
40 22 0 -24 -9 -5 0 -5 
-11 -29 14 23 15 -2 -4 -2 
-26 -18 -6 -30 0 5 1 -12 
22 1 8 22 -3 -7 -2 61 
1 4 -8 6 -1 1 1 -47 
-22 13 -19 -24 -8 -10 -8 37 
0 -16 -37 43 3 -2 -21 6 
-6 -11 24 -7 -1 -1 10 1 
25 45 18 -25 0 1 -2 30 
9 -6 -27 -5 0 5 17 -43 
-22 -4 49 22 0 1 -4 -7 
-2 5 -10 -2 0 -1 -16 -65 
40 -7 -15 -9 -1 1 7 64 
-78 -13 13 13 -5 1 20 -11 
18 -21 -52 -32 -3 -2 -19 2 
-9 4 9 14 2 -3 -17 -65 
-20 3 42 1 2 2 10 7 
23 -26 -66 -11 -6 -5 -20 11 
11 15 21 22 0 -2 28 37 
-24 -6 2 -10 -2 3 -1 -16 
18 -21 -5 5 -5 -2 -3 39 
6 13 -12 -23 1 -2 -11 -24 
-2 -4 19 9 1 -1 14 29 
-22 5 19 -7 -6 -2 -8 13 
16 -14 -69 -11 -2 -6 -3 -1 
-9 24 38 26 1 -1 4 -1 
34 -3 8 -9 -3 -4 -15 -48 
-15 10 0 13 3 1 -1 -12 
-6 -11 43 -4 -1 1 5 -17 
13 -3 48 25 4 5 2 29 
3 -27 -88 -60 -12 -6 3 -9 
3 -8 -5 -3 -1 -2 7 9 
20 16 47 14 -1 0 25 19 
-19 -4 -14 -6 -8 -9 -63 -53 
-12 13 72 -14 1 3 13 21 
-21 -7 -14 -4 -3 -2 -15 16 
-36 -7 -51 3 -4 -2 8 -27 
-27 1 45 13 3 -2 3 16 
-21 -21 -18 -6 10 8 -11 -44 
1 10 -35 -1 -1 -1 14 7 
49 -15 11 -44 -8 0 17 8 
1 6 3 24 6 -1 -13 -2 
-16 -7 7 21 -5 -6 -12 4 
17 -4 16 -8 1 1 13 7 
-20 20 17 48 9 0 -11 3 
25 -25 -41 -43 -7 2 6 19 
-18 22 -66 29 1 -1 1 0 
-4 -42 -52 -46 -6 4 2 -21 
-10 -14 38 42 -5 -7 -12 -8 
23 42 -21 -78 -8 3 13 64 
16 37 61 60 4 -1 -5 -19 
-6 -22 -24 18 -1 -4 -5 -36 
-9 7 49 -7 -1 -2 -13 3 
0 -44 -72 8 -13 -8 4 1 
3 -12 -4 -45 0 3 5 -8 
2 9 28 15 -3 -5 9 5 
-7 24 2 -27 8 -1 -18 11 
14 24 75 73 1 -8 -1 -24 
-22 -74 -67 -40 -12 1 1 7 
11 49 -77 -41 -10 -6 0 -65 
0 12 3 12 -2 -4 -15 18 
-30 -10 40 15 -2 -5 -2 -61 
-17 -4 -40 17 -7 -7 -12 -7 
9 -12 -14 -4 3 3 -5 0 
7 -1 -23 3 1 5 3 8 
12 32 44 -22 -5 2 6 24 
-2 -14 -40 10 -3 -7 -2 2 
-11 -14 31 -31 4 2 2 -12 
2 20 -50 15 -1 -3 1 -13 
11 11 50 29 3 1 -6 14 
-3 -44 18 -37 -6 -3 2 1 
30 10 57 41 3 0 -5 45 
-59 -53 -43 -28 -8 -3 4 -18 
23 -18 23 34 11 6 9 20 
7 28 32 -35 -1 -2 -6 -6 
-3 27 29 -2 -2 1 5 13 
-8 -26 41 24 -3 -10 -15 -13 
25 6 -59 -22 5 4 7 3 
-1 14 -40 34 3 -3 -1 -4 
-16 -14 27 -8 -4 -2 2 21 
9 13 9 17 2 1 4 -6 
-6 -26 -8 -61 -4 0 0 6 
15 4 24 -8 0 1 0 10 
2 15 22 12 5 1 0 19 
1 -26 -32 26 -10 -8 -4 -7 
-4 16 -60 -35 3 5 3 -54 
8 16 48 25 3 0 2 24 
-13 -15 -4 -23 -10 -7 -4 -15 
36 4 13 -19 4 5 -1 -17 
-46 -11 -16 29 -1 -4 -5 22 
19 -6 13 8 1 -1 2 -2 
-7 2 -31 11 -5 -2 1 9 
-5 5 -4 -35 3 4 -7 0 
25 -19 6 0 -5 -5 7 0 
-1 -3 -19 -21 -1 1 -1 -11 
6 9 57 25 3 -6 -7 5 
2 -44 -43 -5 -2 3 3 15 
-7 38 0 11 -4 2 -4 11 
-8 2 -2 -34 3 5 3 9 
19 -14 13 11 0 -3 -6 -12 
-12 -5 -10 -13 -3 -2 -1 -44 
-10 -19 -22 7 0 -5 1 -2 
13 7 60 29 -2 -2 2 5 
-16 -18 -17 -14 -9 -3 -9 0 
-8 41 12 -15 12 7 4 2 
15 4 30 15 -5 -4 -2 10 
-7 12 1 -12 -4 -2 2 -9 
0 -28 -55 -28 -4 -5 -3 -12 
-4 16 36 0 -3 -1 -3 -2 
0 -7 9 35 2 -1 2 -2 
0 3 37 -1 3 -1 -3 29 
-20 8 -18 -5 -4 -1 -6 -33 
-1 -13 28 -6 -3 -2 -1 12 
-9 2 -64 -2 -8 -4 -5 -7 
-8 -3 10 -14 0 -1 2 -3 
27 -12 -2 14 1 -2 0 20 
-32 18 14 -5 -3 -2 3 -12 
3 -1 -21 -15 0 1 -1 5 
-1 9 15 14 -1 -3 -5 -36 
1 5 -3 0 1 2 7 17 
-17 -38 -44 -3 -10 -4 -6 -26 
-3 -9 -15 -19 7 3 -13 -51 
18 -6 -23 10 0 -3 -1 9 
6 33 44 36 1 4 1 14 
11 0 -47 -21 -5 -5 -4 -1 
-9 4 12 -16 -4 1 3 12 
-8 -2 -5 17 1 2 -2 -11 
4 13 -45 9 3 1 -2 3 
-3 5 -14 -11 1 -3 -2 11 
17 -5 2 -21 -3 -4 1 12 
-5 13 5 -5 3 -3 -2 0 
-1 -1 52 17 -3 1 3 9 
-4 -15 -22 3 0 0 -8 -2 
4 6 -42 -6 -3 -4 -2 11 
-12 -8 38 7 -1 2 9 -8 
-7 -14 -59 -14 -6 -7 -11 -8 
-3 15 50 0 2 -1 -1 -2 
7 -7 13 2 0 1 4 11 
-15 -13 7 6 -6 -7 -6 9 
-12 -22 -25 -8 1 -3 3 -38 
14 5 8 10 0 -4 -4 6 
5 -30 33 9 0 -1 0 9 
5 23 -26 -3 -2 -3 -4 19 
-7 -10 -27 -8 -3 1 0 9 
0 -7 24 6 0 3 3 2 
-16 -5 28 6 2 -1 -1 -12 
13 0 -4 -6 -3 0 -1 -2 
-1 1 -13 -18 -7 -3 0 1 
-1 -5 -19 4 -2 0 -4 -4 
-1 25 6 -5 -4 -3 3 5 
-6 12 1 12 5 3 -4 -11 
-7 3 20 -11 -1 -1 -2 5 
11 -14 2 -7 0 -1 -2 5 
0 15 0 -27 -6 -3 2 -9 
-10 -16 -58 -8 -4 -3 -4 -10 
6 8 49 26 2 0 1 1 
-4 12 -17 -12 -2 -3 -6 -2 
21 0 11 9 0 0 2 11 
0 -5 -7 0 1 0 -3 5 
1 19 -5 -5 1 0 2 2 
-4 -2 17 7 0 -1 0 2 
-4 -12 -7 7 -2 -2 -1 2 
-6 -13 -47 -16 -6 -4 -2 -7 
-18 -22 2 -3 -2 1 0 -9 
6 4 -1 0 -1 0 1 2 
0 -2 14 -3 -1 0 -5 -3 
-34 -31 7 20 1 0 2 -3 
-6 6 -12 -28 -4 -4 -9 -15 
-5 -1 30 9 -3 -4 3 2 
5 7 -44 -10 1 2 -8 0 
-2 -20 68 5 3 0 3 -21 
6 -13 -56 2 -2 -1 1 17 
-8 7 24 -1 -1 -2 -3 -14 
-6 -14 -25 -14 -2 -2 0 -4 
3 -6 -7 -9 -6 -2 -1 0 
-3 10 36 11 -1 -2 -2 -1 
-3 -6 -2 4 3 0 1 -2 
-11 3 5 3 -1 0 -2 -1 
22 13 7 -5 0 -3 -5 2 
-12 -26 31 7 -2 -5 -5 0 
21 -1 16 21 -3 -1 2 2 
-20 -13 -79 -30 1 1 0 -12 
4 16 8 -1 0 -2 -1 -43 
6 11 11 -6 -3 -3 -5 -4 
-6 0 -3 3 2 2 2 3 
-13 -22 15 12 -3 -2 -2 -16 
15 43 13 -3 -2 -1 2 25 
-5 -27 -17 2 -9 -5 1 -8 
6 4 2 -10 5 2 -7 4 
-1 34 43 15 3 2 4 -5 
-11 -15 -25 -5 -3 -3 -4 12 
13 4 11 4 1 4 3 10 
-1 4 -7 -3 -1 -1 7 11 
1 -10 29 13 3 0 -4 1 
9 -10 -49 -12 -5 -2 1 9 
-6 11 14 4 1 0 -3 -2 
3 -14 -33 -17 -4 1 -1 3 
4 30 11 1 -2 -1 -2 -2 
7 3 29 6 2 0 0 0 
1 -6 -17 5 -3 -3 0 13 
-2 6 9 -11 -1 -3 0 6 
0 -17 -2 13 -1 2 0 5 
-16 -30 -16 -35 0 2 -1 -5 
4 4 -20 -7 -5 -2 -1 2 
-10 -25 2 -9 -4 -4 -2 -4 
7 15 35 24 0 -2 0 -4 
8 21 -3 -8 -3 -5 0 0 
-19 -16 19 3 3 2 -3 -22 
8 0 -24 -7 -3 -1 0 6 
-8 0 7 -9 -4 -4 -4 -7 
-8 -7 30 10 0 -4 -2 -2 
4 -1 -12 -4 -3 2 -4 6 
0 21 0 2 -2 1 2 -2 
-5 -25 -48 -10 -2 0 2 10 
-2 14 20 4 2 -1 0 1 
5 -13 -10 -1 -3 -4 -3 5 
-6 5 7 4 0 0 -2 -12 
6 -13 -47 -13 -1 -1 0 13 
-5 13 8 11 -1 1 1 -6 
10 3 -27 -24 -5 -5 -2 3 
-5 1 23 11 0 0 -3 -2 
-3 3 4 0 -3 -2 0 -6 
-10 -5 -1 10 2 1 -3 7 
5 0 7 -1 -2 -1 1 -3 
2 18 -52 -21 0 -3 -1 4 
-5 -16 6 3 -3 -5 -8 -13 
3 27 21 -18 -5 1 2 3 
0 22 60 23 3 2 2 6 
-1 -20 -95 -7 -6 -7 -3 -7 
-6 -19 -13 -7 0 -3 -3 2 
-1 -9 27 10 -2 -2 -1 2 
10 1 0 -34 0 0 -1 1 
-7 5 22 13 -2 0 6 -6 
8 -3 19 6 -2 -2 -11 -2 
-5 -32 -23 2 1 -2 -2 -4 
-4 6 -3 6 -2 -2 1 -1 
6 -5 9 -1 -1 0 -1 15 
-2 17 35 -2 0 2 5 -20 
1 -1 -53 -11 -6 -5 -4 0 
-3 1 -1 19 -3 -2 -2 4 
-14 -15 31 -13 -2 0 -2 -1 
-5 -5 3 -6 -3 -1 3 12 
13 13 14 12 3 0 -5 -16 
-11 -1 -43 -3 -6 -3 -1 -12 
1 0 -2 -5 1 -2 -4 -5 
-9 0 17 10 -2 -2 1 2 
-2 -1 29 8 2 0 -3 4 
10 3 -43 -11 -2 -1 -2 3 
2 6 8 11 0 0 -2 -6 
-6 -26 18 -13 -4 -4 -2 7 
0 17 10 3 -2 -2 -1 1 
0 -11 14 1 -2 0 -2 -1 
-5 -29 -66 -1 -3 -1 -5 -1 
1 10 0 3 3 1 3 5 
6 -25 9 4 -1 -1 0 16 
-11 0 9 -11 -7 -3 -4 -23 
-6 -17 20 -10 -5 -4 0 -7 
3 16 3 12 0 -2 -3 9 
-10 -15 -41 -9 -3 -2 -5 -25 
6 -6 1 10 6 2 -1 14 
2 13 41 -2 2 0 -2 5 
-3 -17 -60 -13 -7 -3 -3 -10 
-2 5 36 8 -3 -2 -2 -5 
-3 -9 -45 -8 0 -1 3 2 
-4 7 7 -4 -1 -2 -6 -11 
3 14 -23 -7 -3 -2 -2 7 
-8 20 3 -6 4 4 0 -5 
-10 19 -27 5 -1 0 0 -5 
2 -3 -2 9 0 -1 4 5 
3 30 34 2 1 -1 -2 -1 
-4 -4 -46 -25 -10 -6 -1 0 
0 -15 3 0 -2 -2 -4 -1 
6 38 36 11 2 0 0 -3 
2 -19 -26 -7 -6 -3 -5 -1 
6 20 0 -4 -2 -2 -2 6 
-8 -2 -7 -3 -1 1 2 -1 
3 -17 35 -9 -3 -3 2 -32 
-4 -16 -13 10 2 -2 -1 -6 
-1 -10 -11 -5 1 2 2 2 
3 -13 -31 -28 -13 -6 -3 -6 
-4 -2 -7 0 3 1 -3 5 
2 6 0 -2 2 4 3 11 
-3 -5 17 15 0 0 1 -4 
3 11 42 9 2 -1 -3 3 
-2 -13 -38 -26 -7 -1 1 2 
0 -4 50 3 4 -2 -1 -3 
9 -20 -38 -11 -9 -4 -5 5 
2 17 28 23 5 2 4 -4 
-11 -7 -3 1 3 1 -3 4 
-4 6 -14 -12 2 3 2 -26 
-3 -11 -19 -9 -6 -6 -3 -1 
-4 -30 -12 10 1 1 1 1 
8 41 13 -7 -5 -2 -5 -4 
1 5 1 1 3 1 0 10 
0 5 17 3 1 -1 4 0 
1 10 28 3 1 -1 -3 -3 
-2 -54 -36 4 -2 -1 5 19 
-9 13 -37 -17 -6 -3 -13 -13 
11 -7 11 -5 2 0 -5 -4 
6 6 2 -3 -2 -2 0 2 
-3 4 17 19 2 -1 -1 -5 
9 -5 -13 -7 -6 -1 2 7 
-17 -1 -22 -6 -1 0 3 0 
3 5 15 6 -3 -2 -4 3 
5 -16 64 14 3 0 -1 5 
-13 -6 -87 -7 4 2 1 -9 
17 8 -22 -32 -9 -4 3 -2 
-19 -25 -4 5 -1 -2 -5 -1 
-1 17 2 2 -4 -3 0 -2 
4 26 47 19 3 1 0 7 
-6 1 13 8 -1 -1 -1 -4 
6 12 -1 -6 -1 0 2 -3 
4 20 -51 8 -4 0 -1 4 
-8 -9 24 -16 -4 -4 -11 -5 
-1 -3 69 16 1 2 4 4 
-2 -44 -90 -26 -3 -3 1 3 
4 22 27 10 2 -2 -3 -2 
0 -6 19 18 -5 -3 1 -2 
-17 -5 1 -26 -1 -2 -7 3 
15 0 27 17 1 -1 -4 -2 
-15 -4 -31 -21 0 1 5 -12 
2 -5 -17 -5 -2 -4 -3 0 
-3 -4 -7 1 -1 1 0 14 
-1 11 14 6 1 -1 -4 -11 
16 0 11 -11 -4 -3 -4 0 
6 -6 -30 4 1 0 5 9 
-8 27 2 3 3 0 -3 0 
-8 17 66 -3 -4 -3 -2 -7 
-10 -43 -84 -10 -5 -4 -2 -4 
2 1 66 9 -2 -4 1 -4 
5 -1 -33 4 -1 -3 -1 0 
6 -2 24 3 4 3 3 6 
-8 12 37 8 2 -1 -3 -6 
-5 -23 -40 -6 -2 1 2 -3 
3 -4 -6 -2 2 -2 -4 -6 
-4 5 -19 -18 -5 -2 -2 5 
1 -40 10 2 4 3 -3 -4 
-1 7 9 2 0 1 5 7 
-9 1 52 24 2 -1 -8 -5 
-4 -21 -66 -21 -7 -3 -1 4 
2 6 -4 -9 1 -1 -2 0 
-2 11 -5 2 2 2 -1 0 
-3 -6 0 -3 -5 -1 2 -11 
-3 -12 -22 7 1 -1 2 1 
6 16 43 7 -3 -2 1 6 
-6 29 -40 -13 -2 -4 -8 -17 
-1 -13 -10 -13 -9 -3 -5 -2 
-1 17 28 9 1 1 1 -6 
2 -1 -22 -5 -3 -4 -2 3 
-1 -5 32 -1 0 0 2 9 
-1 -9 -5 14 -3 -3 -2 -20 
8 6 -22 -17 -4 -3 -2 4 
-14 -7 -34 4 6 0 -1 -7 
0 -28 5 -3 1 0 1 -2 
-4 14 17 10 2 1 2 7 
-7 0 -15 -9 -4 -2 -1 0 
5 2 2 8 -3 -3 -5 -7 
-15 -5 7 -16 -2 1 0 -1 
4 -14 17 2 1 0 1 8 
7 19 13 33 1 -1 -6 -25 
-2 -31 -45 -51 -8 2 -3 1 
2 17 16 8 0 -3 -2 -6 
-1 9 9 -5 -1 -2 -1 3 
0 10 39 5 -2 -3 0 5 
-3 8 -23 17 3 -2 3 6 
-2 -24 -9 1 -7 -3 -12 -6 
0 -7 -33 -22 0 0 -3 9 
-11 -3 8 -13 -1 0 3 0 
6 8 18 6 2 -1 1 -13 
4 -7 11 5 -3 -3 2 5 
4 2 -28 5 -1 -1 -2 -4 
-6 -4 41 -1 1 -1 -4 3 
-5 48 -4 12 -2 1 4 10 
-6 9 15 -14 3 0 -2 -8 
7 -22 0 -8 -3 -1 0 -1 
-16 -10 -11 -3 -1 -2 -8 -14 
8 5 43 11 -4 -1 -1 0 
5 -2 -39 8 0 0 3 2 
-12 3 4 -6 0 0 -4 -11 
11 1 15 11 -3 1 0 3 
-10 1 -28 -15 2 2 2 -14 
-7 -18 -43 -27 -1 3 -4 3 
2 1 14 10 1 -1 0 -3 
-4 -11 -34 -1 -2 -4 -1 3 
-3 2 11 9 1 -1 -2 -2 
12 3 7 1 -1 -1 2 2 
-3 -35 -45 -1 -1 -2 -4 0 
-15 -3 6 6 -1 -1 -1 -7 
-3 -2 -3 -10 -2 -1 -3 4 
2 8 25 3 -3 -4 3 2 
1 -6 0 6 4 2 -4 3 
-2 7 6 9 -3 -2 0 -21 
1 -27 -15 -32 -3 -1 2 5 
-5 -26 4 0 2 0 -4 7 
-1 6 -33 5 2 1 4 -1 
11 9 6 -6 -1 -2 -3 7 
-4 4 27 17 -3 -3 -2 6 
6 33 9 3 2 1 2 -2 
12 -2 -7 -5 1 -3 5 -3 
