#EMG
#1
#ID:1-6
1 4 -1 12 -1 -1 1 -2 
-5 -4 -2 1 -4 -2 -3 -5 
6 -4 6 -3 0 1 0 2 
3 -15 13 12 3 0 5 11 
-17 -32 -7 -19 1 1 -9 -13 
1 -4 15 7 -5 -2 -6 -3 
2 6 -26 -2 -3 -1 -1 3 
-4 -1 17 3 -1 -1 -3 -9 
7 -12 -8 0 -6 -4 -1 5 
-5 0 -2 -16 -1 0 2 1 
6 -25 5 18 -2 -3 -1 -2 
5 9 26 -5 -1 -3 -2 2 
-2 6 -48 -12 -4 -1 0 0 
-3 7 8 1 -2 -5 -1 -6 
-6 -12 0 -2 0 3 2 0 
2 8 12 0 0 2 2 4 
-1 -4 -8 3 -4 -2 -6 1 
0 2 6 6 0 0 1 6 
-4 20 3 -5 2 1 -1 -16 
-5 -12 -34 -3 -1 -2 -1 -3 
0 17 33 6 3 0 1 6 
0 -8 -18 5 0 1 2 3 
4 -10 -3 -25 -7 -3 0 5 
-4 5 15 7 -3 1 -6 -15 
1 11 4 -10 -4 -5 1 1 
-9 -3 -24 5 0 -1 -4 -13 
1 4 -8 2 0 -2 2 3 
4 -1 4 8 1 1 0 3 
-3 4 22 -17 -3 -3 -2 -3 
1 -8 -10 -3 0 0 2 2 
-9 -9 3 -6 2 -2 -6 -3 
1 -3 -9 -5 -2 -1 -3 3 
3 -7 -10 10 2 -1 0 1 
2 -6 9 1 -2 -3 -6 -2 
-3 17 -16 -8 -2 0 -2 -3 
-5 -52 16 11 2 0 1 0 
2 48 22 7 1 1 1 3 
4 1 -15 -13 -5 -4 -3 3 
-5 -21 -17 -4 -2 -1 0 -2 
-3 -8 -5 6 -4 -2 -1 0 
0 -6 1 -15 -2 -1 -2 -3 
-3 -4 18 9 -1 -1 -1 -3 
3 3 0 9 -2 0 1 11 
5 14 -29 -11 0 1 0 -4 
-17 -19 -14 -10 -3 -3 -1 -2 
15 18 8 2 -1 -2 -3 1 
-1 -5 -10 -3 -3 0 1 -4 
7 1 1 -7 0 -4 -1 8 
-4 2 -19 2 -1 1 0 -5 
-6 -4 -4 -2 0 -3 -1 -6 
-2 -12 30 8 2 2 0 2 
4 11 -10 -2 -3 -5 -2 5 
-2 -17 -22 1 -1 -1 0 -5 
-4 12 9 -7 -4 -1 0 0 
2 -11 11 8 -1 0 -3 -1 
1 23 -4 -5 0 -1 -1 3 
1 4 19 11 0 0 -1 -3 
0 2 -24 1 0 -2 0 3 
-5 -8 -6 -14 -4 -2 0 -1 
-12 -12 5 2 -2 2 -6 0 
6 12 -1 7 -3 -2 -1 1 
-3 -2 0 -24 -1 1 3 2 
-1 1 3 13 0 -2 -5 -9 
0 3 -11 -2 2 2 5 -2 
-9 -7 -13 -4 -1 -2 -6 -13 
-6 -11 8 8 -2 0 -2 -5 
3 18 -2 -16 -1 -4 -2 11 
-1 -6 1 4 -3 -2 3 -1 
3 12 12 5 1 1 -3 3 
-2 2 -28 -5 -1 0 2 -1 
-3 11 0 -4 -2 -1 -3 -4 
-14 -12 8 15 0 -2 -4 -18 
-1 -30 13 -15 1 3 3 3 
0 1 5 1 -1 -2 -2 1 
2 -2 7 13 -1 -3 -7 -2 
-2 -11 -36 -14 -1 0 -2 4 
-7 1 31 9 0 0 1 -13 
-4 -15 -26 -14 -6 -5 -3 -2 
3 -8 18 11 2 2 3 3 
6 8 6 -15 -6 -3 -3 -7 
0 10 6 4 1 -2 -2 5 
1 -45 -8 11 -1 -1 0 -6 
-3 9 8 -13 2 2 -1 3 
-5 -23 19 4 -3 -3 -1 1 
4 3 -36 -7 0 -1 2 5 
-1 8 -2 -16 -5 -2 -2 8 
6 -24 9 13 2 0 -2 -10 
4 10 -27 -11 -3 -3 0 14 
-3 -17 14 12 1 0 -1 -11 
-3 13 12 -5 -2 1 3 5 
-5 4 -11 15 -3 -6 -6 -2 
3 11 -6 -8 -3 -3 1 0 
4 0 -8 4 -1 1 -1 3 
-1 9 5 -11 -3 -3 0 -3 
-9 -9 -14 -1 -3 0 4 -4 
-5 -21 -11 -16 -5 -4 -7 0 
6 41 -9 4 0 -3 0 8 
-2 3 39 17 0 -2 -4 -10 
-4 -6 -1 -4 -2 0 1 -9 
-1 -7 -16 6 1 -2 -1 -3 
-1 -20 20 0 2 2 2 -1 
-8 -1 -22 -1 -3 0 -2 -7 
4 8 -12 -11 -1 -3 -2 2 
1 2 22 8 3 3 4 -2 
0 -7 -2 -12 -2 -2 -3 0 
-1 6 14 4 1 -2 -2 -1 
-5 -10 -25 -10 -3 2 -1 -1 
-8 -2 11 -1 2 -3 -2 -3 
4 5 -1 -12 1 0 0 -5 
0 -8 -5 11 3 2 -6 8 
-11 10 7 7 -2 -1 1 -2 
5 4 -24 -6 -1 1 -2 0 
-8 12 4 11 1 2 3 1 
4 -9 -3 -5 -1 0 0 -2 
5 4 -14 -6 -2 -4 -4 11 
1 -7 16 10 2 1 -3 -5 
-14 4 17 8 -3 -5 -3 -16 
1 5 -21 -30 -4 -1 2 0 
1 -10 -15 -3 -1 -1 1 3 
9 27 13 -1 -4 0 4 18 
2 -29 -8 -8 0 -2 -8 1 
-13 -1 21 15 -2 -2 -2 -4 
10 16 -3 1 -3 -5 -3 2 
-13 -26 -10 -10 3 4 2 -7 
1 -14 1 -13 -6 -2 -2 5 
-6 9 -8 9 -3 -4 -2 5 
-5 -11 1 -5 -3 -1 -5 -3 
-2 1 13 16 11 4 3 -4 
7 7 -17 -15 -3 -1 0 0 
5 2 -3 12 -2 -1 2 5 
-2 9 25 -7 0 -1 -9 -12 
-4 9 -7 -7 -4 -4 -4 12 
0 -12 -9 1 1 -2 -4 9 
4 25 3 8 3 0 8 5 
-6 -6 -10 -4 -2 -1 -3 2 
-2 -10 18 4 -5 -3 -10 -12 
-1 -9 -23 -11 -3 -4 3 4 
-3 -14 -14 -1 -4 -2 2 1 
-8 -13 15 4 -1 0 -3 -4 
0 8 -5 -5 0 -1 -1 -5 
0 30 17 9 -2 -3 -2 -4 
-1 3 -5 -5 -1 1 -2 -7 
6 16 6 -2 -1 2 7 14 
-10 -1 7 -1 -2 -3 -2 10 
-7 -22 -8 12 -3 -2 4 -6 
6 -8 9 -5 0 -1 -12 2 
0 -12 -26 -14 1 3 5 6 
7 -20 29 3 -4 -3 -3 9 
2 14 -3 0 4 -1 9 -6 
-7 -22 -11 0 -5 -2 -13 -2 
-9 6 41 14 1 -2 4 -4 
-1 -26 -61 -31 -4 -1 0 -14 
-1 4 -17 4 1 2 -1 3 
7 19 -22 -17 -3 -2 1 0 
-12 16 37 7 -3 -5 -13 -25 
4 0 1 -5 2 0 2 -7 
-3 -5 7 -10 -2 -1 -3 0 
-2 -16 35 10 2 1 6 20 
4 4 -31 4 -4 -2 -1 -28 
-3 14 -22 6 -6 -2 3 -5 
7 36 22 -9 -1 -2 -9 -1 
-1 -13 45 1 7 2 -1 3 
-4 -24 -55 -17 -1 -2 1 11 
-2 -14 63 19 -3 -2 13 -6 
-3 -21 -39 -23 -5 -2 -23 0 
-10 42 32 27 -2 -2 2 -37 
7 -7 -34 -37 -2 0 -1 4 
-8 16 35 -8 2 -2 -3 -7 
9 -2 21 -4 -1 -3 6 5 
9 -31 -26 -4 -4 -2 1 1 
-32 4 3 6 1 -1 -3 -6 
12 0 -27 -38 -9 -8 -3 11 
-9 -17 58 10 1 -1 -2 -3 
17 18 5 10 1 1 -6 0 
18 -7 -29 21 -2 -2 6 16 
-19 14 -15 -16 0 1 -3 -24 
-14 -2 35 17 2 0 8 4 
18 -15 -36 -17 -8 -3 9 -10 
18 -2 35 58 8 -1 -19 8 
22 7 -35 -54 -12 -4 1 4 
-12 -12 -32 5 1 2 5 14 
0 -4 55 12 1 -1 -11 -17 
-25 -4 -50 -5 -5 -1 4 8 
9 -8 -5 15 0 -3 -5 -5 
10 5 -3 1 0 1 1 -4 
-3 4 -19 -11 -5 -3 1 7 
-8 -15 29 -9 5 4 7 -16 
0 -2 -13 7 1 -1 -5 5 
-4 -7 -32 -9 -4 -3 -1 5 
-13 -5 7 -2 -6 -5 -10 1 
18 3 14 7 2 0 1 -33 
-6 13 -10 -19 -4 5 6 -2 
-20 -4 -38 35 0 -2 -5 -9 
-2 -8 -22 -13 -7 -4 -1 1 
5 -4 22 -29 -4 -3 -1 4 
2 -5 13 23 8 1 -6 -8 
1 37 5 10 0 1 4 31 
-7 -6 -15 0 -4 -2 -1 4 
-2 7 -1 -1 2 2 3 8 
-11 -4 1 0 -3 -1 -5 -12 
13 -7 16 -19 -3 -4 -5 -10 
0 5 -26 3 1 -1 6 11 
3 -4 22 3 -1 -2 -9 -1 
3 15 49 8 0 -1 -3 11 
3 -21 -66 -9 -4 -3 -2 -17 
-31 -12 11 -9 -2 -2 4 27 
5 -21 0 -17 3 2 -5 1 
-5 13 0 28 2 -1 -6 -1 
4 -26 9 -19 -1 -2 -3 -5 
-9 18 15 0 -2 2 1 -12 
16 9 -22 6 -3 -3 7 41 
-10 -10 -8 -17 -4 -2 -1 7 
1 4 10 7 3 3 6 7 
11 14 -5 21 -4 -6 -10 -24 
-7 -5 37 -27 -6 0 5 30 
-3 -23 -25 16 -1 0 -4 -83 
-9 -2 -17 -13 -1 -1 1 -31 
-2 -10 26 16 -1 -4 -13 -26 
16 7 -15 0 -2 -1 3 7 
-11 21 -7 -3 3 5 3 2 
-1 -14 11 -7 0 -1 6 6 
-3 1 3 6 2 -2 -11 6 
-1 6 60 42 -2 -4 -3 -31 
0 -23 -74 -53 2 3 3 35 
-3 -10 9 23 1 -2 0 -6 
11 10 2 -24 -4 -1 5 20 
-4 18 13 6 -4 -2 -6 -11 
-5 11 -8 17 4 2 6 16 
8 -27 -25 -25 -8 -3 -6 -7 
-22 4 14 1 0 -1 4 -12 
-6 4 25 2 1 0 0 -1 
-7 -16 -36 1 -3 -3 -4 2 
3 24 48 29 9 2 -1 7 
10 0 2 -52 -12 -4 0 4 
0 4 -21 0 3 5 13 10 
6 19 59 26 1 -7 -18 -2 
-12 -22 -7 -11 -3 -3 -4 -2 
2 -14 -68 27 8 6 7 0 
-6 17 -28 -30 -4 -3 -4 -10 
16 13 74 19 -2 -2 3 -3 
-5 0 -54 -4 -5 -1 -6 1 
-3 -9 44 14 3 2 -1 4 
-8 -15 -83 -68 -11 -7 -4 -12 
-3 -3 16 13 5 0 0 1 
15 12 20 27 -1 -4 -1 -18 
-3 33 -14 -26 0 2 -5 -3 
-14 -7 -1 -16 -5 -1 -2 -3 
0 -28 -25 11 -16 -9 -4 7 
6 9 46 -29 4 5 3 4 
-19 -25 -1 21 -3 2 -1 -7 
15 2 -6 -3 -1 -4 2 2 
0 9 16 0 4 0 2 -14 
-5 -5 -20 2 -4 -2 -10 4 
-3 -8 -41 -17 -6 -3 0 8 
-21 -17 5 16 0 0 -5 -10 
-1 -11 -38 0 0 2 9 3 
-30 12 28 0 1 -2 -3 2 
13 5 9 -10 1 1 -1 -13 
9 -7 -23 -1 -1 -1 -3 1 
-3 -1 18 6 2 -4 1 18 
16 11 -9 -14 -2 -1 -5 20 
10 -13 -4 -6 -2 -3 -9 -5 
-24 -4 -41 -2 -2 1 3 26 
-14 19 19 -7 1 -2 11 15 
-31 -20 -20 -8 -6 -3 -16 -33 
14 11 7 4 -5 -7 -3 17 
-13 5 30 16 6 4 1 -8 
3 -13 -54 -11 -5 -1 0 2 
1 30 11 -2 1 -1 -6 -18 
4 11 50 12 2 3 11 10 
-22 -24 -54 5 -1 -3 -18 -28 
0 23 41 -2 -4 -2 2 14 
32 -16 18 0 -4 -5 -1 -24 
3 -8 -35 15 -2 -2 0 -4 
14 -9 26 -14 3 2 7 33 
-3 -6 19 4 3 2 -2 -12 
-6 0 -49 -15 -5 -4 -8 -1 
1 12 11 6 -3 -4 8 2 
10 -14 20 -1 -5 -5 -12 -7 
-3 -28 -13 11 1 -2 -4 5 
10 40 -47 -16 1 2 8 -7 
-28 0 3 -1 -2 0 0 -7 
-4 -20 -35 -1 -2 -1 15 -11 
11 3 11 6 1 -2 -43 1 
14 0 32 -1 -4 -2 -5 19 
-2 -16 -26 -6 -1 0 8 30 
-6 16 7 0 -2 -2 -8 -19 
0 -18 -43 -16 -6 1 7 -7 
-8 -3 2 27 1 -3 1 5 
3 -12 9 -15 -5 0 -9 -7 
-5 2 5 12 -2 -6 -12 -8 
-6 -26 -8 -43 6 4 -5 -9 
-1 37 7 -17 -3 -1 3 8 
9 -10 -28 -9 -2 2 14 4 
10 36 45 37 5 2 1 -29 
0 -2 -22 35 6 -1 3 0 
-13 -20 16 -16 -5 -3 4 24 
-4 -40 12 55 1 2 -8 -33 
17 58 25 -43 -14 3 5 17 
-17 7 41 -4 0 -2 -5 -12 
0 0 -50 36 -15 -5 2 2 
1 13 1 -53 -5 1 -4 -3 
1 -28 31 35 2 -4 -1 3 
5 37 -11 -10 -4 1 4 -17 
-6 -69 5 -3 -3 1 2 0 
-7 -5 -27 -29 -7 -8 -9 0 
-3 -20 17 21 1 0 5 -9 
5 43 1 -61 -5 1 8 53 
-20 -7 2 11 7 0 -3 -93 
-5 -17 1 -3 0 -1 -4 -2 
2 11 14 4 9 2 7 17 
-4 -20 -46 23 -6 -4 6 5 
11 7 13 -5 0 -1 -13 9 
-1 4 21 4 -2 -4 2 1 
-3 0 -36 -31 -7 -2 -12 -24 
-4 -11 -18 8 -4 -4 -9 4 
-6 -6 14 -38 5 4 10 20 
-1 6 17 29 -2 -3 -7 -20 
-7 -10 -42 -9 0 0 -2 17 
14 -1 10 43 -5 -6 1 -20 
-4 -2 17 -27 6 10 9 13 
-11 -8 4 4 7 3 -3 -8 
-3 4 -81 -51 -8 -7 -1 -4 
6 3 57 13 -2 -1 2 -5 
-18 -17 -14 49 7 0 -3 5 
-7 5 8 -27 4 1 0 1 
7 -14 13 27 -2 -4 -6 0 
0 12 43 -52 -2 2 1 -8 
11 7 -81 -11 -8 -9 -3 8 
-11 17 -30 20 -4 -2 -4 4 
5 -45 1 -5 -3 -5 -1 -9 
8 -20 7 8 2 -1 -4 6 
-16 20 8 -30 -9 -6 -7 -40 
1 -16 -7 -19 -9 -2 6 -2 
-1 26 12 18 0 2 4 9 
3 -12 -22 15 -3 -2 -6 41 
4 2 31 14 2 1 -2 -1 
18 12 15 30 0 -5 -2 14 
-24 -23 -4 -7 -2 -2 -1 -18 
-15 -20 -32 -36 -7 -2 -1 -10 
6 10 13 25 -3 -3 -2 18 
1 8 -32 -5 -2 1 4 -2 
7 4 37 13 5 -1 -1 12 
-5 0 -17 -8 1 -2 -1 -11 
-1 18 5 0 -1 -2 2 -8 
-7 8 46 3 -5 -3 -3 0 
-5 -35 4 13 6 -4 -5 -3 
-3 -10 -9 6 -4 1 2 -14 
4 -4 22 8 9 2 3 16 
0 -9 22 -2 0 -2 -4 0 
4 14 -30 8 -1 1 2 28 
-3 24 30 32 0 -4 -5 -11 
-5 -20 -62 -43 6 1 6 5 
-5 0 -14 0 -7 -3 -6 -1 
8 8 18 -9 2 3 2 -29 
-10 -1 -13 8 1 -3 1 -2 
10 12 29 27 -3 -3 -5 18 
-5 5 -23 -32 -1 4 4 -12 
1 -23 -62 -31 -4 -1 -3 -6 
2 1 -2 -32 -2 0 0 -9 
-4 -11 21 14 4 -1 -1 -6 
9 -10 15 35 -1 -2 -3 16 
4 24 -21 -19 -2 3 -2 -2 
-12 -4 -43 -6 -1 -4 1 -4 
8 5 36 37 1 0 0 10 
-5 -19 -6 -67 -9 -1 -1 -38 
-2 26 -27 -36 -6 -3 -3 1 
1 2 11 2 6 3 2 -2 
-7 -19 -28 13 -9 -7 -2 5 
3 9 -1 2 1 1 -4 1 
2 -17 27 10 -4 -3 -1 2 
-8 2 12 -35 -1 -2 -1 -5 
-5 -25 11 12 -3 -3 -4 -11 
1 8 -15 -6 1 1 0 1 
-4 -8 13 5 3 1 -1 4 
10 3 20 31 -5 -5 0 -2 
0 18 4 -47 -7 -1 0 0 
-8 -24 -22 1 -3 -2 -1 -33 
-3 25 29 19 5 1 2 8 
-5 -10 -7 -8 0 -1 -1 -8 
5 21 36 -22 1 2 1 1 
0 -8 -17 11 0 -4 -2 11 
-12 -12 -8 -28 -8 -2 -3 -12 
-3 2 16 38 4 -2 -1 -9 
1 1 -38 -28 -4 -2 0 10 
-4 -16 20 1 -5 -1 -2 11 
1 8 -16 29 2 -4 -3 -6 
1 1 -14 -21 0 0 -1 3 
-8 -20 35 19 4 2 0 14 
-1 -9 -50 8 -4 -3 -2 16 
3 24 40 -24 -1 2 2 4 
-4 -4 -18 4 -3 -2 -1 -9 
3 8 3 7 -3 -4 -2 -2 
-1 -3 -9 37 -3 0 0 0 
-3 -16 -14 -21 6 4 3 3 
3 -7 -17 32 -5 -4 -2 17 
-4 7 20 -29 -4 -3 -3 -9 
-3 8 -12 6 -1 -2 0 0 
1 -2 -6 -23 -8 -4 -2 -3 
0 3 18 -3 -5 1 -3 -6 
-2 -8 -12 12 -3 -1 1 1 
2 44 8 -36 7 2 0 -9 
7 -2 26 27 -2 0 1 10 
3 -2 -3 -6 1 1 1 35 
0 -7 4 7 -3 -3 -4 -7 
-2 -9 16 14 0 -1 0 8 
-1 -5 5 24 1 1 0 -2 
-1 2 -13 -26 -2 -2 -2 -2 
1 3 -24 25 4 1 0 -6 
0 -7 11 -15 -6 -2 0 7 
0 12 21 7 -2 -3 -3 1 
-6 -7 -15 7 1 2 1 -21 
2 15 5 3 0 -2 -2 3 
-2 -25 -41 -15 -1 0 -1 -6 
-5 26 13 -2 1 -3 0 -4 
-2 -6 11 5 6 3 -2 -7 
5 6 -5 -11 -1 -4 -1 -1 
3 3 -9 -69 -10 0 0 13 
-10 -8 0 28 5 -1 -5 -30 
0 2 18 18 2 3 5 -4 
7 -5 -17 -17 -7 -4 -9 -2 
-3 -10 20 24 1 0 -1 8 
-3 -42 -31 -8 -2 -1 0 36 
-2 3 15 -14 -1 -2 -1 -2 
0 -9 -16 -8 -2 -1 4 2 
0 8 7 27 3 0 -3 -4 
4 9 8 -15 -5 -5 -4 7 
-1 6 -29 -4 10 6 3 0 
-7 -53 -9 -5 -4 0 -2 -4 
0 -3 10 9 1 -3 -3 3 
-4 -35 -10 2 -3 -3 2 30 
2 13 0 -22 0 -1 -2 10 
-2 -1 -9 5 5 2 -1 -9 
3 -5 21 -38 -8 1 0 -7 
-13 -2 -27 15 1 -1 -1 -11 
-3 -19 32 3 -4 -3 -1 -8 
3 16 8 -43 -1 0 1 6 
-8 -24 -31 33 -4 -7 -5 -2 
9 19 8 -10 2 1 0 -8 
-4 -4 19 4 -3 0 -2 -10 
-6 23 1 16 -2 0 2 -6 
4 15 3 14 -1 -2 0 -5 
-2 -6 -28 -24 -6 -3 -4 -18 
-7 -17 -24 8 1 0 -3 -6 
-5 3 -2 22 -6 -3 -2 0 
-1 -3 -7 14 -1 -2 -1 -5 
1 19 9 -50 -1 5 2 0 
2 -16 -17 -3 -9 -6 -2 0 
-6 -6 -4 -10 0 0 1 -2 
-4 14 27 7 -3 -2 -1 2 
7 17 8 17 4 0 0 -7 
-7 0 -39 -6 0 -1 -2 -7 
2 1 -1 -9 3 3 3 0 
-4 -2 5 3 -2 -5 -1 -2 
-2 -10 9 0 0 -1 -3 -2 
17 16 28 34 -2 -5 -3 -2 
-11 -21 -20 -36 -2 5 0 -3 
1 7 -6 5 4 2 -2 0 
-2 3 -8 22 -10 -6 -4 -3 
-1 5 -1 -49 -1 -3 -2 4 
2 -1 14 30 -1 -6 -4 -8 
5 1 -37 -15 -3 2 -1 8 
-12 2 -14 13 -2 -4 -2 -11 
-1 3 -5 -7 -6 -3 -2 -7 
0 10 2 13 -2 -3 0 9 
1 7 8 -27 -1 0 -1 -3 
1 -39 6 16 2 0 -2 -9 
-1 -3 -12 -3 -4 -2 -1 4 
1 -9 -2 22 -1 -4 -3 0 
0 -9 2 -32 -1 1 3 -1 
-6 -12 -32 -6 8 6 1 4 
-8 -23 11 23 -2 -1 -3 -3 
11 -6 7 -48 -7 -2 -4 -3 
-8 8 -17 13 3 -1 -1 0 
5 17 9 -3 0 -2 -1 -4 
2 2 4 8 -4 0 1 -1 
-7 2 -12 9 4 0 1 -8 
-3 -20 13 18 2 -3 -2 -4 
4 23 -2 -18 -3 -2 0 0 
0 14 7 9 -2 -1 -5 4 
-1 0 9 16 -2 0 0 -3 
2 -5 -4 -12 -2 0 0 0 
-2 -4 22 22 -2 -3 -1 5 
1 -5 3 -53 -5 -2 -2 -1 
-8 6 -5 7 0 0 -1 2 
-3 -44 -23 12 0 -3 -2 -6 
-3 7 -2 -2 -2 0 -2 -5 
6 19 22 -8 4 3 1 6 
2 -9 -24 -16 -4 -6 -5 1 
-10 -9 4 5 -2 0 -2 -6 
4 -7 16 26 -2 -4 -2 6 
-6 -16 -36 -9 0 1 1 -7 
-4 6 10 -22 -7 -3 -1 1 
3 -4 8 -3 -3 0 -1 0 
4 22 15 6 1 1 0 1 
-1 19 15 14 1 -4 -1 6 
-3 -26 1 9 0 2 0 -16 
-1 8 -5 -2 -5 -2 0 -3 
3 -1 19 -6 2 1 2 -1 
-18 -14 0 1 0 -1 -4 -7 
2 -1 1 -2 -3 -1 -1 4 
-4 -17 -19 -3 2 -1 -3 -2 
1 -4 7 -10 -7 -2 -3 -9 
1 -10 0 -1 -2 -3 -1 -7 
-3 24 5 10 8 2 -2 -1 
-2 4 1 -19 -2 3 1 -1 
-6 -4 -14 -2 -5 -5 -1 0 
2 -32 -6 7 0 0 -3 0 
0 6 -19 -3 -4 -3 -2 -1 
-4 9 27 -2 0 1 0 0 
-2 9 -14 8 -2 -3 -4 -2 
-2 -8 0 -8 1 2 0 -1 
1 2 21 -6 -9 -3 -3 -8 
4 11 -19 17 0 -4 -3 -1 
-5 -13 0 -24 -2 -1 -2 -1 
6 20 -7 8 2 1 2 4 
3 17 -13 -6 -5 1 -2 -5 
-6 9 17 7 -1 -4 -1 -1 
-4 4 -15 -11 -1 -1 -4 -2 
4 23 10 1 -2 -1 1 4 
0 -28 -23 -13 -4 -2 0 5 
6 25 20 6 1 -2 -2 1 
0 -7 -7 -10 6 4 2 -3 
-8 -18 -8 16 -1 0 0 -2 
-6 -13 -10 -1 1 -1 -2 0 
1 12 32 2 2 2 -1 0 
-1 -7 -21 -12 -2 -3 0 0 
-2 0 14 5 0 0 -1 -12 
-1 -6 -20 4 1 2 3 11 
-8 -7 -8 1 -1 1 -1 -9 
1 11 10 7 0 -2 -1 -13 
-1 -15 2 -11 -5 -5 -2 -5 
4 29 0 13 1 0 2 2 
0 3 -15 -23 -4 -2 0 -1 
0 -3 -5 8 -4 -2 -1 7 
-9 20 -8 9 0 -3 0 -5 
3 8 38 -13 -1 -1 -4 -2 
-5 -57 -94 -10 -8 -3 0 1 
-4 -2 32 -3 1 -3 -3 1 
2 6 2 -3 0 1 0 3 
-8 -18 17 5 6 0 -1 -4 
8 25 34 12 1 -3 0 1 
-1 -4 -24 11 -3 0 -3 1 
-3 0 -20 -33 -9 -4 -2 0 
-4 -1 3 15 3 0 0 -5 
1 -6 4 -14 -6 0 -2 -1 
-5 2 4 0 -1 0 2 -1 
0 -8 -11 -5 1 -1 -4 -4 
-4 -11 -10 8 -5 -4 -3 2 
1 9 6 -4 -2 -3 0 1 
-3 8 17 3 0 2 -8 -10 
2 -11 -3 -12 1 -2 -2 -11 
-10 -16 -21 5 -2 -1 1 3 
-2 58 29 -5 -2 -1 -1 -12 
5 7 -4 -22 -7 -6 1 10 
1 2 -1 15 1 0 -2 -2 
5 -5 2 1 -1 -2 -1 -4 
1 14 40 11 4 0 1 17 
-7 -22 -71 -9 1 -1 -2 -13 
4 27 26 12 1 -2 -2 5 
1 -4 3 -26 0 1 -3 0 
-6 -26 -4 5 -1 -3 -3 -3 
5 -6 18 -1 2 -2 0 2 
-4 -28 -20 2 2 0 3 4 
-1 -17 -9 -10 -9 -5 -2 2 
-4 17 25 11 7 2 0 -8 
-2 -10 -26 -3 -3 -1 0 3 
0 -2 -6 1 -2 -4 -4 -2 
2 -4 7 1 -3 -3 -3 0 
0 -15 -6 3 -4 1 -1 1 
0 -9 13 -9 -5 1 2 7 
-2 -50 -2 -6 -1 1 -2 6 
-1 10 0 7 -5 -2 1 -2 
1 -7 -10 -11 -1 0 -4 0 
-7 -8 12 9 4 0 -1 -2 
2 8 4 10 4 2 2 6 
-3 -1 -9 -20 -5 -3 -4 -12 
-3 15 -8 17 -2 -3 1 -3 
1 -9 20 -6 -4 -2 -1 -3 
-3 4 -28 -9 1 -1 1 -1 
-3 4 19 16 -3 -4 -3 -1 
2 17 -42 -18 -3 -1 -1 -2 
-3 -1 32 7 0 -1 -1 -1 
2 21 -6 4 -1 -1 -2 -1 
-1 3 2 12 -3 0 -1 -7 
4 -20 -27 -40 -8 -5 -6 0 
-10 -8 8 18 2 2 -2 -13 
-3 -17 -22 -16 -2 -5 -4 -6 
4 43 27 7 5 3 3 3 
0 -20 -25 4 -4 -3 -5 2 
3 -2 4 -2 2 -3 1 -9 
-5 27 19 2 -1 3 -3 3 
-2 -18 -1 -11 -1 0 0 0 
-1 8 14 11 -3 -2 0 -2 
8 16 22 16 0 0 1 8 
-6 -12 -29 -18 -4 -1 -3 -3 
4 -12 -22 -8 1 -2 -2 1 
-7 -14 14 7 4 5 3 4 
