#EMG
#2
#ID:2-15
-5 14 -3 -5 -2 0 1 9 
-3 -15 -8 2 -4 -3 -3 -9 
-3 -5 2 10 2 0 0 2 
14 4 -9 -5 1 0 0 8 
-13 -1 20 14 -3 -3 -3 -16 
-3 -24 -12 -17 -1 -1 2 4 
-13 14 -5 -7 -1 3 -1 8 
5 2 11 5 1 0 -2 -1 
-1 -5 -25 -9 -4 -3 -1 -19 
-12 -38 14 20 -1 -2 -3 -5 
-8 -5 19 3 -3 -4 -1 5 
-5 1 -23 -18 -2 0 -1 -2 
11 -2 7 1 -3 1 -1 6 
3 -38 -11 -9 -3 1 -1 -3 
-45 25 -13 -4 0 0 -1 -11 
7 -3 13 8 -2 -2 -1 4 
-7 -11 -11 -4 -2 -2 0 -1 
11 10 15 5 -4 -3 -6 -2 
1 -10 4 -1 -1 2 4 0 
13 6 -11 -6 1 -1 0 8 
-18 5 9 -10 -4 0 -2 -5 
9 8 0 7 1 3 8 -2 
0 -3 -25 -5 -2 -4 -7 -5 
20 23 11 5 -3 -2 -1 -12 
-4 12 14 4 -1 -1 1 16 
-13 5 -25 -4 -2 -2 -2 -21 
-4 -4 9 4 0 -2 3 2 
18 -10 -3 -9 -2 -2 -4 11 
1 4 -11 9 2 1 3 4 
12 -11 10 -12 -9 -4 -5 2 
-37 4 0 13 1 0 2 1 
-11 34 -3 -7 -1 -2 -2 -13 
13 14 2 9 -3 -2 0 2 
-6 -5 -27 -14 -2 -3 -4 0 
17 -4 18 3 -4 -4 -3 0 
-9 -18 4 -5 -1 1 2 0 
-7 -13 -2 4 -2 -1 -1 3 
1 14 -2 3 1 0 1 3 
11 -14 1 -9 -3 -3 -7 5 
-11 -7 -1 0 -4 1 0 -15 
5 -18 4 5 2 -1 -2 7 
-35 -22 -12 -18 -1 -2 -3 -10 
3 -5 8 9 2 2 2 -2 
-4 4 23 0 -1 1 0 0 
3 -3 -34 -22 2 -1 3 -14 
16 -5 3 7 -1 -1 -6 7 
-45 -32 10 0 2 0 -3 -2 
-2 -19 -7 2 -4 -4 -2 4 
-14 -33 2 0 1 4 1 -1 
14 53 19 6 0 -1 4 3 
15 -1 -19 -6 -1 0 -3 -2 
0 -16 -7 0 -3 -6 -4 -4 
4 -18 -20 -20 -5 -2 0 3 
-9 -8 28 12 0 -3 -5 -7 
16 8 4 -3 0 0 2 0 
-15 10 8 2 0 0 -2 -7 
17 4 -19 -5 -3 -4 -4 -10 
-3 6 8 2 3 1 -6 3 
19 31 8 -3 -5 -6 0 3 
-27 6 -14 -2 1 1 4 11 
-15 11 18 1 -2 -1 -2 -3 
5 -11 -14 -3 -2 -1 1 0 
26 21 -20 -7 -1 -1 -3 -6 
8 7 -6 3 -2 -1 -3 -2 
-5 -9 6 -1 -2 1 -4 -4 
-12 21 4 6 1 2 1 -1 
-5 1 -16 -17 -1 1 4 -2 
16 -1 -6 -1 -1 -2 -3 5 
-15 6 3 -14 -5 -4 -1 -5 
13 -27 -18 0 -5 -3 2 6 
-3 -8 2 1 3 2 -7 1 
-18 -4 11 1 -3 -3 2 -16 
45 26 32 19 0 0 -4 6 
-23 -10 -30 -17 -4 -4 0 -8 
-8 -7 -17 0 -8 -5 0 5 
18 24 13 -1 -3 -1 2 10 
6 34 -5 4 -1 -1 -7 -11 
2 23 -9 -16 -3 -2 0 3 
-11 -3 -5 5 1 -1 0 -6 
24 -18 -1 -8 1 0 0 -4 
-18 0 8 9 0 -2 -2 2 
4 -17 -14 -3 0 0 -1 -6 
-12 -1 -10 -7 -3 0 -1 -3 
-1 4 8 11 1 2 -1 2 
-13 -2 3 -2 -2 1 8 0 
10 -10 -25 -6 0 -2 -4 -8 
14 -15 12 -1 1 -3 0 15 
-48 -36 -20 -3 -4 0 1 -10 
33 22 -4 -2 -4 -3 -2 13 
-11 -22 26 5 3 2 -1 -12 
-1 -22 9 3 -2 -2 -2 -1 
5 -29 -17 -9 -1 -2 0 15 
-7 -13 -17 -9 1 -2 0 -2 
11 7 24 -1 -2 -3 3 8 
19 -12 3 4 3 1 -2 2 
-17 10 -9 4 -1 0 0 -14 
-2 -20 17 4 1 1 -1 -4 
7 4 -17 4 -3 -1 1 18 
-30 2 29 3 -2 -1 -2 -31 
-2 27 -26 -18 -4 -3 -10 -9 
-11 -14 -25 0 1 -3 0 2 
11 -10 15 3 1 2 8 8 
8 -4 21 12 5 3 20 15 
-4 23 3 1 -4 -5 -4 4 
20 5 20 -2 -3 -6 -30 -21 
-60 -12 -56 -3 -2 -1 3 -16 
-27 -4 23 1 -1 -1 2 5 
-2 -10 -33 8 0 -1 6 -7 
-3 -6 3 -12 1 2 5 11 
9 6 25 8 3 1 3 11 
17 0 -9 -15 -4 -2 -13 -16 
-10 -11 -5 7 -3 -3 2 -1 
-3 -20 11 10 -3 -1 -6 -3 
8 -5 -26 -20 -3 -1 -6 -9 
-9 9 -5 -2 0 1 7 -2 
50 -15 8 -4 -1 -2 -16 13 
1 21 5 -2 -5 -3 2 -49 
-2 4 35 9 2 1 1 5 
2 -3 -21 -2 0 -2 -10 6 
12 6 3 -3 -8 -8 6 -17 
-5 -5 -11 -10 2 2 -14 10 
36 -7 -19 5 -2 -3 -13 9 
-15 -10 -17 -3 -2 -2 0 -4 
12 0 -9 -6 1 3 -2 -2 
-25 8 16 42 9 4 12 10 
4 8 48 -35 -7 -5 1 -17 
-2 -9 -23 17 0 0 -5 9 
4 1 16 -13 -4 3 -3 2 
5 5 -35 1 -1 -3 3 5 
-20 -13 -15 -18 -7 -2 -6 -1 
1 12 27 59 6 0 7 -9 
56 -1 92 -24 1 1 -3 22 
-13 -15 -120 -10 -9 -5 -3 -22 
10 15 39 0 -3 0 -1 4 
-13 -3 0 3 -3 -2 -4 -22 
-21 8 7 12 6 2 5 13 
0 -3 40 -25 -6 -2 3 14 
-5 12 -2 27 0 -4 0 -14 
-7 2 -6 -8 -3 -3 -11 3 
-23 1 7 -29 -2 -3 -5 -16 
-4 -6 41 15 3 -1 2 15 
10 -5 14 -4 -5 -1 -3 11 
3 21 -28 -19 4 2 7 7 
-9 -34 -31 -14 -7 -7 -13 -17 
3 11 10 6 -1 1 4 -20 
-30 -8 -18 -24 -1 -5 -5 5 
1 34 9 13 -1 -4 -4 -1 
-26 -22 -8 6 1 2 -1 11 
-9 -37 -6 -14 1 1 6 11 
7 7 -22 9 7 2 -2 -7 
15 14 11 -24 -2 -5 -4 12 
-28 -7 -10 14 -5 -4 -2 -4 
7 -9 19 -1 2 -1 2 13 
-13 -11 2 -34 -4 -4 -9 -31 
11 -3 8 8 2 5 5 10 
-27 13 24 43 -7 -8 -7 1 
5 -33 -44 -61 -5 -2 2 0 
10 5 -15 21 3 2 3 13 
23 9 -17 -24 -8 1 3 -79 
0 13 35 7 5 -4 -3 6 
-7 6 1 19 3 -1 1 27 
-9 -9 11 -3 -2 1 6 29 
1 -12 -33 -17 -3 1 -8 -4 
25 -5 -8 9 0 0 0 29 
-4 21 24 17 1 -1 6 -25 
-1 4 8 -6 1 0 -11 -29 
32 -45 4 0 -1 3 22 25 
-12 -6 20 6 5 4 -10 -10 
-7 29 -9 -26 0 0 8 11 
25 31 -34 4 -7 -4 -8 41 
-1 -35 35 7 -1 -3 -9 -7 
-2 -18 -64 -19 -1 1 14 -60 
-31 -3 23 18 -1 -2 -20 -20 
-1 4 31 38 6 -2 8 2 
-24 9 -27 -28 0 -1 -6 0 
34 -8 31 3 0 1 8 23 
-2 4 -56 -17 -11 -6 -5 7 
-23 -5 17 15 0 -1 0 -40 
6 -21 0 8 -1 -3 -7 23 
-1 23 22 8 0 0 16 -1 
16 -11 10 19 0 0 -22 14 
-7 -13 -31 -51 -6 -3 -3 6 
-11 -17 25 19 3 0 0 -7 
18 -22 -81 -32 -12 -10 -12 3 
9 6 8 -1 6 8 18 -7 
-29 -6 23 25 0 -1 -11 16 
-9 21 31 -7 1 0 -10 -9 
14 5 -3 37 -1 -4 -16 4 
3 37 43 -6 -2 2 7 4 
-25 -38 -59 -22 -7 -4 1 -1 
3 12 -57 -14 -3 -2 7 14 
-25 -7 -25 -10 1 0 -2 -17 
10 -3 12 8 2 -4 2 3 
3 8 39 38 3 3 -3 -6 
2 5 18 8 -4 -4 -1 1 
-14 34 -46 -42 -7 -4 -1 18 
7 -13 23 28 0 1 1 -6 
53 -11 -53 -5 0 1 5 -11 
-31 -10 -32 -5 5 -1 -6 12 
-8 4 74 4 -4 -1 2 1 
-12 -17 23 4 0 -1 2 -38 
16 17 -65 -28 -6 -3 -1 20 
-3 -6 20 47 -2 -8 -3 23 
14 7 29 -9 3 3 -5 3 
-17 -13 -34 -41 -10 -3 0 5 
5 9 34 6 3 -2 0 -55 
7 30 2 14 -1 -1 2 -13 
-29 -29 -3 3 8 -5 -1 -4 
5 -35 1 -12 -3 0 -5 5 
-13 -1 30 7 0 4 9 13 
19 -40 -78 -32 -9 -7 -6 15 
-17 14 38 18 -6 -3 -1 -6 
10 15 -8 27 9 0 0 -69 
-30 -4 -7 -19 2 -1 -10 -25 
1 11 23 -15 -6 -4 3 -18 
9 -2 -30 17 0 6 2 23 
-9 2 -15 -18 -4 -4 -13 76 
4 14 42 33 1 -3 2 24 
-4 6 -8 -12 -4 -4 -5 -27 
1 -43 -60 -17 -3 -1 1 -25 
1 44 -33 -23 -2 3 8 26 
21 -9 13 7 0 -3 -7 12 
-10 -10 -20 2 0 2 4 14 
18 12 53 -20 -3 2 1 0 
-5 -12 -12 25 -3 -2 0 -2 
-9 -16 -8 10 1 -3 -1 -7 
8 26 54 -4 1 1 0 5 
3 17 -70 3 -3 -4 -2 -6 
1 16 52 -44 2 3 -6 -14 
-15 14 16 59 0 -2 4 3 
-6 0 -23 -13 0 -2 -4 -6 
-5 -9 -25 -39 -10 -3 -4 -5 
-6 -15 17 18 3 -1 0 7 
8 -29 0 -16 0 -1 0 10 
-11 19 -6 -9 -2 2 1 4 
21 20 33 36 5 3 1 21 
5 4 -17 -13 -10 -10 -7 -6 
17 -5 -3 10 1 3 6 14 
-19 -20 -17 -13 -5 -1 -4 -27 
2 -10 -14 -6 0 -1 1 -1 
-5 3 18 12 1 0 0 8 
3 7 18 -19 -3 -1 -2 3 
33 -22 3 8 1 0 1 15 
-51 -8 -21 -5 -4 -2 -4 -10 
27 6 7 8 -4 -3 -2 -1 
-7 -18 -19 -12 -2 1 0 -4 
2 15 27 -33 -3 -3 -5 -4 
0 -14 24 29 -4 -3 1 -5 
7 -9 -31 -3 -3 -3 1 10 
-41 -12 -16 -24 8 4 -3 -8 
6 4 30 7 -1 -2 -1 6 
3 20 29 12 3 1 0 -63 
-21 -29 -25 -5 -8 -4 -2 -8 
28 -6 6 6 -5 -7 -4 6 
-12 -24 3 15 1 -1 -1 -9 
-12 -10 17 -15 -5 0 2 9 
5 -18 -28 32 3 0 -4 -2 
-6 11 10 -53 -8 -5 -1 -19 
-5 8 18 13 2 0 -2 13 
4 -1 34 10 -3 -1 0 9 
-11 -9 -33 -21 -7 -3 -2 -22 
-3 15 -2 23 -3 0 1 9 
-2 -22 23 17 -7 -5 -6 2 
8 13 6 -48 9 2 0 10 
-5 10 -2 5 0 0 1 -2 
0 32 -4 -28 -9 -1 -3 -4 
-10 2 -48 0 -2 2 1 -12 
5 -33 -50 9 -1 -6 -4 0 
-2 -15 30 20 3 0 -1 11 
1 -3 -18 -3 1 0 2 8 
-5 15 27 -3 1 -3 -2 3 
-3 -52 -16 6 -4 -1 -3 -12 
2 24 10 -10 2 1 -2 -4 
16 -20 36 19 1 0 3 3 
-41 21 9 -2 -1 1 -4 -11 
-15 4 -15 -4 -5 -7 -2 7 
-1 -27 -15 -11 2 1 -3 -9 
1 4 27 -8 5 1 1 -7 
7 -9 -35 -42 -4 -3 3 34 
-1 25 6 9 -2 -1 -3 -11 
5 14 17 19 1 -2 2 6 
-9 11 6 23 -1 -3 -3 3 
7 -6 -4 -9 -2 0 -2 -3 
2 17 -35 -3 -1 1 -1 13 
15 12 9 -6 -3 -3 -2 7 
-27 -21 -18 4 -1 -4 1 -6 
11 6 10 15 2 2 -1 -15 
-5 4 10 -3 -4 1 -1 3 
-5 -8 -30 -10 -1 -5 -1 5 
-7 -1 12 2 -3 1 -2 -11 
20 -2 -7 4 -2 -3 2 2 
6 -7 16 6 -1 -3 -6 11 
-10 5 -25 -4 0 -1 1 2 
15 10 -51 -9 -2 -4 -5 3 
-15 4 27 17 0 0 4 -2 
-9 -24 15 -4 1 1 -5 -2 
4 1 17 -3 -3 0 0 -4 
-9 -31 -1 -1 -1 -2 -5 -6 
8 15 3 14 0 -1 1 17 
15 32 15 -8 -4 -2 2 3 
-36 7 -14 -2 1 -4 -4 -3 
-15 17 40 13 -1 0 5 -4 
2 -43 -1 -52 -5 -3 -4 3 
17 36 -30 13 -1 -3 -1 -6 
-1 12 29 4 -2 0 2 0 
10 -1 5 16 -2 -2 -2 13 
0 -2 -32 -34 -5 -2 -2 -14 
-1 -2 10 1 3 0 3 4 
-8 -13 32 1 -3 -2 -3 -3 
-11 21 -12 0 -1 -2 -8 -28 
3 4 0 28 -1 -3 -1 -9 
16 2 -32 -20 -6 0 4 5 
-6 -2 -21 8 1 -1 -5 2 
-6 -38 22 -27 -3 1 -2 3 
-10 7 -61 -10 -2 -2 -1 -6 
-12 -27 6 2 -2 0 2 0 
11 2 8 11 -3 -2 -2 0 
4 2 -19 -1 5 2 4 5 
7 -6 19 -7 -7 -3 -2 -1 
-34 4 2 8 -1 -2 0 -21 
-2 -2 -12 -16 -6 -2 -3 -3 
30 40 11 1 -3 -2 -2 -1 
-12 -27 -64 11 5 2 1 1 
3 6 14 -1 0 -2 -1 4 
4 -8 -2 7 -4 -3 0 -5 
29 6 -16 -22 1 1 2 6 
-15 4 22 9 -2 -1 -4 -2 
2 -1 -5 0 -3 -3 -2 18 
2 -4 -35 -19 -3 -2 -2 -7 
5 -2 37 16 8 -2 0 -18 
-3 -10 -16 5 -3 -3 -2 -5 
11 -3 -38 -10 -3 -1 0 8 
9 1 28 -1 2 2 1 -4 
-22 -6 12 20 1 -3 1 6 
0 26 4 -14 -2 1 1 1 
-12 -12 -8 2 -2 -3 1 -11 
3 2 4 0 -1 -1 3 11 
-12 -36 -19 -8 -1 1 -2 -5 
-10 23 24 12 7 -1 -3 -8 
20 10 3 6 1 3 1 5 
-7 1 -44 -15 -5 -6 -5 -1 
-2 -15 10 -10 -1 3 0 2 
2 -8 13 -2 -5 -1 0 -3 
-15 8 67 17 1 3 -4 0 
6 -18 -37 -10 1 1 4 0 
-7 4 -14 5 -6 -6 -9 -2 
2 -4 -4 -10 -2 -2 2 -5 
-1 20 -3 0 1 2 1 -9 
1 0 52 29 3 1 1 6 
-2 -16 -81 -11 -8 -2 1 3 
-2 0 7 -6 -4 -1 -4 -9 
-8 -9 -12 -11 -2 -6 -7 13 
-3 -4 -2 -16 -2 0 -2 -15 
14 2 21 17 -2 -1 1 5 
-9 -5 22 12 4 1 -4 1 
6 13 -4 8 9 3 6 -1 
-4 -16 -44 -20 -2 -3 -8 -3 
10 17 17 -6 -4 -2 1 -2 
2 -5 2 10 -1 -1 2 0 
2 -12 14 13 -3 -3 -4 -5 
5 15 16 -12 -1 0 -2 6 
-6 -14 5 16 -1 -3 -2 -9 
9 -3 -17 -20 -5 -1 1 -1 
-6 -13 41 9 -2 -1 1 -4 
-3 -23 -75 -14 -4 -6 -4 -2 
5 14 7 -9 -2 2 -3 4 
-9 11 38 23 1 -2 0 13 
5 2 -44 -30 -8 -4 -4 -7 
0 6 22 25 2 0 -2 -1 
0 18 -9 -17 -2 -1 -3 3 
-8 -12 6 20 -1 -1 2 2 
16 9 8 -7 -3 -3 2 13 
-1 5 -3 -10 -3 -4 -5 -15 
-40 4 -9 11 1 0 -1 -7 
10 4 -8 -16 -6 -3 -3 -4 
-9 -9 -1 -7 -1 -1 -5 -6 
0 -12 4 3 1 0 4 0 
-6 -2 7 -1 -4 -3 -5 -4 
4 7 26 9 3 0 -1 -8 
-5 -25 -29 3 -3 0 -2 0 
18 16 26 -6 0 1 1 -5 
-14 -13 -29 -14 -2 0 3 13 
14 1 -19 -2 0 -2 -6 -14 
15 -11 2 -4 -4 -2 2 3 
-6 4 3 12 1 3 2 -1 
3 25 25 4 -1 -2 -3 -2 
-6 -15 -19 -10 -2 -4 -1 2 
-2 6 8 -11 -8 -1 -4 5 
-18 -12 -48 -5 -2 -1 1 -4 
7 -10 21 11 -1 -4 -3 0 
11 3 -7 -12 -2 2 1 14 
-21 11 -5 12 7 2 -1 -22 
-3 4 26 1 -4 -1 3 18 
1 9 -21 2 0 1 -2 0 
12 0 9 10 -2 -3 -1 2 
-1 -31 -31 -20 -5 -2 0 -2 
-11 -23 26 11 -1 -1 1 -1 
4 0 -35 -16 -3 -3 -1 -6 
-4 9 14 14 1 1 0 5 
2 9 15 5 3 -1 -2 -4 
-14 -3 -5 -2 0 -1 -1 -5 
-4 -21 2 -1 -1 0 -3 -7 
-8 -7 6 4 1 -1 -2 -1 
1 8 -23 -7 2 -1 1 -3 
7 18 9 4 0 -1 -3 -5 
1 -7 -9 -16 -1 -2 2 1 
3 10 -4 -10 -1 -1 0 0 
1 -21 -26 8 -2 -1 -7 -3 
-2 -13 10 6 0 -2 -1 -1 
1 7 6 2 -1 0 3 -1 
-31 -2 -13 -10 0 -3 -5 2 
9 8 17 0 0 -2 0 5 
-5 -5 13 3 0 0 -1 -8 
-7 -1 -1 0 -1 -1 -4 -6 
19 5 -5 1 -1 -3 -2 6 
-8 5 -19 -15 -4 0 1 5 
-2 12 11 -4 0 1 2 -8 
4 -4 16 7 4 2 -1 5 
-6 -2 -28 -6 -6 -3 -4 -31 
-9 8 16 -6 -3 1 0 1 
2 3 1 -3 -2 -2 -2 2 
-1 -8 -23 -7 -4 -2 -3 2 
4 -8 12 -8 0 -2 -3 0 
-3 60 -4 7 3 1 1 -3 
7 11 -14 -14 -6 -2 -1 9 
-2 -7 26 9 1 -1 -1 -4 
-3 4 -35 -6 -1 1 -3 3 
2 -3 -16 11 -1 -1 3 -7 
-1 -13 24 -2 2 2 -6 10 
2 11 -23 -14 -5 -6 -5 -3 
-1 -16 -15 3 3 2 -2 2 
0 -35 18 2 -2 -1 0 7 
0 3 0 4 0 -2 -3 -10 
-2 -2 4 -2 0 0 0 -4 
-2 -4 12 0 -4 -3 6 13 
-4 -7 37 2 0 -1 -11 -22 
-2 2 -53 4 0 -2 3 0 
7 -2 3 2 2 2 -3 7 
19 0 10 -9 -5 0 1 -3 
-40 -4 7 5 -7 -4 -2 6 
-9 -20 -12 -19 -1 1 -1 -20 
1 8 -7 -6 -1 -2 2 2 
5 7 2 25 2 1 0 6 
13 -22 7 -13 -1 -1 -1 -5 
-5 10 21 11 0 1 -1 6 
-5 -7 -57 -4 0 0 1 -3 
-10 -5 -21 -11 -2 -3 -3 -2 
3 -3 11 4 1 -3 -4 0 
4 9 18 6 -2 -3 0 0 
8 0 11 0 0 0 2 3 
-6 -10 9 -3 1 0 -4 -11 
0 -8 -21 -2 -5 0 0 -1 
-2 0 4 -1 7 2 4 7 
-6 2 20 10 -2 -1 -4 -11 
-2 3 -17 -23 -6 -4 -2 -15 
1 -12 17 4 0 -1 6 3 
-3 -2 4 0 -5 -5 -10 3 
8 39 -16 10 3 0 3 -8 
-6 1 39 -6 -1 -2 -1 5 
18 -30 -56 -19 -5 -1 2 -1 
-5 27 27 7 1 0 1 14 
0 -12 -9 -11 -3 -3 -2 0 
-7 -2 11 10 -1 0 -2 -7 
7 15 3 2 2 0 1 2 
7 -9 2 1 -3 0 -1 -11 
-2 -11 -9 -13 -4 -4 -4 7 
-4 -2 -4 1 -2 -4 -2 4 
-15 6 14 5 8 6 2 -4 
1 -5 -13 -13 -2 -4 -2 2 
-9 -12 13 13 0 -2 1 -5 
8 -5 -9 -8 -3 -1 0 3 
-2 14 -3 1 -3 -3 -8 4 
-2 -1 16 2 0 -2 -3 -5 
9 -1 4 24 2 0 -2 8 
-10 -9 -36 -37 -9 -2 -1 -12 
0 -1 -21 -9 -4 -3 -4 -2 
-4 -7 19 15 1 1 1 -13 
-2 -1 5 -8 -4 -4 0 -3 
1 0 27 19 2 1 1 14 
6 11 0 -8 -2 -2 -1 -1 
3 -9 -35 -1 -4 -5 1 -1 
-4 -2 10 0 -1 0 1 5 
11 0 -12 0 5 2 -4 -9 
-2 3 -24 -2 -2 -2 -1 -3 
-1 45 14 -5 -5 -2 1 8 
-10 -7 -21 -32 -4 1 1 -9 
3 7 14 2 -1 -2 -2 0 
1 7 -1 14 -1 1 0 2 
0 -5 -11 7 -3 -2 -2 1 
-9 -6 -5 -18 0 -1 -3 -2 
3 4 -2 0 -3 -3 -3 2 
-10 -11 8 8 -1 -2 -5 7 
-5 -7 -2 -6 -1 -1 0 -12 
-4 -2 4 22 0 0 -2 -8 
7 -7 -8 -5 -1 -4 2 3 
-5 0 -5 -17 -2 -1 -2 -4 
2 -19 10 12 4 2 6 11 
0 7 -19 -25 -2 0 -3 -9 
-10 0 13 14 1 0 1 -2 
4 8 15 9 -2 -3 1 4 
-1 -14 -52 -19 -5 -2 -2 -6 
1 -6 -2 3 2 0 1 0 
-9 -4 2 8 -1 -2 2 -4 
0 2 17 -14 -1 0 -2 -4 
1 10 4 0 -4 -3 -1 -4 
7 -7 0 -1 3 0 0 13 
0 6 3 -1 -3 -3 -7 -8 
-5 1 -16 3 -1 -3 -1 0 
5 -8 9 -2 2 0 0 1 
-7 -13 -32 -3 2 -1 1 -2 
-4 -9 3 8 0 0 -1 -3 
0 20 14 -10 -1 -1 1 2 
-2 -3 7 3 -3 -2 -5 5 
4 3 -12 -4 -1 -3 -4 -17 
-2 0 6 16 1 0 1 5 
-2 -7 20 1 0 -1 1 -6 
-5 -27 -57 -35 -7 -2 -4 10 
0 -15 26 14 -3 -2 -2 5 
-4 18 -13 -13 -5 -2 0 -1 
-2 -3 -4 7 -2 -2 -2 -4 
12 11 53 9 5 3 -1 -4 
-1 -7 -12 -12 -2 0 1 1 
-2 -6 -5 8 1 -1 -2 -2 
-1 -8 1 -7 -5 -2 -1 5 
-3 -4 -1 8 3 0 -4 -12 
-14 6 19 3 -3 0 -2 0 
5 -9 -12 -5 -6 -6 -5 -10 
-4 -1 -7 1 3 2 0 4 
4 -4 -22 8 -4 -3 -2 -1 
8 19 8 -13 -5 -1 -1 6 
-11 -3 -9 -12 0 3 2 3 
-5 -6 -4 4 -1 -1 -1 -10 
-1 -3 20 3 2 -1 -10 -3 
1 -2 -18 5 0 -1 0 2 
-3 -1 4 -1 -2 -1 0 1 
16 -5 -24 -8 -4 -3 -1 1 
-5 3 18 2 -1 -1 3 1 
-1 6 2 0 -1 -2 -3 -3 
2 0 6 2 -1 1 0 4 
-10 -20 22 4 1 1 -1 -5 
-1 1 -65 -23 -4 -2 2 -4 
-9 -4 15 2 -1 -1 1 -1 
1 6 8 11 3 2 -7 -11 
4 -4 -11 1 -1 -3 1 2 
-5 -1 27 2 1 0 -2 1 
3 -2 11 15 -1 1 1 -7 
1 7 -15 -23 -8 -4 -1 5 
-9 11 17 9 4 4 1 -6 
-1 -5 -3 -21 -5 -5 -1 1 
-5 1 -19 3 -1 -2 0 0 
-6 -26 -11 -2 -1 -3 -1 -3 
10 8 -1 5 -1 -2 -5 -1 
0 17 -8 -7 -4 -4 -1 3 
2 0 62 25 4 2 -2 -4 
-18 -17 -21 -28 -3 -1 0 -2 
6 -7 -54 1 -2 -2 -1 0 
-1 -6 12 9 1 -1 -1 1 
2 3 15 -2 -4 -3 -2 -1 
0 5 13 9 0 0 0 0 
-3 0 1 -1 -1 -2 0 1 
2 -2 7 5 1 1 -1 -6 
-5 -4 -12 -10 2 0 2 -9 
8 9 2 3 1 -1 1 15 
-5 -6 7 -7 -7 -5 -5 -5 
-7 -13 -37 -14 -2 -2 -1 -9 
-6 -26 -16 -9 -3 -5 -2 4 
-2 -6 10 9 -2 -1 -3 -6 
8 11 25 2 -1 0 1 6 
-4 10 11 3 1 1 -1 0 
1 0 -8 -8 -6 -3 -2 1 
2 -1 -2 1 0 -1 -1 0 
-5 -20 -2 0 2 -1 2 -6 
-2 -9 4 7 -3 -1 -7 -1 
-9 6 15 13 7 3 0 5 
0 -2 -8 21 -5 -3 2 -12 
-1 -3 -34 -61 -7 -4 -3 8 
2 -20 -31 -3 -2 -2 -1 -3 
2 3 12 20 4 -1 -3 7 
-3 3 17 -16 -7 0 0 0 
-1 7 -5 13 2 -1 -6 -3 
1 8 16 5 -1 -1 -2 6 
1 8 -7 -12 -4 -2 -2 -4 
0 -6 -10 6 3 -1 0 -5 
-2 2 3 5 2 0 3 11 
0 6 18 -7 -3 -1 -3 -8 
-12 -20 -33 -2 -6 -5 -5 -3 
-6 -3 -6 -15 3 1 1 -7 
-5 -4 -8 10 -3 -1 -9 -11 
-5 -6 27 7 4 0 3 2 
9 13 -10 -21 -4 -3 0 -1 
-2 2 -1 0 -1 0 0 1 
0 3 20 14 -2 -1 -2 1 
-5 -16 3 7 3 5 3 -3 
1 -3 -2 12 -1 0 -3 0 
-1 5 -13 -24 -6 -3 -3 4 
5 8 18 8 1 -1 0 9 
-8 -3 -23 -6 -2 -4 -2 -28 
-2 -5 31 5 1 4 6 -3 
-8 -4 -48 -13 -6 -5 -11 -2 
2 -12 1 0 5 0 2 0 
