#EMG
#2
#ID:2-4
11 -22 6 2 -3 -3 -2 -4 
10 -19 1 2 -1 0 0 -3 
-15 7 9 8 1 1 5 -6 
5 12 16 -4 -1 -1 0 9 
2 -8 9 1 0 0 1 17 
8 -5 -2 3 0 -3 1 -12 
-44 -1 -12 4 -2 -2 -7 4 
11 -7 4 3 -1 3 -1 -4 
-21 -2 -26 0 3 -2 -8 -2 
14 -9 22 1 -6 -2 4 3 
-7 -45 -22 -8 1 1 5 4 
-16 38 -19 -10 -5 -6 -7 9 
21 0 -3 9 -3 -2 -3 -1 
-39 -28 8 -8 0 0 -1 1 
-7 -5 6 5 2 2 0 -5 
5 -19 -22 -10 -3 -4 -5 -4 
13 55 37 16 -1 -2 3 9 
-1 4 -17 -7 4 2 -3 7 
1 18 -7 -4 -1 0 2 -11 
-15 -24 16 9 2 -1 4 -5 
26 -9 5 0 -1 -2 -3 -16 
2 6 8 -1 -4 -2 2 12 
-8 6 4 6 4 3 -11 -13 
-1 -6 -13 0 -1 0 -2 -2 
-8 -23 -15 -10 -2 1 0 10 
-1 -5 -24 -1 -5 -3 1 -3 
8 13 -5 -10 -2 -2 9 15 
30 16 33 7 -3 -3 -18 -26 
-38 -20 -12 -13 -3 -1 -3 6 
-5 56 -20 -5 -1 2 -3 -7 
-24 3 8 9 -2 -4 3 1 
-5 -4 7 -9 -1 0 0 4 
3 -2 11 -11 -4 -2 2 0 
0 10 -1 2 -3 -2 -6 -12 
22 -10 15 -2 -3 -3 6 4 
-22 -36 -28 7 -1 -1 -18 -8 
2 -4 18 0 3 0 0 -2 
21 -28 3 -9 -5 -1 0 9 
-3 8 -11 -3 -2 -3 -6 -5 
-18 0 0 6 1 1 6 -14 
14 10 11 -5 0 -3 1 17 
17 -5 0 6 -2 -1 -3 -10 
-24 9 19 -7 -1 -2 1 -3 
2 24 -6 -7 -2 -2 -1 19 
-18 -2 -2 11 1 -1 -7 -35 
7 19 17 -2 0 -2 5 7 
5 -16 7 -3 -5 -3 -6 -8 
-4 -7 11 -3 1 1 6 4 
-13 -11 -30 14 1 2 2 8 
-10 -34 -44 -26 -4 -2 -12 -11 
19 18 -9 -3 -2 -1 4 0 
-30 4 27 -1 -2 2 5 -2 
19 14 12 9 3 1 -5 3 
-5 0 6 14 -5 -1 3 -3 
-10 -2 -46 0 0 2 1 0 
29 -2 8 -5 4 -3 -5 -1 
-24 2 10 -8 -2 -4 -1 -1 
-18 1 -4 -1 0 2 4 -3 
16 11 22 -3 0 -2 -10 11 
-1 -19 1 7 1 -1 2 -45 
6 18 -50 -14 -4 -2 -1 21 
-25 -10 28 6 -3 -2 5 1 
-1 2 -8 -5 -3 -4 -8 1 
-6 12 8 -2 -3 -1 -3 5 
25 -5 9 -5 -2 -2 1 2 
-58 -18 19 23 1 2 -4 -9 
-1 10 -43 -18 -1 0 8 7 
-10 -22 -20 -7 -2 -2 -1 -4 
21 5 24 -8 0 -1 1 -3 
-16 -13 10 21 0 -2 -1 4 
-5 -14 -29 -4 0 -2 -4 -7 
-11 -1 -8 -8 -3 -1 -1 2 
11 -3 -1 -4 -1 -2 -6 0 
24 32 0 -14 -6 -3 3 11 
-5 -17 10 8 3 0 -6 -16 
-24 -7 -1 -3 -4 -4 9 -12 
-11 26 7 6 2 1 -12 -5 
15 -12 -25 -21 -4 -3 4 7 
19 3 14 0 -2 -1 -5 10 
18 18 34 11 1 1 3 12 
-7 -18 -42 -7 -2 0 2 -13 
-24 -43 -28 -11 -5 -2 -3 11 
-4 22 19 10 2 2 3 -22 
20 -4 9 -4 -2 -2 -3 12 
-13 -7 -1 -9 -4 0 0 -4 
10 -10 14 15 3 -2 -1 6 
-2 -16 -23 -11 -2 -3 -2 -4 
-8 24 -4 4 1 2 -2 -3 
9 -26 3 -3 -3 -3 -3 9 
23 31 21 9 -1 0 1 -1 
22 -4 -23 -19 -2 -2 -1 -6 
-30 0 -2 1 -1 -1 -1 4 
11 -7 -3 10 2 3 4 1 
-8 4 13 0 -2 -3 -4 -11 
-20 -19 15 13 2 2 -2 0 
5 0 -18 -19 -5 -5 -2 -5 
-20 -23 -29 0 1 -3 3 9 
-3 -16 -15 -6 -2 -1 -3 -24 
-4 21 31 11 2 -1 5 4 
-5 -2 -35 -4 0 2 1 7 
-8 11 26 9 -2 -3 -11 2 
22 15 1 -4 -3 0 0 -4 
-21 -17 -17 -2 -3 -4 1 -6 
-43 -18 8 4 2 2 -3 -25 
15 15 -3 -16 -2 -1 -1 0 
-5 7 -8 -1 -2 -1 4 10 
8 1 21 2 -1 0 -1 5 
18 -29 31 24 1 1 -1 -4 
-19 -21 -36 -25 -9 -3 -2 1 
-7 6 -7 -8 -1 -2 -7 -2 
6 6 7 2 0 -2 17 12 
38 10 -18 3 1 -2 -19 -12 
-35 -5 22 6 2 0 -5 -16 
-1 -1 6 -4 -4 -3 -4 1 
-4 -12 -10 -4 -4 -3 0 -3 
9 9 -2 -3 0 -1 8 7 
44 -14 10 11 -1 0 2 -2 
-7 23 -16 -19 -7 -2 -7 1 
-16 9 15 9 4 2 -7 -8 
1 1 -10 -11 -2 -2 1 15 
-3 -27 5 4 0 -3 -1 -13 
9 -23 -13 11 -1 -1 17 1 
45 9 -14 -6 -3 -2 -28 20 
-11 29 -1 0 -1 1 -11 -7 
1 22 19 6 1 -1 7 12 
-18 -42 4 0 -1 0 0 -20 
0 0 -3 -2 0 -1 1 -4 
-15 -23 3 -3 -5 -2 3 -9 
3 32 7 -3 1 0 -8 -5 
12 3 -1 -2 -2 -1 0 6 
-5 -23 0 -4 0 -1 1 -14 
-14 -3 7 0 -3 -3 2 -2 
-21 -11 1 -5 2 5 18 -9 
13 -27 -54 -10 -6 -6 -34 18 
-15 -26 -9 -4 -1 -1 2 5 
7 0 -3 -1 -2 0 9 -14 
1 29 19 5 -2 -2 -2 17 
4 -5 -9 1 -3 -1 -3 -15 
6 15 11 14 0 -2 -5 -5 
8 13 -20 -26 -6 -3 4 3 
-25 -37 11 3 0 0 6 3 
-19 9 -40 -2 0 2 11 -16 
36 12 14 -11 -7 -4 -15 5 
17 -4 -16 1 -3 -5 -8 8 
10 -3 29 1 -1 -2 -2 1 
-10 23 -7 6 3 3 9 -7 
-26 -7 -5 20 5 3 3 -9 
34 -13 -16 -25 -4 -3 11 28 
11 16 -11 -18 -4 -6 -34 -35 
-30 -7 45 19 4 -1 9 -12 
6 12 1 -15 -10 -8 -4 6 
-13 -1 6 12 1 -1 -7 -9 
-39 -23 -35 4 -2 0 5 -6 
-12 34 32 -16 -4 0 3 3 
6 -19 2 6 2 0 -10 -5 
12 -58 -6 1 3 2 2 3 
19 16 -25 25 -1 -2 7 20 
43 -20 22 -19 -5 -1 -10 -3 
-98 -17 14 18 6 2 8 7 
-19 35 -14 10 7 4 0 -1 
30 1 -36 -33 -10 -6 -10 -9 
15 -11 2 11 -1 -5 -6 19 
-1 -6 9 -9 -4 0 3 -1 
-25 4 45 11 2 -1 -8 -17 
-1 12 -36 -10 -2 1 10 -3 
-10 -7 29 21 -4 -3 13 8 
27 -2 -26 -17 -1 -2 -41 -12 
4 22 -9 3 -1 -1 8 0 
-2 11 -11 2 1 1 0 -1 
0 -5 44 22 -4 -2 0 6 
15 -42 -29 -11 3 1 16 -3 
-28 28 5 -26 -3 -3 -4 8 
3 47 14 -6 -2 -5 -8 10 
-9 7 -15 14 -1 -2 -1 -2 
25 22 16 -6 -7 -2 -3 -5 
-38 8 9 9 -2 -2 -2 2 
-14 -24 2 -5 1 0 4 -5 
-12 38 -11 -7 1 2 -11 4 
8 -9 -14 16 -3 -1 8 3 
23 -12 1 -22 -7 -2 2 -12 
-5 1 -1 16 4 1 -5 6 
15 -8 0 -15 -3 -1 -4 16 
-13 -2 4 6 -4 -3 -5 -1 
19 2 5 -1 5 3 -1 9 
-46 -35 -7 -7 -8 -9 -5 11 
34 7 6 -5 -1 1 5 2 
-24 -1 -9 20 -6 -7 2 -2 
-32 -73 -22 -28 6 5 2 -4 
16 13 22 -6 0 -1 -13 -1 
-4 7 -16 17 3 -2 -8 -44 
4 3 11 -36 -5 1 14 3 
-1 12 -19 43 3 -6 -9 -31 
-1 -34 -4 -15 -5 2 1 29 
-16 -43 -11 -27 -11 -2 2 -29 
2 6 -31 3 2 2 5 14 
15 25 23 -2 -4 -3 -5 7 
9 4 32 9 7 3 15 -23 
-2 20 -22 15 3 -1 -8 13 
23 -14 7 -5 -2 -4 -12 10 
-39 16 29 4 0 4 14 7 
24 11 -51 2 -6 -5 -13 23 
-20 -9 33 -2 0 -3 14 20 
-15 33 -49 -25 2 4 -4 -40 
13 12 14 9 -2 -5 0 19 
31 -8 29 9 0 -2 -27 -14 
-9 -10 -25 -5 2 3 12 34 
5 -11 28 24 3 1 -7 -46 
-13 -17 -72 -39 -10 -4 5 2 
18 20 40 28 2 2 13 17 
-28 -4 -40 -53 -8 -7 -26 -9 
-10 28 -6 22 5 3 21 32 
74 8 8 10 -1 -1 -9 15 
-65 5 -22 -18 -4 3 40 -26 
-4 -46 -38 -7 -4 -8 -57 3 
-29 -3 50 8 4 1 1 8 
21 2 18 19 -3 -1 8 -11 
29 0 -50 -47 -6 -6 -29 3 
24 10 11 21 -2 1 27 -3 
-13 -30 46 -15 4 3 5 -3 
12 -3 -53 11 -4 -3 -12 -2 
17 -30 2 -27 -2 4 5 -10 
-20 16 17 10 -2 4 24 5 
10 -21 -17 -13 -1 -10 -65 7 
18 12 37 -5 -3 0 12 4 
-39 10 5 30 2 1 8 -3 
13 -23 -36 -3 -1 0 4 -9 
-1 16 -6 7 -3 0 27 13 
-42 -7 3 -9 0 -4 -11 15 
24 6 -18 0 0 -2 -10 -21 
18 76 27 25 5 2 -1 5 
11 2 -15 -12 -5 -2 10 -7 
1 -14 -25 0 -2 -4 -9 -11 
-11 -27 5 -14 -2 1 0 3 
12 9 36 32 -1 -4 6 11 
11 17 45 3 5 2 -2 -14 
8 -15 16 -33 -9 -3 -4 -11 
3 10 -81 1 -1 -2 8 14 
-8 -12 25 -6 2 2 -1 -11 
4 8 22 56 2 -1 -2 9 
-12 29 23 -38 2 -1 -3 -4 
-4 57 18 19 2 -5 0 -5 
3 -5 -35 -36 -7 4 2 -34 
-9 -12 -15 -17 -6 -2 5 -10 
-22 -13 -23 25 2 -2 -4 -8 
1 -35 49 5 -2 -3 0 2 
-2 -30 -57 -19 -4 -1 -6 3 
27 55 -12 -7 -1 -2 3 43 
-28 -2 -12 3 -2 -3 -3 -9 
-31 -29 42 17 0 2 9 -81 
-25 -28 7 -4 -3 -8 -10 -62 
2 -24 -6 1 -3 2 -5 39 
-8 -2 19 28 1 -5 -5 -31 
-19 -22 -55 -34 2 3 2 -12 
7 9 0 23 -3 -11 -3 29 
-7 20 -8 -83 -17 -5 -1 -47 
1 -18 -81 1 -5 -5 -3 -11 
32 -23 50 28 5 4 -3 20 
29 55 36 23 2 5 6 26 
-13 -38 -91 -31 -5 -5 -2 -16 
14 -15 1 -9 -4 -2 4 29 
-14 -4 6 6 -4 -4 -6 12 
7 -15 44 -26 -2 -2 -14 6 
12 7 13 12 -1 -2 -3 -8 
9 -7 45 40 13 7 10 4 
-3 -13 -81 3 -5 -5 2 0 
-12 11 36 -35 -6 1 -4 0 
-21 3 -6 20 8 2 4 -5 
10 -15 -40 -46 3 2 -2 11 
4 32 65 46 1 1 -4 17 
-5 -7 -36 -44 -12 -5 -6 8 
-1 -26 -53 -8 1 -1 8 -8 
-6 -3 6 40 4 -1 -5 16 
4 5 -1 -8 -1 2 -1 16 
-18 -50 -33 9 3 -1 -4 -11 
22 37 21 -12 -4 -3 12 37 
15 3 0 9 0 -1 -12 -18 
-72 -59 32 7 0 -1 -5 -8 
23 -12 7 -8 -3 2 3 15 
-3 -3 1 37 7 3 3 3 
26 28 -5 -24 -2 0 2 23 
-7 7 45 -2 -6 -4 -1 -1 
-3 -31 -49 4 1 1 3 8 
-17 -9 10 -11 -5 -1 -3 -33 
7 23 32 -6 2 5 4 22 
9 22 29 -5 0 -3 -8 -17 
-3 13 -12 14 -1 -2 1 2 
9 -11 -43 11 1 -3 0 5 
-15 18 -22 -13 0 1 -1 -20 
4 5 15 -14 0 -2 0 13 
3 11 29 5 5 1 3 2 
-24 -6 21 -12 -4 -4 -5 0 
2 5 1 16 3 3 4 -8 
-7 6 6 3 -2 -3 -4 4 
12 -7 -32 0 -2 -2 -3 -7 
-7 2 32 22 -4 -2 1 -10 
4 -2 12 -9 4 2 -3 0 
-19 -11 -9 -10 -6 -2 0 -2 
-6 9 0 30 1 -1 -2 -2 
-5 3 16 -57 -1 -1 -1 1 
-8 -18 23 3 -4 -3 -2 -4 
9 2 -51 -15 -4 -2 -1 -1 
-16 23 6 17 -1 0 0 1 
0 30 16 17 4 2 -2 4 
-5 -5 -12 -8 -4 -4 -1 1 
17 11 -30 -1 0 -4 -3 0 
-2 -1 12 -24 -4 -2 1 4 
0 -21 0 9 -1 1 0 -8 
-9 -12 20 2 -3 -1 1 0 
10 13 -12 -9 -1 -2 -2 2 
-9 0 -9 12 -1 -3 -3 -3 
24 -3 32 -17 -1 0 -1 -3 
-18 -13 -15 2 -1 -5 -1 -5 
8 1 6 7 -1 -1 1 -1 
2 9 -30 -11 -1 0 -3 -4 
8 -12 15 12 0 -1 2 3 
-5 -12 -22 -11 9 1 -2 -6 
12 -1 -4 -7 -3 -2 0 12 
-1 4 15 7 -2 -1 -3 -5 
-19 -6 -20 -15 -5 -6 -4 0 
7 5 16 16 2 4 4 2 
-36 6 4 -5 -3 -3 -2 -7 
-13 -12 -2 -7 1 0 -2 -1 
5 -7 -5 25 3 -1 -6 -8 
-24 -33 -46 -43 -13 -7 -5 -6 
19 0 -6 -12 -6 -3 -2 -3 
0 -4 10 11 3 3 3 -4 
3 7 27 23 4 3 7 11 
8 13 6 -22 -5 -2 -11 -13 
7 -13 -42 -3 -4 -4 -4 5 
-2 10 31 -9 0 -1 -1 -2 
-56 -34 -43 5 0 -1 0 -10 
30 1 48 19 1 0 -1 -3 
-3 -2 1 -4 -6 -4 0 -2 
2 12 31 9 5 1 0 3 
9 4 -4 -16 -2 0 12 18 
18 4 -16 9 -1 -3 -20 -20 
-20 -4 -14 0 -2 -1 -2 -8 
11 -16 -4 -5 -4 -4 -3 0 
9 8 22 7 -1 1 2 7 
-27 4 -10 -1 -1 -3 4 -6 
8 20 25 1 -2 -2 -1 -8 
27 -6 -22 11 1 0 -7 1 
-4 -2 -13 -26 -3 1 -3 -2 
-5 9 8 3 -4 -1 3 5 
1 2 1 -4 -3 1 3 6 
-4 -10 2 8 2 2 12 -4 
4 17 -9 -33 -7 -6 -21 -12 
0 -19 6 11 -2 -2 -6 5 
-14 32 18 8 5 1 -1 -5 
-11 -11 -43 -8 1 2 4 11 
18 -6 -46 -24 -9 -4 -4 -14 
-13 -5 33 16 -4 -4 -6 -3 
-3 -17 -9 -14 3 1 1 -8 
12 3 10 2 -5 -3 -3 -4 
-8 12 -7 15 2 -2 -2 3 
-9 -12 -8 3 -5 -1 3 4 
7 -24 4 2 -1 3 3 10 
-7 11 2 1 3 1 4 -4 
-7 -4 7 -15 -1 1 -6 -10 
1 11 -1 -6 -1 -4 -2 8 
12 0 11 11 -1 1 2 3 
-12 -8 22 -18 4 1 -2 -8 
-2 -5 -16 23 -7 -5 8 -3 
1 30 -12 -23 6 4 -2 -6 
1 5 0 1 2 -1 -2 3 
-10 -15 -7 -11 -3 4 5 5 
29 12 16 10 -3 -7 -12 -11 
-58 -1 28 -6 0 1 5 2 
-26 -21 -50 -1 0 -1 1 -3 
-1 -9 7 7 -6 -6 -13 -5 
1 -8 -10 -17 0 2 5 8 
21 -16 6 10 3 -1 1 6 
-1 -2 -27 -27 -2 -4 -9 -14 
1 8 33 -1 -5 -5 10 4 
-12 3 -27 13 1 -1 -2 2 
3 -3 -29 -5 0 -1 -10 -7 
14 11 79 21 -4 -2 4 -8 
-1 -35 -58 -12 1 -1 -5 -2 
3 10 25 16 4 2 3 -4 
4 -14 -1 4 1 0 -2 13 
3 0 -2 -8 -4 -2 -8 -4 
11 9 -2 17 -4 -2 9 -6 
-26 -18 2 -16 -2 0 -9 13 
14 -6 -8 8 0 1 12 -2 
-9 -1 48 10 -2 -3 -5 4 
-3 -6 -20 -20 -4 -5 -9 -6 
-4 -4 -26 -4 0 -2 -6 7 
9 3 7 4 2 2 6 -2 
16 22 17 5 -1 -2 -4 0 
-14 -7 -27 22 -1 -1 0 0 
4 67 14 -12 0 -1 6 3 
4 59 -18 -25 -4 3 -1 4 
8 -10 -2 -11 1 0 2 7 
-7 -1 16 -2 -2 -5 -9 0 
-15 -10 19 -2 3 1 6 -12 
38 -21 -32 6 1 -2 4 12 
16 9 8 -1 -3 1 4 5 
0 24 -15 -4 1 1 -11 -14 
15 -38 2 5 -3 -4 1 -3 
-24 2 17 17 1 1 5 1 
-11 -18 -21 -6 -2 -3 -8 1 
-2 17 61 -4 -4 -1 3 -6 
2 -41 -45 10 -8 -7 -8 -6 
-6 57 -11 -12 2 4 0 -5 
7 -3 -7 -8 -13 -9 -7 1 
-13 -7 20 -5 2 2 8 7 
-17 -10 40 -1 1 0 7 5 
-4 -28 -40 -3 -11 -9 -10 -11 
-2 -22 -35 -2 1 1 -8 0 
-28 -2 27 9 -1 -4 -1 -8 
0 -1 -11 10 2 1 -6 -1 
-7 -16 -6 -48 -3 0 11 4 
-8 9 39 17 -3 -2 2 2 
14 -16 -15 7 -3 -4 -5 12 
17 50 12 -21 0 0 0 -13 
-15 -6 -56 -2 -4 -4 -1 -14 
7 4 16 3 0 -1 -1 0 
6 17 23 -11 2 -2 -2 3 
19 -29 10 15 -3 2 6 12 
-6 -1 25 -2 0 -3 -20 -16 
-2 44 0 6 -3 -2 6 1 
18 -18 -75 -28 -4 1 0 -3 
-12 -7 42 8 2 2 3 1 
-25 3 6 3 -2 1 1 -4 
-12 -27 -51 19 -8 -10 -11 4 
3 8 17 -17 5 2 -9 -11 
2 -1 -14 -31 0 0 7 12 
15 -44 58 34 4 0 -4 -8 
-31 -10 -35 -23 -3 -2 5 -27 
14 -18 4 19 2 3 5 15 
-47 -2 -2 -1 -4 -2 -6 -11 
18 -12 -33 -16 -3 -2 14 10 
-2 23 9 9 -1 3 -13 -3 
-9 5 -2 8 -7 -4 6 3 
-12 -19 -13 -14 -2 -3 -11 -18 
12 9 14 11 3 -3 8 8 
0 -13 -29 -39 -5 3 3 6 
-16 1 29 1 1 1 -6 -8 
27 -13 -16 36 2 -3 2 23 
-9 -32 -37 -23 -12 -4 -7 -22 
16 -16 -30 -13 5 3 4 9 
-2 -10 12 -2 -1 -5 -2 13 
4 -6 25 20 -1 -2 7 -11 
7 -26 12 17 6 2 -13 13 
-7 -21 15 5 1 2 18 2 
27 19 33 0 -4 -1 -8 -5 
-25 -10 -72 -27 -7 -4 17 -2 
-10 -2 -1 -7 -3 -3 -29 -17 
38 13 1 14 0 0 -2 -3 
-5 5 0 -10 -1 -2 -15 10 
2 -7 11 -5 -4 1 -4 -3 
-7 23 20 4 2 -2 10 4 
0 -12 21 14 0 2 3 0 
9 -4 -25 -2 -1 -4 2 5 
-5 -73 -1 -18 0 2 -17 6 
-15 6 7 18 3 -4 5 -10 
-18 -8 33 0 -3 0 -4 -3 
14 -5 -52 -31 -5 -1 9 0 
-5 8 -5 10 -1 -3 -7 3 
6 -6 -21 -9 -1 1 -8 1 
0 1 5 24 -3 -3 -1 -14 
-2 -1 21 3 -2 -5 -7 9 
5 15 -21 9 -1 -5 -11 -17 
20 21 31 -39 0 2 20 10 
-41 -17 -63 -8 -5 -2 -3 -9 
8 -6 0 8 1 1 0 -3 
15 26 27 21 -1 -3 -6 1 
-8 -1 14 1 -4 -3 0 -4 
-3 -17 -19 -29 -10 -4 33 5 
-4 1 5 -2 10 9 -1 -4 
-4 11 11 9 -1 -6 1 4 
-3 -2 2 21 1 -3 -30 -18 
33 2 34 -14 -5 -3 2 14 
-23 -6 -24 -1 -5 -4 -10 -18 
7 20 1 3 2 0 6 3 
3 -8 4 -3 -4 -3 6 8 
-4 17 5 -3 5 5 -4 -3 
-14 28 4 16 0 -1 2 -3 
-1 -1 -43 -33 -6 1 -4 -2 
7 1 10 -7 -4 -1 16 4 
9 28 -5 30 1 -3 -19 -7 
4 0 2 6 3 6 7 -2 
-18 -14 5 -62 -15 -1 2 17 
-6 2 -10 2 -5 -7 0 -3 
-9 -13 -2 -2 0 -4 -26 -4 
3 -4 -22 23 3 0 9 -4 
8 0 18 17 1 0 4 -6 
-5 -12 8 4 3 3 5 3 
-4 9 -16 -7 -2 -1 -12 1 
-10 41 11 -11 -7 -6 -2 -4 
-3 -1 27 13 3 4 4 -4 
1 -16 -59 -29 -7 -5 -8 1 
-8 -10 26 4 7 5 -2 -3 
-2 0 21 -8 -4 -2 5 -2 
4 8 -74 -4 -6 -5 -6 -4 
3 16 56 8 -1 0 6 5 
15 -14 -36 -6 -4 -4 -11 -9 
7 -24 5 -5 -4 -3 18 -3 
9 6 42 23 7 4 -8 -10 
-16 -43 -29 -9 -2 -3 -25 0 
8 -13 11 -6 -1 0 13 7 
12 36 -1 -7 -1 -1 2 0 
-41 -17 17 8 1 1 -1 0 
0 -48 -4 7 -1 -2 -6 -6 
-9 1 2 2 -4 -1 8 4 
4 -20 -32 -45 -4 -6 -18 0 
13 20 6 10 -2 -3 -1 -4 
-1 37 9 13 5 9 3 3 
-11 -23 19 10 -7 -2 10 2 
-9 -14 -2 -16 -6 -9 -40 -10 
3 0 19 -2 -6 -5 -10 -12 
-3 8 -71 0 -1 1 19 6 
-12 7 29 16 3 1 -2 -1 
-4 -12 1 10 -2 3 5 -4 
-13 -7 4 -7 0 -3 -5 4 
6 16 58 10 0 0 17 0 
7 47 -29 -23 -4 -3 -29 -10 
-31 -26 -20 11 4 2 16 -2 
22 -23 -24 -17 -8 -3 -23 1 
21 52 6 14 2 -1 7 11 
-39 -21 -9 14 1 1 11 -6 
2 -35 16 -35 -4 -4 3 -2 
0 8 3 21 7 9 19 -3 
8 -31 9 -1 -8 -6 -29 -2 
17 17 -6 -16 -5 -4 13 2 
-6 3 14 34 5 -2 -28 -4 
-1 -11 -16 -7 5 3 18 2 
-7 -4 10 1 -3 -1 18 2 
-23 -16 24 6 -3 -4 -22 -16 
35 -8 -53 -19 -3 -1 -1 10 
-20 50 -7 -4 -3 -4 14 2 
-2 -1 7 -8 0 0 -19 -11 
3 -10 -12 -1 -2 -3 7 2 
-16 -11 13 15 0 3 14 4 
45 -11 -18 -19 -3 -4 -29 -5 
-41 31 -8 15 -2 -3 9 3 
-14 -32 -15 -39 0 4 7 5 
-2 -12 -3 18 1 -2 -13 -8 
0 -3 1 -16 1 1 13 -2 
9 23 16 9 2 2 1 -2 
38 -6 -49 -18 -8 -5 -14 9 
-15 58 2 11 0 -1 11 1 
8 -4 10 12 2 -3 -19 2 
-14 -25 -2 -5 -1 0 6 -14 
21 5 30 10 -1 -1 19 -3 
-10 -16 -31 -18 -6 -5 -11 9 
-1 4 -3 7 0 -2 -12 11 
-12 -15 -12 -9 0 2 -2 -14 
-7 -1 34 11 -2 0 8 -7 
1 -23 -33 -7 1 0 3 4 
-7 19 8 2 1 7 26 0 
3 8 2 -10 -4 -9 -38 -7 
-15 -8 -9 18 1 1 -1 10 
11 71 41 9 2 -2 0 -6 
-28 -53 19 -25 -2 4 8 -4 
20 -5 -13 16 0 -2 10 10 
-6 -2 -38 -17 -7 -5 -14 4 
-7 -9 15 8 1 4 -12 -31 
-39 -23 -3 12 2 1 8 2 
12 22 12 -1 -1 -1 -1 2 
-25 -20 -4 2 -1 -5 5 -5 
35 -29 -28 -8 -5 -3 6 1 
-19 22 -14 -9 -2 -3 -10 -13 
21 -10 25 0 1 3 13 16 
2 28 8 15 1 -1 -12 -5 
18 -5 25 -2 -1 0 -2 2 
27 -11 -53 -11 -4 -4 0 -5 
-50 -1 14 -5 -3 -2 -31 -2 
26 2 6 -3 0 1 13 -4 
2 5 11 9 -2 0 -1 8 
33 22 -5 -8 -5 -6 -7 -3 
-17 4 -16 -4 2 6 20 2 
16 5 12 6 0 0 -11 -1 
1 3 37 10 -1 0 -4 11 
-23 -8 -43 -11 -6 -3 0 -12 
17 40 -10 1 2 1 2 2 
-5 -15 -21 -11 -5 -1 0 0 
-12 3 -15 6 -3 -7 -4 -4 
21 24 41 27 5 2 -1 7 
-2 -26 -8 -27 -5 -3 -17 -6 
-51 -8 -14 -2 -4 -4 4 8 
0 -4 34 10 6 2 -2 -10 
-1 -10 -17 -9 -4 -6 1 -2 
24 41 19 11 2 3 5 3 
3 46 -84 -24 -3 1 3 5 
-50 -14 50 -9 -7 -5 -4 -9 
-5 4 -16 7 4 1 0 7 
10 -9 11 6 -5 -2 2 -5 
16 1 61 14 -1 -2 -5 -12 
0 -10 -53 -17 -3 0 4 6 
-19 -24 15 12 3 2 -2 -9 
-1 -15 15 12 0 -1 -3 5 
8 2 -4 -7 0 0 -2 -5 
26 -16 -18 -13 0 -1 -1 12 
-19 -15 19 9 0 1 -2 4 
-21 -41 -55 -23 -5 -1 8 -4 
-11 -5 15 8 2 -2 6 3 
7 -33 -14 10 -5 -3 -15 4 
-3 -5 28 -9 -1 4 4 2 
49 2 -19 -4 -1 -4 7 7 
