#EMG
#2
#ID:2-2
8 2 25 4 1 2 1 10 
-18 -23 -1 -5 -4 -3 -8 -14 
9 20 -19 -12 -5 -4 0 10 
-12 15 21 8 0 0 2 0 
30 -22 -22 -2 1 1 0 -2 
-5 17 4 4 0 -2 2 1 
0 -14 7 -1 -2 -1 0 0 
-21 42 2 -4 -2 2 -2 -7 
13 -19 -3 -1 1 0 5 1 
15 12 -4 -3 0 -2 -11 0 
-8 7 6 -2 -1 1 1 -6 
6 -13 -8 2 0 -3 -3 3 
-8 0 13 0 -1 0 2 -3 
15 69 0 2 -4 -4 1 7 
-41 -3 -16 -15 -8 -5 -11 -13 
-9 14 -12 4 4 3 0 0 
5 8 19 -3 -2 -1 -3 0 
-28 -12 -8 -10 -4 -2 6 1 
11 -9 17 10 2 -1 -4 -4 
-28 -5 9 4 -1 -4 -3 -4 
-8 8 -4 -4 -2 -2 0 -5 
13 -5 -20 -3 -1 -1 -1 -1 
-6 4 10 1 1 1 5 6 
26 -12 -6 -1 -6 -4 -3 13 
-12 -35 -10 1 -1 0 -3 -19 
-22 -11 8 4 3 0 4 -6 
20 12 -6 -5 -4 -2 -8 5 
-10 2 23 8 1 -4 -7 -3 
12 -18 -38 -4 -3 -3 1 7 
-3 -7 -1 -18 -1 -1 -1 -10 
18 9 22 11 3 1 2 5 
-61 -17 -5 -3 -1 1 3 -13 
9 -2 -13 -6 -2 -5 -4 7 
-7 -5 8 0 -2 0 -6 1 
5 12 4 1 1 -2 3 0 
2 6 8 2 -1 -2 -4 -9 
-3 13 -4 -4 0 0 0 5 
2 -11 -7 -2 -4 0 -2 6 
-1 11 -12 -3 -1 0 -2 -3 
3 -5 6 -4 -2 -1 3 1 
9 19 1 0 0 0 -1 16 
-16 -10 -27 -11 -3 -4 -4 -14 
2 5 -7 5 -3 1 3 1 
13 -13 12 -8 -2 -1 -2 -7 
-17 7 -12 -3 2 2 2 0 
7 6 22 10 -1 -5 -4 1 
-2 -5 -14 8 0 -1 3 -2 
2 -35 -3 -16 -2 -1 -2 2 
12 -2 -3 5 -1 0 4 -2 
-6 39 -11 -15 -1 2 -5 -8 
-30 -30 -2 2 1 0 1 1 
22 7 2 6 -2 -3 1 4 
-2 27 12 -5 0 0 -6 -3 
-22 -31 -25 -11 -3 -3 0 -6 
10 30 -3 -8 -2 -2 0 4 
-2 -18 10 8 1 -1 1 -1 
-1 -4 -13 -2 -2 -4 -19 0 
1 -4 27 12 -2 0 0 3 
2 -22 -57 -16 -4 -1 -1 -12 
3 -5 -4 3 1 0 -1 6 
1 3 12 2 1 -1 1 -2 
16 -25 10 14 -5 -4 -6 -1 
-19 -11 0 -26 -3 1 -7 -11 
4 11 -10 3 0 -4 0 7 
-23 -30 5 -2 -1 2 10 -9 
1 -6 10 -2 1 -2 -9 -3 
28 -1 8 8 -5 -7 -2 7 
-1 1 -3 -4 0 2 -6 -12 
6 9 24 3 1 1 5 8 
-1 -19 -27 4 1 1 3 7 
-13 -4 15 -2 -1 0 -2 -11 
20 0 -38 -2 -3 -4 -6 -5 
-38 -9 -9 -12 0 1 4 1 
17 3 18 6 -3 3 -5 6 
2 3 7 -2 -2 -2 1 -9 
16 21 10 9 0 0 -11 3 
12 7 7 -4 -1 -1 1 1 
-17 -22 5 11 -1 1 2 -16 
6 -19 -36 -11 -3 -3 0 -7 
-19 4 -2 -4 -6 -3 9 0 
13 20 -8 -4 -1 -4 -22 -10 
17 -13 2 -5 0 0 5 13 
19 8 8 19 1 2 0 9 
-56 -10 -27 -22 -3 0 4 -5 
7 -13 5 3 -1 -3 -1 8 
10 11 4 -2 -2 -5 7 -8 
2 -24 15 5 -1 0 -5 3 
5 -9 -14 -1 -1 0 3 0 
3 -19 16 6 2 1 -2 12 
-21 9 -14 -7 -4 -2 4 -18 
-12 15 6 11 0 -4 -1 0 
5 -8 -10 -24 -3 -2 -6 0 
3 45 -6 -1 2 2 1 -2 
4 12 -6 0 -2 -2 1 7 
0 69 22 3 2 -1 -3 7 
14 -5 0 9 -1 0 4 1 
-16 -18 -7 -6 -4 -4 -3 -19 
37 8 1 -4 -2 -4 -4 15 
-39 7 18 4 0 1 -5 -7 
1 11 20 -14 -2 -1 -12 -3 
-5 3 -12 7 2 2 12 1 
9 1 11 -5 -2 0 -6 1 
13 -11 -13 -1 -3 -3 3 7 
4 -10 -18 -6 -2 -1 5 -2 
-9 -9 -2 -1 -3 -2 -12 -27 
-23 68 16 4 1 1 3 4 
21 -10 -8 -5 -4 0 0 19 
-7 -11 -2 15 4 -1 0 -11 
1 -25 -14 -13 -3 -3 -4 8 
16 -4 -21 -21 -4 -1 1 2 
-36 -30 1 -2 1 0 6 -3 
7 7 33 12 0 -2 -15 1 
-3 -26 1 11 1 -2 0 1 
-9 -13 -3 6 -3 -3 -1 -5 
5 -26 -9 -16 -4 1 -1 3 
16 1 -14 0 2 1 4 0 
-3 1 22 8 -1 -1 1 6 
9 -9 -30 -2 -2 -3 1 1 
-8 -8 29 2 2 0 1 -8 
-1 14 -29 -5 -2 0 5 1 
-25 -5 3 -9 -1 -3 1 -2 
27 -11 -6 0 -3 -3 -15 -4 
-7 -24 -2 4 0 -1 -1 -3 
-18 30 14 1 -2 -2 2 2 
23 14 0 -2 0 0 17 6 
-3 -37 -3 -8 -4 -5 -17 -11 
7 40 2 5 4 3 -2 -11 
18 -33 8 4 -2 -2 2 10 
-14 9 -10 -2 1 0 -7 -1 
-24 20 22 9 -5 -2 4 -6 
11 18 -10 -18 -3 -4 -10 -11 
-29 -18 -42 -3 1 -1 8 6 
4 -11 -13 6 3 -2 -16 -4 
-20 -19 25 1 -1 2 21 14 
24 23 2 3 -4 -3 -23 42 
-35 -42 -35 -4 -4 -2 0 -25 
10 16 -13 -7 0 -2 -2 7 
12 -10 -2 0 -5 -1 2 10 
6 9 4 8 6 1 1 -6 
0 13 16 -10 2 1 2 -14 
11 36 -35 -6 0 1 -12 -1 
2 -20 15 2 -2 -1 2 2 
22 4 -15 0 -1 1 -2 -8 
24 3 41 3 -7 -4 4 6 
-17 -9 22 -1 0 0 9 -13 
-8 17 0 -10 -6 -4 -11 -12 
6 -21 -25 -9 -4 0 -20 -3 
-35 62 15 6 2 -2 10 -7 
28 -21 8 2 -5 -4 1 18 
-7 37 4 -7 3 3 -4 6 
-17 -2 -36 14 2 -1 3 -31 
-5 -5 -26 -38 -3 -3 -4 10 
-5 -10 51 8 -2 -1 3 -29 
-4 8 -17 13 -4 -3 -7 5 
7 -30 -18 -33 -6 -1 9 -6 
17 -33 6 24 -1 -1 -6 11 
-39 4 -11 -38 2 3 1 1 
32 -49 5 35 2 0 -1 -1 
-21 -15 70 17 2 -4 3 -4 
25 -18 -54 -24 -6 -1 -18 -20 
-3 11 13 3 -2 -3 0 3 
-7 -29 -29 14 -2 0 3 4 
8 42 0 -25 -2 0 -1 2 
-11 10 31 20 0 1 0 3 
-3 -19 -7 -2 2 -2 6 -12 
-11 20 -39 -17 -5 -1 -16 -10 
18 17 20 9 0 -5 2 9 
31 -6 35 17 4 3 -1 6 
-37 -57 -55 -13 -5 -5 -2 -19 
-8 5 56 1 -3 -5 15 -2 
-29 -6 -41 -14 0 0 -6 -22 
-11 -6 32 4 4 0 -4 12 
22 -19 1 17 -3 -2 -3 -13 
-9 8 -10 -28 -1 -1 0 -4 
4 -3 28 12 -2 -1 8 -8 
-9 0 -20 -6 -4 -2 -2 15 
34 17 -14 1 4 -2 -5 19 
-9 -2 11 9 -4 -3 -1 -2 
-19 -17 -39 -22 -4 -2 5 5 
8 -10 8 5 3 -2 -5 18 
-7 6 5 10 -2 -3 -6 -35 
15 -7 -5 -8 4 3 12 32 
-16 -9 -16 -4 -7 -4 -10 -22 
8 -1 17 3 0 -5 -3 -9 
-16 17 -20 20 0 5 0 15 
-5 -75 -10 -40 -4 -2 -2 -13 
-24 14 34 41 2 -3 0 6 
-25 -12 -6 -32 0 3 9 -6 
27 20 -28 1 0 -8 -11 49 
-8 18 -6 4 -4 -2 -10 -89 
-12 -10 -9 6 2 5 4 -47 
30 21 -4 7 -4 -6 -2 20 
11 16 16 -8 3 5 2 10 
-21 20 -16 -10 -3 -2 -6 9 
5 3 6 -2 -4 -3 10 0 
53 22 -11 35 -2 -2 -13 -16 
-49 -4 31 -30 3 2 13 -8 
6 11 3 14 -1 -4 -4 18 
4 2 -1 -5 -2 4 13 19 
19 -30 -43 -3 -2 -5 -25 -9 
1 -12 25 -3 -2 -4 -15 -7 
-3 -31 -11 6 0 -1 1 -1 
5 5 18 10 4 3 -1 39 
-24 -6 -42 -23 -3 0 19 -10 
16 -8 35 7 -5 -5 -3 -4 
-10 28 -79 -26 -2 0 -10 4 
24 -11 41 11 -2 -6 -16 -28 
-38 15 17 1 -4 2 15 -1 
8 -15 -66 -38 -7 -2 3 16 
11 18 57 18 0 1 -6 -6 
8 -7 -8 -21 -1 -2 3 31 
-16 25 10 9 2 -3 -12 -24 
25 5 -6 4 1 2 31 10 
-77 9 27 -4 -5 -3 -21 -2 
-18 32 2 -1 4 1 -1 20 
12 -20 -39 -13 -6 -5 11 -13 
-9 8 -48 2 0 -2 -13 -4 
42 15 22 -2 -4 -1 4 25 
-3 -3 18 -1 -5 -4 -1 -8 
-18 2 24 -4 8 7 6 9 
-1 8 -10 16 1 3 4 2 
33 -13 -5 3 -5 -4 2 2 
-54 -37 -76 1 -4 0 -15 -9 
-6 46 41 -31 -2 1 10 -4 
6 15 0 -1 0 1 -31 -30 
-16 1 40 13 -3 -5 -1 -7 
24 -28 -20 6 2 3 12 3 
-13 -9 -12 0 1 0 -4 -1 
-26 23 39 9 2 0 -2 2 
18 1 -19 -21 -9 -3 8 4 
20 11 -6 5 3 -2 -2 5 
-6 -57 -36 14 -6 -4 -11 -8 
-2 47 -14 -32 4 1 6 5 
12 -8 12 36 1 -4 0 0 
21 7 8 -42 -4 0 -1 12 
-40 18 43 18 0 -1 -8 2 
-3 -37 -28 23 1 -5 -2 -9 
4 -8 -55 12 0 -4 1 4 
-20 -19 -16 -50 -8 -1 -3 0 
5 -2 5 -8 -1 -2 -11 -11 
-2 -61 37 16 0 0 1 -21 
-14 50 2 0 0 -3 -1 -6 
7 9 9 12 3 3 -1 -10 
10 -13 22 -11 -2 0 -1 26 
20 3 -1 0 -5 -7 -2 -56 
-58 -45 -12 3 -4 -2 -4 23 
2 2 18 15 0 0 1 -2 
23 22 -8 -18 1 -1 -1 74 
29 20 11 -1 3 4 15 91 
-15 -33 -5 -9 -5 -1 -8 -7 
-9 8 13 1 1 -1 0 56 
-28 -32 16 18 -4 -4 -9 -39 
-1 -49 -41 -11 -6 1 1 16 
19 73 17 -49 3 11 3 -38 
17 7 12 33 -2 -9 -5 19 
22 27 24 -12 2 1 2 -2 
-12 -5 -31 3 -1 -1 5 4 
12 -18 -22 2 -1 2 5 -6 
-27 -7 -43 40 -2 -6 -11 -26 
22 7 -7 -34 -1 -1 3 1 
-9 24 51 4 0 -5 -8 -2 
2 -2 -30 7 -2 0 3 18 
8 0 5 3 4 2 12 4 
-13 -7 -1 23 -1 1 -17 -29 
22 -33 -32 32 -4 -3 -3 -6 
-30 -6 11 -39 -8 -2 4 -2 
-5 -19 22 4 -2 -2 -3 -22 
7 12 -70 -1 0 -1 0 -16 
-34 17 93 17 5 0 -3 -11 
14 -37 -56 -16 -6 -3 -2 -15 
0 -12 7 -10 1 -1 0 10 
-5 -24 36 16 3 0 -8 14 
-19 -5 -46 -26 -11 -2 0 -14 
13 0 42 26 -3 -7 -1 8 
-5 10 -32 1 -2 2 0 -9 
6 -1 10 -17 -1 1 5 -1 
10 -10 1 4 4 0 -1 -8 
12 7 40 8 2 2 -1 16 
-6 -17 -27 -17 -9 -3 -11 -29 
-16 26 6 8 1 -4 3 -7 
11 16 -24 -19 -7 -2 -5 6 
-2 4 -3 9 -1 0 4 1 
12 8 43 -1 9 3 1 5 
20 29 -41 -17 -4 -2 -3 -7 
-36 12 66 4 0 2 -2 0 
12 11 -24 9 -5 -4 -1 10 
13 6 -17 -8 -1 -3 -5 11 
-5 -14 26 4 0 2 5 -5 
21 -40 32 15 -2 -5 -19 -16 
-17 -23 -45 -32 -2 1 7 -3 
-12 -3 4 -4 0 3 -9 -10 
-9 -18 -16 15 0 -1 5 11 
11 -6 -36 -10 -4 0 7 13 
-24 -18 -19 -8 -3 -2 -7 -9 
16 -19 -4 -15 -3 -3 3 1 
-28 -8 22 21 0 -3 -1 -8 
-12 18 -35 -21 0 1 4 8 
-2 3 19 -1 -2 1 -18 -26 
-4 26 -12 0 -5 -3 6 -2 
12 11 24 -11 0 -1 0 3 
-1 -3 -24 21 1 -3 -1 1 
-10 9 23 -20 -5 2 1 -12 
-1 -12 2 0 -4 -3 -3 3 
-11 -24 -20 4 -4 -2 -1 -8 
-5 39 45 -2 6 3 2 -2 
25 -15 -29 -6 -5 -6 -3 12 
-29 -4 -19 -2 -4 -1 -1 -23 
11 7 4 -3 -2 -1 2 -9 
5 5 42 -9 -2 -3 3 -1 
-4 1 -34 22 0 0 -1 7 
-7 -6 15 -21 -4 -2 -1 -15 
-2 -27 -53 -15 2 2 2 5 
-31 -27 -6 4 2 -1 -4 -14 
21 3 61 17 -2 0 -1 12 
10 14 -1 6 1 0 1 4 
-25 -15 -25 6 -3 -3 -1 13 
11 5 -13 -24 -4 -2 -4 -70 
-5 -17 -9 11 -2 -2 4 10 
2 2 33 0 -2 -1 -12 0 
12 0 13 4 -3 0 2 9 
4 -19 -4 -6 -1 -2 -7 5 
-9 15 17 17 3 2 4 1 
2 -27 -24 -21 -4 -2 -1 8 
8 8 2 6 1 -1 1 -5 
20 0 -8 -7 1 -1 0 14 
-49 -22 -19 -9 -5 -6 -4 0 
24 12 12 16 5 0 4 14 
-23 6 11 -11 -4 -1 -4 -22 
18 17 2 7 -1 0 -2 15 
10 26 13 13 -3 0 4 -7 
-13 -9 -5 -37 1 1 4 -6 
16 18 -21 8 -2 -3 -6 -2 
6 22 11 6 1 1 12 7 
5 -23 -25 -10 -5 -5 -17 -7 
-11 -2 -20 8 1 0 -1 9 
21 17 12 -17 -3 2 6 0 
-52 -18 -27 -10 -3 -4 -12 -3 
20 51 40 11 1 -2 9 16 
12 -1 -37 -5 -3 -2 -8 -23 
-13 -19 -6 5 0 0 -1 7 
-17 9 12 -2 -2 -2 -2 -5 
7 -12 -21 -10 -3 1 -1 -3 
-41 7 18 15 4 0 4 -1 
18 -14 56 7 -2 4 6 -1 
-2 9 -26 -11 -7 -5 -8 -5 
15 -5 17 4 -4 0 -2 -10 
4 17 12 4 8 3 7 3 
-13 -34 -11 -4 -3 -5 -5 -6 
-5 -16 14 -8 1 0 9 13 
-39 -29 5 -7 3 -2 -11 -22 
32 28 -5 8 -2 0 0 -5 
-53 -33 -28 1 -3 -4 -3 0 
24 16 5 -12 -1 1 -1 2 
-2 2 -38 -4 -3 -1 6 4 
14 -30 -8 -11 -3 -4 -11 -6 
-5 9 -8 3 1 -2 -2 -16 
5 -15 -45 4 -3 -1 -1 3 
-15 2 23 -2 2 2 0 11 
-4 10 18 -3 -3 -3 -5 -15 
12 -7 -8 -2 1 2 4 17 
9 -8 12 -7 -1 1 1 3 
-17 18 6 2 -2 -1 2 6 
5 38 34 4 2 0 3 8 
10 8 4 4 -1 -4 -12 -20 
-3 -45 -25 -9 -5 -2 6 5 
-8 -10 -6 -5 -3 -1 -6 -4 
-4 6 -16 1 -1 -2 7 0 
6 10 30 -3 3 0 -7 2 
18 10 19 32 1 -2 -1 -1 
16 0 -19 -35 -7 -2 2 -4 
-17 -7 16 18 5 2 -19 3 
-38 -12 -21 -4 -2 -1 5 -5 
-3 -9 -18 -2 -3 -2 0 -6 
10 2 36 20 3 3 4 4 
-18 -14 -15 -9 -4 -3 2 -11 
17 12 18 0 1 1 -4 16 
-10 -4 16 -9 -5 -1 -5 0 
8 4 13 12 1 1 4 -9 
0 14 -36 -8 -2 0 5 2 
-4 5 20 2 -4 -4 -8 -5 
0 2 -29 1 -2 -2 3 4 
22 -41 -9 -11 -3 -3 -4 -11 
-72 -12 17 0 -4 -2 0 4 
18 -44 -4 8 4 3 -5 2 
8 24 5 -6 -4 -5 3 -4 
9 7 18 10 -4 0 -8 12 
-5 -19 -71 -37 -10 -3 3 -14 
3 13 9 3 0 -2 0 0 
3 -9 11 8 0 1 -4 6 
-25 -14 -22 -2 -1 2 1 -15 
35 -29 -48 17 1 -3 3 18 
6 29 31 -7 1 1 1 2 
-6 16 -27 -9 -2 -1 -1 3 
-2 18 27 6 1 -2 4 -15 
9 -12 7 2 0 -2 -11 -5 
3 -40 -45 -18 -4 -5 2 -4 
11 37 46 9 1 0 6 10 
9 2 -64 -11 -6 -3 -16 9 
-31 -10 28 7 2 1 0 -7 
11 -6 13 -2 3 1 1 9 
-25 -10 9 -1 -7 -5 -6 -21 
18 -17 28 8 4 0 7 11 
19 6 -3 -5 -1 -3 -2 -4 
-3 29 -31 -14 -6 -2 -3 7 
-11 3 40 25 2 0 -2 -5 
7 6 -46 -22 -7 -5 -1 0 
1 -1 3 -1 5 3 -3 -2 
-14 10 12 8 2 2 4 2 
15 -5 21 4 -1 -4 -10 -5 
-9 1 -16 0 -1 -2 2 2 
10 -11 1 3 -3 -2 -5 4 
8 28 -30 -6 1 -1 5 4 
15 -21 -5 -11 -4 2 -4 -10 
-53 -8 33 7 0 0 1 -3 
-26 -4 3 -18 -2 -2 5 -3 
-1 9 25 10 1 1 -4 -10 
-16 -30 -36 2 -4 -3 -8 0 
35 2 0 -30 -6 -2 3 10 
1 8 45 16 -1 -1 -2 -18 
-2 -16 -28 -3 -2 -1 0 0 
-11 -7 -17 -14 -1 -2 0 -3 
-2 13 -3 15 0 -2 -2 -8 
22 24 11 -10 0 -2 3 12 
3 12 13 13 -1 -1 -5 -3 
-3 -13 -20 -15 -4 -3 1 10 
-10 -6 -20 -4 2 -1 -1 3 
-5 22 19 8 -5 -4 -6 -3 
-4 13 22 -7 2 0 2 -8 
14 14 -74 -5 -3 -3 2 8 
-9 1 45 9 1 1 -2 -5 
38 -22 -12 -5 1 0 2 14 
-29 -4 7 -1 -4 -4 -1 -6 
-72 -5 -18 -11 -3 3 -9 -26 
8 -8 -24 -11 -3 -4 0 0 
7 8 5 12 2 1 2 7 
6 -12 20 -1 -3 -1 -7 -9 
4 -40 23 -1 0 -1 5 7 
-1 7 0 10 3 2 -2 -6 
-9 -1 -2 -2 -3 -3 -4 5 
10 -6 10 -8 3 2 5 -2 
-12 1 3 1 -2 -4 -3 2 
-4 9 -11 3 1 0 -5 -7 
3 2 4 7 -3 0 1 -3 
10 -10 26 16 4 -2 0 -2 
18 22 -35 -26 -3 0 1 14 
15 -62 -51 -16 -9 -7 -5 5 
-41 6 23 2 1 -2 -8 -5 
-4 -4 0 -7 -1 -3 -3 7 
8 10 -17 16 1 1 0 -9 
2 -3 23 -1 2 5 10 4 
11 -21 -17 1 -1 -2 -8 -3 
2 2 -49 -17 -1 1 2 -4 
-11 -26 54 21 0 -2 -2 3 
-1 24 26 1 1 -1 -4 -18 
-7 0 0 -7 2 0 4 -4 
10 -11 -37 5 1 -2 -4 6 
-3 12 -13 -16 -5 -1 3 -3 
1 16 -9 -3 -5 -4 -6 -3 
-3 -5 -3 -5 -2 0 2 -6 
15 6 20 9 4 0 -1 7 
10 20 2 -1 -4 -1 -2 -15 
-22 -14 -29 12 4 0 0 -14 
15 -17 -19 -13 -3 -2 -1 -6 
-2 -1 -13 -10 -3 -1 1 1 
-11 -5 23 3 2 0 -4 3 
18 21 72 8 1 1 8 15 
5 -29 -84 -2 -3 -2 -9 -3 
8 -2 35 -1 -1 -2 2 -5 
-38 7 -32 -9 -1 1 1 -1 
-19 2 28 9 3 2 -4 2 
-6 25 -13 -5 -1 -1 1 -6 
-1 1 -6 5 -4 -1 0 7 
10 -15 28 -1 -2 -2 2 -4 
11 22 4 2 -2 2 -5 6 
-10 -27 -10 -4 0 -2 2 -6 
-17 -5 -13 -10 -1 0 -5 0 
24 1 3 0 0 0 2 1 
-7 -9 -20 -12 -4 -3 0 -6 
8 -1 30 8 -1 -3 -4 2 
-24 3 9 2 2 2 -3 -21 
22 -6 13 -4 -3 -5 -3 17 
-13 -10 -9 2 1 -1 0 -12 
-3 2 17 8 -2 0 3 12 
0 9 -30 -9 -1 -2 0 -7 
-6 14 17 -4 0 2 -2 -3 
4 -4 -41 -6 -5 -5 -8 -1 
3 5 21 -5 -4 -2 1 0 
3 2 -6 1 1 0 1 12 
9 -10 -23 12 -7 -3 -4 -10 
5 -18 2 -8 1 -2 2 9 
-7 -6 -18 -14 -2 -2 -4 -2 
0 7 18 7 1 -1 -2 3 
9 5 3 13 0 -4 -2 5 
-6 34 0 -6 -4 1 1 -8 
-5 5 7 5 0 0 -1 -1 
6 0 23 -10 -1 -1 0 4 
-7 -25 -36 -3 -2 -2 -6 -5 
-5 -16 -12 -2 0 -2 -1 0 
9 5 14 -1 1 1 2 7 
-2 -22 -12 0 1 0 3 -8 
1 33 14 2 -3 -1 5 1 
16 -4 -17 -7 1 -2 -7 -4 
-14 15 33 14 2 -1 -2 5 
8 -16 -44 -21 -3 -2 -1 0 
-31 -11 3 -2 -1 -1 0 -8 
8 0 29 11 -1 -1 -6 6 
-4 0 21 5 -3 -3 1 -9 
29 -8 -11 -4 1 -1 -1 16 
-50 17 -10 0 -3 -1 -3 -21 
-6 8 -6 1 1 1 -5 -5 
3 -6 -7 -9 -5 -2 2 6 
-8 -1 16 6 3 -2 -5 -13 
21 5 34 -9 0 1 3 15 
-5 11 -22 -2 -3 0 2 -5 
-2 2 -14 1 0 0 -7 -10 
-16 1 -4 7 -3 -1 -1 0 
31 -10 10 -11 -4 -4 0 -10 
-41 -15 28 18 5 -1 -11 -5 
12 -2 -21 -14 -2 -3 2 -3 
3 11 15 10 2 1 0 -6 
5 -21 -6 -5 -5 -3 -8 0 
2 24 3 -4 -1 0 7 3 
5 -11 -16 2 -2 -2 3 -2 
-14 -10 26 -6 -3 -2 -14 -4 
2 0 -11 5 -3 0 0 2 
12 13 -28 -12 -1 0 6 15 
-41 28 3 3 1 -2 -7 -11 
3 11 -29 -4 2 1 8 -11 
-3 -3 8 6 -3 -4 -7 7 
5 -14 -15 -7 -2 1 5 6 
17 6 33 10 0 2 4 5 
-14 -20 -30 -14 -1 -1 -5 -9 
4 18 18 14 3 -1 -4 -7 
-2 -16 6 -16 -6 -4 1 -8 
13 5 -36 -8 2 -1 1 6 
-32 15 4 -4 -3 -4 -3 -10 
13 -12 28 12 0 1 0 1 
-5 -26 -19 -6 -2 -3 -1 3 
2 -14 19 2 -1 0 -1 1 
-2 11 -21 4 -1 -2 2 1 
1 -32 -10 -15 -4 -1 -4 5 
0 9 29 15 1 0 -2 -4 
0 -17 -16 -2 3 0 -4 -13 
2 -2 -4 4 2 -1 -2 1 
-10 -3 -2 -2 0 -2 2 -12 
2 7 4 0 0 -1 2 -4 
8 -1 -7 -1 -3 -2 -4 4 
-8 -5 45 12 1 -1 -4 0 
16 2 -50 -13 -8 -4 2 4 
-10 -10 -1 8 3 -2 -4 -1 
1 -8 34 -1 0 0 -1 3 
4 23 2 5 1 -1 1 -12 
-9 13 13 -10 -7 0 -1 7 
5 15 -17 -2 -2 -4 -4 -5 
-11 -52 -6 -3 -2 -2 -4 -5 
-21 1 0 -1 1 2 4 5 
13 6 -19 4 -4 -2 -1 2 
1 -28 15 0 -2 -1 2 -2 
-3 22 -63 -14 -4 -2 -1 -4 
2 -10 1 1 0 -1 -2 3 
-7 6 2 -6 0 0 0 -5 
-6 -8 2 0 0 -1 -13 1 
3 49 18 2 -2 -2 -1 -1 
6 -4 -2 3 -3 -2 -1 0 
-7 -8 -49 -2 -3 -1 -1 -1 
8 21 37 -4 1 1 -1 1 
2 -23 -21 6 1 1 3 10 
3 4 -11 3 0 -4 -3 0 
-5 10 20 -17 -2 -1 -1 -1 
0 -12 -12 6 1 1 -3 -2 
1 -15 -5 -5 0 0 0 1 
8 -6 9 5 -3 -5 2 -2 
5 -3 10 0 -1 0 -2 10 
-5 -2 -16 -4 2 4 3 -5 
-6 44 72 21 1 0 2 -7 
0 -39 -97 -38 -8 -6 -7 -6 
0 2 22 4 -2 -5 8 -2 
9 -15 -5 -7 -4 -5 -7 3 
3 8 30 5 0 0 -1 1 
13 -12 18 4 3 1 -1 1 
-8 -3 -19 4 -1 0 -5 -2 
-10 -1 -7 4 1 0 7 -2 
9 -8 9 -6 -2 -3 -11 0 
10 -18 -23 -8 -4 -2 -2 1 
-2 -16 13 1 -2 -2 -3 -4 
1 27 -13 5 1 -1 2 -4 
-8 -8 15 -9 0 0 5 9 
1 28 6 -6 -2 -1 -6 -21 
1 -4 7 1 -4 -2 -6 6 
-4 -14 -20 2 -3 -1 1 -5 
-15 0 -24 -8 -3 -1 0 -5 
1 11 25 -4 -3 0 3 13 
-19 -3 -25 8 3 1 3 -16 
7 -22 10 -8 -5 -4 -7 6 
6 -24 -41 -9 -4 -4 -1 -2 
-3 -1 6 4 0 0 3 3 
-3 24 31 8 -2 0 -3 0 
6 26 16 4 0 0 5 8 
