#EMG
#6
#ID:6-6
10 0 7 14 1 -1 -3 8 
-1 2 -2 -32 -6 -2 4 -15 
0 -2 -2 0 -3 -1 -3 8 
6 -19 -9 16 3 -3 -6 -5 
26 15 18 -13 -2 0 4 1 
-56 -12 -24 7 -5 -3 2 5 
20 5 -5 -2 2 3 -3 -2 
-20 -2 -16 -4 -1 -2 -3 2 
2 -6 7 8 1 2 4 -2 
24 -11 23 17 2 -1 -1 10 
-3 -1 -63 -34 -4 2 0 1 
3 15 7 1 -4 -1 -3 8 
4 -25 -3 4 -1 -1 -5 -5 
3 4 6 7 -1 -3 0 3 
1 -1 6 2 1 0 1 -3 
-7 5 -16 -10 -4 -3 1 -6 
-14 -15 -25 -11 0 0 -8 -8 
12 -1 -4 2 1 1 4 -2 
-8 -14 23 8 -2 -2 0 4 
19 9 -1 -6 -2 2 8 4 
-27 2 8 8 -2 -4 -7 -10 
10 1 5 5 -2 0 -1 11 
-14 2 -2 -3 0 1 -2 -15 
9 -3 -7 -13 -4 -3 0 -5 
-4 0 -4 2 3 -2 -4 -5 
17 -6 6 -2 -3 -2 -3 5 
-12 4 -3 3 -3 -2 -3 -16 
-8 -3 3 9 -1 0 2 11 
23 -2 -21 -15 -2 -2 -3 -6 
-13 -8 -9 -5 -2 -1 -2 -3 
16 3 21 -2 2 1 -2 8 
7 5 -3 11 0 -2 -6 -2 
-2 -19 -2 -3 -4 -2 -4 2 
12 3 -8 -2 -1 -1 1 -4 
-39 -1 36 11 -1 0 7 -16 
21 8 -47 -10 1 -2 -16 9 
-19 -14 0 -3 0 1 3 -4 
-8 -1 -4 1 1 -4 -1 -4 
10 9 -20 -9 -6 -3 -1 7 
-2 -10 41 10 -1 0 0 -13 
5 44 -16 -4 2 1 2 5 
-6 -2 0 3 -1 0 -4 1 
5 -1 7 -7 0 -1 1 2 
-3 -7 -3 -8 -2 -2 9 -1 
21 -5 -3 10 -3 -3 -12 0 
-55 -9 -9 -11 -1 4 1 -16 
-3 24 -2 5 -1 -1 -6 7 
5 -9 -29 -11 -3 1 5 0 
-3 -2 15 -5 0 -4 2 -3 
-2 8 5 17 1 -1 -2 1 
-2 -17 12 3 1 -3 -9 -1 
-10 -1 -17 -29 0 1 10 -2 
5 -1 -9 8 1 0 -12 -3 
23 4 7 -3 -2 -1 -8 4 
-1 -4 -2 7 -2 -3 5 -1 
-1 6 16 11 2 0 -1 1 
-5 -17 -24 -12 -3 0 7 3 
-24 8 7 -13 -5 -3 -4 -6 
-5 -5 -6 18 5 3 0 0 
13 -2 21 2 -4 -4 -5 2 
21 -8 8 -8 -3 -3 5 -8 
-9 30 -9 17 -1 -1 -4 -1 
9 7 -8 -18 -4 -2 3 8 
-14 0 9 12 2 1 -1 -7 
13 -2 -5 -3 -5 -2 -1 13 
12 -13 13 18 6 1 -4 -18 
-7 17 -1 -20 -4 -3 -5 -6 
7 -1 -17 -18 -3 -2 -7 -3 
-21 -5 17 13 -1 -2 10 8 
16 -3 -12 -9 -4 1 0 3 
-37 -15 -7 7 2 1 -4 -6 
0 -7 3 0 -1 -3 -3 1 
-1 5 3 1 -1 0 -7 -3 
-1 -18 -45 -22 -3 -2 4 0 
12 2 5 8 1 0 -1 -3 
5 3 14 -6 -2 -3 -2 1 
-15 -7 -17 3 1 1 2 -8 
25 -6 -18 -18 -3 -3 -5 8 
-9 -15 -2 -1 -3 -3 -1 -9 
13 -2 7 18 2 1 1 18 
6 8 12 -13 0 1 0 -29 
-16 -4 12 7 2 -1 0 -1 
7 -6 -15 5 -1 -1 -8 12 
2 -1 1 -12 -7 -2 7 0 
-42 -2 -4 4 2 -2 -7 0 
5 16 -6 -7 -4 -2 4 1 
-6 20 13 4 -2 1 3 -2 
-8 0 6 10 1 -1 -4 -18 
22 4 -6 -3 -1 -2 -2 9 
-12 -4 -26 -11 -4 -4 -3 -4 
13 -6 23 0 3 2 4 3 
1 2 9 -6 -2 -1 -6 -6 
-7 5 1 11 -3 -2 0 4 
19 -12 2 -5 -2 -2 9 -2 
7 -8 -15 -4 -2 -2 -11 -4 
-2 4 10 2 -1 -2 1 2 
-32 -6 5 0 2 3 -2 -15 
13 -5 20 17 -1 -1 4 11 
16 -17 -45 -23 -4 -2 -4 7 
-13 3 -21 -5 -2 -3 1 -10 
5 4 13 0 -2 -2 -3 9 
8 3 18 4 1 1 1 0 
-28 -9 -9 -6 0 -2 -10 -4 
13 -7 -23 -8 -4 -3 -3 2 
-4 9 5 -2 -1 -1 0 -3 
-17 3 -20 3 -1 -1 0 -1 
20 -3 23 6 0 0 9 -7 
-6 6 -14 -4 -1 0 -8 13 
-3 3 9 -7 -3 -3 1 -4 
1 -1 -6 -8 -2 -1 -7 1 
-8 -10 -8 -3 -2 1 3 -3 
3 -16 14 11 -1 -4 3 -7 
-8 4 -32 -20 -5 -1 -2 1 
18 4 16 3 0 -3 -2 -4 
-50 6 -4 -2 -1 0 -7 -23 
5 -9 -18 -14 -3 -1 3 11 
31 -8 13 13 -2 -4 -10 -3 
-12 -7 -19 -12 -1 1 4 -3 
10 -7 19 4 2 -1 3 5 
-13 26 26 11 0 -1 -1 -8 
11 -5 -38 -4 1 -2 2 6 
-6 -2 17 -2 -3 -2 -3 0 
4 -5 2 2 -1 -4 -5 0 
7 -5 3 5 -3 0 -8 -4 
-3 -7 -3 -5 0 2 4 8 
-18 -4 14 18 3 -2 1 -3 
-3 8 -26 -22 -4 -3 -3 3 
17 1 18 4 -3 -4 -1 9 
-25 -2 13 11 -1 0 -11 -12 
6 -8 -33 -26 -1 0 6 0 
0 3 0 7 -1 0 4 -2 
-1 -7 -2 0 1 -1 0 -8 
-14 -7 18 -2 -3 1 9 -6 
0 10 -29 -2 -1 -4 -15 -8 
12 6 18 10 5 4 0 2 
7 3 -14 -5 -2 -3 0 1 
-4 2 7 13 -1 -1 -2 -8 
-4 -4 -5 -24 -5 -3 -7 1 
4 -10 4 1 -4 -3 5 2 
-1 -7 -6 2 -1 0 -6 2 
10 31 8 -2 2 1 8 3 
-41 -7 -15 2 -2 -1 -9 -10 
4 -6 -8 -9 -4 -3 1 -1 
-2 2 -2 15 2 0 -1 8 
18 -14 -11 -20 -6 -5 -4 -14 
5 5 1 4 -1 1 7 1 
13 6 20 13 1 -1 -4 5 
-13 -3 -7 1 -2 -2 0 -5 
14 -8 -8 -14 -3 1 -6 5 
2 9 -11 -10 -3 -3 2 4 
56 -2 17 -7 -4 -5 6 6 
-42 0 13 3 4 1 0 -10 
-10 -5 -8 -2 -4 -2 12 -9 
10 6 25 14 1 1 -19 1 
-35 -12 -23 -8 -2 -3 6 -10 
14 23 20 4 0 1 2 9 
-13 -9 -17 -4 -1 0 -6 6 
0 -14 27 9 0 2 13 -7 
-9 -6 -24 -21 -3 -3 -7 -3 
16 -26 -23 -9 0 0 -5 -2 
-29 -12 15 3 -5 -3 -4 -1 
-10 4 39 27 1 -2 0 6 
-5 12 17 -6 -3 -1 -3 0 
-16 -14 -42 -7 -1 -1 -2 -26 
23 15 30 19 3 0 3 10 
15 -13 -45 -27 -6 -1 -8 4 
-23 6 25 20 2 6 24 -9 
-10 -34 -7 -14 -5 -5 -26 9 
18 12 -28 -30 -4 -2 -4 1 
-7 -11 5 1 2 0 -9 -13 
15 -2 -15 -11 -1 -2 0 -15 
6 10 22 9 -3 -4 -3 10 
28 -21 -20 -8 -1 -2 5 27 
-67 -7 27 6 -7 -2 -13 -28 
9 4 -24 -11 -2 -2 4 -7 
4 6 -5 -2 -3 -2 -12 0 
-43 4 11 1 1 -1 -4 -7 
22 1 31 16 3 1 26 14 
6 -10 -37 21 2 0 -9 4 
-63 32 -3 -53 -8 -4 -17 -19 
7 -10 -16 -3 0 -2 -2 -17 
0 -5 10 1 -1 -3 0 -2 
0 7 12 18 1 -1 -2 -12 
26 -18 -16 -2 -2 -1 12 16 
5 -1 8 14 0 -1 -9 -4 
10 11 -13 -15 -2 -2 -15 1 
14 4 1 -2 0 1 -9 -2 
-14 -25 7 6 1 1 11 -19 
-1 -1 4 2 -1 2 10 11 
33 -9 -14 3 -2 -4 -20 -2 
-42 3 14 -5 -1 -3 -6 6 
9 1 5 10 -1 0 -1 -3 
-9 1 -16 -12 -1 0 3 -2 
10 35 2 10 0 -2 4 11 
-6 -16 -28 -28 -7 -4 10 -2 
2 15 0 23 2 0 -13 27 
8 -1 11 -7 -4 -3 -3 -20 
18 -5 7 -8 -2 1 11 27 
-23 1 4 7 -1 -2 -3 3 
16 2 0 12 4 1 27 2 
-19 -2 13 -2 -2 -3 -19 -4 
25 24 -2 -2 0 -1 -3 0 
-7 8 7 3 5 3 0 2 
-3 -7 -13 -13 -4 -1 3 -10 
6 10 12 -1 2 -2 -4 -25 
-26 -15 -20 -11 -5 -1 1 -14 
24 13 9 19 0 1 1 8 
-16 12 29 -8 1 2 3 -22 
8 10 -34 -7 -3 -5 -5 24 
1 -4 -8 6 -6 -4 0 14 
-25 -22 3 -17 -1 0 -10 -9 
16 -1 -17 8 2 4 4 -1 
-26 -9 10 12 -1 1 4 -1 
24 8 -7 -10 5 1 7 2 
-27 -4 9 15 0 -2 -10 -4 
-4 -5 10 -13 -8 -6 -3 3 
3 4 -8 10 6 4 3 -4 
-7 -11 -31 4 -5 -4 -3 -7 
23 32 46 -6 9 1 -6 49 
0 -2 -88 -24 -1 -2 -1 -26 
2 4 0 -17 -5 -5 -5 16 
-20 -30 -1 17 -4 -3 -2 -13 
2 -6 9 -28 -8 -3 -2 5 
-2 -2 31 9 0 1 -4 -2 
2 21 5 21 2 2 4 14 
-8 -4 -14 18 5 -1 0 -3 
20 -17 -10 -32 -9 -6 1 -22 
-7 15 29 4 4 0 3 8 
-8 -22 -30 -3 0 3 -4 -16 
-6 -9 45 -15 -1 4 4 0 
5 -6 -31 22 -4 -5 -2 2 
-4 12 10 -16 -3 -3 -4 -14 
-8 -13 -49 -60 -3 -1 -2 1 
-13 -6 -21 0 0 -3 -2 -7 
0 -13 -16 9 -5 -4 -7 3 
27 -42 15 -1 -3 -6 -1 12 
-58 7 36 10 -4 3 6 -19 
17 17 -25 -4 1 3 -4 -7 
-9 -8 -8 -4 -2 2 7 -14 
-5 -16 -47 0 -1 -6 -12 12 
17 -15 4 -7 -6 -7 -9 -13 
1 0 -1 -10 -4 -2 -3 -15 
22 8 58 40 6 1 21 14 
20 33 -4 -11 -3 0 -16 -2 
-35 2 -29 2 2 1 3 16 
-55 -13 12 -3 -3 -1 6 -1 
23 -6 -17 -16 -3 1 -27 -3 
-9 19 29 17 1 2 14 -16 
56 0 8 23 2 -3 -9 -5 
-33 8 25 -5 3 2 3 11 
-72 -34 -59 -6 1 2 10 -1 
5 -7 -7 1 -4 -3 -19 26 
34 -5 30 15 1 3 36 -3 
25 2 16 2 3 1 -30 6 
21 5 5 8 -3 -1 -2 -2 
-59 -10 1 -7 -3 -1 -13 -7 
-2 0 -3 8 -1 -4 18 -12 
50 7 -17 -6 -2 -6 1 11 
-66 17 6 -12 -1 0 -6 -20 
6 -11 -6 18 3 0 33 27 
-77 -6 5 9 -1 -2 -31 -18 
23 -4 -8 -48 -7 -3 19 -11 
17 9 9 10 -1 -5 -20 -5 
26 -2 -22 -12 -5 -6 2 -16 
7 -13 8 -2 -4 -3 -11 5 
-3 -13 -14 14 -1 -3 21 11 
23 17 -6 -4 1 8 3 9 
-8 13 5 -4 -3 -4 -13 -53 
21 45 -4 -6 -3 0 -12 17 
-27 -25 14 17 -2 -1 -3 -65 
26 -27 -30 -11 0 2 20 39 
4 8 30 34 4 -4 -35 99 
15 -23 -32 -52 -10 3 3 -33 
3 24 10 29 4 2 0 -26 
-38 -4 8 -26 -4 -11 -4 -60 
9 1 18 10 1 5 9 -14 
19 -5 2 18 6 -3 2 15 
-20 -32 0 -6 -3 2 -10 40 
-1 11 12 15 3 -6 -11 -4 
-2 -5 -3 -41 -6 1 7 -12 
5 21 25 38 2 -2 -2 1 
4 -20 -33 -11 0 -1 -5 -10 
10 39 12 41 -2 -7 -3 -5 
-4 -14 -23 -78 -12 9 13 -14 
5 18 -18 -2 0 1 3 15 
2 1 12 24 -1 -5 -7 7 
4 -10 -33 -8 1 2 -2 7 
3 21 67 43 3 -4 0 8 
-31 -35 -93 -54 -16 -10 -6 -11 
2 9 27 9 -6 -4 -4 7 
12 1 35 38 15 7 -3 -3 
-14 -27 -20 -39 -11 -4 7 -10 
3 15 37 20 4 0 -1 11 
8 7 5 26 -1 -4 -6 -9 
12 -7 -42 -60 -11 2 4 4 
-22 3 2 17 4 -1 7 2 
15 -14 42 31 -3 -4 -18 -5 
7 7 -62 -28 -2 -5 3 14 
-5 -30 21 -5 0 0 -15 -7 
-37 -8 -19 -18 0 -1 10 -14 
-9 -4 13 -2 1 -1 -9 -5 
-21 11 22 3 2 2 -2 -2 
0 -14 -45 -16 -6 -3 5 40 
12 15 -9 28 3 -1 -4 -7 
-23 -10 24 6 1 -1 0 -5 
6 3 16 -3 3 0 -4 -11 
-10 2 3 -10 -6 -6 -2 -17 
3 -9 -16 2 -3 -3 3 5 
5 -10 23 6 2 0 -11 1 
-52 2 -19 -5 -2 -1 -3 -2 
9 17 -8 -30 -12 -4 3 -17 
17 -4 -2 25 7 0 -7 0 
17 -25 -3 18 -2 0 11 1 
20 9 13 -17 4 4 -1 16 
-6 -1 9 27 2 -1 -4 -5 
1 -1 -14 -13 -3 -5 -3 -36 
7 -22 -18 17 -4 -1 8 9 
-33 -17 1 -35 -6 3 -1 -3 
18 10 27 21 2 -2 -3 4 
29 2 9 12 -1 0 1 12 
-12 1 -36 -36 -7 -4 1 -5 
13 4 9 8 4 0 -2 -10 
-7 -8 8 -4 1 4 2 -3 
-16 -8 23 4 -1 -2 -2 -4 
1 7 -29 -9 -5 1 -3 1 
14 14 -15 -32 2 -1 2 6 
2 -3 5 9 -5 -6 -3 0 
0 3 -18 -6 -4 -6 -10 2 
5 22 16 -8 0 -1 6 5 
8 -14 -9 5 -4 -4 -6 -7 
-16 4 -16 13 1 2 5 -4 
6 4 -12 -19 -5 -3 -3 -3 
-5 9 11 -2 0 -2 2 -1 
2 2 -1 -4 -3 -3 -1 4 
7 5 0 -4 0 -4 -3 -1 
-6 1 -4 17 -4 0 -2 -33 
3 -6 5 -20 1 2 2 5 
2 5 9 21 -2 -3 -1 1 
-21 -13 5 -6 2 2 0 5 
-4 -37 -23 -8 -1 -1 -1 -8 
-8 16 20 22 6 1 -1 2 
17 -4 -6 -15 -5 -2 6 18 
10 -2 -16 8 3 0 -9 9 
15 -13 5 0 -5 -1 1 13 
-41 -1 -2 -1 0 0 3 -11 
13 -21 -10 4 -3 -3 -9 2 
0 1 13 20 -2 -2 1 -1 
1 7 -11 -12 -2 -1 0 9 
9 2 2 -18 -3 -3 -3 -11 
-12 4 -2 -16 -2 1 8 -1 
-1 -2 6 4 -1 -4 2 -7 
-7 3 1 13 2 -1 -10 -2 
5 -4 -3 6 0 -3 2 6 
0 -4 8 14 0 2 0 -10 
-12 -7 6 -9 1 1 0 -7 
0 0 -9 -5 -3 -4 3 1 
4 -9 7 3 -3 -2 -4 5 
5 8 -28 -18 -3 -1 -6 -1 
0 -4 8 3 -6 -5 5 -5 
-3 4 -11 -26 3 4 0 6 
-1 -7 2 1 1 -1 4 -5 
1 17 1 0 0 0 -11 -2 
1 19 7 -1 -3 -2 5 12 
2 -8 -5 3 -2 -2 -6 5 
-9 -13 5 -4 -5 -5 -4 0 
-8 -29 14 3 -1 -1 2 -2 
-3 -11 -24 -19 -5 -4 -4 -13 
12 5 13 18 1 3 0 7 
9 9 3 -15 4 0 -6 -7 
2 -6 -19 19 -2 1 12 8 
-5 5 -16 -38 -3 1 -8 -3 
-5 -1 6 1 -3 -2 1 0 
-3 -5 27 17 7 2 -4 3 
5 4 -5 -6 -2 -2 4 -3 
7 -6 -16 -13 -2 0 -4 -1 
-4 -1 -5 11 -1 1 14 19 
-3 8 2 -1 -1 1 -14 -6 
-7 8 28 13 5 0 -2 -5 
10 -1 -2 15 -1 -1 -6 2 
-10 -4 -3 -14 -4 -4 1 -6 
6 24 -32 -15 -4 0 2 6 
-9 -10 3 7 3 1 5 -6 
6 6 11 5 -2 -4 -9 10 
-11 3 14 8 2 2 1 -5 
5 -8 -8 17 -3 -4 2 5 
9 7 -15 -50 -6 -1 -1 1 
-12 -8 6 8 1 -2 3 -1 
1 1 -33 -14 -4 -4 -3 -5 
-4 -17 -2 1 1 1 3 -2 
15 24 12 16 1 -2 -7 -28 
-16 1 20 4 -1 -2 2 5 
-2 -9 2 4 0 0 4 2 
-1 -5 -16 -9 -5 -2 -10 -4 
3 -7 2 15 3 -2 -4 7 
4 3 9 -51 -3 2 2 -8 
-10 6 8 32 1 -1 5 -6 
7 -5 -10 -9 -1 -2 -10 3 
-5 -15 -5 1 -3 -4 -1 11 
-6 -28 -11 13 1 1 0 -8 
0 -4 -6 -7 1 2 -4 0 
2 0 13 -7 -1 -3 2 3 
-9 -4 -3 7 -1 -4 -3 -10 
4 -7 -15 2 -1 -4 -1 -6 
8 4 14 6 1 0 -2 -3 
-11 7 3 -5 -2 3 4 -1 
-4 13 -16 -1 -1 -1 -5 -1 
0 10 -8 3 2 1 1 6 
6 8 10 11 2 -2 0 -5 
6 8 13 -16 -4 -3 -5 -5 
-5 -35 -7 8 0 2 2 1 
2 -2 -3 -9 -4 -2 -3 -7 
-6 -11 0 23 2 -2 -5 1 
-1 -10 -4 -27 -6 -6 0 -6 
-5 -20 5 4 0 1 2 4 
0 5 16 8 1 3 3 -2 
-3 -1 -14 -12 -4 -2 4 -8 
-11 -16 5 16 1 0 -11 -4 
4 2 5 -10 -8 -2 -6 4 
3 3 -3 -2 1 -3 -1 -4 
-12 -12 -2 -6 -2 -3 -4 2 
-8 1 1 0 3 2 8 -1 
-3 11 0 -10 -4 -3 -2 0 
3 -4 10 45 1 0 0 -2 
3 12 -5 -56 -9 -4 -5 -9 
6 -3 -26 9 -3 -3 5 -1 
-4 -3 6 8 5 4 0 1 
2 -9 -10 -5 -6 -5 -2 1 
0 -12 2 16 -2 -1 -5 -2 
-4 47 -5 -16 -2 3 0 2 
0 3 -2 2 -2 -2 5 1 
-2 2 9 -16 1 -2 -7 -8 
1 4 -2 11 2 1 1 2 
4 11 -9 -10 -1 -1 1 5 
-3 -4 5 8 3 -2 -6 -6 
-1 9 0 -3 -1 2 7 0 
-6 -18 -18 -4 -1 -1 -5 3 
5 -16 12 17 -1 -3 -1 0 
1 4 10 -4 -1 -1 0 -2 
-6 9 -21 -7 -6 -6 -3 0 
-4 2 11 16 4 2 1 -2 
1 -6 9 6 0 -2 -4 -1 
-3 -5 -18 -5 -2 -1 -3 1 
-1 -23 -13 -19 -3 1 -3 -1 
3 9 11 8 -3 -3 2 -3 
3 -15 -22 -7 2 0 -7 -1 
-12 11 8 3 -3 -2 0 -2 
-2 -14 0 7 0 -2 -3 -3 
4 34 -3 -10 1 1 1 0 
-2 -22 11 12 1 0 3 -3 
3 13 -11 -22 -3 -2 -4 -6 
-2 5 -17 -7 -4 0 1 -3 
-2 -9 12 -3 -4 -3 -5 1 
0 0 12 34 4 1 -1 0 
-8 -6 -21 -71 -9 -5 1 3 
1 6 7 7 -1 -3 -3 1 
4 3 -11 -2 -2 2 -5 -1 
-5 -1 -10 5 3 2 10 1 
-2 -4 16 26 4 0 -1 0 
8 6 5 -3 -2 -1 7 6 
-2 -11 8 -3 -3 -3 -17 -3 
-9 24 -1 -15 -1 -1 0 -6 
7 5 -11 3 -3 -3 -2 3 
1 -3 5 -5 -1 -1 -2 5 
-10 -8 -2 17 3 -2 1 -4 
-2 -2 -8 -18 -6 -3 -2 -5 
0 -2 5 9 -3 -1 -4 -2 
-2 30 -17 -6 -4 -1 -2 -1 
-2 -4 -3 -30 -3 -6 -3 0 
-2 -33 -12 -2 -4 0 -2 -2 
1 9 12 8 0 1 3 -5 
0 -15 11 5 1 -1 -5 1 
-1 -8 -13 -4 0 -3 2 -2 
-5 1 14 6 -2 -3 -1 2 
2 -1 -28 -20 -3 -2 -6 0 
0 -5 2 7 -1 0 1 -1 
-3 -13 -4 -5 -4 -1 0 -4 
2 5 4 -3 1 -2 2 1 
-2 -4 11 26 5 2 -2 0 
0 19 3 -19 -3 -3 3 -4 
3 6 -19 -5 -4 -2 1 4 
8 -3 4 7 -6 -1 1 10 
-9 -7 -13 -6 2 4 1 1 
-6 -19 1 -5 -2 -3 0 -8 
5 13 11 -4 0 0 -4 4 
0 -2 -11 1 0 -6 -2 -5 
0 -4 7 2 0 -3 -3 3 
-2 -14 8 15 0 0 -2 1 
-1 -8 -3 -6 -4 -2 1 -4 
-5 33 -1 -13 -5 -4 -1 -3 
-4 14 3 9 1 -3 -4 -8 
-4 -11 -3 -1 3 1 0 -2 
-1 -4 3 0 -4 -2 -2 -1 
2 -3 6 -1 2 -1 -3 1 
2 -7 -3 -1 -4 0 8 -4 
-4 2 -3 2 -2 0 -5 0 
1 -20 -11 -3 0 1 -2 2 
1 5 2 0 0 1 1 -1 
1 5 7 1 -2 -3 2 0 
-6 -7 -5 0 -1 -3 -1 -2 
0 -3 7 5 0 0 1 -1 
-2 2 -12 -4 -3 0 -4 -6 
1 -9 -2 0 1 1 3 -1 
-3 7 -3 6 2 -1 -11 -1 
0 0 -3 -4 -2 -2 2 -2 
-5 -8 -20 -10 -6 -4 -2 1 
-1 -1 4 -15 0 0 0 -1 
-1 -1 4 -3 -3 -2 -2 0 
-1 7 9 16 3 -1 -1 1 
-4 -19 1 6 2 2 -2 -3 
0 7 -1 2 -4 -6 -10 -4 
-9 -19 -3 -2 2 3 10 0 
-2 5 3 -1 -3 -1 -3 -9 
3 -5 3 -8 -1 0 2 3 
3 3 -3 2 -2 -1 -3 -5 
2 5 -11 -11 -5 -6 -5 -1 
-13 -15 0 -12 -2 -1 1 -3 
-4 -9 -14 -3 0 -2 -1 -2 
0 -18 6 5 4 4 -1 4 
4 2 4 2 -1 -3 4 -2 
-5 -15 -1 1 1 2 4 0 
-1 -2 0 4 0 0 1 -2 
1 2 -5 -4 -4 -3 -3 4 
1 3 -3 -9 2 0 -5 -5 
4 7 -10 1 -3 -1 1 0 
-6 -8 7 -17 -2 0 -10 -9 
0 2 -2 17 -2 -2 1 -3 
-2 -5 -27 -14 -2 2 0 5 
1 5 12 -2 -4 -4 -5 1 
1 -2 0 -6 -1 -1 1 -3 
-6 -12 -1 15 2 0 2 2 
2 5 10 2 -2 -4 -5 -3 
-1 5 2 12 2 1 2 1 
3 -1 -5 -2 0 -3 3 -2 
-4 4 0 -9 -1 -3 -7 0 
0 -2 2 6 -2 -3 2 2 
-4 -4 -7 -2 -2 2 -2 -9 
1 9 6 3 -3 -3 -2 7 
2 3 -9 -15 2 1 5 4 
-3 -5 12 12 -1 0 -4 0 
1 0 -3 -14 -4 -4 -1 3 
4 33 -4 5 1 0 1 -4 
-3 13 -6 -2 1 3 3 -4 
-2 6 -10 -24 -3 -2 -3 -8 
-1 2 5 19 1 -2 -2 2 
-2 -20 5 -6 -3 -4 2 -1 
2 25 16 14 -1 -2 -1 0 
0 2 -4 -10 -1 -4 -2 -3 
1 4 -5 2 3 1 -2 -1 
-5 -23 3 4 -3 -2 -1 0 
-2 -6 5 1 -1 0 -2 -3 
-8 -13 -5 -7 -1 0 0 3 
-1 9 -1 -8 1 0 1 -2 
1 0 -7 4 -2 -3 -9 -4 
1 3 -7 -12 -3 -3 -1 6 
-3 2 2 13 1 2 1 -2 
1 -3 -4 -8 -4 -4 -4 1 
4 25 2 -6 -3 0 -1 10 
0 -5 -5 14 0 -1 -1 1 
-1 -8 -9 15 0 -2 -3 -12 
-6 0 10 -43 -5 -3 -1 1 
-3 -23 -15 -2 -1 0 2 -3 
-5 -9 2 2 3 -1 -4 -2 
3 5 7 14 1 -3 -2 1 
1 -2 -3 6 -1 1 0 -3 
-5 -11 -3 3 3 1 0 -9 
5 -5 -3 -16 -4 -3 1 2 
-4 -19 5 1 0 1 1 -2 
0 14 9 18 -2 -2 0 2 
-4 0 -12 -25 -2 -2 0 -3 
-2 -1 -2 3 -1 -2 -1 -4 
1 4 15 0 -7 -2 1 2 
1 -12 -26 -8 -1 -1 -1 5 
-3 1 7 10 2 2 -1 -4 
-2 -7 3 -2 -1 -4 -2 -5 
0 7 -4 -13 -4 -1 -1 1 
-4 6 6 8 -1 -4 -2 -3 
3 6 6 -7 1 1 2 3 
-2 -9 -10 1 -1 -1 -3 -3 
-4 -12 -9 -6 -2 -3 -4 -2 
3 1 -7 1 0 -3 -5 -6 
-5 -9 1 9 -3 -2 -2 -3 
-3 5 9 -3 -4 0 0 -1 
-1 -6 -15 -7 -1 -1 0 1 
2 -2 4 5 2 2 2 0 
-2 -12 1 -1 -5 -4 -5 3 
-9 -26 -2 -7 0 0 1 -2 
-3 3 7 7 0 -1 0 -12 
1 4 -1 -4 -2 -1 -2 1 
1 2 5 -3 0 -3 -1 0 
3 -6 -13 2 -1 0 0 4 
-3 -6 -2 -1 -2 -1 0 -2 
-6 -19 3 -9 2 0 1 -1 
5 -12 -5 3 -1 -2 -2 -1 
-7 -14 -7 8 -3 0 -1 -6 
1 7 1 -15 -2 -3 0 0 
-6 -8 -7 -2 0 0 -1 -2 
-1 0 7 12 -1 -3 -1 -1 
2 0 -3 -9 0 -3 -4 0 
2 28 -5 -12 -7 -3 1 3 
-4 -4 5 15 0 1 -1 0 
