#EMG
#1
#ID:1-18
-2 2 -16 -57 -3 1 0 0 
0 -3 8 22 -4 -4 0 -1 
-5 -8 -6 -15 3 2 -1 -3 
-1 6 13 9 -6 -3 1 -2 
2 2 -6 17 -1 -5 -3 0 
3 7 -2 -7 0 2 0 0 
-1 -2 5 -10 -2 -1 0 -3 
-2 1 -7 -13 1 1 1 1 
0 -3 -4 16 1 -1 -1 -4 
1 -5 12 -7 -1 -1 -1 0 
0 11 -32 -9 -1 -4 -3 -2 
-7 -3 11 -8 -2 -3 -3 -2 
2 -11 2 15 3 0 2 -1 
2 30 0 14 -2 -3 -3 0 
-3 -4 11 9 -5 2 -1 0 
-3 -18 -30 -48 -3 -2 -1 -2 
0 11 6 -3 -1 -5 -1 0 
-6 -19 8 27 -7 -4 0 -5 
1 2 0 -9 11 4 -2 -1 
-14 -1 8 14 3 -1 3 -1 
0 -4 -2 12 -4 -2 -1 -1 
3 0 -16 -19 -5 -2 -3 1 
-3 -8 1 6 -1 -1 -3 -1 
3 1 10 6 -2 -1 2 0 
0 3 -14 -6 0 0 1 -2 
-3 -4 -4 -7 1 -1 -1 0 
-1 -2 7 -2 -4 -1 -3 -2 
2 -3 -10 -2 -4 -2 -3 -1 
0 5 2 20 0 -2 -3 0 
0 5 9 -3 2 1 3 -4 
-4 -4 -25 -50 -8 0 -3 -2 
-1 -4 10 20 -5 -5 -1 0 
-2 1 4 32 -4 -5 -2 -2 
4 -1 8 24 -1 -1 -2 0 
-2 -9 -39 -83 8 1 0 -2 
-2 0 -5 11 -7 -2 -4 -3 
-4 4 -3 -36 -7 -1 0 -1 
-3 4 10 7 -2 -4 -1 1 
1 3 -11 65 -2 -4 -2 -3 
-1 -2 -4 -52 -1 2 3 -1 
2 -19 1 -8 3 1 -2 0 
-7 -1 -29 -19 -4 -4 -3 -1 
6 -2 24 21 -4 -1 -3 -1 
-2 4 11 11 3 -1 1 -2 
0 -9 2 9 -3 -1 -1 -2 
1 0 -8 -37 4 4 -1 0 
-6 0 13 13 -1 -3 -2 -1 
-1 -10 -25 5 5 4 -3 -2 
-4 -1 17 14 2 0 0 1 
-2 -9 -22 -23 -8 -4 -2 -3 
1 2 12 0 0 -1 -1 1 
-2 6 15 40 -2 -2 -1 -1 
-2 4 -9 -38 -6 -2 -2 -2 
-6 -3 12 18 2 1 -3 1 
-2 -3 -17 -19 -5 -3 1 0 
0 4 0 13 4 0 1 -1 
-1 3 1 21 6 0 -2 -1 
1 2 -10 -24 -2 -1 0 0 
-1 -18 5 11 -1 -2 0 -3 
1 20 13 15 -6 -4 -5 1 
-5 8 -1 -27 6 6 3 -2 
0 -4 -10 4 -3 -2 0 -2 
3 0 0 18 -3 -3 0 -2 
-7 -11 -14 -32 -6 -1 0 -5 
-1 -3 -4 14 3 -1 -2 1 
1 5 9 7 -7 -3 -3 -2 
0 -21 9 7 -3 -3 1 -2 
6 0 8 -43 14 1 -1 -1 
-6 3 -23 5 -5 -2 1 -1 
-6 -16 7 22 4 -1 1 -4 
-4 -5 2 -25 -12 -2 -1 -3 
1 -7 -3 -36 -5 -2 -2 -1 
2 3 4 26 0 -1 -2 0 
-1 -16 0 -3 5 -2 -3 0 
-4 7 1 -1 -2 0 1 -3 
0 13 9 24 -2 0 0 -1 
2 -1 -35 -8 -9 -4 -1 -2 
-6 0 13 14 -5 -4 -3 -1 
-1 10 9 5 1 1 -1 1 
0 9 0 -12 -4 -1 -2 0 
0 -6 -3 13 -3 -3 -1 -2 
-1 5 -1 2 3 2 0 0 
0 4 -15 -40 5 2 0 -1 
-2 -5 1 29 -3 -5 -2 -1 
6 -3 7 -25 -3 -2 -1 -2 
2 -11 -3 14 -3 0 -1 0 
-3 15 -1 -23 2 1 -2 -1 
0 -12 -5 36 -4 0 -3 1 
-9 -7 -6 -24 0 -2 -3 -2 
0 -5 2 -1 0 -3 -1 -3 
2 -3 -3 53 -2 -3 0 1 
1 -11 -9 -25 6 3 -2 0 
-8 -1 11 5 -1 0 -4 -3 
2 11 17 -11 -2 -1 0 -1 
-1 3 -13 23 -6 -3 -3 1 
-3 -7 -11 -21 0 -1 1 -2 
2 5 21 17 -2 -2 -2 1 
-1 34 -33 -26 2 2 2 -1 
-2 7 1 2 0 -4 -1 -1 
2 -13 -1 -5 -5 -2 -1 -1 
4 6 3 1 2 0 -2 1 
-9 -6 4 -2 -3 -3 -2 -3 
2 3 -3 -14 -2 -3 -2 -1 
-2 4 -10 7 -1 -2 0 0 
1 1 -1 -2 2 -1 -1 -3 
-4 -11 -5 -6 0 1 -2 -3 
-4 -7 -5 -3 -4 -2 2 -3 
1 -1 12 6 -4 -4 -3 -2 
2 0 5 4 5 2 -1 2 
-1 -5 -2 -12 -2 0 -1 -2 
-1 17 9 50 1 -3 1 0 
-2 4 -11 -39 -7 0 -2 -1 
-5 -23 7 1 0 -2 -2 0 
3 -14 -34 -11 -1 -1 -1 0 
-4 -8 25 7 2 1 -3 -2 
-7 21 -11 17 2 -3 -2 -1 
4 14 10 5 1 1 3 0 
-6 -10 11 3 0 -1 -6 -1 
4 -6 -26 -32 -4 -1 -2 -1 
3 -12 -5 1 -2 -2 -1 -3 
-11 -7 -1 -8 -3 -3 0 -4 
3 13 -2 3 -3 -2 -3 0 
-1 3 17 1 2 -3 -1 -2 
-3 -3 -4 -8 -3 2 -2 0 
1 2 -1 8 -4 -1 -2 -1 
-2 -41 -20 -10 2 0 2 2 
-6 6 10 -3 -4 -4 -6 -3 
3 -8 -9 6 -1 -3 4 -3 
0 -2 -3 -12 -3 -2 -3 -3 
2 11 29 10 2 -2 -5 -1 
-4 -16 -25 -20 -4 0 2 2 
2 -7 -10 -4 -3 -3 -3 0 
-5 -8 4 -3 0 -1 0 -6 
-1 2 -20 1 -5 -4 -1 -3 
2 -3 19 49 5 1 -2 0 
1 18 -9 -82 -7 3 0 -1 
-12 -8 -8 12 -3 -3 -2 1 
-4 6 17 1 2 0 -2 -6 
2 13 -5 -3 -2 -2 -2 0 
-8 -11 -34 25 -4 -4 -3 -2 
3 -2 9 -17 -4 -1 6 5 
3 2 -22 -17 -4 -2 -7 -3 
-3 -14 15 2 -1 1 2 -2 
3 24 42 21 1 -1 -4 0 
-5 -3 -33 -12 4 2 -1 -3 
-1 -19 3 18 3 1 4 1 
-5 -5 -16 -35 -4 -2 -1 1 
-3 -7 8 20 -2 -1 -2 0 
2 -5 -25 1 -3 -6 -2 -2 
10 12 33 7 1 -1 0 0 
-4 5 -29 6 1 -2 0 -3 
-9 -13 17 -15 -3 0 -2 4 
2 1 -2 0 -1 -3 -5 -5 
-3 -2 32 22 -4 -1 -1 -1 
2 3 -26 -27 -5 -3 -3 -2 
-1 -30 11 -34 0 -2 0 -1 
0 -1 -30 2 -2 1 -4 -1 
1 9 -2 9 0 -1 3 3 
-3 -4 19 -8 -1 -2 -3 -1 
-7 -20 -40 -1 -5 -1 0 -3 
3 -5 -32 2 2 1 -1 2 
2 1 -20 -20 -2 -1 0 -4 
-7 -30 28 22 5 -1 -2 -2 
3 9 18 3 -1 -3 1 -1 
-13 2 66 17 -1 0 3 -2 
5 16 -56 -19 2 2 -8 1 
-6 -17 -41 -24 -8 -7 -4 -3 
2 -2 9 2 0 2 4 -1 
3 7 10 10 2 0 -6 1 
-10 7 41 5 1 -1 1 -5 
3 1 11 2 3 3 2 -5 
-2 0 -51 -2 -1 -3 -3 -1 
3 -5 20 8 -4 -3 1 -1 
-4 14 -10 -16 -2 -1 -1 2 
1 -26 21 23 -2 0 -3 0 
-2 11 -18 -2 1 2 1 0 
2 -16 34 3 1 -2 -2 -8 
6 27 -13 -11 -4 -1 -1 8 
-5 10 -3 -1 0 0 1 -4 
0 7 18 19 1 0 -1 -1 
-5 0 -18 -24 -1 -2 -2 -3 
-3 -21 12 13 0 -1 0 -3 
16 23 1 -9 1 -3 0 2 
-8 -13 -26 45 -1 -4 -4 -5 
-2 -9 -18 -51 -1 4 1 1 
0 -2 -3 3 -2 -6 -1 -3 
-1 6 -9 -7 0 1 0 21 
1 -1 18 25 1 -2 0 4 
8 15 12 43 -1 -2 -4 11 
-10 -13 -11 -42 -11 -3 0 -7 
-5 -25 17 -16 -2 1 -2 -1 
10 7 0 -10 -4 0 0 0 
-13 -5 -9 11 -1 -3 -3 -35 
-1 4 -6 1 -2 -3 -2 10 
1 2 -5 17 6 0 0 -15 
2 11 19 39 5 0 -5 -14 
-12 -37 -18 -74 -18 -6 -3 12 
5 -6 11 46 14 1 0 -4 
-19 18 -3 -7 -9 -5 -6 -24 
20 -4 19 9 -3 -5 2 38 
-1 22 -2 48 9 3 3 3 
-10 -22 18 -72 -24 -7 -3 -9 
-4 18 -35 -23 -9 4 3 25 
12 9 -5 -18 -4 -3 -3 -4 
0 11 4 21 2 -2 -1 3 
-5 -24 2 39 6 2 2 -2 
12 -18 16 9 4 -1 2 11 
-10 8 3 -15 -3 -2 -4 -18 
-1 -5 -15 14 -7 -1 1 0 
15 14 -1 1 11 3 -2 4 
-13 -7 17 10 2 -6 2 1 
-2 0 2 -22 -1 1 3 -1 
9 -6 -21 6 2 -1 -6 11 
3 12 11 14 -2 -3 2 28 
-3 -22 15 40 1 -4 -3 -19 
-4 7 22 -18 -8 -2 0 0 
-7 9 -15 -11 2 1 1 -3 
2 6 7 -16 -7 -1 0 13 
2 -4 -7 23 -3 3 0 -2 
-6 14 21 12 7 2 -5 -7 
-2 -1 -22 -36 -12 -6 -2 -1 
-1 -8 2 -5 0 0 0 -17 
6 18 -11 -16 -3 -3 -3 3 
-10 -17 8 8 4 0 -3 -5 
-2 16 30 -7 1 1 4 -4 
-3 -2 -27 -4 2 2 2 -6 
3 10 -3 -21 -6 -6 -7 -7 
-10 -5 22 -2 -1 -3 2 7 
8 -14 -26 10 3 -5 -10 -3 
-13 -21 23 -11 15 6 3 -6 
-3 -9 -36 -2 -9 -6 -2 -3 
2 -1 -11 -1 0 -1 -1 -3 
4 4 7 -13 -6 -5 -1 -1 
-2 9 14 74 13 2 1 -7 
-2 -6 -35 -47 -10 -4 -4 0 
-5 -13 6 22 0 1 1 -1 
-1 -8 -24 3 0 0 0 -5 
-2 15 -25 -4 -3 2 -3 0 
3 10 15 13 0 -1 -2 -2 
-2 -9 -12 -27 1 0 -1 4 
1 1 26 -17 1 0 0 -2 
0 -2 -37 -25 -8 -3 -4 -7 
4 -7 25 -2 -1 -2 -1 1 
-6 0 9 6 4 0 -1 -6 
5 18 -2 9 2 0 3 4 
-2 -2 3 -5 -6 -4 -2 -4 
1 3 22 25 4 3 -1 -7 
-10 -35 -29 -14 -6 -6 -5 3 
3 35 -3 -10 3 1 3 1 
-3 10 10 9 -5 -3 1 -9 
1 7 21 2 -2 -2 -6 1 
7 12 -37 -12 -4 -1 1 -1 
-7 -18 24 11 0 -1 -6 -4 
-8 -14 -9 -17 -6 -5 -2 -5 
-3 5 -26 -3 3 1 1 4 
0 -4 -2 -4 -2 3 3 0 
-1 -13 6 -5 -1 -1 3 -1 
2 -7 -10 -4 -3 -3 -6 5 
4 -3 3 -3 -1 -1 4 10 
-9 -21 -18 5 -2 -2 -1 -9 
2 1 32 13 0 -1 -5 4 
-2 -4 -22 -14 0 0 -3 -2 
0 -8 5 -11 -4 -2 3 -1 
5 6 -3 -2 -1 -3 -3 16 
-4 5 -11 1 0 1 6 -2 
-3 -12 33 3 -2 -2 -2 -6 
-2 1 -26 -29 -1 0 -4 16 
1 5 -8 7 -4 -1 -3 -9 
-6 -20 -15 -2 5 5 0 1 
-3 5 -5 0 -2 -3 -4 -50 
-4 2 -6 8 0 -2 1 13 
4 6 13 7 4 2 -2 9 
-3 -21 -1 7 0 -1 -7 3 
5 -10 35 15 -4 0 -1 2 
-2 16 -40 -45 -5 -2 -3 -13 
5 2 2 21 1 0 1 -5 
3 13 -12 -4 2 0 1 -2 
4 -27 -10 3 -4 -4 0 15 
-6 -29 29 -22 1 0 0 2 
-3 6 23 29 -7 -6 -8 -1 
0 -5 8 6 1 2 2 22 
7 2 -35 -16 2 2 0 -4 
-6 -39 44 56 -6 -8 -5 -12 
8 53 28 -28 -10 -1 -2 -3 
-7 -38 -23 21 -15 -10 -1 -1 
2 -15 -21 -66 7 5 2 7 
-4 2 -2 7 5 2 -1 -7 
-17 33 68 17 -6 -7 -3 23 
6 -3 -9 26 -3 2 0 -8 
-9 -14 -7 -16 -1 0 -3 7 
4 -20 -35 14 -7 -2 -4 -17 
14 16 10 48 5 4 7 12 
-8 21 31 -111 -10 -2 -4 -7 
-5 2 21 34 -2 -5 1 9 
2 16 -19 -3 2 0 -4 -17 
4 -7 -6 14 2 1 9 -6 
-7 -24 -2 6 -3 -3 -10 -20 
0 4 -7 1 -5 -2 0 13 
-5 -10 6 -7 -3 -2 5 -12 
-6 -17 -32 -37 0 -4 -10 -14 
8 13 -11 7 4 0 -1 -6 
-5 14 2 -27 -6 -7 -1 6 
-4 28 -2 -11 11 7 2 9 
0 -20 -21 -31 -4 -2 0 -10 
5 7 -13 -15 -2 -1 0 11 
-8 4 40 63 6 2 1 -5 
-1 -9 -30 9 -5 -5 -3 3 
2 -6 -2 23 -8 2 -1 -7 
1 8 -7 -50 -4 -1 -1 -7 
-5 10 -3 33 -5 -6 -5 -3 
0 -6 -14 -51 5 2 -1 -5 
-7 -19 -19 -6 -2 0 -1 1 
-2 9 17 98 3 -4 1 -3 
8 13 0 -87 -11 6 0 0 
-3 8 5 -1 -4 -2 -4 8 
-4 -6 -33 -19 -7 -6 -4 -6 
-5 -23 -2 6 1 -1 2 -3 
-1 16 2 4 1 -4 -2 -6 
5 5 15 -11 -1 -2 -2 3 
-4 -6 -18 -44 4 1 -5 -4 
1 -8 -3 8 2 -1 2 38 
12 1 -42 15 8 1 1 4 
4 12 54 10 -5 2 0 -3 
-6 -15 0 8 3 -3 -2 -3 
-4 -9 -4 23 -1 -3 -1 -4 
6 11 14 -15 2 0 0 -1 
-4 -18 -4 7 -6 -2 -2 35 
1 -6 -39 -37 9 1 2 0 
-2 20 36 -19 -4 -2 -2 -9 
-5 -13 -18 35 -5 -8 -6 -6 
3 -9 -1 40 -3 -1 1 -2 
-3 -15 10 -6 3 7 2 -4 
-2 9 10 -7 0 -2 -1 -8 
-5 -1 -2 36 3 -2 -3 0 
-10 -27 -6 -36 2 -1 -2 -7 
2 13 19 15 5 0 0 -5 
-8 -11 -45 -32 -5 -3 -3 -52 
-5 2 23 -1 -3 -1 -1 1 
0 41 -19 18 2 -1 -1 -14 
-2 -10 -1 -23 -2 -5 0 -2 
3 12 12 26 14 2 -1 8 
1 -4 -35 -70 0 4 2 24 
-7 -6 5 13 0 -2 -2 -38 
4 -8 -14 -11 -6 -3 -2 8 
2 11 27 23 -3 -3 -3 8 
2 -12 5 -8 -1 1 -2 -1 
-2 -4 -18 16 -6 -3 -2 8 
-5 -2 7 -22 -6 0 1 -6 
0 -9 -8 23 -2 -3 -1 -2 
1 2 30 39 3 4 1 20 
9 0 -32 -86 7 6 1 7 
-11 1 14 5 -11 -7 0 -8 
5 -2 -10 -52 6 1 -4 2 
-7 -9 -11 32 -2 -4 -2 -2 
-1 4 -5 33 -4 -1 -2 4 
5 0 0 -4 -3 -1 -2 7 
3 23 16 29 2 2 4 1 
-10 -5 -21 -80 -8 -1 -3 -24 
-2 5 -9 45 -5 -2 0 -3 
-9 -18 -3 -43 7 -1 -4 -6 
-1 -9 -3 -29 2 2 0 0 
0 6 3 23 2 -2 -1 -13 
3 11 28 24 -2 -1 -2 21 
2 2 -14 15 -3 -2 -1 8 
-4 -14 -1 0 1 -1 -1 3 
-3 21 0 11 1 1 2 -6 
-1 -3 19 -1 9 0 2 5 
-3 -1 -1 22 -5 -1 -1 -3 
-6 -5 3 55 2 -2 0 2 
5 -4 -26 -4 -12 -6 -3 -31 
-14 -15 13 -43 0 0 -4 -8 
-3 -16 19 19 -1 -1 0 -6 
-3 5 -16 -11 -8 -1 -1 -1 
3 -3 6 44 4 0 0 7 
3 11 -3 2 -5 -5 -2 -4 
2 5 0 -4 2 0 -3 -9 
1 17 -11 -17 -7 -1 1 1 
-1 -6 3 -5 -1 -2 -4 3 
-1 -9 -1 -15 -4 -2 -1 -6 
-2 5 -3 29 4 -2 -4 8 
-1 -8 -6 -51 -7 -1 2 -2 
-3 1 13 -8 0 -2 -5 0 
-4 4 -1 -21 -10 -8 -2 -3 
1 1 -30 32 5 10 1 10 
10 -2 17 30 -5 -5 -5 -8 
-23 -24 -5 -34 -6 -1 0 -6 
-6 -23 9 54 1 -2 -2 -4 
-2 5 9 -22 -5 -4 -3 -3 
-2 -17 7 10 5 0 -1 -2 
12 13 9 4 0 1 2 7 
4 1 -12 32 1 1 -3 -3 
-3 43 -7 -13 -8 -6 0 -7 
-2 4 -15 -38 -2 3 -3 1 
0 -7 -2 0 3 -1 -1 0 
-3 5 9 27 -7 -5 -1 0 
2 -26 -11 -31 4 6 1 -2 
-5 -18 -8 -13 -17 -9 -5 29 
-1 5 -18 -4 12 2 1 -3 
3 -3 -18 24 -16 -4 -3 10 
8 2 2 -71 7 4 1 -2 
-20 -32 2 33 9 1 -2 -2 
-5 -12 -10 -4 1 0 -3 -2 
5 7 16 -25 0 -1 2 -5 
2 4 0 30 -2 -3 -2 1 
7 16 -11 -45 8 3 0 -8 
-1 1 6 -2 2 -2 -4 1 
-1 3 -11 -38 -5 1 1 -6 
-4 -2 15 28 -9 -5 -1 -5 
-8 -1 -15 6 2 -1 -1 -9 
-4 -3 4 4 0 -5 -5 -6 
1 1 -8 -21 2 2 1 6 
-6 -5 -35 9 2 -1 -2 -4 
-1 4 8 -10 -3 0 -1 -5 
2 2 1 29 -7 -4 -1 1 
-1 6 21 30 1 -1 -2 -5 
-2 -4 -20 -32 -6 1 0 7 
-1 -2 -2 -8 -4 -2 1 -4 
-5 -14 -10 12 -2 -1 -2 -48 
-1 -1 -13 -16 2 -4 -3 1 
2 -5 13 24 4 0 -1 2 
-6 2 9 2 -8 -6 -2 -3 
-1 -4 -1 -19 4 6 3 9 
-2 -13 -16 -9 -3 -1 -1 -1 
0 1 4 1 3 -4 -2 -8 
8 11 4 11 2 -1 0 27 
-2 1 11 -2 -4 -3 -2 -7 
-4 -10 9 -21 -2 -1 0 -1 
-3 -4 11 -4 5 1 1 4 
4 4 -18 25 5 2 1 1 
-3 -3 3 -26 -11 -3 -2 9 
-1 2 1 -9 3 2 0 -3 
-3 -1 -1 13 -9 -6 -4 -14 
1 2 21 0 5 -1 -1 -11 
5 6 -3 -14 14 6 3 4 
-2 6 -15 -1 -1 1 -1 -5 
-1 -8 10 1 -2 -4 -2 -1 
-1 6 -10 -34 -16 -5 -3 12 
1 -9 -2 -15 -1 0 1 -19 
8 3 16 28 2 0 0 4 
-8 -10 4 -33 -3 1 -4 1 
7 7 -12 -4 0 -5 -3 -1 
-1 -1 8 26 1 -1 1 13 
-2 7 -3 -3 -4 -3 -2 -2 
0 0 10 56 6 3 0 -7 
-1 -3 -17 -20 -1 2 -1 -13 
2 10 15 28 6 -1 0 50 
-7 -15 0 -14 -7 -4 -2 -11 
2 2 -14 20 11 3 0 10 
-6 -14 7 -1 -1 0 0 -4 
2 7 -6 38 -7 -4 0 6 
-3 -1 11 -17 1 2 -1 6 
-1 -1 -9 -1 -4 -7 -4 -4 
-11 -14 -4 10 0 0 -1 -4 
-1 -4 10 -16 -3 0 -2 -10 
0 -3 -2 9 -3 -5 -3 -5 
-7 -3 -14 -8 -9 -3 -2 -7 
2 5 5 33 3 0 -1 -5 
5 1 -13 -33 -13 -3 -3 -1 
-15 -8 -3 -15 -3 0 0 -7 
0 0 5 30 3 2 0 10 
-2 2 -6 -37 -8 -4 -2 -10 
-6 -7 -9 -4 4 -1 -1 18 
7 13 -14 13 0 0 0 8 
-6 -9 1 -3 12 2 -2 -1 
-2 -5 11 2 -8 -4 -1 -11 
-2 5 -13 11 -1 -3 -3 -1 
-1 -6 -6 -11 -1 -1 -1 -2 
5 2 14 -9 -8 -4 -2 -3 
-9 -2 -6 19 8 2 0 11 
0 -6 2 -22 0 0 1 -8 
-1 -2 1 25 -2 -1 -1 0 
2 10 5 8 8 2 1 -4 
4 -1 4 -23 4 4 -2 -5 
-6 2 -25 -12 -4 -3 -4 -4 
-1 2 14 -18 -4 -2 -3 -7 
-2 -1 -14 19 -4 -1 -2 1 
3 7 24 26 -6 -2 -2 -3 
-5 -6 -11 -23 11 -1 -1 -6 
3 11 -10 -5 0 4 1 4 
-5 35 -10 -20 -9 -4 -2 0 
1 -3 -1 32 1 -1 -1 -2 
0 -1 10 0 0 0 -1 -5 
-1 -13 17 22 1 -4 -1 1 
-4 -22 -12 -18 -9 -1 -2 -6 
0 -8 -13 -52 3 2 1 0 
-7 8 -7 55 -3 -2 -1 -2 
-4 -13 13 -30 3 1 0 -3 
3 -1 7 5 -8 -5 0 0 
4 17 -1 -25 -7 1 -1 4 
-7 -25 -9 4 -1 1 0 -5 
5 7 -3 -10 -3 -2 -1 32 
-2 -4 3 6 -2 -3 0 -1 
0 2 0 8 -3 -2 0 1 
4 13 1 -7 2 1 1 -7 
-4 -13 -15 27 1 -2 -1 -3 
3 -4 7 -23 1 1 0 25 
-2 1 6 41 5 -1 -2 6 
1 5 -32 -67 -20 -5 -1 4 
5 -4 23 66 0 -2 -2 -12 
-2 4 -11 -12 2 0 0 -3 
1 -5 -19 -36 -4 -7 -4 -12 
-10 -15 26 37 -6 -5 -5 -4 
2 10 -13 -29 -2 0 0 1 
0 -4 14 8 -1 -1 -1 -7 
-2 4 -17 34 1 -3 0 3 
2 2 8 4 0 0 -1 -5 
-3 -2 -20 -15 -6 -4 -1 -9 
3 0 12 15 4 0 -1 -5 
-16 -42 -9 4 -3 -2 -3 -5 
3 31 14 7 -3 -4 -3 2 
-7 -4 -17 -23 9 3 0 -6 
-2 -7 -9 -23 -4 0 0 -4 
1 0 8 33 -5 -2 -2 0 
-2 -24 6 -27 -7 -4 -1 -3 
-3 5 -24 -32 -11 -3 -2 -1 
5 -3 -16 -16 -3 -2 -2 -4 
1 3 27 -6 3 1 0 0 
0 -5 2 33 -3 -4 -1 3 
-5 -10 7 15 5 0 -2 -6 
-6 -13 -12 -14 -5 -3 -2 0 
0 8 -1 1 -2 -1 -2 -4 
3 1 24 14 1 -1 -2 -4 
0 -9 -40 -65 -3 6 1 -1 
-4 5 2 38 2 -1 -2 -5 
-4 -6 -8 -24 -4 -1 -2 -5 
-2 0 -21 -13 4 -1 -1 -10 
1 5 20 37 -7 -4 -4 -2 
2 -5 19 19 0 -3 -2 -1 
1 5 -13 -42 -7 0 0 0 
-1 -6 11 -8 1 2 0 3 
2 -8 -7 12 -1 -1 -3 -4 
-5 8 1 -9 -2 -1 0 -5 
3 6 12 28 3 -1 -2 2 
-2 -8 -20 -33 -5 -2 1 0 
0 10 17 47 -2 -6 -2 1 
0 -11 -13 -69 -5 3 1 -2 
-2 3 7 8 -1 0 3 -1 
-2 -23 15 29 2 -1 -4 -1 
-2 9 -19 -34 -3 -4 -2 -1 
-7 -10 -10 2 -3 -7 -3 0 
-1 4 -13 -17 5 3 0 17 
3 4 2 18 -6 -2 -1 -18 
1 -5 25 22 -4 -3 0 3 
-1 -2 -12 -11 -2 -2 -1 6 
3 7 -3 -3 3 2 -2 4 
-7 -7 0 5 6 -2 -1 5 
-3 4 2 -25 -2 0 -2 -4 
0 3 7 8 2 0 -2 -4 
1 -3 7 42 1 0 1 -9 
0 5 -13 -25 -4 0 -1 3 
0 12 9 9 16 4 1 -3 
1 3 -11 -20 -1 1 -1 2 
-2 -5 -3 -5 -4 -3 -2 -7 
-3 3 0 -14 -1 0 -2 1 
-1 6 3 49 3 -2 -2 5 
-2 -8 0 -33 2 -1 0 -3 
-1 3 -6 -2 0 -2 0 -5 
1 6 7 22 2 -1 2 2 
2 -1 8 -6 -9 -2 -3 -4 
-1 7 -26 5 -6 1 0 3 
5 11 9 -4 6 0 -2 -4 
2 0 -10 -36 -4 1 1 2 
-2 -4 2 0 -9 -5 -2 -4 
-17 -23 1 -45 6 3 -2 -11 
0 -5 -7 6 0 -3 1 0 
0 6 -3 4 1 -1 -1 -1 
3 4 -7 -23 9 4 -2 -2 
4 6 11 17 1 0 0 -1 
-4 -12 -11 -2 1 1 0 -4 
1 17 -16 3 -3 0 1 0 
-1 -5 34 9 1 0 1 0 
2 1 -16 -6 -8 -5 -3 -3 
-1 4 5 5 8 -1 -1 3 
2 19 3 44 6 2 -1 3 
-11 -21 -1 -22 -6 0 0 0 
3 -7 21 6 -4 -2 -3 -3 
-6 10 -2 -5 -10 -6 -4 -8 
1 -6 -1 -15 -5 -4 -3 -2 
0 4 -8 12 0 -1 -1 0 
-1 2 8 8 -1 -1 -2 1 
-3 -15 -12 2 -4 0 -1 -2 
-3 -11 0 10 0 -2 -1 1 
-1 -4 -9 -42 -6 0 -1 -3 
0 4 -11 44 -6 -7 -2 -1 
3 -13 12 -5 11 2 -1 0 
-6 -6 -25 -64 -16 0 0 -3 
5 -1 -17 3 10 4 1 2 
-8 -2 22 9 2 -1 -2 -4 
3 4 24 11 -12 -5 -2 0 
-4 -2 -22 20 3 0 -2 -2 
4 -9 -12 -47 -4 -5 -5 -3 
-1 -3 6 11 -1 0 1 -6 
-4 -1 7 7 0 -1 -1 -1 
0 -4 4 19 1 -3 -3 -1 
0 9 -7 -28 -4 5 0 2 
-1 7 -4 15 3 -1 2 -3 
2 -6 -13 -20 -5 0 0 -1 
-5 -4 -4 -76 4 1 2 -3 
