#EMG
#6
#ID:6-9
-7 1 -5 -7 -5 -3 -6 -24 
3 3 30 2 -1 -3 3 -15 
12 11 -46 0 -6 -5 -13 -5 
-4 8 -19 13 1 -1 5 -12 
-5 -5 10 -18 -1 0 1 22 
8 -15 4 16 -1 -2 -3 -8 
-18 4 21 -13 3 3 2 -10 
7 -9 7 -3 -3 -1 -3 1 
4 -22 -18 10 6 1 -2 41 
9 8 2 -12 -5 -1 -3 4 
5 -4 16 7 -2 0 9 10 
-7 3 -10 -1 -2 -4 -4 -13 
6 7 16 36 4 1 -1 -13 
-7 -2 -35 -41 2 -2 -9 -2 
-21 -12 40 22 -8 -4 0 -1 
15 24 -14 -25 -5 2 -2 24 
-3 5 -7 6 -10 -5 -4 -1 
0 -7 -11 -15 6 5 -2 1 
9 24 11 -14 -7 -5 -5 -12 
-4 -5 -17 53 2 -5 -1 7 
-9 -6 58 -26 1 3 1 -5 
-4 -12 -43 -7 -3 -5 -9 -2 
8 -25 2 -1 -3 0 3 14 
-6 10 9 14 7 0 2 -4 
9 11 4 6 0 -3 -4 -13 
-7 -19 2 -16 3 -2 -2 -15 
-4 -18 34 23 -1 -2 -4 -8 
15 6 -5 -8 -6 -1 -3 9 
-18 -24 -33 1 2 1 3 -15 
-6 3 34 1 0 3 -1 -1 
8 -7 -67 -14 -5 -3 3 10 
2 -14 15 -50 -8 -4 -4 -8 
6 8 -3 -9 -3 -3 2 6 
3 -14 -45 27 -5 -6 -6 -3 
-2 10 19 -3 3 -1 -3 2 
11 7 15 28 8 6 3 -33 
-4 -16 -6 -20 -1 -2 -2 5 
29 14 10 6 0 1 1 5 
-41 24 33 38 8 -1 -3 -14 
5 19 28 -35 -2 0 2 12 
-7 -57 -77 -28 -8 -6 -3 -6 
-35 12 17 -4 1 2 2 -12 
-1 0 -26 -8 -2 -2 -4 8 
6 -1 14 10 8 3 0 -14 
-32 16 59 40 4 -1 -6 12 
25 -10 -1 3 -12 -7 6 -4 
13 -4 -80 -94 -5 -2 12 18 
3 -11 10 32 1 -3 -30 -6 
40 20 27 -8 -1 2 8 -13 
-34 -12 -11 19 3 2 -6 27 
-7 -15 29 16 -1 -2 6 -42 
-11 2 -27 4 -2 -3 11 15 
11 21 -10 -24 -4 -1 -7 0 
43 -3 32 8 -2 -3 -21 0 
7 -13 -37 0 1 -2 2 -4 
-23 -11 22 25 2 -1 5 -13 
0 0 9 -22 -4 2 1 -2 
-20 -19 -45 -17 -5 -3 8 -4 
21 13 23 19 0 2 -8 -13 
5 6 -1 5 -2 -2 -7 -12 
-11 -8 -13 -9 -6 2 13 1 
1 -7 -30 -2 -1 -4 -4 -2 
20 0 10 -15 -2 -1 -4 -24 
-79 3 20 13 -3 -4 16 4 
75 -9 -15 -10 -5 -5 -22 0 
-19 -7 -23 -30 -1 -3 -8 -15 
4 32 4 -5 0 1 11 41 
7 4 -12 -11 -6 -2 -10 2 
-39 -24 4 6 0 -4 -2 -3 
-18 7 16 22 2 0 4 -14 
9 -1 25 12 3 -1 -2 9 
24 -3 -54 -33 -6 0 7 18 
9 24 28 20 3 -4 -11 5 
5 -13 -16 1 8 6 -1 -12 
-29 6 -7 -5 -5 1 9 11 
12 0 17 6 -3 -4 -15 -16 
-15 9 3 16 1 2 -5 -7 
21 4 -23 -17 -1 -3 9 39 
-4 -10 28 -2 -3 -3 -1 3 
1 -15 -45 9 1 0 -1 -17 
-47 13 49 13 1 -2 4 1 
22 13 -41 -15 -4 -2 4 14 
3 -4 -22 -1 -2 -2 -9 -8 
3 0 33 6 -2 0 3 13 
3 -3 -6 14 0 -4 -1 -7 
-8 -14 -5 -10 0 5 10 -10 
-6 -17 -21 -8 -5 -6 -13 -7 
16 -38 -6 -39 -4 -4 1 19 
13 24 6 10 3 1 -19 -6 
-16 9 13 3 -6 -3 -8 2 
-3 -14 -13 18 0 -1 0 -15 
15 -31 -29 -20 -3 -2 34 31 
-31 23 -17 -20 -7 -3 -39 0 
15 12 36 16 0 -2 7 -6 
31 -3 -1 7 2 -1 -11 -15 
-56 3 33 18 2 -1 2 -7 
-1 -29 -48 -14 2 1 25 3 
-13 0 20 3 -5 -6 -11 -7 
12 17 -7 -1 -2 0 -8 39 
8 25 0 18 0 -1 8 1 
-13 -29 -20 -41 0 4 -1 -13 
-10 -11 -20 -10 -5 -3 -13 -5 
-10 -7 8 -2 -2 -2 1 10 
0 26 32 12 -1 -4 -8 -56 
0 21 -8 17 1 -1 -4 17 
-15 -28 34 41 5 3 6 1 
-6 26 13 -47 -10 -3 4 -6 
-3 7 -35 -8 2 3 -1 17 
29 12 -17 -2 -4 -2 5 -17 
-13 -6 21 14 4 2 3 10 
-22 -29 0 40 -3 -8 -7 -13 
-2 -4 46 -15 5 1 -9 16 
0 -29 -48 -40 -10 -5 5 -47 
0 29 6 -1 0 -1 1 11 
-5 -3 -11 -3 -3 -2 -5 -7 
8 14 27 45 0 -1 -6 -2 
-5 -21 -31 -34 -5 1 5 0 
2 -12 -38 -21 -7 -6 1 -15 
12 12 42 3 7 6 7 83 
-7 -1 -13 13 -6 -2 -6 -81 
6 -28 5 -8 3 -2 -3 18 
-1 12 3 -33 -6 -2 8 7 
29 12 -37 0 5 -1 -5 65 
-17 -24 -10 -1 -3 -5 -9 31 
-13 12 66 59 6 -4 2 14 
7 21 7 0 -3 4 -2 3 
-12 -41 22 -62 -3 2 5 -28 
10 3 -15 -3 1 -2 -10 21 
-4 19 44 -6 -5 -4 -6 -26 
15 -2 34 62 1 -2 -3 15 
-16 -2 -3 45 6 5 3 -33 
-1 -13 -105 -112 -21 -6 1 9 
7 2 9 27 4 3 10 -8 
4 10 22 17 6 0 -15 -11 
-14 -34 -10 5 -4 -8 -2 -21 
7 18 40 -38 -2 0 -1 -6 
5 0 -41 24 -9 -3 -1 13 
-8 -4 -36 -30 8 1 -2 -23 
-25 -17 -5 10 2 -2 -6 -46 
20 5 20 3 -3 -4 -3 12 
0 15 6 -15 -6 -1 7 11 
-8 3 22 12 3 -1 -7 -11 
2 6 3 19 -3 -3 -3 2 
-3 -7 -3 -5 -1 1 -3 -7 
-6 -5 -7 -2 8 2 6 11 
-4 -4 22 26 -3 -8 -1 -2 
5 16 -26 -14 0 0 -5 -11 
8 -9 2 -43 -12 -1 1 8 
24 22 -3 0 -1 0 1 7 
-15 23 6 11 -3 -2 -3 -9 
-10 -23 21 -10 -3 -4 -3 6 
-5 -38 -62 29 8 0 1 -12 
-1 -5 6 -2 -2 1 2 11 
24 13 4 -15 -6 -1 -2 9 
-6 4 17 19 -2 -3 1 30 
15 18 -4 19 3 -1 -1 6 
-8 -23 -35 -29 -7 -2 -5 -7 
-9 -4 -5 -12 -2 -2 -1 -18 
0 10 8 28 2 1 0 5 
0 -11 5 3 1 -4 -4 -4 
-7 -6 -15 -1 -1 -1 -1 1 
-2 -11 2 -15 -4 -1 2 10 
6 10 -30 -4 3 3 0 -8 
-12 5 40 29 3 3 1 -2 
-8 6 28 13 5 3 3 -6 
-15 -47 -80 -53 -9 -5 -3 -10 
6 26 17 -11 -6 -2 -1 -12 
8 25 3 -4 3 -2 0 -1 
-20 -28 3 30 2 -1 -3 -6 
1 0 0 -6 -4 -4 -1 3 
-6 -13 -20 16 -3 -4 0 -11 
-11 -12 8 -30 -4 1 -1 7 
9 26 -7 12 -2 -5 -4 0 
0 12 16 17 4 1 -1 -6 
32 14 25 6 1 2 2 30 
-25 -2 -45 0 3 -1 -2 -7 
-2 1 13 10 3 1 -2 1 
-9 5 17 -26 -4 -2 -3 -13 
-7 -26 -35 -13 -4 -3 -2 27 
27 40 45 15 5 4 8 5 
0 -5 -21 22 2 0 1 5 
2 -8 -7 -15 -5 -1 -1 8 
-17 -3 34 -23 -3 0 -4 -14 
2 -9 -13 3 -3 -2 -1 12 
-12 5 -18 -22 -5 -5 -2 -12 
9 -4 28 31 0 0 0 9 
2 5 -36 -15 -1 -4 -4 -8 
2 -15 -13 -15 -6 0 -1 -2 
8 9 22 -2 4 0 -1 1 
-6 11 2 -2 1 0 3 4 
-6 5 4 -13 -6 -6 -2 -20 
0 0 0 46 2 -4 -4 0 
-3 -6 11 -51 -4 2 2 1 
-2 -4 -13 13 -2 -5 -4 -3 
-6 -8 -18 -5 -1 0 1 -19 
-5 -2 -3 11 0 0 -2 -4 
-2 -22 4 -16 -2 -2 -4 -3 
1 21 8 22 0 -1 -1 -1 
0 0 -2 8 4 5 2 -7 
-8 -11 -6 -10 -8 -4 -7 -34 
-6 2 -10 -14 -7 -1 -1 3 
1 -10 7 -31 0 1 0 1 
0 -6 -1 9 1 -3 -3 -3 
-6 -2 10 8 0 -2 -2 2 
2 10 -2 3 -2 -3 -2 -6 
-18 -14 -9 4 -2 -4 -3 -4 
18 3 2 -11 -3 -2 -3 6 
-1 -4 -14 -4 2 2 1 8 
4 1 24 0 -3 -2 0 -5 
-3 -12 -11 -3 0 0 1 2 
-8 -5 -1 22 -1 -1 0 -9 
-3 -9 12 -56 -5 -2 -3 9 
8 7 4 13 2 1 -1 -4 
-3 13 4 13 -2 0 0 -2 
-8 -7 -1 7 5 2 -1 -7 
2 -15 -39 2 -3 0 2 -2 
9 0 8 -1 1 0 0 16 
-18 -14 -6 -12 -1 -1 -1 -6 
0 9 9 -16 -1 -1 -3 -13 
-13 -14 3 23 3 -2 -2 -3 
5 -1 11 4 -3 0 2 3 
12 -7 -29 -2 1 2 -1 4 
-11 -6 -3 -5 -6 -3 -3 -10 
10 14 18 1 2 -3 -4 8 
-6 -33 -20 20 0 -1 -1 -6 
3 -4 17 -15 -4 -1 -2 1 
-6 1 5 13 4 0 2 -2 
-1 9 3 -1 -6 0 -1 -5 
-4 -1 11 -2 -2 -2 -4 -1 
3 5 -38 1 2 -2 -1 -6 
2 -3 11 5 1 0 1 1 
-1 -5 1 14 2 1 -1 1 
-2 5 -2 -11 0 -3 -2 -10 
8 5 27 22 -3 -2 -3 3 
-16 -9 -24 -23 -3 0 -2 -7 
10 2 8 12 -4 -2 0 -1 
-7 0 -11 -23 4 1 1 -4 
5 3 8 31 5 1 1 3 
8 -1 4 -21 -7 -4 -2 6 
1 4 11 -5 -1 -1 -1 -1 
-4 6 -14 3 -4 -3 -4 21 
-7 -9 -17 19 -1 -3 0 -12 
-2 6 -4 -14 -4 0 -1 -4 
-1 -5 -10 4 0 -4 -3 4 
-6 1 11 -6 -1 0 2 1 
21 14 9 -10 -1 -2 -3 0 
-2 -8 -7 15 0 1 0 -6 
-10 -9 -13 -22 6 1 0 -3 
-6 11 1 6 -4 -3 -2 -3 
-5 -10 -8 -16 -1 -1 -3 -6 
-4 5 14 0 -1 -4 -1 -5 
3 3 3 13 -1 -2 0 2 
-2 -4 -5 3 -5 0 -1 -8 
-7 -7 -7 -25 -2 -1 1 -3 
6 9 11 6 -3 -3 -3 9 
-5 -4 0 9 -2 1 1 0 
6 1 -5 2 3 1 -2 2 
-8 -2 11 -9 -2 -1 -3 -42 
-1 -20 0 2 -3 -2 -1 2 
-4 2 4 -5 -3 -2 -3 -1 
5 -2 -3 9 3 -1 0 -6 
-12 1 0 -22 -3 0 0 4 
0 -3 -15 15 2 2 1 8 
-6 -7 0 -24 -1 -1 -1 -18 
6 5 -16 -25 -8 -4 -2 0 
-4 -1 2 8 3 -1 -1 3 
-2 -2 -8 -1 -5 1 1 4 
3 -6 2 6 1 1 2 12 
-2 4 1 10 -1 -2 0 -3 
7 5 -2 -6 -3 -2 -2 5 
-1 0 13 -21 2 -1 -1 -4 
4 5 7 6 0 3 1 1 
-5 -6 -22 2 -5 -3 -3 -5 
-2 2 -5 -1 -1 0 1 2 
3 23 11 8 -3 -3 0 1 
-6 -3 12 0 -2 -3 -3 -5 
0 0 -7 27 5 1 1 2 
-2 -13 -9 -30 -6 -3 -3 10 
-5 2 -6 -8 -2 -3 -1 -2 
5 3 -8 -3 -3 -4 -3 -3 
-4 -11 11 11 -2 -1 3 -2 
-2 -6 3 11 5 0 0 5 
0 0 -14 -4 -4 -1 -2 -4 
0 3 4 -2 -2 -2 0 -1 
1 -5 5 2 4 1 -1 -2 
3 0 -14 4 -1 -1 -1 -5 
-6 -3 3 -8 0 2 2 -3 
-2 2 -1 2 -4 -2 -2 -2 
1 -7 -6 -14 2 3 0 -2 
3 -4 2 8 -3 -2 -2 1 
1 13 -15 -4 2 -1 -4 -4 
-10 -9 -5 4 -2 -1 1 -2 
-2 3 -11 -19 2 -3 -3 -3 
6 1 7 7 2 -1 -1 4 
1 -4 5 3 -2 -2 -1 1 
-4 -3 -1 31 2 -1 -2 1 
-1 0 -3 -35 -7 -4 -2 -4 
0 5 -4 4 0 0 -2 0 
-4 1 -4 0 -1 -2 1 -3 
-1 -2 4 -2 -1 1 0 -2 
-8 -1 0 15 -4 -1 0 -1 
-1 1 6 -2 0 -1 -1 1 
0 -13 -24 -10 -5 -3 -3 -1 
-1 -7 -3 -20 -4 -1 -2 8 
1 1 5 15 1 -2 -3 -1 
-9 0 7 2 -4 -2 0 1 
-3 -18 5 -3 -1 -1 -4 2 
-1 5 -9 -4 -2 -1 -3 -11 
4 -7 2 2 -2 -1 -1 1 
-1 10 -2 7 -4 -3 0 -1 
-5 -7 -6 -10 1 2 -2 -4 
-7 -4 -3 1 -1 -6 -3 -3 
1 18 5 -11 -1 2 2 -1 
-4 -4 5 0 -6 -2 -1 0 
1 7 -4 5 2 0 -2 -1 
1 3 4 0 -2 -1 -1 4 
-2 -1 -6 1 1 -1 2 4 
-1 -2 3 -16 0 0 -4 -6 
-1 -5 -9 24 -5 -4 -1 0 
1 -1 -10 -32 -6 -5 -1 -3 
-3 -11 4 -4 2 1 0 -2 
-2 5 -1 -8 -2 -2 -2 -2 
1 -2 8 9 2 0 1 1 
1 11 -5 17 2 -2 -1 -1 
-7 -3 -4 -22 -6 -4 -1 -3 
0 -4 -1 2 -2 -2 -1 2 
-1 -8 8 -6 -2 -1 0 -2 
-2 -17 -5 1 6 2 1 1 
-6 0 -10 -6 -3 -1 -4 -1 
-1 0 -2 8 -2 -2 0 -1 
4 -10 -1 -8 -3 -1 0 1 
-7 0 3 1 3 3 0 -3 
-2 -4 -1 30 -2 -2 -3 -4 
-3 -8 -9 -38 -8 -3 -3 -4 
-3 -6 0 -2 2 1 -1 -2 
3 4 3 -12 -5 -3 1 5 
2 3 -6 -3 -2 1 1 -12 
-5 3 -2 20 2 0 1 2 
-2 6 2 -1 1 0 -1 -3 
-1 2 0 -3 -1 -1 -1 -4 
-1 0 -3 -18 1 -3 -2 0 
-3 -13 -5 -1 -1 1 1 1 
1 7 0 -8 -4 -2 -1 -4 
-4 -1 -3 12 -3 -2 -1 0 
1 -6 5 0 0 -1 -2 5 
-2 -11 1 5 3 0 0 -2 
1 38 -5 -3 -3 0 0 3 
-1 -1 0 -27 -3 -1 -3 -2 
-7 -4 -5 3 -4 -3 -2 -1 
-3 -2 2 -6 -2 -1 -3 -1 
2 0 -6 3 -3 -2 -1 -3 
5 -1 -12 14 -2 -2 -2 1 
-2 -13 9 -5 4 0 0 -1 
-4 9 -2 5 3 3 2 -5 
-2 -13 7 0 -3 -2 0 -6 
-6 1 -3 -8 -3 -1 -1 -3 
0 -9 -5 1 -1 0 -2 -2 
2 -2 0 1 -3 -5 -2 2 
-2 -8 7 0 0 -1 0 1 
-4 0 -4 4 0 1 0 5 
12 4 -11 6 -4 -5 -3 -3 
-2 -7 -5 -1 -4 0 1 -1 
2 -7 -3 -18 -2 -1 -2 2 
-7 -1 7 -1 -5 -6 -2 -5 
5 11 4 19 3 0 2 4 
-6 -7 -5 -1 0 -1 -2 -1 
0 -5 1 7 1 -2 -2 2 
-2 -3 0 -2 0 -2 -1 -5 
-4 -8 -8 -11 -3 -1 -1 0 
4 5 4 -6 -1 -3 -2 -1 
-6 -5 2 1 -2 -4 -3 -4 
0 4 3 5 -3 -2 1 -5 
-3 4 -9 -16 4 2 1 0 
0 1 1 19 0 -2 -2 -2 
-1 8 -1 -19 -3 2 1 -3 
2 -16 -15 -2 -4 -1 -2 -3 
-1 -2 14 2 -3 -2 0 3 
6 11 -1 13 0 -2 -2 -6 
0 -11 2 4 0 -1 0 3 
3 39 13 1 1 -3 0 2 
-2 3 5 -5 -3 2 1 -2 
-1 -7 -14 -6 0 -1 0 0 
-5 -12 -2 8 -1 -2 -1 -1 
-4 -12 2 -21 1 1 0 -3 
-1 1 4 19 -4 -4 -4 -3 
3 10 5 -5 -3 1 0 0 
0 2 -7 -5 2 -2 -1 1 
-1 -15 5 -2 -1 -1 -3 0 
-2 0 -19 2 -1 -1 0 0 
-1 -14 4 11 -1 1 0 -7 
3 22 -3 -12 -4 -3 -1 -3 
1 -4 -2 -5 4 1 1 -2 
-11 -15 -1 -10 -6 -6 -4 -2 
-3 -12 -1 7 -2 -4 -1 1 
-3 11 -9 3 0 1 0 -7 
1 3 1 6 0 1 0 1 
1 0 12 10 0 -1 -2 -2 
-5 -5 -23 -52 -7 -3 -1 -1 
3 -9 -2 5 -1 -3 0 2 
-1 -8 -6 14 1 -1 -1 -5 
-2 3 -3 -8 1 -1 0 1 
0 3 4 -2 5 1 -3 0 
2 1 2 6 -4 -2 -1 4 
-3 -6 0 -12 -4 -2 -2 -2 
-4 -1 -4 24 0 3 0 -4 
-1 3 6 -27 -2 -5 -3 0 
-1 -9 -9 -7 3 3 0 7 
-16 -44 2 18 0 -2 -2 -4 
0 32 -3 -13 -4 -2 0 0 
0 4 5 2 -4 0 -3 0 
8 -1 -2 -2 -1 -1 -2 0 
1 -14 -9 -1 -3 -4 -4 9 
2 -12 1 -17 -1 -2 -2 -1 
-5 -4 -9 12 -3 -1 -1 -2 
-5 -2 15 15 5 -2 1 -2 
4 8 -15 -17 -4 0 0 -2 
4 -1 4 -14 -3 -1 0 -2 
1 7 5 11 -4 -1 -2 2 
-6 -5 0 -2 -2 -2 -4 -4 
-1 11 7 14 5 4 3 -1 
1 -4 4 -1 -2 -2 0 6 
3 2 -37 -18 0 0 -2 -3 
-7 -5 17 12 0 -4 -2 -5 
3 14 1 -12 3 2 -1 2 
0 3 7 1 1 -1 0 -8 
-2 -3 -2 4 -1 0 0 1 
0 -1 -6 -11 -1 -4 -2 -5 
0 0 -3 8 -3 -3 -3 1 
-2 7 0 -2 -3 -3 -2 0 
3 -2 14 14 2 -2 -1 2 
-10 -10 -34 -31 0 0 -1 -2 
-3 14 5 3 -2 -2 -1 -4 
0 -10 -3 11 2 0 -1 4 
-6 -5 -3 -10 0 1 0 -4 
4 5 7 7 -6 -1 -1 3 
3 -5 -5 5 -4 -3 -2 -1 
-5 -9 6 8 5 4 1 2 
-1 4 -5 -15 -4 -4 -1 -1 
-5 -6 8 9 -1 -3 -2 -3 
2 2 -2 -3 -2 -3 -1 0 
1 3 -11 -1 -3 -3 -2 -6 
1 1 6 11 4 1 2 1 
-4 4 -5 -11 0 0 -2 -2 
-3 -11 -2 -10 -3 2 1 -2 
-7 -3 -8 -8 -2 0 -4 -3 
-2 -3 -7 4 -6 -6 -2 0 
4 0 -4 -9 3 1 -1 2 
-2 1 5 15 1 -3 0 0 
-3 -8 -3 -25 -1 -2 0 -1 
-2 -2 7 7 -3 -3 -3 -2 
1 0 -8 -3 -2 0 -1 -1 
-1 -2 8 0 -3 -3 0 4 
-2 -10 -21 -7 -3 -2 -3 4 
-1 1 -2 -2 -2 -2 0 -9 
-3 5 3 6 2 -1 -1 -4 
-3 5 -14 -15 4 2 -1 -2 
2 1 22 20 -2 -4 -1 1 
-3 -3 -25 -31 -6 -4 -2 3 
10 2 1 7 -5 -5 -2 0 
-3 -4 -9 0 0 2 0 -3 
-1 -12 7 10 0 -2 -2 -3 
-3 -7 6 17 -1 0 0 -2 
-6 -3 2 -13 -2 1 -1 -4 
0 3 0 2 1 -3 -2 1 
-2 -3 -5 -7 -7 -3 -3 -4 
0 4 3 6 0 0 -1 2 
1 1 -1 12 -3 -3 -1 -2 
1 3 2 -9 -3 -2 -2 -3 
4 6 -3 -3 0 -2 -1 -1 
-10 -9 -6 -13 2 1 -2 -4 
1 6 4 22 -2 -3 -1 1 
-3 -5 -9 -24 -3 -3 -1 -9 
0 5 -3 10 -2 -2 -1 -2 
-2 -4 17 -8 2 1 -1 1 
-4 22 -3 3 4 2 0 -1 
6 1 -1 4 -2 -3 -1 1 
1 6 -7 -5 -4 0 0 0 
-1 2 8 10 -2 -2 0 -1 
0 -9 -8 -7 -1 0 -1 3 
-1 1 10 22 0 0 -1 -4 
-2 1 -9 -31 1 -1 -1 -1 
-1 -5 8 6 1 -1 -3 -2 
0 -5 -22 -13 -3 0 1 -1 
0 -1 2 14 0 -2 -1 5 
1 -3 4 -13 1 0 -1 -1 
-1 -1 -3 9 -1 -3 -1 -2 
-1 -17 5 -8 -4 -1 -1 -3 
-4 5 4 8 1 2 0 -3 
-3 -3 -7 7 0 -1 1 0 
2 7 -13 -27 -1 1 0 2 
-2 0 3 23 0 -2 -3 1 
-4 -6 -15 -29 -6 -5 -3 0 
-1 3 17 12 1 2 1 -2 
-2 -7 -24 13 -2 -4 -2 -3 
-3 -3 12 -7 0 -2 0 -1 
0 2 4 -5 -1 -1 -3 1 
-5 -9 -23 -11 4 1 1 -7 
1 0 10 0 -6 -2 -1 1 
-2 -1 2 -3 -1 -1 -1 0 
-2 -4 2 5 -1 -4 -2 -1 
0 -1 8 6 0 -2 -2 -2 
-4 0 -5 6 2 2 -1 -1 
1 -5 2 -3 1 1 1 7 
-1 -3 -2 -9 -4 0 0 -2 
-1 1 -4 12 -4 -2 -3 0 
1 -4 4 -3 0 -1 0 -1 
-4 -2 -2 -1 -5 -1 -3 -2 
-1 7 -2 -3 0 0 -1 0 
-3 -5 -2 -2 -1 -1 -2 -4 
0 3 -5 -7 -5 -2 -3 0 
-2 -6 7 7 1 1 2 -3 
-3 -5 0 4 0 -2 0 -1 
0 2 0 -1 -6 -3 -2 1 
0 -4 7 3 0 -2 -1 -2 
-2 2 -1 -5 -1 0 1 -2 
1 -1 5 13 -3 -1 -1 -2 
-7 -9 -13 -23 2 1 -1 2 
-2 3 16 0 -3 0 0 -1 
0 1 -27 -7 -5 -6 -2 3 
-1 -8 -2 10 -1 0 -1 -1 
1 7 4 -4 -3 -3 -2 0 
-1 -7 6 6 -1 1 1 -2 
1 1 -7 -5 -1 0 0 -1 
-3 -7 1 -1 -3 -3 -3 -4 
4 18 7 8 1 0 1 -1 
2 1 -12 -22 -3 -1 1 -1 
-3 -3 2 3 -1 -1 -3 -3 
-1 2 -10 -15 -2 0 0 -3 
-3 -6 3 7 2 1 0 -1 
-1 -2 5 13 -3 -2 -2 -3 
4 -5 0 -2 2 2 -1 -2 
1 15 -5 -10 -1 0 0 -1 
-5 -5 9 -4 -3 -2 -2 -1 
1 -4 -8 -12 -3 -3 -3 -1 
-3 -4 2 4 0 1 -2 -3 
-1 -10 -3 1 -1 -1 1 5 
2 3 6 8 -4 -2 -2 0 
-1 0 -8 7 3 0 1 0 
2 4 -5 -19 0 -1 -2 4 
-5 -6 8 -2 2 2 -1 -3 
0 -2 -17 -2 -1 0 1 -2 
-4 14 2 4 -2 -4 -3 -4 
-5 -3 1 -2 -2 -3 -1 -3 
2 4 -2 10 -1 -2 -2 0 
0 -4 6 -2 -1 0 -3 -2 
-3 -10 -2 -11 3 2 0 -1 
-7 1 -6 -5 -4 -2 -2 -4 
-6 -8 9 16 -2 0 -3 -6 
-1 17 -6 -23 -7 -4 -4 -3 
0 12 3 1 -1 -2 -1 -1 
0 5 4 1 0 3 3 -2 
-1 -7 -17 -14 -3 -3 -2 1 
-4 -11 -12 14 3 2 0 0 
-3 -11 6 2 -1 -1 0 1 
2 3 7 2 -1 -2 -3 -2 
-2 5 -4 -3 -1 1 1 1 
4 -2 6 -3 -3 -3 -2 5 
-5 -15 -12 1 1 3 -1 -1 
0 -4 -7 -2 1 1 0 -1 
3 3 8 9 2 0 -2 1 
-6 -8 -14 -19 -4 -2 -1 -4 
1 -11 12 16 -3 -5 -2 -4 
-3 -5 -12 -19 -6 -4 0 -1 
-2 3 -1 -2 1 -1 -2 0 
2 -1 5 12 -1 -4 -3 -2 
-3 -5 -11 3 1 0 0 0 
-6 8 11 5 -2 -1 -1 -5 
4 3 -12 -12 -6 0 1 3 
2 -7 1 -5 -4 -2 -2 -3 
-3 1 7 2 -4 -2 -1 1 
1 -3 -2 -2 -2 -2 -2 1 
-4 -7 -20 -14 -5 -3 -5 -7 
-2 2 8 1 8 1 2 -6 
-2 0 -15 -19 -4 -1 -1 1 
-1 0 -6 6 -2 -1 -3 0 
-1 3 -4 -2 -1 0 0 -2 
-2 -27 -2 7 0 -2 0 1 
-2 14 11 8 -1 0 -4 -2 
-5 -6 -16 -16 -4 0 0 -3 
6 -2 1 3 2 -1 -1 5 
0 -1 3 -1 -2 -2 -1 0 
-1 -5 6 7 -3 -2 -2 -2 
-1 -2 4 5 2 -3 -2 -1 
-3 -3 9 -10 0 1 0 -3 
-2 1 -9 17 -4 -1 -1 -7 
2 0 -8 -20 -1 -1 -2 0 
2 0 6 6 -4 -1 -2 0 
2 -5 1 -2 0 -3 0 2 
-3 -14 15 11 -1 4 0 1 
-1 4 -10 -2 -1 -3 -2 3 
0 -4 -2 -5 -3 -1 -1 -3 
-2 5 -3 5 1 0 -1 -2 
0 3 3 6 -3 -2 -3 1 
-1 -9 -8 -11 -1 0 0 0 
1 6 3 3 0 0 -1 -1 
1 4 -1 9 -5 -1 -4 -4 
-4 4 5 -6 6 2 3 1 
-5 3 -19 -17 -2 -4 0 -4 
6 -7 7 20 3 1 1 -3 
-7 -7 -18 -14 -3 -2 -3 -4 
