#EMG
#5
#ID:5-14
5 -4 -32 -28 -8 -3 -2 3 
-1 -1 11 1 1 1 1 3 
-1 3 -6 1 -4 -3 2 1 
4 -4 8 19 4 -3 -3 0 
-12 10 -5 -17 -2 2 1 -18 
2 -1 -10 -4 2 1 0 4 
-3 -8 -2 4 0 -2 2 0 
4 3 1 0 -1 -2 -3 2 
3 -4 16 7 -2 -3 2 -1 
-4 -1 -12 9 2 4 -3 -1 
-1 -16 -6 -22 -6 -1 0 7 
-3 2 1 -2 0 -1 -1 -5 
-5 -4 3 1 -2 -2 -2 0 
3 3 -3 -2 -2 -3 -1 2 
-3 -8 5 9 1 1 0 -7 
3 -3 -6 -10 -9 -6 -2 0 
4 -4 15 8 -1 -1 7 3 
2 3 4 -9 0 2 -10 0 
1 -5 -16 -17 -3 -3 1 3 
0 1 4 9 0 -2 -2 -2 
1 5 8 -1 -2 1 1 3 
-3 -6 -9 -9 -1 -3 1 -1 
-5 -9 -1 4 0 -1 -2 -3 
1 -1 7 -4 -2 2 0 1 
3 -16 -6 14 2 -2 -2 0 
-1 7 -24 -14 -6 -3 0 -4 
-1 1 -1 -17 -4 -2 -2 2 
-10 1 -3 0 0 -3 -3 -2 
10 2 4 3 1 -1 -4 1 
1 -1 -1 12 2 1 -2 0 
-1 12 6 3 -3 -1 2 0 
1 1 -12 -7 -2 1 -2 0 
-3 6 6 -1 -2 -4 -4 -3 
4 17 -9 -8 -2 0 2 6 
-3 -3 1 0 1 -2 3 4 
3 3 -9 -13 -2 -1 -7 -1 
-2 0 -16 -15 -1 -2 -3 1 
2 -9 9 2 0 1 1 1 
0 -2 7 12 2 1 -3 0 
1 -4 8 2 -1 -3 6 -2 
-1 7 -7 0 2 0 -2 6 
-1 -9 20 1 0 -2 0 -1 
-1 6 6 8 0 1 -5 0 
14 1 -17 -6 -4 -2 1 4 
-17 -4 12 3 -1 -2 -1 -11 
1 -2 -18 -15 -5 -2 -4 -2 
-3 -14 -9 5 0 1 0 -4 
-13 -4 12 3 0 0 -2 -5 
15 -12 -11 -11 -3 -1 -3 1 
-8 -1 12 12 3 1 -2 -3 
2 2 1 -5 -3 -3 -1 0 
-4 1 -15 8 -4 -1 3 -5 
-5 -2 3 6 1 1 2 -4 
-8 -9 11 -5 -2 -1 0 0 
1 5 -34 1 0 -2 0 0 
0 -5 8 -15 -4 0 0 3 
-1 6 9 15 -2 -1 -1 -1 
8 -3 -17 -8 1 1 -4 5 
-19 3 14 -1 -1 -3 3 -20 
0 -4 -3 2 1 0 -5 1 
-2 10 -7 -7 -1 0 6 3 
-20 -1 -6 4 -1 -2 2 -4 
-5 2 14 8 2 2 -13 4 
12 1 -11 -1 -2 -1 -1 -3 
0 -1 10 -2 -2 -2 -1 -1 
-1 -9 -5 -7 1 -1 1 -2 
0 -27 2 0 2 1 1 0 
-10 17 9 5 -2 0 2 -4 
7 -5 5 5 1 0 -2 9 
3 -1 11 6 -1 -4 -5 -9 
7 -6 -1 -4 -2 -1 2 3 
1 -7 4 -1 0 -1 -2 1 
-27 3 -15 -16 -8 -1 -5 -10 
-14 2 2 13 -2 -3 -1 -10 
15 3 -2 -8 -1 -1 -2 0 
5 0 -13 -16 -2 0 6 11 
16 0 11 8 1 -2 -5 0 
-17 13 -6 -10 -4 -1 5 0 
0 7 -4 -2 -3 1 0 -4 
-3 9 -2 1 -2 -3 -3 -1 
-5 -17 -30 -4 0 -1 4 -10 
15 -18 6 4 -4 -3 -13 3 
9 16 14 -7 -3 -3 9 10 
-34 -4 -3 7 0 -1 -17 -22 
-1 0 -10 -16 -4 1 1 4 
27 35 21 20 4 0 4 9 
-44 -5 -30 -13 -5 0 1 -15 
17 -16 12 -8 -3 -5 1 -1 
1 -2 12 13 1 -1 -5 -3 
-36 -8 -9 1 1 0 -1 -5 
15 2 5 -4 -1 1 3 0 
-4 1 1 6 1 -2 -1 4 
5 -18 -12 -1 -2 -4 3 -1 
23 -32 -5 -23 -2 -1 -8 15 
-2 26 4 11 2 0 -1 3 
5 14 -6 -2 -3 -2 0 -9 
4 -4 6 5 3 1 3 18 
2 -6 8 4 -3 -1 3 -6 
2 2 3 -11 -2 -1 -5 0 
12 -12 -17 -8 -3 -3 -3 11 
-2 0 8 -2 -4 -2 -4 -9 
3 18 -17 0 3 2 11 -7 
-8 -14 1 7 0 0 -10 -1 
34 5 14 3 -2 -3 -1 2 
-17 1 -1 -7 0 0 -2 -3 
9 -5 -5 1 0 -2 -1 0 
-36 -22 -4 -2 1 -2 0 -10 
-3 -3 4 5 1 -1 -4 4 
8 5 7 6 0 -1 -1 -10 
1 -2 1 -5 -1 3 1 -6 
13 0 4 6 0 -3 -1 2 
-18 -10 -12 -10 -2 0 3 -4 
-10 -12 -12 -3 -4 -2 0 4 
4 36 8 -12 -3 -4 -5 0 
18 7 -2 3 2 1 -4 -1 
-22 -12 3 6 -1 1 3 -7 
4 -4 0 10 1 0 0 3 
-5 -10 -10 -20 -4 -2 -2 -3 
3 -15 4 -4 -3 -2 -2 4 
18 4 -1 4 1 1 2 -3 
-36 12 -2 -6 -3 -5 3 -26 
4 0 6 -5 -8 -4 -13 -3 
2 8 -5 -6 -5 1 1 5 
-16 4 0 -7 -1 2 2 3 
7 -12 0 1 0 -1 -2 2 
-9 19 4 16 1 0 1 5 
13 -8 1 1 1 -2 0 -15 
1 -19 -1 -10 -4 -4 2 4 
9 23 1 5 -2 2 -6 11 
-17 -40 -1 4 1 -2 2 -4 
5 41 5 -6 -1 -2 -4 -9 
5 7 -8 4 0 2 3 1 
1 -2 -8 -9 -1 -2 1 -1 
3 6 6 -2 4 0 -8 -1 
-18 -15 -13 -7 -2 -2 2 4 
34 -1 8 4 -1 -2 3 -3 
-57 1 8 7 0 1 -13 -4 
4 -17 -20 -24 -5 -3 1 -12 
-5 4 -26 11 4 3 3 0 
2 10 3 -16 -3 -3 -5 2 
14 -5 -1 9 -3 -4 -3 3 
9 -10 0 -5 0 -1 4 -2 
-14 1 19 0 -3 -2 -13 5 
18 -14 -18 -6 -2 -3 2 3 
-5 26 14 17 0 0 -7 -2 
5 -15 -53 -23 -4 0 5 7 
-8 3 3 3 2 -1 3 -14 
-8 8 28 27 -1 -3 -6 1 
30 -21 -5 -40 -5 -2 3 6 
-66 3 37 34 0 0 4 -12 
11 -40 -53 -31 -8 -3 -6 3 
-17 3 22 4 0 2 0 -3 
-18 -15 -21 -15 1 0 6 -2 
-12 -1 30 16 0 1 -8 -6 
48 -16 -23 9 -1 -2 12 22 
-51 10 -10 -22 -4 -5 -23 -27 
17 10 8 6 3 -1 12 8 
17 -4 4 -6 -2 -1 -15 0 
-26 58 21 15 2 1 -1 -6 
-16 -15 -19 -12 -3 -3 10 4 
9 2 0 1 -1 -2 -19 2 
11 -5 -18 -7 -2 -4 -5 5 
6 8 19 6 2 3 3 6 
3 -14 -1 0 -6 -2 -6 -20 
12 2 -14 -20 -3 0 5 -5 
7 1 8 13 0 -2 -6 3 
0 -2 -12 -7 -4 -6 -8 -1 
-9 38 16 2 3 2 11 5 
12 -18 -1 9 1 -1 2 -3 
-7 16 -4 -4 -4 1 -4 0 
0 -5 11 2 1 0 2 0 
14 -22 -17 -4 -2 -4 -8 -5 
20 14 8 6 2 1 4 0 
9 -8 -12 -2 -2 -1 6 4 
-14 -26 7 -5 -4 0 -27 -23 
14 -4 0 3 1 2 3 4 
1 -10 -7 6 0 0 -5 -5 
11 24 8 -7 -3 1 26 -5 
7 -7 -1 -1 -1 -4 -22 -2 
0 -32 -10 -11 -3 0 -3 7 
-12 13 -2 4 -1 -4 -2 -12 
-15 -16 2 5 3 2 4 -11 
-7 -12 -7 -7 -4 -3 12 0 
-24 44 0 11 -1 -2 -11 -2 
-6 56 -4 -25 -3 3 7 7 
11 0 -4 0 -4 -3 -6 -7 
-3 11 -11 -7 1 -1 6 11 
26 -21 -8 0 -4 -2 -2 -3 
-20 -4 19 18 -7 -5 -3 3 
-11 0 -9 -5 6 0 -7 6 
3 3 -25 14 -2 0 3 -4 
14 -10 9 -10 -4 -4 -1 0 
-14 -28 2 -16 3 1 2 0 
24 82 54 17 -2 -1 -4 6 
-9 -28 -28 -10 -3 -2 1 -1 
0 -5 22 18 0 -2 2 -6 
-1 -24 -22 -16 -7 -3 -4 -3 
-23 -27 -1 -29 -6 -5 -2 0 
8 -10 22 3 3 5 4 14 
-24 1 -21 12 -6 -6 -3 -1 
-3 -10 -2 25 2 2 -3 -10 
13 -3 -19 -10 2 -1 -2 13 
-2 12 25 -23 -3 -2 1 -14 
-16 -17 -15 13 3 4 -3 -1 
16 17 12 0 -2 0 5 6 
8 -16 -30 -2 -2 -4 -14 -2 
3 17 13 14 -1 1 7 -1 
1 -14 3 -15 0 -2 1 -2 
-35 -14 9 8 -3 -4 -4 -15 
-19 -16 -22 -11 -4 -3 -1 -9 
26 -5 -6 -5 -3 0 2 8 
10 12 -13 -11 0 1 -4 -17 
4 3 8 -1 -2 -3 7 2 
-5 -44 8 23 2 -1 -20 6 
-26 -7 -24 -24 -4 0 4 -36 
0 11 42 10 5 5 6 -1 
12 -2 -67 -10 0 2 8 9 
-9 5 23 10 -1 -1 4 2 
22 8 8 5 3 -4 -8 10 
7 -4 12 -22 -6 -1 -1 1 
27 8 34 5 0 -4 -10 7 
10 4 21 3 -2 -2 -6 -37 
3 -21 -39 4 0 -1 -3 11 
-15 5 -14 1 -1 -4 17 -11 
-27 -5 8 5 5 2 4 45 
9 -6 18 -1 -3 -1 -3 -68 
-18 16 11 13 -1 -6 -10 8 
-4 -11 -45 -34 -7 -4 -20 7 
-6 -8 7 -3 -4 -3 4 -10 
13 -22 -52 -9 -2 1 7 37 
30 4 31 17 -1 -2 10 0 
-56 6 18 11 2 2 -11 3 
1 -10 12 8 -3 -1 -11 -14 
-14 -14 -8 -31 -3 0 8 12 
-9 30 3 -5 -4 -3 -4 -11 
7 2 10 3 4 2 9 19 
25 1 -54 -16 -7 -5 -10 -19 
-12 13 35 3 3 1 2 5 
-16 -27 -52 12 -2 0 0 -1 
27 8 9 -21 0 -1 1 0 
-7 -13 5 33 6 3 -5 -10 
-10 -8 -19 -37 -7 -4 5 3 
-5 -7 42 -10 7 3 -5 6 
0 -20 -11 23 5 2 2 3 
-5 -6 -41 6 -9 -5 -5 -7 
7 12 16 41 0 0 2 13 
-1 9 44 -37 3 3 5 3 
-5 -11 -46 -22 -14 -9 -10 -8 
-4 26 25 1 2 1 3 -2 
16 43 3 45 2 0 0 6 
-1 3 -4 -5 2 -1 -2 -3 
21 1 -5 10 0 3 4 2 
6 -10 10 3 2 1 1 -3 
-36 -19 -8 -44 -7 -2 5 5 
-28 -8 -11 7 -6 -3 -4 -9 
4 20 4 5 -1 -2 -3 7 
8 -5 27 12 4 4 -3 6 
0 -15 -25 -4 1 -1 -1 -19 
9 -10 -13 -5 -2 -2 -8 2 
-18 -34 9 -3 -7 -4 16 -8 
-23 2 9 -8 -1 -1 -16 -8 
32 6 11 14 4 2 4 16 
-5 7 4 1 -4 -2 5 -3 
-11 -3 1 7 -2 -2 -6 -21 
18 -42 -5 -16 0 -2 6 11 
-1 11 1 8 2 2 -15 4 
30 -4 16 9 -1 1 9 9 
-15 11 -19 -2 0 -1 -8 -15 
19 -12 -9 -7 -3 -3 10 -6 
-13 0 -10 -9 -2 -3 -17 7 
-18 -15 0 3 -4 -5 18 -7 
39 8 14 -3 0 2 -39 7 
-57 15 0 -7 0 4 9 -6 
12 -9 -11 6 0 -2 -1 -8 
9 12 -9 -8 -3 1 -5 -6 
-22 10 17 12 1 -4 10 32 
30 -8 -27 -22 -4 -2 -9 1 
2 16 12 -8 -5 -4 5 2 
-38 -18 -17 10 3 -2 -12 -20 
13 -36 18 17 -1 -5 7 15 
-33 5 16 -33 -3 -2 -6 -4 
-15 -11 -1 10 -1 3 10 0 
1 -8 -21 7 -3 -4 -12 -1 
-3 -7 -17 -14 -3 0 0 -10 
11 4 20 17 2 -2 0 -2 
-3 -6 8 -7 1 0 -1 -11 
-1 -19 -15 27 -6 -6 -2 5 
-25 25 19 -30 1 7 4 -13 
14 -23 7 5 3 -2 -6 1 
-1 -36 -2 29 7 2 4 -34 
-4 14 4 -48 -13 -2 -5 3 
-9 3 29 11 -3 -2 5 -12 
-1 -23 -22 13 1 -1 -1 7 
-9 -28 -1 -21 -9 -10 -10 -2 
23 17 26 5 7 5 4 11 
-55 -32 -63 -34 -6 -5 -2 -12 
21 46 50 19 -2 -3 -10 -24 
-5 -13 -33 10 -5 2 5 25 
10 -11 33 10 1 -3 -5 7 
29 36 6 -12 -1 2 -5 9 
-26 -5 -32 -10 -4 -4 -4 -11 
28 5 4 13 2 0 4 13 
-10 -12 -18 -16 -4 -2 -2 8 
14 3 -15 13 0 0 -13 -2 
11 -1 -16 19 3 -1 14 10 
-19 10 2 -57 -5 -1 -12 -29 
-4 1 5 12 2 5 8 7 
32 -16 -8 8 2 -4 2 2 
3 12 0 -8 -5 1 1 -4 
14 19 3 14 0 -3 -22 17 
-45 -15 -13 -4 -1 1 3 -12 
1 9 14 33 0 -3 5 0 
-1 0 -29 -50 -3 2 2 2 
-1 7 35 25 -4 -3 19 18 
18 0 -43 -16 2 -1 -26 -10 
12 -8 -4 6 -1 2 8 -8 
-14 4 20 7 -1 -3 -3 1 
5 -3 -5 -1 -1 -2 -3 -10 
11 6 13 6 4 0 6 10 
-20 -1 -1 -12 -1 -1 -6 -1 
-5 -26 0 12 -1 -2 1 7 
-7 51 10 -5 0 -2 0 -2 
2 8 -24 -33 -8 -1 -1 -6 
-14 -37 -11 -9 -3 0 1 1 
-6 10 -14 -13 0 -2 -7 -7 
0 3 -6 -1 0 0 3 8 
12 25 36 10 1 -3 2 2 
-24 -18 3 -14 -3 0 4 1 
17 -3 -15 40 0 -4 4 -10 
-54 -10 -36 -26 -3 0 -2 -5 
18 -17 -19 -16 -1 -2 7 29 
10 38 6 4 -2 -6 -2 -1 
3 -4 41 11 3 2 -2 6 
22 0 -30 7 4 2 1 4 
-47 -13 -9 -9 -4 -3 -1 -19 
15 0 4 6 0 0 4 7 
-3 -2 -8 -12 -2 -2 -1 -3 
13 57 25 -1 2 0 -2 12 
-8 -6 19 15 -1 -2 1 -21 
15 3 -11 -10 3 0 -12 -8 
7 4 14 3 -1 -3 4 -2 
2 -25 -25 3 -1 0 0 -10 
2 -10 14 4 0 1 -2 -6 
-4 5 -14 -11 -9 -5 3 -5 
1 6 -9 -7 2 0 -3 1 
-5 -25 16 8 1 -2 -5 -6 
-6 6 33 26 4 1 1 -5 
19 -2 -37 -5 -4 -1 -1 -1 
-48 -3 16 -23 -6 -6 -9 0 
1 -36 -18 5 -4 -2 2 -8 
11 -2 3 -40 1 3 1 4 
8 7 31 15 4 -2 0 0 
-3 1 -14 3 -2 1 -1 2 
5 -4 0 -12 -1 3 0 -7 
1 -19 17 27 0 0 3 0 
13 39 -7 -16 0 0 -6 38 
13 18 -19 -4 -7 -1 1 14 
-20 -7 -25 11 -5 -8 -11 -6 
-6 -32 -7 -5 -6 -4 -8 1 
-7 -12 15 -8 -1 -1 10 -2 
1 -5 -5 1 -1 2 -4 -7 
5 19 4 2 0 -1 4 2 
25 28 -4 4 -2 -4 -6 -1 
-43 -15 8 22 0 0 4 -14 
-10 -5 -45 -44 -6 -4 -1 6 
28 4 11 -5 0 -2 -1 -3 
-25 8 -5 5 -1 -4 2 -11 
-2 -31 14 1 -3 0 -4 -8 
15 -8 -7 -3 2 1 -3 -8 
-6 -6 12 1 -1 0 4 10 
-5 10 -34 -21 -1 -3 -8 -21 
2 6 19 30 3 0 -2 -2 
-13 -3 17 -3 -3 -3 -3 5 
0 -5 -12 -24 -5 -4 -4 1 
6 13 42 21 4 -1 -1 7 
-9 -1 -55 27 3 0 -2 -14 
21 -16 -7 -30 -8 -4 -4 1 
-7 -22 20 -5 -1 0 1 -7 
-15 -33 -5 12 -2 0 -3 -2 
2 3 9 -7 -4 -2 -1 2 
-4 13 15 16 1 0 -1 -4 
-1 0 -7 16 -6 -5 -10 -5 
5 -2 -6 -22 -2 -2 1 1 
-3 -5 5 -19 -3 1 -1 -4 
-5 -11 -23 -7 -3 -2 0 -8 
-5 0 4 1 2 0 3 -2 
13 -2 -13 10 3 2 -3 0 
-15 6 -1 -2 -4 -5 -4 -3 
2 8 -4 3 -2 0 4 -3 
3 4 -6 -5 -1 -1 2 5 
-6 5 -8 8 -1 -4 -12 1 
-1 4 13 -9 -4 -3 -4 -9 
-1 -6 5 15 4 0 -2 -1 
-3 5 -8 -16 -3 -3 -2 -6 
2 3 -13 3 -3 -2 1 2 
6 0 -11 -13 -1 -1 0 5 
-12 -7 13 15 0 -2 -4 -8 
-10 -6 12 30 5 2 3 -6 
-3 3 -18 -44 -8 -5 -3 -4 
-6 -3 8 11 2 -1 5 6 
16 -2 -7 -9 -2 -1 -7 -9 
2 1 3 13 4 2 1 6 
-8 -4 -15 3 -1 0 1 -4 
15 -2 -1 -2 -2 0 1 5 
-2 8 8 0 -2 -4 -3 -9 
-32 -23 1 -22 -2 0 -5 -7 
0 22 12 14 3 3 3 -6 
14 8 6 -20 -1 -1 1 9 
8 -1 3 7 0 2 1 4 
6 6 -11 3 -1 -4 -5 -1 
31 27 -9 -6 -5 -1 -5 6 
-25 -5 -9 3 -1 -1 2 3 
-19 1 15 3 3 3 10 -26 
36 3 -13 -5 -2 -3 -17 14 
12 -7 7 -1 -1 -1 4 0 
-41 -8 9 4 -4 -6 -8 -2 
-4 0 -8 5 0 -1 2 5 
-7 -2 5 -14 -3 1 4 -1 
-4 7 -22 -3 -2 -4 -2 -4 
17 -4 1 -4 1 2 -1 5 
-13 -4 11 2 -4 -3 -3 -7 
-11 -1 -2 -2 -3 -2 -1 0 
-4 14 12 8 0 -3 -5 0 
18 1 -20 -13 -2 1 -1 -9 
9 4 -5 12 3 0 -2 17 
1 7 -39 -22 -6 -3 0 -8 
-10 -35 7 12 -1 -4 0 0 
1 1 -3 -31 -2 -2 -2 -6 
13 20 8 -5 -1 -2 -1 8 
-46 -3 16 9 3 1 -1 -12 
2 -14 -5 -8 -6 -3 -2 4 
14 -4 -5 11 -1 -2 -1 -2 
5 -29 1 -6 -1 -2 -3 6 
4 2 9 -15 -3 0 8 -4 
-4 6 6 3 1 1 2 1 
9 -3 -3 17 -1 -1 -3 -5 
2 -5 -6 -15 -5 -2 -4 6 
2 -14 9 19 4 3 6 -5 
-12 2 5 -8 -3 -3 -3 -1 
14 1 -12 -5 -1 -1 1 10 
-24 -11 1 -1 -5 -7 -7 -13 
2 7 22 3 3 -2 2 1 
-1 -5 11 -2 -3 -1 1 -1 
-9 1 -24 2 2 -1 -6 -3 
-2 -1 3 -10 -4 -2 13 -5 
-3 1 2 10 2 0 -17 4 
-14 -3 -24 -14 -6 -3 2 -4 
9 -2 22 10 -1 -3 -6 4 
-3 1 23 4 3 1 -1 -5 
-1 -3 -39 -5 -4 -4 1 0 
-3 -2 52 17 6 5 -2 -13 
-4 -3 -27 -14 -5 -1 -1 -1 
-3 2 -2 -7 -4 -3 -4 5 
14 7 13 -5 0 -4 -1 2 
-5 10 -4 3 -3 -3 -3 -3 
-1 -9 28 8 0 -2 1 -7 
2 0 -22 -10 -1 1 -4 -10 
-5 -5 -8 -2 -5 -2 -4 -12 
-7 -4 1 15 4 2 4 2 
8 1 7 -18 -2 -2 -2 -6 
-19 -23 -3 13 0 0 -1 -1 
0 13 -9 2 -2 0 4 1 
15 -7 -3 -9 -2 -3 -3 -1 
-37 -5 -11 -5 -2 -1 0 1 
20 3 -15 -5 1 -1 -6 -6 
-9 -8 -5 -8 0 0 1 1 
10 1 -7 19 1 -2 -2 9 
-4 1 1 -5 -2 2 2 -6 
2 2 -13 -19 -3 0 -5 7 
8 -3 13 7 -1 0 1 -2 
1 2 -29 -10 -1 -4 -6 -4 
16 39 4 3 -2 0 10 9 
-35 1 30 19 3 1 -3 -21 
10 -6 -33 -27 -6 -3 4 0 
-13 -12 -3 -4 0 -1 -9 -1 
-12 -15 4 6 -1 -3 -2 -5 
10 3 -10 3 0 -2 -2 9 
9 -1 18 7 -1 -1 -1 2 
3 10 13 -13 -4 -1 4 7 
3 5 15 11 1 -2 -2 9 
-4 -2 -35 6 0 -1 -1 -16 
14 -14 5 -10 -1 0 0 -2 
-11 -1 -12 -6 -1 -1 1 -2 
-1 -15 7 4 -1 -1 -4 -10 
9 11 24 8 -2 -4 2 9 
1 3 -16 -9 0 -1 1 1 
-2 -18 0 5 0 2 0 -3 
-9 -1 -9 -10 -3 -4 -2 -8 
-4 0 4 2 -1 -1 -2 1 
-2 3 -8 -6 -5 -3 -5 -6 
-7 -1 -3 -4 -3 -3 1 -13 
-4 -5 -2 0 2 0 -8 -8 
11 1 8 1 0 -1 2 12 
-3 3 22 5 0 2 -1 4 
-7 8 -3 -4 -4 -1 4 3 
10 -3 9 3 -5 0 -5 -9 
7 -9 -23 0 1 -1 -1 6 
-2 6 13 -4 2 -1 0 3 
0 -2 -8 0 -3 -1 1 -3 
-8 -5 -19 -6 -2 1 2 3 
-5 1 4 -2 -4 -3 -4 -1 
6 -3 3 8 -1 -1 -1 -1 
-29 -5 4 5 1 -3 -3 2 
3 5 7 -8 -3 -1 -2 -3 
2 -18 9 2 1 2 3 1 
-4 0 -46 -7 -4 -2 4 0 
13 5 28 0 0 -2 -16 -4 
-5 -8 0 14 1 -4 2 2 
3 -4 -32 -14 -4 -4 -3 -2 
-3 37 17 6 -1 1 -1 -2 
6 -4 -6 -6 -4 -1 2 -1 
1 -16 2 10 2 2 -2 4 
-5 11 -20 -15 -1 2 1 0 
0 -8 -9 5 -1 -3 -2 1 
-2 0 -8 -4 -3 -3 0 -2 
3 -1 6 4 -1 -1 -2 0 
-3 9 12 -1 1 -2 1 -7 
-15 -13 -23 -4 -1 1 -1 -12 
6 4 -6 4 0 -2 -1 0 
0 4 -20 -15 -2 -4 -2 -2 
-1 -4 -3 13 -2 -4 -5 8 
32 -3 17 2 -3 0 1 6 
-11 1 9 -8 1 3 -3 0 
-6 -14 18 14 2 0 0 -2 
-7 -15 -7 -17 -3 -2 1 0 
-1 3 6 5 1 0 -3 1 
2 -5 -9 7 -4 -3 -1 -2 
-3 6 0 -11 1 1 1 -1 
7 0 7 -5 -5 -2 -4 -3 
-13 -9 11 -2 -2 -2 -5 -3 
4 -7 -7 -3 0 0 1 -2 
-3 5 -1 0 0 -1 0 1 
4 6 11 5 -1 -1 2 1 
-11 -6 -16 2 -1 -3 3 -2 
7 0 -4 1 -1 -3 -13 7 
-6 -1 -45 -15 -4 -2 0 -13 
7 -5 10 5 3 2 1 -9 
6 3 18 4 1 -1 0 8 
-4 -3 3 -8 -5 -6 -3 1 
7 -3 -8 1 -3 0 1 1 
-6 7 13 -12 -2 -2 -5 2 
-3 -12 -15 4 2 0 -2 2 
2 19 -13 6 -1 -2 2 -6 
1 5 -7 -17 -5 -4 -6 -3 
-13 -18 -7 6 -4 -5 -2 3 
-27 1 30 1 -3 0 -6 -4 
-7 -13 -8 -3 -2 -1 3 -5 
4 -1 2 0 0 -2 -3 1 
3 7 3 2 1 2 2 0 
2 -1 9 0 2 -2 -2 -5 
-1 -4 4 1 0 0 2 3 
-4 -9 1 9 0 -1 0 7 
-11 4 -23 -13 -5 -1 2 -5 
26 0 -25 -17 -7 -4 -6 -6 
-8 2 25 -8 1 1 4 7 
-4 -3 -2 1 -1 -3 -3 -16 
-3 -1 19 5 0 1 -2 4 
-3 -9 -12 -3 1 0 0 1 
9 -3 0 -4 -3 -2 2 -4 
-1 10 14 4 -1 0 -2 7 
-1 0 -37 -3 0 0 2 -8 
-2 4 7 7 1 0 -1 4 
3 -7 -10 -2 -4 -1 2 -2 
-5 -2 6 1 -4 -2 -5 0 
4 6 8 2 2 -2 -2 -4 
-35 -8 -1 5 1 0 -1 -6 
-10 -4 6 -1 -1 0 -3 4 
0 -9 -53 -7 -2 -1 6 -5 
0 -8 18 -2 -1 1 -4 0 
6 0 -5 -8 -3 -2 -4 1 
0 -1 16 0 -1 -3 -4 -10 
-9 3 22 8 0 0 -2 2 
11 -5 -23 14 0 -1 -2 8 
2 2 7 -9 3 -2 -1 -13 
-23 -2 -11 7 0 0 -1 -6 
0 -12 11 -12 -6 -4 -5 0 
-3 3 -5 1 0 -3 -3 -1 
3 2 14 1 -2 -2 1 3 
5 -3 -23 -2 0 1 3 -1 
4 3 -4 2 -1 -1 -1 -2 
-5 9 22 3 -2 0 0 -1 
-4 6 5 6 -2 0 5 -2 
17 3 -45 -16 -5 -5 -4 15 
-7 2 19 -10 -1 -1 0 -10 
2 -2 -1 -2 -4 -5 -5 -8 
3 7 6 0 0 1 0 5 
-2 -6 -3 9 -2 -3 0 -5 
-7 -9 6 -7 0 0 2 5 
3 6 -6 -3 -1 -2 0 0 
-5 -6 -14 -2 -1 -4 -1 0 
5 -1 19 7 -1 -3 -6 11 
17 2 -15 0 0 1 0 -7 
-56 -21 1 -10 -2 1 0 -9 
2 0 6 7 0 1 1 -1 
1 0 -19 -9 -2 -2 -1 -4 
2 3 11 3 -2 -3 -2 4 
