#EMG
#9
#ID:9-0
5 2 0 -7 -1 -1 -2 1 
-7 -9 -21 -4 -3 -1 -2 3 
-2 8 -4 -2 -2 -2 -4 -11 
-3 -4 7 4 2 -2 -1 4 
9 -4 -10 -8 -2 0 1 0 
2 -1 21 8 0 0 -1 4 
-16 12 -19 -15 -1 -1 0 -5 
41 -5 -9 -1 0 -3 -1 3 
-83 2 10 0 -2 -2 -5 -26 
-25 -8 -5 -6 -1 -2 -2 -9 
4 13 12 2 2 0 1 0 
-2 -22 -18 -5 -4 -3 1 -3 
-7 36 9 -5 -3 0 -1 -19 
43 -8 5 5 -2 -3 2 2 
-80 -6 -8 -11 1 -1 -7 -9 
-2 -4 -14 35 -1 -4 -10 -1 
31 -16 -2 -19 -4 -1 0 18 
-69 -2 5 -4 -1 -1 3 -43 
33 -13 11 10 1 1 6 2 
-1 5 17 0 0 1 -6 -1 
17 -3 -17 8 0 0 -1 8 
7 1 -7 0 -2 -2 -3 -1 
44 -5 0 4 -4 -5 -4 13 
-33 -8 -15 -19 -6 -2 0 -23 
5 -5 2 2 2 1 6 5 
11 -5 -8 -20 -2 -1 -8 6 
4 -15 -8 6 1 -1 -2 -1 
-25 -4 19 -7 2 -1 2 5 
16 8 -22 10 -3 -4 -5 0 
15 4 4 -24 -2 1 1 7 
-22 -12 -5 6 -2 -2 -3 -2 
17 11 14 -6 -1 -2 -2 -5 
5 -2 -5 0 0 0 2 2 
21 0 10 20 2 0 -3 -3 
6 26 -3 -13 -3 0 1 -2 
2 4 -17 -7 -4 0 2 -1 
-4 -4 0 -9 -2 -1 -1 3 
19 -4 -3 4 1 0 -1 0 
-8 0 12 3 0 2 -1 -11 
-8 1 -7 4 1 -2 0 -3 
3 -3 6 -5 -5 -2 3 1 
-1 10 2 6 0 2 -7 8 
-15 -3 -12 23 4 5 1 1 
-8 -11 -1 -19 -3 -1 1 0 
19 6 30 5 -5 -4 -4 -12 
-8 -1 -28 -8 -4 -4 3 6 
10 0 7 4 -1 -2 -5 -3 
16 19 0 4 1 1 -2 4 
4 -15 -10 -5 4 1 8 6 
-4 36 18 16 -4 -2 0 1 
-8 -5 -21 -12 -4 -1 -2 -20 
14 -4 -1 -9 0 1 0 7 
-12 -39 -7 -7 -1 -1 -5 -3 
-7 -4 1 4 3 0 -1 1 
28 12 8 0 -2 -2 -1 16 
-22 -4 2 -10 -2 -2 2 -15 
9 -1 1 9 1 -1 -4 6 
-5 -27 3 -5 -1 -3 0 10 
-14 -7 1 -9 -4 -4 4 -3 
14 4 -4 31 0 0 -7 8 
4 9 -6 -25 -3 -2 -2 0 
-15 -15 -6 1 0 2 0 -4 
24 4 -2 -3 -3 -2 2 6 
-66 24 27 -2 0 1 0 -17 
3 9 -10 6 2 -1 -2 2 
-3 -11 -6 0 -1 -1 -1 2 
10 -2 -4 -7 -1 -1 0 2 
-4 2 2 6 0 -1 -7 10 
-13 6 20 -9 -6 -1 -1 -4 
12 47 -3 -6 -1 -1 -3 0 
-1 -4 11 0 4 1 -3 0 
24 -37 -19 6 -3 -5 7 -6 
-18 14 -7 -10 -1 -1 -1 -6 
18 -3 5 -6 -4 -3 -2 5 
3 0 6 -1 -2 -1 -4 6 
8 -1 -11 -4 -4 2 3 6 
-13 -20 -6 1 -1 -2 -1 -27 
-20 -9 0 2 0 -1 -2 -7 
2 -1 -4 0 -2 1 -1 6 
11 10 8 -17 -1 -1 2 -1 
-17 -12 -5 5 0 0 4 2 
27 45 -7 8 -1 -2 1 5 
-30 -8 8 -7 2 -1 -5 -9 
-8 -2 24 17 1 0 -1 3 
6 -3 -22 -18 -4 -2 -7 -2 
7 -30 -23 -8 -4 -2 0 9 
15 15 3 35 -1 -1 4 -24 
4 -4 -11 -35 -7 -3 -10 4 
-14 6 25 18 0 0 2 11 
-5 -35 -8 1 0 1 -1 -2 
-25 2 5 -10 -4 -1 -1 -5 
43 -6 -27 6 2 -4 4 18 
17 3 24 -2 -4 -3 -3 -4 
-6 -15 -10 -2 -3 -3 2 -4 
-1 37 19 2 2 0 -11 8 
-22 -2 17 7 -2 0 -10 -27 
22 -4 -46 -3 -2 -2 -3 13 
-12 -9 -10 -3 2 2 3 -11 
-1 -50 18 -4 -5 -7 -7 3 
19 26 -16 -12 -3 1 9 0 
9 -2 -21 2 -4 -6 -18 12 
-18 -11 6 13 3 2 0 -11 
-5 -5 10 -4 -1 0 4 0 
10 5 13 3 -2 -2 2 8 
-24 -16 6 5 1 1 1 -10 
9 11 -14 -21 -5 -3 -4 6 
-16 -15 -19 -1 0 -2 6 1 
-19 -4 17 -21 -1 -1 -4 -4 
-11 17 14 17 6 4 10 5 
23 0 -5 -15 -5 -5 -15 -10 
20 13 -8 -3 -1 -1 -1 4 
10 4 -26 2 -1 -2 -2 0 
-25 -10 20 2 -4 0 9 0 
-5 -6 -14 0 0 1 -6 4 
-15 3 -7 1 0 0 6 -11 
-6 -13 3 4 -4 -4 -19 -2 
37 0 -8 -8 2 -2 -2 0 
-58 4 20 3 0 -1 1 -6 
11 -2 -13 -7 -5 -2 -2 7 
-1 37 11 6 3 0 1 -15 
5 -11 -12 0 2 0 -5 0 
17 -20 -7 -1 -3 -1 3 5 
-28 -2 -12 -6 0 -3 1 7 
14 -34 13 -19 -2 -1 -10 -2 
14 -1 -5 5 -1 0 0 7 
-20 12 26 14 1 -2 1 -25 
33 5 -13 -24 -6 -2 -5 5 
-26 -36 -20 2 2 0 4 5 
1 7 -10 -6 -2 -2 -5 -3 
-2 -3 50 14 -2 -2 4 2 
14 18 -35 1 1 1 0 -1 
-19 -6 8 0 -1 -2 3 -6 
-3 13 -8 -4 0 -1 -7 -22 
12 10 -6 -3 1 1 2 11 
8 -6 47 14 -1 -1 2 12 
6 12 -20 -2 -3 -4 -20 -14 
-36 -5 -27 -4 -3 -2 13 -5 
48 -4 -5 -5 -3 -6 -6 6 
-34 -16 18 -3 0 2 -11 1 
23 5 14 15 1 0 15 10 
-5 17 18 5 0 1 -3 7 
-12 -15 -36 -16 -7 -4 1 -9 
-28 3 -8 -2 3 0 4 -13 
6 7 10 6 -1 -2 1 14 
-4 -6 3 -21 -2 -2 -7 -5 
2 14 -31 -2 0 2 3 -4 
18 -20 -11 2 -1 -3 4 5 
-29 -11 -1 3 1 1 -2 -5 
-13 -2 -8 -6 -2 -4 -14 2 
8 0 6 10 0 0 5 9 
2 -19 -18 -19 -4 -1 -1 -18 
-10 8 -3 4 -3 -4 8 -6 
23 -9 31 22 -3 -2 -9 4 
-23 13 -5 -22 1 1 5 5 
-3 -9 17 8 2 1 -15 -16 
45 -17 -30 0 -1 1 7 26 
-39 10 5 5 -7 -5 -10 -24 
10 17 28 0 -1 -5 -6 -21 
-6 0 -10 -4 -3 -1 -4 -7 
-51 -6 1 -8 0 1 15 1 
47 -9 -28 -2 -2 -1 -10 11 
0 -16 7 11 0 0 -2 -14 
30 45 -3 -4 -2 -1 -2 -3 
-23 -10 1 8 0 0 -8 -17 
15 -17 37 -10 1 0 24 13 
-1 2 -28 -7 0 -2 -26 9 
-27 -27 -3 14 -2 0 21 -8 
13 18 18 -14 -4 0 -4 1 
41 18 -52 1 -1 -2 -14 8 
-56 -6 15 3 0 -3 -12 -12 
-10 -4 12 -19 -4 -3 4 -17 
10 4 -19 21 2 1 18 4 
-23 -1 15 -12 -4 -4 -9 -16 
14 -28 19 21 -1 -1 9 4 
26 -18 -32 -16 -4 -2 -7 15 
-12 16 -6 -2 1 1 -1 -15 
-16 -6 -11 -1 0 -2 10 -6 
39 14 6 9 0 0 22 13 
-23 -22 4 3 -4 -3 -43 2 
18 -4 -23 -26 -6 -4 -5 11 
-8 -5 7 41 3 -1 -4 -17 
0 -4 0 -31 -5 0 7 10 
-10 5 7 13 3 2 19 6 
9 9 -9 -5 -4 -3 -14 9 
12 -5 -15 -3 -2 -2 11 2 
-28 -13 -7 -2 0 1 -17 -4 
19 7 -13 5 -4 -6 -1 -9 
16 15 -5 -4 1 0 -1 31 
0 21 21 -1 0 -3 -3 -22 
-7 -13 -5 -11 -4 0 8 -36 
-28 -3 -1 -3 1 -2 -8 5 
-4 -53 15 23 1 -4 -9 -2 
-2 19 6 -30 0 4 7 5 
17 43 -11 -7 1 -2 2 16 
-15 -9 -2 6 -2 -2 -2 -53 
-23 -20 18 10 1 -2 2 -20 
19 11 -4 -1 2 1 2 8 
13 -9 -4 -7 -8 -5 -4 9 
-12 -3 -5 -13 2 3 6 20 
10 4 19 5 1 2 0 -12 
-16 -40 -39 -8 -10 -10 -8 -17 
-23 14 22 21 1 -1 -1 -5 
0 -13 -18 6 6 1 5 31 
15 -1 6 -25 -4 1 -6 -7 
-7 -16 -26 -20 -8 -5 -4 12 
-25 -13 7 3 -3 -4 -8 2 
8 43 43 24 -2 -2 -2 -38 
-8 15 -36 -9 4 2 4 -7 
2 -15 64 43 9 1 3 1 
15 6 -49 3 -1 4 0 12 
4 -8 5 -29 -14 -4 1 -1 
-6 -17 -26 29 3 -1 1 8 
-5 59 47 -6 -7 -2 0 -2 
-10 -39 -40 -18 3 4 2 13 
13 24 100 -4 3 -2 -9 7 
20 -2 -46 -56 2 2 -2 -18 
6 -52 -28 15 -7 -6 -4 9 
-59 19 -3 16 4 0 0 1 
9 -5 -22 -58 -4 -1 3 13 
17 60 71 44 1 -1 -8 9 
9 0 -25 -26 0 2 2 1 
21 -2 15 -11 -3 -1 -8 -27 
-47 9 -20 26 2 2 21 19 
56 13 66 30 -2 -9 -24 5 
-43 -5 -11 -10 2 6 3 -6 
-58 0 8 -40 -7 0 15 4 
42 13 -2 22 5 -1 -24 12 
-64 -41 -59 -23 -9 -1 7 7 
54 31 21 16 2 1 0 17 
55 -14 13 22 1 -3 -11 -6 
8 -15 -24 -21 -6 -3 7 -4 
15 -9 9 -25 2 1 8 -14 
0 -15 -15 -7 0 -2 -15 -6 
26 -1 28 43 -1 -2 5 -3 
-8 2 -17 3 1 -1 -3 -5 
-15 7 28 3 -3 1 -12 4 
-31 -20 -38 -11 -2 -2 16 -25 
40 2 17 10 6 1 -9 -4 
-22 -5 1 7 -6 -3 -2 14 
0 29 2 -8 -1 1 13 -5 
-9 -1 4 1 0 0 -8 3 
-26 -17 -9 -18 -7 -3 -2 10 
2 22 -16 43 2 0 -2 -11 
-46 -29 -7 -22 -3 -1 1 -6 
62 -5 12 4 1 -3 -8 -7 
-18 24 -10 2 -2 -2 2 40 
20 -14 -13 -14 -4 -1 6 10 
-1 2 4 21 2 1 -2 -9 
-6 21 1 -4 0 0 0 7 
-1 -9 8 4 1 -1 -1 -6 
16 -18 9 1 2 0 0 -7 
-10 4 -49 -12 -5 -6 -6 6 
-21 -30 -2 10 -2 -2 6 40 
-16 -22 13 -61 1 -2 -15 -23 
-13 -20 -53 0 2 0 1 2 
11 -40 12 -10 -10 -5 -6 -17 
-21 8 17 -1 2 3 14 29 
3 8 -27 16 2 1 -4 -17 
14 17 13 12 0 1 -2 -1 
-6 -36 -12 -12 0 -2 3 25 
-26 0 -4 52 -1 -3 -6 -14 
19 6 -3 -42 -11 -1 7 0 
-13 -25 11 -44 -5 1 -3 -20 
8 62 -12 22 3 1 10 21 
-11 17 8 6 1 -1 -9 -8 
1 -24 -8 32 2 -8 -8 -31 
2 -25 2 12 -7 -2 -2 9 
-14 1 -10 -18 3 0 -3 -6 
5 -3 13 -29 0 -3 -3 -5 
5 30 5 -6 -4 5 2 16 
2 20 -27 -6 4 -4 -3 -4 
4 -3 30 -28 -6 1 3 80 
-5 -2 -35 -1 -1 -4 -4 -34 
-10 -29 -7 -5 0 0 0 -40 
5 -9 9 16 4 -2 0 -9 
22 13 1 19 4 0 4 23 
-11 -9 -8 -19 -6 -3 -5 13 
19 22 3 8 1 1 15 29 
-2 11 2 -1 0 1 -1 -58 
-3 -9 -2 8 0 -1 -6 -29 
-9 -32 -7 -26 1 -1 -1 -4 
-9 1 15 6 -1 -2 -6 31 
-3 -5 -31 12 1 -1 5 -19 
-27 -15 52 -5 -6 -2 -5 -36 
12 -9 -32 -6 -2 -4 1 -9 
2 7 5 -14 -3 -3 -3 13 
13 -2 33 39 3 -3 -11 32 
-42 -4 -61 -16 -9 -3 8 -9 
19 13 11 -8 1 3 4 39 
-17 -3 -9 10 -3 -4 -13 -48 
9 -21 11 11 -2 -4 1 24 
13 28 -45 -24 0 -1 3 -11 
-29 -2 12 -2 2 2 -6 7 
-2 22 8 25 3 2 11 -28 
-19 -7 38 -18 -6 -2 -4 -10 
0 -12 -49 11 1 -3 -6 -11 
48 9 5 4 -7 -5 4 7 
-51 -7 13 -16 1 -1 -8 16 
-26 -6 -50 -31 -7 -4 -18 -41 
26 -6 40 5 -2 -3 5 0 
-19 5 -7 -2 2 4 -1 -22 
24 1 2 6 0 -5 1 11 
3 12 28 -1 1 3 -1 40 
28 -6 28 9 -1 1 20 -1 
4 -43 -43 -1 -5 -5 -38 -24 
10 4 38 10 -2 -2 5 9 
18 -2 -50 -15 -1 1 12 31 
-41 15 8 -18 -4 -3 -5 -40 
17 -21 -21 7 2 5 -3 2 
5 9 -4 12 0 0 8 -2 
13 10 -1 -19 -2 -3 0 17 
22 -17 30 39 4 2 6 -3 
-17 24 -25 -36 -8 -5 -11 -20 
27 -13 -30 0 -1 2 15 16 
-66 -2 9 -36 -7 -5 -10 2 
38 32 6 2 2 0 -7 -18 
33 50 39 15 2 -1 13 32 
-46 -12 -15 1 -2 0 -10 -42 
22 -16 -46 -9 -9 -5 5 39 
-32 -31 -1 -12 -3 -6 -18 11 
-8 9 9 -9 -1 2 18 -16 
-6 8 -10 2 0 -2 -9 -8 
66 24 29 41 7 5 10 22 
-72 5 74 -1 4 1 -11 -25 
12 4 -78 -7 -7 -5 -8 4 
25 -18 26 15 4 2 -1 32 
-31 -2 -57 -22 -7 -6 -1 -62 
17 19 -38 -10 -1 1 3 17 
-15 -28 44 -6 -1 0 8 -15 
11 14 5 -6 3 -3 -14 3 
32 1 51 47 0 -2 -4 35 
12 -14 -36 -15 -5 -2 -3 7 
-18 1 -11 1 -1 -4 -7 14 
1 7 2 -7 -1 1 3 -2 
0 -47 -2 -3 -4 -4 1 14 
-2 5 25 25 6 1 8 -27 
-7 2 45 15 1 -1 -19 8 
7 1 5 -24 -6 -6 1 -20 
23 23 32 5 6 5 1 -23 
13 -50 -94 7 -8 -2 -3 24 
-41 -8 45 9 8 1 6 -41 
-5 -12 -11 -44 -15 -5 -6 8 
-6 -4 -48 -9 -3 2 13 -18 
14 6 11 -5 -4 -7 -35 9 
14 21 38 37 1 -1 -3 -16 
30 17 6 3 4 3 8 22 
-18 15 36 4 -1 1 -6 -26 
-17 -29 -32 -24 -10 -7 2 12 
3 11 18 -10 3 5 7 11 
-18 -5 7 9 0 -1 0 -15 
-3 -6 -48 -7 -7 -2 0 19 
-2 24 38 35 2 -1 3 -16 
2 -5 1 -36 -1 4 2 28 
-10 -18 -43 -31 -7 -5 -2 5 
-12 33 27 12 1 -9 -15 46 
-19 -14 2 14 1 2 -1 -6 
11 18 -16 -2 -5 -4 2 66 
-24 -22 24 6 -2 -5 -8 61 
-22 -9 -1 43 2 0 2 -25 
5 9 -40 -32 -5 -8 -14 36 
1 -11 -31 -43 1 -2 5 -3 
-3 -54 -16 13 -2 -2 -5 45 
0 -25 -32 -25 -7 -2 -4 -56 
-32 20 16 38 0 3 11 12 
-12 -14 5 -14 2 3 -1 -34 
16 10 -23 -30 0 -3 0 -11 
-4 3 31 -21 -1 0 2 -4 
31 5 9 12 2 5 12 -13 
-5 -9 -50 16 -6 -4 -14 -1 
4 13 16 10 0 0 -3 -27 
-11 -4 57 2 4 9 20 18 
12 1 -24 -20 -5 -9 -20 -31 
-14 -15 -11 -7 -6 -3 -5 10 
22 51 -1 -2 3 7 11 -13 
23 42 -36 0 4 -3 -11 -16 
-12 -26 -15 1 4 3 5 10 
-9 2 21 16 -8 -8 3 -39 
-20 -22 -43 -10 -6 -1 -6 -21 
-3 13 42 -2 -2 1 -4 5 
4 12 3 -4 -2 7 5 -2 
3 7 39 23 -5 -7 -1 -3 
-19 21 -25 -31 -2 3 10 -25 
8 -5 6 34 1 -6 -9 19 
-14 -32 -4 -13 -5 0 -4 -10 
-2 -17 -6 -20 -7 -5 -1 -18 
-4 18 -17 4 -3 -5 -4 10 
-12 -19 -39 -41 -5 1 1 -4 
-2 -18 25 38 5 -3 -4 -15 
6 36 21 -21 1 2 2 4 
14 -24 -7 15 0 -8 -10 -10 
-15 1 -36 -2 -4 -4 -4 5 
-4 15 31 -24 0 -3 -3 -48 
-14 -40 -43 28 -5 -2 3 0 
-2 10 18 -18 -4 0 -6 -8 
11 -23 9 37 4 -1 -4 15 
-22 -14 16 -24 -10 -3 -2 -9 
4 10 12 35 2 0 1 3 
6 -7 -25 11 0 -2 -5 -13 
-44 -14 6 -28 -7 -4 -2 -4 
17 10 12 -10 2 -2 3 10 
4 -15 -39 1 -1 2 -2 24 
6 -2 -6 -3 -3 -1 1 29 
-3 -34 7 -5 0 2 2 -15 
3 24 -6 -8 -1 -1 -8 24 
2 -18 27 31 3 -5 -3 29 
-1 -21 22 -12 -1 2 0 6 
7 -1 -12 -20 -4 -3 -6 -17 
-34 -2 -16 29 0 -1 3 15 
1 -2 0 -20 0 2 4 -15 
13 3 25 22 2 -1 -2 -19 
-1 -49 -29 -23 3 1 0 7 
19 -5 9 1 -5 -3 -8 -2 
-21 20 -16 -2 -6 -6 -2 -11 
-21 -6 -19 11 8 3 4 -15 
1 -6 18 -19 2 0 -1 -53 
25 10 6 4 1 1 4 15 
1 21 9 -8 1 3 1 -14 
16 18 11 21 -3 -3 1 51 
-13 -4 14 -7 0 -2 -1 6 
-8 -19 -84 -26 -5 -1 -2 -4 
3 -10 17 -11 3 -2 -3 -21 
-2 3 15 34 2 0 0 -3 
12 50 19 12 -1 -1 -1 13 
-10 -2 -16 -28 5 2 3 -17 
-11 -6 1 11 -1 0 4 4 
10 -7 1 1 -3 -1 -1 -22 
-2 24 -11 11 -1 -3 -5 6 
0 -1 34 -14 -2 -2 2 0 
-18 0 -42 -7 -7 -2 0 -35 
14 -31 -11 -6 1 -3 -8 0 
-48 4 5 -1 0 -3 -2 0 
-7 2 11 31 3 -2 -2 -6 
4 -23 9 -38 -5 -5 1 -4 
-8 11 3 6 0 3 4 -3 
12 -17 -20 0 -2 -2 -5 6 
22 -17 -4 -12 -2 -4 -2 0 
2 21 13 -25 1 -3 -10 4 
-28 11 -23 6 -2 0 -4 -11 
12 2 15 -15 -4 -1 1 1 
-5 -6 0 -4 -7 0 2 -9 
4 6 -3 16 1 -1 -7 2 
-6 -13 -18 -10 -2 -5 -5 5 
-6 0 1 -3 -3 1 2 6 
8 9 -4 5 2 -1 3 -5 
16 7 13 -3 -2 1 -4 20 
6 11 0 12 -2 -3 -5 -6 
-37 -5 -38 -36 -7 -4 5 -2 
-30 -4 8 -3 -2 -3 0 12 
9 0 12 9 1 1 4 -11 
-4 -13 2 -2 -1 1 -3 -2 
31 18 -9 20 2 -1 2 0 
13 7 -5 -11 -5 -3 -3 6 
-8 -10 -26 -15 1 2 2 1 
-4 -1 9 -7 -3 -4 -1 -6 
12 -3 7 25 -1 1 2 -6 
-2 28 1 -7 -1 -1 -5 -1 
18 4 -1 39 1 -1 5 -1 
-5 -40 13 -23 0 0 1 -4 
10 8 -13 18 2 2 -5 12 
-17 -20 8 -10 0 0 -3 -3 
-6 -9 4 3 -1 -4 3 4 
20 -12 -1 1 -1 0 -2 -7 
-39 2 0 -11 1 -2 0 0 
27 -1 -2 20 1 1 -1 8 
-32 2 2 -21 -1 -2 4 -18 
-8 2 -4 32 -1 -2 -3 -2 
31 -4 17 -33 -3 0 -2 1 
15 -8 -32 -14 -3 -3 -1 15 
-8 -5 5 3 -3 -4 -4 2 
-10 30 3 4 1 1 5 0 
2 9 -1 7 0 -3 -4 -15 
-20 -8 -4 6 -1 1 6 -9 
-1 1 -7 -21 -7 -5 -19 14 
2 13 1 2 -4 -5 6 6 
9 -6 -9 -12 -7 -1 -8 -12 
9 23 14 7 1 -1 -1 -8 
0 -7 8 8 2 2 2 -2 
-11 -9 -2 13 2 0 0 -1 
-1 0 5 0 -3 -4 0 -2 
1 -4 -5 -24 -5 -3 -3 -5 
-1 -11 -10 10 3 2 2 -5 
-38 15 9 -11 0 0 -6 -9 
-2 -6 -3 3 5 0 3 -15 
-3 -15 -8 3 1 -1 -3 6 
5 8 -2 1 3 3 4 5 
33 0 19 11 0 0 -2 13 
-49 -21 -19 14 2 -2 -2 -1 
18 1 -5 -32 -8 -2 -4 1 
27 2 -12 -7 -4 -4 3 -3 
-16 0 9 -3 -1 0 -7 -3 
15 3 7 5 -1 -3 -2 5 
-6 1 18 11 3 3 3 -1 
-2 -10 -9 11 -3 -1 -1 -3 
11 -11 -3 -23 -5 -2 3 -2 
-5 12 14 2 0 2 -2 -5 
2 2 -28 32 -1 -2 0 3 
-43 -24 4 -36 -4 -4 -5 -8 
-9 4 -7 -17 -5 -3 0 1 
5 13 29 0 -3 0 2 -4 
1 0 -19 11 6 1 -1 3 
3 -9 -16 -13 0 0 -3 0 
5 -2 3 -1 -2 -3 -1 -2 
5 -5 -4 10 2 1 2 7 
-2 3 14 0 -4 -7 -2 -3 
8 18 7 -1 2 2 0 2 
-8 -18 -19 -12 -3 -4 0 -10 
15 2 -8 -35 -5 -1 -5 7 
-12 -7 4 8 1 -1 -3 -16 
19 -14 0 6 -2 -1 2 9 
-13 4 4 1 1 2 3 4 
14 -6 -4 18 -2 1 3 2 
4 -7 -5 -24 -5 -5 -8 10 
-32 9 1 2 -3 -1 0 -8 
16 3 -5 24 1 -2 0 -2 
0 11 -14 -35 -5 -3 0 11 
-13 -36 8 -4 0 -1 0 -11 
13 3 10 24 -2 -4 -2 8 
-7 -1 10 9 4 2 -3 -6 
-6 8 16 6 -4 -3 2 -1 
-9 -36 -54 -6 1 1 -1 -4 
9 11 -4 -16 -3 -1 -3 1 
-38 -1 4 25 4 1 0 -8 
11 -21 4 -22 -4 -2 -2 -9 
-14 1 33 0 1 1 -1 -1 
13 0 -25 16 0 -4 -4 5 
49 -1 2 -16 -5 -2 0 13 
-65 -8 -6 6 1 -1 -2 -15 
-22 7 9 20 1 -1 -1 10 
-6 10 14 22 -1 -1 3 1 
14 11 -31 -49 -8 -4 -3 -10 
2 -13 6 -8 0 0 -4 -17 
8 18 13 10 0 1 3 -1 
-8 -13 -33 -5 -5 -4 0 -6 
-7 -18 -4 -3 5 0 -3 4 
7 3 7 17 -3 -4 -3 11 
-9 -15 14 -18 -6 -2 -2 -9 
9 16 27 -6 4 1 -1 -5 
0 -6 -18 -1 -2 1 0 -6 
2 25 -2 31 3 0 -2 2 
10 45 5 -11 -2 -2 -3 -2 
-3 -14 12 0 -1 2 3 8 
1 -7 -18 -9 -1 -5 2 -6 
-3 -14 -9 12 3 -4 -13 3 
6 -4 -3 -2 0 2 5 -8 
7 9 5 1 -1 -1 -1 6 
-9 15 17 2 -2 1 -1 -1 
15 -6 -28 27 1 0 1 -1 
2 1 0 -30 -4 -4 -2 11 
27 -5 -14 -12 -1 -3 -5 -15 
-4 -4 8 2 -1 0 2 7 
5 -6 16 11 3 3 3 7 
-4 -1 -6 1 -1 -1 -3 -10 
4 -2 -11 7 -3 -1 1 1 
-10 0 -6 -10 -6 -3 -4 -7 
4 -25 -3 -10 -1 1 3 -7 
4 8 -6 22 1 2 3 0 
-20 -2 8 -6 -2 -3 -8 -8 
-1 4 8 -11 -6 -4 -3 0 
-1 3 -28 -16 -4 -2 0 1 
19 -11 11 2 0 -5 -1 -1 
-1 5 -15 13 0 -1 -1 -1 
-31 4 21 3 -2 -1 -2 -17 
15 19 -5 -8 2 2 2 7 
-10 -7 0 38 1 0 1 -2 
-4 2 4 -14 -4 -1 3 2 
6 -14 14 -12 -3 -2 0 9 
2 0 -18 -6 1 -1 -2 -4 
-13 -7 -11 -6 -3 -3 -3 -5 
-7 0 2 15 1 -1 -2 -6 
9 -5 1 -6 1 0 2 10 
-2 -2 8 9 -2 -1 0 2 
0 1 -6 -47 -7 -3 -3 8 
3 5 18 -2 0 -2 0 -7 
-7 1 -8 7 3 -1 -4 -2 
-9 1 -26 -17 -4 -2 -3 -5 
13 7 1 14 0 -1 -3 -9 
-14 -17 3 -5 0 0 -2 -6 
4 5 -17 7 -3 -3 -2 7 
17 6 23 -4 0 1 2 2 
-6 -4 -6 2 -1 -4 -2 -3 
-7 -8 13 -30 -2 0 1 -10 
-35 11 -18 6 2 0 -3 -7 
9 -4 3 -4 -3 -4 -1 1 
3 13 -17 -5 -1 0 1 1 
-22 5 -5 11 -2 -2 -5 -1 
17 -11 15 -2 0 -1 1 1 
-7 -28 -18 -15 -4 -4 -3 -2 
-14 -1 10 2 -1 -1 -3 -4 
13 -5 -3 7 0 -1 0 3 
5 1 3 11 0 -1 -3 -2 
-6 3 -2 -11 -3 -4 -2 11 
6 -5 -4 6 -1 -1 -2 -19 
-10 -4 -12 -1 -2 -1 1 3 
2 -8 -7 -4 -1 0 -3 -10 
13 7 21 7 -1 -3 -4 2 
-25 13 -16 -9 -2 -1 2 -9 
2 8 -4 -5 -1 0 -8 -1 
