#EMG
#1
#ID:1-7
-3 -2 0 11 -2 -4 -4 -6 
-1 1 -2 17 1 -2 5 4 
-3 -10 -6 1 -5 -3 -7 1 
0 2 11 -10 -1 -1 -3 -1 
3 -2 -16 -14 -7 -2 2 2 
0 6 14 -16 1 2 0 -8 
4 0 0 28 0 -4 -1 8 
-1 4 -13 5 0 1 2 -3 
-3 7 -1 -16 -2 0 -1 -5 
2 -7 21 23 3 1 -1 -1 
-6 17 -17 -16 -6 -4 -2 -2 
3 13 10 14 1 -2 -3 6 
1 6 -5 -12 -1 -5 1 -2 
0 8 20 17 -2 2 -4 0 
-2 -20 -29 -7 -3 2 0 1 
0 -1 -5 -44 -5 0 -2 3 
1 7 -7 2 -2 -1 -1 1 
-1 -1 -5 8 -4 -2 -3 -4 
1 -3 11 7 -1 1 0 8 
-1 0 11 31 -2 -3 -1 -8 
2 -4 -9 -38 -2 -1 -2 -1 
-3 -1 -2 -10 0 -4 -3 1 
0 -6 2 -13 2 3 1 -5 
-2 -18 -20 10 -1 -2 -4 1 
1 -1 18 17 1 -1 -1 -2 
-6 1 17 0 -1 -1 5 -3 
2 -2 -38 4 -3 -3 -5 2 
0 1 20 21 1 -1 -3 -3 
1 4 -4 -31 -6 -1 0 8 
0 -1 11 -1 0 -1 -3 0 
-2 5 16 4 -4 -3 1 -6 
2 5 -3 -7 0 0 -2 4 
-6 0 -9 25 1 3 0 -7 
2 15 5 3 -6 -4 -3 -1 
5 5 -2 -54 -4 -1 0 4 
-8 4 22 23 1 -1 1 -2 
-3 -26 -49 -14 -1 -4 -1 1 
-1 0 14 2 -3 -1 -3 -3 
4 -8 -10 5 0 -1 0 0 
1 8 7 5 -1 -4 0 0 
-2 -1 19 25 -2 1 0 -4 
-1 -4 -38 -59 -5 0 -3 0 
1 -3 -2 23 -1 -1 -1 0 
-2 -41 -3 -10 0 4 1 5 
-5 9 -4 -14 -6 -6 -4 -9 
-4 4 -8 17 2 -1 -1 -1 
-1 3 4 5 -2 -4 1 -4 
-3 3 -5 -9 -3 -2 -7 -4 
6 1 12 22 6 1 3 -5 
3 9 -13 -28 -4 -2 -4 6 
-8 -13 12 7 -2 -2 -4 -1 
-1 0 1 -13 1 1 11 -2 
3 9 3 2 -2 0 1 5 
-3 -12 -1 12 0 0 0 3 
0 12 -15 -20 -3 -2 -3 3 
-6 15 -19 -1 1 -4 -5 -3 
-7 0 12 -8 0 1 3 9 
5 -2 9 10 0 1 -5 -12 
-1 5 2 6 2 0 2 0 
-5 -17 -17 0 1 -1 1 -3 
2 -5 20 13 -5 -6 -4 -2 
-3 0 -6 -34 1 2 3 1 
-2 -8 6 15 0 -2 -3 -5 
4 -2 7 -29 -5 -2 2 -5 
-6 -20 -14 8 0 1 -9 1 
-1 -13 2 15 0 -1 2 -8 
-9 3 12 12 2 1 4 -13 
5 4 -6 1 -1 -2 -2 6 
-2 0 18 -4 4 -1 -3 -1 
0 4 -9 2 -4 -3 -4 -1 
0 -12 -29 -11 -2 -2 1 -4 
-6 25 6 6 -1 -2 -2 -7 
0 12 12 7 1 0 0 -2 
4 25 -19 -11 2 -1 0 3 
-4 -10 22 -5 -3 1 7 7 
-1 -1 -15 -12 0 -1 -7 -3 
-5 -24 1 -17 -6 -2 -1 -4 
-3 4 9 23 4 2 -2 -1 
5 -4 5 7 -5 -5 1 -7 
4 14 4 3 1 0 -1 0 
-8 -15 -13 6 3 2 1 -1 
0 -12 1 -1 -2 -5 -3 -1 
-3 10 6 7 4 -5 -2 -8 
-4 6 19 0 -3 1 -5 1 
7 17 -11 -12 -5 -2 2 -4 
-4 -19 -20 7 1 -3 1 4 
-7 0 -10 -10 -5 0 -8 0 
5 -4 12 -1 0 -4 2 -1 
-8 24 -22 0 1 -1 -6 1 
-6 -9 9 -1 -2 -3 -1 -3 
1 -7 0 15 2 1 -4 -2 
-1 16 -22 -48 -5 3 4 6 
0 -15 13 -2 1 -2 0 6 
-6 10 13 13 2 1 0 -20 
3 13 -1 -1 -5 -4 -3 5 
-5 -12 6 7 -1 -1 2 1 
1 -5 -38 0 -1 0 1 -2 
1 -6 52 21 1 -3 -9 0 
2 -33 -44 -43 -8 2 3 4 
-12 -16 -3 22 -2 -3 -3 -6 
4 13 10 -23 -4 -3 -4 -2 
-1 -8 -4 16 1 0 -1 3 
-1 2 -11 -23 -8 -1 0 4 
-2 -3 1 4 2 -3 0 -4 
5 -2 -2 7 -3 -4 -3 -2 
-1 13 -6 -18 3 3 4 1 
1 18 32 32 -1 -4 -3 -1 
-2 -7 -33 11 -2 -1 3 0 
-7 -20 -6 -37 -5 -2 -11 2 
2 13 -2 -3 -4 -5 -3 6 
-1 5 4 6 4 3 -1 -6 
1 1 7 10 -1 -1 2 6 
3 -2 -3 7 1 -1 3 -11 
-5 12 0 -5 -5 -2 0 3 
2 -15 -3 -7 -1 -1 -2 9 
-3 23 -14 -8 1 0 -9 -18 
-1 2 11 5 -2 -4 6 -8 
-1 -19 -31 -4 7 6 6 -3 
8 8 34 11 2 -4 -5 3 
-7 -10 -34 -8 -3 0 -1 -7 
0 5 18 19 3 1 2 -6 
-1 -15 -14 -19 -5 -6 -1 7 
-4 -4 13 8 1 2 -1 -11 
7 21 -14 -1 0 0 -1 8 
-3 2 11 13 -1 -5 -7 1 
-3 -1 -20 -32 -11 -1 -1 -4 
0 9 9 5 0 -3 -1 -1 
-1 0 8 -1 -3 -2 -1 -1 
-9 -45 -24 -21 2 1 2 -6 
-1 19 31 16 -1 -3 -5 5 
-5 -15 -16 -7 -5 -2 1 -2 
4 0 20 1 0 -1 4 5 
0 12 -6 11 0 1 -9 7 
0 -11 7 -1 -1 -3 1 -11 
-5 1 -8 -8 -1 -1 -6 -5 
4 2 -11 5 3 -2 2 -1 
-7 6 8 -3 -3 -1 -1 1 
4 18 2 -1 1 2 0 -1 
0 8 -32 0 -7 -4 9 3 
-6 -41 28 -2 6 -1 -6 0 
6 11 -23 1 -5 -3 4 -13 
3 -3 -31 -9 -3 -1 -9 1 
-18 -15 13 5 2 0 -2 -9 
7 1 30 16 0 0 2 4 
-7 4 -19 10 0 0 2 -18 
-3 7 -8 -59 -12 -2 0 -32 
1 2 2 6 0 -3 2 9 
-4 -3 2 -1 -4 0 -4 -13 
-3 10 10 16 0 -2 -6 -2 
7 1 -6 18 2 1 0 -5 
-1 -18 40 -6 -2 0 5 5 
-8 13 -50 -17 -6 -3 -5 -24 
5 -25 16 -5 -4 -1 -1 21 
0 -10 -14 9 4 -1 -3 33 
2 -23 31 5 -2 0 4 -29 
-8 5 5 -1 0 0 3 13 
-3 -5 -13 -15 -1 -1 0 -3 
4 -2 7 34 5 0 2 -5 
-9 -37 -15 -22 -4 -3 -6 10 
2 -11 -18 -23 -7 -4 -3 0 
0 -5 5 8 5 4 2 6 
-6 3 37 22 1 -2 0 -9 
1 21 -39 -12 -3 0 -3 6 
1 -6 34 -1 -2 -6 -4 -5 
-3 3 1 -16 2 4 -3 8 
-8 -1 9 33 0 -3 -5 -20 
0 35 1 -14 -1 -4 -11 2 
-6 -15 -1 -46 -7 0 2 0 
1 39 -21 35 4 -3 2 4 
14 -14 33 -37 -1 -4 0 5 
-20 -66 -101 -7 -4 -2 0 -4 
9 9 73 49 6 -1 0 8 
6 10 68 20 1 0 0 -9 
-26 -9 -19 -47 -14 -8 -7 -20 
-23 17 18 50 14 6 4 5 
-2 -17 -63 -54 -8 -3 -2 4 
36 -14 10 12 -2 -5 4 20 
-9 12 20 14 6 1 -5 -14 
22 14 1 3 -7 1 -2 36 
-29 17 5 40 9 2 1 -46 
-45 11 3 -65 -7 -2 -1 -6 
15 -38 -41 4 -3 -4 -3 3 
12 18 -11 -27 3 4 7 0 
-2 -15 -12 7 -6 -3 -14 4 
0 -3 1 6 -1 -5 0 -7 
-4 1 -1 -10 3 1 1 12 
7 6 47 40 3 -1 -5 -24 
2 -35 -9 -34 -4 -2 4 12 
-5 -4 -68 -33 -9 -4 0 -11 
1 12 -1 28 7 4 -1 21 
4 -7 6 -5 -8 -6 -9 3 
4 5 22 18 -3 -2 -3 -18 
-20 -9 5 -5 -7 -1 -3 0 
-1 -10 -54 -22 1 2 0 4 
3 12 20 -12 -7 -6 0 20 
1 3 -15 16 -1 -1 -6 13 
13 7 26 29 0 -2 -2 9 
-11 -22 -32 -28 2 3 5 -13 
-8 -3 40 -19 -6 -4 0 -12 
6 13 -26 15 2 -1 -6 3 
14 -4 -31 7 -1 -1 4 15 
0 9 24 6 1 -1 1 1 
-5 2 -15 -25 -1 -1 -5 -45 
7 -20 4 9 1 1 1 4 
-4 46 13 26 2 -4 -4 -14 
11 14 9 17 -5 -2 3 6 
-10 13 -6 -12 -4 -5 -8 -6 
5 -18 11 -23 1 5 9 6 
15 -15 -9 4 3 0 1 -28 
-18 19 16 49 2 -4 -6 0 
20 7 -53 -40 -11 0 4 1 
-8 -1 -3 -43 1 5 7 38 
-16 11 23 -17 -3 2 -1 -27 
-7 -23 -2 -3 -9 -8 -5 -56 
11 17 -7 -2 0 4 1 14 
-11 -7 3 30 1 -8 -4 2 
8 18 -23 -36 -1 5 1 3 
2 12 24 17 1 2 8 10 
8 1 -5 25 6 3 1 26 
-6 -4 -18 2 -2 -5 -5 -14 
-12 4 -2 30 -3 -5 -5 -48 
6 0 5 -32 -13 -1 -1 62 
-5 -12 0 -37 7 3 -1 25 
23 38 13 28 -1 2 2 -7 
-27 -64 -12 -32 -4 -3 -2 9 
3 -11 3 -3 -1 2 6 2 
0 -14 8 42 -6 -4 -1 -19 
-2 43 38 -40 -11 -3 -2 5 
-2 -10 -85 -1 3 0 -8 20 
6 10 6 4 2 -1 2 -11 
-22 -10 25 6 -9 -7 -10 -38 
-4 9 25 29 10 0 -2 0 
5 -12 -2 -10 -1 2 4 17 
1 25 40 39 0 -5 -2 -12 
7 -3 -94 -32 -7 -2 1 -6 
-2 -5 9 -8 -3 -3 3 -5 
-4 -28 -12 -4 8 0 -4 5 
-7 11 -15 -12 -8 -6 -12 -10 
4 10 38 45 -2 -5 -2 6 
0 -10 -41 -30 -1 6 3 -4 
5 -5 26 1 -5 0 2 10 
-2 -18 -4 -22 1 -1 -5 11 
6 4 27 -7 -1 -1 1 4 
-21 -6 -57 -15 -8 -6 -13 -48 
6 8 53 38 3 -3 1 4 
0 -8 -51 -33 -5 -2 -2 6 
1 46 35 21 0 0 1 -6 
-16 -1 50 18 3 -1 -6 16 
-4 31 -71 -39 -12 -4 -2 -4 
0 -3 34 -28 1 1 0 -5 
-2 -14 -3 -12 3 -3 -2 11 
8 -10 -28 13 4 2 12 6 
16 1 37 37 4 0 -10 -12 
-34 -11 -20 -17 -1 -1 -1 3 
-8 -23 -13 14 0 -1 2 -2 
7 1 4 -1 2 -1 -1 12 
-3 -6 27 12 3 1 8 -15 
9 -17 -32 -14 -5 -4 -4 10 
2 -3 16 5 -3 2 4 -4 
-16 6 -16 -7 -3 1 3 -5 
-16 -4 2 -15 -3 -1 -13 -29 
-1 -14 11 23 -5 -7 -4 -17 
-14 -15 -8 -12 -5 -2 -2 -1 
22 -4 -6 10 -2 0 3 4 
6 11 -2 -57 -6 -6 -6 20 
-3 22 11 23 2 3 3 -17 
-5 -10 -14 3 -1 -4 -4 -6 
2 -5 -1 -37 3 1 0 5 
6 -21 -8 21 4 1 7 24 
-11 -11 4 1 3 -2 -2 -51 
3 29 13 18 0 4 2 19 
-3 -11 -16 -1 -4 -6 2 -8 
-4 11 10 6 -4 -2 -11 21 
-1 -21 -30 -28 -4 0 3 -5 
-11 -6 13 4 0 -5 -8 -33 
4 -5 0 11 1 -2 -8 -9 
24 8 18 6 2 2 21 20 
-19 -10 0 -5 -4 0 -12 -31 
7 -2 -3 14 -1 -3 -7 8 
2 -2 0 -22 -5 1 5 7 
2 -2 28 3 -3 -4 -10 11 
9 0 -40 3 -1 -3 6 20 
-10 -22 -14 -13 -7 -2 -3 -14 
-7 -4 18 9 0 -2 -6 -45 
13 17 16 8 1 1 12 1 
9 -19 -19 10 0 6 -3 17 
-12 13 5 -23 -1 -1 -12 7 
18 -65 -33 22 -2 -7 1 47 
-18 21 -11 -14 -7 -4 6 -17 
7 20 16 -33 2 1 -3 27 
-9 -27 -20 7 0 0 6 15 
0 20 21 -4 -4 -4 -18 1 
10 0 26 -2 -2 -1 3 -12 
-8 -14 -86 21 6 1 3 16 
3 -29 22 -26 -6 -1 2 7 
7 11 -24 3 -1 4 3 -11 
-8 2 7 -11 -2 -6 -14 -9 
7 -13 45 61 5 -6 -3 3 
-1 41 -12 -37 10 7 8 -32 
-25 22 -7 -32 -14 -5 -3 0 
-8 -43 -46 21 -9 -10 -5 3 
7 36 66 -81 -12 9 6 -4 
-11 -81 -59 44 -8 -10 -4 -16 
14 54 80 20 6 -1 -2 -3 
0 -23 -48 59 8 5 2 2 
5 13 31 -60 -15 -7 -1 35 
-2 5 -12 36 10 6 2 -23 
7 39 44 -4 0 3 2 6 
-15 -47 -15 -9 -17 -10 -7 -9 
5 -57 -14 9 21 3 -2 6 
-8 -11 6 -50 -7 -3 3 26 
4 -9 -33 37 -2 -6 -5 13 
4 57 38 -19 7 6 3 -2 
6 -2 19 34 0 -4 5 11 
3 14 8 2 -9 -6 -11 -3 
-24 -11 -31 -7 5 2 -8 -5 
-5 -5 50 -27 -2 -1 2 -1 
-13 -9 -69 19 -1 -2 6 14 
12 15 12 26 4 7 -8 13 
-3 -19 -20 -51 -9 -7 -6 -3 
3 12 12 45 4 1 -8 0 
-13 5 21 -49 -15 0 7 -11 
1 9 -9 21 -2 -2 2 -1 
2 -10 -12 43 3 0 -1 -13 
2 6 20 -35 -6 1 -1 14 
0 3 -36 -28 0 -2 -3 -10 
8 13 16 -26 -13 -7 -1 -2 
-9 -14 18 60 -7 -5 -4 -19 
-1 3 -61 -86 6 7 5 -2 
14 2 22 65 8 -3 -6 -7 
-26 1 -5 -31 -5 -1 1 -2 
3 7 9 11 3 -1 7 3 
-6 -15 -10 -50 5 3 -5 -9 
11 8 -13 11 -1 -3 -6 -8 
12 7 -3 14 2 -2 4 18 
1 4 21 -4 5 -1 1 2 
-9 -10 -3 15 1 0 4 10 
-5 37 5 -19 -10 -1 -5 -38 
10 -7 7 24 0 0 7 12 
5 1 -15 -15 -3 1 -1 3 
2 -9 -6 12 -4 -6 -4 40 
-7 5 9 40 -2 -4 -1 3 
4 -5 -2 -16 2 1 -6 -3 
-2 -32 -2 -14 2 1 -2 -6 
-4 9 17 21 -3 -1 -1 -10 
3 4 -12 16 1 0 4 19 
-8 1 11 -30 0 1 -1 -17 
2 -18 -21 -40 0 -2 -2 7 
-3 -3 0 24 1 -3 -3 -17 
1 -3 15 25 -1 -1 3 6 
9 8 2 -9 -5 -3 -4 -6 
-13 0 -12 -22 0 3 4 1 
2 7 4 21 -3 -1 2 18 
0 12 1 4 1 1 -4 -5 
2 3 8 45 6 4 1 10 
-1 3 -23 -47 -11 1 2 -3 
-1 -4 -23 -26 -6 -2 1 17 
5 18 20 4 -1 -3 -9 12 
0 -25 -30 -2 -5 -4 -1 5 
-2 1 33 27 5 0 1 4 
4 0 -3 -18 -1 1 -4 -18 
-14 15 -20 12 -2 -2 -3 -9 
7 32 34 0 -2 -1 1 -10 
2 -21 -53 1 2 3 -1 9 
-6 -20 -5 -19 1 -1 0 -18 
-4 -23 19 -6 0 -3 -5 -11 
-4 24 -5 3 0 -3 -2 2 
7 12 3 14 0 -3 0 -4 
3 11 16 31 0 -3 -3 -10 
3 -3 3 -4 -3 0 1 -2 
-10 -37 6 -55 5 3 0 -10 
-1 -9 -28 15 -6 -1 -1 -44 
0 -18 4 -28 -5 1 8 2 
-4 1 29 8 3 -3 -10 -13 
3 10 -6 17 2 -1 -1 2 
4 -2 29 32 6 -1 -1 5 
-5 -6 6 -8 -1 2 -4 -8 
-2 -24 -60 -22 -4 -1 3 -2 
7 4 7 16 -3 -1 1 -4 
-20 2 24 3 -5 -4 -3 -1 
4 9 -22 -46 0 3 1 3 
-9 34 24 17 -2 -6 -3 1 
-4 -14 -5 3 -6 -3 -4 -4 
2 6 6 7 -6 -5 0 6 
4 15 10 14 1 -1 -4 11 
-1 -19 -47 -17 0 1 1 -17 
1 0 10 -13 -5 1 0 -2 
2 4 0 7 2 -1 1 2 
-9 15 6 9 -3 -3 -4 -7 
-1 -13 1 -17 6 3 -2 2 
2 -10 -14 -5 -3 -3 1 2 
-7 5 9 5 -1 -2 -4 -8 
-3 -7 -26 -17 -5 -1 -4 -52 
-2 -3 25 -10 -8 -2 1 -5 
-3 -13 -21 9 2 0 -1 -3 
1 -5 2 -1 -2 0 -1 8 
-4 -3 7 9 0 -3 -2 4 
3 -5 -15 25 1 1 0 10 
-10 0 3 -66 -13 -5 -4 -5 
-6 -4 -9 1 5 -1 -1 -8 
2 -13 19 35 2 1 -5 -1 
-7 -20 -19 -4 -3 -2 0 0 
2 39 46 13 11 5 4 6 
-3 -28 -41 -31 -5 -4 -6 5 
2 6 -16 12 -1 0 -2 -5 
4 2 27 -14 0 1 1 1 
-6 -9 9 17 1 -3 -2 -1 
1 51 -10 -15 0 1 1 2 
1 12 6 25 3 -1 -3 -6 
-2 -6 0 -30 -3 -1 0 3 
4 8 -18 1 -5 0 0 5 
-4 -7 5 0 0 -3 -2 -5 
-7 -11 -3 12 1 -1 1 5 
0 14 6 -10 -7 -3 -2 -2 
-1 -12 -11 6 -2 0 -2 -3 
1 3 9 -10 0 0 -3 10 
3 3 -9 -7 -1 -3 -1 5 
0 -2 15 14 3 0 1 -1 
-6 -10 -11 -11 -3 -3 -2 -12 
2 -8 5 -4 -1 -1 -3 3 
-3 1 2 -7 -1 -4 -2 2 
2 -3 -11 16 1 0 1 -1 
0 0 -4 9 1 -2 -2 0 
0 0 16 3 0 -1 1 -1 
0 -10 1 -27 -4 -2 -2 -9 
4 0 -12 5 -6 -1 0 14 
-3 -9 -16 -7 3 2 -3 -9 
-3 -28 -24 -3 0 -1 -2 -6 
-5 -4 7 1 -2 -1 2 4 
3 23 23 20 -1 -4 -7 -2 
-1 13 -3 -2 -3 0 2 6 
4 -28 3 32 1 0 0 0 
-2 6 11 -33 -2 1 1 -2 
-14 -43 -62 11 -5 -2 3 -8 
2 -20 7 -29 -14 -6 -6 -5 
0 44 20 10 7 4 3 4 
-3 -1 -10 14 -5 -6 -7 -44 
3 2 22 26 2 -3 0 1 
-4 -5 -3 -9 1 4 1 -2 
-3 -19 28 -19 -2 0 0 -3 
3 7 -32 15 -1 3 1 12 
-4 3 -11 -54 -6 -3 -1 -11 
-3 4 -29 24 -1 -4 -3 -3 
-1 -18 1 -41 -6 -4 -2 3 
1 13 15 12 -1 0 2 6 
-3 9 -2 -15 3 1 -3 -2 
-1 11 -15 -7 -4 -2 1 8 
6 -10 -15 -2 -1 -3 -1 -2 
-10 -15 -25 4 0 -1 1 1 
3 -12 35 -9 -8 -3 -2 2 
4 35 23 25 5 1 1 3 
-5 12 -6 8 -2 -4 -2 3 
-2 -1 -2 -44 6 3 -3 -15 
3 8 8 11 2 0 -1 6 
-1 -9 -15 -8 2 -2 -2 1 
-5 -2 -25 12 -5 -2 -3 -2 
4 6 22 55 3 -1 2 13 
-1 -2 -7 -38 -8 -3 -5 -3 
-2 -7 12 11 7 2 0 0 
1 20 8 10 -1 -3 1 -2 
-2 -25 -48 -24 -2 0 -5 6 
-1 9 -7 12 0 -2 2 -1 
0 8 17 13 0 -1 -2 -10 
1 17 4 -4 -3 0 -1 1 
-3 -14 -21 28 -1 -2 1 3 
-2 -18 4 -19 -3 0 1 2 
-7 5 -11 -11 -1 1 -2 0 
-1 -1 12 8 1 0 1 -5 
5 24 9 -34 -5 -1 -2 5 
-2 -5 -4 10 4 1 1 -1 
1 -12 -1 6 -5 -5 -5 2 
-5 -8 5 13 -1 4 2 -3 
3 8 31 10 2 -2 1 9 
-5 -19 -42 -42 -12 -2 -6 -19 
-3 15 22 -9 -3 0 1 -6 
2 20 -11 -4 -1 -3 -2 4 
-6 -13 1 4 -3 1 2 8 
-1 3 13 15 1 -1 0 0 
2 -3 0 12 -6 0 -2 0 
4 28 -31 4 0 0 0 0 
1 3 18 -29 3 -1 -2 -5 
-7 -5 -29 30 0 -2 0 0 
-8 -24 -2 -25 -2 0 -1 4 
-2 -25 12 -13 -2 -1 -3 -12 
-3 -6 -4 23 0 0 0 -1 
3 12 5 -10 2 0 -1 -3 
2 -7 6 11 -2 -4 3 1 
-1 -6 1 42 -1 -2 -1 0 
0 3 6 -45 -9 2 -2 -2 
3 -23 -13 -24 -2 0 0 12 
-5 1 -8 -16 0 -1 -2 -5 
-3 -10 6 -20 -3 -4 -2 -4 
1 1 -10 27 -3 -4 -2 -2 
5 17 26 9 -2 -1 -4 1 
-1 -14 -3 14 3 0 -1 0 
-1 -24 -3 -24 -7 -4 -2 5 
-1 -9 -1 0 2 -1 0 -5 
3 1 -2 18 1 1 1 6 
-1 0 8 -31 -7 -2 0 -3 
-1 2 -22 0 -1 0 -1 -3 
1 3 -4 1 -1 -3 -2 -4 
-5 -7 2 21 -3 -3 -2 0 
-1 -4 2 24 10 4 1 -1 
-1 -23 -16 -44 -5 1 -2 1 
0 30 10 -7 -7 -2 0 -2 
2 9 -40 -6 -4 -1 1 -1 
3 -4 11 7 -5 -6 -4 -4 
-5 -2 4 7 1 1 0 -3 
0 -12 -13 2 0 -4 -6 -2 
-5 -6 44 -5 0 -2 0 -5 
-4 3 -35 -9 -5 -1 -1 1 
-7 -21 -18 -4 6 0 -2 -7 
0 -2 30 11 2 3 0 -6 
3 4 0 10 4 -1 -3 -6 
2 -4 -5 -18 2 -1 -2 3 
-3 6 13 -4 0 1 -1 0 
-1 -6 -14 -5 6 -3 -2 0 
-1 18 7 2 0 0 -1 -2 
3 13 8 29 -4 -3 -1 -1 
-3 -1 -16 -14 -6 -4 -2 -2 
0 -6 -22 7 -2 -3 -2 4 
-5 -11 20 2 -3 -1 -3 -7 
-3 -3 -4 13 3 0 1 -2 
0 1 -14 -3 -7 -4 -5 1 
-1 -10 5 0 0 -1 -1 0 
-4 3 1 -10 -2 0 -1 1 
-1 -7 6 -7 0 -1 1 0 
3 6 11 -20 -2 0 -1 -1 
-1 0 -9 1 2 1 -1 0 
-3 -8 -16 6 -3 -1 1 -2 
2 -5 -6 -8 -2 -2 -1 0 
-1 5 7 6 2 -1 -3 1 
-3 -8 15 1 -6 -5 -4 -3 
-1 -3 -1 -5 -2 -2 1 -3 
-1 1 -4 2 0 -4 -4 -2 
0 6 19 -2 -3 -3 -2 2 
-3 -4 -16 -11 -4 -1 -2 -1 
-3 -20 -2 -6 0 -1 -2 -2 
-1 6 14 18 0 -1 -1 -3 
-3 6 -12 -11 -3 0 2 -1 
-1 -1 10 -4 1 -1 0 0 
4 2 -2 1 -2 -2 -1 2 
-3 6 9 -4 0 3 1 -2 
0 -8 -3 26 1 -1 0 2 
-2 -9 -15 -3 -5 -3 0 -1 
0 4 -10 -21 -3 -1 -3 0 
-1 -7 31 17 -3 -2 -2 1 
-2 12 -15 -17 -4 -1 0 0 
-1 -5 -13 7 1 -1 1 1 
2 0 19 -8 -5 -1 -2 -2 
0 -15 8 -2 0 2 1 0 
-2 10 -10 -2 -3 -3 -2 -7 
-11 -26 -15 6 1 -3 -2 0 
-3 -12 15 21 0 -5 -2 -3 
-3 -10 -11 -1 -1 0 0 2 
3 20 17 -11 3 0 -1 -1 
3 13 9 4 7 1 -2 -1 
1 1 -19 -17 -3 -1 1 0 
2 -14 -14 6 -1 -1 -2 -2 
-5 -14 0 7 2 -1 -1 0 
6 4 10 3 -5 0 2 10 
-10 -2 -11 5 1 -2 -1 0 
1 4 -9 -20 -5 -2 -1 -3 
2 -5 -11 9 1 1 2 -2 
-1 -1 20 -5 2 0 -3 -3 
5 3 5 8 0 -1 -1 -2 
-15 -5 -9 -19 -3 -3 -5 -4 
1 30 4 7 -1 1 1 3 
-3 13 -3 1 -3 0 0 -5 
0 14 -15 -6 -3 -3 -4 4 
-1 -5 7 7 0 1 1 -4 
-4 -30 26 19 -1 -1 0 -2 
-2 0 -42 -47 11 3 0 0 
-3 1 -2 9 -2 0 -2 -2 
2 -6 -11 6 0 -1 -1 0 
-3 -10 24 32 1 -4 -2 0 
8 6 20 -5 -5 1 0 -1 
-7 -26 -25 -21 -5 -2 -2 -11 
-3 -4 -26 -30 -1 -1 -1 -3 
1 7 13 13 6 3 -1 -1 
-9 -38 3 9 -6 -4 -1 -7 
0 6 14 1 1 0 1 0 
7 6 -4 3 -4 -2 -2 3 
-3 -1 -5 -16 -2 -3 1 -6 
-8 -21 -17 1 -2 -2 -4 -2 
1 -2 13 -7 -1 -2 -2 1 
1 8 -15 4 -2 -3 -1 0 
-4 -14 3 -12 -1 1 -2 -3 
1 14 2 -3 -2 -2 2 0 
5 -13 1 9 0 0 0 -2 
-17 -3 -3 2 3 0 -1 -3 
-1 10 2 -9 -3 -3 -3 -4 
-1 1 -7 14 -4 -1 -2 -1 
0 7 -9 -11 -3 -1 -1 1 
5 1 2 -5 2 0 0 -2 
0 -2 13 5 -4 -2 -1 0 
-4 -4 -8 -10 -2 -1 -3 -1 
1 3 9 2 -6 -3 -4 2 
-4 10 -13 14 3 -2 -1 -3 
-3 3 -24 -41 -8 -3 -2 1 
