#EMG
#8
#ID:8-12
2 -9 -12 -3 -1 -2 3 8 
-6 -27 -8 -3 -1 -3 -7 -36 
-5 59 -3 -3 -3 -2 1 8 
-13 -9 8 -2 -2 -2 -6 -19 
-2 0 11 1 0 0 6 12 
25 9 -6 -5 -2 -3 -8 10 
-11 -61 3 0 0 -2 1 2 
12 51 5 -1 0 1 5 35 
-7 111 22 -1 0 -2 -7 -29 
-3 -40 -15 -3 1 -1 4 0 
7 96 11 6 4 2 -2 -6 
6 13 6 1 -1 -2 0 12 
-12 -41 4 -2 -3 -1 -2 5 
-4 -3 -16 0 -2 -1 2 4 
6 7 -2 -6 -4 -4 -4 -13 
-6 23 -18 -1 4 1 -6 -31 
3 -105 2 -2 -2 -2 7 5 
-7 -11 -6 -7 -4 -1 1 7 
17 -29 -4 3 -1 2 3 34 
-11 7 -3 -2 -5 -3 -4 -6 
-4 -21 -16 -1 0 0 -5 -3 
5 -45 18 3 -1 -1 0 5 
-2 71 15 1 0 0 0 -1 
-7 -45 -26 -1 3 2 -2 11 
-6 -34 4 -5 -3 -3 5 -17 
14 14 4 4 -1 -2 -2 9 
-32 -73 7 -2 0 0 -4 -36 
4 28 2 -5 -4 -2 1 8 
10 29 10 1 1 -1 -2 4 
-23 -2 -2 1 0 0 -2 -10 
-14 -37 -21 -8 -1 -3 -5 -10 
4 -8 6 -2 -3 0 3 6 
-7 31 -15 -3 -2 -2 -6 -11 
1 10 4 -1 -1 0 2 -2 
-2 -76 8 5 -3 -4 -2 8 
-5 -12 6 0 -1 -2 2 -15 
-8 80 9 -2 -1 2 -5 9 
-4 -6 -4 -2 1 -1 0 -16 
9 -22 -19 -5 -1 -3 -8 17 
0 -67 3 3 -1 -1 7 2 
-6 4 -5 1 0 -1 0 -4 
-10 -56 -8 -7 -5 -2 -5 -26 
8 59 9 -1 -4 -2 -3 3 
-1 -12 -15 -3 -2 -2 -3 4 
11 10 -22 -1 0 0 0 5 
-17 23 -2 1 1 0 5 8 
4 -10 11 0 -1 -2 1 -7 
9 18 -19 -4 -6 -4 0 10 
-10 -22 9 -1 -2 0 -4 -1 
9 31 -3 -1 -3 -2 -6 2 
-2 8 -12 1 2 1 5 -9 
1 26 4 -2 -1 -4 -2 18 
-18 -43 -4 -8 -4 -5 -6 -41 
0 4 12 1 -1 -1 -1 4 
4 -62 -19 -10 -5 -4 -4 10 
-4 46 1 4 2 2 1 11 
4 -3 4 2 -1 -4 -13 -33 
-3 17 -14 -4 -4 -1 4 -4 
3 -7 -8 -3 -3 -1 6 2 
-4 -2 5 1 -5 -3 -5 -8 
1 12 12 0 1 0 3 30 
1 9 3 3 1 0 -5 -9 
12 17 10 3 0 -1 -2 -19 
-2 -41 1 0 -1 -1 0 9 
-12 1 20 2 0 0 -1 -9 
10 -25 -17 -10 -4 -1 1 14 
-4 17 -2 3 0 2 7 5 
-4 -6 5 -3 1 -1 -5 -14 
13 -16 -5 -1 -2 -2 3 11 
13 11 8 2 -1 -1 3 29 
-16 -72 3 2 0 -2 -14 -4 
-30 62 14 6 0 4 13 -17 
19 -56 -6 -1 -3 1 1 26 
2 66 10 -2 -1 -2 -9 -22 
-4 39 12 1 0 -1 13 10 
-1 -37 -16 -9 -3 -4 -6 -5 
-8 -10 10 12 1 -3 1 -2 
-8 -25 5 3 -1 -1 -4 -9 
1 -4 -24 -6 -3 -3 -5 1 
13 9 7 -10 -1 -2 0 -5 
-4 23 -14 5 -2 0 0 -10 
-2 -11 -2 -7 -1 -1 1 -1 
-3 76 8 7 2 0 -4 2 
15 -4 -19 -4 -3 -3 -5 -9 
-5 8 -3 -1 1 0 0 6 
2 -34 14 4 -2 -2 0 -3 
-10 -58 -25 -5 -3 0 -14 11 
4 -16 0 5 2 1 18 7 
-1 -7 4 -9 -2 -4 -9 -14 
-13 99 -6 4 0 -1 -4 -15 
18 -18 3 -4 -3 -2 1 31 
-18 -40 -21 -8 -2 0 -8 -35 
-16 17 10 6 4 4 4 7 
2 -99 5 -5 -3 -3 3 10 
13 28 -18 -3 -3 -1 -3 2 
-20 9 6 7 3 -1 -8 -35 
-1 55 -14 -8 -2 -3 1 -14 
-8 -5 10 1 -1 -1 0 14 
6 92 -3 5 -1 -1 2 -2 
12 -19 19 -11 -3 -1 4 47 
-8 -1 -41 -8 -6 -4 -4 -36 
10 24 -6 4 1 -2 -8 3 
-33 -42 21 5 -1 -1 4 -49 
6 -3 -11 -8 -3 -2 -6 6 
-9 -26 0 -7 -5 -3 -3 4 
23 -46 -9 4 0 1 2 23 
7 72 22 0 2 0 -2 0 
-6 3 -10 0 -1 0 -6 2 
10 -98 8 1 -2 -4 -8 7 
-11 -3 7 1 1 1 9 -4 
-5 41 28 3 1 -1 -5 -42 
2 -30 13 8 -2 -1 -4 6 
-27 -81 -10 -9 -2 0 -6 -3 
-7 -57 -43 -9 -3 -3 10 8 
-9 5 -12 0 0 1 3 0 
28 -44 -2 0 -3 -1 0 16 
19 65 38 6 2 4 -4 13 
-11 38 1 6 3 1 -3 -7 
-4 -13 -16 -11 -4 0 6 30 
4 54 16 -3 -1 -6 -8 -41 
10 83 13 7 1 4 14 45 
15 -18 -6 -3 -5 -6 -15 -55 
4 -10 -30 -4 -3 -4 -12 -21 
-15 -16 0 -1 -1 -1 -2 -3 
1 -97 -9 -9 -3 1 4 8 
-18 7 -11 -1 1 0 -3 -14 
-3 -21 24 1 -3 -3 1 15 
22 43 -9 -6 -1 -3 -4 -1 
-1 -37 -57 -1 -1 -4 -3 -16 
5 65 51 9 5 5 -2 20 
-24 -37 -5 6 1 4 10 25 
-35 -3 6 12 0 1 -3 -50 
6 8 5 -19 1 -1 -1 -3 
-18 -103 -12 -16 -11 -7 -10 -21 
27 -26 42 19 6 3 -2 16 
-5 -3 3 -1 -1 0 8 25 
9 41 12 10 0 -1 -1 12 
-30 -84 28 6 0 3 -4 -13 
-3 -38 -14 -8 1 1 3 6 
4 -4 -2 -6 -3 -2 -9 -17 
-33 -43 22 -1 -8 -9 -9 -43 
4 -13 -19 -6 5 5 4 10 
17 99 10 1 -4 -3 1 13 
20 97 -9 0 4 5 1 31 
-3 31 2 2 -6 -4 -2 5 
3 36 -10 -12 -4 -4 -6 -8 
-10 22 -25 -3 -2 -2 11 -1 
24 -25 -6 -8 -2 -2 -2 42 
-48 14 7 -4 -3 0 -1 -15 
22 16 0 1 -4 -7 -3 -25 
-1 13 -20 -9 -4 -3 -18 -38 
-13 -47 -3 -12 -5 -3 7 -2 
5 41 -32 15 8 6 6 18 
14 -10 -7 -37 -6 -2 8 18 
9 -42 0 -11 -2 -3 -11 16 
-32 -36 -25 11 -2 -2 6 -21 
41 17 4 -4 1 7 0 -17 
-31 40 -17 9 -1 -7 -10 24 
-3 -20 13 -4 -4 -6 4 -24 
-6 -16 12 -6 0 3 -10 -11 
-3 -19 24 14 0 0 19 39 
14 -35 -21 7 0 -2 -12 -41 
-11 -10 -13 -22 -3 -1 -7 4 
33 14 0 22 -3 -6 -7 15 
2 97 25 -8 2 1 14 17 
-10 51 8 13 0 3 -5 -18 
4 -24 -19 5 0 -3 -7 -18 
3 24 -17 -7 2 2 4 -12 
-7 -41 6 -8 -8 -8 -10 -12 
1 -30 -1 -6 3 0 -3 25 
9 -45 3 -6 -6 -1 -12 2 
-6 10 11 3 3 2 18 12 
-12 -60 -2 4 -1 -4 -2 -7 
-9 15 13 1 2 -2 -4 -51 
10 -44 -22 -2 -5 -6 4 50 
5 18 12 4 4 3 -11 19 
-25 -94 -9 -7 -4 -4 -1 -23 
3 13 13 1 -1 3 8 18 
5 7 16 11 3 2 -7 -52 
-22 -56 -12 -16 -8 -4 -22 -17 
42 92 2 7 7 7 30 12 
-25 -39 -21 -5 -5 -1 -19 28 
-12 -56 8 7 2 -1 15 4 
-11 -86 17 8 2 2 0 -42 
34 -6 -17 3 -3 -8 -21 4 
-6 -7 2 -8 -2 -3 2 -19 
-4 11 -1 -6 1 1 -1 -4 
6 87 -3 -3 0 1 10 8 
11 15 -24 -6 -1 0 -13 -18 
3 -77 -6 0 -4 -3 12 25 
-14 82 -3 -3 -1 1 -13 -11 
-8 -19 12 0 -2 -6 8 22 
-12 -37 -12 16 -4 1 -11 -8 
-6 -22 -2 -22 0 1 4 21 
-3 -70 22 4 2 -1 1 -14 
-4 -14 -80 -1 -2 -2 -3 16 
-1 11 26 -20 -7 -11 -24 -71 
-6 18 16 19 0 -2 2 9 
12 -26 -27 -7 1 0 0 16 
-26 88 13 -23 3 3 17 1 
0 -52 -12 -6 -14 -10 -21 -21 
5 34 11 4 -2 -2 -3 -19 
-2 26 13 -1 0 1 5 -13 
2 3 -30 16 3 -1 -12 1 
8 13 -13 -22 3 6 11 39 
-20 70 -26 -25 -9 -4 -3 -18 
22 -18 15 10 1 -1 13 34 
7 -86 12 -3 0 -1 -4 5 
-1 73 21 27 8 4 12 11 
13 -22 21 22 1 -2 10 27 
-10 -30 -51 -19 -1 2 -15 -19 
29 52 47 8 -1 -1 -1 16 
11 -46 -18 4 10 4 14 8 
-34 -18 18 -25 -4 0 -13 -32 
-4 46 2 -12 -3 -5 -1 -12 
6 45 -14 10 -12 -4 3 8 
-15 -81 48 51 4 -1 -8 -7 
0 -1 -71 -56 -11 1 7 20 
-24 -34 15 3 0 4 8 19 
10 -16 21 -16 -7 -12 -13 -40 
5 -53 -28 -8 1 3 -6 14 
13 -26 47 30 11 6 15 23 
-15 43 -31 13 -8 -4 -6 -32 
-16 -7 -20 -20 4 3 -8 -5 
-23 19 -23 -10 0 -2 -1 -1 
38 -69 -27 13 5 0 -1 9 
-27 127 52 10 -1 7 5 -1 
10 -128 -2 -17 -5 -6 -2 -22 
-10 -6 -21 21 3 0 1 -1 
-6 26 -13 -37 -7 0 5 18 
8 -40 21 5 3 -6 -7 -15 
-9 -50 -7 3 -8 -1 -7 -26 
29 33 2 -6 1 -1 -5 54 
-25 13 2 20 0 -6 -14 -95 
0 -25 20 7 -4 1 5 -6 
-5 -69 5 -6 -4 -1 2 14 
-9 20 -10 -19 -1 1 2 -16 
17 -13 39 30 1 -2 -4 29 
-16 11 -5 -20 -5 -6 -7 -23 
27 98 -17 12 8 3 1 14 
-40 -47 13 -11 -3 1 10 1 
0 -57 12 13 3 -1 -5 -4 
-22 19 -13 -4 -3 -1 -1 19 
6 3 -52 -29 -16 -5 3 35 
10 -9 23 -12 -7 -1 0 8 
-20 -1 8 34 7 -1 -1 -20 
44 16 -44 -21 2 -1 -8 21 
-16 -4 46 0 -5 -3 -5 -7 
-13 -47 -39 -2 -3 -4 -3 -24 
28 18 -21 -14 -5 -2 -7 40 
-21 -62 -2 12 2 -1 2 -11 
-8 23 28 9 2 0 -4 -18 
-12 -8 -15 -28 -9 -10 -29 -55 
7 87 52 23 0 3 40 16 
14 -78 -56 11 1 -1 -5 -9 
-56 -47 -16 -19 0 0 -2 -6 
-12 69 31 -12 -5 0 -12 14 
27 -28 -3 -4 -2 -1 18 -13 
-3 -100 22 4 -4 -2 -28 9 
-3 58 25 18 14 6 16 -13 
3 -76 41 6 -2 1 15 20 
36 -75 -23 -2 -5 -5 -26 11 
-21 3 -15 -46 -12 -8 8 3 
17 -39 -1 25 -2 -6 -16 -35 
5 3 20 -4 4 -3 -21 -23 
2 70 10 3 -1 -1 22 5 
-40 -74 36 34 -1 -2 11 -49 
33 11 -18 -26 -3 -4 -43 14 
-17 15 -28 -4 -8 -3 47 26 
-1 41 -51 -16 -7 -9 -31 11 
20 21 54 22 3 -2 1 -11 
-25 26 -1 12 4 6 7 -10 
29 -4 -7 -9 -8 -5 -13 21 
-1 -46 -26 -26 -1 3 14 10 
10 22 19 -4 0 -3 -3 13 
-32 -35 33 23 2 0 11 -68 
38 -12 -21 -5 -1 -2 -20 22 
-38 68 10 17 6 3 -2 -16 
-20 -23 -3 12 8 1 -12 9 
40 -56 16 -67 -12 -4 7 21 
-31 113 -44 11 -7 -1 26 2 
-5 -75 -83 -52 -10 -8 -22 -43 
16 31 -29 11 3 4 10 13 
6 -16 2 39 7 2 -3 29 
-15 -53 32 -5 9 2 -15 -11 
-8 -53 39 36 -2 -3 13 45 
-1 65 -27 -34 -3 -1 1 -25 
-9 -29 -64 -25 -18 -8 -1 6 
39 17 26 6 6 2 -3 11 
-4 89 18 19 6 5 1 0 
16 -48 20 12 4 2 0 19 
-50 -75 11 -9 4 3 8 -4 
5 -79 2 11 -9 -7 0 0 
-1 8 21 8 8 3 -9 -19 
10 -29 -26 -14 -13 -7 6 24 
2 -10 26 37 14 8 2 -11 
-22 63 -15 -38 -6 2 4 14 
-6 -95 5 7 -7 -5 -11 -44 
-1 -17 42 15 -1 -3 -7 -15 
13 -45 -60 -7 -3 -2 14 32 
11 49 42 7 3 1 -7 -11 
5 -49 -65 -9 -5 -2 -7 16 
1 -34 -17 -39 -7 2 8 20 
4 91 53 29 1 -5 -5 -2 
-6 19 -13 12 2 1 0 -16 
10 3 -26 -39 -3 -6 -8 14 
-3 -30 -66 -43 -13 -7 -6 -23 
15 -11 43 7 1 1 3 35 
-27 -111 -18 -4 -1 -2 3 -32 
-23 -20 32 38 9 2 -1 -10 
9 121 42 -10 3 2 1 -10 
-16 48 -56 -15 -5 -1 3 -2 
20 -49 -19 9 0 -2 2 4 
-4 25 25 20 1 -1 -3 13 
-14 -39 -21 -12 0 1 5 0 
-21 -8 12 3 -2 -1 -10 -2 
10 5 -33 -30 -2 -5 -2 -15 
6 20 11 -15 -6 0 -2 9 
16 -51 7 24 3 1 4 17 
-24 115 -16 3 -2 -4 -7 23 
-6 -66 10 -3 1 1 23 11 
3 63 -4 -19 0 1 -5 -19 
-15 72 -9 15 -2 1 1 19 
1 21 11 16 7 5 2 -6 
27 -38 -6 -5 -8 -7 -8 14 
-7 2 29 22 1 0 5 -7 
10 55 -8 -31 -1 4 1 45 
-10 0 -12 2 0 -6 -5 -60 
4 -5 7 7 0 3 -7 1 
13 -63 -18 -2 -4 -2 9 9 
-13 -46 56 61 10 0 -17 -29 
30 -40 -8 -39 0 0 6 40 
-19 99 -50 -33 -14 -8 -2 -55 
16 16 37 -4 -7 -1 4 36 
26 1 -37 -19 -8 -2 -5 7 
-17 -10 63 49 13 4 3 -41 
-21 13 -45 -18 1 -2 -12 1 
2 -60 -18 0 -7 -5 2 10 
53 82 35 11 0 -3 -1 1 
18 16 -20 -6 -3 3 -5 -5 
11 58 -2 26 5 0 -1 34 
-9 -26 0 -13 -3 -1 -10 -24 
-16 -54 -11 -6 -1 -2 3 29 
16 -103 0 11 -3 -7 -7 -41 
-6 28 17 -8 -1 0 9 3 
-9 -83 -1 36 15 6 -16 8 
2 -6 37 -20 -5 0 -3 -15 
-39 -90 -53 -31 -19 -11 10 -3 
8 10 14 -1 -1 1 -2 -8 
5 29 22 -5 -7 0 -14 7 
-21 -73 45 30 10 -3 4 -39 
-5 -39 -7 0 2 2 -6 26 
-7 -24 9 6 -1 3 -9 -24 
-10 7 7 7 3 -2 14 -22 
12 -23 -23 -8 -5 -3 6 16 
-42 -38 -62 -36 -13 -10 -30 -80 
6 -19 48 24 6 -2 13 36 
-13 44 -18 -34 -4 2 -9 21 
6 -23 -11 -6 -5 0 13 2 
0 13 23 19 5 5 6 33 
-5 -65 18 2 -1 -1 -8 -27 
-41 -47 -52 -35 -7 -9 -9 -40 
-16 15 -40 2 -3 -3 -1 -3 
41 29 5 -20 -6 1 -18 43 
-16 -50 58 24 8 2 26 14 
-1 -69 -49 -7 -11 -4 3 -10 
10 6 -11 1 3 -1 -5 -3 
-1 28 8 0 1 -2 -19 2 
0 73 -1 14 -1 -1 15 33 
21 -92 -23 -57 -10 -7 8 10 
-20 20 -12 3 -2 -3 -26 -47 
15 -19 24 5 3 -2 10 12 
4 67 20 -1 -5 -8 -12 -36 
0 21 -24 27 10 4 0 -24 
17 -6 -28 -19 -6 -3 -15 42 
-18 124 27 -2 4 4 19 -31 
41 -128 19 -17 -9 -3 -14 21 
-48 32 -59 18 4 1 0 -35 
-7 -40 -16 -27 -7 -3 6 2 
-3 -121 15 21 8 1 2 9 
7 -12 12 8 0 3 -1 6 
1 93 33 15 0 1 -6 19 
-24 -15 8 4 3 0 -8 -50 
-6 -26 -30 -14 -5 -5 8 -4 
-20 3 -59 -2 -2 0 -14 -1 
-6 31 53 6 6 0 -11 -6 
4 11 19 15 3 7 48 24 
27 24 -13 -10 -6 -7 -6 9 
-9 -73 -46 -9 -3 0 -11 -23 
30 68 98 44 13 3 -2 7 
-20 -81 -65 -73 -18 -7 -11 0 
-10 34 8 2 -14 -2 5 -9 
-11 -7 4 3 9 3 1 9 
-6 -63 85 8 4 2 1 -5 
0 37 -39 30 8 2 -1 10 
23 -47 -7 -6 0 4 5 24 
-58 22 16 -2 -2 -1 -11 -36 
19 -32 -20 -27 -11 -4 1 10 
-3 36 -27 -15 1 -3 1 2 
-10 -89 -36 6 -4 -2 -4 -23 
26 12 13 9 2 -3 -1 10 
-12 3 -11 -2 -2 -2 9 7 
36 3 24 10 -2 -2 -5 4 
-34 -10 17 9 5 0 -3 5 
-3 30 -2 -3 -1 0 1 -15 
13 10 -53 -57 -15 -6 4 5 
-2 50 13 17 4 0 -4 11 
11 27 32 5 3 1 3 17 
-4 17 16 -3 0 -3 -5 -34 
3 5 7 8 -2 -1 4 18 
3 -15 16 9 0 -2 -4 15 
14 31 26 5 4 1 1 -6 
-2 3 -60 -7 -4 -3 -9 21 
5 -1 -26 0 -2 -1 15 15 
-70 -58 29 13 0 0 -9 -29 
27 40 -15 -14 -5 -1 -4 -26 
-6 -14 10 3 3 4 1 1 
12 30 2 6 0 0 -5 8 
2 7 26 14 4 2 -2 -52 
5 27 13 -6 0 -1 1 30 
-10 21 -43 -11 -2 2 -1 -5 
-4 -20 26 3 -1 0 -1 -5 
6 -13 10 10 3 0 2 8 
5 15 -40 -26 -10 -6 -7 -6 
-19 -18 0 -7 -3 -4 -1 11 
-17 -3 0 3 -6 -4 -8 -40 
9 55 0 8 5 2 1 24 
-28 -28 25 9 0 0 0 -36 
15 -4 -8 -16 -3 -2 2 25 
2 44 -37 -13 -6 -5 -5 -4 
17 -2 1 -9 -4 0 7 17 
-16 -8 11 15 4 1 -5 -7 
5 13 1 -9 -4 -2 7 8 
2 -31 16 -9 -1 -3 -9 -20 
-14 -16 -10 1 -4 -3 -1 -8 
23 33 13 3 2 1 5 37 
-9 -61 10 2 -3 -2 -6 -38 
2 -8 -10 3 2 1 0 19 
6 -3 -5 -12 -3 -3 0 9 
-21 -32 -5 0 2 1 -3 -10 
-2 -69 4 2 -1 -2 -3 0 
15 -64 24 2 0 0 4 7 
-10 61 13 7 1 2 1 -11 
0 -2 -21 -18 -7 -5 -5 -4 
-10 0 -4 -6 -3 -1 -4 -9 
-5 -4 -18 7 3 0 2 -3 
17 -29 22 14 5 -1 -4 9 
22 1 3 1 -1 -2 -8 2 
-19 37 4 2 3 3 16 11 
11 40 12 5 0 -2 -2 17 
-11 -31 -7 -5 -8 -6 -8 -26 
-37 26 2 -8 1 1 0 -21 
13 -7 -8 -11 -11 -6 -4 8 
-1 1 -21 1 0 1 3 22 
10 -20 2 -7 -1 -1 3 19 
-2 -15 -18 -5 -4 -2 3 6 
7 18 7 6 4 2 -5 -10 
-3 -23 11 4 0 0 -2 -6 
-3 0 -12 -5 -3 0 -4 -7 
5 -2 -7 -2 -2 -1 1 -1 
4 -39 18 15 2 -2 -2 5 
11 30 -7 -14 1 0 -2 13 
-15 -21 -15 -6 -3 -1 0 -32 
4 5 6 2 -1 -3 -2 -5 
21 -2 4 5 -6 -3 -6 9 
-11 -14 -24 -17 0 0 0 -13 
4 9 6 4 -3 -1 3 26 
-14 -27 13 4 1 0 -9 -36 
-14 41 -3 2 -3 -1 10 1 
4 -52 -11 -2 -8 -5 -7 1 
2 27 -10 -21 1 -2 -1 -3 
1 8 10 0 -3 -1 0 12 
12 -75 6 7 4 -1 -6 -8 
-11 33 12 6 0 1 3 -8 
-3 -27 -10 -2 -1 -2 -2 1 
12 9 6 -3 -1 0 3 12 
3 -9 -7 0 3 1 -2 -6 
-3 8 14 5 3 2 2 2 
-10 -12 -12 5 -5 -2 -5 -30 
-2 1 5 2 -1 -2 6 20 
-6 25 5 -3 -8 -6 -6 -3 
-26 13 -20 -10 -4 -6 -12 -61 
9 3 6 -5 0 -1 0 14 
-6 -22 -5 3 -2 -3 3 2 
19 67 -21 4 8 7 7 21 
12 63 54 3 0 0 1 8 
-5 -82 2 4 -1 -4 -7 -20 
4 8 -22 -14 -6 -3 0 7 
-16 -24 -29 -12 -2 -2 -18 -15 
8 -9 3 7 2 2 30 17 
2 -2 -6 6 -5 0 0 18 
-8 10 14 8 -1 -1 -2 18 
-6 21 22 6 7 0 -5 -23 
-16 -92 -7 -3 -2 -4 -10 -7 
28 -25 -19 -3 -3 -3 0 37 
-21 17 7 -1 0 4 5 -31 
-27 8 12 -6 -3 -4 -6 -6 
-29 -27 -25 3 -3 -2 -7 -10 
10 28 -3 -6 2 0 1 3 
11 -3 -7 -5 -2 -2 -4 6 
15 -4 11 6 3 2 9 27 
0 20 -33 -12 -3 0 -12 -29 
-27 -17 -19 -33 -14 -9 2 1 
-2 25 -12 1 2 2 1 -8 
-5 -3 18 8 0 3 4 1 
25 10 1 15 1 -1 -2 17 
-7 13 12 10 3 -1 -4 -22 
10 -17 -3 5 -2 -3 -1 1 
2 1 -22 -8 -4 -3 0 -2 
2 13 6 -5 -2 -1 -4 1 
16 -75 44 28 12 5 5 22 
-22 -5 -7 -18 -7 -2 -1 5 
-3 -6 -16 -8 -9 -5 -10 -13 
-4 -8 9 -15 -4 -2 2 2 
-9 1 12 3 1 -1 -6 -1 
16 -12 10 16 7 2 0 10 
5 2 -8 -3 -1 0 3 -5 
4 -7 -1 1 0 -1 -2 17 
8 -14 3 3 0 -1 0 -31 
23 49 -8 -11 -4 -3 -2 6 
-23 -25 -13 -4 1 3 -5 -8 
-6 30 1 3 -1 -1 3 3 
-3 25 8 3 -1 0 -1 -6 
-9 -22 15 13 -8 -5 -4 -19 
10 -14 -20 -31 -4 -3 1 14 
-1 -11 12 3 -2 -2 -3 10 
-7 20 -28 -4 0 0 -1 -5 
6 -3 13 6 2 -3 -1 5 
2 -52 10 4 -1 -3 -3 0 
-3 22 -4 3 0 1 1 -7 
-3 6 -12 -1 2 -2 -10 -3 
-6 -15 -27 -13 1 1 14 20 
2 -11 15 0 -5 -5 -3 11 
-24 -10 -32 -7 -2 -3 -5 -43 
9 14 24 8 -2 -2 -1 13 
-4 -16 -21 -6 -1 -1 -7 -7 
5 24 -2 -1 2 0 6 15 
8 -39 13 -1 1 -1 0 8 
3 95 14 4 1 0 1 -4 
-15 -15 11 5 4 5 0 4 
4 10 -14 0 -3 -4 -2 -13 
10 16 11 3 -1 -1 8 16 
-15 -19 -7 3 -3 -2 2 -18 
2 -39 7 1 -2 -5 -9 -7 
-2 64 -8 -13 -6 -3 -8 -25 
2 -16 -37 -2 -3 -2 -5 6 
5 -17 -22 -19 -5 -2 5 15 
-11 4 33 11 1 -2 -2 -30 
-21 -12 -8 3 2 0 -4 4 
15 64 12 6 -1 -2 0 -3 
-5 10 -44 -21 -4 2 3 18 
19 -31 -27 -4 -1 -2 -4 13 
-10 -18 14 9 0 -1 0 -8 
-4 3 1 -9 -2 -1 -5 -8 
-2 -9 -30 -12 -3 -2 -1 7 
-4 8 1 9 -5 -3 1 -13 
9 -24 -4 -6 2 0 1 12 
-4 -10 16 7 5 0 -3 -4 
1 -2 21 10 1 1 -4 2 
3 7 -17 -14 -3 -3 -2 -2 
11 -11 21 12 -1 0 4 11 
-7 18 -15 -4 -2 1 -3 -16 
-13 -6 2 -6 -3 -3 4 -7 
1 -4 -5 1 -1 -2 -5 17 
-6 4 4 -2 -1 1 2 -1 
7 -23 -10 -7 2 2 -1 -25 
9 2 38 18 3 1 2 7 
-20 -34 4 -1 1 1 2 2 
4 11 -25 -8 -6 -6 -6 -14 
4 -86 -35 -24 -7 -4 -3 11 
-5 -15 11 0 2 -2 -9 -35 
34 3 -5 6 -2 0 4 41 
-49 7 29 9 2 0 -1 -47 
-4 -21 -12 -11 -4 -1 -4 5 
-13 -8 8 0 0 -1 3 -10 
17 26 -1 -5 2 3 -1 18 
23 -2 -1 7 2 0 1 9 
2 10 35 23 4 0 4 20 
-15 3 -1 -5 -2 -3 -8 -22 
-10 3 -51 -32 -9 -4 -1 2 
24 18 14 6 -2 -2 -1 -8 
-24 -13 21 10 1 -1 -2 -6 
7 92 10 3 1 1 3 15 
-3 1 7 8 1 0 -2 -15 
19 -13 -27 -7 0 4 4 33 
-26 -13 -15 -5 -3 -2 -6 -20 
-14 -8 0 -2 -4 -4 0 -19 
6 -4 15 0 0 -1 -3 -7 
-8 -1 -20 -16 -3 -2 0 2 
11 16 -8 1 -3 0 -3 9 
5 -51 -25 -9 -2 -1 -7 2 
-5 79 18 5 1 0 3 -12 
10 13 18 7 1 0 2 6 
7 -3 -14 -7 -3 -2 -4 -20 
0 -13 6 -2 -3 0 -3 2 
-14 -26 0 11 3 1 0 18 
-19 9 7 -3 -5 -4 -7 -40 
12 12 9 -12 -1 1 4 15 
20 31 -1 -5 -2 -1 0 16 
6 -9 -6 0 1 0 -1 -4 
