#EMG
#4
#ID:4-5
-6 11 -8 -1 -1 0 -2 -15 
-7 -44 -4 0 -2 -1 -2 5 
14 -5 -7 -6 -1 0 3 11 
-3 1 5 0 -1 0 2 -1 
3 -21 7 5 1 -2 -7 -14 
1 58 3 -1 -1 1 2 11 
1 40 -26 -15 -9 -5 -5 -14 
-7 -11 11 2 2 -2 1 -2 
2 0 -5 -3 -2 -2 0 8 
-3 -15 2 3 0 0 0 -6 
11 -47 10 4 -2 -4 -2 8 
-1 70 13 3 0 -1 -2 5 
4 13 -3 -10 -2 -1 0 12 
-16 -26 -4 -5 -2 0 -5 -29 
-1 1 4 3 0 1 2 4 
2 -1 0 -2 -3 -3 -3 4 
-7 8 -1 1 0 -2 0 -9 
-3 -2 -7 -4 -2 0 -1 -2 
10 0 1 1 -1 0 -2 14 
7 -19 10 7 2 2 0 21 
-15 90 9 6 -3 -2 -6 -46 
-1 -30 -36 -28 -3 -1 1 -7 
-4 -8 8 6 0 1 0 -2 
-1 -21 -18 -9 -6 -3 -1 4 
-2 -4 5 1 -1 -1 2 17 
3 2 7 6 -2 -2 -1 -1 
3 -6 1 0 2 -1 0 15 
-10 -41 -25 -7 -3 -2 -4 -36 
7 29 20 6 -1 2 1 25 
-12 -7 1 -7 -2 -4 -1 -23 
5 -16 -8 -6 -2 -1 -3 7 
-2 -1 3 -1 1 1 -2 0 
-3 -7 1 -5 -3 -5 -5 -15 
4 3 -1 6 0 0 5 25 
9 5 1 2 0 0 -2 -1 
6 -1 10 3 -2 -3 -3 -21 
-2 -11 -32 -9 -4 0 -2 0 
-4 1 9 1 0 -1 -2 -4 
1 6 -1 -5 -2 -2 2 8 
-3 -93 8 5 0 0 -2 4 
3 58 14 7 3 4 3 -7 
1 25 5 5 0 1 1 10 
-6 -13 0 1 -3 -1 -3 -12 
2 -8 -7 0 2 1 -1 -1 
5 -29 2 -14 -6 -2 0 12 
-10 -23 -4 -1 -2 -1 -5 -3 
-4 16 5 1 0 -1 0 -4 
0 29 -1 1 1 1 3 7 
-1 -32 0 -2 -2 -3 -3 1 
2 -15 -13 6 -3 -1 -6 -14 
0 -10 3 -7 -2 -1 -1 9 
-4 16 -8 -9 -3 -3 -2 -14 
-3 -15 -4 0 1 2 3 0 
-11 -27 11 1 0 0 -1 -8 
-10 -3 7 9 3 0 -3 -5 
3 -23 -14 -5 -5 0 -1 -1 
-14 -32 -2 2 -1 -1 -2 -21 
10 5 3 1 -3 1 1 16 
2 24 -11 -4 -2 -3 1 -2 
-1 10 9 4 2 0 -2 1 
-2 -15 -7 -5 -3 0 -2 -3 
10 34 -1 1 -2 -3 -1 20 
-15 -26 -5 -7 -1 -2 -2 -23 
0 14 3 -3 -2 -2 -2 6 
-1 7 -2 5 1 -1 4 2 
-3 -9 -6 -2 -1 -3 -5 -11 
4 7 3 0 -1 -1 -2 17 
-3 15 -2 -4 -1 -2 -1 -10 
8 3 5 2 -1 -1 -3 21 
-18 -13 -8 -12 -5 -2 -2 -18 
-7 5 -7 -4 -2 -2 -3 -15 
12 0 7 5 3 3 -1 12 
-12 -17 -3 4 2 -1 -1 -5 
14 3 16 5 0 -3 -3 -5 
2 4 -15 -20 -8 -3 -1 8 
-16 -80 -4 -4 -2 -1 2 3 
-7 97 10 -2 0 0 0 -16 
15 -11 -2 8 1 0 1 23 
-4 -8 -3 5 -1 1 0 -24 
5 -1 8 -2 -1 -1 1 20 
-6 -36 5 -4 -5 -5 -4 -33 
-5 -8 -16 -6 -1 -2 3 5 
2 5 3 0 -1 -1 -6 -4 
-4 12 -8 -2 -2 -1 -2 -5 
14 -9 7 5 2 2 2 32 
-22 -2 6 -1 -2 -4 -1 -30 
7 -1 -2 -10 -1 -1 1 -3 
-13 18 -11 4 -2 0 -2 7 
2 -10 -9 -2 -1 -3 -3 -18 
8 -8 -6 -5 -3 -2 1 16 
-3 -19 5 4 0 0 1 14 
-8 38 3 -9 -5 -4 -4 -42 
-4 0 -6 -7 -2 -3 0 10 
-2 -71 -8 -1 0 2 0 1 
3 18 20 8 1 1 0 -2 
9 0 -13 2 0 -3 -1 5 
1 -18 2 -4 -1 0 1 21 
0 84 9 0 -1 -1 -1 -8 
-3 -24 -18 -1 0 -1 -1 5 
7 1 10 1 -2 -2 0 3 
-16 -33 -4 5 0 -1 -3 -7 
1 -8 -8 -2 0 -3 -3 0 
-1 -46 -12 -5 -2 -1 0 0 
15 87 6 -6 -4 0 0 18 
-4 -22 -21 0 -2 -2 -4 -14 
-1 -1 -5 -1 2 1 0 7 
2 -18 -6 3 0 -3 0 1 
-5 35 1 -6 -2 0 4 19 
-5 15 -5 -4 -1 -1 -2 -28 
7 -12 17 8 0 -1 -1 13 
-6 60 -23 -18 -6 -2 -5 -23 
-6 -65 1 18 4 1 3 -2 
9 83 7 -11 -1 2 1 11 
9 -12 -23 -1 -4 0 7 18 
-11 -15 -16 -5 -3 -2 -4 -34 
-10 20 17 8 1 -1 -7 6 
10 -13 -1 14 -1 0 17 20 
3 -37 12 -3 -6 -3 -8 -19 
-10 31 7 -9 -1 3 7 19 
9 -30 -29 -13 -5 -4 -7 4 
-4 -8 3 7 1 -1 -7 -11 
-13 -24 9 -3 1 1 1 -5 
24 33 9 22 -1 -1 -2 17 
-7 49 -14 -11 -2 1 2 -17 
-9 -16 9 -5 -3 -1 0 37 
10 -6 -19 -2 -3 -5 -7 -52 
1 -9 16 4 -1 -2 -1 12 
-7 2 7 8 1 1 -4 -37 
-1 18 11 0 1 -1 1 2 
0 28 -10 -3 -1 1 -4 4 
9 60 -6 -13 1 1 5 1 
-31 -112 -12 -11 -9 -4 -2 -21 
-2 7 6 6 0 -1 -9 -3 
5 43 25 8 2 1 7 22 
18 -58 -37 -19 -5 -5 -7 10 
-16 -13 8 -5 0 1 0 -11 
12 -21 -44 -3 -4 -5 -9 19 
-26 8 -6 -14 1 0 -3 -11 
-2 -37 -6 -2 -1 -1 0 -1 
10 -25 9 3 -3 -3 -5 8 
0 39 20 5 -4 -2 9 -1 
0 -18 -21 1 1 2 -2 -1 
-3 -20 14 9 -1 0 -1 -2 
-32 -12 29 10 1 1 2 9 
17 -68 -58 -23 -9 -4 -8 -2 
-13 -4 14 14 -3 -4 -2 -18 
-6 -77 33 6 6 1 1 -2 
7 45 -27 -24 -8 -4 1 13 
13 -9 18 7 1 -4 -11 1 
5 5 -23 -10 -3 -1 9 25 
-26 23 23 16 3 4 -1 14 
15 25 31 11 5 1 -2 -18 
-21 12 0 -19 -6 -3 2 -37 
9 56 36 26 4 1 -1 29 
-21 -33 -18 -16 -4 -3 -9 -37 
-12 -71 -35 -25 -10 -2 6 29 
4 6 14 11 2 1 -2 -23 
-6 53 9 -9 -4 -3 -10 -7 
-16 -30 20 5 -5 -2 12 10 
33 116 0 19 4 1 -4 -4 
-28 -19 -21 -15 -1 -2 -7 -19 
9 -40 -2 -17 -2 -1 4 -17 
7 9 -20 2 0 1 -5 10 
19 -35 5 -9 -4 0 1 12 
-20 -27 29 14 1 0 3 -8 
-3 33 -13 -1 -5 -5 -4 -21 
28 -34 -13 11 4 1 -6 -8 
6 30 -31 -18 -2 1 12 -7 
-16 -18 -9 -5 2 -2 -17 0 
0 12 -1 -1 -1 -3 17 47 
40 68 -14 -1 -10 -9 -10 -13 
-4 -36 26 25 11 5 -3 -49 
8 -99 -17 -28 -7 1 14 35 
13 7 1 -2 -1 -6 -12 -15 
-31 -23 -5 16 4 2 5 0 
3 -14 -40 -21 -8 -6 -5 16 
12 23 6 -5 -4 -1 -6 -5 
2 -86 14 19 7 6 0 12 
16 109 34 -1 6 4 7 3 
-28 -73 -28 -32 -4 -3 -7 -15 
6 38 5 4 -7 -7 3 18 
15 52 -16 3 3 3 -9 -31 
-7 -16 17 32 1 -6 -6 7 
-31 6 1 -30 -6 -3 0 9 
-3 -14 -21 -11 -2 -4 -19 -24 
-5 -16 -9 -15 -7 -2 20 -5 
2 48 7 -2 -1 -2 -13 -13 
3 -3 20 22 8 4 3 19 
3 -28 -29 -11 -2 -1 3 2 
-17 -37 -4 -10 -3 -2 -11 -10 
10 8 -23 -27 -8 -8 -8 -9 
-8 -71 -26 11 -8 -7 -6 -17 
2 50 5 9 3 3 -6 -8 
11 -39 45 29 3 1 4 27 
-31 -37 -41 -19 -2 -1 7 -2 
17 12 -23 -12 -2 -2 1 -4 
-15 -45 14 -4 -3 -3 -2 2 
4 -39 12 8 5 1 4 13 
19 -41 1 14 0 -2 4 6 
2 74 20 7 -2 -2 -11 -35 
2 -43 5 5 0 4 12 22 
-5 5 -5 -16 -4 -2 -10 -10 
14 -27 22 8 2 -3 0 -12 
11 41 18 4 2 3 3 18 
9 -22 2 2 -3 -4 5 1 
-11 12 14 5 4 3 -8 -12 
-16 -6 -18 -33 -10 -3 -7 -3 
0 -68 -61 -12 -8 -4 -4 18 
-21 -69 20 16 5 1 2 -35 
28 43 -12 -6 -11 -9 -1 11 
-35 -89 2 -4 -4 -3 -8 7 
4 62 49 21 5 1 3 -6 
7 -37 -33 0 0 3 4 13 
-11 -28 -44 -20 -1 -3 2 7 
-12 57 17 0 -4 3 -4 -21 
-22 -76 -2 6 4 1 1 -26 
10 21 3 2 -4 -5 -2 1 
10 62 11 3 1 0 -2 -4 
-3 26 19 15 6 5 9 50 
-5 -1 -27 -3 -1 -4 -8 3 
-9 127 24 5 6 2 -9 -83 
-29 -98 9 -20 -3 1 -3 4 
-9 -56 -34 8 -7 -6 -9 0 
19 30 35 19 6 1 11 26 
-21 -19 1 12 -2 -8 1 19 
9 32 -20 -36 -21 -9 -9 -19 
-2 33 -19 15 8 3 1 -9 
-1 -36 -58 -42 -7 -3 -5 -7 
9 -63 17 -6 -1 2 6 19 
-21 -65 29 25 7 2 -2 -1 
12 -36 -19 -15 -6 -6 5 11 
-1 6 9 18 -1 -5 -4 -17 
3 -45 20 -14 -3 -1 0 17 
3 -9 -1 4 -1 -3 -3 3 
-15 -65 -65 -16 -1 5 4 -17 
-17 -46 44 17 5 1 4 15 
16 24 -59 -47 -17 -3 -1 5 
-5 -3 59 18 5 2 -3 -9 
31 18 14 -9 -3 -6 -3 -2 
-6 -32 -40 7 -4 -2 -7 -14 
-8 0 -18 -13 -2 1 1 38 
5 48 -18 2 0 2 0 -18 
-5 -3 30 0 0 -2 -7 -10 
4 99 36 14 6 4 11 29 
-7 73 21 24 5 0 3 -33 
-7 2 -40 -21 2 4 -1 2 
2 23 24 3 -3 3 8 35 
3 -8 3 -6 -7 -6 -15 -38 
2 10 0 1 0 0 -3 7 
1 2 16 10 1 -3 -4 -5 
-9 -37 -12 2 0 0 0 2 
21 -11 5 -19 -4 -1 -5 12 
-38 -8 -2 9 2 1 11 -12 
1 -8 -17 -5 -3 -3 4 -3 
-3 -84 24 -7 -4 -4 -3 3 
19 -15 23 17 4 2 2 30 
1 -100 -2 13 8 -1 -13 -36 
-18 0 -43 -32 -10 -3 3 12 
-8 27 14 5 0 -2 -2 -18 
1 13 9 3 -5 -2 -2 -5 
40 23 17 25 6 0 2 56 
-21 -44 -1 -5 -2 0 -3 -10 
-25 8 -36 -18 -8 -4 -6 -41 
-24 -16 25 21 5 -1 0 3 
12 50 5 -1 0 3 1 17 
-3 51 -4 3 -3 -4 -9 -29 
20 1 -2 -14 -2 0 9 19 
-30 -55 30 1 1 0 -2 -6 
-2 111 -34 -10 -5 -5 -10 -37 
-1 -14 10 -9 -3 -1 2 12 
0 15 17 26 7 0 -7 -9 
13 -13 -36 -29 -6 -5 5 21 
-10 -16 -8 11 -2 -2 0 -11 
4 -57 -4 2 -6 -5 -9 -8 
28 -7 62 38 9 7 4 16 
7 12 -60 -32 -8 -3 -1 14 
-20 -68 -27 -32 -5 -8 -11 -7 
3 76 29 30 6 9 9 10 
-25 -57 -17 -8 -7 -9 -15 -4 
17 -53 41 1 -4 -1 13 50 
-29 -42 10 2 -2 2 -6 -46 
-5 -24 -8 -1 5 2 5 49 
0 14 2 1 3 0 -26 -28 
-7 23 -9 -1 -6 1 31 -10 
28 45 5 -12 -9 -8 -13 7 
-7 -60 -57 -8 4 2 0 -19 
-1 12 20 1 -1 0 5 32 
-15 -27 -40 -28 -7 -6 -23 -43 
6 58 49 24 12 8 12 16 
34 66 15 0 -1 -3 -2 -5 
23 31 -13 -3 -5 1 3 12 
6 12 -22 38 -1 -3 -14 -3 
-8 -110 3 -22 -4 -2 3 3 
-3 15 -13 -4 -6 -1 -3 -16 
-13 2 12 -5 2 -2 3 -32 
7 52 24 4 4 0 -1 10 
41 -33 6 15 -4 -6 -8 3 
-7 -77 -30 0 1 -2 -8 13 
-15 79 -12 -22 -5 3 22 -12 
10 -47 20 7 -2 -3 -21 -10 
-1 103 24 8 10 7 22 38 
-34 -33 11 -9 -5 -4 -5 -14 
4 -9 -4 1 -2 1 2 12 
-8 -64 -20 -9 3 1 -6 -16 
-12 -10 -40 -4 -5 -2 9 24 
-3 -9 29 -9 -2 -5 -15 -36 
-9 -64 -11 5 -4 -1 4 -2 
8 11 2 -3 -2 0 -1 9 
-28 -60 31 7 5 4 -3 -11 
1 18 -21 15 5 -2 9 11 
10 32 -8 -2 -6 -5 -7 6 
-3 -37 -36 -42 -6 -1 1 -3 
5 -50 9 -1 -7 -3 -13 -22 
14 43 -9 3 1 2 14 15 
3 5 14 1 2 -2 -6 -6 
-6 8 30 16 7 5 8 -17 
13 -16 -17 -3 1 2 -10 38 
17 -102 13 -3 -7 -2 4 9 
-24 4 -5 -3 10 9 8 -1 
-29 -48 14 1 -6 -9 -15 -74 
-3 -25 -24 2 -3 -2 -9 -40 
-12 -8 -10 2 -2 4 2 21 
12 38 0 -21 -4 -6 6 73 
-14 9 -5 10 -1 2 3 21 
-17 -73 9 -4 -5 -8 -5 -34 
11 42 29 7 -1 -1 -4 -5 
-4 -61 -37 -2 1 5 0 -4 
4 -2 12 9 5 -3 -8 6 
-1 54 1 -6 -1 -3 12 3 
-16 -61 -17 -7 -2 -2 3 2 
5 -6 15 -2 -3 -7 -11 -5 
6 -48 11 1 -3 0 0 -3 
3 -8 -5 -2 1 0 1 10 
13 30 3 3 2 -2 -8 -8 
-21 -51 -18 -9 -2 -1 -4 -20 
15 77 23 8 -2 -1 3 8 
-16 -3 -71 -27 0 0 -7 -22 
-17 33 28 4 -1 -3 0 -3 
25 33 -38 7 -3 -6 -9 -15 
-23 17 -25 -22 -5 1 1 -6 
12 -18 4 1 -4 -3 0 1 
11 -20 -8 0 -1 -2 -9 -6 
-14 9 16 0 1 -3 4 9 
-10 7 36 17 -1 -3 -10 -21 
6 39 -88 -11 -2 -1 8 9 
-9 50 -1 -7 -1 -1 1 1 
3 -36 67 31 6 4 -4 -4 
3 57 -89 -30 -2 2 5 7 
24 -10 46 2 1 5 9 45 
-42 -38 -23 4 3 -2 -5 -35 
16 82 47 -14 -4 -2 2 4 
4 -15 -51 21 -6 -6 -5 2 
-7 -23 4 -13 4 2 -2 0 
21 -46 -5 1 1 1 4 26 
-9 81 19 7 3 1 -4 -38 
-9 -17 6 -32 -1 1 2 0 
4 14 51 13 -6 -6 -7 2 
-6 -26 -13 3 -2 4 1 0 
6 -63 -21 -22 -3 -4 -2 0 
-6 9 22 17 10 3 0 -8 
-6 13 27 8 2 -3 -5 -4 
-4 -29 -4 -2 -3 -3 -7 -26 
-4 -52 -16 -10 -3 0 -2 -15 
14 76 -17 -12 -3 -2 9 35 
3 -54 8 3 -4 0 0 6 
-4 2 -7 -7 -2 -1 -1 14 
6 -16 -1 -3 -4 -1 -2 1 
-2 -42 4 9 -2 -3 -1 1 
-5 -11 -11 -4 -1 0 -1 10 
-7 59 -7 1 -2 -3 -2 -21 
2 13 -35 -21 -3 -2 1 0 
-2 -15 40 6 5 -1 -2 7 
-10 -2 -8 19 -1 -2 -3 -20 
30 41 71 16 -1 -4 -4 13 
-36 -20 -35 -5 -1 -1 -6 -22 
8 -24 -24 -13 -8 -4 10 24 
0 2 8 1 4 4 -4 -28 
-11 -79 -14 -10 -3 -4 -5 -17 
14 0 9 4 -3 -2 0 27 
5 -2 9 -6 -1 -2 -5 -3 
-16 -35 -8 -10 -2 1 -1 -8 
13 -10 -4 -8 -2 -2 -1 7 
-8 -23 -14 13 2 0 8 9 
-4 9 23 4 -3 -1 0 -4 
8 -18 -6 -6 0 -2 2 7 
-9 9 -12 -1 -3 -4 -6 -9 
4 -10 -6 -14 -5 -2 -5 3 
-26 7 3 6 0 -2 -5 -24 
0 69 -23 -20 -5 -5 -4 -10 
10 51 -11 3 2 2 4 14 
-13 10 15 9 1 2 0 13 
2 4 15 1 1 -2 -4 -29 
7 46 -2 -1 -1 2 3 39 
-6 -71 -38 -11 -6 -2 -7 -46 
28 51 -14 -7 -2 -2 6 15 
-6 -6 37 13 2 1 -1 13 
-1 -31 -20 -3 -4 -5 0 -7 
-2 -1 8 -12 -6 -4 0 14 
-1 -84 -5 -2 -2 1 -10 -14 
-10 36 8 6 2 1 11 -3 
18 -47 -13 2 -4 -4 -4 7 
-5 99 9 2 4 3 1 7 
-7 -16 -14 -5 -5 -4 1 -8 
4 -44 8 11 3 -1 -4 9 
-7 -10 -9 8 -2 -2 -2 -15 
-2 -45 -14 -17 -1 -3 -1 9 
5 87 22 3 -1 -5 -2 2 
2 -5 -9 -7 -4 -2 1 -16 
-4 25 19 11 1 1 0 -1 
1 -13 15 6 3 1 1 8 
-6 -13 -8 2 1 1 -2 -10 
7 -9 -16 0 -5 -4 -4 29 
-24 -18 -14 -9 -3 0 -1 -19 
-17 -6 13 4 -3 -3 -9 -19 
-10 38 2 -15 -2 -2 -3 -19 
9 -13 5 -2 -3 -1 0 12 
0 -2 15 5 0 -1 -1 3 
-2 -40 4 3 3 1 2 12 
5 -8 21 12 2 3 2 0 
-9 -23 -46 -9 -3 -1 -7 -17 
-1 27 23 -2 0 -1 -2 -1 
-7 -22 0 -3 -5 -5 -2 -16 
1 -24 -11 -5 -1 -2 -3 1 
-5 -33 -1 -13 -4 -3 -3 -17 
2 76 11 2 -1 0 1 3 
10 6 -2 -7 -10 -8 -2 9 
-12 -3 20 8 0 0 0 -4 
3 20 -28 4 3 1 -5 2 
6 -22 -10 -6 -3 -2 4 5 
10 24 28 6 0 1 0 10 
-7 8 -21 -6 -2 -2 -1 -17 
-5 15 11 -6 -6 -2 -11 -14 
-3 0 -20 -1 -4 -5 4 6 
20 -47 -29 -10 -3 -4 -3 1 
-10 43 41 5 1 4 3 8 
0 45 12 12 6 4 2 4 
-3 -31 9 -1 -4 -2 -5 -9 
2 -1 13 -2 0 1 3 6 
-5 -54 -5 1 -3 -6 -3 6 
-4 -66 2 5 1 -2 0 -31 
3 -3 -11 -10 -3 -2 -4 4 
-6 -12 -26 -8 -3 -1 -2 23 
-13 -69 -10 1 -4 -3 -11 -30 
-13 -14 39 3 0 -1 13 21 
-3 36 -5 -1 2 0 -5 -16 
7 10 -3 5 0 0 1 11 
3 -14 -12 -1 0 -1 -1 2 
9 -5 15 10 -2 -2 -1 8 
8 0 -16 -16 -2 -1 -3 -1 
0 -4 -14 -5 -1 -2 -1 -11 
5 38 15 3 3 0 4 12 
5 2 2 6 -3 -1 -3 -7 
0 33 22 3 0 0 -1 5 
-5 0 -12 -1 0 1 3 0 
-3 -17 -1 7 3 -1 -6 -9 
17 -8 -16 -7 -1 -1 9 8 
-9 -38 26 3 -2 -1 -4 13 
-14 15 -11 -6 -4 0 -3 -28 
8 25 -1 -2 -4 -2 2 15 
-13 3 0 0 0 0 -6 -7 
-2 -15 8 4 -2 0 0 -3 
-2 -13 18 8 3 0 1 -2 
-15 -71 -37 -14 -11 -8 -9 -24 
17 87 6 -6 0 0 -3 23 
-14 -17 -10 -11 0 -3 -4 -42 
4 -5 8 3 0 -1 -1 1 
5 -16 -10 2 1 -1 1 2 
-11 -25 11 -7 -5 -3 -1 0 
3 1 -20 3 1 3 -1 -2 
5 9 19 11 3 0 -8 16 
-3 4 -19 -9 -7 -1 18 -1 
-36 1 -43 -17 -7 -5 -7 -32 
10 -7 -14 -21 -6 -2 -2 14 
4 30 5 1 -2 1 -2 -6 
10 10 7 0 2 1 -2 21 
2 -32 -3 2 -2 0 -4 -6 
-9 -19 24 13 6 0 -1 -6 
2 55 -8 -3 -2 0 6 6 
-6 57 32 5 1 1 0 -5 
1 14 11 -1 -1 2 2 5 
10 -26 -6 9 1 2 -6 17 
-19 -38 -3 -6 -4 -4 6 -18 
5 -14 -24 -7 -6 -7 -13 -8 
7 5 12 -4 0 -2 4 7 
-13 -62 -15 3 -3 -3 -2 -6 
-1 67 20 10 2 0 0 -7 
2 -5 -1 -4 -2 -2 0 2 
11 -14 -21 -2 1 0 -2 28 
-11 -13 4 2 -2 -2 -2 -31 
6 -21 -12 -3 -7 -1 0 7 
-7 -11 5 -6 1 0 -3 -5 
11 -14 -8 -7 -2 -3 -4 10 
3 -58 11 12 3 0 1 5 
-13 73 26 -2 -2 4 1 -4 
0 -4 4 2 1 0 1 7 
-13 -97 -44 -3 -2 -3 -1 -9 
8 55 10 0 -1 -1 1 4 
-8 -81 -6 2 2 -6 -10 -16 
18 61 -15 2 1 4 5 12 
-8 -17 37 0 -4 0 2 -7 
-4 -5 46 6 0 1 -2 -3 
2 -93 -68 -16 -6 -5 1 25 
-1 56 29 0 -1 1 -4 -14 
11 -16 -6 4 -2 -1 -5 11 
-3 106 16 0 0 -1 0 -17 
4 35 -15 -2 4 1 0 -11 
-19 -90 -19 1 0 0 -1 5 
0 27 -9 -1 -4 -3 -3 -5 
16 -12 -12 -10 -3 -4 -5 15 
-5 -21 24 4 0 0 5 8 
5 55 -4 -1 -3 -3 -4 -14 
-3 -33 -20 -1 3 1 -1 -13 
-1 86 -17 -3 -1 0 5 18 
-10 -101 6 -1 -3 -2 -7 -21 
7 -62 -8 2 2 1 1 10 
-4 -9 25 1 -2 -2 -1 -11 
-13 -38 -40 -7 -4 -2 -2 -2 
0 -17 -5 0 -2 -3 0 8 
-10 1 6 -10 -4 -4 -4 -16 
6 23 -17 -2 1 -1 -3 -2 
8 -74 4 3 0 -1 4 29 
-49 31 4 -2 -1 1 -3 -41 
23 16 -7 -1 -4 -4 -1 19 
-12 12 13 0 -3 -3 -4 -21 
-2 -7 0 -2 -4 -1 0 3 
8 5 -1 -1 1 -1 -3 -2 
5 45 -13 -9 0 -2 1 5 
-1 52 16 0 -1 1 -2 2 
1 3 -11 0 -1 0 0 -7 
-2 2 1 4 -3 -1 -3 -2 
2 -39 13 -3 -6 -3 5 7 
8 4 -23 -8 -1 -2 -5 7 
-5 15 1 2 -1 -1 4 -2 
14 20 15 1 3 -1 -2 4 
4 -38 -4 8 -1 -4 -9 -6 
-16 50 -39 -11 -2 0 -1 -16 
7 -5 40 4 -1 1 0 16 
-15 -49 -37 -4 -2 -1 -3 -12 
4 5 -10 -1 -1 -1 -4 -2 
-15 -25 -1 0 2 -1 3 -2 
10 36 2 -3 -2 -3 0 13 
29 24 -18 -4 -2 0 2 0 
-18 -42 -5 -6 -2 1 -3 -6 
6 -5 5 -1 -2 -1 -2 -1 
-16 -11 0 -2 -3 -2 -2 -7 
11 8 18 1 -1 -1 3 11 
-11 54 -15 2 0 -1 -1 7 
-11 -3 -5 3 1 0 0 -23 
2 -9 9 2 -1 -2 -2 -9 
11 10 -3 -6 -2 0 -1 25 
-28 -32 -7 6 0 1 -1 -19 
15 -23 25 5 0 0 0 6 
-7 -10 -19 -5 -2 -1 -2 -17 
-7 0 0 -1 -2 -1 -3 7 
1 -33 15 0 0 0 1 -2 
7 -42 -2 3 1 -2 0 12 
-11 9 17 7 1 1 -1 -9 
2 -13 -23 -22 -6 -3 -2 7 
-1 0 -7 2 -1 -1 0 -5 
3 14 17 3 3 0 -1 -1 
-22 -30 -22 -5 -4 -3 -4 -4 
-8 65 8 5 0 -1 0 -7 
20 -16 11 -5 -1 2 3 24 
5 -14 13 0 -5 -4 -4 -11 
2 -14 -63 -12 -3 -3 -4 -14 
-10 57 25 -1 -2 0 0 -1 
-2 -30 8 4 4 -2 -3 8 
-10 -1 0 0 -1 -1 2 0 
4 -40 7 1 2 -1 -2 -15 
7 -29 -3 3 0 0 -2 1 
5 11 10 5 -2 -1 -2 -4 
6 -21 -33 -19 -3 -1 -2 4 
-25 16 11 2 -2 -2 0 -2 
8 -13 11 2 1 0 1 7 
-6 -23 1 -4 -1 -2 -4 -13 
8 7 53 8 0 0 0 12 
9 -15 -45 -10 -2 1 -1 2 
5 60 9 10 0 2 1 4 
-10 -24 -9 -7 0 -3 -4 -2 
1 51 5 -1 -4 -4 -2 -5 
9 15 6 -1 -2 -1 0 7 
1 -46 7 0 -2 -3 -2 9 
-20 21 -20 -3 -3 0 3 -5 
-3 19 -5 0 1 -2 -11 -33 
-14 -32 -8 -5 -2 -2 2 -4 
3 -28 -18 -1 -1 -2 0 4 
5 6 15 -2 -6 -3 0 5 
1 -27 1 1 2 0 2 10 
-3 -9 -4 -4 -3 -5 -8 -2 
-10 -22 -9 -5 -2 -2 -3 -19 
-8 27 4 -3 -3 -1 0 -2 
-6 -18 -26 -5 -3 -2 -4 1 
4 13 27 6 1 0 -7 -4 
15 -9 -9 -1 0 0 6 12 
-1 -8 1 2 0 -2 0 8 
-1 11 2 2 0 1 -1 1 
-2 26 4 -1 -2 -2 0 3 
-8 -13 3 -2 -2 -1 -4 -15 
