#EMG
#8
#ID:8-17
-8 61 11 -3 -2 -1 -5 -30 
-22 -16 -7 -3 0 0 -5 -1 
7 -11 14 18 -7 -4 -1 -12 
5 -26 -24 -22 -4 -2 -3 6 
2 6 -1 1 0 0 3 8 
3 7 4 -5 1 0 0 -2 
-9 -42 -1 0 2 -3 -4 -9 
20 86 0 8 -3 0 -3 17 
0 -43 -11 -6 -1 -1 8 -8 
9 -29 -8 -5 -4 -2 -3 7 
-6 2 9 -3 -3 -1 -1 -1 
-7 -37 -5 4 -1 -1 -3 -13 
0 -40 -6 -5 0 0 -2 8 
6 -27 -5 9 0 -3 -7 -25 
-4 -59 -3 -4 3 1 9 7 
2 17 3 -1 -4 -4 -7 -14 
-13 22 18 9 -2 0 3 17 
-5 -7 -27 -20 -3 1 1 -3 
3 20 -2 2 1 -1 -2 2 
10 -68 -26 -9 -2 -5 -6 -4 
-2 9 19 1 0 -2 0 3 
6 -32 -15 5 -4 -2 -6 5 
5 21 0 -2 -1 2 5 -7 
6 -4 12 0 2 1 2 17 
-42 35 0 1 -5 -2 -7 -39 
23 1 14 -5 -4 -3 0 11 
-5 14 6 3 -2 0 -4 -1 
15 43 -7 5 0 0 -2 1 
11 -8 -1 -2 2 0 2 11 
-21 -46 -2 3 -2 0 1 -12 
10 62 4 0 -4 -4 -2 8 
-2 1 -9 -3 1 0 -3 -2 
12 -15 -19 -6 -1 -2 -4 2 
-4 11 8 6 -1 -2 -1 -1 
3 -16 0 -7 0 -2 7 4 
5 53 3 11 0 -1 -1 3 
-7 9 -9 -13 -7 -4 -2 -5 
9 -11 -16 -1 -2 -4 -5 -10 
-5 -3 -1 2 1 -3 -3 -11 
-14 23 0 -4 -4 -5 -4 -21 
27 -5 -18 -7 -2 1 -2 31 
0 17 7 -1 0 0 3 -13 
7 -49 3 -3 0 1 -2 8 
-24 -52 6 7 0 0 1 9 
5 -15 -17 -5 -2 -1 1 -30 
-9 -3 8 4 -1 0 0 12 
-6 89 -9 -4 -1 -2 -2 -7 
-3 -25 15 0 -1 -2 -2 14 
1 21 3 1 -1 -1 3 -2 
-14 -37 -3 -2 -1 1 -1 -10 
-1 -24 -4 0 -3 0 -2 0 
-9 13 2 -5 -2 -2 -2 -4 
6 19 11 1 1 -1 -1 2 
13 12 -23 -4 -2 0 4 18 
-18 -12 7 -6 0 -3 -7 -15 
11 25 20 6 -1 0 -1 -7 
-7 -20 -27 -28 -7 -4 1 10 
-5 29 6 2 2 0 -3 -7 
-9 -29 -2 5 -1 -2 -11 -4 
-5 -65 -1 1 1 -2 15 0 
8 -8 -22 -2 1 1 -10 -1 
10 9 7 1 -1 -2 9 9 
2 57 -2 -5 0 0 0 -3 
10 -45 -19 -4 -4 -2 -4 -1 
-13 -5 -3 0 -4 -3 -3 -3 
-9 -10 5 -1 1 -1 -3 5 
17 -26 -8 5 2 2 6 6 
-35 15 6 -4 -4 -3 -10 -42 
5 -6 0 6 2 -1 -3 1 
-2 -1 -2 -1 -2 0 -2 3 
2 -47 12 -4 -6 -7 1 -8 
-3 44 -9 -14 -1 0 -2 10 
-7 -31 20 5 1 0 -1 -12 
-7 -11 4 2 -1 -4 -12 -9 
-8 -28 -7 -3 -2 0 19 10 
19 -33 -8 0 -1 0 -1 20 
-9 19 4 13 -3 -1 -1 -12 
-8 -2 -24 -2 -2 -2 -5 -21 
-9 34 0 -2 -1 0 -4 4 
12 54 -3 -14 -2 -1 -2 -15 
2 -43 -5 -1 2 -1 4 12 
2 55 6 9 2 0 -3 15 
16 -32 -9 -10 -8 -5 -9 -9 
-3 -33 -14 -8 -4 -2 1 9 
-19 24 21 4 -1 0 -3 -18 
-5 15 2 -1 -2 0 5 8 
-6 9 2 5 1 -1 -4 -8 
-5 -33 -1 8 3 0 1 3 
10 14 8 -11 -4 -2 2 -2 
10 -16 -2 0 0 -2 -2 20 
-20 11 -21 -13 -4 -3 2 -13 
-17 -79 7 -7 -4 -2 -8 -9 
-1 -24 -2 4 3 0 1 7 
9 15 1 -9 -5 -2 -6 -12 
-12 -41 -16 -10 -3 0 -5 4 
19 -6 -9 6 0 -1 -2 0 
-23 3 -6 -4 -2 -1 0 -9 
-28 -79 14 7 -1 0 2 -17 
21 72 16 4 0 -2 -4 21 
-7 13 4 4 1 0 3 1 
4 13 18 15 0 2 0 14 
2 -14 -24 -26 -6 -3 -4 -26 
-27 -91 -5 1 0 -5 -3 -2 
17 70 30 14 2 2 2 7 
6 -23 -15 -14 -5 -6 -11 6 
-1 55 14 -2 -3 -2 11 10 
13 -53 -23 2 1 1 1 9 
-31 -9 -2 -10 -2 -2 -8 -18 
0 81 9 8 2 1 -2 -7 
13 -14 -11 -5 -5 -3 -3 1 
-9 27 6 6 0 2 2 3 
9 -43 -30 -4 -4 -4 1 20 
-12 -50 -20 -11 0 -1 -2 -27 
5 -31 0 -3 2 -2 -1 23 
17 73 24 12 -1 1 -8 0 
-23 5 -12 -11 -7 -2 10 -1 
-21 -120 16 6 2 -4 -11 -33 
5 -21 12 1 3 2 5 10 
6 -9 -12 16 5 4 3 6 
19 -15 -2 -16 -2 -3 -6 -28 
26 85 -13 -3 -6 0 0 21 
3 -17 15 4 0 -2 -3 -9 
-9 -61 -23 -23 -8 -4 -4 3 
6 -73 -2 -1 2 -1 4 5 
22 59 23 -8 -2 -2 4 14 
5 32 -6 12 -1 1 -3 -18 
-24 43 0 -1 0 1 -6 16 
0 -11 4 0 -2 -3 5 -21 
-6 -23 -22 3 2 0 -2 -10 
12 -25 15 12 2 -1 -4 11 
-25 58 1 -12 -5 -4 4 -19 
-5 -29 -37 -3 1 0 -10 2 
15 -34 -1 2 -4 2 4 31 
-8 1 -10 -6 -5 -5 -9 -33 
16 47 -1 -4 -2 -1 -1 1 
-27 -1 17 5 -2 0 4 -24 
10 72 -5 -2 0 1 2 14 
-7 -21 -23 -5 1 -2 0 4 
6 -47 9 4 -2 -2 -4 -11 
-10 97 2 7 0 2 0 -9 
34 23 -4 -1 3 1 1 42 
-58 62 55 -1 -6 -4 -4 -48 
21 -42 -3 7 2 0 2 17 
-9 -23 4 8 2 -1 4 19 
-5 13 8 -12 -1 0 3 -13 
9 -36 -32 -3 0 -1 2 31 
-11 39 24 3 0 0 -6 -32 
-5 5 -7 -2 -2 -4 -7 -18 
-4 33 24 17 1 -2 -6 -29 
4 61 -33 -21 -2 0 -2 32 
8 -24 2 5 2 3 21 -11 
22 -44 -2 -10 -4 -4 -11 19 
10 44 -11 -8 -4 -4 -2 -12 
9 -11 16 9 2 4 0 13 
-9 -3 9 6 0 -1 2 22 
-3 78 0 -14 -3 -1 -7 -30 
-3 -47 -27 -15 -5 -6 -1 6 
9 -22 1 -6 -1 -1 1 2 
-13 -59 -17 -5 -4 -3 -12 -19 
1 -39 36 19 4 0 4 17 
-10 -69 -14 -3 -3 -4 -12 -16 
-11 23 -24 -6 -3 6 17 24 
-10 -21 16 21 1 1 4 -4 
-16 21 -14 -26 -4 -9 -20 -20 
4 -67 7 8 2 3 19 46 
3 26 -8 4 0 -3 -5 -24 
19 89 15 -5 4 2 -2 10 
-22 -4 -2 11 -4 1 0 -9 
-18 -45 2 1 1 0 4 5 
17 0 6 -3 -4 -2 -2 6 
-1 -5 -25 -6 -5 -3 -5 3 
1 38 -26 -21 -2 -1 -7 -1 
6 -44 -12 -9 -4 -4 8 16 
19 -18 16 12 -3 -4 6 9 
-34 -108 -19 -11 1 0 -3 -26 
28 -38 1 6 -2 -4 -6 10 
-48 67 9 -1 1 0 3 -24 
6 -83 -16 -1 0 -2 -6 17 
1 -75 14 0 -3 -4 0 -26 
8 -30 11 20 1 -1 -8 7 
11 -33 -11 -28 -6 -2 -3 -10 
-11 -29 -3 4 -1 -5 -6 -30 
16 78 0 -15 -1 -4 -3 19 
1 -2 15 11 3 5 14 32 
10 26 13 9 -3 -3 -19 -43 
0 -38 -6 -4 1 -1 6 36 
-13 -25 -3 -17 -7 -5 -8 -40 
-23 51 37 10 3 3 -2 -11 
3 -3 -13 2 2 1 9 24 
17 -111 21 2 -2 0 -2 -12 
-19 32 -30 6 1 2 0 7 
10 -25 6 -1 -3 -5 2 4 
-2 -1 24 6 2 -2 -13 12 
-17 98 37 9 4 5 -2 -32 
13 77 10 -16 -5 -4 -5 36 
12 45 -26 -18 -3 -1 2 -7 
-5 -50 -17 -1 -5 -4 -8 -31 
3 -10 18 11 1 -2 3 -2 
5 -95 -6 2 1 0 -11 -15 
-14 43 42 14 4 1 3 18 
16 -11 -16 6 0 -1 9 6 
-24 41 -21 0 -4 -2 -12 -19 
-2 -99 -27 -29 -2 1 -3 6 
13 -50 8 6 -3 -5 11 6 
-17 3 -26 19 -1 3 -3 -14 
8 -48 -7 -30 -9 -8 -5 6 
0 -6 18 33 -2 -2 3 18 
-16 -85 -74 -48 -1 2 2 -34 
7 26 42 17 0 1 -8 2 
6 88 4 17 7 3 -6 -15 
15 51 31 33 2 -3 12 15 
20 -97 -83 -21 -5 -1 -3 7 
-16 -44 -22 -28 -16 -7 -4 -14 
11 39 1 11 1 -2 -5 -6 
-2 23 -16 -31 -10 2 -1 -13 
-28 58 29 7 0 -1 3 -6 
21 -29 12 3 5 2 3 25 
11 -77 1 -1 -1 0 -1 -4 
-2 112 -4 0 -1 -4 -3 -2 
7 47 16 25 9 8 5 10 
-30 -29 -23 -20 0 -1 -2 7 
-10 -29 -17 8 -5 -4 -1 -4 
18 -101 -39 -23 -6 -8 -4 -4 
-30 17 -14 -3 -13 -5 -6 -6 
16 -9 14 -5 0 0 1 4 
6 49 5 19 9 7 9 42 
-28 -43 41 12 4 1 2 -27 
23 32 -25 -15 -12 -11 -7 -1 
-5 4 58 6 0 0 -3 -16 
-23 -80 -83 -32 -11 -2 2 19 
32 -44 6 3 3 0 -9 -46 
-15 27 17 6 2 1 3 12 
-13 -1 -16 13 1 -1 -7 -1 
-2 29 35 -4 3 1 6 -10 
-9 -78 -33 -21 -3 -2 0 26 
10 -24 9 16 -1 -1 -7 -18 
2 2 -5 -21 -10 -7 -3 -3 
7 -11 11 28 4 -1 -1 4 
9 9 -32 -19 -3 -1 3 5 
25 66 24 13 2 0 -1 3 
-4 71 9 -17 -2 -2 -5 -24 
-9 -27 -71 -17 -5 -5 -23 -27 
-19 1 16 22 -1 -1 27 3 
15 -46 -17 -28 -4 -5 -14 -10 
-18 -33 6 20 7 2 3 -10 
-20 51 25 0 -2 -1 -1 6 
-2 36 6 -7 -1 0 -7 14 
-3 -93 9 -14 -3 -2 0 -2 
19 6 -11 19 3 0 4 -1 
-64 -53 22 10 0 -1 3 -26 
8 14 -24 -33 -7 -4 -14 6 
-11 -13 8 8 -4 0 3 -2 
8 28 6 13 3 -1 -4 -37 
16 -12 23 -18 -3 -3 -7 6 
-4 -98 -43 -10 -2 -1 3 10 
9 38 21 4 2 2 6 30 
-17 12 2 -4 -7 -5 8 -2 
24 24 -5 9 4 2 2 26 
-62 30 27 14 0 1 -1 -20 
19 -33 -19 -18 0 -3 -5 39 
-7 -104 -29 3 -9 -6 4 -20 
-10 -20 -36 -42 -8 -1 -1 -2 
20 6 42 16 -2 -3 -9 29 
-20 -14 25 18 5 1 -15 -32 
3 24 14 10 2 3 21 53 
-1 -29 -10 -10 0 0 13 -16 
-38 6 5 4 -1 -3 -13 -29 
29 47 -2 23 -1 3 27 50 
14 -38 -45 -42 -8 -6 -26 -3 
26 103 38 8 3 -1 -8 4 
3 33 20 6 1 3 6 3 
-17 -35 -9 3 -1 -1 8 -2 
35 -42 -44 -14 -5 -2 -8 36 
19 81 38 7 6 3 18 -27 
-41 -45 -88 -48 -18 -9 -11 -1 
12 -28 7 8 1 -5 -32 -40 
-24 31 33 6 10 14 42 28 
6 36 -19 -28 -19 -19 -15 -16 
50 26 58 40 15 8 10 60 
8 76 -13 -10 -3 -3 3 -23 
-35 -29 1 19 2 4 -17 -22 
26 -12 -31 3 -6 -3 4 11 
-17 3 3 -9 -4 -3 0 0 
-19 -22 -36 -19 -10 -1 -2 -30 
18 -23 -7 3 5 -1 -7 10 
-7 0 14 -4 -1 0 -7 -13 
31 -2 4 25 -1 -5 -2 3 
-2 -59 -57 -28 -8 -4 1 14 
-23 -2 5 -14 -3 -4 -10 -39 
-16 -69 -10 -11 -6 -6 -1 -3 
15 -65 26 29 8 4 8 -1 
-25 -7 49 15 7 0 -6 2 
9 -4 3 5 -1 -3 -6 -19 
-33 40 30 7 0 0 -2 24 
29 -86 -32 -10 -4 -2 -6 -26 
-1 2 -17 -15 0 1 9 16 
-13 -12 -34 -15 -8 -5 -16 -13 
-15 -99 14 -1 0 -1 2 -6 
21 99 46 -2 -5 -4 -2 1 
-26 -102 -23 23 6 0 1 -6 
9 35 3 -19 0 0 0 12 
-1 -74 -11 15 -5 -3 -2 3 
-11 75 -59 -9 9 9 8 -9 
8 -43 39 -8 -3 0 0 18 
-13 60 66 20 -1 -3 1 8 
-13 -78 -29 0 0 0 -7 -44 
26 120 31 8 4 -1 -4 0 
-3 26 4 18 10 5 4 12 
-14 -35 -33 -9 -10 -4 3 14 
37 88 -42 -49 -4 1 -1 28 
-32 -26 15 13 -4 -4 -8 -37 
-5 25 2 5 1 2 6 -1 
14 17 4 -9 -8 -2 0 20 
-5 62 -8 -10 -1 4 2 -9 
8 -71 15 -3 4 -3 -8 6 
-8 -37 -26 -25 -13 -6 2 -7 
18 -51 31 34 9 2 2 8 
-6 -63 -80 -2 3 5 3 14 
6 -18 21 6 -3 -3 -3 -1 
-16 -10 -3 -14 -3 -3 -2 -18 
-1 -35 -38 -26 -5 -5 -8 -14 
-10 59 59 15 7 8 5 -2 
-16 15 -34 14 -2 -5 -2 -6 
31 13 11 -11 -4 -3 -1 32 
-25 -10 4 3 -2 -4 -5 -13 
-6 11 29 24 4 -4 -8 -11 
-6 -34 20 -10 1 8 9 13 
6 115 -23 -29 -11 -5 1 -19 
-6 -52 13 13 5 5 5 -4 
-7 -27 24 20 4 0 -1 8 
-21 47 -31 -27 -4 -1 -2 -9 
33 -1 28 27 4 -1 2 34 
21 75 3 -18 -1 3 3 -28 
-11 -32 -34 3 -4 -4 -4 8 
21 -28 18 -5 2 -3 -2 -24 
-40 -66 7 25 3 0 2 5 
38 95 -11 -21 -5 -5 -6 -11 
-28 -71 33 33 9 2 -6 -1 
33 -32 -47 -25 -5 3 13 43 
-3 -56 -33 -29 -9 -5 -8 -25 
1 -75 -27 0 2 0 0 4 
2 9 15 12 5 0 1 -2 
4 57 -43 -32 -8 -1 0 28 
-1 89 39 26 5 2 -2 -17 
-54 -65 -22 -6 -4 -6 -3 -1 
50 -40 -14 -14 -13 -8 -3 10 
-31 -8 14 37 3 -2 -5 13 
24 -74 36 10 0 1 -4 18 
-25 71 -21 -37 -8 -1 -3 -57 
21 43 23 5 -4 -4 -6 28 
0 -29 -16 11 1 -1 17 13 
-17 -10 19 5 0 -4 -14 -60 
16 -49 8 9 1 0 -4 36 
-10 39 -9 -29 -8 -5 2 -12 
-27 -64 -6 15 -5 -6 -18 -62 
-2 66 20 -9 9 7 1 42 
-9 -25 -20 13 -10 -2 -1 -3 
-3 -41 7 -22 -3 -4 -4 -17 
21 46 4 -9 -3 -2 -1 1 
-9 32 -7 17 -2 0 -11 -35 
-2 -14 -8 13 1 -1 11 29 
-5 -93 11 -10 -2 -1 7 12 
-16 19 18 7 -3 -4 3 -38 
-21 -23 -8 10 -1 -2 -7 -49 
44 5 25 0 0 -3 -3 67 
0 -11 -19 -18 -4 1 1 11 
-38 -74 -23 4 -1 -1 -2 -29 
38 -35 -22 -13 -3 2 5 26 
-28 21 18 17 6 3 -2 -42 
-12 -14 -94 -29 -12 -5 2 6 
19 -55 34 12 1 -1 -13 20 
-24 52 -14 -10 -3 -3 10 -32 
15 -79 25 14 4 -4 -8 -7 
-31 44 29 19 3 0 -11 6 
-6 -17 -18 -20 -8 0 11 -21 
18 -77 -25 -39 -8 -7 -2 30 
5 45 1 9 0 2 -3 14 
-26 1 -4 -18 4 5 5 -24 
16 56 24 9 -3 -4 -6 36 
-13 -3 -15 16 5 -1 -10 -35 
-10 40 11 -33 -7 -7 8 -17 
23 -72 -68 -10 -15 -10 -12 -17 
4 -22 23 3 2 1 -10 26 
-16 49 24 2 0 -2 8 11 
-10 2 20 24 9 6 0 -2 
24 42 7 -10 -5 -3 -7 -8 
-2 -93 -16 -8 -3 -4 -15 -17 
17 45 9 7 -1 1 16 21 
7 -39 -15 5 -2 -2 -13 -23 
-7 1 23 14 4 1 9 9 
15 12 12 7 7 6 7 44 
-16 -59 -14 -16 -9 -3 -15 -33 
-3 57 -7 1 0 0 14 3 
37 -73 34 -19 3 3 -2 0 
-5 120 -25 -12 -18 -8 -8 11 
-18 -8 -19 -13 -2 1 12 11 
29 9 -31 -15 -3 -3 -4 24 
-39 -24 54 46 13 6 1 -25 
1 -23 24 4 2 -2 0 -16 
16 51 3 6 -3 -2 -2 16 
12 -13 7 -4 -8 -4 -6 1 
-29 25 9 22 5 3 7 32 
18 -14 -18 -25 0 1 -11 -68 
-4 -11 -40 -16 -7 1 5 33 
-31 -16 12 9 4 -2 -11 -14 
19 19 23 -5 -1 -4 -3 3 
-9 82 -16 5 0 2 15 9 
9 -60 33 22 7 5 -5 14 
-21 -14 -60 -20 -9 -6 -5 -14 
4 6 26 -1 1 4 -2 3 
-3 -4 -10 -5 3 -3 0 -12 
14 -35 -62 -21 -7 -7 -19 -39 
11 57 63 49 11 6 11 31 
-4 -13 -35 -26 -9 -3 1 -26 
-5 -8 -15 16 -4 -5 -6 -3 
-4 -58 17 -16 -7 -6 0 8 
-8 35 25 -9 1 -2 -3 -10 
7 -1 -14 25 1 -1 -1 11 
2 11 29 -11 6 2 0 3 
-31 -27 -10 -8 -7 -6 -7 -25 
4 -38 -67 -17 -14 -5 1 26 
-11 24 18 13 -2 -5 -8 -53 
-3 -11 -2 -14 5 2 -1 14 
7 39 32 21 7 4 4 -8 
0 38 -14 -12 -3 -3 -4 26 
-13 -61 -20 3 -2 0 2 -10 
3 -35 11 25 0 0 -6 0 
-17 -10 -7 -51 -2 -1 -1 -20 
24 -15 21 20 -6 -1 0 -9 
-3 -81 -10 -3 -2 -3 -6 1 
2 -44 -14 -2 -1 0 8 17 
2 39 40 36 6 4 1 28 
-9 -30 -29 -29 2 3 3 -14 
-13 10 37 14 -7 -6 -8 -31 
10 -11 -36 -9 -5 -2 -1 23 
11 -46 -25 3 -1 -3 6 -7 
2 -23 12 -5 0 -2 -2 2 
16 37 -5 16 3 0 7 35 
-6 39 -10 -21 -4 -1 -6 -29 
5 6 -2 6 -5 -6 -7 20 
-18 -15 15 -1 4 4 0 -49 
14 23 -39 -29 1 1 0 15 
2 -24 21 1 -6 -2 2 7 
-9 14 -6 19 2 0 -3 6 
-7 -25 -7 -20 -2 -2 0 -14 
5 49 8 5 3 3 1 14 
-11 1 -3 -2 -5 -4 -4 -7 
-16 -11 -11 -12 2 1 -4 -16 
-1 0 2 17 2 -1 0 3 
1 7 18 -10 -6 -4 -1 -2 
-20 32 11 -5 -2 0 -2 -8 
20 -19 27 10 -3 -3 -1 10 
-7 -63 -31 -21 -5 -3 -4 -13 
8 -51 15 -4 -1 0 2 20 
-22 54 9 7 1 1 -1 -25 
-11 1 6 16 2 -3 -9 17 
-4 -9 -24 -32 -6 -5 8 -7 
7 17 -7 -2 -4 -5 -3 -1 
6 -23 19 3 3 1 0 5 
13 91 -6 -6 -3 -1 -4 3 
-6 -16 21 25 3 0 -6 10 
20 9 -24 -10 -2 -2 3 6 
-30 -28 -2 -6 -3 -4 -4 -32 
-3 2 7 5 3 0 1 -6 
-2 19 19 13 0 3 1 -10 
-12 35 -13 -13 -3 -2 -2 7 
13 1 -9 6 -4 -1 4 23 
3 35 21 2 3 0 1 -12 
-11 -69 -58 -4 -5 -6 -7 -3 
1 69 14 6 4 4 3 -8 
-4 8 10 -4 -3 -3 -13 7 
18 -10 1 -4 -5 -3 10 -3 
4 -45 13 4 3 0 -5 -6 
-13 79 6 10 3 1 1 -6 
-20 -24 -27 -16 -3 0 -1 -13 
15 18 -17 -2 -1 -1 -1 11 
-15 33 53 24 5 4 -5 -5 
-6 -58 -54 -14 -4 -1 0 30 
13 54 -12 -16 -5 -5 -6 -40 
-28 -53 -11 -12 -2 1 0 -13 
20 0 13 11 0 0 4 19 
-30 0 20 0 0 -2 -7 -21 
28 -23 1 14 6 5 6 18 
-6 -26 -4 -11 -6 -4 -6 -5 
36 84 -13 -8 2 0 -4 9 
-21 -25 10 10 -4 -4 1 -24 
4 -30 -1 -1 -5 -4 -6 -12 
2 21 5 10 0 -1 2 -12 
-5 4 -7 -26 -3 -2 1 13 
26 -59 0 -2 -1 -1 -6 5 
-13 58 20 15 5 3 2 -9 
-5 -28 6 4 4 0 -3 -1 
-13 -23 9 2 -6 -4 -6 -12 
5 -9 -7 3 -1 -1 3 11 
21 -40 25 2 -1 -2 1 3 
-12 -20 -28 -1 -2 -2 -4 -1 
11 15 -12 -17 -5 -1 -1 23 
-12 9 6 -2 2 -1 0 -39 
26 -27 14 9 -4 -3 14 42 
4 11 -4 6 2 0 -3 -7 
0 -19 2 7 0 -3 -1 5 
1 -66 -3 -4 -2 0 0 16 
4 79 -20 14 6 3 -2 -2 
2 -1 -11 -53 -15 -6 0 -8 
-9 -35 13 20 0 -1 4 16 
-3 75 -14 -10 -2 -2 -4 -10 
-7 -38 -8 2 4 0 -3 1 
7 -16 14 9 0 0 1 15 
-10 25 -1 1 0 0 1 -20 
10 -48 0 -1 -5 -7 -7 33 
-44 36 -27 -26 -3 1 -6 -33 
-6 -11 -34 -23 -10 -7 -3 -23 
-2 -8 -5 -19 -7 -6 6 -11 
9 5 12 17 5 2 2 -2 
12 -41 11 9 1 -1 -2 36 
-10 -14 18 10 6 2 -3 -14 
1 9 -14 -3 3 0 -2 -3 
-8 -13 7 -4 -1 -1 2 -8 
1 57 -9 0 -3 1 -1 5 
2 -8 -5 15 8 4 -1 35 
-10 -29 -30 -19 -9 -7 -2 -38 
-16 20 -21 -10 -3 -1 6 -5 
0 -29 -8 -3 -1 -2 -4 -6 
1 2 -8 -5 -2 1 3 16 
3 19 21 11 3 1 -6 11 
4 -12 -12 -5 -1 -1 -2 -1 
-24 -121 10 2 0 -2 3 -5 
22 49 23 22 5 1 -5 -4 
3 -40 12 4 1 1 3 0 
-29 72 -35 -25 -19 -10 -14 -26 
-16 -45 -46 -43 -10 -9 -5 -13 
-1 -6 25 12 -3 -4 -2 2 
3 21 13 7 4 1 0 7 
15 -15 21 21 8 3 2 14 
9 5 10 4 -1 0 -2 5 
-7 -6 -16 -10 -3 0 1 -6 
-1 -70 -17 0 -2 -2 -3 -1 
-1 27 3 1 2 4 -1 -8 
4 -3 9 0 -2 -3 4 24 
-16 0 20 12 3 0 -1 -37 
3 -15 -12 -4 -3 0 1 33 
11 -34 -52 -27 -12 -9 -10 -31 
-8 -11 -11 -17 -3 -4 -5 -7 
12 -1 27 13 2 0 0 19 
6 37 12 17 2 2 -1 14 
5 -35 10 3 9 5 -1 -6 
-11 24 17 15 4 4 4 2 
9 9 11 -4 -6 -3 7 19 
-17 16 -20 -25 -4 -4 -6 -31 
-14 -33 3 11 -1 -2 1 7 
1 -23 25 18 2 -1 -8 -31 
-8 5 14 -2 2 0 7 16 
2 -62 -19 -17 -6 -4 0 16 
-12 -17 27 16 2 0 3 -12 
11 81 -2 1 -1 4 3 20 
14 -10 -14 -4 1 2 1 22 
-11 -8 10 12 2 1 -2 -22 
7 -21 0 -1 2 -2 -3 15 
-6 -17 -1 3 4 -2 8 -24 
-25 -87 -9 10 -2 -6 -13 -27 
-4 51 10 -23 -7 1 -1 -3 
9 -6 -4 -4 -4 -4 -2 10 
8 9 9 1 0 1 0 9 
1 1 8 -4 -1 0 -3 -15 
-4 10 -21 13 0 -1 2 4 
-19 20 11 4 -1 0 -1 -9 
-9 -49 -18 -24 -5 -4 -5 -4 
0 7 -20 -8 -4 -6 -12 4 
-5 -14 -21 1 -4 -1 -2 -13 
22 31 19 2 1 3 5 19 
-2 -9 3 1 -1 -1 -3 -5 
-10 19 -7 -9 -1 -3 -4 2 
28 36 5 7 6 3 -7 51 
-65 -10 0 -8 0 1 15 -92 
9 -21 -1 22 -2 -4 -13 -6 
2 0 -25 -37 -10 -2 2 -4 
-8 -13 -1 -7 -3 -5 -4 -5 
15 0 3 5 0 -1 -6 13 
7 7 15 0 0 1 2 4 
-1 -10 -5 17 2 -1 1 -9 
0 14 32 9 4 -1 1 -9 
9 1 -47 -13 -5 -1 -4 24 
2 5 16 4 -1 -1 4 -22 
8 -9 4 5 4 1 4 31 
11 -3 0 -11 -9 -6 -7 -18 
-2 1 3 4 -4 -4 -5 -2 
-8 -49 -43 -19 -4 -2 -2 -11 
-13 12 10 -10 -2 -1 -1 -12 
11 31 2 11 7 4 7 31 
-1 0 27 18 3 1 5 19 
12 11 13 -9 -3 -3 -9 -20 
5 -17 -12 7 -3 -3 -3 -12 
-3 17 0 -3 0 -1 -1 -7 
19 -3 -19 -7 -3 -2 -4 21 
-13 27 8 1 1 -1 -9 1 
1 -26 -3 -3 0 3 23 10 
-5 -20 7 2 0 -1 -4 -12 
-8 8 11 7 2 -2 -2 7 
11 20 -5 -3 -5 -3 -3 0 
-3 9 -7 -5 -1 -1 -8 -7 
