#EMG
#0
#ID:0-16
-16 -61 1 -5 -1 -1 0 -16 
8 -16 5 8 0 1 1 8 
-2 10 7 -10 -3 -2 -4 3 
-5 -47 -22 -3 -2 -1 -2 -21 
-7 51 28 9 1 0 -3 -15 
-5 -39 -38 -8 -5 -4 -3 -8 
6 -8 -31 -7 -4 -3 -3 1 
6 -17 17 3 1 -1 1 30 
0 12 0 -1 2 -1 -7 -25 
-18 -67 -2 -8 1 0 4 -28 
34 83 -13 -3 -5 -4 -1 34 
-4 -10 4 1 -2 1 -2 -6 
4 11 -4 9 1 -1 -2 -1 
7 -2 5 -1 2 3 6 17 
-21 -34 2 -14 -5 -7 -12 -15 
-2 11 -4 2 -2 -1 3 -2 
-3 -8 -4 -5 -2 0 -2 -2 
0 -23 7 5 0 -3 -3 4 
3 -6 -10 -1 -1 1 -5 0 
-3 -25 -11 -4 1 -2 1 20 
-20 -23 15 2 -4 -2 -6 -27 
-22 -65 -7 4 -3 -3 3 -5 
-6 -49 -20 -19 -4 -3 -3 -11 
-6 36 0 -5 0 -1 -4 -4 
15 -3 -13 -6 -1 0 2 16 
11 -20 25 6 -1 1 2 16 
-2 43 8 7 1 2 4 6 
-13 46 12 2 1 -1 -3 -27 
18 -24 -7 -2 1 0 0 14 
-4 -11 7 6 1 -1 -9 -22 
1 -14 13 3 0 -1 11 34 
-14 18 -2 -4 -4 -1 -2 -32 
0 29 7 5 0 -2 -4 17 
-2 22 -4 6 2 -1 -4 -7 
-1 -22 7 -3 -2 -2 -1 -20 
-2 73 -19 -2 1 -2 -5 -1 
-15 -35 -16 -9 -6 -4 3 6 
11 21 11 0 0 0 0 1 
7 -34 4 10 3 0 -5 -1 
0 -117 -1 -1 -1 0 4 5 
-12 -30 -7 0 -1 0 -2 -8 
25 13 -9 -8 -3 -1 0 22 
-22 67 19 13 -3 -3 -4 -43 
7 -12 -10 -7 -5 -2 -2 -5 
6 -14 -16 -7 -3 -1 2 19 
-2 -10 -2 0 -2 -1 -6 -1 
0 -35 5 11 0 -2 4 5 
-4 96 23 1 0 0 0 32 
-9 3 -15 -7 -1 0 0 -39 
-18 1 -2 -4 1 -1 -9 -27 
6 -13 8 3 -7 -3 2 12 
-2 -32 -16 -14 -2 -2 -4 -11 
15 63 5 10 2 0 4 33 
-4 -50 -14 -5 -5 -4 -3 -9 
4 -13 -10 1 5 3 -3 1 
0 -31 5 -4 -6 -2 3 14 
-30 -89 -5 -6 -6 -5 -9 -32 
7 -4 -14 -3 -2 0 5 6 
-6 9 -12 -10 0 -2 -1 -3 
20 18 -1 5 0 -2 -2 12 
6 6 6 3 3 1 -1 8 
-5 17 3 -12 -3 -3 1 8 
10 -49 -17 -2 0 -1 -6 -7 
-6 58 12 0 -3 -2 -1 -5 
-12 -3 18 6 -1 -2 0 -9 
11 13 -7 4 -4 -1 1 17 
15 -61 3 -3 -4 -3 -3 31 
-16 3 11 2 0 -2 -3 -37 
14 -64 -10 -4 0 -1 1 22 
-4 7 -11 -4 -1 0 2 5 
-4 -20 12 4 -1 -3 -5 -4 
-9 -24 -11 2 -2 -3 -7 -22 
-11 -6 -3 0 -1 -1 7 0 
2 -9 1 -5 2 1 -5 8 
-9 30 -14 -7 1 1 4 -11 
5 -2 13 3 -4 -3 -6 -7 
6 30 2 0 0 -1 -9 3 
1 4 3 -1 -2 -3 0 -8 
-14 30 6 -2 -4 0 -3 -15 
-16 -39 -24 1 3 2 1 -25 
5 -15 0 -12 -3 -2 -3 9 
10 -35 -13 0 0 0 4 20 
-7 -43 16 1 -3 -5 -7 -35 
15 59 -15 -5 0 1 8 20 
8 -68 -1 0 -4 0 -3 -2 
-20 28 11 6 3 1 5 -7 
-2 16 10 -2 -5 -5 -7 0 
3 -38 -19 -20 -4 -3 -2 -2 
7 4 1 -1 0 -1 -2 14 
-27 -5 -1 4 -2 -2 -1 -32 
8 25 5 -1 4 2 0 6 
0 -18 11 13 0 -1 -4 23 
-17 15 -42 -13 -8 -6 -14 -32 
13 -2 25 3 -1 0 12 15 
-12 -15 -14 -10 -2 -1 -3 -6 
-2 -5 22 9 -1 -1 1 6 
6 36 -12 -5 2 1 3 8 
-17 -17 -1 1 -2 -4 -5 -10 
15 61 -6 -3 -4 -1 1 5 
2 14 -17 -8 0 1 0 13 
-10 38 11 0 -1 -2 -3 -13 
-6 -24 -5 6 2 1 -3 -27 
0 -22 -4 -21 -3 -4 -7 8 
9 -27 -10 0 6 4 13 16 
8 -2 -13 -2 0 -1 -4 -4 
2 -47 24 1 -2 -4 -4 13 
1 20 -21 -12 -4 -2 -6 -29 
-10 -42 18 13 -2 -4 -6 -24 
-7 9 9 -7 0 2 4 -8 
13 -11 -22 -5 -2 -3 -3 4 
-17 21 -4 3 2 4 4 6 
5 -2 -14 -10 -8 -3 3 2 
-13 29 18 9 1 -2 2 8 
0 34 5 -12 -4 -2 -5 -8 
7 -21 0 15 4 2 3 20 
-2 38 -12 -6 0 -1 -3 -3 
-10 -104 -10 -6 -2 -2 3 -18 
-5 -27 -11 0 -2 -1 -8 -14 
2 -28 3 3 -1 -4 1 7 
-4 -43 19 3 0 0 -4 -9 
6 53 -12 1 1 2 11 23 
15 89 12 1 -3 -1 0 -2 
-9 -16 1 -5 -5 -2 -1 -1 
-5 -15 8 1 -1 -2 -6 -10 
-5 5 8 -6 -3 -3 -6 -15 
-5 3 -24 -5 -1 -2 3 4 
6 27 2 1 -1 4 4 24 
-1 -5 3 -2 -1 -5 -7 -11 
7 -10 15 0 0 1 0 4 
-1 -89 -10 1 -2 -4 -6 -25 
-1 -8 16 11 4 3 6 35 
-21 -23 2 0 -3 0 -3 -11 
17 -19 -39 -16 -7 -7 -14 -17 
-10 -29 21 2 2 -2 14 28 
22 53 -6 -1 0 0 -2 -14 
-4 -61 -2 8 2 3 0 19 
23 28 27 27 4 4 2 32 
-19 97 -20 -34 -8 -4 -2 -54 
6 -37 -19 0 2 -3 2 9 
-1 68 6 2 -2 -2 -5 -5 
-4 -26 -21 -7 -6 -5 -5 18 
2 -32 6 6 1 3 -1 -13 
-16 -32 -5 -1 -2 -1 1 -27 
16 71 3 3 2 1 -1 17 
15 -63 4 1 1 -3 -9 -35 
-19 41 30 11 0 1 5 53 
-8 -3 8 -7 -1 -1 -3 -24 
-7 84 20 15 2 -1 -5 -2 
-30 21 -32 -9 -2 0 6 -13 
30 8 24 5 -1 -1 -3 30 
6 -91 -22 -10 -5 -3 3 -5 
-10 -41 -21 -3 0 0 -4 -4 
18 -16 49 22 4 0 4 25 
11 6 -57 -25 -9 -6 -12 -9 
-16 -65 10 3 0 -4 -6 11 
0 54 -20 -11 -6 -1 6 -14 
-16 18 16 4 0 -2 -1 1 
18 -58 -25 0 1 -2 0 2 
-8 -21 43 11 0 1 -5 -23 
4 15 2 -21 -1 -2 2 0 
-15 -20 11 6 2 5 7 40 
-12 -45 14 3 -1 -4 -7 -52 
19 39 -8 7 0 2 2 29 
-4 -60 -16 -1 -1 -4 -2 -16 
-35 15 -4 -5 -2 -4 -2 -55 
6 8 29 1 1 0 -2 24 
-8 9 -5 -3 -3 -4 -8 0 
12 -19 7 2 1 1 4 13 
-19 2 -17 -19 -5 -4 0 -7 
13 47 14 13 5 3 -4 -4 
-41 105 8 -9 -4 -4 -6 6 
24 -112 -48 -5 -2 1 17 34 
6 11 20 1 -1 -3 -7 -16 
-17 10 6 7 0 0 0 3 
-15 -35 -6 -4 -2 -1 0 -3 
-18 -37 21 -1 2 -2 -6 -4 
34 -2 -3 8 -4 -5 -3 26 
11 -15 -7 -2 -2 -1 7 3 
19 67 4 -2 2 1 -1 8 
-12 12 17 -1 -3 -4 -11 -16 
3 -3 -10 -2 3 3 6 1 
-21 8 15 7 4 2 11 -8 
31 -39 -13 1 -4 -2 -6 -35 
-3 -4 -1 -24 -11 -7 -12 3 
-1 -48 -10 -1 -2 -5 -14 -13 
-10 -32 15 -1 0 4 7 12 
11 -44 -50 -9 1 -2 5 25 
0 -40 41 9 -4 -1 -1 -11 
-1 11 -28 -11 -6 -4 -7 -2 
-1 -3 -3 -6 0 -1 4 -13 
1 -4 14 5 -1 -3 -4 16 
2 23 4 -3 4 6 -4 2 
0 44 9 -2 -4 -2 14 37 
-15 -63 -29 0 -6 -10 -22 -32 
-7 -78 -4 -10 -2 0 3 -3 
-8 59 -20 3 -5 -7 -8 -23 
-10 3 25 1 3 5 7 8 
7 69 -28 -6 2 5 4 15 
1 -36 12 6 -5 -8 -18 -50 
-1 -16 -11 -4 -3 -1 16 30 
2 108 52 8 7 5 0 -12 
7 -57 -48 6 -1 0 -9 8 
-16 43 -30 -14 1 0 4 -8 
-4 -23 2 -12 -2 2 3 0 
-15 -31 -24 3 0 -2 -1 -8 
-15 4 54 2 1 -1 -5 -6 
2 -51 29 22 3 -1 -11 11 
-8 -111 3 20 7 0 15 -5 
0 -16 -22 -52 -14 -5 -1 8 
-9 -26 -37 -2 -2 -3 -4 -30 
-12 -69 -11 -1 -3 -2 -8 3 
5 -11 25 0 -1 -2 -4 3 
-28 17 2 22 8 7 3 -8 
2 -1 -8 -14 -8 -6 -10 -56 
2 89 -1 6 2 2 5 44 
-15 69 10 -3 -2 -2 -1 -56 
15 32 -20 5 0 -1 2 4 
-3 8 -1 -13 -2 0 6 29 
-21 8 -42 -18 -4 -4 -4 -10 
19 5 36 24 4 1 -5 5 
-8 -32 -6 -5 3 -2 -4 -13 
28 24 6 16 4 2 -1 25 
1 87 5 -4 1 6 8 -25 
3 -20 -109 -43 -21 -9 -4 39 
0 -96 13 3 -4 -4 -4 -49 
-6 -24 36 7 2 -2 -3 25 
-1 -63 21 33 0 -1 4 13 
-16 10 -12 -12 5 3 1 -18 
33 -82 30 -4 -9 -7 -12 20 
-50 7 -26 -11 1 -1 0 -6 
12 9 -15 10 -3 -1 2 0 
-16 -90 -15 -24 -4 -4 -8 -14 
32 40 2 0 5 4 9 61 
-21 -40 57 1 2 1 -6 -93 
12 -62 6 2 2 0 3 32 
10 35 2 4 0 -3 -13 -5 
-29 -6 17 13 1 -1 9 -3 
9 -77 -83 -26 -12 -4 -1 26 
18 11 26 -1 1 2 4 11 
14 76 25 37 6 0 -5 -37 
7 -32 -61 -25 -1 1 -4 5 
-3 61 11 34 -6 -5 -2 21 
3 -39 -18 -56 -5 -3 -1 -34 
-5 -38 -1 9 2 4 8 74 
-8 27 26 27 2 -4 -5 -59 
-14 103 32 8 4 4 2 11 
23 28 9 -9 0 -3 -3 23 
-29 -52 -31 -18 -6 -3 -4 -24 
2 -4 6 2 3 1 -1 12 
-1 -63 12 15 2 -1 -5 -13 
-40 86 32 -26 -2 -2 3 3 
3 80 -11 9 -9 -4 2 23 
10 -87 -17 14 -3 -8 -13 -18 
-23 -28 22 -14 -3 -2 3 -24 
-13 -9 24 21 4 1 4 -10 
30 -41 46 -5 -2 -3 -18 6 
-4 65 -23 -12 -3 1 4 -7 
6 -39 -52 -32 -9 -2 12 51 
-2 8 3 19 7 4 3 -2 
-26 -38 24 5 1 -3 -8 -36 
20 87 -31 1 0 3 10 5 
16 5 40 -5 -3 -5 -14 1 
-7 20 -52 -8 -12 -3 0 -17 
9 -79 -32 -6 2 2 12 19 
7 -82 8 -6 1 0 -4 45 
-31 28 -44 4 1 1 0 -31 
58 41 -7 17 0 -5 -9 43 
-36 50 17 -15 0 -1 -2 -51 
2 -34 -13 4 -6 -3 5 11 
27 -8 -2 -21 -6 0 -1 -2 
32 -4 15 7 1 -1 7 6 
-8 30 56 34 7 7 6 -4 
-2 -9 -32 -18 -4 -3 -14 -14 
10 -12 23 12 0 0 -6 20 
-31 -58 25 -7 -1 -1 -1 -1 
45 18 -29 4 2 1 4 50 
-41 10 -10 -8 -5 -5 -8 -67 
-3 -120 -51 -15 -7 -8 -1 -14 
-15 -38 13 2 -3 1 -2 -23 
-4 -2 6 5 -1 -5 -2 -1 
28 -37 -11 0 2 1 -3 36 
-24 -78 -39 -9 -5 -2 5 -23 
30 -14 17 4 -1 -3 1 50 
-16 -84 -24 4 -3 -3 8 -50 
-10 64 27 -4 0 1 -6 3 
-8 19 21 -2 0 -2 -3 26 
-27 50 5 5 -1 4 3 -24 
14 -13 7 -1 -2 -4 -4 -19 
-16 -47 -16 -5 -4 -2 0 18 
4 20 11 0 -4 -1 8 -9 
5 26 -38 -10 -2 -3 -18 -5 
-9 94 43 3 4 2 -4 9 
-6 -12 -2 16 -1 0 8 -3 
-6 70 8 -21 -3 -4 -14 13 
12 -43 0 -1 -1 -2 3 6 
-25 30 28 -4 -3 -3 -12 -76 
10 -66 -11 5 -8 -5 -2 -6 
1 -33 3 3 6 7 7 23 
1 -33 -86 -48 -14 -5 4 -2 
9 -27 5 -3 0 3 3 30 
50 8 24 14 3 9 9 90 
-5 14 0 22 3 -6 -6 -91 
-9 -30 23 -4 -2 -5 -4 13 
4 -15 -44 -15 -2 -3 0 34 
22 70 44 4 2 -2 -1 -21 
33 -68 8 12 0 -3 -7 -2 
-25 -77 -35 -14 -5 -1 -2 -27 
-8 -8 1 5 -1 2 2 4 
-1 -1 -61 -22 -2 -5 -13 0 
40 5 21 7 2 7 15 77 
-87 -16 1 -10 -1 -1 -13 -117 
-2 -19 -15 -5 -5 -4 -2 23 
-13 5 19 2 1 2 8 -6 
2 38 -13 -6 -6 -6 -28 -66 
39 -15 3 16 5 1 4 34 
-15 52 -3 13 0 1 3 -10 
-45 11 -38 -38 -10 -1 -3 -51 
5 -4 -22 -9 -1 1 -10 11 
56 -10 4 -2 -3 2 27 35 
-5 -2 19 0 1 0 -1 20 
14 4 6 11 -2 -6 -10 28 
-77 -59 5 0 2 -5 -1 -61 
-11 68 25 18 6 6 -2 2 
33 36 -12 -6 2 7 21 38 
-13 -27 25 -7 -10 -13 -12 0 
30 7 -13 -5 -1 6 22 71 
-25 2 13 12 1 -5 -13 -37 
2 -74 16 10 -1 0 -8 -16 
-11 56 -26 9 -3 -1 -12 -46 
7 -2 -73 -32 -13 -11 7 -1 
-16 -44 -3 -9 0 -2 -3 -6 
21 17 -1 1 -2 -1 -2 8 
2 -4 13 -19 1 -1 -1 -9 
19 -8 6 21 3 0 -18 42 
-35 -31 -12 -2 -8 -6 2 -76 
-1 6 11 -5 3 -2 -6 5 
9 -3 25 -10 1 -2 2 9 
-15 17 -37 9 -1 1 4 -3 
1 6 10 0 -1 -2 -9 19 
-30 -34 -36 -43 -11 -7 -2 -39 
0 15 50 34 9 10 16 37 
17 26 38 11 3 4 -3 -28 
1 12 -6 10 -3 -3 -7 12 
43 -7 -2 10 -1 -4 -7 34 
-19 -53 -19 -5 1 3 11 -35 
11 54 -1 -35 -6 -4 -4 12 
-33 -41 -4 19 1 2 1 9 
20 -78 2 1 0 1 0 1 
-7 6 13 3 -1 -6 -12 -2 
-9 -55 -66 -17 -3 0 -2 3 
17 88 -5 -18 -6 -2 0 -8 
-14 6 -7 6 -5 -3 -1 24 
3 -7 19 9 0 1 0 -18 
-23 -19 67 29 8 5 9 6 
21 -12 -5 22 4 1 -2 56 
14 18 -29 -27 -1 0 1 -56 
-35 79 10 -4 -5 1 15 -10 
17 28 28 11 -5 -7 -9 -3 
-1 -36 -44 -36 -10 -4 -2 17 
-2 22 24 24 2 -2 -3 2 
-4 -29 -29 -9 1 -1 -23 -23 
7 -25 48 13 2 0 29 23 
6 -39 -78 -56 -15 -4 -5 -10 
-5 -63 5 21 3 0 0 -1 
-31 34 -35 -38 -7 -3 -7 -29 
-1 -41 9 17 0 1 -3 21 
20 22 67 24 10 6 2 -26 
-1 -29 -29 -14 -4 -3 -1 18 
6 32 2 18 -1 -3 0 11 
-27 42 24 -10 -3 -3 -9 -36 
10 1 -9 -4 0 -2 5 34 
-6 -29 -2 -1 -5 -5 -17 -32 
12 -12 -2 3 2 7 23 38 
10 4 13 -12 -8 -3 -1 14 
-18 10 22 5 0 -6 -10 -43 
-13 17 13 -1 -2 -2 2 20 
26 -23 12 8 -2 -4 -5 11 
-23 -31 -82 -15 -5 -3 -6 -16 
-8 11 39 20 7 7 -2 -5 
20 36 -61 -6 -5 -4 9 44 
6 -61 20 0 -7 -3 -1 -22 
9 23 28 7 4 -2 -14 -29 
-7 -6 -3 21 2 1 23 23 
-6 -69 -5 -23 -5 -2 -9 -20 
17 97 -33 8 5 3 0 55 
1 25 12 2 -1 -3 0 -16 
5 -46 -5 -10 -5 -3 -7 -5 
-15 7 -8 -4 -2 1 4 1 
2 -70 38 12 6 -1 0 0 
3 73 -1 1 1 2 -7 6 
0 28 -28 -5 -4 -2 -4 -5 
4 38 30 4 1 2 2 1 
-14 -38 8 -3 0 -1 -6 -17 
-25 35 -9 0 2 2 6 10 
30 78 20 0 0 0 -6 -4 
1 -37 11 7 -2 -3 -4 -3 
-7 50 23 4 0 -2 -6 -11 
23 -8 -24 -1 0 2 1 29 
-17 -24 -17 7 -5 -1 8 -26 
-2 17 28 -14 1 -5 -10 -35 
-19 -13 -19 -8 -7 -1 1 -14 
7 -29 -3 4 2 -2 -6 16 
14 -3 13 3 -2 -3 -2 -3 
0 80 -17 -7 -1 1 7 24 
2 -46 4 -8 -5 -7 -14 -43 
-28 18 18 -1 -2 -1 2 -7 
7 -25 -13 -1 1 -1 -7 23 
-9 -26 -3 4 0 -2 0 -13 
10 -11 -13 -4 0 2 3 36 
-12 -16 35 3 -4 -1 -4 -36 
-6 14 14 -4 -2 -2 -1 -8 
1 51 19 0 5 3 2 -5 
4 -41 7 3 2 2 0 5 
4 -28 7 -2 -8 -4 1 12 
-10 -28 -16 -5 0 -3 -2 1 
-8 11 13 -4 -1 -2 0 7 
-5 9 -27 -4 2 0 0 -13 
19 3 -15 -3 1 -3 -3 -13 
-7 11 8 -1 -2 -1 -2 -21 
-12 -27 3 6 -2 -1 -4 3 
-5 5 -7 -6 -2 -3 1 3 
-4 -13 -3 -3 0 1 2 15 
-1 -10 -1 -1 1 -1 -3 8 
-4 1 -29 2 -2 -1 -1 -15 
0 -23 6 -2 -4 -3 1 9 
5 19 0 -2 1 -2 -5 -17 
-5 6 19 -2 -1 1 -3 9 
-8 2 -14 1 -2 0 -1 -5 
1 3 13 1 -1 1 1 -2 
3 -8 -5 -3 1 0 2 13 
-2 14 -14 -4 -1 -5 -3 8 
-5 -19 4 10 -1 -1 -2 -14 
7 19 -2 -4 -1 -1 -2 4 
-3 -63 -20 -4 1 2 1 12 
-21 -68 12 2 0 0 2 -46 
-4 0 5 0 -2 -2 -7 -1 
-9 -12 -36 -4 -4 -7 -5 -1 
13 -1 12 -2 1 1 4 8 
0 2 -27 -3 -1 0 -1 14 
-5 -2 -2 -3 -3 1 3 -12 
-2 -2 22 0 -5 0 -2 -17 
-1 10 -11 1 3 -2 1 16 
8 4 -12 -2 -1 0 -1 19 
-6 14 -2 -6 -3 -3 -4 -5 
4 -3 4 -2 -3 0 -2 -2 
6 15 15 -1 -3 -2 0 5 
0 11 -4 -1 1 0 -4 -11 
-3 15 0 -3 0 -4 -1 -2 
-19 -8 -1 0 0 -2 -1 -10 
-23 5 -3 -1 -4 -2 -4 2 
-1 -23 11 4 4 2 0 0 
10 -44 -3 -1 -4 -2 1 11 
-8 -55 -4 -1 1 -1 -1 -12 
1 30 3 1 -3 -1 -1 -12 
-10 -13 -18 -14 -10 -4 -5 7 
-2 -20 -21 3 2 -2 -1 1 
8 -17 -5 2 -1 0 0 4 
1 -9 -7 -5 -2 -3 -3 -9 
11 45 20 -1 -4 -2 0 43 
-14 5 -2 0 -2 -3 -3 -55 
6 27 7 -6 -3 -2 -3 -10 
-4 -4 -32 -9 -4 -1 3 10 
-12 14 14 3 -1 -2 -8 -19 
10 8 6 10 -1 1 2 26 
4 15 -10 -4 1 -2 -1 -2 
-3 -5 0 -5 -1 -1 -4 -10 
8 -7 12 5 0 -1 3 7 
1 8 -26 -12 -1 2 0 4 
4 15 -5 5 -2 -2 2 8 
3 -4 -1 -1 -3 -3 -2 -5 
-23 1 -9 -16 -3 -4 -3 -10 
-11 9 25 -1 -3 -2 -2 -9 
8 16 5 7 3 3 2 30 
-2 1 -6 8 -2 -1 -4 -17 
-4 -40 8 4 1 1 -3 -33 
0 11 -10 -7 -4 -1 -1 8 
-5 -1 -5 -4 -2 0 -2 5 
7 -14 -16 1 0 -1 -2 0 
5 87 21 1 -4 -1 1 4 
-8 -21 -18 -7 -1 -1 0 11 
-1 -1 15 5 1 -1 -2 -10 
4 -5 18 5 3 3 2 17 
19 -21 -13 1 -2 -2 -2 6 
17 12 19 5 1 1 0 10 
-2 53 -47 -28 -2 -2 0 11 
-29 -14 10 5 -3 -4 -8 -36 
9 4 -3 -2 -2 0 1 10 
-27 4 16 13 2 -1 -4 -6 
-1 -36 -16 -8 -4 1 5 18 
8 -25 -4 -4 -3 -3 -1 -10 
-8 54 -1 -6 -2 0 -2 5 
7 1 -7 -3 0 0 -4 -10 
3 1 18 13 0 0 0 7 
-11 -9 12 0 3 -1 -2 -13 
-15 -45 -46 -11 -1 0 2 6 
9 24 15 -2 -2 -3 -2 -9 
-9 8 -10 1 -5 -3 -4 -5 
13 -24 29 6 1 1 0 -2 
0 10 20 13 4 1 2 4 
-8 -7 -30 -10 -6 -3 -5 -11 
1 -34 23 6 3 0 -4 -12 
-12 27 -5 -7 -4 -1 -2 1 
8 -10 0 3 1 -2 -3 -2 
2 -14 -7 -5 0 0 2 -9 
19 -7 10 6 -2 -2 0 13 
-5 15 -13 -6 -1 1 3 2 
-11 -25 -25 -14 -3 -4 -11 -29 
8 -2 28 11 2 0 0 12 
-17 -8 -9 5 -2 -1 -1 -25 
18 -1 -8 -22 -3 -3 -2 24 
-20 5 -10 -4 -3 -2 -2 3 
6 -29 4 2 1 1 -2 10 
-16 65 3 -4 -1 0 3 -14 
9 58 -3 4 2 4 1 28 
21 -46 -9 2 -3 -4 -1 -27 
-6 43 12 2 -4 -1 0 7 
5 -25 2 -10 -1 1 2 29 
-27 12 -10 2 -5 -4 -5 -64 
7 11 8 2 -1 0 0 22 
1 -4 -17 -2 -1 0 -2 6 
9 3 19 5 -2 -1 -4 -1 
1 -19 -33 -7 -3 -1 1 6 
9 -1 11 -4 1 0 -1 14 
-1 -7 -4 -5 0 -2 -1 -19 
-5 51 -7 -3 -4 -2 -1 -12 
13 -15 10 8 3 2 2 27 
-9 32 3 16 -5 -4 0 -14 
7 1 -15 -12 0 -1 -1 8 
2 -20 10 6 4 1 -2 1 
12 -29 -19 -4 -3 -3 1 19 
-9 -12 18 3 -3 -2 0 -34 
7 53 2 -2 -2 0 1 18 
-11 -23 -12 -6 0 0 -1 -25 
4 -5 3 -6 -3 -2 1 0 
13 -46 8 -3 3 1 -3 22 
-6 -50 -21 -2 -6 -4 -1 -1 
-9 -3 -24 1 3 -3 -4 -17 
-3 20 28 7 -2 1 -2 16 
-2 17 18 9 3 -1 2 -5 
-10 0 14 -3 -2 -1 0 -7 
1 -32 -26 -7 -8 -2 -3 3 
-7 81 -2 0 1 -1 -1 2 
1 -5 1 -1 3 1 -3 -12 
2 -5 19 -1 -1 -1 -2 -4 
13 -12 5 2 0 -2 1 22 
-10 -16 -6 -2 -1 -4 -5 -17 
-7 -17 -3 -2 0 3 3 6 
2 97 -6 7 1 -1 -5 -39 
-14 -11 -23 -23 -7 -6 -4 -4 
5 -10 -4 -15 -2 -3 -2 -1 
-1 25 17 3 -1 1 5 29 
-19 -62 -25 -5 -4 -5 -9 -19 
6 -16 14 -6 0 2 0 -3 
2 -3 -22 -7 0 -4 -5 2 
-1 1 10 5 0 -1 3 -8 
0 -25 -3 -2 -2 -2 -1 30 
-15 6 9 4 -2 -1 -3 -41 
1 -25 17 6 2 2 -1 23 
4 78 -18 -10 -4 -4 -5 -17 
9 -13 -10 -2 2 4 4 14 
5 4 12 9 1 0 -2 24 
-11 -43 -11 -1 -4 0 0 -32 
-5 5 -27 -11 -2 -3 -7 12 
-5 -21 -14 1 -2 -3 2 -11 
-1 -16 14 -4 1 0 1 28 
4 65 13 9 -1 -2 0 -22 
-8 -19 -16 -3 -4 -2 1 19 
10 -6 13 -2 2 -1 -5 -20 
-1 -35 -9 2 -3 -4 -2 -22 
-5 -20 0 6 -2 2 1 8 
0 -9 -2 -9 0 -1 -2 -7 
-2 5 -10 -4 0 0 4 22 
5 2 0 0 1 1 -1 7 
-11 12 19 9 1 0 -3 -16 
-4 -6 8 3 -5 -1 -3 -1 
-10 -61 16 -17 -1 0 -2 -1 
1 18 -16 -7 -6 -4 -1 -5 
-2 -8 12 5 2 4 2 12 
2 -27 -31 -1 -1 -2 -1 -6 
-6 -16 3 4 -1 -3 -2 4 
12 84 4 3 1 4 3 32 
-29 -20 3 -4 -3 -4 -2 -62 
-12 -21 -33 -21 -5 -3 -5 6 
7 7 -13 -6 -3 -3 -2 -17 
1 -5 -1 1 1 -1 0 6 
10 7 0 1 0 -1 1 15 
6 13 18 5 3 2 -1 1 
-6 11 -1 3 -2 -1 0 7 
5 -15 -10 -1 2 0 3 -4 
12 -36 -12 2 0 -2 -2 12 
3 12 21 -4 -4 -5 -2 -28 
-7 4 -23 -7 -4 -1 -3 -7 
-8 -30 -8 2 -2 -3 1 -11 
6 8 -4 -7 -3 -5 -4 6 
3 -4 10 13 3 3 4 21 
0 2 4 4 0 -1 -1 1 
-3 19 10 1 -4 -3 2 -6 
8 -51 -37 -6 -2 -3 -6 10 
-11 8 5 2 -1 -5 -2 19 
6 -13 -5 -24 -6 -2 0 -1 
