#EMG
#3
#ID:3-15
4 21 13 13 -1 0 -5 -6 
-12 16 -9 2 -4 -2 0 -11 
5 -42 2 1 2 -1 2 16 
8 50 4 5 -2 -4 -6 6 
-2 -17 -9 -12 1 0 0 -8 
3 18 7 -8 -4 -4 -10 0 
-6 -76 -6 5 1 -1 2 -27 
-3 -34 4 0 2 -3 -8 -10 
-9 38 -1 7 -6 -4 1 9 
5 -2 -2 -2 6 1 3 -2 
-14 -5 -4 -17 -6 -3 3 -3 
17 23 -9 -1 2 -1 -2 21 
-13 12 12 8 0 1 2 -30 
8 -8 -5 -1 -4 -4 -5 8 
-5 33 24 5 -1 -2 -5 -2 
-12 -14 2 -8 1 3 10 -3 
20 -42 -24 -2 -4 -1 -1 35 
-16 -25 22 11 2 1 0 -12 
7 98 13 3 0 0 0 7 
-1 47 -10 -3 -4 -2 -7 -15 
-4 -26 -29 -8 -1 -2 1 1 
-18 12 23 12 4 3 -1 -17 
11 15 -10 -1 0 -1 -12 5 
4 45 -7 -15 -4 -1 22 26 
-4 15 1 -2 2 0 -4 2 
19 -19 -2 -2 -4 -2 -1 26 
-2 -36 -15 6 -1 -3 -4 -43 
-10 -54 2 11 0 -2 -9 -9 
-4 30 -11 -21 -5 -2 -2 4 
15 16 -8 -4 -4 -3 4 14 
2 -28 -5 7 1 1 5 27 
-6 -15 0 -5 0 -1 -13 -14 
-2 -16 12 5 1 -3 3 -16 
-8 7 -2 -3 -2 -1 -7 -23 
1 7 -4 1 -1 -2 4 8 
5 -79 -5 15 3 0 -5 12 
15 92 -7 -26 -3 -1 0 14 
-15 0 1 3 -2 0 -3 -18 
-6 -40 1 -8 -3 -1 3 11 
-13 67 -12 -1 -3 -3 -10 -30 
-3 -46 28 15 3 0 1 2 
6 1 -13 0 -1 -2 1 7 
-6 -19 3 -8 -2 -4 -12 0 
-3 23 -35 -8 -8 -5 11 -5 
-9 -25 -8 -6 -2 -3 -6 -10 
-10 8 5 3 0 1 -3 -23 
-7 -31 17 7 1 0 2 18 
6 -16 -16 -10 0 -1 -4 -7 
-7 -25 9 3 -2 -5 -13 -25 
0 14 -10 2 1 3 7 12 
10 0 -29 -1 -2 -2 5 8 
2 15 13 -7 -2 -1 -6 5 
13 25 4 1 -5 -2 1 8 
-25 15 9 8 2 1 -6 -15 
12 19 12 10 0 -1 -3 -3 
-9 -76 -28 -21 0 -1 -10 -32 
-5 6 12 15 0 0 13 36 
13 -24 -22 -10 -4 -3 2 10 
-8 50 -9 -13 -3 -1 5 -9 
-2 -27 17 11 2 -1 -9 3 
9 -18 -2 -18 1 -2 -9 3 
-1 -68 4 13 0 -2 1 -8 
3 76 5 1 1 1 5 8 
10 14 -12 -15 -3 -3 -3 17 
-8 -46 -6 4 -1 -3 -1 -4 
3 12 7 -2 -1 -2 0 -11 
-13 -101 0 -1 -3 -3 -6 -17 
17 38 4 13 4 0 3 35 
-4 -30 -13 -7 -4 -1 -23 -52 
-5 -22 -24 -14 -2 0 29 28 
-3 -30 9 -10 -5 -6 -8 -17 
-8 8 22 8 -1 0 2 -13 
6 -71 -19 -8 -2 -2 -3 8 
6 65 26 9 4 -1 -13 -5 
10 86 -28 -5 -4 0 0 3 
-5 -37 13 2 -3 -3 -2 -9 
-16 -5 3 2 -2 -2 1 -2 
1 -59 6 -3 -3 -4 -8 -8 
-7 -16 -22 -13 -4 -1 5 24 
20 17 0 -4 0 -2 -8 -4 
-11 31 4 7 3 4 7 -16 
-1 -80 9 15 -1 -3 -2 7 
-3 23 -5 -34 -3 0 -3 8 
-9 -17 -4 10 0 -2 2 -15 
0 23 -9 -12 -1 1 7 11 
6 13 1 -7 -4 -4 -13 -2 
-2 -31 14 19 5 4 7 21 
0 -25 -13 -16 -9 -2 -3 -55 
-17 -3 4 8 0 0 2 18 
6 34 -21 -1 -1 0 -8 -14 
-4 -6 -1 -2 -1 -1 4 1 
2 7 17 2 0 -1 1 13 
-4 15 9 7 -1 -2 0 -26 
-2 4 11 1 1 2 -1 12 
13 41 -26 -3 -4 -1 -4 -15 
-4 90 -6 -10 -2 -1 2 -5 
-7 -69 6 3 -2 -4 -3 7 
-5 -24 -2 2 1 1 -2 0 
-9 -47 8 -1 -4 -2 -3 -4 
0 -35 1 11 3 1 6 33 
1 -7 -11 -5 -5 -5 -8 -39 
7 28 7 -14 -4 -5 2 10 
-7 -60 -6 4 1 0 -6 -10 
-1 -48 -17 -8 -4 -1 6 34 
-1 8 7 16 3 0 -6 -25 
-4 -3 3 3 -1 -2 1 -15 
4 -2 -27 -15 -5 -4 -4 0 
-10 -1 15 5 -3 -4 -7 7 
6 41 -22 -15 2 3 9 33 
-8 21 14 -1 -5 -1 0 -14 
-7 -60 10 23 6 -2 1 -27 
11 53 -6 -14 -4 1 -1 2 
17 110 22 16 -1 -1 -9 5 
-14 -67 -27 -24 -1 0 5 4 
3 -8 6 8 -1 0 12 24 
-30 -43 14 -2 -4 -4 -14 -46 
13 -32 -4 5 -1 -2 3 -12 
20 -35 1 -1 -1 -3 -9 14 
7 105 12 2 -4 -4 -9 -36 
-27 -16 -35 -17 -1 -1 1 12 
-3 0 13 -20 -2 2 8 6 
-15 38 1 16 0 -1 -2 1 
4 -36 2 -21 -3 -1 -4 25 
7 -13 9 8 -1 -3 -7 -42 
3 36 18 11 1 0 1 20 
15 110 -2 -4 1 2 -1 -10 
-5 37 -8 3 0 -2 -1 0 
-1 -38 24 15 2 1 -1 -13 
11 -45 -41 -19 -7 -5 3 30 
0 -18 -5 4 0 1 -8 -22 
-8 82 -11 -14 -3 -2 -1 -20 
12 15 -13 -16 -3 -2 -2 16 
-5 -36 17 24 2 0 -5 -15 
-2 -9 12 10 2 -3 1 23 
0 -18 0 -31 -3 -2 -7 -22 
-1 -50 -11 4 -1 -2 -4 20 
-41 36 15 0 0 0 6 -31 
1 -104 -5 3 -2 1 -2 -11 
0 -18 15 8 1 -1 1 28 
-1 11 1 8 -1 1 1 3 
8 -42 -30 -28 -5 -3 -8 7 
-8 -5 -6 -2 -4 -1 1 6 
-10 -22 -4 1 0 1 13 19 
-2 -17 7 5 0 -3 -8 -31 
1 -19 2 4 2 -3 -9 16 
-3 85 -26 -14 -4 0 1 -23 
3 -1 9 9 0 3 0 -35 
8 -70 -47 -13 -6 -3 1 25 
11 90 8 9 1 -1 -2 1 
-2 -43 13 16 3 -2 -2 -1 
-10 -86 -2 -2 -1 1 -1 22 
2 -1 23 -1 1 -2 -6 -1 
-6 -44 -22 -11 -6 -6 6 -12 
18 24 5 -2 0 1 5 9 
-11 8 8 24 1 -2 -9 0 
1 -76 -6 7 1 0 0 -26 
-6 -116 22 5 0 -1 -9 25 
18 82 2 -3 0 1 15 22 
-14 -81 6 1 1 -3 -15 -19 
-31 24 6 -5 -1 2 16 14 
12 -82 -23 0 -3 -1 -18 -12 
-2 -72 -21 0 -5 1 26 40 
4 -76 -12 -8 -1 -1 -6 7 
38 81 20 7 1 -1 -1 13 
-9 18 16 12 1 -1 0 -20 
-9 -50 19 -26 -7 -6 -16 9 
22 105 1 8 4 8 7 1 
-9 -84 -15 -15 -3 -3 -3 6 
21 53 10 19 6 1 -3 -3 
8 -4 2 1 -5 -4 -4 -31 
-34 -9 -5 -16 -6 -7 4 2 
6 -7 -10 8 4 1 -12 4 
-15 30 13 -23 -6 -1 12 -6 
-32 30 7 7 6 -1 -13 -47 
-2 -83 -20 -11 -11 -8 -1 -30 
1 57 29 15 3 1 2 15 
4 -102 -3 -10 1 -1 -3 -2 
-2 21 0 -1 -1 0 -5 7 
2 7 -25 2 -2 -1 10 24 
-11 1 23 17 2 2 -8 -22 
-6 -1 -15 -15 -4 -4 7 12 
30 39 -30 -12 -5 -3 -9 28 
-31 -68 19 2 2 0 -2 -28 
-2 -23 -10 -1 -8 -7 -6 -20 
32 49 25 25 6 3 9 66 
-27 -22 -29 -24 -2 0 -6 -50 
-12 27 -22 -13 -9 -6 -10 0 
-1 -39 22 2 3 2 5 -8 
-22 -46 7 10 -1 -2 1 -4 
-5 9 14 10 7 2 -6 4 
6 -10 27 18 -1 0 0 20 
5 3 -53 -18 -4 -2 6 6 
3 96 -10 4 1 5 -5 -34 
-11 -45 44 5 -2 1 1 13 
12 87 3 11 8 4 3 -9 
6 -31 3 -6 -2 -1 0 0 
-16 17 1 -10 -6 -5 0 0 
-21 -48 -14 12 1 -1 -1 -23 
34 6 19 -14 -2 0 -4 5 
-47 8 2 -10 -3 -1 -3 -39 
14 -38 -25 -2 -6 -4 -4 5 
4 -89 41 33 10 2 0 -7 
6 1 -61 -26 -10 -5 -1 4 
-9 -15 -11 -20 1 -1 -3 18 
17 -5 9 -2 -3 -2 4 -5 
-45 -25 4 4 -1 -3 -6 -14 
9 -20 7 25 8 4 2 6 
19 16 -1 -1 -4 -6 -4 31 
-17 41 -11 -19 -8 -2 -3 -45 
1 17 -10 -30 -8 -5 -1 20 
-21 -50 35 16 7 -1 -3 -12 
12 -33 16 17 2 4 4 3 
-5 -26 -66 -42 -10 -5 -3 17 
-6 67 -38 -20 -6 -2 1 16 
-20 -44 11 4 -3 -7 -11 -60 
11 13 35 16 8 5 1 7 
3 -44 7 14 9 6 4 13 
9 51 3 -1 -6 -6 2 10 
5 42 -2 -11 1 2 -3 20 
-3 31 -3 6 -4 -6 4 -3 
4 22 7 7 -3 2 1 -37 
14 -14 0 -24 -8 -2 -6 20 
4 14 8 20 2 2 5 14 
-16 -33 -47 -26 -8 -7 -5 -18 
12 24 3 13 3 4 -4 3 
23 -32 -6 -3 -4 -9 -2 9 
7 19 -1 17 -2 -2 1 -1 
-4 -24 -14 -26 -8 -5 -14 -9 
-5 -19 3 -3 -1 -3 7 28 
12 4 -5 10 1 2 10 -1 
8 -14 13 1 1 1 -2 16 
-6 36 14 12 4 1 -3 -25 
-16 -38 -7 -9 -6 -6 -4 -11 
8 24 -1 6 3 2 -5 10 
-4 -27 -42 -25 -10 -5 2 2 
33 97 7 -2 3 3 -1 -11 
1 -29 18 5 -1 -4 -5 0 
-6 50 -14 -8 -1 2 5 3 
-33 -7 19 12 2 -2 1 -11 
3 41 -38 -30 -9 -3 -4 -1 
12 27 5 15 9 6 -2 29 
-60 -19 5 8 -6 -4 -3 -53 
28 21 12 -13 1 3 0 33 
-9 -73 25 20 3 1 2 4 
-1 20 -39 -30 -5 -2 -2 44 
6 -30 10 11 1 0 9 -8 
18 2 -22 -5 -2 -4 -7 -19 
5 -49 -30 9 1 1 3 40 
0 9 8 0 -3 -1 -1 -23 
32 42 20 2 5 2 -8 -16 
-35 -23 9 -5 2 0 5 -13 
11 1 4 -10 -5 -3 4 22 
4 -86 28 22 1 -2 -3 2 
2 -59 3 5 -4 -2 -7 0 
0 35 -16 -23 0 1 -6 -15 
-3 -7 3 11 -2 0 2 21 
-19 12 -19 -18 -12 -9 2 -8 
-28 -113 28 15 2 -5 -12 -27 
-7 -47 -15 17 7 3 11 -69 
9 -89 -8 1 -2 -4 -5 24 
-4 39 -11 -9 -7 -7 -15 -18 
19 -17 -17 -24 -3 1 10 38 
0 -12 4 3 -4 -7 -14 3 
-11 86 12 -6 0 2 3 -12 
12 72 -2 2 2 1 -2 -6 
-10 -8 -14 -6 0 0 -4 1 
-5 47 -18 0 -3 -1 1 13 
-19 -47 10 -5 -1 -2 -1 -22 
0 -11 -4 3 1 5 4 7 
23 13 40 35 7 0 -2 6 
1 -27 -3 -14 1 1 3 45 
-34 18 -30 -29 -16 -9 -3 -57 
10 70 -1 -9 4 4 -1 4 
4 32 14 9 0 3 2 6 
17 -34 -23 22 8 2 0 0 
8 -4 59 10 2 -1 -1 8 
-30 -92 -33 -14 -7 -4 1 -12 
-3 73 -9 -1 -6 -8 -5 -3 
18 52 16 -15 -5 -3 -4 19 
14 -55 -23 7 5 6 4 -6 
3 -14 14 3 0 -2 1 -1 
-6 -101 -33 2 -4 0 1 27 
-24 -67 -7 -12 -2 0 0 -46 
5 97 5 -6 -4 -5 -6 -16 
-29 -37 -1 13 2 -3 -3 0 
14 6 27 9 5 4 5 -2 
2 11 40 14 -1 -2 -2 16 
-1 -30 -56 -22 -8 -3 3 27 
-3 -11 31 8 0 -2 0 -11 
5 68 -41 -33 -5 -3 -3 -19 
-17 -82 9 13 -2 -1 -5 -11 
-13 111 29 12 5 3 -1 -16 
14 -54 15 1 -3 -3 -3 8 
10 -98 -17 -8 -4 -2 3 7 
-11 -46 16 3 -3 -3 -1 3 
22 -34 -55 -12 2 2 -1 26 
-27 -13 -16 -7 -4 -2 -2 -37 
2 5 35 1 -2 -4 -3 5 
24 13 -37 -21 -6 -4 -1 7 
-18 24 22 21 6 1 -2 -9 
-12 75 9 -12 -7 -4 -1 16 
1 14 -17 -12 -3 0 1 -20 
-5 23 16 -3 2 -1 2 17 
6 -19 10 9 4 4 4 7 
15 -19 -29 0 -5 -7 -10 -36 
-13 -94 9 14 7 3 -1 4 
-10 -14 -40 -28 -5 -2 0 26 
-14 -17 -30 -9 -7 -8 -5 -5 
13 -33 15 17 7 9 7 16 
-4 -14 -25 -17 0 -3 -8 -29 
-7 -17 5 -4 -6 -3 10 -21 
3 33 44 22 1 -3 -10 1 
8 -52 -41 -10 -5 -3 -5 4 
-14 -4 -69 -35 -5 -4 -11 4 
11 52 43 21 0 -1 8 1 
-5 21 19 -2 2 -1 -6 -21 
10 -15 19 21 4 3 10 41 
-10 49 24 11 -6 -9 -16 -43 
19 36 -31 -22 -8 -2 5 42 
13 -40 -3 -9 -1 0 -5 -11 
-31 -71 9 9 -3 -7 -7 -38 
10 67 18 4 2 0 -11 9 
16 3 28 6 1 2 0 5 
-19 -43 -35 -8 -1 -1 15 40 
-53 -20 2 -16 6 5 5 0 
-17 10 2 4 -2 -1 -1 -31 
22 11 -16 8 -11 -8 0 1 
4 -61 26 15 3 1 -5 35 
-7 -13 -40 -22 3 1 -16 -40 
13 17 -25 -10 -2 0 28 26 
-11 53 22 12 5 -1 -23 -78 
-18 -43 6 -4 -3 0 3 -19 
31 59 17 5 -5 -2 -3 5 
-16 -68 9 2 -6 -3 9 14 
3 -32 -12 -10 7 3 -4 17 
-15 12 -5 -1 -5 -7 -8 -55 
22 -87 13 -2 -2 -5 -5 6 
9 42 19 8 6 5 7 -14 
-11 -78 -4 1 -12 -6 -8 12 
-1 -91 -28 -27 -1 0 -7 -23 
13 93 9 -1 -3 3 1 26 
-18 -12 -15 -3 -2 -4 -18 -31 
3 69 35 14 1 -1 15 -12 
-4 5 8 10 -1 -5 -26 25 
26 21 2 -2 0 0 11 -62 
-33 -40 -5 -6 0 -1 17 55 
-5 -4 4 9 2 3 -14 -24 
1 44 21 16 0 1 4 19 
11 13 13 -25 -2 0 2 17 
-3 11 -38 -1 -4 -2 -15 5 
-22 45 -6 -7 -1 -2 8 5 
22 -34 -21 -3 -2 4 16 9 
4 65 15 15 1 -4 -10 -14 
45 -42 25 -3 0 -2 -4 12 
-2 -9 -15 -9 0 0 7 19 
-6 27 0 -7 -4 -3 4 7 
-17 -47 11 20 4 1 1 -15 
-7 9 -9 -21 -2 -2 -7 2 
-1 -81 -26 -9 -5 -4 1 4 
0 36 1 -10 -2 1 2 -11 
-27 -95 -46 -1 1 -3 -12 19 
16 3 36 30 7 0 8 -2 
22 -18 3 -8 -11 -8 -10 36 
-36 -33 -13 -5 -5 -5 -9 -74 
14 -30 34 6 1 3 7 28 
-18 -49 -43 3 -2 -1 2 9 
18 51 -21 7 5 1 -5 1 
5 -2 32 12 0 -1 0 27 
-26 31 -12 -21 -9 -5 -12 -65 
-12 4 3 1 2 2 10 5 
12 -15 -6 3 -2 -2 -3 10 
25 13 6 -7 -2 -1 2 15 
-2 -11 4 20 7 -1 -17 20 
13 18 14 -9 -10 -3 27 11 
-18 -35 -53 -27 -4 0 0 7 
5 -11 25 17 9 7 7 11 
-8 -10 -43 -24 -9 -4 1 -31 
4 10 22 3 -2 -1 -21 -23 
11 -32 33 2 -2 -4 -8 -21 
-19 -47 -19 16 1 -3 1 -13 
22 20 -24 -30 -2 3 8 39 
-6 65 40 12 4 -2 -8 -12 
-16 -26 1 7 2 -1 -7 -40 
17 7 23 6 0 0 0 12 
-9 -9 1 23 2 1 9 21 
9 -6 3 -25 -4 -4 -10 -14 
-6 41 24 11 14 6 -1 9 
-8 31 -14 -18 -16 -7 -3 -4 
-6 6 10 2 -5 -5 4 -2 
-6 0 -10 -2 -5 -1 -5 2 
-8 -93 -1 10 3 -2 -2 -4 
-20 -8 18 -11 5 3 3 -5 
-3 21 -37 -15 -9 0 4 8 
18 -12 -5 -3 -3 -6 -4 46 
-24 -12 24 0 -5 -1 -5 -64 
-5 34 -46 -2 1 -3 -1 -2 
54 93 35 9 7 4 4 21 
-38 -16 -38 -4 -2 1 -2 -8 
0 49 -25 -11 -2 3 6 29 
21 5 32 13 -2 -5 -3 -8 
-8 -11 12 -3 4 -2 -2 -6 
1 -26 -31 -7 -9 -2 2 9 
4 16 -15 -11 -9 -5 -5 -10 
-3 16 11 2 1 0 0 1 
1 -48 -5 5 0 -1 0 9 
0 5 29 9 3 -1 -4 -8 
-4 2 -30 -21 -10 -3 0 14 
0 -18 -12 -12 -7 -6 -5 11 
-33 -75 14 5 1 -4 -1 -33 
28 62 4 12 3 2 0 11 
-14 -2 -1 0 0 1 1 5 
3 5 -9 1 2 -1 2 0 
2 -33 -13 -5 -4 -3 -3 0 
9 -8 13 -5 -1 0 -2 9 
6 35 -8 -9 -4 -2 1 -9 
11 71 -22 -8 -1 5 5 21 
-8 26 27 11 -1 -3 -2 -12 
0 -8 -31 -14 -4 -3 -4 -22 
1 -51 2 4 6 -1 -2 12 
-5 -50 9 -16 -3 -3 -4 -2 
18 23 -12 -5 -8 -6 -3 13 
-16 -26 -2 5 6 2 0 -8 
9 4 27 17 -1 2 0 3 
-14 -17 -13 -2 -2 -4 -4 -10 
-3 -5 2 0 4 3 1 -1 
1 -23 -8 1 -6 -5 -4 -11 
7 12 -1 -20 1 2 -1 3 
-3 -94 12 6 3 1 2 7 
-4 34 -4 4 -2 0 0 22 
-6 -26 -22 -1 0 -1 -4 -10 
0 55 -9 -6 -6 -6 -6 -22 
13 64 14 8 3 3 3 -9 
-7 -19 -2 -2 -1 -2 1 -5 
-2 -4 -10 1 1 1 -1 -7 
-12 -39 -21 -13 -3 0 4 2 
-5 -14 58 -1 -6 -5 -5 -9 
26 -21 -52 1 -6 -5 0 13 
-4 56 36 5 1 1 -3 -7 
-4 -23 -23 -4 1 -1 -3 -5 
4 3 -5 -10 -2 -3 0 -1 
-7 -17 17 3 2 2 -1 -8 
5 -49 -5 4 1 -1 0 5 
-8 20 11 7 -4 0 -1 4 
18 -37 -63 -11 -12 -6 -1 7 
-28 70 30 0 -1 -1 2 1 
3 -28 -11 -19 3 1 0 -9 
-1 12 17 8 4 2 0 0 
0 -20 -28 -10 -6 -6 -5 -11 
3 70 5 6 4 6 2 1 
10 -9 9 6 0 0 3 9 
1 36 18 6 -3 -8 -2 8 
-17 -15 -48 -13 -1 2 -2 -7 
-4 -32 4 -4 2 0 -3 -15 
-8 57 9 -4 -4 -1 -1 -3 
10 -7 -1 20 -8 -3 0 11 
-7 5 -1 -10 1 0 0 5 
7 -11 -2 -6 0 -2 -4 -1 
5 -3 -7 -3 -1 -3 -2 4 
-10 -23 -3 0 4 1 -1 -2 
7 14 9 9 0 -1 0 -2 
-2 -58 -12 -8 -8 -2 -2 2 
-5 5 6 -2 -3 -2 -1 -4 
-3 -7 -23 -14 -7 -3 -2 -7 
-8 -3 23 10 5 0 -2 -5 
8 -23 -15 -3 -1 -3 0 6 
0 1 12 6 -2 -3 -3 0 
-3 15 7 2 4 2 2 -10 
9 3 3 2 -3 -2 0 27 
-39 -9 7 -1 -3 -3 -2 -25 
-4 -2 -27 0 -3 -4 -2 -6 
1 -13 15 -7 1 0 -4 -3 
5 -2 -5 2 1 0 0 -8 
0 -22 -6 -2 -4 -1 -1 13 
-9 -13 -22 -8 -3 1 1 4 
-7 -15 4 1 0 -1 0 -9 
1 20 -2 4 0 0 1 -1 
9 4 5 -6 -3 -1 -1 11 
-4 -10 -9 -3 -5 -3 -4 -18 
9 -19 -1 1 -1 -1 -1 16 
-23 -10 -7 2 0 -1 0 -26 
7 6 -1 -2 1 -1 -2 3 
2 -28 28 -4 -2 -1 -2 0 
-2 7 -12 2 -1 0 1 0 
3 -17 -4 0 1 1 -2 5 
17 0 9 0 -4 -5 -1 15 
-25 75 5 -2 -4 -2 -1 -22 
-12 -6 -7 -1 0 0 1 4 
14 -5 -3 1 -3 -4 -4 -25 
-7 -7 0 -3 1 0 -2 -6 
19 -21 -1 3 0 1 1 7 
-3 -22 -10 -4 -4 -2 0 24 
-14 -7 -3 -2 -4 -5 -7 -36 
6 51 -3 -1 -2 -1 -3 1 
-20 36 1 1 1 1 2 -4 
1 2 17 3 5 1 -2 0 
9 -2 2 5 -6 -1 0 18 
2 -14 6 -5 0 1 -1 -6 
-9 -72 -9 1 -4 -2 -3 4 
7 97 3 0 0 1 -1 -5 
-7 -20 -9 -8 -1 0 1 13 
-14 -5 2 4 0 -2 1 -14 
12 0 3 -5 -1 1 1 13 
-5 -35 3 8 1 -1 -2 -21 
12 23 0 -6 -3 -2 -1 12 
-11 -1 -9 -6 -4 -3 -3 -14 
-12 -14 1 3 5 1 -1 -4 
4 -5 -7 -2 -3 -2 -3 -5 
-5 -15 6 2 1 1 2 2 
17 -106 1 5 4 -2 3 43 
-20 54 -12 7 -7 -3 -2 -58 
-13 -31 -14 -15 -9 -6 -7 -3 
0 21 -10 -9 -2 -1 -2 -2 
-2 -20 -4 -1 -1 -1 -2 3 
16 -19 -1 -3 2 0 1 12 
4 -5 3 4 0 -1 1 3 
-4 6 3 0 0 0 -1 -3 
8 -16 -11 -8 -4 -4 -3 -10 
6 21 -6 5 5 5 4 19 
4 7 11 3 -3 -1 -1 -12 
-6 -15 -3 -1 -1 -2 -2 8 
1 18 14 -2 -3 0 0 -9 
-8 -25 -14 -12 -5 -3 -3 2 
4 -21 -10 -2 0 0 0 11 
4 13 3 0 0 1 -1 -3 
-3 22 1 1 0 1 0 -4 
1 -12 1 -1 -2 -3 -1 -5 
-9 6 4 0 1 1 -1 -4 
7 -5 2 2 -1 -1 0 1 
-4 22 -4 -3 -3 -1 -1 -5 
5 -10 3 -3 1 -1 -2 12 
-9 -28 -11 -6 -6 -4 -4 -11 
5 -40 2 5 -1 -1 -2 2 
-21 -4 -22 -12 -4 2 1 -2 
-3 -8 12 -3 -5 -3 -5 -17 
7 -2 -8 -4 -5 -7 -5 4 
-17 -9 -2 -8 -1 -3 -1 -6 
4 8 4 7 4 3 2 9 
5 -18 -3 1 1 0 -1 8 
-6 -10 5 -1 -2 2 1 -7 
9 2 3 1 5 2 -2 6 
-7 30 9 3 3 1 0 -4 
-3 15 -5 -3 -6 -3 -1 2 
-11 -1 1 6 -3 -1 -2 -11 
2 20 -5 -10 -5 -4 -4 -6 
-6 0 -5 -11 -6 -5 -4 -4 
17 6 11 2 0 -2 -2 13 
-2 6 -9 -8 1 -1 2 2 
-2 -2 -1 3 1 2 1 0 
1 21 12 6 3 2 1 11 
-8 -9 -12 -1 -5 -3 -3 -11 
-2 -12 5 0 0 -1 -2 -23 
-10 16 16 3 1 1 1 -3 
22 -17 -12 -2 -3 -3 -3 10 
-4 -1 5 -2 -1 -1 -1 4 
-1 9 6 -1 -3 1 -1 9 
-11 -49 -16 -3 -5 -3 -3 -8 
-4 -3 15 3 -1 -2 -1 -11 
7 -10 -12 2 5 2 0 7 
2 0 3 -3 -2 -1 1 1 
4 5 -1 -4 -6 -3 -1 -1 
-4 -2 -5 1 1 -1 0 -1 
-7 2 -5 -5 -1 -3 -2 -20 
2 -13 -3 1 3 -1 2 25 
18 9 -2 -1 -3 0 -3 0 
-35 0 -2 -2 -2 1 -5 -43 
-1 -11 3 -1 -1 -1 -1 3 
3 15 -4 -3 -1 -2 -2 8 
-7 5 13 1 -1 -1 1 7 
19 -9 -3 -1 -1 -2 -2 3 
-1 -1 7 -1 0 2 -2 1 
-11 -5 2 0 0 1 1 -9 
-4 9 -5 1 3 0 0 -2 
13 -1 10 3 -1 -1 1 23 
-10 -14 -31 -8 -3 -4 -4 -23 
15 6 5 1 1 -1 -3 6 
-16 0 -7 -3 -3 -1 -3 -9 
4 9 -5 2 -1 0 0 2 
7 0 4 0 -1 -3 -1 27 
9 -16 -9 -6 -1 0 -3 -5 
-12 11 11 3 4 0 -2 -7 
1 0 -19 -5 -5 -2 -3 -2 
1 -15 11 2 0 -1 2 14 
-15 -10 -9 -4 -2 0 0 -27 
16 2 3 2 0 -1 -2 8 
-18 3 0 -4 -4 -2 0 -13 
20 0 -17 0 0 1 1 11 
4 6 23 2 -2 -2 -1 13 
17 14 -11 -4 0 -1 0 14 
-18 -11 2 5 -2 0 0 -25 
-1 7 -3 -7 -3 -2 -4 -10 
2 1 10 5 1 -1 -2 0 
-4 -17 -11 -6 -3 -4 -1 3 
3 -4 2 0 1 -2 0 6 
2 7 -6 -2 -4 -1 1 0 
-12 -12 18 8 4 4 2 8 
-5 92 -10 1 0 2 0 -10 
14 -2 -10 -5 1 0 0 9 
5 5 33 2 -1 -2 1 -8 
-16 -16 -11 -11 -5 -4 -4 -7 
1 -34 -3 -4 -3 -3 -2 2 
