#EMG
#9
#ID:9-19
-17 -22 -8 0 -4 -3 -8 -4 
-18 -16 2 1 0 0 0 -15 
2 23 0 0 -2 -1 -3 0 
3 -77 -2 -1 -1 -2 0 10 
-1 14 12 3 0 -1 0 2 
4 12 -5 -1 -1 0 4 14 
-12 38 0 -4 -4 -4 -6 -27 
-17 -15 -20 -12 -2 0 -5 -28 
6 -3 11 1 -2 -2 1 2 
1 6 -10 -3 -2 -1 -3 6 
1 -31 -1 -2 -1 -1 0 3 
-1 4 23 8 3 3 8 15 
0 -30 -31 -6 -3 -2 0 -26 
18 47 10 1 1 0 -7 9 
-9 17 5 -3 -4 -3 -1 -7 
7 0 -7 -2 -2 -2 1 15 
-1 -16 15 -3 1 0 -1 14 
-9 -18 -9 -4 -3 -2 -1 -33 
3 9 6 3 4 3 1 11 
-3 47 -2 2 -1 -1 0 -26 
-21 2 5 -1 0 -2 0 -17 
17 -22 -5 -1 -1 -2 -4 19 
4 13 -10 -7 -3 -1 -3 7 
-14 37 1 0 1 1 2 -12 
21 9 5 2 0 0 -1 31 
22 -4 -11 -4 0 -1 -4 -2 
5 -25 6 0 0 -3 0 -12 
-22 -14 7 -2 -4 -2 2 -1 
-15 -18 -21 -1 0 -3 -2 -13 
-3 86 24 5 4 2 5 -1 
7 -25 17 -2 -2 -2 -3 29 
14 -28 -26 -2 -5 -2 -6 -11 
2 12 13 -1 -1 -1 -2 5 
-13 -35 3 3 -1 0 0 2 
7 0 -20 -4 0 -1 2 4 
-4 11 18 2 -2 1 -2 0 
-12 13 -4 -1 -2 0 -4 -12 
-1 -37 -15 -2 -2 -2 -1 14 
3 4 0 0 -2 -1 0 14 
-12 -23 -9 0 -2 -2 -3 -32 
-13 -1 -7 1 2 -2 -1 11 
1 -8 10 -1 -1 -3 -2 -14 
-20 9 -14 -2 0 0 -1 -22 
23 -13 12 -1 3 -1 -3 38 
9 2 9 6 0 1 -4 -1 
-8 -56 5 -2 -4 -4 4 -15 
-8 65 4 4 1 2 5 0 
23 -48 -20 -9 -3 -1 -1 34 
-15 23 6 0 -1 1 0 -31 
-4 -7 1 1 1 -3 -3 -15 
-20 -38 -11 -1 -2 -1 -5 -18 
-2 6 -9 -3 -3 -3 1 -6 
14 -13 12 -3 -1 1 1 33 
-5 89 -20 -4 -1 -2 -6 -12 
12 -56 -3 -2 -2 -2 -3 -13 
-6 -15 4 1 1 -3 -3 8 
5 -2 2 0 0 -1 0 10 
-7 -23 14 0 -1 1 6 -12 
-1 -6 -4 -4 -3 -5 -9 -4 
13 -18 -20 -6 -2 0 6 31 
-25 6 1 0 -2 -2 -2 -42 
-6 -40 7 -1 1 -1 -5 6 
2 19 -3 -1 -1 -3 -2 -12 
12 -4 10 1 -1 1 -2 14 
1 2 -6 0 0 2 1 1 
-2 -19 -17 -3 -4 0 3 13 
9 -22 -3 -1 0 0 -1 4 
-13 14 -7 -1 -2 -3 -6 -15 
3 -74 -14 -4 -1 -1 1 -9 
6 9 6 -3 -1 -1 -2 27 
-2 10 3 1 2 1 1 -10 
-4 5 5 3 1 -1 -2 -18 
-1 6 5 2 -3 -4 -4 -7 
21 -26 -19 -10 -5 -3 -3 34 
-40 -11 -7 -1 -3 -3 -4 -43 
-1 -14 1 1 2 -1 0 7 
-8 65 16 2 1 -1 -8 -6 
4 -11 -14 -2 -2 -2 2 -1 
21 2 2 2 -1 1 1 31 
-40 16 17 -6 -2 0 12 -25 
16 -25 -21 -5 -2 -2 -5 17 
-10 15 12 2 -1 -1 -4 -13 
5 13 -6 -3 -1 -2 0 2 
8 -13 2 2 -1 1 1 31 
-7 6 -8 -1 -1 -3 -6 -29 
-30 -8 22 2 1 1 -5 -27 
-2 24 -18 -4 -4 -2 1 -2 
11 14 3 -3 -3 -5 -8 4 
4 4 -3 -3 -2 -1 8 9 
13 1 2 1 2 0 -1 15 
-4 -38 -1 -3 -2 -2 -7 -5 
14 6 -7 0 -1 1 6 3 
-5 79 4 7 0 -1 -3 -3 
-10 -3 5 -2 -1 1 2 -11 
21 16 -6 5 -2 1 1 12 
3 8 -19 -9 -3 -2 -4 -3 
0 -37 2 0 0 -1 0 0 
-4 12 -3 1 0 0 -1 9 
3 10 2 -2 -2 -2 -4 0 
6 -26 4 5 0 1 0 23 
-13 -8 -9 -8 -3 -3 0 -53 
-10 -35 6 1 -1 0 -1 6 
7 17 0 -3 1 -1 3 2 
4 -41 1 -1 -2 -2 -13 0 
21 60 -15 -3 1 3 11 32 
4 -43 -11 -1 -3 -3 -6 -5 
-15 39 22 0 -1 -1 -1 -21 
-7 28 -5 2 -1 0 2 0 
4 -30 -18 -7 -9 -4 -7 14 
-15 -6 -22 -8 -5 -6 -7 -15 
2 -28 -2 -1 2 0 9 11 
-10 14 3 0 -1 2 3 -7 
-36 -18 17 6 2 1 -8 -37 
12 86 -23 -5 -3 -1 -1 2 
-8 -20 -4 -1 -2 -2 0 -1 
-10 1 19 0 -3 -3 -1 -14 
19 -46 -16 -4 -2 -1 -1 21 
-9 79 8 5 3 2 7 -7 
7 -6 19 1 -1 -1 1 23 
14 23 -12 -9 -5 -4 -4 11 
-20 -48 3 -4 -2 -3 -4 -46 
10 18 4 2 1 2 1 -1 
-6 -10 12 7 2 0 -2 -9 
-3 40 17 3 2 2 -8 -1 
-17 -64 7 -3 -4 -3 14 38 
5 -14 -1 -3 0 -1 -5 -21 
-12 3 2 2 1 1 0 -9 
-7 -63 -4 0 -3 0 -8 -21 
49 -11 9 1 0 -3 6 70 
-38 -4 -5 0 1 0 -3 -36 
12 0 2 -3 -3 -1 0 13 
12 15 -11 3 -1 -4 -1 1 
-20 -49 -43 -11 0 2 3 -2 
13 -68 20 -2 -5 -4 -13 5 
17 60 15 -1 -1 -4 5 -31 
3 34 -7 3 1 3 3 19 
-8 13 12 6 2 0 -1 -13 
11 -73 -3 3 -1 0 3 38 
-31 -23 -9 -5 -4 0 -8 -7 
-9 -46 -3 -3 0 -4 0 -24 
27 34 -27 -5 -3 -4 -4 14 
11 16 24 -1 -1 0 2 10 
-30 72 18 9 -2 -2 -7 -46 
3 75 -74 -41 -8 -4 8 30 
-3 -23 -9 -3 -6 -3 -8 -37 
-3 11 16 6 4 4 7 26 
4 -44 -33 1 -5 -4 -4 -16 
29 -29 6 -13 2 2 3 42 
-24 15 15 4 -3 -1 -4 -46 
-11 6 -21 -2 -2 -4 2 10 
-3 -54 17 2 -1 -2 1 -16 
-19 -16 -6 9 -4 -5 -11 -21 
-15 -25 4 3 5 7 3 26 
29 -42 30 -1 -7 -7 -3 12 
-22 -21 -40 -8 2 4 -2 -11 
-4 -86 24 5 -4 -2 -4 -22 
5 72 12 -5 -2 0 3 20 
-22 -115 -15 0 -4 -4 -4 -13 
26 85 34 -1 -1 -1 -3 20 
0 -25 8 20 3 2 2 -27 
9 -4 -13 -18 -3 -3 -5 -16 
-6 31 -6 -28 -8 -4 -14 -14 
37 -37 2 0 0 -3 5 -9 
-10 26 16 8 2 3 11 5 
-22 2 25 13 -2 -6 -7 11 
36 -39 -14 2 0 -2 -23 -22 
-6 -43 2 -12 -2 5 43 48 
-25 59 7 1 -3 -5 -12 -24 
29 -23 -5 10 -1 -1 9 17 
-22 16 1 -10 -2 1 4 18 
-6 18 -10 -1 -4 -6 -22 -20 
-5 -42 -3 -1 -2 -1 2 -15 
-2 -84 19 2 3 0 -31 -33 
4 64 -30 1 -1 3 42 39 
-13 -102 -22 -3 -4 1 -9 -1 
0 16 -1 -6 -1 -3 -4 -32 
-11 -13 -1 -3 -1 -4 -14 -18 
1 30 18 5 -1 3 0 -1 
-19 -22 -32 -6 -2 -4 7 42 
8 -32 -16 -6 -5 -5 -13 -10 
-5 -74 -6 5 1 2 -1 0 
-3 27 16 6 2 1 1 -9 
18 28 35 -2 0 -3 -11 21 
-40 46 13 2 1 4 -2 -33 
1 114 -14 9 1 -1 22 43 
-2 2 -15 -16 -5 -3 3 -24 
8 7 6 1 -3 -5 -22 -13 
0 -32 15 15 4 0 -1 8 
21 -79 -34 -40 -10 -5 -1 -34 
-20 106 8 8 1 0 -11 -40 
11 -19 -27 -1 1 0 -7 43 
18 -12 -2 -5 -6 -5 9 44 
-29 46 50 17 5 3 13 -15 
2 -52 -37 0 0 0 -8 -7 
15 -85 -53 -21 -12 -9 -3 13 
16 61 13 10 -1 1 -5 2 
1 48 0 -6 -1 0 -7 -1 
2 25 23 13 0 -3 1 -16 
-26 -76 5 20 5 5 -6 -30 
8 43 -54 -52 -11 -2 9 34 
13 -6 49 30 5 -1 1 13 
9 70 1 9 7 4 1 13 
-9 9 30 -6 0 1 3 1 
-9 -72 0 -5 -2 -6 -18 -23 
8 11 26 13 -5 -2 16 14 
-5 -56 32 4 6 -3 -1 10 
-15 127 32 7 -3 -1 1 -28 
12 -66 -14 -3 -1 2 2 27 
-10 -68 -47 -3 -4 -5 -11 -12 
-2 31 -48 -16 -9 -2 0 -12 
-12 16 -18 -28 -5 -1 0 -8 
-42 -35 -20 -10 -1 -1 -4 -27 
6 -78 24 0 0 -2 -4 9 
14 -109 -9 -7 -2 -4 6 22 
6 22 -26 12 9 7 3 -3 
2 -86 42 29 -1 -6 -3 -5 
7 35 -10 2 -1 2 -1 17 
-24 -128 -50 -25 -3 1 -2 -8 
2 -8 8 -13 -8 -3 0 10 
18 5 47 17 4 -2 3 11 
-24 38 -57 -18 0 3 2 2 
-25 27 13 26 3 -2 -8 -31 
-1 36 -7 -14 -5 -1 2 7 
5 16 -57 -30 -10 -2 -1 -5 
-19 56 14 -21 -7 -6 -5 -1 
17 -75 14 11 -4 -1 3 22 
5 -105 54 41 13 3 -6 -1 
-23 127 15 -16 2 5 5 15 
13 -39 -21 -7 -8 -1 -3 -26 
11 -25 24 4 1 -5 -9 -2 
13 -46 6 17 3 2 10 -7 
39 -7 -6 5 0 -1 -4 -4 
-5 -5 -16 -16 -3 -3 -11 9 
13 39 10 -3 -3 1 12 31 
14 0 15 -12 -5 -9 -15 -4 
-7 2 -16 10 2 4 27 -16 
28 16 16 20 2 3 -2 -1 
-13 -44 -34 -22 -3 -2 -14 -26 
-42 82 8 -11 -4 1 15 23 
-13 -71 8 11 0 -1 -18 -31 
14 26 8 3 3 -5 -4 17 
7 -20 -1 5 -1 10 35 -9 
-19 -22 -23 -11 -7 -20 -28 -46 
-5 55 10 1 2 -1 -11 -6 
10 -16 15 1 -3 -1 13 37 
-1 99 -44 -8 -4 -7 -27 -36 
-13 -25 -34 -9 -2 9 12 4 
20 -27 28 13 5 9 11 35 
-16 17 9 1 1 -2 -9 -34 
-11 13 1 0 -1 -2 0 7 
15 -2 -20 -6 -3 0 3 -2 
-14 -11 -1 -4 -4 -4 -5 -27 
-6 3 8 -3 1 4 4 9 
-18 -48 61 7 3 -6 -5 9 
7 -85 -19 4 0 -2 -9 -41 
12 -33 4 -1 -2 4 18 29 
9 14 13 11 5 4 4 25 
-14 -95 -38 -20 -8 -2 -14 3 
23 78 1 20 5 2 0 -4 
-2 -36 7 -12 2 -1 0 3 
-14 59 22 1 -5 -7 -5 -14 
5 70 25 13 -3 -2 2 14 
-3 -48 -37 -15 -2 -3 -6 1 
-30 -23 7 23 0 -3 -2 -19 
14 -38 -50 -5 0 0 -5 16 
13 54 31 -5 -3 -4 2 10 
-9 3 -16 5 -3 -3 -1 -2 
2 17 6 7 1 -1 -5 -16 
5 -62 -12 -10 -5 -4 3 24 
-1 46 -10 4 6 2 -3 -30 
18 -88 17 -38 -17 -8 -5 -10 
-16 30 5 8 0 -2 1 5 
26 72 -3 4 -4 -3 -9 -46 
-24 -43 -26 10 10 3 2 4 
-8 -73 -69 -45 -10 -1 6 30 
-1 119 9 -5 -9 -5 -15 -21 
28 10 -8 -24 -5 -5 7 16 
-27 -36 13 26 -1 -4 -6 -3 
7 39 39 11 7 4 5 32 
27 -69 -34 -7 -3 2 -3 -20 
-29 -56 -5 8 6 5 2 0 
16 48 18 -4 1 3 -2 -1 
1 56 -37 2 3 -2 -15 31 
12 -9 -3 -14 -11 -10 22 6 
-5 29 33 -4 1 3 11 6 
25 -12 -30 24 3 -2 -6 -4 
6 -40 53 -14 2 2 -2 6 
-21 -53 -79 -6 -7 -9 -13 6 
-8 -28 -34 -26 -8 -4 -8 -11 
6 -87 2 -6 -3 3 15 14 
-11 28 38 38 4 -2 -13 -63 
-5 -18 26 2 10 5 -3 20 
-13 -21 41 11 4 -3 -18 -21 
29 -33 -5 -19 -9 0 31 33 
6 -11 -32 23 1 5 19 39 
-25 -48 8 -12 0 -6 -6 -15 
-20 -68 -13 -12 -12 -10 -15 -23 
-7 6 33 0 2 1 -15 3 
-18 -25 27 20 4 6 13 -24 
28 0 33 3 6 2 -3 46 
-37 -52 -30 -5 -5 -1 -22 -42 
-19 14 13 -1 -9 -10 11 -50 
32 -87 1 -3 -2 -3 11 12 
25 93 1 12 2 1 -33 -51 
-41 -23 -1 13 8 2 7 -4 
4 67 37 -1 -3 -5 2 30 
18 -53 -51 -8 -9 -3 2 17 
-30 -39 -12 -7 0 -5 -16 -15 
-7 11 -2 -4 1 4 -37 -3 
-27 17 16 -16 -9 -3 68 -4 
2 -51 66 12 5 -1 -16 29 
0 -47 -31 -11 -7 0 7 17 
20 -6 -40 -6 -1 -3 13 10 
-2 -35 -34 7 2 2 -45 -11 
-23 36 2 -15 1 1 31 -8 
-2 29 11 -51 -13 -4 2 -12 
-41 33 2 14 3 1 11 -22 
52 3 -50 -20 -2 -2 -22 14 
-11 50 57 19 -1 -3 -22 -7 
14 14 -49 -8 -5 0 36 -12 
26 8 14 3 -4 -4 -8 29 
35 -80 -7 -4 2 -4 -17 20 
-13 127 -6 12 3 3 16 9 
-4 -95 16 13 -1 4 15 36 
31 -9 6 -2 0 3 11 2 
-24 87 12 14 1 0 -3 -17 
12 47 -33 -28 -2 -1 -14 -10 
-11 19 -9 -7 0 -2 -6 -11 
-5 5 -2 8 -5 -4 14 50 
-44 -32 7 1 1 0 -19 -80 
26 -38 -12 6 -2 -4 -2 16 
7 22 55 21 6 -1 -7 19 
17 34 -31 -7 2 5 9 -7 
-20 -67 -11 -16 -8 -5 -7 13 
-16 -51 -2 -6 -3 -3 -1 -2 
-10 -22 5 20 5 1 -10 -27 
26 17 10 9 5 1 19 32 
11 -17 -4 -26 -4 -2 -9 -5 
-14 -30 -9 -1 -4 -3 -3 -11 
-9 4 -55 -22 -2 -1 -3 18 
8 -47 -12 -16 -8 -9 -7 -18 
-31 -3 -3 20 2 6 9 5 
-26 -19 -3 5 1 -5 -1 38 
29 61 54 19 2 1 -5 -28 
-18 -46 -11 -13 -9 -5 -2 -7 
7 30 3 6 2 -1 -1 4 
3 27 31 -4 2 4 3 -5 
-9 33 -39 3 -1 1 -2 27 
3 32 10 3 2 -2 0 -11 
-6 11 32 5 -1 1 0 13 
13 25 -30 -9 -3 -3 0 -1 
-12 -60 -26 -12 -3 -1 1 -10 
-7 -35 -8 -11 -4 -1 -4 -17 
16 2 -6 -9 -6 -6 -2 12 
-19 34 11 9 2 2 2 2 
12 -13 -8 -2 -3 -3 -5 -38 
35 14 21 7 2 -1 -1 14 
-2 -47 -70 -11 -7 -5 -5 -2 
-41 -20 -12 -14 -13 -8 -7 -1 
14 -10 40 11 3 1 1 11 
-26 -27 -47 -4 -1 0 2 -2 
27 94 5 -4 1 -1 -3 -24 
4 -15 11 4 -2 -1 -5 -14 
-24 9 -6 3 3 1 3 11 
-16 5 30 1 -1 -1 -2 -8 
-10 -9 -1 6 -4 -1 3 21 
7 -18 -26 -3 -1 -1 -5 -21 
16 -5 32 0 -4 -1 2 24 
-23 -13 -21 -3 -4 -5 -6 -21 
5 -27 -11 -6 3 1 2 15 
4 -15 5 -1 -3 -2 -5 -20 
6 -12 7 6 0 -5 -4 2 
10 93 21 15 3 4 5 16 
3 -30 -18 -16 -5 -2 -3 -1 
-13 -27 -45 -7 -5 -5 -3 -25 
-16 -14 -7 -3 -3 -3 -1 26 
-1 -32 24 4 3 2 1 -3 
6 10 -18 -5 -1 -4 -5 -4 
-16 39 11 0 -1 0 -3 -26 
8 -31 -13 -3 0 -1 1 11 
-19 6 2 2 0 -1 -3 -12 
25 -43 8 1 4 2 0 43 
-6 11 12 -3 -2 -3 -5 -33 
-29 11 -11 5 -3 -1 -2 -26 
21 1 1 -7 -2 -2 1 17 
-14 3 12 5 -1 -1 0 -5 
16 -6 2 -5 -1 -1 -3 14 
2 -4 14 -1 -6 -2 -2 -2 
-5 -25 -1 6 4 0 0 -11 
-6 -9 -9 -4 -1 0 1 0 
6 2 -4 -3 -3 -3 -2 -1 
0 2 7 -1 2 0 0 1 
7 -3 -1 -2 -2 -2 -1 6 
-5 7 -32 0 0 -2 -2 -18 
-5 3 41 2 -1 3 4 32 
1 -18 -7 -3 -4 -2 -4 -21 
-5 52 -9 -6 -3 0 -1 -3 
-6 4 9 3 4 1 -1 -6 
11 -13 -9 0 0 -1 1 4 
7 -90 -2 -2 -2 -1 0 25 
-1 66 15 5 0 3 0 -5 
-27 -11 13 -5 -8 -3 -4 -49 
9 -13 1 2 4 2 -2 11 
6 -2 0 0 2 -2 -2 -6 
7 -36 -6 -4 -2 0 1 3 
-2 8 -1 1 -3 0 -1 1 
-4 -10 -12 -2 -3 -3 -1 -6 
-17 49 3 -3 1 -1 -1 -10 
-2 -23 -6 -1 -1 -1 0 10 
13 12 18 0 0 -1 1 11 
-15 -24 -22 -5 -3 -2 -5 -16 
35 28 -19 -2 -2 1 1 17 
-40 -35 6 -4 -4 -4 -4 -44 
3 -2 1 9 5 1 1 35 
9 -5 -5 -1 -2 -3 2 -3 
4 -2 -1 -3 -5 -1 1 3 
12 -26 -4 -2 -1 -3 -2 11 
-16 -24 9 0 1 2 2 -12 
14 102 4 2 0 3 2 11 
-22 37 -3 0 0 -2 2 -9 
30 -5 -3 -3 -2 -2 1 31 
-33 -21 0 -4 -6 -5 -8 -21 
4 -7 7 1 0 -1 -2 2 
3 -17 -8 -3 -2 -1 -1 18 
-21 0 -18 -3 -3 -1 0 -22 
13 11 13 -1 2 -1 1 -24 
-5 -60 -8 -1 0 -3 -2 5 
-34 -20 -17 -1 -2 -1 -2 -10 
7 -29 -3 -3 -3 -3 -3 13 
-6 -2 1 -3 -2 -2 -1 7 
-4 -33 4 4 0 0 -2 -9 
5 85 23 1 0 1 -1 0 
-6 2 -9 -3 -3 0 -1 -5 
1 -83 -1 2 -2 -4 -2 4 
8 49 26 4 3 4 5 -1 
-17 -36 -5 2 2 -1 -1 3 
-10 0 -17 -3 -1 -1 -4 -17 
10 26 -9 -4 -3 -4 -3 4 
-12 11 -9 0 -3 -4 -3 16 
1 -12 9 -2 -1 0 -4 -29 
10 0 -9 -1 1 -3 -3 -4 
-18 8 12 1 -1 1 2 14 
0 -6 -3 -5 -3 -1 -1 -22 
16 -5 21 1 1 -1 1 27 
-9 -19 -24 -3 -2 -3 -3 -10 
8 9 4 0 -1 -1 -2 4 
0 14 -15 -2 1 0 -1 -4 
-20 -11 -1 -1 0 -2 -2 -7 
23 -64 15 0 -3 -3 -3 23 
-13 66 -7 2 -1 1 0 -28 
0 -95 -11 -9 -4 0 -2 -13 
-6 -35 -5 0 -1 -1 -2 -8 
3 29 3 -3 -1 0 3 10 
-4 -10 -11 -2 0 0 -2 0 
20 -16 -6 0 -4 -4 -1 27 
-1 -10 13 -2 -2 -1 -3 -19 
-3 -3 -17 -3 -3 -1 -2 0 
5 2 -4 -4 -2 -1 -1 5 
-9 19 12 1 3 0 1 -13 
1 -1 -10 1 1 -1 0 6 
29 13 3 1 3 0 -2 32 
-37 28 14 -1 0 0 -2 -47 
-6 -44 -2 -6 -5 -4 -3 4 
3 82 9 2 1 2 1 -6 
-3 -9 4 1 2 -1 0 -9 
7 -22 -11 -3 -1 -1 -1 15 
7 36 4 0 -1 0 0 3 
-3 -58 -12 -1 -1 -3 0 -5 
-15 70 11 4 3 1 -2 -13 
16 -9 6 -6 -6 -4 -1 3 
-15 10 -13 -3 -3 -3 -3 -12 
4 -28 -15 -2 0 -1 -1 7 
-8 0 9 3 0 -2 1 1 
6 -12 -5 -2 -1 -2 -1 7 
-6 16 6 -1 -1 0 -2 -4 
7 8 -11 -3 -3 0 0 3 
-11 16 -1 -4 -3 -2 -1 -14 
6 -14 -11 2 0 -2 -3 20 
1 33 -6 -8 -3 -2 -3 -7 
1 16 -19 -6 -6 -4 -2 -1 
2 -10 2 -4 -3 -1 -2 -5 
8 -2 -3 -1 0 1 2 6 
-5 -3 -2 5 1 0 0 1 
10 -13 2 2 0 -1 -3 6 
-3 -1 3 -2 -2 0 1 3 
7 -8 18 1 0 -1 -1 4 
-8 37 -43 -14 -6 -7 -8 -39 
2 -1 2 -4 -4 -4 -1 10 
-6 -26 8 3 -2 -2 1 -12 
-3 13 8 -2 -3 -3 -2 10 
5 -35 4 1 0 -1 0 11 
0 -11 2 -2 -1 -2 -1 -9 
-11 5 -4 -3 -1 -1 -1 0 
13 -10 -12 1 -1 -2 0 6 
2 -13 -6 1 -1 1 -3 -2 
-7 2 0 0 2 1 0 -7 
14 -15 2 2 0 0 2 35 
-15 -5 -3 0 -1 0 0 -22 
14 -8 4 2 0 0 0 4 
-4 16 10 2 1 1 0 -9 
3 -10 -5 -5 -4 -3 -1 -10 
3 -50 -6 -3 -1 -2 -2 7 
-10 76 21 3 1 -1 0 -10 
-3 14 -13 -6 -4 -1 -4 -6 
-3 -11 -21 -7 -4 -3 -3 -14 
5 3 -5 2 1 2 4 19 
-12 -51 10 0 -2 -1 0 -7 
1 -9 5 0 1 -1 -1 8 
-16 8 4 -1 -2 -3 -2 5 
-4 17 -7 -6 -1 -1 -2 -7 
15 -14 -3 -1 -1 -1 -1 1 
-19 -12 4 0 -1 -2 -1 -3 
-31 12 12 1 -1 -1 -2 -6 
-3 5 -4 -1 -2 -2 1 0 
4 -7 0 2 2 0 2 14 
5 -19 17 -1 -1 0 1 -11 
15 -22 3 1 -1 -2 -3 6 
-22 85 3 -1 -1 -1 -2 -27 
-10 -8 8 -1 -3 1 3 23 
-5 -54 -22 -4 -3 -4 -5 -7 
2 5 2 0 -1 -1 0 -7 
-2 -18 -3 -1 -2 -1 -3 -11 
28 6 1 3 2 -1 1 35 
-13 4 9 -2 -4 -4 -7 3 
-4 40 -14 -5 -1 -2 -3 -27 
3 21 -1 -2 -3 -1 -1 -1 
-8 -13 3 0 -2 -1 0 -7 
5 13 1 2 1 0 3 12 
0 -15 6 3 1 0 -1 -4 
21 -10 -7 2 3 2 4 24 
-22 4 -4 -6 -3 -2 -4 -18 
17 10 -13 -1 -3 0 -1 2 
-9 -45 1 -9 -5 -5 -6 -18 
-9 -17 -5 0 -1 -1 -1 -4 
1 -37 -9 1 1 0 0 -5 
-14 7 -8 3 2 1 3 10 
42 -59 4 -2 -2 -4 -1 20 
-24 37 17 2 -1 -1 -2 -6 
-5 0 -22 -4 -2 -2 -2 -5 
1 0 5 -4 -4 -3 -4 -12 
-7 7 8 3 3 5 7 11 
-2 65 -9 -6 -4 -2 -4 -5 
-4 9 -1 3 1 -2 -1 -5 
0 1 -2 1 1 0 2 2 
-13 10 3 1 1 -2 1 -10 
16 -29 -3 3 -1 -2 -3 6 
-10 -29 19 -4 -4 -1 -2 -9 
19 86 -5 -2 -2 -2 -1 16 
-2 5 1 -6 -3 -2 -1 -17 
-23 -46 -18 0 0 0 0 -7 
4 2 10 4 5 2 0 15 
6 -34 0 -2 -1 0 -2 -6 
12 15 -4 1 2 1 -1 -9 
19 -45 8 -5 -3 -1 0 25 
-13 51 1 -6 -6 -5 -6 -21 
-4 -13 0 0 -1 0 1 -2 
-4 15 -8 2 0 -1 0 2 
3 -30 10 -2 -3 -4 1 -3 
5 -12 -12 -3 -2 -2 0 7 
-9 -6 -12 -1 -1 0 -1 4 
1 8 6 2 -2 -2 -1 -22 
-7 -15 -43 -5 -2 -3 -2 17 
-1 -9 0 -6 -4 -3 -3 -6 
-11 3 -7 -2 -1 -1 -1 -21 
2 -8 3 -1 0 0 -1 13 
-2 30 4 -2 -1 -1 -2 -11 
0 5 3 0 -2 -1 -1 -5 
-1 -16 -4 -3 -1 -2 -4 2 
-11 -59 -8 -3 -3 -4 -4 10 
32 40 13 1 3 3 3 10 
-21 -34 -10 -3 -2 -5 -3 -29 
3 69 17 2 0 1 1 2 
-5 -15 -16 -3 -3 -3 -4 7 
-2 -10 8 2 0 -1 -1 -6 
12 -5 -2 -1 -1 -1 0 16 
0 -21 -5 -2 0 -2 -1 -4 
-12 32 11 2 1 0 0 -3 
3 1 -20 -5 -3 -2 0 -12 
-11 -5 7 -3 -2 -1 -2 3 
-7 6 12 -3 -3 -1 -2 -16 
-4 18 -13 -3 -2 -2 -1 17 
-8 -28 1 -2 -3 -2 -3 -4 
-2 -3 2 1 0 -1 1 4 
9 -16 2 0 2 -3 0 -6 
11 4 20 3 3 1 1 14 
-33 -34 -27 -3 -3 -1 -1 -27 
10 15 9 1 -2 3 0 12 
-5 -19 -3 0 -3 -3 -3 -8 
2 13 -1 -1 -2 -2 -2 3 
-2 -21 8 -2 -2 -1 -1 3 
3 8 -8 0 0 -1 -2 1 
2 -12 6 1 0 1 0 12 
-7 -22 -40 -1 -2 -1 -1 -23 
8 34 26 -2 -1 -1 -3 3 
-24 -19 -15 -1 -2 0 -1 -16 
12 5 -13 -7 -6 -5 -4 18 
-7 7 1 -1 1 1 1 1 
1 -3 -1 1 -3 -1 -3 -5 
