#EMG
#3
#ID:3-1
-5 -8 1 2 0 0 -1 -8 
-2 -14 29 3 -1 1 4 12 
8 -17 -25 -4 -3 -2 -4 2 
-3 7 10 0 -1 -2 0 -4 
7 -11 -8 -2 -3 -2 0 19 
-16 2 19 0 -3 -2 -3 -47 
-14 4 3 1 -2 0 2 -1 
0 -7 -8 -5 -1 -4 -6 -10 
7 -11 -3 0 -3 -4 -1 2 
7 91 -2 1 -1 -1 1 8 
2 2 -7 -4 -1 -1 -2 -5 
-8 -16 2 1 1 1 5 8 
-16 -10 12 -2 -1 -1 -6 -3 
-5 -23 -51 -8 -1 -1 1 -1 
16 -3 20 -1 -3 -2 -1 8 
-14 -11 -16 -5 -3 -2 -3 -12 
-3 23 6 -1 1 3 1 0 
1 -14 4 0 -2 -1 -1 7 
6 8 2 0 2 0 -3 -6 
6 -7 -2 -1 0 -2 -3 0 
-5 -7 -4 3 -1 1 0 -16 
5 53 9 -1 -2 -1 1 18 
-7 -22 -32 1 -2 0 0 -4 
0 -71 -9 -4 -1 -1 -3 7 
-9 68 5 -6 -3 -3 -8 -30 
1 -24 25 3 1 1 12 23 
-3 -7 -14 -7 -5 -5 -4 -6 
-9 7 -5 -1 -1 -2 -2 -25 
0 -26 -4 -1 1 1 -2 -3 
-1 -26 5 0 -1 -1 3 5 
-3 3 1 -2 -1 0 -3 -2 
19 16 11 2 2 0 1 22 
-27 -17 -4 -1 0 -1 0 -20 
4 -22 -11 -5 -5 -3 -7 -20 
-6 22 10 1 2 1 0 -3 
12 19 6 2 -2 -1 -3 3 
7 -6 -8 -3 0 -1 -1 7 
-1 -7 4 1 2 0 1 6 
4 -25 -13 -1 0 -1 -1 19 
-13 -16 -2 -6 -2 -4 -7 -31 
8 91 -17 2 -3 -2 5 -6 
-1 -22 -12 -11 0 -2 -1 17 
-2 -4 -1 -2 -3 -2 -2 -24 
-6 12 1 -1 -1 1 1 13 
-1 -25 26 1 0 1 3 8 
-1 -21 -20 -4 -4 -2 -12 -17 
-17 25 2 2 2 0 2 0 
-8 -16 -5 -4 -6 -5 1 6 
6 -17 1 -3 -2 -5 -3 -3 
0 1 8 3 1 -2 1 1 
3 -21 1 1 0 1 -1 1 
-1 9 5 4 -2 -1 -7 -4 
4 -14 -2 -3 0 2 10 40 
-19 -62 -35 -8 -6 -7 -11 -46 
8 59 34 -5 -1 -2 -4 2 
11 4 -36 -5 0 -1 1 19 
-8 -8 -13 -1 -2 -2 -6 -19 
-8 -12 -6 4 0 -2 2 10 
4 -17 0 2 1 -1 0 9 
-3 -9 29 6 0 2 0 -5 
-1 -12 -10 -6 -1 -2 -3 14 
15 66 5 -1 -3 -2 -2 -14 
-11 -19 -4 0 0 -1 -6 -11 
6 15 5 5 1 1 5 16 
-4 -14 -9 -3 -3 -2 -3 -14 
-4 2 23 0 -1 0 0 9 
4 -9 -7 1 -3 -2 0 9 
-7 9 0 -1 -3 0 -5 -4 
23 -23 -12 0 1 0 5 6 
-15 0 16 -4 -1 0 -4 -10 
3 -17 -39 -7 -6 -2 0 0 
0 -19 21 2 -1 -1 2 -2 
5 86 1 -4 0 0 -2 12 
-1 4 6 1 1 0 -4 11 
1 -9 1 1 0 1 7 5 
-2 -6 2 1 -2 -3 0 -16 
-9 -20 9 0 -3 0 -5 -20 
12 3 -12 -2 -2 -5 -3 -7 
-11 11 7 -2 -2 -2 -3 0 
-3 -3 -9 -1 0 -1 0 1 
-6 -18 6 -2 0 -1 -3 -10 
13 1 -9 0 -2 -2 3 19 
1 -18 4 -2 -4 -4 -2 -2 
9 16 1 2 0 -1 1 7 
-16 -10 15 1 2 0 0 -6 
-5 -3 19 6 2 0 1 -3 
6 4 -20 -7 -1 -3 -2 -3 
-4 9 4 -7 -1 -1 1 8 
8 -37 -8 -9 -3 -5 -4 -4 
4 9 2 2 2 3 9 24 
-12 -4 29 5 2 0 -7 -23 
7 28 -29 -7 -3 -2 -1 12 
-5 -16 10 2 0 -1 -8 -1 
-4 -33 -1 -2 -2 -1 8 -28 
20 39 1 5 4 4 5 26 
-37 36 13 -2 -4 -3 0 -21 
-5 4 -19 -2 -4 -1 -2 1 
8 -1 -4 1 1 -1 -2 0 
-1 -22 15 5 -4 -2 -3 7 
-9 -24 -14 -8 1 -2 -9 -29 
1 14 -12 -1 -4 -2 10 10 
-11 -23 -8 -3 -3 -2 -9 -13 
3 -10 -3 -7 -1 1 -2 15 
6 1 25 4 1 -1 5 17 
-19 -24 -8 -2 -5 -4 -10 -49 
1 10 -2 -1 0 0 0 -3 
-1 -6 -3 -1 -3 -2 0 13 
8 -54 10 2 -1 2 -2 15 
3 47 2 1 1 -1 -3 -9 
6 -44 0 -4 -3 -2 -2 26 
-12 69 -21 -8 -1 -1 -1 -10 
-2 -8 -2 4 -1 1 2 13 
9 -23 -6 -7 -4 -2 -5 -5 
-37 -3 6 0 -3 -3 0 -8 
17 -1 -31 -2 -3 -3 -4 -4 
-7 -26 4 -1 0 -1 3 12 
6 66 -4 4 0 -2 -8 -25 
4 32 -9 -2 -2 -2 0 7 
-15 -81 29 2 -1 0 -1 -23 
7 16 -23 2 0 0 -8 4 
-5 -21 10 0 -2 -2 4 3 
17 2 -6 -1 -1 -1 -5 6 
-16 0 -18 -3 -3 -3 3 -37 
25 40 3 -3 -3 -1 -4 0 
-21 -6 5 2 -2 -2 2 3 
19 -14 -8 -15 0 0 2 27 
14 99 -1 7 -4 -3 -4 -4 
-26 -15 -19 -26 -2 -1 -10 -19 
30 -92 -14 -3 -1 -1 15 36 
-17 18 6 9 0 -2 -2 -9 
-13 -22 4 5 1 1 -2 24 
-28 -5 -15 -1 -1 -3 3 -30 
3 -41 -10 2 -2 -3 -9 32 
-3 -23 30 6 4 4 8 0 
7 10 -39 -15 -4 -5 -6 -7 
2 54 35 10 0 2 9 18 
4 -20 -20 -9 -4 -3 -1 27 
-9 -11 -26 2 0 -1 -10 -70 
14 66 -4 -2 -3 -3 -3 10 
16 42 -17 -14 -5 -7 -10 -34 
-52 -5 11 4 3 0 15 -48 
44 -47 19 -2 -3 -5 -15 40 
2 -62 -2 2 1 2 10 14 
0 46 -13 -1 3 3 0 -5 
6 11 23 1 -5 -3 -8 14 
-11 -2 -63 -10 -4 -2 -4 -3 
-17 -71 42 3 4 -1 3 -2 
17 -90 31 11 3 1 -4 0 
-26 -47 -20 -1 3 2 0 -11 
2 -14 -22 -16 -3 -1 3 5 
-4 -2 6 -6 -2 -4 -11 6 
0 -60 -32 -4 -5 -4 8 -16 
36 57 40 9 3 4 8 41 
-13 37 7 9 2 0 2 15 
-1 -70 -73 -12 -8 -3 5 -5 
0 47 36 4 -1 -2 -11 -4 
10 -29 -15 6 2 2 -15 -1 
-7 75 -19 3 -8 -4 14 30 
-14 -3 32 1 -3 -5 -13 -66 
-15 -94 -14 1 2 2 12 24 
13 66 -9 -3 -6 -3 -2 -33 
-27 -21 12 2 0 -3 0 1 
14 -17 -47 -9 2 3 5 42 
-16 -101 -2 -1 -7 -5 -9 -14 
7 72 -11 5 2 -1 -6 -9 
0 27 24 -16 -1 4 4 5 
-34 -23 -2 -5 -6 -6 -4 -38 
-1 -6 3 14 8 2 -2 -4 
2 4 55 11 2 0 -2 10 
-4 2 -37 -44 -10 -2 -5 -30 
11 28 -16 8 4 0 0 5 
28 96 29 -4 0 0 0 25 
-16 -25 12 2 -2 -4 -2 -22 
2 13 69 28 8 6 -2 -9 
21 23 27 -7 -2 0 2 42 
-24 -19 -19 -3 -3 -1 -3 -51 
-7 -17 -14 -10 -6 -4 -2 -6 
6 -13 9 3 -2 -3 2 10 
12 2 13 3 1 -1 -4 2 
-10 20 3 -1 -1 -1 3 9 
19 17 -20 -12 -6 -4 -4 7 
2 -59 -31 -1 -5 -4 -9 -13 
-13 -32 40 11 3 3 4 -15 
6 -31 -36 -3 -5 -4 0 12 
-22 -91 -14 -22 -4 -1 -2 -16 
11 13 -5 8 2 0 1 28 
-19 -18 -35 -7 -4 -3 -3 -7 
-9 -73 8 0 -4 -9 -12 -21 
-45 -10 12 0 0 1 2 -19 
38 4 26 14 6 2 -1 8 
6 31 -37 3 -2 3 0 -5 
10 127 -23 -15 -2 -3 2 26 
5 -16 10 8 3 2 -2 14 
-4 21 10 -3 -4 -2 3 -11 
1 -2 20 4 -1 -2 -4 -11 
-15 -90 -10 -3 -3 0 5 1 
21 43 -18 -3 2 0 -4 16 
-4 -23 16 9 -1 -1 3 -6 
-5 -10 29 -4 0 -2 -7 -28 
1 -29 -12 -7 -6 -3 -20 -15 
-7 -25 35 2 5 7 27 29 
-6 -61 -55 -15 -8 -7 -14 -36 
9 13 3 4 -4 -4 0 17 
13 51 22 8 3 1 -3 13 
10 -13 5 -2 -4 -3 8 4 
-11 -32 -35 -7 -5 -2 -10 -4 
-18 -4 -8 4 1 -4 7 11 
-1 13 21 16 1 2 -6 -16 
-14 -78 1 3 -1 1 7 1 
7 28 -24 -10 0 1 2 3 
5 4 -20 -5 -2 -5 -29 21 
-16 -44 10 15 -1 -1 33 12 
10 20 13 -5 -2 0 -11 24 
-16 61 1 4 0 1 7 -41 
-3 50 12 -1 3 2 -6 -5 
1 38 6 2 1 0 -4 4 
-6 13 -21 5 1 5 10 -13 
30 2 -38 -12 1 0 1 36 
-8 -24 16 3 0 -5 0 8 
8 48 8 -9 -3 -3 -3 10 
9 -86 -36 -12 -8 -4 -16 -22 
-28 -38 29 4 1 -3 -12 -28 
11 35 11 9 2 2 13 -15 
29 68 -34 -28 -8 -2 4 3 
-29 -38 -66 -27 -6 -7 -16 -6 
2 -45 54 19 7 4 -6 14 
-10 -120 -31 -7 -5 1 3 -30 
2 65 33 4 3 0 3 24 
15 -6 -15 0 3 0 -5 -19 
-2 13 -6 -3 -8 -3 -7 19 
-3 1 -9 -18 -2 2 23 -4 
-6 -54 -22 2 -1 2 -9 21 
9 44 24 6 -4 -13 -38 -24 
19 66 45 8 1 1 39 39 
20 45 -45 3 -2 -3 -13 -15 
-1 -52 7 8 4 3 6 -5 
-3 105 -15 -16 3 1 -2 2 
-18 51 13 -4 -2 -2 -3 7 
-12 -50 -28 -8 -7 -2 -5 -14 
-3 6 22 -1 -1 -5 -1 2 
15 -52 -57 25 3 -1 1 -7 
-16 -6 -13 3 -5 -1 -4 -14 
-19 -78 24 -4 -1 1 3 -13 
24 -30 -43 -12 -2 -4 -15 -19 
-3 57 29 -6 -3 0 19 38 
9 -7 12 3 0 -3 -2 -3 
1 -93 14 25 3 -5 -14 0 
1 10 29 7 4 3 4 -4 
0 -11 54 1 -6 -1 5 2 
-17 -65 -32 -13 -5 -3 -9 8 
-9 48 43 -6 2 3 3 -21 
21 16 -49 -4 -5 -5 2 3 
-12 -43 3 -15 -3 0 -9 -24 
1 -85 13 3 3 1 12 -20 
4 -27 6 -3 -3 -2 -5 41 
-12 -52 4 -12 -7 -5 -2 15 
-2 -8 9 6 4 3 5 -4 
-4 -110 -49 -10 -9 -11 -18 -21 
-14 20 -67 -16 -7 -5 1 20 
-33 -64 -2 -1 -2 0 -1 -19 
3 -15 11 10 2 3 1 -21 
-34 -33 -3 -7 -1 1 3 9 
16 78 37 2 1 -1 2 33 
-23 -39 -4 0 3 1 4 -14 
11 -39 9 2 -2 -1 3 14 
3 104 -27 3 -1 -2 -6 -25 
3 -66 -10 -6 -3 -1 -2 0 
17 26 10 8 -4 0 -2 12 
-4 42 15 9 3 -2 -1 -16 
17 43 2 -5 4 4 3 0 
-24 -49 38 7 -5 0 -4 18 
21 80 11 3 3 -1 2 6 
-9 44 14 1 2 6 6 33 
-19 -17 37 7 -2 -5 -6 -14 
0 33 2 -7 -3 -3 -5 -22 
-14 -90 10 -7 -2 -2 -5 -9 
8 75 -42 3 2 2 2 9 
10 -8 -4 -11 -9 -6 -3 37 
-4 -26 29 11 8 5 3 -26 
-15 -80 -44 -3 -6 -4 -4 -22 
0 -29 -13 -2 -5 -6 -1 8 
8 -7 0 4 8 8 4 12 
4 -67 -39 -22 -11 -5 -11 8 
-5 51 10 -4 0 2 7 -4 
7 -19 -29 -6 -1 -5 -6 -3 
-9 -61 -71 -9 -13 -2 -3 -13 
-27 49 57 8 5 -4 -7 32 
-1 -1 -9 -2 -1 2 1 -34 
1 -51 -23 -1 2 -1 -14 35 
13 21 31 14 6 -4 16 5 
0 13 -2 2 -6 -5 0 -19 
12 18 4 -10 -1 1 -7 18 
3 -30 21 6 -3 -1 -11 -33 
-23 -37 10 -8 -1 0 -5 -32 
12 -50 21 11 5 2 13 24 
12 79 -1 2 3 4 3 19 
-8 -34 16 0 -7 -8 -44 -33 
12 19 7 -8 1 3 43 17 
8 49 52 14 2 -1 -6 -28 
4 -80 -7 4 -3 1 -12 13 
-25 91 -2 -17 -6 -5 21 -39 
-12 47 12 17 7 0 -21 -9 
16 6 -10 6 0 1 7 -5 
8 -2 -72 -44 -8 -7 -23 15 
-1 -18 27 6 -3 0 27 -11 
0 -69 33 6 2 2 14 41 
-4 59 0 5 3 0 -2 -27 
-11 -3 15 10 1 -1 -20 -21 
27 -19 -3 -7 -8 -9 -1 25 
-8 40 -29 -13 -5 -4 -22 -13 
8 -40 37 15 3 3 8 33 
-34 72 -7 -4 6 1 -28 -63 
12 1 -20 -32 -10 0 48 15 
24 49 -1 22 8 3 4 3 
-22 -72 -34 -37 -18 -11 -15 -46 
8 6 6 -7 0 2 -2 8 
-12 -49 -4 16 2 -3 -15 -1 
16 48 31 -3 9 6 -7 10 
-5 13 13 8 -2 0 3 7 
12 58 -19 5 1 2 8 -14 
-27 -37 -1 -4 2 -1 -20 44 
-1 -4 -2 -16 -14 -9 20 -13 
21 59 16 1 6 3 -17 41 
15 -16 11 12 -2 0 37 59 
-52 -77 15 6 -4 -3 -18 -35 
6 70 15 7 0 4 2 -4 
6 39 -36 -26 -4 -1 -9 -15 
-3 -65 -73 -14 -7 -8 5 -3 
27 -21 -37 4 2 0 -19 -17 
-37 -48 13 12 3 5 -26 -31 
14 -1 -37 3 0 4 66 51 
12 -32 42 3 -9 -21 -26 17 
-3 45 57 12 5 -2 -1 -19 
-20 -128 -65 -21 -11 -10 -30 -33 
15 110 47 15 10 10 3 14 
-16 -34 17 2 2 10 19 -12 
8 8 35 14 0 3 8 9 
18 4 -64 -30 -6 -4 -8 24 
-20 -75 8 21 7 -2 -9 -31 
-6 -67 27 -3 1 -1 2 -7 
14 -51 -79 -37 -6 1 0 3 
-28 16 -46 -16 -15 -9 -17 -11 
20 31 -34 -9 -2 4 18 29 
-14 -9 29 39 1 -4 6 -2 
12 58 9 -6 -2 0 1 5 
3 -66 25 9 1 1 28 6 
-2 -18 -47 -20 -5 -8 -24 -14 
-5 9 30 -4 -4 -6 -10 -7 
5 35 11 5 2 4 13 10 
6 -47 46 11 2 -1 -4 7 
-5 -57 -16 -1 -5 3 -6 -4 
-24 63 -5 -10 2 2 16 -32 
26 -2 8 4 1 -4 -26 26 
20 65 3 -7 -2 4 22 21 
-15 -43 18 10 -2 -14 -22 -50 
3 64 -44 -24 -4 3 29 41 
-4 21 13 12 0 -1 -12 -17 
18 -22 59 21 6 4 0 32 
-16 19 -9 -8 -4 -5 -10 -15 
-1 7 -17 -3 -2 0 -2 -17 
-2 -25 7 9 1 1 7 5 
9 23 3 -1 1 0 -22 -20 
-13 -21 -18 -4 -12 -5 22 -1 
1 -97 53 -2 -7 -6 -16 -18 
-10 70 -55 4 3 0 -1 -17 
3 -33 25 20 8 2 7 5 
6 -13 -67 -26 -2 -1 -11 5 
17 -13 -2 -9 -4 -2 -2 -2 
-23 -26 50 9 -1 -2 -7 29 
-26 -20 -44 -17 -1 -4 4 -21 
18 69 33 18 4 1 -2 21 
-2 -1 6 3 -1 3 3 24 
0 -28 -10 -13 0 4 8 2 
0 10 17 22 2 -3 -11 0 
-2 -20 -8 -23 -5 -3 -4 11 
-20 -47 -21 -2 0 3 -2 -18 
10 -14 -4 -9 -6 -7 3 -3 
-11 -44 -51 -4 -5 -2 -6 -8 
-16 -39 -29 -4 -4 2 3 -5 
5 -3 -26 1 9 0 -6 15 
-4 30 -29 -31 -3 0 4 -28 
14 55 39 0 -8 -5 1 -5 
9 68 25 13 7 5 -4 1 
4 17 41 31 6 4 1 -4 
-11 -45 -52 -14 -7 -7 1 2 
11 66 27 -1 3 0 -4 4 
0 1 44 11 0 -2 0 -27 
0 10 -6 -10 -3 1 0 22 
-11 -9 15 1 2 -1 -12 -33 
1 22 9 0 -11 -6 14 6 
-38 -80 -62 -33 -1 0 -2 0 
41 27 -9 7 -5 -5 -8 15 
-13 -19 20 19 -1 -1 1 -17 
3 10 -22 -17 -2 0 -3 16 
23 -22 31 12 3 0 2 27 
-48 -5 4 -19 -6 -7 -9 -68 
6 9 14 13 0 3 7 35 
4 -28 9 7 4 2 -2 -8 
5 11 -38 -24 -9 -6 -7 14 
-13 -31 22 7 -3 -4 -3 -24 
-5 2 -3 -8 -2 -6 1 -45 
-17 20 -1 25 7 4 -6 -7 
11 -68 8 -30 -6 -4 -6 -24 
9 45 -24 3 -4 0 -3 21 
-9 55 10 4 4 4 0 14 
16 -58 -13 -9 -6 -6 -7 2 
-38 3 1 13 0 0 -5 -40 
4 -40 12 -11 -1 -1 -5 -1 
3 4 23 12 -2 2 9 24 
6 -12 7 -7 2 0 -6 -19 
2 29 -12 -4 -1 -2 -4 2 
2 -22 -10 3 4 4 16 31 
-2 -16 5 1 -4 -4 -3 5 
3 12 5 -12 -2 -3 -1 -3 
-8 30 -1 7 -1 0 10 25 
3 12 15 6 -3 -3 -15 -21 
9 -16 -19 7 0 -1 11 12 
-22 -1 1 -31 -7 -2 6 6 
11 -4 -41 -5 0 0 -3 -6 
-3 -17 23 7 1 -1 1 13 
-3 -3 -5 1 1 -1 -5 -11 
-8 -22 -19 8 -1 0 -5 5 
7 17 50 16 4 3 7 -1 
24 2 -8 -8 -1 -1 -2 26 
1 -4 -23 -9 -4 -5 -7 -8 
-12 -11 20 7 2 2 1 -36 
31 90 16 0 -1 1 -11 35 
-18 65 -34 17 -1 -2 6 -48 
-5 -35 -40 -32 -8 -3 -2 7 
-3 4 -2 -6 -6 -2 -1 5 
-3 -28 3 0 1 -2 2 1 
-3 -21 1 2 0 0 -8 -5 
10 8 -11 4 -1 0 7 -6 
-4 -6 -2 0 -1 -3 -4 5 
1 -17 -3 0 0 -2 -5 -2 
-14 4 8 2 -3 -2 2 -7 
-5 -37 -3 -11 -4 -4 -14 -18 
0 -2 -21 -9 -3 -2 -2 16 
4 -4 9 3 -6 -2 5 -22 
-21 -8 1 -4 0 3 -2 16 
8 17 46 18 3 2 3 18 
-8 0 -38 -12 -6 -5 -2 -9 
-4 -19 4 10 1 2 -1 -3 
5 52 5 -10 -1 2 3 9 
-11 7 -11 -1 -7 -1 -2 -23 
6 2 40 4 2 -1 -2 12 
-5 -18 -28 -9 -2 -3 -1 -15 
4 -34 -9 8 1 0 -3 -15 
-2 14 24 -1 -3 -1 5 17 
-11 -8 -39 -2 -2 -1 -2 -6 
13 -6 13 0 -2 -4 -4 -3 
9 2 14 -1 -4 -2 4 23 
-6 19 3 2 2 -1 -1 -33 
-22 -66 11 2 1 0 -1 10 
-10 22 -9 0 -2 -2 -1 -5 
9 -32 25 -1 0 -2 0 4 
6 -10 2 4 1 1 1 23 
5 11 0 -20 -3 -1 -2 -1 
-6 -16 40 6 1 0 5 -5 
-1 -17 -34 -6 -4 -3 -4 -3 
-4 -5 -6 -1 3 -1 -1 -13 
7 12 1 3 0 1 -2 -7 
0 17 -7 4 -1 -1 -3 14 
-8 78 -4 -6 0 -2 0 -14 
-1 -3 6 0 1 1 2 23 
28 -1 5 8 -3 -2 -1 9 
-28 -8 -25 -2 0 -2 -3 -13 
7 -34 8 -7 -6 -7 -2 -9 
-14 -8 -25 -12 -4 0 -1 19 
3 42 15 6 0 -1 2 -11 
4 -18 2 0 -2 0 0 13 
-15 -19 -5 2 2 0 -2 -6 
21 23 7 3 2 -2 -4 -2 
-7 -5 -9 0 -2 -4 0 -1 
-29 -11 -32 -9 -6 -2 1 3 
-3 -14 -4 1 -3 -3 -9 -21 
3 -12 -8 -18 -3 -4 -1 -2 
-5 11 3 4 4 1 -1 -6 
14 -5 -9 0 1 3 3 4 
0 -3 27 1 0 0 1 15 
-8 -4 2 -3 -4 -3 -2 -18 
-14 -56 1 1 -1 -5 -9 -13 
12 -6 2 -2 -2 0 11 24 
1 -14 0 1 -1 -2 -4 -7 
-11 0 -32 -7 -2 1 -1 -18 
10 -4 15 -1 -3 -2 -2 13 
3 -5 1 -1 1 0 -4 -11 
1 8 6 3 1 0 0 9 
0 -13 -10 2 -3 -2 -3 2 
-19 -12 -23 -13 -1 0 1 -7 
5 -20 -6 -12 -1 -3 -8 -11 
1 -10 -40 -14 -5 -3 0 3 
-22 -2 3 5 0 -1 -2 -5 
3 13 8 10 0 1 -1 4 
-4 -3 6 -1 -5 -5 -1 -18 
-5 -21 -14 -2 2 1 -2 -10 
24 54 4 1 -5 0 0 27 
-19 78 -4 2 5 3 1 -23 
2 -6 24 5 0 -1 1 6 
-10 -1 -2 -1 -3 -3 -8 -15 
3 -2 9 -2 -1 0 2 13 
-3 -27 -9 -5 -3 -3 -2 -9 
15 13 10 5 3 3 -2 13 
-16 -17 1 2 -2 -1 0 -18 
12 -32 1 -5 -1 -1 0 7 
-1 -9 -32 -8 -6 -4 -6 -15 
-9 16 -4 -2 2 -1 -1 -2 
3 -17 3 4 0 0 1 12 
22 -1 0 6 1 -2 -2 21 
-38 15 -3 -3 -2 -2 5 -3 
1 2 -21 -4 -4 -3 -4 -32 
5 10 6 -4 0 -3 -4 7 
-15 1 7 3 2 -1 -3 -20 
18 -5 -3 -6 -2 -1 3 19 
1 -11 -5 -1 -6 -2 1 12 
-6 -24 -15 -3 3 -2 -1 -3 
-3 0 6 8 1 2 0 -9 
-1 -31 6 -6 -5 0 8 7 
-5 -38 5 3 -2 -2 -3 -12 
18 34 -25 -6 -5 -4 0 9 
-7 -5 10 -4 -1 -1 -6 -12 
9 0 -5 6 3 2 -1 -2 
-3 -15 15 4 3 0 0 5 
0 -51 14 6 1 0 1 3 
4 46 8 7 4 2 3 -2 
3 6 -24 -14 -9 -6 -7 7 
-12 1 -3 -4 0 0 -2 -23 
10 -5 2 -3 -3 0 2 27 
-6 -6 -11 -1 -2 -2 -4 -38 
-11 -5 5 4 0 0 -2 7 
7 17 3 -1 -1 -1 -3 17 
-10 8 3 1 0 -1 1 -18 
14 -12 -4 -9 -3 -3 -2 18 
3 17 42 22 3 1 0 -7 
6 -21 -81 -44 -10 -6 -6 12 
-8 9 26 3 1 1 -2 -8 
-4 -7 -8 0 -1 -3 2 10 
4 1 -1 0 -2 0 -3 -25 
-6 24 23 13 2 1 1 6 
5 -6 -3 -6 -3 -2 -2 -3 
-10 17 -8 -8 -2 -2 -5 -9 
-1 76 12 -3 -1 -2 0 7 
3 24 17 10 0 -1 -3 -6 
5 3 -10 -2 -1 -1 2 -1 
-1 -26 41 8 2 0 5 26 
-20 -67 -46 -6 -4 -3 -7 -23 
6 83 14 0 -4 -1 0 -5 
-3 -6 -22 -8 -4 -1 1 13 
-3 -20 -9 -4 0 -1 -3 -4 
17 -1 16 3 2 1 3 12 
-13 -20 16 7 2 3 2 -5 
12 -14 -10 -1 -2 -1 0 24 
-12 6 -4 -5 -4 -2 -7 -30 
8 17 -3 -9 -4 -4 -2 -20 
-7 -12 17 7 0 -3 -4 -5 
3 14 -2 -11 0 1 2 14 
2 -12 -7 2 -1 -2 -3 -6 
-11 -15 -4 4 2 1 -4 -5 
-11 -7 8 3 1 0 0 -13 
-4 -1 11 3 -3 0 -4 -13 
2 -15 -21 -15 -7 -4 -1 11 
5 -9 -18 4 0 -2 -2 -2 
3 -11 9 2 -2 -1 3 5 
-13 7 -2 1 2 -2 -3 -9 
-11 -18 -11 0 1 1 1 -2 
21 -19 35 0 -3 -2 1 17 
-28 -15 4 -5 -6 -6 -8 -18 
-7 -37 -52 -6 -2 -2 -2 -15 
0 14 12 4 0 -1 0 -4 
-1 12 1 3 2 3 4 13 
14 -12 -7 -4 -2 -3 -2 19 
-15 -1 27 2 -3 -2 -3 -34 
5 -4 -24 -3 1 1 1 14 
-21 -6 -4 -2 0 -2 -1 -16 
15 -4 -31 -4 -3 1 -1 21 
-1 19 12 1 0 0 0 -2 
3 7 0 4 1 1 0 7 
9 -6 13 -2 -1 0 -1 25 
5 -52 11 -2 0 -3 -6 -32 
-10 87 -23 0 2 1 0 4 
-1 -24 4 2 -2 -2 0 -4 
6 -2 1 -4 -3 -2 -2 8 
-14 -5 5 0 2 2 2 -20 
25 -12 22 6 2 0 -3 9 
-9 -67 -10 -2 -2 -3 -5 -3 
1 65 -11 -3 -2 -4 -6 -13 
0 -2 1 -1 -2 1 7 15 
-5 -13 -4 0 -3 -3 -3 -5 
0 9 13 0 -4 0 -2 -3 
1 -43 -6 -2 -1 -2 1 -2 
1 27 6 5 2 0 -1 9 
-14 -17 -17 -7 -2 -1 0 3 
5 17 3 -5 -3 -2 1 -17 
8 -17 -23 -5 -5 -3 -1 5 
10 8 10 -7 -2 -5 -3 19 
-11 -12 9 -1 -3 -3 -3 -33 
-4 6 -7 -1 1 0 -2 10 
3 2 11 0 2 1 -2 -17 
9 -20 -18 2 0 3 2 5 
-2 -8 2 1 1 0 1 7 
