#EMG
#4
#ID:4-3
4 29 -1 -1 1 -1 2 3 
-8 8 -9 1 0 -3 -10 -11 
5 -34 3 -3 -1 0 2 10 
-11 -10 -18 -5 -6 -1 4 15 
2 -16 13 -1 0 -4 -1 -21 
-3 42 -10 5 1 1 -1 2 
-3 -16 -18 -9 1 -1 1 -2 
6 16 18 5 2 -1 -5 1 
10 -15 -10 -2 -3 1 3 23 
-18 23 -6 -2 -4 -3 -3 -36 
12 -51 2 1 -2 -2 -6 8 
-15 43 6 0 0 0 5 -8 
-5 -2 -5 -2 -3 -2 -2 7 
-4 21 13 1 -1 0 -2 -4 
-9 -20 -5 -4 -1 -1 1 -7 
15 -15 -15 -6 -5 -3 -5 4 
-5 12 3 1 1 -2 3 5 
7 -35 2 -2 -2 -2 -4 13 
-4 6 -7 -1 -4 -4 -3 -33 
-5 -16 4 0 1 -1 0 5 
-13 19 -10 -2 -2 0 -3 -11 
4 -13 -3 -6 -3 -3 0 21 
-1 12 -5 -1 -1 0 -1 2 
11 -6 3 0 0 1 0 -13 
-6 -18 -3 -1 -2 -3 -4 -10 
4 17 1 -1 -4 -1 -1 2 
-4 -15 -4 -2 0 -2 -5 10 
2 -3 -7 1 -2 -1 5 -2 
-11 21 8 -3 0 -3 -3 -4 
-4 -25 -4 -1 0 -1 0 1 
0 73 8 -1 -4 -1 2 2 
3 -33 3 -2 0 -2 -9 -3 
-1 25 6 -1 -2 1 2 16 
20 3 -7 2 0 -2 -3 -8 
-16 -28 -11 -1 2 -1 -3 -13 
2 33 10 1 -1 -2 -1 -8 
7 -3 -12 1 0 -1 -2 -4 
6 15 -5 -6 -3 0 0 9 
8 4 8 3 -1 -1 4 24 
-9 -11 1 -2 -1 -3 -1 -33 
-14 -30 -8 2 4 0 -9 -16 
9 -3 -11 -5 -1 -1 5 12 
-1 -16 -6 -2 -3 -1 -1 1 
0 24 -2 2 1 2 1 11 
14 -1 4 -2 -3 -2 2 19 
-19 19 22 6 0 3 -5 -19 
-1 -8 -11 -4 -3 -4 -5 -2 
4 -6 0 -3 -2 -1 3 5 
0 -58 -6 -2 -2 -2 -1 0 
-17 33 9 1 3 1 -3 -21 
4 -15 1 5 0 3 4 4 
-11 -18 -14 -10 -3 -1 -3 0 
8 -73 11 -1 -3 -3 -8 -8 
7 18 -4 -1 1 1 11 19 
2 -1 7 2 0 1 0 -7 
-9 -15 -1 0 0 -3 -9 -9 
28 9 -1 -2 -1 1 6 10 
-24 -13 -6 -2 1 -2 -6 -6 
4 8 1 0 1 -2 -2 -1 
-2 16 -5 -1 -1 -2 4 18 
6 31 0 -1 -4 -2 2 -6 
-13 14 12 1 -1 -2 -5 -10 
1 -6 -6 -2 -1 -1 -7 4 
-10 -40 -7 -3 -2 -4 4 -8 
2 25 -3 1 0 0 -1 1 
4 12 9 0 -5 -1 4 9 
-11 -21 -10 -12 -2 -2 -6 -17 
5 -6 10 3 -1 1 -2 5 
0 -30 -4 -1 0 0 -2 -9 
-1 2 -6 -1 -3 -4 -2 -6 
-7 -23 -5 -1 0 2 1 -6 
13 8 12 0 -2 -1 -3 8 
10 -2 -23 -6 -2 -2 5 18 
-27 -16 10 0 0 -3 -8 -13 
0 7 1 2 0 -1 1 5 
20 13 -9 -1 -2 -4 -2 5 
-55 26 4 2 0 -1 -2 -29 
20 -13 -3 2 -5 -2 -2 9 
-1 18 11 -3 -1 0 0 0 
-7 -7 -18 0 -1 3 2 13 
9 -49 -17 -3 1 -2 -6 -4 
-4 79 3 1 -1 1 0 -23 
0 -7 -1 2 -1 -1 6 7 
0 -10 9 -3 -3 -2 -11 -2 
-5 15 -12 -1 -3 -2 5 -1 
2 -45 5 -4 1 -1 -4 7 
-5 4 -7 -3 -3 -3 -3 -18 
4 9 2 0 0 -3 3 6 
-6 25 11 1 1 0 1 3 
19 -26 -12 -4 -2 -2 0 27 
-19 -50 -1 -1 -3 -4 -10 -39 
-22 36 3 1 1 0 5 -1 
-1 -13 12 1 -5 -1 -2 9 
5 -4 -5 -3 -2 -2 2 5 
4 -16 -10 -1 -1 -2 -1 14 
9 -31 -6 -4 -3 -3 -3 5 
-5 1 -8 -4 -1 -2 -5 -28 
-4 1 10 1 0 0 -11 -11 
8 24 -19 -6 -3 -2 18 21 
-12 -22 15 4 3 1 -3 -14 
10 12 -3 -4 -3 -5 0 15 
-8 -14 -7 -4 0 0 -6 -17 
9 0 12 3 -2 -1 4 14 
-10 -3 -17 -2 -4 0 -1 -12 
13 11 5 -4 0 -1 -4 7 
-11 -5 -6 0 -3 -4 -4 -18 
8 10 4 0 -1 -2 -4 9 
-4 -44 -8 3 2 0 2 1 
6 34 14 -3 -3 -2 -6 0 
-1 0 -3 -2 1 1 7 17 
-16 5 1 -1 -4 -3 -7 -21 
19 -14 -11 -5 1 1 -11 -16 
-6 14 -4 4 1 1 15 17 
-20 -3 4 1 -1 -2 -1 -15 
5 -64 -13 -4 0 2 -5 6 
-11 56 32 13 -1 -2 -10 5 
-4 2 -49 -28 -8 -4 3 -4 
19 -7 26 29 0 0 3 8 
-7 -19 -39 -44 -1 -2 -5 -4 
-19 57 -1 -20 -10 -5 -7 -25 
-4 -36 -4 20 5 3 -1 17 
22 -18 -24 -21 -5 -3 2 -15 
-27 21 30 22 2 0 -6 -11 
15 -62 -1 0 3 -1 11 37 
-16 -27 15 1 0 1 -4 -31 
-4 86 18 10 1 3 4 5 
15 -50 -13 -6 -5 -5 2 5 
-12 105 -22 -10 -1 1 0 -21 
0 -44 3 1 -3 0 -2 43 
12 -16 -41 -7 -2 -5 -6 -20 
-3 45 15 -8 -2 0 -4 4 
-19 -31 -4 5 -1 0 2 -15 
8 -24 22 10 5 3 -1 3 
-15 9 -23 -9 3 2 1 -10 
11 -73 -16 1 -2 -3 7 21 
15 4 13 0 -1 -3 -8 11 
-11 28 0 0 1 -2 -10 -43 
3 -91 13 4 -2 -6 -1 24 
-1 53 13 25 9 8 1 -15 
-11 -57 -43 -29 -8 -4 5 18 
15 5 -16 -21 -7 -5 -4 -19 
-34 -38 27 3 3 4 -9 -26 
2 98 -1 10 4 1 1 0 
13 34 23 10 -1 -2 -6 6 
-23 -43 12 3 -3 -4 -4 -10 
-1 -30 -2 -10 -6 -5 7 30 
3 51 0 0 -3 -3 -5 -13 
11 -2 3 5 3 2 -6 26 
-6 -96 -4 -2 2 1 13 5 
16 10 -8 0 1 2 6 10 
-22 -54 2 -8 -3 -4 -11 7 
12 -45 -8 6 0 -2 3 -9 
-7 18 16 4 -4 -5 -8 -8 
9 -24 -10 -17 -3 0 -2 -25 
-3 110 -25 -4 3 2 1 23 
4 -15 -17 0 -5 -4 1 -16 
-4 30 9 1 1 1 -1 21 
2 33 8 19 1 -1 2 -4 
-6 -62 -20 -21 -9 -3 -3 -1 
-6 -41 -15 -8 -1 -3 -4 -9 
-3 49 18 9 3 -1 3 -6 
-4 -9 8 -9 -3 -4 0 30 
1 -48 13 24 5 1 -9 -27 
-5 -91 12 -10 -2 -2 -3 25 
4 78 -16 -4 0 -1 17 -4 
-9 5 -4 -20 -6 -2 -2 12 
-4 35 17 3 -7 -6 5 19 
-17 -8 0 8 3 2 -7 -85 
3 -27 -13 -10 -5 -3 -14 3 
14 -47 -17 5 3 -6 -10 11 
8 -32 1 -2 -1 -1 4 -12 
13 10 15 9 -2 1 -1 25 
-14 26 0 -4 -2 -1 0 -28 
-4 -8 33 -1 -2 -3 -7 -25 
-6 -83 -13 -6 -6 -2 12 33 
6 114 2 4 7 6 4 -4 
10 -14 5 1 1 3 1 38 
-30 87 8 21 1 0 -9 -27 
2 3 -20 -36 -3 0 -3 -42 
4 -55 -24 -15 -6 -6 -2 27 
7 0 -8 4 -1 1 10 43 
-31 -5 -6 -1 1 -2 -4 -11 
5 51 40 16 5 2 5 -25 
-2 31 -9 -3 -3 -2 0 -9 
7 -73 -12 -7 -2 -3 -13 9 
18 55 23 2 1 -1 -5 9 
-23 -59 13 13 1 -1 11 -13 
-5 28 -33 -9 0 0 -2 24 
4 32 37 13 0 0 -1 -27 
10 28 -38 -23 -5 2 2 13 
-16 69 -9 2 1 -1 -9 -34 
-2 -29 35 12 7 1 -2 -12 
1 -40 -3 -5 1 2 -7 0 
4 45 -7 -21 -4 -2 10 0 
3 4 0 -5 -6 -2 -2 17 
4 -28 27 15 4 2 0 5 
6 110 -43 14 5 -2 2 -35 
-18 -51 2 -20 -12 -5 -6 8 
18 7 7 1 1 -1 -5 11 
-8 18 -8 -14 -3 0 4 -4 
11 53 25 7 -4 -2 -3 -2 
-5 -128 -18 8 4 -2 -4 -14 
6 9 -30 -14 -12 -7 -13 1 
-22 1 31 6 1 -1 9 -10 
-4 -28 -42 -2 -1 -2 -7 10 
4 -105 3 -29 -5 2 9 5 
-14 -1 19 21 6 3 -12 -47 
15 -16 5 -6 -6 -11 -11 3 
-3 -83 -61 -16 -5 -4 1 -4 
27 72 55 49 7 1 4 36 
-1 -43 -75 -30 -3 -1 4 7 
3 -23 21 2 -4 -5 -3 -13 
-6 83 43 9 -2 -1 -2 2 
-3 -41 -81 2 0 -1 -6 -3 
1 -1 10 -11 2 1 1 14 
5 39 25 7 2 0 3 -5 
-11 2 7 -17 -3 -1 2 -1 
10 -3 25 19 4 -1 -2 21 
-3 -19 32 7 0 -4 -2 -15 
2 17 -24 0 -3 -1 -7 -7 
-18 3 6 -1 -1 0 1 15 
14 37 -1 0 3 4 -4 -13 
6 8 -14 -6 -3 -1 9 23 
0 6 9 4 1 5 4 21 
12 -41 -12 -6 -3 -4 -6 -27 
-17 36 12 1 3 2 0 -13 
19 45 8 0 1 0 -6 23 
-8 -28 -23 -8 -6 -3 -11 -10 
15 42 17 -2 1 0 16 39 
-32 -19 -4 7 4 3 -2 -67 
16 -31 11 2 -6 -5 -9 -10 
-2 3 27 -1 1 1 5 -5 
2 -13 -24 3 -1 2 -8 -4 
1 22 -1 -15 -6 -6 -1 21 
-13 -16 -12 -3 -2 -4 0 7 
8 48 16 15 1 0 1 14 
-10 -53 -16 -8 -5 -5 -8 -29 
28 8 -3 5 -3 1 3 29 
-20 -93 15 6 3 2 -9 -44 
-7 -32 -13 -12 -5 -2 1 14 
-5 -25 -11 -9 -6 -2 -2 -6 
5 18 -7 -15 1 -1 6 21 
6 10 38 27 3 1 4 8 
-3 12 -25 -9 -1 0 -2 -9 
-7 -4 0 -3 -5 1 6 -4 
-3 -85 17 -13 0 -2 -2 8 
11 -14 -2 -6 -6 -2 1 -11 
11 70 33 27 10 2 2 -1 
-14 11 31 11 7 5 -7 -5 
-4 -3 -9 -8 -13 -8 -1 9 
8 -22 -28 -13 -3 -1 6 19 
2 -67 7 5 -6 -6 -27 -35 
4 1 8 4 2 -3 20 -14 
-5 94 35 21 8 5 -13 -25 
-8 -21 -63 -47 -11 -2 9 13 
-17 -11 -43 -4 1 0 4 9 
9 91 19 -6 1 -3 -6 24 
-20 -37 12 18 0 -2 3 -23 
9 -7 2 23 2 1 -8 13 
-11 -95 30 -14 0 1 8 1 
-3 -32 -32 -13 -8 -5 -4 37 
11 -34 -39 -10 -9 -9 -15 -39 
-32 27 19 13 4 1 1 11 
-1 4 0 -13 -7 -3 -6 -26 
-1 36 32 10 1 2 -6 15 
8 -7 -16 -9 -1 1 27 18 
15 -2 -2 -4 3 1 -4 -8 
-10 57 22 16 -2 -9 -20 -26 
-13 -51 -10 0 2 0 2 -15 
-15 11 -44 -22 -4 -2 -14 -5 
-6 -9 33 3 -1 -2 0 -5 
-3 85 -36 -5 -5 3 14 8 
2 -39 -40 -26 -6 -7 -26 -10 
-8 -60 29 33 9 1 9 16 
-7 -70 8 -15 0 0 -8 -17 
-12 -87 -9 -19 -9 2 5 24 
-12 53 -6 5 1 -3 0 -30 
8 14 -4 2 -1 1 -3 17 
5 7 10 24 3 -4 1 -25 
18 11 31 13 5 -2 -1 40 
-23 3 -34 -26 -9 2 6 -26 
-28 29 38 18 -4 -3 -8 -14 
5 -47 -40 -21 -5 -7 -8 -23 
-13 -103 -22 -4 3 0 10 -7 
32 52 34 19 -1 3 -1 47 
-5 -27 19 -6 1 2 14 7 
6 16 17 5 3 3 -8 29 
2 -31 -26 -8 -11 -12 -8 -26 
-11 -78 1 -4 2 1 -8 -34 
17 -30 -21 -17 0 1 9 45 
-19 16 31 16 4 3 -1 -20 
22 12 -16 -4 -2 1 9 21 
-4 -82 14 7 3 -3 -9 -20 
4 127 9 -3 -3 2 -4 -22 
-4 -17 19 6 -4 -3 2 9 
42 54 9 -3 1 7 13 34 
-18 0 -23 7 -2 -6 -10 -27 
-2 -42 6 -18 -7 -1 -1 4 
2 53 -18 -5 -6 -2 -6 10 
-3 49 -28 -1 4 2 13 3 
6 -93 33 6 4 -3 6 30 
-23 65 -5 -1 -3 -5 -22 -42 
-13 -10 -19 2 -1 4 8 39 
-2 -80 -43 -16 -4 -7 -10 -23 
2 44 24 -6 -1 2 -4 17 
13 -15 -48 2 0 -5 -9 -10 
5 -16 18 -24 -6 1 0 -29 
-10 -4 2 6 -1 -5 -12 -11 
9 31 -4 -2 -4 -6 3 -15 
3 -29 -23 -4 0 1 -12 -4 
2 27 11 11 -1 -1 19 13 
3 -37 -41 -37 -9 -6 -8 11 
-11 -21 -10 -12 -8 -7 -4 -6 
-8 43 -11 1 0 0 -28 -36 
-7 12 4 14 5 -1 20 -24 
8 -16 21 6 -1 -4 -2 -1 
3 17 -7 -2 -2 1 -2 28 
1 -28 39 6 2 2 8 10 
-5 -7 -37 -14 -4 -6 -8 6 
-22 -11 23 1 -1 0 -11 -56 
5 -28 -21 -1 -1 -3 4 0 
7 -69 -6 -2 -1 -5 8 17 
-4 -61 13 1 1 -1 -6 14 
10 20 19 26 6 7 3 17 
-25 -51 4 -8 -2 3 8 -12 
-1 17 -10 -6 -5 -3 1 -7 
-4 6 -10 -9 -4 -5 -20 -4 
30 12 -13 3 5 7 16 1 
-39 19 34 10 -3 -4 -7 -54 
9 -46 -54 0 1 -1 8 29 
17 110 41 18 4 2 -5 -12 
-17 -25 -53 -12 0 -1 -10 9 
22 -27 22 -6 -5 1 1 1 
-16 -45 9 -8 -4 -4 -1 -20 
13 69 49 31 3 1 -1 -10 
-19 -28 5 -16 -7 -2 -3 -4 
6 -31 -21 13 7 1 -4 2 
14 81 58 14 4 4 5 10 
-3 -24 -13 -20 -1 0 3 25 
-5 3 -2 -4 -11 -6 -3 5 
10 4 -11 -12 0 0 2 -1 
-4 -19 16 13 1 -2 0 -9 
7 -11 -39 -1 4 3 6 43 
9 34 19 0 0 3 0 -13 
-16 -66 -19 -6 -2 -2 -5 1 
0 11 -17 -8 2 1 3 5 
5 -42 -19 -10 -8 -7 -7 19 
-19 -11 -7 10 0 -2 2 -23 
10 7 17 5 3 2 5 14 
0 11 -25 -19 -13 -8 -6 -23 
0 -7 13 24 8 2 1 13 
-9 4 -13 -32 -1 0 -2 -9 
14 41 -8 -1 -7 -6 -3 9 
-5 20 14 13 4 1 -2 -4 
4 -58 -39 -32 -8 -7 3 17 
-13 14 7 14 0 -3 -4 -6 
-11 20 21 13 4 3 -6 -22 
11 -76 8 -1 3 1 12 60 
-14 38 -7 -5 -4 -2 -6 -31 
-1 -14 12 -2 1 1 1 18 
-2 7 -3 -5 1 2 0 -18 
-3 -66 -15 -7 -4 -5 -9 -18 
15 13 9 7 -1 -4 -1 -2 
24 84 32 8 3 2 -8 57 
-33 -51 -15 -21 -5 0 20 -41 
-5 -2 -23 8 3 1 -5 -12 
3 -34 -19 -8 -4 -3 -4 -8 
-2 19 18 28 6 1 -4 -7 
14 16 -10 -19 -1 -1 -12 25 
-7 16 6 -2 -7 -4 11 -5 
-11 17 -8 -20 0 2 -6 -13 
-25 -44 -14 -6 -1 0 4 -22 
12 -3 19 23 5 -1 -5 21 
-21 3 4 -3 -2 -1 -2 -4 
4 -27 -5 -1 -3 -5 -7 -32 
-12 6 -7 -4 -5 -2 -4 -8 
16 0 -16 0 -4 -5 0 16 
-2 4 2 -2 -4 -3 -6 -20 
-9 -14 4 1 -1 0 5 2 
2 -9 -1 -6 0 -3 1 4 
4 5 -7 3 1 0 3 14 
-3 -7 20 -7 0 -2 -4 -16 
-8 4 -18 4 1 0 -9 -7 
2 -56 3 -7 -10 -7 6 5 
0 98 10 0 0 2 -8 6 
20 18 3 2 1 2 15 24 
7 52 4 2 3 3 2 1 
-19 -27 5 5 0 -3 -13 -52 
6 -23 6 11 0 -5 0 3 
0 10 -14 -17 -7 -4 -4 3 
-3 -6 3 0 0 0 -3 -5 
0 -12 -4 3 -1 0 3 14 
-3 -43 -4 11 2 1 1 0 
19 54 -2 -5 2 0 2 13 
-11 -31 10 4 -1 0 -2 -1 
-11 -13 12 -5 -6 -4 -3 -33 
8 -17 -35 -14 1 -3 -1 0 
-13 -22 0 1 -4 -1 -4 -1 
7 -1 1 3 -3 0 2 8 
9 10 1 5 4 3 3 20 
20 26 16 0 1 2 0 4 
-17 47 -19 -6 -5 -5 -4 -39 
-11 -8 19 -2 0 -2 -2 6 
4 -19 -15 -11 -5 -3 -3 4 
-1 -9 6 2 0 0 1 9 
10 -37 -5 0 1 0 -7 8 
-5 -5 2 -2 -1 -3 0 -12 
6 12 -10 -2 -2 -1 2 7 
-6 57 -1 -3 -4 -1 1 2 
-1 -5 12 10 2 2 1 8 
12 2 14 -11 -7 -5 -4 -12 
3 -18 -37 -13 1 -3 0 11 
-6 -16 10 -3 -2 -1 -2 1 
2 -25 -19 -1 -2 -1 -1 12 
-13 12 9 9 -1 -2 -1 -31 
0 -9 2 1 1 1 1 13 
0 -17 -13 -5 -5 -4 -3 -13 
-7 -4 4 1 -4 -2 -2 6 
3 -2 16 4 2 2 1 18 
-2 -3 -52 -4 -2 -3 -4 -9 
6 8 22 4 0 0 -1 20 
-15 -23 -49 -11 -3 -4 -8 -28 
17 26 -18 -11 -6 -6 3 5 
-11 -11 26 4 0 -1 -3 -17 
-2 -13 -1 6 0 0 3 1 
19 7 12 5 3 0 -5 24 
6 -29 -47 -18 -8 -2 10 0 
-4 17 11 2 -1 -1 -2 -11 
0 0 5 1 -2 -1 -3 -10 
-13 -28 8 1 2 0 -2 10 
-4 2 1 6 3 2 -3 -18 
11 10 -6 -12 -3 -4 -3 10 
-13 -21 -2 1 -1 -2 -5 -19 
8 -11 1 -7 -2 -2 1 7 
-7 -8 -6 -2 -1 -1 -1 8 
2 -15 21 8 3 1 1 3 
-3 71 -30 -3 0 1 0 1 
5 -2 -8 -1 1 -1 6 9 
-12 15 17 6 -2 -2 -10 -27 
2 -5 -6 -19 -7 -3 -1 -11 
12 -21 0 -2 -1 -1 2 20 
-6 5 11 1 -2 -1 -2 -10 
-12 -11 -17 1 1 2 -1 0 
11 -1 10 7 0 -1 -5 12 
5 6 -1 -9 -5 -5 -4 -1 
9 -19 11 2 0 3 -2 4 
-15 -42 -20 3 4 0 -1 9 
-16 9 8 6 1 0 3 -4 
-6 -13 -12 -6 -3 -3 -1 -14 
-5 -4 14 0 -4 -4 -5 -15 
0 4 -4 -2 -3 -3 -1 -2 
11 8 -14 -5 -2 -3 1 21 
-15 -40 -8 -4 -1 -3 1 -33 
3 25 -1 0 -2 3 0 7 
-10 16 14 2 -4 -2 -3 -12 
6 1 3 11 3 2 1 14 
-6 -9 15 -2 -2 0 -2 1 
-5 -12 -4 -8 -2 -2 0 -6 
17 -4 -8 -5 -4 -3 -10 12 
-19 -71 -20 -4 -4 -3 7 -22 
3 23 -2 -4 2 1 0 5 
3 -3 2 1 -2 -2 0 -3 
-6 0 5 -2 1 1 1 13 
0 1 19 4 1 1 -5 -10 
-1 2 -4 3 -1 2 -3 7 
0 27 -12 -1 0 -3 0 -13 
0 -14 15 -11 0 1 5 6 
-4 19 16 3 -4 -3 -4 -5 
3 6 -13 1 0 -3 0 6 
-6 -5 -11 2 -3 -1 -3 1 
16 9 34 11 3 -1 2 21 
-11 19 -19 0 1 1 3 -37 
-18 10 14 -1 -1 -3 -9 1 
-14 -76 -15 -17 -4 -1 -8 -24 
-2 38 -6 0 -6 -1 -1 -10 
9 16 5 -1 5 1 2 18 
16 -13 12 5 -3 -2 0 10 
-8 -11 3 5 0 -2 1 -5 
-5 -17 -11 1 -2 -2 -1 3 
0 17 18 0 2 0 -6 6 
-6 19 -24 -10 -5 -3 2 -12 
5 14 13 1 -2 -3 -1 7 
8 -3 -19 -9 0 2 0 -9 
-18 -4 -5 5 0 -1 -1 8 
4 -23 27 5 3 0 -6 -10 
-22 -7 -20 -9 -5 -5 1 -24 
9 -29 2 7 0 -2 -3 3 
3 -7 -16 -6 -2 -2 -3 6 
-10 -4 15 -3 -1 1 1 -3 
12 24 38 11 2 1 0 9 
-26 -18 -46 -14 -4 -1 -5 -28 
21 9 4 -7 -3 -2 -1 13 
6 6 -6 0 -3 -3 1 -3 
0 6 -4 -2 1 1 0 -8 
-3 -3 9 4 -1 0 1 18 
0 64 12 5 0 1 -3 -28 
1 -63 -25 -8 -5 -2 0 1 
1 14 1 2 1 1 3 24 
-16 -6 3 -2 -1 -4 -5 -28 
-2 -36 -14 -6 -4 -3 -2 4 
-6 -7 -10 -6 1 -2 -5 -15 
11 0 8 -3 -4 -3 2 22 
9 -12 -20 -4 -2 -4 1 24 
3 -24 4 -3 -2 0 -6 -1 
-15 -63 -18 1 0 -1 3 -19 
-1 53 27 13 6 5 2 4 
-7 -86 10 -1 1 0 -3 -15 
5 -29 26 6 -1 0 1 22 
10 30 -22 -15 -3 0 -2 -9 
-1 -20 18 -7 -4 0 -2 1 
-3 -39 -10 9 3 -3 -5 9 
-3 10 -9 1 -4 -2 8 -4 
-10 14 17 14 4 3 2 8 
6 -14 -2 1 -3 -4 -6 -11 
20 24 -2 -9 -5 -4 -2 25 
-9 -8 -15 -4 2 2 -2 -24 
15 45 8 6 0 -2 3 43 
-39 -39 -29 -7 -4 -4 -6 -32 
3 12 11 -5 -1 1 0 10 
-4 13 -6 5 -1 -2 -4 -10 
-3 7 22 8 -1 0 3 5 
15 -16 -26 -13 0 -3 -2 8 
-23 30 -18 -7 -5 -2 4 -13 
15 13 46 -2 -3 -5 -5 -7 
-2 -36 -49 -16 -6 -3 -7 -28 
17 34 26 9 2 2 1 19 
-9 -3 -31 3 1 1 -1 0 
-3 25 -12 3 1 1 2 -5 
-13 -17 -14 -11 -5 -3 -6 2 
4 -27 -7 -2 0 1 -1 -8 
12 26 -2 -5 0 -1 3 10 
-32 -4 -16 -5 -3 -5 -4 -14 
11 15 27 9 3 0 0 9 
-11 -38 -49 -13 -3 -2 -4 -22 
5 51 36 12 1 2 0 4 
7 -14 -8 5 2 -3 -3 11 
-1 -28 -28 -22 -7 -4 1 -21 
-6 34 27 8 1 -1 2 0 
11 -32 10 6 -1 0 0 4 
-9 -2 -9 -9 -5 -1 -3 4 
0 4 6 3 1 0 -1 12 
1 -18 21 4 0 -2 0 15 
-11 -11 -24 -3 -4 -5 -5 -33 
5 13 23 -5 -5 -3 -3 5 
-4 8 4 8 1 1 0 16 
-5 0 -7 -7 -6 0 0 -14 
13 29 12 -5 0 0 -1 0 
14 -31 -22 4 0 -3 -1 28 
-10 81 22 13 3 1 3 -31 
1 7 -24 -3 -3 -1 -4 7 
-4 -5 20 2 3 -1 -1 2 
6 -38 -9 -3 -2 0 5 4 
9 56 -8 0 0 -3 -3 21 
-8 13 6 3 2 1 2 -10 
4 -31 -5 -1 -4 -3 -3 -12 
10 25 -4 -2 -1 -1 -3 12 
-14 -19 32 3 0 0 1 -16 
-5 -17 -11 -8 -2 -4 -7 -2 
-8 0 24 9 0 -1 -2 -5 
6 6 -15 -1 1 1 3 17 
-2 -20 -6 -7 -5 -3 -3 -8 
14 10 19 26 6 1 1 1 
-21 40 -19 -4 1 0 2 -12 
3 33 -52 -55 -11 -1 2 27 
-25 68 11 5 -2 -2 -7 -20 
-12 -22 11 6 0 -1 0 1 
10 -18 10 -13 -2 -3 0 12 
6 46 3 27 9 3 1 -20 
-16 -51 -27 -7 0 -3 1 23 
6 26 23 3 -3 -2 2 -2 
10 12 -5 14 2 2 -6 3 
-4 -3 29 -20 -3 -4 5 5 
-11 -33 -20 5 -4 -1 -8 -74 
-1 -34 -29 -8 -3 -5 0 2 
-11 -18 -9 -16 -3 2 4 15 
-10 -9 25 1 -1 -2 -10 -37 
0 -17 -25 5 3 -1 -1 19 
-6 -9 1 0 0 1 0 -1 
-1 6 -19 -5 0 -3 -3 -18 
-10 -35 5 -6 -6 -2 -4 -6 
12 38 -2 -12 2 3 3 19 
20 71 3 2 1 1 -1 27 
-24 -23 -7 -29 -9 -4 -9 -48 
14 -28 -3 10 -2 -5 5 14 
13 -11 42 13 3 0 -8 7 
-11 -29 -10 -12 -2 -3 -5 -34 
3 33 3 13 3 2 -1 -4 
-6 5 8 8 4 5 1 -2 
12 -17 1 -12 -4 -1 2 15 
7 17 1 3 -1 -1 0 19 
12 0 21 7 0 -2 -2 -5 
-33 -26 -68 -30 -6 -5 -6 -18 
6 -12 21 6 -2 -1 -1 5 
-1 -2 -29 3 1 3 2 16 
2 -29 8 16 -2 -2 0 -10 
2 87 19 -13 -9 -5 -5 -12 
-2 7 -18 -13 -2 -4 -2 0 
-6 -54 -5 -3 2 0 -1 -17 
16 80 16 8 0 3 1 22 
-11 -18 13 33 7 5 0 -10 
