#EMG
#6
#ID:6-14
-1 0 0 4 1 2 0 -1 
8 -3 -11 -5 1 -1 -1 1 
-2 -13 -2 -3 -5 1 0 14 
2 -3 3 -1 3 1 1 10 
-2 23 15 5 0 -3 -4 -19 
1 -13 3 1 -1 -1 1 3 
3 -38 -28 -7 -3 -2 -2 -8 
12 33 0 -1 -1 -1 0 12 
-13 -1 0 -3 -1 -2 1 13 
-14 -11 6 -2 -2 -2 -2 -20 
20 -42 0 -2 -2 -3 -3 11 
-12 71 6 -1 -1 1 2 -3 
10 5 -14 -1 -1 0 1 11 
-11 -63 14 2 -2 -3 -5 -12 
-6 33 -10 -1 3 -1 -2 -15 
-7 -26 -1 -1 -1 -2 -1 -5 
-2 5 1 -7 -2 0 -1 6 
3 32 9 5 2 1 1 11 
2 4 -5 -1 -2 1 0 12 
-7 3 16 2 0 -2 -2 -26 
8 -44 -15 -2 -3 -2 -1 5 
2 18 -5 -2 0 0 0 1 
-4 15 5 4 0 -1 0 4 
2 -13 -9 -3 1 0 0 8 
-1 -46 10 -3 0 -2 -4 -2 
1 26 9 4 0 0 -2 -3 
0 90 0 2 0 1 1 -4 
2 9 -3 -9 -3 -2 -1 4 
1 -20 8 4 -4 -3 -3 -4 
3 -1 -7 0 -2 -3 -3 -1 
-10 -14 26 4 1 0 0 1 
-7 -44 1 -9 -3 -2 -3 -17 
2 34 -26 -6 1 0 0 2 
-3 2 0 -1 -3 -4 -2 -1 
-6 -42 6 1 -2 -1 -1 -1 
13 94 16 4 0 1 1 -6 
0 -21 -5 -1 -2 0 0 2 
1 -8 7 -2 -2 -1 1 6 
1 -41 -11 -4 -1 -2 -2 -1 
-4 -3 -4 2 0 0 -1 10 
-5 0 0 -3 -1 0 0 -2 
-8 7 -10 -4 0 -1 0 -9 
11 14 1 1 -3 -2 -3 10 
2 -8 9 2 -2 -3 -2 -4 
5 23 -13 -1 2 -1 -1 2 
2 -47 -17 -11 -1 0 1 7 
-10 2 6 -5 -3 -2 -2 -27 
-3 -11 -12 -2 -2 -3 -3 6 
10 -110 6 1 -1 -4 -3 20 
-20 66 -2 2 2 1 -3 -44 
-3 -17 2 -3 -1 0 1 5 
4 -22 -15 3 -1 0 0 1 
-6 7 10 2 -1 -1 2 7 
8 -13 5 -1 -4 -2 -2 15 
-2 2 -11 -4 -3 -1 -3 -9 
-10 -12 2 -2 -2 -1 -2 -8 
17 31 -8 1 -2 -1 0 11 
-7 19 21 6 -2 -3 -2 -11 
11 36 0 -2 1 0 0 8 
-16 -25 -19 -17 -6 -3 -2 -14 
1 22 6 5 0 1 -1 4 
-20 20 1 1 0 -1 -2 -19 
5 -15 -3 2 -2 -2 -1 6 
8 -14 -13 -1 -3 -4 -1 -6 
-9 46 7 -2 -1 1 1 -17 
-3 -4 6 -3 -1 0 1 10 
-6 -9 -11 -1 1 2 1 3 
7 -18 0 0 0 -1 -1 11 
-3 18 -2 -5 -5 -3 -2 -11 
1 -40 -13 0 2 1 1 8 
6 -16 -3 0 -1 0 0 8 
28 20 2 -3 0 -1 -2 15 
-38 9 3 -1 -1 -1 -2 -39 
5 -5 3 -4 -5 -2 -1 10 
-10 1 -21 -5 0 -1 -1 -1 
12 31 21 6 2 -1 0 21 
6 24 -8 -8 -1 -2 -2 -10 
-4 -21 -11 0 -1 -2 -3 -1 
-9 -16 6 2 -2 -4 -3 -10 
7 -10 -4 1 -3 -2 -1 8 
-9 -25 2 2 2 0 3 0 
0 -14 -18 -3 -1 0 0 6 
6 -1 14 -1 -1 -1 -1 8 
-6 -25 -16 -2 -4 0 -1 -1 
-8 -26 -3 -2 1 -2 -4 -26 
18 89 -6 3 -2 0 1 12 
-12 -12 -7 -15 0 -1 -2 -5 
-4 -17 11 4 1 1 -2 -5 
5 9 8 3 0 -1 1 11 
11 -52 -4 3 0 -2 -1 4 
-10 -9 -7 6 -1 -1 1 2 
7 40 8 5 0 1 2 8 
-14 -9 -13 -16 -8 -6 -5 -40 
-4 -38 -16 -11 -1 -4 -7 -3 
6 26 16 6 1 0 2 10 
-22 -12 -4 -3 -2 0 2 -16 
4 26 10 7 0 -1 -1 13 
13 39 16 3 -2 1 2 16 
-18 -19 0 0 -1 -3 -5 -35 
-4 1 1 -18 -1 -3 -2 3 
24 -32 -6 -4 -3 -3 -1 35 
-12 83 -4 2 0 -1 -1 -20 
7 -41 -8 7 1 -1 -2 -8 
-1 68 13 -17 -2 0 -1 -10 
5 9 -27 2 -4 -4 -1 -2 
-12 -55 10 -2 -1 -3 -2 -2 
1 33 22 3 -1 1 1 -3 
-17 14 5 12 -1 0 -1 1 
15 -29 5 7 4 1 1 25 
11 26 10 -10 -3 0 0 8 
-17 -19 -4 11 1 -4 -9 -49 
-6 -46 -90 -65 -14 -5 -5 -9 
7 -60 -18 7 -4 -3 0 8 
-7 44 -1 13 4 0 0 5 
-4 6 -10 -10 -4 -5 -1 -4 
14 -9 20 24 3 -2 -3 2 
-14 -73 -2 -1 3 2 2 3 
2 26 -8 -6 0 4 6 16 
-12 -20 -2 -3 -3 -1 -8 -18 
1 -6 13 7 1 -2 -4 -9 
-2 -37 20 3 -3 -3 -1 10 
-13 -57 -19 1 -4 -6 -6 -22 
16 34 12 -12 0 3 3 14 
-11 -32 -1 7 -1 -1 -1 -1 
2 -5 15 -4 -2 -1 -1 -7 
-6 -78 -1 5 -3 -3 -1 3 
9 40 -14 2 -3 -2 -1 13 
1 -26 -3 -11 -4 0 -1 6 
-14 78 -13 10 1 2 1 -21 
2 -40 4 -7 -5 -2 -1 16 
-6 -36 -20 -9 -5 -4 -3 -15 
-1 -1 27 24 6 2 6 25 
7 -21 21 0 0 -2 -10 -17 
0 -110 -15 -2 -5 -2 -3 -5 
-1 23 42 17 4 3 4 20 
1 -82 -63 -13 -2 -4 -1 10 
1 13 -5 -19 -5 -3 -1 -8 
-1 21 8 3 -1 -1 -1 -8 
-5 -74 2 -25 -2 0 -2 5 
-1 -124 -9 17 4 2 4 -3 
-26 113 15 -1 1 2 2 -4 
35 82 10 1 1 -3 -2 28 
-5 -91 -39 2 -5 -2 1 -4 
-19 95 21 5 -5 -5 -15 -64 
10 -22 -52 -13 3 3 -3 9 
1 58 6 1 -1 0 3 3 
-17 56 24 6 1 1 2 19 
20 -55 -29 1 -6 -6 -5 -11 
20 32 21 -6 -3 1 -10 17 
-28 -38 -24 -9 -7 -6 4 -38 
14 -13 4 -1 1 -3 -6 17 
16 28 18 5 -2 -4 -10 18 
-2 -23 2 -5 -3 -1 1 -31 
-19 -88 -1 5 2 2 3 9 
-2 37 -6 -7 -6 -6 -8 -23 
-5 38 21 1 1 2 6 12 
22 -25 -7 3 1 -4 -5 6 
-10 67 -3 -4 -1 1 -3 -35 
1 2 -3 3 -3 1 3 -4 
6 18 -13 -5 3 1 2 0 
-31 -40 -13 1 -3 0 4 16 
-4 -42 23 4 1 0 -1 12 
-29 -73 -19 1 1 -3 -7 -30 
49 127 -12 3 -2 0 1 58 
-33 -19 11 7 -3 -3 -2 -66 
-2 -6 2 -19 -1 0 3 25 
5 -21 -21 -13 -2 2 2 8 
2 -44 13 4 -2 -4 -11 -26 
-1 -29 -21 -4 -7 -5 6 19 
11 76 -3 1 0 -4 -8 -39 
-7 -16 -21 -2 -1 -3 -5 6 
-5 -3 43 10 1 1 -1 -10 
-16 -7 -6 -1 -1 0 -2 2 
14 44 -11 -5 -3 -2 3 9 
-2 9 23 13 2 1 3 23 
-34 -27 -14 -10 -1 1 6 -14 
22 6 -30 -14 2 2 4 29 
-10 -10 -25 5 -6 -4 -11 -9 
0 2 4 -4 0 -1 11 1 
-14 -4 11 2 -2 -5 -7 -3 
6 -21 35 22 7 2 1 5 
-21 -80 -25 -30 -5 2 -1 -6 
16 87 2 0 -1 0 -3 22 
12 -83 -3 2 0 -1 5 -23 
-13 -20 -18 -1 -1 4 0 16 
10 -23 5 32 0 -6 -6 3 
-4 -38 -28 -35 -3 0 2 9 
0 -9 -13 -12 -9 -4 -2 3 
12 -38 17 4 -1 -2 -10 -38 
1 -88 18 4 -1 -3 10 54 
14 84 19 15 6 4 3 -17 
-2 9 18 -3 0 2 -2 3 
-2 93 -13 -8 0 1 6 8 
-1 -71 10 22 3 -2 -5 -4 
1 93 17 -11 -7 -5 -9 -19 
-4 -94 -18 5 2 0 -3 6 
6 74 1 -17 -7 -7 -4 7 
-4 91 22 -17 -2 1 -1 1 
15 -75 23 22 1 -3 -4 4 
-29 39 10 8 7 6 5 -10 
17 111 3 3 -5 -6 0 15 
-3 44 16 5 0 -2 -1 0 
-4 59 16 -6 -4 -3 -8 -42 
1 2 15 7 2 1 3 24 
8 -81 -53 -22 -6 -3 -5 -19 
5 6 13 -7 1 3 4 6 
6 -43 -20 14 2 0 2 19 
-8 13 17 1 1 -2 -3 -28 
1 -28 13 2 -7 -5 2 32 
5 -70 -62 -21 -1 0 -11 -55 
0 -69 31 6 1 -1 3 7 
3 -24 -50 -15 -10 -7 -3 7 
0 13 12 10 3 3 2 0 
4 -45 -20 -3 1 0 -1 -4 
-4 -55 1 -8 -4 -3 -2 -2 
-8 10 5 -5 -1 -2 -2 9 
-18 1 -16 7 0 -1 -4 -13 
13 -5 24 21 4 0 -1 25 
-10 29 -14 0 -2 2 -1 -24 
7 37 -18 -33 -7 -6 -5 -11 
-18 -38 37 8 -2 -1 -6 -20 
23 21 10 7 3 -5 -6 -10 
-4 -12 -14 -3 0 2 5 40 
7 62 33 21 -4 -2 -4 -44 
-4 -78 -43 -28 -5 -4 0 9 
-5 109 24 -1 1 4 4 0 
18 -72 -16 -25 -1 -1 -3 9 
-13 20 53 20 2 1 4 8 
-15 51 -21 5 -4 -4 1 9 
-5 45 74 11 7 4 2 6 
-21 12 -115 -78 -19 -8 -2 -1 
-20 -22 65 25 4 1 -1 -26 
1 -19 50 34 10 1 -6 -11 
5 -39 4 17 -2 -1 -1 -4 
-10 19 -16 -49 -5 -1 -1 0 
-5 80 -36 -9 -8 -3 -1 19 
26 -88 11 2 8 2 3 15 
-26 -56 -31 -4 -4 -3 -9 -33 
-5 -7 25 35 6 0 -1 9 
38 -1 -44 -9 -4 -1 7 39 
-32 55 33 -1 4 2 -2 -39 
-10 -49 -29 -12 -1 -1 1 28 
-1 -19 -22 19 1 -1 -6 -44 
6 -23 25 -14 3 -1 0 32 
13 -24 -42 -17 -9 -7 -2 15 
5 52 -7 -27 -11 0 2 -22 
-12 35 4 10 -1 -2 -2 -1 
11 -36 4 24 3 -2 -1 8 
1 -15 48 5 4 1 1 17 
-40 -50 -59 -38 -7 -4 -8 -32 
17 22 23 29 2 -1 7 28 
-22 11 0 -16 1 -2 -13 -68 
16 48 -1 -6 -3 -1 13 21 
26 -29 3 2 -3 -4 -12 39 
13 -34 25 28 1 -3 -5 -6 
-18 22 -16 -10 -2 -1 3 -24 
-19 -27 -71 -32 -11 -6 -6 -10 
-7 -63 53 6 4 2 4 -40 
17 -62 -15 8 0 -4 -10 29 
-18 -37 2 -39 -12 -4 -12 1 
-4 -6 -9 15 3 2 11 8 
33 28 5 5 -1 -3 -6 -1 
-11 -59 11 5 0 -2 -1 -11 
15 -16 -3 20 10 5 9 22 
-14 62 20 4 -1 -4 -17 2 
-45 77 -13 -33 -9 0 23 -5 
10 33 6 -4 -3 0 -5 11 
-13 -59 -20 3 5 -3 -2 0 
-6 -32 16 7 6 6 -12 -19 
4 4 2 17 -1 -4 4 19 
1 22 37 2 2 3 -3 -2 
-11 -22 -11 -4 -3 1 2 -4 
-3 -28 -5 -7 -2 -2 1 2 
33 -11 1 12 2 0 -8 4 
-37 108 18 -11 -2 0 8 -25 
16 44 -23 11 5 5 4 35 
-4 67 5 -6 -2 -3 -21 8 
-9 -13 8 4 0 1 23 -32 
-2 -28 -25 -5 0 1 -27 -4 
-6 18 10 0 -8 -10 19 -26 
19 -6 -10 8 4 3 -3 6 
-14 51 -19 -8 -6 -6 -16 -6 
4 -18 15 19 3 0 11 21 
-14 56 -21 -18 -4 -1 -13 -33 
5 -20 20 10 1 -1 3 -5 
8 -34 -16 2 -6 -7 9 31 
10 4 7 6 -4 -2 9 -33 
33 48 -26 -33 -9 -2 -1 84 
-5 -12 -2 1 -1 -2 -9 -55 
-23 -15 -3 19 7 5 -12 3 
-5 110 15 4 -5 -3 23 29 
9 -33 -30 -6 2 3 -29 14 
5 -27 14 5 2 5 50 18 
13 -55 -27 -9 -3 -1 -3 36 
-29 -44 1 -5 -3 -5 -12 -39 
-12 -7 23 19 5 5 1 11 
3 -17 -2 -12 -6 -2 -10 -10 
2 18 12 4 2 1 -4 -42 
-4 36 8 5 4 4 7 43 
-28 -61 -15 5 -2 -8 -9 -41 
-6 -2 6 -16 -7 -2 -7 -18 
-4 -19 -8 4 0 -6 -6 -19 
5 3 26 -18 -6 1 2 -9 
-7 -89 -9 20 1 -1 8 6 
9 -14 -52 -51 -10 -7 -8 4 
-15 -31 2 -5 -3 0 -10 -2 
12 -56 2 11 2 -6 -5 -35 
-14 -83 -12 8 -2 0 -6 5 
1 13 10 -2 -2 2 22 -11 
0 20 -6 -15 0 -1 -15 18 
-1 58 0 1 0 -2 -15 -46 
13 -47 14 -5 2 2 9 11 
-15 50 13 13 1 -1 -10 -1 
1 -65 7 -11 -9 -7 3 3 
1 2 -46 2 -1 -1 3 7 
-51 -73 -14 -6 -1 -2 -2 -17 
20 48 36 52 4 -1 -9 6 
0 -7 -24 -44 -10 -4 10 17 
29 -60 -32 0 -2 0 -3 21 
-9 20 18 -3 -4 -6 -2 -45 
13 -76 42 31 10 6 9 10 
-3 44 -28 2 2 2 -2 -8 
23 50 -12 -13 -3 1 1 25 
7 71 19 13 4 1 6 -15 
-20 57 -36 -34 -10 -6 -10 9 
-6 -32 0 -5 -6 -2 6 17 
14 24 77 6 1 -1 -4 -18 
-20 -53 -40 -8 -2 1 7 19 
-15 -34 15 3 -1 -5 -11 -11 
22 2 -21 7 2 -1 1 1 
-36 -23 6 4 -2 0 1 6 
37 -51 -28 -5 -8 -6 -6 14 
4 27 -13 -6 -2 0 -8 -42 
3 22 20 2 0 1 -5 -12 
-10 -128 -32 8 3 -1 8 8 
29 36 27 -2 -5 -1 6 31 
-22 -62 -42 -20 -3 -3 3 -13 
-3 -93 -4 -6 -5 -2 -8 1 
-2 -24 18 -2 0 -1 -5 -35 
-35 82 -32 -3 -1 -2 -4 -40 
-3 7 18 12 -2 -3 1 28 
-35 19 16 -4 6 1 0 -18 
9 -25 -30 -21 -6 -4 -7 -10 
16 15 38 14 0 -1 8 9 
13 -40 -23 -19 -2 -2 -5 -17 
1 54 19 25 4 2 -5 -3 
-18 11 -45 -17 -9 -5 -6 13 
12 40 26 -18 1 3 -9 -2 
10 -28 -7 16 0 1 12 17 
-11 -50 5 5 0 0 0 23 
22 -33 -29 2 -2 -2 -5 33 
-35 -9 -7 -9 -5 -4 -9 -37 
-23 -14 -11 -6 -5 -4 -2 -11 
-1 42 53 22 5 1 7 7 
-1 -59 -20 -14 -1 -4 -7 8 
12 71 -21 -22 -4 1 -3 -8 
4 -34 -18 10 1 1 3 18 
-1 -32 3 17 2 1 -1 -14 
-8 24 -17 -27 -3 2 4 10 
12 -22 18 20 5 2 0 -1 
-1 -30 2 -5 -1 -1 -1 1 
17 113 4 -5 0 -1 0 3 
-6 -48 -25 -4 -2 -2 4 7 
9 -17 -20 -14 -7 -2 -3 -20 
-1 -16 8 6 5 2 -5 10 
12 -1 -5 -12 -2 -3 3 23 
-13 -17 5 6 -7 -5 -4 -36 
-6 -11 32 9 3 0 0 -8 
10 9 13 6 -1 1 -2 1 
1 -8 -30 -19 -4 -1 1 1 
-6 1 -1 8 3 1 8 17 
3 38 3 -6 -9 -4 -11 -22 
-9 17 -13 -1 -1 -1 8 -3 
-5 19 13 -7 -4 -3 -7 -13 
8 32 1 8 3 1 0 3 
4 -79 -14 -3 1 -1 5 48 
-13 19 3 -9 -6 -5 -10 -59 
5 20 7 10 -3 -1 -4 -6 
-3 -34 12 6 0 2 1 6 
10 -26 -27 -4 -1 1 1 3 
-13 -57 -23 -7 -2 -2 -1 12 
12 -21 3 2 -1 -1 -2 9 
-7 -20 35 3 -3 -4 -4 -26 
-4 -14 -10 -6 -1 -2 -6 1 
14 -10 14 5 0 -1 10 21 
-19 -49 -3 11 0 -3 -9 -17 
5 -66 1 -13 2 3 7 9 
14 6 19 6 -3 -3 -3 8 
-6 15 -10 -6 -3 -2 -7 4 
3 -38 -11 -10 -6 -2 3 -3 
-21 31 10 6 3 -1 -9 -21 
8 5 23 6 1 1 7 20 
7 29 21 0 2 1 -3 -16 
5 59 -37 -3 -3 -3 2 2 
1 9 -15 -12 -4 0 -3 -10 
2 -6 -36 -8 -1 -4 1 5 
14 4 21 4 0 0 -5 2 
-10 -47 -22 -17 -3 -5 8 7 
-2 47 18 10 1 0 -1 -11 
4 -24 -4 2 -1 -2 1 11 
-5 -1 -2 -7 -1 -2 -3 18 
-3 -1 6 5 0 1 -2 -23 
3 10 1 3 1 -1 1 12 
-8 -56 -6 2 -1 -2 -3 -9 
0 31 7 -4 0 0 1 8 
0 19 8 7 1 2 -1 -3 
3 3 -18 -4 -1 -1 2 11 
-46 -45 9 2 0 0 -3 -37 
9 10 18 -2 -2 -1 -1 1 
-1 -3 -13 -5 -4 0 -1 10 
5 14 1 1 -2 -3 -6 -3 
4 14 5 1 -3 0 0 -7 
5 -6 -4 0 0 1 0 7 
-11 -11 -11 -2 0 0 -3 -12 
16 0 -15 -8 -5 -1 0 24 
-1 12 3 1 4 3 3 -7 
-21 12 10 3 -2 -1 -4 -25 
9 -8 -6 0 0 -3 -2 -2 
-7 22 4 2 -2 -3 -2 -5 
14 11 8 -2 1 2 2 18 
-10 -4 -3 -3 -2 -2 -1 -10 
-3 -22 -4 3 3 1 0 8 
-6 -39 0 -5 -3 -3 -6 -10 
12 86 13 4 -4 -2 -5 -13 
-1 -7 10 -3 -1 -3 1 21 
-11 -6 -14 -2 1 1 -3 -34 
5 -15 10 3 -1 -1 1 21 
2 -4 -11 -2 0 -1 -1 3 
11 -1 -11 -4 -5 -2 -1 7 
2 15 11 -4 -3 -1 0 11 
-19 25 7 2 3 -1 0 -21 
9 -5 -13 -2 -1 -3 -2 16 
-1 11 -5 0 -1 -1 -2 2 
-1 -1 4 3 -3 -1 -1 2 
0 18 9 1 -1 1 -3 -7 
-6 -1 0 -3 0 -1 -1 12 
3 -9 -10 -6 -3 -3 0 4 
-13 -10 5 2 -1 -2 -4 -14 
-1 -23 -10 0 -1 -1 -3 -4 
14 -2 3 -1 -1 -1 0 8 
-1 -5 15 -2 1 2 3 1 
-2 4 -41 -9 -7 -5 -4 3 
-5 -3 1 -3 -2 -1 -2 -8 
-7 -1 5 1 0 0 -2 2 
4 -3 -10 2 2 1 0 -1 
-2 -3 23 2 1 1 -2 -8 
3 6 6 1 -2 -1 2 10 
-5 10 -6 -2 -3 -2 -4 -9 
-3 -1 -17 -2 0 -3 -2 -5 
1 19 7 -6 0 1 5 37 
2 -2 -1 -2 -6 -3 -5 -30 
-12 3 6 -4 -3 -3 -1 -7 
0 29 -5 -1 -2 -1 -2 -3 
-6 -9 3 0 1 1 -1 8 
-3 -2 -3 3 3 1 1 8 
-3 -2 3 -1 -3 -1 -2 -12 
3 -23 -9 0 1 2 -1 1 
8 9 7 1 -1 -4 -2 -2 
0 15 2 -2 -1 -2 1 -4 
-7 1 6 2 -2 0 -1 -6 
0 -21 -14 -1 -3 0 -1 6 
2 5 15 2 1 -1 -1 -12 
-7 -4 -5 -5 -2 -1 -2 12 
8 20 -5 -5 -3 -1 -2 -19 
-21 2 23 2 -5 -2 1 5 
-3 2 -12 -6 -3 -3 -6 -19 
10 -6 0 0 0 -1 -1 4 
-7 -82 6 0 2 0 1 7 
6 102 -2 1 0 2 1 -1 
0 -6 3 1 2 2 1 1 
-12 -20 -4 -1 0 -1 -1 0 
-8 -1 -7 -1 -1 -2 -3 -7 
11 -41 -1 1 -2 -2 -2 3 
-10 -6 -2 -3 -3 -1 -2 -18 
8 9 12 -9 -3 0 -2 11 
-10 9 -6 -2 -3 -3 -3 -17 
0 -20 -9 0 0 0 0 10 
4 14 0 1 1 2 0 -1 
-1 -2 6 -1 -2 -3 0 -7 
13 9 -12 -2 1 1 2 14 
-32 12 -1 -4 -2 -3 -4 -23 
13 0 -3 2 1 0 3 19 
-3 -3 11 -1 -1 -1 0 5 
-19 7 -20 -4 0 0 -1 -16 
9 -15 -7 -3 2 -1 -1 -3 
-17 -8 10 3 -1 -2 -3 -5 
4 11 -10 2 -1 -2 -1 -3 
5 12 -5 -2 -2 -4 -3 0 
6 -19 6 -2 0 0 0 3 
-7 -42 -12 -5 -1 -1 -2 -6 
-8 7 -8 0 -4 -1 -1 2 
0 -4 20 6 1 -1 1 5 
-11 -2 -13 -10 -5 -5 -3 -20 
10 -5 -1 2 0 -2 -1 13 
-10 4 -1 2 -2 -1 -1 -11 
4 3 7 -2 0 -1 0 10 
-3 -23 -1 0 0 1 0 6 
1 17 -7 -3 -2 -1 -2 -11 
1 2 1 -2 -1 -2 -2 4 
0 -2 -3 -3 -3 -3 0 -22 
21 -2 1 0 -1 -2 0 47 
-28 8 7 3 1 1 -4 -50 
-20 6 -5 -4 -3 -3 -4 -15 
0 -9 -1 -5 -1 2 -1 8 
3 2 -5 1 0 0 1 10 
6 -5 0 2 -1 -1 -1 -8 
7 -5 -7 1 0 -1 1 4 
-2 11 -6 -3 -2 -1 1 1 
-2 -3 1 1 -1 1 -2 -9 
5 28 -3 -7 -4 -4 -1 14 
5 -3 3 2 0 -1 1 -4 
-4 70 -7 0 0 -1 -3 -10 
-19 1 3 -3 1 -3 -3 -17 
20 -34 2 0 -8 -8 -3 17 
11 -1 -14 -11 -3 0 -2 10 
-8 -13 1 3 3 2 2 -11 
8 -14 -9 -2 -2 -2 -2 -2 
-21 13 1 -4 -1 -1 -1 -17 
8 -6 -3 0 1 -1 1 8 
1 -22 -2 0 -2 -2 -2 5 
4 75 8 0 3 2 -1 12 
13 44 2 -3 0 0 -2 -7 
-3 5 1 1 -4 0 -1 -9 
-3 -8 15 -4 -7 -5 -4 2 
-1 -14 -6 -3 -3 -3 -4 -12 
11 -11 6 0 -2 0 1 21 
-8 7 -6 0 1 1 -1 -8 
3 -3 8 0 -2 0 0 4 
6 -77 -6 -2 -2 -1 -1 -1 
-8 38 2 4 4 4 5 6 
-22 -23 9 -3 -4 -6 -3 -21 
37 -7 -10 -2 -4 -2 -1 41 
-18 -17 4 -2 -3 -6 -2 -39 
-4 -13 -10 -2 0 -1 -1 8 
-2 -6 -4 1 -1 0 -1 -8 
-2 7 -2 -3 1 1 -1 10 
16 16 3 1 -3 -2 0 11 
-10 -18 -11 -4 1 0 -1 -2 
4 8 1 0 1 -2 2 16 
0 -11 -1 1 1 -2 -2 -15 
1 4 -1 0 -2 -1 -2 0 
-5 -16 -3 -2 -4 -3 -1 0 
9 -6 -4 -2 -3 -3 -2 1 
-11 7 -12 -1 3 0 -1 -6 
-8 -4 -2 -4 -3 0 0 -6 
18 -19 -1 1 -1 -3 0 21 
-15 2 -5 -2 -1 -3 -3 -26 
1 -1 3 -2 -3 -3 -2 -7 
-7 1 -10 -1 2 1 0 -1 
13 -1 1 0 -3 -2 1 6 
1 -2 9 -1 0 1 -2 15 
-18 -64 -5 -4 -6 -5 -4 -27 
5 61 4 -2 -1 -1 3 9 
-18 -8 -3 -2 -2 0 -3 -17 
6 6 9 2 3 1 2 9 
-4 -4 1 0 1 0 -1 2 
0 -18 -5 -2 0 -1 -4 -1 
-4 1 4 0 0 -1 1 -3 
5 14 -11 -1 -2 1 -1 5 
10 4 13 0 1 0 0 29 
-31 -17 -6 -3 -5 -4 -5 -48 
-3 13 -3 -2 -2 -1 -2 2 
-6 -4 5 -4 -4 -2 -3 -2 
7 15 -9 -1 -2 0 2 0 
-2 -3 7 5 3 2 2 10 
-6 -6 -3 -3 -2 -2 -5 -10 
10 2 -13 0 -3 -1 0 12 
4 1 8 -3 -5 -3 -2 -2 
-3 1 -4 0 1 2 -1 5 
-4 -14 -8 -2 1 1 -3 -15 
12 -4 -4 -1 0 -1 -3 0 
-5 8 -2 1 1 1 0 2 
17 -16 -2 -4 -4 -4 -4 14 
-2 7 -1 -3 -2 -1 2 -6 
-6 -23 1 4 -4 -2 -2 -21 
-3 10 2 -3 -1 0 -1 -3 
0 -6 -6 -3 -3 -2 -2 -3 
5 -70 1 0 0 -1 -2 14 
-1 57 8 2 3 -1 0 0 
-15 -5 -15 -1 -1 -1 -3 -14 
-1 -21 -8 -1 0 -1 2 6 
5 -7 5 -6 -4 -3 -2 -1 
-7 -13 9 -1 -2 -1 0 -4 
-2 1 -12 0 0 -1 -3 -1 
2 8 14 -1 0 -1 -1 2 
-4 11 -8 0 1 1 -1 13 
-14 -13 -8 -6 -3 -4 -4 -29 
10 7 7 2 2 1 0 2 
-12 -14 -10 -4 -3 -3 -5 -4 
-8 6 7 5 -4 -2 -3 -11 
1 -21 -7 -3 -2 0 -1 7 
-8 -8 3 -1 -1 0 3 2 
11 6 1 -1 -2 0 2 7 
-12 9 2 0 3 2 0 -9 
5 -15 -6 -1 -2 -3 -2 1 
-1 -3 -4 -2 -2 -3 -1 -2 
-4 23 12 2 -3 -2 -1 -2 
-9 -4 -7 -6 -5 -2 -2 7 
-1 1 0 -2 0 0 0 2 
-2 7 0 0 -2 -1 -2 -7 
