#EMG
#1
#ID:1-10
2 8 -1 2 -1 2 -1 -1 
-3 27 -9 -5 -1 -3 -4 -9 
3 -24 -1 3 -3 -2 1 7 
-8 -63 6 3 1 -1 1 5 
1 26 1 0 3 1 2 7 
9 -3 -15 -10 -3 -4 0 5 
-4 -9 3 -2 -2 -3 -2 -8 
2 -34 11 5 0 0 -1 9 
-2 4 -10 -4 -6 -2 -2 -11 
-7 8 4 -5 1 0 1 8 
-6 11 3 -1 -1 0 -4 -31 
3 -41 -6 1 -1 -1 0 16 
2 26 10 0 -1 -3 -1 4 
4 29 8 1 0 0 0 -1 
1 31 -2 1 2 3 0 6 
-11 -42 -3 0 0 0 1 -5 
10 -14 -15 -5 -2 -4 -5 0 
-1 -41 10 -1 -4 -3 0 1 
2 -2 10 -3 -2 -1 -1 7 
-12 15 3 1 0 0 -2 -9 
-1 -10 -22 -4 2 0 0 10 
-6 19 8 1 2 1 1 -10 
4 -8 -5 -2 -1 1 -2 0 
10 29 1 3 2 1 0 -11 
-1 -53 -27 -7 -4 -1 0 6 
-6 9 7 0 -2 0 -2 3 
-9 11 5 1 0 -1 -2 -22 
6 -59 -5 -5 -2 -3 1 5 
-2 21 -8 1 2 2 1 2 
11 93 -11 -2 -1 -1 0 -2 
-8 -22 -12 -2 -3 -4 0 13 
11 41 -28 -10 -6 -5 -5 -13 
6 -1 20 3 1 0 0 17 
-21 -28 -14 -1 -2 -1 1 -32 
0 42 10 1 2 1 -4 -12 
3 1 -12 -3 -2 -2 -2 16 
0 -16 8 -3 -3 -3 1 -7 
-5 5 -1 -3 -1 0 -2 -10 
10 -21 3 0 -3 -2 1 10 
-10 -22 -5 0 0 0 0 -8 
20 96 26 4 -2 1 0 24 
-17 -59 -11 0 -1 -2 -5 -32 
-10 7 10 -5 -1 -1 0 -1 
2 -18 -9 4 0 1 1 11 
-11 -22 -8 -4 -2 -3 0 -8 
3 -9 1 -5 -4 -1 -3 5 
9 -27 -5 -2 -3 -4 -4 -7 
-21 84 -7 -3 -1 1 -3 1 
9 19 -6 -1 -1 -1 1 6 
-9 -10 3 2 0 0 2 -9 
5 -10 -5 -4 -2 -4 -7 -1 
-1 -41 7 -3 -2 -1 -4 -15 
-19 17 5 -1 0 -1 -5 -15 
5 -47 12 0 -4 -4 2 15 
-7 -2 7 3 1 1 4 7 
8 -20 3 -2 0 0 -1 -13 
-22 -30 -15 -6 -7 -4 -4 -23 
4 9 0 -1 3 0 -2 2 
-1 -4 -9 1 2 1 3 3 
4 -21 0 -4 -4 -3 -1 21 
-3 37 21 1 4 2 -2 -14 
-20 10 -24 -9 -7 -6 -6 -21 
8 26 -2 -2 -3 -2 -2 2 
1 32 5 1 1 1 0 10 
0 -33 -4 -3 -3 -1 1 -3 
-10 -51 6 5 1 0 -7 4 
21 30 10 -4 -3 -2 -1 25 
-11 -24 8 1 -1 -2 -2 -38 
-4 -23 -13 -4 -5 -3 -2 -2 
10 -27 2 1 1 1 4 13 
-24 -66 6 4 0 0 -1 -17 
4 74 -1 -1 1 1 1 21 
5 -17 -5 4 0 1 0 0 
4 45 16 2 -1 0 -3 -14 
-19 7 -21 -6 0 -1 -5 -38 
6 -62 -1 -4 -2 -4 -1 13 
-9 11 4 2 2 3 -1 -15 
20 24 1 1 -2 -2 0 23 
-5 15 11 1 -1 -1 1 0 
-7 -52 -6 -4 -2 -2 -1 -11 
3 -20 9 2 -2 -2 2 10 
-1 -2 12 -1 0 -1 0 12 
0 52 6 -4 -3 -3 -8 -11 
-7 4 -22 -2 -3 -1 -2 -19 
3 -23 0 1 2 1 -2 4 
4 31 -7 -3 -1 0 0 1 
2 -22 -10 -3 -2 -4 2 7 
12 11 8 2 -1 -3 2 16 
2 -8 -1 -2 -2 -2 -2 3 
-7 -65 -44 -7 -4 -1 -2 -13 
16 -18 -14 -10 -3 -2 -4 -1 
-6 -14 1 2 -1 -2 -1 -9 
0 -8 4 -3 -4 -4 -1 4 
0 7 -4 2 2 -1 -2 7 
10 1 -15 2 -1 -2 -1 27 
-4 18 6 -6 -1 -2 -1 -17 
-4 -16 -4 0 0 -1 0 -5 
-2 8 -14 -4 -2 -1 -1 -4 
-14 4 10 0 1 2 0 -4 
30 69 7 2 -1 1 2 47 
-38 29 -11 -4 -3 -3 -4 -63 
-10 8 9 5 1 -1 0 -8 
1 5 -17 -3 -3 -3 -1 -2 
2 -13 -3 1 -3 -4 -3 1 
3 3 -5 -12 -7 -3 -2 14 
12 36 1 -1 -3 -3 -3 -5 
-9 -110 -6 2 1 3 5 -2 
-6 -4 12 1 -2 -2 -3 6 
2 -9 -13 3 1 -1 0 -2 
4 -31 23 -1 -1 -2 3 24 
-5 -12 -9 -4 -5 -3 -9 -30 
-9 38 4 1 3 2 -2 -12 
5 3 8 6 0 -1 -1 3 
14 4 -4 -3 -2 -1 0 18 
-17 4 7 3 0 -3 -1 -28 
15 -20 2 -2 0 0 0 23 
-19 -12 -13 -5 -5 -4 -4 -14 
16 -9 6 2 2 -1 -2 -4 
4 95 19 5 0 0 3 11 
-18 -89 -17 -6 -7 -4 -5 -27 
26 -11 -1 -12 -3 1 2 36 
-6 -27 -3 1 -1 -2 -3 -20 
-23 -27 3 0 2 1 1 -5 
2 -42 7 0 -1 -2 0 20 
10 51 -6 4 4 3 -2 -26 
12 -47 -24 -1 -5 -4 0 38 
-2 119 14 1 -3 -4 -14 -43 
-11 -9 -1 -5 -4 -1 8 -3 
23 -104 -18 -2 -1 0 -2 10 
-51 -74 18 1 3 0 -5 -16 
11 -13 -13 1 -1 2 5 39 
-18 12 9 -5 -3 -1 -2 -17 
11 89 14 2 -1 -7 -13 -18 
-8 -56 10 3 -1 0 1 -2 
12 -89 -35 -1 2 0 4 33 
-5 -7 -5 -6 0 -1 -2 -17 
-6 -54 11 -1 -1 0 -7 -25 
-4 -46 -43 -1 -1 -2 8 33 
-4 9 4 -6 -6 -2 -6 -23 
-18 50 9 6 6 5 11 20 
15 29 7 0 1 -1 0 13 
5 36 46 5 1 0 -2 -28 
18 -84 -18 -11 -3 -4 -10 -22 
-4 49 -37 -3 2 0 0 11 
-22 -38 49 5 0 2 4 25 
11 -46 -1 -7 1 1 4 -15 
9 -12 -7 -1 -1 2 12 35 
-20 -88 1 -1 -6 -4 -10 -24 
-10 -40 -1 2 -1 1 8 12 
0 69 -2 -3 -3 -1 -4 11 
28 -57 14 -2 -2 -4 -5 -18 
-16 -99 0 -3 0 -2 -5 -24 
-6 34 -29 0 3 -1 2 0 
5 25 45 4 -1 2 2 26 
-18 -53 20 3 -1 0 1 16 
-4 67 -73 -13 -10 -8 -10 -32 
-3 -98 -3 -3 -4 -5 -2 -3 
6 127 35 -5 -1 2 -3 -10 
-22 16 7 -1 1 1 0 7 
21 31 33 32 2 1 -1 2 
8 -21 -30 -11 0 2 4 24 
-31 -23 -7 -11 -3 0 -4 -28 
-18 75 63 11 1 -2 -3 -12 
6 -12 -8 -8 -1 -3 4 23 
-7 -2 35 22 9 3 -5 -26 
19 9 -6 16 2 -3 -2 12 
-2 -15 -17 -39 -9 -1 2 -7 
11 -12 0 -11 0 2 1 28 
5 60 14 19 -6 -4 0 15 
-6 53 12 -1 5 3 -2 27 
-16 64 -48 -15 -12 -6 -1 -47 
2 -7 -13 16 2 -4 -6 18 
-16 20 -11 -18 -4 -1 1 6 
-2 -69 16 19 3 1 -12 -15 
1 -27 -10 12 4 0 9 40 
14 8 38 -33 -4 -1 -2 -2 
-23 24 -11 2 -4 -5 -3 -10 
-3 -79 -24 1 -7 -8 -6 -23 
23 -30 17 -6 0 3 2 26 
-25 -3 -12 1 -3 -5 2 -33 
-5 -104 1 -8 -2 0 -8 -9 
-1 43 2 -1 -6 -5 -2 3 
-8 5 8 7 -3 -9 -11 -18 
29 110 39 10 7 4 2 -2 
0 45 25 -3 2 6 13 38 
-26 -15 -26 -10 -6 -5 -5 -42 
0 -30 44 7 4 5 -2 -15 
9 -29 -87 28 4 3 4 21 
-8 78 -32 -64 -14 -6 -7 -25 
2 25 -23 -1 -6 -1 6 14 
24 14 8 10 2 -3 -9 23 
-24 -14 43 6 4 3 6 -17 
28 -41 -7 16 1 -4 -9 6 
-17 74 -32 -13 -5 -4 -5 -14 
14 -17 -38 -11 -7 -6 -1 36 
-19 -22 18 1 -1 1 2 -4 
26 -7 -8 8 2 -1 -2 -4 
5 -101 -13 -15 -1 -4 -11 -21 
3 84 -3 16 -1 -2 6 9 
-19 108 -1 -21 -6 -3 -9 -12 
-16 -44 1 0 -5 -1 2 16 
16 -10 2 1 2 -1 -3 3 
-16 -8 -27 1 2 1 -3 -17 
18 -76 14 -14 -5 -3 -1 15 
14 -43 0 1 7 6 5 -17 
8 10 6 5 -1 -3 -9 9 
6 -25 -10 3 -1 3 7 4 
-51 -5 54 7 -1 -5 -19 -49 
-4 -72 12 7 2 -2 -7 -5 
-7 70 3 4 1 3 12 12 
20 -59 -24 -25 -6 -5 -12 -4 
0 -6 12 4 2 2 -1 2 
-17 109 15 4 -2 0 1 19 
1 -40 -31 4 1 0 1 -28 
-4 -30 36 5 -2 0 4 5 
4 -40 -17 -1 -5 -7 -3 5 
-3 -37 -5 -5 -4 -4 -5 -8 
17 92 1 -13 0 0 1 8 
13 24 -36 -1 6 3 13 68 
-14 -35 4 3 1 -1 -1 -71 
4 -1 3 13 0 -2 -3 -1 
4 -29 36 -2 -2 -1 0 3 
-24 -4 -6 -7 -2 -2 -10 -36 
39 -68 -39 -14 -12 -8 3 75 
-23 20 24 1 -1 2 -1 -24 
15 -99 -1 11 1 -1 -1 -1 
-5 81 -18 -21 -3 -2 -5 1 
-14 -55 51 13 6 6 1 -18 
-1 88 -50 -13 -6 -5 -1 11 
15 -9 2 -4 -5 -6 -18 -15 
-38 -30 16 11 1 0 6 -42 
-1 -13 -15 4 0 0 -5 18 
15 -9 -18 -10 0 -2 0 -7 
25 16 25 8 4 7 7 44 
-22 3 -8 10 0 -1 -4 -49 
4 26 -27 -12 0 1 -4 -5 
-2 -110 -5 -2 -7 -4 -2 14 
8 38 3 6 2 2 3 5 
6 -17 12 0 1 2 -2 -5 
10 61 -12 -2 -1 1 11 24 
-16 -11 11 2 -1 -3 -15 -18 
-26 -7 6 -3 -5 -4 2 -10 
-7 15 -9 3 -2 -3 -2 -6 
8 50 -48 -10 0 1 3 30 
-13 -6 33 -7 -7 -5 -1 -41 
-38 41 -56 -13 -4 -4 -8 -22 
6 -47 19 14 0 -2 -5 -3 
-2 30 -1 -6 -1 0 1 38 
-3 9 4 -6 -2 2 4 -25 
6 -72 27 9 2 1 3 -4 
16 -16 -4 -3 -2 -3 -7 11 
15 72 18 5 -1 -1 -6 -24 
-5 27 4 7 3 4 5 25 
-27 -16 10 -5 -3 -3 0 -25 
13 46 -3 -4 0 -1 0 41 
0 -55 19 5 -2 -4 0 -34 
13 24 16 11 6 1 -4 -3 
19 -39 -40 -16 -9 -6 1 13 
0 69 34 3 0 3 -2 -5 
5 -71 -5 2 -3 -2 0 8 
8 -86 -12 2 0 -3 -3 5 
1 59 -6 1 2 2 4 0 
5 16 4 0 -6 -2 -3 5 
-5 -58 0 -7 2 3 2 -22 
2 12 37 12 3 -1 4 -12 
-3 -63 -32 -12 -5 -3 2 7 
-18 -16 -22 -17 -1 -2 -4 -7 
13 25 18 -4 -1 -2 -4 5 
0 14 -31 7 0 -3 -1 14 
2 -17 47 20 5 6 -2 11 
6 -33 -17 -1 -6 -2 4 -26 
-16 -15 -59 -22 -10 -5 -6 0 
-4 27 4 2 -4 -6 -5 -8 
2 37 18 -2 1 -1 -2 2 
-16 -58 -28 -11 -2 -1 4 9 
9 -2 20 20 5 3 1 15 
9 6 -26 -11 -1 1 3 0 
-13 -46 -9 -24 -11 -4 -1 -10 
0 -91 40 26 2 -5 -3 7 
12 65 9 -14 0 -1 -5 -22 
-9 -9 -11 18 -7 -2 3 30 
-10 -51 -16 -20 -4 -2 -8 -22 
-11 7 12 2 2 4 4 -6 
4 -57 -34 11 -1 -4 -6 8 
11 -4 34 16 2 -1 1 -4 
-2 12 -30 -3 -1 0 0 -6 
-6 12 -37 -24 -11 -4 -1 18 
7 11 50 14 7 2 1 -12 
-10 -5 -20 -2 12 7 -4 -10 
14 22 5 22 2 0 7 23 
-5 -9 -19 1 6 0 -2 -16 
-8 8 13 3 -16 -6 -6 -4 
6 23 -40 -32 1 -2 -6 -13 
-7 20 39 10 1 -4 -1 24 
-15 -62 -46 -23 -4 -2 -3 -20 
-13 -34 -7 -23 -14 -9 -6 -26 
-2 -19 11 -2 1 -1 0 10 
10 7 17 -2 1 2 -1 1 
1 20 24 8 4 0 -2 2 
1 -15 -20 0 2 -2 6 9 
-5 2 1 -13 -9 -3 -3 -1 
5 2 7 0 2 -1 -2 -13 
-15 -29 0 6 -3 -1 -3 -3 
5 34 16 2 5 3 5 18 
18 -14 -10 -4 -8 -3 -1 1 
-10 7 -24 -3 0 -2 -1 -25 
4 89 16 2 0 -1 -1 3 
-5 -74 -15 -1 3 1 -3 -10 
-11 13 17 4 2 0 3 -3 
19 6 7 10 0 -1 -3 20 
-19 -8 -22 -13 -7 -4 1 -20 
-7 -21 24 1 -1 -1 -2 9 
18 67 1 1 -1 0 0 4 
-20 -50 -24 -7 -2 -3 -7 -6 
20 11 19 15 2 2 12 22 
-2 -14 4 3 1 -3 -4 -3 
-27 -34 -18 -2 -4 -1 -4 -24 
3 9 1 0 0 0 2 5 
16 54 20 2 -3 0 -4 9 
-7 -9 -38 -7 -1 -4 -9 -22 
1 -14 6 -5 0 0 4 2 
-4 14 4 -1 -3 -2 -1 7 
-18 -67 2 -1 2 0 -1 -30 
-4 47 7 -3 -2 0 2 14 
6 -6 -23 -1 -3 -5 -1 2 
5 11 6 2 -1 -1 -2 -10 
2 -17 -7 -2 -4 -4 -7 -4 
15 25 -5 -23 -2 2 1 7 
-18 -45 17 4 0 1 4 7 
-17 -6 -24 5 3 2 -3 -15 
19 -14 9 -21 -4 -6 -6 2 
-11 98 -3 -2 1 4 1 3 
-15 -17 -20 -7 -6 -5 -3 -22 
-7 -16 2 -1 -2 0 1 -3 
8 0 16 11 7 1 7 9 
-6 -75 -16 3 -2 -1 -1 -7 
4 14 27 -7 -3 -3 -1 23 
13 102 -46 -5 -1 1 0 -16 
-10 -44 -20 0 -2 0 -3 -6 
27 20 -7 2 -4 -3 0 37 
-14 1 -2 6 1 -1 -3 -33 
8 -47 -11 -8 -5 -5 0 8 
-5 -18 20 6 0 0 -1 -5 
-15 -19 -50 -1 3 0 1 4 
13 -61 -19 -6 -7 -3 -3 32 
-12 -1 9 -9 -2 -4 0 -29 
7 14 6 8 1 2 -1 9 
-14 -4 26 2 -2 -1 0 -7 
10 -15 -37 13 -1 -2 -2 -19 
-6 3 10 -8 -2 -1 1 28 
1 12 -16 3 0 -2 -4 -18 
-5 -31 12 4 -1 -1 1 2 
7 15 -2 -5 -1 -2 -8 18 
6 30 7 9 2 4 9 -8 
-18 3 -3 -13 -4 -4 -9 -21 
-4 0 -23 -4 -3 -2 -5 -7 
-10 -7 0 -5 -1 0 -1 -31 
-6 -16 9 2 0 -2 -3 36 
12 5 -22 -8 -3 -2 -4 -14 
5 -5 16 2 -1 0 0 -20 
2 -1 -4 -5 0 0 1 13 
-6 16 0 3 -3 -3 -2 10 
9 121 12 9 1 3 2 -5 
1 -75 -12 -14 -1 -1 -2 -15 
-1 32 11 2 0 1 5 10 
2 -24 10 -2 -2 -3 -2 3 
-7 -39 -9 -3 -1 -2 -3 8 
-1 3 17 11 0 0 0 2 
-9 -5 -4 -6 -1 -1 2 1 
4 -26 -3 -21 -3 -2 -4 -13 
-10 -25 -6 1 -2 -3 -4 -11 
1 -14 8 6 -1 -3 -4 -8 
13 -9 4 0 2 1 5 32 
-8 23 -20 1 -2 -2 -5 -35 
5 5 -16 -12 -4 1 5 25 
-8 2 0 -3 -7 -4 -5 -9 
4 5 15 2 0 0 -3 -26 
-3 61 14 8 2 1 -1 11 
-10 19 38 9 4 1 2 -4 
0 -13 -19 -3 -2 -1 5 10 
-4 -6 4 0 -3 -3 -1 5 
7 -21 -7 -4 -2 0 0 0 
2 -19 6 1 -1 -1 0 15 
-2 29 25 5 0 -3 -2 -3 
-1 -25 -10 5 -1 -1 -2 1 
-7 -7 4 -1 2 6 4 -3 
-22 15 6 -5 -3 -2 -2 -5 
14 -16 -4 -7 -4 -4 -4 2 
0 -10 -17 -4 -4 -2 -2 -5 
6 -37 -1 7 -2 -3 -1 11 
20 84 -13 3 1 0 -1 11 
-16 24 14 -1 -3 -1 -2 -11 
2 -9 -11 -6 -1 0 0 11 
-2 -15 -7 -5 -2 -2 -4 -25 
2 29 25 10 1 0 3 9 
-3 -4 -9 -4 -2 -4 -4 7 
-7 11 -16 -1 0 1 -1 0 
-10 -52 3 1 0 -4 -5 -15 
10 42 2 -2 -1 0 1 6 
-18 6 14 4 3 2 0 -28 
10 -15 28 -1 -2 -1 1 21 
-9 -17 1 -1 0 0 -2 -11 
4 -45 -5 3 -1 -3 -5 0 
6 30 -21 -7 0 2 0 2 
-3 7 -5 -1 -2 -1 -6 0 
5 -16 18 4 -2 -3 6 -12 
-6 -40 -39 -10 -5 -2 -7 -2 
2 10 22 6 0 0 -2 -1 
-10 -16 -6 -4 0 0 -2 -17 
2 8 8 -4 -2 0 -2 11 
21 67 -68 -7 -4 -2 3 47 
-16 -11 11 -2 -3 -1 0 -69 
7 7 -4 -5 -1 -1 -2 3 
-6 0 13 3 1 1 -2 0 
8 -60 13 -2 0 -4 -1 4 
3 -12 -19 -2 4 0 -1 27 
-2 38 10 9 -1 -1 3 -11 
12 -13 -31 -7 -11 -5 -1 10 
-15 -34 -11 -29 -4 -2 -5 -22 
4 14 8 3 1 0 2 18 
-5 -19 5 5 3 1 1 -7 
0 15 1 2 -2 -2 0 11 
-3 -40 2 2 -4 -2 0 3 
-9 0 15 -5 -4 -1 -7 -25 
5 -5 -18 -15 -6 -4 -1 4 
-4 62 19 7 3 0 -3 -3 
4 -46 -15 1 4 2 3 3 
22 -19 -9 -1 -4 -4 0 15 
-29 31 -1 -2 -2 -2 0 -19 
-12 -11 -10 -4 0 -2 -4 -9 
-2 -22 39 8 1 0 -2 -8 
-4 25 -38 -7 0 -1 -1 25 
14 -37 7 3 -2 0 1 12 
-10 -4 3 -2 3 0 -3 -13 
1 -8 -17 0 -3 -3 -3 -3 
-5 -39 -23 -6 -7 -4 -3 -12 
-5 16 25 2 -1 -1 -4 -6 
-7 -22 -9 -9 -1 -1 1 5 
-1 23 41 13 4 1 1 -4 
2 18 17 6 3 2 1 5 
-8 0 -19 -7 -2 -1 -2 -3 
13 -2 11 2 -2 -2 -1 14 
-10 58 8 9 -4 -2 -2 -45 
-4 -10 -4 -12 -1 0 1 10 
0 3 1 3 0 -2 -4 -1 
6 -41 -6 -3 -4 -1 -4 10 
0 54 -5 4 2 -1 1 11 
-2 -3 5 3 2 3 3 -23 
17 28 23 3 1 -1 0 11 
-28 0 -38 -2 -4 -5 -4 -3 
-14 -13 1 -22 -3 -1 -2 -10 
7 11 11 2 -2 -2 -3 3 
6 -1 8 1 0 3 1 -1 
8 23 -9 0 -2 -1 -1 8 
-11 -49 -14 1 0 2 -2 0 
10 -4 -15 -10 -6 -5 0 13 
2 3 0 -9 1 1 -1 1 
-7 -10 3 -2 -3 -3 0 -19 
1 36 1 -4 0 -1 -3 -4 
-1 18 -2 8 0 -4 -1 1 
5 12 -5 -2 -4 -4 -2 21 
-6 2 -9 -10 -5 -2 -4 -28 
1 -41 24 10 2 1 1 4 
2 -68 -41 -2 1 1 2 21 
-12 9 3 -7 -3 -2 -6 -41 
14 -10 5 0 4 3 1 13 
9 -18 2 1 -2 -2 1 -5 
-15 -23 -5 3 -1 -1 -5 8 
0 -59 -44 -7 -4 -5 1 4 
-6 -4 -6 -7 -3 -3 -4 -17 
2 -24 -5 3 -3 -2 -1 7 
20 27 1 0 1 0 1 7 
-17 0 17 2 -2 -3 -3 -3 
4 9 -26 -6 0 -1 3 7 
-5 40 1 5 -4 -4 -8 -15 
7 48 8 -2 1 2 1 7 
-11 -20 -18 -2 -5 -4 -2 -7 
2 -8 6 1 -3 -1 1 22 
6 -10 -1 -3 2 -1 -1 -16 
-3 -6 22 11 -6 -3 0 7 
-5 10 -1 -16 3 0 -4 -28 
-14 -16 -3 4 3 2 2 -1 
3 -18 6 0 -4 -4 -7 -2 
-35 -17 -5 -1 -2 0 0 -25 
10 -2 -8 2 0 0 5 12 
15 -5 7 1 -3 0 0 21 
-9 -17 6 0 0 1 3 14 
6 21 12 -2 -2 -2 -7 -22 
-4 -5 6 3 -1 1 -3 0 
-15 1 1 -2 1 1 0 -25 
22 0 -10 -2 -5 0 -1 20 
-8 -50 13 7 3 -4 -4 -3 
2 77 1 -3 1 0 2 -3 
3 12 0 -1 -4 -4 -4 8 
-4 -22 2 -1 3 1 1 0 
-6 11 -4 -8 -2 -2 -3 -7 
0 -18 -3 3 -2 -3 0 2 
4 -7 0 5 4 2 1 21 
-18 -8 -7 -9 -2 -4 -1 -32 
-2 1 5 0 0 0 -1 -6 
6 -20 -2 5 0 -2 -2 8 
2 26 -10 -2 -3 -2 -1 -5 
-2 -20 8 -2 -6 -3 -2 6 
7 0 -2 1 -2 -1 3 -5 
-9 23 14 2 1 -1 -7 -9 
-8 -99 -27 -6 -3 -5 -4 5 
4 24 18 5 3 0 -1 5 
-1 -45 6 -5 -2 -1 -1 1 
-16 15 -6 0 -2 -3 -1 -6 
5 -6 6 -2 1 0 -1 -10 
-9 1 -5 0 -2 0 0 6 
7 -9 -15 -2 -5 -4 -4 -4 
6 -27 -4 -7 -1 0 -2 12 
-12 1 -2 4 1 -2 -4 -35 
1 85 26 -2 4 2 5 23 
1 26 2 2 -2 0 2 0 
1 -26 -17 -1 -7 -2 -2 3 
14 26 36 5 1 1 0 0 
-20 -42 -36 -9 0 -2 -2 7 
-2 21 -11 -4 -3 -3 -5 -25 
1 -14 17 4 0 -2 -1 -2 
6 73 4 -4 1 2 3 9 
-7 -38 -1 2 0 2 2 -6 
18 2 8 -3 0 -4 -2 11 
0 -22 -20 2 0 -1 0 8 
7 0 -2 9 1 0 -3 -15 
-6 -12 8 -9 -3 -5 -1 1 
2 17 -28 -10 -2 -2 -3 4 
-7 -13 19 7 2 1 -2 -12 
9 -3 8 -6 -6 -1 -1 15 
0 5 -1 1 -5 -3 -3 -12 
-6 -15 -10 4 5 1 1 9 
7 3 15 -5 -3 -2 -1 4 
-7 -10 -21 -1 -2 -1 -2 4 
5 -14 3 1 -1 -1 -3 -9 
-2 21 9 -10 -2 -1 1 5 
8 -24 -20 8 -3 -3 -3 -8 
-14 60 -14 -19 -3 -4 -3 -33 
11 -9 -4 0 -4 -3 0 6 
-1 -11 11 4 2 1 4 20 
0 5 8 0 -1 -2 0 -19 
-6 -54 -17 -4 -3 -2 -4 8 
-20 -10 -24 -4 -3 -3 -3 -7 
-12 17 14 -2 -1 0 -2 -6 
0 5 -8 -9 -5 -3 -1 4 
9 -12 20 7 3 3 3 12 
2 -2 -2 -1 2 1 -1 0 
-5 -3 -4 3 -3 -1 -2 -2 
1 2 0 -1 -1 2 1 9 
-8 -6 3 2 -3 -2 -2 -11 
2 10 -13 -16 -4 -4 -3 0 
2 -12 -11 2 -1 -2 2 8 
-1 -25 3 -3 1 2 -1 -12 
4 -45 7 2 1 -1 0 1 
0 -22 -6 8 -1 -1 2 6 
-6 81 -2 -6 -3 0 0 -4 
-24 -19 -6 -9 -3 -5 -4 -36 
-8 -35 -12 -3 -8 -3 0 13 
7 5 10 2 2 0 -4 -6 
2 -25 5 0 -3 -1 -1 9 
5 15 8 2 5 1 2 13 
-2 24 -11 -2 2 0 -3 -9 
15 2 -10 -1 -5 -4 1 1 
4 2 24 2 0 0 -1 -10 
-3 44 9 -5 -1 -1 0 14 
-8 -7 -32 -4 -1 0 -4 -15 
3 4 -4 -5 -5 0 -2 -6 
-2 -21 -1 0 -3 -2 -6 -30 
7 -12 2 1 5 -1 1 6 
5 88 15 3 -2 -1 3 19 
-1 -20 -5 -1 1 -1 -1 -6 
-10 34 -6 1 0 2 2 -5 
1 -5 -6 -3 -4 -4 -4 1 
20 -28 0 3 0 -2 0 15 
-35 -5 19 2 0 1 0 -20 
-6 -21 -18 -11 -3 -2 -6 -12 
5 -16 -12 3 -4 0 -3 6 
14 -25 1 0 -1 -2 0 12 
6 0 -4 -5 -3 -4 -1 5 
-4 -36 10 6 1 0 2 8 
-6 8 -10 -4 0 -4 -4 -5 
-9 -11 8 7 3 2 0 -14 
7 16 3 1 0 1 -2 5 
2 -8 3 -5 -2 -3 1 14 
0 -10 -11 -4 -4 0 -2 -5 
-6 -6 -15 -10 -5 -6 -4 -3 
-5 -58 4 12 13 9 1 -3 
6 29 10 -9 -13 -5 -2 0 
4 -32 15 14 4 1 0 0 
-3 32 4 -2 -2 -3 -1 1 
0 3 8 6 0 -1 0 -2 
8 -36 -31 -20 -4 -2 -1 14 
5 14 7 6 4 0 3 12 
-25 18 16 -3 -1 -1 -2 -30 
6 -1 1 -2 -7 -3 0 18 
-7 -12 2 4 1 -1 -3 -31 
22 10 -14 -4 -6 -2 0 33 
-24 -8 4 -2 -3 -4 -3 -6 
-10 5 -3 1 -2 -2 -1 -14 
-3 -45 -16 2 2 0 -2 -5 
