#EMG
#3
#ID:3-17
-5 4 -4 -3 -3 -1 -1 -5 
1 -10 -4 -3 -2 -3 -1 8 
1 86 8 7 3 3 2 1 
4 -41 8 -4 -4 -3 -2 -1 
-8 -15 -17 -5 -4 -3 -3 -16 
-1 4 1 -2 -1 -1 -1 0 
-3 -14 -1 -3 -3 -1 -1 2 
6 -6 3 5 4 2 1 5 
-1 -8 2 -1 0 0 -1 3 
-5 27 3 -4 -2 -3 -3 -5 
3 35 -6 -1 -1 -3 -2 -5 
-8 -5 -2 -3 -2 1 2 0 
2 -23 -1 -1 -1 1 4 13 
1 11 6 -1 -3 -1 -4 -2 
-11 -23 -19 -4 -3 -5 -5 -9 
-2 0 16 0 -2 -3 -3 -15 
-6 4 -20 -7 -3 2 -1 -1 
6 -18 -1 3 3 0 3 11 
6 -8 5 -1 -1 0 0 6 
-4 -20 -11 -1 0 -3 -2 -5 
5 51 0 0 -2 -3 -3 3 
-7 -22 -2 -1 1 1 -4 -6 
0 -8 -1 0 0 2 4 13 
-17 9 -24 -7 -4 -3 -6 -34 
4 16 23 1 -1 -1 -2 4 
-4 40 -17 -5 -4 -1 -3 -6 
2 -9 -9 -4 -2 -2 -3 -2 
9 -26 7 2 1 1 2 21 
-7 -1 -2 -1 -2 1 -2 -13 
-2 -12 -3 -1 -1 -1 -4 -7 
-2 -11 11 -1 1 -1 2 -1 
0 10 -10 -1 -1 -1 -2 7 
-1 -32 2 -2 -1 -3 -2 6 
-18 3 7 3 -1 1 1 -9 
8 -7 -19 -6 -2 -2 1 15 
-4 -39 5 -3 -3 -2 -3 -19 
-4 12 4 1 1 0 6 15 
-1 -20 0 1 -1 -3 -1 -14 
-1 6 -3 3 -2 -1 -5 -2 
-3 -13 -2 -9 -3 -2 -3 6 
2 -13 -4 0 -1 -3 -2 -3 
3 -53 -2 1 0 -2 2 22 
-15 20 1 1 1 2 -2 -42 
10 44 6 3 -1 0 2 14 
-2 -15 1 -2 -2 -2 -1 -1 
25 -5 -3 -3 -1 -2 -3 20 
-42 -14 -11 -2 -2 -1 -4 -12 
7 -8 2 2 1 2 3 9 
-3 34 10 2 1 -2 -1 -13 
-3 17 -6 -3 -2 -1 3 17 
13 -38 5 -2 0 -2 -4 -11 
0 7 -4 1 0 -1 -2 -8 
14 -23 10 -2 0 -1 -1 28 
-25 7 -5 -3 -3 -3 -5 -50 
15 9 4 -1 0 0 2 15 
-4 25 -2 -3 -4 -3 -1 -1 
8 -10 -17 -9 -6 -2 -3 2 
1 2 -1 -1 1 -3 -2 1 
-4 7 -7 0 -1 -1 -2 1 
1 -24 3 3 2 -1 -1 5 
-7 -13 -6 1 0 1 -1 -7 
1 24 -3 0 -2 0 5 10 
-5 -35 -9 -5 -4 -5 -6 2 
0 1 1 0 1 -2 -3 -17 
-11 -2 -8 -3 -3 -2 -3 -16 
-4 -20 8 0 0 1 -1 -1 
14 2 4 -3 -2 -1 -1 8 
0 -24 -11 -1 -2 -3 1 3 
-3 15 0 -1 1 -1 -2 -3 
0 -1 3 -2 0 -4 -1 -17 
8 8 -1 1 -1 -1 -2 10 
-14 7 0 -3 -1 1 1 8 
-8 -24 0 3 0 0 -3 -25 
5 25 16 -4 -4 -3 -3 14 
1 17 -31 -9 -4 -2 -1 -5 
6 10 7 -3 -2 -2 -3 -4 
-2 1 8 0 1 0 0 11 
-5 -45 -5 0 -2 0 0 -3 
-6 5 15 1 1 0 -1 -9 
4 -18 -19 0 0 0 3 20 
6 -3 -3 -4 -4 -3 -3 -1 
-11 -15 -12 0 -1 -2 -6 -17 
8 -16 -3 -8 -5 -1 1 22 
-23 -3 1 0 0 -2 -3 -46 
5 16 5 -1 -2 -2 0 10 
3 4 -7 0 2 0 1 -1 
-1 3 8 3 2 0 2 9 
-7 26 4 0 1 2 0 -3 
10 -20 4 -3 -4 -4 -4 -5 
-7 14 -1 1 1 0 0 -5 
0 -10 -1 -2 -1 0 -2 1 
12 -15 4 -1 -2 -1 -1 6 
-1 -17 -12 0 -1 -3 0 3 
-10 86 10 -1 0 2 5 -9 
27 2 -7 -1 -2 -4 -5 2 
-8 -1 -8 1 -3 -2 -4 -6 
5 -2 4 2 0 0 1 16 
12 -16 -15 -11 -4 -4 -3 16 
-22 5 2 1 -1 1 -2 -41 
7 18 8 -5 -3 -1 0 4 
-5 7 -8 -2 -2 -2 1 7 
-15 -40 -3 2 -3 -1 -2 -25 
3 15 12 2 -1 -1 1 19 
-2 -18 -7 -7 -4 -2 -4 0 
-7 -3 -7 3 0 -1 0 -5 
4 -1 7 3 3 2 -1 27 
-19 49 4 0 -4 0 -5 -47 
21 -72 -14 -4 -4 -5 1 28 
-3 56 0 1 -1 2 -2 -6 
-7 10 10 2 3 0 2 -12 
0 -28 -2 0 0 0 2 22 
12 2 3 -1 -2 0 -1 1 
-16 6 11 2 -3 -2 -3 -23 
12 -4 -26 -12 -7 -3 -4 17 
-12 -17 4 1 1 1 1 -15 
11 -24 -7 4 0 -3 -10 5 
-2 -15 9 -7 -3 -2 5 1 
5 2 -1 0 -3 -1 -3 10 
3 -5 -1 6 3 -1 0 4 
-16 33 0 -9 -4 -2 -1 -20 
-10 -46 -11 -7 -3 -1 -5 -10 
1 3 0 -1 -4 -4 -2 3 
-3 -21 -9 -7 -5 -1 7 26 
-18 5 10 9 5 1 -9 -36 
18 -1 -4 2 -2 -1 3 6 
5 -19 -22 -12 -5 -4 -9 -27 
4 46 9 8 1 -1 -5 10 
4 18 -16 -3 -3 0 4 12 
-14 18 10 0 -2 -1 -3 -3 
3 -3 4 4 2 0 1 3 
3 -20 0 -9 -2 -1 -4 -4 
-9 10 15 -3 -3 0 -3 1 
12 -28 -22 -2 -2 -1 9 25 
2 19 14 16 3 0 -1 -10 
-27 -15 -15 2 1 0 -1 -30 
11 -11 -22 -22 -2 0 -1 19 
-7 -3 40 2 1 -3 -3 -8 
7 -50 -30 8 -1 -1 1 21 
-18 3 7 8 3 -1 -2 -20 
-4 -10 10 1 -2 -2 -1 -3 
18 42 -39 -9 -2 -2 -11 16 
-20 4 36 -1 -3 -2 7 -26 
-1 -94 -15 -6 -3 -2 -4 8 
-6 43 -1 10 4 2 2 -26 
2 -46 -1 -5 -4 -3 -4 -12 
7 7 1 -3 1 1 -6 5 
9 18 -14 -8 -6 -3 1 16 
10 -17 -4 -4 -3 -4 0 6 
-3 6 16 4 2 3 0 -9 
7 -70 -7 2 4 4 3 13 
4 90 19 -2 -1 -2 -8 -6 
11 69 -20 -1 -9 -3 8 15 
-13 0 5 7 5 0 -3 -7 
6 -45 -27 -20 -8 -4 -3 27 
-32 -25 5 6 1 0 9 -38 
-5 64 30 7 4 1 -6 27 
-11 -17 -3 0 -1 -1 1 -19 
-11 -2 -14 -5 -4 -2 1 15 
20 14 -6 -8 -5 -4 -6 6 
-3 -6 -12 -2 -1 -3 2 3 
-7 -37 10 5 1 1 -3 -18 
-3 48 9 2 -1 -1 -4 -5 
-1 -97 -15 -8 -5 -2 -4 21 
-16 -7 8 2 -2 -1 3 -5 
9 -38 -24 0 1 -2 -8 -8 
-4 -4 9 -5 -5 -4 3 -13 
41 -51 -17 -5 -2 0 -7 1 
-15 -47 5 -2 -2 -3 7 36 
-18 4 -7 -4 -7 -6 -9 -48 
-3 30 -3 -1 -2 -2 -4 18 
6 23 -2 -2 3 3 -3 -25 
26 -74 13 3 1 3 25 45 
-13 32 -20 -11 -2 -2 -2 -9 
-25 -5 49 2 0 0 8 -1 
-8 -48 -18 -3 0 0 -6 27 
3 -35 -9 0 0 -2 -15 -59 
18 34 -18 -3 -2 0 6 38 
3 74 5 -3 5 6 1 1 
6 18 12 4 -4 -5 9 16 
-18 -30 -14 6 -1 0 -8 -34 
6 -48 27 -20 0 1 -5 42 
11 -1 7 7 0 -1 -5 -18 
-17 -2 -10 -3 -3 -6 -33 -67 
-15 -26 -19 2 0 4 35 2 
4 -41 -17 6 -2 -7 -51 -3 
10 -98 -48 -29 -9 -7 67 37 
-27 -27 62 12 1 1 -23 -52 
24 15 -7 2 2 0 -6 -22 
-21 -74 0 3 0 -2 3 24 
2 -30 -52 -6 0 1 -9 -8 
-3 34 35 -7 -3 -2 -10 15 
3 54 26 24 0 1 12 31 
-6 -13 -25 -24 -1 -1 -1 -23 
-8 14 -27 -10 -5 -4 -3 -10 
35 57 51 5 1 -1 18 60 
-2 120 10 5 2 0 -24 -19 
7 63 68 13 3 2 14 3 
-8 10 -54 -10 -10 -8 0 -18 
-16 58 23 5 2 2 4 15 
-5 -73 10 -6 -2 -2 -9 -21 
6 -20 -61 2 -6 -4 5 16 
-16 -67 13 -9 -2 -2 -27 -44 
0 -15 45 5 1 0 13 4 
6 29 -91 -30 -6 -5 -10 27 
10 66 -8 10 -1 0 11 -5 
-6 -33 53 7 1 -2 -14 -12 
-10 14 -54 -4 -3 -3 6 -6 
-9 -5 17 -11 -3 -3 -4 26 
1 -19 18 3 -2 0 1 0 
9 25 29 16 8 6 -4 5 
4 -29 -40 2 -1 -1 5 21 
15 7 22 -1 -3 -2 -2 18 
-18 -21 -29 -12 -5 -2 1 -53 
26 83 15 20 4 1 -15 8 
-5 97 -5 -5 -4 1 14 20 
-6 -15 -16 -12 -6 -3 -4 0 
-2 -17 30 9 1 1 -8 8 
14 -16 -6 -11 -6 -6 8 4 
-18 -62 -23 -8 -1 -1 -3 -2 
12 -7 14 -1 0 -1 -4 27 
9 32 53 17 4 1 6 -20 
-16 -56 -44 -8 -1 1 -7 -4 
29 82 43 6 0 -1 4 8 
-10 -59 -15 15 4 3 2 -22 
-5 -59 2 -36 -5 -4 -10 2 
-8 -26 9 3 -2 -1 3 8 
6 -67 -6 1 -1 0 0 -26 
-7 3 51 14 3 2 -3 1 
21 -14 -24 15 1 3 3 7 
-21 20 -20 -17 -7 -7 -12 -57 
13 56 -71 -21 -4 -1 0 3 
-3 -27 12 -2 -4 -6 -10 -36 
-8 2 -31 4 0 -3 1 22 
6 8 56 15 1 0 0 27 
2 -120 -17 -14 -3 -5 -11 -19 
-11 -75 -55 -24 -7 -1 -12 -42 
8 53 2 13 0 4 25 26 
-3 16 37 13 3 2 7 13 
6 -49 -24 -9 -5 -7 -5 10 
-12 42 32 7 3 -2 -4 -3 
-9 -24 -32 -26 -5 -5 -45 -84 
0 29 23 16 6 2 8 28 
-13 8 -10 -3 -4 -3 26 -52 
13 -2 18 26 2 -2 -13 31 
-16 46 -19 -53 -6 -2 -36 17 
-8 22 6 -1 1 7 90 32 
-4 26 -10 -1 -2 -6 -48 2 
13 64 6 4 4 3 -16 -1 
5 -46 -15 6 -3 1 35 17 
-31 29 -25 -6 -3 -11 -86 -20 
-16 -49 1 -17 -6 -1 71 -14 
-1 19 12 5 0 3 20 -5 
4 127 14 15 -2 -6 -46 -2 
7 -48 1 -26 -5 -4 -14 9 
-3 9 -45 -10 -4 4 -10 -2 
-3 -26 -3 -5 1 1 23 -22 
-5 -59 4 7 -1 -2 13 9 
12 3 34 30 1 -1 -24 -1 
-2 -4 -12 2 2 1 -4 4 
-18 -71 -25 -22 -7 -7 -9 -20 
-7 -7 18 15 0 -1 -2 -1 
35 -51 4 13 -1 4 37 12 
-19 55 29 18 3 2 1 35 
-8 66 -18 -27 -2 -1 -13 -17 
-12 -12 2 10 0 -2 20 -13 
11 -67 -17 2 0 -2 -41 -6 
-3 -42 42 1 -4 -6 21 -21 
11 -25 24 37 6 2 2 23 
-1 99 -18 -43 -6 -1 6 -1 
-11 -51 -45 -10 -4 5 -2 -25 
-4 -64 3 -13 -2 -3 -22 7 
-14 -46 -28 2 -1 -2 -6 7 
12 -20 37 22 2 -1 28 4 
-1 -67 -2 2 -1 -3 -17 -48 
6 55 -34 -8 -3 1 -11 15 
11 -49 -26 -31 -7 -2 -1 4 
-7 7 37 12 -1 3 -14 13 
-10 100 -3 19 9 1 27 -11 
13 -73 43 5 3 2 -1 4 
-38 -25 -71 -19 -10 -5 -6 -12 
39 31 0 -20 -2 2 8 85 
-11 38 13 7 -2 -1 16 13 
-3 -77 -9 8 4 -2 -15 -11 
3 21 32 -8 -10 -6 -4 -3 
0 -83 -21 8 -2 -4 11 0 
-30 -35 12 -16 -6 -4 -11 -9 
14 66 -2 30 6 6 -2 -7 
-20 -20 43 -19 0 -2 -3 27 
0 -41 -6 11 -7 -6 4 -32 
12 70 -23 -27 1 0 -7 -12 
-25 -34 -11 -7 -4 -2 -6 -39 
-2 -60 3 14 0 1 2 1 
-1 -65 -6 -3 1 1 5 -15 
26 -42 4 23 5 1 1 33 
16 66 -12 -6 1 5 -4 6 
-2 -9 -57 -6 -4 -6 -3 -26 
-32 -73 51 20 4 1 -3 8 
8 25 20 2 -5 -3 -9 -34 
6 20 -17 -7 -4 -5 4 28 
11 -36 11 0 -2 -1 -10 -46 
-28 -6 -30 -21 -5 -3 -4 -3 
6 -61 31 20 9 1 5 3 
2 -48 35 8 2 3 -3 4 
-14 -11 -10 4 -4 -2 0 28 
-10 95 18 0 -2 -4 -2 -21 
-9 -25 41 10 -1 5 1 -14 
6 -6 -46 -20 -4 -10 -9 29 
9 -29 10 1 -3 2 10 20 
-15 11 1 11 1 3 -8 -42 
-6 -88 -28 -30 -11 -11 -1 9 
15 48 12 13 5 4 5 35 
-26 111 33 1 4 1 5 -2 
3 -18 -28 -11 -7 -3 -4 0 
23 29 -24 1 2 5 5 24 
-5 -31 -1 -16 -5 -1 -10 -25 
15 7 -2 12 0 -2 -1 -7 
-5 -13 8 4 7 4 5 14 
-32 -89 4 -3 -9 -8 -8 -31 
31 -19 -3 6 5 4 -3 7 
-1 36 2 -5 0 2 5 6 
10 19 -6 -2 0 1 10 28 
-4 9 -3 3 1 1 1 22 
-23 -4 -12 -1 -6 -4 -2 -4 
-5 -14 -11 -6 -4 -6 -15 -34 
1 -8 19 27 6 3 7 18 
-6 47 -27 -28 -5 -6 -61 -44 
18 4 38 19 -1 -1 82 22 
-4 4 -2 -9 -2 1 -12 -19 
-1 -43 -28 6 3 2 -35 -2 
0 127 44 15 -6 -3 25 -27 
-10 -53 -63 -20 3 1 -57 -25 
6 -36 30 9 4 2 45 -11 
-5 63 29 -1 -4 -5 -6 5 
-3 -76 -8 -7 3 1 -6 5 
-2 6 -28 4 -8 -8 -8 8 
16 6 35 2 3 4 -12 27 
-15 -63 -71 -43 -14 -13 -21 -17 
-3 69 -6 -3 -4 2 56 42 
0 22 14 11 4 2 -6 1 
10 -33 26 20 -1 -1 5 48 
17 21 -32 -57 -11 -5 -27 -53 
16 -6 -36 -10 -6 -5 7 46 
-33 -1 -4 0 -3 -5 -26 -58 
-3 -16 -35 -3 3 3 27 22 
31 -70 -23 -29 -2 0 -22 -31 
-9 43 2 13 2 3 38 39 
-38 -67 61 -4 -5 -2 -19 -48 
8 -55 14 20 6 4 -36 -15 
2 14 40 43 8 5 51 33 
-14 -38 -62 -50 -10 -10 -67 -78 
-8 -23 37 7 -3 -1 9 40 
-17 25 -54 -31 -9 -11 18 -58 
26 -16 25 23 5 5 6 49 
-12 -39 -1 11 0 0 24 19 
18 116 19 -2 -1 -1 -6 24 
-6 94 -24 -1 -2 -1 -18 -17 
29 7 17 12 4 4 24 40 
-5 -17 -19 -16 -1 -4 -30 -24 
-36 24 -94 -39 -11 0 19 -37 
13 -23 66 18 5 0 -9 19 
-48 -20 -55 -1 -8 -7 5 -18 
31 -11 15 1 0 1 -19 18 
-14 5 36 1 3 -4 -31 -25 
-27 -35 -19 1 1 2 30 -27 
-4 90 38 14 -1 -1 -14 22 
3 60 25 8 0 -5 24 -25 
16 22 -41 -18 -5 -3 -9 -17 
1 -23 14 27 4 2 -2 7 
-6 -50 -24 -48 -12 -7 -8 -14 
-30 -75 5 12 -1 -3 -18 -37 
19 68 89 25 7 1 27 41 
8 45 -35 -20 -1 -2 -19 -15 
7 -73 -35 -5 2 2 10 13 
-2 24 31 2 6 8 7 26 
13 -58 8 -3 -5 -6 -12 3 
8 -48 -26 -11 -5 -3 -23 38 
-12 -34 -12 -12 -7 -4 33 3 
7 29 25 4 -3 1 11 -9 
-19 -18 -4 -5 -2 -1 10 -41 
26 18 20 24 -1 0 -9 19 
-10 -26 39 8 12 2 12 -21 
26 76 -39 -5 -8 -7 -35 -15 
2 -14 90 32 2 2 12 34 
3 -36 -71 -57 -16 -7 0 5 
11 59 54 23 2 3 -9 -10 
-5 -49 -79 -50 -9 -3 8 16 
8 -57 -16 12 5 1 -2 33 
2 -50 8 -7 -3 -1 5 -7 
-5 -15 13 14 4 -4 -8 -32 
-7 -65 -19 30 1 0 -13 10 
9 -5 -53 -47 -5 -1 9 13 
-2 -8 21 12 7 1 4 2 
-11 -11 -50 -34 -10 -4 -7 1 
20 1 67 51 2 -2 7 11 
-8 -87 -75 -52 -4 -1 -8 -7 
-12 106 44 33 4 3 7 1 
15 59 7 -18 9 4 -5 0 
-20 -38 21 -11 -13 -3 -5 -6 
11 -14 2 26 13 -1 3 5 
5 -6 0 -23 -16 -4 -1 2 
-2 99 1 31 0 0 -15 -9 
-9 -31 -22 -29 -8 0 15 7 
11 -83 6 33 -1 -4 -2 17 
-14 19 31 8 9 3 -1 -14 
-24 -48 1 -2 -3 -2 -7 -21 
4 18 17 2 6 1 -1 -25 
-8 5 -15 1 -1 2 1 -4 
-3 48 -14 23 5 0 -3 10 
22 -48 -2 -39 -14 -3 -1 26 
-9 -21 32 18 8 2 -3 -9 
-4 29 -30 -44 -4 -4 -3 -6 
5 -20 30 9 4 1 4 16 
-14 -44 -29 8 -5 -7 -5 -27 
6 28 0 -7 -3 -2 -4 7 
5 -7 -12 22 -4 -4 -10 8 
-5 -9 -23 -21 -5 -4 10 -10 
-10 1 37 24 0 3 4 -17 
6 -13 -16 -5 5 1 2 25 
-10 24 4 20 1 4 -2 -13 
8 -22 21 19 0 -2 3 20 
11 -12 -47 -40 -7 -3 -2 7 
-19 6 -17 -6 -4 -6 -5 -20 
-5 16 5 -11 -3 2 1 -3 
4 -24 -1 -3 -3 -4 -6 0 
12 22 27 42 11 5 -4 6 
-25 -26 -47 -10 -1 -1 11 7 
3 11 36 -11 -4 -3 -1 -1 
7 -19 -17 -10 -2 -2 -7 -11 
-8 -6 18 15 0 0 -2 -4 
12 6 -15 -8 3 3 -6 -6 
-5 -3 7 5 -4 -4 4 -1 
4 -8 -8 -15 1 2 -1 -1 
-12 -2 -25 2 -8 -5 -2 2 
-3 -2 8 4 0 0 -5 0 
9 4 14 -7 3 1 2 4 
6 -1 -20 -6 -4 -3 -2 0 
-23 -20 -27 -15 -7 -6 -1 10 
-12 7 -3 -9 -1 0 -5 -29 
2 0 -3 14 -3 -4 -2 4 
2 -5 4 -15 -5 -5 -8 -2 
-1 -1 6 23 4 -1 -1 7 
21 2 14 -8 6 8 8 -9 
-23 -16 -38 -10 -8 -4 -4 -5 
9 7 16 -6 -3 -5 -11 -1 
-1 -12 4 -2 -2 -3 0 -10 
5 -4 -13 13 -1 -4 -7 12 
0 22 18 -8 -4 -2 -4 -18 
-4 -18 -3 -5 -5 5 7 17 
-2 24 8 9 3 -4 -1 -6 
13 11 32 4 3 1 -1 20 
2 0 -20 4 -12 -5 -3 5 
-44 -15 -10 -7 -1 -2 -3 -41 
4 -7 6 -3 5 3 2 6 
3 16 44 17 3 -1 1 12 
1 -19 -34 -7 4 1 1 3 
2 -22 -19 10 -3 -2 -3 21 
-3 -19 -21 -24 -3 0 -3 -25 
7 0 -20 -5 -5 -6 -2 23 
-5 3 33 -7 -3 -1 0 -6 
35 7 41 13 5 3 2 45 
-21 0 -11 11 1 1 -11 -68 
0 -6 -36 -16 -6 -2 0 19 
24 7 19 6 0 2 9 -5 
2 4 11 0 1 0 7 10 
6 -2 22 3 -6 -6 -1 22 
3 -10 9 8 0 1 -1 1 
-2 -1 -10 -7 2 0 -7 -13 
-23 -18 -37 -26 -7 -6 -8 -23 
3 1 -8 -3 0 1 1 24 
-7 1 5 5 -1 1 3 -25 
1 3 10 13 2 -2 -4 16 
-16 -6 -1 -12 -6 -2 -2 -19 
7 -11 -15 -4 0 -3 -1 -2 
-9 2 7 -5 -5 -3 -1 0 
1 6 -13 10 4 1 2 6 
-3 5 -9 -2 0 1 -3 -5 
9 5 6 -5 1 2 0 22 
-8 2 12 5 -2 -6 -4 -34 
-4 -5 -10 -4 -2 0 -2 -5 
-2 1 -2 7 5 1 -1 -8 
5 7 11 10 -4 -1 4 14 
-4 -8 -11 -8 -2 -1 -4 2 
-6 -11 -31 -29 -10 -6 -3 -4 
-8 2 13 13 5 0 -3 -10 
19 -1 18 7 8 4 5 24 
-35 7 -29 -11 -14 -8 -9 -29 
-6 10 23 4 -1 -1 0 -3 
1 -59 -3 3 -5 -3 -3 -5 
2 26 11 -1 2 -2 0 -6 
-1 -12 -22 -9 -2 -1 -2 6 
2 1 14 3 3 2 4 9 
2 -5 5 5 -1 -3 -5 -15 
-17 -31 -24 -13 -4 -3 2 15 
-22 -9 18 8 2 1 -2 -49 
-20 20 25 17 1 0 -5 14 
0 8 -34 -25 -4 -3 1 6 
-3 -13 6 9 -1 0 -1 -2 
18 14 1 -6 -1 -1 0 26 
-7 -14 -5 8 -2 -3 -6 -30 
5 9 -10 0 1 0 -8 -6 
1 -5 -8 -9 -6 -2 16 9 
-5 45 -2 2 -2 -2 -3 3 
-6 3 4 -7 -3 1 -3 -7 
21 5 -4 5 4 -2 -5 13 
1 4 2 -1 -3 -1 -5 -19 
12 -12 15 11 5 3 4 1 
-4 -9 -13 6 -2 1 -1 -1 
-14 18 -12 -18 -7 -1 0 8 
19 -21 -14 -2 -6 -4 -9 1 
8 58 33 7 7 3 12 13 
9 -2 -11 -3 -1 -4 -3 -7 
10 -45 -6 -10 -6 -5 0 8 
-25 14 17 16 5 2 -2 -3 
1 -14 3 -17 -4 -3 -9 -22 
21 -11 -28 0 0 1 4 30 
-15 -28 -6 -1 -3 -5 -4 -30 
4 -22 21 7 -2 -1 1 21 
-13 -15 -52 -21 -5 -3 -6 -37 
7 1 14 0 1 2 3 23 
-12 -4 1 -5 -6 -3 -3 -2 
-19 8 5 9 3 1 -3 -29 
0 -48 11 -1 1 0 7 39 
-11 76 -3 2 -2 -1 0 -25 
5 23 -1 7 3 3 6 18 
5 -28 1 -8 -3 0 -5 4 
-16 9 -16 -17 -5 -4 -4 -37 
15 -48 16 9 4 -1 -3 20 
-4 25 11 12 0 1 4 2 
-4 27 -27 -23 -5 -5 -11 -26 
6 -40 11 15 1 0 -2 20 
-5 -43 5 -4 -3 -4 0 -3 
0 90 -6 5 3 0 0 -10 
8 -24 -13 -15 -3 -1 2 6 
7 1 -5 0 0 0 1 21 
-14 0 8 9 0 -1 -7 -21 
3 -23 13 6 2 1 2 2 
-4 23 -25 -17 -5 -3 -1 -4 
-1 18 -8 -4 -2 -2 -3 3 
-3 2 -2 -7 -2 -1 1 0 
-3 -16 2 4 -1 -1 -2 -3 
-3 -2 5 5 0 0 0 -4 
13 -3 2 4 4 0 -4 12 
-2 -6 14 0 -2 1 0 -2 
-1 -14 -24 -21 -7 -2 -1 -5 
-5 6 -13 -12 -3 -1 -2 0 
4 -67 14 11 0 -1 0 16 
6 52 10 -2 3 2 0 -12 
-1 11 12 12 2 0 4 10 
-21 22 -6 -1 -2 -4 -6 -23 
19 -34 -35 -15 -6 -3 -7 0 
-7 -11 -5 -10 -5 -2 0 20 
-1 5 0 1 1 2 0 -5 
7 -17 10 3 1 -4 -3 -12 
-3 6 15 6 1 0 0 4 
-6 17 -20 -4 -4 -3 0 -11 
2 -12 -12 -8 -2 -1 0 1 
10 -6 13 6 -2 0 2 29 
-27 23 10 11 1 0 3 -31 
4 -16 -10 -19 0 1 -6 -12 
-16 -103 -14 -18 -6 -5 -6 -14 
21 23 -5 -5 0 -2 3 11 
0 4 11 4 -2 -1 0 12 
-5 -24 7 12 5 0 2 -2 
-21 20 17 9 3 2 -1 -8 
2 -32 -15 -6 -2 0 -2 -13 
16 -2 11 3 -3 0 -1 16 
-6 -8 -37 -26 -8 -6 -6 -31 
4 25 7 -8 -1 -2 -3 -4 
-5 2 2 11 2 1 2 2 
-3 27 3 -1 1 -2 -3 3 
1 -14 2 12 1 2 -1 -3 
13 7 0 2 0 0 1 20 
8 -20 9 18 2 -1 1 -4 
-24 -8 -14 -3 -2 -1 -3 -33 
18 -7 -15 -25 -12 -7 -3 21 
-1 4 -7 2 -1 -1 -1 -6 
4 3 3 -4 -1 -1 -2 18 
6 5 12 14 4 2 2 4 
-7 0 6 12 2 -1 -1 -6 
4 17 5 -1 0 -1 0 10 
-7 13 1 -1 -3 -2 -4 -14 
-11 -28 -16 -15 -4 -2 -4 -1 
-13 -14 22 17 0 -1 0 -3 
9 21 -13 -10 -3 -1 -4 -1 
7 -12 -13 -12 -4 -3 -2 -11 
-24 -11 9 -2 -3 -2 -3 -4 
1 -7 -19 -5 -4 -3 -1 9 
-6 -17 11 14 1 0 -2 -6 
-10 -14 4 0 2 1 0 -3 
18 17 -4 -4 -1 0 -1 11 
0 -4 6 7 3 0 -1 -5 
6 -1 17 3 -1 -3 0 19 
-10 69 11 -1 -2 1 4 -26 
1 26 -17 -5 -3 -4 -7 -7 
5 2 -16 -36 -8 -5 -1 10 
-6 -24 -50 -31 -10 -7 -5 -16 
4 -1 21 14 2 -2 -2 23 
2 -6 -9 -7 1 1 2 -2 
-3 1 9 16 3 2 -4 -10 
