#EMG
#2
#ID:2-3
2 30 -6 -2 2 1 -2 -4 
-2 -16 14 3 -3 -2 -1 -6 
-3 -27 -24 -10 -3 -4 -4 -10 
1 43 19 0 1 3 4 -2 
26 -72 -13 3 1 -1 -10 43 
-22 65 13 -5 -5 -2 9 -42 
-1 46 -5 -7 3 1 -1 10 
-1 -11 -1 -5 -3 -2 -2 -10 
7 24 -1 1 -2 -2 1 7 
1 -44 -2 -2 -2 -1 -7 8 
-9 -47 1 4 2 -1 -1 -3 
5 103 22 3 1 3 7 19 
-11 3 9 -3 -1 -2 -2 -24 
-2 -30 -13 -1 -2 -2 -7 -7 
0 -19 9 1 0 -1 0 3 
-1 -51 -37 -9 -5 -1 -5 -3 
-2 -1 -6 -5 -1 -1 2 6 
2 11 -5 -3 -2 0 1 5 
1 -71 -31 -3 -1 -2 -6 0 
4 -20 10 4 1 -1 0 16 
-30 25 -5 -5 -2 -3 -9 -53 
5 6 -17 -3 -1 0 13 30 
-6 -15 -3 8 1 -3 -2 -16 
-8 1 0 -11 -1 -1 -2 -13 
7 -13 -10 1 -3 0 0 6 
2 -18 13 0 3 2 -5 4 
0 16 13 4 -1 0 0 7 
-2 -55 0 1 -1 -2 2 -5 
-12 24 -25 -3 -2 -3 -6 -9 
10 -80 -7 -3 0 -2 -9 -12 
7 25 1 1 -2 -3 0 5 
-13 -47 4 -4 0 -2 -5 -10 
5 -58 -9 -4 -4 -1 6 13 
-6 -87 0 -2 -2 -3 -4 -1 
16 33 -10 -1 -1 1 -2 10 
-21 47 29 4 -1 1 -6 -15 
-1 -5 10 2 -3 -2 7 2 
-9 26 -5 -4 0 -1 -5 -21 
7 -19 2 -2 -1 0 0 2 
4 27 -1 -2 0 0 2 -2 
11 72 10 0 -1 -1 -5 13 
-5 -22 -1 -3 -4 -1 3 10 
-7 46 -3 -2 0 -2 0 -6 
8 -8 -10 1 -3 -2 -4 1 
-3 4 -4 -4 0 -1 1 -3 
-3 -25 5 2 0 -1 -3 1 
-5 -3 18 -5 -3 -1 -3 -13 
3 -18 -6 4 0 1 -1 2 
20 20 -1 -4 -2 -2 -1 0 
6 -39 -2 -1 -1 -3 0 12 
-4 -3 3 -3 -3 1 10 -2 
4 -2 -25 -4 -2 0 0 -9 
-6 -14 9 -6 0 -1 -3 5 
-7 18 -2 3 3 0 -4 -6 
6 -19 -2 -3 -4 -3 0 4 
1 -41 -2 1 -3 -2 0 0 
-8 -32 1 12 -1 -1 1 -8 
6 -29 3 -7 -2 -3 -2 3 
-8 -20 4 2 1 2 0 -2 
-1 20 2 -4 0 0 1 7 
-5 14 4 4 -1 -2 -7 -2 
0 12 5 4 -3 -1 -3 -3 
-10 -37 -11 -9 -2 -2 -5 -14 
6 2 -2 2 -2 -1 -1 5 
7 2 1 -2 0 1 1 10 
-19 13 -13 0 1 -1 1 -13 
5 23 4 -5 -5 -5 -7 -24 
-7 -10 -23 -7 -3 0 -8 -8 
0 1 7 1 0 -2 15 12 
3 19 -6 -1 -2 0 -3 2 
-9 32 -1 0 0 0 -4 24 
0 -3 16 3 -1 -1 -3 -45 
-6 -34 -15 -9 -2 -3 -2 1 
4 -53 12 8 -1 0 1 3 
-3 38 12 -2 -5 -3 1 3 
1 -21 -5 1 -1 -1 -3 3 
-5 -9 17 3 4 4 0 1 
-1 12 -6 -5 -1 -1 5 -2 
3 -3 -9 -3 -1 0 -10 -12 
3 -47 1 -4 -2 -5 0 20 
-21 13 12 -1 -2 -2 -4 -34 
-3 6 -5 -4 -4 -4 -4 10 
7 11 2 3 4 5 4 2 
-3 -29 -13 -3 -2 -3 0 -5 
1 -47 -3 4 0 -1 -8 2 
16 23 5 -1 -1 -1 9 15 
-11 -27 -8 1 -2 -4 -11 -9 
-10 33 19 8 1 1 19 6 
-2 -72 -23 -8 -5 -6 -14 -10 
0 53 2 6 0 2 7 8 
12 -14 9 -7 -2 -2 -7 -8 
-32 -55 -5 3 0 -2 -10 -18 
5 -78 -9 2 -2 0 3 -4 
0 16 -2 -7 -3 -2 -2 2 
-1 -24 -1 2 1 1 3 9 
6 -7 -7 -5 -2 1 -3 -15 
0 23 13 2 -2 -4 3 16 
15 66 -6 -3 -1 0 -6 -4 
-5 -8 -9 0 0 -3 -2 -11 
3 52 15 -8 -4 -3 8 17 
-10 96 5 0 1 2 0 -9 
10 -72 -4 -4 -4 -2 -3 21 
-15 -64 -2 -1 -2 -2 -5 -15 
6 77 5 8 2 3 2 -17 
10 66 11 0 1 0 5 32 
-7 -25 -18 -5 -4 -3 -8 -10 
6 -5 -11 3 0 1 7 1 
2 -59 -16 -9 -4 -2 -1 16 
-4 22 2 -5 0 -2 -10 2 
-9 -80 16 1 -1 -5 -6 -19 
18 49 2 6 2 2 8 40 
-9 15 0 0 3 0 4 -23 
21 48 -5 0 -3 -2 -2 -1 
-27 -31 3 -4 -4 -2 -2 3 
-8 -7 -9 -6 -3 -2 -8 -3 
10 32 36 5 0 -4 -8 -27 
-15 -92 -23 -4 0 0 2 -9 
21 111 15 11 4 3 -3 -3 
-29 55 13 -4 -2 1 6 5 
18 6 -7 -6 -1 -3 -9 15 
13 76 -32 -19 -11 -3 -2 2 
5 19 -8 2 -1 -1 3 -14 
21 -3 12 2 2 2 -3 32 
-20 -34 -6 4 -2 -4 -2 -23 
25 -60 21 7 5 0 2 3 
-38 -32 -13 -13 -6 2 5 7 
-12 -12 5 3 5 -1 -12 -27 
-3 -6 -1 12 1 4 4 3 
-5 4 -13 -25 -6 -3 -7 5 
15 10 1 1 2 -1 -2 -40 
5 -42 17 3 -1 0 4 19 
3 79 -22 -5 -3 -5 -9 2 
-15 -56 29 14 0 0 3 -13 
-18 118 -38 -14 -2 -3 -1 12 
-16 -29 -18 -14 -8 -4 -4 -30 
22 -49 -12 -2 -4 0 6 24 
-30 -79 -9 -14 2 1 2 -12 
3 -9 4 15 4 -2 -11 9 
7 8 -28 -15 -5 -6 7 -29 
-2 7 -18 -40 -9 -3 -7 6 
8 -102 -19 14 5 0 6 44 
-20 37 34 2 -2 1 -12 -76 
-7 65 7 4 0 -3 -1 21 
-3 -35 15 4 0 -3 -1 10 
8 -2 0 5 2 1 5 -1 
-5 -83 51 8 1 0 1 13 
23 -44 -7 13 4 3 5 35 
-26 -53 -6 4 -1 -1 -4 -54 
-11 -27 -7 -10 -11 -1 -1 5 
-7 -26 11 43 7 1 0 0 
8 16 13 -25 -3 -3 -7 -24 
-13 22 -15 -4 -4 -2 4 35 
4 -18 -16 13 -4 -4 2 -8 
-22 95 15 -12 5 1 -6 -7 
-3 55 -4 -10 -9 -3 -3 -32 
31 -9 17 10 3 -1 -2 10 
-8 98 11 -10 1 1 -2 -6 
20 -63 -6 3 -2 -3 9 23 
-4 43 8 10 2 0 1 20 
13 -22 -8 -12 -6 0 1 19 
-4 -10 -10 14 -1 -2 -10 -16 
14 1 -22 -37 -13 -3 4 -2 
-23 -78 -10 2 -2 -1 1 -10 
9 -31 -9 -8 -1 -5 -5 15 
-12 -18 53 24 0 -3 -2 -1 
-2 -74 -25 -8 -3 -5 -3 -11 
23 19 -4 -1 1 5 8 25 
0 -33 -21 -21 -7 -6 -5 -3 
13 12 19 -2 -1 0 -5 -49 
-26 4 -22 -3 -4 -5 -4 25 
4 -43 13 19 -2 -4 -9 -22 
1 -55 -13 8 7 2 -1 5 
-3 53 -15 1 2 4 2 15 
20 62 -24 -13 -2 -2 1 -4 
-18 -32 -5 17 -1 -4 -2 -3 
-10 30 25 -4 2 3 -1 -9 
-8 -26 -6 -27 -14 -8 -2 -7 
-14 -72 -51 -29 -10 1 -1 6 
-1 -13 9 -1 1 0 -3 -5 
1 -33 25 25 4 0 -2 -11 
-1 27 11 3 4 1 -1 9 
4 -38 15 5 2 -1 3 0 
4 -6 -35 -26 -14 -6 -5 -15 
-4 -23 -28 3 1 7 8 13 
4 -55 -41 -8 1 -4 -4 -3 
12 61 15 13 3 3 1 -19 
3 -66 -23 -6 -6 -5 -2 -4 
-24 65 29 -1 0 -3 -3 15 
5 -4 22 -1 0 -1 -9 -14 
-5 72 23 5 5 0 0 -34 
-14 -78 2 16 5 7 4 12 
-1 14 -1 -13 -7 -4 -5 -9 
20 -37 -48 -9 -2 -2 6 25 
1 56 24 -4 -4 -6 -3 19 
-6 9 11 0 2 3 2 -10 
-10 -17 7 10 -2 0 0 3 
12 50 -9 -6 1 1 0 -19 
-4 -84 1 -10 4 7 2 15 
11 92 -9 -5 -3 -6 -4 -8 
6 -16 17 12 -2 -6 -3 -3 
-32 127 -8 0 -2 0 -3 13 
-5 -19 -27 7 -8 -6 -5 -12 
7 68 23 0 3 0 -13 -3 
-6 1 -42 -16 -5 -1 7 -7 
6 -61 19 10 5 1 7 26 
-17 -49 1 -8 -6 -4 -9 -32 
-8 -29 -5 -4 -1 -2 5 38 
10 45 15 15 3 -2 -12 -47 
-11 7 21 -2 -2 0 0 8 
-5 1 17 9 3 1 2 22 
7 -44 -35 -6 -2 -2 1 -6 
-3 84 38 4 -3 -1 -7 -18 
-5 46 -15 -7 -7 -5 2 -12 
10 -33 8 -5 -3 -2 -2 16 
-2 76 11 4 1 -3 0 -6 
6 -103 -16 -6 -7 -9 -18 2 
-12 4 8 18 3 4 9 -3 
19 -34 15 -8 -2 -1 -1 11 
-38 24 6 -3 -6 -2 4 -23 
-6 -22 -10 -3 1 -3 2 15 
13 -30 2 3 -2 -3 -10 -12 
13 54 -4 -13 -2 1 8 11 
8 -65 -16 -1 3 7 7 34 
8 -17 -14 -5 2 -1 -10 -48 
-5 -11 12 9 -2 0 3 26 
-13 -1 2 14 4 0 -1 -28 
6 -43 8 -6 -3 1 -4 -5 
0 69 -20 -15 -4 -1 1 17 
-3 -9 7 2 6 3 5 -10 
6 46 -21 4 -5 -4 -5 11 
5 -26 0 6 0 -3 -4 10 
0 -19 -15 -13 -1 2 5 -19 
-8 -18 3 -6 -4 -6 -12 -10 
-10 -22 0 2 0 1 12 21 
19 55 -2 -2 0 -5 -5 11 
-8 49 38 9 0 6 9 11 
-9 40 23 -2 1 2 2 4 
5 -41 -19 -1 -5 -13 -22 -14 
-3 15 -13 2 1 2 4 17 
29 46 -19 9 4 6 0 -3 
-13 -11 6 -12 -7 1 7 12 
-14 -95 -3 -4 -3 -6 -14 -40 
4 -94 2 -8 -4 -1 8 -3 
-9 -37 -2 6 6 0 -7 13 
-3 22 4 -3 0 -1 1 0 
34 22 -27 4 -3 1 6 13 
-36 -99 24 0 -1 -3 -12 -51 
-18 -20 15 21 -1 -1 6 -2 
5 -35 -10 -20 0 3 -5 10 
3 -22 -13 -16 1 5 8 19 
9 8 -9 -4 -1 -3 -13 7 
-5 80 13 -6 1 1 10 9 
25 -10 15 13 -3 -7 -4 -9 
-20 84 -2 4 2 -1 -11 8 
-6 31 1 -8 -7 -2 8 -14 
-21 27 -14 -3 -3 -4 -3 -8 
-13 -81 -3 -7 -2 -4 -8 -15 
4 18 11 8 5 10 8 9 
13 -19 -36 -3 -3 3 17 34 
-34 -51 41 3 -2 -9 -13 -11 
22 -99 -18 6 5 2 -3 -22 
-25 -5 29 -1 1 1 0 -1 
24 -36 -46 -6 -7 -8 -10 -2 
29 -40 -7 -3 0 6 6 8 
-4 -49 -8 -11 -3 -3 5 10 
-1 7 -5 -12 -3 -5 -19 21 
-13 -6 17 12 5 0 14 -25 
14 16 -15 2 5 8 9 13 
-13 -7 5 15 1 -6 -32 5 
10 31 -2 -5 -3 0 35 21 
-16 52 9 0 -1 -4 -16 4 
-17 -103 -37 2 -2 -5 -6 -32 
-1 120 38 1 -2 4 6 23 
0 -78 -8 12 6 -1 -6 -23 
4 88 -5 -2 -9 -1 -3 -16 
-16 -25 -30 -19 -2 0 3 23 
16 0 -16 3 1 -3 -2 -11 
-8 -39 26 14 0 -2 -4 -15 
22 47 46 -7 0 2 6 19 
-19 26 -27 -30 -6 -3 -9 -14 
8 2 -9 1 -5 -6 1 -8 
23 -1 31 7 3 2 -10 13 
0 -128 -41 3 -5 -6 -8 -19 
4 65 63 36 8 6 13 31 
10 75 -39 -37 -4 -1 -1 9 
-12 -99 -32 -12 -12 -7 -4 -25 
10 0 11 21 6 3 0 27 
-23 -61 0 -26 1 -3 -3 -16 
0 -50 -28 6 -10 0 8 6 
-17 -14 11 -6 1 0 -6 -28 
0 85 7 -8 0 1 6 5 
30 -6 1 -17 -3 -5 -12 16 
-9 42 52 29 4 1 1 -10 
15 95 -36 -11 -7 -2 2 8 
-17 -71 -7 2 4 -1 -4 -16 
8 22 -11 7 -4 -3 5 14 
-4 -25 1 -11 -1 -3 -4 2 
-6 109 15 18 0 -1 -1 -3 
10 1 0 -34 -4 -1 1 9 
-13 -9 7 19 -4 -4 -3 -4 
-19 -27 -3 -10 0 1 -9 -41 
32 -9 -18 -10 -4 0 6 35 
-27 87 39 18 9 1 2 -11 
-2 -39 33 -6 -5 0 6 -19 
-12 -90 -80 -7 -5 -5 -10 -28 
11 -50 8 -2 2 -2 3 21 
-11 -22 29 1 -3 1 -9 -3 
11 99 8 5 3 3 5 -5 
-3 -41 32 9 2 -2 4 24 
-10 -50 -35 -5 -2 2 -3 -15 
11 -7 -17 -12 -4 -2 0 8 
-4 -13 28 8 -1 -1 -2 -7 
2 -38 -25 -15 5 6 5 18 
-1 -81 11 -3 -6 -7 -3 6 
-9 33 -2 3 -7 -7 -13 -52 
2 -40 -14 -4 -2 -5 -15 -1 
28 12 3 10 1 0 11 11 
-1 -32 -28 -1 2 2 2 -16 
-27 -27 -10 -10 -1 -3 -2 -8 
-7 -8 -43 -7 -10 -8 -12 -20 
19 20 -10 -11 -7 -6 5 4 
3 11 17 8 4 1 -7 28 
-8 -56 8 6 1 -1 -7 -43 
-1 7 -36 -5 -6 -6 -4 16 
-12 65 2 -1 2 3 1 -18 
-22 15 20 -12 -2 -4 -5 -22 
5 48 -32 -8 -3 -2 -1 25 
6 12 -38 -7 -1 0 2 6 
11 72 42 12 1 1 4 16 
-19 41 4 1 -5 -9 -13 -28 
8 -96 -24 -4 0 0 1 19 
-31 -33 30 9 5 3 10 -8 
0 -26 -3 -2 -2 -6 -15 -52 
16 110 -29 0 0 2 -1 12 
0 -83 29 7 -3 -1 4 10 
15 5 0 -15 -5 -2 -3 -3 
1 -18 14 1 1 3 2 27 
-31 -79 1 2 -2 -4 -3 -42 
7 66 4 1 -3 -1 -3 4 
34 35 -9 -9 3 5 5 28 
-30 55 -28 3 -7 -7 -4 2 
-7 -36 30 9 7 5 7 -3 
4 6 -24 -20 -10 -7 -8 -18 
2 -62 11 11 1 -3 -3 -5 
-8 -21 -6 -25 -1 4 -3 2 
-15 -67 -19 -2 -3 -5 2 -17 
1 -7 21 9 4 3 2 1 
11 0 38 10 1 -1 0 1 
-17 -26 -14 -13 -6 -6 -2 -1 
-6 -85 -14 -13 -3 -2 -2 -18 
13 90 26 8 4 2 11 25 
-5 -29 0 -5 -4 -1 -10 -8 
-4 2 17 6 3 4 6 0 
26 -14 -1 2 -2 -1 -3 27 
-3 69 5 -7 -4 -6 -1 13 
16 -24 -28 3 -4 -5 -4 -12 
-5 67 39 14 0 4 7 15 
-15 -2 21 -7 5 4 -1 -35 
17 26 -13 5 7 0 -2 30 
-27 -38 15 -2 -5 -3 10 1 
5 64 12 10 7 3 -6 -27 
22 21 -16 -12 -9 -5 2 38 
2 2 -35 -29 -3 2 -3 3 
-12 -67 13 3 9 8 3 -9 
49 34 -21 -1 -1 0 2 37 
-18 35 29 17 -3 -3 -2 -39 
-11 -33 -5 4 -3 -3 -6 -16 
11 34 -13 -8 -1 1 1 17 
-13 -35 36 6 1 -4 -7 -2 
14 29 -39 12 3 2 3 14 
-2 -52 -19 -38 -7 -3 2 9 
-1 -18 -42 -11 -4 -5 -5 -49 
0 14 19 7 0 0 2 21 
18 2 -5 6 4 3 2 21 
-70 8 42 21 1 -3 2 -32 
16 -1 -16 -5 -7 -6 -5 13 
-2 -25 -22 -8 -7 -7 -6 -16 
-15 -18 -6 -14 -2 3 2 12 
31 -58 -14 3 0 -4 -5 17 
-2 60 -4 -1 0 -1 -2 14 
-22 3 2 0 2 -3 -2 -32 
7 27 20 14 0 3 6 13 
18 -7 -5 1 1 3 10 26 
-25 -11 21 10 -2 -4 -15 -44 
-2 -72 -55 -24 -1 -3 0 -14 
1 35 -3 -7 -1 -3 -5 36 
-11 20 -7 11 2 -1 -8 -46 
-6 1 -9 -16 -4 1 14 32 
-12 -8 -14 -9 -8 -1 -6 -22 
2 -5 38 6 -2 -2 -1 2 
9 -19 22 17 -1 -4 -2 6 
-1 33 -23 17 10 4 3 17 
-8 -48 -8 -2 -1 1 0 -13 
-1 24 -28 -17 -9 -5 3 11 
0 83 3 3 -3 0 -10 -41 
6 -41 32 11 9 0 2 8 
-2 24 34 21 1 -2 -1 -11 
-4 23 -13 9 5 -1 -2 -1 
7 -47 -52 -31 -7 -1 2 12 
-18 -21 -1 -5 -8 -2 -2 -2 
4 -23 1 -11 -5 -3 0 24 
1 4 37 -16 -5 -7 -11 -40 
-14 -34 -7 11 7 6 8 41 
-18 -11 -1 -5 2 -2 -6 -41 
0 -20 1 6 0 0 7 20 
3 -39 -4 -1 -4 0 -1 3 
1 -12 5 9 4 2 -3 -13 
10 44 -20 -28 -9 -5 -4 22 
-11 -25 21 -3 -7 -6 -15 -29 
-14 -18 -20 -4 8 4 11 0 
-2 29 22 7 -7 -4 -7 -14 
14 -55 -15 8 -3 -3 4 48 
-20 -5 -4 1 5 5 5 -24 
22 -38 16 6 -3 -5 -16 -27 
-9 -3 20 4 1 1 9 30 
-18 -3 -27 -14 -2 -3 -9 -32 
13 -9 -14 -7 -7 -6 2 8 
0 -17 -7 7 6 4 0 -10 
-12 -50 10 -4 -1 -3 -3 -15 
5 23 10 4 -2 2 0 23 
10 -10 -13 -2 -1 -3 1 0 
-16 32 7 1 0 -1 0 9 
11 8 14 11 -3 -1 -4 -12 
1 1 -7 -8 -1 -2 1 0 
-6 1 12 -6 -3 -2 -5 0 
-7 -33 -21 -6 -4 -3 -1 2 
-5 -1 0 2 -2 0 0 1 
17 11 13 4 -1 1 0 -10 
-11 -13 23 23 4 -1 -3 -5 
-10 20 -24 -14 -7 -4 -2 15 
-7 -9 -42 -23 0 -1 0 7 
26 -3 25 4 -4 0 -2 -18 
-14 -33 -10 -1 2 -2 -1 2 
-2 13 -11 7 -4 -3 1 19 
-2 -10 11 -13 0 3 -1 -9 
-1 -33 -27 4 -2 -2 -4 -1 
3 -104 -29 -21 -3 -4 -4 3 
6 56 39 15 6 0 2 -2 
-1 -28 13 4 1 -2 3 5 
-7 4 9 -16 -1 -2 -3 -9 
1 16 0 2 0 1 -1 3 
11 -45 -35 -11 -7 -3 -1 11 
4 -57 0 -1 -3 -2 -4 -31 
-8 5 26 12 -1 0 3 13 
1 87 -18 -2 -1 -1 -2 -6 
-3 -19 9 -8 -2 0 -4 -6 
14 6 -6 9 -2 -2 -2 10 
-5 -66 7 -10 -4 -6 -3 14 
-3 68 -5 -4 -4 2 2 -11 
2 -28 18 10 6 5 2 -5 
-3 -1 -35 -13 -7 -5 -4 -8 
-6 7 5 3 -1 -1 1 -4 
28 4 36 12 -2 0 -1 28 
-27 -77 -32 -23 -4 -1 -2 -21 
-3 40 15 -4 -1 -2 -2 7 
-6 17 -5 -7 -1 1 2 4 
7 -15 7 3 -3 -4 0 5 
-3 -13 -30 -3 -4 -3 -1 -8 
-1 -9 3 -1 3 0 -2 -8 
6 46 3 7 1 -1 1 14 
0 -9 -1 3 -1 -1 0 3 
6 26 13 5 -1 -1 -4 -19 
1 -5 -8 -6 -5 -5 -3 -1 
-15 7 -25 -7 -2 0 -3 -19 
2 -10 -10 -8 -3 -1 -3 5 
9 -17 14 2 -4 -1 2 12 
9 4 3 3 4 1 -1 15 
-5 5 16 9 5 1 6 2 
-4 72 -6 -6 -3 -2 -5 -3 
-26 -9 2 -1 -2 -2 -9 -32 
3 -25 -12 0 1 2 11 9 
-5 -2 -6 5 -2 -1 -6 -9 
-3 -39 -22 -6 0 0 2 6 
10 81 21 5 0 1 2 11 
-16 15 -11 -6 0 -2 -8 -38 
-4 4 22 -3 -4 -3 -3 1 
-4 -24 -42 -3 -2 -2 2 9 
-4 -18 10 0 -2 -3 -1 -5 
-4 -3 -3 2 -3 -3 -2 7 
-4 -2 -13 0 -2 -4 0 -18 
12 -20 -7 -5 0 -1 -3 -7 
2 9 -5 -4 -2 -5 0 19 
-3 14 -15 -4 0 3 2 -9 
5 -4 12 9 1 -1 -3 -2 
-15 7 5 4 1 0 1 14 
-5 -6 -15 -7 0 -1 0 -32 
-11 5 18 -6 -7 -6 -5 0 
10 -3 -25 -6 1 -1 0 3 
6 5 16 3 -3 -2 -2 -2 
16 48 7 1 2 3 7 32 
-2 -12 -8 1 -1 1 0 2 
-1 -27 14 -14 -1 -5 -9 -13 
-17 -9 -24 -1 -1 -3 2 -5 
-5 -16 6 1 -1 -3 -4 -17 
3 12 9 8 3 1 2 10 
1 4 0 1 -2 2 2 8 
2 -41 -19 -7 -2 -1 -9 -7 
6 1 6 -2 -1 1 2 2 
5 -21 -12 7 -4 -6 -6 4 
-17 -1 -16 -21 -3 -1 1 -20 
5 2 13 -1 -2 -3 -1 -10 
-2 -51 -1 4 1 1 2 24 
2 46 8 -1 0 -1 -2 -15 
2 -13 -8 14 2 0 0 23 
5 10 30 6 2 0 0 11 
-14 -1 -41 -29 -6 -2 -3 -27 
-4 -1 5 -2 -3 -2 0 5 
8 -5 -12 -5 -4 -1 0 16 
-23 -2 15 2 1 0 0 -25 
18 1 11 11 2 1 -2 28 
12 7 -3 3 0 1 4 -3 
-3 -40 7 1 0 0 -3 -10 
18 6 7 0 -2 0 2 7 
-19 -16 -37 -13 -3 -4 -3 12 
1 2 -4 1 1 -2 -2 -11 
-4 -6 13 3 -1 -1 6 3 
10 8 -2 -2 -1 -3 -4 -12 
-13 1 14 1 -2 -4 -11 -23 
-10 -59 1 3 0 3 5 6 
9 26 -16 0 1 -1 -2 5 
-13 -10 -4 0 -5 -1 0 -10 
1 29 -6 -1 -1 0 4 5 
8 -25 30 0 0 -2 -4 24 
-12 -19 -38 0 -3 -4 -9 -51 
2 38 -1 22 4 6 2 15 
9 53 -19 -13 -2 -4 0 -1 
6 1 -18 -10 -4 -1 -2 3 
-7 13 35 7 0 1 3 1 
-9 -43 -14 -1 1 -2 -3 -14 
12 -18 13 2 -1 0 1 1 
-16 13 2 5 -1 0 -2 -17 
-14 30 5 -3 -3 -3 -3 12 
18 1 8 1 3 -1 -2 -12 
-9 -10 9 23 -5 -3 -4 10 
15 4 -12 -24 -3 2 4 -3 
9 -2 -13 -5 -9 -5 -2 26 
-29 25 40 7 4 -2 0 -29 
9 -20 -1 3 0 0 3 -4 
-10 9 13 7 0 -2 -11 -14 
9 13 14 2 0 1 -4 5 
1 11 -12 -17 -4 -5 1 13 
-13 -72 -7 -2 0 1 -2 -19 
-7 47 -15 -2 -1 -2 -2 -1 
8 6 7 -3 -2 0 3 8 
1 -11 -12 -11 -5 0 -1 16 
-2 -11 21 8 0 -1 -4 -16 
-18 -25 -12 -2 -3 -6 -4 -12 
5 -11 -14 -3 1 0 -1 -2 
14 72 4 -8 0 1 4 12 
-20 -17 5 -1 -4 -3 3 14 
17 73 -2 4 -3 -3 -2 1 
-14 18 10 6 8 3 1 -18 
-3 -50 -38 2 -7 -4 -8 3 
-7 25 17 -25 -2 0 0 -5 
0 -30 -11 -4 0 -1 -5 -25 
-5 -14 3 -12 -7 -4 -6 -5 
2 -7 1 -6 1 0 1 6 
3 9 -7 7 3 -1 0 -12 
-2 0 24 0 -1 -1 -1 19 
9 -20 -10 -6 3 2 6 11 
1 -1 -29 -11 -5 -4 -4 3 
-20 -5 -4 5 -5 -6 -12 -34 
2 -23 11 3 2 2 3 14 
-1 -12 -4 0 -2 -2 -1 -12 
1 17 8 -3 -2 1 1 11 
10 -9 -7 -2 0 -1 1 7 
2 -1 5 9 0 0 0 -12 
-5 -15 -4 -13 -2 -3 -4 2 
-9 -33 -14 -3 -5 -1 -1 -11 
5 14 -14 4 3 -3 -2 3 
2 -13 -18 -11 0 1 -1 4 
7 20 14 10 -2 -2 2 0 
4 -13 30 24 2 -2 -1 16 
-5 16 17 -21 -1 3 2 -14 
-9 -21 -67 -18 -11 -5 0 3 
4 -4 16 2 3 -1 -7 -1 
-12 -2 -6 2 -2 -2 0 -10 
0 29 41 21 5 3 -1 13 
20 -13 2 6 0 -2 8 6 
-2 17 -7 -13 -3 0 0 7 
-29 -7 -3 -9 -3 -3 -6 -38 
15 3 -16 -3 -4 -1 -7 11 
0 3 7 -3 1 1 9 16 
-3 16 0 12 0 1 -4 -14 
-1 -10 10 0 3 1 1 11 
2 -11 1 13 -1 -1 1 -32 
-2 -1 -28 -39 -5 -3 3 8 
7 7 15 6 -2 0 5 13 
-10 -11 -17 -13 -3 -3 -7 -3 
5 74 15 4 1 0 -2 3 
-3 -14 11 22 -2 -2 5 5 
-1 -5 -6 -3 1 -2 -1 4 
7 -24 -35 -22 -2 0 0 7 
2 -16 4 15 -2 -1 -4 6 
-3 -1 -18 -14 0 0 0 13 
-7 6 9 8 -2 -3 -8 -21 
