#EMG
#7
#ID:7-4
7 31 1 -1 0 0 -1 5 
3 -20 4 10 1 1 3 12 
-3 -1 11 -1 -3 -1 -4 -8 
2 9 3 -5 -3 0 -3 -9 
-14 -19 5 -1 2 -1 0 1 
-6 -57 -11 -3 1 0 -1 -5 
10 38 9 -5 -2 -2 3 18 
-16 23 3 1 -1 -1 -2 -7 
8 -1 4 -8 -2 -3 -4 -12 
-1 22 10 -2 -1 0 1 10 
2 -21 -9 8 2 -1 0 3 
21 -15 -7 -8 -1 -2 -4 -18 
-12 26 1 5 -2 -1 -1 15 
4 -90 -13 -11 -2 -1 -2 -10 
11 73 16 0 -2 -2 1 9 
4 11 0 -2 0 -4 1 -4 
9 -5 -6 4 -2 -2 -4 -11 
-5 -5 3 -2 0 -2 -3 -11 
-3 -32 5 6 -1 1 -1 2 
9 -1 -18 -4 -4 -1 -2 17 
-18 14 -26 -21 -4 -1 -2 -27 
4 -20 -7 3 0 2 2 15 
-12 -9 -2 -2 -1 -2 -5 -39 
-14 23 4 2 -2 0 1 19 
20 -28 -6 6 1 -3 -3 -3 
-8 -64 -10 -2 -4 -3 0 10 
-13 53 16 1 0 3 -2 -3 
-2 -12 -7 -13 -6 -3 -4 -9 
-5 -5 -10 0 0 -1 -1 12 
-5 47 14 3 2 1 -1 -1 
1 -33 6 6 2 0 0 12 
3 -1 -2 7 -1 -3 -1 -11 
-17 1 -13 -18 -2 1 2 5 
15 106 18 5 1 0 -2 -17 
-15 -31 -14 -5 -3 -4 -2 6 
12 25 1 -4 -3 -2 -11 -4 
12 -6 5 4 0 -1 4 12 
7 16 4 11 1 1 0 5 
-23 15 11 14 2 -1 -8 -44 
-7 1 -21 -25 -3 -1 0 5 
0 16 -16 5 -6 -5 3 5 
-10 -31 -15 -16 -4 -3 -2 -13 
-1 -47 16 15 2 1 -3 -6 
3 38 43 22 13 7 2 26 
8 -8 13 11 -2 1 0 4 
-3 30 -12 -21 -5 -4 -1 9 
-9 -52 -29 -10 -3 -5 0 1 
-8 -17 -11 -6 -5 -2 -4 -19 
2 6 17 16 6 3 3 14 
11 12 9 8 -1 -2 -1 -7 
-3 44 -10 -23 -4 -3 -4 -11 
-8 -25 10 24 -2 -2 2 10 
12 20 -9 -21 2 1 -1 20 
-29 -33 -1 12 -5 -6 -5 -32 
11 103 8 -12 2 -1 1 2 
-7 -65 4 17 3 1 5 -2 
6 -2 -6 -6 -2 -1 -3 3 
-2 -10 -8 -8 0 1 3 15 
-12 -45 4 0 -2 0 -1 -19 
16 12 -9 0 -2 -3 -3 4 
-23 -19 14 4 1 2 1 -5 
5 2 -12 -8 -4 -4 -7 -2 
12 -35 -8 -3 -3 -4 3 27 
-15 39 -1 -6 2 3 2 -20 
-5 -21 -6 -3 -3 -4 -6 -32 
-9 22 12 14 -1 0 -1 11 
13 -51 -36 -21 -2 0 1 17 
-8 2 10 -6 -1 -3 -2 9 
6 8 -7 1 1 0 1 -12 
0 -72 -12 2 0 -2 -2 -19 
11 -45 7 11 -2 -3 -2 5 
-3 21 -25 -26 -5 -1 0 1 
-7 30 11 1 -4 -3 0 7 
6 8 7 2 0 -1 0 16 
-6 -21 7 -4 -1 -2 -4 -23 
-8 -1 -16 0 0 -2 0 -12 
-5 -52 -26 -13 -7 -5 -6 -1 
3 25 6 1 4 3 4 4 
10 42 25 14 1 -1 0 18 
-10 -19 -23 2 -3 -4 -6 -8 
8 66 21 4 1 2 1 -4 
4 -44 -29 -8 -5 -2 -2 2 
-2 -4 -7 -1 -1 0 3 3 
-4 -25 23 4 1 -2 2 -12 
6 43 5 5 0 -2 -4 9 
1 87 5 -6 0 0 1 3 
12 0 5 -3 -1 2 5 55 
-22 6 -12 -9 -4 -6 -9 -84 
-7 -29 -13 -8 -1 -4 2 8 
-1 -3 16 12 1 0 -3 -4 
3 12 -3 2 -1 0 -1 -2 
14 6 -4 0 2 1 4 29 
-4 13 19 0 -1 1 0 -8 
-6 5 -7 -7 -4 -2 -2 -1 
-12 -20 -15 -16 -6 -3 -5 -17 
6 -26 15 8 5 0 1 24 
-11 -25 21 6 0 -1 -6 -23 
9 3 -34 -10 -3 -4 0 18 
13 89 20 11 0 -1 -1 9 
-23 91 19 14 1 -1 -2 -39 
4 -19 -20 -14 -1 0 0 19 
-2 -4 7 -18 -6 -2 -4 -12 
0 -29 -18 -2 -1 -2 -3 -5 
25 -6 10 10 -3 0 5 25 
-15 3 -16 -11 -2 -1 -5 -1 
4 -4 20 10 0 -3 -2 10 
-15 8 -13 -7 0 1 -1 -16 
14 -15 9 12 3 2 1 45 
-8 -16 -18 4 -3 -2 -11 -53 
-20 -74 14 0 4 1 3 1 
1 6 1 14 1 0 -3 -2 
1 -7 -32 -16 -6 -3 -1 10 
1 59 -34 -52 -14 -6 -4 1 
11 -3 27 34 4 0 -6 -5 
4 0 14 -16 2 -1 3 -4 
-16 1 1 -10 -4 0 -1 2 
3 -34 19 30 3 0 2 11 
3 18 -12 -31 -7 -1 -7 6 
-4 -3 -7 13 0 -1 1 -16 
8 -14 0 2 1 0 -2 -21 
7 29 15 6 0 -1 -6 10 
-19 -2 -7 -15 1 0 5 -22 
29 65 7 8 -4 -2 -2 47 
-25 5 -3 -15 -5 -4 -5 -16 
-3 -17 10 12 3 1 4 -12 
-9 6 8 22 6 2 -7 13 
-2 -48 -40 -45 -9 -4 -1 -48 
8 -9 -12 -17 -8 -4 -3 18 
-1 -30 27 25 1 -1 -1 8 
-4 -1 -32 -13 -3 0 6 9 
-7 -36 5 6 -1 -1 -5 -6 
-7 -65 21 8 4 2 0 -6 
-16 41 4 -6 1 1 5 1 
0 -93 6 25 0 -3 -2 -6 
-6 22 -16 -2 -2 -1 -1 -7 
16 -18 -10 -41 -8 -3 -1 21 
14 -18 6 4 1 2 2 40 
-11 12 -29 -11 -6 -6 -6 -90 
-15 -9 42 37 6 -2 -9 -4 
-12 11 12 -4 5 5 17 8 
4 -41 -55 -46 -15 -9 -7 7 
16 33 0 -4 -2 -1 -8 -2 
1 -71 -2 11 -3 -2 9 -9 
3 2 0 18 4 3 -1 8 
-4 -32 1 11 3 1 1 25 
-4 32 11 -1 -1 0 -1 -17 
-22 18 -28 -16 -7 -6 -11 -12 
12 8 -9 -2 -5 -1 -1 4 
2 -21 18 3 0 -2 2 -2 
5 -26 -24 -13 -5 -2 -2 12 
-3 2 -6 -1 1 3 7 31 
-8 -66 18 12 1 -4 -8 -24 
21 9 -30 10 1 -2 -1 7 
-29 36 35 -14 -7 -2 -6 1 
19 81 -2 7 3 3 14 -5 
6 26 -9 -11 -6 -4 -4 12 
-63 -103 14 26 2 0 -3 -55 
17 16 -22 7 3 2 8 46 
8 -22 19 -1 -2 -1 -4 26 
-3 -85 3 4 -3 -2 -8 -22 
-33 82 18 -9 4 7 11 -35 
4 -104 8 -2 0 -4 -18 -4 
-4 76 0 -3 -3 -1 16 14 
10 -26 -20 6 3 -2 -5 -2 
37 23 10 -7 -4 2 10 31 
3 6 -3 -1 -3 -5 -2 14 
-9 -42 -1 -7 2 0 -11 -11 
-8 17 -1 11 -2 -1 -2 1 
-2 32 -14 -16 -3 -4 -5 -6 
12 78 -21 -27 -4 1 7 -14 
14 33 32 8 5 6 -2 8 
-10 53 -3 1 0 2 10 15 
3 -84 -31 0 -9 -8 -14 14 
5 -20 0 -4 3 0 1 -44 
-26 -44 22 8 -3 -4 -10 -18 
2 -13 -9 -25 -11 -4 4 10 
6 -60 -17 13 7 4 1 -13 
4 12 24 19 1 1 6 37 
-15 -64 -11 -18 -7 -5 -2 -11 
-5 67 -22 1 -2 -2 -6 -18 
17 82 42 2 1 -4 -6 0 
1 1 -30 -7 2 4 10 15 
-5 -54 -18 13 -6 -4 -5 16 
-24 -106 3 1 -1 -7 -14 -31 
-14 98 0 -10 2 3 5 16 
17 31 13 18 3 3 5 -23 
16 90 9 -1 -2 -5 -12 -14 
12 -20 -3 2 0 4 1 39 
-20 -117 -39 -4 -4 -2 -2 -32 
9 49 36 6 0 -3 -4 14 
-9 0 -50 -15 -5 -5 -1 17 
-6 70 -43 -39 -9 0 6 -22 
36 -9 64 3 -2 -3 -9 20 
-11 -44 -2 13 0 -2 3 20 
24 -107 -38 -5 -2 -1 -3 -4 
13 106 1 20 9 4 -1 -5 
-3 -13 5 -3 2 2 6 -9 
-16 -50 -24 -14 -11 -6 -4 1 
-8 -46 17 12 3 2 4 -4 
32 42 48 -9 3 -1 1 16 
0 25 -47 -4 -13 -7 -7 -36 
-1 1 67 -28 -5 -1 -2 1 
-18 -48 -33 -25 -4 -1 0 -11 
-12 20 39 15 6 2 4 24 
24 13 -44 -14 -10 -6 -4 -5 
-22 18 8 16 5 4 3 7 
-11 -26 -8 20 3 -1 -4 -39 
-12 -70 -13 -59 -15 -6 -7 -7 
15 -30 6 32 11 4 6 18 
-4 -51 -29 -2 -2 -1 -4 -5 
-16 47 -23 -33 -12 -6 -1 17 
16 -5 3 24 0 -4 -9 -18 
-19 48 37 -1 4 0 0 13 
-4 -35 14 14 3 2 2 -8 
0 47 45 -8 0 1 -1 10 
8 -15 -6 8 -1 0 -1 -12 
-1 2 5 -8 -5 -2 -4 5 
-10 17 -1 14 7 2 3 4 
37 -5 -6 -4 -3 -3 4 19 
-16 -79 4 14 -2 -2 -2 -16 
-20 -21 -19 -29 -7 -3 -4 -20 
7 -1 -23 -21 -6 -4 -2 23 
-18 -110 -9 1 2 -1 -9 -58 
-31 31 10 8 0 -4 -3 -20 
10 -15 35 21 4 -1 3 15 
-25 0 -7 -11 -6 -3 -10 -26 
9 -2 -5 -6 0 0 7 14 
8 -12 4 15 -2 -9 -9 4 
-3 67 -13 -17 -4 -3 2 -14 
22 -31 -22 -12 -5 -1 -1 7 
1 92 22 11 2 0 -1 15 
-10 -58 -17 0 -1 -1 -6 -20 
-6 -54 7 9 2 1 3 -3 
7 -31 4 -13 -3 -6 -9 22 
-44 27 4 15 2 -1 5 -11 
8 20 5 -15 -4 -2 -3 1 
-4 20 12 0 3 -3 -10 -2 
3 -15 -10 17 3 -2 10 -38 
-17 -56 -24 -21 -2 -1 1 22 
9 12 12 9 -1 2 7 18 
9 -5 18 8 -1 2 -4 16 
1 29 -3 -13 -1 -1 -1 9 
-5 21 7 -4 -5 -3 1 -44 
6 -27 -12 4 -1 -4 -7 9 
-5 12 -17 -7 -2 -2 -10 -10 
-1 -25 9 3 -3 1 3 15 
4 -35 -22 0 -2 0 -6 -17 
-5 -37 -17 -9 -3 -4 3 6 
-5 -57 8 10 2 -3 -2 12 
18 28 25 5 -1 -7 -18 -16 
-13 29 26 -4 1 2 20 32 
-15 47 -4 8 3 6 0 -23 
8 47 11 -11 -5 -2 4 -8 
4 -22 24 6 -3 -5 -4 2 
22 14 17 1 3 5 -8 -5 
0 -13 -17 3 3 3 6 26 
-15 0 -1 -4 -1 -3 -3 -29 
16 -4 -8 3 -2 -3 5 11 
-1 -66 -10 -1 4 2 -10 9 
2 17 -14 -1 2 5 9 6 
-15 -5 -14 -16 -1 4 13 6 
-4 -54 -27 14 -3 -10 -23 -25 
-10 -6 -16 -21 -2 -4 3 -25 
-8 23 26 5 3 3 3 16 
22 -59 -25 -1 -9 -9 -8 -4 
2 -10 -21 -2 1 2 5 11 
-3 -35 20 10 -4 -8 0 19 
7 42 -15 -20 -3 -1 -2 -16 
1 42 -9 12 5 7 5 38 
-41 -5 1 0 -2 0 9 -59 
-1 46 37 7 0 -4 -13 11 
2 53 4 1 -5 -4 -4 0 
3 -14 1 20 1 -2 -2 -2 
23 108 -61 -14 3 8 14 23 
3 -19 -6 -3 -4 2 1 21 
-12 -46 24 11 1 -7 -15 -73 
7 5 22 0 -2 -1 -1 5 
-12 18 22 1 -1 -5 -5 8 
13 -104 -16 1 -1 -3 -10 -23 
1 -68 -15 -17 -6 -4 -5 23 
-17 -64 1 -7 0 -1 17 -23 
-10 -79 -20 -14 -9 -7 -23 -27 
23 4 15 8 2 -6 -6 2 
-18 -58 32 25 4 3 2 3 
22 3 -17 -30 -8 -6 -11 2 
-6 -111 -10 -14 -7 3 8 8 
-18 58 3 5 2 1 1 -14 
22 16 0 9 -2 -6 3 3 
-17 -21 16 6 4 0 -4 6 
-3 -19 27 12 1 -2 5 10 
21 58 -41 -6 -4 2 0 2 
-7 58 -19 -15 -3 1 4 26 
-15 -38 -26 -5 -7 -5 -6 -19 
5 43 13 9 5 2 -3 7 
-2 -12 17 21 5 0 -7 -13 
5 6 -9 -33 -6 0 6 15 
2 9 1 9 -1 -1 7 22 
-34 -24 -2 -4 1 -2 -7 -46 
15 -61 -18 3 1 -3 -3 -9 
11 29 17 4 1 -1 -2 7 
2 6 40 25 4 1 -5 6 
-18 -31 -81 -37 -10 -4 5 9 
3 -40 40 27 5 4 2 10 
-11 -17 -85 -72 -18 -4 -3 -13 
-12 -91 17 18 4 -2 -2 -18 
12 115 -24 0 -6 -5 -2 10 
-24 41 -24 -31 -4 -3 -6 -15 
14 30 15 15 7 -1 -4 6 
-7 20 -12 -14 -5 1 0 -4 
0 -31 -1 3 4 2 -2 8 
-14 0 -7 15 1 2 3 15 
-15 29 61 40 5 0 1 -4 
0 111 -19 -35 -6 -3 -12 -34 
11 -28 10 15 -2 0 21 30 
-2 36 -10 -17 -6 -4 -10 -32 
-38 -75 -39 3 -4 -4 -7 37 
-19 -127 -2 -16 -4 -3 0 -53 
19 103 43 12 4 4 -3 5 
-3 -8 18 3 0 0 13 42 
7 -57 -17 -3 1 0 -32 -59 
-16 -8 -9 -2 -2 1 25 5 
-16 -28 14 -3 0 -3 -8 -25 
-2 -67 0 2 -2 0 14 -2 
35 33 26 8 2 -1 3 46 
9 -9 -17 2 1 3 1 29 
-26 98 12 1 5 3 -9 -17 
11 60 -1 8 -2 2 -1 4 
6 -27 -51 -39 -9 -1 -1 -16 
-24 12 5 10 2 -5 -12 -13 
19 37 -1 3 3 1 8 15 
-28 -14 -8 1 0 0 -23 -4 
16 -10 -14 -6 0 0 33 11 
5 -15 32 0 2 1 -1 11 
11 -111 4 12 -6 -6 -8 26 
-16 1 -56 -37 1 2 1 -35 
-7 -51 -20 10 -3 -6 -8 7 
-2 23 13 9 0 -3 -5 2 
8 -44 24 -8 -7 -9 -13 1 
6 90 -19 -2 0 1 6 21 
-17 58 30 18 1 3 2 -36 
13 -31 -24 -25 -2 -1 -5 13 
-4 -37 -19 0 0 3 7 -3 
13 -62 18 -7 -8 -6 -3 5 
13 -24 41 3 -4 -2 -5 36 
-3 74 26 15 6 8 11 -7 
-37 -22 -56 -28 -1 -3 -4 -26 
22 -11 15 3 -3 -4 -1 6 
-8 -65 -1 18 3 3 5 -8 
26 1 28 11 6 2 -2 33 
-9 -5 -12 4 -1 -2 -7 -19 
18 36 -3 -12 0 1 6 19 
2 -66 47 13 2 -1 -6 -27 
8 116 -8 3 -2 1 2 6 
1 -4 27 -5 2 -1 -1 -4 
-19 -72 -69 -17 -17 -11 -11 3 
7 -1 68 36 10 8 11 0 
2 6 -118 -54 -8 1 3 15 
15 33 34 14 -6 -3 -4 -16 
-7 -39 38 14 -2 -8 -5 -14 
-14 51 -48 -11 -7 -4 0 1 
3 0 18 -33 -8 -6 -6 -8 
-2 -102 -34 -5 0 -2 -4 28 
-6 49 16 2 -3 2 -1 -60 
-18 31 -34 -6 0 -2 -3 -9 
-8 -77 31 15 -1 -8 -15 -17 
24 76 -43 8 5 7 10 19 
0 74 36 -32 -10 -3 1 5 
-8 18 -44 -9 -6 -8 -6 -1 
-2 -37 -38 -15 -5 2 2 -7 
4 -23 51 14 1 0 -5 -11 
-10 -98 -3 16 11 2 -2 1 
14 41 32 -10 -1 1 0 -5 
-8 -2 -9 25 1 -4 -13 -29 
0 18 -5 -15 -3 0 10 20 
21 -29 9 6 1 0 -1 -9 
-13 65 -5 -23 -5 -1 -4 13 
16 -55 43 25 3 -1 -3 3 
-12 -18 0 -7 0 5 6 22 
-9 -15 -5 -11 -9 -7 -7 16 
-6 -66 4 7 0 -2 -3 -43 
-5 38 8 11 2 1 -3 16 
-12 -34 -7 -1 3 2 -12 -10 
19 40 -12 -3 -1 1 7 1 
8 9 8 -1 -1 -1 3 -1 
-8 11 -23 1 -1 -4 4 0 
7 -9 52 17 4 -1 -1 12 
5 -18 8 6 1 2 -6 -9 
-5 -91 -49 -31 -8 -4 7 24 
-6 20 9 8 8 5 1 -6 
-4 31 35 16 -4 -6 -5 -16 
-2 7 20 2 6 2 6 3 
10 -14 -9 11 -7 -4 -7 1 
-32 -72 -19 -7 -4 -4 1 15 
-7 8 -21 -19 3 4 8 -10 
6 35 43 22 4 0 -11 -19 
-5 -21 -38 -8 -3 -3 -4 -1 
-3 42 17 14 4 0 -2 -16 
13 90 17 -9 0 2 6 10 
-7 -58 -14 -3 -10 -3 3 15 
8 1 21 7 8 1 -3 6 
1 -8 -16 -2 -4 1 -1 -16 
-9 -25 -24 -10 -11 -9 -7 -20 
6 29 -30 -35 6 2 4 30 
-7 17 55 27 -1 -1 -4 -15 
10 -12 -11 6 5 0 -2 20 
-13 -28 -30 -21 -8 -5 0 -12 
-1 -72 30 19 2 1 1 -12 
0 14 -39 -13 -1 -2 -1 12 
1 19 -3 -4 -3 -1 -5 -16 
20 32 12 0 -1 -1 -1 11 
-22 29 -14 -2 -5 -8 -11 -31 
1 -7 -43 -27 -3 1 3 -1 
11 -2 37 11 1 -1 -2 5 
8 -23 -38 -7 -2 2 2 27 
8 33 19 6 -2 -2 2 -14 
-3 -8 3 1 -3 -6 -7 -17 
-23 -19 -20 -14 -9 -5 3 9 
-23 -49 -20 1 0 1 -7 -57 
-5 -75 -27 -4 1 1 0 24 
-19 11 16 5 5 4 2 -24 
38 4 17 1 -3 -2 2 21 
-20 -9 38 -3 -5 -1 1 5 
6 -60 -37 0 -8 -4 -5 -1 
-22 17 -10 -6 3 -1 -3 3 
4 -22 12 15 4 -1 2 15 
-8 40 3 -23 -1 0 1 -9 
4 25 21 1 2 0 -2 -2 
-5 -4 0 9 -1 0 7 27 
5 -46 -17 -19 -7 -5 -4 -20 
2 -37 -19 11 4 0 -10 -2 
-16 14 -1 -8 -1 -2 7 5 
31 23 13 0 3 2 4 13 
-26 8 -1 -5 -3 -3 -1 -5 
-1 -5 8 15 -1 -2 -3 -4 
-3 43 0 9 5 4 -6 -18 
3 -40 -9 -19 -10 -5 -3 3 
-5 -12 -33 -13 -13 -4 -4 -6 
6 -10 5 7 5 -2 1 7 
9 39 -1 7 4 4 6 11 
-8 16 18 10 2 -2 -7 -34 
18 -63 -3 -15 0 -2 -13 20 
-25 66 -8 -2 -3 -1 9 -45 
15 59 0 -5 -6 -3 -2 29 
-3 -40 -6 -5 -4 -1 -3 -7 
-11 -34 -8 0 -4 -2 1 -13 
20 45 28 14 3 3 2 18 
-4 -15 -3 -1 -3 -3 -3 2 
-4 -9 16 4 7 6 1 1 
11 -7 -9 4 0 -1 3 12 
3 -13 15 12 1 -1 2 14 
-6 77 -5 -1 -7 -4 -1 -10 
-2 -2 -16 -27 -2 -2 -3 2 
1 1 6 6 -3 -2 1 -7 
8 -6 -14 -3 -1 0 -2 10 
-9 -25 12 4 3 -1 -1 -8 
14 -34 4 11 0 1 2 11 
-1 -25 -20 -4 -2 -2 -2 -7 
-2 -7 -5 -9 -6 -4 -1 8 
-7 -17 -3 -2 1 1 -12 -34 
-2 9 9 0 0 -1 0 6 
-10 -1 1 4 -1 -2 -3 -33 
1 12 8 -9 -4 -2 0 10 
12 -36 -25 2 1 0 1 8 
1 62 3 -9 -2 -1 0 -2 
3 49 2 2 -3 4 1 12 
4 -26 18 4 -3 -3 -7 0 
-3 -14 -11 -2 0 -4 3 9 
0 6 12 5 1 -1 -2 -19 
-4 15 4 3 1 0 2 -17 
-6 2 -11 -8 -6 -3 -3 11 
-4 -15 -10 -7 -3 0 -1 1 
-7 -8 -2 -6 -2 -4 -2 19 
19 12 7 0 2 3 2 12 
-28 -49 10 11 2 -2 -5 -46 
4 77 -17 -7 -3 -1 1 3 
-6 7 3 -5 -4 0 -4 3 
-10 6 -17 -10 -3 -1 -1 -3 
7 -1 -9 -1 0 -3 -2 4 
-5 -37 18 5 2 0 1 3 
8 -8 5 11 2 -1 0 -5 
-9 104 2 -4 1 1 1 0 
6 -38 1 -2 0 2 2 1 
-13 -15 -1 0 -1 0 -2 -8 
-1 -41 -2 7 -3 -2 -2 1 
-9 39 0 -3 2 -5 -3 -13 
0 3 -27 -7 -4 -4 -4 -4 
3 7 11 -7 -2 0 0 8 
-3 -10 -2 2 -1 -1 0 -8 
7 -43 -1 2 0 0 1 24 
-11 16 26 1 1 3 -6 -10 
21 -33 -21 -5 -5 -5 6 -6 
-3 16 12 5 -2 -3 -7 -12 
-1 -64 15 2 3 -1 -3 5 
8 8 -31 -10 -2 3 2 6 
2 -23 5 -1 0 1 -3 6 
-8 17 -28 5 2 1 2 11 
0 5 23 7 -2 -2 -1 -15 
5 -12 8 2 -1 -3 -4 -7 
-6 -23 -33 -34 -9 -3 0 18 
-21 -94 2 4 2 -2 -6 -34 
-4 11 -10 6 1 2 0 10 
5 9 17 6 0 -2 1 7 
-7 25 5 5 1 -2 -4 -7 
23 -19 -27 -10 -4 -3 3 19 
-13 -3 2 -7 -4 -3 -5 -24 
-4 0 -2 -4 -1 -1 1 15 
1 8 7 6 -6 -4 -6 -20 
19 15 -13 -10 -4 0 3 18 
-28 -14 -6 1 1 1 -2 -20 
4 12 -3 -4 0 2 -2 1 
-5 -70 5 10 4 0 0 3 
-6 53 5 5 1 2 2 -4 
-6 -1 -4 -4 -2 -1 1 3 
22 -6 -4 -1 -1 -4 0 16 
-3 -13 2 1 0 2 -7 -2 
-1 15 19 -2 -1 -3 2 -29 
-3 -27 23 -9 -7 -3 -5 -2 
-1 20 -26 1 0 0 -1 4 
2 10 8 3 1 3 1 1 
1 11 9 -1 -2 -2 -2 12 
12 73 -6 0 0 0 -3 5 
3 30 -10 -7 -5 -1 1 -13 
7 21 22 9 5 3 8 14 
-27 -2 5 7 -3 -4 -16 -13 
3 -29 -8 -8 -7 -4 -3 -5 
-12 -58 -51 -29 -8 -5 -2 -6 
3 27 8 3 2 0 -1 0 
4 -7 4 -1 1 0 2 16 
5 38 -10 10 4 0 2 -5 
-1 -17 8 3 -2 -1 -3 7 
-22 19 9 -5 -4 -3 -3 -21 
5 1 3 -1 -3 -3 -4 -10 
17 -19 -2 -6 0 -1 0 12 
-16 1 -4 -2 1 2 2 -8 
1 -10 -4 0 -4 -3 -2 2 
2 6 3 0 1 0 -2 8 
-12 -25 -18 -4 -2 -2 1 4 
20 3 22 7 3 0 -2 -7 
-24 -6 -11 -4 -2 0 -4 -17 
9 -15 -14 -4 -2 0 3 8 
-7 -18 -5 -5 -2 -1 -1 -3 
3 -22 17 6 1 -1 1 17 
-11 32 -7 0 -1 -1 -3 -15 
0 -8 -4 -3 -1 -2 -3 -7 
3 -27 -2 -2 -3 -2 3 9 
-18 4 7 4 -2 2 -3 -5 
14 -33 -14 -4 1 1 -2 -4 
7 -22 10 -5 -4 -1 -2 3 
-1 51 -25 -8 0 -1 -3 -4 
7 6 1 -1 0 1 0 0 
-8 -6 16 -2 -2 -3 -3 -2 
0 -45 -9 4 2 0 1 -2 
1 7 24 6 3 2 2 12 
-6 10 2 -3 -3 -3 -4 -29 
-5 -33 -7 -4 -4 -5 -5 -21 
-3 44 -2 1 0 1 -1 -12 
6 -13 -10 3 1 0 -1 5 
-10 -8 1 -4 -4 -3 -2 6 
0 -13 10 0 2 3 1 11 
-5 20 10 0 -3 -2 -2 2 
-1 -9 -5 3 -3 0 -1 -6 
10 6 -9 -2 2 1 2 1 
1 4 5 1 0 0 1 17 
-20 1 -3 1 1 -1 1 -14 
12 -1 -18 -6 -1 -1 1 14 
-1 -16 -6 -3 -3 -3 -5 -12 
9 19 -2 -5 -4 -4 -2 13 
-1 -45 3 0 2 0 0 2 
-29 -22 -5 -5 -4 -4 -3 -17 
16 -6 -11 -5 -1 1 1 11 
-9 2 -3 4 -1 -3 -1 -20 
8 -5 -4 -4 -1 -1 -2 13 
-20 -30 14 4 0 -1 -6 -16 
8 23 11 4 1 1 4 15 
-8 -14 -26 -8 -5 -1 1 7 
7 7 -1 1 -1 1 1 -4 
13 -18 -5 -2 0 -1 0 14 
-17 18 32 -1 -5 -7 -9 -35 
5 -6 26 -2 -1 -1 -6 -4 
-9 -7 -30 -5 -2 -1 -3 -1 
10 14 0 -2 0 -1 1 1 
-5 -11 -6 3 1 2 2 2 
7 15 -3 -1 -1 -1 -1 2 
1 -26 0 -1 0 -2 -2 2 
8 47 -15 -1 0 1 0 -2 
-9 -10 -5 6 1 -1 -1 -5 
7 -1 -1 -1 2 2 1 15 
0 11 -18 -6 -7 -1 -1 -8 
-11 -19 -7 -9 -4 -5 -4 -12 
1 11 9 2 -1 -3 0 2 
-3 2 -26 -8 -2 -2 -2 -7 
6 15 6 0 1 0 -2 5 
1 -3 12 2 -2 1 0 0 
2 -15 -13 -2 0 1 -2 -1 
5 24 21 3 -1 0 3 15 
-4 -2 -11 -7 -6 -7 -3 -21 
-6 -11 9 -1 0 0 -2 -3 
-8 -29 0 2 1 0 0 1 
16 58 -14 -1 2 0 2 12 
7 45 6 -7 -4 -3 -2 8 
