#EMG
#3
#ID:3-14
-7 -51 -19 -6 -2 -2 -2 -17 
2 60 14 3 1 0 -3 -9 
10 40 6 -5 -2 0 -1 7 
1 -8 -11 -5 1 0 2 19 
-6 -6 10 1 2 2 5 -5 
-3 -17 -12 -1 -5 -3 -3 -21 
-4 -14 -12 -5 -3 -2 -4 11 
4 29 11 -1 -1 0 -1 1 
0 -12 -18 -3 0 1 -1 2 
-9 -8 11 1 1 -2 1 1 
4 -23 -7 -3 -1 -2 0 2 
-5 -8 -1 1 0 -1 0 -1 
6 24 -8 2 -2 -1 1 23 
-20 -95 0 -9 -5 -4 -3 -35 
2 23 -15 0 -2 -2 -6 -9 
-2 10 -1 0 1 -1 1 5 
2 13 9 2 -2 -1 2 10 
9 -10 -10 -5 -2 -1 -1 0 
-9 -13 -7 -5 -2 -3 -2 4 
-13 5 5 3 -2 -2 -3 -33 
4 0 -2 -2 -1 -1 -2 1 
6 6 -10 3 -2 -1 0 5 
-21 -42 -8 -6 -1 1 -4 -8 
12 59 -2 -5 -1 -2 -3 7 
-5 -13 2 -1 -1 0 1 -2 
-1 0 -1 0 -1 -1 -3 -5 
-9 15 -4 1 1 1 1 -7 
33 -12 -5 -4 -3 -1 1 32 
-12 7 10 0 0 2 -2 -17 
13 30 -7 0 0 2 4 41 
-6 30 -7 -5 -5 -4 -4 -31 
-20 3 -4 -1 -1 -1 -6 -28 
4 2 8 -1 -1 -3 -3 -2 
10 1 0 -1 -1 2 0 12 
1 -7 -1 2 1 -1 -1 3 
-7 -48 2 -5 -5 -3 0 -5 
9 90 -2 -1 0 -2 -1 9 
-9 -22 -2 -2 0 -2 -2 -13 
15 -6 -4 -2 0 0 1 15 
-9 -11 3 1 0 0 -3 -7 
-1 -18 0 -3 -2 -4 1 6 
-4 -7 -5 -1 -1 -1 -4 -5 
5 4 3 -1 0 1 -2 1 
1 -6 8 1 -3 -3 3 18 
10 -41 -19 2 -1 0 -2 -19 
-14 5 -5 -6 0 -3 -1 9 
6 -22 -3 -2 -3 -2 -4 -5 
-8 -44 -9 -3 -1 -1 0 -21 
-3 93 -3 -2 -1 0 -3 -3 
-10 -14 7 7 0 0 -2 1 
1 -32 -10 -5 -3 -1 0 5 
0 7 -11 -6 -5 -3 -2 8 
-5 -21 4 0 0 -1 0 6 
-6 6 5 0 -1 -1 -2 -14 
-7 8 12 1 -2 -1 1 5 
10 13 -2 -3 2 0 -4 7 
-3 -28 -3 -1 -2 0 2 -4 
-9 -12 1 6 -2 -2 -2 -13 
20 7 10 -5 -1 -3 -2 11 
-7 -3 -6 -6 -3 -1 -4 -25 
-4 -49 -3 -2 -4 -1 -5 -24 
3 -13 -6 -5 0 -2 2 13 
6 31 27 8 3 0 3 3 
-16 26 -3 10 -2 -1 -5 3 
2 -8 -25 -16 -1 -2 -3 1 
6 -12 -5 -14 -6 -5 -3 -3 
1 -11 -4 4 0 1 -1 -4 
0 -17 4 1 2 1 1 10 
-6 -23 11 11 0 1 1 -18 
4 16 -4 -2 -2 -2 -3 -1 
-4 6 -4 -2 -2 -1 -5 5 
-17 4 5 7 1 0 1 -3 
33 -9 -27 -7 -4 -5 -1 26 
-3 9 -1 -6 -1 1 -1 -26 
-3 53 18 5 -1 0 2 0 
5 -10 -12 0 0 0 0 3 
-10 19 10 0 -1 -2 -1 11 
-10 -22 -10 -4 -1 -3 -2 -8 
-9 -37 -28 -9 -3 -2 1 3 
6 16 0 -1 -1 -1 -2 -9 
-4 15 15 -4 -1 0 1 7 
5 -9 3 6 -1 0 0 0 
1 -7 0 1 1 1 -1 14 
-5 10 -2 -8 -6 -3 -2 -24 
-7 -15 0 4 4 3 0 0 
8 0 9 1 -2 -1 -1 -2 
5 -5 -3 1 -2 -2 0 17 
3 -6 -16 -12 -1 -3 0 -23 
9 -26 10 2 -1 -3 -3 7 
-31 73 17 8 -3 -1 -4 -19 
3 -25 -22 -15 -4 -2 0 -13 
-8 -37 -12 1 -1 -1 -2 18 
-7 13 16 4 0 1 1 4 
-7 -25 -14 -1 -1 -2 3 -7 
-2 0 -4 4 -2 -2 -3 -10 
3 11 6 5 2 2 0 14 
19 -21 -19 -17 -6 -5 -1 9 
-8 14 7 6 0 -3 -3 7 
-20 -34 -9 -13 -2 -2 -5 -10 
11 89 -13 -5 -4 -1 3 -5 
-14 -2 14 12 1 1 -2 6 
29 -28 -6 -3 -1 3 -2 17 
-10 -2 14 12 4 2 4 -12 
-15 -43 -17 -7 -2 -5 -6 0 
3 15 -26 -16 -4 -3 2 -4 
-3 -36 16 2 3 1 -6 -6 
14 49 17 3 -3 -5 0 -16 
-11 -51 2 5 -3 -1 0 -10 
6 -46 6 1 -2 -2 -2 24 
-15 6 0 -8 -1 1 -2 -42 
9 -40 -5 -3 -2 2 3 20 
-9 -17 9 4 3 0 -1 -3 
1 23 -10 2 1 -2 -3 8 
12 2 11 6 1 -1 0 -12 
5 -3 -15 -1 -4 -1 -1 1 
-17 -20 -4 -13 -1 1 -1 -8 
-9 21 2 5 2 2 2 3 
-12 43 -12 -8 0 -1 -4 -12 
27 -17 8 17 -2 -2 0 41 
-13 9 -27 -30 -4 -4 -6 -76 
3 35 26 9 0 1 -5 -1 
11 70 6 0 -2 -3 4 31 
-28 -41 -12 3 4 -1 -9 -33 
20 7 4 1 -6 -3 2 31 
-23 -23 -6 -10 -5 -4 -10 -46 
20 -12 -15 -5 1 2 6 24 
-2 -84 -17 -7 -2 -3 -8 -14 
-15 -8 2 4 3 2 17 16 
17 -1 -1 -2 -4 -3 -4 -6 
4 -41 4 -3 -3 -3 -12 -14 
-1 20 6 -2 -2 -1 10 8 
20 -94 -20 7 3 1 -5 14 
-8 9 16 4 3 4 7 4 
17 29 -38 -7 -8 -5 -4 -14 
-15 7 10 -2 -2 0 -2 -1 
-3 78 -9 -9 -4 -5 -7 -21 
21 -36 0 4 -2 -3 -3 24 
-7 -25 11 2 0 0 11 2 
23 23 3 0 -4 5 -2 7 
-47 -56 22 -2 -2 -3 -11 -5 
-50 -37 -2 -4 -1 -2 -2 -37 
0 -3 -2 6 1 1 -4 -10 
-7 -55 -3 -3 1 -2 3 9 
27 102 32 9 0 4 17 41 
9 -87 15 -5 0 -3 -7 -9 
-20 -31 -36 -1 3 2 -6 -6 
-33 10 -20 4 -2 -4 -14 -24 
70 40 5 -6 -2 3 22 55 
-24 31 -19 -4 -3 -6 -1 -14 
6 -68 3 2 1 1 -2 29 
1 -25 1 -1 -1 -1 6 6 
-15 49 7 2 0 0 -10 -4 
9 -4 8 -15 -4 0 -6 18 
2 -59 17 -1 -3 -6 11 -33 
-4 51 11 -1 -2 -5 -3 -7 
-15 -123 -5 24 -1 1 -3 0 
9 40 -5 -10 1 3 -18 -9 
24 45 -9 -12 -10 -7 6 57 
-11 -65 16 11 6 2 -1 -18 
-21 63 15 4 1 4 11 15 
1 4 12 7 -3 1 -3 -27 
-22 -29 -16 -4 -1 -2 -6 -23 
-2 10 20 1 -1 -2 0 -17 
26 -8 -8 -4 -3 -8 -14 23 
-9 -22 -29 -22 -4 -1 4 -11 
8 109 43 33 7 4 11 49 
-17 -63 -48 -51 -15 -6 -12 -46 
-6 -68 -18 -3 -5 -9 -7 -6 
10 14 12 16 2 1 15 15 
4 -73 30 9 3 -1 -8 -6 
10 62 3 23 6 2 2 29 
4 -32 -31 -8 -2 -6 -12 -29 
1 -47 -14 -21 -10 -5 2 15 
-17 54 -24 -4 -1 0 0 -18 
15 125 40 -2 0 1 0 46 
-13 -40 -1 -3 -1 0 0 -27 
-11 -82 9 26 1 -3 -3 -51 
-9 23 -24 -20 3 0 -8 3 
18 33 -8 -9 -7 -6 3 9 
2 -46 28 8 -1 1 2 8 
-23 77 20 13 7 3 -1 6 
-16 2 -16 -11 0 2 3 -11 
16 -18 -19 -12 0 1 -7 6 
20 37 14 -4 -2 -2 0 -7 
8 5 -8 2 -3 -5 1 -1 
-14 -4 13 2 3 2 -2 4 
-9 -75 -8 12 -1 -3 -1 -15 
6 51 -28 -23 -3 0 -5 3 
5 24 4 1 3 3 6 1 
4 -22 -11 -12 -7 -3 0 16 
13 14 26 8 -1 -4 3 27 
-10 -46 -24 6 1 1 -10 -45 
16 102 -26 -10 -1 -3 -5 10 
-11 57 13 -3 1 1 -1 -21 
14 -13 27 -4 -2 -1 2 1 
8 61 13 9 0 -3 -4 15 
3 4 19 -2 1 3 8 13 
9 -49 -16 1 -3 -1 -4 15 
-13 -32 -15 -6 -2 0 1 4 
-33 59 -8 -23 -8 -3 -13 -35 
-7 -2 -1 6 2 0 9 11 
-6 -99 20 1 -5 -1 7 8 
-8 51 -15 7 5 3 -1 -9 
31 -37 3 8 2 -1 -4 24 
-34 -29 -24 -17 -5 -4 -3 -3 
5 -9 -6 -4 -3 -3 2 -2 
-2 5 -8 -1 0 -2 -7 -22 
26 17 40 10 4 7 27 56 
-3 -69 -4 7 0 -5 -6 -1 
-26 -8 -57 4 -3 -4 -10 -29 
-1 10 6 -17 -5 -6 -7 7 
-12 -53 0 14 1 -1 -3 -7 
-17 -4 -8 -18 -6 -3 -11 -23 
22 -47 35 9 1 3 14 37 
-1 -14 -35 -17 -8 -5 -3 -22 
-1 -25 -18 -9 -4 -4 -15 -31 
11 13 46 25 7 5 16 21 
14 -17 -35 -6 -8 -8 -13 13 
-28 9 28 13 10 8 6 -9 
15 8 -44 -17 -4 -4 -13 -17 
-7 -13 -7 -3 -1 2 8 -13 
6 47 19 2 1 1 -5 22 
-10 17 -7 0 1 3 -11 -50 
-6 0 31 11 0 -4 13 16 
-1 -41 -22 -8 -4 -3 -18 -11 
-11 -29 -7 -3 -5 0 6 -11 
-11 -78 -6 9 0 -3 8 46 
-31 -48 6 4 6 1 -21 -58 
-2 88 -9 -12 -1 3 -5 -45 
15 -23 23 4 -1 -3 16 21 
33 -31 -28 -22 -5 3 11 49 
-13 -37 39 24 3 -2 -9 -16 
-3 -71 -79 -18 -3 -2 -16 40 
-14 3 15 -5 -5 -3 23 -32 
28 116 28 15 6 6 3 26 
7 54 -25 -7 -2 -1 8 36 
2 60 20 10 -4 1 0 7 
-25 -20 14 -9 -3 -6 -19 -53 
-13 -51 -19 9 -1 -1 3 22 
-16 -9 10 -6 0 1 1 18 
30 -48 -26 -19 -7 -5 -11 13 
7 99 48 23 7 2 20 -26 
-14 76 -28 -23 -5 -1 -4 -9 
-19 -24 -72 -45 -14 -10 -20 -9 
11 -23 15 14 4 0 -3 3 
18 -2 -8 -5 -2 -3 0 50 
-15 -112 33 23 2 -3 -5 -33 
7 15 6 8 1 0 -4 -6 
-9 -44 13 6 -5 2 41 32 
38 -58 -20 -1 -2 -3 -22 15 
-14 30 12 -7 -3 -2 -8 2 
3 18 -5 -8 -7 -4 2 -8 
-26 -30 24 18 8 4 9 -11 
13 -13 -28 -3 -3 -6 -22 -11 
-10 -10 12 -5 -4 -4 13 3 
-6 -26 17 10 2 0 -6 35 
-15 -39 3 -11 -4 -6 -11 -73 
1 -9 -32 13 8 5 9 1 
-1 45 -8 -27 1 -1 -19 -10 
9 52 31 36 5 -1 8 -33 
2 56 -3 -16 -4 -2 0 30 
-27 -75 -45 -43 -18 -8 -13 -12 
13 -36 1 16 0 -2 2 -8 
9 18 32 18 12 10 11 9 
9 -5 13 12 1 -5 3 35 
5 74 31 4 -1 -5 -25 -43 
9 68 -14 -14 -12 -3 9 9 
11 -41 -3 -9 -5 -4 11 25 
8 60 -2 -8 5 1 -10 -28 
-26 46 -21 -7 -12 -3 -9 -3 
6 -109 14 15 6 0 0 -12 
-2 -39 8 1 2 3 3 -7 
10 -38 4 0 -3 -2 1 -1 
-20 -106 36 -1 -2 -2 -8 12 
7 12 -79 6 4 0 0 -7 
9 -37 29 -3 -2 2 3 5 
4 -21 -28 -9 -6 -2 -9 -21 
9 20 24 7 6 3 9 8 
-7 -88 28 -6 -10 -9 -18 -19 
-18 -21 -26 1 3 -1 7 11 
-9 20 7 6 -3 -3 -2 19 
23 127 21 8 8 8 7 0 
-6 0 -18 -19 -6 -6 -6 -17 
6 31 -20 -18 -11 -7 -1 12 
5 11 15 10 6 1 1 22 
1 32 27 11 2 1 0 -11 
3 -31 -49 -24 -6 -2 1 -17 
-30 5 24 7 -2 2 2 1 
14 25 12 -18 -4 -2 -9 -7 
-34 -41 -4 1 2 -1 -6 -6 
22 -26 -8 17 -1 2 5 4 
-1 40 7 3 0 -3 -2 21 
-16 -28 -37 -21 -6 4 5 -27 
-17 -23 13 -6 -3 -4 -2 23 
-4 -8 18 9 3 -1 -3 -15 
28 -18 -17 10 -1 -2 3 13 
-7 -58 15 15 1 0 -10 -7 
15 33 -19 -11 -2 -2 6 4 
-26 -34 -11 -4 -5 -4 -6 -4 
1 30 -2 -8 2 2 -3 -20 
20 -20 32 19 3 1 2 25 
-11 -91 -54 -16 -11 -9 -3 -12 
-5 66 16 14 6 1 0 4 
18 17 7 -18 3 3 1 1 
-36 -11 -37 -46 -14 -6 -7 -34 
-8 -12 15 8 -4 0 2 9 
-20 24 10 15 6 1 -10 4 
-3 -90 1 9 0 -1 4 -9 
16 29 -1 10 -2 -5 -17 20 
13 -39 -10 -10 3 1 17 2 
-15 -6 13 -13 -3 0 1 -10 
12 -25 -20 -17 -3 -3 -8 10 
-21 -94 16 30 5 2 9 15 
19 79 3 -12 3 4 -4 -46 
29 -71 4 13 -2 0 1 40 
-66 -39 -33 -20 -9 -6 -29 -53 
-5 96 29 13 8 7 51 11 
-6 -22 -61 -24 -8 2 -5 32 
31 -29 22 3 -3 -3 -2 14 
4 113 24 -13 -4 1 2 -11 
0 -28 3 22 -1 -7 -28 5 
-6 -54 28 14 0 1 20 -13 
-14 32 -36 -27 -5 -3 -4 -25 
-2 -42 -11 -2 -2 -5 -14 -3 
28 -8 19 13 -4 -4 28 25 
-13 34 17 7 5 2 -12 6 
-4 -51 -3 -22 -6 -4 3 9 
15 14 20 14 -2 0 -1 2 
-48 -53 -17 -18 4 1 -12 -35 
12 -10 4 4 -2 -3 1 12 
-9 -75 -14 -7 -8 -4 1 -7 
-22 11 26 19 12 9 23 24 
30 36 6 0 -7 -4 -12 -2 
-15 -29 13 11 -10 -9 -7 -11 
-9 84 -40 -45 1 0 -17 -53 
7 -36 -17 8 -5 -5 1 14 
17 4 -6 -5 -5 3 10 38 
-23 -26 16 11 3 -5 -5 -24 
18 127 11 14 1 1 -6 -21 
-4 -54 -11 -17 -5 -2 -6 1 
10 -41 -35 -33 -9 -6 15 18 
21 -2 -28 1 5 4 -19 10 
-21 43 2 24 3 4 30 19 
10 -63 -14 -10 -8 -11 -24 -40 
-27 11 21 20 9 8 -4 -22 
21 48 -21 -1 -4 -1 -27 -57 
-38 -53 0 3 -3 -7 -9 13 
-1 -67 -35 0 -10 -11 -9 -16 
15 2 43 5 1 -4 -7 -22 
-31 -47 -8 -8 -1 -4 9 14 
24 55 13 7 3 3 -6 1 
-3 64 20 16 5 4 -3 -13 
20 -49 -104 -36 -7 -6 -8 31 
-42 66 40 -7 0 6 46 -1 
15 -67 11 8 0 -3 -19 13 
5 107 29 19 9 6 15 15 
15 17 -39 -14 -2 -3 -6 -13 
-15 -32 8 13 3 1 -15 40 
2 14 -12 -10 -12 -5 2 -33 
-19 -84 25 9 5 -1 -2 1 
-7 -57 15 0 1 -1 -9 13 
-31 -66 -33 -26 0 0 -1 -43 
17 -71 53 15 2 -2 -6 20 
-38 -96 -66 -20 -8 -8 11 -17 
-1 26 31 13 3 4 11 -15 
26 -76 -1 5 -6 -4 3 57 
-11 8 46 10 6 1 9 6 
19 -26 -27 -29 -3 1 1 -13 
-12 27 -16 2 -5 -3 -18 -45 
-2 -20 12 10 -1 0 -1 -5 
9 -46 2 19 0 -2 -11 9 
-11 7 -1 7 -2 -1 1 7 
1 0 -17 -12 1 0 -2 0 
27 -33 16 3 -3 -3 -10 7 
-24 -30 -2 -3 -4 0 11 -1 
17 79 18 5 0 3 17 12 
-17 -33 11 6 1 -4 -9 -27 
10 99 24 19 8 4 -1 1 
-16 -9 -19 -18 -2 4 0 2 
12 13 23 -1 3 0 -3 -5 
-1 76 -33 2 -3 -3 -13 15 
15 -26 -35 -15 -5 -6 -9 0 
-27 25 -6 -27 0 -1 22 -29 
0 1 3 -9 -8 -4 -11 5 
-6 -14 19 9 4 0 2 8 
19 2 6 4 -5 0 3 6 
9 21 -34 -8 1 1 -3 7 
-24 -110 -18 -7 -1 0 2 20 
-1 31 5 -4 -9 -3 0 -31 
-26 -67 5 9 -2 -6 1 -13 
-2 18 -9 -10 0 1 -6 5 
3 9 -2 -10 -7 -4 0 0 
2 -11 25 15 5 2 1 -2 
22 35 -42 -10 -5 -5 -1 37 
-4 19 10 -6 -3 -2 -4 -8 
11 21 15 8 4 -1 -5 -19 
-4 -6 19 8 1 0 4 14 
13 42 11 -1 1 1 19 20 
6 34 23 10 6 -1 -5 -2 
17 91 -7 20 -4 -3 -1 -3 
-4 -44 25 -23 -1 0 -4 2 
-25 -18 -24 -3 -2 -1 -6 -11 
-9 3 -7 -13 -13 -5 4 -2 
-2 -51 8 0 1 -4 -4 -1 
16 46 51 22 5 1 -1 1 
-4 0 -71 -23 0 2 -2 2 
12 -114 -9 4 -6 -3 -3 19 
-19 13 26 1 5 4 4 -27 
-14 24 -11 0 -5 -7 -8 -3 
2 -1 28 -1 0 -2 -13 -9 
14 -10 1 3 0 -2 10 -10 
7 38 -8 -16 -1 2 3 14 
-1 -13 -35 -5 -4 -3 5 21 
-1 13 36 3 -1 2 -7 -14 
10 -3 -22 9 0 -3 -2 4 
13 -20 -6 -4 -2 -1 -10 -15 
-21 31 -13 2 2 3 0 -23 
5 -25 7 -10 -4 -4 1 2 
8 77 19 18 2 2 -4 9 
6 2 -26 -7 0 1 7 12 
10 -30 -17 -11 -7 -3 -3 15 
-10 12 8 11 -1 -1 1 -22 
-7 63 24 7 5 3 1 8 
13 3 -27 -14 -2 -2 3 18 
-12 19 13 -5 -1 -1 2 11 
20 42 13 3 0 -2 -4 -17 
-1 -61 -21 5 0 -1 -4 -14 
-1 83 13 -1 -2 -1 2 15 
0 -17 5 1 0 -1 -2 2 
4 -18 -19 -9 -4 -5 1 5 
9 -10 2 12 3 2 -8 -7 
-6 -10 21 2 -3 -1 2 30 
-7 -3 -56 -29 -6 -4 -1 -5 
-9 20 20 4 0 -1 -1 -9 
0 -52 -10 -12 -3 -3 -4 -20 
-15 -32 7 10 -2 -2 -7 -6 
2 35 13 9 0 1 3 -11 
4 -22 -1 -8 1 1 1 28 
-9 -1 -1 3 -3 -1 -1 -4 
2 -94 -41 -21 -5 -4 -2 -3 
6 0 32 17 -2 -3 -2 -8 
-2 72 0 -6 8 0 0 -10 
-8 -36 5 11 -9 -4 -2 -2 
-1 79 -1 -28 -7 -4 -2 -5 
-14 -94 -14 -4 0 0 -4 -10 
16 -20 36 16 2 2 1 7 
-11 2 3 0 1 -2 0 -5 
20 38 -18 4 -3 -6 -5 9 
-15 -18 0 -1 -5 -5 -5 -34 
-6 3 -6 -3 -2 -1 -2 -10 
4 7 -10 -9 -2 2 0 18 
-15 -55 8 13 2 1 -2 -14 
11 14 0 -5 0 0 -1 2 
0 -45 -5 0 -2 -1 1 18 
-32 29 0 -7 1 -1 1 -20 
13 -15 -9 4 -1 -2 -2 8 
-10 6 11 -1 -3 -2 -3 -22 
0 -45 -29 -6 -1 -4 -2 -2 
8 -40 14 -3 4 0 1 10 
-9 24 -1 0 -1 0 1 -5 
3 -2 1 0 -1 -2 3 6 
-7 -34 1 -8 -4 -3 -6 -5 
3 -3 -17 9 -1 -4 -3 1 
-10 -22 15 -5 -2 -1 -3 -16 
9 -12 -54 -30 -4 -4 -1 14 
-5 3 23 8 -2 2 -1 -12 
8 -4 -10 -5 -2 -1 0 9 
0 -9 7 9 0 -2 -2 3 
8 -16 0 6 -2 -1 1 -2 
-19 18 0 -5 1 1 -2 -18 
-16 12 -11 -3 -3 -3 -1 5 
11 -7 15 4 1 1 2 12 
-3 -2 5 0 -1 -3 -6 -13 
7 2 -28 -5 -3 -2 -4 5 
-9 13 19 2 -1 0 -4 9 
-5 -3 -11 -3 -1 1 2 -1 
2 14 9 4 1 3 3 7 
4 2 -1 1 -3 -3 0 1 
6 -19 4 -6 -2 -3 -3 -5 
-13 41 -22 -2 -2 -1 1 -7 
4 8 9 8 2 1 -1 2 
-13 51 -5 -6 -2 -2 -1 -5 
6 -2 2 0 -1 -2 0 13 
11 -27 -2 7 3 0 -2 -11 
-14 14 5 0 0 0 -2 -15 
8 -21 5 0 -4 -2 0 11 
-12 -7 -18 -11 -4 -4 -4 -35 
16 -4 5 -2 -3 -2 -1 25 
5 32 -8 -1 -2 -1 1 14 
3 -7 -1 -2 0 0 -1 -6 
4 14 -1 -1 -1 -1 2 4 
-17 -16 8 2 2 -2 -3 -21 
5 -14 0 0 0 -1 -1 -4 
-21 -10 3 -5 -3 -3 -2 -8 
4 22 -6 0 -1 -1 -1 1 
-10 -10 -7 1 0 2 -2 -3 
10 -9 -3 -13 -6 -4 -2 18 
-11 4 -1 1 0 4 1 -18 
-1 -21 4 2 -3 -1 -1 -2 
12 10 6 -1 -1 0 0 12 
-29 -41 4 8 -1 -2 -3 -19 
14 89 3 -7 0 -1 2 16 
-5 -9 35 6 2 1 -2 -10 
4 -30 -31 -6 -5 -3 -2 -13 
-6 4 -7 -4 -1 -1 0 3 
-18 -2 3 -1 -3 -5 -2 8 
8 -1 -24 -1 -1 -3 -2 -1 
-5 22 15 -3 -2 -2 -2 5 
0 -18 -2 0 -1 1 0 -1 
-2 -26 -6 6 0 -1 -2 -14 
9 12 -4 -9 -1 -1 0 23 
-9 -24 -3 -3 -3 -3 -2 -30 
-7 -14 4 1 0 -2 -1 6 
21 9 -19 -1 3 1 2 13 
-11 -6 -2 1 -2 -1 -1 -7 
-12 -10 17 5 -1 -2 -5 -22 
10 -8 -12 2 1 1 1 15 
-7 -16 -17 -24 -9 -5 -5 -3 
-8 0 -5 -3 -1 -2 -1 -4 
0 -9 -8 -3 -1 -1 -2 4 
6 19 15 7 0 -2 -2 -2 
1 -23 5 6 0 0 -2 -6 
6 5 -6 -4 -1 -2 -1 2 
-4 -18 2 -1 -3 -2 -1 2 
6 106 -10 -2 0 0 -1 -11 
-6 -18 -12 -2 -4 -4 -1 17 
-10 -20 12 -2 0 -1 -2 -14 
5 -3 -13 2 -1 1 0 6 
3 -31 6 0 -1 -2 -2 -3 
5 -9 -6 -18 -2 -2 0 -3 
0 20 -13 -3 -3 -2 -1 4 
-9 -2 6 -5 -1 -2 -1 -4 
-2 -22 -4 1 2 2 -1 -2 
2 -10 5 8 2 -2 0 -6 
9 15 -4 1 1 3 4 4 
-9 -11 18 3 1 -2 -2 0 
6 -5 -4 -1 -4 -2 0 41 
-3 -1 16 1 -5 -3 -3 -62 
-28 -4 10 -10 -5 -3 -6 -9 
12 -5 -22 -1 -2 -2 4 20 
-4 -7 -14 -5 -1 0 -1 -10 
8 -18 5 9 3 0 1 16 
20 -50 2 1 -3 -1 -2 3 
-29 -27 4 2 0 2 -1 -14 
19 48 12 -1 -1 1 1 6 
-1 -12 -13 -3 -2 0 -3 2 
-10 -22 -11 -4 -3 -5 -2 -10 
7 2 2 -3 1 0 -2 12 
18 -19 -1 -1 0 -2 1 8 
-30 -44 -20 -2 -4 -1 -5 -27 
3 57 4 6 6 4 6 20 
3 10 4 -5 -9 -6 -3 -14 
-3 -17 -16 -4 -2 -3 -3 4 
-11 3 7 3 -1 -2 -3 -7 
5 -20 0 0 -1 -2 0 11 
2 53 -24 -1 4 4 4 -5 
-20 -22 4 -6 -4 -2 -3 -16 
13 4 6 -1 -3 -2 -1 26 
-3 6 9 0 0 0 -2 -10 
8 -7 -8 1 0 -2 -3 8 
-4 -18 7 2 1 -1 -1 9 
6 -18 -10 -1 2 4 4 -2 
4 30 9 -1 -2 -1 -2 12 
-21 7 10 -1 -7 -4 -5 -28 
-21 -18 -2 -3 -3 -1 0 -3 
5 -41 -6 -1 -1 0 0 1 
9 -7 -3 1 -2 -2 -1 4 
10 29 3 -1 1 -2 -1 6 
-6 -20 -3 13 2 2 1 -7 
-13 26 30 -7 -3 -2 -2 6 
-15 -5 -32 -10 -5 -4 -5 -28 
-2 -10 8 0 -1 -4 -2 -1 
3 3 1 -11 -2 -2 -2 -7 
8 17 1 7 1 1 2 14 
4 1 -2 1 -2 -2 -1 0 
-1 -15 -2 -1 -1 -2 -2 -3 
0 9 -2 0 -2 -2 -1 -3 
2 13 -3 2 0 -1 -3 1 
-4 7 10 -4 -3 -1 -1 2 
5 -1 1 0 1 1 -2 -12 
15 -6 -21 -7 -6 -5 -1 29 
-18 17 4 -5 -1 -2 -1 -27 
-3 -2 4 1 -2 -3 -2 -1 
-1 -26 -12 -2 -2 -1 1 9 
-3 5 3 -4 0 -1 -2 -8 
10 -77 -16 -5 -4 -5 -3 2 
3 -17 11 7 6 3 3 5 
-5 22 5 -1 -5 -3 -3 1 
-7 -2 1 0 0 -2 -3 -17 
6 1 -24 -2 -4 -1 -1 16 
4 -15 1 -6 -4 -4 -4 -19 
3 -4 -6 -4 -2 -1 -1 6 
-9 -13 5 -1 -1 0 -2 -10 
3 15 15 2 1 -1 0 12 
-1 3 2 1 1 -2 0 6 
7 -20 -12 -2 2 -1 -1 -7 
12 11 12 -1 -1 -2 0 17 
