#EMG
#3
#ID:3-5
30 1 2 -7 -4 -2 1 -25 
-9 -3 1 9 0 -1 0 1 
-2 -7 -3 -6 -1 -2 -1 33 
-15 8 -1 3 5 0 0 -48 
13 -5 -5 -5 -1 -2 -3 21 
-34 -1 -2 -1 -4 -1 -1 -6 
-6 8 7 2 -1 -1 -2 -29 
17 -11 -8 -4 -2 -2 1 14 
-21 6 10 -2 -3 0 2 3 
18 5 -2 3 -1 -4 -2 -8 
-4 -3 1 -3 -2 1 1 12 
-7 -9 -7 3 -3 -3 -5 -5 
-33 0 1 2 6 0 0 -18 
16 -2 3 -9 -4 0 -2 30 
8 -3 1 -12 -5 -3 -5 -42 
-37 -1 -13 9 0 -3 0 -3 
55 2 3 -4 2 3 1 18 
3 0 -14 1 6 -3 -4 -15 
-17 4 4 2 -3 0 2 19 
-1 2 7 -3 0 1 2 -17 
6 -3 -8 -1 -3 -3 -4 6 
-1 0 0 -3 -3 -1 -2 -23 
21 -2 -3 -2 -2 -1 1 7 
-29 -1 4 0 -2 2 4 6 
-5 -6 -3 -2 -2 -1 -1 -8 
-11 -2 5 3 1 0 -2 -7 
25 -6 -7 -2 -2 0 0 7 
-57 2 -2 -6 -6 -4 -4 14 
0 5 5 1 -2 -2 -3 -11 
11 -6 1 3 1 0 0 4 
0 -9 -9 2 -4 -3 -4 -17 
23 -2 7 -6 -5 1 -1 26 
-2 -3 -14 -5 -4 0 1 -1 
-24 -7 2 -2 -2 -2 -2 -8 
3 5 -4 1 -1 -1 0 -27 
13 2 3 -3 0 0 -2 17 
17 -2 -7 -2 0 -1 3 -6 
9 2 6 -2 -5 -3 -3 5 
-21 -5 8 2 1 0 -3 -1 
13 -8 -25 1 -5 -3 -2 -18 
30 8 18 0 5 2 1 14 
-76 -7 -14 6 -4 -4 -1 -32 
9 2 7 0 -6 -1 -4 -1 
-3 -1 -15 -8 3 1 -1 0 
43 -2 8 0 -1 -1 -1 23 
-37 3 -10 -2 -1 0 -1 -5 
-12 -4 0 -1 -3 -1 0 -25 
9 -8 4 2 -1 -3 -5 20 
-14 -10 0 -3 -3 -4 0 -11 
38 13 18 6 4 1 -1 34 
-10 -4 -20 -5 5 1 0 -13 
10 -6 18 4 -3 0 2 11 
-14 1 -35 -8 -2 -1 -3 -15 
9 2 18 -7 -6 -3 -3 2 
-12 -1 -8 -1 -1 -2 2 7 
7 -1 -2 -4 -2 -2 -4 -13 
-18 4 13 4 -4 -3 -3 -9 
35 11 0 -3 3 1 0 -12 
7 -5 1 8 4 -2 -1 -10 
2 -1 -3 0 -1 -1 -2 16 
-42 -1 -10 -14 -5 1 0 11 
-4 -8 0 -3 -3 1 2 15 
26 2 3 0 -2 -2 1 10 
5 -1 0 -4 -6 -4 -5 18 
4 3 -3 7 3 0 -3 -30 
4 -8 -4 -2 -2 2 1 14 
-5 -2 -1 -2 -2 0 -3 -14 
-6 1 9 -1 0 1 1 3 
-4 2 15 5 -4 -5 1 7 
4 -6 -26 -3 1 -2 1 4 
-8 -1 -6 -2 -5 -4 -4 -10 
-1 -19 -4 -4 -3 -1 -1 -5 
6 -2 5 6 2 3 0 1 
7 5 -4 -1 1 -2 -3 -21 
0 -6 7 -9 -4 0 0 30 
-33 3 -10 -1 2 -1 -2 -20 
36 -5 4 7 2 -2 -1 -2 
-26 -19 -10 2 -2 -2 -1 -3 
-9 -4 -9 -2 1 -2 0 -11 
-6 5 -3 -13 -11 -1 0 4 
9 4 -3 12 14 0 -1 20 
19 8 -11 -4 -6 -3 -3 4 
-9 -1 3 7 3 -1 -1 -31 
-9 3 6 4 3 -1 1 -11 
-7 -19 -4 -6 -11 -1 -3 -2 
20 -1 2 -5 -1 1 -1 22 
-15 4 -2 1 -1 -2 -1 -16 
-18 5 -1 -2 1 -3 -6 1 
22 3 -2 -6 -3 -1 3 8 
-35 -12 3 4 -1 -3 -4 -22 
53 -2 -23 -9 -5 -3 -1 32 
-54 -13 6 1 4 0 1 -21 
-19 2 -2 -4 -2 -4 -11 -20 
-16 4 1 -2 -1 2 8 -17 
9 6 7 4 -1 -1 -2 2 
20 -2 -30 -4 0 -1 0 19 
-8 1 8 -3 -3 -2 -12 -17 
3 -3 8 2 1 5 21 -26 
-9 7 3 -7 -4 -1 -8 53 
23 5 7 1 1 1 8 0 
-19 2 0 -3 -4 -1 -6 -2 
18 -6 -21 -4 -1 -1 0 19 
1 -6 15 -5 -5 -1 2 -25 
-12 -1 16 15 9 1 -7 -29 
22 8 -24 -2 -1 0 -2 6 
-27 4 10 -3 -4 -6 -21 9 
0 10 1 -3 -1 -3 -6 30 
6 6 6 -1 -9 -7 -20 -1 
6 -1 -10 -9 -1 6 26 -31 
46 -12 6 1 1 1 -22 27 
-80 -5 -5 -3 -2 8 56 6 
32 -20 -15 0 -5 -5 -7 -11 
-30 0 31 -1 -2 -3 6 14 
45 24 -52 -8 -4 -6 -11 -9 
-33 18 -11 -1 1 -7 -36 -12 
18 -22 21 8 4 3 -3 13 
6 -2 0 0 -2 -8 -4 12 
-31 5 20 3 -1 3 13 -78 
29 -4 16 2 3 -1 10 -16 
-3 -28 -97 -20 -8 -3 -10 18 
-2 -1 1 7 0 1 -12 -24 
-19 18 18 -9 -9 -5 -2 -2 
41 -15 37 13 10 10 12 36 
-23 7 32 5 8 1 0 3 
-2 -10 -20 -16 -10 -6 -11 2 
-21 32 -1 6 -2 -1 13 24 
14 -3 12 1 -6 -3 -15 -29 
51 7 32 7 0 4 8 6 
-67 2 -14 -2 0 2 8 26 
-24 -8 15 3 -3 -2 4 -13 
18 9 50 3 4 -2 -12 13 
-6 5 -87 -7 -1 2 9 -10 
17 41 52 7 -2 -1 0 1 
12 -42 -47 -4 -5 -4 -8 -8 
-24 18 10 -30 -4 -1 -8 0 
6 9 29 6 0 0 8 -16 
7 -9 -11 1 -1 -3 2 21 
-35 -4 -4 3 -1 -3 -9 22 
10 28 -22 5 -5 -1 -3 -12 
-15 -17 5 -12 -11 -6 2 -20 
2 4 -2 3 10 3 -3 -4 
17 -8 19 -4 5 1 -2 10 
-9 -13 -43 -1 1 -1 0 -6 
-10 8 20 -5 -8 -3 -4 -7 
1 -11 -8 9 -1 -3 -11 -10 
16 -1 6 -4 3 5 16 48 
-12 -19 -9 -3 -4 -4 -10 -55 
14 9 5 8 6 -2 5 37 
-5 -6 2 -3 2 1 -12 -37 
-8 -4 -3 -5 0 -1 21 45 
1 -12 -30 -5 -5 2 7 15 
-12 7 24 5 1 4 -2 -21 
29 -2 -17 0 -3 -1 -2 19 
9 -6 6 -1 -2 -4 -8 -10 
-1 -14 -8 -2 -2 -11 -56 17 
-14 9 5 -2 -1 -6 -21 -48 
-3 -6 -2 -9 -4 17 101 43 
33 -4 -4 -2 -4 -8 -60 -1 
3 -6 -1 3 2 6 30 7 
-13 9 1 -1 1 -2 -22 -4 
9 -5 -2 -6 -4 -26 -124 -67 
-63 -4 4 1 0 14 97 -12 
12 -18 -11 -3 -4 -4 18 46 
6 -8 6 1 0 4 12 -9 
15 -4 -9 3 1 1 -5 7 
2 32 6 3 0 -8 -47 -49 
-13 18 -15 -7 -4 -4 -25 5 
-9 2 26 -2 -2 -1 25 30 
-16 19 -12 -1 -4 -4 3 -14 
-4 -8 -3 3 3 -2 -32 -18 
14 2 36 7 -3 -2 18 -18 
21 4 -62 -11 -2 0 6 2 
-14 -16 -16 -8 -4 -3 5 27 
14 -4 22 -6 -8 -1 -5 35 
-16 -36 -19 24 12 3 6 -75 
-10 -14 -7 -20 -6 -7 -14 9 
-2 -2 8 1 4 8 4 -2 
17 6 -45 -12 -8 -5 14 8 
4 7 68 8 -10 -4 -9 31 
-1 7 -19 14 9 -3 -7 -55 
-11 29 -56 -40 3 9 14 4 
5 -16 -35 31 11 -2 -6 -22 
-4 13 27 -2 -4 -2 -4 10 
-9 -21 -32 -4 -11 -6 -4 -27 
5 -11 52 -14 -7 -7 5 24 
1 2 26 9 8 2 -2 24 
-11 -10 -39 4 2 -1 -5 -52 
15 20 28 6 3 5 6 57 
-15 -20 -6 5 -1 -2 -2 -38 
23 -4 12 -11 -4 -4 -10 -44 
4 -4 -22 -8 -1 0 10 51 
-13 9 10 -9 -3 -3 -7 10 
-14 -13 -5 9 -6 -3 4 -19 
6 -8 4 0 0 -2 -8 15 
0 8 -11 -10 3 4 -6 18 
17 -4 4 0 -1 7 51 37 
36 -2 8 10 -1 -10 -71 3 
-58 -6 5 -3 0 -2 55 19 
-16 -9 -17 -12 -8 -12 -44 -73 
21 4 16 1 -3 -7 1 -28 
-32 -4 -5 7 1 7 42 45 
12 -1 -1 -10 -4 -10 -35 -8 
10 -2 -7 2 0 3 -4 4 
-3 -5 -1 -2 -4 -8 -44 28 
41 0 18 2 0 -1 28 -8 
-39 -8 -15 -2 -5 0 -5 -87 
12 8 41 8 6 -1 1 65 
-18 -12 -60 -13 -6 -4 -10 -33 
7 12 9 1 1 -6 -14 -39 
-7 -4 -1 -2 -3 -2 -18 8 
14 52 49 7 1 4 25 -18 
-24 4 -12 -1 -1 -2 -10 9 
6 -4 3 3 -1 7 18 14 
22 11 2 -1 -1 -1 -4 17 
-33 -12 -14 -4 -1 -6 -14 -25 
-5 -16 18 -5 1 -5 -6 -17 
15 1 -24 0 -4 -1 4 18 
28 -23 6 -3 2 5 8 17 
2 -10 1 13 2 5 8 7 
-16 -1 18 -13 -5 -1 5 -6 
-26 -11 -17 5 -2 -4 0 9 
5 26 17 -4 -1 -1 5 3 
1 -24 -37 -6 -1 -2 -3 0 
20 -6 10 11 1 3 7 6 
-19 -16 -27 -25 -8 1 -1 32 
7 3 -3 4 -11 -5 -20 -41 
-10 2 -27 -5 10 -1 10 0 
1 9 10 -3 0 0 1 2 
-11 -46 -14 -6 -6 -4 -9 2 
52 -2 -4 -7 0 2 9 -8 
-36 -15 -21 -10 0 2 8 3 
-1 6 14 18 5 0 2 0 
6 -4 0 15 -1 -4 -9 -9 
-10 4 2 -27 -1 0 3 19 
14 1 25 0 -10 -3 3 -5 
4 8 -20 13 30 13 -4 13 
-25 -1 24 13 -4 -6 -3 -35 
-3 -6 -3 19 6 1 1 32 
17 3 9 -5 -2 -4 -2 17 
-19 -13 -1 -18 -20 -4 0 -3 
11 19 21 11 5 1 0 -40 
-18 -5 -13 -11 -6 -3 -3 -13 
-9 -22 -2 -10 -7 -5 -3 -3 
45 9 1 3 -3 0 -1 -7 
-8 12 -4 -5 2 3 9 30 
-9 -12 7 4 -1 -4 -10 -16 
10 5 -29 -5 -2 -1 -4 -17 
5 17 21 8 4 3 5 14 
-14 4 3 -1 1 -3 -9 -5 
-5 14 -7 3 2 -3 -17 -28 
-7 15 -50 -9 -2 2 34 14 
1 2 4 2 -2 -3 -9 -7 
15 17 39 -1 -2 -1 19 47 
-20 -17 -38 -10 -2 2 -12 -58 
-21 4 4 3 0 -2 -11 -18 
-8 19 2 -7 -8 -6 -3 8 
-16 3 3 1 3 3 -2 -10 
29 -8 -1 0 -1 1 8 63 
16 -1 13 -2 -6 0 -6 -14 
-12 -10 -12 -10 -2 -2 -2 2 
-2 -4 -21 -5 4 1 -4 9 
41 0 5 1 -4 -2 6 18 
-60 -12 15 9 2 1 2 4 
-2 -1 -3 -16 -10 -4 -11 -31 
-6 -4 -10 9 7 -1 -1 -32 
-2 -24 -4 4 -1 -2 -2 -4 
44 11 28 -8 -3 1 6 36 
-22 -13 11 0 -3 1 4 -24 
-2 -8 -23 -16 -1 -3 -6 -5 
-27 -10 10 6 -2 -2 8 6 
31 -6 -11 3 2 -2 -14 7 
2 -6 -3 -10 -4 -2 3 11 
-7 -17 1 4 -1 -3 -9 -12 
-6 10 10 -3 3 4 6 2 
6 -1 -8 0 -2 -3 -11 10 
-2 1 -6 0 -2 -3 -5 -4 
20 4 0 3 0 1 14 33 
-31 5 -1 -4 -3 -5 -13 -59 
8 -8 3 -1 0 1 -6 -23 
2 -12 -9 10 4 3 17 12 
-11 6 20 -4 -3 0 -2 -10 
-39 5 4 -1 -2 0 6 20 
8 -8 -10 8 -5 -3 -5 -7 
-7 4 4 4 18 -3 -14 -16 
9 7 14 -5 -6 0 2 33 
28 -9 1 -2 1 -3 13 -3 
-49 5 -11 -5 -3 -4 -6 -7 
9 9 17 4 -6 -3 -15 -4 
5 -4 -11 1 2 5 20 4 
5 8 4 10 0 -3 -7 10 
9 -1 14 -4 -6 0 0 -9 
10 0 -40 -15 -8 -2 3 36 
-10 -5 -7 -7 3 -2 -18 -59 
-1 -2 2 1 -3 1 1 12 
5 -6 8 8 0 -4 3 5 
-5 -4 -12 -7 -3 -1 2 -4 
14 1 -6 -6 -7 -6 -8 25 
-7 -3 -4 6 6 2 5 -8 
49 2 -2 1 2 -2 -6 -24 
-49 -3 11 -4 2 1 -2 23 
-13 -4 -22 -6 -4 -2 -3 -1 
-10 3 1 -7 -3 -1 -8 61 
-10 -3 -19 -5 -2 -1 10 -29 
11 -1 13 5 -4 0 -1 -16 
-8 0 1 0 0 -3 -7 -6 
7 0 12 -3 -4 -3 1 12 
-19 -1 -14 -5 -2 -1 -8 -2 
8 -2 -13 1 -10 -3 -1 17 
7 5 -3 15 7 -2 -3 -30 
4 0 6 -6 -1 0 0 -4 
-5 -24 6 -7 0 0 -1 7 
-7 3 -29 -6 0 -3 -2 -15 
2 -8 -4 -11 -10 -1 7 28 
-5 9 8 11 2 -3 -12 -45 
-10 42 -2 0 1 2 5 25 
0 -4 14 2 -1 0 5 -9 
-4 -10 5 -1 -2 -5 -11 2 
20 9 -20 -6 1 0 3 -16 
-17 -14 -3 -2 -5 -2 -5 -13 
4 -9 16 16 7 -1 -2 11 
0 10 -17 -25 -8 2 1 -15 
3 -3 5 5 -3 -2 0 -6 
-2 -1 -2 -5 -3 -2 -1 18 
3 -10 6 0 -5 -2 -2 -10 
4 -5 11 6 -2 -2 -1 -8 
-12 -2 -4 -4 -2 0 5 26 
-3 -20 -12 -5 -2 -1 2 1 
9 2 6 2 -5 -2 -5 -14 
-2 7 6 12 9 -1 -4 1 
-22 -4 -6 -11 4 1 -3 -20 
7 5 4 6 3 -1 4 21 
6 4 1 -7 -5 -1 0 -3 
-5 -4 -4 3 -5 -3 -5 -12 
20 -2 2 0 -4 -2 -1 3 
-3 -10 6 -1 1 -1 -3 20 
-3 3 0 0 2 -1 -1 0 
10 -20 -38 -20 -9 1 2 2 
-44 -4 14 9 -5 -2 -5 -19 
-1 19 9 -9 -1 1 2 -15 
12 -3 -25 9 10 2 -1 14 
-5 -2 20 0 5 -2 1 -9 
22 6 -7 0 -7 0 3 26 
3 -1 -4 3 -5 -1 -2 -22 
-6 3 18 7 -2 -3 -3 -9 
19 1 -4 -3 -1 1 -1 30 
-22 -10 -7 -8 1 -1 -4 -28 
-24 -5 -7 6 2 0 -1 -10 
0 -14 -1 2 -4 0 1 4 
-6 3 11 -14 -1 1 -2 -9 
12 2 -4 -8 -5 -5 -2 20 
-6 -2 -12 -3 -9 -6 0 -39 
1 0 -7 7 8 1 1 17 
-1 0 0 19 8 3 -1 -16 
35 -5 11 -2 -2 1 3 14 
-54 -1 -12 -14 -2 -1 -5 13 
17 5 9 -4 -6 -1 5 35 
-7 8 6 7 -4 -2 -2 -48 
20 -7 -14 -10 5 -3 -1 11 
-2 3 1 2 -4 0 -8 1 
-5 -4 -2 -1 -4 -3 7 8 
-5 13 1 -2 -1 -1 -8 3 
-1 -8 -1 -1 -1 0 5 -6 
14 -5 26 11 4 0 8 10 
-25 2 -18 -11 -8 -3 -2 -19 
23 -4 -7 8 0 -6 -1 5 
-33 -4 -6 -5 -2 2 -3 -12 
15 5 18 1 0 -2 -7 -7 
0 4 8 -1 2 0 0 -16 
-9 -11 -20 -15 -9 -2 2 13 
-2 -9 -3 5 5 0 -3 1 
-10 0 -13 2 9 -2 2 9 
7 -4 12 -3 -1 0 -4 -16 
-28 3 11 -1 -8 -5 -4 -11 
2 3 -3 -2 -2 -3 -3 3 
34 -5 -1 -3 -6 -1 -2 11 
-62 -5 -4 1 -1 -2 -4 -28 
9 3 5 1 3 2 5 12 
17 -14 -30 -3 -5 -2 3 21 
8 -6 -2 0 -1 1 0 -13 
16 -4 -9 -5 -5 -3 -6 18 
-13 3 6 7 0 -1 -2 14 
-27 2 10 0 2 0 -4 -39 
33 1 -8 -1 -1 -3 -1 12 
1 -2 -12 3 -6 -5 -7 -4 
8 -12 12 -13 5 6 12 14 
4 5 -4 10 3 2 -4 1 
-13 -5 -37 -10 -4 -2 -4 -20 
-7 5 1 -4 -3 -1 -2 -12 
7 2 6 7 -3 -4 -4 2 
-3 4 -1 -4 -5 -1 0 6 
3 8 28 11 8 1 2 -1 
5 -8 -24 -9 -2 -1 -1 -8 
-13 -1 -3 3 2 -3 -1 -1 
-3 9 11 -5 -2 0 -2 -5 
-15 1 5 2 -4 0 2 16 
34 3 0 -11 -5 -2 2 23 
-5 5 -2 3 -2 -3 -7 -52 
-8 -3 -3 3 1 2 0 4 
-3 -5 -15 -8 -2 -3 -2 -5 
5 -4 10 0 -4 -2 5 -14 
-14 -2 -9 13 5 1 -7 8 
0 2 3 -14 0 -3 0 -7 
20 2 -4 1 -5 1 -3 17 
-6 -2 -8 10 9 -2 -3 -12 
-17 -1 5 -14 -3 -3 -5 -8 
16 8 3 1 -5 -3 0 -2 
-19 -4 -12 -10 1 2 2 -5 
18 3 27 -2 -6 0 -3 26 
-5 -7 -21 3 -7 -1 2 6 
-1 4 24 -2 0 -3 -2 13 
2 -4 -32 -10 3 -2 -5 -23 
9 14 13 12 4 0 5 40 
9 4 4 -6 -3 -4 -5 -45 
-4 -6 1 3 -1 0 3 15 
-5 -2 15 2 -6 -5 -8 -34 
-11 -8 -5 -1 -3 1 2 -19 
-16 0 -4 -4 -2 -3 -4 -13 
-6 5 -12 5 1 1 -1 0 
-8 -4 8 -5 -4 -5 -7 17 
-4 4 0 0 4 0 -8 -26 
-15 1 8 -13 -9 2 10 14 
17 -5 -10 9 9 0 3 0 
-4 -1 12 3 -3 -2 -1 15 
-8 -8 -14 -5 0 1 2 -27 
5 -4 -7 -4 -6 -4 -4 9 
-6 -7 7 2 -1 -2 -2 -1 
66 4 1 9 1 0 -4 1 
-94 -11 -1 -19 -8 -3 3 -17 
31 2 3 5 1 -2 -5 -3 
-10 -3 -22 -9 -7 -1 2 -1 
1 -3 12 5 8 0 -2 5 
12 -4 -13 -1 -1 -2 -3 -7 
2 0 26 -2 5 -2 -4 10 
4 -1 -10 4 -3 -3 -1 -2 
-16 -5 -8 -12 -7 0 1 11 
14 5 5 -4 -3 0 -2 -13 
-22 -6 -2 2 -3 0 4 9 
8 1 0 6 0 -5 -9 -5 
-8 -3 -8 -9 -2 1 2 2 
-10 -4 -18 -5 -1 -1 -1 13 
7 -24 -19 -1 -1 3 1 9 
-5 7 7 -2 -5 -3 -3 2 
-6 5 -3 0 -2 -3 -2 2 
3 -5 6 2 0 0 -3 -31 
10 4 -4 2 -1 -3 -10 -9 
-11 -5 -7 -6 -4 -3 5 8 
22 0 4 7 2 -2 6 0 
-17 -1 -1 0 0 -4 -4 11 
10 2 -3 8 -3 0 7 34 
-17 -3 -2 -19 -1 1 -11 -38 
-25 -16 -1 3 3 0 1 -14 
20 -11 8 3 0 -2 1 -9 
-1 -1 6 -2 0 0 -5 -6 
2 1 -7 3 -5 -2 0 14 
-2 -1 -6 1 4 -2 2 -1 
13 -3 -20 -13 -2 -1 -3 10 
-16 7 33 5 5 3 4 21 
21 -3 -45 -14 -9 -2 -1 -13 
-19 -2 7 2 -2 -2 1 -1 
11 5 4 15 11 2 0 7 
17 -3 3 -5 -5 -4 1 1 
-21 2 19 3 4 1 -1 0 
0 2 -6 -2 -5 -1 -5 16 
7 3 2 -2 0 -1 -4 -24 
-3 3 -11 2 1 -1 2 9 
2 -3 6 1 1 1 -4 -27 
-16 -16 -8 -6 -3 -2 -3 -23 
4 11 17 1 -6 -4 -1 43 
0 -17 -20 -2 2 -1 -1 -15 
8 7 2 3 0 -4 -1 13 
-7 -2 -9 -11 -4 -2 0 4 
20 4 0 -7 -3 -2 -5 1 
-1 0 -8 -3 2 0 -3 6 
-4 -5 -3 1 0 0 3 5 
26 3 4 1 -4 0 -6 -1 
-44 -3 -4 3 -2 -1 4 -2 
9 2 -11 -8 -7 -1 -4 -17 
3 -12 7 4 3 -1 -1 7 
-2 15 18 5 -1 0 0 -17 
6 -8 -12 6 -1 0 -3 20 
-1 4 -16 -11 -7 -5 -1 -27 
5 -3 -11 -9 -2 -2 -3 7 
-20 -7 8 5 1 -1 3 -30 
26 2 4 1 -2 -3 0 39 
-15 6 7 5 5 2 -4 -53 
-1 3 2 2 -1 0 -3 0 
9 -4 -5 -10 -9 -5 1 29 
-9 -3 -1 4 2 -1 -3 -2 
7 -1 -4 5 5 1 0 8 
-4 -4 16 -3 -2 0 6 5 
26 3 -15 -5 -5 -2 -8 -4 
-45 -5 2 -3 -3 1 14 -5 
13 3 0 -2 -3 -4 -3 26 
-2 5 19 2 3 2 2 -5 
-7 -5 -32 1 -4 -2 -4 -15 
15 -8 -8 -11 -7 -3 -12 -8 
-5 -6 -2 4 1 -1 0 14 
-3 2 25 -3 -3 -2 -4 -5 
-19 14 -15 -2 1 -1 2 7 
-19 -26 3 6 3 -1 -1 -18 
11 2 -1 -7 -2 1 0 -3 
-10 0 -18 4 1 1 -1 17 
7 -3 17 2 6 -1 -6 -30 
-8 5 0 -15 -6 -1 -1 -1 
7 0 1 2 -4 -2 1 25 
32 -6 -1 -2 1 -2 -6 -9 
-68 -6 -9 -3 -1 0 -3 7 
11 8 10 9 4 2 14 -19 
11 -2 -10 -10 -4 -3 -6 7 
-8 -4 -19 -7 -2 -2 0 -18 
17 -19 3 4 -3 -2 -11 17 
12 7 8 -4 0 -1 6 -18 
-38 -2 -3 3 -3 -1 -2 -30 
18 0 -6 6 6 -2 -3 1 
2 -5 8 -4 -3 0 4 19 
5 0 5 -7 -5 -3 -9 9 
-13 0 -32 -3 -1 -1 0 -10 
-14 -12 -9 -2 -8 -3 -3 -1 
-4 -5 15 10 5 2 6 0 
3 4 -14 -11 -4 -4 -7 2 
4 3 13 1 0 -3 -3 12 
-13 -3 3 3 -1 -1 -1 -5 
5 17 -10 -1 -3 -1 3 -6 
12 -1 4 6 5 1 -3 17 
-12 -9 -5 -1 0 -2 -2 0 
-22 0 -2 0 -3 -2 1 -5 
6 0 3 -1 -2 1 1 -12 
17 2 -9 0 -2 -1 -6 -2 
39 5 8 0 -3 -2 0 -3 
-56 1 4 -8 -4 -2 1 -20 
1 1 1 1 2 -4 -5 30 
10 -3 -17 2 1 2 8 -6 
1 -1 16 -1 -2 -2 -1 -18 
22 1 -3 -2 4 2 -2 4 
6 -11 -24 -10 -5 -4 3 1 
-17 -4 11 -2 -1 -1 -7 4 
-13 -1 -1 3 -4 -2 0 -1 
29 -7 6 9 1 -2 0 25 
5 21 13 -6 1 1 -3 -15 
-17 -6 0 2 1 -3 0 7 
-14 -2 0 0 -5 -4 -1 7 
-8 0 -5 -7 -5 -4 -2 0 
17 -3 -8 -2 -3 -4 -6 -8 
-5 -8 0 7 6 2 -1 -6 
29 4 2 -9 -2 0 0 11 
-46 -1 -6 7 -2 -1 -3 -15 
-7 -8 15 -4 -1 1 3 -8 
12 11 -10 -12 -5 -1 0 8 
-10 -7 -10 1 4 0 2 7 
24 6 9 -3 -3 -2 -5 3 
-9 10 16 11 3 3 2 -6 
2 -3 -15 -8 -8 -3 -3 7 
-5 0 -32 2 1 -3 -3 -36 
12 -2 -1 -11 -2 -3 1 27 
-15 -1 5 0 0 -1 -3 10 
-5 -6 11 1 -3 -2 -6 -36 
24 4 9 7 9 3 4 -6 
-31 -6 -1 2 -2 0 4 14 
16 -2 -8 1 -1 -2 1 -12 
28 0 3 -3 0 -2 -12 30 
-61 -6 1 -2 -7 0 7 -20 
-6 -2 6 0 -2 1 0 -18 
4 -6 -6 -5 1 3 3 -3 
-6 -5 -16 -3 -5 -5 -6 13 
2 3 20 -4 -3 0 -5 2 
24 7 -1 5 -2 -3 -2 0 
-39 -8 -32 -7 -2 -4 0 6 
3 -4 31 0 -1 3 1 -12 
3 -7 -47 -3 3 1 -3 -11 
-9 -13 9 -6 -2 -2 -5 -11 
19 -1 12 7 -3 1 -2 21 
-10 1 1 9 4 -1 3 -23 
-6 -2 17 -13 -8 -3 0 8 
-14 -14 -30 -1 8 0 0 -2 
33 0 0 -5 -4 -3 -3 3 
0 3 -11 -5 -1 -2 1 19 
47 3 7 2 -5 -4 -4 2 
-67 0 0 -3 -4 -4 2 -15 
12 -1 -1 -3 -2 -2 -3 -17 
-17 3 10 4 -1 -1 5 3 
-6 -6 -26 -7 -2 1 -8 -11 
28 3 2 -3 0 -1 1 -3 
-23 -4 2 0 -3 -2 -2 -1 
-8 -1 1 2 0 4 0 -7 
-7 3 -1 2 0 -2 -1 5 
10 8 7 -1 -2 -1 -1 -11 
-13 1 5 -1 -2 -4 -2 7 
11 0 -14 -8 -7 -4 0 22 
-5 -1 -2 -6 2 -1 -3 -2 
3 0 -2 0 -2 2 -6 -10 
10 -1 7 -1 -3 0 12 -12 
4 -8 -12 4 -5 -2 -3 22 
-7 2 17 -3 4 0 -2 19 
8 4 -12 -4 -4 -5 -3 -31 
-7 -10 -2 -4 -1 -3 -5 -7 
39 2 5 1 2 -1 -5 -23 
-41 -4 -26 -2 -6 -2 1 -12 
24 2 19 2 -1 0 -2 28 
-16 -3 -20 -4 0 0 -1 7 
9 2 -1 0 -2 -2 -6 -32 
