#EMG
#7
#ID:7-15
-2 -9 -14 -7 -5 -2 -5 16 
2 1 2 -2 -5 -1 0 11 
13 0 7 7 1 2 0 -1 
14 -10 9 -2 -1 0 -1 23 
14 -3 -5 -1 -4 -2 -3 7 
-47 -4 -12 -4 -1 -1 1 1 
18 4 4 -1 0 0 0 -28 
-13 2 3 -3 -1 -2 -2 6 
-3 -4 8 0 -2 -2 -2 -15 
43 0 0 0 -1 0 0 38 
-61 -3 -11 -2 1 -3 -2 -78 
5 -3 -8 -8 -1 0 0 13 
20 1 6 2 -4 -2 0 -3 
-47 -1 13 0 2 0 -2 -7 
-3 0 -3 -2 -1 0 -3 -16 
-6 3 -1 4 2 -1 1 12 
-15 -1 -4 -5 -2 -3 -1 -8 
17 -1 -6 -4 -3 1 -2 -1 
-7 -1 11 1 -2 -2 -1 -7 
-11 -6 -4 -3 -3 -2 -2 -7 
-6 1 1 3 -5 -1 -1 1 
4 1 -3 -2 7 1 0 -11 
16 -1 -6 -20 -8 -1 0 21 
-11 -4 -10 5 0 -2 -3 5 
-27 0 4 8 6 4 4 -2 
27 -1 -2 -4 0 -2 -2 -8 
-4 -2 -15 3 0 -1 -2 4 
3 -3 2 -3 -1 -3 -1 -2 
-16 0 -2 -7 -6 -4 -2 -15 
-16 -10 13 7 1 -1 -2 -18 
27 5 10 -4 -2 -1 2 11 
-19 0 -10 -2 -2 1 -3 -5 
-19 -1 -9 -2 -2 -3 -5 -15 
15 2 -8 -6 -3 -2 -2 9 
6 3 14 6 -1 -1 -2 11 
7 -1 -9 -1 -5 -3 -1 -24 
1 -1 17 -12 -1 2 -2 8 
-6 -4 -34 -3 -1 -1 -3 20 
9 7 6 12 0 -3 -2 -8 
8 2 3 -9 3 2 2 16 
-29 -3 0 7 -7 -1 -1 -11 
20 4 12 -13 -4 -2 1 8 
-48 -10 -10 3 3 -1 1 -15 
43 0 -18 -7 -2 -3 -3 -8 
-48 -5 -10 2 -2 -1 0 24 
-1 2 23 0 -6 -1 -1 0 
6 -3 4 -5 -2 0 0 27 
-17 -4 -28 1 -3 -3 -3 -33 
42 0 4 -8 -2 0 -5 1 
-10 -2 -2 4 -1 -2 -1 -19 
0 -2 2 -2 0 -2 -3 10 
3 -1 14 -1 -1 -1 -2 10 
15 1 -10 -1 2 -2 3 -4 
-10 -3 -5 2 1 0 0 -8 
24 2 2 7 -3 -3 -2 21 
-7 -4 6 -18 -5 0 -1 31 
13 -2 -3 7 4 -3 -3 -18 
-31 -1 0 -10 -2 2 1 -4 
8 -5 -12 -5 -4 -2 -1 -4 
11 7 17 12 -4 0 -2 1 
17 -1 20 -3 -1 3 2 41 
-39 -13 -70 6 11 -1 -2 -34 
10 -5 -8 -2 2 1 -1 0 
-8 3 20 -8 -4 -2 0 -1 
16 0 5 -16 -10 -1 0 -11 
20 5 31 3 -6 -2 -1 10 
-6 -4 -19 4 10 -1 0 14 
-17 -3 23 11 4 -2 -3 -17 
2 -2 -16 -3 -3 -1 -1 7 
1 0 -42 -7 -6 -2 1 4 
0 -6 6 -9 -4 -2 -2 -11 
-5 3 -2 -1 -1 -2 1 -1 
-11 -6 -21 1 4 -1 -3 -7 
10 -2 18 0 -3 -1 -3 6 
3 4 13 -1 -2 2 1 -7 
50 -1 -11 4 -1 0 2 28 
-81 2 -1 -1 -2 0 -1 -10 
18 5 13 1 1 0 0 3 
4 3 21 -2 -5 -2 1 7 
-1 -9 -33 -2 -4 -3 -3 1 
11 -1 -9 12 11 -4 1 -15 
9 -1 12 -22 -7 -1 -1 4 
-14 -1 0 9 1 -3 -2 1 
-21 5 2 -9 -1 -1 2 -13 
3 -5 7 -2 -2 0 1 17 
-4 -3 -1 5 -3 -2 -3 -7 
15 0 -8 -2 2 0 -6 16 
13 -5 3 1 -1 -2 3 -18 
-57 1 -5 -1 -1 -3 -5 2 
3 5 21 8 1 -1 -1 -14 
10 1 -28 -12 -8 -1 -1 13 
-4 -2 8 6 2 -2 -3 13 
28 0 7 2 -2 0 0 -15 
5 -1 -11 -2 0 0 -1 -16 
-22 -3 -5 7 0 -3 -2 2 
3 -3 -5 -15 -5 -1 -1 -10 
9 0 5 -1 -6 -3 -1 4 
-6 -5 6 3 3 -2 -4 -20 
6 -10 7 -2 0 -1 0 -14 
-11 -5 -3 4 0 -1 -1 9 
16 -2 -28 -8 -5 -1 1 8 
57 2 0 -1 -1 -3 -4 -3 
-86 -5 3 -1 1 1 2 -26 
-4 4 14 3 -3 -2 -2 -7 
10 2 9 7 3 -1 0 -3 
-16 -2 -11 5 -3 -1 1 10 
34 4 3 -20 -2 1 1 6 
1 -6 -14 1 2 -3 -6 2 
1 0 2 0 -2 -3 0 -14 
-31 -1 -6 -3 -2 -1 0 6 
13 0 -2 0 -3 -1 3 -16 
-18 -2 -3 -1 -1 0 -6 -20 
26 -3 12 1 1 0 -3 11 
19 1 -5 -6 -3 -2 0 19 
-91 -11 -2 0 -3 -3 -3 -23 
-6 1 -16 -5 -2 -4 -8 -15 
12 -12 14 3 0 -5 -6 8 
-11 3 -4 -3 -2 7 31 -2 
25 0 -13 -2 -8 -5 -25 -9 
8 0 6 -2 3 10 40 5 
-17 -2 -17 -1 -4 -1 -13 -1 
7 -1 18 -13 3 -1 -7 1 
35 5 -2 -1 -5 -10 -34 18 
-31 5 20 -2 -4 -3 15 -20 
8 10 -8 -1 -2 -5 -10 -2 
27 -3 -7 1 -6 -8 -20 17 
-57 18 38 6 6 9 37 -29 
16 -20 -37 5 2 -8 -57 28 
-32 -17 21 -6 0 6 53 8 
-21 -7 -24 1 -2 -3 -19 -20 
9 -6 -1 -5 0 -4 -14 -11 
10 -3 33 6 -3 -7 -20 43 
8 -6 1 -4 -4 1 -19 -4 
1 -9 -15 -11 -3 2 29 -9 
33 -2 11 8 2 2 4 39 
-17 15 2 -4 -1 2 9 -18 
65 0 15 -6 -4 -8 -21 14 
-59 16 -6 11 11 3 4 -22 
41 16 -3 12 5 0 1 11 
-26 11 40 -11 3 2 -2 -47 
8 0 -42 -10 -9 -2 8 6 
-16 -29 -28 -18 -7 -2 3 -13 
22 -14 36 10 3 3 6 15 
-7 12 2 6 -1 -2 -9 -40 
-21 7 6 -3 0 1 2 -29 
7 5 36 6 -1 0 -4 21 
-36 2 -51 4 -2 -1 -7 -34 
14 -17 -20 -11 -3 0 19 10 
-19 14 -11 -8 -4 -2 0 -9 
1 -1 3 3 1 -3 -12 -5 
4 -7 -10 -10 -7 -3 2 13 
16 -9 -18 6 -1 2 3 -5 
-13 8 6 -5 2 -4 -3 -14 
-1 -16 -6 -1 0 1 -9 16 
50 -1 17 7 -3 0 14 2 
-10 4 -20 -8 -3 -2 -4 9 
11 4 11 6 0 -1 -10 -1 
39 7 10 3 -2 2 12 33 
-11 -2 -18 -13 0 -1 -6 -44 
21 -5 0 0 -2 0 5 60 
42 -5 1 8 3 2 -5 -20 
-90 -8 0 -3 -3 -4 -3 -1 
-19 29 -7 -4 -1 3 10 21 
22 21 10 4 -2 -4 7 -3 
0 -3 6 -2 -2 2 2 -21 
16 -17 -14 2 -2 -3 -7 -6 
0 -5 5 -2 -2 -6 -10 -34 
-45 -13 -14 -1 -1 -1 -9 -6 
-16 0 -2 -4 0 -1 8 23 
19 5 9 1 -3 -5 -7 -3 
-7 -17 -8 -4 1 -1 -3 16 
9 3 2 -3 -2 -1 9 25 
-20 -12 -38 -8 0 -3 -7 3 
2 5 20 6 -3 -2 -16 -31 
-4 -9 -17 -3 0 -1 -6 22 
34 4 5 1 -1 1 2 -48 
-47 -2 4 3 0 -3 4 33 
28 -18 -34 -20 -6 -5 3 -11 
-45 -16 -3 -3 8 2 -1 -1 
12 -12 37 9 0 -2 -5 30 
-4 -10 -29 8 -4 -7 -7 -22 
24 8 4 -16 3 4 0 25 
26 -9 -8 -12 -6 1 12 19 
-33 1 -26 -3 -4 -3 -16 -88 
19 29 22 2 0 0 -6 4 
-8 -10 7 13 -1 1 0 0 
3 -31 16 6 -4 -1 5 23 
-20 8 -35 -8 -1 -3 6 22 
8 4 -1 -4 -3 -4 -5 -18 
-7 12 -15 1 1 0 -5 -2 
-6 -7 -5 -3 -5 -4 5 -34 
6 -29 -2 -9 -4 -1 -3 24 
-12 -6 6 2 3 1 2 -14 
-3 8 16 4 -1 -4 -15 -11 
-13 5 3 2 -2 2 14 2 
13 -5 -24 6 2 -1 -7 8 
-32 3 -1 -13 -1 -1 6 -8 
-12 -12 32 14 3 1 8 4 
32 23 5 -2 -5 -6 -23 16 
-40 36 -11 1 -1 2 21 -1 
13 -8 28 -7 -1 1 0 9 
0 -8 -14 -1 -3 -5 -19 -15 
-9 16 -2 -6 -3 -3 1 -19 
17 -7 17 3 0 2 4 36 
-25 -2 -6 1 -3 -1 -6 -9 
-7 23 11 1 1 1 5 3 
19 6 2 8 2 -1 -8 7 
-19 -14 -4 -5 0 -1 -13 -6 
-6 -6 10 0 0 -1 10 -22 
7 -2 -6 -2 -5 -1 2 7 
-22 2 3 -8 -3 -2 -5 -10 
20 0 -5 -11 -8 0 2 -9 
-9 -5 -5 25 11 2 -8 19 
-12 7 -3 -31 -3 1 12 -4 
29 7 -5 4 3 2 -1 -3 
-6 -6 -5 -7 -8 -7 -6 -11 
110 -22 10 4 -4 1 -4 38 
-47 -8 -13 0 -2 -1 3 -51 
-5 3 10 4 -1 -2 -14 6 
3 -3 -2 2 4 2 21 14 
15 0 -12 -3 -2 -6 -17 33 
3 21 11 12 2 2 3 25 
-16 -22 -9 -7 -2 1 13 -21 
13 -10 4 5 2 -1 -13 -4 
-20 -6 25 -5 -3 1 22 9 
16 5 -24 -2 -4 -6 -30 30 
-42 7 -16 -4 -2 -2 0 -55 
14 0 38 9 4 2 7 23 
-38 -5 -32 -11 -2 0 -10 -53 
31 -1 19 -1 -4 2 28 5 
-14 -11 -20 2 -2 -7 -23 36 
15 2 33 4 -1 -3 -9 -46 
-23 10 -25 -12 -1 2 15 21 
8 4 -9 -1 -1 -3 -30 -13 
36 -2 -10 -2 -4 0 28 23 
-27 -17 18 0 -4 -2 3 8 
16 11 -15 -3 1 -2 -11 11 
-30 -21 15 9 -3 -1 14 -26 
-15 -5 -5 0 8 -2 -18 -1 
30 18 -13 1 -2 -3 -10 10 
29 0 49 2 -2 -1 9 -25 
1 -37 -78 -10 2 3 1 44 
23 -42 40 -10 -10 -5 -10 -55 
-64 1 -32 -21 -7 -5 5 -5 
-13 8 -3 8 -2 -1 -7 16 
35 -1 11 -8 -6 -5 1 -20 
17 11 5 -4 -3 -1 0 16 
2 -4 -32 4 5 2 5 -6 
11 -27 15 -2 -3 -5 -10 14 
-30 35 7 19 0 -3 16 -8 
20 22 2 -8 -6 3 6 -1 
9 -4 -9 -8 5 -1 -20 16 
-56 8 -7 -9 -4 0 -3 -35 
11 -4 -5 7 4 2 14 22 
-9 -2 0 2 2 -3 -15 -5 
-14 6 21 1 -2 1 -3 -5 
15 4 -1 8 -5 -2 -5 -8 
-15 -11 -1 1 6 0 0 -6 
-12 13 4 -14 -7 -3 6 19 
-7 1 7 13 16 4 -5 -13 
5 -24 -26 0 -9 -4 -1 8 
3 -1 5 3 -9 -4 -6 5 
0 16 -17 16 12 1 1 7 
6 6 13 -14 -2 4 3 -5 
-3 3 -5 0 1 -1 1 0 
-5 -4 -20 0 -7 -4 0 9 
8 -17 25 2 -5 -3 -1 -2 
11 1 -22 1 -4 1 0 11 
-49 7 16 4 7 0 3 35 
-11 2 17 -10 -3 -3 -12 -34 
26 -7 -22 -1 -5 -4 -1 2 
-16 -24 -26 -5 -2 0 3 -12 
19 -6 9 0 -1 1 1 8 
-2 -24 1 -13 -1 -3 -1 0 
-12 0 0 7 0 2 5 2 
9 4 8 10 -3 -4 -4 -9 
2 -3 4 -3 3 1 -7 9 
12 5 -15 -3 -2 -6 -3 -31 
33 7 15 3 -4 1 5 14 
-70 -41 -5 -4 -4 -1 0 7 
18 5 -3 1 -1 3 -1 -52 
0 8 -1 -14 -4 -1 -4 -6 
-9 9 -26 -1 1 2 5 56 
35 16 19 7 -7 -8 -2 -17 
-28 -5 -10 -13 -4 1 0 28 
-4 5 32 13 10 4 0 -2 
-15 -6 -16 -8 -4 -4 -4 0 
13 8 17 10 -1 -4 1 19 
0 -2 -50 -2 6 2 0 -42 
29 5 5 -2 -5 -2 -4 33 
-39 1 6 -3 -1 1 -1 -20 
6 5 10 1 -3 -2 -6 -33 
1 9 20 -11 -7 -3 8 12 
-3 -9 -12 3 4 -1 0 10 
-10 3 -8 -4 -2 -3 -1 -10 
-7 2 -6 -5 -6 -4 -8 -28 
52 -6 7 5 -6 -3 -3 5 
-63 -1 -9 4 3 1 -2 -20 
-5 0 21 -3 2 1 -2 18 
31 2 -29 -15 -3 -3 -2 17 
-35 -4 -16 -4 -6 -5 -5 3 
20 5 33 0 -3 -1 -3 -2 
-2 -2 -20 5 -5 0 -2 -21 
9 -4 13 4 19 2 2 11 
-6 0 -9 -12 -5 -2 -1 54 
1 8 -1 -5 -4 -1 -2 -38 
-1 -2 2 0 -4 -3 -1 -5 
-1 -2 -6 -3 -3 1 0 -1 
10 3 7 5 4 0 2 24 
4 2 12 7 -3 -3 -2 5 
1 -4 -14 -7 2 1 1 5 
20 5 6 3 -5 -2 -2 -5 
-54 1 -25 -2 3 -3 -4 -49 
-13 -8 0 -6 -7 -2 0 23 
28 -5 7 4 -2 0 2 -10 
2 -3 -5 -1 -1 -3 -3 5 
-15 2 15 3 -2 0 2 -8 
21 1 -21 -9 -2 -3 -1 14 
-12 -2 12 -3 0 -3 -4 0 
0 11 -8 3 0 0 -1 -6 
0 -16 1 3 -3 -2 1 -6 
4 4 4 -5 1 1 0 5 
-13 2 -19 1 1 -3 -3 -30 
-8 -12 -15 -14 -10 -4 -2 47 
15 -2 3 0 3 4 -1 -47 
-2 -2 2 8 6 -1 0 4 
12 4 16 3 -2 -1 -2 17 
-14 -1 -6 -12 -10 -3 -1 -15 
-3 -2 -15 4 4 0 -1 -4 
7 0 4 -4 0 2 -1 -19 
-5 -4 12 -1 1 -1 -2 8 
29 -4 -19 1 -1 2 3 10 
-47 0 8 1 -3 -4 -2 6 
23 2 3 1 -2 -2 -3 -9 
-9 -2 -11 1 -3 -4 -8 6 
-12 1 21 -1 -2 1 -2 -6 
32 -7 0 2 2 0 -1 -2 
-13 -7 -9 -2 0 -1 0 2 
-4 1 0 -4 -3 0 5 -8 
-7 2 8 2 0 -3 -1 1 
14 5 -3 0 -4 -3 -5 -10 
-15 -2 -4 -1 -7 -2 2 31 
-23 -3 -3 -6 1 2 0 -59 
-4 0 -10 1 -1 -1 -3 8 
16 1 11 1 -3 -1 -2 -1 
10 6 -2 0 6 1 0 7 
6 0 8 -1 -2 -1 -1 6 
-12 3 -3 1 -2 -1 0 -3 
-47 -1 -18 -7 -2 -2 -7 -56 
14 -6 -5 5 -5 -2 -1 18 
5 4 3 -6 -1 -1 -1 6 
-17 -7 1 -5 -2 -2 -2 -14 
33 5 18 4 2 1 2 20 
6 6 -13 -8 -5 -1 -3 -21 
-22 1 -5 -2 3 0 0 1 
24 -3 -3 6 -1 -2 -2 10 
-8 -2 -9 -9 -4 -2 -1 10 
-9 -3 14 8 1 -1 -2 -37 
5 1 -15 -10 -2 -1 0 28 
-9 -3 -3 3 0 -1 0 -13 
13 1 16 -4 1 0 2 28 
22 -2 -24 -6 -5 -2 -4 -2 
-17 0 -2 7 0 -2 3 29 
17 -1 -3 -8 -1 0 1 -2 
0 -1 1 9 0 -1 -3 -21 
-18 4 35 5 2 0 0 10 
75 -7 -23 -10 -2 -1 -1 -17 
-11 -9 -28 -5 -3 -1 -4 11 
10 0 -4 -8 -4 -2 1 23 
-4 -4 -2 -7 -3 -1 -1 -1 
-19 4 19 6 -3 -4 -5 -10 
-19 -2 20 4 0 -2 1 -12 
19 5 -13 -2 -2 -2 -6 -13 
-16 -2 -2 -2 1 0 0 0 
-3 1 -1 0 -4 -4 -3 4 
12 -17 -15 -7 0 1 -2 17 
-23 6 4 5 0 0 0 -2 
0 4 4 -4 -6 -1 -5 7 
-4 -8 -19 -3 -6 1 -1 -14 
15 5 1 6 -3 -5 -4 1 
1 -3 9 -11 -2 3 4 -1 
-16 -15 -29 -10 0 -2 0 20 
25 -1 6 -2 0 1 0 -23 
-26 5 14 3 -3 -6 -3 -40 
-7 -11 -8 7 -1 -3 -2 32 
13 4 26 1 0 -2 -2 18 
-6 -3 -15 -6 -2 -1 -4 -3 
-10 -4 -16 -12 -3 -1 0 5 
-8 0 1 -2 -2 -1 -4 -35 
11 0 -1 0 1 -1 -1 3 
-15 3 16 15 5 0 0 6 
22 -8 16 4 2 2 -3 -7 
-26 -6 -18 -13 -5 -4 -4 -4 
5 2 -8 8 3 0 1 19 
-13 0 8 -5 -3 1 0 -23 
8 6 3 4 1 0 0 7 
25 1 1 -6 -3 -2 -1 -1 
-28 12 6 0 -1 -3 -3 -13 
1 -12 -16 3 -4 -3 2 28 
-20 -2 11 4 3 3 -4 -55 
6 -1 4 -18 -1 1 1 36 
-2 6 -6 -3 -2 -2 -3 -34 
-3 2 4 -2 -2 -1 1 12 
-13 1 1 0 -5 -3 -1 -4 
4 -1 -3 9 8 0 0 -1 
16 -6 -10 -7 -3 -1 -1 -13 
3 -2 3 -2 -2 -2 -1 13 
-43 -5 -1 -5 -1 -2 -4 1 
5 -12 5 10 -1 -1 0 0 
-5 -5 -11 -8 -5 -2 -1 -14 
3 1 1 2 1 -2 -2 -18 
4 5 3 0 -1 -2 2 15 
10 6 21 3 -3 -5 -4 2 
-3 -7 -40 0 -1 0 -1 -13 
-17 -3 6 -5 -1 -2 -3 -8 
2 -3 -2 -1 -4 -1 -1 5 
2 -2 -14 -7 -1 1 0 1 
2 0 30 7 -2 0 -1 11 
-10 -2 -13 3 2 -1 -3 -21 
1 -1 1 -5 1 0 0 10 
21 2 -7 3 -2 -3 0 -18 
-18 -5 5 -2 -2 1 4 36 
3 -4 -4 3 -2 -1 -2 -32 
-4 2 -5 -7 -3 -1 -4 6 
-5 0 -2 -3 -3 -2 0 -7 
38 1 -1 -2 -1 0 -3 1 
-37 1 -4 4 1 -1 -3 31 
22 -3 -3 6 -1 -2 0 -16 
-11 -5 -12 -9 -1 -1 -3 10 
22 3 7 -1 -4 -2 1 -13 
8 0 12 8 0 0 0 20 
-9 -9 -17 -10 0 -1 -1 -2 
2 4 9 4 0 0 0 1 
-17 -7 4 6 -2 -3 -3 -7 
11 -1 -19 -8 -2 0 0 -4 
-8 3 9 4 -2 -1 -2 8 
9 -3 2 -3 -1 -1 -4 -14 
-34 -3 -7 -3 -2 -1 -3 -10 
-8 -3 4 -5 2 -4 -3 -2 
19 10 -19 4 5 0 2 9 
-15 -5 9 4 -2 0 -1 4 
-7 -6 -5 -1 1 -2 -4 -24 
11 4 10 3 -5 -3 -1 18 
31 3 -3 5 -2 0 -1 4 
-55 0 3 -17 -3 0 0 -17 
11 -4 -25 -5 2 -1 -2 -20 
4 -6 0 -5 -5 -2 0 3 
-2 -3 8 2 0 -1 0 -11 
16 0 -4 9 -1 -1 -3 0 
1 -4 -8 -3 -3 -3 -2 10 
-4 -1 21 -1 -1 -1 1 10 
-5 -1 -16 -3 -5 -4 -3 -11 
2 -5 -6 -2 -3 -2 -1 -20 
-13 -3 11 2 5 0 -1 3 
11 -1 -19 -5 0 1 0 -10 
-20 -1 22 -1 -2 -1 0 26 
19 1 -16 -2 1 0 1 -6 
30 3 8 7 0 -2 -3 8 
-41 -2 0 0 -2 -2 -1 -21 
-13 -2 5 -4 -2 1 1 -5 
5 0 -19 -9 -2 -3 0 19 
6 2 6 2 -6 -1 -1 3 
14 0 3 -4 -1 0 -1 -9 
-9 -7 -9 4 -5 -1 -1 0 
7 -3 4 2 -1 -2 -1 3 
-15 -4 0 -9 -9 -2 -2 -15 
14 5 -15 -10 -3 0 -2 13 
-2 -1 5 -1 -1 1 -2 -10 
5 4 1 7 -2 -1 1 10 
-5 2 -2 0 -2 -1 5 19 
-12 -18 12 0 1 0 -2 -5 
24 1 -25 -11 -1 -2 -3 3 
-29 1 9 8 0 0 -3 -10 
-34 3 -12 -6 -2 -1 -1 10 
14 1 0 -4 -4 -3 -4 -21 
-17 -1 5 5 4 -2 2 -4 
14 1 -2 -4 -4 -4 -3 -6 
-8 -6 7 -1 2 -1 2 8 
-10 2 -4 -9 -2 -2 -4 -11 
5 -1 -1 -4 -3 -2 0 -13 
1 -2 -3 1 -1 -1 -1 13 
1 2 3 2 0 -1 -5 -1 
10 2 -2 2 1 2 2 1 
-9 9 6 0 -2 -2 -3 -5 
1 -5 -2 5 -1 -4 -1 -3 
-4 0 17 -10 -3 1 2 9 
12 -7 -31 -11 -3 -2 1 3 
-5 0 3 -4 0 -2 -3 21 
-2 -2 -2 2 2 -2 -1 0 
7 -2 3 -1 -4 0 -1 -14 
3 5 5 3 1 1 0 17 
-3 -3 -7 -1 -3 -5 -1 -5 
6 -1 -6 -6 -5 -5 -2 1 
0 0 7 4 3 4 1 3 
-3 -3 4 2 -1 -2 -2 -7 
-8 -5 -3 -2 -2 -2 -1 1 
-4 -1 -5 1 1 -2 -4 -2 
19 -1 -2 -5 -1 -2 -1 2 
-41 -1 -15 4 1 0 1 -27 
-11 -3 5 -4 -1 0 1 17 
-6 -2 6 -5 -1 -1 -2 12 
15 -5 -13 3 0 -2 -2 -34 
16 1 18 10 -2 1 1 12 
-11 0 -2 0 5 -1 1 1 
-4 2 -7 -10 0 1 0 8 
-9 -4 5 8 2 -2 0 -25 
13 2 -12 -1 -5 -4 -3 33 
-26 -3 4 -6 -1 0 -1 -32 
9 -6 -5 4 -1 1 -1 0 
-2 -7 -18 -7 -1 -2 -2 21 
0 0 7 0 -1 -2 -2 -1 
30 5 9 6 -3 -1 -2 5 
-32 1 -2 -20 -3 -2 -1 -18 
-13 -1 10 16 -1 -2 -2 -9 
2 -5 -1 -6 10 3 2 7 
13 3 -10 -4 -1 1 -3 -3 
20 -6 -9 0 -3 -1 1 -2 
3 -2 -8 0 -2 -2 -2 12 
-4 -4 12 1 -5 -3 -6 -46 
-22 -7 -18 -1 4 2 0 22 
3 4 3 5 2 0 0 -10 
12 -2 0 -6 -3 -3 -3 -11 
2 4 -2 2 0 0 0 20 
5 -4 3 -4 -3 -1 -1 7 
-8 -8 -1 -3 -5 -3 -5 -10 
-2 0 0 3 5 0 -2 10 
37 -1 -19 -3 -2 0 7 15 
-45 -5 -4 -10 -6 -4 -2 -13 
18 4 9 7 0 -2 -1 16 
-12 2 -1 -4 -3 -2 -3 -15 
-8 -12 4 -5 3 1 -1 -10 
15 13 8 15 -5 -2 0 13 
-3 2 4 -3 6 3 0 -25 
-9 2 -4 -16 -6 0 -1 18 
-23 3 0 1 -3 -5 -6 -39 
21 -3 -16 4 -1 -3 -1 0 
-10 -8 2 9 5 0 0 6 
1 3 1 -7 -3 2 0 -3 
-9 0 -2 -11 -7 -4 0 29 
6 -4 3 -9 -4 1 -2 -29 
6 -4 11 4 -2 -1 0 11 
-22 -17 -16 4 0 -3 -1 -13 
0 3 3 2 2 -2 1 6 
2 3 2 2 0 -1 1 5 
17 -1 -9 -7 -2 0 -1 6 
9 -1 -1 -6 -2 -1 -1 4 
-29 -7 2 0 -5 0 -5 -1 
9 -5 0 -2 -1 -4 -5 -9 
-18 2 4 0 -2 2 1 14 
14 3 -9 -2 2 -2 -3 -12 
6 -2 1 -3 -2 -2 -3 -23 
-5 -2 -8 -2 2 2 -2 0 
3 -2 -3 -4 -5 -3 -2 -9 
0 3 7 4 -3 -1 1 13 
4 1 -2 1 -1 -5 -3 6 
-3 -5 5 -7 -5 -1 -3 -10 
-2 -1 10 3 0 -3 -1 -8 
-13 -1 -27 14 7 -2 2 6 
22 2 4 -7 3 -1 -3 -8 
-22 -2 0 -6 -3 -4 0 9 
-3 -2 -4 -1 -6 -4 -2 -3 
43 1 5 -3 -1 -1 0 10 
-73 -5 -6 -2 -5 0 -3 -26 
21 1 7 -1 2 0 -3 6 
6 2 2 1 -1 1 -2 -5 
-6 7 -25 -3 -4 -1 -2 4 
20 -2 12 4 -3 -2 0 13 
7 2 -6 -8 0 0 1 4 
-22 -6 1 3 -4 -6 -2 -20 
3 -3 10 -13 -6 -2 -3 2 
3 0 -1 -5 1 -1 -1 17 
-14 -7 -12 1 -2 -1 -3 -5 
14 6 -6 2 5 3 0 12 
-13 -2 4 -4 -2 1 -2 -2 
2 1 -4 3 -4 -3 -2 -14 
52 -9 -11 -6 3 1 2 3 
-66 -3 -3 1 -2 -2 -2 6 
13 -5 -7 -8 -3 -3 -5 -4 
-13 7 3 -2 1 1 2 3 
8 2 0 2 -2 -2 -1 -24 
22 1 -4 1 -1 0 -1 7 
-10 1 14 1 2 -2 -1 4 
6 -3 -9 0 -7 -4 -1 -7 
-2 2 15 8 3 -2 -5 -22 
-6 0 -28 -6 -3 1 3 -3 
-5 -4 -12 -12 -6 -4 1 15 
10 0 -5 -5 -3 -2 -2 -2 
-18 -6 11 -1 -5 -3 -5 -13 
11 0 8 1 0 -2 -2 -4 
-14 1 4 5 0 0 -1 -8 
7 4 8 0 -1 0 0 6 
-19 -5 -19 -4 -8 -2 -3 -2 
23 -6 0 -8 1 2 0 9 
-41 -1 8 11 1 0 -4 -14 
2 -4 -4 -2 5 -1 0 -4 
-4 5 9 1 -3 -1 1 9 
0 -4 -1 -4 -5 -4 -2 -6 
13 -4 -3 -4 -3 -1 -2 -2 
3 3 1 3 1 -1 -2 6 
-14 3 0 4 2 -3 0 11 
