#EMG
#6
#ID:6-4
10 2 4 -5 1 0 -3 -2 
5 8 17 2 0 -1 -1 -5 
12 11 0 8 0 0 1 18 
-13 -2 -14 -10 -4 1 0 28 
-4 -2 -16 -9 -4 -2 2 -2 
0 -4 9 6 -13 -3 -6 -17 
-18 -6 -8 8 0 -1 -2 -9 
54 -2 9 -8 1 1 0 1 
-67 4 20 6 11 2 1 -3 
14 -5 -39 -12 -5 -1 0 4 
-3 0 -6 -2 -3 -1 -1 14 
-22 2 11 5 -6 -3 -4 -3 
6 -6 2 3 -6 -3 -3 -11 
42 -3 -4 -12 -1 -2 1 -2 
-50 -8 -7 0 -2 -4 1 10 
10 8 -1 -3 1 -1 1 16 
-17 -4 7 2 1 -4 -5 -44 
-4 6 3 10 -1 1 -2 -7 
37 -20 -31 -8 6 -2 -2 -8 
-20 -8 -3 -3 -5 -5 -5 -45 
0 -1 -1 -1 -1 2 0 17 
-8 6 20 -2 -2 -2 -4 -1 
12 6 1 -3 -5 -1 0 7 
0 1 -2 -6 -10 -2 -3 -4 
30 -8 -20 12 18 0 0 -8 
-36 3 -4 3 3 -2 -1 -9 
-2 0 11 0 -3 -2 1 1 
1 -9 -21 -10 -4 -4 -2 5 
23 11 4 -3 -9 -2 5 33 
5 -1 -2 3 1 1 -4 5 
12 -4 6 1 2 -1 1 0 
-18 1 1 2 -1 -1 -2 -1 
-13 -3 6 0 -7 -4 -4 -1 
9 -6 -3 -8 5 4 3 -5 
-44 4 8 0 -7 0 0 -3 
43 2 0 2 3 0 1 11 
-7 -10 -15 -6 -7 -3 -1 4 
9 -11 -15 -7 -2 -3 -3 7 
2 9 2 1 -3 0 -2 -10 
18 5 4 0 5 -1 -1 6 
-44 2 14 5 -4 -1 -1 29 
-5 -4 3 -3 -1 -2 3 -17 
19 1 -5 -8 -2 -2 -3 -14 
-2 -7 -9 10 2 1 1 -2 
19 3 -3 -14 -4 -2 -4 -11 
-10 1 13 1 1 1 -1 15 
2 -1 2 4 -4 -3 -2 12 
-11 9 16 -1 -7 -2 -1 -13 
-1 -13 -29 12 11 0 -3 -10 
-5 6 8 -7 -3 -3 -2 12 
-16 1 23 1 -2 -2 -2 -7 
-21 -8 -53 -16 -5 0 -1 13 
0 -3 9 -9 -7 -2 -1 -12 
31 -3 -12 0 -1 -5 -6 -6 
3 -5 4 6 -2 -3 -2 16 
38 9 18 2 5 0 -2 10 
-49 0 4 6 -3 0 0 -15 
-2 -3 -13 3 -1 -1 0 15 
6 1 14 -10 -5 3 3 -6 
-3 5 -24 -3 0 -2 -3 0 
17 1 4 1 4 0 1 3 
13 4 5 1 -4 0 -1 -5 
-11 -2 10 4 3 -1 0 5 
-23 -2 0 -1 -3 -1 -5 -45 
19 4 -10 -8 -4 -1 7 24 
-14 -2 12 14 0 -2 -4 0 
18 0 -19 -13 0 -2 -2 -9 
-27 -5 7 -6 -1 -3 -3 12 
-9 -4 1 0 -5 -4 -3 -7 
0 -3 5 -1 0 0 0 -4 
33 1 -14 -2 -1 0 -3 -7 
-22 -13 -1 -3 1 -2 -1 -2 
13 -5 -6 8 1 1 1 11 
-30 2 -7 -13 -2 2 1 -16 
36 4 11 10 -2 -1 -2 10 
19 7 1 2 0 0 -2 11 
-1 -2 3 -12 -2 -1 -1 14 
15 -5 -16 3 -8 -2 -4 -26 
-47 -9 -16 -18 5 0 4 -6 
22 -1 22 9 3 -2 0 22 
-11 2 8 8 2 -1 -3 24 
0 -1 2 -5 -3 1 3 16 
-8 -11 -42 -12 -8 -2 -6 -26 
-13 -7 13 14 -2 1 1 16 
-12 7 2 -10 -3 -5 -9 -30 
-10 -1 2 3 -3 -2 3 11 
23 3 14 6 -2 -1 2 24 
18 1 -15 -13 0 0 1 7 
-36 -2 4 -1 -5 -1 -6 -42 
0 -10 -10 5 2 -2 -2 17 
-5 6 -3 1 -2 0 -1 -4 
12 9 17 2 -2 -3 -3 -4 
26 5 -1 -5 -4 -2 1 -7 
-20 -29 -15 -15 0 -4 -1 4 
-5 6 25 1 -2 -1 0 19 
-12 3 -10 10 5 1 -2 -54 
16 -3 5 1 2 0 0 3 
7 3 -13 -7 -2 -2 -1 -2 
7 -7 1 2 -4 -4 -3 -22 
12 -8 10 2 0 0 1 11 
28 -1 3 5 1 2 3 -6 
-55 2 -3 -13 -3 -5 -5 -33 
-4 -2 -2 7 4 2 -1 15 
-2 -1 -4 4 3 -2 -2 6 
23 -3 -15 -14 -6 -1 0 12 
26 10 16 9 3 1 -2 -16 
-14 0 -2 -6 7 1 1 -4 
-14 1 -4 5 -3 0 -1 -17 
-9 -3 -7 7 -4 -3 -3 25 
7 -2 18 0 -6 -2 -2 -9 
-29 -4 -30 -4 -2 -4 -2 17 
19 -28 2 -6 -1 0 1 -23 
11 13 -12 -5 -1 -1 -4 4 
11 5 6 7 -2 0 0 10 
61 2 10 -3 -5 -2 -2 29 
-49 -9 -11 -5 -2 -1 2 -14 
-45 8 34 8 -1 0 3 5 
12 -9 -41 -6 3 0 1 30 
23 0 -8 -1 -2 -4 -5 -44 
-16 3 15 -3 -1 -3 -3 3 
4 -4 -21 -7 -1 -3 -4 -4 
4 -4 9 3 1 0 -1 -23 
-38 -2 10 1 2 -1 4 38 
21 5 -15 -12 -5 0 -5 -2 
-12 -7 2 11 1 0 0 -22 
37 10 11 1 0 -2 0 16 
-69 -1 -10 1 -5 -1 -2 -12 
18 9 7 -8 -4 -3 -1 -8 
3 3 -7 -7 -1 0 -1 5 
-14 7 -20 -6 -1 -1 -3 -1 
9 8 30 6 0 -1 -1 -4 
15 1 -2 0 -3 -3 3 11 
-34 -9 -7 -9 -4 -5 -4 -11 
3 -3 6 4 1 0 1 -10 
-13 -31 -34 -5 -2 -1 -12 -24 
16 3 -1 0 -2 -4 -6 -29 
-25 -8 -26 -5 0 3 5 -6 
75 5 7 -2 -2 -1 3 77 
-62 -11 -2 2 0 1 7 -53 
-10 22 15 0 0 1 2 38 
32 0 22 2 -4 -8 -19 -7 
-43 0 -4 4 0 -2 -1 -38 
30 8 -19 -9 -3 -3 -9 11 
27 -13 -10 -4 -4 -5 -4 18 
9 3 4 2 1 1 -9 9 
-29 -2 4 -5 -3 -1 7 -41 
17 7 -7 -7 0 -6 -12 25 
-35 -21 10 7 1 14 46 16 
11 -8 -17 -10 -3 -2 -12 -4 
1 -7 -3 7 2 -1 6 13 
-34 -7 -17 -11 -4 -3 17 -28 
4 -1 24 10 -1 -5 -28 21 
8 13 26 5 1 0 15 -15 
-21 28 3 -2 -1 2 -12 -25 
33 12 -25 -5 -1 -2 -9 -5 
-4 -12 12 -4 1 0 -3 5 
-6 -7 31 0 -2 0 2 -3 
-7 6 7 7 -1 -3 -14 -13 
18 11 -10 -11 -2 0 13 40 
-12 18 17 11 -6 -6 -9 -33 
3 34 -3 -9 7 5 3 1 
-3 -24 -3 1 6 0 -1 2 
-2 7 -1 4 -1 4 1 0 
-7 17 17 9 -2 -6 -3 -28 
33 -11 -31 -3 4 1 4 15 
24 2 6 -12 -4 -1 1 44 
-37 0 21 10 2 -2 -5 -32 
3 -1 8 -3 2 -1 -3 10 
-26 -15 27 14 -9 -4 -7 -2 
7 15 -5 1 -2 5 16 18 
21 -2 -6 5 2 -1 -4 -27 
-15 -19 -33 -4 2 1 0 -6 
-34 -8 -21 -16 -1 -3 1 1 
-13 3 7 -11 -8 -2 -3 10 
30 -9 7 -1 -8 -6 -6 -2 
-19 12 -9 -23 -7 1 2 -3 
33 0 -33 14 -2 -1 0 3 
-16 -10 -28 -5 -3 -7 -12 -8 
-5 -16 27 5 0 1 2 -5 
28 4 -12 5 -1 -1 -9 28 
-36 -16 4 -5 1 0 0 -23 
-23 -9 -12 -15 -4 -1 10 -59 
21 -10 4 1 2 3 10 51 
10 -10 -13 -7 -1 -4 -5 -46 
-80 -7 10 12 -1 -10 -56 -23 
-7 -4 -7 -1 2 4 37 -8 
49 -4 -16 -11 -4 -10 -24 -15 
29 12 -7 -5 -3 -6 -4 29 
5 -5 4 -1 0 5 28 -10 
15 -4 2 9 -2 -2 -19 17 
-2 13 13 3 -1 -6 -54 -44 
0 13 0 -2 0 -6 17 16 
28 35 -1 -10 -3 4 10 8 
31 2 4 1 -2 -8 -44 25 
-10 -3 -1 5 1 7 22 -8 
1 1 -6 0 3 5 0 11 
5 -3 3 3 -6 -2 7 4 
-3 -14 18 8 4 4 0 2 
-24 5 6 -4 -2 -3 -25 15 
-8 2 -20 2 -3 -4 -29 -33 
2 -23 -6 -15 -3 0 33 33 
-7 -6 -6 -6 0 -3 4 15 
4 -12 5 -3 -7 -3 11 -13 
-31 5 -2 -6 3 5 9 10 
23 -17 8 22 -3 -6 12 -4 
-18 -3 -44 -15 -5 -6 -31 -19 
4 19 6 -1 -3 -2 20 6 
-29 -25 13 2 -3 1 7 9 
9 -2 7 27 5 -2 -20 -6 
-3 -2 26 -28 -12 1 6 -14 
-3 -3 -3 20 15 6 14 16 
8 26 -38 -13 -5 -7 -8 -11 
-6 -43 11 -6 -3 1 -3 1 
-5 1 -7 9 -11 -3 8 -15 
1 20 2 4 11 3 6 10 
-14 -21 28 22 7 0 -8 -15 
38 13 -18 -18 -3 -2 -2 -4 
-68 -5 2 3 7 2 7 16 
16 -7 -7 -21 -8 -3 -7 -41 
-9 -5 -9 -1 -1 0 2 9 
5 0 -10 7 -5 -4 -8 -33 
24 -3 22 16 9 0 7 30 
-6 -9 -17 -1 -3 0 0 14 
-27 -5 -18 -24 -4 -1 -1 -2 
28 10 9 -11 -2 0 -3 -14 
-15 13 12 16 2 -3 -2 -19 
-12 -6 24 6 1 0 0 17 
3 -6 -21 -11 -9 -2 13 -1 
-6 3 2 -12 -1 -2 -8 21 
50 0 -20 1 2 -1 -5 -14 
-27 -13 7 3 -5 1 5 20 
-8 0 15 -4 1 2 0 1 
-16 10 6 2 4 -2 -11 -15 
13 -2 -19 0 1 -1 4 18 
17 8 -2 -4 -5 -3 -3 -22 
16 0 12 10 6 -1 -4 23 
-23 6 -23 -5 -1 -2 6 13 
0 -5 13 -4 0 4 -4 -19 
1 -16 -25 -13 -8 -4 -3 -2 
2 4 -5 12 3 -4 -4 -14 
3 11 13 10 2 1 3 15 
1 -5 6 -16 -8 -3 -2 2 
-6 -6 -19 -6 -5 -2 -5 -24 
-6 -6 -14 10 2 -1 -2 -22 
9 1 2 -9 -3 -2 -7 5 
-22 7 22 2 1 3 16 8 
67 -14 -16 1 0 0 1 15 
-66 -6 18 -9 -8 -3 -3 8 
1 -12 -25 2 2 -1 -3 -13 
-9 7 7 1 1 -1 -3 -17 
17 4 3 6 0 -2 8 37 
17 -2 27 -2 1 2 -7 -8 
-8 4 -37 -12 -4 0 12 23 
2 -10 -5 4 -6 -3 -11 23 
-16 5 16 2 -2 0 4 -14 
-8 -1 1 10 9 1 -4 -2 
-11 4 10 -11 -3 -2 -3 -25 
15 -15 -16 -1 -2 -4 -2 13 
-13 -13 -4 -1 -5 0 -6 0 
16 3 -3 -10 -8 1 4 -7 
15 -4 -3 -1 1 -4 0 5 
-9 -3 -1 10 -3 -3 -3 3 
-2 -3 3 -4 -1 -3 -7 -9 
4 -18 -19 -9 0 1 7 0 
15 0 7 5 3 2 -2 -6 
-27 -1 4 -8 -3 -2 -1 -11 
-4 13 18 6 3 0 1 19 
11 7 2 -6 -2 1 4 12 
4 -5 -7 -3 -4 0 -1 11 
5 4 2 -10 -5 -5 -7 -25 
-18 4 8 6 -3 2 4 12 
2 -4 -4 -2 -2 -3 -4 20 
-1 -2 -5 0 0 -2 0 -13 
-25 0 1 14 6 0 -7 -19 
-21 -4 -24 -23 -2 -2 -2 -21 
24 -4 -1 7 -8 -3 -6 3 
-8 0 25 -4 -3 -1 5 35 
24 -1 -17 6 1 0 2 -13 
-2 0 -8 -8 -5 -3 1 7 
-49 -2 -17 -10 0 0 -4 -38 
-10 -3 28 11 0 -1 1 5 
52 -3 -9 -16 -1 1 -4 0 
-18 -4 -7 12 1 -2 -1 12 
27 12 5 -5 0 -1 -2 -5 
-9 -4 28 6 2 1 -4 -13 
-13 -10 -24 1 -3 -1 1 9 
4 -7 9 -9 -1 -2 -5 -10 
-14 -4 -21 -5 -6 -5 5 -5 
-5 1 0 11 1 1 -2 -8 
14 8 13 -3 -1 -2 -2 2 
-30 -2 3 1 -3 0 -2 -2 
18 -4 -4 -9 3 -2 -5 -1 
-4 -3 -16 -15 -10 -3 -4 25 
-6 -8 6 12 12 5 8 -30 
-9 4 -4 -14 -3 1 -4 -17 
9 1 10 10 -8 -3 -3 23 
0 -1 -5 3 8 -3 -4 -6 
-8 -10 1 -9 -8 -3 -4 15 
34 7 -4 5 2 1 6 3 
-27 -1 -18 -8 -1 0 0 -1 
24 -2 -13 -6 -7 -5 -3 -8 
-18 1 8 7 1 -2 -3 -17 
26 -3 -4 -8 -1 0 -2 13 
-14 2 14 3 -1 1 3 -19 
-17 -8 -15 5 1 -2 -4 -18 
7 1 15 -4 -1 -1 -1 13 
5 -5 -6 2 -3 -4 -2 -12 
28 0 4 7 0 -3 -4 1 
-64 -3 -5 -9 -1 0 -3 -6 
5 4 -4 -11 -1 0 0 -3 
-24 -6 10 21 3 1 2 -11 
5 5 -28 -12 -4 -3 -2 -18 
25 2 4 -6 2 3 2 3 
-4 -5 1 -10 -6 -3 -1 13 
-16 6 -10 -4 4 1 -2 -2 
25 1 13 11 -2 1 0 2 
-26 -3 14 7 3 -1 1 13 
22 7 -21 3 -4 2 3 8 
-27 -14 -27 -10 7 -4 -12 -41 
21 -1 17 -2 -5 -4 10 -11 
19 2 -11 -9 -4 -4 -5 -9 
1 6 10 1 -4 -1 -1 6 
-47 -8 12 11 3 0 0 27 
-15 -2 -1 0 2 -1 -8 -25 
-13 -1 12 -6 -2 1 0 -6 
-5 -13 -38 -8 2 2 13 18 
16 4 2 3 -7 -2 -4 -8 
1 -14 2 11 1 -1 -4 -4 
-1 11 -1 -6 -4 -1 -1 2 
1 10 10 -2 3 1 -3 -8 
12 5 -2 -8 -2 0 6 7 
-17 -8 1 -1 -3 -3 -4 1 
44 3 1 -3 0 0 9 25 
-47 -16 -25 2 -3 -4 -4 -17 
5 5 3 1 -3 -4 -4 -19 
5 3 12 4 -1 -2 0 9 
1 -15 2 -8 -4 -2 -1 -3 
6 7 6 -11 -4 -1 -3 -3 
-3 -1 9 18 6 -1 1 4 
-2 0 -1 -2 5 3 1 14 
5 -3 -14 1 -3 -3 -3 -2 
-4 -5 0 -2 -3 -2 -3 -11 
-9 3 5 -17 -11 -1 -4 2 
0 9 -5 -8 2 1 -1 -14 
8 -4 -2 12 0 -2 -4 -2 
-32 -1 -16 6 0 0 -2 -2 
19 2 23 -12 -3 -2 -2 30 
-8 -1 0 -2 -3 -2 0 2 
-22 -1 -32 1 -3 -4 -1 5 
39 -8 24 -3 4 0 -3 -1 
-2 -12 -15 -2 -4 -2 1 9 
17 7 16 -11 -1 0 0 4 
-22 6 -7 -4 -6 0 -3 -12 
20 6 6 5 4 -2 -2 -3 
2 2 -4 0 2 -2 -3 -14 
2 -3 0 4 -2 -3 -5 11 
8 1 5 -1 -8 -2 1 -7 
-11 1 1 0 5 -2 1 12 
-21 4 -3 7 11 1 -3 -59 
5 -4 -21 4 0 0 -1 44 
12 0 -21 -20 -2 -4 -4 -16 
-19 -12 10 -3 -7 -4 -3 -7 
-1 -3 -2 -1 -5 1 2 16 
-3 3 3 7 2 0 1 -7 
21 -4 -1 5 4 1 -2 -12 
-71 5 11 -3 -4 -2 0 18 
12 -5 4 -13 -4 1 1 8 
-3 -12 -19 13 5 0 -3 -16 
3 -14 20 12 3 1 3 22 
31 2 -15 -4 -2 -3 -7 -27 
-15 4 16 4 0 0 6 25 
-5 0 -17 -17 -3 -1 -3 -21 
-9 -7 -7 0 -4 -5 -5 -4 
7 1 4 7 -1 -1 -1 -9 
-3 4 3 4 0 1 -2 -9 
2 -4 -3 -16 -7 -2 -2 11 
-12 5 6 -1 -4 1 0 -6 
-12 -4 -11 -10 1 -2 -2 3 
44 1 -7 16 2 -2 2 15 
-5 3 6 2 0 -3 -13 -29 
-12 7 0 -9 -4 1 8 19 
22 4 -1 -3 -4 1 1 1 
18 -4 6 0 -5 -3 -6 -17 
-61 -4 -12 -1 -1 2 3 14 
4 0 2 -4 -1 0 -4 -11 
6 -3 13 -3 -9 -4 -2 -1 
22 -5 -17 -1 6 2 0 5 
18 1 10 0 -1 -2 1 0 
-11 -1 6 -2 3 0 -3 -16 
6 0 -25 0 -3 -2 2 20 
-13 2 8 -7 -4 -4 -3 -9 
-12 -7 3 13 3 -4 4 25 
-39 -3 -4 -15 -4 -1 -1 -12 
12 4 -13 -6 -3 1 -5 -9 
-16 -1 -9 3 -1 0 -2 5 
11 0 4 -1 3 1 -1 -3 
28 4 -1 -2 -3 -1 -1 1 
-16 -3 5 9 7 -1 -1 2 
-21 -2 -9 -18 -11 -3 -2 -23 
25 1 3 9 1 -1 0 5 
-14 -3 -5 -3 -2 -3 -3 -4 
18 4 3 1 2 2 0 2 
-7 -11 0 -12 -6 2 -1 25 
34 -4 -3 4 8 -3 1 -9 
-63 -1 -16 0 0 0 -4 -10 
2 5 5 -13 -8 -2 1 6 
-5 -1 1 17 4 -4 -1 -15 
-1 -7 -1 -5 -3 -1 -3 -23 
15 2 1 5 -1 -1 2 9 
-4 -11 -11 -5 3 -2 -3 1 
-17 6 12 -2 -4 -2 0 15 
-3 1 0 -13 -9 -5 -5 -22 
-7 -1 -10 9 3 0 1 -17 
14 -5 5 -5 -3 -1 2 16 
1 -1 -2 -2 -1 1 0 0 
-20 1 -5 1 -4 -3 -2 1 
35 4 9 -3 0 -1 -2 -2 
4 -4 -6 3 -2 -1 -2 -9 
-38 -12 -7 -5 1 0 -1 5 
18 -12 -1 11 -1 0 -1 11 
11 -7 6 -4 -3 -3 -2 14 
-6 -6 -31 1 0 2 0 -13 
19 3 -12 -16 1 -2 -3 -9 
-9 1 -10 -2 -7 -4 2 -5 
2 -7 -4 3 4 -2 -1 9 
14 -5 12 2 -1 -4 -6 -16 
-39 0 2 -3 -2 1 -1 -36 
25 1 -4 -6 -2 3 0 40 
0 -4 -21 -12 -6 -3 -3 -16 
-3 3 20 6 5 -2 -3 3 
-3 3 2 13 0 0 -1 -11 
3 6 6 -9 -6 0 6 -2 
5 -2 3 7 3 -2 -3 10 
12 3 9 -4 -6 1 1 1 
-16 -3 -12 -4 -2 -2 -3 -6 
-45 -13 1 3 9 -2 -4 7 
43 4 5 -1 0 -1 -1 -5 
-54 2 -2 -2 -1 -2 -2 -9 
39 1 13 5 -4 1 3 19 
-1 4 -10 1 0 -1 -2 -28 
-16 -1 -8 -19 -6 0 0 -2 
18 0 9 4 2 0 0 0 
3 -5 2 -1 -3 -4 -3 24 
8 6 7 2 -2 -3 -8 -20 
-19 -8 -14 -7 -3 0 0 7 
1 3 -1 5 -3 -4 0 -2 
8 -3 -6 -13 1 3 1 18 
-20 -2 0 6 -2 -1 -2 -24 
6 4 3 -8 -3 -1 -2 0 
-12 -3 -4 -2 1 0 2 1 
29 -7 2 2 -5 -4 -2 -3 
13 -2 1 -6 -5 -2 0 10 
-15 -1 11 27 11 0 -2 -10 
-10 -1 -9 -8 -4 -1 -5 7 
48 5 -4 -2 -4 -3 -5 -26 
-53 0 10 -6 1 2 7 10 
52 3 0 -7 -4 -1 -1 5 
-37 -7 -11 0 0 -3 -3 -10 
19 -2 -1 -3 1 -1 -2 0 
10 2 -7 -5 -7 -2 -2 11 
2 -1 12 -6 -2 -2 1 9 
-2 4 -13 2 -2 -1 0 3 
-5 -6 -12 9 4 -1 -2 -6 
11 -6 9 0 -3 0 -3 -5 
-24 1 9 3 0 -1 0 6 
8 -4 -28 -7 1 1 2 -18 
-21 2 8 -6 -6 0 -1 17 
-2 0 -8 1 1 1 1 10 
3 -2 9 -9 -5 -2 -1 0 
-2 -3 5 5 -2 0 0 -2 
-12 -1 -6 1 2 2 1 12 
16 -1 6 3 0 -1 -5 -13 
-31 -2 -13 -8 -5 -2 -1 -1 
12 4 10 -2 -6 -3 -4 3 
-23 -3 1 1 -2 -7 1 -17 
36 2 4 0 -1 2 0 8 
-31 -2 -13 -4 -5 -3 -6 -2 
-22 -4 6 -2 -1 0 -1 -11 
41 0 -18 0 -5 -2 -4 8 
-15 0 2 -5 8 0 0 -12 
-8 -9 -1 12 8 1 1 1 
4 5 9 0 1 -2 -1 -6 
-22 7 11 0 -1 -2 -1 -15 
2 -1 7 -4 -7 -5 -1 -4 
3 -2 -15 -4 -3 0 3 12 
47 -4 19 3 -3 -4 -2 10 
-69 -8 -13 -2 -3 1 0 -9 
-4 2 14 -3 -5 -1 1 10 
20 -3 0 0 3 2 -6 -33 
-6 -4 -8 1 0 1 2 3 
20 4 9 -7 2 1 0 2 
-16 -4 -20 5 6 -1 -2 13 
4 2 0 0 -4 -3 -1 -20 
16 -5 -9 -7 -5 -1 -4 -1 
-27 -1 -5 -5 0 -3 -1 9 
-6 1 13 -1 -3 0 -2 -30 
27 -4 -2 3 -3 -3 -3 57 
-21 -1 3 6 7 0 -1 -14 
8 -3 -12 -4 -2 0 3 -9 
-5 -7 -12 -10 -5 -4 -6 5 
-26 4 0 -4 -5 -3 -2 3 
27 0 8 1 0 1 5 -13 
-13 3 0 -1 -1 -3 -5 -3 
-29 -15 1 -4 0 -1 1 7 
4 -17 -13 -3 -3 -1 -4 4 
-26 3 -18 -5 -3 -1 -3 -2 
44 -1 -4 -1 -2 -2 1 -12 
-7 -2 5 6 0 -1 -3 -8 
-14 0 -6 -5 -2 -3 2 -2 
3 -5 1 -7 -9 -4 -2 11 
-1 -8 -5 6 4 0 1 4 
-24 3 2 -11 -8 -1 -1 10 
14 6 -1 3 -1 1 -1 -28 
6 -3 -5 0 6 -1 0 1 
0 5 14 0 -7 -3 0 -2 
10 1 -12 4 1 2 0 -2 
-32 0 6 0 -6 -3 1 -2 
-8 -6 6 -3 -1 1 -2 1 
4 0 -3 -6 -1 -3 -3 -11 
7 2 -23 -3 -3 0 -1 20 
39 2 11 1 -4 -1 -5 -57 
-50 -1 -6 8 8 -2 -1 3 
-11 -2 -6 -1 1 -1 4 15 
-2 4 -4 -9 -3 -2 -2 -10 
70 3 6 -2 1 -1 0 19 
-41 -5 -18 -6 -5 -3 -3 4 
16 -3 8 -3 0 0 -2 -9 
1 -1 1 -4 -5 -3 1 20 
8 2 15 11 14 0 0 -10 
10 0 5 4 1 0 -1 -5 
-23 -8 2 0 -8 -2 -4 5 
30 4 -6 -8 -3 -2 -2 -1 
-19 -6 -5 4 -3 -3 -2 13 
3 4 -1 -12 -7 0 2 -4 
-6 2 3 6 3 0 -4 -18 
18 -4 -21 -10 -4 0 -1 18 
-30 0 14 -1 -1 -2 -2 -25 
17 0 -13 -3 -3 -2 -2 3 
13 4 1 1 -2 -1 -2 6 
-34 -4 18 10 2 -1 -2 -3 
3 1 -14 -3 2 1 -1 -33 
-12 -2 5 -10 -2 -1 -2 34 
20 -5 -3 -5 -1 1 -2 20 
-6 -2 7 4 1 -2 -4 -46 
-9 -1 -2 8 1 -2 0 0 
21 0 -3 -16 -9 -3 1 -1 
-20 1 7 14 13 0 0 2 
23 -4 -14 -8 -6 0 2 6 
-22 -1 -13 -9 2 -2 -1 2 
7 -8 12 10 2 -1 -2 7 
6 1 -4 -3 -6 -2 -4 5 
24 2 1 -18 -6 -2 -3 8 
-9 7 -6 0 -2 -1 1 -10 
11 2 9 -1 1 4 -2 -6 
-6 -2 -20 -6 -1 -1 -1 -1 
-24 -9 -13 11 0 -2 0 -2 
2 1 4 -2 -3 -1 -2 22 
-7 2 8 9 2 -4 0 -12 
19 -4 6 -4 -2 1 2 14 
9 -1 -2 -3 3 -1 -1 -23 
-2 -9 -1 -5 -3 0 -1 15 
11 0 1 4 0 -2 -4 10 
-16 1 15 1 -1 -1 -1 -28 
-11 1 -9 0 1 -3 -4 6 
4 -11 -3 -7 -7 -1 -1 11 
12 1 6 1 1 -1 -3 -30 
-27 -1 -10 2 -3 -1 0 17 
-6 3 5 -8 -7 -2 -3 -26 
-1 2 5 23 12 0 -2 8 
1 0 -12 -17 -8 -1 0 -6 
-21 -2 6 17 9 -2 -3 -23 
1 0 -1 -3 -2 -1 2 0 
-4 1 -3 -4 -2 -1 1 4 
47 -2 11 3 -5 0 0 25 
-32 1 5 -15 -3 -1 0 -23 
-2 1 8 7 1 -1 -2 3 
9 0 -26 -10 -6 -2 -2 4 
-19 -1 12 5 0 -4 -2 -3 
43 6 5 -2 -6 -2 0 2 
-13 -6 -2 7 4 0 -1 3 
-13 -2 5 -11 -6 1 0 -18 
-10 4 -9 -2 -1 -3 -5 -5 
-4 -8 -7 -1 1 0 -1 13 
26 -3 0 1 -2 -4 -8 -5 
-27 0 0 2 0 2 9 11 
-16 -3 -7 2 1 -2 1 -6 
4 3 -11 -13 -2 -1 -3 12 
7 -6 6 0 -12 0 -2 -19 
17 0 2 3 14 -2 -3 16 
-66 -5 -5 -3 -2 1 0 -22 
10 -3 -34 -11 -7 -1 0 19 
-5 4 2 2 0 -2 1 5 
26 -4 16 2 -4 1 -1 1 
4 -3 0 8 0 -3 -1 7 
2 -1 36 -9 -2 0 1 -23 
-14 3 -34 -4 -1 -1 2 -7 
22 -5 -7 -7 -6 -4 -4 9 
