#EMG
#9
#ID:9-6
7 -1 -2 7 1 -4 -2 -16 
-21 -2 1 -7 0 -1 1 -6 
20 6 7 8 -3 -2 0 -1 
-34 -8 -9 -15 0 1 -2 -11 
10 -4 -17 1 -3 -3 -2 11 
18 5 3 0 0 -3 -2 16 
-13 -4 4 2 -1 0 -2 -21 
-43 6 -8 0 2 0 -2 4 
11 -2 12 2 -3 1 -1 -3 
18 -2 -17 -4 -1 -3 -2 1 
-20 -3 -5 0 1 1 1 -1 
6 2 6 -2 -2 -1 -3 -21 
0 2 -1 2 0 -2 0 20 
11 -2 5 1 -3 0 0 1 
1 -2 -10 -1 -1 0 -1 1 
-17 1 -2 -5 3 1 1 -3 
17 1 7 -3 -3 -3 -1 -17 
4 6 4 8 3 -3 -3 3 
-1 3 2 -3 -6 1 1 1 
-5 -14 -17 -5 -3 -1 -2 -1 
9 2 2 3 2 -2 -3 2 
-31 4 -1 1 -1 -1 -2 1 
14 0 5 -2 -1 0 -1 -6 
44 2 1 -1 -1 -3 0 5 
-52 1 2 0 -2 -2 0 2 
-4 -9 -5 -3 -3 -2 0 3 
6 0 1 1 -2 -4 -3 -31 
2 1 -2 -6 -2 -1 -1 19 
20 -2 -1 -5 -3 -2 -3 -14 
0 0 2 0 1 0 0 -2 
2 -3 -5 0 1 1 1 14 
1 2 6 0 -1 -1 -1 -11 
3 -2 10 6 0 0 -1 8 
-13 -4 -17 -3 -1 2 -2 -10 
6 -2 -5 -5 -1 -3 -1 1 
13 1 2 -4 -4 -1 -1 -3 
-18 -3 -6 -8 -3 -1 -3 1 
13 -3 7 2 -5 -1 -2 8 
25 4 16 4 -2 0 0 12 
-25 -7 4 2 0 -2 2 -2 
2 0 -1 7 7 -1 -4 4 
-27 10 1 -15 -1 2 0 -29 
11 -18 -4 4 0 -1 0 0 
4 4 4 4 -2 -2 -2 0 
10 0 1 -13 -6 -3 0 -4 
-18 -3 1 -5 -3 -3 -1 1 
-1 -2 -6 -5 -1 -1 -1 1 
-8 -2 -4 2 -7 -3 -4 0 
17 -3 -26 6 4 -2 -2 2 
14 -5 17 0 -1 -1 -4 1 
-28 1 -12 -1 1 0 2 9 
-8 3 -8 -3 -3 -2 -2 -19 
54 7 3 -1 -4 1 0 1 
-81 -18 -6 -1 2 0 1 -1 
1 -9 -7 0 -1 0 -1 18 
0 8 18 -5 -5 -2 0 -4 
1 -8 -18 2 5 1 0 0 
29 -4 -5 0 0 -1 -1 4 
-23 -3 6 5 -2 0 -1 -11 
-14 -4 2 -1 1 0 -1 -6 
-5 -5 0 -1 -2 1 0 10 
2 0 -10 -7 -4 -4 -1 -2 
-13 6 -6 -3 0 -2 -4 -6 
26 3 4 -2 2 0 1 14 
-14 -1 15 0 -4 -4 -3 -8 
24 0 -12 3 3 2 2 8 
-13 7 5 4 4 -1 -2 4 
-5 -3 -5 -1 0 -2 -3 -18 
1 3 9 -18 -5 -1 1 2 
7 -5 -7 6 0 0 0 -9 
-26 9 7 -7 -3 -4 -3 3 
-1 3 9 -2 -5 0 -1 2 
-11 -6 -13 9 6 -2 -2 -8 
13 2 -5 -5 -9 -4 -1 -1 
4 -17 -21 -2 -1 -1 -2 -14 
0 2 -2 3 5 -2 -2 11 
-10 -1 3 0 -9 -2 0 1 
9 4 15 -3 10 3 0 0 
-5 -3 6 3 -2 0 -1 -2 
-3 -8 -15 -5 -2 2 1 3 
0 -3 -9 -2 -1 -3 -3 7 
4 2 6 7 -5 -2 -3 -8 
1 -12 -2 -15 5 0 -1 -22 
1 -7 -8 0 0 -1 -2 -2 
0 0 2 4 3 1 0 -1 
-3 5 -2 2 -4 -2 -3 4 
5 3 1 -4 -8 -4 -2 6 
-4 -2 -2 -15 -1 2 1 -2 
-6 -5 -1 5 -2 -5 -1 3 
-4 2 -2 2 5 1 -1 3 
10 -2 -2 1 1 -1 -3 4 
6 0 -5 -1 1 -1 0 2 
16 5 14 1 -8 0 -1 -11 
-50 -3 -11 -6 -2 -2 -2 17 
5 -5 -34 -3 -3 -1 -1 0 
-52 -12 18 7 7 2 -2 -14 
-18 -15 -6 -6 -1 -1 -2 0 
34 -10 5 5 -5 -4 0 9 
1 12 2 -4 -5 -3 -1 -19 
17 -7 -17 -9 0 2 -1 1 
-36 8 14 -9 -4 0 1 -9 
51 2 -11 0 -2 0 0 14 
-34 4 7 9 3 -4 -5 2 
12 -19 -15 -5 -5 -1 1 8 
-10 -4 -6 1 -1 0 -3 -6 
-9 3 4 -15 -2 -2 -1 -7 
12 13 0 6 1 -2 -1 -1 
3 7 13 2 -3 -1 -2 -8 
10 -13 -19 -4 -4 0 -2 16 
-5 7 9 5 -2 -4 -4 -8 
22 -2 17 1 -4 2 0 10 
-13 1 -19 1 4 -2 -3 -6 
6 10 -12 6 -3 -1 0 -16 
-24 -1 -3 -12 -1 2 1 8 
6 -4 11 -4 -2 1 1 -10 
44 16 -3 0 -4 -5 -4 27 
-50 -10 2 1 -2 -1 -2 -16 
-43 -41 -11 4 0 -2 1 -6 
14 25 25 0 -3 2 3 15 
-9 11 0 4 -6 -2 0 -6 
32 -6 -5 -2 1 -1 -1 -4 
-13 6 -4 -2 -4 -2 -3 1 
-4 -18 -10 -9 -3 -2 -7 -24 
8 3 4 4 2 -1 5 33 
-10 -1 4 -1 3 3 1 -24 
14 25 9 -1 -3 0 -1 7 
6 -5 -1 0 -2 -2 -4 -18 
-20 8 -2 3 -2 -4 -7 -10 
47 -25 5 -9 -3 0 0 14 
-43 -6 5 2 -1 1 5 -7 
1 3 -6 1 -1 -2 -1 21 
-8 -12 3 -1 -1 -6 -5 -10 
7 16 0 -3 4 2 -4 4 
26 10 -13 -4 -3 -5 -3 -23 
-2 -5 1 -3 -1 -6 -24 23 
-51 -41 2 -1 -3 -4 -14 -32 
-22 27 -10 1 1 17 58 16 
34 14 10 -6 -3 -2 11 -24 
-53 -7 -19 1 1 5 -14 14 
70 9 8 -1 -3 -2 51 -4 
-7 -8 1 -1 -1 -8 -32 -12 
-26 -11 -18 -3 -4 -5 -20 2 
31 -4 -5 -2 1 -2 -11 -14 
29 10 4 -4 -5 0 -10 26 
9 1 5 0 -2 -5 -30 1 
-28 11 -6 -1 -3 10 102 22 
8 -2 8 4 -1 -4 -60 7 
-28 -1 -3 -1 0 1 7 -38 
23 -5 -10 -7 -4 -2 10 7 
63 -7 7 5 0 -9 -71 8 
-14 16 8 3 4 15 78 -16 
-26 -35 -9 -6 -4 2 -13 3 
9 -11 3 1 0 -2 19 32 
-5 44 -2 -2 -1 -3 -18 -41 
26 0 1 -4 -5 -9 -13 -5 
-30 12 13 -2 -5 -2 -18 -30 
-12 -30 -57 14 -1 -10 -12 5 
-12 -29 9 2 8 6 -7 11 
19 -14 22 8 -2 1 -1 -1 
-3 21 -18 -18 -5 -1 10 29 
-5 15 -8 1 0 -4 -21 -27 
8 -18 47 8 -4 5 1 9 
-12 29 -23 -22 -7 -6 13 -8 
-6 -3 47 13 -6 -2 -5 10 
-5 -3 -9 15 8 -4 4 1 
19 48 -20 -6 8 1 -10 -6 
-16 -103 -41 -9 0 4 15 -2 
1 10 18 -4 0 5 0 4 
4 32 12 -8 0 -7 -10 -7 
-16 -32 29 37 1 -4 0 1 
-16 22 -19 -10 0 0 -1 0 
-34 -2 -29 -24 -7 -5 -7 -4 
-31 1 47 7 -5 1 0 -16 
37 -26 -10 -13 -4 -3 -2 36 
14 11 -6 -2 0 -1 4 8 
-11 -14 -9 8 2 -1 -2 -2 
19 35 -9 -7 -4 -1 0 6 
64 -6 -7 -8 -5 -7 -13 -54 
-86 -6 28 24 -2 -3 4 14 
47 7 -13 -2 5 7 11 -31 
-60 -9 -8 -7 -3 -8 -21 -7 
-23 -22 -11 3 -1 12 37 -11 
37 10 1 -14 -7 0 23 52 
8 -2 -18 1 -1 -5 -4 -11 
55 -11 9 -2 -5 -9 -32 -11 
8 23 -23 -11 -5 -7 9 -3 
5 -4 -3 0 2 -2 -9 -43 
-33 -8 19 8 5 1 7 35 
44 -5 7 -2 -4 6 4 35 
-30 -18 -13 -13 -4 -4 -19 -6 
-11 -2 0 4 0 0 16 -61 
30 5 -4 4 -2 -5 -23 -27 
-31 0 6 -3 1 5 34 37 
-15 -32 -12 -7 -4 -6 -18 -16 
12 24 17 3 -4 2 -9 30 
2 -11 -30 -5 -4 -6 -16 16 
-2 -11 -27 2 -15 -5 -6 -29 
-36 -35 3 -4 15 1 -6 24 
30 5 -4 4 -4 -1 1 0 
12 21 23 6 8 1 2 1 
-6 -36 27 -12 -4 0 4 22 
13 -23 -43 -22 -24 -11 -3 12 
-20 -5 -43 2 -5 -3 -17 -44 
-2 15 18 10 20 6 11 -15 
-7 -5 1 8 0 2 6 -7 
-6 -51 25 16 17 1 -2 -11 
9 0 48 -10 -13 -9 -6 44 
48 21 -33 -24 -16 -3 -1 -32 
-66 14 4 19 8 1 0 -30 
10 49 -3 -4 -3 0 -6 17 
19 1 -4 -15 -2 -3 -7 -3 
-27 -16 16 2 -2 0 11 46 
13 13 0 -12 5 3 0 14 
40 17 -11 9 -2 -3 -14 -35 
19 -13 4 5 1 -13 -39 18 
-1 8 4 8 6 20 43 -11 
-22 -8 -15 -9 -1 0 2 -27 
-30 11 4 7 -2 -2 -10 8 
-7 -7 -1 0 5 -1 -18 29 
3 -7 -12 -3 -8 -4 48 1 
23 -3 1 -9 -1 -7 -49 -24 
-21 14 5 6 -1 -5 13 20 
10 1 -8 -5 4 20 31 9 
20 -3 -1 3 -7 -14 -48 3 
-17 -6 2 1 -2 4 20 3 
52 17 3 -5 1 -3 -62 -12 
-52 -4 -10 -4 2 -2 47 -6 
-18 -2 -2 6 0 2 -38 23 
38 -7 17 11 1 7 37 -20 
10 6 2 -13 1 1 -29 -1 
14 12 -20 7 0 -1 14 40 
-30 -45 -4 -5 -4 -9 -32 -17 
-7 68 -21 -9 -6 -8 -4 -15 
-12 10 6 2 -4 4 26 14 
-3 4 20 6 5 1 1 -32 
-7 -11 -32 -6 -3 -6 7 4 
23 -8 -9 -6 -5 -6 -24 18 
-21 -7 -5 4 -7 2 52 3 
-12 3 -11 -14 -5 -7 -24 -20 
18 0 2 4 3 -2 -18 6 
8 -5 0 9 6 5 11 12 
-18 1 -8 -4 -9 -1 -2 -25 
6 0 24 -19 -12 -4 -7 9 
14 -10 -15 0 6 4 8 -2 
-5 0 -15 -5 -1 1 -1 -21 
-14 5 13 -4 -9 -4 7 1 
9 -6 9 -3 -6 -7 -8 -1 
7 6 -8 -29 -25 -9 7 2 
-26 -32 -6 41 32 3 -2 4 
9 13 -8 -11 1 1 -4 22 
-38 -7 11 8 2 -5 -4 -72 
-9 -9 27 -2 -6 -7 -6 -1 
12 -18 -19 -26 -14 -1 -3 19 
1 -15 -6 2 -4 -4 -1 0 
-12 -23 5 6 10 3 3 -26 
11 7 10 6 -1 -3 -3 -3 
-30 9 -16 -12 -12 -4 0 -12 
14 -7 -11 -4 6 2 8 -6 
8 -1 -3 4 -3 0 -6 21 
-10 2 -5 -7 0 -1 -5 -26 
12 2 0 -6 -3 -3 2 1 
28 1 5 3 4 0 -4 11 
-72 -2 -14 7 2 3 12 22 
13 4 16 13 1 -2 -19 -42 
16 -2 6 -4 -1 -4 4 27 
-17 -6 4 -8 -2 -1 15 -19 
10 6 -13 -5 -5 -4 -14 -5 
12 4 0 4 5 2 -2 35 
-10 -5 12 0 -1 1 1 -19 
2 10 -5 -5 -4 0 -1 -2 
28 12 10 -9 -4 1 1 12 
-62 -3 -14 13 5 0 -7 4 
14 -19 -9 -9 1 -4 17 -53 
-33 19 18 14 6 -2 2 17 
26 2 5 10 11 0 -1 -23 
4 -1 -17 -23 -6 2 6 6 
6 7 5 -16 -12 -4 -13 8 
-20 -8 8 12 5 0 2 -4 
2 -28 -28 6 -3 -4 -3 9 
52 26 -5 0 0 -1 1 -19 
-60 0 22 -1 -3 3 1 30 
4 -2 -28 -9 0 -5 -11 -26 
0 3 4 4 -5 -4 -6 8 
3 -7 -1 6 5 1 5 2 
24 0 9 -9 -4 0 4 16 
-4 1 12 3 -3 -1 -3 9 
7 6 -7 -2 -1 -1 2 -2 
-5 -8 9 3 1 2 3 0 
-2 -1 3 1 0 0 0 -4 
-6 -6 -8 -8 -4 0 -1 -13 
-4 -6 -24 -4 -4 -2 -4 20 
29 -10 16 8 3 1 0 4 
9 -3 -12 -2 -1 -4 -7 -5 
-8 -4 3 -2 -1 -1 -3 -5 
12 -3 -1 -8 -5 2 0 5 
-10 5 9 3 -1 0 3 -16 
-43 0 -6 8 4 0 -5 -1 
10 -2 6 0 -1 -1 -2 -11 
9 2 -1 -3 -6 -2 0 -9 
-21 -3 -22 -11 -6 -4 -4 -15 
36 -2 -3 -6 -5 1 4 30 
-7 -5 0 5 2 0 -3 -11 
-3 8 12 2 1 0 -2 1 
-10 -8 -11 2 -2 -3 3 -3 
-3 -8 -11 2 2 -1 -7 -6 
23 21 0 -6 -4 0 4 16 
14 4 13 -2 -3 -3 -2 0 
-12 3 -11 -3 1 0 1 10 
13 -7 13 4 0 -2 0 -32 
22 -8 -11 -5 -7 -4 -1 23 
-32 -18 0 1 2 2 -2 -8 
-10 -4 1 3 5 0 2 -9 
3 7 9 -1 -5 -3 -3 16 
9 -5 -6 -3 -3 -3 -3 -22 
14 3 -4 -5 -2 0 1 -3 
-21 -11 0 -2 -4 0 -1 28 
5 5 12 5 -1 -2 -4 -6 
2 0 -8 -7 4 3 -1 14 
-2 -4 -1 3 7 -2 -6 -13 
-10 3 7 6 -3 0 6 -17 
12 -2 14 4 -2 -1 -2 22 
-25 -5 -3 -15 -4 -1 -1 -5 
5 -7 -35 -10 -5 -1 -2 -13 
11 16 16 2 -1 -2 -4 19 
1 -3 -7 3 -5 -3 -4 -6 
-13 -7 8 -4 0 -2 -1 -5 
42 9 10 13 0 0 3 4 
-40 -6 -13 -7 -1 -2 -4 -5 
-6 5 -8 -4 -2 -3 -2 2 
-15 -1 -2 4 -4 -1 -4 -5 
-1 7 0 -4 2 1 2 -21 
14 15 13 1 -3 -2 -1 4 
-1 -9 4 -1 -2 2 2 -3 
-3 -7 -11 4 2 -3 -3 6 
-2 1 15 1 -5 -4 -1 29 
2 -11 -26 -6 -3 -2 1 5 
-5 -1 9 -8 -7 -2 -3 -19 
-2 0 -19 6 8 1 3 11 
12 -7 -6 -6 -2 -3 -2 14 
3 1 -6 3 3 -1 -3 14 
-7 7 15 9 2 -3 -1 -18 
-13 -2 -8 -13 -3 1 -4 -21 
-35 -1 -4 -7 -4 -1 2 -12 
14 -1 5 -8 -7 -1 -1 5 
4 -22 -11 12 5 -4 -1 10 
7 3 17 6 -3 -3 -3 -17 
-20 -9 -24 -8 4 4 2 -1 
1 1 14 5 -8 -5 -3 6 
9 6 -13 -7 -1 0 -6 -23 
-7 -8 2 -3 -3 1 8 18 
4 -6 9 5 0 -2 -1 4 
-6 -2 -15 -2 0 -3 -2 -6 
1 2 -29 -8 -2 0 1 -3 
4 -9 8 -4 -4 -5 -1 9 
-8 -1 1 0 -3 -2 -3 -3 
-6 2 18 8 5 2 -2 -3 
-12 -4 -8 -9 7 1 -3 -10 
6 -2 -5 2 -2 -2 -2 14 
-31 -1 -3 -2 -3 -3 -2 -19 
-9 -2 11 -4 -5 -2 -1 -1 
3 -2 -13 0 3 0 -2 5 
-13 0 3 7 1 1 0 0 
32 3 8 5 -3 -4 -5 15 
-17 -7 -5 -17 2 5 5 -28 
-5 6 14 5 -3 -1 0 6 
3 -1 -8 -1 -2 -5 -3 -5 
-10 -8 -6 -3 -1 -3 -1 -7 
6 -18 -7 -5 -5 -4 -4 -24 
5 -13 13 6 7 3 3 35 
-3 7 1 0 0 0 -1 3 
7 4 3 2 2 -2 -4 0 
-4 7 -14 -2 -4 -5 -4 0 
-5 2 1 -3 -5 -4 -2 -17 
14 -5 -1 -4 -2 -3 -1 1 
15 -1 -5 -7 -5 -4 -4 4 
-44 -11 -5 4 1 -2 -2 -13 
-6 8 -12 5 13 3 3 6 
-6 4 8 0 -3 -2 2 3 
18 2 5 -2 -3 0 2 8 
-5 -2 8 1 -2 2 -2 2 
-7 -8 -20 -14 -10 -6 2 -5 
-12 -4 6 1 -1 0 -4 -9 
1 0 2 -1 0 2 0 -5 
15 -1 -5 1 0 2 0 13 
-2 5 9 1 -1 -2 -3 2 
2 4 -3 2 -7 -1 -3 -11 
-3 0 5 -8 -1 0 -2 0 
16 -9 -17 -4 1 0 7 18 
4 5 5 -5 -6 -3 -6 -2 
-1 0 -4 0 1 -3 0 -10 
-9 0 6 3 -2 -2 -3 -7 
0 2 3 7 -4 -1 1 0 
16 -2 0 -6 4 1 0 10 
-25 -2 -3 3 3 -1 -1 -28 
-19 -15 -7 0 1 1 -1 -7 
20 5 7 0 -4 -2 -3 4 
-2 -1 -1 -1 -10 -2 -2 2 
2 -3 -30 -8 1 0 -4 -9 
-12 -3 6 -1 2 0 5 -13 
6 -1 1 -6 -1 -1 -4 7 
9 4 18 6 -7 -4 -3 -5 
-12 -14 2 -1 -3 -2 -4 -6 
15 9 -16 5 2 1 -2 -3 
-21 12 -5 -2 -2 -6 -5 0 
3 -6 4 -4 0 2 0 -7 
3 1 3 0 -2 -1 0 8 
-15 -1 0 1 1 -1 -1 12 
16 3 1 0 1 2 1 -5 
37 1 -13 -4 -6 0 -2 5 
-55 6 2 2 7 3 3 4 
11 2 9 -2 -5 -2 -4 9 
5 0 8 -5 1 -1 -1 -33 
-14 -8 -20 2 0 -1 1 -3 
28 -12 -9 -8 -3 -1 0 5 
-2 3 -4 3 3 0 0 7 
0 -3 12 -4 2 1 0 7 
-15 1 3 -12 -6 -3 -1 -13 
10 0 -6 2 -6 -3 -3 10 
-13 2 0 -2 -2 -2 -2 -1 
9 -9 -7 1 1 -1 -1 -3 
9 1 3 2 -3 0 1 16 
-10 1 6 12 2 1 -3 -8 
-6 -1 1 -15 -3 -2 -1 -1 
-6 -2 -6 -2 -3 -2 -4 1 
-3 -1 3 3 -3 -1 -3 1 
28 -2 2 0 6 1 0 8 
14 -15 5 5 -4 -3 1 8 
-6 1 -1 2 -1 2 1 -37 
-11 -5 -19 -1 -3 -3 -4 5 
18 3 -1 -16 -7 -3 -2 0 
-4 -1 -7 -4 -4 -1 -2 -8 
-5 -11 0 -6 -2 -2 -1 6 
-8 -2 10 7 -1 1 1 -5 
-3 0 1 8 3 0 -2 -2 
1 -2 -10 -7 0 -1 -1 -6 
-10 1 4 4 -3 -4 -1 13 
-4 -2 1 -12 -4 -2 -1 -7 
-18 0 0 -1 -3 -1 -1 7 
-4 4 0 3 3 -1 1 -6 
24 6 9 4 1 3 -2 6 
-33 -7 -16 -4 -3 -4 -2 -6 
38 -4 -4 -1 -7 -3 -1 3 
-47 -2 1 3 4 -1 -1 -13 
-2 1 1 1 3 0 -1 10 
5 2 4 2 7 1 -1 -15 
2 2 -2 -2 -3 -3 -3 22 
10 -2 -15 -6 -10 -2 -4 -23 
-2 -2 3 -1 -1 -1 -2 1 
9 9 3 0 3 0 -1 5 
2 -14 12 -9 -7 -1 -2 -3 
9 7 -1 2 -2 0 -1 2 
-12 -1 -16 -1 2 -2 -1 3 
-16 -4 -6 -5 -2 -3 -2 -6 
-4 5 0 -1 -4 -3 -2 -7 
0 -2 0 -1 0 1 0 4 
8 -7 -4 -5 -5 -1 0 -3 
-17 8 2 4 2 3 -3 -3 
-2 0 -1 -3 0 1 1 -5 
35 -4 4 -2 -4 -2 -1 7 
-54 -2 -11 1 -5 -3 -2 -21 
12 -3 7 4 5 0 -1 14 
-10 4 0 5 4 -1 -1 -6 
3 -15 -10 -3 -7 -2 2 4 
19 12 4 -1 -2 0 0 27 
-8 -5 -17 -13 -3 -3 -2 -28 
-5 -2 -5 -1 0 0 -3 -9 
2 -2 5 1 0 0 -2 2 
-4 -3 8 -2 -3 -2 -2 -5 
-14 -7 -17 -2 -1 0 -2 19 
15 8 5 -5 -2 0 2 1 
-11 0 -7 4 1 -1 -1 -6 
6 0 -1 -1 0 -1 0 3 
5 -5 10 1 -3 1 1 -5 
-11 -6 1 -2 2 -1 -2 -2 
30 5 -5 -3 -2 -1 0 1 
-34 -1 1 -2 1 -1 0 1 
17 0 -1 -4 -1 -2 -1 -10 
-19 2 2 -4 -5 -1 0 2 
8 -3 -2 2 -4 0 -2 -3 
20 3 -3 0 2 -3 -4 7 
3 2 14 22 4 0 0 -3 
-5 -7 -30 -21 -3 0 0 -5 
-15 -6 1 -2 8 0 -1 -3 
8 -5 -6 -1 -2 -2 -2 -10 
-4 -5 6 -7 -11 -3 1 23 
3 -5 -2 16 2 0 -2 -18 
-11 0 -4 -6 0 -1 -2 11 
-7 -1 0 -7 -2 -1 0 -6 
16 -15 3 2 2 -1 -1 3 
3 -6 -11 -7 -11 -2 0 4 
-6 4 -2 2 -1 -1 0 0 
5 7 1 4 3 0 -3 -2 
6 1 6 -6 -4 0 -2 -3 
-18 -1 -1 -1 5 0 0 1 
-16 -4 4 -5 -3 -1 -1 -2 
6 3 -27 -2 -3 0 -2 4 
7 1 -8 -2 0 0 0 1 
24 0 7 2 -1 -4 -3 -17 
1 8 18 -9 3 -1 0 12 
-2 -4 -5 -2 -4 0 -3 -2 
4 1 -6 -5 -2 -1 -2 -7 
-13 0 7 6 3 1 -1 27 
4 -4 4 3 -7 -3 -4 -27 
1 -2 4 -8 -7 -3 1 2 
11 5 -4 7 8 1 1 1 
-14 -2 3 5 0 -3 -2 -3 
4 -2 -5 -3 -1 0 0 -3 
-24 -6 -1 -1 -3 1 -3 -4 
-6 -3 -20 -6 -4 -1 -1 -6 
11 1 8 -1 -1 -1 2 8 
5 0 -13 -2 -4 -4 -2 0 
14 -3 -7 2 3 -1 -1 1 
-27 2 18 -3 -4 -3 -3 1 
30 -1 -11 8 6 1 -2 -14 
-8 10 2 -1 2 2 0 4 
2 -7 3 0 0 -4 -1 -1 
-5 1 2 -1 -2 -2 -4 1 
-13 6 -7 -4 -8 -3 -3 -1 
-14 -9 7 9 1 3 0 -2 
-8 7 16 -12 -6 -2 -2 -3 
14 2 -7 8 4 0 0 -5 
-12 -5 -3 -11 -5 -4 -3 -5 
14 -2 -21 -1 -1 -1 1 9 
48 -1 3 2 1 1 -1 14 
-59 -5 16 0 -1 1 1 -19 
8 3 3 0 0 0 -1 22 
-14 -3 8 4 -3 -1 -3 -28 
8 -4 3 -3 2 -1 -1 7 
10 -4 -13 -10 -6 -1 -2 4 
5 0 3 4 6 -1 1 -6 
-34 -2 3 -6 -5 -5 -2 8 
2 -3 4 3 0 -1 -2 -9 
2 1 -2 -1 -3 -3 -2 -4 
-12 -1 -3 -10 -7 -2 -2 -5 
8 -2 -11 -4 -4 -5 -3 10 
-8 -5 -13 -6 1 -2 -2 -5 
-11 -6 -2 1 1 1 1 4 
17 -2 3 0 1 -1 -1 -5 
7 3 6 2 0 0 -1 -4 
-35 -2 -7 7 1 -1 -1 -10 
24 1 -1 -20 -5 -3 0 11 
-18 -6 -6 3 -3 -2 -1 -21 
-2 -5 3 5 2 -1 0 6 
4 -1 -7 -6 -4 2 0 6 
19 -3 -5 0 -2 -4 -2 -11 
-11 3 11 3 4 -1 -1 -3 
-8 -12 -11 -4 -4 -3 -1 14 
12 6 -23 -6 -1 -3 -3 -25 
4 -6 8 -2 -2 1 2 2 
3 5 -3 6 1 0 0 0 
-14 3 10 -7 -2 0 1 -1 
-1 -3 6 2 -3 -1 -2 7 
-14 -1 -3 9 6 -2 -5 -11 
3 -7 -6 0 -4 0 -1 2 
5 1 9 -10 0 0 -1 -3 
29 -3 0 -4 0 1 -1 -4 
-44 0 -16 -3 -2 0 -1 0 
-4 -2 5 0 -1 -1 0 8 
-3 5 -4 8 -2 -4 -3 -6 
9 -2 8 -1 -4 -2 0 3 
-12 2 6 -1 -5 -4 -1 11 
-5 -3 -17 -1 1 1 -1 -5 
5 0 -6 -7 -4 -1 -5 -6 
-12 -2 5 1 -2 -2 -1 0 
10 -2 -4 -2 -2 -2 -2 1 
-11 -2 7 2 4 -1 1 -2 
15 3 -6 -1 -1 -3 -1 5 
-8 -10 1 0 -3 -3 -1 3 
16 -3 -9 -1 -5 -1 -1 8 
-8 -6 -14 -9 -1 -1 0 -18 
-2 0 -2 0 1 1 -1 -5 
-11 3 8 0 0 0 1 -2 
-5 0 -12 -7 0 -1 0 3 
9 -1 4 -4 -5 -2 0 5 
2 -7 -4 1 1 -4 -3 -4 
-4 0 -8 2 -3 -3 -3 1 
3 7 13 1 2 1 -1 -2 
-1 3 8 -2 -3 0 1 -8 
-10 -5 -15 -6 -1 0 0 -2 
-5 0 1 6 7 1 0 -1 
9 -5 -2 -1 -4 -3 -4 0 
-16 -2 0 -1 -2 -1 -1 6 
6 -1 3 -4 -2 0 0 -4 
-9 -13 5 1 -2 0 1 -2 
20 -1 1 2 -1 -2 0 -4 
-6 2 -6 -3 -3 -2 -2 6 
-11 -3 -2 3 0 0 0 -13 
3 6 -4 -1 -1 -2 -2 9 
-1 1 2 -3 -1 0 1 -3 
0 -4 -3 -3 -2 -2 -4 9 
-2 0 2 4 2 0 0 -6 
-4 10 7 -1 -3 1 -2 -8 
-16 4 -10 -2 0 0 1 -9 
18 -1 -7 -5 -5 -1 -3 11 
-8 -1 1 1 0 -1 -1 -7 
0 0 3 1 -3 -2 -2 15 
-4 -1 -1 -7 -4 0 -1 0 
34 3 7 3 2 -2 -1 0 
-73 -13 -21 3 0 0 -2 0 
19 -8 -6 -2 2 -2 0 -10 
