#EMG
#3
#ID:3-16
-4 -1 -4 -2 -6 -3 4 6 
0 1 5 6 -1 -2 -8 -44 
3 -1 7 -8 -6 -1 1 10 
-10 -4 -6 4 11 2 0 -8 
25 -3 5 -1 -1 -1 -2 -5 
-9 0 3 0 -4 -3 -3 9 
-8 0 6 1 -5 -4 -2 -5 
9 -4 -1 -6 -9 0 -3 -6 
-11 -4 -9 -6 -8 -1 0 2 
-8 -1 5 0 10 3 1 5 
-2 2 6 14 9 -1 -4 -12 
-3 12 -3 -2 -1 -2 0 9 
-1 -5 2 6 3 -2 -1 -15 
15 4 9 -3 -7 -3 -4 19 
-9 -8 -3 -12 -6 -1 -2 1 
0 0 -1 -4 -2 1 1 -3 
6 8 8 -2 5 -3 -2 7 
3 -7 -35 -8 -7 -2 -1 -9 
-21 -8 -3 0 4 1 0 -3 
6 1 7 3 -6 -3 1 9 
-6 -1 2 0 2 1 1 -15 
8 -3 6 -3 -2 -2 -5 -7 
13 -8 6 2 -1 -1 3 22 
-5 -3 -28 -13 -5 -2 -3 -27 
-11 -8 2 4 -5 -4 -2 1 
-1 -5 -4 -11 -4 -2 -2 0 
-10 7 -2 10 5 0 -5 -39 
-7 -9 5 -1 -2 -3 6 28 
-1 -3 -10 8 -1 -2 -4 2 
6 0 5 -17 -6 0 -1 -4 
-53 -8 -8 -6 2 0 -3 -9 
51 -15 2 2 1 0 -4 19 
-51 3 -30 2 1 0 -1 -21 
-4 -2 6 4 1 -1 0 15 
24 10 7 -5 -7 -2 0 -1 
-2 -3 -4 6 6 0 -2 16 
14 5 5 -6 -3 -2 -1 -44 
-25 -3 10 2 0 -3 -2 -11 
29 0 -21 -2 -2 -2 -5 16 
-6 -6 2 -6 -2 -1 0 -1 
8 2 -3 -2 -3 0 -2 12 
-14 -8 -10 -3 0 0 3 -4 
1 5 9 0 -5 -2 -1 -15 
-15 7 10 -4 -1 -1 0 -12 
13 3 7 13 17 0 5 24 
4 3 -4 2 -3 0 -4 -11 
-2 -7 -1 -13 -7 0 -4 -3 
-7 1 3 5 0 -2 -2 7 
-20 -3 1 -11 -4 1 0 7 
12 5 1 4 -1 -4 -3 0 
37 -5 2 -3 -4 -3 2 2 
-54 6 1 2 0 0 -2 -4 
6 -2 11 1 -3 0 -2 -14 
-3 -2 5 4 4 0 1 0 
0 4 -5 -4 -5 -2 -1 21 
5 -2 -1 -4 -2 -1 -2 -7 
14 -4 -11 -2 -5 -4 -5 6 
-6 1 3 -3 -4 -1 -10 2 
5 4 -21 -1 0 -3 11 10 
-16 -7 9 1 -4 -2 -2 -36 
-5 1 -2 -4 -4 0 -3 -2 
8 -1 -1 -1 -2 -2 -1 12 
-20 -11 4 12 -1 -4 -6 -3 
10 4 3 5 17 6 3 -14 
5 -1 -15 -17 -8 0 -3 22 
-2 -2 0 4 7 -1 -1 -21 
-7 -2 -8 -5 -8 -1 -4 -10 
-1 -13 -1 6 -3 0 0 1 
5 3 7 2 -2 -3 -4 -3 
25 -2 -12 -2 -2 0 0 14 
-81 -6 -2 -3 -2 -3 0 -11 
10 0 -4 -2 -4 -2 0 -6 
21 -1 17 -3 1 0 3 -7 
-26 -3 -15 -3 -5 -3 -1 0 
33 3 7 -1 1 -1 -2 0 
6 2 -10 -5 -6 -5 -6 -9 
-14 6 1 0 1 -3 3 5 
6 2 18 -10 -7 -1 -1 21 
0 -9 -14 29 10 3 -4 -25 
-13 3 11 -14 -5 -2 -2 7 
9 2 -27 -5 -7 -5 -3 -4 
-9 -13 -2 -16 5 3 1 -4 
5 12 0 -3 -3 -1 -2 4 
0 -3 4 2 -4 -2 -1 -2 
3 -6 1 3 -5 -1 0 -1 
-2 4 -20 0 0 -3 -1 4 
-8 -3 9 -8 2 2 -1 -11 
33 3 -3 6 -2 -3 -6 4 
-8 0 11 -3 0 -1 3 6 
-12 4 -1 -2 -7 0 2 9 
17 -13 -13 22 17 -1 -1 20 
-18 2 0 -2 2 0 -1 -18 
7 -9 -11 -9 -1 4 0 -2 
-2 -5 -8 -9 -3 -1 -4 -13 
-4 13 14 -7 -7 0 -1 -18 
3 -9 -3 0 -8 -2 -1 19 
-2 -14 -3 10 8 -3 -5 0 
-10 5 6 9 -5 -1 2 -25 
20 -2 -8 -14 -2 0 0 26 
-16 -7 -3 4 -4 -3 -8 -6 
-13 8 3 -2 -2 -1 0 9 
-9 -9 -13 7 1 -1 -1 -6 
6 0 16 -12 -7 0 -2 -10 
-25 9 13 -3 0 1 0 4 
-2 -15 -6 4 0 -1 3 -18 
6 -1 -5 -2 1 -3 -3 4 
1 -4 -8 -2 -5 -2 -5 -9 
5 4 2 -1 -3 -1 8 7 
-7 -1 -10 14 10 1 -7 7 
8 -1 3 -8 -6 -2 1 7 
-30 -2 2 -2 2 2 0 -30 
8 -11 -11 -9 -3 -1 -7 -1 
8 13 1 -2 -4 0 4 10 
-15 -2 13 2 -1 -3 4 28 
24 1 -3 -4 -5 -4 -4 -23 
-5 0 -4 1 -2 -2 -2 -19 
2 -9 15 4 -3 -3 -5 -1 
-16 7 -6 2 4 0 -1 10 
1 -16 9 -2 -2 2 9 25 
1 8 6 3 3 1 4 -3 
-6 -2 -8 -7 -8 -3 -4 -14 
46 -1 -1 9 8 1 -5 9 
-61 -3 3 -8 -3 -2 -1 18 
11 -2 -12 -3 0 0 1 -17 
-6 1 6 -4 -3 -1 -3 15 
13 1 -13 4 -4 -4 -1 -34 
3 -4 -2 -2 0 0 -3 -5 
-11 -3 -2 -5 -2 -3 -6 -1 
4 9 4 -7 -4 0 12 8 
16 -7 -9 3 2 -1 -6 0 
9 -2 -2 -4 -6 -2 -4 8 
-5 5 1 1 5 0 -6 -32 
-18 -5 -12 -1 1 -2 1 -3 
-22 0 12 1 -2 1 -4 -15 
41 3 -7 -4 -4 -3 5 37 
-15 -1 -8 -2 -5 -4 -1 29 
-1 -9 -1 -5 -4 -2 -8 -38 
-33 -10 -5 -3 -3 -2 9 25 
17 17 -6 -1 0 -1 -8 -25 
7 2 7 -3 -5 -2 -3 36 
2 -8 -1 3 1 -4 -13 -7 
-4 -14 -7 -4 -2 1 8 11 
25 12 15 5 -1 0 -5 -34 
-19 7 -2 5 3 0 3 9 
61 -31 10 -5 -4 -3 -26 -39 
-45 24 12 1 1 2 16 9 
-30 3 -37 -7 -4 -4 16 6 
-25 -2 -4 -7 -2 -3 -14 -6 
74 3 -24 -1 -2 -1 8 -8 
14 0 4 1 4 17 26 -41 
-14 -11 36 8 4 -3 5 71 
-21 2 -23 1 -2 -6 -10 -26 
-17 3 3 -2 0 -6 2 24 
30 26 46 15 2 -1 -14 -20 
-10 27 -33 -18 -5 -1 1 -22 
7 -2 61 1 0 3 5 -16 
-27 -13 -25 7 -3 -5 -12 54 
-23 -26 -65 -19 -7 -5 -4 -51 
28 -17 30 16 2 2 -4 25 
10 2 31 3 -3 -4 -7 -22 
-40 14 0 -13 -8 -1 4 -3 
22 -3 31 16 3 -1 -2 19 
-1 -12 5 -16 -3 -3 -13 -8 
29 9 -34 6 -4 1 9 3 
-34 8 42 -3 5 7 10 -15 
20 -16 -60 -14 -10 -8 -15 18 
-29 -5 -1 17 3 2 -11 18 
2 9 -9 -15 -5 -3 7 -43 
3 -4 23 5 0 1 0 -13 
-7 -8 -24 -5 -4 -6 -19 14 
-16 4 -23 -10 -5 -3 10 -9 
76 6 -1 7 1 4 1 6 
-43 9 -41 1 5 1 -1 9 
4 14 33 -12 -1 -4 -2 -16 
-22 -13 8 7 -3 0 -9 -31 
22 -14 -20 -6 -2 1 11 14 
22 6 3 3 1 0 6 10 
-31 -3 16 2 0 -5 -26 -14 
8 -2 -4 1 -2 3 17 10 
-25 -8 -12 -7 0 -4 -3 -17 
15 -7 5 2 2 -1 1 -4 
3 -1 5 2 -2 1 8 28 
16 2 -11 -1 3 -1 -21 -37 
-23 -5 -5 1 -3 -3 -11 16 
-35 -3 -3 -2 -5 -12 -39 -60 
40 -1 -4 -3 -2 10 80 52 
35 4 -1 -9 -4 -5 0 -74 
-64 -6 2 1 2 -7 -73 64 
-1 4 1 2 3 13 97 -22 
-1 -5 -8 -7 -5 -3 39 13 
10 -5 2 4 1 -2 -18 66 
7 0 2 3 0 1 4 -37 
4 4 -9 -10 -4 -4 -36 -7 
-13 -3 21 7 3 -3 -26 8 
27 14 2 3 1 2 27 6 
3 0 -41 -20 -5 -5 -8 -21 
21 -4 35 -5 -3 3 -8 41 
-3 8 0 7 0 -1 -3 -29 
1 4 17 3 -3 -7 -16 -4 
-25 -9 -36 -12 -3 2 9 12 
20 13 -11 0 -6 -3 3 -11 
-20 -5 10 -10 1 -1 -18 -11 
-1 -12 33 23 4 0 -6 -6 
10 -6 -6 -36 8 8 23 43 
-11 -15 -12 -5 -8 -1 3 -18 
3 0 29 19 -7 -10 -27 -4 
-27 7 -9 13 -16 -6 -6 -3 
22 -8 -4 33 27 16 25 11 
-9 -3 22 -9 -3 1 -10 14 
-10 -14 -21 -13 1 -5 -22 -6 
-14 9 38 -9 -3 3 13 33 
32 12 3 -3 -10 -9 4 -5 
6 -12 4 1 1 -1 -4 100 
-1 2 -3 7 1 -3 -8 -48 
-20 -18 -38 -30 -1 -2 -2 -32 
-2 4 25 16 -3 -3 0 -9 
-2 16 7 14 2 0 0 41 
20 -8 -4 -10 -1 1 12 12 
-17 -19 -32 -13 0 -1 -10 -12 
-10 3 10 6 -8 -3 -4 -26 
14 -2 -11 2 3 -3 -11 -45 
-9 4 -14 -6 -3 -2 -4 20 
-44 2 -11 -6 -1 -6 -34 -24 
20 -14 7 1 -7 3 66 70 
-9 2 3 -2 0 -7 -40 -69 
-35 -1 -16 -3 -2 -9 6 37 
15 -3 -6 0 0 -3 -41 -23 
1 -3 9 -1 2 8 13 16 
19 -5 -21 -3 -3 -1 32 28 
-18 6 -1 -6 -5 -15 -72 -80 
9 7 -3 2 2 2 58 38 
-8 -8 9 4 -7 -12 -33 -8 
2 3 -25 -2 2 8 -13 9 
-25 3 -4 -10 3 5 -3 0 
-13 -11 -5 6 -1 -5 -46 -14 
-6 -23 29 6 -1 9 89 14 
-18 -29 -41 -7 1 -3 6 17 
-16 1 -16 -7 -5 -3 -9 0 
14 -12 -4 -2 0 0 -12 -5 
16 6 6 -4 -4 -8 -22 -8 
-42 -7 23 11 2 -2 -12 -28 
12 -6 -16 1 -2 4 4 11 
4 0 0 -4 -2 2 27 5 
-5 14 35 8 1 -3 -36 -16 
17 26 -34 -6 -2 2 25 20 
23 -12 -13 0 2 -1 -7 -2 
9 2 -15 -23 -6 0 9 9 
-20 -2 -20 7 -2 -4 -20 -30 
2 51 19 5 2 -3 -6 -2 
3 -2 11 -13 -10 1 7 -14 
4 -7 -4 46 23 4 10 16 
-9 -3 3 -2 0 -3 -6 7 
-5 -6 15 -20 -14 -4 -11 -16 
26 -2 -14 1 7 -2 8 10 
2 7 18 10 2 8 13 -7 
-2 2 -23 -25 -6 -1 -19 8 
10 8 7 32 -9 -7 -2 -2 
4 -11 21 -10 5 6 8 1 
-14 7 -9 -10 10 0 1 -14 
21 -3 16 24 1 -5 -12 -24 
-12 -7 6 -21 -6 -1 1 -5 
0 6 -20 -6 -9 -3 4 -12 
-6 -13 -11 -4 -11 -5 -1 15 
-3 -1 -8 -14 1 -1 -8 -15 
-2 0 -8 -13 -2 2 5 23 
23 13 29 35 16 3 1 -7 
3 0 16 -20 3 0 -12 -21 
-34 -10 -28 -3 -3 -3 17 54 
12 -16 11 -7 -2 -1 -5 -22 
3 16 18 5 -4 1 2 48 
-26 -5 -1 -6 -7 -2 -6 -32 
30 4 -14 -1 -4 -1 0 -13 
-3 3 3 3 6 -4 -6 -6 
-5 2 13 -4 -6 -3 8 16 
0 5 -18 -5 -4 -4 -9 -40 
8 -2 -4 -9 -3 -5 -7 3 
-68 -17 -1 6 3 -2 0 -35 
8 -8 1 13 1 -2 -7 -3 
-5 11 20 -10 -9 -5 2 -2 
7 1 -34 -2 1 3 3 16 
24 -10 -9 -7 1 1 10 2 
7 3 3 -7 -6 -2 -1 -2 
-18 -7 9 3 3 2 14 43 
-3 3 -14 12 13 1 -17 -31 
2 -6 15 -2 1 1 1 6 
-7 -14 1 -7 -10 0 0 -19 
22 3 -4 6 -9 -4 -3 62 
-26 1 6 -21 -5 -2 -6 -76 
8 -5 -32 3 11 -1 -5 4 
-11 -5 3 -2 0 -1 -8 -7 
2 -6 -5 2 -10 -4 10 12 
-2 3 22 4 0 0 -1 10 
-1 -6 -8 -12 -4 -4 -9 -4 
8 4 -11 -5 -4 0 2 -6 
65 3 -4 -3 -1 -1 0 7 
-77 0 8 4 -4 -3 -8 -6 
12 -1 13 13 -2 -1 1 5 
-1 -32 -29 -7 2 -2 2 29 
2 6 1 -3 -2 -1 3 -14 
27 -7 1 -7 -3 -2 -4 -21 
15 -8 2 -2 -2 0 -4 12 
-19 10 9 -2 -5 -3 0 -7 
-14 -7 -32 8 13 4 2 -9 
5 -1 11 -4 -8 -3 -1 21 
-12 2 -25 -16 3 -1 -3 -36 
4 9 11 18 3 -3 -3 17 
-7 -14 -3 -22 -9 0 1 -41 
0 4 15 19 4 1 -1 -7 
7 3 -14 -13 -9 -5 -2 19 
-32 -8 -65 -16 -4 -3 -3 -2 
2 10 20 2 -1 -3 0 0 
3 1 2 1 -1 0 3 9 
-8 -4 16 6 1 -1 -1 23 
45 1 10 3 0 1 -2 -31 
-73 -1 -2 -1 -2 -4 -7 0 
26 0 -11 -8 -3 1 -5 -26 
-15 1 9 8 3 2 6 31 
19 16 -9 -15 -4 -5 -7 -13 
15 -6 -6 4 -5 -2 3 36 
9 -11 -25 -8 -2 -2 -4 -18 
-21 -9 8 6 6 1 -7 -42 
-18 0 3 8 -3 -2 4 -1 
16 0 12 -6 -3 -3 -3 -8 
-1 6 4 2 -1 -3 -2 30 
9 -1 -19 -3 -7 -4 0 4 
-13 0 12 -2 -4 -1 5 -14 
8 0 -9 -8 -3 1 -8 3 
-2 -2 3 -5 -2 -1 6 15 
-8 -4 -8 6 -1 1 1 -15 
-6 -2 3 -7 -1 2 0 16 
39 2 3 7 1 -2 -7 12 
-51 1 -4 -4 0 -1 0 -6 
3 3 10 4 1 1 0 -16 
-6 -4 -7 -3 0 2 3 23 
-2 -1 -24 0 0 -2 -1 -14 
17 0 4 3 -3 0 -4 -6 
-8 -6 -2 -15 -9 -3 0 7 
-24 0 11 -1 0 -2 -5 1 
6 -3 9 -4 -5 -1 8 4 
2 -11 -4 -5 -9 -7 -6 -15 
8 17 16 16 16 3 2 5 
9 -8 1 2 5 1 -2 -8 
-17 1 -10 -5 -4 -1 -1 -5 
6 -1 4 1 -4 -1 0 20 
7 -21 -10 -9 -9 -2 -2 -11 
-2 7 1 -1 1 -2 -1 6 
-10 -2 7 9 0 -1 -2 -34 
-11 -1 -6 -9 0 1 6 15 
8 2 22 1 -2 -1 -3 5 
7 0 -10 5 1 0 1 -22 
-14 -6 -13 -5 1 0 1 10 
13 -5 2 6 1 1 0 5 
-21 8 5 -1 -1 -2 -2 0 
-5 -7 -8 -9 -6 -2 -1 -18 
4 3 11 4 7 2 -2 24 
10 0 -11 2 0 -2 -2 -5 
34 1 -10 -9 -10 -5 -2 11 
-39 2 19 5 -1 1 0 -6 
-6 1 -17 -8 -3 -1 -4 -11 
-7 -6 -7 -2 -4 0 -1 6 
16 0 0 5 -1 -1 -1 9 
8 5 14 -4 -1 -1 -4 -1 
-8 -4 -13 -2 -5 -4 -1 -35 
3 -2 -20 -12 1 -2 -2 4 
-9 -4 17 2 -6 -2 -1 -4 
4 -3 -6 -4 -2 -1 -1 9 
-6 3 21 2 1 -1 1 3 
5 10 4 1 -1 0 -2 -4 
-11 -5 -10 -4 1 -1 -1 -3 
1 0 4 2 1 1 2 24 
20 1 6 -2 1 -1 -3 19 
-38 -3 -7 -1 -2 -2 -4 -68 
9 1 -6 -1 1 1 -1 41 
2 -5 -5 1 -1 -3 -1 -41 
-11 -3 -1 -1 -2 1 -3 2 
22 -1 6 1 1 0 3 20 
-56 -4 -10 -2 1 1 1 -12 
17 -1 9 11 2 1 -1 -5 
-18 -14 -1 -17 -7 -1 0 8 
16 4 -26 -2 3 0 1 13 
15 -3 0 1 1 0 -5 -11 
-2 1 -2 -4 -4 1 6 20 
4 1 4 9 2 0 -3 -19 
-4 -2 18 2 -7 -1 -1 -1 
4 -1 -18 -9 -1 -1 0 -5 
8 -7 0 15 6 -1 -2 -2 
-21 1 -2 -11 -4 0 2 38 
-16 -2 0 -3 -1 -7 -12 -69 
-1 2 10 -6 -7 -1 10 47 
-3 0 -22 1 -2 -2 -2 -30 
11 6 18 -4 -1 -1 2 5 
9 -9 -49 -7 -2 0 -5 20 
0 -2 -1 -4 -1 -2 -2 -12 
-4 -4 15 -1 0 -1 1 10 
2 0 -5 8 3 -1 -2 -8 
-5 -8 19 -3 -3 -1 -1 7 
7 4 -6 5 0 -2 -5 -14 
-3 -2 -14 -10 -5 -3 0 9 
-2 1 5 -6 5 -1 -1 -4 
4 -2 15 7 0 -3 2 -3 
3 3 2 1 -1 -3 -4 -8 
18 6 -2 3 2 -2 2 4 
-34 -5 -3 1 -3 -2 -6 -27 
2 -8 3 -8 -5 1 6 18 
-1 3 -4 3 -1 -4 -1 3 
17 -2 0 -13 1 3 -3 11 
6 1 11 9 1 -2 -4 -30 
5 6 -6 2 0 1 2 6 
-4 -8 -4 -1 3 -1 -7 -20 
-33 3 1 -6 -7 -5 1 18 
22 2 -2 8 0 -1 -3 17 
-6 -13 -1 -12 -1 -2 -6 -4 
3 9 6 -1 -2 1 0 -16 
10 2 -4 -3 -1 -1 -7 -10 
-8 -6 -5 0 -1 -2 -1 -22 
-8 6 7 10 1 0 3 5 
4 -7 0 -6 -4 -4 -7 -22 
-46 -12 -11 -6 -5 -2 3 22 
18 1 -3 -7 -4 -2 3 3 
-14 14 32 3 1 1 -8 -15 
-4 -2 -1 5 2 0 8 29 
27 4 -17 -8 -3 -3 -10 -13 
-13 -5 7 -1 -6 -1 4 10 
2 2 -4 2 5 0 0 19 
17 3 4 -1 1 -1 -2 6 
-46 -5 12 2 -4 -2 -7 -25 
5 -4 -18 -4 -3 -3 -1 29 
15 3 5 1 -5 -3 -2 9 
-24 5 -4 2 3 2 1 -39 
35 -3 12 7 4 1 1 20 
6 -1 -41 -14 -4 -4 -5 -15 
-4 -6 0 -3 -5 -2 2 14 
10 -1 1 -7 -7 -4 -1 5 
7 0 18 6 5 0 -2 -11 
4 10 18 10 -2 -2 2 -7 
-10 -3 -41 -4 2 1 -3 4 
-14 4 7 -1 -5 -1 -2 5 
22 -4 -5 -5 -7 -2 -2 5 
-10 3 10 6 8 0 -1 -14 
12 -8 -3 -5 -4 -3 -5 -2 
-2 -6 0 4 1 -1 -3 12 
-42 13 4 -4 -6 -1 2 -3 
-2 -2 -7 -15 -4 -3 -1 8 
-4 2 2 0 4 2 4 -5 
12 0 -5 -3 1 -1 -5 -17 
16 0 2 4 -1 -2 -7 -21 
1 -4 4 3 -4 0 3 15 
-12 1 -3 -4 -5 -3 5 20 
12 -8 3 -5 -2 -5 -3 2 
-2 -2 -2 8 -1 2 0 -7 
-14 -9 -20 -11 -2 -3 -3 -17 
12 2 19 1 1 -1 -5 -17 
-45 0 -5 7 -6 -4 0 13 
2 -11 -21 -8 9 0 6 16 
-2 2 12 4 -1 2 -1 14 
9 4 22 3 0 -2 -3 -26 
14 -3 -26 -5 -4 -2 -3 12 
19 6 24 4 -1 -1 -5 -37 
-44 -4 -19 -4 -2 1 5 27 
19 -10 -15 -7 -3 -4 -11 4 
6 4 16 2 0 0 12 -13 
-9 1 -11 -5 -6 -3 -3 -10 
17 -1 12 7 2 0 -2 -4 
-13 -3 2 0 -1 -2 0 15 
2 -11 -10 -11 -2 2 -5 -25 
6 1 9 4 -5 -5 -2 1 
11 23 7 -3 -2 1 -1 -20 
-16 3 -2 6 0 1 4 17 
13 1 -7 -11 2 -1 1 6 
-10 -1 -1 -5 -3 -2 1 12 
2 -11 7 3 -5 -4 -7 -16 
1 -4 6 8 6 1 -1 -14 
-4 4 -11 -3 -1 0 -2 4 
10 -7 6 4 0 -1 1 10 
13 -7 -3 -10 -2 -1 -3 -3 
-39 -1 -20 -12 -3 0 4 12 
15 -5 -11 2 -4 -2 1 15 
-17 -6 -3 3 6 0 -6 -7 
41 -3 7 6 -2 0 6 18 
-30 0 1 -6 -6 -1 -6 -19 
-7 0 19 0 -1 1 1 -4 
-7 0 -14 -8 -7 -2 1 -4 
20 7 1 9 9 -1 -3 -13 
15 1 4 -1 0 -1 -1 38 
-17 -3 8 -5 -4 -2 -3 -60 
8 -3 -49 -4 -2 0 0 6 
-13 15 13 -2 -1 -1 -1 14 
15 0 -2 7 -1 -1 3 -21 
0 -2 2 2 4 0 -6 7 
-11 3 4 -6 -1 -1 4 13 
-12 -7 -4 -1 -1 -3 -5 -38 
12 -4 -29 -8 -3 -4 0 3 
-11 0 4 0 2 -1 0 19 
-5 0 6 2 0 2 -4 -50 
-11 -8 -6 5 -5 -3 -7 16 
15 -6 9 1 -1 -4 3 -34 
-16 -4 -9 -11 -3 1 4 49 
-2 1 3 -3 -2 -2 -1 -19 
-6 -5 -1 -4 -1 -1 -3 -2 
-8 3 7 1 -4 -2 -2 -3 
18 6 -14 2 1 -1 -2 -4 
2 -3 2 -6 0 -4 -3 35 
-26 -12 6 4 -5 -3 3 -25 
17 -1 -5 1 3 -1 -1 14 
-6 -3 -12 -5 -5 -2 3 -9 
1 7 22 5 4 0 -2 1 
0 -3 -15 -6 -1 0 -2 -1 
2 2 10 6 -3 -2 -1 19 
-42 -4 22 -3 -5 -4 -5 -24 
-10 -10 -32 -18 -5 -3 1 -29 
15 5 9 6 4 -1 4 9 
-16 -6 5 -1 0 0 -6 6 
25 -1 7 10 -1 -1 0 -1 
1 -7 -2 -3 -4 -2 -3 19 
-2 -10 -2 -9 -1 0 -1 1 
33 12 17 8 3 0 0 0 
-31 3 -15 2 -9 -8 -8 -35 
10 -10 5 -5 9 6 4 21 
-12 -5 -10 -2 2 1 3 -2 
5 -4 -5 -7 -4 -1 -2 2 
14 1 13 1 1 0 -3 4 
-6 6 2 5 -6 -3 -3 -2 
2 -6 -3 1 -3 -2 -1 7 
-12 -3 4 -1 0 -1 -1 -4 
3 -1 -2 -12 3 -3 -1 -3 
-1 -3 -22 4 1 -2 0 -7 
-5 -4 -30 -4 0 -1 -5 9 
-3 1 -2 -9 -8 -2 -5 -15 
-2 -5 4 10 9 3 2 -8 
20 -1 19 -3 0 0 5 39 
-4 4 4 1 -1 -1 -2 -14 
-10 -2 -14 -2 0 -3 -1 -7 
18 -1 3 -1 -5 -1 -6 -2 
-15 5 -8 -4 6 -1 -8 5 
-34 -2 9 1 -3 -3 4 -35 
5 -1 -8 3 -1 -2 -4 15 
2 -3 -7 -10 0 0 2 -18 
6 -4 1 3 -4 -4 1 -6 
15 -1 1 -2 0 1 -2 20 
-12 2 2 1 2 0 0 -9 
12 -8 -11 -11 -7 0 -1 9 
-2 6 10 5 -4 -3 -9 -17 
-4 0 11 -9 -3 -2 5 19 
-5 -2 -2 -3 -5 -2 -4 -7 
0 -1 -14 -1 3 0 1 4 
-10 -15 -31 -18 -11 -4 1 -8 
3 -2 8 2 -2 -3 -6 1 
-3 -6 -14 5 2 -2 0 1 
-9 1 3 0 1 0 -4 -20 
-2 -3 17 10 1 1 0 40 
21 6 -7 -1 -1 -2 -5 -29 
-45 0 2 -3 -1 -1 -1 5 
5 0 2 3 1 -2 -2 9 
0 5 -15 -7 -2 -2 2 -8 
18 1 0 -2 -1 0 -2 24 
0 -5 4 -6 -5 -2 -3 -3 
5 -2 -3 1 0 -1 -4 -3 
-28 11 11 6 -1 1 1 0 
-7 -3 -13 -5 4 0 -3 14 
-6 0 -6 -13 -4 -5 -13 -52 
8 -7 -12 3 -5 -3 7 0 
7 -5 -8 -8 4 2 7 31 
-3 0 14 2 4 0 -1 8 
1 0 -16 -1 -3 0 6 -14 
4 5 16 -1 -1 -2 -7 0 
4 -5 0 10 -1 1 -3 -12 
23 -12 -36 -8 -4 -3 -1 11 
-51 -7 7 -8 3 1 0 -9 
0 -1 5 5 -4 -4 -3 6 
5 4 13 6 1 -3 -3 -16 
-1 2 -1 -1 1 1 -1 7 
22 -4 5 0 -5 -2 1 -22 
-5 -6 -12 -6 -2 1 -1 17 
-17 -5 3 -4 -2 -1 -2 -5 
18 6 13 9 0 -1 -4 -19 
9 3 -9 -1 3 -1 -4 13 
-9 -2 3 -5 -2 -1 8 4 
24 -2 1 4 -3 -4 -6 -6 
-52 -4 2 2 1 -1 3 9 
18 -1 5 -4 -2 -2 0 -33 
-3 -3 -17 8 4 1 -5 8 
-1 2 1 -13 -6 1 -2 -10 
8 4 4 3 -5 -4 -1 -3 
8 1 3 -2 -3 2 1 22 
4 2 -2 1 5 -3 -1 0 
23 -8 9 -4 -3 -2 -1 -27 
-48 -1 -10 1 1 0 0 14 
15 -2 -6 0 -2 -2 3 18 
-3 2 -9 -4 -8 -6 -6 3 
8 2 -2 -1 -3 0 0 -9 
11 -3 1 3 6 1 0 -14 
-1 0 3 -5 2 1 -2 13 
2 1 7 5 4 1 -6 22 
-16 -7 1 0 0 -3 3 -20 
5 2 14 -6 -4 1 -2 -6 
19 -3 -52 -7 2 0 -1 -10 
-13 -17 3 7 1 -1 -1 -13 
-6 -1 3 -3 -3 1 3 12 
