#EMG
#2
#ID:2-2
-12 2 -11 -1 4 0 -1 -11 
-10 5 -10 5 1 -2 -2 12 
7 -12 12 2 -3 -3 -2 -8 
4 4 -1 4 2 -2 -2 -20 
-6 -11 22 8 1 2 1 4 
8 4 -17 -5 0 -1 0 15 
-15 10 13 -5 -2 2 -1 0 
10 0 -17 -7 -10 -5 -4 8 
-8 3 2 5 6 4 0 1 
6 -3 8 -1 4 -2 -3 -8 
10 -2 -5 6 -4 -1 1 12 
-29 -5 6 -5 -2 -3 -3 -17 
13 12 -2 -5 0 0 0 16 
-1 -10 -6 -2 -1 0 1 4 
40 1 -4 -2 -2 -2 -2 -8 
-46 -3 7 11 2 1 2 12 
-10 -4 -13 -10 -5 -5 -5 12 
6 -1 5 3 -1 1 0 10 
4 -5 -1 0 -2 -1 -2 2 
26 2 -7 -6 -1 0 -1 12 
-18 -5 1 -1 -4 -1 -1 -9 
15 -3 -2 -4 -1 -1 -4 -19 
-35 -3 -5 -5 -2 -3 -10 -22 
5 0 0 1 -1 1 19 39 
-2 -2 -12 -6 2 -2 1 -1 
-17 3 -3 -7 -7 -1 -7 -43 
-4 -1 -13 1 4 -2 -4 -5 
9 -11 3 0 -2 -4 -10 -11 
17 3 21 6 -3 -1 -3 -2 
-1 -4 -6 1 -3 -1 4 5 
-27 -1 -14 -13 -2 -1 -2 15 
34 7 11 3 -1 1 -2 -13 
1 -6 -22 -2 0 2 3 -13 
8 -1 12 2 4 -6 -8 7 
-7 -5 10 8 -3 -4 -1 6 
1 2 -4 3 6 1 0 -23 
-3 -3 8 -8 -4 -2 -3 -7 
5 -2 -30 -4 -2 1 1 4 
0 -2 7 -2 -2 -3 0 -6 
-9 -3 -1 0 -1 -2 -2 17 
-2 2 19 10 2 -3 -6 11 
1 0 -9 -7 -1 0 5 -9 
-9 -9 3 -1 -3 -2 -4 -19 
11 6 -1 1 0 1 -3 8 
34 -15 -6 0 -1 -2 -1 2 
-34 6 16 -2 -3 -2 -8 21 
8 -3 -9 4 2 3 9 -13 
-1 -2 7 -1 1 -1 -4 21 
-1 -14 -9 4 1 -1 5 -35 
3 3 13 1 -3 -5 -3 -3 
-13 3 -7 -11 -5 -2 -4 1 
-8 -5 -34 -5 -4 -2 0 -4 
-6 1 13 -14 -8 1 0 26 
10 -6 -11 5 8 0 -3 -3 
-10 4 23 5 2 1 3 24 
8 -6 -1 -2 -5 -4 -4 -35 
-6 2 -13 -1 -3 -2 -1 -7 
-10 -5 -25 -12 -5 -1 1 -2 
7 3 16 0 -3 -1 -1 13 
10 2 -2 2 -2 -2 0 6 
-29 2 2 -4 -1 -4 -3 -6 
-1 2 5 2 -1 1 4 -1 
21 0 -12 -1 -4 -3 -2 11 
-6 -4 -11 -8 -7 1 0 10 
-3 -2 -13 -2 0 -2 -5 -20 
6 3 23 12 0 1 4 8 
-9 -11 11 8 3 0 0 -10 
-1 2 -16 -21 -4 0 -2 4 
-2 3 4 8 0 -5 -3 6 
47 1 2 -6 -1 -2 -7 11 
-35 -3 -7 -4 -7 -2 11 -14 
6 5 5 1 10 4 2 6 
-7 -7 -11 -5 -3 -1 1 -4 
1 3 10 0 -8 -4 -6 -5 
8 -3 -17 -8 2 0 -3 -3 
1 1 23 25 15 -3 0 -2 
5 -7 -17 -7 -6 0 -1 2 
-15 -5 -6 -16 -6 -6 -1 -4 
3 5 5 -10 -4 2 -4 -5 
-13 -5 21 8 9 4 2 -2 
2 -1 4 2 0 0 1 -1 
-10 -2 2 10 -3 -2 0 2 
-2 0 -5 -2 -10 -5 -5 -9 
-1 -6 -11 -22 -9 -5 -3 -4 
5 5 14 8 2 0 -1 -3 
10 3 3 -1 -1 -1 -1 28 
-21 -8 -15 4 0 -2 -4 -64 
-3 2 -5 4 0 -2 1 38 
50 0 10 4 3 2 7 -5 
-56 -5 -23 -15 -1 0 -6 9 
27 3 15 6 5 1 7 25 
-26 -10 -14 -2 -9 -8 -9 -27 
-16 -11 -5 -6 -2 -3 -8 1 
-2 5 17 0 -1 1 -3 -7 
2 -4 4 11 9 -1 -7 -14 
-9 1 -7 -12 -8 -2 4 10 
16 8 15 15 1 -5 -7 5 
4 -11 -18 -8 1 0 4 -4 
-6 2 -15 -5 0 -2 -5 -13 
2 10 14 -3 -7 0 -1 -13 
-28 5 5 2 4 -2 -4 16 
-3 -8 -9 -2 -3 -3 -4 -36 
0 7 0 5 1 1 15 15 
28 -2 10 5 -4 -5 -8 17 
-48 2 -32 -12 -1 2 3 -11 
1 2 -7 2 3 -1 -4 13 
9 -7 -2 -10 -4 -4 -9 8 
4 2 13 17 3 2 2 -24 
18 2 -7 -8 0 1 -1 25 
8 -8 14 -2 -2 1 2 -6 
-8 3 -17 -2 -2 0 3 8 
7 -1 -4 -4 -3 -1 0 4 
-4 1 6 -11 1 0 -4 -12 
0 -9 -11 0 0 -1 1 -35 
-20 3 1 6 -4 -1 -3 -22 
-22 -3 9 -3 0 -1 3 2 
21 -5 -8 -9 -7 -3 2 21 
-18 -11 -27 -7 -2 -1 -9 -7 
6 0 19 5 -1 -1 2 -12 
24 1 -1 3 3 1 -3 3 
-58 -2 -12 -2 -2 -1 -2 -15 
10 6 25 12 1 -1 4 12 
9 -5 -29 -8 1 -4 -7 20 
7 -5 -3 -5 -4 -2 -1 -22 
21 -1 10 -2 -5 1 0 2 
-8 3 4 6 6 -2 -6 -25 
-21 -2 4 -3 -1 0 2 45 
10 0 -5 -5 -1 -2 -10 7 
7 -1 -23 -3 -3 -4 -3 -19 
2 4 10 -1 -4 2 9 27 
-6 0 18 6 -1 0 -10 2 
-14 -5 0 0 2 2 18 0 
5 1 -12 -3 -4 -2 -4 -17 
31 -5 7 -5 -5 -1 -3 13 
-2 -42 1 2 0 -2 -14 3 
-24 -6 -39 -8 -4 -4 -3 -22 
-67 -6 -10 -2 0 -4 -14 -27 
32 19 1 2 2 -3 -2 21 
-4 0 6 -4 -3 2 20 -5 
4 -7 -18 -1 -3 -5 -16 -4 
19 -5 19 7 1 3 19 -3 
-51 -6 -25 -13 -3 0 -8 -3 
49 17 1 -4 -5 0 -4 -5 
-8 -4 -2 4 0 -11 -65 -14 
16 5 3 -3 -1 2 33 25 
39 -13 0 3 -1 3 41 -33 
-52 17 -3 -7 -1 -4 -19 10 
17 4 30 -2 2 9 16 20 
-19 12 -24 2 -2 -6 -19 -38 
11 14 15 0 -1 -6 -42 -13 
2 -28 -25 6 -4 -1 25 19 
-2 17 -5 -13 -7 -4 9 19 
17 -1 34 7 2 3 -5 11 
-31 -5 -8 11 0 2 3 7 
41 44 18 -21 -6 -7 -25 -24 
-41 -23 23 4 1 4 2 -8 
10 4 6 10 -3 -1 11 43 
-29 15 -42 -1 -1 -6 -8 -8 
54 20 7 -16 -1 4 -5 -30 
-28 0 49 7 -1 0 27 -7 
8 -2 21 -7 1 -2 -12 -44 
-28 -26 -61 -6 -2 1 3 -4 
42 -3 30 13 -1 -1 1 39 
23 5 -34 -19 -1 0 6 7 
34 -11 -44 2 6 -3 -13 -29 
32 15 38 5 -4 0 7 40 
-68 -6 -14 -3 -1 -2 5 -42 
-7 9 18 19 2 1 -4 -6 
-22 -21 6 -8 -5 -4 -8 13 
10 0 -6 -14 -8 -3 -1 1 
-9 4 11 5 8 4 5 -2 
5 -20 -54 2 -3 -2 -3 15 
-3 -1 19 9 1 2 4 -14 
-19 2 12 -7 -7 -5 -11 -31 
-19 -16 -7 5 -2 0 13 76 
2 5 -13 -7 -2 -5 -5 -85 
9 6 -10 -8 -3 -2 3 40 
-4 -12 6 -2 -1 -1 -8 -19 
-7 0 -4 -2 -1 -2 -8 -1 
14 -11 -5 0 0 -1 -1 42 
-1 0 -1 -9 -4 1 7 23 
-8 -5 14 11 0 -1 -2 38 
-9 -13 -19 -1 2 -1 -8 -77 
7 2 3 0 0 0 3 73 
-29 -12 10 8 -2 -3 -14 -99 
11 3 11 3 1 -6 8 55 
4 -5 -25 -12 -7 -2 3 3 
-4 -4 -16 -13 -4 3 -6 -25 
14 10 23 6 1 -3 -22 36 
-6 -5 -13 -3 0 -3 -22 -20 
-4 -5 11 7 -1 4 53 31 
27 10 20 0 1 -7 -33 -37 
-39 -8 -20 4 0 1 45 41 
17 -1 0 4 1 0 -9 9 
-11 1 -1 2 2 -4 -69 -16 
16 1 -6 -8 -4 9 110 14 
11 -7 14 -1 -3 -6 -37 8 
-7 4 9 -5 -2 1 9 -20 
8 -20 -12 2 2 -7 -12 12 
-19 3 15 -7 -2 1 -19 -21 
7 10 -44 -6 -4 2 4 -5 
-6 -19 28 -1 2 0 29 6 
4 23 -17 -10 -5 -3 -13 -1 
-8 5 11 22 3 -4 -18 -13 
-11 -4 -3 0 -2 -1 12 9 
7 1 -27 -3 1 2 -7 -2 
-5 -1 62 2 -4 -3 4 -21 
20 -11 -72 -10 -5 -3 -7 34 
-21 28 38 1 2 2 0 -23 
38 -15 -81 -9 -3 -6 -1 7 
-55 10 63 -2 -1 1 1 -27 
-14 4 9 12 -2 0 3 29 
5 -37 -6 -8 0 4 -11 -35 
-12 -9 11 8 -1 -3 -4 -22 
16 15 -36 -6 -3 -2 7 28 
4 4 -6 -19 -4 0 -10 -27 
-6 1 -15 13 2 -6 -1 10 
-10 -24 36 2 5 3 5 19 
32 -12 -30 8 -3 -1 1 -9 
-14 10 37 4 1 -2 -12 -23 
14 7 -26 -4 -8 -2 7 4 
-14 11 12 -8 -3 -2 3 11 
6 -12 -29 -14 -9 1 -1 -2 
-8 -27 -41 -3 7 -2 -2 48 
3 3 24 -13 -1 0 -5 -83 
-4 -6 14 12 -2 -3 -2 71 
-15 -10 -20 -19 -6 0 4 -27 
-6 4 5 2 -5 -11 -29 -100 
-19 -1 3 1 3 6 14 66 
23 12 15 3 -2 3 24 -23 
33 0 3 6 3 -3 -12 32 
-55 -5 5 -4 -1 2 -20 10 
52 -1 -5 2 1 5 28 2 
-19 1 -3 -3 0 0 -9 -35 
10 10 1 0 3 -1 8 30 
26 3 10 -1 1 1 -13 -4 
-33 4 -9 1 -6 -10 -9 8 
-9 2 0 1 3 -1 -12 5 
-44 -14 -13 0 -1 -7 -7 -70 
80 -7 4 2 -2 4 32 50 
-43 0 16 0 3 0 14 -43 
30 6 -19 -6 -2 3 0 2 
-47 -1 10 7 2 3 13 -4 
6 3 0 -1 -4 -5 -12 -9 
22 -1 14 -3 -1 -1 9 28 
-8 12 7 3 1 -6 -30 -3 
24 -6 8 3 1 0 -16 -2 
-29 2 -19 -8 1 2 22 8 
25 -8 -16 4 -2 -4 -24 17 
-24 4 51 20 -7 -6 -9 -31 
7 -5 -55 -18 -6 3 15 9 
-4 6 26 7 -4 -2 7 30 
-13 -1 -14 -24 -8 -4 -17 -6 
18 7 0 -21 -4 -5 -2 -22 
9 1 38 9 7 4 13 16 
-14 -10 -24 -12 -13 -4 -10 -3 
6 -1 -14 21 12 -1 -13 3 
-21 -5 -16 -10 -2 -1 13 -5 
33 7 -8 3 -8 -2 -6 20 
-24 11 21 -9 -3 -6 -7 -38 
7 -2 7 4 -16 -6 -2 5 
10 0 -9 25 26 10 13 9 
-49 -7 7 -1 -1 -5 -10 12 
6 10 15 3 -3 -3 -8 -49 
14 -18 29 -10 -3 4 14 40 
-26 -13 -59 -21 -8 -3 -11 -31 
-4 29 -23 8 3 1 3 25 
-2 4 -2 -7 0 -1 1 -20 
-7 -10 -3 1 2 -4 -5 -2 
10 8 16 0 -3 -1 -4 -2 
-3 -8 46 16 4 -2 -10 -14 
-11 -20 -42 -5 0 4 21 21 
0 3 -3 -2 -3 0 -2 -36 
-28 -5 17 -1 -2 2 2 5 
0 -14 -17 -9 -7 -4 -14 -7 
21 10 -9 4 4 3 10 21 
-30 3 12 9 3 -1 -8 -18 
5 -19 -26 -7 -9 -3 6 -1 
2 -2 9 0 -4 -5 -4 4 
-11 -12 29 2 1 -1 -4 3 
4 -5 -64 -20 -7 -3 4 34 
10 0 -6 -4 -11 -5 -7 -22 
2 -6 -6 -10 9 3 5 5 
8 1 21 18 -1 -1 -7 -12 
-2 1 -11 -3 2 -3 -8 -8 
-13 2 26 1 0 2 -1 9 
0 -22 -2 -4 -11 0 5 -15 
1 -7 -29 -3 6 -2 -11 9 
-6 12 11 -15 -4 3 16 18 
2 3 2 3 -1 -1 1 -61 
9 9 18 -1 2 4 4 22 
-4 -3 8 9 2 -2 -6 9 
-17 2 4 2 -1 -3 -5 -29 
16 -2 -46 -9 0 -2 -3 28 
8 -4 1 -1 -5 -3 -3 -9 
-16 6 24 -2 -2 1 2 -11 
64 -12 -12 5 3 0 -9 26 
-72 -2 -5 -11 -1 2 3 -22 
-20 -6 -33 4 1 -2 -19 8 
8 -2 20 -3 -5 -1 17 9 
7 -1 -20 8 3 -3 -11 -10 
14 5 14 -8 -4 1 9 15 
10 -12 -4 -4 -4 -1 2 -2 
-3 8 -18 -3 0 -2 -15 -6 
-15 4 28 12 -4 -5 -15 -8 
7 -1 12 2 4 2 6 7 
0 6 -1 3 1 2 11 10 
8 -4 -10 -9 -3 -1 -6 -5 
3 -2 1 -6 -3 -1 5 -2 
-8 5 7 -1 2 -1 -5 22 
-9 -1 2 -6 -3 0 10 -46 
17 -9 -21 5 1 0 4 43 
-20 2 -21 -13 0 -1 -4 -17 
57 0 16 7 -3 -3 -15 -9 
-67 19 5 12 2 1 13 -7 
-4 -14 10 -2 2 -1 -22 19 
6 3 -15 2 -1 0 26 10 
8 2 14 -9 -3 -2 7 -14 
22 -3 -27 3 -1 -4 -11 -1 
-12 -1 -11 -12 -2 -2 -11 7 
-7 0 14 -1 -3 -4 -15 -38 
10 4 19 0 0 -1 -3 10 
-12 -7 3 9 -4 -4 -4 -6 
-6 0 -17 8 4 2 4 -13 
7 -4 8 -3 -1 -1 2 59 
-14 4 -10 3 0 -2 -4 -3 
26 -5 -4 -22 -5 0 1 8 
10 -6 12 2 -7 -2 0 22 
-13 5 2 -2 -2 1 -6 -70 
-17 -16 -14 -2 -2 -2 -19 -18 
6 0 -15 -8 -4 0 26 8 
-6 6 8 14 6 -3 -12 -4 
23 8 25 -11 -3 0 17 38 
-29 -15 -30 8 -1 -1 -5 4 
-1 -19 12 4 -1 -4 -8 -33 
6 -2 -15 -7 -3 -5 -7 -8 
-7 -6 -7 -1 0 -3 -6 -20 
-1 13 13 9 -1 1 4 20 
9 8 14 -3 1 -1 -4 28 
-11 -5 -6 -9 -5 -4 -5 -54 
-5 8 0 -1 -1 -1 -20 30 
8 -9 -4 -4 -3 1 14 -12 
9 1 2 -3 0 -1 -3 22 
-11 5 9 0 -4 -1 4 4 
16 -1 22 4 -2 2 2 10 
-2 -12 -46 -7 -3 -2 -5 -14 
7 7 50 18 4 0 -12 13 
-5 -14 -36 -6 0 3 11 -14 
-22 -14 -4 -2 -1 0 3 16 
12 16 19 7 -4 -4 -6 -6 
-2 -3 -26 -2 0 -1 -8 -7 
9 8 10 -9 -6 -4 1 -2 
8 18 6 8 0 -1 -6 -22 
-56 -12 7 -5 -2 0 13 34 
7 -6 -12 -3 1 -6 -23 -37 
0 9 15 -2 -4 -4 4 12 
-19 -10 -13 -6 -3 -3 3 -12 
30 7 -5 -3 1 2 -1 27 
5 5 -2 -3 -2 -2 10 14 
-11 -12 0 0 -2 -2 -16 -21 
-4 -5 -3 3 -1 -3 1 10 
6 13 28 0 0 0 -1 -9 
6 -6 -18 2 0 1 -4 -2 
-8 -7 -10 -7 -2 -2 -1 21 
25 1 16 -5 -1 1 -4 -50 
-5 -13 -24 -10 -6 -1 9 48 
-6 6 8 5 7 1 -6 -21 
-9 -7 -13 1 -4 -2 2 -1 
23 4 37 16 -2 3 19 12 
-18 -14 -58 -36 -7 -4 -10 -3 
-5 7 0 -6 -5 -5 -7 -36 
-15 -12 15 0 -2 -1 9 6 
-21 -3 -15 7 2 -2 -13 -17 
31 9 28 7 0 -3 4 -2 
6 -1 -13 -6 3 0 2 12 
2 10 -5 3 3 0 1 3 
1 -4 -15 -13 -4 1 -2 38 
-31 -6 8 4 3 1 4 -55 
1 -1 1 -7 -5 -2 5 1 
14 4 27 21 1 2 -4 -16 
-40 -9 -38 -14 -6 -7 -3 23 
23 2 0 4 -1 -1 -5 -15 
-6 -2 15 12 1 0 -9 5 
-2 -4 -22 -15 -1 1 15 1 
7 2 33 1 -1 -2 -6 -18 
-7 -5 -27 0 -3 -4 -2 28 
-6 -24 -20 4 -2 -1 -6 -11 
-6 7 15 -4 0 -1 -1 -2 
28 -15 -5 -5 0 -1 -2 26 
5 1 -1 4 -2 1 2 -12 
12 0 3 -9 -4 -3 -13 -18 
3 -1 -5 -5 -2 2 17 43 
-11 -3 -27 -4 -1 -4 -1 -33 
-5 -1 23 1 -3 -3 -8 7 
-2 7 9 1 -2 1 8 11 
12 4 -7 -9 -3 -1 -9 -16 
-9 15 6 4 0 0 -2 -1 
56 -3 -19 -4 3 -2 -16 4 
-76 -5 14 -10 -8 1 31 14 
6 -12 -9 -4 -4 -4 -9 -4 
-4 -1 15 8 0 2 1 13 
-2 3 0 6 4 0 -4 -17 
19 11 -2 -7 0 -2 -6 12 
1 -7 -16 4 2 -1 0 -23 
-30 -6 0 4 -3 -1 -3 -5 
3 3 -11 -10 -1 2 6 -3 
15 -1 -8 3 0 -1 -15 -6 
-8 3 17 1 3 -2 17 24 
6 -2 9 -7 -3 -6 -17 8 
-15 0 19 12 0 -2 -1 -64 
1 0 -45 -16 -6 -2 17 2 
4 -12 -11 -4 -2 -1 -10 3 
1 0 18 7 4 -1 2 -4 
-10 -3 -3 4 -3 -3 -6 18 
14 -1 -1 -10 -3 0 -3 7 
-44 -8 4 -2 -5 -4 -12 -41 
-9 -2 -39 -11 1 2 7 -9 
-2 2 12 6 0 -1 1 2 
0 -2 8 6 -3 -3 -9 -4 
20 1 -3 -4 -4 2 6 8 
4 -5 -12 0 10 1 -2 -8 
-18 14 -1 0 -4 0 -2 -17 
3 -11 -23 -10 -5 -2 7 22 
5 7 10 5 -5 -2 -6 -1 
-5 -7 3 -4 1 0 -2 -7 
12 6 20 -1 1 -1 3 14 
-13 -1 8 9 6 -3 -6 -3 
6 0 -31 -11 -4 -1 2 -27 
6 7 7 3 -5 -1 1 -14 
2 -4 -9 -9 1 -1 7 10 
-9 5 23 2 -1 0 -4 -11 
1 5 10 4 -1 -2 -5 15 
6 -7 -10 -5 -2 -1 0 -3 
52 1 6 -1 0 -2 -3 8 
-52 -5 -9 -5 -9 -2 -9 -1 
15 7 0 11 11 -1 21 5 
-1 2 -8 -19 -7 -4 -14 -4 
0 1 1 7 1 2 14 37 
27 -10 -16 -3 1 -3 -8 -26 
-41 2 22 6 -1 2 -3 18 
6 6 -5 0 -2 3 7 -17 
-9 -6 -3 -4 3 0 -5 6 
-2 1 29 8 0 -2 -1 -18 
-14 -5 2 -4 -3 -5 -21 4 
8 -3 -21 11 0 -2 16 -26 
-20 -4 -4 -18 -3 -2 -8 5 
3 0 11 3 -2 -1 4 -5 
19 0 2 2 5 1 -2 -4 
-9 0 -5 -2 -2 -2 -11 15 
-14 0 16 3 -3 -3 1 -11 
22 -2 -30 -9 1 0 -1 10 
45 -6 0 -8 -9 -4 -4 2 
-29 -3 4 7 6 2 4 23 
-12 -4 12 15 -1 -1 0 -8 
-1 4 -3 -12 -1 -3 1 1 
12 -2 -10 -8 -8 -2 -8 -10 
-9 -6 0 0 -1 -2 -5 3 
-3 -14 -2 -5 -2 -1 -6 -16 
11 13 8 5 1 -1 1 13 
-12 -6 -5 -8 -1 1 4 -5 
5 -3 12 7 -8 -4 -4 0 
-21 -10 -32 -7 -3 -4 -2 4 
26 -3 2 -3 -2 -2 0 3 
-15 -3 1 0 1 -1 2 -2 
4 6 0 -2 -4 0 -6 6 
-2 -3 3 -3 0 -2 -3 -13 
-1 -2 0 -2 0 -1 2 2 
-14 4 3 0 -1 0 2 1 
1 -8 -25 -16 -7 -5 -2 -8 
-27 14 -4 3 1 1 -2 -24 
5 -3 -3 1 1 1 0 12 
-9 1 5 11 3 -1 -2 1 
51 1 -5 -9 -2 -3 -3 -23 
-41 -4 -4 -11 -6 0 2 42 
-16 -4 6 3 0 -3 -4 -25 
6 6 11 -7 -1 0 -10 32 
-4 -3 -5 1 -3 2 17 17 
40 4 -5 4 0 -1 0 -8 
-13 2 12 6 3 4 8 15 
15 -5 4 6 -1 -1 0 -13 
-23 6 -8 -1 1 0 -7 12 
5 3 12 0 -4 1 -4 6 
-19 2 0 -1 8 1 -5 -48 
10 -3 -37 -4 -4 -2 3 21 
-5 -18 4 1 -1 -5 -9 -8 
0 -7 -5 6 -2 -2 -2 -17 
6 -3 5 -18 -7 -1 -3 18 
-2 2 6 -11 -5 0 2 4 
-13 3 -11 3 -1 1 2 -10 
3 0 -7 1 6 -2 -2 -1 
30 -1 7 1 -3 -3 -2 -18 
-29 7 -4 -3 -1 -3 -2 -12 
3 -3 4 4 -2 1 -2 5 
10 4 -1 -3 -4 -2 4 13 
8 -3 10 -1 -4 -3 1 9 
-5 -6 -19 -7 -3 -4 -8 -11 
2 2 33 13 -1 -1 7 28 
-9 2 -9 2 4 3 -4 -44 
-1 -11 -32 -4 -4 -4 -5 16 
-15 -2 -4 0 4 5 10 2 
-15 -4 8 -8 -4 -5 -11 -10 
9 -1 8 -3 3 -2 0 14 
-7 -5 -9 4 -6 -4 3 -6 
-1 -4 4 1 -3 -2 -2 4 
14 4 -7 -11 0 2 0 18 
14 -14 7 -2 -6 -2 -6 -13 
-12 1 4 -1 1 -1 -6 -21 
9 12 14 6 0 1 1 -9 
-4 -2 -17 -1 8 3 1 4 
-7 -2 -4 -2 -5 -2 1 9 
43 -3 7 7 0 0 0 3 
-61 -12 -3 -6 -5 -4 1 -14 
5 4 -2 0 -2 -1 1 -9 
-8 8 20 -1 1 -2 -7 -6 
-5 1 -11 5 -3 0 1 15 
24 -3 0 4 2 0 0 -4 
2 4 2 -9 -4 0 -6 8 
8 0 -17 -9 -4 -5 1 -21 
-37 -4 22 3 2 2 -6 2 
12 -6 -3 2 -1 -2 -1 1 
-8 -5 -10 -2 -4 -3 -2 9 
-8 -2 -2 2 -2 -3 -3 -1 
-8 -2 -2 1 -1 -2 4 -26 
15 0 11 -4 -2 -3 -1 -3 
-6 -4 -36 -6 -2 -2 -3 -22 
-4 -7 -3 -7 6 -1 0 6 
-9 -8 6 4 -2 -2 -6 17 
8 1 2 -11 -4 0 -2 13 
-22 0 4 -3 -5 -4 -3 -25 
-3 5 -1 2 1 -1 4 21 
42 5 -3 -13 -3 -2 -5 -17 
-45 -7 4 12 -3 -2 -6 -16 
-23 -5 1 -9 1 0 -4 3 
6 2 -1 1 -4 0 2 -10 
-15 -4 -5 -1 -1 -1 2 16 
31 1 0 -5 -3 -1 5 0 
-6 1 -4 1 0 -3 -13 -14 
17 -5 -4 1 -2 2 15 7 
-17 3 2 9 -4 0 -2 31 
-12 -7 -7 -15 -6 -5 -18 -86 
5 -11 5 0 2 2 17 30 
-12 -2 -8 -5 -4 -1 -5 -7 
-4 0 -12 1 1 -1 -2 2 
7 7 30 10 1 0 1 12 
4 2 -32 -11 -2 -2 -5 -4 
3 -2 -2 5 -4 -3 -4 -4 
53 8 -4 3 3 2 10 10 
-67 -5 6 -3 2 1 -4 0 
-2 9 33 -8 -3 0 2 25 
-11 1 -34 6 2 0 -1 -22 
-2 -9 3 -4 -3 -1 -2 -5 
38 8 -7 4 1 -2 2 5 
7 3 14 10 2 1 2 -3 
-11 0 0 -4 -4 -1 -6 10 
-7 -4 3 -13 2 -3 -2 -12 
11 -4 -22 8 -1 0 0 11 
10 -4 3 -7 -4 0 3 -1 
-29 0 13 4 0 0 -1 4 
13 0 -14 -3 -4 -3 -1 -8 
-39 1 0 1 -1 -2 -3 -6 
12 -1 -17 -6 -1 -4 -6 -4 
15 -4 6 3 2 2 3 3 
-12 -1 7 -7 -3 -2 -3 -13 
44 -3 -27 -9 -1 -2 4 4 
-41 -5 -1 8 1 -2 -6 34 
-1 4 32 4 -4 -2 1 0 
-14 -2 -24 -6 1 -3 -7 -10 
12 -6 -7 -2 -2 -2 8 4 
12 1 1 1 2 0 -1 -33 
7 -1 -9 -10 -6 -2 -4 38 
7 -7 9 6 5 0 -2 11 
-10 0 13 -1 -5 -2 -5 5 
2 3 5 7 7 0 1 -48 
-1 -6 -27 7 7 -4 -2 19 
1 -12 -5 -24 -9 -2 -4 -29 
-55 -4 1 -1 -1 -2 -2 10 
4 -3 15 3 -3 -1 3 12 
1 0 3 -2 -4 -2 -9 -17 
-7 7 -2 2 0 -2 5 16 
23 0 2 -1 0 0 2 -10 
6 -4 0 9 0 -3 -3 14 
-4 -2 -21 -20 -3 -2 -1 -18 
-5 3 -17 1 -2 -1 -1 17 
8 10 8 -1 1 1 -5 -14 
3 -3 11 5 -5 -4 7 16 
20 -2 17 6 2 -3 0 3 
-12 -7 -9 2 1 1 1 11 
18 -3 -19 -9 -1 -6 -9 -31 
-16 4 7 0 0 1 -2 -3 
8 0 22 -3 -4 -2 1 5 
-17 2 -7 0 -1 -1 -2 -15 
13 0 -10 -4 5 3 3 17 
1 -2 -6 -3 -2 -3 -11 -11 
3 0 12 -9 -2 1 14 0 
-16 2 7 22 0 -2 -4 3 
9 -5 -11 2 2 2 6 20 
1 0 10 -4 -5 -2 -2 -9 
-10 -10 4 1 -1 -2 -9 -42 
-12 -3 -21 -15 -5 -4 -1 -14 
-13 -2 13 14 10 0 0 7 
