#EMG
#3
#ID:3-3
-6 -2 -9 -13 -6 -1 0 0 
10 1 -4 5 9 3 0 9 
-7 -8 -3 -4 -3 -2 -1 -2 
6 2 1 -4 -3 0 -5 -2 
3 -14 -5 -5 2 -2 0 -4 
-10 -1 7 4 -3 -2 -3 -13 
20 4 4 -3 0 -2 -1 30 
-19 -3 -3 3 0 -1 0 -4 
-5 1 10 2 1 0 -2 -1 
-2 -4 -3 -8 -4 -4 0 2 
8 -4 -26 5 -1 -2 -3 -11 
-12 0 -7 -13 -2 -3 -4 -2 
14 4 6 4 2 0 0 4 
-8 -1 15 1 0 -1 1 29 
-22 -5 1 1 -4 -1 -3 -30 
-1 3 -9 1 -3 0 0 23 
57 3 -9 -4 -5 1 -2 -14 
-39 -9 9 0 6 1 4 1 
-20 1 -27 -10 -2 -3 -3 -9 
1 0 16 1 1 -2 1 14 
-1 -7 -9 -3 -3 -2 -1 -3 
20 5 2 5 -5 -3 -5 -4 
5 -6 9 2 -3 0 0 8 
1 2 5 -4 0 -1 1 -21 
-15 0 9 3 2 -3 -6 -5 
5 7 -12 -5 0 0 -1 -21 
-28 -3 6 -9 -2 0 0 29 
17 2 2 4 -2 1 -2 -10 
-19 -2 -3 0 -2 0 0 -22 
15 0 0 5 -6 -5 -1 12 
5 0 -2 0 1 -5 -3 -3 
-20 -4 -7 -4 -4 -3 -4 -50 
-10 5 -8 2 -2 0 2 14 
8 -7 3 -5 9 2 0 13 
5 6 -6 6 -7 -3 0 -5 
-1 -3 25 12 0 0 -3 -11 
6 0 -25 -16 -5 -1 2 1 
-19 -4 -5 -3 -5 -4 -4 -15 
21 0 7 -12 1 0 -1 21 
-20 -3 -4 5 -2 0 -1 -14 
7 -7 5 3 -6 -3 0 -8 
8 3 -4 -8 2 2 0 11 
-10 -5 7 3 -4 -2 -3 -8 
18 -1 -18 -8 2 -2 -2 4 
-11 -2 2 9 1 0 -1 6 
-6 -5 -3 -4 -5 -4 -3 -6 
11 1 2 -3 -6 0 -1 -13 
-3 -3 -7 -3 0 -1 -2 3 
8 5 0 0 -2 -2 0 12 
-19 -6 -5 -1 1 1 0 -4 
5 -7 -2 1 1 -1 -5 7 
13 3 10 0 -5 -4 -1 -10 
-34 -1 -6 -6 4 -1 0 -2 
17 2 -5 -3 -7 -1 1 -4 
1 1 -2 -2 -1 1 0 -3 
-7 -4 -11 -7 0 0 -1 6 
7 -1 8 5 -2 -2 -4 4 
21 0 0 0 3 -1 -2 7 
-15 -1 5 4 -2 -3 -3 -22 
-45 -6 -17 -7 -4 -4 -1 -8 
20 1 1 4 1 3 5 4 
-16 3 -1 -5 -4 -1 -5 -3 
-13 -3 -1 1 1 0 2 -1 
27 2 4 -3 -1 0 -1 9 
-9 -6 -9 -6 3 -1 -2 9 
-14 12 6 -2 -6 -3 -3 -9 
20 -2 6 17 1 1 1 0 
1 -4 -1 0 -2 -2 0 -4 
-12 -2 9 3 -6 -3 -2 -9 
6 -4 -21 -18 -6 -2 1 4 
1 -4 -9 -3 -1 -3 -3 -5 
32 0 5 -2 0 1 1 15 
-30 -3 1 6 4 -1 0 -11 
9 1 4 0 -3 -3 -5 -12 
-14 -2 -11 3 -3 -3 -1 7 
32 -3 11 -4 -3 0 0 18 
4 1 -11 -19 -2 -2 -4 12 
-17 -7 -14 6 0 1 -1 -59 
7 3 19 1 1 -1 1 23 
-9 1 -10 1 1 -2 -4 15 
17 2 0 3 0 -3 -2 -21 
2 1 10 7 2 -1 1 13 
-2 -5 -5 -10 -1 0 -3 -17 
-19 -7 -23 -7 -3 -3 0 2 
-7 -4 -1 2 -2 -2 -4 12 
26 -6 -14 -7 1 -2 0 5 
-50 2 10 -2 -1 0 -1 -1 
26 4 12 3 -3 -2 0 -5 
-7 -1 -3 -4 -1 1 -2 -12 
1 -1 0 4 -1 0 1 14 
12 14 -1 3 -4 -2 -4 -4 
-20 0 2 0 10 2 1 6 
8 0 7 6 -1 -1 -2 -25 
4 -6 -5 -10 -2 0 0 13 
-7 5 -18 -10 -6 -5 -1 12 
3 1 12 0 -3 0 -1 -10 
4 -1 -30 0 3 -3 -2 7 
-5 -2 24 6 2 1 -1 3 
16 -13 -27 -13 1 0 -2 -3 
-18 1 -1 1 -6 -7 -5 -2 
3 -3 14 0 0 1 0 -6 
44 2 -4 2 -4 -4 -1 -5 
-45 -7 16 -2 0 -2 -3 5 
31 3 15 -1 0 2 -3 -21 
-27 -16 -37 -1 3 0 8 2 
14 6 -2 -1 0 -5 -5 -32 
18 0 13 11 2 -2 -1 4 
-21 -5 0 -3 -1 1 3 21 
26 5 15 -3 -3 1 -2 -12 
-25 -2 -12 -3 -1 1 0 7 
3 -11 -1 -3 -3 0 -3 -2 
-8 5 3 1 -1 0 2 -15 
0 -2 5 3 -3 -3 -6 3 
27 4 4 4 2 -1 6 0 
-35 2 -12 -8 -3 0 -1 12 
-20 -3 -10 -2 -6 -4 -9 -27 
-5 7 6 -3 -1 1 -1 -15 
17 -3 -2 0 -1 0 13 50 
33 2 2 -7 -4 -3 -5 1 
26 -9 -8 -3 5 3 12 13 
-40 4 7 7 -2 0 -12 3 
-27 4 0 0 -3 -3 -14 -10 
18 -20 1 -8 -3 -7 -33 19 
1 -2 -30 1 -2 0 28 -17 
-31 15 6 -11 -1 -3 6 5 
7 7 35 10 -2 -5 -16 2 
-8 14 -14 5 4 3 17 -29 
12 34 17 -1 -3 -3 -65 28 
-7 -28 -10 -3 -3 -2 27 10 
-12 8 -6 0 -3 6 39 16 
-32 -12 -13 -11 -1 0 -25 -50 
37 -14 3 1 2 1 27 13 
-13 -1 1 1 -4 -5 -21 -11 
-25 -40 12 9 -2 -9 -41 5 
25 -5 -16 -5 -2 5 43 11 
-18 -11 -5 0 4 -1 -7 -38 
-3 4 8 -2 -4 -3 -12 27 
-3 -9 13 -8 -2 -4 -6 -9 
17 10 -10 1 -1 0 1 2 
-27 -16 -9 -2 -2 -6 -24 -7 
37 -22 -9 -16 -5 -1 24 -3 
35 18 -3 5 2 3 -12 8 
-22 23 -13 -15 -6 -5 -8 -14 
14 12 18 14 -1 -1 9 -7 
-30 -4 19 13 8 1 -16 -4 
4 -3 -27 2 0 0 6 19 
7 19 48 6 3 2 6 -39 
-37 -12 -28 1 -3 -4 -2 3 
47 38 -28 -16 -8 -4 -8 -13 
-9 -9 -22 4 -2 1 6 12 
-38 -28 45 7 6 -1 -1 -3 
-13 20 27 3 0 1 4 15 
23 3 -35 5 2 -1 0 -27 
-28 -20 -43 -30 -7 -1 3 -6 
16 4 8 -1 -5 -4 -2 7 
29 -23 -10 7 -1 2 5 12 
-40 -13 5 3 -2 -2 3 3 
18 3 -10 -1 -2 -1 -2 13 
-28 9 -5 2 1 -1 0 6 
22 8 54 -3 -3 -3 3 -8 
15 -3 -20 -9 -5 -3 -8 6 
-22 7 4 5 5 3 0 -28 
23 -1 -9 0 2 0 -1 -4 
-23 -5 -25 -11 -4 -1 10 33 
-4 -10 10 5 -4 -1 0 -26 
11 2 16 -8 -3 1 16 9 
6 -5 -9 11 0 -2 -5 -6 
-8 -12 -18 -14 7 -1 -8 -16 
12 2 22 9 2 1 -9 11 
-20 2 4 -5 0 -2 -2 -20 
4 -6 -13 -8 -10 3 7 22 
-12 -6 -17 21 6 -5 -7 4 
-3 -2 18 -10 -2 1 2 -55 
-3 6 -8 -4 -4 -2 -6 -12 
10 -3 -2 -7 -3 -4 -8 -2 
5 -7 -7 -11 -10 -5 -22 -11 
33 1 12 1 2 11 8 64 
-47 -3 -2 6 0 -6 2 19 
53 0 -7 -9 -4 1 87 -31 
-68 5 -3 2 -2 9 19 8 
-6 2 3 2 -1 -14 -56 -10 
34 -3 12 -4 -2 0 -54 -11 
-22 3 12 9 4 11 57 -7 
9 -6 -2 -9 -6 -7 -51 0 
1 -26 -29 -7 -2 1 56 37 
-28 17 7 0 -1 -6 -47 -25 
10 -9 -20 -7 2 -5 -37 6 
10 4 28 6 -1 1 -1 -13 
-27 4 -2 1 -5 -2 -1 -6 
30 25 15 0 -4 -9 -6 20 
-9 -4 -41 3 -1 -1 -30 -15 
7 -1 -33 -17 -3 1 28 -16 
1 6 21 18 2 -8 -29 31 
-13 -21 -8 -10 -1 7 40 -20 
6 9 36 -11 -9 -6 -12 -21 
-3 -21 -11 3 1 -1 1 12 
8 -25 -54 -5 3 -1 -3 3 
-31 9 14 2 -5 0 11 -23 
-32 -19 -15 2 1 -2 -17 -28 
2 16 20 26 -2 -5 -9 7 
-1 -9 14 -24 -4 2 4 59 
20 34 -13 3 7 5 18 -58 
-4 -4 -31 16 -2 -8 -27 -51 
-3 12 0 -26 -8 0 11 -12 
-2 -44 21 1 -5 -3 3 0 
-6 -23 -19 16 2 0 0 17 
11 12 -13 -32 5 0 -10 57 
6 3 27 31 0 3 6 -1 
-8 3 -1 -5 0 3 3 -24 
23 -13 2 -13 -7 -5 -4 15 
-10 1 22 23 4 1 -5 19 
-3 -9 -21 -18 -7 -1 5 -28 
55 16 4 -1 1 -2 -2 28 
-71 -6 -4 -3 -2 0 6 -51 
2 7 10 5 1 4 -6 33 
-10 -6 -19 -17 -2 -2 9 22 
17 11 7 10 -4 -5 -15 -35 
5 -7 5 -3 0 -5 -18 -3 
15 -8 4 3 -1 -12 -17 23 
-25 -1 -7 2 2 16 82 9 
0 8 3 -8 -4 -4 -16 15 
-3 -7 -9 0 1 3 -38 0 
18 -3 2 -8 -5 6 99 31 
66 4 0 2 1 -14 -51 14 
-87 10 4 5 -1 5 18 -45 
-27 -5 1 -2 3 4 20 18 
-13 -8 -11 -3 -3 2 -6 21 
-1 -2 1 5 -1 -11 -59 -3 
-3 12 40 3 1 7 17 4 
60 -12 -26 -6 -6 -12 -3 9 
34 1 -9 -6 1 -4 -16 -29 
-81 1 -3 -5 -2 1 -9 15 
-7 -3 9 9 2 -2 -13 -30 
-4 2 11 -2 -3 2 22 8 
18 8 16 4 1 -6 -45 -10 
-8 -9 -37 -6 -1 0 10 -60 
11 10 -7 1 0 4 34 25 
6 7 15 6 -1 -3 -40 17 
-11 -9 -28 -4 -1 9 72 21 
7 -12 23 -2 -3 -2 -6 -33 
-24 -31 -40 -1 2 -1 -3 1 
17 3 2 -12 -5 -5 -6 -2 
-3 21 7 -8 -7 -8 -43 5 
5 -2 -14 -3 -1 -1 5 3 
14 -7 15 2 6 2 1 12 
-6 -25 29 13 0 1 17 12 
-10 19 -39 -12 -2 -4 -28 -23 
4 -5 4 -21 -19 -1 13 11 
4 5 14 8 23 0 -10 -19 
-7 -6 -7 22 0 4 3 -5 
-14 -8 21 -6 -9 -3 0 11 
25 23 -3 -1 -3 1 -9 -16 
3 12 -6 -22 -22 -6 -8 -2 
6 3 -2 18 24 6 15 5 
10 -25 4 -3 -4 -5 -11 -11 
-18 -1 -5 1 4 2 4 8 
3 9 25 8 2 1 -10 19 
10 28 -48 -27 -11 -4 14 -8 
24 -18 7 -2 -3 1 -10 31 
7 3 9 6 4 -3 -12 -39 
-17 2 2 2 -8 -3 5 -13 
2 -13 0 -1 -6 -3 -2 10 
-18 5 -3 3 2 -2 -6 6 
5 3 -4 -9 0 0 6 24 
-23 -11 -9 -5 -1 -3 -9 -54 
3 0 -7 -8 -4 1 3 5 
-35 -5 13 5 0 -2 -7 -13 
-16 -37 -11 5 1 -4 -3 -38 
26 15 -11 8 -3 -2 3 41 
-15 -11 9 -7 -1 -1 -6 -9 
46 5 -4 3 1 0 -1 10 
-78 2 1 0 1 -3 12 -34 
31 3 -8 -7 -2 2 2 35 
8 -5 10 -4 -7 -3 -10 11 
-2 0 7 9 1 -3 -7 -38 
39 8 0 -9 2 11 10 43 
-8 -4 -5 5 -2 -6 -28 -46 
-4 7 5 -4 1 -2 21 13 
-7 -5 3 -1 2 1 3 -30 
7 0 -11 -1 -4 -7 -23 22 
-4 0 -3 6 3 -2 8 11 
-8 1 9 -8 -5 0 -12 -9 
-17 -7 -17 -5 -6 1 7 3 
22 -1 7 5 9 -1 5 6 
-31 -2 -22 -4 -2 -4 -17 4 
8 -8 -11 3 0 -4 4 -18 
-13 -3 21 4 -3 0 -1 -16 
4 5 4 4 -4 1 -3 33 
-14 -10 -13 -14 -8 -6 -7 -48 
0 6 10 5 0 -1 1 -9 
-7 -10 -7 -3 3 1 -2 0 
32 0 2 1 -1 -3 -6 8 
-8 2 3 -9 -2 0 8 17 
-12 -2 3 -2 1 0 1 -15 
8 -3 -28 -2 -1 -4 -12 -9 
-3 -9 7 6 -1 -3 -2 22 
9 3 5 -7 -1 3 9 -1 
-3 0 6 10 -1 0 2 18 
-7 5 11 3 12 0 -4 2 
-1 2 -1 -17 -6 -3 -5 -16 
16 3 5 3 -6 0 5 0 
14 -9 -19 -9 -5 0 4 44 
-3 2 10 7 7 0 -7 -63 
-33 -4 -1 9 -2 -1 3 11 
42 1 10 -2 -4 -2 -7 10 
-51 4 -24 -12 -8 -6 -3 -40 
9 -1 29 -1 -2 2 4 25 
4 -1 -45 -1 -1 -2 -5 10 
13 -2 1 -3 1 1 3 1 
5 -6 -20 1 -3 -3 -7 30 
-17 4 17 12 0 1 2 -23 
-15 -4 10 -2 -1 -3 -2 -16 
-4 -6 2 1 3 1 0 17 
5 -2 9 -3 2 1 -1 2 
-6 0 -17 -8 -5 -3 -4 12 
12 5 16 1 -3 -4 -5 8 
-8 -1 -17 -6 -1 0 -3 -23 
0 -3 9 0 -1 -5 -5 -16 
4 6 -12 -1 -4 -1 1 22 
10 -7 16 4 1 -1 0 4 
-18 -2 -17 -18 -6 -3 -2 -32 
2 1 -3 2 0 2 1 3 
-17 1 7 6 -1 -3 -7 0 
10 2 0 -9 -2 -1 1 -12 
-7 -6 1 7 2 -2 4 2 
13 -3 -8 -3 -2 -2 -6 -3 
31 -7 3 -11 -8 -1 5 16 
0 -4 -6 13 8 0 -8 -5 
-13 4 20 15 4 1 7 4 
4 7 -10 -15 -5 -1 0 -18 
-1 -4 -20 -7 -8 -1 -4 7 
0 1 6 -5 -2 -2 0 9 
-2 3 2 18 0 -1 -2 -10 
-10 2 -3 -7 -3 0 0 -2 
-6 -2 33 10 1 -1 -3 0 
-2 0 -27 -14 2 2 2 -7 
4 -10 -31 -13 -5 -4 -1 -2 
-5 0 27 8 -1 -2 -4 14 
-9 1 4 3 2 -2 -3 -27 
24 8 -2 -6 -3 3 4 19 
-75 -11 -24 -19 -2 0 -2 -33 
-15 -2 3 13 2 -2 -2 -15 
28 0 -3 5 1 1 8 39 
-9 0 16 5 2 -1 -3 -47 
24 3 -5 -4 0 0 0 16 
-5 -6 -10 -15 -7 -1 -3 -22 
-12 9 2 8 9 -1 -2 -1 
14 -6 10 3 -3 -4 -2 1 
8 3 -1 3 0 2 0 11 
-13 4 -10 -2 3 0 -2 -27 
2 -5 -1 -13 -8 -2 -1 29 
-25 -3 -23 -6 -5 -3 -1 12 
16 1 24 2 8 0 -2 -9 
18 -1 -3 1 -5 -3 -2 28 
29 0 -9 6 -1 0 4 -1 
-30 -2 6 -1 -3 -2 -1 -13 
-19 -1 -6 -6 -10 -5 -1 6 
13 7 3 8 8 4 -1 0 
1 -6 0 -16 -3 -4 -4 -1 
13 1 2 21 0 0 3 -4 
11 -7 6 0 -3 -4 -4 2 
8 6 4 -19 -4 0 2 0 
-17 -11 -36 -1 -3 -1 -6 4 
-8 -4 10 -7 -2 1 0 -6 
0 0 -17 0 -6 -3 -2 -27 
-14 -6 10 12 2 2 1 5 
-11 7 3 -4 -6 -1 2 11 
-7 4 -2 -5 0 -2 -1 -10 
13 7 18 14 9 -1 -2 3 
-1 -9 -8 -8 -5 -2 1 2 
-9 3 -4 5 3 0 -5 -19 
-5 -2 15 -11 -6 -2 -2 7 
2 1 -5 -6 -1 1 3 13 
-1 -2 -12 1 0 -3 -2 10 
4 3 -8 -9 -3 -4 -1 -9 
-1 -3 0 3 1 -1 -2 2 
-45 1 4 -1 -2 -3 -5 -12 
8 -1 -2 2 -1 -2 0 2 
7 -4 -20 -10 -1 -2 -4 9 
-7 -2 4 -6 -3 -1 -2 -25 
20 -4 5 -3 -1 -4 -4 15 
2 -2 -2 8 0 1 5 1 
-24 6 15 -3 -2 -2 -2 -8 
17 4 -10 1 0 0 -3 7 
4 0 11 1 -3 -2 -4 1 
-7 -6 -25 -9 -2 -2 1 0 
-5 -9 4 7 0 0 0 -11 
-3 0 -2 -7 -1 0 3 13 
7 1 -2 1 -1 0 -2 -4 
-22 -1 15 0 0 -3 -3 -9 
29 -1 -3 5 0 -2 0 11 
-11 3 6 5 -5 -5 -4 -5 
1 -3 -18 -9 -5 0 -1 -23 
22 -5 7 -4 2 -2 -4 -5 
-45 -7 6 4 0 1 4 -4 
3 2 -8 3 -2 -4 -4 -5 
12 1 -16 1 -1 0 1 18 
3 -4 -10 4 0 0 1 -2 
-34 3 12 -18 -4 -1 -6 -19 
41 -5 -7 3 1 1 6 23 
-21 -1 0 -6 -3 -1 -2 -6 
-4 -6 -3 1 -4 -1 -1 -11 
1 3 -16 1 1 0 -3 2 
-14 -4 3 -3 0 -1 -8 -18 
27 2 3 1 2 1 14 22 
1 13 -6 12 4 0 -2 26 
5 7 1 -12 -1 1 1 -10 
-6 -2 3 0 1 -2 -5 3 
-14 -7 3 2 -5 -2 -5 -20 
44 1 4 2 0 -5 -2 -9 
-58 -22 -19 -12 -9 -2 -4 -9 
6 1 -3 0 14 3 6 21 
-4 7 1 6 1 -2 -7 -33 
6 -5 13 -2 -7 -1 9 34 
19 -5 -26 0 -2 -3 -3 -1 
18 1 5 -4 -2 -1 2 -7 
-8 -2 6 3 0 -1 -1 4 
-17 -10 -15 -3 -3 -4 -8 -22 
19 2 10 -14 -4 2 2 9 
-12 6 11 7 -1 -1 -1 1 
8 6 -15 -12 -1 -1 -2 3 
-9 1 9 -9 -2 1 3 -9 
-21 2 11 25 0 -5 -9 -6 
65 -9 -28 -18 -6 2 11 -35 
-59 -5 8 -2 -1 0 -3 39 
14 3 8 -1 4 2 0 -2 
-12 1 -3 -7 1 0 -3 -5 
-10 -2 -1 7 -2 -3 -5 18 
6 -5 6 1 -2 -4 -4 -22 
2 -2 -24 -12 -1 0 -3 -11 
30 7 14 6 -5 -1 -1 16 
-20 -2 11 3 5 1 2 11 
-1 -7 -8 -6 0 -2 0 -16 
-27 4 6 3 0 2 -3 20 
36 -3 1 -8 -3 -3 -3 -18 
-36 6 -10 7 3 -3 -1 -13 
27 -9 15 -5 -1 1 -1 20 
-6 -3 -6 7 -3 -4 1 -13 
6 0 -1 -4 1 1 3 1 
0 -9 -8 -15 -9 -2 4 17 
5 13 5 3 -4 -1 -2 8 
-17 -5 -7 -3 1 -3 -2 -35 
5 0 -6 1 -3 -1 2 16 
-18 -11 9 5 -1 -3 -6 17 
1 3 3 2 0 2 0 22 
-18 -7 -3 -7 -4 -2 -2 -36 
10 -3 -6 9 1 -2 1 4 
-2 2 -6 -8 -4 -2 -3 -2 
9 -3 -1 -2 0 0 3 8 
-5 5 4 1 0 -1 -4 -3 
1 -2 -1 6 2 0 2 25 
26 -1 3 -14 -10 -2 -6 -8 
-19 -4 1 17 7 -3 0 10 
-5 -3 11 -6 -1 1 -1 -20 
-8 -6 -21 -13 -1 -3 -3 -16 
2 4 10 1 -3 -1 0 -1 
26 0 -6 -7 -4 -3 -1 -8 
-2 4 -10 -2 -6 -3 -1 -1 
9 6 21 7 3 1 -1 24 
8 -2 -24 2 -4 0 -4 -13 
-2 -3 -4 -5 4 0 7 0 
7 -6 11 6 0 -2 2 18 
-1 0 8 -4 -4 -3 -2 -14 
-18 0 -11 4 0 -2 -7 -4 
0 -8 -13 -4 -5 -2 -5 -11 
2 -1 -2 -2 1 -2 -4 16 
-5 1 14 -1 0 1 -1 -10 
-22 -10 -23 0 0 0 3 2 
8 -3 0 -1 -8 -5 -7 -19 
56 5 -1 0 6 -1 1 6 
-73 -10 -13 -3 -4 -1 -1 -10 
-12 1 4 -4 0 -3 -1 -12 
8 5 -8 -3 -2 -1 -4 3 
-4 1 28 -1 -9 1 5 12 
16 -10 -21 11 7 1 0 4 
9 -1 -19 -24 0 0 -5 -19 
-41 11 -10 1 -2 0 -1 11 
-13 4 11 1 -1 0 -3 17 
1 -2 7 7 -5 -3 -3 -33 
-9 -6 15 5 -1 -1 -2 24 
12 -8 -6 -5 2 1 -3 -32 
-3 -4 -8 -4 -1 0 -1 2 
1 4 4 -9 -3 -1 0 4 
6 2 -15 6 2 -2 0 2 
8 -4 8 -5 1 0 -2 -8 
-19 -8 -7 3 -3 -3 -4 7 
1 0 -5 -3 -2 0 -1 -11 
15 -2 8 4 4 -3 -5 0 
42 5 8 0 -3 -1 0 9 
-100 -7 -23 -4 -2 -2 -3 -20 
55 -2 -3 -1 -4 -3 2 11 
-7 1 -4 -17 -7 -5 -2 25 
-8 -3 7 4 1 1 0 -50 
20 -2 -13 -6 -3 -3 -2 -2 
-12 3 8 4 2 -1 -3 -9 
15 5 6 6 -3 -3 3 29 
-52 -14 -3 -4 -1 -2 -7 -8 
26 3 -1 -5 1 0 -1 47 
-13 3 -2 -10 0 -1 -1 -24 
9 2 21 10 -7 1 3 -5 
4 8 -11 -7 4 1 -3 14 
51 -2 -4 0 0 -1 1 25 
-67 -3 5 -3 -3 -1 -4 7 
-18 0 -4 -5 -2 -4 -2 -9 
-6 -6 -15 -4 -8 -5 -3 -7 
11 2 13 13 9 0 -1 -7 
38 2 -8 -3 4 0 3 14 
-37 -2 10 2 -1 -1 -6 -48 
-8 -2 -3 -3 -3 0 4 3 
4 -10 5 -4 -4 -2 1 -9 
8 2 1 -8 -7 -3 -2 20 
-8 0 -13 10 7 0 -1 -28 
26 -2 0 -3 -1 -2 -1 23 
-11 0 -3 0 -1 -1 -2 -16 
17 -4 10 2 -2 -2 -2 -16 
-27 -12 5 -12 -2 0 -1 23 
5 -3 -19 -3 -2 -2 2 -2 
-13 2 9 3 -3 -1 2 15 
6 -5 1 1 -4 -3 -2 -25 
42 7 -10 -2 1 0 -6 -17 
-59 -13 -11 6 -4 -4 -2 7 
-11 -1 -5 -13 -2 0 -3 -32 
22 -3 -17 -4 1 0 1 26 
5 -2 10 5 -4 0 2 13 
4 5 11 2 3 -1 0 -13 
-3 6 32 2 0 -1 -1 -5 
-14 -14 -55 -11 -3 1 -1 -9 
4 3 11 16 0 -2 0 7 
0 0 10 8 7 1 -1 -10 
-6 -3 -18 -6 1 -3 -4 -9 
8 6 18 3 1 0 2 -1 
-13 -6 -12 -11 -3 0 0 7 
10 -1 -3 -3 -3 -1 0 13 
0 3 9 5 -3 -3 -2 -9 
-7 -2 -6 1 -1 0 -4 -3 
9 -3 -9 0 0 -1 0 23 
-16 -8 13 -2 1 -1 -5 -5 
11 1 -12 -3 -1 1 2 -1 
-16 -3 -19 -13 -4 0 1 -10 
3 -2 24 6 -2 -1 0 -6 
60 2 -21 4 1 0 -1 12 
-84 -3 -4 -5 -2 0 -2 8 
32 -3 9 5 3 -2 -4 11 
-18 -1 3 -4 2 -1 0 -31 
7 -2 4 -4 -1 -1 1 5 
16 0 -9 0 -4 -3 0 -7 
-10 3 6 2 -1 -1 1 12 
-7 -3 -9 -12 -2 -1 -3 -27 
-1 0 5 -1 -3 -3 0 5 
13 -1 -7 -1 0 1 -3 -4 
-19 -4 10 2 0 -2 -1 -5 
15 -2 -2 -4 -2 -2 0 15 
-23 3 -2 3 -5 -3 -5 -3 
3 -2 5 4 -3 -2 2 -2 
0 -2 -34 -5 0 2 -1 1 
-4 3 7 2 -1 2 0 0 
-5 -2 -7 -7 -3 -3 -4 -2 
7 1 13 -6 -5 -2 -3 7 
-8 1 21 -1 -3 -3 -4 -22 
-5 -3 -24 0 -3 -2 -2 3 
50 1 0 2 4 3 2 -7 
-39 -8 -9 -8 -6 -7 -7 -41 
-1 0 12 7 5 3 -6 -6 
26 -1 -4 -4 -3 -1 14 36 
-7 5 18 6 -3 -1 0 -4 
29 3 -6 3 1 -2 -1 12 
-12 -3 -7 1 -3 -4 -4 -10 
-8 -4 -4 -11 -4 -3 -4 -16 
-5 -2 -5 0 1 1 0 26 
12 -2 11 6 3 -3 1 3 
-11 0 -2 -3 -4 -2 -2 -4 
8 -2 -6 2 3 -2 -3 10 
-9 1 20 -9 -8 0 1 6 
-6 0 -19 5 1 0 -4 -16 
10 -3 0 -13 -7 -2 2 16 
-12 2 -14 5 7 0 -4 -6 
2 -1 -7 -15 -5 -3 -2 0 
-1 -4 9 3 -1 3 2 -6 
34 4 20 12 -2 -3 1 33 
-102 -5 -13 -3 -3 -4 -6 -35 
19 -6 -15 -2 1 0 -1 0 
15 0 8 -8 1 1 4 9 
-17 -7 -32 -8 -4 -1 0 27 
51 4 7 4 4 1 -2 -33 
-25 0 16 6 -2 -4 -3 13 
-6 -6 -12 4 0 -1 -11 -14 
-3 0 4 2 -1 -2 13 3 
19 1 11 -4 -3 1 -1 28 
-20 -19 -4 -11 -7 -3 1 -26 
10 4 -11 5 14 2 -3 -2 
-6 -1 11 -2 1 -1 -6 4 
0 -6 7 4 -10 -3 -4 1 
-3 4 2 -1 7 1 5 -13 
42 -3 -1 -5 -9 -3 -2 11 
-52 -1 -7 3 2 0 -3 -15 
-9 0 -5 4 0 -2 2 -20 
-2 7 2 -8 -4 1 -5 3 
18 -3 -14 -9 -2 -1 -1 14 
18 2 3 -4 -1 -4 -3 -23 
-1 -1 4 4 -1 0 0 9 
