#EMG
#5
#ID:5-9
22 -4 -3 6 1 -2 -2 7 
-4 -3 -7 9 4 2 1 14 
-15 0 -3 -4 1 -3 -7 -44 
12 3 -9 -12 1 2 -1 1 
-19 -4 18 7 -6 -5 -3 -4 
9 0 -2 0 -6 -2 1 1 
-12 2 -30 -7 4 -1 0 -2 
0 -2 5 -4 -7 0 -2 5 
-1 -3 -3 4 -2 -2 0 -5 
2 2 17 0 0 -2 -3 -5 
-23 -1 -20 -6 -1 -3 1 2 
3 -2 -3 2 -3 -2 -1 -22 
11 1 -6 -4 3 1 1 20 
41 16 -12 -4 -5 -4 -5 2 
-19 1 9 -2 0 -1 -4 3 
-19 1 9 7 -1 0 3 3 
-10 4 4 -1 1 2 1 0 
7 -10 -6 2 -1 0 -1 -2 
10 -5 -2 -17 -9 -2 -1 6 
6 -31 1 15 3 -1 -1 7 
-5 -12 -14 -16 -11 -2 -2 -11 
-23 -19 -23 1 8 0 -3 -7 
-4 -27 37 -3 -2 -2 -3 10 
4 6 -10 5 6 2 -1 6 
6 3 11 7 -7 -5 -1 -2 
-12 0 -15 -18 -7 -5 -3 -27 
6 1 -3 7 -5 -3 -1 17 
-2 3 9 -14 -5 -2 -1 -23 
-1 -7 12 5 2 1 2 8 
32 14 3 0 -3 0 -2 20 
-60 -16 19 9 5 2 4 -21 
8 10 -18 -7 -4 0 -1 1 
9 13 -25 -10 0 0 -3 7 
0 -5 -2 -5 -2 -3 -1 -5 
-12 7 18 2 -9 -2 -1 1 
22 -20 14 7 9 0 -1 12 
-22 2 -14 -7 -4 4 1 -16 
-1 14 31 8 10 0 1 9 
22 0 -50 -11 -5 -5 -5 0 
7 7 -3 4 -7 -3 -4 -1 
-5 3 4 -3 1 -4 -3 1 
-19 -7 0 -4 -4 -1 -2 -14 
10 7 18 10 3 2 7 -5 
-7 2 18 9 -1 0 0 4 
7 -2 -16 -6 -3 -4 -5 -4 
-4 67 12 4 0 3 3 9 
-28 -3 -20 -8 5 1 -2 -13 
32 -4 -5 -6 -10 -4 -1 15 
-11 -1 14 5 0 1 0 -6 
-12 -22 -4 1 -3 -1 0 -1 
29 9 3 -5 -1 -1 -2 -3 
-35 11 -9 -3 -6 -2 0 -4 
19 -4 16 11 6 1 2 5 
-4 -18 -12 -3 -3 -3 -2 -5 
9 6 -4 4 3 1 0 3 
-15 -3 11 -6 0 1 -1 -1 
-10 4 -12 -5 -2 -4 0 -12 
-8 -11 -9 3 -6 -3 -5 -12 
6 8 8 4 3 0 1 8 
12 9 -8 -12 -1 1 0 2 
37 8 0 2 -1 -1 -2 2 
-60 -9 3 -2 3 1 2 7 
19 -10 -7 -4 -10 -3 -7 -1 
-27 -1 -6 -4 3 -1 2 -7 
-1 -4 9 7 -2 -1 -2 -2 
13 -5 -2 -1 -4 -4 -7 6 
-6 -4 -2 -3 0 -1 0 -6 
-12 0 -11 -5 -4 -2 0 7 
18 -3 -8 -5 -6 -1 -2 -7 
1 -2 0 0 -1 -1 2 1 
-3 -3 -1 2 2 -1 -1 -14 
20 -5 21 -16 -4 -1 2 14 
-22 -11 -13 12 0 -1 0 16 
27 3 5 -1 4 0 -2 -33 
-7 -5 2 0 -2 -1 -2 21 
6 5 -2 3 -2 -1 -3 -4 
11 1 4 -8 -3 -1 -2 -7 
-22 -10 -1 -4 -10 -3 -3 7 
-3 2 -14 6 6 1 3 -9 
-2 -10 -16 3 7 0 -2 -3 
-5 7 23 -4 2 -1 -2 -6 
9 2 -24 -13 -6 0 -1 13 
-10 -2 4 3 -3 -2 -2 -10 
11 -36 -8 1 -2 -3 -3 -6 
0 4 -8 -1 -2 -2 -5 -1 
-7 -5 3 -3 0 -2 -1 -8 
-1 -1 4 -8 -5 0 -1 3 
6 4 0 11 11 3 6 -2 
-12 -7 -8 -12 -3 0 1 7 
-12 -1 5 -3 -1 1 3 -38 
-1 -2 -3 -8 -8 -4 -6 20 
2 8 -7 5 -5 -6 -5 -5 
-29 12 25 2 2 4 3 -10 
-4 -1 17 -1 -2 2 1 15 
-10 0 -30 1 15 1 1 -6 
10 23 -21 -7 -4 -3 -1 -2 
-25 -28 9 5 -3 -4 -4 0 
8 -35 23 10 4 1 -1 9 
-6 7 4 9 -1 1 4 0 
-3 5 11 1 0 0 -3 -8 
6 -3 -17 -15 -6 -2 -1 -7 
10 5 -8 -3 -1 -4 -7 5 
-3 -11 7 -4 -3 -3 -4 -4 
4 -1 -18 -4 -5 -2 -4 -7 
-9 7 -4 -8 -3 0 4 -2 
24 -6 -2 13 9 0 -1 1 
-73 4 12 -2 -1 0 -2 -35 
26 -3 -11 5 -4 -5 -5 14 
9 9 19 5 3 0 -2 -18 
-33 10 -36 -14 -5 -4 -2 11 
25 -29 -3 3 -4 -1 -2 -2 
-6 24 39 4 -2 1 3 -8 
-9 -7 -25 -13 -2 -1 0 20 
4 -13 5 5 -1 -1 1 -11 
16 8 -2 5 1 0 0 10 
6 -28 9 0 -9 -5 -6 7 
-3 4 -24 -5 4 -1 -6 0 
0 4 -7 -6 -3 -1 0 -43 
10 14 19 1 -2 -4 -4 6 
-26 -24 -14 -3 0 -1 11 8 
25 8 8 7 -2 -2 -3 -11 
10 26 -4 -7 1 2 11 5 
-36 17 -8 -2 -1 1 -5 -8 
2 25 -12 2 -4 -4 -18 -11 
-7 -53 6 -3 -2 -3 9 11 
-12 5 -34 -12 -3 -6 -18 3 
39 -3 6 -1 -1 2 -3 7 
-51 11 14 -5 -1 9 34 -22 
-2 -24 -3 7 -1 -2 3 -6 
28 -24 -41 0 -3 1 1 62 
-12 4 1 -16 -2 -13 -34 -68 
-5 -14 5 1 2 3 11 -21 
19 14 25 6 -2 0 19 37 
-5 27 11 6 1 0 -1 -3 
11 -34 3 3 2 1 -14 1 
12 8 -22 -10 -1 1 18 27 
-28 -14 -9 3 -4 2 10 -5 
1 -9 12 0 2 -2 -3 -8 
7 20 -8 5 -3 -4 -9 26 
-1 49 30 -9 -5 -4 -23 -21 
-7 11 -26 7 8 2 -10 -3 
6 -10 7 -9 -4 -3 -1 -5 
15 -9 -47 4 -3 2 13 9 
13 -19 21 -9 0 -4 -8 17 
-65 22 9 2 -2 -2 -5 -32 
14 33 -2 -2 -3 0 -5 17 
12 39 48 -2 2 3 11 -16 
11 -18 -80 -8 -6 -2 -5 24 
16 36 -25 4 5 1 -10 -9 
-16 -28 53 4 -4 -1 2 -10 
-2 -72 -33 -12 -1 1 13 26 
-22 53 30 -2 -1 -4 -11 -14 
-12 4 1 9 5 -1 -16 -29 
3 2 19 4 -8 -5 2 23 
-6 -8 -83 -42 -8 -1 9 18 
5 -25 -7 8 4 -2 -8 -8 
31 -10 27 -16 -1 -1 -2 7 
23 8 18 11 -3 -3 -4 24 
-68 -2 28 23 0 -1 1 -7 
7 -20 -24 -7 0 -2 -3 12 
-1 3 23 -1 -4 -2 -9 -12 
9 -18 -11 2 4 2 10 -10 
21 15 28 -19 -5 -2 -1 14 
-4 -11 -9 12 9 1 -5 -6 
7 -3 4 2 -13 -7 -12 -6 
-14 4 8 10 8 1 11 -5 
10 -1 -9 15 8 2 0 2 
-10 11 14 -12 -11 -4 -3 -19 
12 -16 -17 0 4 0 -14 15 
-12 -2 -23 -21 -6 -3 -1 -19 
3 7 26 13 -6 -4 12 15 
3 -17 2 -8 10 0 -2 -15 
2 6 -2 -6 -7 -2 -1 -5 
-3 -3 -8 1 -2 -3 -15 -7 
24 11 7 -1 3 5 6 16 
20 -7 7 4 -5 -2 2 2 
-12 -13 -18 -4 4 -2 -9 8 
-18 3 5 12 3 3 8 -22 
23 7 -13 -15 -9 -8 -20 -17 
-33 -27 19 11 -2 3 20 33 
28 29 -9 -2 -1 0 -2 -15 
-35 -49 1 -3 6 6 4 -22 
16 14 -3 -7 -4 -6 -14 -16 
12 1 -1 7 -2 -4 -9 24 
-18 35 1 -5 -5 0 10 -5 
33 0 5 -4 -2 -1 -15 -19 
-24 -2 38 7 -1 -1 15 19 
28 14 -15 -6 0 -1 -7 11 
-14 -31 -21 -9 -2 -5 11 -10 
-4 8 -23 0 -6 -1 -4 19 
26 -8 31 -1 -3 -3 -9 -33 
-50 -11 15 9 3 2 0 9 
-21 -5 12 1 -1 3 8 -28 
-3 0 -17 -6 -1 -2 21 9 
7 7 -40 -14 -3 -3 -6 9 
16 -10 1 -4 -7 -6 -19 23 
6 5 -6 2 0 -3 -6 -23 
-6 16 39 11 5 4 -8 10 
-1 25 27 4 4 1 9 -6 
-21 2 -51 -7 -4 -4 -19 -35 
-7 5 5 6 0 -1 -17 -8 
3 -1 -54 -22 -10 -8 7 -7 
-6 -17 7 4 1 6 7 -6 
1 -10 -5 1 -2 0 4 -2 
13 5 30 3 -5 -3 7 31 
7 -2 -2 -4 0 -11 -62 5 
21 -4 -17 7 2 5 -7 -28 
-33 6 7 -5 -1 15 85 -26 
15 1 9 5 1 -2 0 46 
2 -56 17 -6 -1 1 -11 2 
-15 -36 -88 -11 -5 -11 -39 0 
21 -1 67 15 4 -1 -28 -11 
-13 -12 -35 -15 0 4 10 9 
6 69 21 -2 -13 -5 2 -45 
-9 10 -13 -28 -18 -5 0 6 
-2 -14 -19 21 9 1 -2 -1 
-4 -20 25 -11 7 1 3 11 
1 -20 2 -5 -4 -3 -2 -27 
-13 -31 -3 -3 -4 -1 12 19 
12 18 -7 -12 -8 -6 -10 -4 
-19 -14 5 3 -4 -4 -13 -10 
24 4 -1 3 -1 -1 8 24 
-53 -13 -6 14 5 3 8 -45 
5 -8 8 -12 2 -3 -15 24 
28 -7 1 12 0 1 0 -8 
-28 11 -22 -7 0 3 13 18 
17 15 -12 7 4 0 7 3 
5 1 -3 -10 -2 -7 -17 2 
-4 7 0 -9 -3 0 3 16 
2 2 -3 14 4 4 3 -37 
2 -6 18 2 0 0 1 40 
4 4 3 -6 -6 -1 1 20 
12 3 -19 -2 -1 1 5 3 
-3 -3 6 5 8 -3 -7 13 
-2 3 17 8 2 -1 4 7 
-6 -1 -4 -8 -1 1 0 6 
-1 -9 -19 -2 -8 -7 -20 -14 
-16 -4 -8 -8 -3 -5 -16 1 
-2 1 16 -2 1 2 1 15 
58 5 -4 -5 -5 -4 15 13 
-72 -6 2 8 0 5 15 -5 
3 1 -2 -10 -5 -7 -11 24 
2 7 15 7 4 -5 -37 -65 
-16 2 -22 -2 1 5 18 -30 
24 -6 -14 -7 -2 -1 12 49 
28 -1 28 3 -2 -11 -54 -11 
-51 -8 -21 -2 -2 9 17 2 
-43 -6 13 13 2 7 57 18 
47 73 27 9 5 -4 -28 -31 
-23 -2 -42 -9 -2 3 14 -18 
47 18 49 11 5 -8 -25 22 
-42 -7 -20 -17 -8 -9 -28 -39 
-27 -15 -7 -14 -7 -6 11 20 
-5 -10 14 14 6 6 23 -34 
-15 15 -18 -12 1 -3 1 -5 
1 10 20 25 -5 -4 -3 -10 
-17 -23 2 -30 -1 -3 -3 -37 
12 -9 -9 14 -1 1 0 31 
-55 -9 10 -13 0 -2 -1 -10 
23 3 -6 -4 0 1 -16 -18 
17 -7 1 4 3 -1 -9 -1 
-10 -3 -2 -3 -7 0 21 0 
29 5 -11 3 0 3 19 44 
13 7 6 7 -2 -9 -47 2 
-32 -34 -13 -16 -8 1 34 -8 
-9 -2 4 -8 1 3 4 0 
23 -2 -4 19 -3 -7 -1 -4 
-15 -19 -38 -26 -5 -1 -16 -14 
13 -2 -11 10 10 -3 -16 -1 
14 4 11 -7 -7 -2 10 21 
-13 -6 -16 -8 -8 -4 3 -22 
9 -23 16 -6 -4 -3 -10 0 
-1 -5 -24 -4 -8 5 1 -3 
0 -34 0 3 15 0 7 17 
5 14 38 12 -3 -4 -7 -6 
-16 -6 -31 -11 -5 -1 4 7 
6 -3 -28 -1 -10 -7 -8 -15 
-10 -5 32 5 4 4 -1 4 
8 -28 -9 -14 -4 -1 0 -4 
-3 5 16 7 4 -1 4 0 
-8 -4 10 -1 -1 2 -1 19 
-1 15 -6 -4 -6 -5 -6 -14 
-10 -12 -23 -3 4 1 5 -4 
33 9 4 -2 -3 1 3 16 
17 20 22 10 4 -2 -11 17 
-37 -21 -30 6 -3 -1 2 -15 
11 -18 8 -11 -4 1 7 -23 
-9 -18 -19 -11 2 -4 -16 2 
0 -4 -4 9 -2 1 3 -18 
9 19 9 2 3 1 -4 1 
-3 54 21 -4 -2 -2 6 44 
18 -29 -22 -3 -4 -1 -4 -36 
3 -12 8 1 -1 -1 -7 -1 
5 4 -19 -6 2 4 1 7 
-7 -14 1 -9 -4 -5 -4 -4 
51 4 8 9 1 -3 -1 18 
-34 3 -19 -4 -7 -6 -6 -21 
-4 1 -4 -4 -1 -2 5 -10 
-5 -15 -1 17 5 2 -5 9 
24 12 1 -12 1 1 5 16 
0 -14 -19 -6 -4 -3 -2 -18 
-6 -3 10 -6 -8 -1 1 0 
16 8 12 14 6 5 5 -6 
-13 -6 3 8 3 3 6 15 
3 15 15 10 0 2 2 -6 
-16 1 -3 -1 0 -3 -5 2 
26 -4 -15 -14 -8 -5 -10 4 
-35 9 25 2 0 -2 -7 -12 
-18 -9 2 8 4 1 0 2 
5 1 12 -1 -8 -2 10 15 
10 7 -27 -2 0 -2 5 -5 
-30 6 -7 10 7 2 -7 -11 
34 0 -1 -8 0 -2 -4 6 
11 6 7 2 -1 -3 -11 5 
-13 -2 -2 -5 -2 -1 -1 -3 
30 -3 -3 2 -7 -2 -1 -12 
-29 9 8 1 2 -1 3 13 
11 -3 16 -2 -6 -6 -4 5 
-4 19 -40 -7 -1 3 0 21 
-3 4 -11 -5 -5 -3 4 -37 
13 0 11 0 1 -2 -3 11 
-17 9 -11 -3 3 1 1 -13 
-43 -11 2 -1 -2 -2 -5 -8 
24 41 14 -4 -2 -1 -9 -1 
-4 4 -20 -15 -5 1 5 10 
13 -1 4 6 1 0 2 -5 
-7 -6 -22 -14 -1 0 0 -4 
-48 -10 22 20 0 -1 -3 6 
29 -3 32 9 -3 -4 -5 -15 
-5 0 -53 -9 -5 -3 -2 10 
24 0 29 18 12 2 5 5 
1 -21 -22 -22 -6 -4 -2 1 
-28 -3 -12 6 0 1 -1 -4 
-17 -1 -1 -13 -5 -3 -6 -15 
26 -17 31 0 -1 0 3 32 
-11 8 -5 2 0 -4 4 -25 
23 -1 5 -8 -1 -1 -4 6 
-6 -2 7 11 0 1 2 -3 
-11 -10 -20 -7 0 -2 -6 -7 
40 5 18 6 1 0 1 12 
-86 -6 -8 0 0 -1 -2 -12 
-2 -32 -19 -18 -5 -4 -4 -13 
-13 -14 16 2 -3 -1 14 -17 
-17 -2 3 2 3 2 1 17 
36 1 -9 7 -1 2 -2 -21 
0 2 16 0 2 -1 -7 1 
-20 0 -28 -6 -4 -3 -7 -7 
-2 -3 7 -4 -5 0 5 0 
-18 -16 -41 -9 1 -3 -3 15 
10 -5 6 -8 -1 0 2 -10 
18 47 21 17 1 -2 -10 -8 
-1 3 6 -4 -1 -2 4 17 
5 0 9 -5 0 -1 1 -14 
45 15 2 -3 -2 1 -4 15 
-45 -3 4 12 -3 -1 0 -9 
2 -8 -9 -3 -4 0 -8 2 
-2 -2 0 4 1 -2 0 -10 
-4 -4 -14 -22 -3 2 4 8 
23 -10 -18 -6 -9 -1 -8 -11 
-24 3 -9 0 3 -4 -4 -20 
24 -5 -14 -1 -5 -4 -1 27 
-4 10 11 13 3 0 3 -4 
2 -15 -6 -12 -4 0 0 10 
12 9 9 2 -1 -1 -2 -38 
-16 -27 -27 -13 -4 -2 -1 3 
-4 -11 24 12 3 2 -4 -11 
-9 -1 -1 -10 -2 -4 7 25 
-8 -1 -9 11 2 2 1 5 
13 6 12 -3 0 -1 -7 12 
-17 -1 -2 8 -3 1 9 12 
-8 -12 -4 -6 -2 -3 -10 -31 
30 -7 -5 -4 -4 -3 -1 23 
-64 -2 12 2 2 0 -1 -32 
-18 -10 -33 -6 1 -2 0 -10 
12 -18 20 9 -2 3 6 7 
-3 -2 -13 -10 -5 -3 -5 7 
23 6 -1 -2 1 0 -3 5 
-1 6 -9 0 -3 -1 -1 -8 
-3 -2 29 7 4 -2 -2 -9 
-11 -4 -31 -10 -4 2 -2 -15 
13 0 26 -6 -3 -1 2 1 
-13 -12 -47 -8 -1 -4 -2 8 
8 6 0 6 -2 -4 -6 -2 
-9 2 15 2 0 0 0 4 
6 16 13 13 2 -2 2 0 
-3 -14 -19 -8 -1 0 -2 -4 
29 -5 1 -9 -6 -2 -3 9 
-16 1 -8 -3 4 0 -1 1 
4 -10 -3 -4 -5 -2 -4 -6 
4 13 12 -1 -1 -2 1 -3 
-2 5 -22 -1 0 0 -5 9 
21 2 20 6 5 1 -2 -20 
14 -4 -26 0 -2 0 4 11 
4 7 -11 -3 -2 -1 -2 -1 
-6 9 15 6 -1 -1 -4 -8 
-19 2 1 -6 -1 -1 0 5 
4 0 13 2 0 1 -4 1 
-3 7 3 12 4 -1 -3 -2 
-21 -11 -4 -4 0 3 3 1 
7 -6 5 -2 -2 -1 -4 3 
11 15 17 -3 -3 -1 0 -2 
3 -6 -10 8 -10 -5 -1 13 
8 24 -7 -5 5 -3 -6 -25 
-7 -15 -7 -5 -3 -3 5 5 
-55 -6 5 -2 3 0 -1 29 
7 9 12 -4 -5 -2 -7 -24 
0 -7 0 3 -1 1 -1 -3 
-10 3 4 -1 1 1 3 -11 
22 -10 -28 -10 -7 -4 -2 -14 
-20 -2 11 16 0 0 0 16 
4 -8 -13 -18 -6 -4 -3 -11 
0 2 -8 7 2 -2 -4 18 
1 -7 13 12 -3 -2 -4 -17 
29 -3 -5 -17 -1 0 11 -3 
0 -4 -17 -3 -1 2 2 -6 
-8 -1 -8 -8 -5 -2 -2 -2 
15 21 7 3 -3 -2 -3 19 
-9 0 3 0 4 1 -3 -7 
38 4 13 -1 1 0 -2 1 
-59 6 3 9 -2 -1 -5 -19 
4 -4 -4 -3 -5 0 4 15 
8 4 8 -6 -2 -1 2 -3 
-10 -8 2 10 9 -2 1 -3 
26 8 8 1 -1 -3 -8 27 
19 -29 -36 -8 -4 0 4 14 
-23 -1 9 -9 -3 0 -1 4 
-9 45 16 11 1 4 0 -19 
-6 2 -21 -17 -2 -1 -2 -23 
13 10 6 6 -4 -3 -2 18 
5 -7 -22 -10 -5 -2 -2 1 
16 -17 4 3 -2 -2 -3 -11 
-69 -2 7 8 -1 -1 1 16 
9 10 9 -9 3 3 0 -24 
-12 -5 7 10 1 -1 -4 -2 
-6 -5 -4 -4 -3 -3 3 23 
16 -10 -2 -8 -2 0 1 -5 
2 -24 -16 4 0 -1 -2 -17 
-7 -1 19 -1 1 -2 -1 -5 
6 -7 -26 -9 -5 -2 -2 -3 
15 0 5 2 -6 -4 -1 4 
-8 -2 31 6 -4 1 -3 -22 
7 4 -13 18 20 0 -2 17 
-6 -1 -5 -20 -5 -1 1 13 
18 -9 -9 -4 0 -1 -1 -1 
-25 3 -2 -9 -3 -6 -5 -16 
13 17 26 10 -7 -3 -3 -18 
-16 1 14 7 -2 1 -1 31 
1 -6 -19 -8 2 1 3 1 
-13 7 -5 -6 1 -1 1 1 
25 -7 -2 -11 -6 -3 -4 -1 
-47 -16 -5 11 3 0 -1 -13 
8 -4 21 11 -2 1 1 -6 
13 19 12 2 4 -1 -2 21 
19 1 3 -7 0 0 2 -22 
-11 3 -12 -7 -4 -3 -3 -7 
-7 -3 -19 2 -4 -2 -6 -33 
1 2 8 1 2 -2 0 -3 
-9 -7 -9 -12 -10 -5 -2 5 
-1 -6 3 -1 -7 -3 2 -6 
2 0 -3 2 11 2 2 0 
1 -8 -4 -5 -2 1 -1 -9 
-40 0 10 6 -1 -2 0 20 
30 -5 -14 -19 -11 -5 -4 -7 
-4 33 29 4 -1 2 2 3 
51 6 -18 4 4 0 -1 7 
-85 -16 -6 -2 -1 -2 -2 -4 
12 2 -4 7 2 1 2 15 
0 -11 -3 0 -4 -2 -2 -13 
13 -17 -1 -1 -3 0 2 -4 
12 9 -8 -7 -3 0 0 -5 
2 -9 -2 -1 2 -3 -1 8 
4 5 -14 -9 -3 1 -2 -7 
-30 9 -2 -7 -3 -6 -4 6 
18 -19 -5 7 2 2 -1 -4 
-14 -1 22 1 0 3 -3 -20 
0 -12 -28 -14 -9 -3 -3 25 
0 1 -15 -3 2 -2 -2 3 
18 9 19 7 -1 -4 1 -7 
-47 1 11 3 2 -2 -1 -30 
26 -4 9 4 -6 -3 -1 42 
-34 -11 -5 4 9 5 3 -7 
22 -9 -11 -3 -3 -3 -6 2 
10 -4 -9 -3 0 1 3 -22 
-8 -8 5 -11 -4 -2 -2 -12 
2 4 -9 -2 -8 -3 0 1 
6 3 10 2 4 2 -1 -4 
2 3 -14 0 -4 -3 -4 16 
2 -8 2 4 1 -2 0 -6 
7 0 14 2 1 2 -1 9 
24 9 -10 -2 -1 2 -1 7 
-26 5 -8 1 -1 -2 -5 -1 
10 -8 1 -8 -1 -1 3 -11 
-16 -3 -1 2 -2 -3 -1 2 
20 -4 0 -2 -2 0 4 -13 
40 7 2 -3 0 -3 1 20 
-19 -6 3 5 1 -3 -5 -4 
9 -6 -9 -5 -2 0 0 -21 
-30 16 0 -10 -4 0 2 4 
1 -14 0 4 0 0 0 -2 
-1 -1 5 1 11 5 3 -6 
0 -4 -11 -1 -6 -4 -1 5 
-5 -2 -14 7 1 -3 -2 3 
-16 -29 28 -8 -5 -3 -2 -11 
7 11 -8 3 -2 -1 -1 8 
1 9 35 -2 -2 2 1 1 
-6 -12 -48 -7 -1 -3 -6 -1 
7 8 -24 0 -2 0 0 -2 
-11 -27 15 2 -6 -2 -1 -5 
12 9 -2 -11 2 0 -1 -4 
-8 1 6 1 -3 -2 1 -3 
-7 0 9 12 -2 -4 1 4 
-3 -2 -13 -1 2 2 -3 2 
1 -8 -14 -3 -4 -3 -4 -5 
5 -1 9 -3 3 1 1 35 
0 -2 -14 -10 -1 3 -2 -31 
-8 4 4 10 -1 -4 -2 18 
-9 -5 -6 -8 -2 -3 0 7 
3 1 23 3 -1 -1 -3 -9 
-2 -1 -12 -12 2 2 2 18 
3 -10 -40 -11 -5 -2 -1 -27 
-33 -7 -1 3 0 -1 -1 -20 
-3 17 22 -3 -1 0 1 8 
5 7 -14 7 -1 -1 -3 -4 
15 1 14 7 8 0 2 6 
2 -2 -8 -6 -1 -1 -1 -1 
-35 -8 -7 -9 -7 -2 -5 -33 
12 1 21 9 3 1 -1 5 
-3 2 -16 -13 -8 -4 -1 0 
-14 0 -7 1 -1 -1 -3 2 
22 -14 5 5 1 0 0 3 
4 4 9 -5 -3 0 3 7 
-8 3 -6 -3 2 -2 -1 -9 
45 5 16 9 0 -1 2 21 
-58 -10 -24 -5 -7 -5 -3 -30 
-4 -4 1 -10 -1 -3 -3 9 
12 11 14 8 -3 0 0 2 
-30 -15 -18 -17 -6 -3 -2 -9 
58 6 13 1 -4 -3 -3 9 
-25 1 -12 -5 -4 -4 -5 -10 
38 -21 24 8 0 1 3 10 
-34 2 -19 8 3 -1 -1 16 
-23 -18 -8 -2 1 -1 -2 -54 
0 4 2 -3 -2 -2 0 -2 
4 -1 7 -7 -3 -2 -3 -3 
14 10 3 6 0 2 3 -9 
5 -3 0 -4 -3 0 1 23 
6 10 -5 -5 2 1 -1 10 
-20 11 -7 2 3 -1 -2 -36 
-5 -7 17 4 4 -1 -1 4 
-6 15 10 1 -2 -3 0 18 
25 -8 -15 -13 -4 -1 -3 -32 
1 -2 5 1 -5 -1 0 34 
-5 -7 9 -6 -5 0 -3 -12 
3 -2 1 10 5 -1 0 0 
-5 -7 -10 7 -2 -1 0 -4 
17 -1 -2 -9 2 1 2 -11 
-52 3 -7 -6 1 -2 -3 -9 
14 1 0 -5 -5 0 -1 -20 
5 3 17 5 3 -2 4 19 
-18 -1 -3 -7 -9 -3 -4 -10 
26 -9 -22 0 1 0 -3 17 
-33 1 -4 -1 1 1 1 8 
-9 0 13 3 -3 0 1 -5 
3 0 2 0 -8 -3 -5 5 
4 -2 2 12 9 -1 -3 -11 
9 -7 -21 -17 -2 1 -2 22 
18 -1 0 -5 -2 -3 -5 -8 
-17 1 -1 -12 -5 2 2 -4 
15 11 -4 1 -9 -3 -1 10 
5 5 19 12 4 0 0 -7 
22 -1 -18 4 -3 -3 -5 32 
-43 26 -11 -15 -7 -2 -2 -14 
-12 9 7 -4 6 0 0 -14 
16 -8 5 2 1 0 1 15 
1 10 7 11 -2 -2 -3 -9 
11 -7 -1 7 0 -1 -2 -15 
16 -16 -13 -18 -8 -2 -2 6 
-3 7 -2 0 2 -1 -1 -4 
-4 -7 1 -8 -3 -4 -3 6 
-6 -5 -12 2 2 -1 -1 3 
-1 3 12 4 -4 0 1 -4 
17 -6 -7 3 1 -3 -3 -11 
-15 -5 -2 -2 -1 -2 -1 -10 
-8 -16 4 4 1 -3 -3 -2 
25 5 27 -1 -3 -2 0 -5 
-2 0 -39 -14 -5 -2 -2 6 
-15 -9 -15 1 2 0 -2 -9 
14 -5 15 6 1 -1 0 13 
-34 -7 -11 -11 -6 -1 -1 11 
0 3 18 6 0 -1 -3 -16 
-6 -1 -1 -6 -1 1 2 -3 
14 -2 -2 -2 1 0 -2 10 
18 3 -11 -17 -7 0 -1 -1 
-21 0 2 22 3 0 -2 -19 
4 0 -2 -1 1 0 0 25 
-8 -7 6 5 0 0 0 11 
-7 12 15 2 -1 -2 1 -6 
4 -2 -19 -21 -7 -4 -3 5 
-7 -2 -5 -4 -1 -1 -1 1 
16 0 2 4 2 -3 -2 -19 
