#EMG
#8
#ID:8-15
-1 5 14 -3 0 1 -1 21 
5 -5 -15 -8 -1 -3 -3 -21 
1 -2 9 0 -2 0 -3 -2 
-1 5 -17 5 -3 -3 3 -1 
-26 1 8 -5 0 -2 -2 8 
-20 -4 9 2 -1 -2 1 -23 
5 0 -10 -20 -6 -1 -1 21 
16 4 -12 -6 -4 -1 -4 -17 
3 -11 -5 6 6 1 0 -3 
8 4 13 9 1 0 1 5 
-9 -7 0 1 0 -3 0 9 
1 5 -11 -2 -3 -3 -4 -8 
-8 -1 -8 -13 -5 -2 -1 21 
9 -5 -2 -7 1 -2 -3 -37 
11 -6 22 21 4 3 2 26 
3 0 17 1 5 1 -2 -25 
-22 6 -19 1 -3 -2 1 -1 
27 0 -5 -6 -2 0 0 29 
-11 -6 -7 -7 -1 0 5 4 
6 -11 1 -14 -6 -3 -4 9 
25 10 7 15 4 1 2 -4 
-24 -1 -7 5 -1 -3 -2 -11 
-14 -5 -6 -8 -3 -1 -3 0 
1 -3 14 4 -2 0 -1 -4 
10 -5 -13 -4 -5 -5 -5 11 
22 -1 5 -1 -1 1 4 14 
1 -1 -13 5 0 0 -1 5 
-21 -2 6 3 -4 -2 -3 0 
0 -8 -3 -15 -2 -2 -4 -23 
-8 -2 9 7 4 0 -1 13 
1 1 1 7 -2 -4 -5 -34 
3 -4 -8 -6 -1 0 7 20 
8 -4 -11 -16 -3 -4 -5 -5 
-13 -1 14 2 -6 -4 -1 -2 
-8 -1 -14 -9 -2 -1 0 0 
7 0 -3 0 0 1 -4 -9 
36 3 6 1 -2 0 -6 -7 
-31 -2 -10 -8 -2 0 3 21 
-13 1 -1 -2 -1 -1 -2 11 
3 3 3 11 -1 -2 -6 -31 
-4 -2 1 -6 0 0 0 10 
11 -1 -5 0 -3 -2 -1 -21 
19 0 -2 -17 -4 -2 -3 -2 
-29 7 9 3 -4 1 -2 14 
0 2 1 12 5 -1 3 -8 
10 -1 -10 -9 -2 -2 -5 5 
-4 -3 -4 1 1 -1 1 2 
-16 -4 -2 -11 -3 -2 -5 -21 
4 -12 -1 -1 -8 -1 -5 33 
2 6 14 16 3 0 4 -7 
-2 1 -13 -4 -3 -1 1 -9 
14 3 -8 -5 2 -3 -3 18 
-12 0 10 9 1 -2 -2 -6 
-4 -4 -12 -11 -4 -3 -6 -21 
51 2 4 -7 -1 1 2 6 
-58 -10 -2 3 7 0 1 7 
-2 6 2 8 -1 -1 -1 3 
-3 -4 -12 -7 -3 -4 -5 -32 
-6 -3 19 2 -2 -3 -4 -11 
25 -3 -7 -2 -7 -1 0 11 
-12 2 4 -8 -1 0 0 -2 
7 2 -1 4 1 -2 -2 4 
-16 -16 -20 -7 -2 3 2 2 
-13 -3 -3 -1 1 -1 0 -7 
-14 0 2 -9 -4 -1 -6 -15 
5 5 11 13 -3 0 3 8 
0 8 6 6 0 -1 -3 8 
34 1 4 -14 -7 1 3 30 
-18 -3 0 1 2 -1 -7 -54 
-22 -7 -21 -26 -7 -2 -5 11 
-10 1 -13 3 4 -1 1 -2 
6 2 -2 3 1 0 4 -2 
2 -3 -4 0 -2 0 2 35 
34 -4 16 9 1 -3 -6 1 
-35 -10 0 -2 -5 -3 -5 -56 
19 1 7 0 2 1 -2 4 
-42 9 -8 -6 -3 -2 4 -5 
3 -1 -10 8 0 1 -1 23 
13 4 11 3 1 -2 -5 11 
21 3 22 -1 -1 -2 -6 -17 
-35 -16 -46 -4 -5 -1 2 -15 
23 -7 2 -11 -4 -1 -7 9 
-34 3 11 5 1 -1 8 -4 
0 0 7 -4 0 0 -2 -39 
-2 -2 -16 -1 -1 0 0 22 
19 0 8 5 1 -3 -6 -25 
2 -18 3 3 1 3 6 26 
-5 4 -1 8 -3 -6 -1 12 
26 4 5 -8 2 3 -1 -29 
-32 -3 -7 -6 1 2 3 14 
11 4 15 3 -3 -1 -3 16 
8 -3 -27 -3 -1 -2 0 -4 
7 -3 14 4 2 -4 -5 -14 
-1 5 4 -2 -4 -5 -7 8 
-12 0 -9 -3 -3 -2 -9 -1 
-19 -7 -5 0 -1 1 13 -41 
16 -4 0 1 1 1 8 22 
-6 4 2 -7 -2 0 1 -47 
59 9 -4 9 2 -1 -15 22 
-58 -4 -12 -11 -1 -1 15 6 
14 -1 16 1 0 0 3 20 
-8 -5 -5 -5 -3 -2 0 -17 
1 5 5 1 -2 -2 -1 -5 
0 -1 -10 10 2 -3 -9 5 
2 -5 -18 -12 -1 2 0 12 
-17 -3 15 0 -4 1 4 -13 
-27 -1 -34 -16 -7 -7 -5 7 
15 2 24 2 0 0 -7 -10 
-1 4 7 -3 -1 -4 -7 -10 
11 -1 3 -1 -3 -3 -4 23 
-26 1 -3 -1 1 -1 1 -23 
42 -6 -18 -2 -2 -4 -10 6 
7 5 21 14 -1 -1 20 8 
-16 -1 -2 -7 0 -1 -17 -12 
5 -7 -16 -6 -3 0 7 24 
-3 1 -7 -3 -3 2 23 -13 
-2 0 -1 -1 -4 1 -9 -9 
-21 -10 -5 8 3 -1 -1 -26 
-18 6 49 -1 0 3 21 4 
23 -42 -78 -11 -6 -4 -25 13 
-12 -1 -8 4 -1 -3 -1 -9 
-3 3 11 6 3 -3 -28 33 
7 10 -8 5 -2 0 30 -8 
-3 -6 8 0 4 4 6 -1 
-14 13 37 -1 -8 -6 -9 9 
-6 24 -32 -6 0 -2 -1 -12 
-8 -32 -3 1 4 -1 -19 -13 
-7 15 53 8 0 0 6 19 
3 8 -35 -14 -3 -5 -2 13 
58 25 9 -8 -3 -4 5 9 
-71 0 -2 -2 -4 -4 -11 -23 
-3 -26 -4 6 1 5 11 -4 
11 26 7 2 7 0 -14 -32 
-8 -12 17 7 -3 0 4 15 
26 9 -32 -20 -3 -5 3 -4 
-1 3 16 6 -6 -2 -4 -24 
-30 -50 0 -14 -6 2 0 2 
38 -5 -4 2 9 5 7 39 
14 7 10 1 2 1 -12 -24 
-51 13 -11 4 -5 -3 -1 -4 
41 -17 3 -10 -7 -5 7 21 
-23 15 -30 -5 -4 1 -5 -47 
34 -1 24 -3 -3 -2 -11 25 
-32 8 -17 -13 -2 -6 -5 -11 
-15 11 10 19 -1 -2 -7 -23 
-19 -58 11 2 2 4 18 6 
19 6 19 9 4 2 -3 1 
55 0 7 -9 0 -11 -30 -34 
-36 3 -3 2 1 4 12 21 
-36 18 -9 -6 -7 -9 -11 -5 
52 -2 -11 2 0 -8 -18 -53 
23 -3 6 -5 3 7 -1 54 
11 -8 -16 0 -2 1 25 -7 
35 -7 -1 -2 -4 -7 -60 -21 
-14 -9 -13 0 0 8 70 54 
13 -4 2 -6 -3 -4 13 0 
-1 1 -11 -5 0 -9 -30 -17 
31 -3 0 -2 -3 -2 -13 10 
-14 1 -8 0 -4 -7 -33 -9 
-7 17 5 -3 -4 2 57 20 
6 2 0 -4 1 -1 -20 31 
-28 -6 -16 -1 -6 -10 -14 -35 
2 -2 -5 1 0 -5 -54 17 
-18 4 5 -7 1 -2 -23 -22 
10 -6 -10 0 -1 13 57 24 
1 -11 2 -8 0 6 50 -11 
-20 0 -11 -4 -2 -2 21 -11 
5 4 6 6 0 7 -39 -11 
3 7 14 9 1 -7 -12 -23 
-5 0 -4 -5 2 0 -3 36 
-11 -3 -8 11 -3 -1 -1 14 
-7 10 31 -2 2 -4 3 -5 
5 -15 -15 2 3 1 -3 10 
47 1 11 -4 -5 4 16 33 
-60 4 12 -8 -4 -6 -5 -26 
7 23 2 -3 -6 -5 -19 7 
2 -17 -5 12 5 2 -4 -9 
-42 -28 20 -4 -7 1 19 6 
29 2 -22 -20 1 6 5 10 
-2 2 -2 -8 -5 -4 -2 2 
-33 54 -9 1 0 -1 4 -6 
24 16 13 8 -3 -3 2 36 
-6 -9 14 15 -2 -3 -3 -38 
-34 -19 -35 -6 1 0 4 33 
23 -6 -9 -18 -4 -6 -17 -35 
-16 17 32 18 10 2 14 12 
-7 -13 -37 5 -2 -1 -4 40 
11 16 19 -2 -4 2 0 -50 
-9 -8 -23 -18 1 -1 -2 -30 
-4 -2 -39 -9 2 2 2 20 
7 -4 24 -1 -3 -3 1 -25 
26 -1 -26 21 -4 -5 -7 13 
1 -18 5 -12 -8 0 2 -11 
-30 7 17 9 1 -6 -5 3 
-15 3 -5 -1 5 4 10 1 
-17 -9 -17 -25 -4 -1 -3 15 
14 -4 14 -1 0 0 -8 -3 
15 0 -13 7 1 -4 -3 -30 
11 -3 24 9 -1 -1 -15 -3 
-24 -25 -20 5 -1 -4 -3 -14 
12 0 0 -7 1 0 -4 -12 
-10 -3 -32 -25 -3 -3 -3 -7 
35 -1 4 1 -7 -3 -13 -34 
-74 -15 37 18 7 6 20 11 
63 6 -7 5 -1 -2 -12 61 
-35 -2 3 -7 -2 2 0 -49 
-11 11 8 -2 0 3 -5 -64 
-10 -12 -16 -7 -2 -1 15 -8 
-7 7 23 22 1 -4 -18 44 
1 -30 13 2 3 4 24 14 
-10 1 -49 -10 -6 -9 5 5 
0 -3 10 -13 -2 3 -7 0 
-15 9 0 -2 -2 -13 -43 -35 
41 -3 19 -2 3 13 19 33 
-57 -7 12 15 -3 -12 18 -20 
72 14 -5 -4 0 6 25 -16 
-15 -6 14 15 -4 5 28 23 
76 9 -9 -10 -2 -13 -33 5 
-77 -8 -3 -6 -2 2 -29 39 
-28 14 23 9 -1 7 24 -2 
2 -14 -24 -18 -6 -14 -22 -15 
-1 2 -6 5 -3 -4 -58 -21 
18 -13 -8 -13 -2 8 55 10 
-2 13 0 -3 0 -6 1 16 
-17 -10 0 9 2 8 15 -3 
-33 0 -31 -8 -3 -7 -25 -24 
10 -19 22 -9 0 1 8 32 
29 -5 -12 2 -3 -8 -52 -27 
46 4 -4 0 2 14 83 -11 
-3 5 -23 -12 -6 -4 -21 20 
13 -3 -17 1 1 3 7 16 
4 -3 10 6 0 0 2 28 
-29 -14 -11 -6 -3 -4 -27 -28 
-25 -12 0 5 -9 -3 19 -15 
27 9 9 10 13 5 -7 11 
0 4 0 0 -5 -8 -15 14 
-10 7 11 -10 -7 -3 -1 2 
-15 -19 -24 -17 9 9 30 -30 
14 19 2 -1 -8 -7 -22 10 
-1 0 -14 13 0 1 3 -9 
0 0 14 -3 9 -3 -5 12 
-28 11 11 12 -4 -2 5 -5 
20 -8 -14 1 1 -3 -6 -10 
-7 -9 17 10 -1 -2 -6 -9 
22 9 2 0 -6 -2 -4 6 
-3 4 -3 16 5 -3 9 16 
-31 1 -12 -31 -6 -1 -4 -6 
8 -3 10 13 2 2 6 11 
-18 -15 -34 -9 -5 -3 -11 -4 
9 16 24 5 1 2 7 -24 
35 14 -2 -3 -6 -6 -4 28 
-7 -11 17 -20 -1 -4 -17 0 
-14 -8 -30 4 -1 1 11 14 
8 -36 -3 14 1 2 -3 24 
60 5 6 0 2 2 13 -39 
-57 -6 1 -10 0 -4 -6 17 
-29 2 7 14 1 -4 -14 -30 
-2 11 12 -9 -5 1 14 34 
6 -9 -4 5 -2 -1 -14 -23 
5 -11 -26 -5 -2 -3 6 4 
-4 13 11 -4 -1 0 -11 -20 
0 12 22 9 -3 -7 7 10 
-23 9 17 -11 -3 1 -5 25 
-17 -27 -31 6 2 -1 -13 -68 
-12 2 -2 -13 -5 -1 5 42 
11 7 10 -17 -1 1 -1 -1 
1 11 3 10 3 -1 -7 0 
2 -14 -20 -2 -5 2 11 -3 
-5 3 11 -9 -4 2 -1 -7 
15 -41 -13 1 -5 -2 5 -23 
-34 2 -1 -5 4 -2 -7 -15 
17 16 4 -4 -2 -5 -5 -6 
34 1 6 11 -1 -2 0 23 
-50 5 -7 -7 -4 -1 -1 -18 
2 -12 -1 7 1 -3 -2 -12 
0 9 -13 -9 1 0 -6 22 
17 1 28 6 0 0 4 -18 
8 4 -23 -17 -2 -1 -3 -1 
-40 -29 -2 0 -5 -2 -3 2 
20 12 -7 -4 2 1 7 12 
-12 -9 -10 5 5 -2 -4 -14 
-4 21 5 2 -4 -1 -1 -47 
9 8 0 -3 0 1 5 56 
15 -3 22 3 -6 -4 -9 -11 
-22 -1 -11 6 8 0 5 0 
23 3 16 -1 1 -2 -1 0 
8 -6 -28 -9 -4 -1 1 -2 
54 9 10 1 9 1 2 21 
-77 4 6 9 -4 -3 -10 -33 
19 6 -17 -7 1 1 5 54 
-3 11 4 -5 -7 -3 0 -17 
5 -1 -11 -1 -2 -1 -2 -7 
3 -6 0 -11 -2 -4 -6 -2 
-4 -2 -2 7 -2 -1 0 3 
14 -2 -7 0 0 -3 -9 -10 
-22 -3 -3 -3 -3 -1 1 -8 
21 -4 4 -7 -2 -2 0 -1 
-13 0 -9 -1 -3 -3 4 6 
21 7 18 2 2 2 -4 10 
-18 -1 -5 10 -4 -2 -3 1 
15 -8 -6 -17 -7 3 0 20 
8 -1 -2 10 2 -1 2 -2 
-17 -12 -2 -2 0 -4 3 -4 
2 5 15 4 -2 -1 -2 -6 
-31 -4 -8 -6 -2 -5 -8 -11 
-5 6 1 2 -5 -4 -10 10 
-1 -11 -4 -9 -1 3 2 -3 
-24 -2 -21 -11 -6 -4 -14 1 
63 5 7 -12 -8 1 36 -14 
-8 -1 -10 -3 -4 -4 -9 7 
11 12 21 8 0 1 -5 5 
9 1 10 -2 -4 -1 6 0 
-2 0 -5 6 3 -1 -19 -4 
1 -8 -12 -2 0 2 6 2 
-2 -1 -17 -8 -2 0 5 1 
3 -5 18 6 1 -2 -11 -22 
-10 1 -5 1 0 -4 -7 -27 
-7 -8 5 -6 -2 -1 5 -14 
46 0 -5 7 2 0 -4 17 
-82 -3 -5 3 -2 1 11 27 
-4 -6 -6 -11 3 0 -2 -25 
10 1 2 -5 -2 -3 -10 -10 
-23 -13 -2 0 -5 -4 -1 -12 
11 -9 5 -2 -2 -3 -2 10 
-3 3 -5 1 -4 0 8 45 
21 0 -33 -11 1 -1 -8 -37 
-17 -5 21 -3 -7 -3 1 -9 
11 -4 -4 13 18 1 -16 3 
2 2 12 9 0 0 9 2 
-19 2 -12 -5 3 0 0 -4 
4 5 13 10 0 -2 3 15 
5 3 4 -20 -11 -3 -10 -25 
7 -5 10 7 2 0 -5 -2 
-23 4 -3 6 -1 -1 -3 -14 
-22 -6 -3 2 -4 -6 1 3 
4 12 -16 -17 -4 -3 6 5 
6 0 8 7 7 -1 -6 37 
-6 -6 5 -3 -3 2 3 -41 
-2 1 -7 7 0 0 -1 1 
11 2 -3 -5 -4 1 1 3 
3 -7 -6 0 -6 -1 -6 -8 
-3 -4 5 -5 -2 1 2 -7 
-5 -2 -2 -6 -2 -2 -5 15 
-21 -2 6 -3 2 2 2 3 
-1 8 1 -4 -6 -4 -10 -39 
-3 3 -5 7 5 3 11 44 
18 -3 -2 -2 -2 -2 -10 8 
1 3 15 2 -2 -2 7 -27 
2 -4 -3 5 -3 -3 -10 20 
28 3 -2 0 3 0 -1 17 
-43 3 -28 -7 -3 -1 3 -17 
10 -15 -13 -11 -5 -2 -3 2 
-11 2 12 1 5 0 3 -5 
35 2 10 9 -2 -1 -9 19 
9 -1 9 -3 1 4 17 -9 
-5 -1 -8 5 -4 -4 -5 5 
1 -1 -6 -5 -4 -2 6 -23 
2 -9 10 6 -2 -3 -16 -12 
-7 0 -3 -12 0 3 -7 17 
1 0 2 0 0 1 16 -40 
-1 2 -15 -8 0 -4 -13 1 
-17 3 12 5 -5 -1 14 -12 
-10 -3 -11 -6 0 -4 -11 -8 
84 -1 10 -1 -4 3 9 7 
-99 -2 -16 0 4 1 -1 -5 
-22 -3 8 -4 -3 -6 -9 1 
7 3 -6 4 3 -2 -4 -11 
3 3 -5 1 0 -2 -6 3 
13 -4 7 -8 -4 -1 3 10 
-2 -10 -12 -7 -4 1 3 8 
-15 -1 7 3 2 -2 -9 -11 
-10 -11 -16 9 -4 -2 -4 -40 
10 4 -1 -16 -3 0 0 20 
-12 2 -1 2 -2 -4 -10 -2 
21 2 -7 5 1 0 8 -1 
-28 3 9 -12 0 0 2 17 
12 -7 -12 1 -4 -1 6 -3 
-16 -5 8 -4 0 0 -6 -11 
11 -6 1 -6 -1 0 -8 -1 
3 10 5 3 -2 -3 0 7 
-31 -8 -28 -12 -2 1 3 -8 
25 9 22 8 0 -1 1 50 
-34 -3 -13 4 2 1 -4 -61 
-8 -4 -2 -4 -2 -4 -5 6 
32 7 0 14 3 -3 -8 -3 
-5 5 16 -4 -1 -2 -2 16 
-4 -1 -5 -2 0 3 23 10 
11 -4 -17 -18 -2 -3 -2 3 
12 -1 3 8 -3 -2 -3 -1 
-10 0 1 1 -5 -3 6 -16 
11 4 1 -7 -6 -2 -11 -3 
-7 0 -5 3 0 -6 -9 -10 
6 -13 36 2 0 -1 -3 -3 
-10 -5 -53 -16 -1 -1 -2 4 
13 9 41 17 0 -3 2 6 
-12 4 -4 4 5 1 7 9 
-1 -3 6 -1 -2 -1 -11 -35 
-24 -3 0 -14 -5 -4 -4 -20 
25 3 0 8 -3 0 9 42 
-24 -3 -11 -13 -1 4 -6 33 
60 1 -2 5 0 2 -1 -38 
-60 -5 -1 -2 2 -4 -7 -68 
-38 -9 -12 -4 -2 -4 0 -4 
22 12 20 7 -4 2 11 53 
-3 0 -15 -1 0 -5 -2 13 
27 -2 -13 -7 0 0 -1 10 
-25 -7 8 7 1 0 -3 0 
16 -3 -12 -3 -3 -2 -9 -34 
-26 3 15 -4 2 -3 7 0 
7 -3 -20 6 -5 -1 -16 -4 
23 4 9 -9 0 0 4 10 
-4 -11 -13 -2 0 -2 0 5 
0 1 -13 -7 -8 -2 -1 5 
13 -7 14 7 3 0 15 19 
9 -16 -19 -7 -2 2 0 -2 
-19 -5 4 4 -2 -3 -9 -8 
-2 -4 -28 -6 -1 -2 -4 -13 
9 3 8 3 -3 -2 6 33 
9 14 0 -12 -4 -1 3 6 
5 -1 19 2 3 0 1 -4 
-11 0 15 19 -2 -2 -4 -2 
8 1 0 -21 -2 3 2 -6 
10 3 -24 -8 -1 -4 -8 4 
-17 -9 4 -1 0 -5 -15 -13 
4 4 7 -6 -3 -1 16 12 
6 4 -5 18 11 0 -11 3 
10 -2 25 1 -3 -2 -4 -16 
-42 -3 -54 6 1 4 16 11 
11 -7 4 -11 -3 -1 -8 -4 
3 -1 7 -2 -3 -3 1 16 
-20 -8 -6 -4 -1 -2 -11 -40 
10 3 12 6 -6 -5 -3 -4 
2 2 -21 -3 2 1 -7 15 
-15 -5 0 0 -2 3 12 -12 
32 -4 -1 7 -2 -6 -11 9 
11 -11 14 0 3 2 -2 -3 
-24 -4 -15 -11 -4 -4 -4 16 
2 -1 14 8 -2 -1 -1 -18 
-10 -3 -8 -2 -3 -2 -5 6 
-7 -1 1 -9 -6 1 -1 -16 
12 1 7 1 3 1 0 4 
6 2 1 -1 1 -1 -5 3 
-13 -8 -3 3 -2 -3 -2 -6 
80 2 -1 -6 -1 -1 3 7 
-96 -4 -6 -5 -5 -1 -2 -23 
12 6 -1 3 0 3 0 0 
-21 -3 11 11 -3 0 1 -5 
33 7 -4 -9 0 -3 -4 9 
-2 -5 -1 -6 0 -2 -3 -11 
-9 -5 -29 -3 0 -1 1 21 
-22 7 14 -2 1 0 -5 -29 
-12 0 -3 -2 -2 -3 -3 -2 
27 3 13 12 3 0 5 35 
-22 -6 -5 -4 -5 -7 -10 -23 
30 -2 -15 -4 4 2 6 36 
-37 0 11 1 -4 -2 5 -15 
19 0 -2 1 -2 -1 -4 -9 
7 -1 12 -5 2 4 4 -9 
-6 -17 -13 -8 -9 -7 -9 3 
14 2 4 -1 -2 1 -2 8 
-64 -2 -1 5 6 0 6 -5 
52 3 2 6 -2 -3 -11 3 
-14 6 -8 -8 -3 -3 7 14 
-29 -2 8 5 2 -1 -1 0 
49 -3 -14 -1 -2 1 -5 22 
-2 -3 -28 -6 -2 -1 1 -18 
17 0 19 1 1 0 -1 -3 
-25 -1 -17 -13 -9 -7 -8 -10 
14 -2 9 -10 -3 1 -1 -10 
0 0 10 6 2 -3 0 34 
8 1 -27 -12 -3 1 3 7 
-10 -1 5 7 5 0 -7 0 
5 -12 0 3 -1 -3 2 -3 
-8 2 2 -8 -3 -1 2 -3 
-2 -1 -4 7 2 -2 -2 -32 
-30 -4 5 -7 4 0 -1 1 
2 2 -1 0 1 -5 -11 -54 
-7 -4 0 -3 -4 1 8 14 
-9 2 6 -1 0 0 -6 5 
24 -7 -16 8 1 -1 -6 6 
-11 8 27 3 -1 2 11 2 
-34 -4 -13 4 0 -1 3 -33 
16 3 -20 -19 -7 -3 -6 -16 
-4 2 20 17 2 2 3 4 
35 -12 16 -2 -1 -2 -11 20 
-3 6 15 -2 -2 0 -3 -28 
-8 8 7 -1 0 2 6 8 
2 -5 -20 -8 -4 -2 0 -30 
13 5 -3 6 -3 -2 8 12 
41 -3 14 -4 1 -2 -4 11 
-56 -7 -10 2 -1 -2 -3 -19 
9 5 3 -4 3 1 -2 -7 
-4 10 -12 -4 0 1 -1 3 
-17 -6 1 1 -6 -3 -3 -14 
11 -18 13 7 -1 -1 2 21 
-10 -2 -10 2 6 0 -2 1 
12 -7 -35 -16 -5 -5 -5 -11 
5 0 -1 -13 0 1 -9 6 
-17 1 7 1 -1 1 1 -5 
-8 1 37 10 -2 -3 0 11 
5 -8 -26 -12 -4 -1 -2 21 
-10 -10 0 13 -4 -5 -6 -14 
14 7 8 7 3 -2 5 27 
-14 0 -8 -8 -3 -2 1 -54 
3 -5 -3 -2 1 -1 2 37 
14 -1 0 -7 -2 -3 -5 -29 
-19 6 1 6 -1 -2 -2 -14 
4 0 -2 -2 -3 1 4 37 
2 -1 18 0 -1 3 6 0 
-26 -3 -6 0 2 -5 -3 5 
11 -2 -4 2 0 2 -1 -21 
8 3 -14 -12 -3 -1 -10 -2 
-43 -5 -2 6 2 -2 2 -15 
18 -5 -2 -14 -4 -1 1 15 
-6 2 3 -7 -1 -2 -4 10 
6 -5 -6 0 -4 -4 -5 8 
6 7 6 8 1 -3 -1 2 
-14 -1 -6 0 2 1 4 1 
8 -4 0 -7 -3 -1 -2 21 
26 -3 -17 8 -2 -2 2 -23 
-9 3 4 -16 0 2 -7 -26 
-21 -2 -2 10 5 3 6 7 
9 -7 -5 -3 -3 -1 -8 -13 
-10 -3 22 -5 -4 -4 -3 10 
3 -1 -8 11 0 -4 -14 -39 
16 5 -19 -9 -5 -1 17 47 
-12 -6 -7 -7 -6 -5 1 7 
11 0 -4 4 0 -3 -1 -1 
-14 13 17 -4 -2 -4 -15 -7 
-5 -5 8 -2 -3 -2 -3 19 
29 4 -6 2 2 3 3 -43 
-36 -2 11 1 2 2 8 24 
8 -4 -24 -7 -3 -1 -9 0 
-2 -15 0 -5 -2 0 -4 -3 
8 5 9 -1 -2 -3 2 5 
-8 -8 7 1 1 -3 -3 -23 
14 -2 -1 -1 -3 -2 1 26 
12 6 -6 -3 -1 -2 -2 0 
-31 -4 1 -10 -1 -2 -6 -10 
0 -4 -9 -4 -2 -2 -7 -33 
17 2 17 7 3 2 21 79 
-10 1 13 -2 0 -2 -12 -55 
1 -13 -53 -6 -9 -4 4 8 
27 6 0 -1 -4 -2 0 0 
-12 0 -4 -3 -4 -1 -1 -8 
-7 1 12 -2 -2 1 -6 -15 
-8 -5 12 14 6 2 -9 5 
-5 -4 -9 1 -1 2 16 8 
13 -3 -11 -11 -5 -3 -3 -9 
-26 4 17 4 3 -1 -5 5 
26 2 -4 -12 -8 -4 -9 -31 
-29 3 -10 -5 -2 -1 -1 41 
-6 -9 1 7 2 0 1 -29 
-9 0 -7 -5 -1 2 3 -2 
6 1 3 -3 0 -2 0 6 
7 0 6 4 -2 -1 -2 -7 
1 -2 -6 -1 0 -2 2 18 
13 -2 -7 0 1 -2 -5 -13 
25 12 1 -4 2 -1 5 55 
-35 -2 -3 -1 1 0 -1 -40 
0 9 0 -6 -5 0 0 -3 
-20 -1 -12 10 0 -1 1 1 
10 7 9 1 -1 -1 -2 3 
23 -3 0 -2 0 1 -1 8 
2 -3 -4 -6 -3 0 -2 -2 
-20 3 5 8 3 -3 -6 -12 
-16 -3 -3 -4 -1 0 5 -2 
1 0 -7 -5 5 -1 -4 7 
30 -1 23 11 4 1 1 -13 
-61 -6 -14 -10 -6 -4 0 4 
-8 -4 7 9 0 -2 -10 -39 
27 -4 2 -4 0 0 12 37 
-5 4 -5 -5 -5 -4 0 -2 
20 5 -5 1 4 0 1 -5 
2 -2 8 0 5 1 -3 -2 
-11 0 -6 1 -4 1 -2 -19 
22 1 -1 -4 1 -1 -3 18 
-6 10 -10 -3 -5 -5 0 15 
-15 -3 -4 -2 1 -1 4 -43 
-17 3 10 2 -4 -4 -11 -16 
-8 -2 2 4 2 2 9 8 
48 -3 -4 -9 -6 -2 -10 15 
5 0 1 -3 0 4 15 0 
-33 -6 -2 -5 -2 -2 -8 1 
-20 -1 10 14 0 -2 -4 -16 
13 -2 -3 -5 -5 0 -1 22 
-4 -2 -12 -5 -6 -4 -11 -1 
10 -1 -4 -13 0 0 2 -35 
-10 -2 -3 0 -1 0 -5 -1 
3 -3 0 1 2 1 6 2 
9 -5 -4 -2 -6 -4 -2 14 
-8 -1 -2 -1 -2 0 -3 10 
-14 0 -9 -8 -3 -2 -1 -4 
4 -5 10 2 -5 -1 0 -29 
0 -2 -4 2 4 2 -1 26 
12 0 3 12 2 -4 -3 0 
-15 -9 -12 -14 -1 -4 -4 -5 
30 -5 -6 -8 -6 -3 0 -12 
-6 1 18 16 0 -3 2 29 
-31 0 -5 -4 -1 -1 -7 -13 
