#EMG
#9
#ID:9-5
9 -4 7 2 -3 -2 -3 -4 
-15 1 -4 5 1 -1 -2 -6 
-9 -4 11 -9 -7 -2 -1 8 
14 21 3 14 5 4 2 2 
-2 -6 -25 -13 6 2 5 -11 
-3 -3 12 3 -6 -4 -2 23 
69 -2 13 -9 0 0 0 -16 
-44 -8 -18 0 -2 0 -1 -3 
-6 -6 -19 -6 -7 -2 0 -1 
0 2 11 0 -1 -1 0 -17 
23 2 -1 -3 0 -3 -5 20 
-21 8 7 6 2 -1 0 -22 
-18 -15 -3 -1 -5 2 1 12 
-4 -6 -9 -4 0 0 -1 -2 
-15 -3 1 3 -4 -1 0 -1 
26 3 8 2 9 1 -1 4 
-18 3 3 -12 -2 -4 -4 -2 
-11 3 0 2 -3 -3 -4 -9 
2 1 -11 -1 -2 2 0 -1 
-10 2 11 1 -3 0 -1 -1 
5 -6 3 1 -1 0 -3 9 
-7 4 -17 -1 -2 -2 -2 -2 
2 -3 2 6 2 1 5 -5 
1 -16 -18 -22 -6 -4 -6 -12 
-21 1 19 8 0 -2 1 -14 
30 2 -10 -6 4 -1 1 7 
-50 -5 -19 2 -1 -4 -2 -4 
7 0 -5 -10 -2 -3 -3 6 
10 2 19 9 -5 -1 -1 14 
-9 -8 -17 -5 0 1 0 -8 
-5 7 8 -6 -3 -1 -2 -4 
16 1 1 5 -3 -1 2 16 
-7 -5 -20 10 4 -3 -4 -27 
6 6 15 -13 0 1 -1 4 
-19 -15 -14 0 3 -2 -4 -13 
47 -1 8 -6 -8 -3 -3 5 
-39 -2 9 -5 -3 -2 2 9 
-9 -3 -3 6 1 0 -4 -13 
-6 -1 2 -5 -2 -2 -2 3 
-10 -8 16 8 4 2 1 -3 
13 9 -23 -7 -3 -3 0 -3 
11 5 24 5 -1 -2 0 1 
-2 2 -15 3 3 1 -2 0 
9 3 -11 -16 -4 -1 -1 10 
3 1 9 1 -1 -1 0 -23 
-4 -1 -7 -4 -5 0 0 8 
7 -14 3 -4 -3 -1 0 10 
-22 -4 -7 10 -2 1 -2 -27 
5 -1 -7 -7 -2 0 0 -3 
7 -3 3 5 1 -2 -2 21 
-7 2 -1 -4 -3 -2 -1 -15 
-5 -4 9 -2 -3 -5 -4 14 
16 9 -19 -5 1 1 -1 16 
-8 -9 -1 -9 -4 -2 -1 -26 
-58 0 22 11 -1 -1 -1 8 
-1 6 -11 -2 -1 -4 -1 -5 
17 3 -2 0 -4 -1 -1 2 
8 -6 9 7 -1 0 0 4 
11 0 -23 4 2 -2 2 -1 
-8 -4 -10 -16 -1 1 1 -13 
-5 -6 6 0 -5 -4 -5 -3 
35 -5 -7 1 1 -3 1 7 
-3 5 -5 -9 -3 0 -2 -3 
-5 8 17 9 1 0 -1 4 
12 -26 -9 1 -2 -2 0 16 
-13 1 2 0 1 1 0 -9 
-1 3 -11 -3 -4 -2 -4 0 
-11 1 -2 1 -3 -1 1 5 
19 2 10 -2 -3 -2 -6 -5 
-23 -2 4 7 5 1 -2 -9 
29 -7 3 6 -2 -2 -1 5 
7 -1 -25 -11 -7 -2 -5 8 
-21 5 4 7 9 1 0 -21 
20 5 -10 -13 -10 -3 -3 3 
10 4 14 -1 0 0 0 13 
-8 -20 2 0 -2 -2 -3 1 
-16 8 4 -1 -4 -1 0 27 
-2 1 -11 -2 0 -4 -2 -25 
2 -4 7 -3 0 -3 3 -10 
-16 1 -12 2 1 -1 -1 6 
-21 -1 -2 5 2 -1 1 -10 
12 2 -6 -18 -3 0 -4 -19 
-37 -3 1 -2 0 -1 -1 0 
19 0 10 7 2 0 -4 -12 
-14 3 -16 -3 -3 -2 1 -13 
5 -9 10 10 -2 -2 -3 19 
22 2 -14 -7 -2 -1 -2 -1 
-2 0 10 -6 0 2 1 5 
2 -1 -5 0 -1 -2 -4 -8 
-13 -1 6 6 1 -1 1 4 
4 -3 -13 -7 -1 -2 -3 -8 
11 5 11 6 -1 -4 0 5 
4 -16 -8 -13 -2 -1 -3 2 
-1 3 -12 -1 -7 -2 1 -7 
-22 -2 5 4 2 0 -1 6 
61 2 -2 -3 1 1 -1 7 
-56 -4 10 2 -1 -2 -1 -36 
-9 -1 -8 5 -1 -1 -3 2 
8 -13 -12 -8 -3 -1 -3 -4 
-13 8 -19 -15 -7 -4 -1 -12 
45 -2 27 6 5 3 -2 35 
-44 8 17 10 5 0 0 -20 
-5 -5 -15 -4 -1 0 -2 -5 
-2 1 12 12 1 1 1 5 
30 5 -15 -9 -3 -1 -4 -16 
-19 -8 6 -7 -2 -2 5 6 
47 -9 3 2 -2 0 2 20 
-62 -1 -12 -5 -2 -3 -5 -23 
7 9 1 2 -2 -2 -3 1 
15 19 3 -6 -3 0 2 22 
19 8 -7 8 7 -2 -6 -8 
25 -13 -8 0 2 -2 0 -17 
-5 6 5 -7 0 1 4 24 
-5 -3 -18 -3 -2 -3 -2 0 
-3 4 31 0 -7 -3 -3 -5 
8 -7 -10 1 -1 -3 1 28 
-15 -1 -1 0 -1 -5 -9 -13 
-2 -18 -14 -7 -4 2 0 -27 
15 4 -3 1 -1 -2 -5 53 
-14 -34 28 4 3 3 -1 -13 
7 -34 -49 -7 -6 2 16 -31 
-19 22 20 6 5 -1 -14 -7 
12 50 -9 -4 -4 2 16 6 
48 13 -10 -4 -1 0 11 28 
3 -2 15 1 0 -6 -16 17 
-15 -1 -23 0 0 4 5 -35 
-93 -32 18 0 -1 4 8 1 
76 10 -12 -11 -4 -5 -31 25 
-19 -5 10 1 -5 -4 11 -37 
27 -20 -18 -1 -1 -2 -27 -1 
-36 16 14 3 -2 7 48 10 
1 0 -22 -7 -4 -4 -15 -32 
-49 4 12 2 -1 6 16 12 
26 -16 7 -5 1 -7 -28 38 
6 -9 -21 -6 -3 -1 7 -12 
-85 -32 20 2 -3 -7 -17 -26 
41 3 -5 -2 0 -1 -34 11 
10 4 2 0 -2 4 51 19 
27 -8 -6 -2 -1 -3 -43 -23 
-7 11 -3 4 0 -4 3 10 
-13 4 -4 -8 -6 -6 -18 -12 
-16 -3 -3 -3 -2 7 47 6 
8 -2 17 8 1 -6 -37 -22 
-15 -1 -21 -4 -1 -1 -6 -36 
8 -18 -19 2 0 0 22 33 
-17 -2 6 -14 -7 -2 -14 -3 
14 -12 -33 -8 -11 -10 1 -3 
-2 45 47 32 2 -4 -4 8 
-1 -12 -33 -10 15 4 -18 -17 
-3 -29 -39 -15 -10 -7 -2 -3 
-6 40 63 -16 1 5 -5 -4 
-10 -6 -40 4 -5 4 3 -1 
-3 14 21 11 -5 -3 9 -4 
5 1 36 15 3 1 0 29 
29 -55 -32 -19 16 2 -2 -13 
-24 -5 -62 -7 -15 -7 13 35 
-6 21 34 -6 -7 0 9 -48 
8 -13 46 12 7 -3 -16 -9 
-1 -16 54 23 6 -1 -4 -8 
18 -1 8 -13 -6 0 9 -4 
19 13 -93 -11 3 -2 -2 29 
-38 1 12 -5 1 -7 -14 -39 
17 6 -39 2 -5 -3 2 -7 
-6 -16 25 -1 -2 2 8 20 
12 0 28 0 -12 -7 -5 5 
59 15 1 4 -4 -3 -8 30 
-72 26 -4 8 3 0 16 -42 
45 4 9 -19 5 2 -21 -24 
-23 -4 5 0 -3 -1 12 34 
17 8 -2 2 5 -9 -29 31 
25 -9 -14 -9 -10 5 24 26 
-47 1 -3 -3 0 -2 23 -12 
30 2 33 9 1 2 -8 23 
-51 6 -24 -10 -3 1 10 -86 
-14 -3 -6 2 -5 -8 -60 28 
-24 -7 6 0 2 0 25 -15 
15 -3 0 -1 2 -1 -1 17 
-20 7 -14 -4 -3 -7 -29 -72 
-7 30 13 1 -1 -6 -30 -35 
21 -31 -8 -2 3 5 30 29 
-1 -8 2 -4 -1 3 3 10 
-7 7 -7 8 -3 5 9 9 
11 17 29 11 1 -6 1 -22 
-1 -4 -49 -19 -5 -3 0 4 
20 1 -27 -16 -5 -5 -12 -11 
-5 -11 5 3 1 -1 16 105 
-8 -27 -24 -1 -6 1 -6 -85 
-12 10 48 18 0 -2 -14 13 
-3 14 4 9 10 5 -3 -11 
13 -2 -9 -20 -2 4 15 6 
8 -2 28 2 1 0 9 48 
-10 -56 -79 -30 -8 -4 -8 -13 
-6 15 30 14 -10 3 12 -21 
5 1 -3 20 18 -1 -11 5 
8 10 9 0 2 -1 11 34 
7 70 14 -7 0 -2 -12 -37 
-14 -35 -15 0 0 3 -5 0 
14 -51 1 -6 -14 -4 2 30 
-18 -3 -22 -9 3 6 8 -6 
29 14 20 10 -12 -6 -7 -9 
-43 -5 13 -2 4 -1 1 -5 
-11 22 -7 -3 -2 -3 -6 -33 
9 -11 -4 12 3 -3 7 5 
6 -9 22 2 5 4 -28 -4 
-30 -3 -8 -11 -4 -4 -10 11 
3 -9 8 4 0 4 46 -60 
34 2 -13 -6 -8 -3 -17 37 
-23 -4 22 -3 5 6 29 13 
23 0 -2 2 -1 -4 7 -7 
-8 5 -12 -9 -5 -8 -46 0 
2 8 -4 0 -3 5 61 27 
43 9 18 8 4 -4 -15 -15 
16 -27 35 3 0 -6 -34 15 
-24 -11 -35 1 -4 4 63 -12 
40 -8 -11 -8 -6 -9 -21 -10 
-49 -16 -4 -3 0 -6 -54 -9 
-17 -16 1 -7 -2 -7 19 -1 
21 7 3 4 0 11 42 23 
10 2 3 1 0 0 -17 -2 
-31 -9 -19 -2 0 -2 22 -27 
23 -33 -23 4 -3 2 8 33 
-6 17 22 1 -1 -2 -17 33 
-11 -17 4 -16 -4 1 -8 -34 
2 -9 -10 6 1 -1 3 26 
2 13 -9 -3 -1 -5 -16 -16 
4 -8 17 5 -4 -3 -15 0 
-27 4 -14 -11 -3 0 4 6 
-4 30 8 2 0 -4 -11 -5 
3 5 3 0 -6 2 14 -19 
1 17 -4 0 1 0 -23 -1 
-38 10 -8 -3 -10 -9 5 -14 
-7 -21 31 18 1 6 15 15 
16 26 -21 -4 -2 -1 -1 0 
0 1 22 -1 -9 -6 -16 -1 
9 -25 -16 -24 -14 -3 -8 -9 
15 18 -24 -16 -6 1 10 5 
-33 -54 -20 11 2 -5 -1 -9 
9 14 28 8 12 -2 -22 -28 
-13 0 -48 -9 -7 -2 8 2 
7 10 24 21 -3 -4 5 16 
-32 -45 1 -17 5 -1 -9 -27 
3 9 4 -10 -8 0 -2 10 
-21 -5 16 13 9 4 4 -9 
20 21 -10 8 9 -1 -3 8 
16 27 -7 -5 -3 -3 -5 -2 
1 -17 -31 -6 -3 -4 -6 -6 
33 -12 18 -11 2 0 8 -2 
-83 12 -3 -7 -2 -1 -6 -24 
8 28 22 23 8 6 15 29 
-12 -5 -29 -23 -4 -3 -7 -16 
8 -7 -9 2 -1 -8 -8 -24 
12 6 7 5 -1 -2 -5 -3 
31 15 14 -3 -2 2 0 1 
-34 1 -3 4 2 -2 -5 -7 
-11 -6 -12 2 6 1 1 8 
15 -15 -3 -11 -6 -1 0 13 
-23 -18 2 -8 -7 -4 4 -18 
20 -1 -12 -3 -5 -5 -14 5 
-6 3 21 13 6 4 19 -4 
-9 -16 -5 -2 -3 -1 -11 -31 
7 9 -7 4 5 1 15 41 
10 -14 -14 -2 2 -4 -20 -1 
8 -2 1 -3 -7 0 29 22 
-33 -11 0 -13 -2 0 6 16 
9 13 -13 -9 -1 -3 -16 -34 
1 -3 15 16 0 -2 10 17 
-6 3 -6 -7 2 -2 -23 35 
20 -28 -10 -7 -1 3 7 -40 
-26 11 -1 -14 -13 -3 -4 -14 
-10 -3 -6 14 11 3 0 2 
-26 -14 -13 -8 -3 -2 -10 7 
22 -3 -2 0 -1 -3 4 10 
-1 21 32 8 -3 -3 -3 4 
1 -14 7 -12 -6 -2 3 -10 
-4 5 -11 18 5 -1 -6 5 
24 13 3 -5 3 2 1 4 
19 6 6 6 1 3 5 7 
1 11 0 -1 -4 -2 2 41 
-6 12 16 6 0 0 3 -2 
-17 -4 -2 -2 -3 -5 -11 -26 
1 1 -4 4 2 2 0 -15 
11 2 -15 -12 -1 2 1 -3 
1 -7 -7 -11 -4 -1 1 -7 
25 -4 -4 3 -1 -1 -4 13 
-9 0 13 -4 -2 -3 -6 -3 
-17 0 -6 -2 -8 1 6 -3 
11 -1 -3 6 11 -2 -10 -25 
-6 -2 -2 -10 -6 -2 4 14 
-5 -7 -18 -6 -2 -5 -2 -3 
-21 -6 10 -1 -2 0 -1 -7 
21 5 3 1 -7 1 -4 1 
-1 -2 -2 8 0 1 -1 2 
-8 2 -3 -5 -2 -2 -3 0 
9 3 4 -4 2 0 4 9 
-25 2 9 0 -3 -7 -15 -15 
4 -26 -11 -9 -3 0 20 16 
-15 17 -1 -2 -1 0 -2 0 
4 2 -5 3 4 -3 -3 -9 
-3 3 -2 0 -4 -1 2 -3 
6 -4 -2 -4 -2 -4 -14 2 
46 -7 -22 -11 -3 -2 3 9 
-53 1 -1 -3 1 1 -2 -24 
-1 9 22 5 0 -2 -4 16 
18 14 -26 -12 -7 -6 -9 -5 
-26 -1 14 10 5 2 0 -27 
23 14 -8 -5 -2 -4 -1 14 
2 -7 -6 0 -2 -2 -2 6 
-12 2 21 10 2 2 4 -1 
34 -4 -10 -1 2 0 -5 3 
83 -4 -18 -7 -7 -4 0 4 
-73 -1 19 2 -1 -2 -4 -25 
-2 -1 -3 -5 -2 0 3 3 
-12 -7 -1 5 1 0 -2 8 
6 -8 13 2 -1 1 1 -3 
33 -4 -19 3 -5 -3 -3 1 
-21 6 7 -3 4 1 -1 -9 
0 -4 2 -4 -8 -4 -2 12 
-3 -7 -8 -4 -1 -3 0 6 
-3 -5 2 -2 -5 -3 -1 1 
-17 24 12 12 3 5 3 -1 
-14 -5 -9 -15 -1 -3 -7 -33 
-8 -6 0 -5 -3 -1 -1 -26 
-5 -1 -13 4 5 2 -4 3 
35 -15 5 4 -2 -2 -3 1 
13 0 0 3 -1 -1 3 9 
-69 -9 0 -3 -3 2 1 -5 
16 -14 -14 -13 -6 -4 -1 8 
3 -2 -1 5 -2 -1 -1 2 
1 -6 -13 -1 6 2 0 -4 
2 1 10 1 -3 -3 0 0 
3 2 -8 -1 -2 -1 1 1 
-6 -12 11 -1 -1 -2 -4 -3 
-7 1 3 4 -3 -3 2 5 
-3 6 12 0 0 0 -1 0 
-23 -1 -2 -5 1 2 1 3 
4 10 -12 -10 -6 -7 -7 -4 
-15 -11 2 5 0 -1 -2 21 
-11 -6 -20 3 4 -1 -1 -25 
29 2 9 6 -1 0 1 -9 
-17 -2 -10 -2 -1 -1 0 -10 
-17 0 -1 -9 -5 -1 -1 -1 
10 1 0 -5 -4 1 -1 19 
4 -1 6 8 5 -1 -2 -4 
2 0 21 -1 3 2 2 -1 
-5 -4 -29 -3 -5 -3 -4 -14 
-1 1 2 -2 -3 0 4 21 
61 3 3 -4 -2 -1 -2 -7 
-60 -11 4 8 -4 0 1 10 
-2 2 1 -4 -1 -3 -5 -6 
-5 -4 -9 -8 -2 -1 -2 -13 
3 -8 -3 -5 -1 -4 -4 -11 
19 4 -5 3 3 -1 3 22 
1 -17 -13 -10 -3 -1 -4 -10 
-5 8 1 0 0 -2 -1 1 
-3 3 4 4 -7 -1 -3 -2 
-2 0 -13 -9 -2 1 -2 9 
-1 4 2 7 1 -1 -4 -22 
13 -4 6 3 1 0 1 3 
-17 -1 4 -3 -1 1 2 6 
0 5 -1 0 -4 -1 0 -1 
7 -4 -36 -5 -1 -3 -1 -11 
1 -3 3 -4 -1 1 -1 6 
-20 4 5 -3 0 -2 -1 -16 
4 -5 -12 1 -3 -4 -1 0 
4 4 22 3 4 0 1 6 
-1 -4 -4 3 1 -2 -1 -3 
24 -4 -14 -7 -1 -2 -3 5 
-46 -3 -11 -7 -2 -1 -6 -7 
6 5 7 0 -1 -2 6 5 
6 1 -7 -1 -1 -3 -5 9 
4 -1 27 4 -2 -1 2 9 
29 1 -5 3 0 0 -1 -13 
-2 9 -13 -4 -1 -1 -1 15 
-19 5 0 -7 -4 -4 -6 -19 
-27 -13 -14 2 5 0 0 -12 
9 7 20 0 -1 -1 -1 2 
-15 0 12 2 -2 2 2 3 
29 3 5 10 3 2 0 5 
-3 1 -3 -7 -7 -1 1 9 
1 -4 -18 -5 -3 -3 -1 2 
-26 0 9 0 -2 -2 -4 -41 
3 -6 -2 -5 1 -2 -3 -4 
-13 3 1 4 -1 -1 -4 -5 
2 -2 0 -4 1 -1 3 8 
16 1 -2 2 -3 -5 -1 19 
-16 -1 1 0 2 2 -2 -14 
15 -2 -13 -14 -2 -3 -4 11 
3 -1 2 -2 -1 -1 3 3 
0 -2 16 2 -4 -1 -2 1 
6 0 -4 5 3 -1 0 2 
-2 1 -4 -1 -3 -2 -2 8 
-6 -2 7 2 3 2 -2 5 
15 -3 4 -6 -2 1 1 -16 
-4 -6 -17 -3 -6 0 -6 -1 
2 -25 -25 -4 -3 -3 -3 -3 
12 1 9 -2 -1 0 1 -1 
-23 -11 18 4 2 0 2 19 
25 1 10 0 -2 -2 0 3 
-52 -3 -3 -7 -3 -1 0 -28 
7 2 -19 -3 -4 -3 -3 -12 
6 3 -3 3 -1 2 -4 11 
11 0 0 -9 -3 -5 4 13 
1 4 0 3 1 0 1 -11 
-11 -4 3 2 0 -3 -2 -13 
27 4 -2 -1 0 2 -3 5 
-17 -4 -8 1 -1 -1 -3 3 
3 3 11 0 -1 0 -3 1 
-8 0 -10 -4 -3 -2 1 -14 
3 -8 -6 -5 2 -2 -1 16 
-9 -3 2 3 -5 -2 1 -2 
0 5 0 -1 -4 -3 -1 0 
17 2 21 10 2 -2 -3 -7 
-37 -1 -13 -14 -3 1 -1 1 
26 -4 -12 -6 -1 -3 -4 -7 
28 -2 -4 -6 -4 0 2 14 
-41 -6 4 4 -6 -4 -2 -6 
6 10 21 10 7 -1 -1 6 
-29 0 -12 -3 0 1 1 -14 
-20 1 -7 4 -1 -3 -2 -27 
30 1 -2 -7 -1 -2 0 40 
-15 1 19 4 0 3 1 -4 
1 3 1 0 1 -1 0 1 
-4 -3 -9 -2 -1 0 -2 2 
-6 -2 -9 -11 -4 0 -2 -13 
-1 -2 2 1 -3 2 -1 -3 
-1 -5 6 4 0 -1 0 12 
-8 5 7 -5 -7 -1 0 6 
1 -6 -1 11 8 -1 -3 -10 
4 -1 9 -14 -11 -3 -2 5 
3 -2 -27 0 -1 -1 2 -10 
-11 1 -4 -6 -2 -3 0 -1 
1 0 2 -3 -5 -1 -3 -1 
2 1 5 7 -1 -3 0 -6 
38 -1 -14 -5 0 0 -2 2 
-66 -5 2 3 1 0 0 1 
6 -1 -7 -4 0 -1 -3 -20 
2 -1 -8 0 -1 0 -2 -1 
-1 0 9 -6 -3 -1 -2 -1 
27 3 0 0 -1 -1 0 13 
2 -3 -2 -3 -1 -1 1 1 
-5 -2 -10 -4 -1 -3 -4 -7 
-15 0 9 5 2 0 -1 6 
10 -1 -1 -1 1 -2 -2 -6 
-18 -3 3 3 -2 0 2 0 
11 -5 -15 -3 0 -8 -2 -2 
-15 0 8 -3 -9 2 -1 5 
6 -2 17 15 16 -2 -1 5 
1 -1 0 -12 -3 1 0 0 
15 -6 -25 6 2 -2 0 -8 
-14 0 11 1 0 1 0 -3 
5 10 -4 -4 -5 1 1 0 
5 1 5 4 0 1 0 -2 
-3 -1 -3 -4 -2 -1 -1 -2 
2 4 22 3 -1 -4 -2 -4 
-22 -6 -27 -2 -3 0 0 -1 
13 0 -9 -9 -1 -1 -3 11 
-74 -16 5 -1 -3 -1 2 3 
17 -1 3 -3 -1 -1 -1 -3 
23 -1 -3 0 -3 -1 -2 8 
1 0 1 4 0 -2 0 0 
5 2 -9 -6 -4 -2 -3 -2 
-14 0 8 0 1 -1 -1 -27 
-5 -1 -2 4 -3 2 -2 15 
-6 -20 2 -6 1 -4 -2 -4 
20 5 -13 -4 -2 1 1 -5 
-12 -5 -10 -2 -2 -3 -1 5 
9 4 8 -10 -3 -3 -3 -6 
-4 4 3 4 -5 -1 -2 -4 
5 1 -8 4 1 -1 -5 -6 
-8 -3 5 1 -2 -2 -2 3 
-9 -5 -6 -12 -3 0 0 -6 
-9 2 12 1 -7 -3 -3 -2 
16 3 -6 -2 4 -2 0 9 
-24 1 -16 -1 1 1 -3 -26 
45 -2 6 0 -3 -2 -1 1 
-23 -1 -10 16 8 0 -1 3 
27 11 18 -12 -4 2 1 3 
-9 -4 -15 -6 -3 -1 1 10 
7 3 19 3 0 -1 -2 -22 
1 -2 -35 -6 -1 -2 1 -3 
10 -1 2 6 0 -3 -2 -13 
-23 -1 6 -1 0 0 1 16 
-20 -6 4 -6 -4 -2 -4 -12 
11 -2 -7 -2 -4 -1 -2 5 
2 -3 -3 5 3 -1 1 2 
11 1 3 -3 -2 -3 -2 3 
-15 0 -7 2 4 -1 2 9 
12 1 -4 -4 1 -1 -3 -5 
-20 -6 -16 -9 -4 -2 0 -1 
16 1 9 -3 -2 0 0 -3 
3 -8 0 -4 -7 -3 -2 3 
0 2 0 6 0 1 -1 0 
0 3 15 6 0 -1 0 -6 
-2 -3 -16 0 -1 -1 -2 11 
4 -2 -12 -12 -5 -1 -1 5 
-2 -2 3 -6 -5 -1 -4 -5 
-10 -6 4 3 0 0 0 -8 
13 -3 5 -1 4 1 1 -2 
-26 5 7 3 -1 -1 -2 1 
38 -1 3 -9 -4 -1 0 6 
-9 0 -6 3 2 -3 -1 0 
-7 -4 -5 -1 0 -1 -2 2 
33 -4 -4 1 0 -1 -5 -28 
4 5 10 0 2 0 3 17 
0 -4 -1 -2 -4 1 -7 -17 
15 0 0 -4 -6 -3 -2 8 
-7 -4 -22 1 4 -1 1 -11 
-21 -1 1 0 1 0 -2 -9 
5 3 5 -7 -1 1 1 2 
-3 1 8 2 -3 -3 -1 7 
-4 -4 -1 5 0 -1 0 8 
11 -2 -3 -7 3 -1 -1 0 
-18 -2 -6 -1 0 1 2 3 
-5 1 2 1 -4 -1 -2 -19 
-7 2 3 0 -3 0 1 11 
1 0 2 -5 -1 -2 0 -11 
-19 -7 -6 -5 1 -1 -1 -7 
-28 -8 -13 -2 -3 -2 -6 10 
-8 -3 4 -2 -2 -2 -2 -8 
9 3 4 4 -2 0 -2 4 
40 2 3 2 0 -1 0 -10 
-53 -6 -12 -4 -5 -5 -2 7 
5 0 7 2 0 0 -2 -3 
-18 -5 -3 1 -3 -1 1 -7 
38 3 -7 -1 0 -3 -1 13 
19 4 23 2 5 1 -2 -8 
11 -2 -35 -9 -5 -1 3 31 
-24 -2 -4 -1 -3 0 -1 -43 
10 -3 1 -2 -4 -3 -3 10 
3 -7 10 10 1 1 0 -2 
-4 2 1 0 3 3 2 0 
4 -5 -5 -5 1 -2 0 18 
-22 -3 -7 -8 -5 -4 -3 -19 
9 3 -9 -10 -7 -2 -1 -6 
-9 -2 5 3 0 0 -3 -2 
-7 -2 11 0 1 -1 0 9 
8 0 -16 -4 -3 -1 -1 8 
-40 1 -6 -2 -2 -3 0 -8 
16 2 8 5 3 0 0 1 
-7 -1 2 5 4 -1 0 3 
16 -1 3 -4 -5 -4 -4 -2 
-30 -2 0 5 -1 0 1 1 
5 -3 -14 -5 3 0 0 -2 
-5 2 0 -5 -7 -3 -3 1 
-13 -6 -3 7 8 -2 -1 -3 
21 3 -1 -5 -1 -2 -1 -11 
-4 3 5 1 -3 -2 -3 14 
6 -1 -4 -8 -6 -3 1 -14 
-31 -3 17 6 1 1 -1 -20 
11 -5 -19 7 7 1 -1 11 
-14 0 8 -4 1 1 -1 -24 
24 -4 -16 -9 -5 -1 -4 0 
-11 1 6 -3 -6 -1 1 11 
9 0 1 0 -3 -3 -2 -3 
5 0 0 -5 0 0 0 -2 
-5 -1 15 7 0 1 -1 11 
-12 -3 -24 -5 -2 -1 -1 3 
15 -1 5 4 -3 -1 -1 -2 
1 -5 2 -14 -4 -3 -1 1 
-9 -1 -16 -2 -3 -1 -1 -2 
-5 0 4 0 2 0 -1 3 
27 1 -2 1 11 1 1 -3 
-23 1 10 2 -7 -2 -2 -4 
-35 -5 -13 -2 3 -3 -6 -3 
10 -3 0 -5 -4 -4 2 17 
4 -6 -7 -10 -9 -2 -2 -1 
5 -1 10 10 5 -1 -2 -5 
5 4 6 5 5 0 2 25 
-6 -3 -19 -4 -8 -5 -6 -7 
3 0 0 -5 -2 0 0 -14 
27 -2 7 -1 0 -2 -1 1 
5 -2 -17 -8 -5 -3 -3 4 
-48 -1 12 0 3 0 0 -22 
-26 -7 -6 -3 -2 -1 -2 12 
26 3 9 -1 -4 -1 -2 11 
8 1 10 7 2 1 0 -13 
-1 0 3 1 2 2 1 -2 
18 -2 -3 3 -8 -4 -2 5 
-19 1 -6 -7 1 0 -1 -15 
-15 -4 5 -4 -1 -2 1 -7 
12 -2 -8 -1 -1 -4 0 4 
-24 2 3 -7 -5 -2 -1 9 
25 -5 0 -1 -7 -4 0 -3 
-16 0 -5 -2 -5 -1 0 1 
-8 0 3 10 -1 1 -2 -14 
19 -1 -3 -3 9 3 -2 1 
-10 -3 -11 2 1 0 -1 8 
3 0 -2 -8 -5 -1 -3 -6 
1 -1 5 -5 -3 1 1 10 
-6 2 9 4 -2 -2 1 -15 
4 0 -6 -4 -5 -3 -2 -14 
-3 -4 14 3 1 0 3 21 
11 5 -5 1 -4 0 1 19 
0 -5 -7 3 0 -1 -6 -3 
-21 -2 -11 2 2 -3 0 -2 
8 -1 6 -11 -3 1 -1 -3 
22 2 6 -2 -1 0 -1 -19 
-30 -1 20 -12 -4 0 1 -9 
-16 -5 -33 11 0 -3 -2 2 
8 -3 3 1 0 -2 -3 -5 
