#EMG
#0
#ID:0-8
31 20 -5 -2 6 0 0 14 
-26 -1 4 -4 -6 -4 -3 -18 
-8 1 -5 -2 2 -3 -1 6 
14 6 7 2 -4 0 0 18 
3 -3 0 0 2 0 1 1 
-10 2 5 -4 -4 -1 -1 -6 
2 0 -5 9 9 3 0 17 
-21 3 2 2 -2 -4 -2 -15 
7 -15 -21 -17 -7 0 -3 15 
-4 -3 -9 2 0 0 -1 -35 
4 -3 5 -2 -3 -1 0 25 
-6 -1 1 -1 0 0 1 11 
-4 0 6 7 1 -2 -2 -8 
2 8 7 -4 -3 -2 0 15 
43 4 -2 -11 -5 1 -1 9 
-65 1 -4 1 -2 1 -3 -34 
-26 -20 1 3 -1 0 2 -3 
1 5 -2 6 2 -1 -4 7 
0 -4 4 -3 -6 -1 1 8 
13 10 3 -6 -3 -4 -3 10 
14 4 -32 -7 0 -2 -3 -3 
-9 3 5 -2 -4 0 -3 3 
-7 -1 -9 4 1 1 0 14 
20 -4 7 0 -1 -2 -2 -14 
-17 3 14 1 -1 -1 0 -1 
2 5 -31 1 4 1 2 -4 
-1 -7 0 -9 -10 -6 -3 14 
10 4 15 4 1 1 3 4 
2 2 -2 -2 -2 -4 -2 44 
24 -7 18 2 4 2 1 -53 
-52 -10 -10 -3 -2 -1 -4 -14 
2 -3 -16 -5 2 -3 -2 4 
11 -2 33 3 0 2 3 4 
-7 2 -9 9 0 2 1 17 
29 3 3 -3 1 -3 -2 13 
-9 4 3 1 -1 -3 -1 4 
-2 -3 -4 -9 -6 -2 -3 -10 
-23 -5 7 -4 3 -2 -3 -11 
0 1 -1 -5 -6 0 -1 -4 
17 -8 -3 0 -1 0 0 -9 
6 1 -11 -4 -1 -1 -3 4 
-13 -16 16 2 -2 1 2 11 
-6 -7 9 5 -1 0 0 -18 
12 5 -34 -6 -1 0 -1 14 
28 -15 14 -4 -4 -1 -4 15 
-49 -1 -34 1 0 -4 -4 -25 
0 -4 0 -1 -3 2 0 3 
18 -2 10 0 -2 -1 -1 -2 
-16 0 0 2 1 1 0 -29 
14 4 9 -1 -2 -2 -2 8 
8 -4 -6 -2 1 -2 -1 9 
-29 16 7 2 0 1 0 5 
8 -2 -5 -3 -2 -2 -2 -20 
2 4 -1 -4 -3 -1 -3 2 
-11 -10 -9 8 9 0 -1 -18 
28 -4 13 2 -3 0 1 32 
-1 -8 -21 7 -1 -3 -3 -55 
3 0 18 -12 -5 -1 1 22 
-15 -11 -9 -11 -3 -2 -1 -3 
30 6 -10 0 -3 -4 -2 -19 
-31 -1 12 1 5 0 0 16 
3 -3 -12 6 -5 -3 0 4 
24 -3 -12 0 3 -1 -1 2 
-21 -10 -8 -10 -4 0 -1 7 
-14 17 4 7 1 0 -2 -12 
5 0 9 -1 1 0 2 11 
23 1 18 -3 -4 2 0 7 
-21 3 5 6 1 1 -3 -6 
10 -6 -17 -16 -3 0 -1 5 
-9 19 2 5 4 -2 -2 -3 
-2 -3 4 0 -6 -3 1 -11 
2 -9 4 1 0 -5 1 20 
-8 -6 -14 -4 -5 -1 -1 -26 
4 -4 2 -4 2 -1 -1 5 
-1 6 -28 1 -4 -1 0 -9 
-26 -4 14 5 2 -2 -3 36 
14 1 2 -10 -2 0 -1 -20 
11 -7 -17 0 -5 -1 -1 12 
10 4 -7 -2 -1 -2 -2 -22 
-33 -15 -7 -8 -3 -3 -1 18 
13 -2 -3 3 0 -2 -2 18 
-2 -4 -9 -4 -3 0 -1 -4 
-13 6 27 -3 0 -2 -2 -9 
-7 2 -14 -8 -6 -2 -2 -10 
19 -13 -2 8 3 -1 1 6 
-12 3 15 -11 -4 1 -1 -9 
-13 -13 -6 5 4 -2 -2 6 
18 2 8 -4 -5 -2 0 -9 
-55 -27 -8 1 0 0 0 12 
-18 -6 4 0 -2 -2 -4 -22 
2 0 -17 -1 -3 0 1 -6 
11 -10 16 -4 -3 -3 -4 -10 
36 -7 -5 3 3 3 3 19 
-40 -6 1 -3 2 -1 2 -7 
-2 9 -10 -3 -4 -4 -4 -9 
12 -3 -8 3 -1 -1 -1 -10 
6 15 14 2 -3 -3 -1 12 
15 0 -12 -7 0 -1 0 25 
3 -9 10 0 1 -1 -3 -13 
16 -3 -10 10 -1 0 0 -7 
-59 -5 -5 -11 -3 -2 -2 -2 
19 -9 -6 2 1 -1 -2 5 
7 17 -4 -2 -2 -2 -1 0 
-6 -6 -15 -3 -2 -2 -3 -11 
15 6 3 7 1 0 -3 -14 
-10 -12 23 4 -1 0 0 44 
-24 -9 -45 -18 -3 0 -2 -34 
52 -41 8 -1 -3 -2 -1 -5 
-39 13 -18 -1 -4 -4 -2 7 
22 6 16 7 1 0 -2 -13 
51 -9 16 11 -1 -1 -1 20 
-77 5 4 -8 0 0 -2 -7 
27 7 4 0 -3 -4 -5 -5 
-13 0 -3 3 0 1 3 1 
-30 3 -12 -2 -2 1 1 -12 
-14 -16 -1 -5 0 0 -3 13 
60 -14 15 -4 -4 -3 -1 8 
1 16 -11 -4 -2 -3 -9 -9 
-35 0 12 7 3 0 2 9 
37 17 3 -5 -1 -1 -8 -38 
-28 -21 -15 -9 0 0 8 23 
42 47 -11 -2 -3 -1 -1 -17 
-8 -18 18 1 -1 2 -2 -32 
3 14 -2 4 -1 -1 -5 45 
6 6 -4 -4 -4 -2 0 -29 
15 3 -23 -6 -3 -2 -4 7 
2 11 11 -1 4 0 -2 18 
1 22 1 -1 0 0 0 7 
23 19 2 -2 -2 -1 20 11 
-25 -26 -14 -1 -3 -4 -1 -7 
14 -10 10 2 -2 -1 -4 44 
-3 -1 -17 -2 2 0 3 -64 
3 -11 2 -6 -5 -4 -18 9 
-12 12 -21 -15 0 1 11 32 
9 27 13 3 -3 -5 -7 -26 
15 2 6 3 -1 -2 0 9 
-63 -1 -3 -7 -6 -3 7 3 
21 26 38 3 0 -2 -8 -61 
-17 -14 -23 -9 1 -3 -8 -4 
10 2 13 -4 -4 1 3 26 
7 -6 10 11 0 -1 1 3 
-4 -12 -62 -23 -3 -10 -12 14 
-14 -18 30 7 -2 0 2 -15 
-18 -2 -24 -6 -3 1 -1 -9 
-4 -6 -7 -19 -7 -7 -16 -1 
-4 -11 1 10 -6 -1 5 15 
1 8 39 6 -1 2 2 -19 
-8 2 -13 -2 1 2 1 0 
13 -20 -1 -19 -4 -1 -5 -20 
-19 -27 3 -4 -8 -2 -2 -14 
-3 1 -46 20 16 -1 3 30 
-6 -10 12 -12 -6 -1 2 16 
11 17 -4 3 9 1 -4 -49 
2 -3 14 3 -1 1 1 4 
-1 0 -8 1 -2 1 5 7 
0 14 8 2 4 1 0 4 
2 -8 -15 11 -2 -5 -7 6 
-50 -12 28 -4 -4 -2 0 -14 
-4 -6 -9 -14 -8 -1 0 -24 
-1 3 -1 -4 4 -1 -2 36 
-1 11 -52 2 -3 -3 -2 -26 
16 -48 16 14 2 -4 -3 2 
5 32 -1 -14 -3 -1 -1 20 
7 -8 -9 -3 -1 1 -1 -36 
-5 -3 19 15 1 1 -1 9 
8 -1 -13 11 -3 1 0 2 
-2 3 20 2 0 -3 -2 0 
68 24 -9 -19 -5 -4 -5 15 
-81 -4 8 -15 -4 -2 0 4 
35 5 8 6 4 2 -4 -12 
-56 -14 0 -12 -8 -2 6 23 
17 -4 15 22 2 1 5 1 
22 11 -12 3 2 0 -2 -14 
-2 9 11 -7 0 0 3 35 
13 -9 -9 0 -4 -10 -46 -71 
-80 -14 -9 2 0 4 22 -24 
-3 -12 9 1 -2 3 37 21 
2 -2 -10 -10 1 0 9 -13 
10 2 -4 2 2 -1 2 37 
20 -12 -14 0 -7 -16 -37 -81 
7 4 8 -3 1 -1 -60 -3 
3 45 22 11 5 15 55 41 
4 -1 -20 3 0 -5 -40 26 
-15 -22 3 -7 -3 -3 36 -74 
6 2 8 -3 -3 -1 -16 33 
12 -13 -1 -2 -1 -9 -28 -21 
31 -5 12 -2 -3 6 18 38 
-24 5 -13 -4 -1 6 43 16 
13 9 3 3 2 -5 -32 -24 
-33 -6 -3 -12 -2 -1 -1 1 
6 2 -7 -3 -3 -5 -18 -7 
-3 0 -4 -1 0 -6 -27 53 
15 3 17 6 0 -1 23 -18 
10 -2 -11 -7 -5 -1 -20 6 
-9 3 17 6 4 -2 8 -27 
-20 -3 11 5 0 -1 -4 21 
9 -1 -33 -11 4 8 6 -13 
7 13 11 8 2 -7 -5 -12 
-9 -13 8 -13 -9 2 15 -5 
-2 21 -38 -10 3 -2 -8 4 
-7 -41 18 22 -1 -4 4 20 
1 -3 14 -6 0 5 -7 -23 
2 6 14 -5 -9 -4 16 -1 
-9 -36 -36 -10 -15 -8 -23 13 
9 22 24 -5 4 3 9 9 
-8 -14 -32 15 0 0 9 -1 
4 -7 24 11 11 6 3 2 
7 4 10 10 2 -4 -11 -17 
-8 13 -13 -16 -5 -1 7 6 
4 -9 -20 -22 -12 -5 -5 -25 
6 4 -1 -9 -4 -1 -1 20 
-18 14 16 16 5 2 0 9 
24 -13 10 8 -1 0 6 -7 
-7 16 23 5 4 -5 -7 22 
9 -17 -47 -30 -2 1 2 -63 
-52 -11 -5 -3 -2 0 -3 18 
6 19 7 3 -3 0 -2 -11 
0 5 1 -4 -1 -3 -3 -12 
7 -1 -13 15 10 1 1 9 
7 -21 2 -3 -1 1 2 -8 
2 1 -1 -12 -2 -2 1 11 
13 3 -16 10 -5 -3 -5 15 
-33 15 -1 -5 4 -1 6 1 
12 3 33 12 -4 -1 -12 -12 
-14 -15 -9 -6 3 -1 1 5 
-1 -4 -9 -1 4 0 5 16 
17 -6 -12 7 4 2 2 11 
-6 2 16 -9 -5 -2 -2 -6 
-3 -1 -2 2 -6 -2 -3 -3 
18 -21 -15 1 -4 -3 0 -3 
-11 -6 17 1 0 -2 0 -8 
51 -44 -29 -5 0 -2 -2 28 
-48 7 -12 0 0 1 3 -45 
-12 -7 -9 -12 -6 -4 -8 -13 
4 11 43 6 3 0 1 7 
31 11 -56 -16 -8 0 4 28 
17 -10 -8 21 2 -5 -2 -15 
-30 -4 40 -6 8 -2 -6 -26 
5 6 -31 -2 -16 0 2 20 
-14 16 27 19 17 0 0 -44 
5 -3 -12 -20 -6 -2 1 42 
-2 6 -15 9 1 2 3 -6 
1 2 9 -6 -7 -3 -1 -4 
14 11 9 -4 -2 -1 -3 30 
-23 -10 -6 -1 2 1 2 -15 
-10 -13 5 -6 -6 -3 -2 1 
12 -3 -31 11 7 0 -1 -5 
-6 -1 33 16 0 -2 0 14 
9 5 -3 -7 -2 -5 -3 2 
-6 -3 -8 -11 -4 1 -2 -9 
-5 -4 -30 -15 -3 -1 1 9 
0 6 3 4 0 -3 -4 -19 
-22 1 12 6 0 -1 -5 -8 
-21 -3 5 -4 -3 -1 -6 -8 
7 -17 -1 10 -5 -4 -5 -14 
-2 31 11 -13 5 2 1 36 
12 6 -3 3 -4 -1 5 14 
17 -2 -5 -2 0 -2 -2 22 
-32 -2 -9 -3 -3 -5 -5 -58 
-2 -5 7 -9 -9 1 -1 -2 
7 13 13 23 15 3 -3 7 
-7 -6 -20 1 2 -3 3 -23 
9 -18 5 3 -4 -4 0 27 
-4 0 -5 -7 -12 -5 -4 -19 
4 -2 -15 -15 -4 -2 1 9 
13 -1 17 5 0 2 1 10 
-6 11 8 -2 -3 -3 -5 10 
-7 -9 -5 1 5 0 -2 -49 
2 3 11 -3 -6 -3 -2 -3 
-6 -17 -13 -5 -1 -1 0 8 
-6 17 14 -11 -9 1 3 -3 
-10 7 -11 0 4 0 1 20 
11 -5 5 3 2 0 -2 1 
5 -3 -21 -7 -2 -1 -3 -6 
-2 4 10 -2 -4 -2 -1 -5 
-16 -16 -3 -4 1 0 0 1 
47 1 -16 0 -6 -2 -1 8 
-44 4 5 2 -5 -2 0 3 
5 -7 -1 1 1 1 -2 -12 
-18 -2 20 3 -2 0 -2 1 
2 -1 -23 -12 -4 -2 -3 -15 
10 2 10 1 0 -1 0 -11 
4 -4 -16 -9 0 -1 2 3 
5 5 45 6 -4 -4 -2 6 
-4 -13 -62 -21 -3 3 0 3 
6 9 14 11 4 0 -1 -5 
4 -3 4 -6 -3 -4 -2 2 
2 -5 -10 4 -1 -2 -1 8 
-13 7 14 6 -2 -3 6 -25 
0 5 3 -10 0 2 0 1 
11 1 -4 -2 -2 0 0 14 
2 -3 -12 8 4 -3 -4 -10 
-10 2 12 -2 5 0 -4 9 
5 4 -1 -5 -1 -1 -2 0 
0 -10 -3 -2 -2 1 1 0 
-10 -2 -35 -13 -10 -3 0 1 
26 -5 10 5 0 1 -1 -23 
-45 -4 10 -3 -4 -1 -3 -3 
-1 0 -16 8 10 2 0 17 
3 -5 -4 -7 -5 -1 -1 -29 
-14 -17 6 -2 -4 -4 -2 -2 
26 -37 -2 -1 -3 -4 -3 -3 
22 11 11 5 3 -1 1 29 
-22 -6 -28 -6 -2 0 1 -23 
-8 7 12 2 -1 -1 -1 22 
24 8 3 -3 0 -1 -2 -8 
-6 -10 14 3 -2 -1 -2 -5 
10 -2 15 6 1 -4 -4 11 
-8 -5 -14 -16 -3 0 1 18 
-3 2 -24 5 0 -1 -7 -20 
5 9 23 -2 -1 0 9 12 
3 12 -9 -9 -9 -2 -3 9 
-14 3 -4 11 4 -2 1 -3 
6 -1 -22 -2 -3 -2 -4 2 
-6 -2 -16 0 -3 -3 -6 -15 
-2 -12 36 0 2 0 -2 15 
-3 -3 -6 -6 -8 -2 -4 -10 
17 5 -6 0 1 -1 0 10 
-39 -2 -13 1 1 -1 -2 -13 
1 7 9 -1 -4 -3 0 6 
16 4 14 3 0 0 -4 -1 
-1 3 9 6 2 2 3 7 
11 11 -2 -11 -5 -3 -4 -13 
16 -15 -41 -4 0 -3 -3 28 
-33 3 19 4 -1 -3 1 -12 
14 9 3 -3 -1 1 -1 -2 
1 3 -2 10 -1 0 -3 9 
-4 6 0 -7 2 0 0 -12 
-4 -6 -11 -7 -6 0 -3 -6 
-5 -6 7 6 1 -4 0 -4 
6 -7 -14 -3 6 1 -2 8 
-16 -27 5 7 1 -1 -1 13 
-10 13 -25 -3 0 -4 -4 -46 
12 -2 13 -7 -7 -3 4 14 
-47 -11 -7 -4 -7 -1 -3 -14 
8 4 12 2 -4 -1 0 -11 
3 -14 19 -3 1 1 -3 26 
-6 11 2 -2 -4 -3 -2 -10 
5 -8 -44 -4 0 -2 -3 -3 
-1 -8 5 2 -2 3 1 -11 
-4 0 30 7 5 -2 -2 -4 
-9 3 -10 -6 -2 -2 -2 8 
28 -7 -12 0 2 -1 -2 -7 
-8 17 15 -1 -1 2 2 -4 
23 -12 -31 -12 -8 -1 -2 3 
-7 3 -9 8 2 -1 0 0 
7 10 11 -1 -1 0 1 8 
-10 14 4 4 5 0 -1 -15 
-12 1 6 0 -7 -2 0 22 
17 1 -20 -15 -2 -2 0 34 
-5 -3 31 6 -3 -1 -1 -21 
7 -12 -25 1 -3 0 -1 8 
-7 -2 8 3 3 -1 -1 -3 
-8 -4 -25 -12 -3 -1 -2 7 
25 7 8 5 0 -3 1 4 
-61 -3 -14 -13 -2 -1 -1 -19 
11 -1 20 7 -6 0 -1 9 
3 -4 -10 7 11 1 -2 -12 
-27 -8 -5 -6 -3 -2 -2 1 
39 1 -2 -5 -5 0 0 5 
-6 3 -2 -1 -3 0 2 5 
-15 2 3 7 1 -2 -2 -21 
16 -3 19 -12 -4 -2 -1 4 
-43 -7 -19 2 -2 -1 -1 -2 
16 -15 1 -1 1 1 -2 -3 
17 8 33 4 3 1 0 3 
-27 6 -25 -6 -2 -3 -2 -15 
23 12 9 0 -2 -4 -3 3 
-6 -33 -19 1 5 -2 0 -3 
-6 -5 19 10 -2 -2 -1 -5 
4 -3 7 -19 -5 -2 0 20 
5 -3 -35 -6 -3 -1 -1 -26 
37 7 -4 2 3 -2 -1 11 
-23 -5 14 -4 -4 -1 0 12 
-15 -5 11 0 -1 -2 1 7 
10 -5 14 8 0 0 -1 -28 
-3 17 4 -5 -2 2 -2 14 
17 -4 -16 -1 -3 -3 -1 -8 
-4 -4 -7 2 5 1 0 13 
9 9 18 -3 -2 -3 -2 10 
-9 -3 -19 2 0 -3 2 4 
-8 0 40 6 1 1 -3 -9 
-13 -5 -33 0 -4 -2 -2 -31 
5 1 11 -2 6 2 0 5 
-21 7 -13 -7 1 -4 -2 -6 
-15 -14 2 -3 -8 -2 -3 7 
1 -2 -25 2 -4 -3 -2 -12 
6 -4 7 -6 -3 -4 0 12 
1 -2 19 8 1 3 2 -2 
6 0 -18 -8 0 -3 -2 -8 
12 6 19 6 -5 -2 -4 -3 
-30 -7 -12 0 3 -1 -1 -2 
-4 5 7 -12 -11 -3 2 -7 
-2 -17 -25 3 4 -2 -1 10 
8 11 31 2 1 0 -2 -17 
23 -4 3 1 -6 -2 -1 12 
-22 -6 -29 -4 1 -1 1 -3 
-10 -2 2 -7 -3 1 -1 3 
2 -7 0 -4 -3 -3 -3 11 
12 3 13 7 -4 0 -3 -13 
-2 5 34 17 9 -1 -3 -14 
-6 0 -28 -21 -9 -4 -3 -10 
1 -6 -4 0 -1 0 0 6 
3 2 -7 -4 0 0 0 7 
-9 -12 4 -2 -7 -2 -2 -3 
1 1 7 9 -1 -2 -1 -6 
-12 3 -2 -1 -4 -2 -2 -5 
-7 3 -6 -9 0 0 0 5 
8 3 1 -9 -3 -3 -1 -5 
2 0 6 11 -1 -1 -1 -1 
6 -3 0 1 2 1 1 3 
-10 -5 -33 -15 -4 -2 -2 -7 
2 0 -11 -2 0 -1 -3 16 
-11 -49 -8 1 -2 -1 0 3 
50 2 20 6 3 1 -2 -18 
-84 -8 -2 -2 0 -1 -1 -17 
-2 -12 0 -3 0 3 4 -12 
-14 7 -10 -3 -3 -1 -1 20 
1 -5 -18 -7 -1 -1 1 9 
27 -4 5 4 4 -1 0 1 
1 -3 -1 -8 -6 -4 -2 2 
-10 11 10 -2 -2 -3 -2 -21 
-2 -10 -4 5 5 -2 0 13 
12 8 16 4 -3 -1 -4 8 
-3 6 -25 -1 -1 0 -3 2 
3 14 -3 -5 -2 -1 -1 2 
-19 -12 6 -6 -3 0 -2 -14 
13 -5 -1 0 -3 -3 -2 0 
-3 2 20 0 -5 -3 -2 -5 
34 9 -27 1 8 1 2 -1 
-75 -14 -6 -9 -5 -3 -3 -1 
12 -3 7 5 1 0 -1 -13 
34 3 3 -9 -5 -2 -2 27 
-32 0 5 -1 -4 -1 -3 -30 
35 5 -4 -4 -3 -2 0 -1 
-3 3 -7 7 -1 -3 -3 3 
-17 0 -20 -4 5 0 0 -5 
12 -2 16 0 -4 0 -3 10 
5 2 13 8 1 -1 0 -3 
-4 -11 -46 -16 -2 0 0 -10 
6 11 16 12 3 -2 -3 -3 
-6 1 8 -1 0 0 1 -2 
2 3 0 0 -4 -1 -1 9 
8 9 28 4 -3 0 -1 3 
-5 -8 -45 -9 -3 -3 0 -1 
-3 -18 9 -6 1 2 2 8 
-1 11 1 -10 -7 -2 -2 12 
2 -5 2 9 12 -1 1 -45 
-31 3 7 2 0 2 1 14 
-3 9 5 9 2 -2 -4 -10 
8 -7 -9 -8 2 -1 -1 -10 
0 -17 -11 -7 -4 -3 1 30 
23 -4 12 -1 -2 -4 -7 -54 
-15 -2 -31 -7 -6 -2 1 1 
-12 7 7 13 5 1 -3 2 
13 -12 7 -14 -7 0 -2 13 
-14 1 1 2 -5 -4 -4 -2 
8 4 19 1 0 -1 0 -1 
12 -12 -2 6 2 -2 -1 -6 
-8 -15 -33 -15 -7 -3 -1 8 
-1 -7 13 -6 -4 -2 -2 16 
-10 -6 -6 4 3 -1 -2 -6 
-7 6 -2 -3 0 -2 0 -18 
7 9 9 1 -2 0 -3 -2 
-14 1 4 -3 -7 0 1 2 
15 8 5 10 5 0 -2 7 
6 -3 7 0 -2 1 2 14 
2 2 -10 -1 -2 -4 -3 -9 
6 4 1 -2 0 0 -1 -9 
-7 29 9 0 -3 -3 -3 -2 
14 0 -27 -9 -4 -2 -3 -1 
14 11 36 6 -1 0 2 5 
-6 -10 -23 2 8 0 -1 9 
9 -11 -27 -12 -4 -4 0 -4 
-5 5 9 -5 -7 -1 -3 12 
-16 5 1 4 -2 0 0 -21 
18 4 7 0 -2 -2 -2 3 
-24 -5 -2 2 -3 1 -3 -1 
2 -2 -17 -9 1 -1 -2 -23 
-9 -6 -15 3 1 -3 -3 36 
4 5 1 1 0 -2 0 -17 
13 -2 8 -3 -7 -4 -2 2 
-8 -1 14 3 3 0 0 12 
-2 17 -14 -2 3 1 1 -5 
-10 -4 1 3 2 -1 0 7 
18 2 -12 -13 -8 -3 -3 -14 
-62 3 12 8 3 0 -1 -21 
15 0 -8 3 0 -1 1 1 
-4 -5 17 -3 0 0 0 11 
11 38 4 -3 -3 1 -1 -12 
18 -5 -25 -3 2 -2 -3 2 
-13 3 20 5 3 -1 1 3 
-20 -4 -12 -3 -1 -1 -2 -31 
12 -5 -4 -10 -6 -4 0 22 
-1 -17 -6 7 4 -1 -2 21 
-2 23 -4 -4 -1 -1 -2 -34 
15 3 5 4 -2 -1 -1 11 
-3 -3 8 -2 1 2 -2 -23 
-5 -3 4 -12 -6 -3 -2 2 
-6 -16 -8 5 -1 -4 -2 9 
4 1 -20 -10 -8 -3 -2 -7 
1 -13 19 14 6 -1 -1 16 
-1 2 -10 -5 -3 0 -1 0 
-6 -6 14 -3 -3 0 -2 -16 
-2 -3 10 14 3 0 -1 -4 
-34 -16 -17 -12 -5 -2 -1 -2 
6 10 1 -4 -4 1 1 0 
3 2 9 4 6 1 -2 17 
-12 -5 -5 -3 0 -3 -4 -16 
17 -6 15 5 -2 -1 -1 -11 
-4 2 3 13 7 1 0 13 
-19 -9 1 -11 -8 -2 -2 -22 
24 4 -1 -10 1 -2 -3 31 
-12 1 -2 2 5 -2 0 -64 
-13 -2 -10 -7 -7 -4 0 5 
2 -1 26 6 -5 -3 0 8 
-4 -3 -49 -4 0 -4 -1 18 
22 -3 3 -8 -3 1 -2 6 
-28 -5 19 -3 -6 -2 -1 -7 
21 -4 -14 6 4 -2 -3 16 
-3 4 22 2 0 2 -2 -23 
5 -5 -35 -7 -2 1 1 19 
6 -3 6 6 -2 -1 0 -17 
32 -3 9 -3 -1 0 -1 18 
-33 9 13 3 -3 -3 0 -3 
-6 -8 -16 -11 -2 -2 -2 8 
7 -5 10 7 4 -2 -1 6 
5 0 7 0 -3 -1 -2 -8 
-3 -6 -31 -10 -5 -2 -1 -12 
-4 -6 1 -5 0 -2 1 8 
17 2 -10 -8 -6 -1 -1 0 
-5 -7 3 8 -6 0 -1 26 
-5 -15 5 1 13 1 0 -34 
-9 -2 0 2 -4 -3 -1 -12 
12 -10 -41 -10 -2 -2 -1 -12 
21 -3 -4 -11 -7 -2 -1 12 
-31 -9 -13 -2 -11 -5 -4 -8 
11 20 13 6 6 2 -1 9 
9 23 4 -8 -3 0 1 -11 
-38 2 -8 2 2 -1 -3 -28 
39 3 1 -1 -5 -1 2 44 
36 -4 1 -5 -1 -3 -3 4 
-70 -14 -16 1 -3 -3 0 9 
-12 3 -16 -14 -4 1 -2 -35 
21 -10 7 9 6 0 -1 -16 
-27 -2 10 2 -3 0 -1 -10 
21 0 1 3 0 -1 -3 3 
-3 -6 -1 1 -3 -2 2 13 
1 1 20 3 -2 3 0 -15 
-8 -9 -19 -3 2 -1 -1 27 
10 2 0 1 -2 0 -2 -38 
-29 -2 -13 -5 -1 -2 -1 4 
6 6 -8 -3 -3 -4 -2 20 
24 -18 -15 -2 -4 -4 -3 2 
-14 -12 1 -3 -1 -1 -3 8 
15 -3 -3 11 5 -1 -3 -4 
-7 12 6 -7 -5 -1 0 3 
-9 -13 9 -3 -2 -1 -1 5 
11 -2 -10 0 -1 0 -1 -1 
9 -8 10 -4 0 -1 0 0 
-1 -6 -15 0 -2 -2 -3 -3 
-36 5 3 -4 -3 -1 -4 2 
8 -10 11 3 1 0 0 -6 
0 5 3 -1 -2 1 0 10 
-9 -1 -14 0 1 -4 0 7 
1 0 -6 3 -6 -3 -4 -24 
6 5 24 -1 3 0 -2 8 
-2 -5 -18 0 -3 -1 -1 -1 
-11 -7 4 -5 1 2 0 2 
3 1 18 5 -4 -3 0 5 
4 -5 -30 -4 0 -1 -2 22 
-2 1 7 -1 -3 -1 -2 -22 
-2 0 16 9 5 -2 -3 -18 
17 8 -1 2 4 2 1 29 
6 5 16 -5 -4 -2 0 -5 
-26 -25 -14 -9 -3 -3 -2 -2 
-4 -3 7 1 -2 0 1 3 
30 4 14 6 2 -2 -2 5 
-65 -2 -14 -6 -1 -1 0 -19 
18 9 -11 -3 0 -1 -3 0 
-2 -7 -1 -7 -3 -2 -5 14 
-13 -1 17 10 2 2 1 -19 
11 -18 -12 -10 -9 -1 -2 -4 
5 18 6 11 8 -4 -3 -3 
-4 4 9 -4 0 2 0 -1 
-18 8 -10 -1 -3 0 0 -7 
13 4 8 9 5 -1 2 7 
-9 -6 -15 -16 -9 -3 -1 2 
8 -2 2 0 -6 -3 -2 -16 
-2 -5 -21 -10 -1 -1 -4 14 
7 8 4 10 5 -1 -2 -21 
1 -2 12 2 1 0 1 12 
4 0 18 1 -3 -1 1 2 
-29 -10 -35 -9 -4 -3 -1 9 
35 5 4 2 -2 1 -1 18 
65 6 -1 -6 -3 0 -3 -37 
