#EMG
#0
#ID:0-11
5 2 -6 4 2 -1 -3 5 
-3 -6 -2 -10 -5 -3 -2 -4 
7 11 13 3 -4 -1 -1 11 
-13 -2 -20 2 -4 -2 -1 -16 
13 6 7 -7 -3 -2 -3 -13 
-2 -3 -9 -1 -1 0 1 5 
-12 -13 -16 -13 -3 -2 -3 -14 
1 6 0 1 0 -1 -1 29 
11 7 11 8 2 0 0 -18 
-3 -8 -14 -3 1 -1 0 -1 
-4 -3 15 1 0 1 -4 0 
-16 -5 -41 -14 -4 -2 0 -2 
75 7 19 2 0 -3 -3 16 
-50 5 -17 -5 1 1 3 4 
-7 0 14 4 -2 -1 -1 -33 
-8 -6 7 10 -3 -2 -2 19 
-1 -7 -14 -9 1 1 1 -11 
31 -1 9 -2 -2 -1 -1 18 
-8 -3 -2 -8 -1 -1 0 10 
4 -3 3 6 -1 -1 -1 -17 
-23 -3 -6 2 8 1 1 -8 
23 4 9 0 -4 -2 -4 19 
-15 -5 -9 -1 -2 -2 1 -30 
3 4 9 -3 0 -4 -2 -11 
-12 -7 -25 -27 -11 -3 -3 2 
-9 0 30 14 7 0 1 -6 
26 1 -18 0 -4 -1 0 7 
0 -8 6 7 2 0 -1 12 
-43 3 2 1 -5 -3 -1 -7 
-9 -22 -14 -5 -1 -2 -3 -28 
-2 4 -6 3 6 -2 0 25 
-3 -1 7 -7 0 0 -1 -9 
-3 -1 -15 -3 -3 -1 0 16 
10 5 2 4 -2 -1 -1 -5 
-14 -11 6 -4 -2 -1 -2 -1 
5 6 5 -3 -3 -1 -1 12 
-2 -19 -21 -6 -5 0 -1 2 
1 20 4 2 -2 -1 0 -14 
5 -8 7 7 6 0 2 0 
2 5 3 8 -1 -3 -1 -6 
0 5 0 -12 -4 -2 -3 9 
-4 -5 -6 0 -6 -3 0 -5 
14 11 7 -4 0 -2 0 -2 
-14 -5 -24 -5 -3 0 0 18 
-7 -3 12 10 3 -3 0 -16 
8 -2 -3 -7 -7 -1 -4 -3 
0 4 2 0 -4 -3 -3 5 
-18 -9 -5 -2 -3 0 -1 -5 
-14 0 25 4 -3 -2 1 -6 
31 -16 -25 -8 0 -3 -1 29 
-19 11 -5 3 -2 0 0 -7 
19 -5 -11 -12 -1 -4 -1 -1 
8 -23 8 5 -2 0 3 12 
-12 7 -1 8 2 2 -2 -3 
-7 -2 0 -5 -5 -2 -4 -1 
0 -6 -9 0 4 -1 -2 -5 
1 7 -3 -3 -3 1 0 -2 
4 -4 10 1 -2 -3 -3 -2 
5 2 -12 7 4 0 -1 10 
-11 -13 16 -4 -5 -1 2 -7 
5 3 -29 -3 -3 -2 -3 8 
-9 7 17 -7 1 -2 -1 -10 
-2 3 -3 2 -1 0 -2 -6 
1 1 15 -8 -6 2 0 -7 
2 3 -3 14 5 -1 -3 4 
24 -1 -4 2 -4 -2 -1 1 
-61 0 9 -10 -4 2 -1 -21 
0 4 -8 3 3 0 -2 24 
33 -1 3 6 -2 1 -1 -7 
-2 -1 -6 -7 0 -1 -2 -6 
9 -5 11 1 -5 -5 -1 -2 
6 4 0 -3 0 0 1 -22 
-1 -1 -9 -9 -4 -2 -4 -1 
-9 -5 12 7 1 -3 0 -13 
19 -1 -16 -10 -7 1 1 13 
-17 -3 -3 8 12 2 -2 -16 
-2 -3 -4 -3 -6 -3 -2 -17 
3 4 -10 -7 2 1 2 18 
8 -18 20 1 -5 -2 -1 19 
-14 -2 1 0 -4 0 -1 -17 
-9 7 2 -5 2 0 -1 12 
15 6 5 5 4 0 0 21 
-44 -3 0 3 3 -1 -2 -12 
10 3 0 -7 -7 -2 0 11 
-27 28 23 5 6 -1 0 -33 
-11 7 3 -6 -7 -4 0 -5 
45 0 -17 -2 3 1 2 16 
-14 -4 -5 -1 -2 0 -2 -1 
2 4 -8 -8 -3 -1 1 13 
-3 -15 -1 4 -3 -2 -3 -4 
9 5 12 6 2 -1 -1 -1 
4 -4 -16 -9 -6 -1 -2 1 
-5 -12 -10 -10 -5 -1 0 2 
-17 -2 2 2 -3 -1 -4 -10 
22 -19 6 -1 0 0 2 -5 
-39 2 1 -1 -6 -4 -2 14 
-5 -3 16 1 1 0 -2 -13 
3 1 -5 -1 -4 -2 -3 -4 
-13 7 -11 -10 -5 -3 -4 17 
7 -10 -6 0 3 -1 2 2 
10 -2 4 3 1 0 1 13 
-6 7 19 1 1 1 0 -38 
1 0 -17 -2 -3 -2 -5 -18 
4 -3 -16 -14 -1 -1 -3 14 
-5 -11 0 2 -2 -3 -1 18 
-33 3 12 -4 0 0 2 53 
77 11 -3 7 1 -1 -3 -98 
-87 11 18 4 -1 -1 0 18 
27 -30 -3 3 -1 0 1 19 
20 -10 -11 -7 1 0 -3 10 
12 -40 0 1 0 -2 1 -16 
15 -4 -39 -11 -3 -2 -1 -21 
-14 -10 14 -1 -1 -3 -4 31 
-1 10 -9 9 0 -4 -6 -21 
-53 -17 14 1 -3 0 6 21 
10 -3 -2 2 0 -1 -3 -54 
15 6 -30 -15 -3 -2 10 35 
17 -5 -5 -1 -1 -1 -3 -26 
-25 6 7 3 0 -2 11 8 
9 7 10 0 0 1 -10 -8 
16 12 -5 6 -2 -2 1 -24 
20 -32 -24 -7 0 -1 3 40 
-19 32 4 -2 -5 -2 -5 -27 
28 6 22 8 0 -1 -9 8 
-3 -2 -12 -7 0 0 -12 -55 
-16 -8 -9 3 0 -3 -3 6 
-17 -7 1 -10 -1 -2 -9 -8 
94 -5 -19 1 -3 -1 22 39 
-60 3 -8 -15 -3 -2 -5 16 
3 10 -3 6 3 2 6 -28 
-21 1 35 -3 -1 0 -7 -2 
5 5 -5 7 -1 -2 -18 -40 
-16 -6 -13 -3 -2 -3 1 -22 
-14 6 -4 1 1 0 14 51 
13 -6 -5 0 0 -1 -10 5 
1 -18 13 4 0 2 24 10 
5 9 8 2 1 1 11 2 
1 6 20 -3 0 -2 -14 -6 
4 6 -10 -3 -1 -5 4 1 
4 -1 -18 2 4 3 2 20 
3 -11 14 -5 -9 -11 -21 2 
-7 18 -23 -10 1 7 5 -47 
0 -4 -7 11 3 1 0 22 
-16 -18 9 -1 1 -8 -11 -26 
21 43 24 -4 5 6 12 23 
-22 0 4 -4 -12 -9 -10 -22 
4 -27 -44 6 2 3 9 49 
-16 4 -19 -19 -10 -3 -9 -1 
-4 -10 23 24 3 -4 -2 -40 
5 -9 3 -7 -1 -4 -8 -6 
4 16 -22 -9 -4 1 -1 18 
-7 11 19 0 0 -1 2 14 
1 -2 -6 -13 -7 -1 -5 -2 
2 -6 -8 -5 -4 2 5 -13 
-15 -6 -28 1 -3 -7 -4 18 
-15 -6 73 -5 0 0 -2 -24 
-1 12 -21 -13 5 2 -4 -30 
7 -4 30 6 -10 -4 0 12 
0 20 21 19 5 3 1 -3 
10 25 -45 0 5 -1 0 5 
-4 -28 14 11 -5 -1 -1 -5 
-5 25 11 -1 1 -1 1 21 
19 23 33 -16 -3 -1 -6 -42 
-7 -32 -36 29 -7 -7 -7 -1 
44 -8 -34 -12 -2 -1 -1 30 
-66 11 -26 -13 4 1 0 -11 
2 -14 -32 -1 2 -3 -1 35 
16 -3 36 5 1 2 1 -1 
-13 -24 -50 -13 -5 -1 -2 -3 
29 -4 21 31 1 -4 -8 17 
-16 6 5 -16 -5 0 3 -12 
-35 -10 0 -10 -3 2 3 -4 
-49 48 47 10 1 0 -15 -41 
110 -10 -46 -16 -4 4 31 75 
-91 -6 20 1 -1 -1 -9 -11 
38 10 5 -5 -1 -3 -2 13 
-32 -29 -10 2 2 -3 -3 -42 
-8 -11 -3 1 1 -4 -17 -34 
50 5 0 -2 -1 -2 -5 5 
-2 3 7 -11 -5 -3 -4 9 
-27 -13 -10 0 0 0 14 -25 
-8 -7 -16 -4 -1 1 -2 25 
35 9 17 2 0 -7 -18 7 
-6 5 -11 -2 -3 -5 -9 -9 
-6 -3 5 3 0 0 16 28 
-21 -11 4 2 2 6 -1 -56 
35 -13 3 1 0 -2 -21 23 
-20 -1 -3 -2 -5 2 49 -79 
59 9 4 10 2 1 12 63 
-59 -13 4 -12 -2 -6 -29 -20 
46 0 -4 -2 -3 1 29 18 
-29 -2 6 -3 -1 -7 -39 -31 
-35 -5 -5 3 -1 5 20 42 
11 0 13 -2 0 -5 -17 -72 
-12 2 -1 -1 1 -2 5 -8 
3 -17 -46 -13 -4 1 9 26 
6 0 23 8 -3 0 4 -10 
-9 3 -10 0 2 -2 -1 26 
-16 13 4 6 5 -3 -18 -17 
-5 -16 16 -1 2 2 4 30 
15 3 18 -12 -11 -3 -9 -36 
8 3 -29 10 9 2 5 36 
-4 -22 -46 -17 -9 -3 7 -24 
3 9 1 -13 7 2 -8 21 
7 2 25 17 -7 -12 -25 -7 
-7 -18 -8 6 0 4 9 -8 
-13 -1 21 0 -3 4 8 -1 
-1 -2 -11 -16 -4 1 -2 3 
4 -8 -16 -2 -5 -5 -9 13 
-8 10 9 4 -1 -3 5 20 
6 -2 -4 -7 -8 -1 -1 -52 
5 13 -26 -4 15 -1 -5 22 
55 -24 2 -3 -3 0 0 0 
-81 11 17 18 -8 -6 2 7 
-7 -4 -26 -18 -8 -5 -6 37 
-4 2 12 -5 -5 -1 -9 -23 
-2 3 9 -7 0 -2 -2 -7 
31 -8 -23 -8 -3 -3 1 4 
12 37 34 7 4 2 -3 5 
-52 -9 -20 -2 -5 -2 0 -12 
-10 -5 -9 -2 3 4 -6 3 
-15 3 16 -4 -6 -3 -2 -13 
-3 -8 6 6 8 2 6 19 
32 -2 -7 14 0 -4 -5 -5 
-7 1 6 -4 5 2 1 12 
27 -6 -34 -19 -9 -7 -4 -14 
-6 -22 -25 -7 -5 -2 1 13 
11 3 19 0 -10 -4 -3 9 
-10 -4 -18 14 0 -1 -3 11 
24 4 11 -21 4 0 2 -37 
23 -1 12 7 0 2 0 8 
-21 7 3 1 -6 -2 -6 -9 
1 2 -6 0 9 -1 -3 -10 
14 -8 -7 0 -4 -4 -2 -2 
20 -7 -2 -4 -1 1 10 29 
-4 -3 12 4 0 -1 1 19 
7 16 9 9 -1 0 -2 -47 
3 -3 -13 -10 0 1 -11 18 
-28 -22 -6 5 4 -5 4 -24 
0 10 11 7 -5 -3 -1 30 
2 -6 -22 -11 0 -4 -2 -16 
4 0 28 -2 2 3 1 2 
-20 0 -2 16 -5 -4 -7 -11 
6 -7 6 -12 1 0 5 11 
7 3 -2 2 -6 -3 -7 0 
-5 -37 2 -1 -4 0 7 7 
-8 12 -7 -6 -1 -1 -6 -40 
5 1 -7 4 0 0 -1 -4 
-11 -5 -1 -11 -1 -2 -3 2 
45 1 12 4 -4 -4 0 3 
-79 3 -3 1 7 -3 -3 -1 
10 -5 -23 0 -1 -2 0 -13 
-1 3 22 -7 2 1 2 13 
16 9 -18 7 -4 -1 1 25 
5 1 21 -3 5 1 -5 -48 
-10 -4 5 7 -2 1 -1 -6 
11 -15 -22 -4 2 -1 0 17 
-6 0 3 1 1 1 0 4 
0 5 18 -5 -5 0 -1 -15 
-19 -15 -17 0 -5 -2 2 1 
27 1 9 -5 1 0 -3 -5 
-33 14 -13 -2 0 -1 -1 -9 
28 0 0 0 -7 -2 -2 32 
-7 -10 -42 -10 10 0 -7 -35 
-12 0 7 4 -1 -1 7 -16 
-9 9 12 -1 -2 -3 -4 -27 
11 0 0 1 -4 1 0 16 
20 -4 17 4 -4 -1 -2 15 
-9 12 1 -12 -1 -1 -3 -27 
-50 -11 1 8 3 -1 -1 -9 
7 -10 -18 -15 -9 -5 -4 15 
26 5 -6 -1 3 -1 -3 -2 
-41 8 -15 -5 -1 -1 2 -3 
36 -3 10 -5 -4 -4 -2 -10 
-1 -5 -25 -3 4 1 1 8 
-4 -7 25 8 1 -1 0 3 
-7 2 -3 -9 -5 -2 -6 11 
-17 -5 -19 -3 -1 -2 -3 -10 
0 9 8 -1 -1 0 0 13 
31 -7 -21 -7 -7 -3 -4 21 
-10 -12 9 4 3 -2 0 -8 
-2 9 13 -1 2 1 0 10 
11 -6 0 6 3 1 -1 4 
-6 7 17 3 -1 -2 3 -11 
-32 -3 -12 -14 -8 -3 -1 6 
-6 -3 -6 2 -1 -2 0 13 
-1 -12 -1 2 -1 -5 -4 -20 
-8 17 15 3 -2 -1 -3 -2 
21 -3 -12 1 2 2 7 13 
-4 0 -19 -3 3 -1 -3 -3 
-12 -1 -1 -2 -4 -2 -1 -12 
4 5 16 -3 -5 -2 -3 6 
8 -4 -27 0 -2 -4 -7 1 
-9 3 9 1 -3 1 5 15 
11 -4 -9 0 -6 -2 -4 -16 
-7 -5 -13 -1 2 -1 1 23 
14 -14 13 2 -4 -3 -5 -36 
6 9 8 7 3 1 1 -4 
-23 -13 -10 -9 -8 -2 -3 3 
-6 5 15 3 3 0 -1 -1 
-2 4 -11 3 11 0 2 -5 
52 0 19 0 -8 -4 -4 8 
-49 2 -9 0 3 1 2 -10 
2 -20 -23 -5 -4 -1 -5 14 
1 3 1 2 -5 -2 2 34 
10 -8 -9 -3 2 -2 -2 -18 
33 0 21 -1 -3 0 2 3 
-14 -9 -10 -7 1 1 0 -16 
7 15 9 8 1 0 -3 6 
-27 -6 -9 -14 4 1 1 -7 
8 8 2 1 -4 -2 -2 24 
-24 2 1 -3 -2 -3 -1 -50 
15 -12 2 8 -5 0 -2 -5 
-15 -2 1 -10 -7 -2 -1 -2 
10 3 -8 4 6 2 1 30 
-8 9 38 -8 -3 -2 -3 -22 
-20 -1 -39 -5 -5 0 1 0 
11 -6 -8 0 -2 -5 -6 -14 
-19 -38 -10 -4 3 0 -1 2 
63 10 -3 4 -5 1 6 3 
-77 4 15 1 0 -1 -4 4 
-10 -21 -14 -1 -2 -2 -2 2 
12 -2 8 -5 -1 -3 -1 -18 
-2 3 -2 7 2 -1 -1 -4 
12 0 -4 -11 -9 -5 -2 0 
-8 -6 -5 16 9 3 0 3 
3 -1 -10 -12 -13 -4 0 5 
-17 -4 22 16 13 2 1 -15 
39 12 4 0 0 0 0 15 
-9 25 26 -2 0 1 -2 -14 
3 0 -13 -6 2 -1 1 1 
-11 0 -19 -1 -6 -4 -3 28 
13 -7 -2 -5 -6 -1 -2 1 
9 -2 7 3 -2 0 0 -42 
1 11 7 6 -1 0 -3 -28 
7 -3 -8 -7 -3 -5 -2 25 
-49 -7 -27 -6 3 -1 -3 16 
13 7 12 -3 -6 -1 -1 -11 
-3 -6 -6 0 -2 -3 -1 -15 
-5 -7 -15 -1 2 -1 1 19 
36 16 33 15 2 -1 -1 -8 
-5 -3 -16 -5 -2 0 2 14 
-19 1 9 -8 -2 -2 -2 -4 
8 4 17 7 2 0 -1 -2 
1 -18 -4 -11 -1 1 0 -6 
-7 -4 -26 3 -3 -3 -1 4 
13 6 7 9 16 3 1 8 
-21 -9 7 0 -6 0 0 -12 
24 9 -1 -19 -2 -2 0 6 
-6 -21 -30 -2 -1 -4 -4 34 
-24 12 35 10 0 -2 -3 -8 
-1 -9 -15 -14 -7 -3 -5 16 
-11 1 10 11 3 -2 -1 -24 
10 6 -23 -14 1 1 1 6 
40 0 -1 0 -2 -1 -2 -3 
-49 0 6 2 1 1 -2 18 
-14 -1 0 -1 -4 -1 4 -6 
-2 -11 8 -3 -4 -2 0 14 
-17 1 2 0 -3 -2 -2 -21 
29 6 -10 -7 1 3 1 -8 
-1 -2 -8 -7 -4 -5 -6 -3 
-17 -1 27 18 4 0 0 -11 
-9 -6 -38 -14 -2 2 3 -1 
15 -12 6 4 -6 -3 -3 0 
-5 3 16 -2 -1 1 -1 -17 
3 6 -22 -6 -5 -5 -1 1 
2 2 30 15 3 -1 -4 6 
25 10 -53 -14 -2 0 2 8 
-10 -1 2 -15 -4 -2 -2 7 
2 15 37 4 -3 0 0 -16 
1 0 -2 20 5 -3 -4 10 
-4 -2 10 4 -1 -1 0 -17 
34 5 -12 6 4 0 -1 22 
-79 -1 1 -8 1 -1 -1 -16 
12 -3 -19 -12 -7 -2 1 21 
-8 3 20 -4 -4 -3 0 -19 
-15 -14 -3 6 -4 0 -1 -3 
38 -5 5 -4 -2 -1 0 11 
-22 3 -11 0 -3 -2 0 -10 
24 3 -8 2 4 -3 -3 10 
-3 -12 -3 -4 1 -2 0 -39 
0 -4 1 4 -1 -2 -3 8 
1 -1 -24 -22 -6 -2 -2 -6 
-11 3 22 10 -3 -2 -2 -3 
1 -2 17 3 -3 0 0 32 
-23 -8 -5 -1 5 0 0 -48 
8 0 -1 -3 -3 0 0 5 
-9 9 -5 -8 -8 -1 -2 -24 
-1 3 8 12 7 0 0 -6 
27 13 21 0 -4 -2 1 27 
-38 1 -13 -7 1 1 1 4 
-7 -24 -12 -7 1 1 -1 12 
-1 1 -2 2 -5 -3 -3 -47 
12 3 -6 2 0 1 -1 13 
2 -5 14 -5 -3 -3 -4 -6 
9 1 9 -4 -2 -2 1 3 
-20 -4 -27 5 -3 -1 -2 18 
23 -3 -22 -11 -4 -3 -3 -7 
3 0 11 9 3 1 0 -15 
-19 -4 -3 3 4 0 -3 -10 
27 1 0 -9 -5 -4 1 68 
-10 -5 6 2 -5 -2 -6 -11 
10 -5 1 6 0 2 0 -4 
-4 -5 -1 -11 -10 -4 -1 2 
-2 4 12 11 14 3 1 -15 
1 3 6 2 -2 -2 0 20 
-3 -2 -19 -14 -5 -1 1 -1 
13 -1 6 2 0 -2 -2 -4 
-36 -4 -4 -3 -6 -3 -2 12 
-10 -11 -1 1 2 3 0 -23 
11 1 12 8 -3 -3 -1 0 
42 1 -17 -5 2 -1 -1 -3 
-52 -8 -12 -12 -2 0 -1 -2 
4 2 3 5 -1 0 -2 17 
-1 2 18 -5 -4 -3 -1 -3 
-10 -9 -19 6 1 -3 -3 -22 
34 -5 4 3 -1 -2 0 11 
-7 -1 13 -3 -7 -3 -1 -26 
18 -3 -30 7 7 -2 0 30 
-38 5 4 -2 3 -1 -4 -35 
38 -5 -6 -13 -5 -3 -2 -4 
-5 8 7 0 -2 -1 0 2 
15 -3 9 -1 -8 -3 -2 -4 
-11 4 -10 -6 -2 0 0 29 
-6 0 -20 0 0 -4 -3 -18 
9 -9 -11 -16 -3 -3 0 20 
-7 1 10 8 -4 -1 -1 -5 
5 0 -8 1 -1 0 -3 -5 
25 1 -29 -3 0 -1 -3 -7 
-47 7 12 -10 0 -1 1 -5 
-12 -2 -12 0 2 -4 -2 -18 
0 9 20 0 -3 1 1 30 
-8 -12 -16 0 -3 -1 0 -29 
11 3 -16 6 -1 -2 -2 11 
17 2 -10 -2 -3 -2 -5 -28 
-11 -5 2 -4 1 0 4 20 
-5 1 23 -2 -8 -2 -1 0 
-6 -9 -9 7 11 0 0 9 
-7 1 11 2 -1 0 -1 -2 
12 3 2 -10 0 -1 0 2 
-9 -9 14 15 -4 -3 -1 12 
4 -14 -18 0 -3 -1 2 -9 
1 1 14 -16 -3 3 0 -4 
-6 -1 31 15 2 -1 -1 0 
-9 2 -33 -12 -2 -1 -2 8 
5 -7 2 -1 -3 -4 -4 7 
-9 5 15 3 -1 -1 1 -14 
48 -6 -13 5 0 0 -2 10 
-35 0 21 1 -1 1 -1 -26 
19 13 -19 -10 -5 -2 3 20 
-17 -2 3 -6 -3 -3 -2 -10 
-3 -9 -7 2 -5 -1 1 8 
27 17 8 -4 3 0 -2 -15 
-10 -1 1 1 -1 0 -1 -11 
0 -14 -3 5 3 -1 0 25 
-23 -3 0 0 -2 -2 -2 -36 
9 -4 -12 -8 -4 -1 -1 2 
-22 -3 -1 3 7 2 1 -8 
18 3 5 -10 -8 -1 0 15 
-3 14 2 4 0 -1 -1 1 
-11 -19 0 2 3 1 1 7 
15 1 -9 -3 -6 -1 -3 -11 
-7 2 -5 -7 -1 -2 -1 6 
-7 -10 4 7 -7 -5 -3 3 
2 6 14 -1 12 4 0 -16 
-2 3 9 8 2 -2 -1 1 
-1 -7 0 6 1 -1 1 -8 
4 1 -10 -19 -7 -4 -4 -7 
-13 2 -5 9 -3 -3 -1 38 
3 -5 10 -15 -5 -2 -2 -9 
-33 -9 0 -2 -2 0 2 2 
16 1 16 1 1 -2 -3 -28 
14 6 -16 -7 -2 -3 -1 15 
-23 -4 4 2 -5 -2 -2 -4 
18 -5 -25 -7 -3 -3 -3 11 
-16 7 -4 3 0 1 0 16 
2 -3 -24 -5 -3 -1 -3 -25 
11 6 11 0 -1 1 0 1 
5 0 -13 -8 1 -4 -1 -7 
-15 -17 -11 3 -4 -3 -3 10 
3 -9 11 -1 -3 0 0 -10 
23 3 -12 -15 -7 -2 -1 5 
-46 -4 4 3 1 2 -2 -6 
-6 2 1 7 3 -2 -2 12 
1 -9 20 -4 -3 -5 -1 -9 
0 -5 1 8 -1 -1 -3 -8 
17 9 -16 -9 -7 -1 -2 -23 
-49 -8 -4 -16 -3 0 0 -9 
-3 10 13 6 -3 -1 -1 0 
16 -4 0 0 2 -3 -3 7 
7 5 9 13 4 -1 0 -1 
18 -1 -17 -7 -5 -1 0 -5 
3 -3 -18 -1 0 -2 -1 2 
-20 -5 3 8 5 3 2 12 
-6 -10 32 2 -3 -3 -3 -17 
-10 -3 -11 -8 -4 -2 -4 0 
14 8 -1 5 -2 -1 1 5 
9 -12 -7 -20 -5 -2 -2 -7 
-10 8 6 16 5 2 0 8 
47 -5 -5 2 1 -2 -1 -18 
-52 -3 -2 -11 -5 -2 -2 9 
-9 -1 -5 0 -1 -1 1 -32 
16 0 -3 -1 -4 1 1 14 
16 11 -12 -5 4 2 0 -9 
-3 1 9 -1 -4 -2 -1 1 
-31 -1 -3 0 -7 -4 -3 -10 
1 -19 -18 -4 -1 -2 -2 6 
-6 8 3 4 2 2 2 6 
4 5 -9 -8 -2 -1 -2 -10 
-1 -14 -1 9 4 -3 -4 13 
6 -2 -6 -3 -2 0 -1 -3 
-24 5 5 0 1 0 0 -19 
22 -9 -1 -2 0 -1 0 15 
18 8 2 -8 -7 -1 -3 -15 
-1 -1 -2 2 3 -1 -1 6 
-1 -5 -8 2 -2 -1 1 6 
4 -3 -4 -7 -1 -3 -3 -3 
-16 8 16 16 2 -2 -1 24 
-39 0 13 -15 -4 -3 -2 -18 
9 -14 -49 -17 -3 -1 0 -3 
2 0 4 6 5 3 -2 2 
5 -8 -4 -2 -1 -1 -2 40 
14 20 25 2 -5 -4 -3 -28 
-22 -12 13 13 5 0 -1 -3 
13 5 -9 -11 -7 -2 -1 -9 
25 -6 -9 1 4 1 1 -3 
-14 5 -1 -16 -7 -1 -1 14 
-11 -8 -17 -4 -5 -3 -4 1 
-1 -8 19 7 4 0 -1 -10 
-16 -14 1 -8 -6 -3 -3 -17 
17 0 -13 7 -2 -3 0 5 
3 -1 2 0 2 -1 0 7 
-4 3 9 -2 -8 -3 0 6 
-7 14 16 -7 0 -1 -1 -22 
27 -12 -32 4 -2 -2 -3 7 
-33 5 21 7 8 2 0 -12 
-16 3 -8 -4 -4 -2 1 4 
6 -5 -26 -6 3 1 0 9 
2 -1 3 -1 -3 0 1 -4 
6 0 8 5 2 -2 -2 7 
16 -8 20 9 6 2 0 -4 
-8 4 -4 -3 -3 -3 -1 3 
9 4 8 6 -2 -1 0 6 
1 0 -8 -21 -5 -1 -1 -16 
-14 -9 -11 1 -4 -1 -2 -11 
9 7 13 5 -3 1 2 2 
-8 -9 3 -12 2 0 -1 -5 
5 4 -9 -9 -5 0 -1 26 
14 0 13 4 -2 -3 0 6 
-14 2 -5 3 -1 -1 -1 -1 
-1 -1 2 -5 -4 -3 -1 -10 
41 4 18 7 0 -2 2 4 
-63 1 -11 6 -1 0 -3 -17 
-33 2 8 -7 0 0 -1 3 
-5 -5 -27 -3 2 -1 -1 -1 
5 -5 -11 -7 -2 -2 -1 20 
36 0 2 6 2 -3 -2 1 
-12 -11 5 9 4 -1 -1 -45 
0 6 -5 0 -3 -3 0 25 
-13 6 23 1 -6 -1 -2 -14 
7 -3 -3 -9 -4 -2 0 3 
5 -8 -18 -8 -4 0 -2 4 
-7 -2 24 12 9 -1 -3 -3 
-5 -15 -23 -9 -7 -4 -1 -11 
5 25 23 7 5 0 1 5 
11 7 -5 -5 -2 -2 -1 6 
-2 -3 -3 -8 -6 -1 -1 -17 
54 15 14 18 9 1 -1 1 
-75 -15 -27 -12 -2 -2 -1 -25 
14 0 2 8 -1 -1 -2 -19 
-10 -2 -4 -6 -1 1 0 28 
-12 -1 1 -2 -2 -2 -2 -12 
25 -10 -14 -8 -9 -4 -1 4 
18 1 -14 4 2 -3 -1 24 
-32 -7 0 8 10 1 0 -52 
-22 2 7 -3 -4 -2 0 21 
32 0 4 -6 -1 -1 -5 -43 
1 16 19 -5 -7 -2 1 5 
-10 -1 -13 -12 1 -2 -4 6 
-14 -13 -5 -3 -5 -2 -1 7 
8 7 -12 3 3 1 0 8 
0 -10 -1 3 0 0 -3 0 
6 11 15 5 -1 0 0 -19 
4 2 2 0 -3 -2 -5 21 
-9 0 -5 -7 -3 -2 3 30 
12 9 13 2 0 0 -1 -12 
-5 -8 -5 5 -1 0 2 23 
4 -2 -8 5 0 -1 -1 -34 
12 -3 2 -2 1 -2 -1 2 
-18 -8 -19 -6 -1 -1 -2 36 
37 -1 -9 -4 -7 -3 -6 -43 
-7 -3 14 -5 1 -2 -1 -4 
1 2 -5 3 -6 0 -3 -15 
-10 -4 -6 1 9 0 1 -6 
3 -5 -7 -4 -6 -4 -2 17 
-6 0 -1 -1 0 -2 -1 -7 
3 -2 -1 -1 2 -2 -1 20 
-2 -2 0 1 -1 -2 0 -4 
0 3 -1 -7 1 1 -1 -13 
18 -6 -5 -2 -3 -1 0 -6 
