#EMG
#7
#ID:7-0
15 0 10 -5 -5 -3 -1 -9 
4 5 -8 -2 2 -2 0 5 
-11 -2 5 3 -8 -2 -2 -10 
-6 0 3 -8 2 2 1 -9 
-12 3 -9 -5 -5 -1 -4 12 
-14 -2 9 0 -1 3 0 -2 
20 -5 -3 9 1 -4 -1 -19 
-11 2 15 -6 -6 0 0 -8 
16 -3 -19 -1 1 -1 0 9 
-5 -4 -7 2 -1 -2 -2 -6 
-2 -1 -3 -4 -1 -1 -1 14 
5 4 -5 6 -1 -2 -3 -6 
-20 20 16 -4 3 -2 -1 -17 
13 -6 -3 -3 -4 0 -1 -3 
11 3 -3 -7 -3 -3 0 24 
-20 -3 11 16 3 -1 0 -18 
52 -11 -19 -4 -2 -1 3 16 
-45 -12 -6 -15 -11 -8 -3 -16 
-27 6 7 5 6 0 -1 -52 
14 -11 -12 -4 4 -3 -2 25 
1 2 9 -1 -7 -2 -1 -4 
23 0 -1 6 9 0 -1 -5 
6 -2 4 0 -4 0 2 13 
-20 -3 -15 -14 -7 -3 -4 -5 
4 -11 12 4 -3 -1 2 -3 
7 -5 -7 0 2 0 -4 -3 
-6 2 1 -7 -2 2 -2 -2 
-3 2 -1 12 3 -1 0 -2 
-25 -2 6 0 0 -3 -2 -7 
26 5 -1 1 -3 -4 -2 22 
-19 -10 -17 -11 3 -1 0 1 
-8 2 7 5 -2 0 -2 -13 
1 -6 -2 -10 -3 2 -1 -4 
-10 -1 -1 3 -7 -4 -4 -12 
11 -1 -3 3 6 -1 1 8 
1 -11 -6 -5 0 -1 -1 -2 
11 -2 0 2 3 -1 -3 3 
-33 1 3 -1 -2 0 0 -8 
12 10 0 -5 -9 -3 -3 8 
-9 -13 -5 -3 -8 -5 -4 -5 
-10 -8 -2 2 8 0 -3 2 
19 -16 -11 1 0 3 1 0 
-13 0 6 -7 -5 0 -1 -2 
-1 2 -11 0 -1 1 -1 -7 
-1 8 9 1 -3 -2 -2 -6 
11 5 -8 -4 -1 0 0 9 
-4 1 7 -2 -2 0 -1 -8 
9 4 5 3 -1 -2 4 9 
-13 -9 -6 0 0 -2 -3 -3 
-7 10 21 7 2 1 0 -1 
7 -12 -33 -21 -8 1 -2 10 
-9 3 8 11 -2 -2 -2 -22 
55 5 -10 -8 5 0 2 6 
-70 -8 -20 -2 -3 -2 0 -9 
0 -5 16 0 -3 -4 -4 0 
5 -4 -20 4 9 2 -1 19 
10 -1 4 -3 -7 -3 -4 -14 
14 -1 20 8 2 -2 0 -1 
12 1 -10 -8 -1 1 1 -8 
-8 0 -6 -8 -4 -4 -2 15 
6 0 11 6 -1 0 -2 9 
14 8 -23 -7 -2 -1 -1 -6 
12 0 13 11 -6 -2 1 -5 
-7 2 7 -1 4 -2 -2 -27 
4 -3 -8 -4 -2 0 -1 23 
-22 0 8 -1 -6 0 -1 -16 
-6 2 -3 9 10 -2 1 16 
-13 -13 -1 2 -2 0 0 -13 
1 -3 15 -5 -6 -4 1 12 
17 12 -16 3 4 1 0 3 
7 4 17 -9 -4 -2 -3 -12 
-9 -1 -9 3 1 0 0 0 
-30 8 2 -7 -6 2 -1 -8 
27 -7 -2 -2 -2 -1 -2 29 
-4 -5 -7 9 4 1 -2 -9 
8 6 8 -1 3 0 -1 2 
-16 -3 -11 1 -2 -5 -2 -13 
-5 -3 -2 -3 3 -2 -2 -1 
0 -1 0 5 -3 -2 -1 -3 
-4 -1 5 -8 -6 -2 -1 10 
-1 -6 -11 -4 2 1 0 -5 
-1 0 2 -7 -2 -3 -2 6 
-4 5 0 1 -3 -4 -1 -16 
0 -8 15 6 0 1 -1 12 
8 5 3 -4 -5 0 1 4 
-20 -8 2 4 9 1 0 2 
-23 -6 -6 4 8 0 -4 0 
5 2 -3 -7 -8 -2 -3 4 
-9 -4 -11 4 3 0 -1 -28 
25 0 1 -6 -8 -1 1 -1 
-8 -7 17 5 -3 -2 -1 3 
3 9 -29 -5 1 -1 2 -2 
1 -11 -12 -2 -3 -3 -5 2 
5 5 -2 -9 -6 -3 -3 -8 
-2 -5 5 -2 5 3 -1 1 
2 2 16 5 -2 0 -1 -3 
-8 4 2 8 4 0 -1 15 
-8 -8 -11 -11 -6 0 -2 -34 
-11 -2 -6 7 2 -3 -3 -14 
18 -19 -14 -12 -3 0 -3 7 
-30 7 7 -1 -3 -2 -4 -24 
-6 3 8 10 3 -1 1 13 
12 -6 4 -2 -6 -2 1 -6 
37 7 -7 1 -2 -1 0 12 
-23 -12 -5 -18 -5 0 0 -11 
2 5 -13 5 0 -3 -2 4 
-7 -6 -7 5 11 0 3 16 
0 1 11 -2 -2 -1 -1 8 
7 -4 -13 3 -2 -3 0 2 
3 2 12 -6 -7 1 1 -10 
16 4 -4 -1 -4 -4 0 39 
-19 -3 -16 -4 0 -3 -4 -18 
18 2 22 3 2 1 1 34 
-20 -13 -25 -7 -1 -3 -3 -54 
-40 9 12 1 -4 0 2 -13 
8 0 0 4 3 -1 -2 13 
1 4 10 7 -4 -1 0 -8 
20 -10 -8 2 6 -2 -1 21 
-3 0 12 -14 -10 -3 -1 5 
-3 -5 -4 -3 -3 -2 -2 -16 
5 -2 -5 1 1 1 -1 -11 
22 -1 7 3 -1 -2 -1 11 
15 6 -20 -5 -5 -3 -6 11 
-55 0 18 -3 -4 -4 0 -29 
18 -4 -11 -2 1 -3 -2 13 
-9 -3 -2 1 -2 -1 2 -13 
12 -5 -12 -9 -3 -2 -5 15 
-13 14 -6 -3 1 1 -1 0 
-20 3 12 -3 2 0 9 -29 
-40 -7 -4 -5 -4 -1 -6 11 
18 -1 4 1 -1 -1 -3 -9 
28 11 6 5 -2 0 -5 -20 
27 -4 -7 3 1 -5 -10 22 
-4 28 21 1 0 8 28 42 
3 -18 -4 -5 -4 -5 -12 1 
22 -5 -9 -7 -5 0 14 6 
-23 -2 -5 1 0 -1 -3 -9 
-17 -22 -1 1 -2 -9 -30 -45 
0 22 -2 0 0 1 16 -3 
34 1 16 3 1 -1 -23 13 
-73 -5 -14 1 -3 2 27 13 
17 -2 -7 -6 -2 -6 -9 -1 
23 -17 7 3 -2 3 -7 -1 
-8 -36 8 2 2 0 9 -12 
13 14 2 -6 -1 -3 -1 -25 
-9 7 -4 -5 -2 -5 -27 5 
4 1 -34 -7 -4 -10 -24 0 
-13 -2 9 4 1 3 39 12 
-15 -25 -21 7 3 -3 -35 14 
-12 -11 30 -6 -2 1 12 -16 
-42 -37 -30 1 -1 2 6 -18 
3 21 24 6 1 1 0 22 
4 13 -7 6 4 -3 7 -27 
-4 4 -36 -6 -4 -5 -20 -6 
-15 20 20 10 2 0 -2 2 
5 -10 3 -6 -10 -1 13 -4 
-2 -45 2 -17 -10 -5 -8 6 
32 6 -23 4 1 -1 7 35 
0 3 16 -6 -3 -2 5 -20 
-25 12 29 9 2 -3 -12 -21 
23 -8 -61 -16 -14 -8 -10 -7 
4 -4 14 5 4 3 12 21 
-33 2 -6 -11 -2 0 6 -9 
12 -14 -6 4 -7 -8 -18 3 
5 37 81 10 1 5 8 5 
-8 -26 -49 -15 5 3 8 -8 
8 8 -20 -10 0 -1 -2 6 
-16 -32 14 -9 2 -1 -7 -8 
21 -23 -1 13 -8 -3 3 -1 
-14 18 25 -15 1 2 3 -11 
30 -1 18 18 12 4 6 18 
-46 -4 -19 -6 1 0 -5 0 
6 9 0 12 3 0 2 15 
21 -4 -6 0 -13 -6 -5 -3 
-19 -7 -32 -15 0 -1 3 -3 
19 -1 -29 -5 0 -3 -2 9 
3 11 14 8 1 -2 -6 2 
30 -2 15 7 0 -3 1 17 
-30 5 -1 -3 -1 1 7 -51 
21 18 -9 -3 -1 0 0 16 
-1 -3 -8 -6 2 -2 -13 -2 
-4 3 11 15 4 -3 -9 -29 
2 -7 6 -2 -4 7 33 72 
-38 10 -9 -3 -4 -5 -10 -57 
-7 -4 -1 -13 0 -3 -10 -14 
-27 -2 -4 -5 0 -3 -22 7 
19 -8 3 4 -4 -1 5 -39 
-20 1 0 4 1 3 7 30 
0 4 -10 -10 0 8 31 47 
30 3 10 3 -2 -3 2 16 
12 5 1 -8 -4 -8 -22 21 
-4 4 -9 -2 -3 0 -12 5 
-12 -9 3 1 -2 -6 -4 -28 
0 -1 5 -5 -6 -1 7 18 
6 2 2 2 0 -1 -3 -13 
-4 -7 -27 -7 -5 -2 10 2 
4 10 14 4 2 -3 -13 -16 
1 2 16 9 -1 0 10 27 
-2 1 -3 -16 -5 -2 -5 6 
10 -2 11 -3 -4 -3 -10 -43 
41 -13 -8 -5 -4 -1 -3 14 
-59 51 23 2 1 5 11 -11 
2 15 -15 16 3 -4 -8 3 
7 -1 32 20 6 6 -1 8 
5 11 1 4 4 5 4 -17 
10 -20 -16 -21 -6 -2 4 25 
-4 -1 -5 0 -3 3 3 25 
-12 9 -12 -4 -1 -2 -1 -25 
-11 -5 -4 0 2 -1 -10 3 
9 -18 -12 0 -5 -6 4 -32 
8 0 7 -7 -5 -2 -7 -18 
7 2 -15 1 -3 -7 -8 16 
11 -3 24 2 0 3 18 17 
-40 -11 -33 -12 -3 -1 -13 -13 
4 -7 -10 3 -5 -2 7 -17 
-5 -13 13 2 -3 -1 -6 6 
4 -3 -10 -12 2 -1 -6 -19 
-19 -13 -28 -7 2 -1 -3 -10 
6 20 29 2 -6 -4 -2 -13 
14 6 19 -1 -6 -4 -4 17 
3 7 -33 -9 0 3 3 1 
17 -20 3 9 21 1 0 -26 
-32 -28 -2 -10 1 -1 -8 12 
-2 -3 -17 -8 -5 -2 2 -21 
-5 5 9 4 -5 -1 1 -2 
9 10 1 1 -6 0 1 -4 
7 -8 -13 -5 -3 -5 -12 -23 
-1 12 -5 9 9 0 9 5 
-24 -7 3 1 -1 -5 -2 19 
0 1 4 1 -7 -1 -1 -1 
3 -2 -9 17 10 0 -3 4 
-3 -7 -5 -22 3 5 2 -8 
-26 -1 -21 5 -5 -7 -10 11 
20 -7 25 2 -14 -3 0 -8 
15 10 13 -2 -8 1 0 -14 
-35 -14 -5 11 25 2 3 21 
6 10 -31 -16 -2 -5 -3 -39 
-46 17 22 6 -2 -1 -6 -24 
-4 -12 13 -3 -5 -1 5 -2 
16 3 -17 -1 -8 -4 -7 3 
-8 -40 6 -4 -3 -3 0 -1 
39 0 4 2 -2 1 -6 -4 
2 8 8 7 1 -2 -5 -2 
17 18 3 -9 -4 0 17 18 
-7 -2 -7 2 -3 -2 2 5 
-30 -56 11 -1 0 0 -4 -44 
-25 4 -2 6 5 3 7 33 
7 -4 -15 -4 -4 1 0 12 
-14 11 17 -2 -5 -3 -11 -14 
30 -7 -15 -4 -1 -4 -1 31 
8 16 2 -8 -3 -6 -17 -35 
-21 -17 -15 -8 -6 -3 -10 -44 
74 10 9 11 3 3 28 46 
-31 16 0 -13 -1 0 1 19 
-35 -5 -33 -2 -3 -6 0 19 
-71 4 16 -4 -7 -11 -73 27 
-8 0 -12 -11 -1 1 48 -88 
1 5 3 13 0 -5 -16 -27 
25 -5 11 -5 -4 0 3 52 
34 4 -5 -1 -1 0 12 -20 
-30 14 39 11 3 -2 -35 20 
26 3 -25 -2 -2 -2 6 37 
-2 -17 -45 -11 -2 -2 3 -6 
10 34 10 7 -1 -4 -8 -16 
-5 -8 -23 -12 -2 0 -9 -4 
10 -9 29 0 -3 4 17 29 
2 -3 41 34 8 1 -13 -63 
15 28 -35 -2 -1 4 20 28 
-11 -28 -32 -21 -6 0 -2 4 
2 35 9 0 0 1 0 4 
-12 -9 -10 -17 -4 0 -3 12 
1 -1 52 17 -3 2 9 -19 
10 11 -12 -1 5 -3 -7 -8 
-32 -7 -20 -4 -5 -1 -2 6 
-11 -13 23 -3 2 0 -2 -23 
33 -30 -11 4 0 0 12 -9 
2 24 -13 -4 -7 -2 -11 23 
-5 -1 -31 -6 -1 1 -1 -21 
6 -3 7 -4 9 4 6 -17 
-7 -19 9 6 1 -1 1 0 
28 -2 19 14 1 0 -4 4 
-48 7 8 4 -1 -3 -6 -5 
25 11 -2 -12 -4 -4 3 20 
-2 -9 -9 -7 -3 0 1 1 
-8 -13 3 -3 -3 -2 -7 14 
16 3 -9 -16 0 -2 3 -1 
-1 -6 4 9 -3 -3 -4 3 
-5 -8 -17 -15 5 -1 -1 12 
-6 11 5 1 -7 -2 -4 -24 
-1 -2 9 10 2 1 4 -3 
-4 -6 -21 -20 -2 1 -3 15 
38 5 2 6 7 1 0 -13 
-40 2 23 15 0 1 -3 3 
4 7 -1 6 -1 2 -5 12 
35 -9 -14 -7 -13 -4 -5 -20 
-57 -2 12 -6 -5 -1 0 -16 
7 -7 -12 -14 1 -1 -1 10 
15 1 5 0 -3 0 0 1 
-29 -28 1 13 3 0 0 8 
53 3 -25 -16 -7 -1 1 -11 
-29 2 15 1 -2 -3 -3 6 
-11 -5 9 12 6 0 1 0 
28 8 6 -3 1 -2 -4 -12 
5 -10 -45 -6 -15 -4 0 27 
-42 -15 -2 -4 11 1 0 -44 
6 15 -1 0 0 1 -3 3 
-22 -11 -15 -3 -4 -1 -5 2 
26 17 43 6 4 0 6 13 
32 -3 -17 8 -5 -3 2 -7 
-16 6 7 5 0 -2 -4 1 
-12 4 2 -16 -4 -2 0 -21 
-16 -3 9 -4 3 1 0 28 
-3 0 -8 -7 -2 0 -4 4 
20 -4 3 4 3 -1 1 -22 
-10 7 -4 0 -4 -4 5 20 
-4 -4 7 -2 -3 -3 -8 -22 
7 9 24 -4 -3 -1 8 32 
-12 -22 -19 0 -6 -2 -5 -12 
10 13 -5 -5 9 4 2 0 
-3 -6 -2 1 -2 -1 1 4 
3 3 16 11 1 -3 -5 -14 
13 -2 -19 -12 -3 -4 0 15 
-18 8 2 2 -4 -1 0 -17 
-2 -13 -8 -15 -10 -3 -1 -2 
-39 -1 3 5 9 2 0 -28 
29 -1 0 0 -1 0 -4 33 
7 -5 -1 9 2 -1 -3 2 
-17 2 1 7 -1 0 -5 -23 
31 -5 -9 -5 -8 -1 -2 16 
-15 1 8 2 0 -1 -3 -5 
-16 9 -21 -10 1 1 3 8 
-10 -13 15 -2 -6 -3 -1 -40 
1 -16 -9 8 6 1 -5 9 
13 1 -5 2 5 -3 -1 -4 
9 0 6 4 -3 3 4 2 
-10 -4 -4 -5 -1 -4 -6 -8 
7 1 -19 -8 -5 -4 0 14 
1 -16 2 -12 -6 -4 -3 -25 
3 38 0 8 2 -1 -2 -2 
-11 1 7 6 7 0 1 14 
15 -11 2 -4 -2 2 -2 15 
-9 13 -3 -6 -5 0 0 -22 
-1 -27 -1 5 5 -1 2 25 
2 -1 -14 -11 -2 -1 -2 -11 
0 -1 -7 8 4 -1 -2 4 
5 4 -3 -6 -5 0 -1 -14 
20 -15 20 7 -3 -2 -4 13 
-30 5 3 -6 0 1 1 -24 
-15 -3 -17 -6 -5 -2 -2 14 
-17 -6 -2 3 0 1 6 11 
2 1 8 -1 -4 -1 -5 -8 
19 2 -7 0 -2 1 0 22 
-4 17 15 -3 -7 -1 0 -3 
-17 1 16 9 7 2 1 -42 
9 0 16 -3 2 -1 0 16 
11 9 -53 -3 -5 -6 -5 -9 
7 -10 19 -8 -5 0 5 -2 
7 -1 1 5 -8 -1 -2 9 
-8 4 -10 3 11 -3 -1 6 
3 -5 12 -6 -3 0 -1 -3 
-27 7 -12 -3 0 0 0 -8 
16 2 18 0 -3 -1 -1 1 
-1 -3 -10 -5 -7 -3 -1 -4 
28 -18 -17 4 2 0 -3 16 
-33 4 -4 -3 -5 -2 -2 5 
12 -8 -6 -10 6 0 -1 10 
-11 0 1 0 -2 2 3 -14 
8 -4 12 -2 -4 -1 0 39 
5 1 4 7 -5 -3 -5 -52 
9 0 3 5 9 1 -1 -1 
25 -25 -36 -12 -7 -6 -7 -4 
-29 0 2 1 -1 2 5 2 
35 -42 -9 -8 -2 -3 -2 -2 
-39 2 -3 -3 -3 -1 -3 -3 
10 16 7 3 -6 -4 -1 20 
30 -2 31 9 7 1 -3 -17 
-53 -3 -35 -12 -1 1 -5 -15 
3 -5 -24 -9 -6 -2 4 -1 
-17 -4 21 4 -6 -3 -4 -5 
-8 -1 17 7 -1 0 -1 8 
23 12 -6 -12 -3 -2 0 -7 
16 -1 -4 -6 3 1 1 21 
-25 -3 0 2 2 3 2 -11 
-11 12 18 11 -4 -4 -3 -1 
23 2 -4 7 7 -1 1 -1 
7 9 -9 -19 -14 -6 -4 14 
-10 0 17 21 2 -2 -2 -26 
-4 -1 -20 -7 -1 0 8 17 
-21 -6 4 -6 -3 -3 -5 -3 
2 -5 -10 -12 -6 -2 0 13 
-5 -6 9 -6 -5 1 -2 -10 
3 -1 -20 8 8 -1 -2 5 
37 3 -3 2 -4 -2 -1 -5 
-54 -6 8 6 -1 -3 -3 -1 
-7 4 -4 -10 -5 -2 0 -8 
-4 -3 0 4 -2 -1 0 2 
-2 7 -15 -5 0 0 -3 -6 
26 -10 5 -2 -5 -3 -4 13 
16 5 4 -6 0 0 -1 19 
-10 0 -25 -12 -2 -1 -2 -14 
4 1 27 15 3 -1 0 -6 
-1 2 -4 4 2 -2 -4 -17 
-23 -1 -8 -2 0 0 1 -8 
-3 5 -4 -11 1 1 -1 37 
17 1 8 -3 -3 0 -4 -5 
-20 -13 -4 9 -2 1 1 -16 
10 1 -8 -6 -1 -1 -2 9 
-10 3 1 -4 -2 -1 -1 -13 
1 6 5 0 1 -1 1 22 
-3 -1 10 2 0 -1 0 -9 
4 0 -15 -2 -3 -1 -2 -6 
1 2 8 0 -5 -3 -4 -11 
-9 -5 -9 -2 0 -2 0 0 
11 -11 -14 -16 2 1 1 2 
10 13 19 -5 -5 -2 -3 -1 
-17 -40 -31 -4 -4 0 -1 -16 
-1 0 23 4 -1 0 -1 10 
-1 -2 -1 16 2 -1 -3 -1 
1 -3 -4 -3 0 0 -2 -5 
-6 -1 -2 -3 -2 -2 0 -5 
8 4 4 0 -2 -1 -1 3 
7 0 -2 -2 -1 -1 0 6 
-1 -7 -2 -2 -2 -3 -2 -14 
12 3 -1 -1 1 1 -2 4 
-21 -4 -9 -2 -3 -1 0 -13 
46 6 0 -3 -2 -2 -2 21 
-64 6 7 1 3 0 2 14 
3 6 -8 0 -3 -3 0 -14 
31 2 11 -6 -5 -3 -5 19 
-11 4 -11 3 -1 1 1 18 
8 -21 -33 5 -1 -3 -3 -10 
-2 4 8 -9 -1 -4 -3 6 
-18 -1 -12 2 -2 0 1 2 
30 -2 6 -8 -1 -2 -4 -29 
-17 5 4 0 -2 0 -1 0 
-13 -1 -12 -13 -3 -1 -3 -11 
-3 -4 1 -1 0 -4 -3 -2 
-8 -7 8 8 -1 1 -1 6 
17 -3 -19 -8 -2 2 1 -17 
32 0 8 5 -2 -3 -7 -22 
-66 3 1 2 4 2 12 13 
-4 1 1 -1 -1 -5 -6 5 
5 -1 4 6 2 -1 1 -6 
-12 0 -3 -17 -3 2 1 -16 
25 15 24 10 -4 -4 -6 -11 
-25 7 6 5 4 0 2 15 
-14 -7 2 2 -2 2 -1 7 
-5 5 -22 -8 -1 -1 1 5 
6 -11 -23 -8 -4 -1 -4 -2 
-13 11 19 -1 -4 -1 0 -8 
22 2 -9 -3 -2 -4 -3 -13 
-12 -1 15 9 -4 -3 -2 31 
3 -4 -3 -12 -4 0 1 12 
-4 -9 -3 5 0 -2 0 -20 
2 -3 -6 -2 -3 1 -2 9 
4 6 -4 4 0 -2 -1 -7 
-25 -4 -1 -7 -4 -2 -2 -5 
2 -1 -1 0 0 -1 -1 -7 
-3 6 -3 -2 0 -2 2 -2 
0 -5 28 2 -3 0 -2 13 
29 -8 8 11 4 3 -2 -10 
4 -2 -24 -2 -2 1 0 -24 
-33 -1 7 -2 0 -2 -1 -3 
8 -12 -6 -1 -1 -5 -2 14 
6 -1 0 -1 2 -2 -1 9 
-15 -11 -2 -8 -2 -3 -3 -8 
5 -1 11 12 0 -1 -1 -7 
14 8 -3 -1 1 0 -2 -12 
-14 5 -7 -7 -3 0 0 4 
0 1 -7 -7 -6 -3 1 1 
11 4 3 -8 0 0 -2 -1 
-15 -7 -12 -4 -5 -2 -1 -7 
-9 1 -11 5 1 -1 -3 -7 
37 8 19 -6 -1 2 1 6 
-42 -5 -2 -3 1 -1 -1 6 
6 -3 -9 -1 -1 -1 -2 11 
8 1 8 2 -4 -3 3 -10 
-4 -8 7 -1 -1 -1 0 10 
10 1 -4 5 -1 -2 -3 -45 
-24 -3 -5 -1 -1 -3 -4 0 
-4 -2 -16 -6 -1 -2 -1 -10 
2 5 -3 -3 -2 -1 0 16 
16 -5 4 -9 -1 -1 -2 7 
-12 1 9 14 1 0 1 -10 
13 -5 -6 -6 -3 -3 -2 -5 
-10 -3 -4 3 0 0 -1 -2 
11 -1 -8 -6 0 -4 -2 19 
-3 -2 6 1 -1 2 1 -23 
-5 -13 5 1 3 1 -1 5 
-3 2 -8 -3 -2 -1 -1 -8 
3 -2 -8 -3 -2 0 -2 13 
7 1 6 4 0 -2 0 -1 
-2 -2 -1 -1 -1 0 -1 -6 
-4 3 -6 4 1 -2 -1 3 
4 -6 12 -5 -3 0 1 1 
-8 -6 4 -4 -1 -2 -2 -1 
-4 -10 -9 -3 -1 -1 -2 -9 
-4 -4 -13 -6 -3 -3 0 3 
3 6 11 4 -3 -2 -3 -3 
6 1 -5 -5 1 1 1 20 
15 0 6 -9 0 0 1 -13 
-32 -11 -13 -3 -5 -4 -7 -30 
70 0 0 7 0 -1 0 5 
-96 -2 1 0 -1 -2 -3 -22 
18 7 13 5 -1 0 1 23 
6 2 -20 -12 0 0 -2 -8 
-10 -14 -13 -2 -5 -4 0 5 
25 2 28 12 0 -1 1 -6 
-10 2 -4 5 -1 0 1 -10 
11 1 -14 -12 -4 -3 -3 3 
-3 4 -14 4 -2 -2 1 18 
18 -9 -8 -7 -3 -4 -3 -11 
-17 9 -8 -1 -2 -1 -3 -4 
13 -10 28 1 0 0 1 4 
-14 -2 -36 -4 -1 0 1 -5 
3 -1 11 -10 -3 -3 -1 6 
-5 3 11 3 -1 -1 0 -8 
10 1 11 5 0 0 -3 20 
-1 14 10 -5 -3 1 -1 -8 
-2 2 -5 1 2 1 -2 8 
-16 -5 -14 -10 0 0 -1 9 
10 -4 16 10 -3 -2 -2 -14 
-3 -8 2 -4 0 -1 0 -1 
6 -1 -5 -6 -3 -4 -1 8 
2 -1 -15 3 -4 -3 -2 8 
-16 -6 -6 3 1 0 4 -3 
9 11 3 -3 -3 0 -3 -3 
3 2 2 -1 2 3 2 -3 
7 -4 10 -3 -2 -3 -4 1 
-2 3 11 5 -1 -1 -3 1 
-11 -4 -1 -5 -1 -3 -2 -11 
0 -3 -46 0 2 0 0 10 
-5 5 5 -4 0 -1 -1 -6 
0 -12 3 -1 -1 -1 0 -11 
4 0 33 4 3 4 3 30 
-45 -5 -8 4 -2 -1 -5 -53 
37 -1 -11 -10 -5 -2 -2 4 
7 10 -4 0 0 -2 0 22 
-21 -5 -8 -7 -2 -2 -5 -22 
28 1 0 0 -2 0 0 16 
-14 2 -7 3 1 0 2 -20 
-28 9 2 -3 -1 1 0 -21 
8 0 9 -5 1 -1 0 2 
15 4 3 3 -3 -3 1 12 
-10 -13 -2 0 0 -1 -4 -1 
9 1 -7 -2 -1 -1 -2 1 
-13 -4 -8 0 1 -1 -3 -9 
6 7 10 -2 0 -2 5 1 
-7 -6 -1 3 1 -1 1 7 
-4 -7 -2 2 1 -1 -2 0 
-7 -1 -11 -3 -2 0 -2 0 
4 -4 19 -4 0 -2 -1 -6 
-9 -5 -40 -10 -4 -3 -3 1 
9 4 0 4 0 0 -3 -6 
-1 7 -3 -2 -4 -6 -2 4 
5 2 6 5 4 3 2 3 
-6 1 5 -2 -2 -1 -1 -6 
-11 1 3 -9 -4 -1 -2 -6 
9 0 -7 -2 -2 -4 -2 3 
42 -5 -2 -1 -6 -3 -4 46 
-81 -11 9 1 1 0 -1 -32 
9 3 6 10 2 0 1 5 
0 -8 -37 -6 0 -3 0 -11 
5 -1 -16 -11 -3 -3 -2 6 
25 -3 1 -8 -2 -2 -4 15 
-1 16 23 8 -1 0 0 -3 
-6 6 6 3 -2 0 0 5 
-7 -1 -10 -3 -2 1 -1 -12 
22 4 23 -1 -1 0 2 21 
-14 -13 -40 -10 4 0 1 -28 
5 0 19 5 -4 -1 -1 6 
-15 4 -3 -1 -2 -3 -2 -14 
13 4 -1 -1 -1 -2 -2 3 
-1 -7 -2 -2 -5 -2 -1 13 
-9 -5 1 1 -1 2 0 -5 
-11 -6 4 3 2 2 -3 -8 
14 -4 5 5 -1 0 1 -4 
1 -3 -13 -5 2 -1 -2 14 
-2 10 21 7 4 3 3 2 
-5 -4 -10 -13 -6 -4 -5 -11 
6 7 8 2 -2 -3 -4 -19 
-17 0 -9 -9 -5 -2 -2 -5 
-5 -3 0 1 0 -2 -2 -24 
11 -3 9 4 1 2 1 6 
-2 -2 -2 2 2 0 3 -1 
43 0 -11 -6 -1 1 -3 17 
-47 -8 2 9 -2 -3 -1 6 
-4 1 -6 -2 -3 -2 -2 -28 
-3 -2 -2 2 1 -1 0 -2 
0 0 7 1 -3 -1 0 -17 
18 -11 -9 -11 -5 -4 -2 20 
-2 13 0 1 1 0 0 3 
1 -1 2 -2 -2 -1 -2 8 
-7 -2 9 -2 -2 -3 0 -4 
-3 -3 -11 2 1 2 -2 -10 
-9 -3 -2 -3 -3 -1 -3 -3 
22 -5 -1 -2 -3 2 1 15 
-17 -11 -24 -1 -2 0 -2 -4 
-1 -2 0 -3 -3 -3 -3 -9 
14 6 9 1 -1 -1 0 18 
