#EMG
#5
#ID:5-4
14 5 -1 3 -1 1 7 -7 
-14 -3 -1 -8 -6 0 -1 14 
-2 1 2 16 -5 -1 0 -24 
-6 5 -15 -12 8 2 1 11 
4 9 -1 -7 -5 -3 -10 -9 
4 2 13 13 9 -2 3 22 
-14 -5 -4 2 -1 -4 -2 -4 
-3 5 14 7 -1 1 3 12 
61 -1 1 -22 -10 0 0 2 
-65 6 6 3 -2 -3 -3 -14 
16 -2 -43 -17 0 -1 -3 12 
-13 0 10 -1 0 -2 2 -10 
6 -1 -6 9 1 0 -2 8 
-1 -12 -9 -9 -6 -2 2 -14 
28 -5 18 8 3 0 0 23 
-12 -2 -2 -3 -1 -1 -1 -7 
-13 2 7 8 1 -1 1 -14 
12 -8 -10 -1 -4 -3 -1 -1 
-26 -7 -12 -7 -4 -2 -5 -30 
17 3 -7 -5 0 0 -1 7 
-16 -16 9 -4 -2 -2 1 4 
2 4 -8 -10 -4 0 2 -20 
-3 -3 9 23 6 -1 -1 6 
2 -8 -7 -14 -4 -1 -4 4 
-16 24 0 -3 -9 -3 -2 -17 
15 2 -2 -1 1 -1 -3 22 
0 -2 -12 -31 -11 0 -3 0 
-10 5 26 20 3 -2 -4 -6 
-7 -1 9 3 1 -1 10 -4 
5 -16 -23 -5 -6 1 -4 -2 
-3 -12 10 0 0 2 2 -1 
-8 11 4 3 -1 -3 -2 5 
-6 -19 -51 -19 -9 -5 -6 -7 
14 8 14 23 6 -3 -2 0 
-23 -19 34 3 17 6 4 2 
6 34 -13 0 -9 -4 -2 1 
3 10 5 -7 2 0 -3 -1 
-8 -32 20 -1 -5 -2 -1 -3 
-4 19 10 1 -7 -4 -2 -4 
11 11 -7 -11 -4 -2 1 9 
-15 3 -20 2 -7 -5 -2 -6 
-5 5 0 4 5 1 -3 12 
4 -3 -6 -13 -2 -3 -1 -7 
3 -12 19 5 -3 -2 1 4 
21 -4 3 -2 -1 -2 -4 -16 
-24 11 -8 4 -2 -3 -3 -6 
1 -2 -24 -2 0 -1 0 10 
-9 -11 -13 -11 -4 -2 -2 -14 
10 13 19 11 2 2 -3 19 
27 3 -9 -3 1 -1 6 0 
0 -4 7 15 -2 -3 -3 -15 
-23 -5 -8 7 0 -1 3 -1 
7 -1 25 0 9 2 0 -5 
16 -5 1 -8 -3 0 0 -5 
-27 6 -7 -7 -6 -4 -3 46 
17 -4 -20 2 3 -1 -4 -33 
10 -8 5 -6 0 -2 1 3 
28 2 7 12 -2 -3 -2 -13 
-32 14 4 -5 3 3 4 14 
-6 -9 13 1 -3 -1 -2 10 
-10 25 16 6 6 3 0 -5 
25 7 -3 1 4 0 4 6 
14 0 -5 0 -5 -2 0 -16 
-10 -11 -8 -7 4 2 0 -13 
-11 8 -11 -8 -5 -1 -3 17 
-18 28 -9 -7 -4 -1 -1 -4 
9 3 -7 12 -4 -5 -4 -10 
-10 -2 15 -1 2 0 0 -1 
-1 -21 -14 -7 -7 -9 -7 -4 
0 3 2 -6 -7 2 -1 2 
10 -7 -29 -21 -2 -3 -2 -5 
2 1 -3 10 -3 -3 -1 -9 
-21 -3 33 11 11 5 2 32 
4 -9 -14 -12 -6 -4 -3 0 
10 8 5 -7 -1 -3 -3 1 
35 5 -18 -4 -2 1 -1 11 
-54 -5 5 0 -7 -2 1 -28 
8 -6 3 14 11 -1 -4 20 
13 -4 -12 -4 0 2 1 -6 
0 -16 -13 0 3 -1 0 5 
10 7 -4 2 -5 -1 2 -12 
-4 -8 -4 -16 -8 -3 -1 -3 
0 -19 -14 -6 -1 -2 -4 0 
-15 3 19 0 -1 2 2 -34 
6 -20 -17 -1 -3 -6 -6 13 
-27 -4 -14 -3 -1 1 0 6 
-7 -1 5 -4 -1 -1 -5 -14 
-4 13 6 3 -7 -1 3 -7 
-6 23 3 -1 13 3 2 0 
12 -5 31 11 -1 -2 -4 -15 
-19 21 -40 -6 -3 -2 -1 8 
9 15 30 -12 -9 0 0 7 
45 6 -22 5 1 0 -3 -9 
-47 -1 3 -1 0 -1 -5 4 
2 -10 16 -1 -2 1 2 -14 
-5 -14 -11 12 4 -3 -6 7 
-29 -1 -5 -18 -9 -2 1 -2 
13 -2 4 -4 -1 1 1 5 
4 -29 -8 2 4 -3 -2 -4 
2 -2 -17 8 2 -1 -3 6 
-13 -16 4 -12 -12 -4 -3 -5 
-1 9 -3 7 9 1 -1 -5 
-15 1 -3 -1 4 2 1 8 
0 -13 -7 5 1 -3 -4 -4 
10 -11 6 0 -3 3 0 8 
-28 -8 -9 -11 -10 -2 -1 -28 
19 7 15 1 -6 -3 -3 -11 
2 4 -2 -1 6 2 4 14 
-46 -12 -3 9 -3 -4 -9 -15 
15 3 -7 -10 -3 0 -2 9 
-4 -2 7 -1 -3 -2 -4 -1 
-10 2 14 -3 -1 -1 -5 -2 
18 -10 -26 3 0 0 4 3 
22 3 -8 -7 -1 0 4 -1 
-26 0 20 4 -5 -5 -10 4 
-2 10 -20 -16 1 -3 3 5 
17 25 9 5 1 4 5 0 
-2 -49 -13 0 -2 -5 -6 -13 
8 34 7 8 -5 -1 4 18 
-4 20 20 -1 -4 0 -6 -10 
-3 -2 -15 -6 1 -3 0 10 
-21 1 6 4 -1 -2 -2 -10 
47 -4 -24 -9 -2 -2 0 2 
-43 -9 10 -1 -2 -3 -6 11 
7 -10 7 3 1 -3 -10 -22 
-4 -1 30 -4 -4 -2 -8 -5 
5 -7 -30 5 -2 1 11 -17 
7 1 -12 1 1 0 26 39 
14 -11 7 -1 -1 -1 -1 -24 
-11 1 11 2 0 -2 -12 17 
3 -9 -10 -3 0 -5 -18 -5 
-32 0 -4 1 -1 4 -5 -47 
61 32 15 5 -1 5 24 37 
-34 27 -35 -12 -3 -3 1 9 
5 -1 7 -7 1 0 -10 2 
-38 -40 -12 -1 -5 -8 -39 -30 
1 0 -10 -5 -1 5 31 1 
1 -5 43 13 3 7 14 -3 
-18 -5 -34 -1 -2 1 8 -6 
34 6 -24 -15 -3 -5 -19 54 
-24 -2 11 4 -9 -3 7 -35 
14 7 -19 4 1 -1 -8 7 
-23 -23 46 5 1 -1 5 -10 
17 -4 -8 -15 -2 -2 1 -22 
-15 -3 -11 1 -7 -7 -16 10 
-20 -6 -10 1 -4 -4 3 -11 
29 24 -10 -7 -2 3 2 3 
7 13 36 13 9 -1 3 1 
30 -10 0 10 13 2 -11 34 
-17 -44 -27 -14 -6 -6 -3 -18 
-11 -2 -69 -14 -14 -9 -9 0 
-1 -39 97 0 1 4 10 9 
9 -10 -24 2 0 0 -6 -6 
14 -8 77 23 -1 -2 -4 18 
-10 -11 -30 -12 -1 -2 0 -18 
16 -19 -66 4 4 1 10 1 
-26 -42 10 -14 1 -4 -10 -24 
31 13 -38 -9 -6 -4 -2 33 
-33 -3 51 17 2 0 4 -16 
16 12 22 4 -5 -2 3 0 
-17 -2 -31 -15 4 1 -11 8 
-33 13 -22 -16 -4 -3 0 -23 
24 15 24 3 3 1 0 22 
-9 -3 0 24 -3 -2 1 8 
-27 9 -20 -18 0 1 -3 -25 
14 -6 -10 -1 0 0 2 -8 
8 1 16 -1 0 -2 -3 19 
-9 11 -25 0 3 1 -5 -41 
-7 -1 27 12 -5 -4 -2 22 
8 9 -4 -17 -7 -1 -1 -9 
-4 0 18 20 3 0 1 -3 
7 -5 -26 -11 -4 -2 0 8 
-7 12 11 14 3 -4 -22 -9 
3 9 1 -3 1 1 19 -1 
1 4 3 -12 -3 0 -1 2 
1 -1 -6 -1 2 0 1 6 
-3 1 2 -3 0 1 -1 -8 
4 5 -4 -4 -3 -2 -9 -2 
-2 -10 1 -11 -8 -1 -3 14 
-5 9 -5 -5 -2 -3 4 -20 
15 -2 7 8 -2 -3 -4 -13 
-25 -4 -9 1 1 1 1 -4 
65 -2 -13 -4 4 3 -3 3 
-46 1 -2 8 -3 -5 2 42 
23 -6 21 4 -4 2 9 22 
-8 10 -6 -2 -1 -1 -7 -18 
-21 6 22 1 -1 -3 -6 -9 
7 43 -19 -18 -1 4 7 24 
-9 -18 -21 1 -4 -5 -4 -16 
17 22 16 13 2 -3 -5 9 
-24 6 2 -1 -1 -3 -7 -10 
22 -5 14 3 -2 1 0 2 
-11 0 -19 -20 -5 -6 -4 23 
21 -16 -18 -8 -3 0 8 -56 
-70 -12 4 3 2 2 -9 -37 
-25 12 15 -1 -6 -6 4 2 
46 1 -27 -3 -3 -4 -6 16 
3 -7 -5 -4 -1 2 -1 11 
4 -2 -7 5 5 0 6 -7 
41 -11 10 -14 -2 -3 -15 0 
-26 6 6 3 1 0 15 32 
7 2 25 8 -1 0 -13 4 
6 -12 -13 9 7 9 13 4 
-11 -26 -15 -10 -1 -1 -3 2 
-24 5 19 10 -3 -6 -10 -44 
24 17 -34 -7 -1 -3 4 28 
-2 5 77 -2 -3 -2 3 8 
-17 -24 -79 -6 -5 -7 -13 -30 
2 -19 -4 -6 -1 3 7 14 
1 -9 14 9 3 0 -9 -15 
-27 12 3 7 -5 -6 3 -52 
38 0 0 -3 0 6 14 -13 
-14 18 22 -4 -2 -1 -14 -13 
-2 -23 -35 -7 -4 1 9 12 
12 -10 4 0 -2 -2 -2 62 
4 7 12 0 -3 -3 2 -46 
-5 -9 -11 0 5 -1 0 -26 
-5 7 31 18 6 0 -11 1 
0 -25 -38 -15 -4 -4 -9 0 
-9 -46 6 13 -3 -1 14 4 
-12 13 -26 -14 -2 -3 -14 1 
-5 0 5 -2 -3 -6 -21 39 
-3 5 9 -6 0 9 49 -20 
5 33 -10 0 2 -4 -28 39 
-10 2 15 14 -7 1 18 -42 
4 -1 8 11 10 0 -7 -5 
6 8 -2 -12 -4 -6 -16 -8 
-1 2 -3 -14 -5 -2 -4 20 
10 11 -10 -9 -3 -2 3 10 
-19 -10 5 -5 -3 1 1 -5 
-5 27 2 19 1 0 -8 0 
46 -5 41 4 -1 0 -3 5 
-65 18 -25 -8 -9 -3 -4 -2 
23 -24 17 -20 -4 1 5 6 
11 -5 16 27 12 1 -6 8 
-2 27 54 3 -8 0 0 -16 
13 -61 -76 -19 11 -1 -1 32 
-10 -9 8 -6 0 0 5 -13 
-25 15 -26 -40 -15 -6 -9 -12 
-3 12 4 21 -3 -5 0 21 
18 27 92 22 6 1 1 2 
-1 9 -30 -13 -5 0 1 -43 
24 1 -14 -6 -1 -4 -9 17 
-17 -6 -27 -12 -1 0 1 -18 
6 -7 -1 0 -6 1 0 52 
-3 -3 -10 4 -1 -4 -8 -75 
15 -1 -3 6 -3 -1 5 66 
-35 -4 0 -8 0 -1 -8 -64 
6 -5 -7 3 3 3 -3 0 
26 13 13 5 0 1 11 40 
-3 -10 -7 4 -4 -2 3 -44 
-9 -3 -9 2 2 -3 -5 59 
2 -5 9 -3 -1 -4 -20 -33 
-4 9 -10 -3 -5 2 32 -31 
19 -1 -8 -6 -1 -7 -30 34 
-38 -8 -3 2 1 2 26 -4 
-22 1 -6 -6 -3 -4 -20 -22 
12 2 -9 -7 -4 -10 -46 12 
22 -6 0 2 0 5 62 -12 
59 6 2 1 1 0 3 5 
-72 -7 3 7 -2 -1 9 -32 
19 -2 31 7 -1 -4 -29 29 
-23 -20 -65 -15 -3 -2 -15 -27 
45 -16 5 3 -1 -2 -25 9 
31 1 17 4 -1 -2 4 -31 
-11 -9 -25 1 -2 -5 -8 14 
0 8 19 -3 -5 -1 -15 -3 
-44 -34 -13 -7 0 -3 -9 8 
12 -11 -20 -8 -7 -8 -61 -2 
-15 1 5 -7 3 17 64 -8 
35 6 3 5 -1 -2 37 22 
-76 -4 -23 -7 -2 9 47 -11 
36 13 46 -6 -4 -14 -28 23 
-17 1 -38 -1 3 -6 -43 -3 
4 14 58 5 3 7 -6 0 
7 -3 -44 -6 -13 -8 -23 -9 
-7 24 30 -11 0 1 13 -8 
-8 -6 -21 5 -15 -1 13 19 
-18 -38 -18 0 20 4 -5 -9 
1 37 46 15 13 -3 -14 -12 
3 -9 -21 -7 1 3 17 -1 
4 8 19 5 -6 -5 14 9 
-7 -4 -21 -16 -17 -5 -14 -6 
8 -3 18 28 25 12 -4 -4 
12 -5 -11 -27 -9 3 27 10 
-17 -43 -26 1 6 1 -4 10 
-23 1 22 28 15 -2 -16 -27 
17 2 -11 -22 -18 -10 -1 -7 
34 20 -15 9 -3 3 16 11 
-25 -7 18 -3 -4 -3 -4 -11 
5 -7 -24 -15 -9 -4 -14 0 
-4 11 7 -7 1 3 10 37 
20 -20 1 21 9 1 4 -26 
-6 28 3 -10 0 -2 -4 -2 
15 -3 -10 14 -3 -1 3 5 
4 7 -8 -4 -2 -1 -2 12 
-26 -37 1 -12 -7 -7 -5 -17 
27 16 -19 4 3 -1 4 22 
-20 0 24 -2 -3 -3 -6 -39 
-41 -3 -11 -10 -10 -6 -6 -3 
-9 -14 -30 0 -4 -2 5 10 
14 8 9 -13 -3 -3 -5 -29 
1 -6 18 -1 1 1 0 60 
11 14 1 -4 -2 0 -6 -23 
-14 -6 10 10 1 0 11 -16 
-1 14 21 5 7 -1 -7 22 
9 -10 -57 -17 -11 -7 -4 -14 
14 -2 16 3 -6 -7 -12 -1 
-7 5 -25 -6 6 7 7 10 
-12 2 16 19 3 -1 3 -5 
-3 -7 21 -12 -2 1 0 4 
1 -11 -12 0 -3 -6 -5 -9 
0 -21 -7 4 -1 -2 0 1 
-9 1 -10 -22 -9 -6 -16 20 
-4 12 -1 18 5 3 2 -53 
-3 -10 6 -13 4 4 18 -13 
-2 16 -20 -4 -3 -3 -10 18 
-2 -14 12 2 -3 -5 8 23 
-17 2 -24 -7 -3 -1 -10 -15 
16 4 -2 5 3 2 -9 -18 
-9 10 27 12 4 -1 -8 7 
25 5 8 -4 -3 3 20 28 
-20 -18 4 0 -2 -4 3 4 
-7 12 -41 -7 1 -1 -3 18 
18 3 -14 -16 -6 -4 -7 3 
3 -4 25 16 -2 -4 -13 -20 
-2 3 -18 -11 -3 -5 -1 4 
-1 -26 20 5 1 2 1 -19 
9 1 -1 4 -2 -2 3 16 
-16 1 -5 -6 -3 2 1 -21 
3 3 -10 2 0 -4 -5 -12 
8 6 2 -7 -5 -2 -4 12 
-4 9 13 0 0 -3 0 6 
-9 -4 -17 0 -1 -1 1 -10 
-3 4 5 -6 -3 0 -7 5 
-13 -6 12 3 -3 1 1 -8 
0 1 0 4 3 1 1 7 
14 3 -23 -3 -3 -5 -10 0 
-49 23 19 -5 2 3 1 11 
-1 8 16 2 0 -2 15 -30 
11 16 19 -6 -6 3 -3 17 
-19 -28 -41 12 6 0 4 -4 
23 3 14 9 -6 -5 -11 -8 
21 -2 -9 0 1 -1 -4 10 
-24 0 20 -1 1 3 4 -11 
14 8 28 -10 -6 0 -1 -7 
9 -11 -53 -14 -6 -4 1 24 
-16 -29 5 0 1 2 2 -1 
5 13 3 -4 -1 -2 1 -6 
-13 16 -13 27 5 0 -5 -20 
24 -10 7 -8 -1 -3 8 8 
-13 2 -39 -20 -7 -4 -9 9 
5 4 -5 -1 0 -1 2 -1 
-6 -21 9 0 0 -3 1 -7 
30 -6 8 -3 -4 -1 -5 -4 
-42 2 -8 6 -1 -1 -1 16 
-1 -12 -8 3 0 -3 -1 -17 
-8 2 -2 -20 -2 -2 1 17 
16 -4 2 4 -12 -4 -2 2 
25 3 10 -6 5 1 -12 -4 
-10 -13 8 23 14 5 21 7 
-1 3 2 0 -1 -2 -7 -6 
-19 9 -19 -12 -2 -3 -4 -23 
29 1 -3 -11 -9 1 5 3 
-5 -5 -1 -2 -6 -5 -7 15 
3 2 -1 -9 1 0 0 -8 
-8 -8 16 15 0 3 4 9 
-10 1 25 -5 -3 -4 -4 8 
-14 -5 -10 2 1 -2 -2 -36 
61 -2 -16 -22 -5 -2 -4 12 
-61 -1 -2 2 2 0 -3 -3 
23 -2 -1 9 -3 -4 -6 2 
12 4 2 -3 -1 0 3 3 
-18 3 11 -2 -2 2 7 -6 
-4 5 32 20 6 0 -3 5 
2 5 -28 -9 0 -2 -5 -19 
5 -5 -27 -16 -5 0 0 14 
1 11 0 13 -1 -4 -3 -5 
15 -2 10 -8 -3 -2 -2 3 
-11 -3 -5 12 4 -2 8 -4 
6 27 7 -6 -7 2 -2 -13 
-13 29 2 4 15 4 3 25 
19 -10 4 -10 -4 -4 -4 34 
5 1 5 -5 -8 -5 -4 -50 
-26 -43 -26 2 0 -1 -3 -13 
7 4 14 -6 -3 -1 -1 -6 
-33 -6 -16 -5 1 3 3 7 
-9 8 7 -2 -3 -1 -4 7 
15 1 4 13 0 -6 -11 -8 
-25 -14 0 -14 -4 -1 10 15 
14 -39 -35 1 8 3 0 -9 
8 -24 -12 -2 -4 1 0 4 
-29 9 18 -8 -1 -1 -4 -8 
-9 -7 -5 14 5 -1 -4 -8 
13 12 5 0 -4 -3 0 -12 
4 1 8 -6 3 2 2 11 
39 -9 -22 -11 -6 -1 -1 28 
-68 -13 6 -1 -2 -1 -7 -41 
5 15 0 -5 -4 -1 1 9 
-1 0 16 16 0 -1 -1 -28 
3 6 4 4 12 1 -1 0 
0 -8 3 -6 -4 0 2 4 
8 7 -11 0 -1 0 2 9 
-22 -3 33 9 -4 -2 -1 18 
-5 -12 -82 -32 -8 -1 -1 -13 
8 -3 6 1 -3 -3 -7 4 
6 -8 32 5 3 2 -8 -13 
18 16 10 9 4 3 11 26 
19 2 13 3 -1 -3 0 -11 
-57 -4 -7 -5 -10 -4 -2 -6 
11 10 -8 3 -4 -5 -7 -8 
4 -12 -14 -6 3 0 -4 -6 
-5 -2 37 1 -5 -1 -7 -1 
24 -2 -19 -9 -6 -1 3 0 
-5 3 -11 -12 -2 -2 1 -10 
-15 0 -3 7 1 -2 -5 28 
-4 9 23 11 0 -5 -5 6 
0 0 4 -8 -8 3 0 -37 
-1 -3 -24 12 13 1 1 -6 
12 18 -2 -19 1 1 4 6 
-4 9 -10 3 -7 -3 -2 0 
17 -11 16 8 3 -2 -2 23 
-9 11 -1 -12 -8 -3 -2 -8 
-21 -20 -12 -1 2 -1 -2 -22 
35 17 16 4 3 3 2 26 
-69 8 -2 -2 1 -1 -8 -52 
-6 4 -23 -12 -6 -3 8 5 
12 10 -8 3 -4 -5 2 11 
12 -10 -12 -5 -5 0 1 5 
31 -9 9 0 -2 -2 -1 39 
18 12 27 16 11 0 -7 -13 
-21 -10 -10 -4 -7 -3 -3 -38 
-12 -2 28 10 -1 -4 0 2 
4 13 -49 -11 -3 -5 -3 -16 
4 -13 -1 -10 -7 0 0 -10 
2 -5 6 -4 0 0 -3 3 
-12 2 -1 -5 -5 -4 -1 -10 
14 4 13 4 5 -2 -1 11 
5 -4 -6 2 -6 -2 1 1 
-5 0 8 -10 -2 -3 -2 -6 
-53 -2 7 12 7 3 1 -12 
15 -8 -1 1 -3 -1 -5 9 
0 -2 -4 -2 0 1 3 -5 
7 4 -11 1 -1 0 -2 12 
-8 2 5 -4 -1 -5 -5 -16 
21 -9 5 -3 2 2 3 16 
-16 0 13 -3 3 -3 -4 -3 
-1 12 -8 11 -1 0 -2 21 
-9 -10 7 -27 -6 -1 3 -22 
36 -5 -50 7 -2 -5 -2 15 
-11 0 2 -9 -7 -5 -9 -2 
5 33 23 6 -1 3 6 58 
6 19 27 18 13 6 5 8 
-13 -7 9 -9 1 -1 1 -11 
-1 -6 -10 1 1 -1 1 12 
-2 -14 -3 -9 -7 -5 -6 -26 
10 -13 -23 -4 0 -2 -1 3 
-18 9 15 -1 -2 0 -1 9 
5 8 -1 10 -4 -2 -2 -2 
-13 6 5 3 11 0 -1 -12 
17 0 -6 -3 -3 -1 -3 -23 
2 -8 2 10 -3 1 -2 -1 
-1 11 0 -10 -3 -3 -4 -6 
-21 -10 -8 -10 -4 1 1 -18 
2 -6 -13 6 -7 -3 -4 21 
10 -6 -33 -24 1 -3 -2 -6 
-10 -3 18 4 -2 -1 0 -6 
19 1 0 3 -3 -4 -4 -1 
1 -7 -1 -7 1 2 1 -14 
-37 -8 13 11 -8 1 -4 -9 
16 -6 15 0 1 -2 0 1 
26 -14 -35 -2 3 -2 -2 3 
-19 -8 2 -3 -6 -4 -2 2 
-16 0 -18 -1 -1 -3 -3 -19 
-31 -11 5 -19 -7 1 6 27 
11 -8 11 6 1 -2 -4 -20 
4 0 -8 -1 -1 -1 0 15 
6 -18 20 -3 2 2 2 -23 
17 -18 -11 10 -1 -1 -5 14 
-12 3 1 -11 -3 0 2 5 
-5 -8 -23 12 1 -5 -2 0 
-9 4 11 -4 -1 1 -1 1 
2 -15 -13 1 -6 -1 -2 -4 
-12 -7 13 2 6 0 -1 1 
-7 -6 -20 -12 -3 2 1 -29 
12 1 10 -2 -5 -4 -2 18 
2 -17 -7 1 -1 -1 0 -12 
-8 22 -6 2 -12 -2 1 -4 
16 6 1 -6 7 -1 -5 5 
-3 -8 11 -8 -6 -1 1 4 
-8 -15 -1 4 0 0 1 -7 
4 -7 -7 0 -5 -1 -2 1 
-16 4 5 -9 -8 -3 -1 0 
25 12 14 10 -1 -1 -1 -4 
-9 9 -8 -6 0 -2 -2 -4 
1 -12 0 -6 1 -1 -1 4 
0 3 -11 -10 -7 -3 0 6 
-8 7 -7 13 15 -1 0 6 
8 16 21 8 4 -3 -1 -5 
5 -11 -27 -5 0 -2 -1 -8 
-12 -14 16 -1 -2 2 1 -22 
6 6 14 7 4 -1 4 16 
-35 5 -41 -12 -7 -2 -3 -23 
-9 -43 8 -6 -3 -1 -3 2 
20 -1 -28 6 3 1 0 21 
4 -18 -3 -9 -7 -1 -1 -3 
9 12 2 0 6 3 2 19 
-7 4 -2 0 -6 -7 -3 -14 
-4 -1 15 14 3 -1 -2 10 
0 2 -13 -10 -5 -2 -3 -6 
-7 2 -5 -14 -2 0 -1 -15 
6 -1 0 -4 -3 -2 -4 20 
-6 -2 -3 9 3 -1 -1 -10 
1 6 -3 -7 -5 -1 -3 -2 
8 12 16 5 -1 -1 2 7 
-14 13 -11 4 8 4 0 -4 
3 8 28 0 -1 0 1 -7 
27 -1 -8 -14 -7 -3 -2 0 
-43 -4 -1 13 2 -2 0 -2 
-17 6 -3 -13 -4 -1 1 18 
-29 14 -1 -5 -4 -4 -6 -34 
-16 2 12 2 -6 0 0 -15 
30 14 13 11 9 3 1 17 
17 2 0 6 0 -3 0 -2 
1 -3 -9 -4 0 -1 0 11 
8 9 -7 -6 0 -3 -2 12 
-7 -13 -15 -11 -3 -2 -1 -14 
-8 -4 -2 4 -7 -3 -3 -7 
27 -1 10 3 -2 -1 -3 3 
-21 -4 -11 -5 4 -4 -1 -14 
21 -14 18 5 -1 1 0 28 
1 -7 -2 0 3 3 1 -15 
9 -3 1 -10 2 -1 0 12 
-40 -5 -16 10 0 -2 -4 -3 
-9 -2 -22 -5 -3 -2 -4 -10 
16 9 15 11 -2 1 1 1 
-37 -3 -7 -1 0 -1 -1 0 
46 -1 -7 -5 -1 -1 -1 -2 
-13 7 4 -2 -6 -2 -3 -2 
-4 3 7 6 1 1 -1 3 
4 -4 -14 -14 -3 -1 -2 -23 
1 0 9 3 -1 0 1 3 
10 2 -10 -3 -1 -1 -2 4 
3 -4 -1 -1 -1 -2 0 -3 
-3 -7 7 0 -5 -5 -1 12 
-1 1 -14 1 5 3 0 -12 
-21 -1 12 9 -2 -2 -1 -16 
-3 -8 -10 -6 0 0 -4 15 
48 -2 -35 -19 -9 -6 -2 -16 
-64 -7 -4 7 0 -1 -2 24 
9 -5 17 0 -4 -2 1 -3 
1 6 -5 -13 -5 -3 -3 -3 
-2 -1 9 11 1 1 4 9 
44 7 14 -1 -3 -1 -2 6 
-50 -16 -3 -5 -4 -2 -4 1 
17 2 -13 1 5 2 1 -16 
-15 -7 -2 2 1 1 3 -16 
7 -8 3 2 3 0 0 -3 
12 -11 -1 2 -5 -4 -5 -2 
-9 -2 2 -5 0 -5 -3 -1 
3 7 14 -1 -3 0 1 -7 
1 4 -22 -4 0 -4 -1 11 
9 -1 3 2 0 2 1 -4 
-12 -4 6 -5 0 1 0 -2 
42 -1 -7 1 -3 -1 -3 13 
-56 -41 -2 -9 0 -2 0 6 
21 12 1 -3 1 0 -2 -8 
-13 -4 1 1 -2 -1 -3 -13 
-19 4 -1 4 2 4 0 -1 
49 4 4 2 -6 -2 -4 23 
-37 -3 -2 4 6 -3 -1 -9 
-11 0 -6 -4 -10 -2 -2 6 
-15 -6 -6 -16 -7 -4 -5 -2 
-18 6 -11 -1 -4 -2 3 -15 
16 3 11 6 6 2 0 12 
10 6 -9 -15 -4 -3 -4 -10 
-12 -11 -6 18 0 1 0 11 
5 7 10 -6 0 -1 -2 -6 
-5 7 2 -7 -6 -5 0 13 
10 -2 14 4 -1 1 -2 -14 
44 11 -17 -4 4 -1 -2 5 
-80 14 -18 2 -1 0 -1 -7 
9 4 25 -5 -5 -1 -2 -7 
-1 -1 -10 -10 -5 -4 -5 -9 
-8 20 17 7 4 -2 0 6 
31 8 -6 -1 -2 1 2 -10 
8 -8 -12 -3 2 -2 -2 3 
-7 0 1 1 -2 1 2 6 
-13 -10 5 -4 -6 -3 -3 -3 
12 -3 -2 -1 -5 -5 -1 -17 
4 -3 4 6 2 -2 -1 7 
29 -9 -22 -9 -5 0 2 -3 
-17 -3 5 -5 3 0 -1 1 
3 -6 -2 8 2 0 -3 0 
11 -4 -21 -15 -8 0 0 -9 
-4 3 3 3 2 -2 0 1 
