#EMG
#9
#ID:9-19
-4 1 -17 -9 -2 -1 5 -4 
18 -1 -14 -4 -4 -3 -3 -10 
11 1 14 -2 0 -2 3 7 
-6 -1 5 -2 -2 -3 -3 11 
5 11 0 2 2 -1 0 4 
-1 -3 -8 -2 1 -3 -3 -8 
4 9 17 2 0 0 -5 -27 
-5 -3 -12 -6 -5 -3 -1 1 
-5 2 12 16 5 1 2 -5 
12 -4 -1 -1 5 -1 -1 27 
-72 -11 8 -11 -4 1 1 -9 
19 -11 -16 -4 -3 -4 -5 -6 
12 12 -4 -4 -7 -2 -4 10 
-23 14 4 4 0 -1 2 14 
43 -10 -21 -1 -3 -1 0 7 
-8 -4 -6 -1 5 2 -2 -14 
-12 -3 11 -15 -2 -3 -5 -22 
-35 2 -11 14 6 1 0 -12 
4 -10 1 -6 -2 -4 2 28 
-2 5 -9 -9 -8 -3 -5 -16 
-5 -3 14 6 2 1 0 0 
2 2 3 -8 -5 -1 -1 1 
12 3 10 5 -1 0 0 -4 
-24 -11 -6 -2 -3 -5 -2 13 
-9 3 -4 -4 0 1 -2 -19 
-1 -3 14 -4 -4 1 -1 9 
-6 0 2 7 9 1 3 -6 
21 3 -17 14 7 0 0 -7 
4 1 9 -13 -1 -5 0 19 
-34 8 -22 -8 -5 -2 -6 -30 
23 -3 -1 -11 -4 0 1 28 
-13 7 17 -4 -3 0 1 -14 
2 -27 -14 2 -8 -5 -4 11 
1 3 12 12 2 -2 -3 -4 
-4 -1 -7 -3 6 0 0 -8 
0 2 -11 -3 -6 -2 -6 14 
0 -5 -9 3 0 2 0 -40 
18 0 29 -3 -6 -2 1 23 
-12 4 -11 -2 -3 -3 -5 -4 
2 -10 -12 -5 0 -2 2 10 
13 6 16 2 0 0 -1 -16 
-21 -5 -13 1 0 -2 0 2 
6 8 -6 -9 -3 -3 -5 -12 
9 7 -19 -4 1 3 5 7 
-9 -2 9 -2 -4 -1 -2 8 
35 -4 20 9 5 3 0 0 
-1 -5 -1 3 1 -1 0 -35 
-21 -2 2 -2 -4 -1 -1 14 
1 2 -7 -1 -2 -3 0 9 
6 -3 -11 -7 0 -1 -4 -8 
14 -3 11 5 -1 -1 -3 6 
23 -4 2 -5 -5 1 5 0 
-26 5 -8 -2 -1 0 0 5 
-3 -7 -3 -13 -4 -6 1 -11 
6 7 -18 -6 -7 -4 -2 -5 
-2 11 26 10 3 1 1 -2 
-17 0 -21 -11 -5 -1 -1 4 
27 0 -12 8 2 0 -3 7 
-3 -9 13 -1 -3 1 -1 -16 
-2 -8 -14 -1 0 -1 -2 5 
-16 7 2 3 4 3 0 -21 
3 6 13 -6 -8 -4 -4 10 
-5 -1 0 3 -4 -4 -3 3 
17 -4 1 1 0 0 2 2 
16 -2 -5 -3 2 -2 -4 5 
-39 -6 -11 3 3 -1 1 -23 
-4 -4 -6 -10 -4 1 0 5 
-13 -1 -6 -9 -3 -3 -5 10 
-3 2 11 5 2 -2 0 -21 
12 -2 11 1 -3 -1 -2 -3 
6 0 7 10 2 -1 -1 28 
-1 -10 -2 3 10 2 -2 -19 
-5 -16 -2 -1 2 0 2 5 
-3 1 -9 5 3 0 0 -11 
-7 -1 8 -5 -10 -3 0 4 
6 0 -5 2 -1 -5 -2 4 
18 7 13 3 0 0 1 -5 
-52 -22 -18 -8 -3 -2 0 12 
-4 2 -8 -1 0 -1 -3 -6 
11 7 19 1 -4 -3 -2 -14 
-13 2 0 -2 -3 -2 0 -12 
6 -17 -7 -9 -2 -1 -3 -28 
-34 5 16 -1 1 0 2 37 
-9 -3 -15 0 0 -2 -4 -10 
-3 0 2 -1 -5 -1 -3 15 
23 8 0 9 -1 1 1 -32 
2 -6 -6 -1 0 -3 -7 -10 
0 -10 14 -9 -5 3 3 0 
16 7 -22 2 3 0 2 17 
1 9 2 -3 -3 -1 -2 22 
-16 -1 8 -1 1 -1 2 -27 
-10 -8 19 4 -1 -3 -2 22 
-13 0 1 10 7 -1 -1 -32 
33 -3 -9 -3 2 0 -3 21 
-25 7 19 0 -6 -5 -3 -3 
-6 9 -16 0 -5 -2 3 -13 
-3 -13 6 -1 -3 1 -2 17 
6 14 -8 -4 -2 -2 3 -19 
24 7 -16 -6 1 3 4 26 
27 -8 -20 -9 -5 -4 -5 30 
-11 2 10 -2 -4 1 4 -2 
-20 -5 0 1 -2 0 -2 1 
3 3 -3 -4 1 3 4 8 
2 -13 9 -2 1 -4 -1 -9 
-35 4 -15 3 -1 -1 -10 -37 
37 -21 -8 -10 -1 0 14 35 
-2 4 16 1 0 -3 -8 -23 
-3 3 -1 4 -3 -3 -7 -3 
27 -8 -5 -2 1 1 9 25 
-16 9 16 10 3 1 1 14 
26 -14 -44 -9 -4 -7 -17 -41 
-48 -1 -3 -4 -3 2 10 0 
0 -18 -8 -8 -4 -5 -6 17 
28 60 23 8 5 4 8 -40 
-50 -22 12 12 5 3 11 30 
-19 17 9 -3 0 -5 -24 -31 
30 17 6 -6 -5 3 24 57 
7 -23 22 4 4 -3 -9 17 
7 8 -16 1 -1 -1 -28 -47 
-6 -29 -12 4 2 3 31 2 
-1 -6 -2 -11 -7 -16 -87 -39 
6 -3 -11 -4 -1 15 98 53 
-1 2 0 -3 -4 -5 -9 11 
-9 -6 -1 0 -1 -5 -27 -21 
17 -2 -9 0 -1 3 -1 14 
-1 -14 -25 -9 -3 -2 -11 -16 
-21 5 15 -4 -4 -5 -12 11 
-3 11 -17 -7 -3 -2 -2 -5 
4 23 18 6 -1 -6 -38 -16 
-8 7 7 2 -2 -1 -7 -38 
26 -45 10 7 6 9 30 5 
18 50 -25 -8 -5 -6 -9 3 
-5 -3 -26 -9 -3 -1 17 -17 
-11 -8 18 3 -6 -8 -19 14 
2 -26 -50 -8 2 -3 0 13 
-46 -35 34 13 -2 -3 -2 -20 
1 -2 0 -4 -2 -1 20 22 
-17 4 -7 -13 -8 -8 -18 -25 
8 1 -20 -10 -4 -1 -1 -2 
19 6 6 13 2 4 5 18 
-28 -1 -15 -5 9 3 13 -5 
-37 8 29 17 0 -4 -20 -8 
17 10 -14 -38 -5 1 0 11 
35 -35 9 43 1 -2 4 -22 
-41 -31 22 -29 -3 3 11 14 
-12 -9 -46 -19 -9 -6 -15 -2 
-6 22 -31 11 0 0 7 -30 
6 4 19 -17 -3 1 5 -1 
20 24 65 34 1 1 9 13 
-7 -12 -11 7 11 2 -13 -14 
12 22 14 6 0 -4 2 22 
-62 22 -8 -13 1 -2 -4 -41 
29 3 -40 -4 -2 -1 3 -3 
-13 -3 10 7 0 3 0 13 
71 1 7 0 -3 -2 -1 70 
-73 -3 -6 -14 -3 -3 -4 -63 
-8 -16 -19 3 -4 -4 -6 -12 
22 2 3 1 -7 -11 -28 -1 
-61 -11 -9 3 -4 1 25 -15 
38 -1 0 1 4 -2 -18 37 
-2 3 -12 -8 -5 2 7 -25 
-75 -20 -7 -5 -2 -4 -10 -16 
6 8 23 15 2 3 -1 3 
16 -16 -19 -15 -4 -1 19 1 
42 41 11 1 -2 -5 -44 3 
3 -5 -16 -3 -3 -4 19 1 
-13 3 18 0 2 4 0 9 
31 -13 -40 -7 -3 -2 -8 28 
5 -6 32 7 0 -3 0 -8 
35 16 -31 -16 -4 -2 -17 9 
-40 6 14 -1 -4 -6 -11 -45 
43 -12 7 9 5 9 26 18 
-25 -16 0 2 -2 -2 7 7 
-17 2 10 -11 -3 -1 10 -9 
15 -18 -17 -5 -3 -1 6 35 
9 4 12 1 -6 -6 -32 -3 
-3 -8 3 -8 0 0 23 1 
-11 -9 15 12 14 10 13 12 
7 -9 -15 -6 -1 -5 -28 -58 
-1 0 8 -1 -7 2 17 57 
-20 -7 -3 -10 -6 -4 11 -5 
15 -32 31 19 -7 -11 -18 -39 
5 18 -4 -26 -7 -1 2 5 
3 15 -3 -14 -14 -3 5 19 
-8 -18 -42 33 21 13 7 -4 
13 24 8 -27 -1 -4 -12 33 
-21 -25 -6 12 -6 -6 -1 -54 
3 18 6 -8 -11 -6 -1 3 
8 -2 -20 2 7 -1 -10 -8 
13 -6 -20 -4 -4 -3 5 -1 
-9 8 -2 13 4 3 8 56 
-12 -2 -25 -21 -6 -3 -11 -20 
14 2 16 2 -5 -3 3 24 
-18 4 -9 1 3 2 -4 -16 
-8 5 23 1 -1 3 6 -20 
-6 -9 1 3 7 2 5 41 
-3 2 5 2 -3 -6 -23 -34 
43 2 1 -7 -6 -9 -6 -16 
-12 -4 -6 6 1 10 -32 4 
60 -3 4 11 10 8 48 61 
-77 -1 4 -8 -4 8 14 53 
9 4 -4 0 -7 -8 -61 -21 
-9 -4 15 5 5 -10 -54 17 
44 9 -3 5 3 7 40 -113 
26 -10 -30 -16 -11 1 -1 42 
-15 2 -8 1 2 1 -4 -16 
-16 -6 13 1 -2 -14 -77 -22 
-7 15 35 7 4 6 35 -14 
0 -16 -26 -14 -11 -12 11 -6 
-1 28 -2 5 5 9 30 15 
12 -4 -5 2 3 0 2 -44 
-42 -25 2 7 4 -3 -23 11 
29 2 19 -4 -5 -4 1 -22 
5 -14 -20 -4 -4 -1 6 37 
11 -2 -3 -16 -7 -2 42 4 
-33 3 -20 0 -2 -6 -39 -17 
-7 -1 32 17 8 3 11 -6 
-11 -5 -18 -13 -6 -1 1 1 
-3 -2 8 6 -4 -4 17 1 
1 -12 -2 -2 0 -2 -13 4 
-9 7 -6 -6 -1 -3 -4 -10 
17 5 20 9 -2 -1 6 -12 
12 -1 -1 -3 -6 -3 12 -4 
-1 4 1 8 4 -6 6 20 
-15 -2 20 19 -2 0 -7 -27 
-1 2 -13 -22 0 3 3 16 
0 -23 -24 -2 10 6 21 -25 
-12 -12 -7 -4 -5 -5 -34 11 
-8 1 -7 -20 -18 -8 -8 -31 
-8 -10 -15 5 -1 5 19 -3 
7 10 -7 -5 17 5 4 17 
24 2 6 -2 -6 -4 -9 -1 
32 0 -14 -9 -5 -4 0 -23 
-34 25 25 0 -11 -8 -5 11 
12 -31 11 22 4 1 14 7 
6 19 -17 -3 2 3 -4 9 
15 -6 5 -11 -2 -5 -2 -11 
-8 -7 12 6 -1 -1 -1 0 
29 1 -31 -4 -8 -2 5 5 
-1 3 8 0 0 -4 -5 -4 
-11 -11 -15 -4 -3 1 -6 17 
-15 -5 0 -10 -2 -3 -4 -33 
5 14 0 -5 -7 -1 12 13 
0 -10 6 -8 -3 0 -6 4 
-18 9 12 10 6 2 -1 18 
0 -14 -20 14 8 4 12 -15 
16 -3 -13 -15 -8 -3 -7 28 
-46 -12 6 3 -3 -3 -4 -28 
-42 0 4 4 -1 -1 -3 4 
2 -4 0 -9 -1 1 4 37 
11 19 22 1 -5 -1 -2 -24 
21 -1 -26 -8 -3 -4 -5 1 
15 3 6 2 1 -1 -2 -12 
-26 -3 1 2 -3 -3 -2 19 
-24 0 -11 -11 -5 -6 3 3 
18 -12 4 -1 -2 -3 -12 -20 
12 -2 -3 -2 1 -2 -3 -6 
16 10 0 -2 -1 -1 5 11 
-20 -3 0 -2 1 0 -1 5 
1 9 9 2 1 2 0 -11 
-4 -3 -8 -1 -1 -4 -8 -5 
6 -12 -6 0 -3 -3 5 -25 
-3 4 11 7 -3 -2 -4 7 
-19 -7 -23 -3 -1 -1 8 -18 
34 0 4 -11 -3 -1 1 3 
-32 -5 2 2 -3 -4 -10 9 
6 5 5 2 3 -1 -1 -20 
-17 1 9 6 11 1 -1 8 
14 -1 -10 1 -1 1 -2 14 
23 -1 2 -1 -2 -1 0 -6 
-47 -12 13 4 -9 -2 -1 -1 
1 1 -13 -10 -7 -5 -9 2 
2 -11 -19 -8 -3 -1 7 4 
6 1 7 6 -1 -1 -9 5 
-2 -3 -10 -1 1 3 4 -6 
-7 -9 23 6 0 1 -1 -7 
-12 2 10 6 1 -1 1 9 
5 0 -27 -5 -1 -1 -3 -18 
18 5 4 -15 -5 -3 -2 -9 
-13 -3 24 -10 -4 1 1 6 
7 -8 -34 4 -2 -1 -2 12 
23 7 11 12 6 -1 -2 -14 
-25 0 -7 -1 2 2 9 19 
-5 4 -9 -7 -3 0 -5 -7 
-1 -13 17 4 -3 -4 3 6 
-21 2 18 4 1 4 -1 4 
5 -14 -24 -3 0 0 1 -7 
-5 4 8 3 -2 -2 -3 -2 
-8 -20 -16 -5 -1 -1 4 -1 
5 5 3 -3 0 -2 0 14 
-28 6 18 4 0 2 2 7 
9 4 -10 -4 -3 1 1 -9 
-2 -6 -5 1 0 1 -2 10 
3 -18 -7 -12 -4 -4 -1 -10 
-4 12 13 5 -2 -3 -4 0 
39 4 -3 -1 -2 -3 -3 -3 
-34 10 -22 -1 -2 -1 -1 16 
-11 -9 -2 -3 -3 -1 -1 -29 
13 4 -17 1 0 -3 -5 -20 
2 -24 6 -9 -2 0 2 21 
18 21 22 8 1 -1 -1 -12 
18 -4 1 -4 1 1 4 18 
-1 -1 1 4 0 -3 -2 -16 
-7 0 -6 2 -1 0 -3 -24 
-21 -7 -4 -7 -3 -5 -7 20 
1 6 2 -9 -8 -3 -3 -6 
7 4 4 6 6 1 -1 1 
-14 -3 -14 -4 -3 -3 1 23 
-4 5 19 3 4 1 0 -32 
9 12 -12 3 1 -1 -4 -13 
15 -5 8 -14 -7 -3 2 42 
31 11 -7 -5 -4 -2 -2 -10 
-31 -2 -5 11 2 1 3 -5 
20 -2 22 2 6 -2 1 -1 
-28 -5 -11 1 0 -2 0 -1 
15 -10 -20 -7 -1 -3 -3 -15 
6 16 14 -11 -7 -2 2 3 
9 -5 -7 1 -2 0 -1 3 
-26 -3 15 6 -3 -1 -3 -14 
32 2 -15 -13 -2 -3 0 32 
-1 -7 -16 -1 1 3 -2 -12 
-29 -6 2 0 -3 -2 -2 -22 
47 3 3 -2 0 0 1 43 
-45 1 -7 6 -3 -2 -3 -20 
6 3 5 -10 -3 -1 -2 -5 
9 -2 -11 4 2 3 1 6 
10 -1 15 -6 -7 -4 -2 -12 
1 3 -12 8 3 1 3 6 
40 9 9 5 1 0 -2 -4 
-53 -13 -20 -9 -4 -5 -2 15 
-11 -1 -11 -7 -3 -2 -2 -17 
-13 0 20 7 2 -3 -4 -5 
8 3 -1 -5 -3 -3 -2 -5 
8 -11 -2 4 0 4 -4 8 
18 3 -9 -5 -7 -1 -1 -15 
-19 -4 -6 -8 0 -3 -2 10 
-40 -2 3 0 -5 -4 0 7 
14 5 13 1 1 2 5 -19 
-8 -5 -5 6 1 3 -2 17 
0 6 9 6 8 1 -4 -22 
-10 -3 -12 -8 -7 -3 -3 -11 
-7 -1 21 -12 3 2 0 5 
18 -4 -22 0 -3 -2 2 33 
-13 1 -9 1 -4 -1 0 -3 
2 -2 -1 1 1 -1 -1 1 
17 7 13 9 0 0 1 8 
-23 -2 -14 -6 0 -1 -1 -21 
3 -5 8 -1 -4 -3 1 30 
-4 -3 -1 1 0 -3 -2 -4 
16 -1 -9 -4 -3 -4 -4 -1 
7 1 3 -4 -1 -2 -2 -12 
-1 8 3 1 -4 -1 -1 -7 
-19 -11 4 -2 -1 1 0 5 
-6 4 -6 4 -2 -2 -3 -8 
-4 1 0 1 0 -1 -2 -16 
-4 -1 -8 -5 -2 0 -4 -15 
14 3 -2 0 -1 2 3 16 
-7 3 4 0 0 -1 -1 7 
-15 -10 -8 -3 -2 -1 -1 -2 
-8 5 16 4 1 2 2 2 
3 -1 1 -1 2 1 -6 -34 
-17 -1 -10 -11 -4 -3 -1 14 
16 5 2 1 -5 -3 0 -7 
-1 -14 12 1 2 -2 0 13 
2 -19 -25 -3 -1 -2 -1 -4 
6 3 -4 6 4 -5 -2 8 
5 2 6 3 4 1 -3 -8 
-5 -1 -9 -4 -5 -3 -3 0 
12 0 4 -1 0 -1 -1 0 
4 -9 -12 -5 -6 -4 -2 -16 
28 4 9 -1 4 0 1 2 
-47 -6 -14 0 -4 -1 -2 -6 
1 0 0 -7 1 -2 0 -7 
7 -2 2 -4 -4 0 -3 19 
-14 3 -2 1 -1 -1 -2 6 
12 -5 12 1 -4 1 0 -16 
-14 -1 -12 -4 -4 -3 -2 18 
-13 -3 -5 1 0 0 -2 -4 
17 1 -3 -2 0 -3 -2 -8 
11 -3 -6 3 2 -2 1 7 
-26 5 15 6 2 0 0 -13 
-14 -2 -11 -3 -3 -2 0 2 
2 -5 -1 -4 -3 -2 -1 5 
-13 -4 -19 -21 -7 -3 -2 -10 
18 -2 4 11 6 -1 0 6 
0 -1 8 -3 -4 -1 -3 5 
-14 2 -5 3 -4 -1 -1 -16 
22 -1 4 2 0 -3 -3 -1 
-28 -6 -8 -6 -1 -1 -1 -14 
15 -11 -7 3 2 0 1 10 
-11 3 15 0 -2 1 -2 -4 
23 11 3 -3 -5 -1 1 18 
17 -15 -7 -2 0 2 -1 4 
-35 18 20 2 -4 -5 -5 -40 
-15 -3 5 -2 -1 -2 0 -5 
17 4 -5 0 0 2 -1 3 
21 11 4 0 1 -5 -1 12 
-26 -5 -3 3 0 0 1 -13 
10 -7 -17 -6 -2 -3 0 6 
-25 -2 -7 1 2 1 1 -7 
27 -7 -15 -5 -6 -3 -3 -6 
5 -1 -3 1 2 1 0 18 
-16 -1 8 2 1 0 -3 -22 
14 -6 -4 6 -2 -1 -1 13 
-12 4 8 -5 -6 -2 -1 -5 
24 -2 -8 4 3 1 0 -2 
-9 1 -13 -2 -1 -2 -2 4 
-17 -6 7 -3 1 -1 -2 0 
9 9 -1 -1 -2 -2 -2 -7 
-14 -18 -2 -2 -2 -3 -1 0 
60 4 12 3 0 -2 -1 14 
-52 8 -4 -3 -4 0 1 -14 
-19 -10 2 5 10 4 1 2 
17 2 -5 -8 -6 -3 -2 6 
1 1 1 -2 -4 1 1 -5 
16 29 1 4 -6 -3 -1 -1 
-1 -7 3 -5 -5 0 1 21 
6 1 10 -1 0 -1 -3 -33 
4 3 -7 2 -4 -3 -5 -11 
-15 0 5 4 8 2 -1 -17 
-4 7 -10 -4 -3 -2 -2 7 
-2 -10 -3 -4 -1 -3 -1 9 
-4 -2 11 -3 -8 -3 0 2 
14 -10 -5 7 10 2 0 5 
-2 -4 -4 -10 -8 -4 -3 -10 
-17 1 -1 2 -2 -1 1 3 
-7 -2 3 -3 -1 -2 0 9 
5 -4 0 -6 -8 -4 -3 -1 
-2 -6 11 4 -4 -1 0 1 
3 4 -10 5 4 1 -2 -25 
-61 -6 -2 -12 -1 -1 -2 8 
-15 -16 -15 2 -1 1 1 -21 
0 1 -4 -10 -4 -2 -3 19 
7 5 -3 -5 -6 -2 -1 9 
12 -4 -3 5 4 -1 -2 -3 
9 -2 9 2 -1 -4 -2 3 
15 12 9 6 -1 0 -2 -7 
-13 -7 -26 -7 -3 -3 -1 4 
-11 -6 12 2 2 -2 0 -3 
-25 0 -12 -6 -3 0 -2 -2 
19 15 15 2 -1 -1 1 6 
13 8 3 0 0 0 -1 -1 
0 -2 -10 -6 -4 -2 -3 1 
-4 -23 -11 -3 -1 -2 -2 3 
-12 2 -8 -3 1 -3 -2 -18 
-17 0 23 2 -1 1 1 14 
-6 -1 -5 -2 -3 -1 0 15 
43 1 7 2 0 -2 -2 -17 
-70 0 3 -1 0 1 -2 -14 
-6 -13 -29 -4 1 -2 -1 -3 
17 4 14 4 0 -2 0 5 
8 6 -8 -3 2 -2 1 8 
12 -10 0 -4 -4 -4 -2 -7 
5 2 6 1 0 1 1 -6 
-10 -7 -6 -3 -3 -1 -3 -3 
2 -1 6 -3 6 3 3 -1 
24 2 9 7 1 -1 -3 -21 
-18 -12 -34 -16 -7 -3 -2 43 
19 2 -5 -2 -2 -1 -1 -6 
-7 5 11 -6 -5 -2 -1 10 
-1 -1 -5 4 1 1 0 -15 
11 -1 15 3 1 0 -1 -12 
1 8 -8 -2 -1 -1 -1 6 
-6 -5 5 3 -2 0 -1 -20 
12 -10 -5 9 6 -4 -3 1 
-44 -1 16 -1 -2 -2 -1 5 
2 -7 -33 -8 -2 -3 -2 -7 
-17 -5 -6 -8 -8 -4 -3 9 
19 0 -4 0 1 -1 -1 3 
21 5 8 1 -1 -2 0 -2 
-2 -2 13 7 5 0 0 -3 
3 -2 -2 -2 -3 -1 -2 4 
-3 -1 -15 -9 -9 -3 -1 7 
5 -30 -6 6 1 -2 -1 -11 
-12 6 11 1 4 -1 0 -3 
19 0 -16 -5 -3 -1 0 4 
-22 -14 -10 -10 -4 1 1 1 
35 9 11 -3 -5 -1 -5 10 
-10 -8 -9 2 -3 -1 -1 -19 
13 -1 13 5 0 0 -1 4 
-54 -5 -16 -6 -5 -1 -1 -7 
22 8 -3 5 4 0 1 -10 
60 0 11 0 1 1 -1 27 
-66 6 -4 -3 -2 -3 -2 -6 
34 -10 15 1 -1 0 -1 -4 
-28 -1 -17 -15 -7 -4 0 -7 
29 9 11 5 1 -1 0 -2 
-2 5 1 2 1 0 1 -3 
2 4 -4 -1 -1 -1 -1 4 
2 3 7 6 1 1 0 -6 
-10 -5 -4 -9 -4 -1 0 -3 
3 -4 4 3 2 -1 -1 3 
0 6 -8 -5 0 -1 0 -1 
8 12 22 12 6 1 -2 -10 
-22 -10 -23 -9 -3 -1 -1 12 
-7 -1 8 -1 -4 -4 -1 -20 
19 5 -16 -3 -2 -4 -3 -1 
-8 3 -5 1 -2 -1 0 1 
0 -6 -12 -7 -2 -3 -1 -3 
-19 -3 4 2 0 0 -2 9 
16 0 12 4 1 -1 -1 5 
31 6 -15 -12 -5 -1 0 1 
-58 -3 2 6 0 -2 -3 -30 
16 -4 3 2 1 -2 -2 1 
-16 -7 2 1 1 0 -1 -3 
17 12 12 1 2 0 -2 7 
1 -5 -8 -8 -3 0 -1 -12 
4 1 -13 -4 -3 -1 0 6 
-6 3 8 1 -2 -1 -2 -9 
-4 -7 -2 -5 -2 -1 -1 6 
-12 -2 2 8 -1 1 0 0 
19 0 -1 4 3 0 0 7 
1 -3 -7 -7 0 -1 0 27 
-16 -6 -9 1 -1 0 -4 -25 
-6 2 5 1 0 0 0 -1 
-4 -10 -1 -3 -5 0 -1 -5 
-5 -2 10 4 -1 1 2 10 
14 -2 16 -2 -4 0 -4 1 
-26 -23 -53 -11 -4 -4 -4 -9 
5 5 6 -4 1 0 0 1 
-4 -1 -9 -4 -2 -2 -2 -2 
-11 -3 7 4 -2 -2 1 -3 
19 10 23 6 0 -2 0 10 
24 -2 -2 -5 -4 -2 -2 -12 
-1 -3 -9 -5 -3 0 -1 -3 
-31 -6 -16 2 -2 -3 -2 -27 
0 4 6 -7 -1 1 -1 8 
-11 0 -9 -5 -1 -1 -4 2 
17 -3 8 5 0 0 -2 -9 
-13 -6 -9 -4 0 0 -2 8 
1 2 -2 -3 -3 0 -2 3 
-6 18 18 6 2 2 1 -1 
-1 -2 -12 -4 -8 -2 -2 7 
0 -2 -10 6 16 1 0 -8 
0 6 13 0 -6 -4 -4 -2 
-1 -15 -3 -2 -3 -2 -1 -11 
-19 -4 4 -3 -1 -2 -1 22 
11 9 7 -5 -6 -2 1 -5 
-16 0 -7 6 0 -3 -2 6 
13 2 -9 -14 -4 -3 -2 -1 
7 3 2 0 0 -2 1 -1 
-11 -5 1 -4 -3 0 0 6 
9 -2 14 5 5 -1 -1 -10 
-3 -15 -24 -5 -2 -1 0 5 
-8 3 -2 0 3 -1 -4 -15 
17 1 0 -3 -4 -2 -1 14 
0 0 12 1 -3 0 -1 -3 
-21 -2 -9 1 -1 -1 -3 -7 
-1 1 0 0 -2 -1 0 -7 
4 1 -2 6 1 2 -2 0 
8 2 5 -3 -4 -3 0 17 
-2 -4 -5 5 3 -4 -3 -17 
3 7 2 1 2 -2 0 -7 
19 -12 4 -13 -4 -2 -4 -11 
-48 -7 -10 1 -4 1 2 -4 
2 2 6 9 4 -1 -1 13 
2 -3 3 -6 -5 -2 -2 0 
5 1 -7 -6 0 0 2 18 
12 6 5 -4 -2 -2 -4 -15 
-10 -4 -10 2 -3 2 1 -2 
-5 -4 5 0 1 -1 -2 -12 
3 0 -5 1 -3 1 -2 5 
12 -3 -21 -10 -3 -1 -3 1 
-3 -10 12 5 -2 0 -2 3 
-8 -3 -7 2 1 -1 1 -13 
-4 1 -1 0 -4 -3 -1 6 
0 -2 6 4 4 -2 -1 -6 
2 3 1 -7 -4 -1 0 -8 
6 0 -1 0 -4 -1 -2 -1 
6 -5 -5 -3 -1 0 0 -5 
-37 -3 -5 -2 -3 -3 -2 -20 
9 3 7 -1 -7 -4 -2 10 
-2 -2 -1 2 11 0 -2 -10 
-7 1 -2 -2 -3 -2 -2 3 
22 2 -4 -2 1 0 0 -13 
-1 4 -4 -5 -5 0 1 6 
2 -5 5 15 3 -1 0 10 
2 2 -7 -3 2 -2 0 -5 
-17 -6 8 -2 -2 -2 0 -2 
6 -6 -2 -2 -1 1 0 0 
5 2 -32 -13 -6 -4 -2 -8 
-14 -4 8 4 1 0 0 4 
9 4 0 -1 -3 1 -2 6 
-2 -2 10 6 4 -3 -4 4 
-28 -2 0 -1 -4 0 -4 -17 
16 -6 -25 -4 -5 -2 0 -13 
-44 2 16 1 0 -1 -2 7 
2 -3 -25 -4 -6 -1 0 4 
13 0 10 -2 -1 -2 -2 9 
-21 2 -6 -5 -5 -4 -1 -6 
31 -7 0 -2 -2 -5 -2 8 
8 0 -6 1 4 0 -1 -4 
-12 -3 -4 5 -1 -3 -1 -10 
2 -1 12 -10 -1 0 -3 -10 
20 2 15 8 -3 -1 -1 18 
-19 0 -11 -5 6 3 0 -9 
29 -4 -27 -14 -6 -3 -3 11 
-24 -1 7 6 -4 -4 -1 3 
3 -5 -16 1 2 0 -2 -3 
5 1 29 5 -3 -2 -1 7 
