#EMG
#4
#ID:4-5
-3 11 1 -8 -2 -2 -1 -10 
-1 -14 -12 0 -3 2 6 3 
1 11 -10 1 4 -1 -1 -7 
-5 -8 3 -5 -3 -2 -5 -1 
0 -18 17 -1 1 -1 7 28 
-2 9 0 3 2 0 -8 -20 
1 -8 -11 -5 -1 -4 -6 -13 
2 -3 52 -4 -3 -1 8 3 
4 8 3 1 -2 -1 -3 12 
0 -5 -1 -10 -5 -3 3 8 
-3 -16 -11 6 1 0 -6 -11 
-1 5 -17 10 3 1 0 10 
-6 -8 -7 -3 -2 -3 -10 -33 
-1 9 10 -5 -3 -2 0 -3 
-1 -5 -9 4 2 1 7 14 
-3 15 -22 -2 0 -2 -3 9 
-4 -2 5 4 0 0 5 -10 
2 -4 -1 -5 1 -1 -3 16 
-3 8 -12 -9 -3 1 -2 -4 
-13 -9 -16 11 1 0 0 18 
11 16 56 -1 0 -1 -1 -23 
8 -36 -29 -8 -7 -3 -10 -14 
-22 9 -7 -8 -8 -4 1 -2 
0 0 18 -1 1 1 -5 -12 
-5 -12 -11 7 2 -2 3 13 
-9 -4 2 0 4 2 9 -13 
5 5 11 1 -1 -2 -13 -9 
4 -14 -18 0 -2 -3 -1 0 
-10 -3 -18 -4 1 1 2 11 
-2 12 -6 -4 -1 -1 -3 1 
-2 -14 -18 -1 -1 -1 2 -9 
8 23 8 -3 -1 -1 1 22 
7 -22 -20 -3 -2 -1 1 9 
-4 -1 -12 7 -3 -4 2 16 
6 -1 5 -17 -5 -2 -12 0 
-4 -9 -3 0 -2 -2 -1 -12 
-9 0 -17 1 -7 -5 -7 -19 
0 7 8 0 -2 -2 5 18 
7 7 6 5 -1 -1 2 14 
0 19 7 -13 -2 -3 -10 -14 
-2 -24 -16 -2 0 1 2 22 
-10 -10 26 -3 -3 -1 -2 -30 
5 -8 15 2 2 1 3 -1 
3 -3 3 -5 -2 0 8 13 
2 6 11 7 2 -2 -3 8 
0 8 -1 -8 1 2 -1 8 
-8 -1 -8 -2 -10 -4 0 -53 
-3 -18 -14 0 -3 -4 -5 6 
-3 7 -11 -2 -2 -2 -3 3 
1 2 9 4 5 2 -1 -11 
-2 -3 27 -5 4 1 0 14 
9 -3 -9 10 0 -1 -2 -9 
-1 10 -10 -20 -11 -4 -9 -10 
0 3 9 -2 -4 -3 -4 -5 
-4 1 -6 2 0 0 -1 -13 
-8 -15 3 -1 3 -1 5 -4 
5 12 9 5 6 4 1 2 
0 -6 -4 -2 -1 3 0 5 
-2 -12 -28 6 1 0 -3 -8 
5 6 3 3 2 0 2 19 
3 -1 -2 -4 -3 -1 -3 32 
-6 -3 -5 -7 -9 -2 -1 -13 
5 0 -4 4 1 -1 2 5 
-1 8 11 -2 -1 1 0 -11 
-6 -25 -5 6 1 -2 0 -7 
2 -2 22 6 1 -4 0 16 
-1 -10 11 3 1 -2 0 6 
-8 -8 -16 -10 -5 -2 1 -27 
7 4 14 -7 -2 1 0 30 
-2 3 -23 -1 -1 -2 -8 -11 
2 -4 3 0 1 -1 0 14 
2 11 5 0 2 -2 -2 -1 
-8 -6 -11 6 1 1 -2 -33 
-3 -3 -49 -6 -6 -5 -6 -3 
-3 7 -5 -14 -8 -2 3 -27 
-4 -6 -11 -4 -4 -3 -11 -17 
-2 4 6 -2 4 0 5 4 
-1 -5 -11 4 -3 0 -5 1 
-3 16 3 -7 0 -1 -1 3 
-3 -11 -3 -7 -5 -3 -1 0 
-1 8 13 1 1 -1 3 -6 
2 7 13 6 3 -1 1 1 
1 6 0 0 -1 -3 -4 3 
-1 -9 -2 0 -2 2 7 -5 
-2 -24 -10 7 3 -1 -5 -6 
0 -5 -18 -15 -4 1 18 56 
-7 -9 10 8 0 -2 -15 -28 
9 0 -4 -2 -4 -3 4 7 
-12 6 -1 -11 -8 -3 -13 -33 
13 0 25 2 1 -3 2 9 
-3 -4 -7 0 -1 1 10 5 
-6 -4 -12 4 5 2 -2 -2 
2 10 -14 -2 2 1 1 -2 
-13 -7 -58 -2 -4 -1 -3 -16 
-4 -8 2 5 1 -2 -4 17 
0 1 15 3 1 1 -3 0 
3 5 11 0 0 1 1 10 
3 1 5 4 3 1 -3 -9 
-1 0 -23 -9 -6 -4 0 -6 
-5 -2 -19 -5 -2 0 6 1 
-10 -14 -27 -29 -13 -6 -16 -30 
-3 -7 10 -2 -2 0 3 -4 
3 3 2 3 3 2 2 16 
2 24 12 -5 -2 -3 -6 4 
3 9 -38 8 2 0 6 13 
0 -4 11 -4 2 -2 -6 -9 
-7 1 -29 -11 -2 0 -3 -20 
-1 -12 71 8 -5 -1 3 -8 
-2 15 10 7 -7 -5 -1 9 
0 10 7 -1 0 -3 -8 -13 
1 -4 0 11 7 3 7 14 
0 9 -25 -14 -4 -4 -7 0 
5 -13 5 -12 -6 0 6 4 
-8 -6 23 -7 -9 -4 -4 -34 
3 30 -27 3 -1 -2 -5 10 
-5 -32 -72 -2 2 0 0 -5 
1 14 9 2 2 -1 4 -8 
-1 -7 -29 0 1 -1 -9 4 
-4 1 28 -4 -2 -1 -2 -14 
4 6 -8 -2 -5 -2 4 27 
2 -3 13 7 3 2 10 14 
-5 1 17 4 0 -3 -12 -27 
0 4 -7 -5 -4 -2 -7 26 
-10 0 -6 -2 1 2 2 -33 
-8 -28 9 4 -1 -3 -2 -24 
9 21 16 1 -1 1 12 51 
5 -19 -10 -8 -4 -4 -6 9 
4 4 -3 -7 -3 -4 -1 29 
-2 9 0 4 -1 -1 -4 -21 
-1 -4 3 0 2 1 4 -12 
-4 -19 11 3 -1 -2 -7 -26 
-1 14 -29 1 0 1 1 26 
-1 -7 2 -1 -2 -3 -7 26 
0 -1 12 -7 -4 -5 3 -10 
5 -10 19 -2 -3 -1 3 -19 
6 -6 7 0 -4 -3 -4 30 
0 3 9 -2 0 -3 2 -4 
-12 -3 -28 1 1 -1 -14 -33 
16 7 -5 -1 1 3 13 86 
-6 -3 -9 0 -3 -1 -6 -22 
0 -15 9 3 2 0 3 12 
-2 -1 -21 4 1 0 0 -33 
-10 -8 6 -1 0 -2 -5 -34 
-5 -17 72 4 1 3 -1 -12 
-1 11 10 3 1 1 3 2 
-5 -8 -29 -11 -5 1 -5 -1 
-4 -9 -2 6 -5 -1 1 -4 
3 13 3 9 8 -3 -1 5 
2 15 17 -2 4 0 -4 -11 
5 1 -43 -1 -3 0 0 24 
-2 -8 38 -5 -10 -2 0 -2 
-7 -6 -55 -11 -7 -3 0 -11 
3 -15 41 26 9 4 1 -3 
0 -2 17 -6 -13 -7 -3 9 
-5 22 -18 -13 12 0 -1 -9 
-4 -6 -34 3 7 8 -1 -18 
-5 5 2 -5 -12 -13 -12 -5 
3 -9 -26 -11 -16 -4 1 13 
-7 -25 5 -7 -8 1 -4 -14 
4 0 39 8 9 1 0 1 
-4 -6 -28 -8 0 4 1 5 
1 21 62 18 12 0 0 -3 
0 5 -28 1 6 -1 2 -1 
-3 -7 -29 -4 -1 -1 -4 -8 
2 1 11 -2 -2 2 2 -6 
-2 -4 -4 -6 -2 0 3 28 
-6 14 -45 9 5 1 5 -34 
9 -3 8 -9 -4 2 1 86 
-6 2 -15 -7 -12 -8 -4 -46 
2 16 29 2 7 5 -2 3 
-2 -6 55 1 -5 -4 -7 -3 
-9 -13 7 -3 -8 -6 3 -12 
3 -20 -26 -5 -3 -1 -3 -1 
-11 1 -28 -3 0 -4 -8 -10 
12 0 1 5 -2 1 10 27 
3 10 12 6 -3 -3 -12 -17 
3 -2 2 -4 3 6 4 19 
-6 -9 10 2 1 0 5 -6 
-10 -10 -14 -11 -8 -5 -7 -41 
7 11 39 -3 -4 -3 -1 -3 
-7 -27 -7 13 8 -3 -5 -16 
6 8 29 -8 -3 1 10 16 
-1 -9 -11 8 4 0 -8 5 
1 -9 -33 -21 -8 -1 1 -18 
-8 11 -12 -2 -2 -6 -6 -2 
18 -24 -16 -3 -3 -2 -7 -2 
-9 -9 20 0 1 1 15 8 
-4 22 15 2 -1 0 -4 6 
2 -6 -14 5 -2 -2 4 21 
-9 -3 17 10 4 -3 -14 -34 
5 4 -83 -14 -6 -2 -10 -4 
-2 -10 44 3 0 -3 2 -29 
7 37 42 -1 -1 2 5 36 
-3 6 -24 -1 -2 -2 -3 16 
1 2 8 -5 -3 -2 -3 -14 
-9 1 -17 -3 -9 -6 -7 -26 
5 -4 1 -6 2 0 3 26 
-9 9 21 -15 -9 -3 0 -13 
-1 1 16 18 7 1 -5 18 
0 11 -10 -1 0 -1 8 1 
-20 13 2 -6 -3 -2 -12 -50 
-8 -12 -48 17 5 0 -9 -18 
6 -3 2 -16 -6 0 8 18 
-2 4 -10 -1 2 0 -4 8 
5 6 -28 1 0 -4 0 -9 
1 6 10 2 4 1 5 23 
1 -9 16 18 6 1 -3 5 
-8 -38 17 -12 -2 3 5 -12 
-5 25 -14 -13 -12 -5 -5 -28 
4 5 -52 -4 -1 -1 -4 14 
-5 10 -15 -3 -1 -2 2 2 
4 -16 -9 6 5 1 -4 5 
-2 -16 -3 -2 3 4 1 1 
-3 -8 21 -5 -8 -4 -4 -2 
-5 20 -3 -2 -1 -1 -4 -19 
5 -10 79 19 3 0 2 -6 
-4 -13 -27 -12 -5 -2 3 10 
4 -8 4 3 2 -1 -5 4 
5 21 3 -2 0 0 6 -1 
-9 -1 -19 -5 -4 -4 -14 -33 
9 3 8 7 1 2 6 36 
1 -5 34 0 -2 -2 8 -25 
-5 -9 -11 -9 -4 -5 -6 16 
-3 22 -40 -8 -6 -5 9 -7 
-2 10 -35 -13 -7 -4 -22 -24 
3 -10 -12 -1 3 1 6 1 
2 -20 18 1 -7 -4 -3 -15 
-4 -14 -42 -4 -3 -2 5 18 
2 -1 -13 0 5 3 -9 -2 
4 18 70 2 1 0 9 19 
-9 -30 40 6 11 0 -6 -17 
-2 -2 -1 -4 -4 -2 1 15 
-1 -7 -18 -17 -19 -6 -8 2 
-5 -4 5 -1 2 -1 2 -14 
4 10 -5 -3 -3 -2 4 26 
-2 8 -6 0 2 -1 -6 -2 
-6 -10 -9 3 3 -3 -3 -23 
-10 2 -31 -9 -6 -3 0 -9 
-1 1 -2 -2 -3 -2 -11 10 
10 24 -14 0 -2 0 -4 -8 
9 -18 -1 -3 0 0 10 38 
-1 8 1 7 2 0 -2 -19 
3 -2 5 -3 2 2 -2 16 
0 12 -3 -6 -6 -4 -3 11 
1 19 50 11 4 2 5 -3 
-6 -27 22 12 7 0 2 -5 
-2 -28 60 6 1 5 4 7 
-5 6 8 4 1 -1 -2 -8 
-6 -23 -33 -9 -6 -4 2 0 
-2 -7 -8 -24 -16 -5 -7 -2 
12 2 -35 -14 -7 -7 -5 -11 
8 8 22 -1 5 6 7 20 
-2 9 7 13 14 0 -3 -1 
15 -6 7 4 3 1 4 -1 
-42 -6 -18 -5 -10 -4 -9 -19 
6 8 -4 -2 -5 0 9 9 
7 2 31 -4 -7 -7 -10 7 
-14 2 -43 -6 -2 -3 -9 8 
11 17 -10 -5 2 -2 3 0 
-13 -41 -25 2 -2 0 0 -12 
-6 -1 7 -1 -4 -2 3 -8 
5 -6 39 -9 -2 -2 -7 -6 
-6 13 13 9 2 0 1 -19 
-2 -10 0 -1 2 -1 -7 0 
3 6 -11 -1 -1 2 2 -9 
0 8 -9 5 2 -1 3 25 
2 4 -27 -12 -6 -2 -3 1 
-1 -9 -42 3 -2 0 -6 1 
-1 6 3 -10 -1 -2 0 -25 
0 16 -35 5 -3 0 2 11 
0 -13 27 1 2 -1 1 -2 
0 1 -1 -2 -2 -3 -1 -13 
-5 1 -24 6 3 3 4 4 
-10 -12 -3 1 1 -1 -2 -6 
7 12 -15 -1 -4 -2 -2 4 
-2 -6 -3 -5 -2 -3 -9 -7 
-2 -17 0 -1 1 3 5 19 
-6 6 8 -3 -2 -1 -3 -11 
0 0 -5 3 1 1 2 -7 
1 0 25 -5 -2 -3 -1 8 
-3 1 -16 -5 -4 -3 -8 -1 
0 1 -2 1 2 1 1 -4 
1 -7 10 8 0 0 2 -9 
1 5 -4 -6 -5 -3 1 -2 
-9 -13 -11 -4 -3 -2 -1 -3 
-4 15 -16 -6 -1 -1 -2 -6 
-1 -2 -28 -8 -1 -2 -6 -6 
3 3 24 4 3 -1 1 7 
1 -9 8 3 -2 -3 0 -3 
0 -20 12 2 -2 0 1 2 
-1 -7 4 1 0 0 0 -5 
-1 -3 -11 -5 -3 -5 -7 -5 
0 0 45 1 2 2 -1 -18 
-1 24 16 -1 1 -1 4 3 
-1 -16 -8 0 0 -2 -2 17 
-5 10 10 3 0 0 0 -7 
-2 2 -2 1 -1 -1 7 5 
7 -5 -2 -4 -6 -5 -17 -2 
-6 4 3 0 -3 0 8 -7 
3 -2 22 -3 2 0 -6 -2 
3 2 -49 -4 -2 1 3 7 
3 5 11 -3 -2 0 -2 -10 
-1 -12 1 2 -2 1 2 7 
-4 -12 -27 -4 0 -2 -1 -6 
0 0 -10 -2 3 1 0 0 
-4 -17 5 1 -1 -1 2 -1 
2 9 -1 -1 1 -1 -5 0 
1 0 6 -2 -2 -2 3 -2 
-2 -6 18 2 0 -2 -3 0 
-4 12 2 0 0 -1 -2 -4 
8 12 8 -3 0 2 14 34 
-4 -3 -47 -5 -5 -2 -5 -8 
-3 -9 -13 -1 -2 0 -2 -2 
-3 -2 -13 -4 1 -2 -6 -6 
-1 0 -11 -2 -3 -2 -3 -3 
-3 -1 16 4 0 -1 1 2 
4 10 8 -3 -4 -2 0 11 
-1 -11 -2 0 -1 -2 2 -6 
2 7 -2 -1 -1 -2 -2 -9 
-5 6 3 -6 -5 1 4 4 
-3 -8 -8 2 1 -2 -9 -3 
-2 -23 -47 -1 3 -2 2 -2 
-2 0 -4 -10 -8 -3 -5 -2 
-2 -27 22 6 0 -1 -1 1 
-2 -1 -1 -1 -3 -1 0 -1 
0 7 6 3 1 0 2 4 
-3 1 -2 1 2 -1 -4 -3 
-1 7 -13 2 2 -1 -2 -8 
0 6 10 -1 -3 -1 0 -1 
0 3 -1 6 0 -1 -1 6 
-2 4 5 -1 -2 -3 -3 -14 
0 2 4 -9 -7 0 -3 -16 
3 -5 0 -5 2 0 -1 10 
-1 -4 6 -4 -3 -4 -6 6 
-3 -12 -13 2 -3 -2 -4 -14 
0 4 -1 3 2 0 0 1 
0 14 8 -1 -2 -2 0 2 
-1 3 -3 0 -1 3 2 -4 
0 -5 -3 0 1 -1 -1 6 
0 6 -4 -1 -2 -2 -4 -5 
-2 -10 5 0 -2 -4 -1 -7 
2 9 12 -2 -2 0 1 8 
-2 -25 0 -5 -4 -1 -3 -4 
-5 5 0 -1 1 -3 -1 1 
-3 -4 -17 -2 -2 -3 -3 -11 
-1 -20 4 3 1 0 -1 10 
-4 -2 2 3 -2 0 2 3 
-6 6 -9 0 -2 -4 -2 -44 
-1 -10 -9 0 4 1 -9 3 
-5 4 -3 -12 -9 -5 -2 14 
3 26 9 1 2 -1 -3 -3 
1 -32 -35 7 2 1 4 20 
-5 -32 1 -3 -2 -3 2 -3 
-4 2 -4 -1 -1 -1 -2 -15 
-2 -10 2 0 -2 0 0 1 
1 17 8 6 -3 1 -1 6 
4 10 4 1 -3 0 -2 2 
3 -2 -1 0 -2 1 0 2 
-2 -3 -14 -8 -3 -3 -3 -2 
2 8 8 -7 -1 1 -1 3 
-2 6 6 -2 1 -1 0 -3 
1 -1 14 0 0 -2 0 0 
1 4 0 1 -1 -1 1 -7 
-3 0 -9 -4 -3 -3 1 -2 
0 -1 4 4 1 1 3 -7 
-2 -9 -12 -5 -1 -2 -2 -3 
-4 -17 -7 2 1 0 -4 -6 
1 4 5 -1 0 -2 -2 12 
-2 -2 4 -2 -2 -2 2 3 
-4 -7 -14 1 0 -2 3 -10 
-2 0 -5 -2 -1 -1 -1 -5 
0 0 7 -1 -1 0 -2 6 
0 10 7 3 1 1 4 -2 
0 -5 -3 -3 -2 1 0 -6 
2 14 6 -5 -1 -3 -1 8 
-3 -12 -5 0 0 -3 -1 6 
1 -11 -4 -9 -11 -5 -4 -6 
2 0 -4 0 3 2 -1 1 
1 -7 -1 0 -1 -1 -2 1 
1 6 5 2 2 2 2 -1 
-2 1 2 3 -2 -2 0 0 
-1 -5 4 2 2 1 1 -1 
-3 7 -8 2 -1 -1 -2 -6 
-1 -2 -31 -8 -6 -4 -2 -3 
-7 -9 -14 -5 -5 -3 -4 4 
-1 -9 -12 -6 -4 -1 -6 -8 
-4 -5 8 -4 1 -2 -2 -5 
3 -6 -13 -2 1 -2 -1 4 
1 24 6 1 1 0 0 -5 
-1 -3 -10 0 -1 -2 1 3 
0 7 -2 0 -2 -1 -2 -2 
-2 -12 16 -1 -2 0 0 -7 
0 -4 -2 -1 1 2 1 6 
-2 -8 4 0 0 -3 -4 2 
0 -1 1 -1 -4 -2 -3 -4 
0 3 12 3 2 0 0 3 
0 -4 3 -7 -1 -1 -3 -1 
0 8 6 -2 -4 -3 -2 -1 
-2 -4 -7 -5 -4 -4 -2 -5 
0 -2 1 0 -4 -3 -2 2 
-2 0 -4 1 1 -2 -2 -3 
-4 10 -8 -3 -1 1 -1 -5 
-6 -15 -5 4 2 1 4 2 
4 23 14 1 -1 -2 -2 -2 
1 -25 0 -2 0 2 5 21 
1 3 -6 0 -2 -2 -3 2 
-2 -12 -2 -6 -1 -3 -4 -10 
2 1 1 -5 -5 -1 1 13 
-1 26 4 1 2 1 -1 -8 
1 -21 2 -2 -2 0 2 4 
0 5 -3 1 1 1 -1 1 
-8 -8 0 -1 -1 -1 -3 -5 
0 10 4 -1 -2 -2 -2 5 
-2 4 7 -3 -3 -1 0 -26 
-2 0 -7 0 -4 1 -5 -8 
-7 -10 -3 -3 -1 -3 -3 -9 
-1 2 0 -3 -4 -6 -6 -5 
-3 7 -2 -2 0 -1 -2 4 
1 -10 -1 1 1 2 2 8 
1 -2 -1 -1 -3 -1 -1 -9 
0 -3 -4 2 0 -2 -1 -8 
-1 15 10 -5 -1 -1 0 13 
2 -2 -9 -6 0 -2 1 3 
-2 -30 29 6 1 1 0 11 
-6 5 3 -1 -4 -1 -2 -10 
-2 -12 2 3 -3 -1 -2 -1 
1 6 -2 -2 -3 -2 0 1 
-3 -9 -17 -2 -1 -1 -2 -4 
-5 -7 -12 1 -3 1 1 -6 
2 5 6 2 1 -3 -1 14 
-4 4 4 1 0 -2 0 -6 
4 9 -7 -7 -3 -3 -2 29 
-1 -1 3 1 0 2 -1 -29 
-1 3 -5 -1 -2 0 -1 -1 
-1 -2 -3 -4 -5 -5 -2 -3 
1 6 -5 1 0 0 -7 2 
-3 -12 -3 0 -4 -5 -1 3 
0 10 6 3 3 1 2 0 
-3 -21 3 -3 -2 -3 0 -2 
-6 -3 -13 -6 -2 -1 -1 -8 
1 -1 3 1 2 0 1 6 
-2 6 -5 -5 -4 -2 -5 -8 
-1 -1 4 2 1 -1 -3 3 
-4 -4 -11 -5 -2 2 2 -8 
-1 2 -8 -2 -3 -2 -2 -1 
4 19 6 7 2 -2 1 3 
4 15 -20 -8 -5 -1 -3 0 
-2 -20 3 2 2 0 0 -8 
-4 5 4 -3 1 -1 -2 -7 
2 7 2 -2 0 0 2 10 
-5 -20 -9 0 2 -1 -2 -1 
-3 4 2 -1 -3 -3 -3 -8 
0 0 -3 1 3 4 0 30 
-6 -9 -8 -3 -2 -2 -1 -24 
3 -13 3 -1 -1 0 -1 2 
2 29 6 0 -3 -1 0 -9 
0 -15 4 1 -1 1 0 7 
-4 -4 0 1 -3 0 -3 2 
-2 3 0 -2 2 1 0 4 
-1 -3 -11 -2 0 -1 -3 -6 
2 2 -10 -1 -1 -2 -3 4 
1 -15 2 5 2 1 2 -2 
1 -15 34 8 -1 1 0 -3 
-1 1 4 1 2 -2 1 2 
-4 -16 -13 -4 -2 -4 -1 -7 
1 -11 -8 -7 -4 -2 -5 -3 
0 2 -4 0 1 1 -1 1 
2 8 2 -5 -3 -4 -2 2 
-3 -2 8 -1 1 -1 -1 -10 
-2 4 6 -3 -1 -2 -4 1 
-2 19 -46 -3 -3 -2 0 -2 
-4 -18 -5 1 1 0 -1 -1 
0 4 -7 -1 -1 -2 -1 -1 
-5 -5 -1 -1 -2 -3 0 1 
0 15 3 -3 -2 0 -2 -5 
1 -6 -1 2 -3 0 -1 0 
1 7 -9 -5 0 0 -1 -3 
-3 -11 -3 -1 0 1 0 -2 
-2 17 16 0 -2 -2 -1 -1 
0 -4 -7 -1 -2 -3 -1 -1 
2 1 24 2 -1 0 1 0 
1 -6 -2 -5 -5 -3 0 0 
-1 -2 0 3 3 1 1 -2 
1 9 3 -5 1 2 -2 -7 
-4 -8 -13 -3 -3 -3 -3 5 
-4 -2 -1 0 1 -2 0 -6 
-2 -6 2 -2 -3 -2 0 8 
2 2 0 1 0 -1 1 -5 
1 -14 -4 0 -1 0 -1 4 
-2 1 -2 0 1 0 1 -14 
0 1 0 -3 -4 -3 -3 -5 
-3 -5 1 2 -1 1 -3 0 
0 11 -1 -3 0 0 1 2 
1 -7 4 2 -2 -1 -1 5 
-3 8 9 0 -2 0 -3 -3 
-4 -20 -21 -7 -4 -5 -2 -2 
-3 -9 1 1 -1 -2 0 -4 
-1 -4 -8 -2 -2 -1 -2 2 
-4 -1 -7 -4 0 -1 -1 -1 
-3 -3 28 3 0 -1 1 3 
-4 2 -6 -1 -1 -1 -1 -6 
2 -1 -3 -6 -3 -3 0 2 
0 3 7 -1 0 1 -1 -3 
0 -6 -2 1 -1 -2 0 0 
-1 1 -6 -2 1 -1 1 -2 
-3 5 6 2 2 0 -1 1 
0 -7 -9 -3 -4 -2 -3 1 
-1 9 1 0 -1 1 0 -3 
0 -6 -4 1 -4 -2 -3 -2 
-1 -1 -7 -2 -2 -3 0 1 
1 -7 0 0 -1 -1 -2 0 
1 10 -5 -1 -2 0 -2 1 
-2 -10 4 -2 -3 1 -2 -1 
-1 1 -1 1 -2 -1 -1 0 
-1 -4 5 -1 -2 -1 0 0 
-2 13 2 -1 -2 0 0 0 
1 -2 -5 -6 -1 1 1 -2 
-3 -9 -11 -2 0 -2 -4 -2 
0 -1 1 -1 -5 -1 0 -1 
-1 -1 -2 -1 1 0 -1 1 
0 20 9 0 0 -3 -3 -3 
-1 -11 1 -1 -3 -1 0 -1 
-4 10 -5 -4 -1 -3 -3 -1 
-2 -13 -3 -2 -2 -1 -1 -2 
0 2 -4 -3 -2 -1 -1 -1 
2 4 3 -3 1 1 1 0 
-5 -1 -1 2 -1 0 -1 -4 
-3 -10 -10 -4 -5 -2 -3 -2 
1 1 -1 4 1 1 -1 -3 
-2 -1 1 1 -3 0 -1 0 
0 1 11 -2 -2 0 0 0 
0 -3 -5 -2 3 -2 1 2 
1 0 4 2 0 -3 -1 -1 
-2 -2 2 3 3 0 0 -2 
-3 -3 -5 -2 -3 -4 -2 -2 
-1 -3 4 -1 0 1 0 0 
-1 -3 -3 -1 -3 -1 -2 -2 
-2 6 -8 -4 -4 -1 -1 -2 
-2 -8 -4 -4 2 0 0 -1 
-3 -17 -8 -1 0 -3 -1 -2 
-2 1 -5 -3 -1 1 -1 -1 
0 -2 -1 -1 -1 0 -1 -3 
2 8 6 2 -1 1 -1 -2 
1 12 9 1 -2 0 -1 2 
-5 -20 -5 1 0 0 -1 -3 
-4 -8 -11 -3 1 -1 -2 -1 
0 -2 -5 0 0 0 -2 1 
0 12 1 -2 0 -1 -3 -1 
-2 3 4 -2 -3 -4 -1 0 
-1 3 2 -2 -3 -2 -2 1 
-2 -7 -6 0 -1 -1 -1 -3 
-1 -3 0 3 0 -3 -3 -1 
-1 2 -2 0 0 1 1 -1 
-1 -2 2 -3 -5 -4 -2 0 
0 1 -5 -1 -3 -4 -1 1 
1 -13 27 7 2 0 2 0 
-4 -4 -9 -7 -3 -3 0 -4 
0 -6 -5 0 -1 -2 -1 0 
1 4 -3 -2 -3 0 -3 -1 
0 1 -7 -4 -2 -1 -1 -1 
2 -3 -6 -2 0 1 -1 1 
-1 -6 -3 -1 0 1 -1 -1 
-1 -4 0 -4 -1 -3 -2 0 
1 5 -4 0 1 -1 -1 0 
0 6 5 0 -2 0 -1 -3 
-2 2 -5 -3 -2 -4 -3 -3 
2 1 2 0 0 -1 -1 0 
0 15 0 -3 -3 -1 1 -1 
-4 -14 -10 -4 -1 1 0 -3 
-3 -1 -6 -1 -3 -2 0 0 
-2 -8 -2 1 0 -1 0 0 
-1 -2 -3 0 -1 -1 -1 1 
1 6 6 1 -1 -1 -4 -1 
1 5 6 0 -3 -1 0 -1 
-1 2 -3 0 0 1 0 -2 
-4 -1 -6 -2 1 1 -1 -5 
-1 -6 -3 -4 -4 0 -1 2 
-3 -14 13 1 1 1 -2 1 
-5 -9 -7 -2 -2 0 0 0 
-2 8 0 -2 -4 -4 -4 -4 
-2 2 7 5 0 -1 1 1 
0 0 0 -2 2 0 0 -1 
0 -6 -8 1 1 1 0 1 
-1 -2 -3 -3 -2 -1 -2 -3 
-1 -7 -5 -3 -1 -1 -2 -1 
-3 0 0 -2 -2 0 0 0 
-3 8 4 0 0 -2 -2 -3 
-1 0 -7 -3 -1 -1 -2 -2 
-1 -2 6 2 -1 -1 0 -1 
-1 -3 -5 0 0 -1 0 0 
1 -3 4 1 2 2 1 0 
-3 0 5 3 0 -1 -1 -1 
-4 14 -2 -9 -7 -4 -5 -4 
1 -22 0 -1 -2 -3 -2 0 
-6 -20 -19 -7 -3 -1 -1 -3 
-2 -3 -5 0 -2 -1 -2 1 
3 4 -1 3 -2 -3 -2 -4 
1 10 0 1 0 2 0 -3 
-1 12 10 -2 -2 -4 -3 -2 
1 -7 -6 1 -1 0 0 0 
