#EMG
#6
#ID:6-10
-2 8 1 0 -3 -1 -2 -3 
4 30 12 6 -1 1 1 -4 
2 -1 14 1 -2 0 -1 2 
-2 -24 -12 -3 -2 -2 0 -7 
1 -7 -6 1 -4 -2 0 6 
-1 22 4 -4 1 -1 1 1 
-5 -23 -10 3 0 -1 -1 -2 
0 12 15 4 2 0 0 0 
-3 5 -14 -3 2 -1 0 -3 
-1 -13 5 3 0 0 -1 -3 
0 16 6 -3 -9 -6 -4 -2 
5 5 -4 -3 -1 -2 -2 6 
-6 -25 -7 -1 -1 -1 -3 -7 
1 9 6 3 2 0 -2 -1 
-2 -9 4 3 1 0 -1 -5 
2 5 2 -4 -3 -3 -1 1 
-5 -10 -14 -2 0 0 0 -1 
1 5 16 -5 -2 -1 1 2 
-4 -24 -31 -4 -2 -2 -1 -3 
-2 -7 2 -2 -2 -1 -3 -10 
2 9 1 -2 -1 -2 -1 5 
-4 1 -15 -2 -1 -1 -3 -6 
0 3 -4 2 1 -1 -1 0 
-2 -8 5 12 1 0 -1 7 
-1 -4 -1 -7 -2 0 -2 -7 
-4 9 0 -5 -3 -3 -2 -5 
0 3 4 -11 -6 0 -1 0 
-1 2 -6 -2 0 1 -2 -4 
-1 2 4 1 1 -1 0 -2 
4 -2 -1 3 -1 -4 1 9 
0 6 1 0 3 -1 3 1 
-6 -15 4 -4 -1 -3 -3 -2 
-5 -16 -29 -7 -3 -2 -2 -4 
-1 -5 12 1 0 0 -1 0 
3 14 3 3 3 -2 -1 0 
1 4 6 4 1 -2 -1 0 
1 8 6 -8 -3 -2 -2 -1 
-3 -9 -17 -7 -11 -2 -3 -2 
-1 -1 11 -2 3 3 5 1 
-4 24 5 0 -3 -4 -4 -4 
-2 -11 -5 3 -2 -3 -2 -1 
0 -4 -3 -1 0 3 2 -2 
-1 2 11 0 -3 -1 -3 -1 
-3 -11 -22 -6 -1 0 2 0 
1 5 7 1 -3 -1 -3 -4 
1 -1 1 3 -2 -2 -3 -4 
-2 13 -2 10 2 -2 -4 0 
1 -2 10 0 -4 -3 0 2 
-3 -2 -16 -10 -6 -1 -2 -3 
-4 -23 -34 -3 3 0 2 -3 
2 0 33 7 1 1 1 3 
-3 5 5 -15 -6 -1 0 -5 
-1 0 27 9 -2 -5 -1 3 
-4 7 -25 -10 -1 -1 -2 -10 
2 -11 -13 4 3 -1 -1 -5 
0 -2 -2 1 1 1 -3 8 
-3 -8 15 0 -4 -1 -1 -7 
-2 12 -31 -5 -4 -4 -5 -1 
-3 -6 -4 -3 -2 -1 -1 -3 
1 14 5 14 3 1 3 6 
4 18 6 -23 -3 0 1 2 
-1 -1 1 8 0 -1 -5 -2 
-1 0 10 -10 -3 -3 -4 -2 
-1 -10 -15 -7 -5 0 -2 -9 
1 6 -8 9 2 0 -2 0 
1 7 33 1 -1 -2 0 -4 
-1 -7 -18 -1 -1 -1 0 3 
-3 8 34 8 2 3 1 -4 
0 -8 6 -4 3 -1 4 2 
-1 -8 20 4 1 0 -5 -7 
-3 -7 -6 -3 -3 0 1 7 
0 -4 -21 -14 -9 -7 -4 6 
-5 8 -1 3 0 1 -4 -16 
8 -23 -21 -3 -2 -1 2 5 
-4 -14 -9 -5 2 -2 -3 -9 
-2 1 -7 2 -5 -3 -1 -12 
-4 -2 -4 -8 1 -1 1 3 
-3 -3 3 1 -1 -2 0 1 
1 18 19 -1 -2 -1 -9 -11 
-1 -16 -15 1 4 2 6 1 
1 -11 15 10 2 3 -3 2 
-4 15 -19 -3 -2 2 1 2 
0 -4 11 -2 -5 -2 5 5 
-4 1 -44 0 0 -4 -9 -7 
5 17 4 -6 -3 -2 -1 1 
-4 -10 10 5 5 0 -1 0 
0 -3 -4 -9 -5 -3 1 3 
1 9 4 2 -5 -3 -5 -3 
-3 -12 -17 8 1 -3 0 3 
-4 -11 -11 -10 -2 -2 -5 -5 
-2 1 3 -5 -2 -5 0 -3 
2 -3 3 -7 2 -2 -2 -15 
-1 1 -53 -4 -3 -2 -2 -5 
-3 -13 12 0 -3 -2 -2 6 
-5 -20 -17 2 -1 0 -2 -3 
-3 -2 -28 -6 -2 -2 1 11 
1 9 15 1 -2 -2 1 -3 
-1 -5 17 -2 -1 0 3 0 
2 7 -2 -3 -1 1 1 2 
-2 6 -11 0 0 -3 -4 -1 
-3 -17 19 5 7 0 1 1 
-3 2 -12 -3 -3 0 -1 -4 
1 12 10 5 -2 -2 -4 0 
-2 -8 -6 -11 -2 1 2 -2 
-3 -8 -8 1 -1 -3 -5 -16 
2 0 31 2 0 -2 -1 11 
4 6 -21 -3 -1 1 0 -6 
-6 -7 9 6 4 0 -2 2 
-4 -6 -3 -6 -4 0 3 10 
5 0 -9 4 -3 -4 -7 -8 
4 24 -36 3 -2 0 0 2 
0 -4 7 -11 -4 2 9 2 
1 8 26 10 1 -1 -3 4 
1 22 -7 -5 0 1 1 -7 
-8 -24 -7 0 -1 -4 -1 1 
4 5 21 3 -2 -2 -5 -9 
-1 1 3 -5 -3 -2 0 -8 
0 5 -1 0 -1 -2 -4 10 
0 2 3 -2 1 -1 0 -2 
-1 -5 5 -10 -3 -1 0 -2 
0 -4 22 9 1 -1 -1 6 
-5 -8 2 -1 2 1 4 -2 
-4 -9 -10 -20 -5 -1 -4 -15 
1 -7 16 6 0 -4 0 13 
-2 33 10 -9 -4 0 -3 3 
-4 -12 9 0 1 1 0 8 
-7 -18 -4 4 0 -2 2 -19 
2 13 -2 -1 -2 -5 -6 8 
0 -16 -11 3 -3 -2 -2 -8 
1 6 -1 -1 -2 2 3 21 
8 15 44 -3 -3 -1 -7 -17 
-3 -2 3 5 -1 -1 0 -4 
8 -14 39 9 5 2 4 27 
-1 -36 37 3 0 -2 0 -14 
-5 -16 -30 -2 0 -1 1 5 
0 -2 -5 0 1 1 -1 -13 
-3 -3 -10 -8 -8 -4 -1 -3 
-6 6 -20 -5 -4 -6 -4 3 
6 2 91 11 1 1 2 33 
-10 -11 -4 -2 2 0 2 -45 
-2 7 -12 -1 1 0 0 16 
4 -6 -4 -1 -2 -3 -6 -9 
-6 -1 -32 -1 -2 -3 -12 -13 
5 1 0 4 5 2 7 13 
3 2 8 1 -3 -1 -10 28 
-2 9 -12 -9 -6 2 8 -20 
-2 2 -19 -1 2 -3 2 3 
2 0 2 -2 -2 -2 -1 26 
-8 -7 -26 -8 -1 -2 -3 -45 
4 14 7 5 2 0 -7 4 
-9 -2 -11 3 1 -2 -1 -36 
5 24 11 3 -1 -3 -3 40 
8 -37 41 10 3 2 2 20 
-9 -2 -12 -10 -3 -3 7 -19 
5 -14 -32 -1 -2 5 5 51 
-8 0 4 -4 -5 -1 -5 -48 
3 -5 11 -4 -5 -5 1 34 
-9 -4 -79 -11 2 -2 -18 -22 
2 2 5 1 0 -2 1 7 
4 -5 19 11 3 1 -4 3 
-2 3 14 -2 -1 0 3 -2 
-10 4 8 -1 -1 -2 -2 -29 
-8 -10 -12 -12 -3 -3 -6 -19 
8 1 0 -4 -4 -2 -5 27 
0 15 -14 2 -4 -3 -2 -33 
6 33 11 -3 -7 0 2 17 
-3 -15 11 -4 -5 -1 0 2 
-8 -9 -56 0 1 -3 -3 -16 
-6 -19 -12 -7 0 -2 -8 -13 
1 7 -23 8 5 2 1 4 
6 9 27 2 1 1 1 18 
-6 -11 -15 -12 -8 -4 5 -16 
-4 -6 -44 -7 -7 -2 -11 -11 
5 30 28 1 9 2 2 19 
-3 -3 52 10 -8 1 0 -17 
-5 -21 14 5 6 1 -2 4 
0 8 20 19 1 -1 4 -4 
-2 -43 32 8 -2 -5 1 1 
-6 7 -82 -11 1 -2 -5 -9 
5 21 47 -8 -4 1 1 5 
-3 14 -41 1 1 0 2 -3 
-2 -20 53 3 -2 -4 -7 -9 
-2 -13 -14 4 1 -2 -3 4 
-1 5 1 -12 -15 -6 -4 6 
-5 -12 -21 -8 7 8 4 -13 
-1 -6 1 2 1 -2 0 6 
4 20 -9 -11 -13 -2 1 3 
-5 -4 30 10 6 1 -8 -15 
5 -10 5 3 7 4 3 -15 
3 2 -12 -8 -6 0 3 12 
-6 -4 16 -1 2 -5 7 -23 
5 3 -22 -5 1 -5 -9 35 
-10 24 -10 -6 -3 -3 -6 -35 
-14 -31 -1 0 0 -6 -12 -10 
4 17 -5 9 4 4 3 9 
-1 -13 -17 3 0 5 4 -41 
-5 -2 -11 -12 -4 -7 -11 36 
3 -4 -9 -5 -3 -2 13 -24 
4 15 19 -8 -9 -6 -3 -17 
16 -24 -9 10 4 2 3 38 
13 34 4 -8 -4 1 -7 -10 
-25 -25 -20 -9 -10 0 0 -22 
2 9 12 10 7 0 -7 4 
3 6 -12 -11 -10 -2 18 28 
-9 -24 -10 5 2 -1 -9 -7 
15 17 -4 -1 -3 0 7 10 
2 -6 0 -1 -1 0 -4 -7 
-12 -15 -5 0 2 0 -8 -20 
7 16 7 -3 -4 -3 2 -30 
-6 -7 -10 -4 -5 -2 2 16 
-14 -9 -22 -2 0 -1 -7 -18 
8 -17 3 -2 3 0 3 21 
-12 -12 -28 -13 -5 -4 1 -9 
18 26 -6 9 2 3 -10 37 
2 12 -4 -11 -7 -4 2 12 
-9 -3 9 2 -3 -4 -6 -15 
-5 -11 -14 -10 0 0 5 1 
-1 6 -13 4 3 2 4 -4 
0 -8 42 14 7 1 0 9 
-6 16 -38 -3 -1 0 2 -5 
0 13 17 5 -2 -1 3 5 
-5 -20 -27 -2 -5 -5 -7 -10 
5 7 31 8 6 0 -2 14 
-7 -10 -25 -22 -12 -8 -8 -25 
0 -4 51 10 -1 0 3 11 
-3 -8 -7 0 -4 -2 -5 0 
3 5 10 3 -2 -3 -3 0 
-1 34 7 0 2 4 2 -4 
-10 -16 3 -11 -6 -7 -4 5 
-2 -4 -34 -5 4 2 3 -2 
-11 -6 -22 -9 -5 -3 -4 -6 
1 6 28 11 5 -2 -3 -18 
-3 2 -1 7 1 3 2 21 
2 2 26 -2 4 -1 0 -13 
4 4 -16 -9 -4 -3 -3 -3 
-23 -21 11 3 1 -2 4 27 
23 13 14 5 0 0 -12 -17 
-16 -12 8 -12 -6 -1 2 -7 
5 -8 -22 0 -3 0 -6 -10 
-6 -2 9 0 -4 0 0 -18 
0 -17 -21 -2 -1 -3 4 16 
17 28 15 6 3 1 2 13 
-11 -14 -12 -7 -2 -2 0 -6 
20 -10 -16 -4 -1 -1 0 0 
-14 14 -73 -1 -3 -3 -2 -5 
5 9 21 3 2 0 -1 -2 
-2 -19 19 2 -3 2 5 8 
-7 0 11 6 0 -1 -3 -6 
5 -20 -40 -20 -5 -3 -2 0 
3 5 9 3 -5 -2 -2 6 
-1 1 -5 -4 -4 -3 -3 -2 
0 5 -14 1 -1 0 -2 0 
-5 19 31 5 1 -1 -2 -4 
-4 -16 -2 -2 -2 -3 -3 5 
-5 -14 -12 -7 1 1 -7 -17 
1 0 8 3 0 0 -3 -8 
0 -1 -1 -10 -4 -3 2 5 
1 2 1 -4 -6 -2 -1 -2 
-1 1 -1 5 4 3 -5 2 
-5 9 -8 -3 -1 -2 -1 8 
2 -3 -1 0 -1 -1 0 -2 
-3 10 29 12 1 -4 -2 0 
-1 -2 6 -15 -5 -1 4 5 
-1 -8 -51 -15 -4 0 -3 -5 
-3 -4 19 6 2 3 3 2 
0 -5 5 -10 -4 0 -3 -2 
-8 6 7 6 4 -1 0 7 
-2 11 12 -5 -5 -3 -4 -8 
-5 -28 -9 -1 -5 -4 -2 -1 
-6 6 -10 1 1 0 -1 -4 
2 -8 -24 -2 2 -2 1 0 
-1 -4 1 -2 6 3 2 -3 
-3 -21 29 9 2 3 0 -7 
5 -9 0 1 0 -4 -3 7 
-1 -6 0 1 -3 -4 0 0 
-2 -4 11 3 -3 -2 -3 -2 
2 13 -3 -2 0 -2 0 1 
-2 8 1 2 1 1 -1 -3 
-1 -4 13 1 -4 -1 -1 -2 
-4 3 -31 -12 -10 -3 -1 -12 
-9 -16 11 1 -1 -1 -1 4 
-9 -4 -19 2 2 1 2 -3 
10 17 9 -14 -8 -2 -9 9 
-1 6 15 7 -2 -1 -2 -2 
3 4 -10 -4 -4 -3 -2 -5 
-4 -2 3 2 0 0 1 -3 
-2 -5 -4 6 4 1 3 0 
2 -8 1 0 0 0 -2 -1 
2 9 -10 -8 -4 -4 -2 2 
7 16 17 -1 4 1 -2 3 
2 16 -3 5 -1 -2 -1 0 
-15 -19 -49 -21 -6 -3 -2 1 
-9 -8 12 2 0 -2 1 -17 
-5 -15 -8 -4 -2 0 -5 -3 
3 7 12 6 1 -2 -2 1 
4 11 27 12 4 0 -1 5 
0 11 -15 -6 -2 0 -1 1 
3 -3 -3 -6 -4 -4 -3 -3 
-1 -5 5 6 3 1 4 3 
1 -1 8 -2 0 -1 -2 -2 
3 3 0 2 1 -3 -4 1 
6 9 7 -1 -1 -2 -2 1 
-7 -23 -33 -2 -3 -2 -1 -2 
-10 4 -9 -8 -3 -3 0 -4 
7 -7 -5 -5 -3 -1 -3 0 
1 -7 -1 -2 -3 -3 -3 -1 
-2 11 -5 -4 -4 -3 -2 -5 
0 3 21 4 1 -1 -1 2 
-3 -1 4 4 2 -1 -1 2 
-2 0 -9 1 1 1 2 -3 
-2 2 -11 -8 -3 -1 1 -3 
5 7 -4 2 2 0 -1 -4 
4 12 16 10 3 2 8 3 
-10 -5 -18 -17 -9 -4 -2 16 
-8 -47 -21 -5 -6 -1 0 -4 
2 -8 -3 -2 -1 0 -4 3 
0 1 -9 0 1 0 -2 -5 
0 16 6 5 3 3 0 -6 
5 16 17 2 3 1 1 1 
2 -7 34 1 -4 -4 0 0 
-2 3 2 -2 0 3 -1 -2 
0 1 -10 -8 -5 -1 0 -3 
-3 0 9 1 -3 -3 -4 0 
-1 -11 -19 -7 -1 0 -1 -5 
-5 -2 -12 -10 -4 -1 -4 2 
-2 -9 3 3 -4 -3 -4 -6 
1 6 -4 -4 -2 -1 -1 -1 
-3 -2 5 6 3 -2 -1 -1 
-2 -2 -9 -9 -6 -3 1 2 
1 -12 19 3 2 0 0 -4 
-1 6 11 1 3 0 -2 -5 
-1 -8 0 -3 -2 -4 -1 -1 
2 7 10 7 1 -3 -1 2 
-3 -1 -21 -6 -2 -1 0 -3 
0 -9 8 -5 -3 -3 -2 -3 
-1 -11 4 2 0 0 0 1 
-9 -4 -15 -8 -6 -2 -4 -7 
0 -4 19 4 1 4 4 3 
2 10 4 3 -1 1 0 2 
1 -12 -4 3 -1 2 1 1 
1 -1 2 4 -1 -2 -2 -1 
-1 -4 -11 -1 -1 -3 -3 -5 
9 4 -2 3 2 0 0 -2 
1 2 9 5 2 0 -2 -2 
-3 -7 -5 -14 -2 1 -1 4 
-4 11 -5 1 -4 -2 -5 -2 
-8 -17 -12 -5 -3 -2 -4 -9 
-3 12 -5 -1 -2 -2 3 -1 
9 -18 -2 -1 3 0 -3 7 
-2 -9 -10 -4 0 -3 -3 -6 
-3 10 3 1 0 -1 0 3 
-1 -1 -2 1 0 1 -1 -4 
-4 12 2 -1 -1 -2 -1 -2 
0 -7 5 -2 0 -1 -1 2 
-1 1 -1 3 1 -1 -1 -3 
-2 -2 -9 -11 -4 -3 1 -2 
-1 6 34 11 1 0 1 -1 
-4 -10 -33 -10 -4 -1 -3 -5 
-3 -7 -18 -8 -2 -1 1 1 
1 -3 0 -2 -4 -2 -2 0 
1 1 7 8 3 1 0 -1 
4 5 10 5 0 -1 0 -2 
0 -6 1 1 -1 1 0 1 
-1 -7 4 3 1 0 -3 1 
-4 -2 -15 -3 -1 -3 -2 -3 
0 11 16 2 -2 -2 -2 -2 
-1 -23 -13 -6 -5 -2 0 1 
-2 13 -13 -11 -7 -4 -4 -4 
-3 -1 -5 -1 -3 -2 -3 -3 
-2 -9 -15 -4 2 3 2 -2 
-4 -7 3 7 4 3 1 3 
7 4 -34 6 0 0 -1 -2 
-4 8 5 -4 1 1 0 0 
-3 -3 -15 -10 -6 -5 -4 -1 
0 0 -3 -6 0 -2 -5 -2 
-6 -4 -5 -1 0 2 -1 -2 
0 5 0 3 0 0 0 -1 
2 3 10 5 0 -1 0 2 
-4 3 1 -1 -1 -1 0 -2 
-2 -4 6 -1 -1 -1 -1 2 
-1 -3 -7 -2 -1 0 0 -1 
-3 -1 7 0 -2 1 0 -3 
2 6 1 2 0 0 0 3 
-1 12 19 1 0 1 -1 -13 
3 14 -2 -2 -8 -3 0 6 
-6 -26 -29 -11 -3 -2 -3 -2 
-6 -5 0 5 -1 -6 -6 -5 
-3 -13 -2 -8 0 -2 -1 3 
-1 -8 4 -2 -4 -2 -1 -2 
9 56 23 8 3 2 3 3 
-6 -49 -18 6 4 -1 0 -1 
-7 -34 -9 -11 -1 0 -2 -2 
-10 -39 -30 -13 -11 -2 -2 -3 
-2 5 6 0 -10 -5 -3 0 
5 24 15 -1 -4 -1 2 -3 
4 29 21 4 6 0 1 3 
3 3 0 1 5 0 2 -1 
1 -1 -16 -4 -2 1 1 1 
3 18 11 0 1 0 -1 1 
1 0 -4 1 -3 -1 0 4 
-1 0 0 -3 -1 -3 -3 -2 
-3 -11 -5 2 -2 -1 -2 -3 
-2 -2 -20 -6 -3 -1 0 -2 
1 3 4 -2 -5 -3 0 -3 
2 1 -6 2 1 -2 -2 -3 
-3 -8 7 0 3 -2 -2 -3 
-2 7 18 0 -2 -1 0 -1 
-9 -6 -44 -8 -5 -3 -2 -2 
-1 -1 8 3 -2 -4 -1 -1 
3 -14 2 -5 -1 -1 -3 0 
1 15 16 -4 -2 -1 -1 1 
-3 3 8 1 0 -1 -1 -2 
1 -2 -2 2 2 1 1 -2 
-3 -10 -9 0 -3 -1 0 -1 
2 -7 -14 1 2 0 -3 -1 
3 15 28 1 -1 -1 -1 -1 
-10 -22 -23 -12 -8 -5 -4 -4 
-4 -24 -33 -2 0 2 -1 1 
-1 -11 17 3 4 2 2 -1 
1 -2 8 7 1 -2 -2 -1 
2 16 8 1 3 1 -2 3 
-3 0 0 0 0 -2 -3 -3 
0 4 -8 -2 -2 -4 0 -1 
0 1 -2 -1 -3 -2 0 -1 
2 0 3 2 1 -1 -2 -2 
3 16 15 5 0 -2 0 -3 
-1 0 13 5 -1 1 -2 2 
-8 -13 -31 -15 -6 -2 -4 -7 
-3 -14 -21 -5 -4 3 2 5 
-1 -1 5 -5 -5 1 -3 3 
1 17 2 -2 -4 -3 -2 -5 
3 6 13 7 0 -2 -1 -2 
-2 0 3 2 3 -3 -2 -1 
-3 -9 3 1 2 0 2 -3 
-3 3 -5 -3 -3 -1 -1 0 
1 -7 7 3 1 0 1 2 
0 2 -1 -1 0 -1 -1 -4 
1 13 10 -2 1 -1 2 -1 
3 8 2 -1 0 0 0 0 
-1 -6 1 2 -1 -4 -5 -3 
-4 -43 0 -7 -5 -4 -2 -3 
-5 -3 3 -4 -3 -5 -4 -3 
-4 -4 -11 -5 -2 -1 0 0 
4 9 11 4 3 2 1 4 
0 20 13 3 1 2 1 -1 
0 -4 0 0 -2 0 -1 1 
-3 -7 -4 -4 -1 -2 -1 -1 
2 -1 5 3 -1 -1 -1 0 
-1 6 -7 0 -1 -2 -3 -2 
-2 -5 -5 -1 0 1 1 -1 
-1 4 -8 -4 -4 -3 -3 -2 
-2 -13 -10 -2 -2 -2 -3 -1 
-1 5 3 1 1 1 0 2 
2 -3 0 -2 -2 -1 0 1 
-1 -14 -7 -3 -1 -3 -3 -3 
-4 4 -1 -1 -1 -1 -1 -2 
-3 5 0 -3 -2 -1 -2 -2 
-1 1 4 1 -2 -1 -2 1 
-1 -5 -4 -1 -1 -1 0 -3 
-3 -2 -6 -4 -1 1 2 -1 
0 11 7 0 -1 -1 -1 -2 
2 1 6 3 -2 -1 -1 0 
0 1 -11 -4 0 -2 -2 0 
-1 -16 3 4 1 0 -1 -2 
-2 6 6 -4 -2 -2 -2 -2 
0 12 5 -5 -1 -3 0 -1 
-4 -1 -10 -13 -4 0 -4 -1 
-1 -4 13 2 1 -1 0 1 
1 -1 -14 2 1 -1 -2 1 
1 0 -30 2 3 -3 2 -1 
-1 13 15 2 -1 -1 -2 0 
1 4 0 -1 -3 -1 -1 0 
-4 -20 -9 -2 -4 -2 -4 -4 
-3 -6 2 1 -1 1 -2 -2 
-1 -1 -8 -6 -3 3 2 -3 
0 4 6 1 -3 -2 -1 -1 
2 0 -7 1 1 0 -2 -3 
-2 1 -1 -1 0 0 -2 -1 
-5 -8 8 3 -3 -3 -5 -3 
-2 -7 6 0 0 -1 -2 0 
-3 5 -12 -10 -6 -4 -2 -2 
0 -5 -1 0 -2 -1 -1 2 
1 1 3 -3 -2 0 1 0 
1 6 -7 -1 -2 -1 1 0 
-3 -2 6 2 0 -3 -1 -1 
-3 -8 -16 -4 1 0 -1 -1 
-2 -8 -3 2 0 2 0 0 
0 5 -2 -1 -2 -1 0 0 
4 10 10 3 1 3 3 0 
-1 -12 10 -3 -3 -4 -2 -3 
-4 -15 -6 -1 -1 -2 -2 -3 
-3 -2 -14 -7 -2 -1 -3 -5 
1 0 5 1 2 1 -1 -1 
-4 -3 17 2 4 2 0 0 
-1 -1 4 -1 -2 -2 -2 -1 
-2 -4 -2 0 2 -1 -2 -1 
-1 -6 -3 1 -1 -2 -1 0 
1 2 -3 0 -1 -2 -3 -4 
1 10 18 -1 0 -3 -1 5 
-1 -17 -16 -6 -5 -2 -3 -5 
-1 12 -12 -7 -4 -1 -1 -4 
-5 -24 13 5 2 0 1 2 
-5 -9 -13 -1 0 0 0 -1 
2 14 11 1 0 -2 -1 2 
1 11 12 1 1 0 -1 1 
-4 -22 -23 -6 -7 -2 -3 -4 
2 8 11 3 -1 -2 -1 1 
-6 -26 -5 -1 -1 0 -1 -1 
-4 6 -4 0 -1 -1 -2 -3 
-1 13 7 -1 2 1 -2 2 
-1 -3 -14 2 -2 -1 -2 -4 
0 14 11 -12 -6 -2 -2 -2 
1 -19 -7 1 -3 0 2 2 
-3 -5 -14 -6 -2 -3 -2 -3 
-2 -5 -5 -1 0 -1 0 -2 
-1 8 -3 6 2 -1 0 2 
-3 -2 13 0 -1 -2 -2 0 
0 6 5 0 -1 1 -2 -1 
-1 3 -6 0 -2 1 0 -1 
1 1 5 -1 0 -1 1 -3 
1 0 -4 -4 0 -1 0 -1 
1 7 -4 -1 -2 -4 -1 -3 
1 38 10 -1 -3 -2 -1 -1 
-3 -26 -3 -1 -5 -3 -3 2 
-11 -39 -30 -4 -4 1 -2 -3 
-2 -4 -18 -5 -2 -1 0 -2 
-1 -20 10 3 1 0 0 1 
2 15 5 3 2 -1 1 -1 
4 15 9 3 2 -1 -1 -1 
0 8 4 -2 -1 -2 -2 -1 
1 0 -7 -4 -1 -1 0 -1 
-2 0 -7 -3 -4 -2 -2 -1 
-3 -6 4 -1 -1 -1 -2 -3 
1 4 2 -1 -2 0 0 1 
0 -4 -8 -2 -2 -4 -1 -3 
0 -1 5 -2 -1 -3 -3 -2 
-1 10 -16 -4 0 -1 -1 -3 
-1 -6 9 3 3 0 0 0 
-5 -10 -13 -9 -3 -1 0 -2 
-6 3 -5 -3 -1 1 -1 -2 
-1 6 -2 -4 -3 -2 -1 0 
1 9 -4 2 -3 -2 -2 -4 
0 -19 1 1 0 0 0 0 
0 2 -9 -2 0 1 0 4 
-3 1 6 3 0 -2 -4 -3 
-1 -7 -4 -3 0 -2 0 -1 
-4 -7 -3 -1 -2 -4 -2 -2 
-1 -6 -1 -1 -2 0 -1 -1 
-2 0 -11 -5 -3 -1 1 3 
2 16 8 1 -2 -1 1 0 
-1 -13 12 2 1 -1 -2 -2 
-2 5 -23 -3 0 -1 -3 -1 
1 -6 4 -2 1 -1 -2 1 
0 6 7 -2 -2 -1 -1 -3 
-2 9 -9 -8 -4 -2 -2 -1 
-1 -7 5 2 -1 -1 2 0 
-5 -18 4 -1 -2 -1 0 -2 
-2 6 -3 -5 -4 -6 -2 -2 
1 5 8 3 2 0 1 -1 
-5 -5 6 1 -2 -1 -1 0 
-1 -3 -16 -7 -2 -2 -2 -3 
-2 -10 -4 -2 0 -1 -2 -1 
-5 1 2 0 0 -2 -1 -4 
0 9 -10 -3 1 0 -3 -1 
3 1 7 -3 -2 -1 -2 1 
-1 4 -1 0 -3 -3 0 1 
4 -2 4 1 1 -2 0 3 
0 -16 7 -1 -1 0 1 -1 
-8 -20 -15 -2 -2 -4 -2 -3 
-2 -11 -1 0 -1 0 -1 -1 
-1 5 -1 1 -2 -2 0 1 
2 7 2 -2 -1 -1 -1 -2 
4 8 5 4 1 -1 1 0 
-2 -4 1 -1 -2 1 -2 -3 
-3 -3 -13 -7 -3 1 0 -2 
0 -4 10 -3 -3 -4 -2 0 
-1 1 5 0 2 -2 -2 -2 
-2 -10 -10 -3 1 0 -1 -1 
1 3 -4 -1 1 2 -2 1 
-1 -1 -6 0 -1 1 0 -2 
0 -1 2 1 -1 0 1 1 
-1 2 9 3 0 -2 0 -2 
-3 -1 -7 -2 -1 -3 -2 -4 
-1 -1 -5 -1 -1 -1 -1 -1 
-1 7 9 1 -1 0 -1 0 
-1 3 -1 1 2 0 -1 0 
-2 0 -5 -4 -2 -2 -3 0 
-5 -2 -1 3 2 1 -1 -1 
0 -9 8 4 2 0 -1 1 
0 -10 -15 -8 -6 -5 -2 -1 
4 18 0 3 -2 -1 -1 -3 
-1 -22 4 -5 -3 -2 -1 -2 
-3 -6 -11 -3 -5 -3 -3 -3 
-3 -8 -3 1 1 0 2 0 
-1 0 4 0 -1 -1 1 1 
2 11 -5 0 1 0 -3 -1 
1 8 9 0 1 -2 0 -2 
-1 0 4 -1 -2 -1 -2 -2 
-3 -5 -6 -3 -4 0 -3 -3 
-2 10 6 -3 0 -1 -2 -2 
