#EMG
#4
#ID:4-8
-3 -6 5 0 -2 -1 0 1 
-1 -1 -3 -4 1 -2 -5 -7 
2 6 -13 0 -3 -3 1 -8 
-2 3 13 6 2 0 0 26 
-1 -5 30 -3 -1 -1 2 -23 
-1 -9 -2 -3 0 -2 -3 -1 
0 6 -1 -3 0 0 -3 -6 
3 -4 2 -5 -3 -2 2 20 
-2 11 4 3 -1 -3 -8 -2 
-5 -10 -9 -6 -4 -2 7 2 
-3 -42 -10 -1 -2 1 -7 0 
-3 2 -13 -3 -4 -1 -2 -17 
-1 -2 -16 -2 -2 -2 -1 1 
1 7 11 5 1 -1 0 -3 
-1 13 2 -8 0 -2 2 2 
2 1 15 0 -2 -1 1 -6 
-2 -16 -29 3 1 -1 -4 -6 
1 -2 2 -5 -1 0 -1 18 
-8 -2 -2 1 0 -2 -2 -28 
-1 -1 -5 -6 -2 0 -4 -12 
2 4 9 6 0 -1 3 16 
-1 1 -6 -6 -2 -1 1 -1 
0 -3 1 5 -1 -1 2 10 
-3 -1 4 0 2 -1 0 0 
0 -3 -1 -4 -4 0 -3 -4 
-3 -8 -9 -2 0 1 0 -5 
-1 13 15 3 1 2 2 -8 
6 18 2 -4 -2 0 -1 20 
3 5 -8 -2 2 1 0 16 
-6 -42 -24 -1 -2 -2 0 -10 
1 9 -8 -6 -2 -1 -4 9 
-1 -9 2 2 -2 0 3 17 
-6 8 3 -3 0 -1 -7 -39 
2 8 6 1 -2 1 0 3 
-1 1 4 -2 -1 0 1 -11 
-5 -2 -6 -3 -2 -2 -6 -5 
2 -4 2 -2 0 1 2 13 
-3 5 2 6 2 -1 -6 -9 
2 -2 -4 -7 -4 -3 -1 3 
-9 -6 -8 0 -4 -3 -1 -15 
-4 1 6 -1 0 -1 3 -5 
-1 -12 -3 -3 -3 0 1 10 
1 9 2 -2 -2 -2 0 9 
1 -5 3 -2 -4 -5 -4 -5 
-2 -5 -6 -2 1 1 1 -1 
1 5 14 6 -3 -3 1 29 
1 17 2 -5 -4 1 -3 -19 
-4 -21 -11 2 3 1 -2 -3 
-3 1 31 -4 -4 -2 0 0 
2 19 -2 -10 -3 -3 0 -4 
-3 -3 1 1 -1 -2 -2 0 
-1 -3 -7 0 -1 2 2 1 
2 0 3 11 5 2 0 14 
-4 1 3 -3 -3 -1 -3 -12 
5 2 -5 -4 -8 -3 -2 9 
-3 -1 -7 -8 -4 -3 -1 -14 
-3 -13 -19 -9 -4 -3 -3 6 
2 4 14 0 0 -2 -5 1 
-5 -14 -18 3 5 -1 -1 -33 
6 6 2 4 2 -2 0 21 
5 11 5 0 -2 -3 4 14 
-4 -12 1 7 3 1 -8 -14 
-5 -11 -2 3 0 0 3 16 
0 9 0 -3 -4 -2 1 -7 
-3 9 17 4 1 0 -4 -29 
-1 -17 -24 -8 -2 1 2 0 
-1 -9 -36 -4 -3 -3 -1 14 
0 -5 2 -4 -3 -1 -8 24 
-3 -4 -14 -3 -1 0 1 -16 
-2 1 5 0 0 -2 -3 -21 
2 17 13 -2 0 3 -2 -2 
0 -8 44 11 -1 -2 3 -9 
-1 -16 -13 -3 1 3 11 9 
-12 4 6 1 -4 -5 -8 -11 
4 -2 14 1 -2 -2 -12 4 
-6 9 3 -3 -3 0 -1 -18 
3 -4 -12 -1 -1 -2 -1 14 
-2 -12 -5 -3 -1 0 15 -20 
2 -1 4 1 -2 -1 -3 16 
-4 11 -17 -13 0 -1 -8 -18 
-9 -12 3 7 -1 -2 -4 -42 
0 9 -38 -13 -1 2 1 15 
0 10 -4 -6 -6 -2 3 8 
-3 -19 11 10 3 0 -4 -16 
1 -4 4 3 -2 -3 4 24 
4 4 5 2 3 -3 0 12 
-3 -10 -1 -5 -2 -1 -10 -20 
2 19 -26 -7 -1 -3 9 11 
1 -7 -6 7 2 1 -12 0 
0 1 11 -9 -11 -2 3 17 
-5 -8 -8 -14 -13 -5 -6 -24 
-6 -12 -5 6 1 -2 0 -4 
-2 -9 -13 -11 -1 -3 -4 0 
4 6 11 7 4 3 3 11 
-8 -6 -2 6 4 -1 4 4 
0 2 -13 1 1 2 -1 -21 
2 16 3 -5 -4 -3 0 23 
-4 -16 -44 -1 4 0 -4 -15 
-5 8 18 3 3 1 -6 17 
-1 -10 -22 -1 -4 -2 -14 -24 
0 1 -15 -2 1 1 -2 7 
-2 5 -5 1 -5 -2 2 -15 
3 11 26 10 3 -1 3 26 
-2 14 8 7 2 -1 5 -13 
-1 -10 -13 -20 -8 -2 -2 7 
3 -21 43 6 -6 -3 -3 2 
2 -4 17 -2 -2 1 0 -12 
-3 -11 5 -7 -1 -2 -3 0 
1 25 6 13 7 0 6 18 
-5 7 20 -1 2 -2 -7 -4 
-3 -23 -23 -18 -10 -5 1 0 
0 2 -1 8 -1 2 6 12 
-11 2 0 -5 -3 -3 -5 -37 
4 -1 32 -2 -4 -3 -11 10 
-5 2 -6 2 5 0 -3 -11 
-1 7 -2 -9 -3 -1 -4 -13 
7 -8 12 1 -3 -1 10 28 
-3 -9 -17 0 0 -1 -1 2 
-7 14 54 -7 -5 -5 -3 -36 
4 -9 -12 7 -1 -2 -4 30 
-7 -7 -4 1 -3 -4 -5 -9 
2 14 -1 -8 -4 0 4 -5 
1 -10 -16 7 3 0 3 8 
-1 -7 -51 -5 -3 -5 2 17 
-3 -8 10 3 -1 2 0 -22 
3 -1 10 3 2 -2 0 10 
-2 2 15 -3 1 -2 -5 -5 
1 -4 65 -3 0 2 2 -2 
-5 -20 -37 3 1 2 -1 3 
4 -3 -9 -17 -6 -3 -9 -3 
-5 4 -68 6 -2 1 7 7 
-3 -6 45 10 2 0 -4 -8 
-4 4 9 0 -5 -1 -3 2 
-9 1 -3 8 2 -1 5 -26 
4 4 -24 -15 -3 -2 -2 -19 
0 -17 -5 -2 -2 -1 3 29 
1 8 1 4 -1 1 -3 -18 
-5 -8 -26 9 -1 -1 2 14 
0 -27 8 -1 3 -2 -14 -28 
0 8 -8 -7 -3 0 13 16 
4 4 57 1 -2 -5 -14 -1 
3 -3 55 1 3 2 7 13 
-6 -23 -22 7 1 0 7 -1 
3 16 14 -6 -1 0 -2 -3 
-2 6 -12 -4 -3 -1 -1 3 
-7 -7 -40 -12 -3 -1 -1 -12 
4 3 30 7 2 -1 -1 16 
0 -22 -22 -8 -2 -1 -4 21 
-10 7 -59 -11 -4 -1 3 -30 
4 -19 -38 -7 -3 -1 -3 -5 
1 30 19 1 2 1 8 -6 
-1 -6 -9 1 -1 -3 -13 1 
-3 -5 5 -4 -4 -1 0 -13 
-8 15 4 1 -1 -2 1 -26 
3 -21 31 6 1 0 -12 22 
-4 -12 -1 -3 -2 -2 6 -14 
0 -12 -33 -8 -3 -2 -3 4 
-4 -16 8 11 5 3 3 -1 
3 -1 1 1 1 2 4 -3 
-7 17 6 1 -3 -4 -7 -20 
6 6 74 -1 2 2 5 18 
4 -4 14 7 -1 0 0 31 
-8 -12 -25 -7 -3 -2 -2 -21 
-1 4 -8 2 -1 1 -1 -8 
-4 -5 -67 -11 -5 -4 0 -2 
4 27 26 9 11 -1 -6 2 
-2 -18 -61 8 9 6 3 13 
-2 -8 -16 -23 -17 -5 -2 -8 
-5 -17 -32 -6 -6 -6 -5 -5 
3 7 -48 -33 -5 -5 -6 -2 
1 13 0 0 -28 -4 -2 14 
2 6 5 9 7 1 1 -9 
4 9 45 6 -1 0 -1 8 
1 2 48 28 16 6 2 -3 
2 4 57 0 11 0 2 3 
1 -1 -2 -5 1 0 -1 0 
0 -13 30 -12 -6 -5 -2 -2 
-1 5 3 -2 -11 -4 -1 -5 
2 -1 -16 8 1 2 1 5 
1 19 42 15 6 0 -2 -4 
-5 -15 -7 -1 6 3 1 3 
-7 3 -24 -7 -9 -4 0 -27 
-4 5 -33 -16 -7 -2 3 7 
9 0 -17 -4 6 -3 -7 20 
3 14 15 14 4 0 4 20 
3 -2 -18 -11 -8 -1 -3 19 
-3 -8 12 -7 -1 -3 0 -12 
-4 -14 -6 -5 -5 -3 -7 -9 
3 11 36 3 2 1 -1 -2 
-2 5 -22 -12 -8 -3 1 -3 
-3 -4 8 2 5 0 4 1 
0 6 7 1 -1 -1 -1 -6 
11 11 -10 -4 -7 -2 -7 49 
-1 -2 -4 -1 -2 -3 -3 -9 
8 14 14 -3 -2 -4 -2 1 
-13 -24 -14 -7 -3 0 6 -13 
-1 -17 -11 7 1 0 -2 17 
-3 5 3 11 3 2 -3 -28 
13 4 -2 -9 -3 -3 -2 16 
-4 8 6 -2 -2 0 0 -8 
-9 -2 -5 2 7 1 0 -13 
0 -24 -21 -7 -3 0 -1 10 
-6 -18 -5 1 -3 -3 3 -8 
-1 7 1 -6 -4 -3 -4 0 
-5 -4 -18 -7 -4 -3 -2 -20 
1 -1 -13 4 -1 -3 -16 -29 
-2 7 -4 0 4 1 3 5 
-6 -7 53 11 0 3 6 -20 
1 2 19 -3 -3 -1 1 28 
-9 -22 -57 -19 -8 -3 -1 -11 
-2 0 33 0 -2 -1 -2 -2 
-4 -9 -44 -2 2 -1 1 -2 
0 11 -10 -3 -2 -1 4 -22 
-4 2 -13 -7 2 1 0 13 
-4 -7 44 13 1 -1 -8 -5 
2 25 -14 -13 -4 -1 11 0 
2 -18 -5 -7 -9 -1 -12 -6 
3 13 17 3 1 -1 1 17 
-1 20 4 -1 -1 -4 -7 -14 
1 -25 -1 -3 2 4 11 15 
-7 4 -20 3 1 -5 -6 -17 
-10 -6 4 9 4 -5 -14 -7 
-6 -5 66 8 1 2 5 43 
24 37 -14 -10 -8 -1 -1 8 
0 -13 6 0 -2 -4 5 -8 
-3 -12 -17 0 -3 -2 5 5 
-6 5 -85 -21 -9 -7 -10 -15 
-6 1 -15 10 3 -1 4 1 
0 10 6 -7 2 3 -8 -17 
6 16 3 -7 -7 -2 2 10 
-7 -26 -8 3 1 0 -2 -12 
-1 -9 -23 -1 -1 -2 7 17 
-6 20 -54 -8 -1 -4 -14 -34 
-6 -17 -5 6 3 5 6 -7 
8 -4 -56 -7 -2 -2 3 39 
-4 -2 49 2 0 -1 -13 -44 
-5 8 -29 6 3 1 10 3 
-1 -14 13 -4 -1 -3 2 10 
0 4 -26 -2 -2 1 1 -13 
-7 -18 9 3 7 1 -7 -2 
1 2 30 5 1 -1 6 11 
4 17 10 -7 -10 -1 0 -19 
-10 2 31 4 -2 0 5 5 
1 -8 28 6 2 2 -2 4 
-1 -9 -24 0 -2 3 3 3 
-6 -8 -8 -8 0 0 -1 -6 
-2 -9 3 -8 -2 -1 -4 -9 
-7 -5 -31 -7 -4 -1 -1 -1 
-2 -4 -10 -5 -2 -5 -6 -10 
4 10 27 8 4 4 0 43 
-2 -5 0 5 -1 -4 -8 -24 
-6 4 28 1 -2 -1 1 -2 
0 -11 29 0 -4 -1 0 8 
-5 -10 -12 0 -2 -5 2 -15 
-1 23 -20 -9 -1 1 2 -14 
1 -11 -21 3 -5 -8 -18 17 
1 -2 -2 -6 0 0 3 -7 
5 6 21 0 -1 -5 -6 7 
1 -11 -11 -6 -1 1 4 2 
0 9 -1 -1 -4 -2 3 5 
-9 -17 18 0 0 2 2 8 
14 -1 -11 4 0 -3 3 -3 
1 9 3 6 2 0 -8 -11 
3 -2 -25 -5 -4 -2 -4 0 
-7 -1 22 11 -1 -3 2 6 
-5 9 -9 -25 1 -3 -6 -8 
2 -1 4 7 -8 -4 -1 15 
17 0 -8 -13 -8 -4 -1 -32 
-23 12 30 8 -2 -1 -6 14 
4 -18 -25 -1 -4 -2 -5 -22 
-7 -8 -77 -9 4 -1 -4 -4 
-7 -9 -20 -5 -2 -5 -11 1 
18 9 -5 -8 0 2 7 3 
-6 11 6 8 3 4 4 -3 
3 4 27 4 0 -2 -2 -3 
-8 -25 -29 -6 -2 0 7 18 
7 1 38 1 0 -1 -2 -14 
-2 7 10 -3 -3 0 -3 22 
2 -6 15 5 0 0 3 9 
-6 7 -36 -7 -6 -1 -2 -7 
-1 -20 -26 7 4 -3 -6 -9 
5 11 0 0 -5 1 1 3 
0 -8 27 1 -1 2 2 2 
-1 18 22 7 5 4 2 10 
-6 -2 -10 -3 1 -3 -7 7 
-1 -12 13 3 0 4 3 -11 
-3 -5 -39 -10 -3 -4 -3 -11 
-7 11 -8 -6 -3 -4 -5 -1 
7 -4 -27 -4 -3 0 0 -3 
-2 0 30 13 3 1 3 11 
1 -2 9 -7 -7 1 -4 -16 
10 20 75 14 7 2 3 12 
-9 -6 -1 -6 -5 -6 -10 -32 
-4 -1 10 6 -2 -2 -3 -6 
-3 4 16 -13 -1 0 -1 6 
5 -12 -29 -3 -1 -2 -5 -14 
-18 -4 -19 -2 1 1 10 -2 
0 -2 15 -2 -1 -5 -8 5 
-3 18 9 -6 -3 -4 -3 -7 
0 -8 17 -2 0 1 3 4 
8 -7 -23 -3 -2 1 -3 -7 
-4 12 -23 -5 -1 -1 2 -7 
2 -8 6 2 1 0 4 18 
-6 -3 -6 -2 -2 -3 -3 -10 
2 -5 -7 0 0 -1 -3 3 
-5 9 -10 8 0 -1 -2 -3 
2 0 -12 -13 -4 1 -1 1 
-4 -13 22 7 1 -2 -5 -10 
2 8 -6 -7 -2 0 2 1 
1 -5 4 -1 0 0 0 6 
-1 1 -2 5 1 -3 -4 -4 
-4 -7 -31 -3 -2 -2 0 1 
5 10 13 6 2 -1 1 7 
5 -8 12 -4 -4 -3 0 22 
0 10 22 4 -2 -2 4 -14 
-10 -26 -16 -9 -5 -1 -3 3 
1 -12 -7 5 -1 -4 -2 -4 
-1 -3 6 -6 0 0 -2 5 
2 -10 -1 3 -2 -3 -7 -1 
2 12 4 1 2 -1 1 -1 
5 5 4 -3 -2 -2 0 7 
-4 -3 -14 -4 -3 -1 2 -8 
-3 -3 1 3 2 1 0 0 
4 18 8 5 -3 -2 -2 -6 
-1 8 20 5 -3 0 1 -3 
-13 -14 -41 -6 -2 -2 1 -1 
4 -17 -15 -13 -4 -2 -6 11 
1 -4 0 -4 -3 -1 0 4 
-2 -7 -6 -4 -4 -3 -4 -3 
0 13 8 -1 -1 -4 -2 -9 
-4 -4 -6 4 4 0 2 -1 
-1 15 -3 1 -2 0 0 1 
1 6 1 -4 -2 1 -1 1 
-2 -7 4 1 0 -2 0 -10 
-5 4 -9 2 1 0 -2 -3 
-1 -2 -1 -1 0 -2 -3 -2 
1 -2 -8 -4 0 -1 -2 -2 
-1 -9 -1 -1 1 0 0 0 
2 12 18 5 1 -2 -1 -3 
0 -14 -31 -11 -7 0 1 2 
-2 5 -79 -16 -7 -4 -4 -2 
3 16 4 -8 -3 -4 -3 -2 
-4 -13 -9 0 -5 -2 -4 -11 
-3 1 12 5 1 0 -2 4 
-4 -7 0 1 3 1 3 1 
1 3 3 -1 -1 0 -4 -5 
1 6 5 3 0 -2 4 22 
-7 -6 -9 2 1 1 -1 -34 
1 6 31 -1 -4 -3 -6 3 
-3 -12 -4 0 -2 -1 -3 -14 
0 -8 -4 -3 -2 0 0 23 
0 16 16 -6 1 -2 -2 14 
-3 -22 -15 2 2 1 3 1 
-5 1 15 -2 0 -1 1 -5 
-8 -25 -27 -9 -4 -6 -8 -28 
-5 -6 -7 -1 -3 -2 -1 3 
0 9 17 2 1 1 -1 -11 
3 0 2 6 2 1 1 7 
1 9 19 7 0 0 0 -8 
5 20 10 -8 -6 -2 0 -3 
0 -15 11 1 -3 -2 -1 6 
0 -10 1 -3 -3 -1 0 7 
-10 0 -6 -2 -2 -3 2 -10 
-3 -6 -15 6 2 -1 -11 -28 
2 -13 -2 -6 -6 -2 11 24 
1 10 10 3 -1 2 -4 -3 
10 6 -42 -8 -2 -2 1 31 
-3 -11 11 5 0 -2 3 9 
-2 7 -3 -3 0 -1 -5 17 
-8 -8 -13 0 2 -1 1 -39 
0 2 13 0 0 2 3 9 
-3 -13 -12 -1 -1 -4 -4 -3 
1 9 5 -1 0 -3 -3 -6 
1 -3 4 1 -2 -2 0 13 
-3 9 7 3 1 -2 -5 -13 
6 2 0 0 2 1 2 15 
-2 13 37 6 -6 -4 -5 -18 
-4 2 -21 -11 -5 -7 -5 -3 
-6 -16 -31 -5 4 2 1 -6 
0 -13 -7 -2 1 -1 1 12 
-1 -4 -10 1 3 -1 -2 -10 
4 9 11 1 -3 -2 -2 2 
2 4 7 -2 -3 -1 -2 -5 
2 -7 2 1 2 0 2 9 
0 12 -2 -6 -1 0 -2 -4 
-2 -8 -10 -3 -2 0 1 3 
-2 1 10 3 -2 -2 -2 -11 
-2 4 0 0 -1 1 1 -3 
0 11 -22 -9 -6 -3 -4 -7 
-10 -19 0 7 8 5 4 -20 
5 -11 4 -1 -4 -4 -9 53 
-10 -9 -17 -20 -9 -3 -4 -43 
-3 -25 -15 -2 -3 -1 -2 9 
-1 6 5 -1 -1 -2 1 -3 
1 15 17 6 2 0 4 -10 
0 6 -1 3 0 0 -2 11 
-5 0 3 0 -2 -2 -1 -13 
2 -2 0 -1 -3 -1 -1 7 
-1 -3 4 -1 -2 -4 -2 -13 
1 7 4 0 0 0 -1 8 
0 2 3 -1 2 -1 -2 -6 
1 6 -16 -1 -2 -1 -1 7 
0 -7 22 1 1 2 2 -2 
-1 7 -47 -16 -8 -6 -4 0 
-7 -24 -8 -6 -2 -2 0 1 
-4 -9 -11 -1 -3 -2 -3 0 
-2 4 3 1 -2 -1 -1 -14 
2 10 22 8 2 0 2 4 
0 3 5 1 0 1 1 0 
1 4 2 -3 -4 -3 -4 5 
-3 -1 5 -2 -3 0 2 -9 
-4 -5 10 2 4 1 -1 2 
1 3 -3 2 2 0 -2 1 
0 -7 6 1 1 2 3 -1 
-2 -8 7 -2 0 -2 1 -9 
-1 -7 -8 1 1 -2 -5 9 
-4 -6 -3 -1 -1 -3 -3 -28 
1 2 6 -2 -3 -2 -2 -2 
-2 6 -16 -4 -2 -1 -3 -1 
-2 -3 6 -4 -3 -1 0 -3 
0 3 12 2 0 0 0 1 
-5 -5 3 1 -1 -4 6 -7 
2 3 -9 -5 0 2 -8 15 
-1 7 31 9 2 0 -3 0 
1 -9 -36 -7 -5 -2 -2 9 
1 -11 -21 -10 -4 -3 -2 -2 
-2 15 -3 -8 -2 -2 2 -10 
-1 -7 -1 5 -2 -2 -1 2 
0 6 11 0 2 0 2 22 
0 1 0 3 0 1 -1 -9 
0 -2 9 -1 0 0 1 0 
-3 -2 -9 -2 0 1 -1 -6 
-3 3 -6 -3 -3 -3 0 -2 
-1 -1 5 -4 0 -2 -5 6 
-3 7 -3 1 -2 -1 -3 -5 
-2 2 7 0 1 -2 1 -2 
-1 -8 8 6 1 -2 2 -5 
-7 0 -33 -12 1 3 -1 -4 
1 5 -16 -7 -11 -6 -9 -14 
-1 -21 -7 -2 0 0 2 3 
2 16 11 -1 -3 -2 -2 0 
4 -4 13 8 2 -3 -2 4 
-7 -1 -13 0 1 -1 3 -1 
-4 0 0 -3 -3 -3 -2 -6 
-2 -1 1 1 2 1 -1 -3 
3 9 8 1 -3 -1 0 3 
0 -10 -1 0 -1 1 -1 -5 
2 3 7 1 -1 -1 -2 4 
-5 -27 -31 -5 0 -2 -1 -4 
3 8 3 1 -2 -1 0 8 
-7 -12 -10 -6 0 -2 -4 -13 
5 17 7 -10 -4 -3 -3 -1 
0 2 9 1 -1 1 2 2 
-2 -6 1 3 -2 -2 -4 -3 
1 0 7 6 1 0 1 10 
-1 1 0 1 -2 -2 0 -1 
0 0 -2 -6 -2 -2 -4 -5 
-2 -2 2 -1 -2 -1 -1 9 
-1 4 9 1 -1 0 4 -3 
-3 -9 -12 -1 -3 0 2 -3 
6 22 23 6 0 1 1 6 
-12 -14 -4 -8 -1 0 0 -36 
0 -14 -38 -7 -8 -7 -9 22 
-2 -39 30 1 3 3 2 7 
-1 -1 5 -2 -2 0 -1 3 
2 14 9 1 1 -2 0 3 
1 -2 19 3 2 3 3 -5 
-1 8 -12 0 -1 -2 -1 -1 
-3 6 -3 2 -2 -1 -2 -5 
2 -3 4 -2 -1 -1 -1 10 
-2 -6 -8 1 -1 -3 -1 -5 
0 7 -6 0 -1 -2 -4 -1 
-2 -2 0 -3 0 0 -2 -16 
-1 -1 -17 -6 -4 -1 0 9 
-3 0 8 0 -3 -2 1 -2 
1 13 -5 -2 -1 1 -3 -6 
2 -19 -2 -4 -3 -5 -5 -3 
-2 -7 -2 -3 0 -1 -1 0 
-5 -7 -2 2 2 -2 -2 -6 
-1 -1 -11 -4 0 -1 1 1 
0 9 0 0 -2 -3 -2 1 
0 2 6 6 1 1 -2 5 
2 2 11 0 -1 -2 5 -8 
4 3 -12 -2 -1 0 -1 33 
3 -8 -14 -3 0 1 0 -7 
-10 -6 -15 -4 0 -1 -4 -9 
-3 -5 5 2 2 3 1 1 
-1 1 5 -3 -5 -3 1 0 
-2 -5 8 -3 -5 -4 -3 7 
-1 -5 -4 2 -1 0 -2 -3 
3 3 1 -1 -1 0 -2 0 
-4 -15 -10 -1 0 0 -3 -14 
-5 -3 -10 -4 1 0 1 2 
2 5 0 -2 -1 -3 -2 -2 
-3 6 -1 -1 -2 -1 -4 -4 
0 4 2 5 0 0 6 -4 
-2 2 6 1 0 1 -4 -9 
-1 -14 -6 1 -1 -2 -2 6 
-1 -1 -14 -11 -2 -2 -1 -1 
3 3 5 -1 -2 -1 -3 26 
0 -1 4 2 0 1 5 -14 
-5 -11 6 5 0 0 -2 -3 
-3 0 -16 -5 -1 -3 -2 -5 
-4 -6 -6 -3 -1 -4 -2 -13 
1 8 8 4 -1 -2 2 11 
0 -3 -3 2 -1 1 0 2 
-1 5 6 1 -2 -2 -3 4 
0 2 -8 -5 0 0 -3 -7 
1 13 1 -3 -3 -2 3 20 
-2 -4 -2 -6 -6 -2 -5 -16 
-2 -7 -8 -1 -2 0 -3 -1 
-1 -4 -5 -1 -2 0 0 -5 
-1 -2 0 2 0 -1 -1 -11 
3 2 8 2 0 -1 3 7 
1 3 3 -2 2 1 1 0 
-5 4 5 2 -1 -1 -2 -8 
-9 -3 -8 -7 -2 -2 -4 -4 
-1 2 -3 -5 -1 -1 2 1 
-1 -12 -4 3 1 0 -3 -3 
-1 -2 2 1 -1 -3 -1 -11 
-1 -5 -8 -4 -3 -3 -1 2 
1 4 1 -2 -3 -4 -2 3 
1 0 8 0 -1 -2 -1 -3 
0 -10 12 4 -1 0 -1 24 
-7 -11 -28 -5 0 2 -1 -39 
6 15 -44 1 -2 -2 3 2 
2 -7 -2 -7 -3 -2 -3 24 
-6 -11 -7 -2 -2 -6 -8 -7 
-2 -1 17 -1 -1 -1 -2 12 
-2 -11 3 -1 2 -1 -2 -4 
0 13 1 0 -1 -2 1 -10 
0 3 0 1 3 0 1 -6 
1 -2 -2 -3 -1 -1 -1 2 
-3 7 10 -1 4 0 1 -4 
0 8 -8 0 -1 -2 -1 -2 
-9 -18 8 -2 1 0 1 1 
0 -6 -18 -3 -5 -5 -4 -25 
-2 -4 -12 -12 -5 -1 -7 2 
1 -2 3 0 -1 1 -1 -2 
0 11 -1 -3 -3 -4 -2 -10 
-1 0 9 2 1 -2 0 13 
-1 18 14 0 -4 -2 -2 1 
-3 -13 -3 0 -3 0 -1 -8 
3 5 -1 0 1 1 2 -6 
1 -14 4 2 -1 2 -4 7 
1 0 4 1 -1 -4 -1 8 
-4 -9 3 -1 -1 -1 1 -13 
0 21 7 -3 -4 0 2 14 
0 -29 -10 -3 3 1 -2 8 
1 -5 1 -4 -2 -2 1 2 
0 -1 0 0 0 1 -1 7 
0 -1 -6 -2 -2 -1 -4 -7 
4 15 -5 -2 -2 -1 -2 29 
-5 -2 5 -1 -2 -1 -1 -30 
1 6 -2 0 -2 -4 0 2 
-1 -13 -8 -1 -2 -1 -2 -12 
-3 -1 4 -1 -2 0 -1 0 
-2 -18 22 4 3 3 2 9 
-4 0 -12 -6 -3 -2 0 0 
-2 -6 -6 1 1 -1 -3 -4 
0 3 9 -1 -2 -3 0 -4 
1 7 -42 0 -2 -3 -2 0 
-3 -6 -3 -6 -4 -3 -6 -9 
-5 -26 -11 4 0 0 0 0 
-2 11 -4 -1 -1 -4 -3 -7 
-3 14 12 -1 2 0 0 -6 
2 -15 1 -1 -1 0 2 15 
1 12 -3 -4 -2 -3 -5 -2 
-4 2 -8 0 0 -3 2 -5 
1 -12 4 -1 -3 -3 -1 9 
-6 4 10 2 1 0 2 -6 
4 9 12 0 1 0 5 25 
-7 3 -11 -4 -2 -1 -9 -42 
0 -6 -3 -4 -6 -3 -7 5 
-4 -14 2 -5 -2 0 -1 -14 
-1 4 0 -4 -2 -2 1 -1 
-1 0 5 4 3 -1 4 12 
-1 0 -3 1 0 -3 -3 -4 
-2 2 -3 0 -1 -2 -4 -7 
0 0 -8 -3 -4 -3 -1 -7 
1 -11 19 0 0 -1 -3 -1 
0 -4 0 -9 -2 -1 -2 2 
0 5 -2 -1 -2 -3 -5 -3 
1 -12 -5 -3 -2 -1 1 -2 
-1 5 -1 -1 -2 0 -1 -1 
-3 2 2 2 -2 0 -1 11 
-2 2 -5 2 1 -1 0 -3 
-4 1 -4 -1 -2 0 -3 -8 
2 0 -2 -1 -4 -4 -3 -2 
0 1 5 1 1 0 4 11 
2 3 26 -7 -3 -2 -2 -10 
-5 0 -40 -3 0 1 0 -9 
-2 12 3 -9 -4 -2 -6 2 
-6 -36 -3 -1 0 -1 -3 -7 
3 4 11 5 2 1 3 14 
0 3 4 1 -1 0 -1 -3 
0 -2 -6 0 -1 -2 2 -2 
1 12 -5 -3 -3 1 1 -2 
