#EMG
#5
#ID:5-1
-1 1 -15 2 -1 0 -1 -10 
-6 26 17 2 1 -4 2 -20 
8 2 7 5 2 0 -3 4 
0 -15 -2 -8 2 1 0 12 
-4 3 12 5 0 0 1 -4 
-1 -15 -9 -3 -4 0 -1 8 
-6 9 4 9 4 0 -3 -22 
-1 0 -6 -8 -4 -1 -5 11 
-6 -1 -22 0 -4 -4 3 0 
-12 -4 -3 -10 -9 -6 -6 -6 
11 -9 14 6 2 0 -4 0 
3 9 7 -7 -4 -2 -2 3 
-6 -14 -15 6 9 1 1 6 
7 10 30 4 2 1 1 -5 
-6 -10 7 1 -2 -1 -1 2 
0 -6 34 2 -1 -4 -2 -10 
-2 -12 -4 -16 -11 -1 2 -1 
0 15 0 1 2 -2 -4 0 
-10 -16 -10 -11 -4 -1 4 25 
-7 23 -31 -18 -12 -6 -11 -62 
3 -2 -4 6 3 -3 -1 4 
9 -9 -10 3 4 2 0 15 
-4 12 25 3 2 1 0 -10 
-11 -2 -34 -12 -7 -3 -3 2 
4 -13 -9 -3 -4 -3 -4 12 
-2 -8 -12 0 1 -1 -2 -24 
-1 26 0 3 2 1 -1 -11 
0 -6 5 -3 3 -1 2 20 
2 7 -11 -1 0 -2 -1 -4 
-3 -19 -8 3 1 0 -1 11 
-3 -9 18 -5 -8 0 3 -6 
-1 -8 -10 -9 -2 -2 -4 0 
0 -1 8 4 0 -2 -2 -2 
0 11 -4 2 4 0 -1 0 
1 13 -2 -4 -3 -2 -4 -4 
1 -8 -6 8 -3 -2 1 3 
-2 1 4 -5 2 1 4 25 
2 15 4 -3 -2 0 -3 -22 
2 -4 18 0 -3 -2 0 15 
3 -7 -18 2 1 3 0 3 
-7 0 8 2 3 1 -1 -26 
4 -1 1 -4 -5 -4 5 16 
1 -5 -11 -6 -2 -3 -8 -3 
-3 14 3 3 1 0 0 2 
6 -5 11 17 7 2 1 2 
-7 1 0 -1 7 5 1 0 
-12 -14 -27 -21 -22 -7 -4 -21 
-2 -9 4 -5 -1 -3 -1 12 
6 15 9 -16 -13 -5 -3 12 
0 -18 24 14 0 -2 5 -1 
5 13 24 7 15 5 -1 -15 
1 3 10 7 4 2 7 -5 
1 19 33 2 1 1 -3 -6 
6 13 -8 11 7 -1 1 7 
-1 -29 -26 -16 -6 -2 -2 5 
-2 -1 -22 -15 -11 -4 -2 1 
-6 -15 -4 1 0 -1 -4 -12 
-4 10 -27 -7 -12 -4 -7 6 
-2 -1 2 3 6 0 0 -12 
-2 28 -70 3 5 -1 3 -21 
2 -25 8 10 4 2 -1 38 
-6 -19 5 -4 -4 1 3 2 
3 9 -28 -11 -7 -2 0 11 
-13 -10 -2 -10 -7 -7 -8 8 
-11 19 -48 -7 -3 -3 4 -40 
-1 25 17 -6 -1 -2 -6 6 
8 -28 4 14 10 -1 -2 -7 
6 6 19 -19 -8 -2 2 25 
3 -9 -19 -10 -5 -2 -2 -6 
-9 -36 -5 3 0 0 2 -1 
-5 19 5 13 2 -3 -7 9 
-3 -2 34 17 6 3 2 -14 
0 -9 6 -3 -5 -1 2 6 
5 10 -70 -14 -3 -2 -2 11 
-8 20 8 4 -2 -1 -6 -33 
9 -8 -9 7 1 0 -1 4 
0 -7 -8 -8 0 0 3 -4 
-6 -13 2 4 -2 -3 -6 -15 
-2 4 -18 -8 -5 -5 -1 21 
-5 -17 30 11 1 0 -1 -4 
-6 -5 -12 -12 -2 0 0 -7 
-5 -8 -11 3 1 0 -6 -16 
-3 2 7 -1 -3 1 9 25 
-3 -6 16 2 -4 -1 -4 -25 
8 -20 7 2 1 -1 -3 6 
0 23 0 -6 -2 -2 -1 -11 
-7 -17 1 -8 2 -2 3 -4 
3 -16 -2 4 3 0 -3 23 
-10 -1 -56 2 -5 -4 -4 -7 
3 -2 10 -4 2 1 0 1 
0 12 10 4 -4 -1 -5 -17 
5 10 3 3 3 1 6 13 
-12 -25 -19 -10 -8 -7 -5 -16 
-4 -8 19 1 1 0 0 12 
2 10 -21 -1 0 0 4 1 
0 -9 5 0 -4 -3 1 -2 
-5 13 18 5 5 4 4 -23 
1 -15 6 -8 -7 -5 0 28 
3 22 14 -1 1 0 -14 -14 
-7 0 -9 -1 -2 -2 -5 -16 
-5 -3 -35 -7 -6 -4 -2 -13 
10 16 44 1 3 3 8 -1 
-7 -11 -19 5 0 -2 -7 10 
3 8 58 -6 4 1 -6 -5 
11 -15 -7 -16 -11 -2 9 3 
-9 -5 8 0 -3 -2 -9 -4 
1 5 41 5 0 -1 7 6 
-6 0 -3 19 10 5 1 -4 
-1 1 -11 -4 2 -2 -5 5 
-4 -8 -12 -12 -11 -5 -3 -17 
-5 -13 -13 -7 -2 -4 -3 -8 
1 -5 -18 -8 -8 -3 0 5 
-2 -5 65 8 6 4 0 2 
3 -9 -27 3 -2 -4 -3 7 
4 23 44 0 5 5 6 -2 
-7 -11 11 -2 6 -2 -2 -9 
0 9 -45 -23 -22 -8 -6 22 
-10 -13 -52 -2 -1 -3 -3 -11 
8 8 16 3 2 0 3 4 
7 -10 19 15 12 1 1 1 
-3 16 43 23 12 6 0 0 
6 -6 4 -10 -17 -3 -2 0 
-3 -14 -16 -33 -18 -6 -4 -9 
-2 8 8 2 7 0 -3 6 
-2 3 17 16 7 0 -2 1 
3 7 10 2 -3 1 1 -3 
-5 -4 -9 4 3 3 6 -16 
15 23 -30 -10 -9 -2 -1 16 
0 6 2 11 17 4 0 11 
-8 -13 -2 5 12 2 2 -8 
5 -4 -17 -5 -15 -7 -7 -13 
-8 -7 -23 -14 -7 -2 13 8 
2 6 7 2 -3 -2 -13 6 
5 12 15 -3 0 0 -1 3 
-6 -8 -4 9 6 3 2 10 
-4 -7 -10 -5 -9 -3 -2 -11 
1 -7 3 -5 -8 -5 -4 -4 
-4 10 -36 -5 -1 -2 -3 -1 
-6 -19 -5 0 8 0 1 5 
-4 18 28 -22 -9 -5 -8 -13 
-6 -7 -45 -10 1 -1 -4 8 
-4 -8 3 -6 -10 -1 1 -57 
8 -9 7 15 4 0 -3 35 
-4 18 -11 -4 0 2 3 -2 
-4 -6 -14 -14 -7 -5 -13 -21 
8 22 10 -2 2 -1 3 40 
-12 -3 -14 -5 -4 -4 -6 -58 
-13 -28 1 2 -4 -8 -12 -17 
-15 5 27 15 9 2 2 -65 
8 -6 5 8 4 3 3 83 
-6 3 -12 -16 -9 -2 -6 14 
2 -2 -13 4 2 -1 2 -2 
0 -7 -11 -7 -3 0 2 -13 
15 -13 52 12 0 1 3 7 
7 15 4 19 11 1 1 -8 
1 -52 -72 -29 -17 0 -5 -20 
-31 -9 23 2 -11 -2 -4 20 
0 13 -32 -16 -3 -4 7 -5 
-5 -16 -8 15 14 1 9 41 
16 -2 -28 0 -4 -1 -13 1 
19 10 47 7 -9 -2 7 -9 
4 -15 -12 -7 1 0 1 -3 
-36 22 4 -8 -8 -8 -15 -55 
-8 -10 -52 -15 -2 -4 -11 7 
13 28 30 7 6 4 5 17 
-13 -23 -19 2 1 -3 -2 -14 
16 -8 -16 -1 -2 0 5 12 
-5 17 23 9 -2 -2 0 4 
9 0 -14 -9 -2 2 1 8 
-3 11 13 -2 -1 -1 1 -2 
-7 9 12 2 4 4 0 -4 
-6 -5 24 -4 -7 -3 -4 9 
1 -33 5 22 0 -4 4 4 
-6 -4 5 -8 7 1 -3 -20 
8 -13 -9 -8 -7 -5 -3 5 
4 27 -9 -6 -4 3 2 3 
5 21 -7 -17 -13 -8 1 5 
-10 -19 -31 -6 1 3 -6 -9 
4 -17 -5 -15 -13 -4 -3 15 
-2 -9 14 24 17 2 8 -4 
-6 -20 -54 -7 12 2 1 8 
-6 32 35 3 0 -2 -7 -8 
3 -3 -8 3 7 -1 3 -4 
-2 -13 2 -9 -5 -4 -2 -3 
-2 10 5 13 -3 -4 -3 0 
0 10 4 11 2 -1 3 1 
4 -9 -44 -10 -12 -2 -9 -6 
-30 28 24 3 0 -1 1 -5 
30 3 23 0 7 0 -5 17 
-34 -15 31 31 5 4 17 -24 
18 9 16 -39 -16 -7 -15 15 
-7 -37 -18 2 -4 -2 -1 -1 
5 -1 39 3 9 -1 2 15 
31 17 -4 4 3 -4 -7 -2 
-20 17 -14 -9 -7 0 9 -11 
8 -10 -5 -1 -3 -4 -3 7 
-16 4 -4 -11 -3 3 -7 -16 
4 -1 -13 1 -7 -8 -5 -10 
4 -37 27 29 4 5 1 7 
14 5 27 -2 1 3 1 3 
-11 -7 -52 -10 -8 -2 6 -14 
-7 9 -1 -7 1 -2 0 -7 
-4 -2 1 -8 1 0 -10 -18 
-4 -1 1 22 7 0 12 27 
9 -6 -3 -15 -6 -3 -10 -2 
-12 -24 -12 -12 -8 -2 -2 11 
-7 -27 7 -4 -8 -5 1 -9 
9 13 11 -8 1 -1 0 -14 
5 0 2 5 -3 -1 -10 4 
-14 -8 -20 -21 -7 -8 -8 1 
-2 11 17 26 12 4 2 2 
-12 13 -1 -11 -5 -3 -6 -33 
-6 -25 -42 -14 -8 -4 -1 13 
-11 4 -10 23 5 -2 -14 -63 
20 15 -5 -16 -7 -1 2 28 
-1 24 21 -4 5 -1 -2 16 
-7 -33 -2 -2 -5 -1 5 -1 
-11 -12 -6 -3 -3 1 3 -2 
-16 4 -5 10 2 -1 -12 -25 
1 -7 19 7 -3 -2 2 -10 
1 7 -6 -1 3 -1 -6 -1 
7 -1 30 -2 0 0 1 21 
1 -10 -29 -5 -3 0 3 -10 
13 1 0 -7 -3 1 -5 27 
-4 11 5 17 9 1 6 6 
2 -24 34 -18 -7 -2 -2 15 
-19 15 1 -11 -2 -2 -1 -72 
14 -6 1 8 5 2 -3 18 
4 -3 82 7 -2 -1 6 11 
3 -41 -26 14 4 3 0 21 
11 15 -6 -5 3 -1 5 -2 
-33 -44 -3 9 5 3 0 -11 
0 26 -12 -1 -10 1 1 -11 
4 28 -69 -14 -8 -4 -8 1 
6 -21 19 2 -2 2 6 22 
-4 -3 -38 12 2 -3 -7 -19 
-6 1 -48 -18 2 1 5 7 
3 25 42 -1 -3 0 -2 3 
-2 -13 -7 3 -2 -1 2 8 
5 20 -59 -12 -10 -4 -1 1 
-4 3 13 -2 -4 -3 0 -3 
11 -9 67 -2 4 1 -1 -8 
-4 22 24 7 13 0 -5 18 
1 18 31 -4 -12 -2 -2 -5 
-12 1 18 18 8 0 1 -8 
7 11 25 -12 8 2 2 -6 
2 -20 -60 -10 2 1 3 15 
2 17 49 8 3 0 -1 -2 
0 2 17 -14 -40 -2 -2 -5 
-3 2 -5 3 1 -8 -4 -2 
2 -14 45 2 2 1 0 10 
2 5 -1 4 8 0 1 -1 
-3 -2 -9 1 22 3 -2 -3 
-3 -3 4 7 -11 -2 -3 -3 
-3 32 -62 -4 -3 -4 2 -25 
-1 -41 -17 -14 -8 -4 -1 15 
-6 4 6 0 -2 -3 -2 -19 
3 3 -27 3 1 -2 -8 9 
7 1 -4 -4 -6 -1 9 -5 
-9 -5 -2 -10 -13 -4 -11 9 
4 7 -4 0 7 1 -15 -32 
5 1 -75 -5 -3 0 -1 -5 
-3 11 14 3 -3 0 9 27 
5 -8 4 -6 1 -1 2 -30 
1 -10 1 9 5 1 4 40 
-21 3 -14 -13 -11 -2 -4 -14 
4 4 9 -10 -13 -6 -10 -11 
11 10 15 6 3 0 5 0 
-7 -19 -36 -8 3 -3 -5 -8 
1 0 12 13 9 4 4 -7 
2 1 8 4 -1 -2 -5 29 
-11 -24 -4 -11 -9 -4 -3 -10 
-5 -2 -3 3 6 -1 -2 -8 
2 -28 -12 -4 -4 -2 1 13 
-7 18 26 -15 -6 -2 -7 2 
3 -28 -28 1 2 -1 -3 -6 
13 -12 8 15 -3 -2 2 8 
-29 -13 -18 -21 0 -2 0 1 
1 -1 15 12 9 0 1 -1 
20 31 3 -1 -10 -1 1 1 
-3 10 2 -4 5 -4 1 2 
12 4 8 16 -13 0 -4 8 
0 -9 -39 -3 -3 -2 -2 -7 
-7 3 -6 1 11 2 2 5 
0 14 4 -5 9 4 1 5 
1 16 -5 -5 -6 -6 0 -4 
-2 -14 40 10 2 -1 -3 13 
-6 -2 10 0 -3 1 0 -22 
-8 4 -19 -12 -5 -1 2 -5 
11 27 -44 -6 -4 -4 -6 -7 
-2 -28 -9 7 -3 0 -4 14 
-12 33 -9 1 -2 -4 -1 -3 
-5 -19 4 -6 -5 -4 -1 -14 
-3 1 11 -2 -1 1 -1 5 
0 -16 -60 -10 -6 -2 -2 -12 
-2 -5 10 -1 0 -4 -4 10 
-1 -4 -22 -9 -7 -3 -1 -19 
-3 3 29 -8 -1 1 -4 13 
-5 -6 13 7 1 0 -1 -4 
-9 -14 -6 -3 1 0 -2 -3 
5 5 -8 -5 -7 -3 1 2 
-2 -8 1 3 4 0 1 -4 
1 -1 13 6 5 2 1 0 
0 32 -13 -11 -2 -1 0 -6 
-9 -26 10 -7 -6 -3 -6 5 
5 -5 -7 -8 -9 -1 1 25 
-6 -1 -6 3 1 -3 -3 -25 
3 -7 13 6 2 2 5 5 
3 14 5 3 0 -1 -6 6 
3 -16 6 1 3 0 1 -2 
-1 -1 5 10 3 0 2 4 
0 -25 -3 -2 1 -1 -3 -2 
2 17 5 3 -6 -4 -1 15 
-18 -29 -78 -2 -6 -4 -3 -41 
-11 -22 -19 -21 -2 -1 -1 0 
12 -8 14 -7 -6 -3 -5 15 
0 -3 -6 6 5 4 2 20 
4 13 12 4 4 0 2 1 
-4 -2 -8 1 0 -2 0 -7 
-2 2 -1 0 3 1 -1 -10 
3 11 -4 -2 -5 -1 -1 0 
-2 1 21 15 7 0 -1 -6 
-8 8 21 -18 -5 -1 -1 -1 
-1 -2 -10 1 -7 -5 -2 11 
-4 -8 10 -1 -4 -2 4 -8 
5 1 -2 -8 0 0 -6 -12 
6 7 15 7 3 3 2 4 
-2 2 -1 3 2 0 -1 1 
-4 -4 1 -7 -1 0 1 0 
1 3 18 5 1 2 4 5 
8 24 16 10 2 -2 -1 3 
-10 -39 -11 0 -2 -1 0 -6 
-9 -28 -25 -4 -4 -4 -2 9 
-6 10 10 3 1 -3 -2 -16 
-1 0 -4 -12 -5 -4 -10 -7 
2 13 8 -2 -5 -3 3 9 
1 1 2 3 5 2 -5 -6 
-1 -9 -4 -6 -2 -1 2 6 
0 15 11 5 0 0 1 3 
0 5 8 3 3 2 -2 -18 
-1 -2 11 -3 -1 -2 0 15 
5 19 33 4 0 3 4 6 
-14 -20 -14 5 1 0 5 14 
3 4 -29 -22 -9 -3 -6 -7 
-7 -27 -27 -10 -9 -4 -6 -9 
-1 -1 -1 2 -1 -2 -2 -2 
0 4 7 1 1 0 1 4 
-2 10 2 5 5 0 3 8 
1 11 7 7 4 2 -1 -11 
-7 1 -8 -9 -4 -5 -10 -22 
-3 -18 -28 0 -4 0 3 -1 
-3 8 12 7 4 1 -1 -16 
5 13 -20 -7 -2 -1 -2 -10 
1 -15 0 5 -1 1 2 21 
-2 -1 -5 -4 -10 -7 -7 -4 
-5 -14 -2 -6 -5 -2 -1 -2 
-3 -7 8 1 -1 -1 -2 -7 
1 5 -36 -5 3 -2 -1 1 
3 8 7 -1 -2 -2 -2 -8 
-1 9 12 6 3 0 7 10 
-1 -8 -31 -3 -2 -2 -7 -25 
4 -6 1 -1 -1 -3 -4 12 
5 33 -28 -19 -7 -5 -7 -6 
-2 -1 10 -1 -1 0 -1 0 
-4 -12 -8 -4 -7 -5 -1 7 
-3 5 50 3 5 2 2 -16 
1 -20 -2 1 1 2 6 6 
-3 -1 -13 -3 -7 -6 -5 10 
0 8 5 1 4 1 -3 1 
2 15 -1 -3 -2 -3 -3 2 
2 -12 17 -2 -2 1 0 0 
-1 16 -18 4 -6 -3 -6 -2 
1 -11 28 19 8 5 7 6 
3 -8 -1 -12 -4 0 -2 6 
-6 -5 -12 -10 -4 0 2 -17 
-9 -18 -25 -7 -2 -4 -11 -17 
-3 -1 5 4 -3 -3 -4 -16 
3 -1 -4 -8 -2 1 3 12 
-1 1 -1 7 1 -1 -3 -2 
4 5 8 1 1 0 1 1 
-3 8 6 -2 0 -1 0 -3 
-2 -8 3 0 -2 -1 -1 -2 
-3 -4 20 12 3 -1 -2 1 
1 18 26 -4 0 0 1 -3 
-2 -10 -23 -18 -12 -4 -2 7 
-7 -17 -27 -3 -3 -6 -4 20 
-5 -10 -19 -15 -8 -4 -8 -22 
0 3 7 2 2 0 -5 1 
5 6 8 0 3 0 3 4 
0 3 6 -1 -5 -2 1 0 
3 7 -1 4 2 0 1 7 
1 -7 -7 -4 1 -2 0 0 
-4 7 11 0 0 0 0 -5 
-1 -8 -11 0 1 0 -1 -9 
0 -5 22 9 10 3 1 5 
0 -8 0 2 -2 1 2 0 
0 -16 40 6 1 0 -2 1 
-1 17 17 10 8 2 1 -9 
7 0 -13 -10 -5 -1 1 9 
-8 -36 -18 -32 -18 -6 -4 1 
-3 15 -7 1 -4 -4 -3 -4 
-2 -4 -6 -6 -4 -2 -3 -6 
-2 5 12 11 4 3 0 -2 
3 9 0 9 8 2 1 3 
3 0 -10 -4 -3 -2 1 1 
-6 -7 -6 -1 -4 -1 -2 -6 
-1 5 1 2 0 -1 -1 1 
-1 -5 -12 -1 -2 -1 0 -9 
0 12 -8 4 7 1 -2 -8 
5 -7 7 9 4 3 0 19 
-5 8 2 -5 -13 -8 -7 -2 
-5 -31 -17 -16 -10 -3 -3 -2 
-4 -1 -5 -6 -6 -4 -1 -4 
-2 -5 -16 -8 -3 -2 3 -1 
4 -2 4 6 5 1 0 -7 
2 16 2 10 9 0 2 2 
-1 -7 -7 -2 -1 -2 -1 -6 
1 9 5 0 -3 -1 -2 1 
-3 -16 -12 -2 0 -4 -3 2 
0 12 24 10 0 1 2 0 
-2 -29 -12 -13 -4 -1 0 11 
-4 6 -6 -6 -8 -4 0 -8 
-6 13 8 1 3 0 -3 -9 
-4 -7 -5 -2 1 -2 -2 4 
1 -1 -13 4 2 1 -1 1 
1 13 7 2 0 0 -2 -7 
2 -12 3 7 3 2 1 0 
3 22 2 -4 -3 -1 -1 5 
-6 -10 -19 -11 -14 -5 -6 -7 
-1 -8 0 -6 -1 1 0 -4 
-1 13 -13 -6 -4 -3 -2 2 
0 -1 -3 8 3 1 2 0 
4 6 4 3 3 0 1 2 
-1 9 -6 -5 -3 -3 -3 -5 
-2 -21 0 3 4 2 3 4 
1 4 -3 3 2 0 -2 -1 
1 6 15 14 10 5 2 -2 
-2 2 -8 -5 -4 -1 -1 -13 
-7 -19 -9 -10 -12 -5 -5 4 
3 -33 -12 -20 -8 -3 -1 0 
-3 1 -12 -2 -11 -7 -4 4 
0 -13 -3 2 4 -1 -1 -1 
2 13 2 1 1 0 1 -2 
-1 7 12 12 6 2 -1 -3 
0 8 10 -1 1 1 0 2 
0 -5 3 1 0 -1 0 0 
-1 -1 -2 -4 -3 -3 -1 -4 
-1 5 1 -1 0 -1 -2 0 
1 13 -16 -6 -1 -1 -2 -2 
-1 -3 8 1 -3 -4 1 0 
1 9 -10 0 1 0 0 -3 
0 -3 -4 3 1 0 0 3 
-6 -29 -12 -11 -5 -1 -2 -4 
-5 -19 -2 2 -3 -4 -4 -1 
-1 0 -1 -9 -3 -2 -1 -1 
0 9 4 7 2 -3 -1 -4 
3 13 10 3 2 0 0 2 
-2 1 -4 -6 0 1 -1 1 
1 -4 7 1 -1 -3 -1 0 
-4 3 -2 -1 -3 -2 -3 -1 
-2 2 5 1 1 -1 -1 0 
-3 -5 -2 1 -3 0 -1 -1 
-2 1 -3 -3 -2 -2 -2 -2 
-2 -4 -1 -3 -1 1 2 -1 
-4 -3 2 8 6 3 2 0 
-3 0 -1 2 3 -1 -1 4 
-1 -3 -4 -23 -8 -1 -2 2 
-7 -9 6 -2 -3 -3 -2 -2 
8 3 -2 -2 -5 -5 -5 -4 
2 -3 -5 3 2 -1 1 -1 
0 -3 2 8 4 0 0 -2 
-1 13 -8 -2 -2 0 -1 -1 
-1 1 5 1 1 0 -1 -1 
-5 -6 -4 -4 -2 1 -1 1 
0 0 2 3 0 -2 -1 0 
-2 -4 -7 -6 -4 -2 -3 -1 
-1 7 -31 1 -1 -2 -1 -4 
0 -7 10 -3 -4 -1 0 3 
1 8 -2 -5 -2 -1 1 -3 
1 -3 -1 12 7 2 5 1 
-1 -1 6 -3 4 0 -1 -5 
0 -8 -15 -36 -15 -4 -5 7 
-7 -23 -7 5 -6 -4 -3 -7 
-3 -20 -4 -6 -5 -3 -3 -3 
-2 0 9 4 -1 0 1 -1 
-1 12 1 8 5 0 -1 -6 
2 5 7 -1 1 -1 -2 4 
3 11 4 1 2 -1 0 2 
-2 4 12 -1 3 2 -1 3 
-2 -9 -3 1 -1 -1 -1 -4 
0 12 -4 2 -3 1 -2 -3 
-4 -5 3 2 0 -3 -4 -6 
-4 15 -5 -12 -8 -5 -4 -3 
-6 -7 -2 -9 -6 -1 1 -3 
3 -4 -7 -4 1 0 3 1 
3 -3 0 -7 -6 -1 -1 2 
-4 19 16 -1 -3 -2 -2 0 
-7 -69 -28 11 0 -3 -4 -4 
-2 -3 1 -4 -1 1 -1 2 
1 13 1 3 -3 -1 0 -3 
2 9 5 3 6 0 0 -2 
6 27 4 -1 -2 -2 -2 6 
-2 -17 -4 0 -3 -2 -4 -1 
-2 4 1 -15 -6 -4 -5 -2 
-1 -19 1 -1 1 -1 -2 0 
0 21 11 8 4 -1 -1 -4 
-3 -11 -8 -1 0 -1 -1 -5 
-1 0 -6 1 0 -2 1 -1 
-1 -14 0 -3 -3 -1 1 0 
1 8 5 1 3 0 1 -1 
-3 5 2 -1 -1 -2 0 3 
-1 -2 0 3 -1 -1 -2 -3 
1 -1 4 18 3 2 2 2 
-6 -4 -3 -16 -6 -1 -1 -4 
2 4 -14 -9 -10 -4 -2 -6 
-4 -30 -10 -3 -1 -3 -4 -2 
1 -14 -7 -9 -3 -5 -1 9 
3 8 5 6 -1 -2 -2 1 
-2 8 8 5 4 4 3 0 
-3 0 -2 -2 -1 0 1 -3 
0 -3 -4 -3 -5 -2 -1 -5 
0 0 4 3 1 -1 -1 0 
-2 3 2 -3 1 -3 -2 -3 
3 20 -8 -2 4 -1 -4 2 
-4 -15 11 3 -1 0 1 0 
-1 -9 -11 -3 -3 -1 -1 -1 
-1 4 4 10 5 2 -1 -2 
2 7 0 -3 0 0 2 0 
-3 9 1 -18 -12 -6 -4 -2 
-3 -5 -11 -2 -3 -3 -2 -3 
0 -7 6 0 1 -3 -1 0 
-2 1 5 5 3 0 1 1 
-1 -1 -5 0 2 0 -1 -1 
-1 4 8 1 0 0 -1 -1 
-3 -4 -4 -3 -3 0 1 -1 
-2 -3 2 -1 -3 -1 0 1 
0 0 -6 -3 -4 -2 -1 -3 
1 8 9 3 2 0 -1 1 
-2 -3 -6 4 1 -2 -3 0 
-3 -3 1 -2 -1 -2 -2 -4 
-3 -10 -8 -7 0 -2 -1 2 
0 6 2 -1 -3 -3 -2 -1 
-1 -2 0 -3 0 0 -1 0 
1 -6 2 2 -2 -1 1 -2 
-1 -1 1 3 -1 -1 0 -4 
1 5 0 -2 0 -2 0 -2 
-2 -7 -3 -5 -3 -3 -2 1 
-4 -6 -8 -3 -1 -3 -2 -2 
-2 1 -3 0 -2 -1 -2 -2 
-2 -4 -6 2 2 0 1 2 
0 -3 -6 -4 -5 -3 -3 -1 
-6 12 0 0 -5 -5 -5 -2 
2 0 12 -5 0 1 -2 0 
-3 -21 -7 -15 -12 -2 -3 -3 
-4 -11 -9 3 1 -4 -2 -3 
-3 -19 -1 2 4 3 3 1 
0 4 -6 1 0 1 -2 -3 
1 5 5 3 5 1 0 -5 
5 7 10 -3 0 1 2 -1 
0 17 1 -3 -2 -1 -2 -2 
-3 -28 -7 0 -1 -1 -1 -2 
1 18 5 0 3 0 0 0 
-9 -29 -8 -10 -6 -2 -3 0 
-3 -14 -11 -3 -4 -2 0 -1 
-1 11 8 12 3 1 1 1 
3 12 2 9 5 0 1 1 
-2 -11 -6 -26 -8 -1 1 -2 
-1 -4 -8 6 -6 -6 -5 -4 
-2 -1 -5 -9 -8 -5 -2 -3 
-3 -2 0 6 -2 -3 -2 -2 
2 13 7 8 6 1 0 0 
-1 -6 4 -12 -4 -1 -1 1 
-2 0 -6 0 2 -2 -2 0 
-2 5 5 -1 0 -2 -4 -2 
-3 15 2 3 4 0 0 -1 
-2 -3 4 -1 0 0 0 1 
-1 12 5 4 -1 -4 -3 -2 
0 -15 -9 -9 -2 -2 1 1 
-1 -11 -8 3 -2 -4 -1 -2 
0 2 -2 -1 -3 -2 0 -1 
1 5 0 -3 -1 2 0 -1 
-1 -2 1 0 -3 -2 -2 -3 
2 11 3 5 -3 0 -3 -2 
-2 -9 -1 -1 -1 -1 1 2 
-4 2 -10 -8 -4 0 -2 -1 
-3 -16 -1 -6 0 -1 0 0 
1 7 1 0 0 -3 -1 0 
4 17 13 16 5 1 0 1 
1 -10 13 -5 1 0 -1 -2 
-7 -18 -27 -9 -13 -3 -3 -3 
-5 -18 -10 -4 -2 0 -3 0 
-2 -1 -8 -9 1 0 -3 -2 
1 8 -1 8 2 1 1 1 
0 8 2 2 2 2 1 0 
1 2 7 1 -2 -2 -1 -2 
-1 -2 -1 1 -2 -1 0 1 
0 -3 -4 -6 -3 -2 -1 1 
0 3 3 -6 -2 -3 -2 0 
