#EMG
#7
#ID:7-4
-1 4 1 9 3 0 1 -2 
1 4 -3 -5 0 1 -3 -3 
1 0 -4 -4 -5 -3 -2 -2 
-1 -5 -4 0 1 -2 -3 -6 
0 3 5 0 1 0 -1 4 
-4 -13 2 4 2 0 1 4 
-1 6 1 1 0 -2 -2 -5 
-3 -7 -3 0 0 -1 0 -4 
-1 -2 -4 -7 -6 -1 1 -4 
0 10 1 0 -4 -1 1 3 
-6 -12 -3 7 -1 -2 -5 -3 
-4 -4 -5 -5 -2 0 0 6 
13 0 -3 -6 -4 -2 -2 5 
0 1 4 -2 1 0 -2 -8 
-1 -5 -2 -1 3 4 2 -2 
-4 0 -3 4 1 -2 -3 -2 
-6 -7 -5 -7 2 -2 -2 -3 
4 5 6 6 1 -1 -1 2 
4 -5 4 -7 -3 -3 0 -4 
-3 -8 -8 -2 -6 0 -6 -6 
-1 -6 -1 9 3 -1 0 1 
0 9 1 -9 -2 -2 -2 -1 
-3 -4 0 -2 -3 -1 3 0 
3 2 1 -3 -3 2 -2 1 
-2 1 2 1 -5 -3 -3 -1 
1 -9 -5 6 4 0 -1 1 
1 2 -4 -6 -3 -2 1 -8 
-3 -5 -8 -8 -3 0 0 5 
-3 1 2 2 -3 -3 -4 -11 
0 1 -3 2 1 0 -1 -1 
1 4 2 2 1 0 -3 7 
-1 -7 -2 -5 -2 -1 1 -1 
-5 -7 0 2 -2 -1 -5 0 
-1 -6 -6 6 1 -2 -3 -4 
-3 -7 -8 -11 -4 1 1 -6 
1 7 5 1 -2 -2 3 6 
0 6 6 0 2 1 3 7 
-4 1 1 -5 -5 -3 -2 -8 
0 -1 -2 5 0 0 1 7 
2 1 2 -1 0 -2 -1 0 
-2 -4 -7 -1 2 2 2 1 
2 -3 5 -5 -1 -1 1 -2 
3 0 -2 -1 -1 -2 -4 8 
-4 1 8 6 2 0 0 -2 
-2 -3 -1 -2 -1 -3 -3 -3 
-1 -1 -1 -2 2 2 1 -4 
0 3 1 0 -4 -4 -2 3 
1 0 -3 -1 2 2 -1 -3 
-1 -9 -5 -1 -1 -2 -3 -5 
-2 5 2 -2 -3 -1 2 3 
-4 -8 -5 -3 -1 -2 -4 -6 
-1 -6 -5 -11 -6 -3 0 -3 
-1 11 5 -3 0 0 0 -7 
-2 -15 -3 0 -1 -2 -4 3 
-9 1 -11 -4 -4 -2 -2 -7 
2 0 -5 1 0 -2 -1 6 
-1 2 0 4 1 1 2 -1 
1 3 3 -5 -3 -2 -4 1 
-4 4 5 5 1 -2 -1 -3 
-2 -12 -3 1 -1 -1 -1 -2 
-5 1 -6 -7 -4 1 2 -1 
1 -2 -2 5 0 -4 -4 0 
-3 -1 3 -1 2 1 -8 -8 
-4 3 -4 -6 -4 -5 -4 -6 
-5 -6 -3 3 -1 -1 -1 7 
-5 2 -5 -1 -3 -3 -1 -5 
2 -13 -5 -4 1 1 6 4 
1 0 5 5 1 -2 -2 0 
-3 -2 -3 0 1 0 -3 -4 
-4 -2 -2 -7 -4 -1 -1 1 
9 10 1 -3 -6 -1 1 1 
-6 6 -2 0 2 -1 -1 -7 
5 0 5 -4 -6 -3 -2 1 
3 -7 -10 -1 4 3 0 -2 
-4 6 -5 3 2 -1 2 0 
2 0 0 -2 0 -2 2 -1 
-2 18 -6 -4 -4 -3 -4 -2 
0 -33 -2 1 1 2 -1 7 
-8 -9 -5 0 1 0 0 2 
3 -3 -9 5 0 1 -2 -3 
-2 -4 -1 -6 0 0 1 -9 
-2 11 -5 -4 -7 -3 -2 -6 
1 -3 24 2 0 0 1 13 
-5 -1 5 -6 -4 -2 3 1 
0 -3 -1 2 -2 -1 -7 -2 
3 12 13 -2 -2 -1 4 2 
3 0 -2 3 -1 -4 -9 -9 
1 -18 -8 3 1 -1 -1 -6 
4 -3 -1 -1 0 -3 0 13 
-8 -3 -16 -18 -6 -1 -2 -10 
-2 4 -1 2 -5 -2 1 4 
-1 9 2 -4 -4 -2 -6 -14 
-4 -6 -8 11 2 1 7 13 
1 3 2 2 2 2 -6 12 
-1 -2 -2 -6 -2 0 1 -9 
-12 -1 0 1 2 0 1 -6 
12 -7 0 -3 -5 -3 -10 -13 
-11 0 -5 0 1 -4 -2 -1 
6 -1 -1 -3 -3 -1 -1 2 
-1 -2 2 2 2 1 -1 0 
-4 4 -1 -3 -1 -2 3 0 
-3 -2 3 9 2 1 1 -13 
2 -4 -1 -5 -4 -1 4 27 
-8 1 -5 1 -7 -1 -10 -38 
-3 -10 0 -8 0 0 3 -4 
4 6 -5 -3 -9 -5 -10 10 
-8 -5 -1 11 2 -3 -6 -19 
8 -1 -7 -11 -4 -4 2 20 
2 16 -2 -6 -3 -2 0 6 
-2 9 12 13 10 5 7 -21 
0 -7 -6 5 2 0 6 5 
-1 7 6 7 5 3 2 34 
-5 -10 1 -8 -9 -1 -6 -22 
-1 -12 -25 -41 -14 -9 -5 8 
-4 5 6 -2 -1 -3 -13 -25 
8 5 9 11 2 -2 5 25 
-6 2 -9 3 0 1 11 -12 
-1 -4 -14 -3 -5 -1 -4 17 
-9 -1 8 0 -1 0 1 -21 
3 -8 -9 -5 -1 -1 4 23 
-1 3 47 8 2 -2 -17 -9 
0 -21 -3 10 1 1 8 18 
1 30 -22 -11 -5 -3 5 -1 
0 -7 4 4 -7 -1 -3 6 
-2 -12 12 2 0 -3 -7 -4 
1 11 28 -1 1 -1 1 -3 
0 -24 22 -15 -7 -4 -2 -15 
-1 22 -1 -2 -5 -3 1 -10 
1 -7 -1 -2 -3 -2 -4 5 
-1 17 -32 12 5 1 3 -25 
0 -8 -41 -14 0 -3 -2 11 
-2 7 51 -6 -3 -2 -4 -11 
-2 -15 -12 -7 0 -2 -1 -7 
0 13 8 2 -3 -3 -3 1 
0 9 11 8 3 4 1 7 
-1 -11 -49 -2 -2 -3 -5 -12 
-5 1 -9 -12 -4 -2 2 2 
0 -17 -13 -5 -3 2 3 0 
1 5 41 5 4 2 -3 5 
-1 -14 -8 8 9 0 -2 -12 
-1 -5 -19 7 -1 -1 4 3 
-5 -1 1 -15 -10 -6 -6 -6 
2 5 64 10 8 -3 -2 -3 
-1 4 -49 -14 -4 1 -1 -4 
-1 -1 -20 10 2 0 -1 0 
3 -17 -9 -7 -7 0 1 -3 
-4 14 -21 5 -2 -2 -3 11 
-3 -15 19 6 9 2 0 -9 
-3 3 35 3 1 0 -6 -1 
3 0 8 4 1 -3 -4 -5 
3 -8 -11 0 2 -1 -1 -16 
-3 -8 1 -1 -4 -6 -2 3 
-2 0 -24 -11 -2 -1 -6 0 
-3 7 22 7 2 0 5 -6 
0 -6 -12 2 -1 0 -10 14 
7 5 -6 -9 -5 -4 1 4 
-12 -3 -9 -5 -3 0 5 -32 
3 5 2 3 3 0 0 14 
1 -8 -18 -6 -10 -4 2 28 
-9 0 2 0 0 1 -6 -23 
1 3 4 2 0 -2 2 8 
16 0 7 5 2 0 4 3 
-8 -14 -28 -8 -2 -1 -4 -15 
6 1 10 2 -3 0 -1 23 
0 9 28 -8 -6 -4 -7 7 
-9 3 2 3 2 1 -4 -14 
2 -11 -15 -7 -4 -1 2 6 
-2 17 -8 -7 0 0 5 -22 
9 -3 -10 -4 0 -1 2 51 
-12 8 -10 -3 -2 -3 -9 -30 
-6 -33 -26 6 2 1 2 11 
-2 -9 23 4 3 4 5 -4 
4 7 13 -2 1 0 4 4 
-1 7 16 6 -2 -7 -4 9 
0 3 -72 -12 -6 -3 0 -10 
-6 17 25 4 -6 -3 -5 -17 
-2 -20 -44 -7 2 3 6 -1 
-1 -7 14 -9 -5 -3 -14 -8 
3 30 58 7 1 -1 -2 -15 
1 15 -33 -9 -8 -6 -4 9 
1 -7 -1 11 7 5 11 -1 
-8 -5 -24 -8 -2 0 -4 1 
-4 -21 -13 -17 -8 -3 0 -13 
-3 12 2 -5 -5 -2 -1 3 
-2 11 22 10 0 -4 -6 -11 
3 10 31 23 5 1 1 -1 
-20 -11 -17 4 7 4 0 -10 
10 -22 -33 -19 1 1 5 -1 
-2 -12 -11 -15 -19 -5 -5 6 
10 17 15 1 5 1 2 40 
-3 10 -22 3 -5 -5 -8 -34 
0 -1 16 7 6 2 1 0 
0 -8 -20 -13 -6 0 1 -1 
-1 -27 -22 -7 -6 0 -3 5 
3 9 40 -2 1 -2 10 10 
1 0 7 -1 -2 -2 -10 18 
-3 9 -19 8 5 -2 -8 -20 
-5 1 2 -5 -1 2 9 5 
2 -3 -10 1 -1 0 -8 -11 
-5 -13 3 -7 -7 -3 2 3 
1 15 32 6 1 -1 -3 -7 
-9 -11 -28 -3 0 2 5 -3 
-12 6 -16 -9 -1 -3 -4 -8 
1 -31 33 10 1 1 -2 -29 
-5 -2 -15 -4 2 0 -2 -24 
3 -3 -31 0 1 -1 1 24 
1 4 15 -7 -9 -3 -3 -6 
-1 -3 -16 2 -1 -5 -8 35 
-3 -5 1 -4 -4 -4 -5 6 
-4 6 5 5 4 1 7 -27 
16 6 42 -2 -4 -2 -4 5 
-14 -9 -27 -7 -7 -3 1 10 
8 -4 -3 4 3 3 5 1 
0 7 13 -1 -7 -5 -9 -30 
15 12 -50 -8 -6 -3 0 49 
-12 2 2 3 5 3 -5 -71 
-8 -42 30 9 -1 -4 1 8 
-5 -3 4 -1 -3 -1 -4 16 
3 1 -23 2 1 0 -6 -10 
-6 -24 30 2 4 6 7 9 
-9 -9 -47 -9 -1 1 -1 -7 
-2 23 35 -1 -3 -2 -8 -18 
-7 -36 -83 -3 -2 -1 6 9 
5 5 37 2 4 1 0 12 
-2 14 40 12 11 3 -2 -15 
5 -25 -8 2 1 0 4 19 
-1 13 39 4 -15 -5 -3 -4 
3 5 -44 -6 -4 -4 -3 -4 
1 4 -3 -5 5 -3 -6 -1 
1 -15 46 6 7 4 4 -5 
0 4 44 -4 -8 0 2 -3 
-1 -5 19 6 8 -2 -3 -1 
4 18 52 0 -20 -4 1 8 
-2 -33 -30 -1 20 -1 0 3 
-3 10 60 11 -2 2 4 -7 
7 13 40 8 27 4 3 15 
-7 -5 -41 10 22 1 -2 1 
-2 -2 -34 -54 -96 -18 -10 -8 
-3 5 50 2 15 2 -2 -6 
0 1 -19 -9 -8 -7 -3 -6 
3 9 7 12 19 6 5 4 
-3 6 0 -8 7 -3 -4 -3 
2 -12 -15 -2 1 4 5 7 
2 11 -4 -2 -4 -2 -1 2 
8 -7 4 -8 -7 -4 -8 -16 
0 13 -20 -2 6 1 4 2 
1 -11 -9 2 -2 -3 -2 -1 
-14 -6 -38 -14 -5 -2 -4 -6 
4 -8 -18 -2 -8 -1 5 -2 
3 -5 -10 5 9 2 -2 -6 
2 10 1 3 14 1 -2 9 
18 -10 -12 -5 -14 -4 -1 -8 
-42 11 -1 -11 -12 -5 -3 -5 
-3 9 2 5 5 -3 -10 -8 
-5 -19 -19 1 2 3 4 15 
-4 -1 -12 -2 -10 -3 1 4 
24 6 32 -5 -7 -2 4 15 
1 -1 -28 10 10 2 -2 -12 
-8 -22 13 2 1 0 -3 -8 
-3 1 -11 1 -3 -1 -2 6 
5 2 33 -9 -10 -5 -1 -8 
-4 -3 2 8 6 1 5 11 
2 1 0 -5 -4 -4 -6 -8 
-7 -6 -7 -7 -6 -1 -1 -15 
-4 -7 -31 -2 3 4 -4 7 
7 3 -1 2 1 0 1 6 
-2 13 -8 -4 -3 -2 -2 1 
-8 9 9 4 -1 -4 -2 -3 
0 -6 -29 -4 -4 -2 -1 -2 
-9 -25 -13 -5 -3 -2 -5 -4 
-3 -7 -23 -9 -1 0 0 -11 
14 21 3 -2 -2 -3 -1 4 
2 -5 -7 1 -1 1 0 2 
-3 3 48 3 5 0 1 0 
-3 -8 -14 -4 -1 -2 0 -2 
0 11 -11 -7 -6 -3 -6 -1 
-4 0 10 8 5 2 0 4 
1 -4 6 0 -1 -1 0 -6 
-9 -1 -15 0 -2 -4 -4 -5 
-5 0 14 5 0 1 1 2 
1 2 -20 -7 -3 -3 -3 -2 
-2 1 0 7 2 1 -1 1 
4 8 13 4 -1 0 1 -2 
1 5 6 -1 -2 1 2 -8 
-3 -19 -20 -9 -7 -2 -1 -2 
0 8 -6 -5 -1 -1 -2 3 
-4 -7 7 -1 -3 -2 -3 4 
0 -12 -16 2 4 0 -4 -2 
-2 9 -2 -1 -1 -2 -3 -2 
0 1 1 -3 -1 -1 0 1 
-2 2 -10 -4 -2 -2 -1 -4 
-5 -6 5 3 0 0 1 2 
-2 3 -2 -4 -4 -2 0 -1 
-5 -3 -15 -5 -4 -3 -3 0 
1 6 5 2 1 -1 -2 -3 
-1 -7 -4 -1 -1 -2 -1 0 
0 23 18 1 -2 1 0 -5 
-6 -20 -30 -3 4 2 1 -5 
-8 -30 -14 -4 -4 2 3 9 
-7 -15 -9 -2 2 0 -1 0 
2 7 -11 -4 -3 -5 -4 -2 
4 19 16 4 1 -1 0 -2 
-1 10 5 2 0 -1 -2 -6 
0 -5 -8 -4 -2 -3 -3 0 
0 -5 1 3 0 0 -1 1 
-2 -1 1 0 0 -2 1 -2 
1 0 -3 -4 -1 -1 0 -2 
-2 -2 0 0 -1 0 2 1 
-1 -4 -2 -2 0 -2 -4 -2 
-3 -5 -5 -10 -7 -2 0 1 
-2 7 -42 -4 -2 -5 -3 -7 
-3 6 -1 3 6 5 2 4 
-3 -10 -9 -5 -4 -2 -1 -2 
1 -4 1 2 -3 -4 -4 0 
2 3 12 4 1 -1 -3 0 
-2 -3 -8 -3 -2 -5 -4 0 
-1 -3 -9 0 1 -1 -2 0 
1 7 7 1 -1 0 -1 1 
2 4 8 0 -2 1 0 -3 
-3 -9 -4 -1 -1 1 0 -2 
2 0 4 0 -3 0 1 0 
1 -2 1 -2 -2 -3 -3 -2 
-2 -1 8 -5 -2 -1 0 -2 
-1 1 -17 -7 -5 -5 -5 0 
-1 6 -4 -4 -1 -2 -2 0 
-2 1 -1 1 -1 0 0 0 
1 0 10 1 -1 -3 -2 1 
-1 12 -5 -2 -3 -2 -1 -4 
-4 0 -4 0 -1 0 0 -2 
3 -14 0 -2 -2 -1 -1 -1 
0 4 6 0 1 -1 -3 -2 
-2 -7 6 -2 -2 -2 -2 -3 
-2 -4 -6 0 -4 -4 -2 0 
0 7 5 1 0 1 -2 0 
4 -1 -1 -1 -4 -3 -2 3 
3 -10 -9 1 2 2 2 1 
-5 -6 7 0 -1 -1 -4 -4 
-4 -3 -2 -1 0 -3 -2 -2 
-1 3 0 -5 0 -1 0 -2 
4 -1 16 4 2 1 0 1 
-2 -11 0 1 0 2 1 1 
-6 11 -17 0 0 0 -2 -4 
-6 -7 -44 -5 -1 0 -4 -2 
-4 -8 1 -5 -7 -4 -1 1 
3 6 -2 -2 -1 -1 0 0 
0 7 6 -4 0 -2 -1 0 
0 3 7 1 1 0 1 1 
-2 -5 -6 3 0 -4 -1 2 
0 3 3 0 -1 0 1 -2 
-3 -3 -3 1 -3 0 0 2 
0 -3 8 1 -2 0 -1 -3 
-2 -3 4 1 0 -1 -2 -1 
3 -1 1 1 -1 -3 -2 1 
-1 -2 0 -6 -2 -2 -2 -1 
-8 -9 1 1 4 2 1 -1 
-1 -13 2 -1 -4 -1 1 2 
-3 -7 -15 -9 -2 -5 -5 -4 
1 -1 -3 0 -2 -1 -1 0 
0 7 10 0 -2 -2 -1 -2 
-1 5 2 3 1 2 -1 -2 
-2 -1 -2 2 1 -1 -2 1 
0 -5 1 -1 -2 -2 -1 0 
0 -1 8 -2 -1 1 -1 0 
1 1 4 -1 0 -2 0 -3 
-1 -3 -8 -3 -5 -1 0 -1 
-1 9 -27 -8 -5 0 -1 -1 
2 1 -9 -2 -6 -4 -3 -3 
-2 -17 -1 3 0 0 1 -1 
-3 -3 -14 -5 -2 0 -1 -1 
-3 -4 -1 1 1 -3 -2 -2 
-4 0 4 -1 -1 -3 -2 -1 
-2 4 -2 -4 -1 -4 -3 -1 
1 0 6 3 1 -1 0 1 
-2 -9 3 1 -1 -1 -2 -3 
0 0 2 1 0 2 1 1 
0 -3 -1 0 -2 0 -3 0 
-5 -4 2 0 2 -1 0 -4 
0 3 39 1 1 0 2 0 
1 3 4 -1 -1 -1 0 -1 
-3 9 -1 -4 0 -1 -2 -1 
1 -14 -5 -1 0 -2 0 -1 
-3 -4 -13 -3 0 0 -1 -2 
-1 -2 0 -2 0 -3 -1 -5 
-1 3 9 5 -1 -1 -2 4 
0 1 -9 -5 -4 -1 -2 3 
0 10 -20 -7 -8 -3 -4 -4 
0 -8 1 -1 -3 1 0 7 
-2 3 -8 -2 -1 -1 0 -4 
-1 7 10 2 -1 -2 -2 -2 
-1 9 8 6 4 -1 -2 -2 
-4 3 -16 -11 -1 -2 -2 -4 
-2 -5 -2 -4 -1 -2 -4 -4 
-1 -2 1 3 1 1 -2 1 
-1 -6 -3 1 1 0 -1 2 
1 0 2 2 -1 0 -2 -2 
0 -2 5 -1 -2 -2 1 -1 
0 7 -2 -4 -2 -2 0 -3 
2 -3 0 -1 -3 -1 -1 -1 
-3 -4 0 -1 -1 -2 0 5 
-6 4 -4 -4 -3 -1 -2 -5 
-3 -3 2 1 -1 -1 -2 -7 
-1 -6 -6 -2 -2 0 2 5 
0 -3 -4 0 -1 1 0 -1 
2 3 1 -2 -2 0 -1 2 
-2 0 0 0 0 -1 -1 -1 
-1 -8 6 2 0 0 0 -3 
-2 -2 -1 -2 0 -3 -1 -2 
-1 7 -4 -5 -1 -4 -2 -2 
-1 -3 -2 0 0 1 2 -1 
1 -19 20 11 3 1 1 2 
-2 -7 0 0 -1 -1 -1 -2 
0 -8 -4 -4 -1 -3 -2 -3 
-3 -3 -7 0 2 0 -1 0 
-5 -3 -8 -9 -3 -3 -3 -2 
0 2 3 1 -4 -2 -1 -2 
-1 -8 2 2 1 1 0 -2 
0 4 4 0 -3 -1 -3 2 
-3 5 -1 -1 -2 -1 -1 1 
-5 2 -3 -5 -2 -2 -3 -2 
1 12 -4 -2 -2 -2 -2 -2 
-1 -8 -5 -5 0 -1 -1 -2 
-2 -2 -9 -5 0 -1 -1 -2 
0 -10 -6 -1 -2 -1 0 -2 
-2 -1 6 -2 -5 -2 -1 1 
-3 2 2 2 -3 0 -3 -2 
-2 0 -2 0 0 -3 -2 -2 
-2 2 -3 -1 -3 -1 -4 -1 
-4 -11 -15 0 0 0 -1 -2 
-1 -1 2 -3 0 -2 -1 -3 
-2 0 -6 -4 0 -2 0 -1 
2 0 3 2 1 -1 0 -2 
0 -19 -3 2 -2 -1 0 0 
0 -13 9 -9 -6 -4 -2 5 
-1 6 6 -2 -2 -4 -3 -3 
1 -5 4 1 2 -1 0 2 
-2 1 3 0 -1 1 -1 -4 
0 -2 -13 -2 -1 -2 -1 -2 
0 1 -5 -4 -4 -4 -1 -2 
-1 -3 3 -4 2 1 1 -1 
-2 2 -1 -1 -2 -2 -1 -2 
0 8 1 0 1 -1 0 -1 
-2 -3 -6 -3 -2 -2 0 -3 
-2 0 -5 -1 -1 -3 -2 -2 
0 2 6 -2 0 -1 -3 2 
0 -1 -1 2 -1 0 -1 -1 
1 -2 3 2 1 2 -2 1 
-1 -3 -3 1 -3 -1 -1 -1 
2 2 -3 -2 0 -1 0 -3 
0 1 13 -5 -4 -4 -2 0 
-3 -11 -14 -4 2 3 1 -2 
-2 -21 -5 3 0 -1 -1 1 
-1 12 -4 -4 -1 -1 -1 -1 
-1 -6 6 4 0 0 -1 0 
-2 -6 -1 0 -4 -1 -1 0 
-1 5 -2 -4 -3 1 0 -2 
-3 0 -7 -2 -3 -3 -2 -1 
-1 13 0 -2 -1 -1 0 -4 
-2 0 0 1 -1 -3 -2 -1 
-4 1 0 0 -1 -1 0 1 
1 -4 5 4 0 1 -1 -4 
-2 -3 -11 -5 -2 -3 -2 2 
-2 -3 -2 -3 1 -1 -2 -4 
1 3 -1 -2 -4 -2 -2 -1 
-2 3 -1 2 2 0 -1 -1 
0 -6 -5 3 0 -1 -1 -1 
1 5 -4 -2 -3 -2 -2 -1 
-2 3 3 -2 -2 -2 -2 -2 
0 0 1 -2 0 0 -1 2 
0 -6 -4 -3 -2 -2 -3 -2 
1 9 13 0 -1 -2 0 4 
-5 2 -37 -8 -3 -3 -1 -4 
-3 -13 -15 -3 0 -2 1 1 
0 -1 -3 -3 1 0 0 2 
-3 1 6 1 -3 -2 0 0 
1 1 8 2 0 -2 -3 1 
-2 3 -1 -2 -2 -1 -2 -2 
0 0 -3 3 0 0 0 -2 
-2 0 -10 -2 0 -1 1 0 
-2 -43 32 11 3 2 3 2 
1 -4 2 -3 -3 -2 -3 1 
1 -1 -1 -4 -4 -1 -1 -1 
3 -10 -1 1 -1 0 0 -1 
0 10 -3 -2 0 -2 -2 -3 
0 -3 5 1 -1 0 -2 -3 
-2 -3 -1 3 -2 -1 -1 -1 
-1 6 -4 -3 -4 -1 -1 1 
0 3 -6 -7 -4 0 0 -3 
-3 1 -1 -4 -4 -5 -4 -2 
-2 -6 -11 -5 -1 -2 0 -3 
-6 -3 -4 0 0 -2 -4 -4 
-1 13 5 0 2 -1 -1 0 
-1 -8 -3 0 0 1 0 -1 
-2 -1 2 2 -2 0 -3 0 
0 -2 -5 -2 -1 -1 -2 0 
1 1 0 -3 -2 -1 -1 0 
-1 3 -3 -3 -3 0 1 0 
2 5 0 -2 -3 -3 -1 -1 
0 1 -3 -2 0 -1 0 -4 
-1 2 -5 -1 -1 -3 -1 1 
0 -3 1 0 0 0 1 -1 
-5 -6 -7 -6 -1 -1 -1 -2 
0 -1 5 1 -1 -1 1 -1 
-2 -1 -3 -2 -1 -3 -1 -2 
-2 -4 2 -1 -3 -3 -3 0 
-2 -1 2 1 -3 1 -1 0 
1 -2 3 2 1 1 -1 2 
-3 -1 -8 -5 -2 -1 -2 2 
0 2 3 0 1 0 0 -2 
-2 9 -12 -5 1 -2 -2 -3 
-3 0 -6 -4 -4 -4 -2 -2 
-1 -5 1 0 -2 -2 -1 -3 
-2 -18 -3 -1 0 0 1 -1 
0 3 1 -1 -1 -2 -2 -4 
-2 0 1 1 0 -3 -1 -1 
-3 5 4 2 1 -1 -2 -2 
-3 -6 -8 3 0 0 -2 2 
-1 -2 7 5 2 0 1 -1 
-1 -2 -5 -5 -5 -3 -4 0 
-1 3 -6 -3 -2 -2 -2 -3 
-1 -2 -2 -2 -1 0 -2 2 
1 0 -2 1 1 -2 -1 2 
-2 -2 3 0 -1 -1 -1 -3 
1 6 0 -2 -2 -1 -1 -2 
-2 0 3 0 -1 -3 -2 -4 
0 6 2 -2 -1 0 0 0 
-2 1 -7 -8 -4 -1 -2 -3 
-3 -6 1 -1 -1 -1 0 -1 
-1 -3 -2 -4 -1 -3 -1 2 
-2 1 2 -2 -3 -1 -1 -2 
-1 -16 -3 3 -1 0 1 -1 
0 0 -4 0 -1 1 0 0 
3 4 4 1 0 -1 0 2 
-3 -5 -5 -2 0 -1 -2 -10 
3 2 3 1 1 -1 -3 5 
0 4 3 -2 -1 -2 -2 1 
-4 -7 -4 0 0 0 0 1 
-1 -3 -2 -3 -2 -3 -2 2 
-4 -5 -5 0 -2 -2 0 -3 
-3 -3 -1 -4 -2 -1 -1 0 
-3 3 -1 -3 -2 0 -2 -3 
-1 2 0 -3 -2 -2 -1 -1 
0 -13 -4 1 0 1 -1 -3 
0 -3 3 -1 -1 0 -2 -2 
1 11 2 -3 -1 0 -1 -4 
-4 -15 -7 -1 0 -1 -2 0 
-4 5 6 -1 -1 -1 0 1 
-2 1 -7 -3 -1 -1 -1 -2 
-1 -5 2 0 -1 -2 -1 0 
-3 2 -1 -3 -4 -2 -2 -1 
-2 4 -9 -2 -3 -2 -1 -1 
0 -3 -3 -1 -3 -1 -1 -1 
2 8 -1 0 -1 -2 -1 -2 
1 -5 2 2 0 -1 1 1 
-2 -4 0 -1 -3 -2 -1 -2 
-3 2 -4 -3 -1 -4 0 1 
-3 2 2 -1 -2 -2 -1 -1 
0 -3 0 -4 -5 -3 -4 1 
-1 2 -7 -5 1 1 -2 -2 
1 -4 -1 0 0 0 0 -3 
1 -2 -4 -1 -2 0 -2 -3 
-1 1 4 3 0 2 1 -3 
2 3 2 2 2 1 0 -1 
-1 -5 -7 -2 -1 -2 -2 -2 
0 2 -2 -5 -3 -2 -2 -1 
0 9 -1 -2 -1 -2 -2 -1 
-1 -12 -6 0 -2 0 1 3 
-4 1 1 1 0 0 -1 0 
-3 -13 -3 2 -1 -3 0 -2 
-2 10 0 -1 0 -2 0 -1 
-1 1 1 1 1 0 1 0 
0 0 0 0 -1 -1 1 -2 
1 6 0 -4 -5 -2 -1 -2 
-4 -16 -3 -2 -3 -2 0 -3 
-1 -6 20 2 -2 1 0 0 
0 0 6 0 0 1 -2 1 
-2 -1 -2 -1 -2 0 -5 -1 
-1 1 -3 0 1 0 0 1 
-1 8 -1 -1 1 0 -4 0 
0 -8 0 -1 -3 -1 0 2 
-4 -2 2 -1 3 2 2 -1 
0 -1 -1 2 -1 -3 -3 0 
-1 3 -4 -4 -2 -3 -2 -3 
-2 -4 -2 -1 -2 -4 -2 -2 
0 1 -8 3 3 0 -1 0 
1 3 -1 -3 -5 -1 -1 -1 
0 1 -2 -2 -5 -1 0 -3 
-2 3 0 -2 -2 -4 1 -1 
1 -2 1 -3 -3 -2 0 0 
1 0 -4 -3 0 -1 0 1 
0 1 3 0 1 -3 -3 0 
-3 -4 -7 -3 0 0 -4 -1 
-3 0 -1 0 1 -2 -1 0 
0 2 2 0 -1 -1 -2 0 
-2 -2 -6 -5 -2 -2 -3 -4 
1 0 3 2 0 0 -1 -2 
-2 -13 -3 1 1 1 3 0 
1 -5 6 -5 -4 -1 -3 0 
-1 -9 -1 0 -2 -1 -1 -4 
-2 -1 -2 -1 0 -2 -2 -2 
-4 0 5 -2 1 -2 -2 0 
