#EMG
#8
#ID:8-19
-3 -11 -6 3 2 -2 -2 -3 
-2 5 3 3 6 1 -1 -2 
-2 -17 -9 -6 0 1 1 -1 
1 3 3 -4 -2 -3 -3 -3 
3 1 -4 -5 -3 -2 -2 0 
-4 3 0 2 -3 -1 -2 -10 
1 3 4 -2 -1 -2 0 9 
-1 -1 -3 16 1 -1 -1 3 
-4 -5 -8 -14 1 2 0 0 
-3 2 -2 6 -4 -2 -1 -1 
-5 -7 -7 -11 -5 0 1 -3 
-1 -2 1 -6 -6 -2 -3 -3 
1 -2 4 7 2 0 1 0 
1 5 1 -1 3 0 -1 -2 
1 3 1 6 5 1 2 9 
1 4 5 -5 -1 0 0 0 
-1 -7 -6 4 -2 -1 -7 -3 
-3 -17 -8 -2 1 0 -2 0 
-3 -1 0 -1 -4 -4 -4 -4 
-2 0 3 -1 1 -3 0 1 
-2 3 -4 -1 -1 -2 3 -1 
2 5 3 -2 -4 -2 0 2 
1 5 -5 -3 -3 -1 -3 -4 
1 0 -1 -1 1 0 -2 0 
-1 0 4 4 3 1 1 -3 
-2 -5 -3 -4 -4 0 0 0 
0 7 1 -5 -3 -1 -1 -3 
-4 -5 -10 -6 -1 -3 -4 -3 
0 -6 -7 1 -3 -4 -1 0 
1 -1 3 -10 -2 -1 1 2 
-3 -1 1 -1 -3 0 1 -5 
0 1 -3 -1 -3 -3 -2 0 
-3 -2 4 -2 0 1 -1 -3 
3 -3 -1 6 1 -2 -2 -2 
-3 3 -1 -1 0 2 1 -4 
-1 3 -1 -3 -4 0 -1 1 
-6 -18 -7 1 -3 -4 -1 -1 
-2 8 0 -3 -2 -1 -5 -1 
0 -14 -1 -1 1 0 -3 -2 
-1 -3 -6 -3 -2 -1 -1 -4 
-1 5 1 -6 -2 -2 -2 -1 
-1 -2 -3 0 -2 -3 1 -2 
-1 -4 -2 0 -1 -3 -1 -3 
-5 -2 -2 0 2 3 0 -4 
0 2 -2 -2 -1 1 -2 -2 
1 5 9 8 0 -3 -2 2 
-4 -8 -10 -3 3 -2 -2 0 
-1 -9 -9 -17 -4 -3 -2 -1 
-2 4 -10 -4 -10 -5 -5 -2 
-4 -17 -1 -1 2 2 -1 -2 
0 0 2 -3 -4 -2 -2 -1 
1 -7 1 7 4 1 1 -1 
1 2 8 0 3 3 2 0 
0 1 -3 1 1 -3 0 -2 
0 2 0 1 1 1 0 0 
-2 4 -4 -2 -6 0 -2 -1 
-1 10 4 -3 0 0 -2 1 
-3 -2 -4 4 1 -4 -4 0 
-3 0 -1 2 -2 0 -1 -4 
1 4 27 -16 -14 -6 -3 -4 
-2 2 6 6 6 0 -1 0 
-2 -2 5 1 3 1 -1 0 
-2 -9 -11 -7 -9 -2 -1 -1 
-1 3 -24 6 3 1 0 -3 
0 -5 -4 -1 -11 -3 -2 -1 
2 2 27 9 3 -1 1 2 
-3 -3 3 -7 0 -2 -1 -2 
-1 2 -14 4 8 3 1 -2 
-2 3 -5 -4 -3 -3 -2 -4 
-1 -5 -14 -10 -10 -4 -2 -1 
3 -4 -4 0 1 0 -2 3 
-1 1 2 4 1 -1 -2 0 
0 -1 11 -10 -1 1 1 -5 
-3 -1 -15 -3 1 1 0 -2 
-2 4 -1 -6 -6 -2 -1 -2 
3 -9 9 9 3 0 -1 1 
-3 -1 -12 -2 -2 -3 0 -8 
-2 -19 20 -4 4 4 3 10 
-1 -1 -12 0 1 0 -5 -4 
-3 -4 4 8 6 2 1 0 
-1 -7 -2 -3 0 0 -2 -1 
-1 6 -3 -8 -16 -5 0 -7 
-3 1 4 9 4 -2 1 -1 
0 -1 46 -3 -4 -3 -3 -1 
-3 6 -11 10 7 0 3 4 
0 0 -15 -12 -2 -1 -2 -6 
1 -4 2 -8 -5 1 0 -9 
-4 0 -14 -4 -6 -4 -4 -2 
4 -5 2 -1 1 -1 -3 10 
0 -14 -4 10 9 4 1 5 
-3 9 -1 -5 -4 -4 0 -1 
-2 -12 -13 -3 -3 1 5 1 
2 7 10 7 1 0 -6 4 
-7 3 -11 -6 -1 -1 -4 -22 
-1 -5 -8 -6 -5 -3 -1 7 
-4 0 -8 -3 -2 -1 -2 -4 
-2 -2 -31 -17 -8 -1 1 -1 
2 29 -10 2 0 0 0 -6 
2 -5 23 3 3 -3 -2 1 
-2 0 5 3 2 -2 -1 0 
-1 -5 13 10 0 -1 -1 -1 
1 1 -4 -17 -6 -6 -1 1 
-4 -1 -10 -5 -5 0 -5 -7 
3 21 12 -4 -2 -1 1 3 
-1 5 -14 1 0 -2 -3 -6 
-2 -7 -10 -5 -1 -2 -1 0 
-3 -7 -20 -2 -1 0 0 2 
1 0 9 -6 -2 -1 -3 -4 
3 14 15 4 1 -1 0 -4 
-9 2 -16 4 -4 -5 -5 4 
-4 -4 6 2 -1 0 -1 -11 
2 1 14 3 -1 -3 -1 5 
-2 -2 11 -10 -2 1 0 -9 
0 -3 -12 2 -2 0 2 7 
5 8 1 -5 1 3 2 10 
-2 -3 -23 1 -2 -3 -4 -4 
-2 -30 -25 0 5 1 -3 -14 
2 12 2 6 2 0 -3 9 
-3 -3 -6 9 2 0 6 3 
4 -7 10 -1 1 1 -8 12 
-1 -9 3 -6 -7 -2 3 0 
-4 -3 -13 -1 -6 -5 -5 -19 
0 -5 32 14 4 -3 -2 -14 
-4 6 -26 -1 0 -1 2 11 
-5 -19 39 -16 -7 -1 4 -15 
-5 -12 1 -10 -5 -1 -13 -5 
10 -6 64 7 5 3 -2 46 
-5 -17 16 -3 1 -1 1 -17 
6 15 6 -2 -2 -1 4 6 
-1 -6 15 8 -5 -3 1 21 
-5 5 -20 16 9 0 3 -18 
-1 8 -18 -10 -6 -1 -4 14 
-5 20 -32 -11 -9 -4 0 -6 
4 -3 3 4 3 1 -2 12 
0 3 -28 -12 -1 -2 -6 8 
-4 -13 -6 6 1 -1 7 -4 
4 10 -6 0 -1 -3 -11 2 
1 -8 9 6 -1 4 4 -32 
-9 -2 -11 -1 -8 -7 -7 -25 
4 -1 -5 5 3 4 6 17 
-9 -6 -1 -11 -4 -3 5 -9 
-1 5 0 -5 0 -2 -12 -4 
-2 1 0 -6 0 -1 4 16 
-4 -24 -13 4 -2 -1 -15 -32 
-2 -12 7 13 7 -1 -3 5 
0 10 -33 -5 1 -3 -5 -3 
-5 -8 0 6 1 3 10 9 
-3 -5 -14 -13 -6 -3 -2 -20 
0 -13 68 6 -3 -2 -1 19 
-2 -6 -9 -5 3 2 5 -10 
3 22 23 3 -4 -5 -6 -5 
1 17 39 3 -2 -3 0 8 
-2 -12 -42 -4 5 1 -2 -9 
-1 5 52 -2 4 0 5 8 
-6 -10 -14 -3 5 2 -6 -18 
-5 3 -6 -3 -22 -7 -2 3 
5 -6 19 7 -2 0 -2 10 
5 -2 1 0 -3 -3 3 7 
2 15 -17 -3 3 -1 1 0 
1 -1 -43 8 38 5 1 -6 
-7 -10 -38 -11 -50 -5 -5 -4 
2 -10 -15 -16 -1 -4 -1 3 
6 10 27 -10 -22 -3 -2 -7 
-1 -3 45 -2 7 1 3 0 
-5 10 -11 19 28 6 0 5 
-5 -9 27 13 4 3 6 0 
-1 -8 -29 -5 -1 -2 -5 -2 
-4 1 -7 -7 -9 -6 -6 -3 
2 2 -6 -7 -10 -6 -2 3 
3 4 15 0 7 8 6 -1 
-3 6 -39 2 26 3 0 2 
1 -4 -6 -7 -12 -3 2 3 
-5 -11 -2 -5 4 -1 -3 -4 
-5 -3 -26 -7 -28 -8 -5 -7 
-3 -3 5 2 1 -3 2 -13 
3 3 58 2 11 4 3 -1 
-1 9 -1 -4 2 -5 -4 0 
0 -6 -21 2 12 -3 0 4 
-8 -2 -8 -13 -27 1 -4 -12 
-1 -8 -8 6 -2 -2 2 4 
-4 14 22 0 3 1 -1 -5 
1 8 -6 -3 3 2 2 12 
-1 -6 0 2 9 -2 -5 -5 
0 -1 -17 3 -5 -1 1 -1 
1 -1 -10 -1 3 -4 -5 -1 
5 10 -5 -6 -8 -6 -7 -2 
-3 -13 8 6 5 0 0 1 
0 -1 -16 -5 10 4 0 -1 
-3 -7 -7 -5 -32 -6 -3 -8 
-2 8 12 4 10 1 -2 -13 
7 -11 4 3 -6 -3 -2 24 
-7 -3 -3 2 14 0 -6 8 
-2 -7 -9 -13 4 0 2 -8 
-4 -5 9 3 -3 -1 5 -19 
-1 12 -47 -15 -14 -3 -9 10 
1 -16 -59 5 -10 -2 1 2 
-8 -3 -4 -7 4 -4 -8 21 
-6 -8 -1 11 6 2 -8 -40 
-1 0 -2 2 7 0 7 4 
-8 15 -9 -27 -6 -8 -4 -8 
4 4 0 8 -11 2 2 13 
-8 4 -6 -10 -3 -2 -1 -35 
1 -5 9 7 2 -3 -18 16 
-4 -9 -2 -8 -18 -3 6 -22 
2 5 -24 1 16 0 -12 1 
-6 -23 40 8 -8 0 6 12 
2 4 19 4 -8 -2 -2 -44 
-2 16 17 -23 -12 -2 -11 18 
9 -5 -34 25 20 0 2 -19 
3 -1 -25 -9 -6 -4 7 59 
3 11 -22 -14 1 -3 -5 9 
4 2 20 -16 -14 0 1 -7 
-3 -9 39 13 4 -3 2 -1 
0 -2 -25 11 9 1 -1 -4 
-7 -16 6 -21 -12 -4 3 -11 
0 7 -24 6 -1 -4 5 6 
8 -14 92 19 14 8 -2 3 
-3 -3 18 -10 -3 -3 -4 1 
-5 8 4 18 13 1 1 11 
7 -6 10 -1 -10 0 -3 -4 
-7 7 5 -13 -16 -10 -2 -9 
2 -6 -16 13 7 1 -2 6 
-5 -19 32 -4 -1 0 1 -5 
-4 2 -19 12 22 -1 -2 7 
-1 -16 -24 -11 -30 2 5 0 
2 20 24 -2 -7 -4 -3 4 
-5 -2 -52 -4 9 3 6 -11 
-6 -9 3 -13 -12 -8 -11 -15 
-2 0 -13 -12 -7 -3 1 0 
4 13 25 -11 -8 -1 -3 13 
1 -26 4 6 2 0 7 -5 
2 -4 10 21 16 2 -8 -9 
-2 1 -28 -21 1 0 3 5 
-5 5 -31 -9 -12 -6 -8 -12 
-3 6 12 13 3 -1 2 -26 
-8 -4 -6 4 4 2 2 -11 
-3 1 1 -4 -10 -8 -17 20 
-14 -2 -33 -14 -2 -3 -11 -36 
22 7 10 -4 -3 0 1 -6 
-4 -11 -6 2 -5 1 9 6 
-1 8 6 5 10 3 4 -17 
-8 -34 -2 6 -3 -2 0 11 
-9 -7 -7 -8 -8 -3 2 -23 
0 8 8 8 2 3 -7 13 
18 10 -6 -4 10 0 -3 39 
0 1 7 -8 -3 4 20 12 
3 5 5 -11 -12 -4 -11 13 
4 3 10 18 6 4 4 -3 
-15 6 -3 -2 9 -3 -3 -24 
10 -16 -2 4 1 5 14 28 
-3 4 -2 -5 -6 -2 -6 2 
-11 -22 -37 -1 2 1 -6 -19 
12 16 48 -13 -3 -1 1 11 
-5 12 -16 15 10 -2 2 -21 
-5 0 -7 3 -9 -3 -3 12 
2 7 -12 -11 0 -5 -5 2 
-12 -11 -22 13 19 8 7 -26 
9 -8 38 1 4 5 1 13 
3 1 49 8 -9 -2 -2 7 
-2 -1 -26 -21 -14 -4 -4 -9 
-1 4 -13 14 3 -4 4 -5 
2 15 11 9 10 2 -6 4 
0 7 -13 -1 14 -2 -4 2 
2 9 30 4 -9 2 9 3 
-8 -32 -17 -17 -2 -5 -5 -7 
-1 1 -8 -25 -59 -7 -7 -5 
-5 0 8 0 7 1 1 -4 
0 -6 -13 5 9 0 1 6 
1 2 -1 3 15 0 -3 -3 
-2 -1 -2 7 3 -2 -8 -10 
0 -4 -11 -3 -4 -2 0 3 
3 5 10 -11 -10 -6 -1 0 
-1 3 -9 4 -8 -1 -5 -15 
0 4 -5 -10 4 -5 -5 2 
-3 -3 19 -3 -2 1 1 3 
3 -14 5 8 4 -1 -3 8 
-4 3 -2 -3 -11 -1 0 -10 
0 2 -12 1 6 0 -1 4 
0 -2 -15 -22 -7 -2 -2 -2 
-2 -7 12 6 -10 -7 -2 -4 
-3 14 24 0 0 0 8 -2 
-8 0 4 -2 6 -2 -9 1 
-7 -7 -14 4 -2 -3 -7 2 
-4 -21 22 -2 0 -1 1 -14 
2 -8 -21 -1 -5 -1 1 13 
2 -6 0 -5 5 0 2 -1 
-1 2 -11 3 -6 -1 5 3 
-3 7 -1 5 0 -2 -9 -10 
-3 6 -2 1 6 0 -2 -3 
-1 -10 8 -5 -5 -4 -4 -7 
1 -5 -4 -2 -10 1 0 0 
1 6 -3 -3 2 0 1 6 
0 4 -7 -7 -5 -3 -4 -4 
-1 -6 0 9 7 -4 -3 -1 
-1 5 11 -7 -8 -1 -1 -2 
-3 4 -7 3 4 -1 2 3 
-2 -5 -13 3 5 1 -1 -1 
-1 2 -10 -5 -8 -3 -4 -6 
1 -1 -3 -4 -1 -4 -2 1 
3 9 -6 -4 -12 -3 0 3 
2 -4 -21 0 -2 -3 -2 1 
-5 -12 -4 0 7 0 -1 -6 
1 6 7 5 10 5 4 4 
-4 -5 -1 0 -1 0 -2 0 
-1 -7 -13 0 3 0 -2 -4 
-1 7 -8 -8 -23 -7 -7 -4 
-1 0 -6 -7 3 -3 0 5 
-4 -2 -3 -11 -12 -1 1 -4 
2 9 7 0 1 1 -2 1 
-2 1 9 12 11 2 1 -7 
1 -7 11 16 7 1 0 10 
2 -11 -14 -14 -5 -4 1 0 
-6 -23 5 4 -7 -5 -3 -5 
-2 0 -9 -7 -3 0 0 4 
-2 1 -14 -1 -3 -1 -5 -10 
3 8 6 2 6 0 -3 -1 
1 5 5 -9 -1 2 -1 -1 
2 -3 2 3 5 1 -1 -3 
-1 -4 -1 -1 -1 -3 1 -2 
1 -5 3 1 -6 -3 0 6 
-1 9 8 -5 -5 -4 -1 -4 
-1 -3 4 3 -1 -1 0 1 
-4 -20 29 -1 1 2 1 -5 
-4 -5 -3 -4 -1 -1 -3 -1 
0 -5 1 6 1 1 -1 1 
0 11 1 -1 2 0 0 -2 
-1 9 -15 -4 2 0 -2 -1 
-1 -1 3 4 2 0 2 -1 
-2 3 9 -5 -9 -2 -4 0 
0 -5 -5 1 1 0 -6 -2 
-3 -6 -21 -13 -13 -4 -6 -7 
0 5 -2 -4 -6 -1 -3 0 
0 11 -6 -10 -10 -1 1 -1 
-1 4 3 3 4 1 3 1 
1 5 0 6 4 1 0 0 
0 0 -4 0 5 -1 -4 -2 
-2 -2 2 -4 6 -1 -2 -2 
-1 12 -16 -7 -1 1 -2 -1 
1 -3 -12 6 -1 -3 0 2 
-2 -5 -8 -5 -11 -4 -2 -2 
-1 -2 4 5 -1 -1 -3 -2 
-5 -15 -8 -1 -1 -2 -1 0 
-1 3 0 -3 0 -2 -2 -1 
0 41 -15 -3 -2 -2 -1 -2 
0 -12 -4 7 6 1 5 0 
1 -1 -1 -8 -6 0 0 -1 
-2 3 5 -7 -5 -3 -2 0 
0 -7 -4 2 0 0 -1 1 
2 2 -1 -6 -1 -4 -1 5 
-1 4 -2 -8 -7 -2 -2 -2 
-1 1 1 2 2 -2 0 -1 
-2 -14 35 2 3 -1 -4 -8 
-2 -7 -11 2 -3 0 -1 -3 
1 -9 1 1 3 2 5 -1 
-4 7 -3 3 2 -1 -5 0 
1 -8 -6 -7 -6 -1 -2 2 
2 1 1 0 -2 1 -1 9 
-1 1 -2 -10 0 -7 -2 -1 
-2 0 -7 -4 -6 -3 -1 -7 
-1 -2 7 8 4 1 2 -1 
-2 -5 -3 -1 -4 -1 1 -2 
-5 0 -9 2 1 0 1 -1 
0 -3 -6 0 4 2 0 2 
-4 -21 16 4 4 -2 0 -3 
-2 6 -16 -7 -4 -1 -1 -3 
0 -6 14 -3 -10 -5 -3 -1 
-2 -2 -25 -3 -4 -1 -1 -4 
-3 0 -14 -10 -3 -2 -2 -2 
-2 1 -3 -1 -7 -5 -2 -5 
1 -3 3 6 6 -2 -2 2 
3 0 13 3 5 3 2 -2 
-1 2 -9 -2 5 -1 -2 -2 
0 1 -9 -10 -6 -2 0 1 
-3 -2 7 0 -3 0 0 0 
3 -10 6 -2 -2 -3 0 1 
0 3 -6 3 4 0 -2 -1 
-3 -10 2 3 -1 0 -2 -4 
-3 6 -7 2 -4 -1 -1 -3 
-1 5 -2 -3 -1 -3 2 -9 
0 14 9 1 8 1 0 1 
-3 -32 12 14 7 7 3 0 
-1 -13 -14 -3 -11 -7 -4 4 
-2 0 0 -4 -7 -2 -4 -2 
-3 1 -13 -5 -14 -4 -1 4 
-2 16 8 -6 -6 -4 -3 -4 
-1 -5 -2 1 9 2 -1 -2 
-3 -10 -7 2 5 1 1 0 
-3 -2 6 0 -1 -2 0 -4 
2 13 5 6 6 -3 -3 -5 
-6 3 -4 -15 -5 -2 1 1 
0 4 1 -4 -6 -4 -3 1 
-2 -7 -8 4 5 1 1 -2 
-3 -4 3 -7 -13 -3 -1 -1 
-2 -7 -11 -6 -8 -3 -4 -6 
-1 1 2 -1 -2 -3 -2 0 
3 6 16 6 1 2 2 0 
0 -2 -12 0 5 -1 1 0 
2 11 2 -2 9 2 0 -3 
-2 -2 -24 -5 -5 -1 1 3 
-1 -28 27 13 1 3 5 2 
-3 6 1 -4 -8 -5 -7 0 
1 -4 4 -2 -3 0 1 -2 
-2 4 -8 1 4 -2 -4 -5 
-2 -1 -14 -2 3 1 -1 0 
2 -2 4 2 -1 -1 2 -1 
-3 -6 3 -3 -3 1 0 -1 
1 0 11 10 14 2 0 -3 
0 2 -14 -16 -11 -3 -3 -2 
-1 -2 1 -4 -3 -4 -3 -1 
0 8 -1 9 1 -2 -2 -1 
-3 -10 2 -11 -10 0 0 0 
-3 0 -4 1 -1 -3 -4 -4 
2 -5 -4 2 5 0 -2 2 
-2 1 -6 3 9 -1 -1 -1 
0 -2 8 11 3 -1 -2 0 
-3 23 -28 -18 -15 -7 -3 -3 
-5 -16 -5 1 -3 3 -3 -5 
-1 -4 -6 -8 -5 -1 0 6 
2 1 2 -3 -5 1 -2 -1 
-3 6 -14 10 2 -5 -6 -5 
1 2 4 2 0 2 2 -3 
3 4 -10 -12 1 -2 1 -2 
-3 -18 13 4 2 -2 1 -1 
2 -2 7 -5 -6 -1 3 7 
-1 9 1 2 4 1 2 2 
-6 -29 8 7 -2 0 -2 0 
-4 2 -8 -6 -4 -2 -4 -2 
1 -4 10 3 1 -1 -4 -4 
0 -2 8 2 0 -4 0 1 
1 11 3 3 -1 -2 -1 -2 
1 3 -3 0 -5 -3 -2 -2 
0 -5 8 4 9 0 -1 -1 
-3 3 -3 -7 -1 0 -2 3 
0 3 -16 -19 -15 -5 -3 -10 
-3 5 -2 3 1 3 6 1 
-5 -21 -2 12 5 -1 -7 -4 
-1 -2 -6 -11 6 0 -1 -1 
2 2 4 1 -6 -3 -3 -2 
1 1 3 -2 -2 -1 -1 1 
1 2 2 -3 0 0 2 1 
-1 4 2 4 -3 -3 -1 -1 
-4 1 7 4 -1 1 -1 2 
-1 0 -5 -5 -4 -2 -1 -4 
-4 0 -18 -2 -5 0 0 -1 
-6 -7 -46 -12 -12 -6 -3 -5 
-1 -10 -32 4 2 3 1 1 
-4 -11 7 -6 0 0 -1 -1 
-1 0 11 -1 6 1 -2 -1 
2 -1 7 -7 -17 -2 -1 3 
0 4 3 4 6 1 -2 -1 
-2 3 -4 -6 -5 -3 -3 -1 
-3 -2 -3 0 0 -3 -1 -2 
1 5 6 0 2 -2 0 -4 
-3 -1 7 9 -2 -1 -1 1 
-2 -14 -5 -4 0 2 -2 5 
1 -2 -1 -10 -6 -2 1 -3 
-4 -3 -1 -10 -8 -1 -1 -1 
0 8 10 -3 -6 -6 -3 -4 
2 -7 1 5 -1 -1 -1 -1 
0 -1 -9 0 -1 -2 1 -1 
-1 -1 3 5 2 0 0 1 
0 5 16 2 2 0 1 -3 
-2 18 -6 -4 -2 -4 0 0 
0 -18 35 0 1 2 0 2 
-2 -7 -26 4 6 0 1 -2 
1 -7 19 0 0 1 2 5 
-3 -11 -10 0 2 -4 -5 -5 
1 12 -30 0 -7 -3 -4 0 
-2 -13 7 -12 0 0 0 -5 
0 0 4 6 0 -2 -2 -4 
2 4 -1 -9 -8 -2 0 -1 
-2 6 -19 1 -1 -1 0 -1 
-3 1 3 4 2 2 -4 0 
-3 5 -1 3 6 0 -1 0 
1 -17 5 -1 -10 -2 0 -2 
-4 8 2 -7 1 0 0 -3 
0 -12 -3 7 1 -1 -2 -1 
-2 -1 4 -10 -5 -3 0 -2 
0 4 -2 -3 1 1 -1 0 
-1 1 9 -5 -7 -4 -2 -1 
0 -2 5 0 -1 -3 -2 -2 
-1 2 -15 3 5 2 0 -1 
-1 2 -3 4 0 0 0 1 
2 0 6 1 -9 -2 1 3 
-2 4 8 4 13 1 -1 -3 
-4 -5 -6 -9 -14 -6 -4 -2 
-3 1 -1 -3 0 -1 -1 -5 
-3 -9 5 -15 -12 -5 -2 -4 
0 2 3 4 -4 -5 -1 -2 
0 -1 -1 -3 1 1 0 2 
-2 3 1 7 4 0 0 3 
1 -1 -3 1 5 2 -1 -1 
-1 8 -6 -5 -4 -4 -4 -1 
-1 -21 -6 9 6 4 4 2 
-3 -11 -6 -13 -10 -3 -1 -1 
-3 -12 16 2 -3 -2 2 -1 
1 1 -5 7 0 -2 -2 0 
2 10 -12 -6 4 -1 -1 0 
-1 -5 -11 -9 -3 -4 -3 -2 
-2 3 7 3 1 -1 -1 -2 
0 -1 5 -5 -3 -4 -3 2 
-2 3 7 7 2 0 -1 -1 
-2 3 -1 5 4 -1 -2 -1 
-1 1 -8 -2 4 0 -1 1 
0 4 2 -4 -7 -1 2 1 
-2 -3 -11 -9 -11 -5 -2 -4 
-1 9 6 4 0 -2 0 -2 
0 -3 -6 6 1 1 -1 -1 
0 -1 0 -2 -2 0 0 -1 
0 -5 6 -6 1 2 2 0 
0 0 -3 2 -1 -1 -1 1 
-1 -1 -3 1 -2 -2 -3 -2 
0 -4 -1 -2 0 -1 -1 0 
-1 4 -3 -7 -3 -4 -5 -6 
-1 3 8 9 7 2 2 0 
-2 5 -7 -8 0 -1 -3 -1 
-2 -6 -2 6 -9 -2 -2 -2 
-1 -4 1 -3 -1 -3 -3 -3 
-2 -5 8 1 0 -1 -2 -4 
-3 -3 1 -2 -4 -1 -2 0 
-3 0 2 -5 3 4 1 1 
0 1 -4 2 1 -4 -3 -1 
2 -2 5 0 1 0 -2 -2 
2 9 -4 -10 -5 -7 -1 -2 
-1 -5 -3 2 2 0 2 0 
-1 -2 -2 0 4 -3 -1 1 
1 7 -3 -1 -5 -1 -2 0 
-2 -6 -12 2 -2 -1 0 1 
0 -4 -5 -10 1 0 -3 0 
0 -3 2 -1 -1 -1 0 -4 
-2 0 -44 0 3 -5 -1 -3 
1 -1 10 -1 0 -1 0 -3 
-2 1 2 -4 -6 -2 -1 -4 
-1 -2 -1 1 2 0 0 0 
-1 4 6 1 5 2 -2 -2 
-1 -4 1 7 3 0 -1 -1 
-1 -2 -9 -6 -1 0 0 -1 
0 10 -4 -6 -8 -3 -2 0 
1 -8 5 -5 -8 -1 -1 1 
-2 -3 -6 -6 -9 -3 0 -2 
-1 -3 3 1 0 -1 -2 -2 
-5 -10 2 0 -9 -3 -3 1 
-7 -19 24 5 -1 2 3 0 
2 -9 6 1 6 1 -1 1 
-2 -4 -5 -3 1 -1 1 0 
0 2 -1 0 2 -2 -1 -1 
2 10 9 -2 -2 0 -1 0 
-3 -6 -28 1 -2 -3 -1 -3 
0 7 2 -7 -4 -2 0 -1 
-1 -2 -6 4 2 0 -2 -3 
0 -3 -1 -3 -6 -4 -1 0 
0 9 10 -10 -3 -1 -4 0 
-1 1 0 2 -2 -2 1 -1 
-3 6 -25 -4 -3 -1 -1 -2 
0 -2 20 9 1 0 1 -1 
0 -2 2 11 13 5 1 -1 
-2 -1 -7 -18 -7 -3 -2 -3 
-1 -2 5 -1 -8 -4 -3 -3 
-2 -3 -14 -9 -3 -2 -2 -3 
-4 5 1 -2 -1 -1 -1 -4 
-3 -8 8 11 3 -1 -1 -1 
-2 -1 -3 2 5 2 1 3 
1 9 -9 -8 -3 -3 -3 -2 
3 -18 7 10 11 2 3 5 
1 30 -10 -2 -3 -2 -3 -2 
-3 -12 -4 -8 -12 0 1 -2 
-2 3 -6 -5 -1 -2 -2 -2 
-1 1 -2 -8 -6 -3 -2 -2 
-1 0 1 4 3 0 1 -2 
1 -1 6 1 0 0 0 0 
-1 7 -11 -2 -1 1 -2 -3 
-4 8 0 6 2 0 -2 -2 
-2 -6 -5 -19 -8 -1 -2 0 
1 -2 -4 -11 -10 -6 -3 -2 
-2 -11 -5 0 5 -1 -2 0 
0 2 2 0 -3 -4 -5 0 
0 -3 5 9 1 -1 0 -1 
-2 -5 2 0 2 1 0 -1 
2 8 5 -7 -7 -3 -2 -2 
0 0 -3 5 8 2 2 -4 
-1 -5 7 10 0 3 1 0 
1 -1 -18 -3 0 3 -1 0 
-6 -5 -6 -8 -8 -3 -3 -2 
-3 -4 -2 -6 -7 -1 -2 -1 
1 -3 3 2 3 -2 0 1 
-2 3 7 1 4 0 0 0 
-2 0 0 8 6 0 0 1 
-1 -8 8 -12 -13 -1 -2 0 
-2 -3 -2 6 -2 -2 -2 -1 
2 -2 2 -2 3 1 0 2 
-2 -6 -2 3 -4 -2 -1 -2 
-2 2 -3 -6 -2 -4 0 -1 
-4 -2 -5 -4 -9 -3 -4 -1 
-2 -2 10 3 2 -2 0 -3 
-1 -4 7 -3 -2 -2 -2 0 
-1 -1 -9 -2 -3 0 -1 -2 
0 -3 -6 0 2 -1 -2 -2 
-3 -1 4 -2 1 0 -3 -1 
-1 1 -4 -4 -4 -2 -2 -1 
-3 -6 -3 3 1 4 3 1 
