#EMG
#9
#ID:9-9
2 -6 -8 -5 -5 -2 2 8 
-6 0 -6 -4 -3 -2 -2 -3 
-4 -1 3 2 -1 0 1 -12 
0 -3 15 5 4 1 -5 1 
-3 -14 12 2 1 1 -3 0 
-1 -1 -29 -11 -3 -3 -2 2 
-4 -3 -16 4 -1 -2 0 3 
2 17 11 -3 0 2 0 -5 
-2 -11 -31 0 -2 -1 2 3 
1 6 28 18 2 4 1 -3 
-3 -5 -6 -8 -5 0 0 -2 
0 1 21 2 -7 -3 0 0 
-2 -11 2 -2 0 -2 -6 2 
3 -4 0 -2 -3 -2 2 7 
-5 -9 -14 -4 -2 -1 2 5 
-2 -23 5 2 1 1 -1 -3 
1 1 14 6 4 0 -3 -10 
-4 12 9 -8 -4 -1 -4 3 
4 -14 -5 0 -3 -2 -1 -4 
-1 6 -17 -5 -2 -3 1 1 
-2 -4 7 -1 -3 -2 0 0 
2 8 -7 -4 0 -1 -2 -9 
2 8 4 4 -1 -2 -1 4 
-2 8 11 -2 0 0 0 2 
0 -5 -5 -2 -2 -4 -3 6 
1 3 -4 1 2 -1 1 -2 
0 0 4 2 2 0 -1 5 
-2 -3 -5 -1 0 1 2 -7 
-1 17 10 -4 -2 -2 -3 6 
-1 -2 -10 -3 -4 -2 0 -1 
-6 -13 -7 -3 -2 -1 -1 -3 
0 4 -3 1 0 -2 -5 -5 
2 -1 6 -4 -2 -2 -1 3 
1 -1 -4 -8 -9 -4 -3 2 
0 -3 7 6 2 0 0 6 
-2 -11 9 4 1 -1 -5 -6 
-1 -3 9 -10 -5 0 1 -4 
-3 -10 -23 0 -1 0 0 20 
-3 8 11 -7 -1 -1 0 -23 
-6 -4 -45 -7 0 0 -4 -4 
-2 7 -4 -3 0 -2 -4 -6 
2 8 19 5 1 0 1 4 
0 3 -9 -3 -2 -2 1 10 
3 13 17 4 0 -1 2 -1 
-1 -26 -20 -3 -4 -4 -3 4 
-2 1 -7 -7 -1 -2 -2 -14 
0 4 -10 -3 0 -2 -3 7 
-2 -3 5 0 -1 -2 1 -7 
-3 9 -5 6 1 1 3 0 
-4 -17 4 2 3 0 1 -10 
1 4 2 -5 -5 -1 -5 2 
1 -3 -3 2 0 1 -7 1 
-2 12 2 -5 0 0 -2 -8 
-3 -2 -14 10 -2 -3 -2 0 
-1 2 18 4 5 2 0 -5 
-4 -27 -18 -7 -10 -4 0 6 
2 -1 4 -3 -2 0 0 3 
-5 -7 0 0 0 1 -5 -21 
0 -3 7 6 0 -1 -1 -8 
1 9 1 1 -1 -2 -1 -1 
-3 -4 -11 -4 2 -1 -1 -2 
2 -1 11 -2 0 -1 1 5 
0 4 -4 -3 -1 -4 -2 4 
-4 6 -40 -8 -3 -4 -1 -9 
-2 -22 11 7 -1 1 1 9 
0 5 -4 -11 -4 0 0 -3 
0 5 1 3 -1 -1 -3 -3 
2 0 12 1 -1 -3 -2 -2 
-2 9 -5 -2 -3 -4 -2 -3 
-3 -7 5 -3 -4 -2 -2 -1 
-2 -8 -17 -6 -2 -1 -1 -6 
3 22 4 -2 -3 0 2 8 
2 -20 32 6 3 0 -1 -4 
-7 -36 -28 -4 2 -3 -2 -7 
-1 7 -9 -7 -3 -3 -4 3 
-4 0 8 0 2 3 0 1 
-4 10 -12 -2 -2 -2 -2 -5 
5 8 21 8 0 -1 0 3 
-2 -2 -18 5 -3 -2 -2 -2 
-1 -2 14 5 1 -2 -2 -1 
-5 -21 -15 0 0 0 1 -2 
2 3 -6 -9 -4 1 -1 2 
-2 1 -3 -3 -1 0 -1 -8 
3 0 11 -1 0 -2 2 2 
3 20 -10 3 0 -2 -2 -1 
-4 -28 9 1 0 0 0 -1 
-5 -15 -11 -4 -2 -1 -1 -1 
-2 5 8 -8 -2 -1 -1 -2 
1 17 6 2 4 0 2 2 
-1 -2 3 -4 -3 -1 0 0 
2 12 15 4 -3 -1 0 0 
-4 -12 -9 -7 -2 -2 -3 -2 
0 8 -9 -6 -1 0 -1 -1 
1 29 -7 15 8 0 -1 -3 
-4 -32 -41 -12 -6 -3 -1 0 
0 -5 1 -1 -6 -1 -1 -1 
0 7 9 -7 -2 -2 0 -3 
-3 7 9 -1 -3 -2 -3 -1 
-2 -6 2 8 4 1 -2 2 
0 6 9 -1 0 -1 -3 -8 
1 -5 14 -2 -1 -2 3 9 
0 -11 2 6 0 0 -4 -3 
2 20 -9 -8 -4 -2 -4 4 
-1 0 28 10 2 0 0 -1 
-10 -48 -35 -10 -6 -2 -1 -19 
-2 7 4 -1 -2 -1 -1 9 
4 3 7 -5 1 1 2 19 
-4 10 -21 -4 -4 -3 -2 -11 
-1 1 -13 -12 -6 -3 -1 -1 
3 -14 37 6 2 1 3 -4 
-1 -1 35 -5 -4 -2 -5 -7 
3 5 1 -2 3 1 0 7 
-4 -4 19 13 4 1 0 -5 
2 -6 20 -6 -3 -4 -7 29 
6 35 16 0 2 1 -4 -19 
-8 -21 -25 -12 -2 0 3 -6 
0 -4 16 4 -4 -3 0 11 
-5 -2 -32 -6 1 1 5 -12 
-3 -8 13 9 0 -4 -12 28 
3 5 4 -11 -4 -4 -2 -5 
-6 6 13 1 -7 -6 -12 -13 
-11 -11 -14 1 6 3 13 -32 
4 6 -1 -9 -3 -1 5 -28 
-14 -1 4 20 -7 -8 -17 -1 
13 7 -8 -7 -1 1 3 24 
-1 10 0 -7 0 -1 -3 -17 
-2 -12 10 15 3 -1 1 8 
-7 -14 3 -8 -1 1 3 15 
7 1 -60 -22 -10 -3 7 16 
-20 13 -10 -4 -2 -2 -20 -46 
27 -11 -30 -9 -5 -5 -3 26 
-7 -6 0 15 12 5 0 7 
6 -23 18 10 6 2 -13 1 
4 1 -13 1 -4 1 23 34 
-7 -1 -10 -10 -6 -3 -10 9 
1 -4 36 3 -4 -3 3 5 
-9 -3 -15 10 6 2 -5 -35 
7 16 -6 -1 -3 -2 8 33 
-16 5 10 7 -3 -4 -9 -71 
3 0 -15 -14 -5 -1 14 79 
-16 1 -1 -3 -4 -3 -10 -61 
-1 -6 -2 1 -2 -4 -13 -36 
6 -3 10 13 8 5 7 87 
4 6 -5 -9 -1 -2 -5 -53 
-7 2 -4 -4 -7 -5 -5 -10 
5 15 4 1 -1 -3 -4 9 
-6 -10 18 3 2 2 7 -21 
1 -19 -41 -3 -2 -2 1 -8 
6 4 47 -3 -3 -1 -1 27 
0 5 -9 -8 -1 0 -1 -5 
-6 -4 51 4 -2 0 2 -19 
-2 16 -38 -4 -3 0 -4 -10 
3 -11 -4 1 0 -3 3 8 
-3 9 1 3 -1 -2 -9 3 
-4 0 22 19 6 1 2 -7 
-1 -26 -26 -7 -2 1 -2 -5 
0 -3 55 20 1 1 4 7 
-3 -14 -56 -8 -1 -2 -6 -1 
5 -8 42 -17 -2 -3 4 -2 
-5 4 -18 19 1 -3 -6 -14 
-4 20 -92 -13 5 0 -2 4 
2 -17 -44 -20 -17 -2 -3 7 
-3 9 -23 -8 -16 -6 -4 -8 
5 18 52 7 17 8 0 -2 
1 -3 53 7 0 -7 1 7 
2 -7 -10 14 -1 1 2 8 
-6 11 -57 -14 2 -1 0 -5 
0 -16 -4 -28 -21 -6 -5 -10 
-5 -9 -34 2 2 3 1 2 
-5 1 13 6 10 -2 -6 -14 
5 -7 5 17 3 -2 -1 7 
-6 -7 19 13 5 2 -3 2 
15 34 23 -24 -11 2 4 -7 
-11 -9 15 -6 -14 -8 -8 6 
-8 -3 -22 4 4 3 18 17 
12 21 9 -2 5 -6 -11 -34 
-13 -7 -9 -13 -7 1 -5 54 
23 -9 12 2 2 2 11 12 
-5 0 -26 -5 -1 -4 -18 -33 
-17 -6 -13 3 -4 0 11 36 
4 -12 -11 -4 -6 -3 2 7 
-11 -16 8 5 4 2 -6 -7 
-7 5 8 -3 0 0 0 -31 
8 4 4 -4 -5 -3 -3 5 
3 -6 -9 2 -2 -3 -3 -13 
6 8 6 0 3 0 -3 18 
-4 -13 26 2 0 0 -3 -5 
-3 -16 -13 -2 -3 -2 1 -17 
1 19 2 0 2 1 9 45 
2 19 23 1 1 -1 -14 -46 
-1 -20 -31 0 -8 -1 6 30 
-7 -8 -5 2 -1 -1 -13 -15 
-9 -7 -23 3 0 0 4 -15 
5 18 -61 -4 -1 2 1 19 
-1 7 -6 -8 1 -1 -4 -2 
5 21 58 33 3 -2 1 9 
-3 0 -37 -13 10 1 -4 -26 
-9 16 32 6 -7 -2 0 -3 
2 -20 -25 -4 16 4 3 9 
-5 4 -59 -5 -4 -2 -2 -7 
0 -21 -9 -9 -25 -11 -7 -8 
-5 -18 15 10 -27 -3 2 0 
-8 -9 -33 -8 13 -3 -3 -1 
6 13 3 -15 -12 0 1 1 
-5 3 1 3 5 0 -6 -11 
3 6 7 -16 -7 0 3 5 
-3 -2 11 19 5 0 -2 -4 
-5 -6 8 -7 -2 -6 -6 -5 
1 -3 18 14 10 4 2 -5 
-2 -18 -3 -3 10 -3 3 4 
-6 7 -3 -15 -18 -2 -5 -15 
2 0 3 4 5 1 2 10 
-2 -13 17 -1 -6 -2 1 17 
-4 3 5 -1 12 4 0 -49 
7 -4 -9 5 -1 1 1 -1 
-4 3 -4 -13 -8 -1 3 -26 
0 -23 16 12 -1 1 -3 37 
0 -6 -8 -11 0 -2 0 -2 
1 -2 0 -2 -7 -4 -3 39 
-9 9 4 -1 -1 -1 -8 -65 
0 -7 -10 -6 4 3 21 45 
1 -4 -1 -4 -2 -4 -30 12 
9 1 -11 -8 -5 -3 3 -2 
-6 -4 2 -10 -4 -1 -2 0 
-2 -1 20 10 3 5 3 -38 
-19 -3 -43 -11 -6 -1 28 48 
24 18 34 4 -2 -1 -37 20 
-8 -1 34 21 8 4 22 28 
-12 2 -29 -27 -11 -8 -15 -2 
-13 10 -32 -13 -3 -6 -4 -36 
11 -2 -23 -20 -4 -1 5 -7 
31 5 -42 -6 1 -2 0 15 
-31 3 21 20 -1 -6 -11 -35 
4 -5 17 4 4 4 13 24 
-12 -2 -10 -8 -6 -5 2 23 
4 10 -4 -20 -6 -4 -27 -27 
5 -2 -53 0 5 4 10 -14 
11 34 54 2 0 -5 -10 -9 
-20 -36 -49 -2 -9 -1 3 -21 
-1 -20 -7 -3 -4 0 9 22 
5 15 24 -7 -3 -4 -11 -18 
-2 -24 -5 20 7 0 -2 1 
1 1 -8 10 23 0 4 -13 
-3 -16 -6 -11 -24 4 10 19 
2 -17 -27 -11 -6 -6 -8 -12 
9 -24 45 20 27 -2 -2 1 
-17 -23 -55 -10 -17 1 4 -6 
3 19 -14 -1 10 2 -4 8 
6 20 58 8 -17 1 -1 -6 
4 -8 -13 -11 1 4 1 3 
-2 6 39 11 29 -1 -2 -11 
-6 -14 28 6 -5 -6 -2 1 
-1 0 -23 -11 -14 -5 -4 -5 
-1 19 6 -8 -1 1 0 1 
0 -1 22 9 3 0 4 -2 
1 -7 -14 10 18 1 -2 5 
5 17 6 9 8 3 3 1 
-4 -38 -20 -5 -7 -4 -6 0 
-7 21 18 -5 -11 -1 -3 -15 
-2 -4 -11 -6 -7 -4 1 14 
-3 -21 -5 5 8 0 0 -21 
-4 0 -9 -8 -11 -1 7 -16 
1 -2 13 1 -11 -3 -16 10 
0 -10 4 -4 5 -1 -5 1 
2 27 3 0 5 -1 1 12 
-9 -22 -37 -3 -5 -2 0 -2 
-2 8 18 -2 -7 -1 0 -16 
-3 -4 15 9 2 0 -3 1 
-1 -6 8 -21 -6 -3 -6 0 
-5 14 -15 -2 -6 -3 1 1 
4 15 15 -2 -1 -2 3 -2 
-6 -4 -29 -2 -3 -1 -6 -6 
-1 0 -35 -6 4 0 3 0 
2 4 15 8 -3 -2 -3 0 
-6 4 16 0 -2 -2 -2 0 
7 -7 76 -5 -2 -4 0 -4 
-3 -22 -4 -1 -5 1 0 0 
2 -1 5 -2 -5 -2 -6 0 
-1 0 3 10 2 2 4 -1 
-3 2 -18 -6 0 -2 1 0 
5 3 11 4 0 1 -1 -2 
0 2 -38 -2 -5 -3 -6 -5 
-4 -3 -27 -9 -7 -2 3 -2 
-6 8 -51 -2 7 3 0 -8 
1 -9 3 -2 -6 -5 -2 14 
-3 5 -5 0 0 0 -3 -13 
-1 17 7 -3 0 0 -1 -6 
-1 -17 4 1 -4 -2 2 3 
-1 -7 -6 0 5 -1 -4 -8 
6 22 28 3 2 1 1 10 
0 -10 42 9 1 1 9 -5 
-2 -17 4 -6 -6 -3 -8 -1 
-3 13 8 7 3 0 2 1 
1 -9 10 -9 -3 -3 -6 13 
1 0 -12 3 -1 -2 -2 4 
-1 -1 -8 -1 3 -1 3 1 
-3 -7 14 -1 -2 -1 -1 -5 
3 2 32 8 4 5 3 1 
-7 -22 -32 -12 -10 -3 -4 -1 
-5 12 -43 -3 -6 -4 0 -2 
-3 -15 -3 0 4 2 -1 -12 
-1 1 4 2 1 0 1 -3 
6 -4 50 -2 0 -1 2 11 
-4 11 10 1 -2 -2 -2 -9 
0 11 10 1 0 -2 -3 2 
0 1 -7 -3 -3 -4 0 -3 
-3 -8 -25 -5 -1 -3 -2 -6 
4 11 8 5 1 1 1 2 
-2 8 15 8 4 0 0 1 
-9 -8 -60 -13 -5 -6 -5 -3 
-6 -5 -19 -5 -9 -4 -5 -24 
0 -20 -20 -2 -4 -1 -1 1 
-3 -10 6 -5 -2 1 -4 -3 
2 5 7 1 -2 -2 -1 0 
-1 -11 2 4 4 0 1 7 
-1 16 13 4 4 1 -1 2 
0 7 -6 1 1 0 -3 -8 
-1 -7 9 1 0 -1 -1 6 
3 5 -7 -3 -2 -1 0 5 
0 0 5 3 0 0 3 -2 
1 4 -8 -3 -2 -2 5 2 
0 6 16 1 0 -2 -3 -4 
0 19 -31 -5 -2 0 -1 0 
-9 -19 -43 -15 -3 -1 -2 -8 
-9 -41 -38 -1 -4 -5 -4 -1 
-1 10 1 -7 -6 -2 -6 0 
0 8 7 3 3 -1 1 0 
2 9 26 6 1 0 -1 6 
3 12 -7 1 4 -1 0 1 
0 10 15 2 0 2 3 -2 
1 -4 44 0 -5 -3 -6 -11 
1 2 -10 -5 0 3 6 35 
-4 -17 -16 -5 1 2 -5 -13 
0 -7 3 3 -5 -3 -2 1 
1 3 -6 -2 -1 -1 -2 1 
-1 3 5 -1 -1 -3 -4 -12 
3 20 21 4 0 0 0 0 
-2 17 -13 -1 0 2 1 2 
-9 -27 -55 -13 -6 -2 -1 0 
-4 -5 31 1 1 -3 -3 -3 
-1 10 -17 4 -2 -3 -2 6 
1 -7 13 -13 -8 -3 -2 -5 
1 -2 -10 3 -2 -3 1 2 
3 8 22 3 0 -2 -4 -8 
-1 15 -1 -4 -6 -4 -4 -5 
-3 -33 3 8 7 0 3 5 
0 1 -9 -10 -6 -2 -3 1 
-1 -12 3 0 -6 -1 0 -3 
0 9 13 3 0 -1 0 0 
-2 -6 -9 -4 -2 -2 1 -3 
-4 -10 15 14 7 0 2 -5 
0 -1 39 -1 -1 -3 0 1 
1 -4 -21 -14 -6 -3 -4 24 
-8 -4 -8 -3 1 -3 -7 -41 
-2 7 10 -3 -1 -2 -2 -1 
2 2 -26 5 3 1 3 0 
-1 14 -1 -1 -3 0 2 -9 
-1 -4 -4 -2 0 -3 -4 12 
-2 -4 -7 1 -5 -3 -1 10 
-3 -2 5 2 0 0 -3 -10 
0 -16 -12 -3 0 -1 1 2 
-1 8 -10 -4 -7 -3 -2 0 
0 0 4 2 2 1 0 -7 
-5 -17 -18 -6 -1 1 1 4 
-1 -6 12 2 0 -3 -1 -5 
0 -14 -10 1 -1 -1 0 2 
1 -2 -6 -5 0 1 -2 4 
-3 -4 -4 -2 -1 -4 -2 -3 
1 5 -1 -3 1 -1 2 -6 
-1 6 3 6 2 2 0 1 
5 -8 23 11 3 1 0 -2 
-6 -9 -47 -19 -8 -1 -3 -4 
-15 -41 -68 -20 -8 -5 -5 0 
0 3 11 -4 1 -1 1 11 
0 10 -18 -3 -5 -3 -4 -17 
5 17 1 5 0 -1 0 -9 
3 6 23 4 1 1 -1 4 
-3 -11 -9 -1 -5 -1 0 -4 
-1 15 -1 1 2 -1 0 4 
-1 0 12 2 1 -1 1 -2 
-3 2 11 0 -1 -1 0 -5 
1 3 -1 0 0 -1 -3 6 
-1 -6 5 -4 -1 -2 0 0 
-1 -3 0 -3 -3 -3 -3 -1 
2 10 11 1 0 -2 -3 0 
4 3 18 19 3 3 3 -3 
-12 -72 -69 -25 -7 -1 5 10 
-2 -4 -4 -1 -4 -1 -6 5 
-1 10 16 2 0 0 -1 -16 
1 3 -5 -1 -2 -1 -3 0 
1 17 17 4 1 1 -1 -7 
0 3 2 4 2 1 1 2 
3 -1 19 3 0 1 0 2 
-1 7 1 -8 -3 -1 -2 -2 
-6 -14 1 0 1 -1 -3 -3 
-2 6 -1 0 -2 -4 -2 -4 
6 8 8 2 -2 -3 0 2 
-7 -5 61 -3 -6 -2 0 -7 
2 -2 18 1 -1 -2 -3 8 
-1 -4 -7 -8 0 -1 -2 0 
0 -7 1 -4 -3 -4 -3 -6 
-2 -8 -38 -5 0 -1 -1 2 
3 19 28 5 -2 -1 -1 -1 
1 1 20 9 0 -2 -2 -3 
1 5 -4 1 0 -1 2 5 
2 8 -19 -8 -6 -4 -4 -4 
-3 21 -5 2 -2 -3 -4 -4 
0 -27 -23 -5 -3 0 0 0 
-2 -10 -8 -2 0 1 1 0 
-2 9 13 0 0 0 0 1 
0 -19 -34 -4 0 0 -1 -4 
0 22 9 1 2 1 0 -1 
-8 -8 9 1 2 0 2 3 
-3 -6 -1 2 0 -1 -2 -6 
-1 12 -11 -9 -5 -2 -2 1 
0 1 19 10 0 1 -1 -7 
-1 -5 -16 -5 -2 1 -3 3 
0 2 -5 -2 -4 -4 -4 1 
0 -1 1 3 -1 0 0 0 
-2 -3 -6 -4 -7 -4 -6 -3 
1 -7 -20 -3 -1 0 -2 -1 
-4 -7 -3 -2 4 0 -1 -8 
1 1 19 -1 0 -1 0 3 
-2 -11 1 -6 0 1 3 2 
0 12 -1 4 -1 -4 -4 -2 
0 -5 3 -3 1 -3 -1 0 
-4 5 -4 -3 -3 -4 -3 -5 
-4 -13 -10 1 -1 -4 -3 -3 
-5 -5 6 -4 -3 -3 0 -1 
-2 1 -15 -4 -1 0 0 1 
-1 -7 13 2 3 2 3 -3 
3 -2 -8 0 4 3 0 12 
-7 -12 -6 -4 -4 -2 -4 -18 
0 0 -6 2 -1 -1 -2 -8 
1 4 0 -2 -4 -3 1 7 
-2 7 8 -6 0 -2 1 2 
2 3 9 1 4 1 1 5 
-1 -9 -2 -1 -2 -2 -1 2 
-2 7 -13 -2 0 1 -4 -8 
-3 -2 -2 0 0 0 0 -2 
5 -7 35 9 3 0 0 5 
-8 -5 -47 -5 -2 1 -1 -7 
0 7 -23 -1 -5 -4 -5 -2 
-1 3 8 -4 -5 -3 -3 -3 
-3 3 -11 -1 -3 -1 -2 -2 
2 -10 18 4 -1 0 1 5 
2 2 9 3 -1 -3 -2 1 
-2 5 -13 -2 -2 -2 0 -5 
1 1 9 1 1 0 1 -1 
5 9 24 9 0 0 2 4 
-4 -12 6 -7 -1 1 -1 -4 
0 -10 1 -4 -3 -2 1 3 
-7 -18 -14 -3 -2 -2 -3 -3 
-3 -13 -14 -5 -3 -2 -1 3 
-3 -12 -2 -3 -2 0 -2 -2 
2 15 8 1 -3 1 -2 -3 
0 3 1 1 0 -1 0 0 
-1 1 7 -1 0 -3 -2 -2 
1 4 -10 1 0 -2 -3 -1 
1 4 -4 -1 1 -1 -1 -2 
0 3 -9 5 1 -1 -2 0 
2 9 0 -5 -2 -2 -1 1 
0 -20 -11 -2 -2 0 1 0 
-3 -12 -17 -2 -2 0 -1 6 
-9 -21 -5 -8 -9 -5 -4 -10 
-3 -3 1 -6 -5 -4 -2 -2 
0 6 22 2 2 1 1 -1 
2 -10 14 8 1 0 0 -2 
2 9 0 4 4 5 1 0 
0 2 2 -2 1 1 0 -1 
-4 -18 -27 -6 -2 -4 0 -2 
-2 7 10 3 0 -3 -1 -4 
-4 0 5 -4 -1 -1 2 3 
-3 -5 -14 -5 -2 0 -1 -4 
1 12 15 -1 1 -1 1 -1 
1 1 -11 -5 -2 -2 -3 -2 
0 -2 1 2 -3 -1 -2 -3 
2 4 7 1 0 -1 0 1 
-1 -7 -11 -5 -3 0 -2 -2 
-2 -2 0 -3 -3 -2 -3 -2 
3 10 1 0 -1 0 0 1 
-3 -6 -8 -3 -3 -2 -3 -2 
-2 -1 12 3 -1 -1 -3 -3 
-2 5 -10 -7 -3 -1 -1 -2 
0 7 -3 -8 -5 -1 0 -1 
-3 -9 -2 4 4 3 3 3 
-2 16 -1 -4 -1 -3 -3 -2 
-2 -3 -7 -2 1 0 0 -3 
1 -6 -3 0 0 -3 -2 -3 
1 -11 1 1 -2 -2 -2 1 
0 -5 -6 3 -2 0 -1 0 
-3 8 -7 -5 -1 -1 -3 -4 
-2 -10 28 4 1 1 2 4 
-1 1 -6 -3 0 -1 -3 -2 
0 -7 2 3 0 -1 -2 2 
-3 -19 -4 -1 1 1 0 -1 
-2 8 -11 -1 -2 -1 -2 0 
-3 4 6 -2 -3 -2 0 -4 
2 6 7 3 1 1 2 5 
1 9 8 -1 -3 -3 -4 -2 
-1 -7 -11 -1 -3 -2 -1 -1 
-4 11 -14 -7 -3 -1 -1 -5 
-4 -6 6 -2 -1 -3 -1 -2 
-2 1 1 2 1 -1 1 -1 
-3 2 3 -3 0 -2 -2 0 
-1 2 8 2 -1 -2 0 1 
-1 4 -5 -1 -2 -1 -3 -3 
3 3 18 6 2 -1 1 3 
1 -2 -37 -9 -6 -2 -3 -3 
0 -9 -42 -8 -6 -2 -4 1 
-4 6 10 -3 -3 0 0 -7 
-3 -36 -15 -3 -3 -1 1 -3 
-3 8 4 -4 3 0 0 -1 
-2 -14 -2 2 0 -2 -1 -1 
-1 0 -7 -3 -2 -1 -2 3 
0 12 12 4 -1 0 -1 -3 
1 5 0 0 -1 -3 -1 -1 
2 -2 -1 -1 -3 -3 0 2 
5 33 32 10 0 -2 -2 -3 
-2 -34 -11 -6 0 2 2 5 
-4 -16 -17 -13 -5 -5 -4 -8 
-2 0 -2 -5 1 -1 -1 0 
-4 -21 -9 -3 -3 -2 -2 1 
3 18 4 3 -2 -1 -2 -1 
2 1 6 5 0 -1 0 1 
0 1 10 1 0 1 0 -2 
2 2 -5 0 1 -2 3 -1 
-3 -1 -10 -5 -2 -2 -1 -2 
1 -4 4 1 -1 -1 1 -1 
0 9 -11 -1 -4 0 -2 -3 
1 -13 30 2 -3 -2 0 1 
-1 0 -9 1 5 2 1 -1 
-1 -6 -5 0 -3 -1 -2 -1 
-4 -15 -10 -2 2 -3 -3 -2 
-6 -15 -19 -10 -5 -2 -4 -3 
0 12 4 -3 -2 -2 -2 -1 
1 8 14 0 -2 1 0 -1 
1 16 14 -1 0 -1 -1 -1 
-1 -15 27 7 4 2 0 0 
-3 -1 -6 -5 0 0 -1 -3 
-3 -7 -18 1 0 0 0 0 
0 -4 16 -1 -1 -2 -1 0 
-2 6 -17 -8 -2 0 0 -5 
-1 3 5 2 0 -2 -2 -3 
0 12 6 -3 0 0 0 -2 
-1 -13 -7 5 1 -1 -1 1 
-1 12 -8 -2 -3 -3 1 1 
-3 -3 -21 -10 -2 -3 -2 0 
-4 -14 4 2 -1 -3 -3 -3 
1 1 5 -3 -2 0 0 2 
0 11 -10 1 0 0 -1 1 
0 0 11 3 -5 -3 -3 -5 
-2 1 0 1 0 1 1 -1 
-3 -4 -5 0 -1 0 2 -1 
-2 -14 -13 -6 -4 -4 -3 -4 
0 6 1 -3 -2 -3 -1 0 
3 4 10 -3 -2 -1 1 2 
-3 -4 -13 -1 0 -1 -1 -2 
-2 -4 -14 -5 0 0 -2 0 
-1 -23 -5 3 3 -1 -1 0 
1 4 19 7 3 1 1 0 
0 -4 5 2 -2 -1 1 -1 
-3 -5 -22 -5 -2 -3 -1 0 
-3 0 -6 -5 -4 -2 -2 -1 
0 -1 -6 -3 -4 -5 -4 -1 
-1 -4 2 -1 -1 0 -1 -3 
-2 2 3 2 -1 -1 -2 -4 
-3 7 -35 -1 -2 -3 -3 -3 
-1 -15 27 2 1 0 0 -2 
2 6 2 -3 -3 -1 -1 -1 
-1 -5 0 -1 1 1 2 8 
-1 -5 1 4 -2 -2 1 -4 
-3 8 -10 -3 -3 -2 -3 1 
-4 -8 -21 -6 -1 -2 -2 -2 
-3 -1 5 0 -3 -1 0 -3 
-2 -2 -14 -3 -1 0 -1 1 
0 6 -8 -2 -1 -2 -3 -3 
0 -5 13 2 0 -1 -2 -1 
2 11 7 -1 1 1 0 1 
2 3 4 -3 -2 -2 -3 1 
-1 -7 2 1 0 -2 0 -3 
0 -1 -4 0 -2 -2 -2 -1 
-2 0 -12 -2 -2 -2 -1 -3 
-3 -20 12 3 1 1 -1 -2 
0 -3 -17 -2 -1 1 -2 -1 
-2 2 11 2 1 -1 -1 -2 
-2 -3 4 1 0 -1 0 -2 
0 7 9 -1 -3 -1 2 2 
-1 12 -14 -7 -5 -2 -3 0 
-2 -3 -6 1 0 -1 0 -2 
0 2 -4 -2 -3 -3 -2 -3 
0 4 15 0 1 0 -1 -2 
-4 -1 -17 -7 -1 -1 0 0 
-3 -22 5 -1 0 -1 0 -1 
-6 -5 -4 -3 1 0 -1 -3 
2 7 11 3 1 0 -2 2 
-2 -8 -25 2 2 1 2 0 
3 14 41 1 -1 -1 -2 0 
-1 -10 -34 -5 0 1 -1 0 
-2 5 8 -2 -5 -4 -3 -5 
