#EMG
#8
#ID:8-15
-1 -3 1 -2 0 1 0 2 
-1 3 -3 -1 -3 -2 -1 -1 
1 -9 -5 2 -7 -4 -3 0 
-1 -1 -2 -10 -4 -4 -2 -4 
0 -3 -1 3 0 1 -1 0 
0 3 1 1 0 -3 -1 -2 
0 0 0 -2 0 0 0 0 
-1 13 3 0 3 -2 -3 -3 
-4 -14 -31 4 9 2 2 1 
-3 -10 7 -13 -6 0 3 -2 
2 -4 -3 5 0 -2 -1 -5 
-2 -1 -1 -3 -2 -5 -3 0 
-1 7 6 -3 -9 -5 -4 -4 
-2 -2 -6 -2 -1 -4 -3 -2 
3 -6 1 0 0 1 3 2 
-2 -7 -6 -1 -3 0 -3 -2 
-1 3 6 5 0 0 -1 1 
-3 -7 -7 1 -1 3 0 -1 
-2 3 3 -9 -5 -4 -2 -3 
2 0 1 7 5 2 3 0 
-2 -2 1 -7 4 0 0 1 
-1 7 2 0 -4 -1 -4 -1 
-2 1 -6 8 5 0 -2 0 
-3 -3 -1 -6 -5 1 -1 -1 
0 -1 3 6 -3 -1 0 -2 
-2 0 -2 -1 1 -1 -2 -1 
-1 1 3 2 -3 2 -2 -6 
-1 -2 1 -3 -3 -2 2 3 
-2 3 -2 -7 -4 -1 -3 -4 
-3 -3 -4 4 -2 0 0 1 
-1 -3 -3 -1 -3 -4 -5 0 
1 -2 2 -4 -4 2 2 -2 
1 2 2 0 9 1 0 1 
-1 -1 -1 6 -3 -4 -3 -4 
-4 7 -22 -13 -10 -4 -3 0 
-2 2 3 1 -1 -2 -4 -4 
-1 -9 1 -8 -9 -2 0 0 
0 5 5 12 8 4 0 -4 
0 -2 0 -16 -5 0 -1 1 
-2 0 -6 1 -6 -3 -4 -3 
0 1 1 1 0 0 -1 -1 
-1 -2 -6 -5 -1 -2 -2 -1 
-1 -4 9 2 -3 -1 0 -1 
-3 -4 -1 3 6 0 2 0 
0 -8 9 3 -2 -2 0 0 
-2 -1 1 -2 -1 -4 -4 0 
-3 -2 1 -4 1 1 1 0 
-2 -1 0 6 4 2 -1 -2 
-2 -6 -6 3 -3 -3 0 -1 
-4 -1 -11 -10 -7 -3 -2 -1 
-1 -3 -1 -1 -1 -1 -3 -7 
2 0 0 -4 1 0 -1 3 
-1 2 -4 -2 3 1 -1 -2 
0 0 0 -5 -3 -1 -1 3 
0 -4 -1 9 7 1 0 -3 
-3 -2 3 -7 -3 -3 -3 -7 
0 1 -1 -7 -5 0 -1 6 
-3 -4 -7 -12 -13 -5 -2 -3 
0 -5 -4 5 -4 -5 0 2 
-1 -1 -3 3 -3 -1 1 -2 
-2 5 4 -1 3 -2 -1 -1 
0 -2 3 2 2 -1 0 -2 
-1 12 -16 -8 2 0 -1 -1 
0 -18 -1 6 -1 2 0 2 
-2 0 -4 -12 -6 -3 -1 -3 
1 -2 -8 -2 2 3 2 1 
-3 3 -6 -9 -13 -3 -4 -1 
-1 3 1 8 7 -2 -4 -1 
-3 -1 -3 -1 -2 -3 -4 -4 
-1 -1 3 1 2 0 0 0 
0 -3 5 -2 3 2 1 -2 
1 -1 -3 -1 -2 -2 1 3 
1 -2 5 13 4 1 2 0 
0 2 -1 -14 -5 -3 -2 -8 
0 -3 4 3 -3 -4 0 6 
-3 -1 -3 -6 -2 -1 -3 -4 
0 -1 -4 -1 -1 -1 -2 2 
-3 -2 1 8 5 -1 -1 -2 
1 -1 12 6 3 0 1 -1 
-3 -3 -10 -3 6 -2 -1 -4 
-1 -8 3 1 -8 -1 1 1 
-3 -5 0 2 -3 -1 0 1 
-2 -5 3 -4 3 -1 -1 -4 
-2 -3 0 -1 -3 -1 0 -1 
-2 -6 -10 0 2 -1 -3 0 
0 6 2 0 1 -2 -3 0 
-2 -2 -2 1 0 -1 0 0 
2 4 2 -3 2 0 0 -2 
0 5 0 -7 -1 -1 1 -4 
-1 -3 -5 -1 -5 -3 -2 2 
-1 -9 13 3 2 0 -1 -2 
0 8 3 2 0 5 0 -1 
-6 -4 24 -1 -3 -3 -4 -4 
2 0 -2 -7 3 -4 -1 0 
-1 -3 -10 -9 -17 0 1 -2 
0 0 -2 -4 -12 -10 -8 -2 
1 1 -2 1 11 3 0 1 
-4 -13 18 6 3 0 -1 -1 
0 8 0 -8 -12 0 1 0 
1 -1 2 2 4 1 1 4 
-2 6 -4 3 0 -3 -1 -4 
-1 8 5 2 -2 -2 -5 -3 
1 -3 -15 -11 -3 -1 -3 1 
-3 -3 2 1 -5 -1 1 0 
-1 -2 -14 -8 2 -3 -2 0 
1 1 -3 -1 -1 0 -2 1 
-4 -6 21 7 3 2 -1 -3 
-3 -1 -1 -5 -2 1 -3 -4 
1 -1 -2 1 2 0 1 1 
-2 2 -11 5 -2 -3 1 -5 
2 -1 -7 2 5 -2 0 5 
-2 -3 -3 -4 0 -2 1 2 
1 4 3 -4 -10 -2 5 -2 
1 -7 0 1 -3 2 1 1 
-5 -13 8 -2 0 -5 -2 -10 
0 0 0 2 4 0 1 2 
1 -1 -9 -13 -9 -2 -5 1 
-1 -6 -6 -8 -2 0 -3 -3 
5 9 34 12 11 2 3 9 
-4 -9 -2 9 -5 -2 -3 2 
6 -6 -5 -17 -8 0 1 -3 
-4 3 -6 -17 -6 -5 -3 2 
-6 2 -46 -5 -1 -1 -4 7 
4 -1 -4 5 3 0 2 0 
-3 1 -11 10 3 0 -4 -20 
7 26 37 2 -2 1 11 20 
-12 -14 3 5 0 2 -5 4 
16 0 -8 -1 3 -1 2 28 
-2 -3 1 -1 -5 -3 6 -5 
-8 -8 -23 -1 0 -3 -20 -30 
20 17 0 -13 -8 -9 -3 2 
-20 0 7 -5 -2 2 3 5 
-6 -4 -2 10 4 0 -13 15 
5 1 -9 -6 -7 -3 14 9 
-1 -3 -8 -3 1 -3 -3 -17 
-3 -6 -2 2 5 3 -3 -25 
-13 -2 -2 -9 -6 -3 -2 -9 
0 -3 3 20 12 4 2 -4 
2 -3 -4 -21 -10 -4 -22 10 
0 4 -14 -10 -12 -6 3 -31 
4 -3 1 -3 -2 -3 -3 58 
-9 9 4 1 3 2 7 -35 
-1 -2 0 22 14 5 -5 4 
-6 -13 -6 -16 -9 -6 -8 3 
-5 0 -2 3 -6 -1 1 -20 
-5 2 3 0 -3 -7 -6 -21 
-15 -1 -23 -13 -3 0 -2 -66 
18 5 7 0 4 4 2 89 
2 -10 -6 0 1 1 0 -13 
1 -4 -2 -1 -6 2 6 15 
-1 13 6 11 14 1 -1 -16 
-6 -16 0 -8 -20 -10 -4 -11 
3 11 12 3 -1 -2 -1 -16 
-1 -17 -3 9 4 4 1 12 
-2 2 -4 -10 0 -3 2 3 
-2 7 33 -1 -2 0 -3 -15 
-2 -4 26 6 5 -1 1 7 
-7 -31 -5 1 16 -1 -11 -8 
-1 11 4 18 -12 1 3 16 
-4 -18 -18 -36 -33 -5 2 7 
-13 1 -23 -8 -10 -9 -6 -52 
9 3 2 -7 0 2 0 31 
0 -6 -2 -2 12 6 10 14 
2 19 -12 14 11 -1 -1 -8 
3 7 33 13 3 0 -4 1 
0 -2 -14 5 20 8 3 6 
-5 -13 -6 7 22 1 4 9 
-7 17 -31 -22 -65 -6 -10 -22 
0 -10 12 13 18 3 2 9 
4 6 45 4 13 1 3 1 
4 -13 52 35 37 -2 -3 1 
-7 -23 -82 -74 -54 -5 -6 -19 
-6 -12 -24 11 6 5 3 0 
2 6 -2 3 -11 -12 -9 3 
-2 -5 -15 -34 -34 -5 1 -3 
0 8 29 26 31 4 1 -3 
2 7 2 6 22 1 2 8 
-3 -3 -13 -10 1 2 -7 -8 
0 5 -2 6 -14 2 4 5 
-3 -3 11 8 24 -2 -1 -9 
1 -2 -21 -19 -30 -6 -3 -4 
-9 4 -3 -9 5 -5 -3 -1 
2 -3 -6 3 -4 1 -3 3 
1 -5 19 14 -4 -5 -4 -5 
-2 -2 3 -8 6 3 3 -2 
-6 -3 -8 1 -6 -5 1 3 
1 1 -6 -16 -23 -5 -8 4 
1 1 7 23 35 7 1 13 
-5 -2 -11 -18 -44 -8 12 1 
8 3 -16 -25 2 -4 -17 -25 
3 -3 1 -1 -9 1 9 32 
-5 -5 6 18 25 4 0 -18 
3 2 2 4 4 -2 -6 9 
-7 5 -8 -15 -20 -4 3 18 
0 -14 4 2 0 -3 -3 23 
-6 -2 40 4 6 1 8 -29 
2 -17 -6 -10 -2 0 -9 23 
3 0 0 10 -8 -2 14 12 
-11 16 17 -10 1 1 -16 -85 
15 -14 -1 7 4 0 16 83 
-4 7 -11 4 -4 -9 -14 -1 
5 -4 5 32 3 4 -6 4 
0 10 -32 -46 -19 -4 1 -10 
-8 -9 17 1 -14 -4 -5 -21 
4 -9 8 2 20 6 10 6 
-3 12 -35 -3 -15 -5 -8 -8 
-3 -11 29 25 29 7 10 18 
-9 -12 -67 -20 -10 0 -12 -38 
-4 12 10 3 -17 -9 -1 12 
5 -23 -35 -4 2 1 -3 -8 
0 24 9 5 -7 -3 0 -13 
1 -8 -3 -11 3 -5 -7 16 
-5 3 -7 1 9 7 -1 -15 
-3 12 -5 -17 -1 1 1 17 
-8 -35 -61 -2 -4 -5 -4 -11 
-1 27 4 5 7 4 -1 -6 
3 -14 11 8 1 -1 -1 -2 
4 1 27 4 -6 1 3 3 
4 9 30 5 -1 -7 -5 15 
-7 -9 15 5 14 0 -1 -12 
-1 -8 -17 -20 -8 1 -5 -15 
-6 -13 41 13 16 6 4 -4 
-5 -13 -4 -18 -18 -5 -4 -15 
8 22 -7 13 13 0 3 16 
4 9 0 12 13 3 0 4 
-2 0 8 8 15 -3 -1 -9 
-1 -13 -6 -20 -39 -1 1 -2 
-1 -5 38 12 0 0 1 -15 
4 -3 -9 -10 -14 -3 2 21 
-4 11 -52 -1 -5 -4 -4 -14 
-1 8 7 2 14 -3 6 8 
-1 -4 -29 5 -2 -2 -7 -1 
-11 10 28 -2 1 -1 -8 -11 
10 -5 -9 -3 -4 -3 -5 -32 
-1 -3 -12 -2 3 1 4 13 
8 6 -3 4 -3 -2 6 20 
7 3 -13 -2 -2 -1 -4 -6 
-4 -4 17 -9 -8 -2 -1 14 
1 -1 0 18 4 4 -3 -4 
-10 -6 3 -10 6 1 -1 -8 
-3 -13 -2 -3 -3 -3 2 -6 
1 1 -2 -19 -25 -6 -2 -1 
4 0 1 12 9 -2 8 22 
-5 13 10 7 10 3 -14 -11 
-3 9 11 -2 -9 -3 3 -6 
-12 -4 -3 -22 -5 0 -5 -30 
4 8 -18 8 4 -6 0 -5 
-8 1 -2 10 4 1 -6 0 
-1 12 -2 -10 -20 -6 -4 -25 
2 3 18 -3 -6 1 1 -2 
-7 -21 -18 1 6 0 -7 -1 
6 -11 21 6 0 -7 3 -1 
-3 2 -15 6 19 4 -1 5 
-4 0 -8 -18 -36 -8 2 9 
2 -11 40 -4 7 1 0 -3 
-1 7 -15 -9 -9 2 1 5 
-3 -7 -7 1 13 1 0 -4 
3 4 19 7 6 1 1 6 
-5 -12 -2 -6 -16 -8 -8 -6 
0 -7 2 0 -2 0 -5 -10 
4 9 10 13 9 5 4 8 
-5 -17 -6 -4 5 -2 -3 1 
2 15 -5 -11 -4 -1 -2 1 
-4 -4 -8 -10 -21 -8 0 -4 
2 -12 -8 -6 -7 0 0 2 
-2 -8 -10 14 6 0 1 8 
-3 -2 -7 3 11 0 1 -3 
0 5 5 -6 9 -2 -1 -4 
-3 -3 -13 -14 -24 -7 -2 0 
-2 4 2 4 1 -1 0 -2 
-2 3 5 -2 -6 -1 0 -1 
0 -6 -8 1 9 2 0 -2 
-2 -2 4 -2 -2 -4 -7 -1 
-3 -5 0 0 2 0 -2 0 
2 6 -6 -4 5 -3 -5 3 
1 -5 -9 -5 -7 0 2 -1 
1 -21 15 14 6 2 2 -3 
-3 3 1 0 -5 -2 -2 -2 
-1 1 32 -7 0 1 -2 -2 
1 5 4 0 1 5 0 -2 
-4 3 -7 -2 4 -2 -1 -1 
-2 -9 -5 -2 6 -3 0 -1 
-3 0 -11 7 -11 0 3 3 
9 -2 -9 -13 -11 -6 -3 -6 
-2 13 3 3 5 3 -3 3 
-3 -15 -6 2 4 2 1 -1 
-4 7 -37 -2 1 -2 -3 0 
-4 1 3 -4 -3 -4 -2 1 
0 1 -11 0 -4 -3 -1 -3 
1 6 3 0 -5 -3 -3 1 
0 -6 -2 0 1 1 0 -2 
-2 -10 20 11 3 2 3 -1 
1 -6 -7 -3 13 -2 0 -1 
-1 2 -6 -4 -25 -2 -1 1 
5 6 13 9 8 3 2 -2 
-1 -1 -6 -4 0 -1 -1 3 
-7 -14 -13 -17 -21 -9 -4 -4 
-6 -12 4 -3 3 -3 -1 -3 
-4 -6 -21 -8 -6 -1 0 -1 
-4 8 2 3 -1 -3 -4 -3 
2 13 -2 -4 7 4 0 0 
3 10 4 5 0 -1 -1 4 
-2 6 0 -8 -14 -4 -5 -5 
-4 0 1 0 16 1 1 0 
-2 -3 -23 -4 -8 -1 -1 0 
1 -1 2 -2 3 -3 -2 0 
0 -3 4 0 3 -2 -3 1 
-1 -5 -13 -4 -7 -4 -2 -4 
-1 -1 -1 -3 -2 -2 0 0 
-4 2 3 7 10 0 -3 -2 
-4 -4 -1 4 4 3 1 -4 
-1 -1 -9 1 -2 -3 1 -3 
2 -16 19 3 -4 2 2 1 
1 -5 0 -1 -8 0 0 1 
-2 0 2 6 14 5 2 -1 
-2 7 2 -9 -3 -2 -3 -9 
3 -4 2 0 2 -2 0 5 
-1 -7 -1 -1 6 0 0 0 
-1 0 -5 -6 -10 -4 -1 0 
-4 8 -5 9 0 -2 -1 -1 
-3 -2 4 -2 6 1 0 -4 
-2 3 2 -1 -7 0 0 0 
2 4 -7 -12 -9 -5 -4 -2 
2 4 -7 -15 -20 -5 -3 2 
-2 -5 1 3 -2 1 1 -2 
-1 -5 -6 0 -1 -3 0 -3 
0 -3 0 0 4 -3 -1 -2 
2 -1 5 3 1 -1 -1 1 
0 5 -2 8 6 -2 -3 -2 
-4 2 -6 -1 5 0 -2 -4 
1 -2 1 -12 -27 -6 -3 -2 
-1 -4 -9 -9 -7 -4 -4 -2 
-1 -4 -12 -10 -5 -5 -2 -4 
-3 2 -4 -2 6 3 1 0 
-3 -13 17 7 4 1 1 1 
-3 -5 3 2 0 4 0 1 
2 2 2 -5 5 0 0 0 
1 9 -7 6 4 -1 -3 1 
-6 -17 -9 9 5 -3 -3 -4 
-4 -1 0 -12 -29 -8 0 -2 
1 2 5 2 8 0 -2 -2 
0 0 -3 -10 -11 1 2 2 
-4 -2 -7 -5 6 0 -1 -2 
1 -15 -1 5 14 1 -1 -1 
-2 7 4 -2 -7 -1 2 -1 
-1 -3 4 8 3 -2 -1 -3 
0 6 -1 -2 -1 1 -2 1 
-4 -7 -3 3 1 0 -2 -2 
-5 -1 -4 -2 -2 -3 -3 -2 
0 -1 -1 0 -4 -2 -4 -2 
1 9 -2 -10 -8 -3 0 2 
3 24 -12 -4 2 -1 -3 -3 
-1 -6 -1 1 7 2 1 2 
0 -2 0 1 2 -2 0 -1 
0 0 3 3 -3 -1 0 -1 
-2 0 -1 5 1 -1 1 0 
-2 0 -3 1 -2 -1 -3 -3 
0 -1 -3 -9 -8 0 -2 -3 
1 2 5 6 22 0 -2 -2 
-1 -5 1 -4 -18 -3 0 0 
-3 1 -5 -6 -16 -3 -4 -2 
-4 -14 1 -4 -2 -4 1 1 
-6 -3 -7 0 0 -1 0 -2 
-2 -7 3 4 13 1 -1 0 
1 3 2 4 1 -1 0 -2 
1 4 0 -3 0 1 -1 1 
2 0 -2 8 4 -1 -1 1 
-2 -3 5 -1 10 2 -2 0 
0 3 -8 -13 -22 -4 -2 -5 
-2 -12 -1 0 -5 -3 -3 0 
0 -5 -2 0 -4 0 0 1 
-1 -4 -1 0 2 -1 1 1 
1 6 5 -1 7 -1 0 1 
-1 4 -3 0 3 -2 -3 -3 
0 -4 1 -4 -8 -3 -3 -3 
2 -2 5 1 3 0 -2 -2 
-3 0 -12 0 -3 1 -2 0 
-2 -1 3 0 2 1 1 1 
-2 -1 -7 -14 -21 -1 -2 0 
-2 -3 -5 3 11 1 -1 -1 
1 9 -18 -4 -14 -6 -5 -1 
-1 5 5 -4 0 -2 -1 -1 
-2 -8 -7 -2 -4 -4 -2 0 
-1 2 -1 -5 -2 -1 -1 -1 
0 -4 4 4 7 1 0 -2 
1 -1 -5 0 1 0 -1 -2 
0 0 2 -1 1 -2 -1 0 
-3 -2 -7 0 -3 0 -1 -3 
-1 -4 8 3 4 -1 0 0 
-3 -4 -12 -3 0 1 1 0 
-3 3 -1 -3 -3 -2 0 -3 
-3 12 5 -5 -1 -5 -2 0 
-2 -13 1 -5 -10 -3 -1 1 
-1 -2 3 -6 0 -2 -5 -2 
-1 -3 -2 1 1 2 -2 0 
-1 4 -4 0 -4 -2 -2 -3 
-1 -2 5 5 5 0 1 0 
-1 0 -5 0 -1 -2 -1 -1 
1 7 3 -3 0 -3 -2 -3 
0 -7 2 -3 -4 1 0 0 
0 -3 0 0 3 3 -3 -3 
0 -4 -2 4 -2 1 0 -1 
1 6 6 2 21 1 -1 -2 
-3 -11 -2 16 2 2 2 0 
-2 -4 -2 -24 -18 -4 -1 1 
1 19 -19 -11 -11 -8 -7 -3 
-3 -22 9 1 -11 0 4 0 
0 -7 -2 2 11 0 -2 0 
-1 -7 -2 7 7 2 -1 1 
-2 -2 4 0 -1 1 0 -3 
-1 4 -4 -2 3 -1 -2 -2 
3 0 0 -2 -7 -1 -2 1 
-1 1 4 4 0 0 -1 -1 
2 1 2 -3 -3 -3 -1 -1 
-4 1 -11 2 3 0 -2 0 
-2 -6 -1 -15 -22 -7 0 -3 
0 -1 -4 2 -1 -3 -1 -3 
-2 -4 4 2 13 0 -2 0 
1 -4 -5 -1 -8 -2 2 -2 
-2 1 -1 -9 -2 -1 -2 -2 
-2 -7 -3 -1 3 -1 -1 -1 
-3 -8 0 3 -2 0 -1 1 
-1 1 -5 2 -1 0 -3 -1 
1 3 -1 -3 3 -1 -2 2 
-1 2 1 1 -2 -2 -1 -2 
-2 -4 4 3 1 0 -1 0 
0 2 -1 -7 -3 0 0 0 
-2 -11 -7 2 -1 0 -1 -1 
-4 0 -2 1 2 0 -1 -2 
-1 -3 -6 -6 -6 -4 0 2 
-1 1 -4 -2 1 0 -3 -1 
0 1 0 -9 -9 -5 -2 -3 
1 -2 -1 2 4 1 -1 -1 
-1 2 8 2 -1 1 -1 -1 
-3 -5 0 0 0 -1 1 0 
-1 -3 -1 2 1 1 0 -1 
-1 -2 0 1 0 -1 0 -2 
1 3 4 4 8 -1 2 -1 
1 3 7 9 20 4 -1 0 
-1 -3 -4 -6 -39 -6 -4 0 
0 -2 4 -7 0 -3 -1 1 
-3 -7 -9 -19 -17 -1 -2 -3 
1 2 -2 4 7 -4 -3 -4 
-4 -7 -2 1 14 3 0 -1 
-2 -3 -6 3 -4 -1 -2 -2 
-1 -17 15 9 7 2 1 3 
-1 -1 -2 -3 0 1 2 0 
0 5 -1 2 -2 -1 0 -1 
-2 5 0 -2 -5 -2 -1 -2 
0 5 -6 -1 3 -3 1 -1 
-2 0 -2 -4 -12 -3 -4 0 
1 0 6 4 3 1 0 0 
0 -3 -1 -5 -1 -1 -2 -2 
-1 1 0 -1 1 0 -2 -4 
-5 -9 -8 -5 -12 0 0 -1 
-2 1 -2 -2 7 -2 0 0 
-3 -5 -5 -3 -4 -2 -2 -1 
-1 2 1 6 7 1 0 -3 
-2 -3 -3 -3 -10 -2 0 0 
0 0 2 -9 -4 -2 -3 -1 
-1 0 -1 3 7 -2 1 0 
-1 2 4 3 -11 -4 -3 -3 
-1 1 -2 -3 -1 -2 -2 -3 
-2 -3 -3 -1 4 1 -2 -2 
-3 1 1 -2 0 0 0 -1 
0 0 -6 0 3 -1 0 0 
-1 -1 3 4 1 0 -1 -2 
-3 0 -3 3 8 -2 0 -1 
-1 0 -2 -5 -14 -2 -1 -2 
-4 -6 -11 -6 -7 -3 -2 0 
0 -2 -2 -2 -6 -2 -2 -2 
0 0 2 1 21 -2 -1 0 
1 -2 -3 -2 -33 -1 0 0 
0 -5 -7 -6 3 -1 -1 -2 
1 1 4 -2 -5 -2 -3 -2 
-1 -3 -2 2 -2 1 -2 0 
-3 -3 -4 4 14 2 -1 1 
-1 0 -3 -2 -2 -2 -2 1 
-2 2 0 -2 0 0 1 2 
-1 3 1 1 3 0 0 -1 
0 2 7 9 12 0 0 -1 
-1 -2 -10 -7 -12 1 0 0 
1 -5 4 -5 7 -2 -1 -1 
-2 -2 -4 -10 -21 -5 -2 -3 
-1 0 -2 -9 -4 -4 -3 -4 
-2 3 5 4 4 1 1 -1 
-1 0 2 2 2 -2 -1 -1 
0 -6 -7 2 0 2 -1 -1 
-1 -2 -1 1 6 2 0 1 
-1 4 2 -1 1 -3 -3 -1 
0 0 -2 -2 -4 1 -1 -1 
-1 1 6 5 -5 0 -1 -2 
-1 0 -2 2 29 1 -4 -4 
-3 -9 -8 -10 -29 -3 1 -1 
0 -2 -3 -2 -12 -4 -1 -3 
0 0 -2 -3 0 1 0 -1 
0 0 0 -2 0 -3 -2 1 
-1 1 3 6 11 1 -2 -1 
-5 1 0 0 -1 -1 -4 1 
-1 -1 -1 0 -4 0 -1 -2 
0 -3 -2 1 2 1 1 0 
1 -1 -2 0 4 2 4 0 
-4 -7 -9 -12 -20 -5 -2 -2 
-3 -2 -6 -10 -1 -6 -2 -4 
0 -6 -7 -7 -11 -2 0 -1 
-1 4 3 2 1 -2 -6 -3 
0 -3 1 4 7 2 0 0 
-1 -2 2 0 8 0 -1 -2 
0 1 1 1 -3 -1 0 0 
1 -7 -1 3 5 -3 -2 0 
-2 -5 -8 -1 -2 1 -1 -2 
-3 -12 -5 -1 -6 -1 -2 -1 
0 0 1 11 3 0 1 -1 
0 3 0 -6 0 0 0 0 
0 2 0 -3 -8 -4 -4 -3 
-2 1 1 4 8 -1 -2 -2 
-2 -4 -6 -5 -3 -2 -2 0 
-1 -3 -3 5 -7 2 0 -1 
4 1 3 -1 7 -2 1 -2 
0 1 -2 0 3 -1 -3 -2 
-1 1 2 -2 -18 -3 -3 -1 
-2 3 1 -4 6 -4 -2 1 
-1 3 3 -1 -7 0 1 3 
0 2 -3 2 0 -1 0 -2 
-3 -1 -2 -1 15 4 2 -1 
-3 -3 -6 -11 -23 -3 -3 -5 
0 1 2 5 5 2 0 -2 
-1 -1 -1 -2 1 0 -1 0 
-1 -3 -3 -3 -7 -2 -4 -1 
-1 1 1 3 1 -2 -2 0 
-6 -3 -6 -2 5 2 -2 -2 
-1 3 2 -5 -19 -2 -1 -2 
0 -7 -2 0 6 -2 -1 -3 
-4 -7 2 4 11 1 0 -1 
1 2 2 4 -12 -2 -2 1 
1 -2 -6 0 4 -1 -1 1 
-2 -1 -2 -7 -10 -1 1 0 
0 3 4 3 4 -3 -1 -2 
-3 -5 -3 -1 4 -1 0 -2 
0 -2 1 -3 -4 -1 -1 -1 
0 1 2 -1 0 -1 -1 -1 
-1 0 1 4 16 1 1 -1 
-3 -2 -5 -3 -7 -2 -2 -1 
0 0 0 -5 -14 -3 -2 -1 
-1 -2 -2 -8 -3 -1 -1 -2 
-2 -3 -3 -7 -11 -4 -4 -3 
0 0 -2 -3 5 -2 -2 0 
-3 0 -2 0 3 0 1 -2 
-4 2 0 -2 -1 -3 0 -2 
1 2 3 0 -5 -2 -1 0 
-1 -2 -8 2 15 -1 2 -2 
-2 0 -1 -2 -16 3 0 0 
0 6 4 -5 -10 -3 -3 -1 
0 1 -2 -2 -1 1 -2 1 
0 -1 0 -6 -11 -3 -4 1 
0 -1 -2 3 10 0 0 -1 
-3 -1 -3 0 -1 0 -2 0 
-2 0 -2 -2 -4 -1 1 -1 
0 -4 1 1 2 0 0 -3 
-1 -2 0 5 10 -2 -3 -1 
3 -1 -4 -2 -6 -1 -1 0 
-1 -2 -7 -6 -10 -2 -2 0 
-1 -1 2 1 1 0 0 0 
-2 -1 -1 -6 -11 -6 -4 -3 
-3 2 -2 -1 5 -2 -4 -2 
-1 -1 0 -3 3 -2 -1 -1 
-2 -1 -3 -2 -2 -2 -1 -1 
0 -3 1 -3 2 -1 0 -2 
2 1 -2 8 11 -1 0 3 
-1 -3 -4 -4 -20 -4 0 -1 
-1 -1 0 -4 -2 -2 -4 -2 
-3 1 1 -1 0 -1 -1 -3 
-3 -7 -4 0 2 1 -1 -1 
0 0 -1 2 0 0 -1 -3 
0 2 1 2 7 0 1 -2 
1 0 3 -4 -4 0 0 1 
-1 1 -3 1 6 -1 -3 -2 
-2 -7 -3 6 5 1 2 -1 
-1 -2 -2 -10 -14 -3 -4 -2 
1 1 1 1 4 -1 -1 0 
-1 -3 2 -3 -11 -3 -3 -1 
0 0 -2 2 10 1 -1 0 
-2 -1 -1 3 5 2 -1 1 
-2 -5 -5 -5 -18 -2 0 0 
-3 -4 -1 -5 -3 -3 -1 -2 
-1 0 -2 -3 2 0 -2 -2 
-2 0 0 0 5 -1 -1 0 
-5 -2 -2 -4 -13 -3 -1 -1 
-3 0 -1 2 8 4 2 0 
1 -1 -2 -3 -4 -4 -3 -1 
0 -1 1 1 2 1 0 -2 
0 -2 -2 -2 0 1 0 0 
-1 -1 -3 -6 -13 -1 -1 -1 
-1 -1 -2 1 10 -1 -3 -1 
1 0 -1 -1 -11 -3 0 -1 
0 0 -2 -2 2 -1 -4 0 
-1 1 1 -1 -7 -2 1 -5 
