#EMG
#0
#ID:0-8
-5 -21 -1 -10 -8 -4 -2 -1 
-3 7 3 2 -7 -6 -1 3 
5 1 -11 -1 -1 -2 -2 0 
2 9 27 5 3 -1 0 -1 
-2 -5 -18 -2 3 2 -2 -2 
-2 -16 8 -1 1 0 -1 -3 
-4 4 -7 -4 -3 -3 -2 0 
1 7 6 -2 -3 -3 -1 -2 
0 -3 11 1 6 1 3 1 
8 -8 4 -1 -3 -1 -2 -3 
1 0 -4 -8 -7 -3 0 2 
-1 -13 30 9 -6 -1 -1 -2 
-2 0 4 2 0 0 0 -3 
-5 9 -27 2 0 -3 -2 -4 
-3 -4 -5 0 1 -1 -1 1 
2 11 -9 5 4 1 0 1 
-3 3 11 -10 -3 0 2 -12 
-1 -16 37 5 -2 -2 -1 9 
-2 -19 10 -7 -5 -2 -3 1 
-1 -4 -17 -2 -2 -2 -4 -4 
-13 -11 -23 12 0 -5 -7 0 
2 7 9 -5 3 1 0 -8 
-3 -5 -12 -2 -1 -1 2 1 
-1 -8 4 -1 -3 -3 -5 -6 
-3 3 2 -6 -1 0 -1 0 
1 0 -5 -8 1 1 2 4 
1 5 3 0 -5 -3 -4 -5 
-6 27 2 -6 -1 -1 0 1 
2 -18 -10 7 1 1 -2 2 
1 -2 -11 -4 1 -1 -2 -1 
0 7 15 -20 -5 -3 0 -5 
-2 -18 -36 0 -3 -4 0 -1 
2 14 15 -5 3 0 -1 1 
-3 1 24 5 -6 -2 -1 -2 
-11 -22 -27 -3 -2 -3 -3 -8 
5 5 31 -3 -1 0 1 5 
-2 -5 -15 -7 -1 0 -2 1 
-2 5 10 -1 3 0 -1 -3 
4 5 18 7 1 1 -1 3 
-6 -14 -20 -7 -7 -4 -5 0 
5 2 6 -6 -1 -1 1 4 
0 0 6 2 -2 -2 -6 -1 
0 2 -9 12 3 2 5 -2 
2 8 2 6 1 0 3 -5 
-2 -20 32 8 2 0 2 7 
-4 -4 -22 -13 -5 -1 -1 -11 
-7 -6 0 -7 -1 -4 0 4 
2 -13 -31 -11 -3 -1 -3 -7 
-4 5 5 7 -9 -6 -6 -10 
-3 15 -4 6 1 1 -2 2 
-2 -17 -7 3 0 -1 -1 -2 
1 6 14 -4 -2 1 0 1 
0 -3 -12 -2 -1 -2 -2 -2 
-1 -8 2 -1 0 -1 -2 -1 
2 3 27 10 3 2 0 2 
-5 19 -10 -12 -8 -7 -4 -3 
2 -2 6 0 0 -1 4 3 
-8 -29 0 6 3 -1 3 -6 
-1 15 7 -5 -11 -4 -4 -2 
1 0 -6 -16 -8 -4 -4 1 
0 12 -12 -5 -7 -5 -4 -5 
-1 8 -2 -8 0 -2 -2 -2 
2 -5 6 12 8 2 -1 2 
0 -4 3 4 3 0 -1 -1 
-1 7 1 -2 -3 -1 -3 -3 
1 -1 -6 1 -1 -1 0 3 
-2 -4 -14 -4 -2 -2 -1 -3 
-2 -2 -7 -1 -1 1 0 1 
-1 -4 -1 4 3 1 -2 -4 
-2 4 5 6 4 1 2 -3 
6 15 16 1 1 2 -1 4 
-10 -38 -33 -9 -4 -4 -2 -4 
4 3 11 14 10 3 4 19 
-6 -8 -16 -20 -18 -7 -3 -4 
-4 -8 -11 5 -5 -5 -2 -6 
-2 2 12 10 5 1 1 -6 
-3 -4 -5 0 2 3 -2 -7 
3 9 7 3 8 2 -2 3 
-2 2 -10 -7 -1 0 -3 -3 
2 -10 23 6 0 1 -1 1 
-3 -23 7 10 3 0 1 -1 
0 2 -16 -8 -2 -2 -2 -5 
-6 -10 -16 -9 -5 -1 -2 -2 
0 -3 -10 0 6 -1 -1 3 
-2 12 10 0 3 1 1 -1 
-8 -9 0 -13 -24 -7 -3 -2 
4 6 -27 -9 -5 -6 -5 -2 
1 -17 8 0 -5 -4 -3 -1 
-2 -1 -1 -5 -1 -3 -4 -4 
2 6 2 6 9 4 2 2 
0 20 19 1 2 0 -2 -2 
0 -11 -13 0 -1 0 1 2 
-2 6 -2 -9 -7 -4 -3 -14 
0 8 5 6 3 1 5 6 
-4 -16 0 -8 -3 -3 -4 1 
-9 16 -4 0 2 0 -4 4 
6 1 -20 -8 -8 -4 -1 -5 
4 3 7 21 8 1 0 4 
1 3 27 -23 -5 2 7 1 
-4 -29 17 -6 -8 -3 0 -3 
-9 7 9 18 0 -4 -5 -6 
-5 -23 -60 -24 -7 -2 -4 -3 
1 3 2 24 3 -3 -1 -7 
0 21 -5 -16 -3 -1 0 3 
7 -5 14 -16 -8 0 1 0 
1 14 -16 12 5 2 0 7 
-3 -9 -32 3 3 1 -2 -4 
1 3 -6 3 -4 -2 -1 -5 
-6 -6 15 -1 2 -1 0 2 
-3 -15 2 -8 -5 -4 -4 2 
-8 0 -22 -10 -6 -3 3 -8 
9 15 29 18 2 0 -3 -3 
-9 -13 -62 -19 -4 -3 -3 1 
12 21 -4 -2 -2 -4 -2 -6 
0 -11 15 -2 4 2 -2 7 
-3 1 4 -4 -2 1 0 -2 
-6 0 -10 9 -7 -6 -5 -1 
-11 -5 25 -4 1 -1 -2 -5 
13 16 -35 -13 -5 -1 -1 -2 
2 -1 -8 0 9 3 3 -2 
2 0 -3 -9 -1 -1 -2 -3 
0 9 12 29 9 1 1 -1 
-9 -10 23 -12 -4 1 0 1 
-3 -21 -19 5 -6 -4 -2 5 
-3 13 36 8 5 3 4 0 
20 -25 -8 -12 2 -1 6 5 
7 11 25 10 1 -3 -6 -7 
-5 2 -7 -15 -4 -1 -6 -2 
-10 11 9 0 -9 -6 -3 -12 
-5 -14 5 -1 0 -2 -7 0 
4 -4 8 13 1 0 0 7 
2 24 1 -2 3 2 5 -2 
-5 -41 -39 2 4 0 -1 3 
-12 12 9 -16 -3 0 3 -6 
4 -1 59 13 -4 -6 -6 -4 
-10 -8 11 -2 -4 -4 1 -5 
-8 -6 -14 0 -1 -1 -3 -6 
4 -5 -55 -5 -7 -2 -2 5 
-5 12 15 15 9 6 5 2 
2 -16 8 -7 0 -1 -5 1 
-2 -10 -16 -10 0 3 -1 12 
-9 -13 -8 -17 -5 -2 -1 -33 
-12 4 -29 4 -5 -2 4 0 
-3 -14 -10 -1 -2 -3 -10 11 
38 27 19 1 -2 0 6 16 
-32 -6 -9 15 5 2 -8 -37 
37 -4 -35 -5 -8 -4 7 7 
-15 11 79 20 9 2 3 -7 
6 -34 -38 -22 -1 -1 -5 0 
-6 -10 25 8 -5 -4 -1 7 
2 13 -11 -23 3 1 6 7 
7 -6 -22 11 2 0 -3 8 
0 10 0 -2 -5 0 -2 -2 
2 12 12 8 2 -2 -1 -3 
-14 -12 -25 -8 -2 -1 0 1 
13 14 -34 11 1 -3 1 2 
-11 11 26 4 8 3 0 -20 
3 -2 28 -11 -4 -2 -13 7 
-12 -22 -29 0 -10 -5 0 2 
2 29 9 -1 1 -4 -1 -30 
-15 2 4 -24 -7 -6 -8 -14 
2 1 3 17 -3 -5 -4 -1 
-17 13 0 -12 6 1 -15 -14 
27 -4 -9 -1 -4 1 9 12 
-18 -11 -9 21 9 1 5 -4 
-5 10 21 -17 -4 0 3 -3 
8 -17 1 9 0 -1 3 35 
-16 -6 -13 -7 -10 -2 1 -16 
4 -6 -7 2 0 -1 3 20 
12 15 4 -4 0 -1 -3 6 
-3 -3 -7 8 7 2 -1 -16 
-12 6 -1 -23 -8 -5 -9 -13 
1 -3 20 -6 0 4 9 6 
1 -16 -14 6 -6 -2 8 22 
-2 -16 25 -4 -3 -5 -19 -19 
5 -7 34 27 6 4 0 -2 
-3 4 -17 -21 -11 -6 -7 -9 
-1 -9 1 -12 3 -1 2 8 
2 -35 -30 10 6 2 3 -10 
-1 9 8 -14 -6 -6 -8 2 
-3 8 33 20 0 0 -1 -7 
13 -9 -17 -24 -1 1 1 11 
-5 19 4 6 -1 -4 -4 -4 
-10 -12 -68 -13 4 2 5 4 
9 6 15 -2 2 1 1 2 
-4 18 12 1 -18 -13 -12 -8 
-17 -8 -19 -9 -5 0 -3 -12 
0 -16 -35 -3 3 0 -2 -17 
14 27 76 40 15 7 5 26 
0 13 -48 -19 -3 0 -2 -7 
-11 0 -3 -20 -16 -10 -3 -10 
-8 25 -48 36 20 1 -1 1 
16 9 -42 -64 -32 -8 -3 1 
-2 17 11 0 -11 -9 -5 -9 
5 -25 31 26 5 -2 1 6 
-3 -10 19 -14 15 0 1 8 
-24 -8 -85 -7 -8 -1 -3 -8 
33 30 37 33 4 3 5 10 
-11 14 -58 -34 -17 -6 -8 -8 
-1 -23 24 -38 -8 1 0 8 
-9 -27 -75 1 13 5 6 1 
-15 -26 -39 17 -9 -9 -2 -8 
2 -21 -34 20 31 6 0 -8 
-1 20 17 -33 -19 -1 -1 6 
-39 -6 56 37 7 -7 -13 -10 
4 -5 37 -30 -2 9 1 5 
-8 4 16 39 -2 -5 0 -1 
-17 -27 -50 8 4 3 11 -26 
33 8 50 -1 0 -1 -3 54 
15 -2 -18 33 24 4 6 3 
3 14 22 -28 1 7 3 -9 
-11 -10 13 -17 -30 -10 -14 16 
9 -7 -7 10 1 -5 -2 -7 
-5 -8 23 63 24 4 12 0 
-31 -13 -18 -83 -24 1 -9 -8 
39 6 16 38 0 -6 -2 -22 
-3 -2 10 -24 2 0 -2 13 
-21 -11 0 9 -4 -5 -2 7 
-6 -8 0 2 -2 -2 9 -24 
2 9 29 9 2 -1 -21 34 
-1 28 16 0 -1 -2 1 -17 
23 -7 27 -17 5 4 -5 10 
-11 29 2 8 -2 -1 9 -13 
7 -12 -4 28 -2 -4 -1 22 
41 -18 -16 -2 1 -1 11 -22 
-85 -20 -22 -5 -11 -4 -7 -18 
37 16 45 6 7 0 -5 23 
-9 13 -4 -31 -7 -4 1 -17 
-6 5 16 21 3 1 9 9 
15 -9 -23 -15 -3 -2 -17 -27 
9 2 18 28 11 3 11 36 
-4 3 22 8 -1 -1 -5 12 
-4 -11 -8 -15 -12 -3 -4 -17 
-23 21 -31 -25 -10 -3 0 -14 
-16 -11 11 22 3 0 -3 -2 
15 18 8 3 6 2 11 0 
-14 -15 3 -5 -11 -6 -5 -8 
10 -14 -58 -14 -4 0 -1 -5 
4 24 -12 4 -9 -4 0 15 
1 54 14 -4 -4 -5 6 -12 
-6 -70 -6 29 15 -2 -12 -3 
-3 23 60 39 24 7 4 -3 
0 -32 -71 -65 -4 -2 -6 -7 
-7 25 24 -4 -34 -3 -2 2 
-5 15 -15 -28 -20 -6 -8 -7 
16 -15 -26 -5 -10 -2 -2 8 
-3 -31 -3 12 6 -2 -1 -2 
-12 -2 32 9 29 5 -2 -10 
3 3 -29 -11 -2 3 2 -6 
-4 -2 14 -10 -11 -6 2 5 
16 15 21 6 6 -2 -4 1 
7 -31 -25 -9 -7 -1 -2 0 
28 46 -22 13 6 5 5 0 
-7 -10 -22 -34 1 -1 -8 -1 
-28 -7 3 7 -16 -7 -1 -3 
-3 -21 -1 -2 0 2 1 4 
19 9 -1 1 4 -4 -6 -7 
16 6 -12 -14 -18 -6 0 5 
17 25 44 19 -4 0 3 0 
-28 -39 -30 -10 7 4 5 -21 
4 -28 18 3 5 0 -4 7 
-11 10 3 -7 -3 -2 -4 1 
-5 5 6 -15 -14 -2 1 1 
3 11 -2 14 2 -3 1 5 
-15 10 -7 -3 2 0 -1 -6 
6 -6 24 -5 1 -1 2 -1 
2 -24 -29 1 -4 -3 -7 -5 
3 1 20 8 7 0 2 3 
-17 4 -17 -29 -17 -6 -7 -14 
3 10 25 9 3 0 1 10 
2 11 12 -5 -1 -3 -5 -5 
2 -19 -38 -7 -2 -1 0 -5 
-15 -5 -33 3 -4 -1 3 1 
-2 -8 17 -6 1 -2 1 -3 
4 0 8 -2 1 3 1 0 
-2 -14 -34 2 6 -1 0 6 
11 8 36 12 -1 0 -2 -3 
18 4 -1 4 -2 0 -1 1 
-22 14 45 38 13 2 -1 -4 
3 -49 -16 -57 -13 -2 -3 8 
-12 5 5 3 -5 -2 0 3 
8 4 15 10 4 1 2 -2 
6 1 17 6 5 0 -1 -1 
-11 14 -9 -4 -12 -3 -4 -9 
-8 -12 -32 -6 -4 -5 -3 -5 
0 2 9 -10 -3 -1 4 -1 
1 -8 -12 3 6 1 -2 -2 
-5 6 20 18 13 1 0 -4 
-4 -8 -32 -13 -11 -6 -2 1 
-8 -7 -10 4 -13 -5 -3 -2 
1 6 -5 2 10 1 2 3 
5 -1 2 -6 -8 -2 -3 -7 
-6 14 21 19 -4 -3 1 4 
-5 -3 5 -20 7 1 0 0 
-2 -19 2 -11 -13 -1 -1 0 
-7 -5 4 19 -6 -9 -5 -10 
5 13 53 13 12 4 2 7 
-6 -5 -39 -2 -1 -3 -7 -6 
26 -11 -27 -17 -4 -2 -1 5 
12 46 -8 0 0 -2 1 4 
-52 -18 11 -3 -1 0 0 -12 
12 7 -2 8 -4 -5 1 0 
-9 -3 -50 -28 -9 -3 -7 -2 
7 -2 13 6 -3 -1 -6 -4 
18 -3 0 6 -2 -1 -1 7 
-7 10 20 6 8 1 0 -7 
3 3 12 -2 -8 -2 4 5 
2 0 -24 -6 -2 1 0 9 
-8 -10 33 -9 2 -2 -2 -5 
-8 -9 -20 2 1 3 -1 -5 
13 -8 20 0 -7 -4 -1 7 
-1 -2 3 3 3 1 0 -1 
-8 -8 -6 -14 -3 2 2 -5 
-2 -11 10 9 0 -2 -1 6 
-8 7 9 7 -3 -3 -1 -13 
-4 -15 -4 -3 0 1 0 10 
7 7 0 -6 4 0 -1 2 
-4 -22 -26 2 -2 -2 -2 4 
-16 6 -5 4 1 0 6 -14 
-4 12 -21 -21 -5 -3 -8 -5 
13 1 7 14 0 1 -2 6 
-5 -25 -4 -17 -8 -1 1 7 
-10 -2 -17 3 -4 -6 -12 -15 
8 9 27 17 2 3 5 6 
-19 14 -24 -12 0 -2 -1 -3 
-10 -1 14 5 1 0 -3 -1 
18 5 22 1 4 3 2 1 
-22 -19 -39 -8 -8 -7 -4 -12 
9 18 -6 -2 -7 -3 -5 2 
7 -25 -5 -5 0 -2 1 -5 
-2 -7 -9 -8 -2 -2 -3 4 
-3 -11 -20 -12 -7 0 -1 -10 
-1 2 -3 6 2 -3 -1 -1 
-2 6 7 1 -2 0 0 -3 
2 11 6 3 1 -1 1 0 
4 20 24 9 8 1 1 1 
-11 -60 -74 8 8 5 5 -6 
-1 13 -6 -24 -4 0 2 1 
8 -17 8 7 -13 -8 -5 5 
-1 -10 -6 -3 -8 -3 -3 4 
7 19 9 -1 -3 -4 -4 -5 
0 6 -3 -2 -1 -1 0 -4 
-8 -2 -17 -5 4 2 2 1 
1 8 8 -1 1 0 1 -3 
4 2 9 0 1 -1 -4 2 
-2 3 5 2 3 0 0 3 
-6 7 -10 -10 -4 0 -1 -2 
1 -11 -2 3 -4 -5 -2 -3 
1 18 63 4 4 4 2 2 
-13 -8 -43 -7 -2 0 -5 -1 
7 -2 6 6 1 0 -1 -4 
-6 -23 -24 -12 4 2 -1 0 
0 2 4 -2 -24 -11 -9 -6 
-4 -4 7 -3 -6 -5 -3 -7 
-2 15 3 9 6 0 -1 2 
3 -3 73 13 11 6 8 3 
2 7 6 -3 6 1 2 1 
7 8 18 4 -1 4 -1 0 
-10 -4 -31 -2 2 1 1 -3 
8 -5 -1 4 -2 -4 0 5 
-1 -4 -16 -8 -4 -2 -7 -4 
2 6 3 12 -2 -3 -1 4 
0 4 -9 -27 -2 -3 -4 6 
-3 -5 14 9 2 0 -1 0 
-3 -14 -25 12 0 -2 -1 -5 
0 -14 23 -16 -10 -1 1 -1 
-4 -1 -9 19 7 -1 1 -4 
-5 6 -36 -21 -9 -4 -3 -1 
-5 0 23 0 5 2 1 1 
5 -1 15 10 -1 -3 -4 -7 
-3 -6 8 -7 -5 -1 -1 0 
-9 4 -7 3 0 2 -2 -3 
7 -4 -16 -10 3 -1 -1 0 
-1 6 -10 -2 -1 -2 -1 3 
2 4 19 6 -3 -1 -1 1 
-1 8 23 4 0 -2 -6 -5 
-13 -14 -14 -11 -2 0 3 -6 
35 -6 -6 21 7 0 2 4 
-22 -16 12 -22 -11 -3 -2 3 
2 7 -5 -7 -8 -5 -6 -4 
0 -16 -40 -12 1 -1 0 2 
-6 3 9 2 3 -1 -2 -10 
3 9 -11 8 8 0 1 0 
1 4 4 6 2 0 2 -1 
10 13 19 -8 -8 -3 0 -1 
-16 -9 -10 -6 -4 -4 -4 -3 
-7 -27 -46 -12 -7 -2 -4 -2 
-3 0 40 7 2 1 2 -1 
6 5 8 9 2 0 0 4 
-1 32 13 -8 1 1 0 0 
3 -13 8 0 -1 0 -2 -5 
5 -5 -9 0 -1 0 0 -2 
-3 5 2 17 1 -3 -4 -4 
-1 0 4 -19 -6 -2 0 -1 
-1 6 13 5 0 -2 0 -1 
-6 -8 -36 -14 -5 -4 -6 -6 
-4 -24 6 0 -4 -2 -1 -2 
-8 19 23 -1 7 2 -3 5 
-6 10 -72 -8 -16 -8 -4 -10 
8 -1 -18 7 0 0 4 4 
2 -11 4 -2 -1 -3 0 0 
3 -2 4 0 1 -2 -1 -1 
1 1 9 5 5 0 0 2 
-5 5 19 5 0 0 0 -2 
-8 23 -13 -16 -5 -2 -3 -9 
-11 -20 -14 16 5 2 3 7 
25 -26 -3 16 6 -3 -8 11 
-30 -16 -48 -44 -13 -3 -2 -9 
-1 1 7 9 -11 -6 -6 4 
-7 4 -3 -2 0 -2 -1 -10 
-5 11 21 4 0 0 4 -6 
10 1 20 10 6 1 0 4 
-1 3 -1 -7 1 3 1 -5 
-5 -8 -14 -6 -6 -2 -3 -5 
-2 -13 17 2 3 4 2 2 
3 28 4 3 -3 -2 -5 -2 
-6 -29 37 -4 5 5 3 -4 
-5 -17 8 2 -11 -6 -5 -2 
2 -9 -44 -22 -7 -3 -3 -8 
-9 -9 -40 -21 -7 -5 -3 -3 
-1 -5 6 12 0 -3 -2 0 
3 11 10 2 2 1 3 7 
3 13 28 3 2 1 0 -1 
-2 -5 -1 6 -3 1 0 0 
2 14 -9 -1 4 0 -2 1 
-3 0 2 6 5 3 2 -5 
3 1 6 2 -4 -3 -4 -8 
6 -17 20 3 0 -2 1 5 
-1 -15 -56 -15 -6 -2 0 5 
0 9 5 4 -1 0 -1 -4 
-9 -6 5 -10 -3 -1 0 -1 
-5 2 20 16 -5 -4 -4 -3 
4 -5 -4 -4 0 -1 -3 0 
-9 0 -3 9 -3 -3 -2 -9 
3 -8 1 -3 2 2 0 12 
3 -7 2 -3 2 -1 -2 -3 
-4 16 -6 -6 -4 -3 -3 0 
2 -12 -11 0 1 1 0 -1 
-2 18 27 1 5 0 -1 -1 
-3 -9 -16 -10 2 1 -1 -1 
-4 -9 -1 5 -6 -3 -3 -8 
5 -20 -7 -2 -1 -1 2 10 
-5 8 7 7 -1 -1 -3 -3 
2 17 12 6 3 2 0 1 
0 -7 14 -5 0 0 -2 -6 
2 10 -41 -15 -2 -2 -5 -2 
-13 -8 -3 3 -2 -2 0 -9 
-5 6 -76 5 7 2 6 4 
-11 10 25 -5 -1 0 -2 2 
4 5 27 0 -7 -3 -2 -1 
3 -11 -38 -11 -7 -4 -1 2 
-2 10 13 3 0 -3 -3 -3 
10 -10 -2 -5 1 1 4 4 
-3 -1 -4 9 4 1 -2 -2 
-5 2 9 11 5 4 2 0 
-2 -16 18 -7 -12 -6 -5 -5 
-1 8 -16 -4 -5 -3 -3 5 
10 -11 0 -8 -3 -1 -4 -5 
-6 -15 2 -8 -4 -3 -3 -7 
-2 -12 9 9 3 1 -1 4 
-1 5 -5 8 5 2 1 -5 
-11 22 -10 -27 -7 -3 0 0 
10 7 61 9 -1 -3 0 0 
0 -9 -3 2 -6 -4 -5 -2 
-6 -1 -23 -4 -2 -1 -1 -2 
-2 1 -31 -8 -1 -3 -1 -7 
-17 -15 -23 -23 -16 -2 -2 -2 
7 -5 15 6 0 -3 -3 -5 
1 4 13 8 3 -1 -2 -1 
0 4 5 9 2 0 2 7 
-4 6 -8 -6 0 -2 0 -1 
0 6 -3 -1 0 2 1 -1 
2 -1 -1 -10 -4 -1 -3 -3 
-5 -6 5 8 2 1 -3 -1 
5 8 -13 0 6 -1 -1 2 
2 13 24 -6 -1 2 -1 -4 
-10 19 41 15 3 2 3 6 
8 -52 -73 -26 -16 -10 -7 -8 
-1 -14 46 4 -5 -3 -1 1 
-3 0 17 1 2 -3 -5 -5 
-2 12 13 -3 4 2 -1 -1 
-1 11 14 12 6 4 2 2 
0 6 -21 6 5 2 1 -1 
-2 -5 -15 -5 -2 -1 1 -2 
6 -3 2 -2 -3 0 -2 -1 
-4 -7 7 7 0 -1 0 1 
3 3 -28 -9 -4 -3 -3 -2 
-5 -1 5 -1 2 -1 -3 2 
5 18 -2 7 0 -4 -4 -2 
-2 2 21 -5 1 -1 -2 -8 
-10 6 -22 -6 2 3 6 12 
2 -21 -14 -2 -7 -5 -4 -10 
2 0 -16 -22 -21 -10 -8 2 
1 -11 68 8 -3 -3 0 -1 
1 7 18 9 5 1 1 -5 
-4 0 -70 0 6 4 4 3 
2 0 15 2 9 4 4 1 
-3 29 20 5 -3 -3 -2 -2 
2 -11 -81 -16 -3 -4 -6 -2 
-1 -4 3 -10 -1 -3 -7 -2 
-5 -10 -18 1 2 1 1 -1 
-6 -8 8 -2 -7 -3 0 1 
2 2 11 10 1 0 3 -6 
2 14 22 13 2 0 1 -4 
-8 -14 -31 -11 -2 2 1 -2 
0 4 -7 -6 2 -1 -1 -3 
-3 4 13 -3 -7 0 -2 3 
7 -2 11 1 -13 -7 -4 -3 
0 4 16 12 3 -1 0 0 
-6 -6 -19 2 4 0 -3 3 
-3 10 -57 -21 -4 -4 -8 -8 
-14 -7 2 1 4 2 3 1 
1 -11 -12 7 0 -2 -3 0 
6 -2 -13 -15 -4 -1 0 1 
-3 5 -3 4 -2 -1 -3 -1 
-5 -10 24 3 -9 -4 1 1 
5 -5 -6 -11 -1 -2 0 -2 
-1 10 -5 9 2 -1 0 -3 
-7 -8 33 7 4 -1 0 -5 
7 -3 -8 -15 -1 2 1 0 
13 -11 7 -11 -6 -1 -4 4 
-19 3 -2 16 -2 -2 -1 2 
0 -10 10 6 -2 -3 -2 -1 
-6 -8 -7 -6 -3 -1 -1 -3 
-5 0 -10 0 3 0 0 -5 
6 -5 -14 -7 0 -2 -2 0 
6 38 40 4 0 -4 -2 -3 
-2 -2 -12 -2 3 1 0 -4 
-1 6 16 -6 1 2 0 2 
-11 -17 -41 -6 -5 1 -2 -11 
9 -23 19 -5 -2 -3 -5 7 
-3 -7 4 -6 -7 -5 -4 -5 
-8 -19 -7 3 -8 -5 -3 -3 
1 22 10 -7 3 0 0 1 
2 -13 4 4 -1 -1 2 -2 
2 6 -9 1 6 5 1 2 
-1 8 51 13 2 0 1 -3 
1 -5 -1 -7 0 0 0 -2 
-3 3 -10 -10 -3 0 1 -4 
0 9 12 5 1 1 1 3 
-18 13 12 9 1 0 5 -5 
-3 -37 -15 -13 -3 -1 -3 2 
11 -1 -8 6 4 -2 -4 1 
-7 -2 -7 -20 -6 -5 -7 -5 
-3 -15 -31 -9 -21 -10 -8 3 
4 5 19 -1 2 -1 -1 1 
-8 -11 -6 6 3 3 3 2 
2 4 10 9 7 1 2 -1 
2 4 -4 2 4 -1 0 -3 
1 17 -25 -4 -3 -1 -1 3 
-7 -2 -9 -1 0 1 -1 -18 
2 12 12 2 0 0 4 10 
-3 -18 -26 -11 -1 -1 -2 7 
6 1 -22 1 -6 -5 -9 -3 
-7 -5 12 -5 -4 -3 -3 -2 
-6 -24 -12 -7 -8 -7 -5 -7 
0 10 -10 3 2 1 4 -2 
0 -4 10 1 1 0 5 1 
2 9 15 6 3 2 1 -3 
-2 20 -2 -8 -2 -2 -2 -3 
-7 -6 9 8 9 0 -3 3 
13 -1 6 -7 -6 -1 -4 -5 
-6 -8 2 9 -13 -9 -3 -6 
-2 2 -3 -11 -3 1 -1 -2 
-3 -24 -26 -1 -7 -5 -6 -8 
-8 6 -3 7 4 0 1 0 
-2 -10 -5 -6 0 -1 -1 3 
3 3 5 7 2 0 2 3 
5 5 18 5 6 3 2 -8 
2 -6 37 -3 -2 0 0 8 
12 3 -25 -3 -2 -1 -1 3 
-9 -15 3 7 1 -3 -2 5 
-1 -9 -7 -3 -2 -3 -3 -3 
-2 14 -1 -1 -2 0 -2 -6 
-2 7 2 -3 -3 -2 -1 1 
5 2 9 -8 -2 -1 -1 0 
2 11 -1 -7 -4 -3 -4 -2 
-1 -10 -7 5 -2 -2 -2 -1 
-4 15 12 7 4 1 -1 0 
-2 -6 -5 -1 -2 1 4 -3 
10 -8 21 -14 -8 -2 2 2 
-5 -19 -19 5 -3 -2 -1 -4 
-1 2 4 -8 -1 -2 0 4 
5 4 -3 8 1 -1 -3 -2 
-5 5 0 5 3 0 1 -4 
-7 -8 -37 -39 -9 -1 -2 1 
-5 10 14 11 -2 -4 -5 -4 
-2 4 -10 2 1 -1 -3 -1 
-1 -2 12 3 3 3 1 0 
1 12 51 28 10 3 4 4 
-5 -15 -45 -28 -8 -2 -5 -1 
-1 -14 -11 -7 -5 -5 -5 0 
-3 -16 -15 4 3 1 0 -2 
0 2 11 6 -1 -3 1 -1 
0 4 2 -9 0 0 2 3 
-3 7 7 14 -5 -4 -3 -3 
-1 -13 -10 6 2 -2 -2 0 
1 7 -2 -9 -2 -2 -4 -9 
2 -4 10 5 -3 -1 2 4 
0 2 -12 -8 -4 -2 -1 0 
