#EMG
#0
#ID:0-6
-7 -8 -1 2 1 -3 3 3 
1 8 9 6 -4 -4 -2 -1 
4 -2 11 8 2 0 -2 1 
8 10 4 -2 9 2 0 -1 
-12 -18 -16 -11 -6 -1 -1 -1 
12 4 -8 -9 -10 -7 -5 -3 
-3 2 -5 0 -3 -2 -1 -1 
-1 -19 -18 2 6 2 -5 -7 
2 2 16 0 3 4 -1 -2 
-6 -19 5 -18 -9 -2 -2 -5 
-16 -5 -10 -8 -2 -2 0 -6 
1 -8 35 17 3 -4 -4 -2 
8 2 -9 -5 0 -3 1 -5 
-1 4 -9 -5 5 2 3 0 
-2 17 24 7 0 -1 -1 5 
-4 -2 0 -1 3 0 3 1 
-2 6 -10 -1 3 2 2 2 
2 -1 8 13 0 -4 1 1 
-1 -18 -2 -4 -2 -1 -1 1 
2 -2 14 8 2 0 3 2 
-1 7 -3 -17 -8 -4 -5 -2 
-5 -26 3 11 2 -1 -2 2 
-4 -8 -20 -18 -5 -1 -1 -9 
-5 6 -20 -2 3 1 1 1 
2 -7 27 -5 -6 -6 -1 -2 
-3 10 -19 -5 -8 -7 -4 -3 
-3 1 14 9 -1 -3 -1 -1 
2 -4 -3 -6 1 0 1 -8 
-15 -17 3 -1 2 0 1 8 
-5 9 3 7 0 0 -3 -8 
5 -1 -15 -10 -5 -2 -1 3 
14 7 -8 3 -2 -1 -2 1 
-5 6 0 -2 1 0 -2 -1 
15 -28 -18 2 2 4 2 2 
-6 11 34 7 0 -3 -9 0 
9 -29 -9 -2 1 -2 -1 0 
-5 -11 -38 -10 -7 -3 -1 -2 
-3 5 13 5 -3 -3 -5 -6 
0 0 -3 3 4 -3 6 9 
7 8 23 -4 -3 -3 -5 -3 
3 -25 48 11 -1 -2 -5 -4 
-17 12 5 -11 0 -1 0 1 
14 6 -2 7 0 1 -3 2 
-7 8 57 0 6 5 1 3 
-1 -2 -34 1 -2 0 0 -4 
1 -11 8 6 0 0 3 -5 
-3 10 14 7 4 0 4 -4 
-6 -5 -27 -10 -8 -1 1 -5 
-1 -4 -16 -6 -3 -3 -4 -3 
-6 -21 28 1 -2 1 -2 -1 
5 21 -6 5 0 3 -1 6 
-8 -6 -33 -1 3 -1 0 3 
-3 8 0 -8 -5 -2 -5 1 
3 15 -15 -3 -5 -3 3 -3 
-28 -11 -8 -9 -4 -2 -9 -4 
-5 12 -2 11 0 0 4 2 
-7 8 9 13 10 3 2 3 
19 3 -5 -14 0 2 5 3 
7 -36 -1 4 -1 -4 -4 2 
-1 5 -26 -22 -12 -4 -14 -5 
-4 6 -40 -1 -8 -5 -4 -16 
-3 1 17 4 4 0 -1 0 
2 -5 -21 10 8 -1 7 -3 
-4 15 -7 -2 1 -1 -1 0 
10 -5 -21 -2 -1 -1 -2 0 
-5 -2 7 -2 -5 -4 -4 -2 
-2 -9 -18 -1 -2 -2 -4 -7 
-6 -1 15 5 0 -2 -2 -3 
10 6 29 12 8 5 4 4 
-10 7 -12 -8 -1 -1 -5 -5 
4 28 3 -15 -7 -3 0 3 
3 -30 -32 4 -1 0 2 2 
-19 -16 -6 -10 -6 -5 -4 -2 
7 5 -9 -14 -6 -6 -6 -7 
14 6 22 8 -4 -1 -2 -5 
-8 -1 -9 -8 -3 -4 0 -11 
4 -23 19 5 -1 -2 4 14 
-15 11 -19 3 7 2 0 3 
11 -2 -6 -10 -4 1 -4 -6 
4 4 8 -1 -2 -1 1 0 
-3 -1 28 7 9 3 2 -1 
13 6 1 3 -5 -3 -4 -2 
-13 -13 2 -7 -5 0 -2 -2 
3 -1 -21 -5 -6 -5 -6 -1 
6 19 11 -8 -5 -2 2 -5 
-5 -7 -4 6 2 -3 -3 3 
-4 2 -9 3 1 2 5 5 
-7 2 -7 -7 -6 -4 -7 4 
16 2 15 -1 1 2 -1 3 
-7 -6 -10 0 -4 -2 -5 -5 
5 1 25 9 3 -3 -1 -6 
1 -17 -61 -8 -4 -2 -5 5 
13 26 10 -2 0 0 1 -4 
-6 -11 -10 -3 2 0 -2 -2 
-6 -5 9 0 0 -2 0 -6 
-3 26 28 -3 -1 3 1 -2 
-1 -5 2 0 0 -1 -1 -4 
-9 -21 -23 1 -2 -4 -3 0 
-6 2 -30 -15 -12 -5 -4 -2 
-4 -20 4 1 5 1 8 3 
-8 3 -22 -8 -6 -7 -6 -2 
3 13 43 -6 -2 2 1 -1 
6 11 41 19 3 0 0 1 
-9 -23 -47 0 1 -1 -2 1 
3 -24 60 7 -1 0 1 0 
-12 -37 -53 -13 -5 -1 -5 -7 
4 2 -18 -4 -9 -3 -5 4 
14 3 45 15 -2 -3 -1 -7 
-5 14 -18 3 3 -1 3 3 
3 1 -34 0 -1 -3 -7 -4 
-6 -13 -10 -23 4 4 2 1 
-6 -4 19 2 -6 0 2 8 
3 5 -25 12 -3 -8 -11 -13 
-28 -20 18 -5 -6 -2 2 3 
-1 10 -19 3 0 -2 -4 4 
0 4 14 -8 1 -1 -2 -2 
-1 -9 13 -8 2 4 0 -3 
6 36 19 15 3 -5 -4 -5 
-8 -11 -72 -15 -3 -4 -5 -5 
4 19 44 8 -5 1 0 -5 
-17 -10 -25 -23 -13 -1 2 -4 
27 0 -54 3 7 1 4 23 
-3 17 58 -5 -4 1 10 5 
-3 -6 -31 -2 -1 -8 -18 -6 
1 12 -63 -2 4 -4 -4 -17 
-4 7 10 -28 -20 -6 0 -29 
5 -1 -3 2 8 4 8 24 
-1 0 29 17 -3 -3 -9 -7 
6 -11 -21 -7 3 4 3 19 
-4 7 -26 6 4 2 7 -10 
-6 -24 -30 8 3 -3 -4 -17 
-12 22 15 -26 -4 2 -10 -10 
11 -27 -18 32 -4 -6 -6 4 
-10 6 12 -4 6 3 12 -17 
25 -4 -7 -11 -15 -7 -9 15 
5 0 -19 1 5 0 7 11 
-12 14 87 3 4 4 -8 7 
31 23 4 -9 -2 4 -2 4 
-41 -61 -3 30 4 -5 1 -16 
9 3 -8 -6 -4 -2 6 9 
4 25 -7 21 3 1 -4 -14 
-22 -1 27 -23 2 2 4 17 
-16 -22 -11 7 -1 -3 -13 -26 
-17 -8 -18 -14 -11 -6 2 -14 
6 11 -11 -11 -4 -4 -7 6 
3 3 -7 28 9 1 -1 5 
-5 9 18 -9 -1 -1 -2 -27 
2 -8 -38 11 6 2 9 76 
-3 6 -28 -28 -4 -5 -7 -20 
-2 -9 29 1 -13 -7 -4 -15 
6 -4 8 5 -4 1 0 22 
-3 0 17 0 3 2 -2 -32 
-15 -13 3 -13 -3 1 10 4 
-2 7 0 11 -3 -4 -8 4 
5 12 1 -8 -3 -1 6 -3 
-13 12 22 0 5 4 -8 -60 
-7 -19 -16 -6 -3 0 -10 2 
19 6 9 2 -1 -1 -4 1 
1 7 15 2 1 1 3 31 
-4 3 19 12 6 0 1 20 
-13 13 -40 -17 -8 -6 7 -5 
14 -17 -46 -14 -4 -1 -4 -8 
3 -9 -26 -10 -4 -2 2 21 
-5 -10 2 -3 0 1 -4 -14 
-2 -40 -40 2 3 4 13 -17 
-18 -10 -8 5 7 0 -5 8 
14 19 6 -11 -2 1 0 -2 
7 0 4 -3 -13 -5 0 -4 
-8 15 21 21 11 1 -5 10 
-6 -6 12 -13 4 1 -1 8 
-3 -20 37 30 -3 -1 3 -13 
-5 -6 -13 -7 5 2 -5 -13 
8 25 59 4 0 1 2 16 
-1 -7 66 27 14 1 2 4 
-3 30 -49 0 3 5 4 -14 
-3 -16 -40 -37 -47 -14 0 10 
1 2 34 -10 0 -5 -6 1 
-5 -14 20 33 2 -2 -3 -8 
-14 -5 -17 -43 -12 4 4 -4 
28 5 29 14 7 -4 1 7 
-2 -14 -30 3 -11 -4 -12 -1 
5 -10 85 18 11 3 4 -2 
3 1 -17 28 17 2 -3 -14 
-15 -39 -19 -64 -18 -5 -6 -3 
-8 -15 -52 24 -5 -4 0 -2 
-2 27 29 -18 -9 -1 4 11 
16 -5 -70 13 7 -5 -16 -10 
-34 -2 27 -16 5 6 6 2 
-16 0 -6 -17 -1 -3 -2 -22 
7 8 -30 -13 -9 1 -3 9 
-14 5 3 2 -2 -4 -2 -13 
14 5 -22 19 21 6 9 -17 
22 17 0 -20 -17 -1 -6 35 
10 -2 29 10 -10 -4 6 -16 
-44 -14 25 -7 -14 -9 -9 -31 
12 32 6 9 12 -4 -5 40 
-25 -15 71 15 10 3 2 -13 
8 -5 -1 -27 -5 -5 -9 -24 
18 1 -5 16 3 1 9 19 
-25 1 20 1 -3 0 5 25 
13 6 -1 13 0 -5 -7 0 
-8 -11 -34 16 12 4 5 10 
1 -5 33 -12 -2 0 -8 25 
-6 0 -26 -14 -9 -2 4 -24 
10 -10 -17 -37 -21 -2 10 -1 
2 1 -29 -8 2 -2 -10 -5 
24 0 25 -7 -7 -4 -7 5 
27 -12 15 24 12 3 -2 -3 
-24 1 -47 1 6 3 -2 -5 
-15 -11 5 -3 2 1 13 -4 
2 -7 -20 -25 -5 -2 -2 20 
0 17 3 12 -4 -5 -9 8 
6 36 24 17 4 -4 2 -29 
8 4 7 -1 -4 1 0 15 
9 -8 -9 -7 -1 1 7 6 
-2 -17 27 23 6 2 -2 -16 
-2 -21 -19 -7 2 0 -1 17 
4 36 17 2 -11 -3 -4 7 
-12 -22 -19 -4 1 -4 -4 -28 
-7 -13 -37 3 11 -2 -4 -9 
11 18 5 -15 -19 -6 -3 4 
-16 -30 -21 12 15 -1 -6 -2 
-4 -17 82 -10 -30 -7 -7 -12 
-3 -17 -85 5 5 3 0 -1 
8 -20 33 4 27 5 9 14 
-9 -15 -42 -21 -25 -4 -9 -9 
-2 42 29 21 39 9 5 4 
0 -20 -63 -12 -38 -6 -2 -1 
-2 -9 -27 -12 0 1 -2 -12 
2 9 1 1 -6 -7 -3 1 
6 20 23 6 33 8 4 2 
3 9 93 16 -14 -1 -3 -5 
4 28 -13 -8 1 1 2 3 
17 -43 -27 -11 -10 1 -2 1 
-26 7 -10 -15 -13 -10 -8 -3 
41 2 15 -1 15 0 2 0 
-35 16 4 11 -2 -3 -4 3 
-11 6 7 8 10 3 4 -2 
11 8 3 -14 -23 -6 -8 -8 
-2 -7 -1 -6 -2 -2 4 3 
25 -2 6 6 -8 -2 -7 1 
-17 25 0 -3 3 -2 -1 -3 
2 -12 13 -1 -1 1 6 6 
-16 -8 12 -4 1 0 0 -5 
7 -14 8 7 4 2 4 7 
-5 20 3 -20 -11 -4 -4 -6 
-1 -22 -41 19 -6 -2 -2 -3 
-3 11 41 20 31 4 -1 -5 
-6 -18 4 -20 -12 -4 -4 -6 
3 -2 -22 -17 -21 -6 -4 -1 
1 17 29 24 12 1 0 -2 
2 5 -7 -23 -21 -3 -2 3 
-6 -15 -10 18 21 -1 -1 -5 
-5 3 -24 -1 15 0 -6 -2 
3 3 -13 -20 -33 -5 -3 0 
-8 7 -17 17 26 -3 0 2 
-1 -11 -3 -3 -18 7 4 -2 
1 7 4 -5 3 -8 -1 1 
0 -2 13 -5 8 11 8 -1 
-8 9 -36 12 -1 -2 -1 -6 
3 2 -39 -30 -5 -3 -2 1 
-5 -25 -20 3 -7 -5 -6 -6 
-5 -5 -31 -10 -7 -5 -8 -2 
-5 14 -10 1 -4 -3 -1 -2 
1 0 -8 18 4 -4 -1 -2 
-2 -5 44 -5 14 9 4 2 
-2 -7 -18 14 1 -6 -1 1 
-10 -23 -55 -43 -13 -6 -4 -6 
-4 -14 -6 14 -2 -3 0 -2 
6 14 32 16 4 1 1 -2 
1 6 51 5 1 1 5 4 
1 -10 -26 -6 -5 0 -4 -3 
0 1 46 -2 0 3 2 3 
-4 -21 -64 3 -7 -2 0 4 
-2 16 -20 -14 3 -3 -3 -15 
0 -12 35 16 -3 2 4 5 
-4 -5 -8 -15 -3 -4 -2 -5 
-8 -7 -21 -1 -6 -6 -10 5 
11 -2 -9 3 4 0 2 2 
-3 18 26 -2 1 0 5 -6 
-1 4 -36 -2 -2 0 -3 -6 
13 19 6 0 -4 -3 3 -2 
-19 -5 -4 4 2 3 10 -9 
-5 -1 9 -3 -6 -3 -10 11 
-2 -2 14 4 3 -5 -14 -6 
-8 -10 32 15 3 4 5 -5 
11 7 -2 -14 -7 -6 -7 -1 
-9 -7 -36 7 -3 -4 4 0 
2 -7 -1 5 3 3 -2 1 
0 7 -15 -22 -6 -3 -6 -5 
1 -10 5 7 1 -3 0 4 
4 0 32 -5 -1 1 0 24 
-4 -1 2 -6 -7 -3 -2 -37 
0 0 -3 -1 -3 -2 2 -1 
-8 19 -49 -3 4 -2 -9 9 
-1 5 -3 -20 -9 1 -4 -24 
-4 0 -4 2 -1 -5 1 6 
-1 -1 21 -1 -8 2 2 15 
-9 -22 -3 0 -2 -1 -8 -5 
7 -12 5 5 1 0 -6 -1 
16 -1 9 1 3 0 5 -11 
-2 4 -10 5 3 0 -1 4 
2 10 1 -4 -1 -3 2 1 
3 5 -5 -4 -3 1 1 16 
-21 -2 -13 -8 1 -4 -1 -8 
5 11 -44 -5 0 -3 2 -9 
20 -12 -31 -22 -14 -5 -7 6 
-4 3 13 10 7 -2 -7 -9 
-4 7 8 -5 -2 1 -4 11 
-7 -26 60 22 2 -1 2 9 
-5 -11 -25 -9 -2 -2 1 -7 
-3 -1 -11 -7 -5 0 1 -10 
3 1 5 12 6 2 5 6 
-7 7 5 -4 2 -2 -9 -8 
-5 -12 17 -8 -6 0 5 10 
13 -11 -29 12 0 -1 2 22 
-6 4 52 0 4 3 -3 -19 
-1 -5 -10 -3 -6 -2 2 -2 
-6 -10 -16 -1 0 -2 -1 -6 
-5 10 12 -3 -6 -2 -2 -22 
1 -7 -15 -5 -2 -2 4 -1 
2 7 -12 1 5 -1 -8 5 
-14 6 3 7 6 3 -8 -15 
2 5 66 -4 -5 -4 -1 -4 
-4 -1 -53 9 -5 -3 0 3 
0 -31 9 -11 -5 -1 4 -14 
-1 30 32 18 -2 -4 -3 6 
2 -7 -15 -4 2 0 -4 -6 
-13 2 17 1 -4 -1 -1 12 
16 12 -34 -12 -1 -4 -4 1 
3 -33 8 2 2 2 6 -4 
2 14 27 2 -9 -4 2 -5 
-2 -5 -16 2 -1 -2 -6 10 
-11 -22 -34 -10 0 1 -2 9 
5 16 34 2 -2 0 4 -5 
0 3 -10 -10 -4 -4 0 4 
3 -11 -2 -2 -1 0 -2 -6 
-1 9 -11 4 0 -2 -4 -4 
-3 -2 51 -2 1 1 1 8 
-2 -7 -15 0 8 4 -1 0 
-11 9 1 -11 -8 -4 -2 -2 
8 12 21 4 -3 0 0 7 
-16 0 -21 -3 -3 -1 0 2 
9 9 0 15 9 1 1 -7 
9 -1 11 -28 -7 -1 0 -2 
-6 -26 23 8 1 -3 0 1 
-5 4 -20 -6 -7 -5 -5 -8 
0 7 6 -4 -1 0 2 5 
-5 1 -23 16 7 -1 -3 7 
-6 -13 7 1 -4 0 1 -2 
-4 -13 -26 -20 -5 -5 -4 -5 
-11 -12 -17 6 -2 1 -3 -13 
3 9 5 3 0 -1 0 -7 
-8 9 -29 0 2 -3 -3 -6 
3 11 28 9 1 -2 -3 5 
-14 11 -6 -4 -1 0 8 -29 
14 -37 -44 -14 -3 -2 -18 35 
-8 17 14 4 -3 -2 -1 8 
21 -18 -13 -2 0 -1 -3 -20 
-15 -11 2 -6 -5 -2 -6 6 
8 15 22 -7 -5 -1 5 -11 
7 16 6 -1 3 -1 -3 -9 
-3 -10 11 -22 -3 0 4 4 
1 -16 -24 -2 -2 -4 -2 2 
-4 32 31 9 1 2 1 -2 
-2 -34 -12 1 -6 -3 -4 20 
-15 -3 -2 6 4 2 1 -22 
15 -5 -11 -1 -2 -4 -1 13 
-3 2 9 -9 -3 -3 -1 -4 
1 13 0 -2 0 1 5 0 
4 24 -15 24 8 -1 -6 4 
-9 -36 -36 -22 -5 2 0 7 
11 -5 -32 -3 -5 -5 2 0 
-17 15 28 11 -3 1 -3 -7 
6 -1 -11 -12 -8 -5 -1 17 
3 8 -7 -4 -1 -1 -2 -2 
-8 -8 16 6 3 1 1 5 
6 -10 -23 -7 2 0 -9 -30 
0 7 13 8 2 5 3 1 
0 11 38 26 0 -4 -1 -1 
-6 -4 -34 -4 -2 -1 2 -3 
-2 -9 -20 -13 0 -3 0 0 
-8 -17 -54 -17 -9 -3 -3 0 
-3 19 3 -1 -14 -7 -5 -10 
1 6 15 8 2 -2 -3 5 
4 14 29 -1 4 1 1 -3 
0 -5 -32 3 7 -1 -1 -4 
-2 -9 -52 -15 2 0 -1 1 
-12 -8 26 15 -1 1 2 -5 
12 -1 -2 -1 -12 -5 -1 2 
-1 -2 31 -1 0 -2 -7 9 
-6 -20 -26 3 2 -3 -5 -9 
31 -4 -8 0 6 2 5 15 
28 -1 -16 -15 -5 -2 7 0 
-61 -54 -12 -8 -5 -2 -3 -6 
26 33 50 13 10 3 -2 6 
0 5 -8 -30 -14 -3 1 -7 
-17 -1 -42 8 -6 -7 -2 -3 
-12 -5 -7 -7 -4 -4 -9 -16 
6 15 36 6 6 -4 -2 13 
-37 -20 -72 -13 -5 -4 -3 -30 
-2 5 -1 -6 -1 -1 -8 -2 
11 12 24 9 -1 -1 4 6 
-37 7 -1 -1 -1 1 -1 -14 
4 -2 38 10 4 0 10 9 
-4 -45 -33 -10 -4 0 -5 11 
-8 -13 -69 -9 -2 3 4 -9 
14 -13 2 -4 -3 -3 -4 -4 
8 -4 30 -1 -3 -3 0 15 
-16 22 45 3 3 3 6 -25 
60 25 25 0 1 0 -7 26 
14 0 6 -11 -6 -1 -1 5 
-15 -27 -16 -5 -3 -4 -10 1 
-22 29 23 3 4 3 0 -4 
23 -23 -13 6 -1 -2 4 4 
-40 7 -23 -17 -3 1 -2 -14 
-1 12 -18 17 -1 -1 -2 -6 
31 0 37 -3 -7 -6 -10 12 
-1 48 7 -3 4 1 2 -4 
13 -37 8 4 -6 -4 -2 0 
-9 17 4 -6 3 1 5 -9 
-21 -12 -5 -2 1 2 2 13 
-10 -6 38 5 -2 -1 2 -20 
5 13 26 2 2 -3 -4 -4 
7 0 11 -4 -3 -1 -2 5 
4 -11 -3 -1 -2 -2 1 -19 
-6 -5 -36 -4 -1 -1 3 8 
-8 -10 38 3 0 1 -2 -5 
26 6 9 2 2 1 -2 -5 
-37 -22 16 -6 -1 0 -2 3 
-31 19 -24 2 -3 -4 -6 -5 
0 7 -10 -7 -1 0 1 4 
0 2 33 19 3 1 -7 5 
-4 -26 -16 -17 -4 -3 0 -11 
8 1 3 -3 2 2 11 12 
-12 -9 -43 3 -5 -5 -13 -15 
8 20 5 1 4 -1 -5 7 
6 -5 -33 -2 -3 2 2 0 
4 2 10 -4 -5 -4 -1 -3 
2 5 -8 -5 0 -1 7 -14 
-5 -14 7 -8 -3 -2 -1 -1 
8 18 10 11 10 1 4 15 
-8 -9 -55 -4 -3 -2 -7 -2 
-5 4 29 5 0 2 8 -2 
-1 -14 -13 -22 -10 -4 -3 14 
2 23 20 8 4 -2 3 -5 
13 0 34 7 1 -2 -1 8 
1 4 -2 5 2 0 -2 8 
-19 -47 23 -3 2 4 3 -15 
1 3 -20 -9 -3 -3 -6 -3 
0 7 42 4 -1 -1 -7 3 
3 -37 -13 -6 -7 -1 2 6 
30 18 -13 -3 -2 -1 0 -7 
-29 -19 -8 10 -5 2 1 13 
12 9 39 18 9 2 1 -19 
-7 -8 -38 -20 -9 -5 -5 0 
3 6 -10 2 -1 -1 -4 3 
13 11 -24 -5 1 -1 2 14 
-9 -7 2 -8 -6 -3 -4 -19 
14 3 13 1 2 -1 4 17 
-13 11 -16 6 -1 -3 -1 -6 
7 -13 -2 0 -1 -1 1 -6 
-10 -16 -19 -11 -2 -1 2 0 
5 -2 -14 -6 -2 0 -6 -11 
-7 14 0 0 -2 -4 -8 -11 
-17 22 -2 -7 -4 -2 3 1 
11 -5 0 -5 -7 -6 -3 4 
-2 -9 -9 9 2 -3 -7 -4 
-12 4 8 1 1 0 4 3 
12 10 18 18 9 4 -5 -35 
0 -5 -14 -15 -4 -1 5 25 
8 19 -30 -25 -11 -4 -3 0 
-14 -13 12 7 0 -1 0 -1 
-2 -23 -27 -14 -7 -5 -5 -13 
19 8 -4 7 1 -1 2 12 
-31 -18 9 7 6 4 -1 -21 
19 22 13 -3 -4 -2 -6 7 
-4 -15 -38 -1 -2 -1 -4 -12 
15 -11 -10 -4 2 2 -5 -25 
-8 1 8 3 -1 -1 3 24 
-9 -5 17 -3 -6 -4 3 -2 
-1 1 -14 -3 -4 -7 -6 0 
-5 0 9 3 -2 -4 -1 2 
-5 3 14 1 4 2 4 0 
-2 17 -38 -5 0 -1 -2 -12 
10 -5 29 1 1 0 9 22 
-9 2 13 -10 -6 1 -7 0 
4 -12 -5 -2 0 0 3 -4 
-11 7 3 -8 -3 -1 -8 -14 
-5 -15 -34 2 2 2 -5 -7 
3 2 -24 10 4 0 4 11 
1 17 -1 9 3 0 -8 3 
7 -12 7 2 0 -1 0 5 
-10 6 10 -14 -2 1 3 -5 
1 3 9 -2 -3 -2 -2 -5 
6 -13 -9 1 0 -1 6 -8 
1 7 22 14 8 2 -3 20 
-1 2 15 5 -2 -1 -1 3 
7 0 4 4 0 -3 -4 -17 
18 5 64 8 2 -1 5 26 
0 -5 -4 -10 -1 0 10 -3 
-6 2 -7 -10 -9 -2 -11 -14 
-12 10 27 7 -4 -2 -6 5 
0 -6 -3 5 -2 0 -1 -14 
-10 -31 -40 2 -3 -3 1 0 
11 2 1 0 4 -1 2 5 
-9 -1 -2 7 5 1 -2 -10 
-11 -6 -10 -28 -11 -2 -7 -27 
-1 1 -2 6 -1 0 8 12 
-3 7 -1 -9 -6 -4 -11 -16 
-18 -8 -3 -2 0 1 1 0 
14 -1 7 2 4 -1 1 8 
-5 -8 10 -4 -2 -1 -9 -11 
-2 14 -38 -3 -5 -5 -6 -19 
0 3 -23 -13 -1 -3 1 10 
6 13 -11 -9 -8 -3 -4 24 
-16 -21 -12 -7 -1 0 -2 -28 
3 5 -23 -13 -6 -2 -3 19 
-9 -9 17 6 2 2 1 -11 
2 37 -69 -11 -4 -6 -3 2 
0 9 5 -2 3 1 1 -3 
8 -10 18 13 4 0 5 5 
15 0 -14 -14 -5 -3 -6 13 
-27 3 5 7 -1 -2 -3 -11 
-7 -5 1 -1 0 1 -2 -1 
10 -13 19 8 3 1 0 0 
-6 -3 -8 -1 -2 0 8 -20 
10 -2 34 3 7 3 -3 22 
2 -9 -23 -16 -6 -2 2 0 
-14 -5 -20 2 -6 -4 -4 -3 
-1 9 6 -4 -6 -3 -6 0 
-4 -21 22 7 2 2 2 18 
8 11 48 0 2 0 -4 -27 
-10 -14 9 -2 2 2 -2 -2 
9 1 -14 6 7 3 4 18 
45 13 23 12 -4 -4 -1 -12 
-43 -16 -37 -2 -4 -4 0 11 
-3 9 8 -6 -9 -3 0 -7 
-17 -17 -50 -2 -1 -3 -4 -19 
0 -14 12 1 2 3 11 1 
21 9 7 4 0 0 -7 4 
2 7 -7 18 9 2 -5 -5 
-7 5 46 -20 -5 1 4 17 
-11 -32 -30 -7 -11 -5 -3 -12 
8 0 -1 0 -4 -4 -2 2 
-12 3 23 1 3 2 2 -1 
11 -9 -11 -4 -2 -2 -2 -4 
-12 15 -12 -4 0 -1 -1 -5 
0 2 17 1 -4 -5 -4 8 
12 4 19 -4 3 3 6 21 
3 2 33 17 9 4 -3 -30 
-22 -20 -14 -15 -4 -3 -6 10 
-11 -29 -49 -5 -12 -7 -6 -11 
-3 0 7 -7 -3 1 2 0 
2 23 7 2 -5 -4 -4 -3 
-3 9 -6 -9 1 -2 0 -9 
11 -3 20 12 7 5 -1 3 
-3 -9 2 -4 1 -1 0 2 
-15 -6 -18 -5 -1 -1 0 2 
6 18 13 5 1 -2 -3 -27 
-22 16 -41 -10 -1 0 1 21 
11 9 -5 -8 -9 -6 -7 -29 
-15 -12 13 7 0 0 -7 -22 
-1 -9 -47 -14 -1 0 3 9 
-2 -16 0 16 -2 -3 2 5 
-2 3 -2 -17 -5 -4 -2 3 
5 3 0 -13 -8 -5 -2 8 
-7 0 12 12 4 -1 -2 -10 
9 12 18 1 3 2 2 -6 
-2 -7 -45 11 3 0 0 10 
-4 6 -39 -7 -4 -6 -6 -2 
1 4 9 4 4 5 5 2 
7 5 5 -7 -1 1 0 0 
3 5 47 14 2 2 0 14 
-7 -15 -19 -10 -3 -2 2 8 
27 5 -1 4 4 1 -1 11 
11 20 -20 -9 4 -2 -4 -6 
-12 -27 5 -11 -10 0 1 -6 
3 0 4 13 -8 -5 -4 0 
-14 -15 12 8 -3 -1 -3 -3 
9 10 34 6 1 0 1 14 
-5 4 -11 -7 5 -1 2 -32 
5 -7 -13 1 2 5 4 11 
2 9 -18 -6 -7 -7 -10 0 
-2 -4 20 2 3 2 -3 -2 
-8 -2 -21 -3 -3 -3 -2 -3 
15 0 13 -2 -2 -3 3 14 
-13 2 5 2 2 -1 0 -10 
-8 -11 3 9 1 -1 -2 -4 
19 -4 1 -24 -10 -2 1 5 
-4 8 15 10 -6 -4 -5 -14 
-8 -25 -19 -2 1 -1 0 14 
-6 14 -39 -5 -3 0 -2 -9 
-5 -33 -7 10 6 3 0 6 
-13 -2 5 -9 0 -1 -4 -10 
7 1 22 7 -3 -1 -2 -6 
-1 11 8 -2 -2 -2 -2 -4 
3 -9 -28 2 -1 -2 -3 7 
-3 0 10 -5 3 2 1 -20 
-12 -6 0 6 4 1 0 -4 
