#EMG
#7
#ID:7-17
-1 -2 4 -3 0 0 -3 3 
-2 -9 -22 -4 -4 0 -2 -4 
-2 -5 2 -4 -1 -1 -1 -10 
0 1 8 2 -4 -3 -4 3 
0 -4 -4 0 -1 -1 -2 -5 
-2 3 13 1 -2 1 2 -5 
3 2 -2 -5 -3 -3 0 -1 
-1 -6 -1 1 1 1 1 -5 
1 -16 56 11 4 0 8 6 
3 -3 -1 5 2 -1 -9 -7 
-1 -2 -7 -11 -5 -1 1 14 
-1 -10 -6 -8 -7 -1 -2 11 
-2 4 -14 0 -1 -1 -4 -1 
-2 -2 0 -8 -1 -1 2 0 
-2 -1 8 7 2 -1 -2 3 
0 -5 38 8 0 -2 -5 -16 
2 1 -15 -4 -2 0 -2 11 
-2 -4 12 -4 -5 -2 1 1 
-4 -3 -14 -2 0 -2 -2 -13 
0 0 -17 3 3 -2 3 9 
-3 -1 0 4 -4 -4 -9 -10 
-1 -2 8 5 2 0 0 1 
-2 7 7 0 -7 -2 -5 -7 
-5 -9 -17 -9 0 2 5 6 
-1 0 -13 -2 0 0 -4 -1 
-2 4 2 3 2 0 2 -2 
-3 -4 -4 -1 -1 -1 1 -1 
1 0 -4 3 2 1 -5 0 
-7 2 -11 -10 -6 -3 -5 -13 
2 -3 -2 -3 0 -3 4 10 
0 -3 -1 3 -2 -2 2 -4 
1 12 -17 0 1 0 0 -9 
-3 7 -17 -14 -5 -3 -2 -2 
1 -2 4 0 1 1 -4 5 
-1 -3 -17 -9 -4 -2 -1 -1 
-3 -2 -18 -1 -2 -1 1 -3 
-1 1 -1 1 0 1 1 -1 
-2 0 1 1 -2 -4 -3 -2 
1 0 6 -3 1 1 -5 -7 
-1 -17 3 0 -7 -3 0 -2 
1 -4 -1 0 -2 -1 0 3 
0 -1 -2 3 1 0 3 0 
-1 3 27 7 6 0 -7 -2 
-2 -2 4 -3 -1 1 -1 -4 
0 -6 -6 -9 -2 -1 0 3 
-3 4 -6 2 -2 -3 -2 -13 
2 -2 -13 -2 -3 -2 3 23 
0 2 1 -11 -4 0 -5 -4 
-1 -2 4 2 0 -1 -2 4 
-2 0 5 -3 0 -1 -1 -4 
-2 -1 -6 3 -1 -2 2 -8 
0 -2 0 -2 0 -3 -2 3 
-3 -4 -3 0 0 0 -2 -16 
-4 0 0 -2 -2 -3 -2 -17 
3 1 7 3 2 0 0 13 
-1 0 4 9 2 -1 2 -3 
-2 -3 -9 -8 -3 0 -1 8 
1 -1 4 -3 -4 0 -1 1 
-11 -6 -4 6 1 2 1 -14 
-3 -6 17 -1 0 1 0 -5 
1 -1 -13 -16 -8 -5 -3 6 
0 -1 -6 -3 -2 -1 2 12 
0 -30 17 -1 3 3 4 7 
-1 0 -4 1 1 0 -15 -13 
1 3 7 7 3 -1 2 4 
0 -6 -6 -5 -2 -3 0 4 
-1 8 -14 -5 -5 -4 1 -4 
-1 16 -29 -1 -4 -3 1 -9 
-2 -6 0 0 1 1 5 6 
0 -1 -6 3 1 1 -1 11 
-1 4 -2 -4 -2 -2 -5 -10 
-6 -3 1 -10 -3 -1 1 -2 
0 5 13 8 -2 -2 -7 -3 
-3 -6 -22 -3 2 2 2 0 
3 6 -1 -1 0 -2 -3 5 
-3 -7 0 0 -1 -1 0 -12 
4 2 2 4 2 -1 2 15 
-2 -2 6 -4 -3 -2 -4 -4 
-4 1 -4 -3 -2 1 -2 -7 
-1 0 2 3 3 0 1 11 
-2 -1 2 4 -1 0 -2 -5 
-1 -1 -4 -7 -4 -1 -1 1 
-4 1 -3 -3 -6 -2 -3 0 
-3 -9 28 5 1 -1 2 -6 
1 -1 -9 -14 0 -1 -3 -2 
0 -2 6 7 1 -1 -4 0 
-1 5 9 -5 -2 -2 4 4 
0 -1 -5 1 -2 -1 2 -9 
3 -7 -12 6 2 3 -3 -3 
-2 -3 -6 -15 -4 -2 -2 9 
0 -1 -1 1 0 0 -2 5 
-3 -3 -4 -1 -1 -1 -2 -4 
-3 2 6 1 -1 -3 -1 -9 
0 7 5 7 1 -1 2 -13 
5 -1 -6 -2 3 2 3 29 
-1 -3 -2 -3 -5 -3 -15 -3 
5 0 1 2 -2 -1 5 35 
-5 -7 -1 -2 2 1 -3 -14 
1 -2 -2 -3 -3 -2 -2 -6 
-3 -1 -4 -7 -1 -2 9 -12 
-2 0 0 -4 -2 0 -5 12 
0 4 21 12 2 2 5 9 
-4 -8 -42 -10 -6 -5 -7 -12 
1 9 -11 -5 -2 -2 -1 3 
-3 -17 16 1 0 -1 -3 -15 
-2 0 -25 -8 -1 0 4 -7 
-4 -2 16 7 0 0 -8 -17 
-4 2 -43 -3 -4 -3 5 13 
-3 4 -13 -6 -2 -3 -13 -9 
0 4 3 -12 -5 0 -2 5 
-6 4 4 3 0 1 2 -12 
-2 -10 -1 -1 0 -2 1 4 
3 6 -2 3 1 -1 8 -2 
-8 -5 5 -2 -4 -7 -16 -23 
5 8 -5 -6 -1 -3 -3 14 
1 -1 22 -2 -1 4 -1 5 
-6 -11 -30 -5 -4 0 5 -6 
2 -2 7 6 1 0 0 -8 
1 -5 1 0 1 -1 2 9 
1 4 22 10 4 1 2 -10 
-1 1 12 -2 0 -2 0 -1 
1 -4 -8 4 -2 -3 -6 6 
-4 -2 -1 -14 -4 -3 0 -8 
3 2 3 1 -1 0 0 4 
-1 15 -28 -5 0 -1 5 -20 
-3 -14 -21 1 -2 0 1 24 
-1 -10 34 -7 -9 -3 7 -15 
6 4 20 -1 -2 -2 -7 27 
-6 -4 -7 -3 -2 -3 -6 -6 
3 11 6 5 5 -1 7 21 
-1 -4 -6 1 3 -2 -7 -6 
1 0 -10 2 0 -3 0 -15 
-4 17 7 -1 -4 -4 -5 5 
4 8 1 -8 -4 -2 0 2 
2 2 52 6 -4 -3 -3 -1 
-4 -2 -15 -16 -8 -3 -4 -6 
-2 -15 1 2 4 3 -4 -8 
2 0 8 -7 0 -1 2 1 
-6 -8 -35 -3 -3 -1 0 -6 
-1 16 -75 2 -2 -3 -8 -14 
1 -6 37 3 -3 -2 -4 5 
0 19 25 -7 -4 -4 -2 -12 
1 9 25 4 4 0 -1 -10 
-8 -12 -47 -8 -4 -1 1 3 
-1 -29 49 7 -3 -1 6 4 
2 4 48 9 1 4 0 -5 
-3 0 5 2 -2 0 -3 3 
-2 -10 21 8 19 4 3 -1 
5 20 35 17 12 4 -1 3 
3 1 -18 -31 -47 -9 -5 -4 
-8 -12 -88 -14 11 -2 -5 -5 
1 -4 13 -1 -17 -6 -3 6 
-1 -8 2 -22 -25 -3 -2 -4 
-4 -7 0 8 16 0 -2 -2 
3 5 -6 5 -5 0 1 2 
-2 -4 21 1 11 0 0 0 
-1 15 -24 10 9 1 1 -12 
0 -13 -14 -2 -5 -2 -3 6 
-4 0 -4 -2 0 -2 1 -18 
2 -5 -2 3 6 2 5 32 
-3 0 -7 -7 -6 -3 6 -8 
-1 -9 -17 -1 6 -1 -2 9 
-2 -6 -3 3 5 0 -15 -1 
2 -2 16 3 -4 1 -3 -10 
-3 8 -20 -4 -6 -5 0 -10 
-9 -4 -11 1 4 -2 -5 -11 
3 5 -15 1 -5 0 -1 6 
-5 0 16 -3 -9 -2 -4 -21 
6 -2 -3 -5 -1 -2 0 15 
-3 -8 -20 0 6 -1 -3 9 
-4 -2 -2 -4 -7 -2 17 3 
4 1 3 -1 -5 1 -8 -9 
-9 1 -30 0 4 -2 -3 -15 
-4 -11 21 5 0 0 5 4 
4 2 -4 -3 -4 -3 0 -2 
-9 -14 1 -4 -1 -2 0 -5 
5 -12 -8 -5 3 4 -2 10 
-4 -10 29 -4 -1 -1 -9 -12 
-4 13 19 -12 -6 -7 -4 -11 
4 -2 30 6 -2 1 4 6 
3 4 -20 -6 -6 -6 -7 -1 
-3 -5 -3 0 2 2 0 -10 
-5 -9 -17 -2 2 0 -6 -4 
6 7 7 6 -2 -4 3 14 
1 -4 5 -7 -7 -6 -4 12 
2 12 -23 3 2 1 2 4 
-6 -11 -26 -1 -4 -1 1 -8 
-4 1 -12 0 1 -1 -8 -11 
1 -6 9 7 6 1 4 11 
-2 8 -5 -2 -9 -3 3 -21 
0 3 19 -2 -4 1 -3 13 
-1 8 -9 2 1 1 4 10 
-9 -2 -51 -6 -2 -1 -2 -16 
-3 -2 -7 -2 0 2 0 -2 
2 -10 27 10 -1 -1 -7 3 
-2 -1 -2 -2 -3 -5 -5 -10 
-6 -16 -26 5 4 -4 -6 -6 
-4 -12 -42 -15 -1 2 3 1 
3 3 15 -5 2 0 4 7 
-2 -2 -9 4 4 1 2 -5 
2 5 38 -2 -7 -2 5 3 
2 -4 -3 26 11 -5 -15 4 
1 -1 -16 -17 -5 0 5 15 
-14 -3 6 -17 -12 -7 -4 2 
10 1 -2 -6 3 5 -2 -4 
-6 0 2 -4 -7 -2 14 4 
-8 6 17 13 6 -1 -13 -19 
6 1 -8 -7 -6 -3 1 -10 
1 14 -27 -5 -7 -3 -4 11 
2 0 52 16 5 2 10 -10 
-3 -6 -25 -1 -1 -4 -8 12 
-6 0 16 6 2 1 2 -8 
4 -17 39 3 3 1 6 31 
-9 -10 2 -14 -7 -3 -7 -17 
3 12 49 12 1 0 -4 -10 
1 -11 -64 -14 -1 -1 -1 -9 
0 6 27 1 1 -1 2 -2 
-5 -9 -88 -9 -4 -5 -5 0 
0 -8 17 -1 3 4 9 0 
0 5 3 -1 1 -2 -5 7 
-12 -8 -6 0 -3 -2 1 -19 
7 0 8 -1 -1 2 2 10 
-1 5 -39 -10 -3 -3 -5 -11 
-9 3 -18 0 0 -3 -2 -10 
-4 -10 -49 -1 -1 0 0 -9 
4 12 50 13 3 -1 -5 0 
0 -22 -23 -6 -3 -2 -3 -1 
-3 2 -17 -7 -4 -3 1 -5 
-1 -1 14 3 1 -1 -3 7 
-5 2 -8 -9 -3 -2 2 -26 
2 4 5 0 -1 -1 2 17 
2 0 26 -2 -7 -1 -3 4 
0 -3 -17 -1 0 -1 0 11 
0 3 16 0 0 0 -7 -22 
-6 -4 -14 -3 1 2 5 -9 
8 13 25 0 0 -1 -3 15 
-2 10 7 -1 -3 -2 -4 -9 
1 -3 -4 -5 -1 -2 5 13 
-7 -6 19 6 -1 -1 -7 -20 
-4 -12 -29 -4 2 2 -1 2 
-7 -1 10 -10 -3 -3 -5 -16 
5 5 -2 -2 -1 -1 -1 20 
-1 1 3 2 -5 -5 0 -4 
-6 -9 37 5 -1 -1 5 -3 
-4 1 -18 -11 -7 -4 -4 5 
-1 -4 -2 3 1 -3 -3 6 
-1 3 0 3 0 -1 -2 1 
0 -7 -8 -4 3 -1 -2 -12 
-1 -2 9 10 1 -1 9 -5 
0 -3 -17 -8 -3 -1 -9 11 
1 1 0 -2 -2 -5 -3 -10 
8 -2 13 8 3 1 6 28 
1 10 23 -6 0 2 10 -2 
1 -7 45 1 -2 -1 -5 -5 
-7 -8 7 -6 -5 -3 1 3 
8 8 10 -2 -1 -2 -8 -7 
2 -34 65 19 5 2 2 -17 
4 -4 39 4 -1 1 8 16 
4 -3 -27 -5 -2 -2 3 10 
-2 4 -6 -4 -6 -4 -5 -8 
-4 5 -17 -4 -3 -4 -4 -1 
1 4 -29 -3 -1 -2 -5 -6 
2 -6 2 -4 0 0 5 20 
-16 -7 11 10 6 1 -3 -33 
3 -14 -37 -11 -4 -2 2 26 
-7 3 -85 -4 -5 -2 -3 -12 
5 4 33 -1 1 0 3 5 
-2 -9 -3 -12 -7 -6 -3 3 
-5 1 -8 -1 -1 -3 -5 -17 
6 11 8 -2 0 0 -6 11 
2 16 -40 -2 -6 -4 -4 0 
1 2 -7 -2 0 -1 2 8 
-1 8 16 4 0 -1 -1 -3 
-4 2 -16 -9 -8 -5 2 -7 
-3 -2 11 9 6 4 1 -8 
-3 11 -47 -2 -5 -2 -1 4 
-2 -2 -36 6 10 0 -4 3 
-4 6 -50 -15 -16 -3 -3 -8 
-1 -10 -5 1 10 1 -1 1 
0 1 48 12 -31 -4 0 5 
-9 -25 -39 -6 1 -3 -7 -10 
-7 1 -15 -26 -23 -2 -1 -8 
4 13 -16 -2 2 3 3 2 
0 3 9 -2 4 0 1 2 
3 13 2 -1 3 -4 -6 -6 
1 -11 41 16 14 -1 2 0 
-5 -1 -1 -6 -2 -1 -4 -4 
0 -5 -16 0 15 4 0 2 
-4 8 5 -4 -7 -1 -6 -3 
-4 0 7 8 8 0 1 -1 
2 -6 6 0 -6 -2 1 2 
-3 -5 -5 -5 1 -1 -1 2 
0 2 19 -2 -7 -1 -7 -8 
3 -5 10 2 3 3 3 10 
-31 1 -3 -2 -3 -5 -19 -65 
1 -22 -14 -11 0 0 12 24 
-3 -3 -10 -9 -10 -3 -11 32 
29 -3 -6 2 2 -3 -5 -25 
-50 -5 -6 1 -5 -5 -4 -18 
-3 3 -1 -2 2 -3 1 -14 
-3 14 -2 -5 -10 -2 0 18 
-7 -17 -5 6 6 2 3 -6 
19 0 54 -3 -10 -4 -1 21 
2 9 15 6 9 5 3 -12 
-7 -6 -19 -9 -6 -3 1 -5 
-4 2 55 11 5 4 -1 5 
10 -13 -35 0 2 -2 -1 3 
-1 -1 -29 -5 -2 -1 -6 9 
12 7 39 -1 -4 -3 -3 -23 
-10 7 -36 2 2 -3 -5 2 
9 -4 -20 -11 -3 0 7 8 
2 -3 16 2 -3 -2 -8 -5 
0 -8 -6 5 6 4 7 -10 
5 1 -2 0 1 -3 12 29 
11 7 32 10 2 -1 -13 30 
-15 -18 -23 -10 -6 -2 3 -20 
-2 3 -1 -1 -1 0 -8 0 
-3 17 -10 -7 -9 -8 -1 2 
4 -5 -15 0 5 4 7 -2 
2 3 31 5 -2 -1 -5 0 
-2 -2 -6 -5 -3 -2 9 7 
-7 -4 -4 -8 -1 -2 -6 -13 
5 -14 30 4 1 2 1 5 
-1 6 38 8 1 0 -2 -7 
-7 -11 -60 -12 2 -1 1 -5 
-3 -22 3 1 2 -1 0 -1 
-1 -8 18 -1 -7 -3 -2 -9 
2 0 4 2 2 1 -1 2 
2 -6 -15 7 -2 0 -2 0 
-2 9 -9 -5 -1 -2 -6 -3 
-2 10 -20 -2 -3 -2 7 -7 
3 -13 6 2 2 -2 -5 17 
-4 10 13 -7 -5 -2 -5 -5 
-7 -1 -17 -6 -1 -1 -3 -10 
-5 3 -12 1 -4 -1 -3 -10 
0 5 -27 0 2 -3 1 -9 
6 15 1 3 -2 -3 -6 16 
-1 -12 5 -20 -10 -1 0 4 
-1 3 -4 -3 -2 -1 2 -4 
-3 -6 -4 -9 -1 -2 -7 -5 
-3 -3 4 0 1 -3 0 -5 
-2 2 2 1 0 0 -2 -3 
5 4 1 0 -1 -3 -1 4 
0 22 -19 -4 -1 -4 -1 -4 
-2 -10 5 5 4 6 3 -7 
-10 4 -50 -4 -5 -3 -1 -10 
1 -18 -21 -8 -1 -1 -3 9 
0 1 14 -1 -6 -4 -2 3 
2 1 15 -7 -7 -4 -3 -7 
-1 -2 15 10 7 1 -3 0 
-3 3 -8 0 -1 1 -2 -3 
0 -3 -3 -3 -2 -1 1 2 
-4 -1 -6 2 1 -2 0 -7 
-2 -5 10 3 1 0 2 -4 
1 0 -3 1 2 0 0 4 
1 -5 2 -1 -3 -2 -5 -5 
-3 1 23 8 4 5 10 -5 
-3 5 -34 -18 -8 -6 -7 12 
0 -2 9 0 -1 0 1 9 
-2 -4 -6 -7 -5 -2 -3 0 
-2 -4 -3 -1 2 -2 -5 -5 
1 3 23 6 1 0 2 -6 
1 2 -14 -3 -1 -2 -2 3 
-1 -3 -7 -2 1 -2 -1 -2 
1 5 6 0 -1 -2 -2 0 
0 -6 16 6 1 1 0 -3 
2 1 0 3 0 -1 -2 -6 
-4 21 5 -2 -4 -2 1 -2 
2 -17 56 -3 -2 -2 -2 -1 
-3 -16 -3 -3 -3 -1 -3 0 
1 1 9 -3 -2 -1 -1 -5 
-1 -4 -2 3 -1 1 -2 2 
-1 3 -9 4 -1 1 -1 -1 
2 -1 1 0 0 0 -2 0 
-2 5 -6 -2 -2 -4 0 0 
-2 -13 -4 -5 3 -1 -3 -5 
1 2 -3 -5 -3 -1 3 -3 
-6 -13 -5 1 -2 0 0 3 
-2 2 -1 8 1 -1 -6 -2 
0 -8 -19 -10 -5 -1 0 0 
-3 -4 -24 -10 -5 -3 -4 -5 
3 7 19 4 3 0 0 -3 
-1 -2 -1 -2 -1 -2 0 -2 
-3 -3 -3 2 1 0 0 -1 
-4 -3 3 3 1 1 1 -4 
-1 -5 3 1 -2 -1 -1 8 
-1 -2 2 -5 -1 -1 -1 -4 
1 -9 -7 -6 -3 -3 -3 1 
-1 -1 -23 -1 -2 1 -1 0 
1 2 7 0 -1 0 -3 -6 
-3 -4 -9 -2 -3 1 0 -1 
1 1 11 4 1 1 2 1 
-2 1 3 0 1 -1 -2 -1 
-11 -7 19 3 1 -2 -1 -12 
0 -13 -7 -6 -1 2 -5 -4 
1 -6 -7 -2 -3 -1 3 26 
0 -1 6 1 0 -2 -2 -1 
0 -3 5 2 2 0 -1 3 
-3 3 7 2 0 -3 1 -8 
-3 0 1 2 -2 -1 -3 -8 
-2 1 -15 -2 -2 -2 -2 4 
2 6 7 0 -1 0 1 -2 
-1 -2 -1 -2 -4 -4 -1 -1 
-2 3 -2 -1 -3 -2 -2 -6 
-4 3 -24 1 2 0 1 0 
-1 -3 -17 -2 1 -1 -1 -4 
-2 -1 -3 -3 -2 -2 -1 3 
-1 -3 -4 -5 -5 -2 -3 -1 
-2 0 -3 -4 -2 -1 0 -5 
-1 3 4 -3 -1 -2 -1 0 
2 2 -7 -2 0 0 1 5 
-2 -2 3 1 -1 -2 1 -5 
2 4 24 3 -1 -1 -3 -2 
-3 8 -24 -3 -1 -1 -2 1 
0 3 2 -7 -6 -3 -2 -3 
-1 -3 -2 -2 -1 0 0 -5 
2 -3 -4 0 -3 -2 -4 2 
1 -1 4 0 -2 0 -2 2 
-2 -1 -6 -1 1 -2 -3 -3 
2 10 7 -1 -2 1 -1 -1 
-2 -1 4 -1 0 -1 1 1 
-4 -4 -15 -4 -3 0 3 -11 
-1 -4 -2 -5 -3 -1 -5 3 
-5 -4 -2 -4 0 -2 -1 -3 
-2 -5 -4 1 1 -3 -2 -2 
0 -7 -4 -3 0 0 0 0 
0 -3 -1 0 1 2 2 -2 
-1 -5 -2 2 1 1 0 -2 
-1 -2 0 -3 0 -2 -1 -3 
2 4 17 0 -4 -4 -4 0 
-4 -5 -10 -7 1 2 2 -2 
-5 -6 -3 0 1 1 -1 -1 
-3 -11 -8 -2 -5 -2 0 -3 
0 1 -1 -6 -5 -3 -5 0 
-2 1 -9 3 1 -1 0 0 
0 2 4 -1 -3 -3 0 0 
-1 6 3 1 1 1 0 -1 
1 -2 2 2 0 -1 -2 1 
1 5 -1 -1 -3 1 -1 -1 
-1 -22 10 11 3 2 0 -3 
-1 -5 -6 -7 -3 -2 -2 -1 
-2 0 -2 -6 -2 0 3 5 
-3 -4 2 -2 -1 -1 0 0 
1 3 -7 -3 -4 -5 -4 -6 
-1 4 11 1 1 1 -2 0 
1 -2 3 2 0 0 0 -2 
-1 -6 -9 -2 -1 -1 0 0 
-3 4 1 -5 -3 0 0 -2 
-1 -4 -3 0 0 3 1 3 
-5 -1 -1 -2 -2 -5 -6 -4 
3 0 -4 6 -1 -2 0 2 
-2 1 -6 -7 -2 -4 -2 1 
-1 -4 -11 0 0 0 0 -2 
-1 1 3 -1 -1 -1 -2 -1 
-2 -2 10 1 -1 0 -2 -2 
-2 0 1 -1 -2 -1 -1 -3 
-1 2 -3 -2 -1 0 -3 -2 
0 18 -15 -1 0 1 0 -1 
-4 3 1 -7 -2 -2 -1 -2 
0 -4 -24 -11 -3 -2 0 0 
-2 -2 1 -3 -4 -2 -1 -2 
0 -17 2 1 2 0 0 0 
-1 1 3 2 0 -1 -2 0 
-1 1 3 2 3 0 0 -1 
1 2 -5 -5 -3 -2 -4 -1 
-1 -1 4 1 -2 -2 -1 -2 
0 -1 2 0 -2 -1 -1 -2 
-1 1 1 -1 -2 -1 0 -6 
-2 -2 4 4 1 -3 -1 2 
-3 -2 -2 -4 0 1 -1 -2 
-4 -3 1 -4 -3 1 -2 -2 
-3 -5 -8 -3 -1 -2 -3 3 
-2 -1 2 -1 -1 -2 -1 -3 
0 -1 0 -2 -1 -3 -1 -1 
2 1 0 0 -1 -2 -1 -1 
0 0 0 1 -1 0 -1 -2 
-4 0 -1 -3 -4 -1 -1 -3 
-3 -7 1 0 0 0 1 -1 
-1 -4 -1 -1 -1 0 1 1 
-1 5 13 5 0 0 -3 1 
-2 -4 -6 -9 -1 0 -2 1 
-1 1 0 2 -4 0 -1 0 
1 -2 -4 -5 0 -5 -4 -3 
-2 -4 -11 0 -1 0 1 -2 
0 8 10 2 -1 -2 -2 -1 
-1 -3 3 0 -2 -1 -2 -1 
-5 -2 -1 0 -1 -1 -1 -2 
-2 -2 5 0 0 0 -2 -1 
-2 -1 1 2 2 0 0 -1 
-2 -2 -1 -7 -4 -1 -1 -3 
-1 7 -25 -6 -6 -4 -3 -2 
1 -2 -6 -8 -6 -3 -1 0 
-1 -14 3 -3 -3 -1 0 -1 
-2 -3 -7 3 3 0 -1 -1 
0 1 -1 3 0 -1 -1 -1 
-3 -3 -4 0 1 0 -1 -1 
-2 2 -8 -7 -2 0 -2 -2 
-3 3 6 4 -1 -1 1 2 
1 -4 2 -2 -5 -3 -1 0 
-1 -17 -8 6 4 1 -1 -2 
-1 -1 13 23 6 1 1 -1 
0 -1 -6 -16 -1 0 1 -2 
-3 -5 -1 -25 -11 -3 -1 -1 
-2 5 -2 -5 -3 -2 0 -2 
-2 -6 -9 6 -3 -6 -4 -2 
1 -8 -7 5 2 -1 -2 0 
1 1 10 7 6 2 1 1 
2 3 6 -6 0 -1 -2 2 
-3 2 -4 -5 -2 -1 -2 -1 
0 8 10 -1 -1 -1 0 0 
-5 -8 -13 0 0 -3 -1 -2 
-4 0 1 -4 -4 -2 -1 0 
-3 -1 -3 0 -2 0 0 0 
-1 -4 -7 -4 -3 -2 -2 -3 
2 0 8 2 -3 0 -1 -2 
-1 -2 1 5 1 1 2 -2 
-2 -1 -4 -5 -1 1 -3 -1 
-3 0 1 -4 -2 -2 -2 1 
-4 -6 -7 1 -1 -2 -1 -1 
-2 2 -2 -1 -1 -2 -1 -3 
-2 -1 2 -9 -2 -2 1 -2 
-1 -2 -4 1 -2 0 -1 0 
-1 6 3 4 3 0 -1 -1 
0 7 2 -5 -3 -3 -3 -1 
0 -30 12 4 1 -1 3 1 
-1 -13 -3 4 -1 -2 -1 -3 
-1 -1 3 1 0 -1 -3 -3 
-2 -3 -8 -2 0 0 2 1 
0 9 4 -2 -2 -1 -1 -1 
-1 -1 -12 0 0 -2 0 -1 
-2 -7 -1 -5 0 0 -1 -2 
-1 9 0 4 -2 -3 -2 -2 
-1 -3 -14 -10 -2 1 0 -2 
-2 -2 4 3 -3 0 0 -1 
-3 4 2 -1 -1 -2 -1 -2 
-2 -5 -2 0 -3 1 -1 0 
-1 5 -3 0 -2 -1 -4 -2 
-3 -2 -5 -3 -1 -1 -3 -2 
0 -3 -2 4 -1 0 -1 -1 
-2 -1 6 3 -1 -3 0 4 
0 0 -7 -2 -1 -1 0 -2 
-2 2 3 -1 -2 -2 -3 1 
1 3 0 2 -3 0 0 -1 
-2 -8 -4 -2 -1 0 -1 -3 
-1 5 -2 1 2 0 -1 -3 
3 8 -1 -5 -3 -2 -1 -3 
-1 -3 1 4 3 1 0 -2 
0 -1 0 -3 -3 -1 1 -3 
-2 3 12 4 -2 -3 -2 0 
0 11 -20 -7 -4 -2 -4 -1 
-1 -4 -4 -8 -6 -3 -2 1 
-1 -4 -7 0 -6 -1 -2 -2 
-1 0 -2 -4 -3 -3 -1 0 
-6 -2 10 2 3 0 1 1 
-2 -1 -2 -1 2 -1 1 0 
-1 -1 -4 2 5 -1 -1 -2 
1 12 2 -9 -7 -4 -3 -1 
1 -6 1 2 -1 1 -1 -2 
-1 -8 -15 1 -3 1 -3 0 
0 -1 6 2 2 0 -2 -2 
-4 -2 -5 -2 -2 -2 -2 0 
-4 3 8 -3 -2 -3 -2 0 
-4 -3 -3 1 0 0 -1 -3 
2 1 4 1 -2 -3 0 -1 
1 -1 -3 -4 -2 -1 -1 -1 
1 -2 1 1 -1 -1 -1 -1 
-1 1 5 0 1 0 0 -1 
1 -2 -3 3 -1 -1 -1 1 
-1 -6 -9 -4 1 0 -1 -4 
-2 2 -25 -6 -1 -1 -3 0 
-2 -1 2 2 -1 -1 -2 0 
-4 -2 -3 -5 -2 -2 -2 -4 
-1 -3 -1 1 1 -1 0 -2 
1 -1 1 -2 -2 -2 -1 -2 
0 1 2 -2 -1 -2 0 2 
-5 -3 -2 -4 -2 1 0 -2 
-3 -2 -3 -2 -1 0 0 -1 
0 -4 4 2 -1 0 1 3 
-3 -17 2 1 1 -2 -1 2 
-2 -3 -17 -2 -3 -2 -1 0 
0 -4 -9 -6 -1 -2 -1 -2 
0 -6 6 2 0 -2 -1 -2 
2 4 5 0 -1 -2 0 -2 
-1 2 -1 -3 -2 -3 -1 1 
0 -1 6 3 -2 -1 -1 -1 
-3 11 7 -4 -3 -3 -2 -3 
-1 -2 -8 -4 -1 2 1 -1 
-3 -14 0 4 1 0 0 -1 
-2 -14 17 6 4 2 3 0 
-3 -7 2 1 -1 -1 -3 -2 
1 4 0 -4 -3 -3 -2 0 
0 0 -12 -1 -1 -2 -1 2 
0 5 -4 0 -1 -1 -1 -1 
-1 -5 -2 1 0 1 -2 0 
-2 0 10 4 0 0 0 -2 
-2 0 9 -2 0 0 -1 -1 
-1 -2 -11 -6 -5 -3 -4 -1 
0 -2 1 0 -3 -1 0 -2 
0 4 -14 -8 -2 -4 -3 -4 
0 5 9 -4 -2 -3 -1 -4 
