#EMG
#1
#ID:1-6
-5 0 -4 -1 0 1 9 13 
3 4 -3 -6 -3 -1 -13 -12 
-1 -1 0 6 1 0 1 14 
0 9 -1 1 -1 -1 -1 -5 
-5 -1 -6 -4 -2 -3 -4 -14 
-3 -3 -1 4 3 1 1 -3 
-2 -2 -9 -3 1 2 7 9 
3 2 14 8 0 -1 -11 -1 
2 0 1 -19 -3 -1 -1 13 
-4 -11 28 14 -2 -3 -1 -9 
-1 -4 -7 3 -2 -4 -6 0 
-6 -1 -1 -1 -7 -3 2 -7 
1 -2 3 2 -3 -2 -2 -7 
0 5 -7 -9 -2 1 1 1 
-1 1 3 0 0 0 -1 15 
-3 -2 8 4 3 0 0 -25 
-2 4 0 -3 -1 -1 -4 1 
2 -9 -7 -5 -4 -1 7 6 
0 1 1 1 0 -2 -8 5 
-1 -2 -13 -5 -1 0 1 5 
-1 -22 21 12 3 3 1 -17 
1 0 -8 1 2 1 -1 15 
2 8 -9 -1 0 -1 0 14 
-5 -5 -6 -17 -1 0 1 -16 
-2 1 -17 -5 -13 -7 -8 -9 
-1 5 3 5 0 -3 1 1 
-1 -4 6 -2 1 -2 -4 1 
-2 2 2 3 3 0 0 3 
-2 4 -3 2 4 -1 0 -3 
-3 0 -5 -7 -2 1 1 0 
-4 0 2 -1 -1 -2 -1 -21 
0 2 -2 2 -2 -3 -1 4 
0 -1 -8 -1 -1 1 -3 1 
0 -2 -5 -3 -3 -3 -4 -14 
2 -2 2 11 5 -1 4 14 
-2 0 6 -3 -2 1 -2 -8 
1 -3 -16 -22 -10 -5 -4 14 
-10 3 -5 3 0 -1 -2 -11 
10 -2 -1 -10 -5 -2 -2 5 
0 0 0 9 3 -3 0 11 
0 7 -21 6 3 -1 -2 -6 
3 -7 10 -6 0 1 4 22 
-3 -1 7 3 -1 1 -3 -10 
-3 -1 -11 -7 -6 -4 -4 1 
-1 -3 0 8 4 2 2 -11 
-2 -3 -17 -11 -4 -1 -3 -7 
1 -2 0 9 -1 0 2 0 
-2 -3 2 -4 -2 -3 -8 -6 
-1 15 -29 -8 -6 -5 -2 3 
-3 -4 -1 -1 0 -3 -2 -9 
0 -2 6 -6 -2 -1 2 6 
-2 0 -15 6 3 -2 -7 -6 
0 -3 15 7 3 2 2 2 
1 -1 -8 -12 -8 -3 -4 1 
-8 -3 -11 -2 -2 -1 -3 -15 
1 2 6 1 0 0 7 18 
-2 -3 6 0 1 -1 -7 -7 
3 3 4 6 2 -1 -1 1 
-9 -9 2 -3 -1 0 -1 -29 
7 -4 1 -4 1 2 4 23 
4 -2 9 3 -1 -1 4 10 
-10 -4 -6 -14 -5 -6 -10 -38 
3 -2 -8 -3 -5 -2 3 32 
-2 2 3 4 1 -3 -5 -17 
-2 -6 1 0 1 -1 6 -2 
1 2 0 4 -2 -1 -3 13 
-2 -4 -7 3 2 -1 -3 -7 
-1 -3 -5 -24 -11 -4 -7 -15 
2 -1 1 3 0 0 0 16 
1 2 5 6 1 -1 0 13 
-6 -2 2 -2 0 -1 -4 -35 
-2 -6 -4 -1 -1 1 2 4 
-4 0 1 2 1 0 -1 -12 
-1 5 -6 -17 -5 -3 -7 17 
2 3 5 1 0 -1 1 7 
1 2 -1 7 -1 -1 -1 5 
-5 -3 31 -4 1 0 1 -14 
3 0 3 9 -1 0 0 20 
0 0 0 -6 -2 -1 5 12 
-2 2 4 2 -1 -2 -1 -9 
-2 0 -9 -6 -2 -3 -3 8 
5 -2 3 1 1 -2 -6 10 
-1 1 -4 -2 -3 -3 -2 0 
-3 0 2 5 0 0 9 -1 
2 1 -8 0 -2 -2 -5 2 
-5 -2 1 2 0 1 -3 -32 
-3 -3 -12 -6 -1 -2 -2 -2 
-1 0 -2 4 3 1 7 4 
4 -11 3 -6 -5 -3 -4 19 
-1 8 -10 2 -2 -2 3 -14 
-3 0 4 2 -3 -2 -7 -1 
-1 0 0 2 -3 -2 -7 -12 
-3 -1 -9 -14 -3 -3 3 1 
-7 -2 0 4 0 0 5 -17 
0 17 -11 3 1 -3 -7 12 
1 -8 9 0 3 0 -7 -4 
-3 2 21 0 -1 -2 3 -12 
-4 -9 -16 -4 -1 -1 -4 -4 
1 2 -11 -20 -3 -2 4 14 
-4 -11 -8 -5 -3 -3 -6 -5 
0 6 2 10 3 0 1 -11 
1 -2 -1 -11 -3 -2 -4 16 
4 1 16 16 4 2 2 3 
-3 -1 -10 -14 -7 -3 -6 7 
-3 -5 -2 -1 -7 -5 4 -16 
0 5 6 17 7 2 2 8 
-1 -13 -10 -1 -1 -2 -8 11 
-2 -12 16 3 1 1 7 0 
-5 2 -12 -11 -2 -1 -10 -7 
4 -6 13 -5 -3 0 5 -12 
0 -9 7 2 0 0 -3 -1 
-1 -2 -4 18 2 2 4 -11 
-11 -13 -21 -16 -3 -1 8 -11 
5 4 -44 -8 -5 -4 -5 34 
-1 12 37 -7 -1 -1 -7 -18 
-1 2 -17 2 4 2 -4 11 
2 4 -1 15 3 0 4 10 
-4 15 2 -8 -8 -4 -4 -40 
-3 -4 -30 -9 -11 -5 -4 12 
-1 10 4 1 -1 -1 0 4 
5 2 16 6 6 2 4 -7 
0 -15 -9 1 4 2 8 9 
-5 -13 45 -7 -3 -2 -3 -22 
-2 0 2 -13 -1 -2 -8 -10 
1 -1 -14 -1 -1 -3 -5 26 
0 24 16 -2 -4 -3 -8 -19 
-6 -20 4 2 -1 0 6 -10 
-1 -6 -13 4 1 1 2 2 
3 -6 45 -1 -2 1 -3 14 
-10 -18 -12 -1 -4 -1 4 -15 
3 -2 -31 -4 -2 -3 -10 8 
4 12 33 0 -3 -4 4 -4 
-6 -6 -30 -1 -1 0 -12 -19 
2 -1 24 -2 0 -2 -2 7 
1 -3 -3 0 6 -1 2 2 
-4 -3 -21 -22 -12 -4 -1 8 
-1 16 -12 -5 -3 -3 -1 -12 
0 -26 -48 3 -2 -1 4 8 
1 2 -14 -6 -3 -1 -5 2 
7 15 -16 -1 -2 -2 2 25 
1 -8 56 15 0 1 4 -3 
-8 -10 -65 0 0 -1 -10 -15 
1 7 34 -1 5 2 5 10 
-3 -2 55 -1 1 1 -3 -9 
-1 -7 -50 7 3 0 -1 4 
-11 -2 40 7 5 2 4 -9 
12 12 1 -6 -12 -2 -1 10 
-15 -25 -30 -15 -7 -2 0 -8 
1 6 78 16 8 3 -2 -2 
15 -24 -21 -4 -8 -8 5 6 
-3 -5 19 25 6 0 -7 -41 
31 -11 -25 -21 7 -1 -1 21 
-53 2 -47 -33 -21 -4 -1 -6 
1 0 50 3 4 5 0 -13 
5 1 -7 6 -4 -5 5 26 
-13 0 -6 20 4 2 3 -42 
32 3 0 11 10 -3 -14 11 
-3 6 -3 5 11 5 5 7 
-16 3 -24 -13 -11 -2 -3 -19 
0 3 6 1 1 1 4 -3 
-4 -9 -42 -18 -8 -3 -9 7 
-8 11 24 -4 -7 -4 -4 -4 
1 -5 -53 2 4 -1 -7 -18 
1 7 -4 1 -4 -5 -8 17 
-1 2 1 -6 -6 -1 2 -19 
-5 -16 8 10 6 0 2 9 
-2 -5 -7 -9 -1 2 6 6 
-4 2 -9 -7 -13 -6 -5 -10 
6 28 -21 -3 -2 -7 -7 -10 
3 24 5 -7 -2 -3 -2 14 
-10 -6 -4 -7 -2 0 -5 -12 
1 2 -7 5 0 0 2 22 
6 -16 34 11 4 0 3 10 
-3 -1 8 -4 -3 -1 2 6 
0 2 -2 -8 -2 0 1 -19 
-6 -4 -16 -6 -1 0 -4 -1 
3 -6 -12 -3 -1 0 9 -16 
-2 -3 -19 -8 -5 -3 -23 12 
-9 -13 41 5 2 1 2 -13 
-6 -2 -1 7 0 -1 -4 -14 
-4 -3 -10 -2 -1 1 3 10 
-4 -10 8 3 -1 1 9 -28 
8 5 -16 -4 -1 0 -1 15 
2 3 6 -1 -1 -3 1 15 
-11 -17 -12 -5 -3 0 -4 -24 
6 5 4 -6 -4 -2 4 24 
-14 -2 -7 1 -2 -3 -5 -11 
9 19 -39 -7 1 0 -3 16 
5 -16 0 6 -2 -2 -2 18 
3 8 83 4 4 0 -3 -10 
-12 -35 -13 -3 0 -1 7 -1 
-8 -9 -5 -4 -7 -5 -3 -10 
6 20 15 8 4 0 -4 2 
1 1 13 0 -4 -2 2 2 
2 6 -38 -11 -10 -1 1 9 
-2 1 29 16 8 3 2 -6 
1 -14 -19 -7 3 -1 -2 0 
-7 2 -12 -1 -6 -4 -4 -11 
16 13 15 1 -4 -4 -2 13 
4 -10 -3 -10 -2 -4 -6 -7 
9 8 -2 -1 3 -1 -2 -13 
5 -2 -37 -12 -5 -3 -7 14 
5 11 14 -5 -7 0 -3 31 
-5 -3 23 9 -1 0 3 -43 
-7 -10 -37 -6 -7 -5 -3 -9 
-5 -5 -7 19 14 7 -6 -17 
-7 -11 -24 -2 8 0 2 4 
1 -6 23 -8 -10 -5 -8 10 
-4 18 29 -3 -2 -1 -3 0 
-6 0 -16 -13 -6 -1 0 -11 
-4 7 15 4 0 -2 0 -8 
-4 14 -39 -3 2 1 -1 -6 
-1 -9 37 6 1 0 1 6 
3 -4 -40 -10 -7 -6 -6 -2 
-4 2 16 11 3 -3 0 -3 
-16 -5 -32 0 3 -1 1 -7 
17 1 -38 -8 -3 -3 -3 14 
1 0 6 -13 1 1 1 3 
-14 -5 0 2 -5 -4 -2 -13 
19 -6 17 9 2 2 5 -1 
27 5 8 -5 -7 -1 -3 12 
-30 -21 -6 -8 -6 -2 -3 -3 
-6 6 -49 1 3 0 -6 -1 
15 -6 3 -8 -3 -1 -1 2 
-11 -1 4 2 -2 1 2 -9 
2 16 -2 -4 -4 -3 -1 3 
6 -3 -4 0 -2 0 0 4 
-10 4 37 10 5 -1 2 -2 
-6 -10 -41 -11 -4 -1 -4 9 
2 -12 -13 4 -1 2 0 0 
-1 -2 11 0 -2 -2 0 -8 
-11 2 7 -6 -3 -3 -5 -7 
-4 3 17 -1 -1 -2 0 -5 
6 7 9 -1 1 -2 -7 0 
4 0 -36 0 1 0 -1 -6 
1 2 10 3 1 1 0 -2 
-16 -6 1 -2 -7 -4 -2 1 
4 0 -1 1 -3 -1 2 0 
9 1 7 -4 -2 -1 -2 5 
-9 -14 15 -9 -2 0 -1 -3 
-13 -1 1 3 5 2 5 -14 
3 -1 7 7 0 1 1 37 
-1 -4 18 -14 -6 -3 -11 -54 
6 13 -18 -5 -4 -4 -4 -6 
-19 -9 4 -1 -1 -7 -6 4 
-3 0 8 0 1 -1 1 -9 
21 6 -8 -4 -4 0 3 19 
-17 -3 5 5 1 1 -1 -2 
4 10 5 -1 0 1 0 -3 
-4 -7 -16 -4 -1 -1 3 -15 
-10 -8 9 5 5 1 -2 22 
6 -12 -4 -12 -9 -3 0 -5 
2 2 0 2 -1 -1 0 6 
-1 3 -4 13 2 -1 2 -1 
-3 10 12 -3 0 -1 1 -3 
2 0 0 0 -5 -1 4 32 
-1 -14 -10 -6 -2 0 -4 -14 
-2 6 9 0 1 0 4 -25 
0 2 1 6 1 1 -4 0 
1 -8 -13 -11 -1 -4 -13 12 
-6 3 -6 -16 -8 -2 -2 0 
4 -3 -2 0 -1 0 -1 1 
-4 -2 14 2 -1 -3 5 -8 
-11 1 -14 8 1 0 1 -2 
26 1 7 1 1 0 -4 -1 
2 -5 -1 -3 -2 -3 -4 3 
-2 -3 -5 -8 -3 -1 -1 1 
-7 -4 -4 7 1 2 1 -5 
-2 6 -17 8 1 0 0 -3 
0 4 14 -1 -4 -1 0 2 
-3 -7 20 4 0 -1 0 4 
3 -21 14 0 3 2 4 -17 
-4 -3 -6 -12 -3 -1 -4 11 
4 0 8 -4 -6 -2 -1 4 
-3 1 5 5 0 1 -3 3 
-9 -1 -21 -4 -2 -2 -2 -10 
0 -6 5 -4 -1 -1 0 10 
-1 8 -2 -3 1 -1 2 -1 
-4 -2 -12 0 -1 -1 -5 0 
5 5 2 4 -1 -2 0 8 
-4 -1 1 -1 -2 -1 0 -13 
-3 6 0 4 3 1 -3 11 
-1 -1 3 2 0 -1 -3 -1 
-2 2 -3 -6 -5 -2 -2 0 
-7 -12 44 8 1 -3 -3 -5 
-4 -4 0 -5 -4 -2 0 -7 
6 -2 -6 3 2 0 3 -1 
4 0 -4 0 2 0 0 2 
0 5 -6 11 -3 -2 0 18 
-11 -2 -2 -13 -6 -3 -7 -37 
-12 3 -31 -12 -8 -3 -5 -10 
8 3 10 -1 -3 -1 2 -1 
-3 0 -9 -5 -2 -2 -2 -12 
2 -2 -3 5 1 -1 -3 12 
-1 3 -10 -10 -4 -3 -5 0 
-6 -2 8 -3 -2 0 -1 -4 
-5 1 -4 6 1 -3 0 -8 
3 0 0 -1 0 -1 -3 2 
-1 -1 9 0 0 2 5 -1 
-2 5 -14 2 1 -1 0 -1 
5 -7 -3 0 2 4 -1 -1 
-8 -8 -25 -7 -6 -4 -4 -3 
7 -3 14 -7 -7 -5 -3 9 
-1 2 3 0 -6 -4 -4 -3 
-3 3 -10 -7 -1 0 3 -1 
2 -2 3 2 2 0 1 0 
-3 -3 4 9 6 1 1 -4 
0 -3 -3 -4 -1 0 -2 3 
-4 -1 -4 -3 -4 -1 -1 -6 
-1 -4 -2 2 1 -2 -1 1 
-1 -9 4 0 1 0 4 5 
-2 2 -1 -7 -2 -2 -5 -5 
0 7 11 -2 -3 -1 1 26 
-4 -10 -9 -5 -4 -2 -4 -31 
1 -4 -15 -5 -4 -1 3 5 
0 -5 0 -2 -2 0 -8 4 
-3 3 -11 0 0 -3 -1 -7 
-1 1 4 -2 -3 2 2 9 
-3 -1 6 2 1 -2 0 -1 
-4 0 -2 1 1 0 2 -5 
-1 -3 3 -1 0 -2 -2 -3 
1 1 -3 0 1 0 0 7 
-2 -2 -2 0 -3 -2 -1 -13 
-12 -2 0 2 0 -2 2 -23 
9 -5 -4 -1 1 3 4 44 
9 6 -21 -3 -2 -1 -7 -24 
2 11 -8 -11 -2 1 -4 4 
3 2 30 5 -4 -1 -4 1 
-11 -6 -9 -13 -9 -4 -4 -27 
-4 -4 1 -2 -3 -2 1 17 
0 -1 5 6 3 -1 -2 -3 
0 1 -7 0 4 3 5 -3 
-1 -9 13 7 4 1 -3 -7 
0 3 -1 2 1 -2 -3 0 
0 -2 -7 -4 -1 -1 0 -4 
0 -5 3 0 -2 -2 1 10 
-1 5 -18 -3 -3 -2 -1 -11 
1 -12 3 5 2 1 0 3 
-6 -6 4 -5 -4 -2 0 -2 
0 -3 -10 -5 -2 0 0 4 
1 3 5 -6 2 0 0 -3 
-5 -1 -12 -6 -6 -2 -4 -7 
-2 -3 -3 9 2 0 1 13 
4 -3 -3 -3 -1 -3 0 26 
-4 -3 0 -1 0 -1 2 -15 
-3 -2 12 2 1 -2 -2 -6 
-2 2 4 -3 -3 -2 -5 -10 
2 -4 -12 0 -1 -1 -3 15 
3 1 4 0 1 0 0 3 
-2 1 -2 -1 -1 0 2 7 
-4 -1 -2 7 1 1 0 0 
2 0 1 -9 -1 -1 -2 -8 
-13 -4 -16 2 -5 -2 -5 -6 
-1 -3 48 2 -4 -4 -2 -4 
-1 -4 -17 -12 -5 -3 -1 5 
-2 -7 -8 0 -2 -2 -1 -4 
-3 -1 2 -4 -2 -1 -4 -3 
0 -3 -12 -3 0 0 1 5 
1 4 11 7 1 0 0 0 
-3 0 4 1 0 -1 0 -8 
3 0 -5 -2 0 -2 -2 -3 
-2 7 5 9 6 1 -2 -1 
3 -2 -5 -1 1 1 3 3 
-7 -2 -7 -16 -9 -3 -4 -9 
-2 -20 -12 4 1 -1 -3 3 
1 1 5 -12 -1 1 1 2 
-3 -9 1 0 -6 0 2 1 
0 -2 1 4 5 0 -4 -5 
1 11 4 0 0 0 -1 -8 
1 -2 -6 -1 0 -3 0 4 
-6 1 3 -1 1 -2 7 -18 
6 6 4 7 1 1 -7 17 
-6 6 -31 1 -5 -2 6 -1 
8 18 -45 -22 -10 -6 -3 6 
5 -1 3 -6 -4 -1 -6 15 
-2 -1 -3 4 -1 -2 2 -12 
-5 -4 1 -1 2 0 -1 -3 
-6 -3 -1 1 0 -1 0 -1 
-2 -1 -3 0 -1 -2 -3 -6 
-3 -2 -6 1 0 -1 -3 -3 
3 2 7 -2 -1 0 -2 -2 
-16 -8 4 4 1 0 0 -3 
4 4 19 12 3 1 -3 -6 
-7 -5 -34 -14 -7 -3 -5 -6 
8 -9 -3 -22 -8 -2 -2 -2 
-4 -6 0 1 -1 0 1 5 
-4 3 13 1 1 -2 -3 1 
1 10 11 8 4 3 2 -3 
-1 -2 3 5 0 0 1 7 
2 9 -8 -1 -2 0 0 -5 
-3 -3 -6 -6 0 -1 4 -3 
3 -4 -4 0 0 -2 -6 10 
-4 -6 -7 -7 -6 -5 -4 2 
9 -3 4 -1 1 0 0 -5 
-1 0 -11 -3 -4 -2 -1 6 
-2 4 8 8 1 1 4 -5 
-3 1 17 6 0 -2 -2 -9 
-2 -3 -3 -7 -4 -1 -1 28 
-6 -4 18 -8 -3 -3 -4 -37 
-3 -10 -6 -6 -1 -1 0 3 
1 1 -2 5 1 -1 -3 -3 
-2 -3 13 2 2 0 -1 -11 
3 -5 -15 -1 -1 -2 -2 14 
-1 11 21 12 1 -1 2 -3 
-6 -14 -8 -14 -2 -2 -1 -9 
-6 -6 0 -4 -4 -1 3 -1 
6 -14 -14 -1 -2 -2 -7 7 
-1 -5 -6 -3 -1 -2 0 -4 
1 5 0 5 5 -1 0 3 
-1 -5 0 0 0 -2 -4 1 
0 4 -4 -5 -2 -1 0 7 
-1 -2 10 -2 -1 -1 1 0 
-6 3 7 8 1 2 5 -4 
10 -3 2 -6 -1 0 -8 -9 
-17 -4 -16 2 -5 -2 -2 0 
19 -1 -7 -5 -2 -3 -3 5 
-1 2 3 -3 -2 -2 -1 2 
-4 -2 3 4 1 -2 0 -11 
-2 3 0 0 0 0 -1 1 
-8 -5 3 -6 -2 0 -2 -5 
-1 1 -2 5 3 0 1 4 
-2 -5 -5 8 3 1 1 -2 
-1 1 -14 -7 -4 -3 -4 1 
-3 12 -6 -11 -7 -3 -1 -4 
4 -4 3 2 -3 -3 -3 -3 
-3 0 -10 -3 -4 -2 -2 1 
1 0 2 -4 2 1 0 1 
-2 -3 -1 -3 -1 -1 0 -7 
3 4 -1 -7 -2 0 -2 4 
-2 -3 -1 3 -1 0 -1 0 
1 1 12 16 4 -1 0 -2 
-5 -8 -6 -6 -8 -3 -2 -3 
-2 -3 -2 9 0 -1 -1 1 
-1 -1 -2 -18 -2 -1 1 -2 
1 2 -1 1 -7 -4 -5 -5 
-1 -4 2 4 6 2 1 2 
-2 -3 -8 -3 -3 0 -2 0 
-1 7 -3 5 2 -1 -1 -4 
1 -8 0 -6 -1 0 0 0 
0 -2 1 5 2 -1 1 23 
-8 -2 -3 -8 -1 -2 -2 -30 
1 -2 -3 -1 -4 -3 -2 10 
-1 -1 3 -1 -1 0 -3 -16 
2 -14 27 6 -2 -1 -2 20 
4 -4 -10 1 0 2 1 7 
1 0 0 1 -3 -3 -2 3 
-2 0 1 -2 -2 -1 1 -8 
-3 0 -6 -2 1 1 -2 -18 
3 2 11 0 0 -2 0 13 
-4 -9 -16 -1 -3 -2 -1 -8 
-3 -1 3 3 2 0 -3 3 
0 2 -6 1 0 1 -1 -12 
-3 -1 -3 -10 -6 -4 -2 2 
-2 3 -6 4 -4 -2 -1 -4 
-2 -4 -2 -4 -1 -2 0 6 
-4 3 -44 -3 0 1 0 -5 
0 1 9 2 1 -1 -2 -2 
-4 -5 -9 0 0 -2 -1 2 
1 5 0 1 1 -1 1 27 
-7 -8 3 5 2 -1 -1 -29 
-4 -4 -3 -16 -3 -1 -4 1 
3 0 7 0 -3 0 -1 4 
-1 0 0 -4 -3 0 -1 3 
0 2 5 3 -2 -1 0 4 
-1 2 1 6 2 -1 1 2 
-4 -14 8 1 4 1 2 -4 
-4 -9 14 1 1 0 1 -8 
-1 0 2 -4 -3 -3 0 -1 
0 0 -3 1 -3 -2 -1 -6 
-1 1 0 -3 0 0 -1 -2 
1 -2 -6 1 0 -3 1 -8 
-8 -5 -3 -14 -6 -3 -3 -9 
9 1 -1 6 0 0 0 9 
-2 4 -1 -6 1 -1 -5 2 
-5 -4 -10 -5 -6 -2 -1 -4 
5 -2 1 0 -4 -4 -2 -3 
2 2 -1 4 0 -3 1 20 
-2 0 1 1 0 0 1 -15 
0 -5 -3 -1 2 1 1 1 
-8 -18 -2 0 0 2 0 -4 
-3 -3 1 1 0 -1 2 4 
4 -3 -1 -2 -2 -1 -4 11 
5 4 15 0 0 2 -1 11 
0 5 -11 -1 -4 -3 -1 2 
-4 0 2 5 1 -3 -1 -8 
-4 -3 1 2 1 -1 1 -12 
2 0 -12 -13 -6 -4 -1 0 
3 2 29 -2 0 -1 1 13 
-3 6 -11 -3 -3 0 -2 -10 
-2 -1 22 10 -2 -4 -2 0 
-3 -19 -23 -7 0 -1 -3 -8 
-1 -1 -3 -3 -1 1 -1 2 
-3 -3 -9 -2 -4 -2 -4 -5 
-1 2 -1 -2 -2 0 -2 23 
-8 5 -6 4 -1 -1 2 -35 
0 -2 -12 -6 -2 -2 -2 0 
2 -3 7 4 0 -1 -1 0 
1 6 -10 -13 -1 0 1 1 
-2 -2 -1 -5 -6 -3 0 -1 
-1 2 -5 -4 -1 -3 -4 2 
-1 0 13 5 1 0 -2 -17 
-1 -5 -12 -1 1 -1 0 -6 
1 5 -7 -10 -2 -1 1 6 
-2 0 -3 9 2 -3 1 -3 
0 -1 3 -4 -2 0 -3 5 
-2 -2 -1 -1 -3 -1 -2 -11 
1 2 9 3 1 1 -2 -4 
3 -5 0 -1 0 0 2 20 
-6 -3 8 0 1 -1 -1 -5 
-2 7 -30 -12 -1 -2 -3 -5 
5 2 2 4 -3 -3 -2 2 
-2 4 -1 1 0 -1 -3 -5 
0 -16 -11 -7 1 1 1 26 
-7 -3 9 4 0 -1 0 -33 
-2 -2 -3 2 -1 -2 -4 2 
2 3 -11 7 1 1 1 1 
0 6 17 0 1 1 0 -8 
-2 -7 0 -5 -6 -4 -2 13 
-2 -4 -4 -5 1 0 -3 4 
-1 6 16 1 -2 0 2 -11 
-4 -1 -20 -7 -6 -2 -2 -6 
0 -12 -6 8 2 0 1 1 
-1 3 12 4 1 0 -1 -5 
-3 -2 7 -3 -1 0 4 -4 
2 -2 -7 -2 -2 -2 -4 5 
2 2 5 2 1 -2 -4 -4 
-1 -3 -2 2 0 -2 0 7 
-2 1 0 -14 -4 0 -3 -2 
-3 -3 -5 -1 -2 -1 2 -9 
-2 0 -4 0 -3 -1 1 1 
-4 3 -5 -1 0 -1 -5 -1 
-4 -9 1 3 1 1 -1 -11 
1 -2 8 -2 1 0 0 0 
0 -2 -4 -4 -2 -1 0 -6 
2 3 5 6 -1 0 -4 -4 
-2 4 -9 1 -1 -2 -4 -3 
-3 -12 2 -17 -4 -1 0 -3 
-1 -3 2 4 -2 0 0 7 
1 13 0 -5 -4 -2 0 -1 
-1 -5 -9 0 -1 -2 -2 -2 
-7 2 6 2 -1 -1 -1 -1 
3 6 8 2 3 1 3 3 
-5 -12 -6 -5 -4 -2 -1 -8 
-3 -5 -17 -5 -2 -3 -5 5 
2 4 -4 -2 -2 -3 -5 -6 
1 -3 5 -2 -3 -2 -1 3 
-2 -3 0 -1 0 0 -1 -3 
-2 -1 0 -1 -1 0 0 0 
0 -5 36 6 -1 1 4 4 
0 -2 -4 -5 -2 -3 -6 -5 
-1 -1 -3 3 1 0 2 7 
1 3 5 3 1 0 0 -2 
-2 4 -20 0 -1 1 -1 -3 
-1 -5 9 -12 -7 -1 0 -2 
-3 -6 1 -7 -2 -1 -2 2 
3 -1 4 3 2 -1 -1 3 
0 3 -10 4 -1 -2 0 26 
-4 -14 9 10 6 1 -1 -18 
1 -3 -20 -7 1 1 0 0 
-3 -1 1 -4 -4 -3 -2 -10 
-1 -16 11 5 0 -1 -1 2 
-3 3 -6 -6 -1 1 1 7 
2 -2 3 1 -1 2 1 2 
0 -2 4 -4 -3 -1 -1 1 
-4 4 -7 -2 -3 -3 0 -8 
-4 -1 3 -2 -1 -1 -2 -6 
0 -1 2 2 -2 -2 -4 -6 
-2 0 -13 5 1 1 1 8 
-2 -4 -15 -18 -4 0 -3 -8 
-1 1 1 -2 -7 -4 -3 1 
0 1 5 4 1 -1 0 5 
-1 -4 -4 -4 -2 -1 -2 -4 
-1 2 -7 9 2 1 2 -9 
1 3 -3 2 2 1 -1 2 
-1 -2 1 -9 -6 -3 -1 2 
-3 0 2 -3 -1 -3 -3 -6 
2 1 -5 1 1 -3 -1 2 
-1 3 0 2 -1 -3 0 1 
-2 -2 -1 3 1 -2 -2 -5 
0 -3 7 -2 -1 1 0 -2 
0 5 -12 -5 -2 -1 -1 -8 
-3 -5 -9 4 2 0 2 -4 
-1 1 4 5 1 0 -2 1 
-1 -1 2 -9 -5 -4 -3 -3 
2 1 -1 0 -2 -2 -1 6 
0 6 -11 -1 -1 -1 0 4 
-4 -5 0 -1 -2 -1 0 -6 
0 -1 1 1 1 1 5 8 
-1 0 -2 6 4 1 -4 1 
1 -12 -22 -13 -5 -2 -1 -2 
0 -6 -14 -2 -4 1 -1 3 
-2 1 30 -2 -4 -4 -1 -4 
0 -4 -11 -1 -4 -4 -1 -3 
0 2 -4 2 2 0 0 2 
0 3 -1 -3 -1 -1 -2 -2 
-1 -3 -12 -2 1 -1 0 -1 
-3 2 15 3 0 -2 1 -8 
-1 -1 5 4 -1 -1 -1 -2 
-2 -6 -7 -5 -2 -2 -2 4 
1 5 -6 0 -1 -1 -3 2 
