#EMG
#4
#ID:4-9
-4 -10 0 1 0 0 4 -11 
0 4 -5 4 1 -3 -7 -4 
1 -2 -9 2 2 -1 0 9 
-2 4 -3 -6 -2 -1 -3 -1 
-4 1 2 -2 -4 -3 -1 -7 
-2 3 -5 -3 0 -1 -1 -1 
2 7 4 2 2 1 -2 4 
-3 2 -4 9 1 0 -3 -22 
4 -3 39 1 1 1 3 23 
-3 -6 -39 -20 -10 -4 -3 1 
-5 -4 -3 1 -3 -1 -3 -1 
3 -6 -7 -1 -1 -1 1 6 
5 8 10 0 -1 -3 -1 24 
-5 -3 -18 -3 1 -2 -1 -36 
-4 -5 10 4 -1 0 4 -2 
-2 4 -4 2 -3 -3 -4 1 
2 10 0 -5 -1 -1 -2 2 
-8 -6 9 2 -1 2 0 -2 
-1 -19 -4 -2 5 1 -2 -5 
-4 -3 -7 -13 -8 -3 -4 -11 
-4 -7 -7 -7 -5 -2 -2 0 
2 11 0 3 0 1 -2 -10 
5 10 10 12 2 -4 -3 15 
-5 2 -19 -7 3 0 -2 2 
-2 0 -4 -2 -3 -1 -3 -5 
1 -18 9 4 2 1 6 21 
1 6 -10 -1 -3 -1 -2 -11 
1 -9 -7 -7 0 -1 0 2 
-2 3 -9 2 0 -1 1 -10 
-1 -1 8 2 2 -3 -7 -9 
2 5 -42 -1 -1 0 1 33 
-4 -13 29 -4 -3 1 4 -15 
-6 1 -10 -1 0 0 -7 -21 
1 4 2 -1 -4 -1 -1 6 
-6 -4 -9 -3 -2 -3 -1 -13 
2 5 -6 3 1 -4 -4 9 
1 -9 5 0 -1 -2 1 3 
-1 -13 -2 -3 -5 -4 -5 -2 
0 1 11 -6 -3 -1 1 -3 
-1 -1 -5 0 -2 -3 0 16 
-2 -7 -24 -9 -5 -3 -1 4 
-3 9 -11 2 4 1 5 5 
0 -6 21 7 3 2 -3 -7 
2 4 12 1 3 0 -1 0 
-2 -2 -8 -6 -3 -2 -2 2 
-3 -1 -6 -3 -3 -2 -4 -6 
1 -5 3 -6 -8 -1 0 20 
-7 10 9 3 5 3 2 -36 
-2 1 -4 -3 1 -1 -1 -10 
-2 -14 1 -4 -3 -4 1 0 
-1 -5 -3 2 0 -1 -10 -9 
0 -3 -9 -3 -4 -2 -1 13 
-5 -18 -7 8 3 -1 0 0 
1 23 -36 -2 1 1 1 -2 
-5 1 11 -1 0 1 5 -6 
-1 -14 8 4 -4 -1 -2 5 
0 -4 -17 -13 -4 -1 -4 -2 
-8 14 13 3 -2 -3 2 -12 
4 -15 -10 -4 0 -3 -3 0 
0 7 1 3 0 -1 -5 11 
-1 -11 2 1 3 1 1 0 
5 0 3 0 -3 0 -2 24 
-3 -4 -1 -4 -4 -3 1 -17 
-3 10 6 -6 1 -1 2 -10 
4 5 10 8 -1 0 -3 12 
-3 -26 -2 -2 -1 -1 -2 4 
1 -17 17 5 2 0 5 0 
-5 2 -7 -3 -3 -3 -4 -7 
-4 -1 3 -1 1 2 1 4 
4 1 14 -5 -4 0 -1 5 
-4 -7 -1 -6 1 1 0 3 
2 2 -2 4 -1 -2 -1 -4 
5 6 10 9 3 -1 0 5 
-5 -2 -6 -7 -2 -1 3 -12 
6 10 40 -1 -2 -4 -5 11 
0 8 0 -1 1 1 -2 -3 
-3 -3 3 11 -2 -1 -1 -8 
2 -7 -21 -5 -5 -2 -3 25 
-3 -2 -31 -6 -2 -1 3 -31 
0 -20 6 5 1 3 6 26 
-3 -4 -10 -14 -11 -3 -7 -6 
-5 5 7 5 1 -1 1 2 
-2 8 -22 0 -2 0 2 -11 
6 10 25 5 -3 -5 -14 14 
-1 -9 7 -8 -4 -3 1 9 
-7 -10 -3 9 2 0 -3 -16 
4 15 -7 -7 -3 -2 -3 18 
-3 -1 -55 -7 -2 -2 4 -12 
-4 1 -1 -4 -2 -2 -9 -20 
2 11 20 3 1 0 -7 -19 
3 1 13 5 0 -1 4 14 
-4 -10 -25 -13 -2 0 6 8 
2 12 -2 -3 1 -1 -8 4 
-1 -17 -14 -5 -4 -1 3 12 
-7 11 11 6 1 -1 -2 -31 
0 12 55 -3 -3 -3 -4 3 
-2 10 -21 4 0 -3 2 -3 
3 -2 29 -3 0 2 1 -6 
-1 -8 -4 -9 0 -2 -5 14 
0 -24 49 5 -3 -2 -6 -17 
-2 7 9 -7 2 -1 5 28 
2 34 -9 0 -5 -2 -7 -19 
-4 -23 0 -5 -1 1 8 7 
-5 11 -26 4 0 -3 -11 -7 
7 -3 -9 0 1 2 3 17 
-1 -15 -5 -6 -2 -4 -3 11 
4 7 -24 -8 -7 -3 8 18 
-5 4 -6 -7 -2 1 3 -12 
1 -2 6 5 0 -5 -12 -28 
-4 7 -8 3 4 2 4 -21 
2 -4 -2 1 3 2 8 42 
3 -18 -16 0 -3 -1 -9 -30 
-5 8 -67 -11 -9 -5 -2 -15 
1 -32 2 -4 -2 1 -2 11 
-4 -3 -20 -4 -1 -4 -8 -12 
-1 -6 27 10 7 1 11 30 
-7 -2 0 -2 0 0 -4 -29 
6 0 7 -12 -3 -2 -2 2 
-6 13 10 -4 -9 -5 3 1 
-4 -5 -39 -9 -3 -3 -11 4 
-8 -8 6 5 3 1 -3 -20 
2 12 18 14 0 -2 1 2 
2 12 -13 -2 -1 -1 0 -8 
-3 -5 11 -3 -2 -1 -5 -18 
4 -16 -1 13 1 1 4 24 
-3 4 -6 -14 -4 -3 -12 -7 
-4 1 -34 1 -4 -3 -8 -18 
5 0 -35 -1 1 1 5 30 
-5 9 -66 -13 -5 -2 4 -8 
-1 -48 41 18 1 0 1 2 
3 7 48 7 3 2 -4 -8 
-8 7 16 2 0 0 1 -3 
-2 -8 9 -7 0 1 5 4 
-11 -4 -20 -7 -2 -3 -6 -22 
-1 18 -8 -1 1 -1 -8 -9 
-5 -29 -26 4 2 0 1 -6 
1 1 46 7 -1 -2 -1 3 
-5 21 -30 -4 -1 -1 4 -6 
-3 -7 6 0 2 -2 -4 -9 
4 3 -5 -12 -12 -2 -4 1 
3 15 68 3 -1 -2 -1 -6 
-1 -6 8 6 2 0 8 9 
-4 -30 -17 -8 -2 0 -15 7 
3 2 36 12 3 4 9 -10 
2 -6 -6 -7 -3 -3 -2 7 
8 16 2 -1 0 -2 6 7 
-6 -3 19 -2 -3 -2 0 -9 
-13 -4 -61 -7 -4 -8 -9 -19 
-3 -3 -9 -6 0 3 -1 -8 
-7 4 0 4 3 -1 -3 0 
3 -3 -3 5 2 -1 7 42 
2 30 -51 -18 -8 -6 -13 -33 
2 -4 14 12 0 -3 0 1 
-9 -11 -36 -14 -5 0 -9 -13 
-1 -4 -12 -8 0 2 1 4 
5 -10 -26 -6 -2 -1 1 18 
5 19 79 12 -1 -1 1 9 
0 6 -15 4 6 0 -5 -1 
0 0 7 -9 2 -2 -3 -11 
-4 -15 5 -7 -5 -5 3 5 
-6 1 -16 -16 -25 -4 -1 -11 
5 8 34 3 -6 -3 1 15 
-1 6 -47 2 4 -2 -3 -15 
10 20 110 22 19 8 9 7 
-13 -46 -56 -50 -10 -2 -4 0 
-5 12 -79 9 -7 -11 -8 1 
-3 1 -50 -7 -3 1 0 -14 
2 2 10 2 -4 -3 0 5 
2 5 -20 1 5 -2 -1 5 
1 12 -15 -4 -1 3 -1 -4 
-5 16 -13 -14 1 -1 -3 -16 
-1 -9 -5 15 6 4 2 13 
-3 -14 -16 1 -4 -3 2 -6 
-5 -8 -40 -14 -5 -4 -5 -1 
-3 5 37 15 1 0 -2 13 
-2 -17 15 -3 -1 -3 -2 -19 
0 -7 -7 13 4 1 9 17 
3 -4 -17 -6 -2 -4 -16 -27 
-6 -15 8 1 -2 -2 1 -11 
-4 21 -32 -10 -7 -1 1 4 
4 10 12 5 3 -1 4 -3 
-8 -4 27 -4 -2 0 8 -3 
-2 -28 15 7 -3 -4 -15 -23 
2 -12 -11 0 -1 1 2 13 
7 7 -10 0 3 3 2 30 
0 9 26 -6 -4 1 10 23 
3 6 -6 -4 -3 0 -3 -14 
-2 4 57 14 2 0 6 -4 
-2 5 -2 8 7 -2 -15 -5 
5 -10 21 -2 4 0 1 19 
-3 21 2 2 -5 -1 0 7 
-3 -38 -49 -15 -3 -4 -2 -3 
-7 6 -46 -5 -3 1 2 -11 
8 -19 18 2 7 5 4 28 
11 13 43 4 -8 -6 -9 -48 
-35 16 -21 -22 -6 -1 -5 -27 
-3 -32 1 13 3 -4 -7 9 
5 8 49 13 2 5 7 -1 
12 0 -17 1 3 1 7 -2 
16 21 2 -2 -5 -3 -10 29 
0 23 34 -14 -7 1 -1 -35 
-14 -16 4 0 -1 -2 -2 1 
7 11 58 25 12 7 17 30 
2 -7 -11 -5 -7 -5 -7 14 
-17 -20 -6 5 -3 -4 -8 -26 
9 17 34 7 2 -2 -6 -12 
-19 -6 8 -7 0 0 0 -19 
-2 5 -32 0 5 -1 -3 5 
17 13 12 -11 -6 -3 1 20 
-2 20 9 0 -2 -1 4 -15 
-12 -9 -43 -8 -3 1 -1 -8 
17 -2 26 2 -3 -1 -4 4 
-13 -12 -14 0 0 -3 -2 -12 
3 20 -23 -1 2 -4 -5 2 
-6 0 -30 -4 -2 -1 2 13 
-2 4 -55 -6 0 -4 -3 -2 
9 -23 40 7 5 4 5 9 
-1 -7 3 -12 -6 -3 -7 -9 
8 -19 13 1 -6 -4 -3 10 
-8 -1 -25 -7 -4 -2 -3 5 
-17 3 -22 -7 0 -6 -8 -46 
1 -1 -1 -5 2 4 9 -1 
-1 -12 -6 -5 2 0 -8 9 
-5 -1 11 0 -7 -5 1 -11 
-7 13 27 6 -5 1 1 18 
-1 -12 -17 -4 -1 2 -3 -7 
1 -23 13 -10 -14 -5 -7 -9 
-2 7 25 10 4 -3 2 8 
6 20 -39 10 9 2 3 9 
1 6 32 0 1 1 -3 -3 
6 -9 -23 -15 -12 -6 -7 30 
-18 -20 7 -11 -7 -5 -2 -34 
2 -24 -26 4 2 0 -4 -9 
-3 -6 -31 -6 -2 -2 4 13 
-4 21 42 11 7 4 -6 -9 
9 -2 31 -1 -4 0 3 18 
6 13 10 0 2 3 0 8 
-7 -4 -38 -5 -1 -4 0 1 
-3 8 1 4 -1 -3 -1 -2 
-8 -6 -17 13 14 9 7 -9 
36 4 31 -4 -4 -5 3 4 
-11 -5 -15 -11 -12 -6 -13 -8 
21 9 -7 -15 3 -2 9 8 
-42 12 -12 -9 -14 -4 -8 -3 
-2 -8 -9 6 5 2 3 3 
7 -10 7 13 12 1 3 -14 
-24 9 -8 4 -2 -1 -1 -4 
20 -14 -7 -8 -2 -2 -7 7 
7 6 25 1 -8 -4 -3 19 
-14 -6 -47 3 13 -3 0 -44 
3 -2 11 -14 -17 -6 -7 -8 
7 -5 -7 -9 -5 -1 10 14 
-14 -9 6 -7 -11 -5 -2 0 
4 -14 10 11 -6 -2 -9 10 
7 21 -1 12 11 2 7 4 
13 -15 -6 -1 5 4 2 1 
-8 4 -26 -3 2 0 0 4 
3 -17 38 0 -3 -1 1 14 
-7 -30 -21 -1 2 -1 1 3 
-6 22 31 2 1 -1 1 -11 
-6 -9 -26 -6 7 4 2 -3 
-2 8 -4 -3 -2 -3 -2 4 
-2 -3 3 4 -2 -2 -4 2 
7 4 20 3 -1 0 3 -4 
-11 15 -8 -2 -5 -7 -9 -14 
2 -8 -7 -7 -7 -4 -3 -2 
-6 -13 1 -4 0 1 0 0 
4 4 -6 6 2 1 0 -5 
-1 14 21 3 1 1 0 2 
-5 19 -21 -2 -5 -1 -4 3 
3 -16 2 7 4 1 1 0 
-1 -3 5 2 1 -1 -2 -6 
-4 -26 -8 -2 0 -2 0 -3 
-5 -1 -47 -9 -5 -5 -1 -5 
2 -4 6 1 3 0 2 8 
1 -6 -13 -3 -4 -3 -1 -6 
-4 -4 6 -5 -2 -1 -1 0 
1 3 7 0 -4 -2 -3 -6 
1 -2 36 3 -1 -1 0 -2 
-4 -1 9 -5 -6 -5 -4 1 
-3 0 -4 -2 0 2 0 -3 
1 -5 14 -4 -3 0 1 4 
1 8 -13 0 0 0 -1 1 
0 5 44 4 4 0 -1 -6 
-3 -1 -2 -2 1 -1 -3 -1 
4 -3 9 0 -4 0 0 3 
-3 -1 -11 1 -2 -2 -1 -2 
2 -6 -15 6 1 -1 -2 -5 
-5 5 -17 -7 -2 -4 -4 -7 
-2 -15 23 4 -1 0 1 1 
-2 0 -21 -5 -2 -2 0 0 
0 -2 -4 1 3 2 2 1 
5 28 -1 -8 -5 -4 -1 -1 
-5 -6 -13 -8 -3 -2 -6 -3 
-13 -11 -10 -1 0 -1 -3 -12 
-2 -6 -2 -1 -2 -3 -3 -5 
3 2 9 4 2 2 2 5 
2 -19 64 4 0 2 2 0 
0 3 -3 -3 -2 -3 -5 0 
0 -13 48 -1 -1 0 -1 -1 
-6 -13 -24 -2 -1 -4 -4 -6 
2 20 6 6 2 0 2 3 
1 -9 -2 -4 -4 -1 -2 -3 
-1 10 -16 -6 -7 -4 -4 -5 
0 -16 -2 3 1 2 2 2 
-2 0 -13 0 3 0 0 2 
-2 11 -12 -4 -4 -5 -5 -4 
3 9 -35 -9 -8 -7 -3 0 
2 -5 -56 -3 -1 -1 -3 6 
-6 2 -10 -3 -7 -1 -1 -8 
-3 3 8 3 4 2 1 0 
-2 -14 -17 -3 3 1 2 1 
-3 -4 9 2 -2 -2 0 -3 
0 -7 -8 -2 -3 -4 -1 7 
1 -4 -18 -1 -1 0 2 -2 
-1 0 -4 1 1 -1 -3 -1 
-2 -3 15 -1 -2 -3 -1 -1 
-3 8 -58 -8 -3 -3 -2 -5 
1 3 12 -4 -4 1 3 -1 
-3 -3 -7 0 3 4 2 1 
-1 0 26 0 1 -1 -1 1 
0 -5 2 -3 -2 0 -3 -3 
-2 6 -9 -1 -2 -2 1 7 
-3 -3 3 1 -3 -3 -6 -10 
-5 -1 -19 -5 -3 0 0 -3 
0 -6 -1 -3 1 -2 -5 24 
-3 2 -15 -4 0 -2 1 -27 
-1 -5 3 6 1 -1 1 7 
1 9 19 -1 -3 -1 -1 -6 
-3 -25 -3 1 3 2 3 4 
-4 5 17 1 1 1 -1 4 
-3 -6 -9 -1 0 -2 -1 -4 
2 0 4 0 0 -3 -4 3 
2 13 15 -2 -3 1 3 -4 
-1 -9 -2 4 0 -2 -2 1 
-2 -9 -1 0 -3 -3 2 -6 
0 -8 2 0 1 1 2 6 
1 1 12 2 -1 -1 0 -7 
-3 -5 -9 -4 -3 -2 -5 -3 
0 1 1 -2 -1 -2 -3 4 
0 -1 15 1 -3 -1 -2 -1 
-6 5 -1 -1 -3 -2 -3 -10 
-5 -1 -5 -3 -3 -1 -3 -1 
1 -22 65 13 7 2 3 2 
-6 2 -68 -12 -7 -4 -7 -18 
0 -2 -18 -12 -1 -1 -2 3 
0 -15 7 -1 -1 -2 -2 3 
-1 6 -15 -3 0 -1 -1 -1 
0 -2 6 4 0 0 1 -2 
0 7 12 3 -1 -1 -1 -3 
0 3 -5 -3 -3 -1 -1 3 
-1 18 -21 -5 -5 -1 -2 0 
1 -9 18 0 0 -1 -1 1 
-3 12 -19 -2 -1 -2 -4 -4 
-8 -13 -8 0 4 1 -1 -4 
-6 -13 -20 -3 -3 -3 -1 -2 
-3 9 13 -5 -2 -1 -1 1 
6 2 12 2 -3 -3 1 1 
-1 8 -10 -6 -4 -5 -1 -2 
-1 5 9 -2 0 1 0 2 
2 -2 7 -1 -2 -2 0 1 
-1 -4 -1 -3 -2 -1 -1 -3 
0 -3 -2 -7 -3 -2 -2 2 
-1 7 -23 -3 -2 0 1 -1 
-3 -9 6 3 1 -2 0 1 
-7 -23 -1 1 3 0 -1 -6 
-1 -4 3 3 0 -1 1 -2 
-1 5 -1 -5 -4 -2 1 4 
0 1 -1 1 -2 -2 -2 4 
2 21 6 -2 -4 -1 0 -2 
3 -9 18 6 2 3 1 0 
-3 9 -8 1 0 -1 -2 -5 
-2 -1 7 1 1 1 3 -2 
-2 -7 2 -1 0 -3 -2 0 
1 2 -7 -3 -2 -2 -2 -1 
0 6 -14 -6 -5 -2 -5 -5 
-3 -5 -4 4 0 1 0 1 
-3 1 2 -1 -3 -2 -2 -5 
-1 -1 0 -1 0 -2 0 -1 
-1 -9 -4 -3 -2 0 -1 -3 
2 3 0 -8 -8 -4 -2 2 
-1 9 6 6 -1 0 0 0 
-5 -12 -16 -1 -3 -2 -5 -4 
0 0 0 5 3 -2 -2 -3 
-1 -8 11 -6 1 0 0 -3 
1 0 2 -8 -2 -1 -3 2 
-1 -8 -2 -1 -1 -3 -4 -8 
-1 1 -3 1 1 1 0 7 
-3 -9 -6 3 1 -4 -3 -2 
-3 0 -2 4 2 0 0 3 
0 6 10 0 -1 1 4 -2 
-1 -12 -8 -6 -5 -3 -6 3 
-2 11 1 1 -2 -3 0 1 
-4 9 -4 -9 -2 -1 -4 -6 
1 5 16 7 -2 0 1 3 
0 -4 13 -2 -2 1 2 -4 
-1 -12 -9 -2 2 2 0 0 
0 1 3 1 1 0 0 -2 
3 11 0 0 2 -1 -2 0 
-2 -3 -9 2 -1 1 1 1 
-3 -6 0 -2 -1 0 -2 0 
0 -13 1 2 1 0 0 -1 
1 1 -3 -1 -2 -1 -1 2 
1 -3 5 2 0 -3 0 -5 
-5 -22 -19 -6 -3 -2 -3 -4 
-3 -2 -3 3 -1 -1 0 0 
-1 -17 17 -1 -4 -2 -1 1 
-6 -5 -47 1 0 -2 -3 -3 
1 15 -5 -5 -1 0 0 -1 
-1 -11 -2 -5 -3 -2 -1 -11 
0 9 -8 3 2 -1 -2 7 
5 0 14 8 2 -1 -1 10 
-3 3 6 -9 -6 -4 -2 -13 
2 -6 33 9 -2 -2 1 0 
0 -8 -15 -5 -5 -2 -2 -3 
-1 -8 -2 -5 0 0 -3 4 
1 -1 5 5 4 1 1 3 
-1 2 -4 -3 -1 -2 0 0 
0 30 1 -3 -2 -3 -1 -4 
0 -14 12 -4 -3 -2 -1 -2 
-5 -24 -5 -4 -2 -2 -3 -4 
-1 -3 -15 -4 -1 0 -1 6 
-2 -8 -6 -1 1 2 0 -1 
0 22 0 -2 -2 0 -1 -2 
-1 10 8 4 0 -1 -3 0 
-5 -27 -20 -1 1 -2 -2 -6 
0 -3 -7 -6 -2 -2 0 0 
2 2 11 -6 -3 0 1 -2 
0 -4 -12 0 -2 -4 -2 -2 
-1 11 -6 -1 0 -1 -2 5 
-1 -1 5 -1 1 0 0 0 
-1 -11 -16 -2 -2 -2 -3 -6 
-1 -2 2 4 1 1 2 2 
-4 0 -50 -8 -3 -3 -4 -6 
2 -1 -13 -6 -4 0 -1 7 
-2 -4 2 2 -2 -2 1 -4 
-2 18 5 -3 -3 -2 -2 -1 
-5 -23 -13 -11 -4 -3 -2 -5 
-1 3 5 -2 0 -1 -1 -5 
-5 -10 -2 0 0 -1 -1 -3 
4 12 -3 4 -1 0 2 1 
2 12 14 3 -1 -1 1 -1 
-5 1 -4 -2 -5 -3 -5 1 
-4 12 10 -4 2 2 -1 -2 
1 0 11 4 -2 -2 0 2 
3 2 0 -6 -1 -1 0 1 
-2 -7 0 -2 1 -2 1 1 
-1 -7 -8 0 -2 -3 -1 -12 
3 27 -14 -7 -2 -3 -3 3 
-2 -17 11 2 3 2 -4 -5 
-4 -2 -5 -2 1 1 -1 -3 
-3 -5 -3 0 -3 -5 -5 -4 
-4 -14 -31 -4 -1 -1 -2 0 
1 15 35 7 2 -1 0 7 
-2 -23 -17 -5 -2 -1 1 -10 
0 6 10 -1 -1 -1 1 5 
0 -10 11 3 2 0 -4 -2 
1 24 0 -10 -3 0 -2 1 
0 -6 -1 1 -2 -1 -2 -1 
-3 -13 -5 -6 -4 -1 -1 -4 
-2 -9 8 1 -2 -1 5 2 
1 3 1 -1 -2 -1 -1 21 
-1 6 14 3 0 -3 -3 -27 
2 -22 35 4 -3 -3 1 4 
-2 1 2 -8 -1 -1 -1 -4 
-1 -5 -2 2 -1 -1 -1 -5 
-6 -21 -17 -1 -1 0 1 12 
-1 12 -2 3 0 -1 -3 2 
0 2 16 4 0 -1 -2 -7 
0 -7 0 3 -1 -1 2 3 
3 23 -2 -7 -5 -2 -4 2 
-2 10 -4 -5 -2 -1 -4 -2 
-1 -7 -2 -2 -2 0 0 -3 
-6 6 -3 -6 -1 -2 -3 -13 
-1 -11 -10 -2 1 -3 -4 5 
-3 2 -7 -3 0 -1 2 -3 
-2 -8 -4 0 0 0 -5 1 
0 11 1 2 -3 -5 0 -3 
2 4 1 -3 -1 0 1 1 
-1 0 -4 -5 0 -1 -1 0 
0 3 -15 -2 -3 -3 -3 0 
-1 -5 -15 2 1 1 1 -7 
2 9 -10 0 -2 -3 -1 29 
-1 12 -13 0 1 1 -2 -25 
-2 -6 10 1 -1 0 -1 -2 
-5 -15 -8 -5 -2 -3 -5 -2 
-3 -7 -24 -11 -1 -2 0 -8 
2 2 -7 -1 2 0 -2 3 
-1 -6 -1 -7 -2 -1 1 9 
-4 -4 -4 -2 -6 0 -9 -9 
2 11 7 1 -4 -2 -6 -6 
-2 -23 5 2 -1 -2 -7 3 
0 -7 4 3 1 0 2 -5 
3 -9 -1 -1 -1 -1 2 8 
-4 12 13 4 -3 -1 1 -11 
-2 -2 -6 0 0 1 1 -7 
0 7 -6 0 -1 -2 -1 1 
-1 -11 -6 -2 1 0 -2 -7 
-5 5 1 -3 1 -2 -2 5 
-2 5 -6 -1 -1 -1 2 6 
-3 -2 16 2 2 -1 1 -2 
2 3 -4 4 -2 -3 1 2 
0 -17 22 6 1 2 1 -3 
-2 0 11 0 2 1 0 3 
-2 3 -41 -9 -4 -5 -5 -10 
0 3 18 -3 -1 1 2 11 
-3 -10 -1 2 -2 1 -2 -10 
-3 -3 -1 -3 -2 -3 0 12 
-4 -7 -6 0 0 0 1 -6 
-2 -4 -5 -1 1 0 -1 -5 
1 6 -6 3 0 -2 -2 -6 
-2 1 -4 -8 -2 -2 0 7 
-5 13 6 -4 -1 -3 -7 -3 
3 8 8 2 -4 0 2 25 
-4 8 2 -5 -2 -1 -5 -31 
1 -7 -6 -7 -5 -3 -2 -3 
-3 6 -23 -11 -4 -2 -2 -1 
-2 18 -1 -3 -2 -2 -2 -7 
-1 -8 -4 4 0 2 4 13 
3 14 16 2 -2 -2 1 -3 
1 -8 -6 0 -3 -2 -2 7 
0 -4 -10 1 0 0 -1 -3 
-2 -11 -1 -3 1 0 -1 2 
-2 3 -4 -3 -2 0 -1 -7 
5 0 56 6 0 -1 2 4 
-6 -21 -5 -1 4 0 2 -3 
-4 -6 8 -3 -4 -5 -3 5 
-4 -12 -3 -1 1 -1 0 -2 
-2 1 -6 0 -2 -1 0 0 
-2 12 -1 -2 -2 -1 6 -7 
1 -8 -3 -2 1 -1 -8 6 
-1 12 -1 0 -2 -3 -4 -14 
2 -16 0 4 1 -1 -1 8 
-5 -11 -2 1 -2 -1 -5 -19 
0 -19 -2 7 2 2 8 7 
-1 3 -4 2 -1 -2 -2 -3 
-1 -4 -8 -1 1 0 -2 1 
-2 -1 4 0 1 -2 -1 -2 
-2 9 -1 -5 -2 -4 -2 -11 
-3 -11 -7 2 -1 3 0 13 
1 -8 1 -1 -2 0 3 5 
2 0 -8 -5 -3 -4 -5 -2 
-1 3 -5 -1 -3 -2 -1 0 
0 -1 1 2 0 0 1 -2 
-9 0 -11 -1 -3 1 1 -8 
-3 11 -16 -3 -3 -2 -5 -10 
5 4 14 -11 -4 -3 -3 7 
0 13 8 0 -2 -2 0 -4 
1 -16 0 5 2 1 1 3 
1 10 0 -10 -1 -4 1 0 
0 -4 3 6 1 1 -2 -2 
-2 -26 -15 -4 -3 -2 -2 4 
1 23 20 5 0 1 -3 -7 
-6 0 -4 -2 0 -1 2 -4 
-4 -12 -19 -3 -2 1 2 -9 
1 16 9 -2 -2 -3 -3 -1 
1 -8 -4 4 0 -1 2 0 
0 -18 3 2 -1 -2 0 10 
0 7 1 0 0 0 2 2 
-7 5 8 1 -1 -1 -5 -16 
-3 -7 -12 -6 -1 -2 -2 9 
0 2 3 -2 -1 1 -2 -8 
-1 0 -5 0 -1 -3 -2 -1 
3 19 -1 -3 -5 -4 -1 1 
2 -4 -1 3 -2 -1 -5 -5 
1 -1 -13 -11 -5 -3 -3 4 
-1 2 1 1 -1 -1 -3 -4 
-3 -12 -3 -1 1 2 0 6 
-3 8 20 0 -1 -1 0 -5 
-1 -8 10 2 -1 0 -2 -2 
0 10 -3 -3 -3 0 1 1 
0 5 -28 -4 -2 -4 -6 0 
-3 -22 -21 -5 -4 -2 0 -4 
1 -8 -6 0 1 -1 -1 9 
2 13 0 -3 2 0 1 6 
-1 -14 -2 0 -3 -1 0 -4 
-6 -10 -19 -5 -1 -2 -5 -6 
2 0 5 3 1 0 -4 2 
1 3 -12 0 -4 0 4 13 
2 -6 23 3 0 -1 0 7 
-1 11 2 -4 -2 -1 0 2 
-4 -5 7 2 2 0 -1 -7 
-1 2 -1 1 1 -1 0 -1 
-1 -8 -3 0 -2 -2 2 -2 
-2 3 0 -5 -4 -4 -4 -2 
-5 6 4 2 -2 -1 -1 -3 
-4 -24 24 3 -1 0 -1 -2 
0 6 -1 -3 0 -1 0 3 
-3 -1 2 0 -1 -1 0 -6 
1 -11 -6 0 1 -1 0 1 
0 4 15 1 2 0 -5 -2 
1 -7 2 1 0 0 1 5 
-6 24 -3 0 -1 -1 -5 -32 
-1 -21 -47 -1 -1 -1 1 9 
-8 -8 -10 -5 -6 -3 -1 -9 
1 -3 3 -2 1 1 -5 -2 
-1 1 -2 -2 -1 -2 -3 5 
2 7 -1 2 0 -1 -1 4 
-4 -3 -10 -3 -1 -1 -3 -13 
