#EMG
#8
#ID:8-10
1 -11 -10 -2 0 -3 -2 -12 
-2 -6 2 -1 -4 -2 0 -1 
-2 9 -17 -9 -4 -4 -8 -8 
2 -10 15 12 9 0 1 9 
-2 1 23 2 4 1 0 -17 
2 21 -15 2 -11 -6 0 0 
-6 -28 -6 -10 -4 -3 -7 -6 
-1 -19 -17 -3 0 -1 -3 0 
-2 -4 10 9 2 -2 0 2 
0 13 14 6 4 1 0 -3 
-4 0 -3 -10 -8 -3 -3 -1 
-3 -12 -24 -3 0 -3 -2 -5 
-2 -4 -4 -6 -3 -2 -4 -3 
3 20 16 3 3 1 -5 4 
-2 -12 1 0 6 4 6 -1 
-4 -17 -20 7 -8 -1 -1 -10 
-4 16 -4 -7 -2 -3 -4 6 
1 -1 7 -4 -2 -1 0 1 
-1 -13 -15 -1 2 -1 -1 -4 
2 9 17 1 5 -1 0 5 
0 15 12 5 -2 2 1 1 
2 -7 4 2 -4 -2 1 1 
-2 -2 -18 1 0 -3 -4 -4 
-4 11 2 -16 -17 -5 -6 -1 
-1 3 -12 4 2 -1 0 -4 
1 -1 13 -7 9 -2 0 5 
4 2 7 0 -2 0 1 -3 
-1 5 0 -4 -3 0 -1 -7 
-2 7 9 2 1 0 0 -4 
0 -13 -4 -1 -1 1 2 -1 
0 22 -6 -5 -6 -2 -5 -2 
-5 -35 0 0 1 -2 -3 0 
-2 -6 9 0 -5 -2 1 -7 
-2 3 -2 -6 -4 0 -5 6 
-6 1 -79 -9 -6 -3 -3 -10 
-1 6 16 0 2 2 0 3 
-1 -1 12 0 0 -2 1 4 
-2 -6 7 3 -1 -3 0 -8 
-1 1 3 -3 -3 0 -1 -1 
0 4 3 1 2 0 1 -2 
-1 -5 -5 0 0 0 -1 0 
-1 3 -5 1 -1 0 0 -1 
7 11 18 0 0 -1 -3 8 
4 27 18 18 13 1 3 -2 
-10 -50 -3 -6 -6 -5 -5 -10 
-7 -20 -27 -14 -14 -3 -2 1 
-5 -12 -24 -9 -2 -3 -1 -1 
2 3 -12 -5 -4 -4 -6 1 
8 27 4 0 5 0 -1 2 
0 3 18 8 6 2 1 -4 
0 -3 15 3 -2 -1 -1 -4 
0 8 2 -1 -2 3 1 -2 
-3 1 -2 2 -2 -1 -1 -4 
-4 -8 -12 1 0 -3 3 -5 
2 -3 20 0 -2 -1 -4 10 
-2 -6 -10 -9 -3 -3 -3 2 
0 -2 2 3 -1 2 1 -2 
2 1 1 0 0 -4 -5 0 
-5 -5 -5 -1 -4 -2 2 -7 
-1 -6 -3 -6 -1 -3 -5 4 
2 8 -9 -6 -10 -3 -3 -1 
2 18 14 3 2 1 0 2 
-3 -11 40 1 -1 -4 -2 -22 
-8 -52 -55 -5 -2 1 0 3 
1 11 1 3 4 -1 -1 2 
-3 -1 14 4 5 2 0 -4 
1 6 -4 -3 -2 -1 -2 -5 
7 31 26 2 -1 -1 7 22 
-4 -19 1 3 0 -4 -11 -7 
-2 0 -14 -4 -1 1 0 -3 
0 8 14 7 2 0 -2 -16 
-4 -1 9 -1 -4 0 2 13 
-6 -41 -41 -8 -11 -4 0 4 
-3 2 5 -3 -2 -2 -6 -7 
11 -2 -9 1 2 2 -1 4 
0 2 -1 -9 4 -1 1 -6 
3 19 19 7 0 -3 6 3 
-3 -11 -34 -1 2 -2 -12 -7 
-8 -8 -4 -1 5 -1 -2 -14 
0 -8 0 -2 -3 1 0 14 
3 10 10 -2 0 1 3 1 
5 8 7 2 -3 -2 3 2 
-7 -5 -7 -13 -11 -3 -3 0 
-7 -9 -8 -8 -4 -3 -8 -27 
1 18 7 1 6 2 6 45 
2 -29 -5 4 3 2 -1 -8 
-3 9 -6 -3 -4 -3 3 14 
-10 2 4 8 -1 0 5 -11 
9 -28 -1 -15 -9 1 -6 13 
10 21 -4 -2 -5 -4 1 -26 
-5 1 19 -4 -3 -1 -3 11 
8 -22 -49 0 -2 -4 -1 -2 
-3 16 11 2 0 -3 0 -11 
-3 4 13 5 6 3 2 10 
-4 -11 1 -2 -4 -2 -2 -4 
-4 0 6 3 4 1 -2 -1 
-5 18 9 -1 2 1 0 -31 
-1 -9 -11 -4 -6 -1 1 16 
-1 -4 9 15 5 1 -6 6 
18 19 33 -9 -10 -3 2 11 
-18 -11 -7 -6 2 -5 -6 -13 
-7 -15 -28 -13 -8 -2 0 8 
0 5 -32 0 -2 0 0 -8 
-4 -1 8 8 0 1 -4 -13 
4 5 10 6 3 1 6 -10 
3 12 19 -3 3 -2 -3 32 
1 4 -6 -6 -7 -3 1 -9 
-6 0 -17 -12 -2 -3 -8 -12 
-4 3 -12 -2 -3 -3 -5 -7 
0 -9 -18 1 0 2 0 -11 
6 1 71 8 6 1 0 16 
-3 -4 49 12 4 -2 0 -9 
-1 -8 -66 -17 -8 -5 1 16 
-6 -22 -6 -5 -5 -1 -6 -20 
1 -4 -43 -13 -6 -1 1 12 
-4 -1 12 18 4 4 2 -10 
-1 6 27 -1 -2 -2 -3 8 
3 14 7 6 0 -1 4 3 
-13 -14 14 1 1 0 -5 -10 
6 -4 -10 -5 2 -2 1 4 
5 -9 -24 -12 -6 0 -6 1 
-5 11 -1 -1 -2 -4 -1 -12 
-3 -7 -17 -7 6 -1 1 8 
-4 -2 -11 7 -5 0 -5 0 
7 3 46 14 4 0 -2 -13 
-2 -2 -34 -20 -14 -3 -3 -9 
4 -5 4 4 0 1 1 -4 
-4 0 -6 -2 -1 -1 -3 10 
-3 13 -13 2 -2 -1 -2 -1 
5 -20 73 20 7 4 7 3 
5 -14 -30 -7 0 1 0 -4 
-6 0 -17 -6 -7 -3 -4 -17 
0 9 13 10 2 -1 0 8 
-7 1 -22 -4 -3 -5 -3 -2 
-7 -21 -48 -24 -10 -4 -6 -3 
1 14 23 16 7 -1 0 -13 
2 -14 20 -8 2 -2 -1 1 
-2 13 10 -7 -1 -1 11 32 
-2 43 -33 -19 -21 -12 -20 -23 
-11 -28 43 8 6 3 1 -6 
-11 -1 -28 1 1 3 -1 3 
23 -6 -1 -1 2 0 -5 -11 
-42 -8 2 0 2 0 19 9 
3 -8 -56 -23 -8 -2 -16 35 
-3 3 -25 10 -2 0 5 -11 
10 4 69 -3 1 -3 -9 11 
6 13 -6 23 4 3 8 -7 
-4 -42 -9 -12 -6 -6 0 -19 
3 16 -53 -5 -5 -4 -12 -10 
-15 1 -43 3 3 -1 -1 -8 
20 0 47 -5 3 4 1 31 
-3 2 -34 -14 -12 -5 5 -12 
11 -1 1 -2 -2 0 -5 39 
0 12 -15 -4 -3 -5 -10 -1 
2 7 24 14 3 0 16 -5 
2 5 -17 -13 -2 -2 -14 36 
-4 -6 27 3 -3 -1 -8 -99 
-7 -29 -29 1 2 -1 -4 28 
17 10 9 -2 -4 -3 0 92 
-19 3 0 -5 -1 -2 5 -65 
10 1 21 8 4 1 -3 -1 
-10 2 -2 -13 -6 -1 -3 -35 
-3 -19 6 14 3 -1 -5 -15 
3 -6 -21 -25 -5 -4 1 -5 
-18 -8 5 5 5 -2 -2 -4 
-2 6 -29 -5 -5 -3 1 -14 
2 -26 26 10 4 2 -9 -12 
7 21 -14 7 3 1 7 33 
-3 -25 -10 -12 -6 -2 3 -14 
-10 0 -30 -1 -4 -5 -1 -6 
3 20 34 16 -2 -2 -6 -22 
5 14 -14 -6 -2 0 0 3 
-6 -15 6 -21 -1 -4 1 15 
0 3 52 14 -5 4 3 4 
-8 -18 -22 -6 -7 -6 -9 -25 
0 13 38 7 5 1 -1 -5 
3 25 13 1 -12 -4 2 17 
-2 -3 20 16 31 4 3 1 
3 -6 -10 4 -5 3 4 -10 
0 0 -11 -9 -18 -2 -1 1 
-1 4 13 -17 -20 -6 -3 6 
0 15 33 4 -6 -5 -1 -6 
-1 -9 -41 -16 22 8 3 -1 
-2 -7 29 17 30 4 1 4 
-2 -19 5 -5 -6 -4 2 6 
-4 -25 -33 -4 -7 -8 -6 -7 
-4 3 8 -3 -6 0 -5 -3 
4 9 15 0 -6 2 9 -3 
0 13 -30 -15 10 -1 -7 12 
2 -2 -2 5 13 8 8 6 
-3 0 -24 -12 0 -1 -7 -27 
-8 1 8 7 -1 -2 -1 17 
1 2 -6 9 0 1 7 -19 
1 6 -4 -2 -6 -2 3 7 
9 16 2 6 2 -1 -8 24 
-3 -23 -9 -10 -7 -3 -3 7 
-13 -2 4 10 6 0 4 -35 
7 -1 0 -11 -8 1 6 68 
2 -6 -1 1 -6 -4 -2 -41 
8 10 10 8 3 -2 2 38 
-3 -15 9 11 3 0 -6 -5 
-11 0 -1 -4 -6 -2 -1 -29 
-14 3 -1 -14 -4 -4 1 21 
2 -24 -37 3 -3 1 -11 -38 
10 25 11 -8 1 -1 -3 65 
0 -25 -20 0 -4 -1 -6 -47 
-2 4 6 2 -3 -7 -5 -2 
-5 -8 -47 -11 -3 3 13 -9 
0 -4 0 9 -1 0 4 -6 
-9 -7 -2 -22 -14 -9 -28 11 
-8 12 1 4 -1 2 4 -33 
6 -2 70 12 4 2 1 5 
-5 -5 23 12 2 2 0 -8 
-7 0 -71 -30 -11 -4 4 -11 
2 14 -31 2 -1 -5 -6 5 
6 -26 6 22 20 7 -1 -1 
4 -21 36 14 -3 4 5 -7 
3 -2 11 3 -9 2 3 6 
-3 -9 -28 1 20 6 6 5 
-2 30 33 7 -19 -6 -6 -8 
1 -3 -41 2 5 -3 -2 10 
-6 -4 16 4 2 0 1 -7 
3 -1 -34 -68 -30 -7 -3 -4 
1 51 20 23 23 4 0 2 
-5 -14 -44 -9 6 0 3 6 
-7 -17 -51 -28 -21 -9 -3 -9 
4 -1 28 24 -28 -10 -5 3 
-3 17 2 2 -2 -3 3 24 
4 9 7 -26 -8 3 4 18 
-2 2 14 34 25 8 -5 -14 
14 11 16 1 0 -4 -2 16 
-3 -26 -20 -12 -14 -7 -7 -8 
0 -12 0 12 9 -2 9 -13 
11 25 1 10 11 2 5 36 
-13 -27 20 6 11 6 -5 -18 
-6 -2 -3 -5 -12 -7 1 -16 
-7 2 -22 -10 4 -4 -17 -29 
0 22 22 -2 -7 -5 -5 -27 
3 14 -2 4 -1 1 0 -3 
-5 -14 -27 -33 -9 0 2 13 
-9 -33 4 6 -8 -4 1 -2 
14 10 13 12 -2 1 -5 14 
-14 -10 4 8 6 1 6 -18 
-4 -8 13 -6 -5 -4 -13 -13 
4 12 7 -16 -8 -2 0 18 
-19 -5 16 1 5 1 -3 -54 
4 -8 -35 -2 6 3 7 9 
-1 -10 -33 -5 -4 -4 -1 2 
2 3 -9 -9 -4 1 1 12 
-6 -18 6 9 -3 -4 3 5 
-1 17 33 8 6 -3 -7 8 
-4 -4 -5 -1 2 -3 -3 -18 
5 -21 9 17 4 4 -3 -2 
1 6 5 -18 5 -3 4 7 
2 -25 -21 -6 -9 4 1 7 
0 18 15 -3 -10 -9 -5 -2 
4 3 4 -4 8 3 3 2 
1 6 -3 2 -2 6 2 4 
-4 3 14 -8 9 -4 -3 2 
-1 -5 -27 -12 -1 0 -3 -3 
-8 -2 14 6 -20 -6 -2 -8 
4 9 -26 10 7 -1 2 7 
-3 0 75 10 0 0 1 -5 
-1 -1 -6 -8 1 0 -3 -5 
-2 -10 -15 1 -3 -2 -4 -7 
9 7 49 4 -3 0 5 21 
-3 13 -14 4 0 0 -4 -4 
-8 -24 8 0 -1 -2 1 -1 
-6 -3 -9 -6 6 2 1 1 
-2 -21 -21 -16 -3 -3 -2 5 
2 4 16 11 -1 -1 2 -2 
5 10 -9 0 -13 -2 3 10 
-8 30 -6 -1 -5 -7 -10 -23 
2 -23 -2 0 -2 2 4 2 
3 -5 1 9 4 2 1 10 
-3 -15 -25 -16 0 0 -4 -10 
4 5 -7 -9 -12 -5 -1 5 
-5 -2 8 -3 1 -1 -4 -6 
-7 -14 4 -1 -2 -3 -3 -6 
6 13 6 10 7 3 1 0 
4 -2 11 0 -4 0 -4 8 
4 14 -5 -4 1 -2 -2 -1 
-3 -9 -42 -8 -15 -5 1 -1 
-3 4 26 0 -3 -3 -1 -2 
-6 -8 -7 -3 0 0 1 1 
-2 9 9 0 3 -2 -3 -9 
-1 -14 1 10 4 2 3 10 
3 8 -34 -11 -7 -2 -3 4 
-5 -13 -10 -1 0 -4 -6 1 
-9 -10 -16 -1 -1 -3 -6 -16 
-1 -4 -7 -9 -5 -2 -3 -7 
0 0 19 -4 -8 -5 -3 -3 
2 20 7 1 5 -1 0 -3 
0 9 1 3 -3 0 1 1 
5 12 16 5 7 2 1 5 
-5 6 40 1 0 2 4 -10 
-10 -42 -58 -14 -6 -3 -2 -7 
-5 -26 -18 -2 -4 1 -5 -9 
-1 9 -17 -12 -9 -7 -7 -8 
2 -6 5 9 -1 -2 -4 1 
3 20 19 9 4 1 3 5 
3 -5 7 -1 -4 -1 3 6 
-3 0 -5 -4 -2 0 1 -2 
0 1 -7 7 2 1 1 1 
6 13 17 2 0 -1 -1 2 
2 18 11 4 -1 2 -2 -1 
-6 -26 -24 -7 7 2 5 -4 
-5 -11 -15 4 3 2 -3 6 
-7 -18 -52 -8 -4 -4 0 -3 
-2 3 1 -25 -22 -7 -6 -1 
0 17 5 -5 -7 -7 -9 -4 
3 1 18 3 6 0 -2 -2 
3 4 22 6 6 2 1 0 
0 1 -2 6 4 1 1 2 
-1 -2 -4 -3 -3 -1 -1 2 
-4 -7 -5 0 2 0 1 -3 
3 8 13 0 -1 0 -1 0 
-1 2 3 3 1 0 -2 0 
0 4 -2 -7 3 1 -2 5 
3 -26 12 9 -9 -3 4 18 
-7 16 -1 -17 0 0 1 2 
-5 -14 -4 -13 -9 -2 0 -3 
-2 -23 -12 -2 -3 -3 -2 -5 
4 12 1 4 5 1 -1 -1 
5 7 14 8 -1 1 1 0 
1 -1 4 7 3 1 0 0 
-2 8 2 -7 -6 -1 -1 -1 
2 1 20 -1 2 2 3 -3 
-1 -5 11 2 -3 -1 -1 -3 
-2 10 5 -2 -3 -3 -5 -5 
-4 -1 -7 1 0 -3 -2 -14 
-1 -10 -62 -17 -15 -6 -2 5 
2 -6 3 -14 4 3 -2 6 
2 9 -4 -5 -10 -3 2 10 
-5 -24 27 8 -5 -6 -3 0 
8 0 4 6 4 0 -2 -11 
-7 2 -3 -6 -6 -4 -6 -8 
-3 -8 -20 -3 8 2 4 -13 
0 21 -10 -6 -4 0 -3 -2 
-4 15 5 -5 3 -3 -2 -8 
2 -7 13 8 2 0 0 2 
0 8 -11 0 4 -2 -1 2 
1 -2 -11 3 2 -1 0 2 
-5 -3 1 6 -3 -3 -4 -15 
-3 -2 -15 -3 -7 -3 1 5 
-1 -2 -1 -7 6 -2 -6 -1 
-1 5 -5 -12 -12 -2 -3 1 
-3 -19 -6 -3 0 1 -1 4 
-3 -5 20 9 2 1 3 -9 
0 -8 14 8 6 -1 0 -1 
0 1 -2 4 0 3 1 -1 
-6 -1 -2 -8 -4 -2 -1 -3 
-3 15 -6 -6 -5 -5 -7 -8 
-1 -11 -15 3 -2 -4 -1 7 
0 -4 10 0 6 3 1 0 
0 11 11 -1 -3 -2 -2 -3 
-1 -3 7 -4 -3 -1 0 5 
-1 -18 -14 -9 -2 3 1 2 
-4 -4 -8 -1 -1 -1 -3 -7 
0 11 -9 5 5 1 -2 9 
-3 1 -33 -4 -7 -1 0 -14 
0 -5 12 -7 -6 -4 -2 2 
-1 -5 17 2 -2 -2 1 5 
0 6 -26 -2 -4 -1 1 6 
2 -2 0 10 13 2 4 -1 
-5 2 -20 -5 -12 -5 -5 -5 
-3 8 -12 -1 2 -3 -4 -2 
-2 9 -8 -7 -1 1 -3 3 
-2 -14 0 -1 -12 -6 -3 0 
-2 -1 9 1 -5 0 1 -3 
2 -7 -5 -1 0 -2 -1 -1 
-1 -6 17 4 1 -2 -1 -6 
1 4 4 3 2 0 0 -1 
1 -4 33 3 3 3 4 1 
3 7 -2 4 7 3 4 10 
-2 22 8 -15 -1 -6 -5 -17 
-6 -66 -33 4 -11 -8 -8 4 
-9 -18 -26 -7 -5 -4 -6 -6 
-2 -5 0 -8 -8 -7 -2 -1 
-2 -11 -6 3 3 2 2 1 
6 31 28 2 9 3 -1 0 
4 11 7 5 2 0 0 1 
1 -8 -12 -1 -1 1 -1 -2 
1 -6 27 2 -5 0 -4 6 
-3 -4 0 -6 2 2 5 -25 
3 -2 59 19 0 -1 3 19 
0 0 -27 -4 0 2 -4 7 
4 10 -6 -21 -10 -4 -2 4 
-2 -35 -7 -5 -3 -4 -5 1 
-5 -4 -23 -7 0 -2 -2 -12 
-2 -6 12 8 0 -3 -1 -9 
0 1 2 11 5 0 -1 -3 
3 37 -16 -2 0 -2 -1 5 
-1 4 22 8 7 2 1 -4 
-3 -19 -11 -10 0 -1 -1 -8 
-3 -1 -15 -2 -6 -4 -1 1 
2 19 -3 5 -2 0 -2 0 
0 -1 -24 -14 -8 -3 -2 1 
-3 5 5 -10 -6 -5 -3 -2 
-5 -16 -12 1 5 3 4 -3 
-3 -6 -3 -8 -15 0 0 3 
-2 -1 -8 7 3 -1 -2 -8 
4 7 0 -9 -5 -1 0 8 
-3 21 4 5 -1 -2 -3 -8 
0 -21 11 6 7 1 1 8 
-3 6 -14 -6 0 0 -1 -6 
-2 12 -9 7 7 2 0 -8 
3 -9 -14 4 -1 -1 -3 6 
-3 11 4 -7 -6 -3 0 2 
1 1 3 -2 -1 -1 -4 -10 
3 -12 16 9 3 0 2 17 
2 -2 9 -1 -2 0 -1 -1 
-2 1 -14 -8 -3 -1 0 0 
1 5 -1 -4 2 1 1 2 
-1 -2 -5 8 0 -2 -3 -1 
-6 -19 13 1 -5 -2 -3 -4 
2 -22 -19 -6 -3 0 1 -2 
2 1 6 -4 5 1 -2 -8 
-4 1 -1 -6 -9 -1 1 3 
-4 -7 15 3 2 1 1 -1 
0 3 -5 1 6 -2 -1 -6 
-2 14 -3 1 -5 -2 -2 2 
-1 -1 4 0 1 3 1 -4 
-6 -7 -8 -8 -7 -2 -2 -2 
-1 10 20 5 3 -1 -3 1 
-4 -19 -21 -2 0 -1 0 4 
3 -4 26 -4 -6 -5 -3 -4 
0 -16 -41 -10 -10 -1 -1 4 
5 14 23 12 6 -1 -1 0 
3 7 -14 4 1 4 5 -1 
-9 3 -1 0 1 -3 -6 -18 
7 -8 -16 -9 2 0 -1 12 
-7 -7 -4 -11 -11 -4 -3 0 
-6 -9 -11 -2 1 -3 -2 -3 
1 12 11 4 -2 -2 2 0 
-3 9 -34 3 2 1 1 -7 
-2 4 -7 -5 0 -1 -2 -8 
1 2 10 -3 -4 -2 0 9 
-1 -7 -4 -3 2 1 -1 -6 
-1 3 22 -1 -9 -3 -2 1 
2 -4 -13 -9 5 -1 0 0 
-2 3 12 5 -2 -2 -5 -5 
-4 -16 -28 -11 -5 -1 -1 0 
-3 -9 -16 0 2 -3 -3 -5 
-3 4 5 9 -5 0 0 0 
1 0 13 2 3 -3 1 1 
3 11 -52 -15 0 -4 -5 4 
-4 -16 22 12 8 4 5 -5 
0 5 2 -1 -1 1 0 3 
-2 -9 -5 4 5 5 1 -1 
0 -12 39 5 -8 -5 -3 12 
-2 5 -9 -4 -2 -2 -2 -15 
-1 1 -2 -1 -3 -1 -3 1 
-1 -3 5 1 -6 -1 0 1 
-2 3 0 2 1 -1 0 -5 
0 6 16 2 1 -3 -2 1 
0 3 12 3 -1 -1 -2 3 
-3 2 -5 -7 -9 -6 -3 -5 
-3 -2 -9 1 5 1 -1 -5 
4 21 18 3 4 2 0 1 
-2 -16 -43 -8 -4 0 3 12 
-7 -17 -32 -20 -9 -4 -6 -4 
-5 -21 -19 -1 -10 -5 -6 -3 
-3 -2 14 6 3 -1 -2 -4 
0 15 15 6 7 -1 -1 -7 
5 6 7 6 -1 0 1 1 
2 0 7 1 1 1 0 0 
0 8 -4 -1 1 0 -3 -1 
-2 -2 15 -3 -7 -3 -2 -3 
-3 -5 -11 -4 -6 -3 -1 1 
-3 3 -1 -7 -4 -4 -2 -6 
-5 1 -15 -6 -5 -4 -1 -1 
-2 -19 2 4 1 -2 -1 0 
-2 -2 5 2 1 -1 -3 -4 
-1 10 -7 3 -2 -1 0 -4 
5 16 33 3 -4 2 3 10 
-8 -16 -70 -15 -6 -5 -2 -12 
-3 -18 -9 5 -4 -5 -5 1 
0 -8 1 -4 3 0 -2 5 
-4 1 -5 -12 -8 -2 -4 -2 
1 16 24 5 2 0 -2 -5 
1 6 29 4 2 3 7 3 
2 0 0 1 0 -2 -1 -2 
0 -4 -3 -2 -2 -1 -3 -1 
1 -2 -1 -8 5 0 -1 -1 
-2 8 -2 -2 -10 -3 -2 -2 
-1 -6 4 -3 -6 -2 0 -4 
-6 -21 3 -4 -1 -4 -2 -2 
-3 -2 4 3 -2 0 -2 -3 
-1 -17 -12 0 2 0 -1 0 
2 31 17 4 0 2 0 -1 
1 -8 -14 -5 -4 -4 -1 -4 
-3 -10 1 -1 0 -4 -3 -1 
2 15 7 0 5 4 -2 -5 
0 10 0 -6 -7 0 1 -1 
-1 -11 -8 3 3 1 1 -2 
4 4 33 7 1 -2 -3 -2 
-6 -2 -11 -2 -4 -3 -3 -14 
1 -6 -22 -17 -1 3 3 12 
2 3 44 10 3 -3 -3 2 
0 6 -3 -12 0 0 1 -1 
-1 3 21 6 1 -1 0 1 
-2 -2 10 4 -2 -1 -1 -2 
-6 -12 -24 -9 -6 -4 -5 -9 
1 -6 72 17 3 3 0 6 
-3 -15 -33 -8 3 -1 -1 -2 
-4 4 12 -3 -8 -1 0 -7 
-1 0 -16 -6 -5 -2 1 10 
3 13 10 -1 -2 1 -1 -1 
-2 2 -20 -9 -2 -6 -2 -3 
-4 -14 -7 5 4 0 -2 -3 
2 2 -6 -6 -7 -2 -2 -3 
2 10 -10 2 -3 -2 -1 -5 
2 -4 12 0 -4 -1 0 5 
-1 -2 -13 -9 -4 -1 -2 2 
-1 6 -1 9 7 -2 0 -3 
-4 -11 -14 -11 -6 -2 -2 1 
-1 1 3 -5 -7 -5 -3 2 
-2 2 -8 5 3 -1 -2 -5 
-3 6 0 -5 1 0 -1 -4 
0 0 -14 4 8 1 0 -1 
-1 -7 38 5 0 1 3 -5 
0 -8 -4 -3 -12 -6 -4 -7 
1 11 5 -10 6 3 -4 6 
-2 -18 4 -6 -14 -3 -2 -10 
-3 -19 -54 -3 4 -1 1 12 
-4 6 8 4 0 -3 -1 0 
-3 -16 -7 0 -2 0 0 -5 
-3 10 -12 -2 0 -1 -3 4 
0 16 7 0 -1 1 0 -9 
1 -4 5 2 1 -2 0 3 
2 7 2 13 4 2 2 0 
-1 -6 -16 0 -1 -1 -2 4 
1 2 0 -6 -5 -2 -3 -3 
-4 -4 -9 -11 -4 -2 -3 -4 
-6 -30 -40 0 0 0 -1 -4 
-1 2 7 -1 -4 -4 -1 -2 
0 0 1 2 3 1 0 0 
2 0 2 4 7 1 -1 4 
2 14 2 4 -2 -2 1 -1 
-2 5 -5 -4 -6 -1 0 -3 
0 0 -2 -5 -1 -4 -3 11 
-2 -3 -3 0 8 1 -1 -14 
-3 -1 15 -5 -29 -5 -3 -5 
-2 -4 -10 -2 5 -3 -1 5 
-1 9 14 -3 -6 1 -2 -2 
-2 -7 14 7 4 1 0 -1 
2 -6 2 4 10 1 4 2 
0 12 4 2 -2 0 0 -4 
-2 -17 -3 -8 -4 -2 -4 -6 
-3 -17 -14 -16 -4 -3 -1 4 
-4 -7 -3 -3 4 -1 -2 -1 
-2 3 -9 -7 -11 -3 -1 1 
-2 5 -4 6 2 -1 0 -1 
0 4 10 7 1 1 2 -1 
-3 5 12 2 1 -3 -2 -1 
-7 -6 -19 -9 5 1 -2 -6 
0 21 -20 -4 -4 -2 -3 0 
-3 -22 -4 2 -1 -2 1 0 
-1 -7 -8 -19 -12 -4 -4 -5 
-1 1 5 11 0 -2 -2 -4 
-3 0 4 -7 0 -1 -4 -2 
1 11 2 0 0 0 0 2 
1 3 5 4 12 1 0 0 
-3 -6 -12 -10 -18 -2 -1 0 
-2 -8 -2 0 -5 -1 2 4 
0 2 -2 13 2 1 1 5 
-3 -6 3 -3 2 -1 -4 -3 
1 -19 6 2 6 1 1 0 
2 1 14 5 2 -2 -1 -2 
0 0 8 5 1 2 0 1 
-2 6 -10 4 0 -3 -3 -5 
0 -2 -1 -14 -3 -2 0 2 
-4 -19 5 -7 -3 -2 -1 -2 
-3 9 -34 -13 -6 -8 -6 -7 
1 4 2 -6 -9 -2 0 0 
1 8 3 9 5 1 3 -3 
0 2 8 7 1 0 -1 -2 
-5 11 9 -1 -2 -3 -4 -3 
0 -10 -18 -7 2 -1 0 -3 
2 1 -2 -4 -1 -2 -4 0 
-1 -4 -16 7 -2 0 0 -4 
0 1 2 -1 2 -1 -1 3 
-5 -10 -19 -7 2 1 1 -2 
-5 -9 9 -1 -10 -2 -3 -7 
-1 3 4 -3 3 2 -1 3 
5 0 7 -1 -7 -3 0 2 
3 5 11 0 1 0 -1 3 
0 -1 -20 0 5 -1 -2 -1 
-2 0 3 1 -1 0 -2 -5 
3 5 0 -3 -3 0 -1 -1 
0 10 9 9 1 -1 -2 2 
-2 2 -1 -4 -5 0 0 4 
-4 8 -25 -10 -5 -7 -6 -8 
-6 -15 1 -10 -3 0 1 3 
-1 7 10 0 -3 -2 -4 -4 
-1 -2 14 9 5 0 0 3 
0 -1 3 0 2 -2 -1 -1 
-2 -1 -6 0 0 -2 -3 -5 
-3 -2 6 -2 -6 -4 -5 -4 
