#EMG
#6
#ID:6-11
-3 -5 13 0 -2 -2 1 -2 
-3 -3 -15 -7 -2 -1 -2 -4 
1 5 15 16 3 2 -2 0 
-5 -6 7 12 1 3 0 -1 
-3 -4 -18 -18 -5 -4 -3 -3 
0 1 6 1 -1 -2 -2 1 
1 2 -9 -6 1 -1 1 -2 
0 0 4 7 0 0 0 -2 
-2 0 5 10 0 1 0 0 
1 -2 4 6 -1 1 0 1 
-2 -2 -25 -19 -2 -2 -3 -1 
0 0 14 9 -1 -1 -2 0 
-2 -1 -4 9 1 -1 -1 0 
-1 -3 -12 -25 -3 -4 0 -1 
2 3 7 3 -1 0 -1 0 
-1 1 -2 4 2 -1 0 0 
-2 -2 4 2 -1 0 -2 -2 
-2 -3 -5 -4 -5 -1 1 1 
-2 -2 -5 -6 -6 -5 -8 -2 
2 1 0 -4 -1 0 3 -1 
-3 0 10 13 4 0 0 -1 
-1 -2 -8 -4 -1 -1 -3 -1 
-3 -7 2 -5 0 -1 2 -3 
1 2 -5 0 0 1 0 1 
-2 -1 -7 -5 0 -2 0 -2 
-2 2 2 -4 -5 -3 -1 -3 
-1 -2 9 17 1 -2 0 -1 
-2 -4 -23 -31 -3 -2 -3 -1 
1 2 -17 -7 -4 -1 0 -1 
-2 0 2 -17 -6 -2 -4 -1 
-4 1 -2 1 0 -3 -3 -1 
2 2 9 14 0 -2 -1 -1 
3 4 3 3 0 -2 -3 0 
-1 -3 -1 -1 1 1 0 -1 
-1 -2 -3 -3 -1 0 0 -2 
-5 -8 -10 -12 -5 -4 -2 -3 
0 -2 -1 -5 -2 -1 -1 -1 
1 2 8 16 1 0 -1 -2 
-4 -1 11 5 0 -1 0 2 
0 3 -3 -9 -4 -2 -5 -1 
0 -2 8 7 -3 -1 1 -1 
-2 -2 -22 -18 -6 -2 -1 -2 
1 -3 -3 -4 0 0 -4 -2 
-3 -5 -1 6 0 -3 0 0 
0 2 7 -5 -3 -2 -1 -1 
-2 -4 -7 1 0 0 1 2 
-2 -3 -22 -11 -6 -3 -2 -1 
1 1 3 2 -1 -2 -5 0 
-2 0 -12 -13 -1 1 1 -2 
-2 -1 9 10 -1 -1 -1 -1 
0 2 7 2 0 -1 0 -1 
0 1 3 4 0 0 0 -1 
0 -2 -7 -6 0 -2 -2 -2 
0 -5 4 2 -1 -2 1 -4 
1 3 -7 2 -3 0 -4 -3 
-1 1 -2 -9 -4 1 0 2 
-3 -3 2 5 0 -2 -2 -1 
-1 -4 11 3 0 0 0 -1 
-2 -4 -3 -5 -4 -2 0 -2 
0 -1 5 5 -1 0 -2 -3 
-2 -1 -16 -6 0 2 -4 1 
-3 1 1 5 2 1 1 -2 
-2 -5 -8 -16 -6 -1 0 -5 
2 3 1 0 -3 -2 -4 0 
-9 -5 0 4 0 -3 2 0 
0 2 -3 1 1 -2 -4 -3 
-2 -3 8 5 -1 0 2 0 
-2 -5 -14 -23 -4 -5 -1 -3 
2 -2 -1 8 0 1 0 2 
1 -1 10 9 0 -2 0 1 
-3 -4 3 -7 2 -2 -5 -1 
-2 -3 -3 -6 -3 -1 2 -4 
1 3 5 -2 1 -1 -3 -2 
-2 -1 -27 -8 -4 -2 1 -1 
0 -2 2 4 -1 0 -3 -1 
-3 -11 22 13 2 2 2 2 
1 -3 -6 -10 -2 0 -1 -1 
0 1 5 -4 -1 -2 0 -1 
-1 5 3 9 1 -3 -4 0 
-2 0 -2 10 -2 -1 0 1 
2 -3 -10 -13 -7 -4 0 -3 
-9 -6 6 0 -1 1 -3 -3 
3 2 -3 -7 0 -2 -1 0 
-4 0 -6 7 1 -1 -1 -3 
0 -4 12 -1 -4 0 -1 0 
-1 -5 -23 -19 -7 -4 -2 -6 
-1 -5 1 -1 -2 1 1 1 
-2 4 3 4 2 -1 -5 -3 
-2 3 2 11 2 -1 -1 -3 
-3 -1 -1 -13 -4 -1 -3 -1 
-5 -2 4 10 -3 -2 0 0 
0 -1 -6 -19 -3 -2 0 -1 
-4 -9 -1 -1 3 -1 -3 -3 
1 1 0 2 1 -1 -1 -1 
2 1 -3 -4 -3 -1 -2 1 
-2 -1 -8 4 0 -2 1 -1 
2 3 1 -18 -7 -3 -2 -3 
-5 -2 7 6 5 3 1 1 
-1 -2 -4 5 1 -2 -2 -3 
-1 -2 -4 -12 -5 -3 -1 1 
-3 4 -3 3 2 1 3 -2 
4 1 2 3 -2 -3 -4 -1 
0 -1 -4 -6 -2 0 5 -1 
-1 6 11 11 2 -1 -3 -2 
-6 -16 -3 -1 -4 -2 3 -1 
1 -7 -21 -17 -5 -3 -4 1 
5 3 -11 -17 -1 -2 -1 0 
-3 1 8 17 0 0 -1 3 
1 7 14 1 0 0 2 3 
-1 1 6 8 3 1 1 -1 
-1 -5 -18 -9 -4 -1 0 -1 
-4 -9 -3 -8 1 0 -1 -5 
6 0 1 5 0 0 -3 12 
-1 -3 12 12 2 -2 -1 -12 
-4 -1 3 -2 -2 -1 -2 3 
4 1 -18 -2 -6 -1 3 2 
-12 -1 5 10 1 -3 -3 -10 
-2 0 -9 -18 -2 0 0 6 
4 2 5 6 -1 -2 3 2 
-6 8 -11 -18 -3 -3 -8 -9 
-2 -20 2 -15 -8 -5 -2 -1 
5 1 0 18 -2 -1 2 0 
2 3 -9 -1 0 -2 -3 -7 
13 5 -2 1 1 1 2 5 
-15 -2 1 -3 -2 0 -3 -6 
-7 -8 -10 -4 -1 -1 -3 -1 
-10 -8 -6 -6 -2 -1 -2 -6 
1 -2 6 3 -1 0 1 2 
9 3 -10 -1 -4 -3 -4 -3 
1 4 12 7 2 2 0 2 
1 1 -11 -2 0 -3 -1 1 
0 -1 5 -14 -5 -1 3 -1 
1 4 -19 -13 0 1 -1 -2 
-3 6 15 15 1 1 0 1 
1 -4 -11 -11 -2 -2 -1 -2 
-7 -4 2 11 6 0 -8 -4 
0 2 8 6 -1 0 0 -1 
7 1 3 -4 -3 -4 -2 3 
-1 2 0 2 -2 -1 -2 -2 
-3 -5 3 -5 -3 -2 1 4 
-5 0 -2 4 2 -1 -1 -3 
3 4 -6 -2 4 1 0 0 
-3 2 6 -2 -5 -4 0 -1 
-1 -7 19 8 -3 -3 -4 -4 
0 0 0 4 0 -1 1 0 
-3 2 -8 -10 -4 -4 -10 0 
0 -5 1 24 6 5 15 -4 
0 2 -17 -27 -4 -1 1 1 
0 -1 2 10 -1 -3 -1 -3 
4 -3 4 -4 0 -2 -1 -1 
-7 9 0 -7 -5 -1 -7 -1 
3 2 1 9 4 3 6 4 
-3 -14 26 10 2 0 -1 0 
-11 -7 -1 2 -5 -4 -2 -5 
-3 -37 -9 -15 -3 -3 -5 -2 
-11 2 -24 -9 -5 -6 -4 -7 
-1 28 18 -3 3 0 -1 1 
10 -14 0 10 2 0 2 -1 
-11 -1 29 13 0 0 2 2 
7 -3 25 13 3 3 -1 2 
-3 -8 -20 -13 0 1 -11 10 
-2 9 5 17 -4 -9 4 -12 
-2 8 -16 -13 3 4 -8 2 
2 -8 -13 -31 -8 -4 -6 0 
4 2 -11 -2 -1 -1 -2 -3 
-1 3 15 -4 -1 -1 -6 4 
3 10 -15 8 -2 0 -3 -10 
-6 -1 2 0 -1 1 7 -2 
3 0 -25 -23 -7 -8 -9 -3 
-6 -8 -6 0 -3 1 3 1 
1 -1 20 8 -1 -3 0 -4 
14 9 -47 0 2 -1 -4 -1 
-15 0 12 5 -1 3 3 -4 
-9 4 7 -8 -5 -2 8 -2 
-1 19 4 8 2 0 3 2 
-4 -2 -37 -37 -10 -9 -4 -3 
12 -42 -36 4 2 -3 -6 -3 
-17 -14 25 1 4 3 -15 -6 
-5 15 11 -1 -5 -6 6 7 
6 -4 -8 20 7 1 -8 5 
-4 -1 14 -1 -8 -1 2 1 
6 4 -4 -6 0 4 -6 -15 
2 -9 3 11 1 -3 -2 -6 
-2 -7 9 -17 -4 1 5 -4 
-26 -8 35 -11 -1 4 22 6 
10 5 -24 -2 0 -1 -11 3 
2 12 14 -9 1 0 2 -21 
8 -6 20 63 8 -2 -9 -10 
3 2 -23 -27 -3 7 18 13 
1 10 1 -11 -1 -1 -2 -2 
13 1 8 1 -2 3 3 9 
-8 -8 6 9 2 -2 -3 4 
-8 -1 -9 21 2 -1 5 -11 
5 -16 -23 4 5 1 -5 8 
-13 -6 9 0 0 -2 11 -3 
-5 -17 7 -16 -3 -3 -9 -2 
17 26 -12 -12 -2 -6 -23 -14 
-14 6 -13 -29 -14 -2 17 13 
-4 -10 -16 -5 -3 -9 -17 -9 
-4 9 -13 4 1 4 -2 -6 
4 -19 5 12 3 -2 9 1 
4 -1 -5 11 2 -3 -4 1 
0 0 9 11 -4 0 11 20 
5 6 -3 -20 -1 1 3 1 
5 10 7 20 -1 3 -9 -21 
-1 -10 1 -10 -8 2 23 -6 
-12 -5 -25 -33 -7 -6 -25 -17 
-4 -14 -4 -27 -7 -2 8 18 
9 5 1 15 1 -13 -9 4 
0 -4 -1 17 -2 -3 -24 13 
7 6 2 -3 3 -3 -15 0 
-17 -1 4 9 1 10 4 -36 
10 0 -10 -19 -5 5 13 13 
-16 -1 8 10 -2 -12 16 -28 
1 -18 -10 2 5 8 0 12 
2 -2 24 23 8 5 11 24 
-7 14 16 10 -1 10 11 -2 
6 1 -5 -15 3 -11 -32 0 
-6 -4 -7 1 0 6 11 0 
2 5 4 -8 -6 -9 -19 -16 
-2 -2 -1 26 9 5 19 16 
9 21 -3 -4 -2 7 1 -2 
-7 -21 -11 -20 -5 -4 0 -10 
-1 20 16 17 1 -4 -9 7 
-18 -12 -65 -54 -20 -19 -14 -33 
-8 -32 26 -2 8 9 9 3 
8 3 23 17 0 2 -13 8 
1 3 19 7 -7 -8 8 1 
14 11 -1 10 4 -7 -20 3 
-11 6 8 11 4 -1 -4 -5 
-2 -12 -15 -14 -5 2 10 2 
-7 -1 3 -18 -9 -6 -20 -3 
9 -2 15 -6 0 3 23 11 
9 -5 -13 1 -5 2 -7 12 
-2 -4 -33 -10 -4 -5 2 7 
-17 8 -13 5 6 3 -6 -8 
-7 -8 22 17 3 0 -6 4 
-7 -20 -23 -18 -6 -5 -19 -9 
7 -9 -10 -8 1 6 44 -2 
-8 -13 -17 -10 -4 -4 -1 -4 
2 8 23 5 -1 -5 -12 -10 
20 27 -52 -4 -2 1 2 1 
-11 1 50 45 5 -4 -24 -18 
19 -30 -44 -58 -17 -9 -7 17 
-32 11 5 -37 -3 -1 18 0 
-2 15 -23 -3 0 -3 0 -13 
-3 -38 42 27 8 6 4 6 
3 9 -63 -32 -9 0 4 -3 
1 -8 70 42 2 -2 -20 -9 
-1 9 27 -11 0 3 7 5 
17 37 -33 -2 -1 6 13 20 
33 44 31 27 13 6 10 9 
-44 -43 -81 -36 -10 -2 -7 -22 
-4 -18 22 48 7 1 -1 2 
-2 -25 12 -41 -7 -7 -16 -6 
-4 -13 23 -13 -5 -1 -12 -11 
43 32 -36 -7 3 9 21 17 
5 5 22 23 1 -1 15 10 
24 25 -2 -2 1 0 -7 9 
-16 -33 39 17 6 0 0 -2 
-14 -24 -27 -39 -17 -16 -22 -17 
-15 -8 4 10 6 7 5 -7 
11 19 0 0 -1 -7 -7 7 
0 -8 15 47 12 5 12 3 
-6 -17 -9 12 0 1 -12 -1 
-5 -2 11 -42 -14 -3 0 -1 
-9 -8 -29 -13 -10 -9 -2 -10 
11 2 3 2 5 4 3 -3 
-13 3 37 11 4 -1 -8 3 
-2 -12 -36 -21 -6 -3 -1 0 
0 -3 14 49 9 2 -2 -5 
-26 -2 -9 -31 -20 -13 -5 4 
24 3 -54 -28 0 1 0 -3 
-10 3 24 2 4 -4 -1 -5 
-14 -12 -15 -1 -7 -3 -13 -15 
-7 -25 -50 7 -6 -5 -2 -10 
-3 20 33 -7 -4 1 18 8 
-4 3 -27 -4 -5 -5 -19 -4 
8 6 0 12 13 1 -5 -4 
-16 -60 15 35 -5 -6 -11 -13 
-13 -3 -20 -76 -22 -13 -16 -1 
-10 -33 -46 4 4 6 14 -5 
-2 32 37 -2 -1 -1 2 3 
-1 12 9 -15 -11 -7 3 -2 
7 -9 2 39 5 -1 -5 0 
17 21 33 -17 -1 2 6 11 
-20 -15 -28 -37 0 -2 -7 -2 
-4 11 -29 14 15 8 10 3 
5 -21 25 1 -12 -8 -8 -6 
17 23 10 27 3 2 -3 6 
-9 1 3 -36 -14 -16 -18 -17 
10 18 -3 2 6 6 8 -12 
0 -23 -26 14 5 4 -9 1 
-2 9 44 0 -15 -5 10 -12 
-21 1 -30 5 -1 -4 1 -2 
10 18 -4 -4 8 4 4 13 
17 -18 -1 38 11 4 -5 2 
-8 -27 -4 -38 -8 -7 -20 -12 
4 -7 -17 -20 -10 -3 12 4 
-3 29 38 12 2 2 3 -1 
-4 -3 -20 0 7 6 8 6 
2 2 -46 -15 -4 -4 -8 1 
1 -7 9 13 3 -1 -4 -4 
-2 -5 1 10 -2 1 1 7 
-7 -7 -7 -3 -3 -8 -24 -6 
-5 -9 6 17 6 5 12 -21 
7 -8 -19 -47 -14 -5 6 26 
0 42 29 16 9 5 7 -9 
16 38 18 -7 -1 6 21 20 
-16 -9 -18 -22 -7 -9 -12 -2 
-4 3 1 46 9 3 -3 -14 
-3 -6 40 11 -4 0 5 7 
10 17 -2 5 -6 2 17 -1 
1 25 1 9 9 -8 -52 -9 
1 -17 8 0 -4 -3 36 6 
-14 -23 22 -5 6 -4 -15 -6 
5 15 -40 -24 -5 17 29 -2 
14 9 16 34 1 -6 14 8 
-8 -2 2 -30 -14 -14 -47 -13 
-3 -20 -3 33 4 4 6 -7 
-17 -3 19 -10 7 -24 -62 -7 
7 -10 -16 -16 0 24 88 1 
2 11 33 50 17 0 -31 -3 
33 11 -46 -43 -16 3 9 4 
-9 -37 -15 -10 -8 4 -55 -13 
-12 -12 -19 -11 -4 -18 27 17 
-33 -5 13 24 6 8 -38 -16 
-10 -17 4 -5 2 -3 22 27 
5 13 14 -10 8 7 73 33 
8 14 22 -1 -4 4 -6 4 
26 30 0 12 3 4 -6 -3 
-5 -3 2 -6 -8 4 26 12 
-9 7 1 -21 -13 -18 -42 -8 
4 -10 -6 18 4 8 29 4 
-12 12 23 -13 -3 -2 -25 7 
2 -16 -33 -4 -5 -8 -43 -20 
-5 1 37 48 7 -6 41 -15 
3 12 -2 11 0 -1 -28 7 
10 -18 -15 -22 -4 -1 5 -9 
-8 6 -2 -31 -7 -8 -27 -15 
5 23 6 8 -3 -4 22 16 
-5 -4 -11 -12 5 3 -22 11 
-14 -22 20 20 -3 8 29 -7 
15 -4 -6 0 1 -8 4 -8 
7 -4 -1 2 0 -3 9 3 
-34 10 23 -6 -5 3 -34 -18 
-4 -20 -37 25 1 -8 35 -4 
6 -10 -38 -71 -10 -11 -46 -10 
-11 -34 7 -13 1 -1 -9 -13 
-9 -13 60 19 1 4 3 0 
-4 1 -72 -75 -16 -5 57 7 
-18 -7 32 39 2 1 -37 -13 
17 -2 -3 21 8 1 -9 4 
10 10 -33 -18 -5 -10 -35 -27 
-13 -23 -20 12 -3 3 0 1 
-1 -11 -25 -19 -4 1 48 14 
-2 25 1 3 5 7 -24 -10 
12 4 2 6 1 -1 32 -1 
4 3 -5 -17 -4 -3 -22 6 
-7 -8 8 25 5 -4 4 -1 
1 20 27 12 3 13 19 -4 
-5 -32 -42 -22 -7 -8 -10 2 
0 -12 63 7 1 5 5 0 
0 16 -5 -10 -9 -8 -6 3 
2 -14 -54 -10 -8 -9 -22 -24 
7 -7 22 27 9 7 7 20 
-1 8 2 -16 -2 1 0 6 
-20 -22 -14 -9 0 0 -12 -7 
-5 -1 5 -13 -6 -3 6 -5 
6 6 -24 -25 -4 -4 -7 4 
-8 -6 -12 -3 2 0 1 -3 
12 21 14 25 5 2 10 4 
-16 -8 12 -1 -3 -3 -2 0 
-7 -6 27 10 -4 -6 -8 0 
5 -2 -10 -15 -11 -6 -12 -7 
-7 14 4 7 1 3 2 -4 
-5 -4 7 3 13 2 1 5 
0 25 25 32 6 4 4 3 
2 -1 -63 -63 -16 -11 -13 -8 
5 5 0 20 3 1 15 11 
-10 -18 17 4 -9 -8 -17 -19 
10 5 10 20 4 -7 -19 -7 
2 28 -6 26 2 5 12 -5 
-9 -18 0 -33 -10 -8 10 0 
3 -6 -22 19 11 7 6 11 
4 10 -9 -5 -11 -10 -11 -2 
7 9 32 5 7 0 -7 5 
1 -17 -8 11 -11 -1 -4 -7 
-8 -1 -4 -6 -5 -6 -16 -2 
-8 -11 -16 -22 -3 1 -5 -17 
19 10 24 33 14 -1 23 26 
2 5 27 56 10 8 5 -8 
-3 -15 -10 -27 -8 -1 -4 -3 
-8 -2 0 -11 -3 -3 -23 -33 
-1 11 39 14 -1 -3 31 7 
1 11 12 4 4 0 -4 6 
19 29 9 11 0 4 6 12 
-7 -16 -13 -14 1 -5 -14 6 
2 -25 -20 21 2 1 -5 -14 
5 0 -24 -46 -9 -6 -2 0 
-8 5 5 0 0 1 7 2 
-7 5 0 -1 -2 0 5 1 
-17 -6 4 -6 0 -3 -15 -7 
-8 -21 -40 -20 -9 -7 -7 -6 
3 -18 12 9 0 -1 -5 0 
9 10 14 16 3 1 8 13 
-2 20 -11 -12 -5 7 -9 -14 
5 13 -13 -34 -4 -1 8 12 
-1 14 5 -6 -4 -5 -8 -4 
-9 -32 -33 -9 -6 -2 4 2 
1 7 25 16 0 -4 -7 -5 
3 -9 -5 15 5 -5 -16 -1 
0 6 6 21 7 9 27 3 
-1 2 3 -18 1 -3 -16 0 
-7 -7 -19 -40 -10 0 2 -5 
7 -11 -1 -6 2 0 -13 10 
-8 -6 -27 -9 -2 -6 0 -6 
2 -4 6 3 -6 -1 15 -1 
-3 13 18 30 1 -3 -11 1 
-12 5 29 -4 -3 -1 11 -8 
-5 0 -4 -30 -4 -2 -12 0 
6 7 -10 9 0 3 17 7 
8 -8 -12 -9 -5 -6 -24 0 
-7 7 5 15 4 -3 -14 -6 
5 2 17 13 1 3 14 1 
1 -11 -28 -4 -1 0 0 3 
3 -19 -9 -15 -7 -10 -15 -1 
-6 9 5 -13 -1 2 9 -6 
0 4 4 5 -2 -3 -3 -5 
-1 -6 12 -8 -1 -4 6 4 
9 -8 -8 4 3 10 1 9 
-1 25 -18 2 1 3 -9 -19 
0 5 -17 5 -2 -4 3 12 
-13 -4 18 -10 -4 -3 -18 -6 
3 -9 5 3 3 4 8 0 
5 -12 0 -6 -4 -4 20 11 
-1 -3 3 17 3 2 -16 -4 
-1 8 -12 -17 -5 2 5 -1 
-8 -5 9 12 5 -3 -26 -8 
2 -6 10 2 0 3 20 2 
-8 -18 -7 7 0 -1 2 1 
1 19 19 -18 -5 -6 -9 -3 
-5 11 -23 -2 0 -2 4 3 
-3 -16 14 -6 -6 -1 -14 -5 
-4 -15 -6 1 1 1 17 -1 
1 0 -8 11 1 5 4 -1 
7 9 7 9 4 -4 -9 2 
-3 3 -5 14 0 -5 13 5 
-5 -21 -33 -38 -10 -2 -6 -3 
0 -16 7 0 0 -1 5 7 
1 10 -7 0 -4 2 9 -3 
2 0 4 1 0 -2 -20 -2 
0 6 23 14 2 -4 -9 -5 
0 7 0 31 7 2 4 -3 
6 -10 -29 -64 -13 -2 17 5 
-9 -3 -9 -18 -5 -1 -13 -9 
2 8 7 -4 -2 -5 -7 0 
1 -1 16 17 0 -1 -9 -4 
5 4 14 25 5 3 3 4 
3 2 -6 5 -2 -5 -3 -2 
2 -3 1 5 2 8 6 -3 
-9 -26 -16 -19 -2 -9 -8 -2 
-7 -4 7 14 0 -3 9 1 
-1 5 -7 -14 -3 0 -3 5 
0 2 -7 5 -3 -5 0 -2 
-9 -6 -14 -15 -2 4 13 -5 
4 -7 9 -4 -2 1 -2 -3 
6 7 2 13 5 1 0 6 
-1 16 7 12 5 3 -22 -3 
3 1 -7 1 -6 -8 4 -3 
-13 -18 -33 -30 -7 -2 1 -11 
-3 -10 -18 -18 -4 -5 -2 5 
4 11 11 -12 -8 -3 1 1 
-4 1 3 1 1 0 -4 0 
4 8 13 27 2 -2 -10 -3 
-2 -1 -3 16 7 3 2 -6 
-2 -2 9 -14 -1 -3 4 5 
3 -2 -24 0 -4 1 0 -10 
-7 -10 -2 -17 -9 -9 -5 1 
-7 -10 -4 -13 -1 3 1 -3 
-5 -1 -9 -12 -5 -6 -3 -1 
-1 -2 7 9 3 0 -3 1 
3 4 4 5 2 2 4 1 
-5 5 20 10 0 -2 -6 -6 
2 -1 7 25 4 1 -3 -1 
5 0 -25 -21 -3 -5 6 6 
-3 -6 -1 -15 -3 -2 -6 -8 
-9 -11 -7 10 -3 0 -4 3 
-3 -5 -2 -5 -5 -5 0 -7 
0 -1 13 11 4 4 3 1 
4 10 8 22 4 1 1 3 
3 0 8 -12 2 2 -2 -6 
3 -4 -12 -13 -8 -3 -6 -4 
-8 2 -12 -14 -4 -4 -11 -6 
-4 -15 -5 1 -2 -3 12 3 
-9 -4 -2 5 -4 -5 -7 -2 
-2 -5 0 0 0 2 5 0 
3 3 7 -4 0 -1 -2 0 
-1 3 -8 0 -1 0 -7 -2 
6 11 18 10 3 2 13 3 
2 2 -5 -1 2 0 -19 -2 
-11 -17 -30 -34 -12 -2 5 -5 
-4 -5 -29 -4 -4 0 1 9 
5 0 -1 3 -1 -1 2 -1 
-2 3 9 0 -1 0 7 0 
11 10 20 17 3 -2 -7 1 
-8 -3 18 7 6 3 1 -7 
9 11 -19 2 -4 -6 -7 0 
-6 -12 -3 -21 -7 1 7 -1 
-4 -2 -4 -2 0 3 -1 -2 
-6 -14 4 -3 -4 -7 -2 2 
0 -2 3 2 3 0 -14 -7 
2 -1 7 9 1 1 7 0 
4 5 -1 -2 -2 -2 -4 3 
-1 11 4 3 2 -4 -14 -5 
8 10 26 35 9 11 20 1 
6 -7 -47 -45 -11 -5 16 9 
-15 1 -9 -26 -11 -6 -13 -10 
-10 -11 -26 -14 -5 -6 -16 -8 
-4 -18 -5 -10 -4 -4 -1 -2 
0 1 17 32 8 2 0 -2 
7 10 17 14 5 3 9 3 
3 9 -10 2 -4 1 -15 -3 
-2 7 -6 -25 -6 -6 -10 -1 
-6 -4 2 0 -3 -2 4 -5 
-9 -7 5 -1 -2 -3 -5 -6 
5 2 4 3 1 -1 7 2 
-4 -2 -6 3 -1 3 0 -1 
-2 5 3 -10 -2 -3 -16 0 
6 1 4 7 1 -1 6 2 
1 1 16 16 3 5 2 -3 
-8 -5 -5 8 2 2 8 1 
-5 -4 -21 -43 -9 -3 -1 -2 
-12 -16 -33 -9 -7 -4 -2 0 
-2 -3 2 -8 -4 -2 -2 -3 
0 -2 2 3 -4 -4 -7 0 
1 6 15 20 6 3 -4 -1 
7 3 15 7 5 0 -3 5 
0 5 2 2 2 4 8 -6 
-2 -4 -10 -2 -2 -5 -9 2 
-13 -18 -10 -7 -3 -2 3 7 
0 -7 -5 -6 -3 -3 -5 -6 
-13 -10 2 -1 -1 -5 2 0 
3 0 7 -4 -2 1 2 -5 
5 11 13 15 4 1 -7 -1 
1 0 4 4 0 -1 -1 3 
8 18 13 26 6 1 -11 4 
1 -8 -9 -23 -3 5 25 0 
-13 -8 -2 -12 -5 -9 -21 -8 
-2 2 -17 -1 -2 1 4 -4 
0 1 -3 -23 -6 -2 -2 -4 
1 -4 1 9 4 -1 -13 1 
2 2 18 24 7 5 8 -2 
5 5 7 16 6 0 1 3 
-12 -2 2 -32 -8 3 14 1 
-9 -6 -19 -1 -5 -4 -4 -5 
4 -11 -8 -7 -2 3 -1 0 
-5 4 17 6 -2 -6 -2 -7 
7 -4 1 8 0 -4 -6 -1 
-2 5 6 -6 -2 -2 -6 -5 
-1 -1 -10 4 -3 -4 -1 -4 
5 1 7 12 4 3 3 6 
6 14 17 14 2 -1 -16 3 
5 7 -9 -36 -6 -4 17 -6 
-13 -37 -32 -1 -3 -1 6 3 
-5 2 -4 -27 -11 -6 -4 0 
-1 -5 -11 -5 -2 0 4 2 
-5 0 9 18 2 0 -14 -2 
9 17 19 15 4 0 0 1 
2 1 3 9 0 1 4 0 
-4 -15 -13 -17 -6 -2 0 -2 
-2 -4 -4 -13 -5 -3 -12 -4 
-2 -1 10 3 -1 -1 14 1 
-5 -15 -10 -5 -2 0 -13 -5 
-3 1 -1 6 2 -6 -4 -4 
-1 1 -3 -2 -1 -2 4 1 
-1 1 4 3 1 -2 -5 -6 
-1 0 2 2 2 3 5 1 
11 6 -4 4 0 0 -6 2 
-10 -10 9 24 2 -2 14 -2 
-1 0 -23 -38 -8 -3 -23 -1 
1 7 7 -3 0 -3 -5 -2 
-6 -11 -19 -20 -6 -2 2 -2 
1 7 8 14 3 -1 -3 1 
7 14 19 23 3 0 4 2 
-2 -20 -14 -18 -4 1 0 -1 
-2 -7 -20 -3 -3 -4 9 2 
-2 2 -4 -9 -4 -3 -9 -1 
-5 -3 5 4 -4 -8 -10 -9 
-4 -3 -6 -5 1 2 -7 -1 
3 9 15 15 3 2 11 -3 
1 -13 -16 -5 0 0 -20 0 
6 20 22 13 3 7 26 1 
2 -7 2 2 -2 -2 0 -3 
-14 -17 -20 -16 -5 -6 0 -3 
-10 -9 7 -5 -1 1 -5 -8 
-4 -5 -2 -2 -3 -6 -17 -1 
2 0 8 4 2 4 11 3 
