#EMG
#7
#ID:7-4
1 -2 -1 -1 0 1 -2 -1 
0 2 -7 -2 0 -1 -1 -1 
-2 -4 -3 1 -1 -2 -3 -3 
0 -9 11 2 1 2 0 0 
-2 -4 -2 -5 -2 -3 -3 -3 
-6 -2 4 2 -1 -1 1 -3 
1 -2 -1 0 -1 1 0 3 
3 2 -5 0 1 0 1 1 
0 -1 2 0 0 -2 -2 -3 
0 -6 -1 0 -3 -2 -3 -5 
-10 -5 6 -1 -1 0 -2 0 
-1 3 -1 0 -2 -2 -2 -4 
-1 -3 -1 1 1 1 0 4 
2 -6 0 -3 -2 -2 0 -1 
0 4 -2 -2 -2 -4 -3 -5 
-1 0 -2 1 -2 -1 0 -1 
-3 -18 5 -2 -2 -1 -3 -2 
3 5 -3 -1 -1 -1 -2 1 
-1 -3 -4 -5 -4 -3 0 -1 
1 -2 2 1 1 -1 0 -1 
1 6 -5 -1 -3 0 0 -3 
-12 -11 4 2 0 0 2 -1 
-2 4 3 -1 -6 -3 0 0 
3 2 -3 -7 -5 -2 -2 0 
-1 4 0 0 -2 -1 0 -2 
3 4 -2 -1 -1 -3 -2 -1 
0 2 2 1 0 1 -2 -4 
-8 -20 -2 3 4 2 5 6 
1 5 -1 -3 -3 -2 -2 -3 
5 6 3 0 -1 -1 0 -1 
-8 -9 -8 -5 -3 -2 -2 -1 
1 5 -2 -3 -3 -2 -3 -3 
0 2 -1 1 2 -1 1 1 
0 -2 -1 -3 -1 0 -1 0 
3 0 -2 0 2 1 -1 -1 
-3 3 -4 -5 -4 -3 -4 -2 
6 5 -17 -1 1 0 -1 -1 
-1 0 -2 -6 -4 -2 -4 -4 
3 1 -4 -2 -1 1 2 2 
4 -2 0 -1 1 -1 1 0 
-1 -1 -8 -3 -3 -3 -4 -3 
-13 1 14 4 3 2 2 1 
-9 -3 -5 1 -2 -2 -2 -6 
5 -9 0 3 -3 -3 -3 2 
-3 3 4 -2 -4 -2 -1 6 
-1 -2 -9 -2 0 -1 0 -1 
4 8 -1 -3 -2 -2 -2 -4 
-6 3 8 3 1 1 -1 -1 
-4 -5 -6 2 0 0 -1 -1 
3 -6 -7 -4 -4 -2 -1 1 
1 -5 0 2 1 0 0 3 
0 2 -5 -1 -2 -2 -3 -4 
-4 -7 9 -4 0 0 1 0 
6 3 -9 -3 -2 -2 -2 2 
-1 -1 0 0 -1 -2 -2 -1 
-7 -4 9 -1 -1 -1 -4 -1 
1 -1 0 2 0 -1 0 1 
-7 2 -6 -4 -4 -3 -2 -5 
1 0 -1 0 0 -2 -1 -2 
-3 -4 -5 -4 0 1 0 -1 
-3 -4 0 -1 -2 -4 -3 -2 
0 -5 1 -3 -2 -2 -3 -3 
3 2 -1 -3 -5 -2 -1 2 
4 1 2 2 0 0 0 -1 
-6 4 1 -1 -4 -2 -4 -5 
-2 -17 6 0 -3 -1 -1 -1 
-4 -1 -4 -3 -1 0 0 0 
4 2 -17 -5 -3 -1 -2 -1 
-1 -1 -2 -4 0 -1 -1 -1 
-3 5 3 -1 0 0 0 1 
1 -3 7 0 1 0 1 -1 
0 -2 4 -1 -1 -1 -1 -5 
2 -3 -1 -1 0 0 0 6 
-3 3 -1 1 0 -1 -1 -9 
-4 -5 -11 -4 -2 -2 -1 -2 
3 5 3 -3 -1 -4 2 3 
-3 2 -7 1 1 -1 -1 -5 
4 1 -3 -3 2 1 0 2 
0 -1 -2 2 1 0 -2 -2 
2 1 -6 3 0 0 0 -1 
-9 0 1 -6 -4 -4 0 0 
5 12 -1 1 -1 -1 1 2 
-11 -22 10 -1 -2 -1 1 0 
-3 -4 -5 -1 -1 0 -2 -6 
-3 -4 4 1 -1 -1 -1 -4 
0 4 -1 2 1 -1 -1 -1 
-2 1 -3 2 -1 -2 -2 -1 
-3 -3 0 -5 -2 -3 -2 0 
0 -4 1 0 -1 1 0 -1 
1 2 -6 -2 -4 -2 -2 0 
3 0 7 3 3 2 -1 1 
3 -3 0 -3 -3 -3 -2 0 
0 -3 -11 -2 0 0 0 0 
-3 1 -5 -1 -1 0 -1 1 
1 6 1 1 -1 -2 -1 5 
-11 -13 -1 2 -2 -1 -4 -16 
2 3 8 -1 -1 -2 -2 -3 
7 -2 5 3 0 0 -1 5 
12 26 -4 -5 -3 -1 0 2 
-6 13 -3 3 0 0 1 2 
4 2 19 3 2 1 1 0 
-40 -24 -19 -3 -2 -4 -3 -7 
-10 -10 29 1 1 -4 -4 -10 
-8 -17 10 2 0 -3 0 3 
8 -22 -18 -2 -4 4 1 -3 
-1 -6 -31 -7 -3 -2 -1 3 
-18 -19 -8 1 -4 -4 -6 -11 
3 18 4 -8 1 -2 -2 2 
21 19 -3 -11 -8 1 3 8 
26 4 1 -5 0 0 0 1 
8 11 16 17 3 1 0 2 
-24 0 14 19 -2 -4 -3 -3 
-8 -14 -18 -20 0 -3 -2 -2 
-2 10 0 -8 -4 0 -1 -4 
0 -9 -33 -25 -11 -9 -2 -3 
20 5 1 9 2 2 1 9 
-21 5 25 31 5 -2 -7 -8 
-1 6 15 -3 0 -2 1 -1 
-1 1 10 -13 0 0 0 10 
-1 -9 -1 -3 -2 -1 5 -5 
-1 5 -9 3 3 2 2 6 
-1 -3 17 10 1 -1 -1 -13 
-11 -20 -60 -32 -9 -7 -8 -11 
4 14 -6 -11 -4 -2 -6 -6 
3 -6 3 6 -1 -1 9 13 
-18 -9 21 10 2 1 -4 0 
10 22 17 12 3 4 2 3 
6 11 -18 -12 -6 1 -3 0 
-2 -34 -46 -8 -6 -8 -9 -7 
2 2 12 -1 3 -4 -7 -3 
-3 4 1 0 -4 -3 -2 -10 
4 0 10 -4 0 1 3 9 
1 8 16 19 1 1 -3 -2 
12 7 -3 -1 -3 -4 7 9 
-4 -13 -13 -9 -2 -4 -2 -14 
-6 -3 -14 -2 1 1 -2 -6 
-9 0 9 -7 -1 0 0 -5 
-1 -6 -11 -3 -1 0 -6 -7 
-2 2 7 10 4 -3 7 7 
2 5 -11 -5 -6 -7 -9 -8 
3 4 3 -2 -2 1 4 2 
-3 3 -3 1 -2 2 0 8 
2 -8 -7 -13 -2 1 0 3 
5 -5 -2 -4 -2 -3 2 1 
1 1 8 8 1 -3 -10 -4 
-3 -8 -4 10 1 4 0 -3 
-4 -3 -4 -3 -8 -3 -1 6 
3 -9 -16 -15 -3 -1 3 -6 
-3 17 16 -9 1 0 0 -1 
-13 -7 -3 -5 -3 -1 9 -3 
-1 -3 10 7 -1 0 -8 7 
-4 3 1 -14 -2 -4 -7 4 
-5 -28 -5 4 -2 -4 -2 -13 
7 12 -10 0 3 0 -4 -9 
11 4 -6 10 0 -4 3 12 
-5 -1 1 -14 -3 -1 7 -4 
-1 11 19 17 1 -4 -15 -1 
1 -1 -13 -19 0 1 4 -5 
-8 -11 -17 -15 -1 0 -2 -12 
2 -7 8 24 4 1 2 8 
1 9 -16 -33 -8 -6 -12 1 
6 -1 13 16 0 -1 1 3 
-4 3 8 13 3 4 3 -1 
0 -5 -3 7 2 0 4 0 
-10 -12 -1 -10 -6 -6 -15 0 
2 1 4 -6 -5 -3 17 12 
-1 19 11 0 -1 0 -7 -12 
2 -24 -18 6 0 1 3 2 
4 12 2 -4 -1 1 -1 1 
-2 -14 -20 0 0 -4 -9 1 
6 14 10 7 1 2 7 6 
0 0 -7 -1 -1 3 -1 14 
-24 -15 3 -23 -6 -3 5 -12 
-8 -6 -28 -18 -4 1 -12 -7 
6 -7 -9 4 0 0 -5 -2 
3 7 15 16 2 -6 0 -4 
8 6 3 0 4 5 -6 21 
-14 -13 14 9 0 -1 8 -9 
-7 -14 -10 -3 1 0 -9 -6 
3 1 8 -2 -1 1 -2 -7 
-2 5 1 4 2 -2 10 2 
10 6 -2 7 -5 -1 2 9 
1 -4 3 -7 1 0 5 5 
-13 -10 18 -1 -3 1 -2 -5 
21 16 -31 -14 0 -3 -10 -4 
-6 -16 -3 -2 -4 -4 -4 0 
7 -9 11 5 -4 -2 5 1 
-11 -6 -25 -12 -3 -8 -26 -6 
14 2 -2 13 3 9 9 6 
5 -4 -32 -4 0 -7 -2 6 
-5 33 16 -17 -4 -4 -12 -4 
-4 -5 -7 -1 -1 2 32 -2 
3 12 40 14 -1 -6 -21 -1 
-14 -10 -16 -13 -1 0 8 -24 
3 19 9 14 5 5 -4 -4 
-11 -23 -14 -13 -4 -3 -13 -18 
-15 -46 -13 -1 -1 -1 10 -5 
10 -3 45 5 -1 -1 -3 9 
0 -32 -30 -2 1 -4 -6 -2 
9 18 16 20 4 6 3 7 
-11 -1 -33 -9 -5 -7 -3 0 
-3 -7 11 -3 -4 -3 -6 -18 
0 14 -5 2 1 2 9 6 
3 12 14 -28 -9 -6 -6 3 
-2 1 15 10 -1 3 7 0 
0 -38 -72 -25 -1 -2 -12 0 
-20 28 76 25 -1 0 4 -4 
-5 10 -64 -8 -5 -5 -8 -8 
-15 3 31 -6 -4 -2 4 -5 
-7 35 33 -1 -4 -1 -4 -1 
29 -9 -98 -29 4 0 0 7 
-9 -46 25 26 5 4 -1 12 
0 9 9 24 -4 -4 0 -14 
-9 -11 -25 -12 -1 -2 -5 -2 
9 34 40 -34 -11 -8 -1 1 
-11 -59 -20 -22 2 1 -3 -1 
7 14 -39 -15 1 3 0 -5 
0 12 29 15 -1 -4 6 18 
-17 -22 -17 3 0 -3 -3 -14 
12 27 16 9 0 6 -9 0 
-8 -16 -9 -4 -3 -13 -13 -18 
8 15 5 3 1 7 42 19 
-10 -12 18 5 -3 -3 -17 -3 
5 -1 -3 15 0 8 31 6 
-2 1 -2 -17 -2 1 -24 -4 
12 15 10 1 -3 -7 -10 9 
-4 -18 -11 -1 -3 -3 5 -5 
2 2 4 -3 -2 -7 -10 22 
-1 -3 1 8 4 4 13 -8 
-2 4 14 23 -2 0 0 -7 
-3 -15 -14 -18 -4 -3 -10 -2 
4 9 24 7 4 3 -19 3 
-6 5 7 -14 3 -5 17 0 
-1 -34 -33 1 4 2 7 -2 
-12 -19 -2 3 -3 1 -13 -14 
1 16 5 12 -5 -4 -14 -7 
14 7 -10 -25 -2 5 10 4 
4 16 35 -9 2 3 21 -5 
-21 -28 -20 11 0 -2 -12 -4 
-6 15 31 16 4 1 26 8 
-9 -18 -27 6 -5 -5 -11 -1 
19 17 37 7 2 6 -3 0 
2 5 -11 -4 -2 -6 -22 -4 
23 20 -23 -13 1 5 19 -2 
-14 -30 -14 4 3 -3 -16 -23 
-14 -7 -2 13 -1 -2 -14 35 
-18 -29 -12 -14 -7 -9 4 -27 
-2 -7 59 16 -2 -3 -6 -5 
-1 5 -6 -25 -5 -4 -6 -14 
2 17 -10 -11 -3 1 -1 3 
13 9 -2 16 0 3 15 15 
-4 12 6 -15 -4 -16 -17 -18 
6 7 6 5 4 3 17 5 
-17 -26 1 7 -2 4 -16 -32 
9 7 17 4 1 4 22 26 
-7 -1 -30 -20 -9 -6 9 -30 
-5 -15 -3 11 1 -2 -7 17 
7 9 -8 -11 1 -6 -21 -16 
-2 -13 -3 11 5 5 16 -5 
19 19 -35 -14 1 6 0 4 
-15 -1 29 -11 -8 0 17 7 
-2 -26 -16 -12 -6 -9 -6 -7 
4 -2 20 7 5 7 -10 5 
-19 -2 30 23 1 -9 -19 -4 
15 18 -29 -55 -5 11 31 8 
0 -18 -16 35 5 -2 -12 -3 
1 8 42 14 -1 -4 -1 0 
0 -11 -75 -45 -2 1 -7 14 
1 2 11 30 -7 2 -2 14 
2 8 -15 -59 -6 -7 8 16 
10 26 -22 18 11 6 22 2 
-9 -43 73 6 4 -3 -16 -9 
-7 -27 -10 16 -2 0 2 6 
-4 3 11 -7 -4 2 -3 -2 
9 25 -21 -16 -12 -9 -5 1 
4 -6 -20 -9 1 6 16 8 
11 21 3 -15 26 5 -13 -7 
-2 11 11 72 0 3 0 -3 
-16 -13 -16 -54 -31 -15 -16 -11 
-11 -11 -28 -20 -9 -4 11 -9 
14 12 25 24 1 -3 -12 9 
-5 -16 -9 -35 20 5 -9 -8 
-1 -33 -1 59 12 9 9 7 
3 4 -6 -23 -19 -10 -8 -4 
-8 -4 1 -2 -4 -6 5 -7 
4 29 -1 2 -3 -6 -17 0 
-3 -21 45 18 2 4 7 16 
-21 -10 -14 30 4 3 -2 -21 
15 3 -6 -6 0 3 3 25 
-10 9 -17 -33 -1 -10 -13 -20 
1 -4 -15 21 -1 3 21 -1 
5 6 -39 -34 0 -4 -7 -13 
-3 8 29 37 -11 -8 8 -6 
-15 -40 -46 -43 -14 -10 -36 -15 
6 34 22 -2 10 6 11 13 
14 44 48 -1 -1 -2 -18 1 
-5 -13 -39 -2 -3 4 22 2 
4 9 10 14 -2 -3 30 2 
-6 -8 -16 -12 -6 -9 -26 -31 
-6 -9 -3 19 1 3 -36 -4 
-9 2 15 -16 -3 -14 2 -4 
-8 -4 4 39 0 6 12 -9 
18 -2 -9 -22 1 3 22 20 
1 19 -16 3 1 7 6 14 
-5 -4 -10 -10 0 0 -21 -4 
-8 -13 -22 -10 -6 0 5 -13 
11 32 21 -10 1 -8 -21 -1 
-6 -19 5 13 3 4 12 5 
-3 -2 15 17 -4 -5 -8 -10 
9 26 11 -11 -1 0 5 6 
-6 -14 -24 -11 -4 -5 -18 -6 
-12 -2 4 -6 -7 0 9 16 
-3 -2 14 -2 3 -3 -3 -3 
4 1 -8 20 5 2 -3 1 
-3 -2 13 9 1 4 6 3 
0 19 11 -3 2 -8 -15 8 
-10 -35 -5 16 4 -1 5 -6 
5 5 15 -29 -2 1 -14 -4 
-3 -4 -41 -31 -8 -9 -36 -10 
-1 4 9 8 -3 0 46 -10 
3 7 -6 -7 -5 -1 -13 -1 
-5 0 24 22 1 1 7 3 
-17 -18 -26 -18 -2 2 9 -9 
3 -17 4 26 4 -4 -10 -8 
9 17 6 20 0 -3 -17 -6 
-5 -13 -21 -32 -12 -2 15 1 
7 38 51 7 -4 -5 -17 -11 
1 -50 -69 -19 0 -2 4 8 
-2 -12 -13 1 4 2 5 18 
0 7 -16 -20 -4 -6 0 5 
-9 -4 2 14 2 1 1 -3 
8 18 22 17 1 8 16 4 
-9 -1 -17 -7 -6 -12 -31 -21 
7 15 6 10 7 4 2 7 
-5 0 17 -15 -7 -8 2 -4 
1 0 22 10 4 7 11 15 
2 -27 -19 -4 -5 -5 -20 -9 
1 5 -18 -26 -13 -7 6 3 
-6 -5 -40 -2 6 7 16 0 
2 0 18 13 -5 -6 -12 -2 
-1 -12 -6 7 4 5 2 -4 
3 1 27 10 3 -3 -8 1 
8 -14 31 22 0 -1 1 -16 
-4 7 -61 -15 0 -1 -4 -9 
-16 69 52 -16 -3 4 4 -4 
-25 -21 -4 -14 -11 -8 -11 -6 
4 17 -12 -27 -8 0 0 5 
-8 -15 -4 -3 3 -2 -2 -1 
8 44 51 39 8 3 7 -1 
-6 -61 -46 0 16 5 -4 -2 
-39 9 18 29 2 7 9 3 
-14 -30 -53 -18 -29 -15 -16 -12 
24 29 -12 1 14 7 12 12 
-1 18 28 -47 -21 -4 -2 -2 
23 -4 -58 -15 2 -6 -4 0 
3 37 30 19 8 0 -5 -14 
-3 20 49 -3 -1 3 7 0 
5 18 -16 24 8 -1 1 3 
-5 4 24 -2 -1 0 -9 -17 
6 -1 7 1 -3 -5 -1 20 
-7 -4 22 -1 -1 0 1 -18 
2 -12 -57 17 0 1 -4 -4 
-3 -29 -11 -10 -2 3 -15 0 
1 5 10 -12 1 -2 28 -30 
1 -22 -30 -8 -4 -2 -5 46 
3 -3 0 8 -1 0 2 4 
7 14 -7 14 11 4 6 6 
9 -4 36 -22 -1 0 -21 1 
-3 -26 -19 -16 -13 -3 5 -10 
-2 6 23 12 -2 -6 -7 -7 
1 -6 2 8 2 -5 -8 -2 
4 5 18 14 7 5 8 10 
6 -16 -21 -10 -5 1 25 5 
11 5 15 2 -1 1 -41 16 
-12 -6 -35 -28 -7 -7 16 -3 
-4 12 4 23 8 -2 -1 4 
-5 -9 7 -3 -6 -2 -9 -7 
-3 6 15 15 5 7 12 -2 
10 22 44 2 0 -3 -7 5 
3 -1 -19 -36 -6 -5 -12 3 
-20 -16 -33 -9 -4 -2 -1 -7 
1 2 15 13 3 -3 1 -10 
0 -17 -8 -1 -4 -4 -10 -5 
-2 6 3 -12 -4 0 3 -1 
5 -6 -20 -2 1 1 2 -1 
-5 0 -1 -10 -11 -4 4 -4 
4 -6 -9 4 0 -1 4 0 
-8 9 7 7 4 0 -14 -4 
-1 -3 -14 -18 2 -1 -5 -6 
-3 5 18 38 3 -2 -1 -2 
0 -16 1 -35 -14 -5 8 8 
-7 -11 -3 14 -3 -4 -5 -12 
2 0 11 1 2 -1 -5 -25 
-6 -10 9 9 0 -8 -4 2 
4 16 -4 4 6 1 -1 11 
-24 -69 -21 -54 -20 -10 -7 -25 
-4 -14 -26 -7 2 -2 -2 2 
14 7 3 8 6 3 3 6 
2 26 14 2 -2 2 3 3 
6 5 18 3 4 7 3 8 
-5 -29 -35 -5 -11 -8 -7 -4 
-2 12 16 -1 0 -3 4 -3 
-1 -21 -18 8 5 2 2 5 
9 33 23 26 6 4 5 7 
7 -30 16 1 -5 -3 -3 0 
-7 0 -12 -22 -3 -2 0 -1 
-6 -1 -17 -2 -2 -2 -2 -4 
11 -7 6 9 -4 -5 -4 7 
-11 13 -17 1 3 5 26 19 
-12 6 12 -12 -5 -8 -22 -29 
-3 -10 -2 -2 -1 -2 -13 -8 
8 8 11 10 6 2 12 9 
4 16 10 3 3 4 -10 0 
6 -16 -8 -3 -3 -2 11 9 
-15 -31 -39 0 1 3 1 -2 
-6 24 15 -1 2 -6 -8 -7 
-3 2 -5 -5 -2 -4 -7 -5 
2 0 -3 -6 0 1 4 3 
6 3 17 14 -4 -6 3 -6 
-8 -4 -14 -2 -1 0 -6 0 
0 10 -8 -10 -4 0 -2 -2 
6 10 3 0 0 -1 -4 2 
-11 -30 -4 -4 2 0 5 1 
-7 -9 -17 -6 -4 -3 5 -5 
2 -11 2 4 -4 -7 -15 -6 
1 -7 -13 -30 1 5 4 1 
-1 11 25 25 1 -3 0 2 
1 -5 -7 19 4 0 -1 -10 
-3 -8 -9 -6 -1 -1 -4 2 
2 -7 -7 -14 -9 -4 0 -3 
-7 6 -16 -20 -2 0 3 0 
2 -7 -7 7 0 -3 -4 6 
1 2 9 -11 -3 -3 -12 -3 
-6 8 -14 8 0 1 7 -9 
8 10 12 -4 -4 -5 -1 5 
4 -6 -11 -6 -2 -1 -2 1 
-10 17 16 6 2 0 4 2 
-6 -4 -1 -1 -2 -1 -5 2 
-1 -3 4 2 -2 -1 -4 -7 
-2 -2 0 -3 0 0 -7 3 
4 6 -2 6 1 0 9 -2 
0 -3 7 0 -3 -3 -4 1 
0 -6 2 6 1 3 11 1 
-8 -3 6 -6 0 0 -9 -2 
1 2 8 11 1 2 -2 -6 
1 9 20 9 0 -4 -3 7 
-1 -6 -17 -6 0 -2 -14 -6 
1 1 -14 -9 -3 2 19 3 
2 -6 -15 -5 1 -6 -11 -6 
-9 -9 19 11 1 5 15 -1 
-3 1 8 -8 -6 -3 -7 -1 
0 16 10 7 -2 -1 2 1 
1 -6 -12 -3 -5 -4 -5 1 
1 4 -6 -4 -1 -4 -5 -6 
5 5 14 -10 -1 -1 0 10 
-3 5 7 -4 -3 -3 -7 -7 
15 16 -2 0 2 3 7 2 
-22 -21 -5 -3 -3 -2 -7 0 
-2 -12 11 4 -3 0 2 -3 
1 -10 -8 -7 0 -3 -1 0 
-1 4 -6 10 2 -2 -2 0 
2 -2 -6 -1 -2 -2 -5 -6 
3 14 -11 -7 -1 1 2 -1 
-3 -11 1 -6 -5 -3 -5 -10 
-1 -4 4 -2 0 1 -1 -4 
6 4 -11 4 0 1 12 6 
-1 3 5 -4 1 -2 -12 -5 
2 13 2 1 -1 0 -3 4 
-8 -9 14 -8 -6 -1 4 1 
3 -5 -20 0 -4 -5 -8 -8 
0 7 11 1 -2 -2 0 4 
-2 -11 -23 -16 -2 0 -2 -1 
-9 -6 7 7 1 3 -1 -5 
1 13 13 7 3 4 4 4 
0 4 -9 6 -1 -1 2 -2 
-3 5 -6 3 -1 -5 -5 -6 
-10 -10 5 -1 1 -1 1 -1 
13 3 -8 -9 -3 -5 -7 -1 
12 15 20 2 3 2 3 5 
-4 -4 -15 -8 -8 -4 -1 -5 
1 -2 -38 -1 -2 -4 -6 -1 
-1 2 6 -11 -5 -5 -1 4 
14 0 -18 2 1 -2 -4 -1 
-3 14 29 9 5 6 4 9 
1 5 1 -7 -1 -1 2 1 
-2 -4 -18 -7 -3 0 -3 -2 
0 3 -24 13 -4 -7 -4 -2 
1 3 4 -4 -2 -3 -3 2 
-4 15 5 1 2 0 -7 -6 
-9 11 7 -2 -1 2 6 0 
-11 -9 20 -6 -1 0 -4 -3 
-3 -15 -11 -4 1 2 2 1 
0 -2 12 2 -3 -1 2 3 
0 2 -4 3 1 -3 -2 -3 
-10 -14 -2 -22 -4 0 2 -4 
1 -1 -2 6 -2 -3 -8 -5 
4 4 -3 -2 -2 0 -2 -4 
-2 -10 2 6 0 0 -2 3 
-9 -12 -16 0 -2 -2 0 -12 
8 -5 0 5 5 2 8 15 
-6 -12 8 -2 -3 1 6 -1 
-5 -5 -10 0 0 -3 -4 -7 
4 16 35 2 2 1 -2 4 
-14 -22 -30 2 3 3 1 -7 
3 -24 -13 -2 -4 -4 -1 2 
-6 3 5 -7 -6 -5 -1 -4 
-7 -13 -12 4 -1 -2 -6 -9 
2 9 11 -2 -4 -4 -6 -5 
6 1 -11 -9 -2 0 0 4 
-8 -15 -14 -4 -2 -3 -3 -4 
-3 5 12 2 1 1 2 3 
-6 -14 -17 1 0 -4 0 -4 
-2 -8 0 3 -1 -5 -6 -4 
4 0 5 -7 0 2 1 4 
-2 -2 -4 14 -1 -2 2 2 
1 3 9 -6 -2 -2 -2 -5 
1 7 -3 -2 -2 -2 -1 -1 
3 -9 2 4 1 1 -1 2 
-3 -6 -13 -1 2 2 -1 0 
-11 -20 9 3 2 1 2 -1 
-4 11 5 -8 -2 -3 -5 -3 
-2 1 0 3 0 -2 -4 -4 
0 -4 3 -5 -2 0 3 -3 
5 15 -3 -3 -4 -2 -5 -1 
-4 8 0 2 2 0 0 1 
5 -13 1 -6 -4 0 -2 3 
-9 8 7 1 -4 -6 -9 -5 
8 1 -6 -7 -6 -4 -6 -2 
-2 7 10 4 2 5 7 -2 
1 5 -1 -4 -3 -4 -1 -2 
2 -4 -14 -2 -3 -2 -2 0 
-6 -1 2 0 -1 -1 -1 -1 
-2 -5 -2 -4 -3 -3 -4 -5 
-4 2 -3 -1 -2 -1 -2 -3 
5 2 0 -2 -2 0 -1 1 
-5 6 -10 3 1 0 -2 0 
1 -1 1 0 -4 -3 -3 -2 
3 -2 -7 1 1 0 -5 -3 
-12 -4 -22 -13 -4 -3 0 -4 
5 7 -5 -8 -3 -2 -5 2 
-6 -8 13 8 3 1 3 -1 
-6 0 -11 1 -2 -4 -4 -3 
4 1 0 -1 -1 -3 -1 1 
1 -2 4 4 2 1 4 -3 
2 -3 -1 -8 -1 0 -4 7 
-4 -6 2 -4 -1 -1 -4 -3 
0 -6 1 -2 -3 0 1 -3 
-2 3 2 -2 -5 -2 -3 -2 
5 6 -2 2 -1 -3 -3 -3 
-4 1 -5 4 -1 0 2 -2 
-11 -27 -2 -6 2 0 -3 -4 
1 -9 7 3 2 -1 3 2 
-2 0 -6 -5 -4 -1 10 4 
-7 -3 2 -3 -1 -1 -10 -5 
-2 -19 -10 0 -2 -1 -6 1 
-1 0 -5 0 -2 -2 0 -8 
-6 -9 -11 -2 0 -2 -4 -3 
3 8 3 0 0 0 4 1 
-1 1 14 8 6 5 4 2 
1 -5 -18 -8 -5 -3 -5 -1 
-1 7 -6 -1 -4 -2 -7 -1 
-1 -6 -9 4 1 0 2 0 
2 13 5 2 -1 -5 -2 -1 
-1 0 2 -10 0 -1 1 1 
-5 -17 -13 -6 -3 -3 -3 -6 
-2 -7 5 -4 -2 1 -1 0 
0 -1 -7 -1 -3 -3 0 0 
0 2 7 4 0 -1 0 1 
-2 6 6 1 -2 1 0 2 
7 3 -7 -2 -1 -1 2 -1 
-1 -15 5 -1 -2 0 0 -6 
-2 -3 6 1 -3 -2 -4 4 
1 -3 -1 -3 0 -3 -4 -2 
-10 3 -10 1 -3 -1 -1 -1 
5 16 -15 -6 -2 -3 -3 -6 
1 3 4 -2 -1 0 3 2 
-4 -14 5 2 -1 -1 -1 -2 
4 8 6 -3 -2 -3 0 0 
-2 5 -7 -1 -1 1 -1 2 
-7 -2 -2 -1 -3 -4 -4 -13 
-2 -3 -7 3 4 1 -2 -5 
4 5 14 0 -3 -1 -3 -4 
1 6 7 -3 -4 -2 -3 2 
2 9 -3 -1 -2 -1 -3 -1 
4 -1 15 2 0 1 1 4 
1 3 -1 1 -1 -1 2 -1 
-2 -5 -8 -3 -2 -1 0 -2 
-1 0 -5 2 0 2 3 3 
-1 -3 -7 -4 -3 -5 -2 -8 
1 2 -3 -2 -2 -1 -1 2 
2 9 1 -3 -2 -1 1 7 
-4 5 6 -5 -1 -2 -2 0 
0 -3 -8 0 -2 0 0 -4 
-4 0 11 0 2 -2 -1 -1 
0 4 -5 -1 0 -2 -3 -6 
-7 -12 -7 -1 0 1 -4 -7 
-10 8 24 4 -1 1 5 6 
