#EMG
#1
#ID:1-8
-3 -16 -17 -3 -2 0 -1 -2 
-2 -5 2 2 -2 -3 -1 -2 
-2 9 14 4 2 0 -2 0 
4 -2 0 0 -3 0 0 1 
0 4 -2 -5 0 1 0 0 
-5 -5 -1 0 -1 -1 -3 -5 
-3 0 -2 -1 0 -3 0 -1 
-3 -2 -6 -6 -4 -3 -4 -5 
2 5 2 0 -1 -2 0 3 
0 -13 -10 -4 -2 -2 -1 -1 
-2 13 12 2 0 -3 -2 -2 
7 8 -11 2 4 -2 -2 1 
0 -4 2 -7 -7 -2 -2 -4 
3 -2 10 4 -1 -3 1 1 
-9 -1 -1 -3 -3 -1 -3 -4 
-2 3 6 2 0 -1 -2 -1 
-2 -6 -19 -6 -3 -2 -3 -3 
-6 -2 0 0 -1 1 0 -2 
3 -8 -4 3 0 0 0 7 
3 -2 12 -4 -2 -2 -2 -7 
-7 5 0 4 2 -1 -3 1 
-4 -19 -10 -8 -5 -1 0 -1 
-2 -4 -3 1 -1 1 1 2 
-2 0 2 -3 -3 -2 0 0 
0 1 11 2 -2 -5 -1 -3 
-2 4 -3 -4 2 -1 -2 1 
4 4 -1 0 2 2 1 -1 
-5 1 8 0 0 -2 0 -1 
-2 -19 -9 3 -3 -2 -1 -3 
-3 0 -11 -5 -5 -3 -2 -5 
6 -8 -2 -3 -2 -3 0 1 
-8 0 0 -1 -2 -1 -1 -4 
-1 5 5 -1 0 1 -2 2 
2 3 0 -2 -1 -1 -2 -2 
0 0 -4 2 -1 -1 -2 1 
-2 -15 -13 -6 -1 2 -1 0 
0 5 2 -2 -2 -4 0 0 
-3 -11 -2 2 -1 -1 -1 -3 
-2 0 -2 2 1 2 1 -3 
2 -3 -7 -3 -2 -3 0 1 
-4 -4 -1 -1 0 1 -1 -2 
-4 1 3 4 2 1 1 -2 
-4 6 10 -1 -4 -3 -4 -5 
-5 -6 -18 0 -3 -1 -2 -3 
0 -1 6 0 0 -1 1 -3 
4 4 0 -1 -1 0 -2 1 
0 1 7 -5 0 -1 1 1 
-2 -5 -4 1 1 -3 -2 -9 
5 4 0 0 -1 -1 0 -1 
-8 -2 2 4 1 -2 -1 0 
-2 -4 -11 -4 -3 0 0 -1 
-2 -3 2 -4 -1 0 -3 -4 
-5 -6 -10 -3 -2 0 2 2 
1 -7 -1 1 2 0 -1 -2 
2 7 4 -3 -1 -3 -3 1 
-1 -6 2 -2 -2 -3 1 1 
-2 6 -18 -2 -2 -2 -3 -4 
1 -5 -12 -5 -6 -2 -2 -1 
-5 -5 -7 -5 -1 -1 -3 -1 
0 -3 3 1 2 2 0 0 
-1 2 12 3 0 1 -4 2 
-2 5 0 -2 -2 -3 -2 -2 
2 -5 -7 -2 1 1 2 -1 
-2 3 3 1 -2 0 -1 0 
-2 -2 -3 -3 0 0 -1 6 
3 -9 -10 -1 -2 -1 0 -5 
-5 -5 6 2 -3 -3 -4 -7 
5 8 13 -2 -2 0 -3 -2 
1 -7 -19 -4 -4 -2 0 1 
-3 4 3 1 2 1 2 2 
-3 -2 -10 -6 -3 -2 -1 -3 
-1 -2 -2 5 0 -2 -1 0 
-2 2 4 1 0 -3 -3 -5 
1 -6 -2 4 0 -4 -3 -5 
-1 1 0 -3 0 0 0 2 
-3 -4 -12 -3 1 0 0 4 
2 5 4 -5 -4 0 -1 -3 
-4 -15 -13 -5 -3 -5 -5 0 
2 9 6 -1 -1 -1 -3 -2 
0 -1 -7 2 1 0 1 -9 
0 -5 2 0 0 -2 -3 -4 
2 0 6 -2 -2 0 2 2 
-1 4 14 2 -2 2 0 -2 
-5 -5 -27 -10 -6 -3 -4 -2 
2 -2 5 2 2 -1 -1 -2 
-8 -8 8 8 0 2 -4 -6 
-9 -7 11 3 2 2 2 3 
0 7 7 -7 -4 -1 2 6 
-4 2 5 -2 0 0 0 -2 
6 2 -10 -7 2 -1 0 7 
-9 0 1 -4 -4 -3 -1 -7 
2 -3 -5 5 0 0 -2 1 
0 4 13 0 -2 -1 -1 -1 
-3 13 9 -2 -1 -2 -2 3 
-6 -18 -11 2 -1 -1 -3 -15 
-3 4 2 -4 -3 -1 -2 -3 
12 4 -3 -1 -4 -2 -2 4 
-3 0 -3 -4 -4 -3 -3 -5 
-1 12 2 -3 -1 -1 -1 5 
-8 -11 -7 -4 -3 -3 -4 -8 
-6 -1 -2 0 -2 -1 -1 -1 
3 7 0 -2 0 1 1 2 
3 1 -4 0 0 2 2 1 
1 -1 7 11 1 0 -2 0 
-7 -5 -3 -3 1 -1 0 0 
-6 9 13 2 -2 -3 -4 -6 
5 -18 -40 -10 -3 -3 -1 9 
4 11 8 -14 -1 0 3 7 
-13 -20 -6 1 -4 -3 -7 -7 
0 6 -1 -13 -5 1 5 -2 
7 8 20 19 3 -4 -7 1 
3 -1 5 -4 -3 0 0 0 
-12 -11 -30 -9 -5 -1 -1 0 
-1 12 11 5 1 -1 -4 2 
-3 -8 -15 -4 2 0 0 -1 
-8 -7 2 -5 0 -4 -3 -7 
2 10 24 10 1 2 1 1 
3 -1 -17 -20 -5 0 2 2 
-4 -2 3 1 -2 -1 -1 -2 
6 11 13 18 2 0 1 1 
3 -5 -13 -12 -5 -4 -2 -2 
-8 -8 7 16 2 0 -3 -2 
1 4 -5 -9 -5 -3 -3 -4 
-3 1 19 -3 -1 -1 1 1 
4 -2 -22 1 0 -2 -5 0 
5 -2 0 -3 0 0 2 0 
-4 -1 3 -5 -2 -3 -4 -4 
-7 -14 -11 4 -1 -3 0 -5 
3 -2 4 2 1 -2 5 -4 
-2 -2 -11 -1 -1 -3 -12 -3 
-1 -4 -11 -12 -3 1 13 0 
1 10 -1 -2 1 -5 -7 2 
-9 -12 4 -3 1 -5 -17 -4 
-1 -7 -15 1 -1 7 33 2 
8 3 22 2 -2 -1 -12 2 
-8 -5 -35 -10 -5 0 3 4 
3 3 -3 -6 -4 -2 -3 -1 
-4 -3 20 9 2 -5 -13 -6 
-5 -6 -7 4 3 1 7 -2 
2 -5 -23 -8 -2 3 -1 3 
1 2 34 6 0 -2 -3 -3 
-1 -8 -33 -1 -6 -2 -4 0 
0 -8 2 1 -2 -2 -1 -1 
-6 -7 -14 1 1 -5 -9 -5 
-3 5 -19 -3 -2 4 3 -3 
2 3 13 -10 -1 -1 0 0 
-1 4 4 5 -2 -2 -2 0 
3 -1 -2 -2 -2 0 0 3 
-7 4 6 -17 -4 -1 4 -3 
1 8 -4 -5 1 0 -3 -1 
-3 -3 7 15 3 0 -2 7 
4 -2 20 4 -5 -4 -9 2 
-6 4 -16 -14 -3 2 8 0 
-6 2 8 -2 0 -3 -6 -3 
1 7 -13 -10 2 -1 -7 0 
10 -10 5 2 2 3 10 1 
0 0 -1 9 3 -2 3 6 
4 -8 -7 0 -1 -3 -7 -4 
-8 3 12 5 -1 3 5 -3 
6 9 -17 -2 -6 -7 -10 -2 
-1 -10 -6 -2 -4 -2 -4 8 
-6 -3 -1 -8 0 -2 -7 -1 
6 10 6 3 -1 0 5 -5 
-4 -7 -14 5 0 5 23 -10 
-12 8 16 -10 -3 -8 -25 -9 
3 -19 -26 8 0 -1 8 1 
1 12 6 -5 -1 -4 -3 0 
-6 -3 -19 -11 -1 1 -11 1 
6 1 -13 4 -2 -3 21 -4 
5 4 19 10 3 2 5 4 
-3 -7 15 -1 1 0 -15 4 
-4 4 26 -7 -4 -1 -3 -7 
2 -3 -15 -3 2 1 -1 0 
-2 -4 22 18 -1 -5 -11 -5 
-7 -26 -27 -4 -4 0 9 -1 
-4 3 33 2 -2 1 -7 -1 
18 9 16 1 1 2 -17 34 
-10 11 -23 -26 -9 -11 29 -32 
-16 -15 -38 -7 -2 -3 -14 -11 
6 -3 1 0 4 -1 5 13 
-6 -2 0 -1 -5 -7 11 -16 
2 0 18 19 2 1 -23 40 
10 7 -26 -42 -7 -3 12 -20 
-18 -18 7 24 3 6 -4 2 
1 11 -2 -4 -3 1 -12 -24 
7 -14 -16 -2 1 -4 1 4 
-7 8 -13 -13 -6 -7 -6 -1 
-14 9 3 -19 3 -3 5 5 
1 -11 -23 -13 -3 0 6 6 
2 1 14 19 3 -1 -9 19 
-3 6 29 18 -9 -2 -4 -2 
-18 3 -12 -6 1 -1 -4 -13 
-17 8 4 5 -1 -4 1 -14 
-4 -7 -35 -45 -5 3 0 0 
11 5 38 39 8 2 -3 21 
11 2 1 12 -2 -3 -2 -12 
10 1 -19 -11 -1 1 2 0 
4 -13 27 18 2 3 16 -28 
-22 -14 -25 -34 -6 -2 -4 -4 
15 -26 -32 4 -1 -2 -9 -3 
7 16 55 21 1 -2 -3 3 
-2 7 -2 -4 1 -2 -11 -6 
1 -28 -20 10 1 0 3 -4 
-14 -4 41 -1 -3 -3 2 1 
0 4 3 -16 -5 -4 -5 -3 
-5 -5 9 3 -2 -2 -5 -1 
-9 3 1 -9 -2 -3 -1 3 
12 14 -4 5 3 5 5 7 
-4 -28 -19 8 0 0 -1 3 
0 14 22 2 -9 4 10 14 
1 -5 -15 -9 3 -3 -6 -9 
5 20 19 8 2 -2 -1 3 
-9 -23 11 13 10 1 -4 -16 
-2 13 -2 -16 -10 -5 -8 -6 
2 -11 -52 7 5 1 3 5 
9 0 -19 -24 -13 -6 -4 1 
-5 1 -6 -35 -13 -7 -1 -1 
5 18 13 11 7 2 -2 0 
8 1 21 1 6 5 12 4 
-8 6 20 47 16 -4 -7 -10 
4 1 -31 -32 -20 3 3 3 
-4 -14 2 -15 -12 -3 -3 -3 
7 22 32 -2 -7 0 -4 -4 
1 -23 -38 2 6 -2 2 0 
-8 -13 18 22 5 0 -1 3 
-1 0 -16 -3 -2 -2 -11 -6 
-1 0 -2 -6 0 0 7 -3 
4 11 5 -1 -3 2 1 10 
-4 3 17 7 8 1 0 -3 
-9 -9 -20 -6 -9 3 0 -5 
-3 -16 -10 -5 -4 -4 -7 -4 
-2 -13 -12 -22 -1 1 -1 2 
-2 4 -11 19 2 -3 -2 -2 
4 -51 -53 -4 3 -1 2 4 
-10 18 47 14 -1 1 1 6 
-8 16 53 4 2 2 0 -11 
-1 1 -25 -10 -3 -4 -3 2 
-13 -12 -44 -31 -4 -3 3 -15 
7 10 -8 -13 -15 0 -6 0 
7 15 30 -3 2 -2 1 3 
2 16 32 22 4 2 4 0 
-1 -8 11 18 11 0 -4 0 
5 -7 -47 -15 -3 -1 2 1 
-11 -10 -20 12 -12 -4 5 -7 
3 -10 -3 -5 -3 -4 -11 6 
7 12 13 -12 -1 -5 -9 -5 
-8 -7 -9 -8 1 -1 10 5 
3 -4 -26 -19 -2 -3 -2 -3 
-4 -9 4 21 4 1 0 -4 
2 11 31 12 6 3 7 7 
2 6 26 -4 1 -2 -12 -4 
1 6 -21 -3 2 1 1 4 
-6 -11 10 12 -5 -3 0 -7 
-4 8 28 3 -2 -4 -4 -1 
-7 -11 -1 -1 3 -3 -4 -6 
-7 -22 -24 -23 -11 -4 -5 -8 
1 20 4 4 3 0 -1 -4 
-6 -11 -11 -11 -3 -2 -12 4 
3 5 13 12 -2 3 43 7 
-2 -2 -9 -17 0 0 -8 3 
7 4 10 -3 2 0 2 -12 
-6 -4 -33 4 0 -3 -2 4 
6 8 -23 -18 -2 -3 -14 -2 
-12 -15 26 34 1 -1 -11 -8 
-2 -12 1 -5 -2 0 -3 10 
-10 18 8 20 0 -1 14 -23 
2 2 -20 -58 -7 -3 -9 -6 
3 9 53 31 11 1 3 -4 
-4 -20 -46 4 -5 -4 -7 -1 
2 8 2 22 -9 -7 -4 2 
-4 -4 3 -11 -2 7 -1 0 
2 -3 -8 4 -12 -7 -6 -6 
-4 -11 -20 -43 8 1 1 3 
-5 -6 -7 18 -15 -1 2 -2 
5 7 0 46 18 -2 -5 2 
-3 -4 14 -3 -1 2 -2 -4 
3 3 -11 -47 -19 -10 -2 -4 
9 -5 -19 -24 3 0 5 7 
0 -8 22 23 1 -1 -10 -1 
-14 10 -29 -40 -9 -4 2 1 
1 -1 2 14 -3 -3 -1 -1 
14 4 16 -15 3 5 5 9 
-14 -7 0 -10 2 -1 -5 -8 
8 16 22 54 6 3 3 11 
6 1 -24 3 -5 0 10 7 
3 4 -1 -26 -8 2 3 1 
9 -18 -12 20 2 -4 -4 0 
3 -8 -29 -28 -1 3 3 2 
-8 -9 36 7 4 -3 -10 1 
1 -12 -14 8 4 1 -1 0 
-14 -13 17 20 -3 -8 -20 -11 
4 6 -19 -34 -7 6 15 -5 
8 10 18 19 3 -3 -10 3 
-8 2 -22 -28 1 -5 -6 -8 
-4 8 17 8 -1 0 0 -6 
-2 -1 -16 -16 -2 -6 -12 -3 
-9 -16 -7 15 3 1 3 2 
0 7 34 10 -1 -1 0 -2 
7 5 -10 -3 -2 -4 -15 1 
6 18 6 3 -2 -3 10 7 
-7 -9 -3 -14 -2 2 13 0 
-4 -2 -16 8 5 3 -3 2 
-16 -17 37 9 -6 -2 -1 -5 
2 2 11 -2 -1 -1 -8 -5 
-1 4 -16 -15 -4 0 -4 -2 
-6 -7 25 17 5 -1 3 0 
11 14 12 18 4 1 6 6 
-7 -19 -27 -37 -13 -5 -8 -8 
-9 -8 -14 -4 -8 -7 -3 -7 
0 -19 -24 -9 2 3 -7 -4 
1 -5 -28 -9 -5 -6 3 -8 
0 2 44 15 6 4 9 8 
-4 11 22 12 6 6 3 -1 
-7 -6 -3 -19 -8 -8 -6 -8 
0 -4 6 0 -4 -5 3 0 
2 10 -9 -5 2 0 -6 0 
2 -12 -18 1 -8 -8 -12 -10 
-2 1 -25 1 3 0 -5 3 
4 4 12 3 -2 -3 19 0 
-2 -9 -15 5 -4 -1 -6 -9 
7 14 -10 0 3 2 0 -1 
-7 -18 20 1 0 0 4 -2 
4 7 -6 -10 -1 1 -11 7 
-2 -19 -6 10 -4 -7 -3 -2 
5 15 19 14 7 2 2 -1 
0 0 -30 -30 -9 -2 2 0 
-10 -6 -10 -18 -6 0 0 -6 
-1 6 15 -9 6 2 2 2 
-1 -4 0 19 -4 -4 -5 -1 
11 24 47 39 5 1 -3 1 
-18 -9 -19 -8 -5 0 -2 -7 
-5 11 25 -11 -4 -2 2 -2 
-1 -6 -8 -13 -1 -1 3 3 
-1 -2 -18 12 2 -1 1 0 
5 5 -5 -11 -2 -1 -8 -1 
-2 2 -1 4 -1 -3 3 -1 
-4 -14 0 24 0 1 3 0 
2 1 11 -17 -5 2 2 -10 
3 3 -8 -22 -2 3 -6 1 
-7 -27 -27 -11 -8 -8 -7 -5 
2 11 0 -8 1 -2 -1 0 
-6 -7 4 7 2 1 9 4 
8 5 14 0 5 5 3 8 
-1 -13 -11 28 -1 -3 -11 -8 
-19 3 14 -13 -8 -2 0 -2 
-2 17 18 -3 -5 -5 -3 -5 
-4 -18 -30 -8 0 -2 -5 0 
3 9 -5 8 4 4 16 3 
5 -8 -5 -2 -1 -1 -7 -3 
-3 2 -9 -18 -3 0 2 4 
-6 2 -18 -2 0 -2 -4 -7 
5 12 -13 0 2 -1 -3 1 
0 -5 -6 -6 -3 -5 -2 -4 
3 -3 -4 -6 0 -2 -4 2 
4 15 16 26 -2 0 3 -2 
0 -8 -5 -20 -3 -1 -3 1 
1 10 5 -12 -3 1 15 10 
-5 -13 -26 -3 0 -4 -10 -4 
-1 3 45 24 1 -5 -8 -3 
0 0 11 5 0 4 4 2 
-5 -11 -4 -4 4 0 -2 -3 
-18 -41 -17 -27 -13 -6 -5 -14 
-4 2 -5 4 -1 -1 -1 -1 
0 -5 3 5 1 -2 -6 2 
2 7 -12 -21 -5 2 8 -4 
2 17 25 18 3 2 -8 1 
-1 -13 -11 -4 1 1 16 3 
4 -5 6 12 0 0 -11 3 
-2 -7 -35 -14 -1 1 -2 -3 
2 20 32 12 -5 -3 2 -1 
-3 -20 -26 -13 -6 -6 -12 -1 
-6 -20 -1 12 8 1 -3 -4 
10 17 17 16 3 2 3 4 
-8 -8 17 -20 -5 -2 -1 1 
-4 -6 -8 20 1 -2 1 -4 
-7 -4 9 -13 -5 -2 2 -8 
5 -3 -2 13 3 -3 -12 -4 
4 7 -11 2 2 1 8 2 
1 -1 9 -5 -2 4 4 3 
-1 6 -17 -6 0 0 4 0 
-8 -22 -1 -1 -2 -4 -10 -6 
-1 11 6 4 2 0 -4 1 
-2 -2 -26 -19 -8 -4 5 -1 
1 10 -3 -8 -2 -1 3 5 
0 -3 23 5 -1 -2 -1 -2 
1 4 1 15 5 3 -6 -4 
2 -7 -1 0 3 -2 -5 2 
1 6 7 5 -4 1 16 6 
1 0 -30 -7 -4 -3 -9 -3 
5 -5 19 10 -1 -1 1 -3 
1 8 13 -2 -2 1 -8 0 
-11 -12 -4 -18 -2 -5 -5 -6 
6 15 12 -6 -7 -1 4 2 
3 -10 -50 -23 -1 -4 0 1 
-5 -1 0 4 -5 0 -1 -3 
-1 5 6 -3 -2 -5 -10 -7 
0 1 -11 3 4 2 7 3 
2 0 6 3 -3 -1 -3 1 
3 3 3 1 0 -5 -5 3 
-8 -6 -30 -4 -2 2 2 -4 
-2 12 12 -14 -7 -3 -1 -12 
-2 -5 -13 6 1 -4 -2 2 
-8 0 19 9 0 0 2 -6 
4 3 5 3 0 0 -3 2 
-2 -7 -8 -9 -4 -4 -3 3 
3 5 5 -4 -2 1 -4 0 
-5 -5 -14 -13 -1 2 2 -4 
-1 10 23 19 3 3 0 1 
-9 -25 -9 -7 -3 -3 1 -2 
-13 7 10 7 -4 -3 7 -3 
0 -5 -3 -12 -2 -3 -13 -2 
4 6 -1 3 -1 -2 -3 -2 
-6 -10 -11 -7 0 5 2 5 
0 6 23 8 1 -2 1 -3 
1 6 -6 4 2 1 3 2 
-3 -6 -12 0 -2 -1 -3 -3 
0 -7 -5 5 2 -2 8 0 
-3 3 -10 -15 -9 -3 -5 -6 
-8 4 11 11 -4 -2 4 0 
2 -4 3 -8 -6 -4 -10 -3 
-6 5 8 2 -1 0 -2 -2 
-2 -8 -8 7 3 -2 -1 -1 
9 5 13 -7 2 1 2 -5 
-4 -4 -11 8 -2 -2 -5 -4 
-6 -20 -27 -24 -5 -3 -7 -6 
3 5 9 3 2 -2 3 -2 
7 3 7 5 -2 -1 -3 3 
0 -1 -7 -6 -2 -1 1 4 
2 11 14 12 4 -2 -4 -3 
0 0 5 10 4 1 -3 -1 
1 1 -5 -6 -2 2 3 2 
1 -18 -39 -6 -4 -4 -3 0 
-3 3 -4 -18 -8 -5 -5 -8 
-3 -2 -6 -8 -7 -5 -3 -4 
-6 -8 15 9 4 3 6 -3 
7 12 12 -3 -2 1 2 2 
0 -8 -14 8 -6 -7 -10 0 
4 10 1 13 3 4 7 1 
-2 -2 -30 -17 -1 0 -5 -5 
-1 -6 9 -3 -3 -2 2 -4 
-8 -11 -9 5 -2 -2 0 13 
-3 -10 -5 -17 -2 -3 2 -4 
4 -1 -12 5 4 -2 -4 0 
-3 -3 -6 -9 0 1 -3 -2 
5 13 14 15 5 3 4 -1 
-13 -3 6 9 1 -1 -12 -1 
-5 -8 -13 -7 -9 -1 3 -2 
-3 1 -3 -26 -10 -3 2 -4 
-1 2 25 16 2 2 -2 -7 
4 -2 -35 -5 -1 0 -1 3 
1 9 21 3 0 -3 -6 0 
-4 -8 -2 -3 -3 -6 -5 0 
-3 -5 -20 -9 -2 2 0 -2 
6 7 14 9 1 1 -12 1 
-8 -10 -10 -6 -5 -3 6 3 
-1 12 4 2 1 -1 -1 -2 
3 -2 11 -8 -2 -3 -2 0 
-4 -13 -19 -8 -6 -5 -4 -5 
-11 1 3 3 0 -2 -4 -2 
-1 -3 3 4 0 -2 -5 -1 
-1 0 -1 0 3 2 4 2 
2 -3 0 -3 -1 0 5 -1 
8 8 10 4 2 2 2 -4 
-11 -8 -14 -3 -1 -2 0 -7 
-3 8 5 11 0 -1 -3 1 
0 -13 5 -10 -3 0 1 -3 
0 -3 0 -16 -5 -1 -1 1 
-3 0 -18 3 0 -3 -3 -3 
1 -5 3 16 3 -1 1 -2 
7 12 3 -4 0 1 1 4 
-8 -15 -10 -13 -2 -1 -2 -1 
-4 -8 5 1 -2 -1 -5 -4 
2 7 -11 -2 0 -4 0 0 
2 11 3 6 0 0 0 0 
-1 -6 9 4 1 0 -2 -1 
-2 -4 -3 0 4 2 2 0 
5 25 10 -9 -1 0 -3 2 
-5 -22 -29 1 -3 -1 -1 -4 
1 11 16 8 -4 -3 1 3 
-3 -7 15 6 4 -2 -2 -1 
-3 12 1 -10 -9 -5 -2 -2 
-5 10 -6 -10 -3 -3 -2 -1 
-2 -4 -6 5 2 -1 -5 -2 
6 -2 -9 -9 -6 -3 -4 0 
-2 -10 12 -1 2 3 8 -1 
0 -2 -3 -4 -3 -1 4 3 
-2 -1 -14 4 2 -3 -3 -3 
2 2 12 1 0 0 2 2 
-2 -1 0 -3 -2 -3 -5 -6 
-5 -25 -11 -4 2 1 0 -1 
0 -2 4 -1 0 -2 -2 -1 
0 1 -19 1 -3 -2 2 1 
-2 -14 -6 -19 -5 -2 -2 -1 
-1 7 10 11 1 0 4 1 
-1 -6 1 -1 -5 -4 -9 -4 
4 4 3 0 0 1 -2 1 
-4 -7 2 -2 -4 0 2 0 
-6 -3 -10 -1 -4 -4 -18 -6 
2 9 -1 10 2 4 10 -3 
3 12 10 -14 -7 -3 -3 3 
-8 -12 -11 0 -5 -4 -2 -3 
3 6 7 -4 -2 -3 -3 -1 
-4 3 -9 -11 -3 -1 -4 1 
2 6 13 13 4 0 -1 -2 
-2 -8 11 7 4 -2 -3 -2 
7 -2 -10 6 4 -1 -11 6 
-4 3 -15 -6 -7 -2 5 -11 
-4 -12 -8 -23 -3 -3 -3 0 
5 -1 -20 -16 -5 -3 -4 -1 
1 10 25 20 1 -1 1 -3 
-3 -21 -30 4 -1 -1 -4 -1 
-10 0 6 7 0 0 1 -1 
3 7 -1 0 -3 -5 -2 -3 
-1 9 14 0 -1 0 5 1 
3 -12 3 -1 3 3 5 6 
2 0 -2 -13 -7 -5 -1 -4 
-3 -14 -44 2 1 3 -1 -2 
-9 6 -2 6 5 -3 -1 -4 
1 5 14 -9 -4 -1 0 4 
0 2 -1 1 1 0 -4 1 
2 8 14 11 1 -3 -1 1 
0 -8 -4 2 -5 1 3 0 
-6 -5 -2 -14 -1 1 -3 -4 
-3 -12 -18 -14 -4 -7 -10 -1 
0 2 3 4 -3 -1 3 -5 
7 0 -5 -1 1 1 2 4 
-12 5 21 9 -2 -2 -2 1 
0 -3 8 13 5 4 2 -1 
0 -7 0 7 1 0 0 0 
4 -4 -9 -35 -11 -7 -8 -2 
4 2 -18 2 1 -1 4 0 
4 0 21 6 -4 1 8 0 
-5 -11 -10 -3 1 0 -1 1 
1 14 6 -4 4 2 5 2 
2 -3 2 1 -2 -5 -11 -3 
-5 -19 -24 -10 0 -3 3 -2 
2 4 24 -5 -2 -2 -7 1 
-5 -8 -5 1 -3 -5 -3 -4 
1 13 6 6 3 0 -1 -1 
0 2 8 13 4 0 3 -1 
2 3 0 0 -1 1 0 1 
-4 -12 16 -3 -8 0 2 0 
1 -1 -8 7 2 -1 -5 2 
2 12 15 -5 -5 -2 -3 1 
-11 -2 -4 -8 -2 -2 -1 -2 
-3 -4 -15 -14 -1 -4 -5 -4 
1 -3 5 -3 -4 1 7 2 
11 -1 -14 6 0 -1 4 2 
-2 7 3 2 3 2 -9 -10 
-4 -3 4 1 -1 -2 -2 -4 
1 -3 -11 -16 -4 -4 -7 -1 
-7 0 -11 -5 -1 0 -1 -5 
1 -7 14 17 1 -2 0 5 
-1 -3 -16 1 0 4 5 1 
0 1 0 5 -3 0 6 -3 
-2 5 -6 -6 0 -1 -6 0 
1 8 3 -8 -2 -2 2 4 
-9 -10 -15 2 -1 0 -7 -7 
-3 1 16 3 1 -1 1 2 
-1 -2 -6 0 -4 -3 -3 -1 
-8 2 13 5 1 0 -6 -6 
0 -13 -44 -18 -4 -2 9 6 
0 6 26 19 3 1 -1 -4 
-6 -13 -26 -22 -9 -3 -1 0 
7 6 -31 -13 -3 -3 1 2 
2 5 11 7 0 -1 -6 -5 
4 27 10 3 4 0 -4 1 
-4 -14 22 15 1 0 -4 -3 
0 -10 -8 6 -1 1 4 1 
-2 -4 7 -3 0 0 -2 -2 
0 -2 -7 -5 -3 -3 0 -1 
-2 5 1 -5 -1 0 0 -4 
-1 2 -8 -10 -5 -3 0 1 
-2 4 16 9 4 0 -1 6 
0 -13 -26 -15 -7 -1 -1 -9 
-3 4 -1 5 -2 -1 -3 -5 
0 -9 -1 -3 -3 -3 -3 -2 
3 4 -2 -3 0 1 6 4 
-3 -14 -1 3 -2 -1 -2 3 
2 6 0 5 3 -3 3 2 
-6 -12 7 -11 -3 -3 -1 -1 
-3 -1 -2 4 -5 -3 -6 -7 
-3 -9 -17 -9 -3 1 -2 -1 
-10 -16 -16 2 -4 -5 -4 -5 
2 11 24 15 8 3 2 2 
-1 -22 -33 -26 -9 -4 -6 -3 
0 5 27 6 1 -1 5 0 
-2 3 3 4 1 -2 -11 -1 
-2 -1 4 5 -1 1 -3 -5 
-1 6 12 -11 1 -3 1 2 
0 -12 -16 -7 2 3 -2 0 
9 1 -5 -4 -3 -4 0 2 
-8 -7 -30 0 -3 -2 2 -3 
0 14 40 17 2 2 -3 -6 
-2 -2 -9 -7 -5 -3 0 1 
2 4 12 -9 -2 0 0 -2 
5 -3 -5 2 -1 0 2 3 
1 9 13 9 0 0 1 -4 
2 13 -3 5 -2 -2 2 4 
