#EMG
#8
#ID:8-0
0 -1 -1 6 -1 -3 -1 -2 
-2 -1 -1 -4 1 -1 -1 -2 
-1 -1 1 -3 -2 -1 -1 -1 
-1 -2 -3 -2 -2 -1 -1 -2 
-1 -5 -1 -2 -2 1 -1 0 
-2 -1 1 2 -3 -3 1 -1 
0 -3 1 1 1 -1 0 -1 
-1 8 -5 1 -1 0 -4 -2 
-2 -8 3 -5 1 -2 1 1 
0 0 -1 1 -4 -1 -2 0 
1 1 -2 -7 0 0 -1 1 
0 2 -3 0 -3 -3 -1 0 
-1 -2 -5 0 1 0 -1 -1 
-1 1 -2 2 0 -1 -3 0 
-1 -1 -2 1 -2 -3 1 -1 
-3 -7 3 -3 -3 -3 -1 -1 
2 2 0 5 2 0 0 1 
-2 -3 -1 -7 -1 1 2 -1 
-1 4 -2 -4 0 0 -3 -3 
-2 -2 2 3 3 0 1 -2 
0 1 -5 -5 -4 -1 -1 -2 
0 1 -1 2 0 -3 -1 -1 
-3 0 1 4 1 -2 0 0 
-1 0 1 -7 -5 -1 -4 -2 
-4 -2 -1 5 3 0 -1 -3 
-1 -3 -2 -5 -2 -1 0 0 
0 -3 -2 -3 -1 -1 -2 1 
-2 -1 0 -1 -1 -3 -1 0 
-2 0 0 2 -5 -2 -1 -2 
0 3 -1 -2 3 -1 -1 -3 
-3 -13 2 -5 -6 -1 -1 -3 
-3 -4 3 2 5 1 0 -1 
-1 2 -3 -4 0 0 -1 -1 
0 -4 -4 0 -1 -1 -2 0 
3 7 -4 1 -2 -2 -1 -1 
-1 -6 3 -1 -2 -1 1 2 
-2 1 0 0 -2 -2 0 -3 
1 -2 1 1 -3 0 -1 1 
-1 0 -4 0 2 -2 -3 -4 
0 -2 -3 1 -2 -1 1 -2 
0 2 1 -6 0 -2 -1 1 
0 3 0 0 -4 -4 -1 -1 
-1 1 -2 1 -3 0 -1 1 
-1 1 -2 -3 0 0 -2 -1 
0 -4 -2 1 0 -2 -1 -2 
-1 2 1 0 0 -2 0 -1 
-2 -7 2 -1 -5 -1 -1 -1 
0 1 -5 -6 0 -1 -1 1 
-4 -5 -5 -6 -5 -2 -2 -2 
-1 -1 -1 -1 -2 -1 -1 -1 
0 1 -2 -1 2 0 -2 0 
0 5 -2 -1 -4 -4 -1 -1 
-3 -9 4 0 -4 -2 0 -1 
-1 -2 -7 -6 0 0 -1 -1 
-3 -2 0 0 -2 -1 -2 -2 
-2 -11 5 2 -1 2 0 0 
1 5 -1 -3 -1 -2 -3 0 
-3 -2 -1 6 1 1 0 -2 
0 -1 -2 -1 -1 -1 -1 -1 
0 -6 -5 0 -2 0 -3 -2 
1 1 -1 3 3 0 -1 -1 
-3 -1 1 -3 -1 0 -2 0 
-3 -6 -6 -5 -1 -4 -2 -3 
-1 4 -3 1 -3 -2 -1 -2 
-1 0 1 -6 -3 0 0 -1 
0 0 -3 -1 1 -3 -2 -3 
-2 -1 0 -1 -2 -2 0 0 
-1 0 -3 4 -1 -3 -3 -3 
-1 -4 -1 -5 -4 -1 1 -2 
0 -1 -1 -6 0 1 -1 -1 
1 -1 -4 -1 -2 -2 -1 -2 
-1 4 4 -1 0 0 -1 1 
-5 -4 1 0 0 0 -2 -1 
-1 -4 -2 -3 0 0 -1 -1 
-2 -4 1 1 -1 -2 -2 -2 
0 -2 -3 -1 0 0 -2 0 
-3 -1 -3 6 -1 -2 1 -1 
0 -1 -6 -6 -2 0 -1 0 
-3 -5 2 -5 -3 -1 -2 -2 
1 2 -6 -2 0 -1 -2 -1 
2 0 -5 -1 -2 -1 -3 -2 
-2 0 0 4 -5 -4 -3 -3 
0 1 -3 -1 0 -1 -1 0 
-2 -3 -2 -7 -2 0 1 -1 
1 -3 -3 0 2 -2 -2 0 
-3 3 -1 -1 -2 -2 0 -1 
-3 -6 5 7 3 2 2 2 
1 -3 -1 -7 -4 -2 -1 -2 
-6 -1 -5 -11 -6 -3 -2 -3 
1 -2 -2 7 4 -2 0 -2 
-1 2 -1 -1 -1 -1 0 -1 
-2 -6 5 11 2 0 0 1 
2 3 -1 -4 -2 -3 -4 -3 
0 -6 3 4 -2 -1 0 -1 
-7 -4 3 -8 -4 -3 0 -4 
3 3 -4 -2 -1 -3 0 8 
-4 -4 -13 -16 0 0 0 -11 
-4 1 -3 -20 2 1 0 -2 
-3 4 35 64 0 -3 -4 -4 
7 1 -12 -9 6 3 4 -6 
3 0 -3 5 -13 -5 2 7 
7 7 3 -17 -7 -3 -5 -4 
-15 -7 -12 -8 0 -2 -1 -15 
12 4 21 9 1 1 4 40 
-20 -4 -2 -6 -7 -5 -8 -41 
-6 -16 -9 8 6 3 -2 -5 
1 7 3 24 -3 -2 1 -13 
4 -16 -13 -30 -10 -8 -8 -11 
10 1 -2 1 6 2 3 27 
-14 2 -2 -23 -6 -3 -7 4 
7 2 -8 -8 6 6 -2 -13 
-2 5 -6 8 -1 0 14 -2 
8 -1 11 4 2 3 4 12 
3 -3 -15 -5 -5 -8 -11 1 
5 2 -6 -8 1 2 6 17 
-2 1 -9 -7 -2 -3 -5 -6 
1 0 7 12 5 2 0 1 
2 2 5 12 4 0 3 2 
-6 -9 -2 -22 -9 -6 -9 -3 
-6 -9 5 6 -5 -4 -4 -7 
-6 3 -19 -11 -5 -5 -9 -16 
-1 -3 9 5 5 -2 1 -5 
5 -1 -6 -15 -5 -1 0 10 
-5 9 -2 -15 -1 2 -2 -11 
-3 -9 12 14 3 -2 -1 7 
-1 3 9 30 -4 0 3 -2 
2 6 -9 -6 -4 -3 2 4 
-6 -2 -2 11 7 4 -1 -2 
-1 -1 10 -13 -7 -1 0 1 
-1 2 9 4 -1 -2 2 -1 
2 2 9 0 4 2 -2 3 
-2 -7 -22 -5 -3 -4 -4 1 
1 1 -5 -10 -3 0 1 1 
1 -3 5 14 0 4 7 5 
-7 1 -22 -7 -2 -5 -7 -7 
-1 5 28 -8 0 -4 -6 1 
2 3 13 32 1 2 7 1 
-8 -6 0 -19 -7 -3 -5 -10 
0 4 -10 -11 4 1 -1 2 
-7 -4 -10 -12 -4 -3 -1 -8 
7 -1 -11 18 4 0 0 0 
-1 -11 7 2 -2 1 -2 9 
-10 -6 -2 -2 -5 -5 -7 -21 
-7 7 3 4 4 -1 2 -4 
5 1 -5 -13 0 1 1 4 
-4 1 -27 -9 -4 0 -1 -6 
5 -3 12 -5 -3 -3 -1 10 
-6 -8 5 10 -2 -1 -8 -16 
-3 4 -2 -8 -2 -2 -5 -6 
-4 -6 -2 -6 -1 -1 6 5 
1 -6 -8 0 -2 -2 -5 1 
-5 -4 -6 -2 -7 -5 -9 9 
2 3 6 -1 1 -1 6 4 
4 12 -1 1 0 -1 -8 -6 
-1 -6 -4 5 11 3 -3 -4 
-4 -25 12 -5 -7 -1 2 3 
-7 -5 2 -11 -3 -3 -3 0 
7 9 -7 -3 1 1 3 5 
7 4 0 12 -1 -2 2 5 
-1 6 -8 7 1 -4 -5 -11 
1 2 -7 -5 -2 -2 -4 4 
0 -2 -2 -7 -2 -2 4 -9 
-1 6 -3 -8 -3 -5 -11 -2 
0 2 -3 3 1 6 10 -6 
-9 -4 7 1 3 1 7 5 
4 -1 -25 2 -1 -2 -7 3 
10 -16 18 10 -5 -2 -4 9 
0 3 5 -17 -8 -5 2 -3 
-14 -5 -3 -21 -4 0 -10 -14 
4 -5 9 17 6 4 6 -1 
-13 8 -14 -24 -3 1 3 3 
-5 -3 2 19 -4 -6 -8 -8 
4 14 21 21 5 2 -2 -7 
-2 -20 -11 -15 -6 -2 -10 -5 
8 11 -28 -20 1 1 6 14 
-2 -5 19 7 4 2 6 -2 
6 -11 -16 1 -2 -2 -10 1 
-11 0 15 7 -6 -7 -14 -19 
-1 -11 -12 -9 2 1 3 -9 
0 15 -13 -12 -3 1 20 9 
5 -8 -6 10 -2 -3 -17 -8 
-12 0 2 -17 -5 0 10 3 
10 3 4 -1 0 4 -2 4 
3 0 -6 7 4 2 2 8 
-5 -8 3 7 1 -5 5 -8 
0 3 3 6 0 1 -1 16 
-12 -8 -6 -14 -6 -5 -7 -11 
-1 -9 13 -3 1 0 -8 -3 
2 3 -16 11 5 4 -1 1 
3 9 -1 -24 -4 -4 -1 -3 
-9 -28 1 13 -2 0 7 -10 
12 4 4 -2 2 1 -5 3 
-2 9 -6 -18 -5 -5 -16 -6 
0 -3 10 16 3 0 9 5 
-7 -23 -19 16 2 2 21 -6 
-10 -31 -43 -18 -6 -3 -11 2 
5 13 27 12 4 6 -11 4 
3 -1 1 0 -1 -4 -12 6 
-27 -7 -5 -6 -3 -7 -9 -22 
5 18 7 -2 -2 -4 -2 9 
10 -7 -7 -14 -1 -1 -17 -4 
6 3 8 6 3 7 36 20 
5 20 -14 -8 -7 -5 -3 6 
-1 5 -6 10 -1 2 23 7 
-5 4 12 -3 -6 -6 -28 -4 
5 -16 -14 2 4 0 -11 -12 
8 16 14 1 -3 -3 18 20 
-4 -12 -9 -5 0 8 -12 2 
-8 0 -28 -28 -9 -9 9 0 
-3 2 4 13 4 -4 -27 -20 
5 -6 -5 3 5 1 -16 14 
-4 4 35 -20 -9 -10 -10 -25 
-13 -19 -30 -4 -8 -8 -7 -29 
-3 -3 -3 -13 -3 6 40 36 
1 8 8 16 2 5 -1 2 
8 8 37 52 8 5 -9 7 
-5 9 10 -16 -2 -3 12 -6 
-9 6 -24 -33 -9 -4 -9 -18 
6 12 18 0 1 -4 -29 -11 
-13 -19 -10 5 0 -8 -15 -13 
4 -7 3 10 4 8 75 46 
0 -3 5 6 -4 -4 10 -3 
1 0 26 6 2 6 -1 4 
3 8 -19 -2 3 3 -30 -30 
-6 0 16 -1 -7 -8 -8 16 
-9 -9 3 7 -1 -1 -5 1 
2 -13 -32 4 -1 3 27 16 
0 13 6 -37 -9 -10 -8 -12 
4 13 17 8 0 3 -8 -3 
2 10 21 11 2 0 -20 -3 
4 -18 4 -4 2 -4 -5 -6 
0 6 26 12 2 1 20 26 
4 -7 -18 1 -2 3 -3 -4 
-26 -8 3 4 1 -3 -9 -24 
16 23 34 4 -6 -5 -2 0 
-6 -22 -34 -11 -1 -3 2 -5 
-5 -27 -17 -15 -6 0 -8 -12 
3 -24 -29 8 0 -9 -7 0 
6 36 29 -4 -2 3 3 1 
8 17 -1 3 5 -5 -6 9 
11 28 21 2 7 12 22 10 
7 18 -25 7 -2 4 2 -1 
-19 -1 1 -9 -4 -13 -18 -16 
9 -22 -24 -12 -4 -2 2 -3 
-10 -14 -13 11 0 3 6 -2 
9 -4 29 -3 1 5 5 12 
14 18 -16 0 -4 -3 4 4 
-24 -27 -2 -16 -6 -5 -7 -14 
-7 -41 -31 -13 1 -1 -14 -6 
7 19 -11 -7 5 1 16 19 
-13 -22 -41 -1 -1 -3 -8 -8 
4 4 44 18 3 -2 8 -2 
-14 -27 -21 2 -5 -2 -3 -1 
-9 28 10 -24 -18 -11 -24 -13 
10 6 -19 1 5 8 20 4 
4 20 9 -7 -5 -3 -1 7 
-13 26 23 0 2 1 3 -12 
5 -13 11 25 9 -2 -18 -8 
-7 -4 -30 -33 -7 -4 6 4 
-3 2 -10 7 2 10 19 8 
10 -12 -1 -3 -7 -14 -11 -11 
1 -3 -9 -18 1 4 -2 -2 
-7 5 50 46 4 0 -9 -9 
-4 -18 -44 -21 -6 -2 -6 -2 
-4 14 11 -3 -2 -5 16 -22 
-6 -10 -33 -14 -1 0 -4 -4 
-6 -12 19 1 -4 0 -4 10 
-7 -7 -23 -5 -7 -2 0 -4 
-2 1 -21 -8 -8 -7 -18 -10 
-1 -17 4 -3 -5 -10 -9 -9 
4 -10 -6 -1 5 0 -1 -3 
4 16 -24 -5 -1 -8 -25 -3 
5 6 22 4 5 16 22 5 
2 -5 -1 3 -1 -6 -2 0 
-2 30 45 5 -1 1 7 8 
2 2 -28 7 -3 -3 -9 3 
-9 -4 -7 -10 -5 -7 -21 -9 
-6 -21 10 2 -4 -6 -1 -2 
-6 -17 -20 -15 -6 -2 -5 8 
11 19 36 10 4 8 22 5 
4 2 -10 -2 4 7 13 13 
4 -1 -13 1 1 11 6 4 
0 -13 -17 -9 -8 -14 -20 -13 
2 18 31 1 -2 -6 -4 3 
-1 0 -11 11 4 -3 -15 -3 
7 3 25 2 0 3 31 -1 
-9 -13 -15 -4 -1 -3 -22 -23 
1 13 -11 13 3 4 10 8 
4 -5 15 4 4 -6 -23 -8 
3 6 -2 -8 -4 -3 4 11 
-3 -3 -13 -10 -6 -1 8 -6 
0 -7 -7 7 9 5 -5 -7 
0 -2 0 -4 -3 -4 -17 -6 
-5 -20 -14 3 -4 3 5 5 
4 26 12 -11 0 0 19 10 
-9 -15 -7 13 -3 -2 -3 -9 
3 5 13 4 -5 -3 -3 2 
-10 -3 -13 -24 -10 -6 -37 -34 
-3 -10 -18 -10 1 4 49 -4 
6 4 -4 3 6 1 -8 8 
-5 -1 13 21 11 5 18 14 
3 -4 4 -12 -3 -3 -18 -4 
-16 -33 -11 -3 -12 -8 -15 -4 
-11 -5 20 12 -4 -5 -1 -13 
11 -8 -56 -39 -7 4 20 23 
18 25 17 1 5 3 11 20 
-3 4 -21 7 9 0 -24 -12 
-6 -3 20 7 0 -1 7 9 
-10 -1 -15 -47 -23 -17 -27 -7 
-4 -3 -10 25 -3 -4 11 1 
1 -15 -21 -6 -5 -3 2 8 
-1 18 49 20 7 8 -5 -20 
-12 -14 -21 -34 4 -3 3 3 
10 31 4 -13 -3 0 -1 -14 
-9 -11 44 22 7 2 -15 -1 
1 9 -15 6 8 5 17 11 
-7 9 75 47 3 -1 5 2 
-13 -49 -61 -31 -10 -3 -2 -3 
12 21 23 5 1 2 0 -2 
-7 -22 -29 -55 -20 -8 -12 -12 
15 35 -3 20 6 5 -5 15 
-8 -11 19 21 5 -6 3 -20 
12 35 -19 3 -2 -1 -2 5 
7 33 -44 -27 -6 -6 6 -4 
4 -18 -6 24 -1 -1 -7 -14 
-22 -15 10 5 -4 -3 -8 -3 
1 4 -12 -19 -5 -5 -10 -11 
-3 -23 25 11 4 -5 7 -9 
-16 -25 -4 16 0 4 -8 -8 
5 0 -17 -25 0 1 -1 -3 
-1 -23 -4 4 -10 -8 -6 -8 
14 -14 -60 -11 2 5 0 26 
4 -1 40 6 8 -4 3 -2 
-4 26 43 24 -5 0 -19 -14 
-1 24 7 -6 -5 1 -2 31 
-3 19 19 -11 -2 -1 29 7 
-6 -11 -14 18 5 -2 -6 -16 
0 -3 -32 -31 -3 -1 -3 8 
-6 -17 -26 -20 -8 -3 -4 4 
1 -21 1 2 -3 1 -4 -8 
8 28 15 -1 5 5 20 8 
-22 16 -12 7 7 5 8 -2 
-13 -27 33 47 7 -2 -7 -7 
-3 1 26 -5 -14 -6 -11 1 
2 9 -9 -8 -8 -2 8 2 
9 -2 10 -6 4 2 -6 0 
3 12 -8 -38 -3 -4 5 -10 
23 29 8 37 9 5 2 44 
-8 -4 -32 -45 -9 -5 1 -45 
1 9 16 31 7 -8 -31 -20 
3 3 -19 -21 -2 9 29 -1 
-15 -16 5 -5 -4 -5 11 11 
12 0 -3 11 -1 -4 -12 28 
3 9 9 16 3 2 18 23 
-10 -20 -30 -30 -7 -8 -29 -28 
3 10 -20 2 1 -2 -18 -17 
-9 -13 2 -15 -4 -3 -24 -3 
-6 -3 9 4 -4 -4 35 14 
15 3 32 19 3 6 8 42 
-13 -9 1 16 8 3 3 -26 
0 -9 -13 11 1 -2 0 -2 
2 -21 -15 -32 -19 -9 -7 -24 
0 2 -8 -42 -7 -5 -18 -3 
-3 -2 -9 -11 -3 -5 2 0 
-21 -3 37 28 15 9 -2 -2 
1 16 -55 -12 7 7 8 20 
-19 -47 -18 33 -2 -2 -4 -23 
-4 -7 24 -44 -18 -13 -27 -24 
1 4 6 1 -4 -3 32 8 
-1 -1 6 -1 0 5 15 9 
0 12 5 9 11 -1 -12 4 
-2 4 2 13 2 1 -5 -5 
4 7 -2 -13 -9 -4 1 -3 
7 1 0 -5 -4 -7 -6 11 
-3 1 -3 10 -1 -5 3 -14 
-2 -5 2 -2 7 3 -8 0 
1 -18 -14 5 -8 1 -4 0 
5 20 34 -6 5 4 5 6 
7 -12 -21 29 2 -3 -14 -5 
-13 -39 -27 -42 -7 -1 8 -1 
3 21 26 5 -8 -8 2 14 
-12 -11 -11 -7 -14 -12 -34 -53 
9 12 26 -2 8 5 16 4 
-3 17 22 32 14 -2 3 5 
6 -26 -37 -7 3 3 -7 -4 
-28 -22 40 19 -5 11 5 -3 
1 23 40 50 -4 -2 12 6 
1 -16 -46 -9 11 5 -2 -5 
-15 -38 -16 -69 -22 -16 -13 -12 
8 -14 -10 -12 -15 -8 -1 14 
-8 -2 -3 -23 -6 -3 -1 -5 
6 25 18 -2 -2 1 0 2 
10 14 -7 17 8 6 5 0 
-4 -12 -18 4 6 3 -1 -1 
-13 -1 16 7 -3 -7 -5 -9 
18 -12 -23 2 -9 -8 -9 27 
-14 -1 -25 -4 3 6 25 -15 
8 -7 -2 4 6 4 -7 10 
7 3 17 20 1 -2 -10 -13 
-3 -2 -7 -21 -8 -4 -1 -11 
2 12 15 44 6 2 1 6 
4 7 -1 -34 -5 -5 -7 5 
-17 -8 8 -29 -10 -2 10 4 
-4 -22 -27 -9 -10 1 -1 -9 
6 28 36 9 13 -2 -2 6 
9 12 7 32 4 -4 -4 -2 
1 -14 -18 -32 -3 3 4 5 
-12 -21 4 29 -3 -2 -3 -13 
17 23 10 0 -2 0 -8 -8 
-1 8 16 19 1 -2 1 -2 
-3 -8 -56 -34 -1 -1 -6 -9 
-3 -4 12 1 0 4 1 8 
1 -2 -19 1 -1 -2 2 13 
0 26 41 16 3 -2 -8 -7 
2 -5 1 -10 -8 -4 10 10 
-3 20 12 7 4 -1 -5 -7 
-2 -11 -27 -23 -3 1 -7 -4 
3 -5 -7 -19 1 -2 -3 1 
-2 6 45 34 5 0 -3 11 
0 14 4 -2 -2 0 10 -8 
4 -2 -24 -22 -4 -1 -15 2 
-4 -9 14 24 5 -1 4 18 
-3 -1 -16 -5 3 4 6 -22 
-10 2 15 5 -4 -7 -11 -28 
7 -6 -3 -1 -3 2 9 17 
-8 -10 -17 -1 1 0 -13 -27 
5 -2 8 -12 -1 0 9 27 
-23 -16 -14 -5 -7 -4 9 -28 
16 15 14 -13 -3 -6 -13 17 
0 -4 -23 16 3 -1 -2 -3 
5 -1 -2 17 0 -1 3 15 
0 -11 -10 -11 -5 -2 -4 3 
-5 -2 -2 -4 -2 -1 2 -4 
6 -6 -3 -13 -2 0 2 -2 
-1 15 -2 6 11 9 0 -4 
3 -4 -5 5 -4 -4 3 19 
0 14 48 30 4 -2 7 0 
0 -14 -32 -20 -9 -3 -1 -6 
1 13 -2 -22 -4 -4 -7 -14 
2 -1 7 6 2 0 -3 8 
-12 -8 -23 -17 0 -4 -7 -7 
-5 -7 19 33 -3 -3 7 -4 
6 -4 -11 -14 -4 0 -4 0 
-2 4 3 2 1 -5 -16 -1 
-15 -13 6 6 -7 -5 3 -8 
3 3 -8 -6 2 0 0 -6 
-6 -6 -10 -7 -2 0 -1 -7 
9 6 -8 -4 0 -5 -5 3 
-6 -8 -9 2 -2 -2 -3 -5 
-1 7 -1 -8 -2 -2 -1 2 
-3 -4 11 4 -1 1 -9 -11 
11 4 -7 -3 1 -1 7 25 
-8 -5 -14 -4 -3 0 -2 -29 
1 1 5 -24 0 2 2 8 
1 -6 -16 20 -1 -5 -7 -8 
-1 -4 11 18 4 4 1 -6 
0 -4 -24 -10 0 0 0 13 
-4 3 21 11 -1 -4 -1 -3 
-1 -3 -10 -10 1 1 0 1 
-2 -6 -12 -8 -6 -3 -1 7 
1 -1 9 11 1 1 2 1 
1 1 -8 -12 0 -2 -5 -7 
0 -6 3 -26 -2 0 10 6 
-1 -4 1 8 1 2 -10 2 
-5 -1 -10 1 0 -1 3 -21 
2 -5 1 10 -2 -2 1 5 
-5 -9 8 8 -5 -3 -5 -4 
-6 4 -6 -25 -6 0 0 -15 
2 -3 10 3 2 -2 -5 11 
-5 2 4 13 4 -1 2 -13 
5 -8 -15 -4 -7 -7 0 -3 
2 5 4 -9 0 4 -5 -1 
10 4 0 5 -1 -1 -4 6 
1 -7 -13 -16 -8 -5 -2 9 
-4 5 3 8 1 1 3 3 
-7 -3 -4 -18 -4 -7 -5 -17 
-2 1 15 5 -1 -2 -7 -4 
-1 0 -10 -14 -3 0 10 13 
-2 8 1 12 3 0 -2 0 
3 -5 -2 -2 0 2 7 1 
-6 -1 1 3 1 4 -6 -6 
-3 -3 0 12 -5 -6 -2 -1 
1 -3 3 -15 -2 -1 0 7 
3 2 13 15 2 0 2 0 
1 1 3 -15 1 0 2 4 
-2 -5 -15 -9 -2 0 -2 2 
-5 -5 -2 -10 -5 -5 -8 -14 
-3 2 3 12 0 1 -2 -9 
-2 -5 -2 9 -1 1 4 -2 
1 4 -8 4 6 1 -1 10 
0 1 -3 4 -4 -3 -3 -2 
0 -1 -9 -35 -4 -1 1 -6 
-7 -11 -6 3 -3 -2 -3 0 
-6 -5 15 -2 -1 0 -2 -9 
0 3 7 18 6 0 -1 7 
8 8 2 18 5 3 5 2 
-11 -11 -18 -30 -8 -5 -2 -8 
2 -4 -17 -16 -6 0 1 7 
-6 -4 2 12 0 -2 -6 -12 
-5 -6 5 5 -1 0 1 3 
4 10 12 11 5 2 1 3 
-2 -4 0 -1 1 4 2 -2 
0 2 -2 -13 -3 -3 -4 -3 
-2 -6 -6 4 1 -2 -1 9 
0 3 -10 -4 -6 -4 -3 -5 
-1 -4 11 9 0 -4 -3 0 
1 0 -17 -12 0 -1 -3 1 
-2 4 1 1 0 0 6 7 
-5 -1 6 7 0 1 3 6 
4 8 2 0 -2 -4 -11 -9 
-3 1 -5 -18 -6 -2 0 -4 
-2 -1 -10 -13 -1 -2 -2 1 
0 -1 8 11 0 -2 -5 -2 
0 0 6 5 4 1 3 2 
-5 -6 -9 -14 -4 -3 0 0 
1 0 -2 4 -3 -5 -7 -2 
0 1 17 11 7 3 4 3 
-3 -10 -17 -14 -5 -1 -5 -5 
3 -1 0 -9 -4 -4 1 7 
-9 -1 12 13 -2 -1 1 -2 
3 3 -4 -4 -2 -4 -3 -2 
-4 2 8 14 3 3 2 -3 
-5 0 8 2 1 0 -1 -5 
0 -2 -30 -10 -4 -2 3 2 
-3 -5 -4 -5 -4 -3 -5 -12 
2 3 -3 -8 -4 -4 -1 8 
5 3 6 10 1 1 -4 -2 
-2 -3 12 11 1 -3 -3 1 
1 0 -12 -12 -6 -3 -3 1 
0 -2 -12 -19 -1 0 2 -3 
0 4 3 19 4 0 -2 -5 
-2 -7 22 -2 -2 -1 -4 -1 
-3 3 -8 -7 -4 0 4 1 
2 -1 -15 -18 -4 -3 0 2 
2 1 0 8 6 3 4 6 
4 0 -5 4 1 1 -4 -2 
-13 -12 0 -6 4 2 2 -12 
-7 -5 13 18 -3 -4 -5 -3 
0 -6 1 -13 -11 -5 -2 2 
-2 0 -8 -9 -4 -3 -3 -6 
3 1 1 4 1 0 -2 1 
3 3 -3 4 3 0 1 1 
-3 -4 -4 1 1 1 0 -5 
0 3 5 5 1 0 -2 0 
0 -6 -11 -4 -4 -5 -3 0 
0 -6 -24 -21 -8 -4 -3 -4 
-4 -2 -3 1 1 1 3 5 
-3 -3 0 -2 2 1 -1 1 
-1 3 5 5 0 0 -3 1 
-3 0 2 10 3 -1 -1 -4 
1 3 -7 -2 1 0 -7 -1 
0 -2 1 -10 -6 -1 9 8 
-4 -3 1 0 0 0 -3 -7 
-3 -6 3 -7 -4 -2 -5 -3 
2 1 -6 4 1 -3 0 3 
-3 4 12 13 3 0 -4 -6 
10 4 2 -2 -3 -3 0 8 
-4 -7 -9 -15 -4 -3 -4 -14 
-7 2 7 5 -2 -2 -2 -3 
-1 -4 -14 -11 -3 0 1 3 
4 -1 -2 -6 -3 -1 -1 -3 
-2 7 13 14 5 2 2 3 
-4 -1 4 -1 -3 -3 -1 -3 
1 -1 -8 12 2 -3 -3 -1 
-4 -7 0 -5 -3 0 4 -7 
-5 -7 -18 -26 -8 -7 -4 -6 
0 -3 -4 -13 -3 -3 -4 -2 
-2 -1 -4 -1 -3 -3 -6 -2 
-1 1 -7 9 -1 0 4 6 
1 1 8 12 1 -1 -1 -3 
4 -1 3 2 1 1 5 3 
-1 0 1 7 4 -1 -5 -10 
-3 7 2 -10 0 2 0 5 
1 -17 -1 9 2 0 1 0 
-5 -2 0 -2 -7 -3 -3 -7 
3 -4 1 -7 -3 1 1 2 
-2 -2 10 4 -1 -2 1 1 
2 8 1 3 2 0 -2 1 
2 0 -2 16 4 2 3 -1 
0 2 4 5 1 -1 -2 -4 
-2 -5 -17 -34 -10 -4 -4 -1 
-6 -6 -23 -10 -4 -2 -1 -6 
-1 -1 5 -8 -4 -1 -3 -4 
-4 -2 -7 -12 -7 -2 -4 -4 
2 0 4 10 3 -2 -1 4 
1 4 9 7 0 -1 3 3 
-3 -5 -6 4 2 1 -2 3 
3 4 2 5 2 3 6 -10 
-5 -1 -2 -11 -1 1 -8 -8 
1 -5 -4 -5 -8 -6 -5 0 
-1 -6 -9 -6 -2 0 1 3 
-3 -1 -3 -4 -4 -5 -4 2 
0 -2 0 5 1 1 1 1 
-2 4 7 0 1 0 2 0 
3 0 5 8 1 -1 0 2 
3 1 7 5 1 -2 -1 3 
-6 -9 -18 -11 -1 0 0 -5 
-4 -1 -6 -3 -2 2 0 5 
-2 3 7 -4 -5 -3 -4 -7 
-2 -4 -4 -3 -3 -1 1 -2 
