#EMG
#9
#ID:9-4
-3 -8 -3 -4 -7 -1 1 -1 
1 5 -2 -3 -3 -2 -5 -2 
1 1 -3 1 -1 -3 -1 1 
0 -2 -1 -8 -2 1 3 1 
-1 -1 3 -5 -3 -2 -2 -2 
-1 -4 3 -1 -1 -1 -1 -1 
-4 -2 -3 2 0 -2 -3 -1 
2 2 -5 -1 0 0 0 0 
0 1 -4 0 -2 -1 -3 -2 
-2 0 3 4 2 2 0 1 
-1 -7 1 0 2 -2 -1 -1 
-3 -4 2 1 2 2 0 -1 
-2 -2 -2 -3 -2 -3 -2 -1 
-2 2 -3 0 -1 4 2 0 
0 -4 -3 -9 -3 0 -4 -2 
-1 -2 1 -1 -1 -1 1 -1 
-2 0 -1 1 -1 -5 -2 -2 
-1 2 6 5 2 -2 1 -2 
-3 -5 -17 -11 -7 -2 0 -3 
-1 1 1 -5 1 -2 -3 -3 
-2 0 -1 -1 -3 -1 -1 0 
-1 -4 -4 -1 -2 -3 -3 1 
-3 -2 2 0 0 -2 -3 1 
1 0 2 0 -1 -1 0 -1 
-2 -6 0 1 -3 0 1 0 
0 1 -7 -3 1 0 -3 -1 
-1 2 1 6 -3 0 -3 -2 
-1 -4 -7 -10 -4 0 2 2 
-1 -1 3 1 2 1 -2 -2 
2 -1 -4 -9 -2 -3 -3 -1 
0 5 11 1 -1 -1 2 -2 
-1 3 -1 5 0 -2 -3 -2 
2 4 2 3 -4 -1 2 2 
-2 -5 -8 -6 1 0 4 0 
0 1 -3 2 -2 -4 -7 -2 
0 -1 3 1 1 1 -1 0 
-1 -6 -3 -3 -1 0 -3 -1 
-3 -2 1 1 -2 -4 -3 -1 
1 3 7 2 -4 2 3 1 
-3 1 -2 -6 -2 -3 -2 -2 
-2 -3 -8 -3 0 1 4 -1 
-2 -4 -6 -1 -1 -2 0 -1 
-3 -2 -4 0 3 0 -2 -1 
-1 5 9 -2 -4 -2 -1 0 
-1 -3 -2 -1 -1 -1 -2 -2 
1 0 -5 -2 -2 0 -2 -2 
0 -3 -2 1 0 -2 -2 2 
-2 1 3 3 -1 1 -2 -3 
-3 -3 -1 -5 -3 -1 0 -4 
-3 1 3 0 0 3 -2 -4 
1 0 4 1 -2 -2 1 2 
1 -2 -2 -2 -1 -1 -1 0 
-3 0 1 5 0 -3 -3 1 
-4 -2 -4 -3 2 2 -2 -1 
-1 1 2 3 -3 0 0 -1 
-3 -7 -5 -2 2 -2 0 -1 
-1 0 -2 -6 -3 -1 -1 1 
1 -2 -4 -9 -3 -3 1 0 
-1 0 2 -2 1 -3 -3 -2 
0 -1 0 7 2 1 2 -1 
1 1 -8 2 -4 0 -1 0 
-2 -5 5 -1 0 -2 1 -1 
-1 -2 -4 -3 -3 0 -2 -1 
-1 -5 1 2 -1 -2 -4 -2 
-2 -2 -4 -7 -1 -2 -4 2 
-3 -1 -2 4 -1 -2 3 -3 
-1 1 2 -3 -3 -2 -5 -3 
-2 0 1 2 -1 -2 1 0 
-2 2 -7 -13 1 2 -2 -3 
1 3 -1 -4 -7 -2 -4 -1 
-2 0 1 0 5 3 0 -3 
1 1 -1 4 -3 2 1 3 
-1 1 1 5 -2 -6 -3 -3 
1 -1 2 -1 -2 -1 1 -1 
-4 -8 -16 -3 0 -2 -1 -2 
-2 -2 1 -8 -4 0 -2 -2 
-3 -4 -2 4 0 -4 1 -2 
2 6 6 2 2 1 -1 0 
-2 -2 -1 6 -3 -2 0 0 
-3 1 -1 -18 -4 0 -1 -2 
1 -6 -10 -4 -5 -2 -2 -1 
-3 -6 -5 -3 4 0 1 -1 
0 0 -4 -4 1 0 -2 0 
-4 -3 6 9 1 -1 -3 -1 
0 3 13 6 -1 1 1 -1 
-1 1 1 -3 -5 -2 -3 -2 
0 -2 -2 -5 2 -3 -2 -1 
1 0 -5 7 -1 -2 2 0 
-2 1 9 0 2 1 -1 -1 
-1 -4 -9 -3 -5 -1 -2 2 
0 4 15 -3 2 -2 -4 -1 
-1 -8 -5 4 -4 -3 -3 -3 
-1 1 -12 -13 1 4 6 -1 
-1 -6 2 6 -2 -2 -1 0 
-2 0 -6 -1 -3 -2 0 -2 
-1 2 0 -2 3 -1 -2 1 
-3 -1 3 8 -2 -1 -2 -2 
-1 5 -2 -4 0 0 -3 -1 
-2 -8 4 -5 -4 -2 1 -3 
-2 5 -5 8 1 -3 -7 -1 
1 -3 -5 2 2 -1 -5 -2 
-3 -3 13 -2 -5 -3 4 -2 
-2 -4 -17 -9 -6 -3 -1 0 
4 8 -6 -18 -4 -2 1 -6 
-7 -15 0 8 5 -5 -10 -2 
0 9 19 27 -2 4 6 4 
-7 -12 -47 -55 -11 -4 -8 -4 
-5 -2 13 -7 -5 2 7 -1 
8 -4 -19 -9 -4 -8 1 -1 
-1 -18 10 21 9 -4 -3 -2 
24 10 19 25 9 3 -26 7 
-17 20 4 -10 -2 12 59 1 
7 5 40 34 2 7 17 6 
-8 -3 -64 -67 -17 -9 -1 -10 
6 7 -13 -12 -3 -3 -4 1 
4 -8 1 16 10 -10 -38 0 
-5 6 16 0 -3 3 6 0 
3 -3 6 30 5 5 8 1 
-8 14 25 5 -4 -5 -17 -6 
8 -12 -21 -10 1 0 8 6 
2 -7 -20 25 -8 -3 -9 -5 
-2 -9 -4 -39 -9 -8 -17 2 
-7 -4 -30 -39 -4 2 12 -5 
-6 0 28 37 3 3 -14 -4 
9 27 3 -29 -4 -3 5 3 
-9 -17 -16 9 -3 2 11 -2 
-5 1 33 32 6 0 -1 -3 
11 22 -2 -13 -8 -4 -15 3 
-9 -15 6 -8 -1 -2 2 4 
-4 0 9 11 1 9 -20 -11 
-7 12 -14 -24 -11 -21 15 -11 
5 -5 -1 -1 5 11 8 5 
-8 -4 -1 14 3 -3 -6 -3 
8 13 22 -2 0 3 11 9 
-8 -14 -35 -3 -4 -3 -36 -17 
-2 1 -13 -24 0 1 28 -5 
5 3 -14 -26 -10 -3 -4 -5 
1 7 -5 3 3 -3 -18 3 
2 -12 6 21 5 10 26 9 
-7 -6 21 -8 -8 -13 -20 -8 
-1 4 10 9 8 3 -9 0 
3 -5 6 18 -2 -6 8 1 
-1 2 16 1 3 3 8 2 
-8 -16 -19 -6 -6 -3 -2 1 
0 -10 -16 -9 -4 -2 -9 -1 
8 -1 -12 3 7 6 12 -1 
-7 -8 17 30 3 3 12 -1 
5 3 8 -10 -2 -2 -9 9 
-9 -8 -28 -23 -12 1 -1 2 
-11 15 8 1 5 -12 -5 -13 
7 -4 7 10 -2 2 4 6 
7 21 9 12 3 -6 -16 3 
-2 -4 -2 -9 -4 -7 -5 -2 
0 -14 -34 -26 -12 3 1 2 
-3 -24 -25 5 9 4 2 3 
-1 11 37 29 -2 -3 -4 -6 
3 -5 -27 -29 3 -2 -5 -6 
3 8 27 12 1 0 4 3 
1 11 -25 -27 -17 -7 -5 -3 
-5 -19 -25 -10 -2 -1 4 -3 
-5 0 11 -3 2 0 -6 -5 
0 -16 -12 9 1 -4 -16 0 
0 7 18 15 4 0 4 3 
-2 -11 6 -13 0 2 -12 -1 
0 11 11 22 1 -1 31 -2 
-1 4 13 -16 2 -1 -14 -8 
-5 7 18 11 0 4 11 1 
-7 -9 6 21 0 3 -3 -19 
-5 -12 -10 -6 -2 -3 -8 14 
-4 0 -56 -52 -12 -11 2 0 
3 -1 10 2 0 1 -5 -6 
1 -2 -13 -2 1 -5 4 12 
6 17 29 14 -2 3 6 -20 
-12 -30 13 7 5 6 4 2 
-5 -6 39 20 0 -1 -10 1 
0 -25 -3 -60 -6 2 6 0 
3 2 -26 8 0 -6 -1 5 
-3 -3 29 38 4 -2 -5 -1 
1 13 11 0 4 2 4 -2 
4 13 4 18 -11 -10 -41 -5 
-9 -16 -38 -62 -15 -4 8 -4 
1 15 -9 5 1 2 10 -2 
-16 -8 -20 -42 -9 -5 2 4 
5 9 13 36 12 8 19 9 
-11 -33 8 28 -3 -13 -17 -9 
3 11 -55 -59 -19 -10 -26 -4 
5 -8 -11 -5 -4 -2 0 -24 
-4 -13 -17 6 0 -1 6 -6 
-1 -17 32 26 9 2 -18 8 
-3 0 6 10 1 -1 -8 -7 
11 -4 2 -23 -8 6 30 16 
-13 12 -45 -34 -7 -7 5 2 
13 17 -37 11 0 1 4 4 
2 -10 10 41 7 7 5 10 
1 9 23 10 -1 -10 -38 -10 
-5 -20 -32 -55 -14 -10 8 -5 
-4 -3 -33 -6 1 1 -7 7 
6 12 41 10 4 -2 -6 -5 
-14 0 36 43 8 7 -2 -3 
-3 2 16 6 3 0 -14 -12 
-4 -9 11 0 -2 -2 -14 -27 
3 36 -17 -35 -10 -3 31 21 
0 -21 -11 0 -4 1 5 0 
10 13 27 28 13 1 -57 -7 
-3 5 4 -32 -7 1 69 2 
0 -5 1 5 3 1 -52 -24 
6 6 -7 13 -1 7 38 30 
13 18 14 0 0 -13 -17 -11 
-28 -26 22 72 8 13 27 21 
-7 -5 -11 -46 -14 -5 53 22 
5 -1 -50 -55 -9 -9 -40 -2 
-8 -12 -38 -17 0 5 4 -12 
15 36 28 19 4 4 -22 0 
-4 6 9 25 0 -10 -9 -25 
-19 -10 11 28 11 0 -34 -36 
6 0 28 16 -5 1 36 31 
3 19 6 -21 0 -4 -7 4 
-1 5 -22 -23 3 2 7 11 
1 -3 -7 12 0 -7 -21 -22 
-7 -17 2 9 -7 -1 14 -2 
3 -5 -11 -5 -4 -1 -8 -6 
-1 4 33 19 6 3 -10 -6 
0 6 3 23 6 3 15 16 
-15 -7 -14 -37 -4 0 17 3 
2 2 -24 -32 -5 -6 -10 13 
1 -17 0 16 4 0 -1 -10 
17 16 15 -2 0 0 -8 3 
-6 -14 -6 5 -15 -11 -1 -4 
-12 -24 -19 -22 -3 0 17 -21 
-7 -22 -10 -5 -1 -7 -30 -9 
-6 18 14 -21 -5 1 34 6 
17 -10 -8 2 7 11 -13 15 
-9 0 6 3 4 -8 -18 -8 
-5 2 24 25 -4 3 -11 -19 
-1 -21 -44 -10 -7 -3 33 35 
-15 12 3 14 4 -3 -13 -14 
6 1 -11 -40 -9 -8 -33 -3 
3 60 56 21 2 15 42 -3 
10 39 2 -19 5 6 -3 2 
4 -9 -21 25 4 -5 2 9 
11 17 41 7 3 9 13 5 
18 -5 -1 18 -2 -2 -3 21 
-6 5 -65 -59 -20 -11 -21 -16 
2 19 14 17 -2 -6 10 -4 
-9 -19 -22 34 4 -4 -14 -7 
6 7 -27 -70 -7 0 -6 10 
-18 -35 21 16 -1 -1 1 2 
0 7 -15 -4 -1 4 -5 -7 
-5 -23 14 -16 -10 -9 -8 -15 
-16 -28 -7 19 3 2 4 3 
2 -28 7 17 10 8 22 16 
-12 -20 14 7 7 3 -4 -2 
-2 2 -1 6 -7 2 5 -6 
-1 -4 -5 -15 -5 -8 -34 -8 
8 10 12 39 7 -3 -16 -16 
14 28 -27 -29 -10 5 37 28 
1 -11 -30 -26 -3 -2 7 4 
-8 -26 31 17 -1 -3 2 -1 
-15 4 22 -11 -9 -10 -26 -10 
-13 -10 -5 16 -6 -7 -24 -34 
10 17 22 7 11 13 39 26 
-8 24 -27 0 -2 -9 -5 -13 
2 -1 19 18 5 6 2 4 
-6 -7 11 -13 -4 -5 -14 -6 
7 22 -6 -4 -4 -4 -10 3 
-9 -8 2 29 7 -7 -4 -5 
-4 -19 -19 8 7 3 5 -4 
9 5 -24 -49 -15 6 4 7 
-4 1 -27 -3 1 -2 -7 2 
22 19 -14 4 -1 1 8 3 
-8 -1 22 45 8 -2 -7 -10 
-7 -21 -31 -41 -15 -9 -9 -11 
-4 -6 3 -16 -10 -6 9 -3 
0 -5 -2 7 8 4 -15 6 
15 19 -21 -6 2 -8 -4 2 
0 -20 50 72 23 9 0 2 
-16 -17 27 -29 -18 -5 -9 -3 
2 -16 -52 -23 -6 3 15 11 
6 11 2 -6 -3 -5 -9 -7 
6 28 -20 21 18 8 8 -13 
-3 -27 16 33 -8 -8 -26 -1 
-3 -15 -7 -72 -21 -5 17 5 
-4 19 -3 -2 -7 -4 6 0 
6 9 61 20 10 3 -5 10 
-10 -32 -21 10 12 2 -10 0 
-6 10 3 10 -8 -3 -6 -14 
-12 8 4 -30 -1 -1 12 6 
-12 -12 -28 2 -5 -3 -11 -11 
6 -4 -22 -44 -11 -7 -9 -5 
3 -14 37 38 12 5 4 11 
-6 -9 -31 -27 -6 0 -12 3 
-10 -4 12 0 -3 -4 7 -4 
10 21 8 13 13 11 -12 -3 
-11 -11 14 5 5 -4 18 17 
-2 7 31 51 5 3 16 4 
-6 -24 -27 -3 -7 -3 -14 -19 
0 -18 -15 -21 -14 -9 -12 -27 
6 2 4 14 1 1 2 18 
11 4 8 -35 -1 1 2 14 
-12 -18 24 7 -4 -1 3 -9 
0 18 6 2 5 0 -13 -10 
-12 -29 -8 10 4 0 -8 -22 
0 -5 -26 -41 -17 -10 0 1 
-3 -2 -23 -3 -2 4 14 8 
-7 8 19 36 3 -6 -6 1 
1 40 35 -15 1 -2 -16 -6 
2 -32 -39 -3 -1 4 -9 -37 
-1 8 -1 -28 -7 -7 -9 41 
3 0 8 11 4 2 26 22 
-6 -8 -21 11 -5 2 9 -19 
3 8 10 8 -1 -7 -3 -5 
10 -16 -27 -7 -1 6 -2 8 
-16 9 13 -1 0 -7 3 6 
-4 -17 -18 -17 -5 -3 -31 -15 
3 -15 22 5 -7 -4 -26 -7 
3 24 1 11 5 -4 33 -3 
8 10 3 -4 3 5 -4 0 
6 2 3 7 -4 -7 9 2 
-13 -8 -38 -40 -9 2 -4 -8 
-9 -24 -27 -5 -5 -4 -35 -7 
-2 -14 -28 1 -7 -2 16 -12 
1 10 11 22 8 6 20 5 
-1 5 26 15 13 7 15 18 
0 -1 -11 -49 -10 -5 -11 -10 
-9 -15 -5 4 -3 -6 -8 11 
-7 -15 6 -24 -11 6 22 4 
-2 -4 -15 3 3 1 0 -11 
4 30 47 23 6 -15 -4 12 
-2 -14 -4 -14 2 -3 10 -9 
5 5 13 6 -3 3 -30 2 
0 -24 -6 5 3 -2 23 0 
-10 -12 -10 -12 -9 5 -4 -18 
4 15 11 19 8 0 -10 -2 
-17 -26 12 13 2 0 -5 -2 
-3 -20 -29 -21 -9 -7 -4 3 
-5 7 25 7 6 7 14 0 
-10 4 -7 10 2 -1 -2 -8 
-2 1 -24 -34 -9 -3 0 -10 
7 29 39 25 5 1 -19 7 
13 5 4 10 0 1 18 6 
4 4 -15 -21 3 2 5 2 
3 -15 -11 6 -8 1 -19 -1 
-2 -8 2 9 2 -3 -10 9 
13 -13 -4 19 10 8 19 -7 
4 11 -4 -4 2 3 -2 -8 
7 12 -10 -6 1 -1 4 9 
1 36 -17 -23 -14 -8 1 -5 
7 25 22 0 3 -4 -23 -12 
-10 -29 -3 7 -2 -2 -6 2 
-5 -2 8 -1 2 -2 11 2 
3 11 -21 -8 -8 1 -5 2 
-10 -16 5 3 -2 -13 -3 -2 
10 15 8 0 0 16 6 6 
12 12 0 8 -1 -7 -1 2 
2 -13 -7 -17 13 14 1 -5 
-5 -8 -31 -29 -14 -9 -7 -2 
-18 -5 13 13 6 2 1 1 
-3 -26 -9 9 3 -2 -4 -10 
7 5 9 28 7 6 10 7 
12 10 -27 -16 -5 -7 -1 2 
-2 -19 16 -4 -5 1 0 3 
-3 19 -5 13 3 -7 -43 0 
-16 -2 9 -10 -13 -5 17 -17 
5 0 2 3 6 -3 17 5 
2 -15 -15 -1 1 -2 -9 4 
1 6 2 -13 -6 -6 5 2 
-20 -2 -3 15 -3 -7 -35 -27 
-1 20 -12 -12 -9 1 -18 5 
16 -7 -19 -9 -6 -7 2 4 
5 -33 33 10 8 11 17 9 
2 -8 33 12 8 2 5 22 
-7 5 -3 -5 -13 2 13 -12 
1 12 -21 9 6 -7 -18 -12 
-2 -17 -2 -13 0 -1 6 4 
11 -8 -34 -24 -15 -9 3 10 
3 7 2 -2 1 -3 0 -25 
4 41 9 -3 -13 -6 -7 8 
-6 3 -30 -4 3 -3 3 -13 
-1 4 6 11 7 7 0 -5 
4 4 3 2 3 1 -6 14 
6 5 -13 8 -2 7 26 6 
-4 -1 6 -6 4 4 7 6 
-1 -1 7 -2 -4 -3 0 4 
-6 -12 -12 -13 -6 -1 -27 -1 
-7 17 33 3 5 2 33 -1 
-4 6 -30 -22 -18 -15 -28 -10 
7 -5 -4 18 9 2 5 11 
-18 -38 19 -12 -7 -1 -4 -9 
-1 9 30 5 -1 -4 -11 -11 
1 -2 -42 -3 -4 1 5 -4 
-7 -17 -48 -50 -16 -16 -15 -12 
-5 4 -2 23 8 0 4 -2 
-6 5 -26 -19 -7 -3 -10 -7 
23 12 28 24 5 2 12 10 
-1 20 23 19 4 5 -3 2 
-5 13 -11 1 5 3 4 -4 
-8 -16 31 16 -3 1 -6 -2 
-11 -6 -42 -45 -15 -5 -11 -10 
-2 -6 -11 -2 -7 -11 -5 -9 
0 -10 7 8 10 11 30 19 
8 8 11 20 2 -6 -15 4 
-3 11 -18 -29 -1 1 18 1 
2 0 20 -2 1 5 -17 -2 
-1 -1 15 5 -3 -7 -15 -7 
-10 -24 -22 22 -5 -4 -3 -5 
-1 12 23 2 4 4 4 3 
-2 -6 -10 -27 -3 -3 5 -2 
-2 -11 -4 11 -3 -7 -1 6 
5 4 -8 -23 -3 2 0 -1 
-6 9 27 19 -3 -3 -5 -6 
-2 4 -36 -17 -4 2 2 7 
-7 -9 16 -2 -4 0 0 -11 
9 10 -11 4 -5 -5 -14 7 
-7 -4 -42 -40 -8 -7 1 -13 
3 18 43 18 9 4 15 9 
-7 -23 -2 5 -1 1 -11 11 
5 2 -5 -2 2 5 6 -4 
4 40 61 50 14 4 -7 2 
-4 -19 7 5 1 4 5 4 
-3 4 -8 -14 -3 -6 -6 -12 
7 -10 7 10 9 5 9 13 
4 10 -3 17 8 2 5 -1 
-3 6 -2 -4 -10 -2 -3 1 
-3 -7 -8 -15 -3 -4 -16 -20 
-6 -4 -33 -32 -3 -2 0 -1 
-16 -6 -17 4 3 -3 -4 0 
-6 -3 27 44 2 -5 -1 -11 
8 -10 2 -18 11 2 -22 16 
2 11 6 -14 -15 7 41 -3 
-9 5 13 0 1 1 4 -17 
0 8 7 5 -4 -4 -4 -6 
2 -2 -5 -5 -6 -1 -3 -5 
-10 -12 18 -3 4 -5 -19 -5 
8 -3 -4 -1 -2 -2 20 8 
-16 -14 -43 -7 0 -1 -1 -5 
6 15 7 14 -2 0 6 0 
-2 5 7 2 6 3 -6 1 
2 -14 -18 -6 -8 -4 -15 -11 
1 -5 2 0 0 -4 4 2 
-6 -5 1 -2 -5 -2 -9 0 
0 3 -11 -3 -7 0 4 -9 
-2 17 15 -10 -4 0 -1 7 
4 -10 -22 -15 -3 -8 -5 -4 
-14 4 -16 -6 -4 4 10 0 
3 6 25 11 4 1 5 -4 
13 4 -12 7 0 -4 -13 4 
-6 -10 17 -14 -8 -2 1 3 
5 14 -2 -1 -2 -1 11 2 
-10 -34 -29 -4 -3 -12 -20 -9 
-2 -21 5 -7 -4 1 4 5 
-8 -4 11 35 8 -3 -12 -11 
-8 2 -3 -2 3 8 0 -7 
-1 20 25 -7 -3 -5 9 4 
0 -25 -10 6 1 4 -10 -3 
-2 2 9 -19 -14 -8 3 -7 
6 0 5 -3 1 6 5 8 
-2 2 -10 -1 3 -1 -15 -4 
-13 -23 -3 -6 -2 -7 -8 -9 
-1 11 0 -1 2 6 2 -5 
1 -2 -3 5 -4 -8 -3 0 
4 10 28 13 0 2 -4 1 
-3 0 -30 -19 -8 -2 5 -2 
-1 -7 10 -5 4 -2 1 0 
4 1 3 21 1 -2 -1 5 
-5 -8 -19 -31 -3 -2 -12 -1 
-8 6 11 -3 -1 0 7 -1 
5 -1 9 9 -4 2 1 5 
0 3 -5 -1 4 0 16 1 
2 -1 -3 9 0 -7 -15 -3 
2 2 1 1 -1 -4 -10 0 
2 -7 -19 -3 6 5 0 4 
-3 -4 2 0 -3 -4 -6 -2 
-1 -2 -4 -5 -5 1 3 -6 
4 1 -9 -10 -3 -2 -10 -3 
8 9 -2 5 2 2 8 6 
-7 -7 -10 3 -3 -4 -7 -1 
-9 -11 11 1 1 1 -5 2 
-2 -2 -5 -2 -2 -1 -1 -1 
1 -2 -9 -6 -7 -7 3 0 
0 2 8 3 1 0 2 0 
-1 -3 -16 -4 -4 -2 5 -4 
4 8 7 3 4 4 7 10 
0 0 -11 -5 0 -2 -15 -6 
-3 0 -1 -12 -9 -7 -6 -9 
-4 0 17 -2 -4 -2 -9 7 
-7 0 14 8 5 3 12 -6 
-3 -18 -16 -7 -3 2 16 0 
1 -7 -7 2 2 1 -16 -6 
0 -5 -8 3 0 -4 -2 -4 
6 5 5 -2 -8 -6 -3 4 
-6 1 6 3 5 1 -10 -7 
-4 -4 -20 -12 -5 0 0 -2 
0 7 -21 -17 -6 -6 0 -4 
7 -13 -11 -8 -3 1 -10 1 
-3 8 8 7 0 0 13 0 
-1 -2 7 0 -6 -10 -15 -5 
-2 3 -12 5 -1 -4 -1 -7 
-4 -6 20 11 5 4 -1 2 
2 2 -7 -3 -3 -6 -3 1 
-1 1 5 -6 -5 -4 5 0 
5 2 11 -2 0 0 2 2 
-11 -13 -5 -3 -1 -6 -15 -7 
-1 6 6 -3 -3 2 0 -3 
0 -2 -8 -1 0 1 -1 0 
-9 -12 -5 5 -4 2 11 2 
1 -3 -9 2 3 -5 -1 -5 
3 7 -11 2 2 1 -10 -1 
5 -12 15 -3 -6 1 5 5 
0 -4 1 -7 11 3 7 1 
0 5 8 -5 -12 -7 -7 -1 
-1 -1 -4 -5 -2 -5 -7 -7 
-1 -1 -16 5 -2 -3 1 -3 
1 3 7 8 3 0 5 -3 
-5 -2 -4 3 1 4 0 -4 
-4 -5 3 -2 -5 -2 -5 -1 
-5 1 -11 -13 -2 1 1 1 
-1 -5 -2 -9 -4 -2 -7 1 
0 7 3 -2 -4 -2 6 5 
-3 5 12 -4 0 2 3 -2 
-2 0 7 15 2 -1 -8 1 
4 -1 -1 6 0 2 4 0 
0 3 -8 -4 -2 -6 0 -2 
-1 -11 -7 -5 -2 2 -5 2 
-2 -2 0 -4 0 -2 5 0 
1 -1 -3 4 1 -2 -5 -2 
-3 -1 -3 -3 -1 1 -1 -3 
-3 -1 6 -3 1 0 1 -1 
-1 1 -12 -6 -6 -3 -1 -3 
-2 -2 1 -1 -2 1 -4 -4 
-2 -8 -7 3 -3 0 2 1 
1 1 6 -1 1 -3 -4 -1 
-4 -6 -13 -11 -1 1 1 -2 
1 4 6 6 -1 2 0 2 
1 -6 -4 -2 -3 -2 3 1 
-1 2 0 3 -5 -4 -7 -2 
-2 -4 10 4 7 4 6 0 
-7 -6 -10 -7 -3 -4 -10 -5 
-3 3 3 3 -3 0 7 -2 
1 3 4 -2 0 2 2 1 
0 3 -9 1 -3 -3 -11 -7 
0 4 6 1 1 -1 0 2 
-2 3 -7 1 5 2 -2 -1 
-3 -14 3 -1 -11 -3 -1 -4 
3 6 2 2 0 3 5 6 
-3 -5 -2 -8 -4 -6 -1 -5 
0 -2 -5 0 -2 -3 -3 1 
-2 1 -8 -2 0 -1 1 1 
-1 -2 6 1 8 2 -1 -1 
3 1 -1 -4 -6 2 -1 4 
-5 -2 8 -5 -4 -2 4 -2 
4 8 2 -2 1 1 -5 2 
-5 -4 5 7 -2 -2 -2 -4 
1 -3 1 5 1 -1 0 1 
-4 0 -13 -10 -4 -2 -2 -3 
-2 -5 0 -2 0 0 -2 0 
1 -1 -8 1 -2 -3 1 1 
0 -1 -3 -4 -2 0 0 0 
-5 -5 6 0 0 1 -1 -2 
-2 -2 -3 -2 -2 -5 -3 -1 
2 3 5 -4 0 2 4 4 
-1 -4 -11 -5 -4 -9 -7 -5 
0 -9 -4 2 2 -2 3 -5 
-2 1 -22 -6 -3 -1 -12 -2 
-3 -4 2 -1 0 -1 1 -2 
-1 1 4 -3 -6 -1 -1 0 
0 11 9 1 -1 -1 -6 0 
-5 -12 13 5 4 0 7 1 
0 0 -9 1 -5 -5 8 1 
0 6 5 -9 -1 0 -16 -4 
-3 -3 -8 -7 -2 -1 -2 -1 
0 -2 1 -2 1 -4 -1 -2 
-5 -3 -8 -4 -5 1 -4 -3 
0 -2 8 10 7 3 7 7 
1 -17 -11 4 -3 -1 -1 2 
1 14 12 -10 -4 -1 -4 -4 
1 -3 6 1 1 -5 2 -1 
-3 -1 -14 -3 -2 -3 0 -3 
0 1 5 -2 3 1 -2 3 
-3 -6 -7 5 -2 0 7 2 
-2 0 1 -1 1 0 2 -2 
-2 -1 1 0 1 0 -8 -5 
0 -2 -11 1 -4 -4 -4 0 
-2 0 0 -3 -5 -2 -4 -2 
3 -10 -12 -15 -7 -3 -5 -3 
-6 3 14 2 1 4 11 2 
-5 -5 -11 -6 -2 -5 -9 -8 
1 3 6 4 0 -3 -4 -2 
3 12 9 10 5 1 -1 0 
0 -19 -22 -8 -2 0 1 1 
-1 0 10 -4 0 3 3 -1 
-7 -8 -12 -5 0 -1 -1 -5 
-2 1 -1 -2 -3 -7 -7 -4 
0 3 0 5 -3 -3 -5 -2 
2 6 11 3 7 3 4 6 
0 -6 -18 0 2 2 3 -1 
-2 -1 2 -9 -10 -3 -7 -5 
-3 -16 -16 -1 -1 -4 1 -1 
2 7 11 6 -2 1 -1 1 
-2 0 3 0 -3 -6 -8 -3 
0 1 1 -8 -2 1 2 -2 
