#EMG
#6
#ID:6-3
0 -2 -12 -10 -3 -3 -3 -3 
-2 -4 5 10 -1 -2 -4 -4 
-3 4 -22 -18 -5 -4 -2 -5 
0 -1 11 7 -3 -2 0 -3 
-7 -4 -4 -4 1 0 -2 2 
-3 -4 -4 -5 -3 -3 -1 -3 
2 2 1 2 -2 -1 -1 1 
-1 -5 2 5 1 0 -2 -2 
0 4 0 -6 -1 0 -1 -3 
-2 0 8 9 -1 -2 -1 1 
-4 -8 -8 -10 1 3 -1 -1 
0 -1 -5 -7 -3 -1 -7 3 
-3 -5 0 4 -2 -2 1 -2 
4 -1 -9 -14 -1 -2 1 -1 
0 -1 8 7 1 -1 3 -2 
-5 -4 1 -5 -2 -2 -1 -2 
-1 0 -6 -4 -2 -3 -1 -2 
0 5 3 4 0 0 0 4 
-2 -7 -3 -2 -3 -2 -2 -1 
-2 3 2 4 0 0 0 -3 
0 0 -3 -3 -3 -3 -6 -2 
-2 -3 4 7 1 1 -3 -3 
-2 -1 -2 -15 -3 -1 -4 -2 
-1 -4 -13 -8 -2 -1 4 1 
1 4 7 10 -2 -1 -2 -3 
0 -5 -10 -3 -3 -1 -2 -3 
3 1 9 4 0 0 0 0 
-1 -5 -16 -9 -2 -1 -2 -2 
-1 0 -3 -2 1 1 0 0 
-2 -1 6 3 -2 -2 -1 -5 
-3 -1 2 6 1 -1 -3 0 
-1 -6 -3 -6 0 1 3 2 
-1 0 -2 2 -4 -1 0 -1 
-2 -3 -2 -1 0 -2 -2 -5 
-5 -1 7 0 0 0 -2 -2 
-1 1 -3 -3 -2 -1 -2 -2 
0 -4 1 -2 -1 -1 0 -1 
1 3 0 0 -1 -2 1 4 
-3 -3 -9 -5 -4 -5 -2 -8 
0 0 4 3 1 0 -1 3 
-3 -4 -1 -1 0 0 -1 -1 
1 4 1 4 -1 1 -2 -1 
0 1 5 0 0 -1 0 4 
0 3 -1 3 -1 -1 -4 -5 
-1 2 -5 -7 -3 -3 -4 -1 
1 -2 1 -1 2 1 3 3 
-2 -2 -3 -3 -1 -3 0 -4 
0 0 6 8 -1 -1 3 0 
2 1 -2 3 2 0 -3 1 
-1 -6 -10 -11 -1 0 -2 -2 
-1 -1 2 0 -5 -3 -3 5 
-5 -1 2 -5 1 0 0 -2 
-4 -5 -3 4 -5 -2 3 3 
3 5 -4 -1 1 -1 2 2 
-2 -2 -7 -8 -2 0 -2 -3 
1 9 -1 12 -4 -4 -2 0 
-4 -6 8 -3 0 -3 -3 -3 
-1 -1 1 -2 0 0 -2 -2 
-2 -2 -7 -4 -3 2 5 0 
1 0 2 7 -2 -2 1 0 
-1 2 -3 -10 -3 0 0 -4 
-3 -4 -8 -5 -4 -2 -3 -1 
0 -3 8 1 0 -2 -3 -2 
-1 -5 -6 -4 -1 -1 -3 -3 
-3 -2 -16 -15 -5 -3 -1 -2 
0 3 7 2 2 0 2 -2 
-5 -6 2 6 0 -2 -3 -6 
-1 0 -7 -4 2 1 2 6 
-1 -1 -5 -8 2 -3 -5 -7 
0 2 5 0 -5 -2 -3 -2 
0 -4 -23 -4 -2 -1 -4 -3 
-3 -4 12 4 1 -2 -2 -7 
1 0 10 16 0 -1 -2 -1 
-1 -5 -21 -20 -5 -1 -2 -1 
-2 -1 -3 -14 -3 -4 -1 2 
-2 -5 4 -4 0 -1 -2 -2 
0 -2 -20 -5 -2 1 3 3 
-2 -2 5 8 0 -2 -2 -2 
-1 2 18 14 3 2 2 2 
0 -1 -33 -17 -6 -3 -2 -2 
0 -3 11 6 1 -1 -3 4 
-2 2 3 1 0 0 2 -6 
0 0 -2 -7 -3 -2 6 4 
-4 -1 3 2 2 0 -6 -5 
-2 -1 1 8 0 2 0 3 
0 0 7 4 -2 -3 -12 -7 
-1 1 3 0 4 0 7 8 
-1 -6 -3 -2 -4 -2 2 0 
-1 -5 -9 -9 -2 -2 -4 -1 
0 0 16 14 3 3 2 4 
0 1 2 -1 -3 -2 -6 -5 
0 -3 -14 -5 -1 -1 -3 -1 
1 2 5 6 2 -1 -1 -2 
-1 4 -8 -6 -4 0 -2 -4 
0 -8 14 3 0 1 1 6 
-6 1 -11 -12 -2 0 3 -2 
-2 5 3 -1 -3 -2 0 -2 
3 -3 -16 -8 0 -3 -5 -3 
-1 -7 -3 11 -1 -1 -5 -5 
2 -1 10 4 0 -1 -3 -2 
0 0 -8 6 1 0 8 3 
-3 -3 6 -4 0 1 0 1 
1 4 -14 -3 0 0 -3 -5 
-1 -2 -5 -18 -2 -6 -9 -4 
-2 0 -11 -7 -6 -1 -1 -4 
-2 -4 -7 1 -2 -2 7 4 
-2 2 16 12 -1 1 -4 -9 
4 8 16 19 9 4 3 7 
-4 -5 -2 -12 -3 -3 -5 -6 
2 -3 -4 5 -3 -4 2 10 
1 2 -14 -22 1 -1 -1 2 
-3 -4 -17 -6 -4 1 4 -5 
-2 -5 0 -10 -4 -4 -7 -7 
-5 -11 -5 -5 -3 -4 -4 -3 
0 2 2 13 1 0 4 -1 
3 3 15 2 0 -1 2 -1 
-5 1 -13 -7 -2 -3 -4 -2 
-3 0 -1 0 -3 -2 -6 -7 
2 -1 -24 -19 -4 -2 0 4 
-4 -5 10 12 5 3 -4 -4 
4 1 2 4 -1 2 7 5 
-4 -1 31 -2 0 -3 1 -21 
-4 -6 0 5 -9 -7 -4 -10 
0 -1 -16 -14 0 2 5 1 
-3 -4 -13 -14 -6 -6 -4 -7 
9 16 -17 -20 6 7 6 11 
0 -1 1 1 2 -1 6 12 
-13 -8 26 34 -10 -11 -15 2 
-3 -4 14 16 -1 -3 -7 5 
-2 -9 -16 -7 -3 0 3 1 
5 6 1 -5 6 5 -16 -14 
1 5 -5 -20 -3 0 22 13 
-3 -3 18 21 -3 -3 11 13 
-3 -1 3 9 2 -2 -9 -2 
-5 -3 -15 -5 -2 -3 -9 -12 
3 1 -1 -9 -2 1 -1 0 
3 5 -13 -10 5 6 3 -8 
-2 -2 12 0 -3 -5 -8 5 
-4 -8 3 -6 -4 -5 2 -2 
8 -1 7 14 0 -1 -7 8 
-6 0 -7 -9 -2 -1 12 3 
6 10 -6 -2 0 6 0 9 
-2 -3 -9 4 2 -7 -12 3 
-10 -5 13 2 -5 -5 2 -11 
2 -3 14 16 6 0 -3 1 
-4 -7 -23 -12 -8 -5 -6 -8 
-4 -2 -8 -19 -9 -4 -1 -2 
5 4 -3 1 4 3 3 -2 
13 10 0 -11 5 0 -6 -4 
-9 -4 35 35 3 0 -1 -10 
-11 -14 -51 -15 -10 -5 20 6 
-1 -8 -14 -14 3 3 -17 -4 
1 -2 5 11 -2 -4 -3 2 
4 5 1 11 4 3 -1 -13 
-2 0 3 -25 -4 0 -1 3 
-6 -7 -23 14 -5 -6 -4 -9 
2 0 5 -1 -7 0 -2 0 
0 -10 -25 -43 -8 -5 -1 6 
2 7 15 16 7 3 -1 -9 
-3 10 4 -8 3 -2 1 0 
-2 -4 -3 -8 2 2 -5 3 
-6 -6 -5 5 -8 -8 3 -12 
-1 0 32 22 0 2 1 4 
8 9 4 -10 0 2 3 0 
-6 -9 -16 -2 -1 -4 -6 -9 
-1 -4 17 2 0 -2 0 21 
-1 -4 -14 -28 -1 0 3 1 
1 1 11 7 0 -2 -4 -2 
0 -3 -6 -4 -2 -2 -6 -14 
-1 10 -12 19 1 0 4 4 
2 -6 3 11 -2 -2 -9 -7 
-4 -8 -16 -21 -6 1 2 5 
-4 -8 -2 -15 -9 -8 6 -3 
7 13 -12 -10 1 5 3 4 
0 3 13 16 4 2 -3 10 
-7 -4 -17 2 -1 -2 3 -12 
2 21 34 19 3 -3 -19 -13 
0 -6 -16 -25 1 4 9 7 
-8 -8 14 18 -2 -2 -2 -12 
-4 -9 -35 -29 -10 -2 1 5 
0 9 22 14 1 -2 -1 9 
-10 -13 -37 -22 1 0 3 -12 
6 10 20 9 1 0 -10 -4 
7 18 11 -1 -1 0 0 1 
-8 -9 -10 -9 -3 -3 11 2 
0 -6 10 0 -2 -4 -7 -9 
13 10 14 14 5 2 4 30 
-10 -17 -34 -12 -10 -6 2 -24 
12 20 -15 7 0 5 -7 -4 
-8 -34 -6 1 -4 -2 -23 2 
-8 -7 -26 -26 0 -3 7 2 
5 15 41 23 6 3 34 8 
-1 -16 -31 2 -1 3 4 5 
6 20 17 -17 0 0 -1 5 
-7 -5 -2 17 2 4 38 0 
18 -3 17 17 3 -7 -67 18 
-6 2 16 21 6 3 15 -13 
6 4 0 -20 -4 3 4 11 
10 10 -8 -25 -5 5 51 11 
-20 -2 13 0 2 0 6 -4 
-8 -13 12 14 1 -4 -9 17 
-8 -18 -38 13 0 -1 -22 -15 
-2 -13 -17 -45 -14 -12 -36 -23 
0 -5 15 14 -1 3 24 7 
12 -4 14 18 10 11 -7 21 
-8 0 11 -26 -7 -8 36 -29 
-2 6 8 28 1 4 -24 -7 
-3 3 -22 -23 -7 -3 0 -5 
2 24 13 -9 3 5 18 -10 
8 6 1 17 7 5 -9 27 
-8 -13 22 15 7 9 -1 -2 
-3 -6 8 10 2 -11 -32 -16 
-4 -5 -5 -25 -14 -15 6 8 
14 7 0 24 5 -2 8 8 
6 19 8 -5 4 4 -29 -1 
-6 -3 -10 -1 -8 -4 -15 -9 
-17 -12 -11 -7 -2 -7 -1 -19 
-2 5 22 16 2 5 6 -1 
7 -8 10 7 -2 -5 12 -8 
-6 -3 -5 -10 2 15 16 4 
13 7 22 5 -4 -2 -4 12 
-12 -16 -34 -33 -5 -11 -17 -5 
-9 3 -15 -17 -8 -2 -8 -10 
11 2 2 12 7 -4 13 7 
3 -9 -29 -11 -2 -2 -4 -17 
-12 -6 22 7 -7 -5 26 15 
-1 8 7 5 -3 -4 -14 -34 
-1 4 -15 -1 6 9 4 5 
-8 -3 19 29 4 -7 -27 -6 
6 -3 -7 -21 -6 -8 -24 -4 
-20 -10 -30 -12 -8 -1 24 -5 
7 14 17 -14 -6 0 2 0 
-11 -23 -18 -29 2 -6 -10 2 
-8 4 24 37 4 7 -2 -25 
17 13 15 14 3 -7 -8 32 
-4 -12 10 30 4 2 -22 -10 
17 23 -12 -43 -4 5 43 26 
-11 -19 -5 -16 -2 -6 -15 -11 
-3 12 21 13 -1 5 1 8 
5 -8 -15 -6 -10 -8 19 -6 
-1 2 0 -2 -4 -11 -64 -17 
7 13 23 27 9 15 25 17 
-14 -2 -38 -19 -3 -2 31 13 
4 -13 -23 -19 -1 0 -12 -12 
-20 -20 -6 -3 -9 -5 -1 -17 
19 28 29 27 9 0 -19 17 
7 -7 1 -7 8 7 26 9 
1 -2 -7 -10 -7 0 -15 -13 
-25 -36 24 7 5 3 19 2 
-7 -4 23 26 -7 -5 -3 -3 
6 -10 -13 -15 -4 -6 -13 -1 
-2 -7 -44 -50 -13 -10 -6 -3 
8 14 -21 5 4 -1 -31 -4 
0 -10 12 0 -6 -3 12 -12 
-7 5 36 17 12 4 -3 13 
-11 -3 -8 -6 -6 -2 8 7 
-25 -26 -36 -16 -2 -4 -7 -22 
-4 6 21 7 -13 -5 -7 13 
5 13 0 27 -2 -2 -3 0 
1 0 27 8 6 -2 5 8 
3 9 -22 -12 -4 1 16 -1 
5 3 -8 5 5 -10 -13 -10 
-13 -27 -23 -23 -18 -4 -21 -15 
-9 17 10 -21 -1 -4 -12 -8 
12 -6 1 -2 4 3 18 9 
-5 -46 -30 -11 0 2 13 -2 
-21 -38 -6 33 10 -1 -11 -15 
7 15 36 26 4 -2 1 5 
-2 11 17 2 -19 -5 -7 -14 
0 4 -5 -7 1 0 1 -6 
16 15 -2 25 10 -2 -7 -1 
6 8 9 -11 -14 2 2 15 
3 -15 -52 -42 1 6 5 7 
-1 13 13 -8 -2 1 3 -7 
2 14 -5 15 16 0 -7 -2 
-2 7 -4 -5 -5 -6 -4 -3 
-12 -45 25 48 0 -3 -1 -3 
7 -3 -29 -40 -20 -4 -1 8 
14 3 -6 -53 -4 -1 -2 8 
-7 -9 -15 47 6 4 2 -3 
3 16 9 -27 -6 -5 -8 -12 
-17 -9 21 -14 0 1 -2 -7 
-2 1 6 -19 -12 -9 -17 -20 
1 -16 -4 41 12 -2 1 3 
7 32 51 29 1 5 -7 0 
9 21 -22 -39 2 1 20 8 
-12 0 28 27 -10 -7 -28 4 
-13 -34 -15 -10 -11 -9 21 -4 
-2 -14 4 17 5 1 -19 3 
-5 -13 -31 35 5 1 17 7 
13 7 -57 -98 -19 -4 4 2 
1 0 20 0 13 1 -10 10 
6 16 27 24 4 7 -1 -26 
-10 -4 -3 -26 -8 -3 29 53 
12 -6 -11 41 4 -9 -28 2 
-14 1 11 25 -2 -15 23 -4 
4 26 -24 -44 -4 9 23 0 
-2 15 27 14 6 1 -17 -14 
5 10 -14 -8 -5 8 36 -12 
12 25 -13 -32 0 1 -40 22 
8 -6 9 33 1 -11 3 12 
-17 -21 8 16 -1 -4 10 1 
-10 -3 14 18 9 -1 0 -1 
1 2 -11 -26 -3 9 -8 -37 
-10 -11 -18 -5 -6 -1 4 11 
9 7 -16 0 -6 -10 -40 -8 
-8 -7 5 -16 3 -2 -15 -4 
12 18 10 26 9 23 25 22 
-16 0 -28 -25 -7 -6 29 -19 
13 -6 -11 -7 4 4 -40 5 
-7 -19 24 31 -2 -18 -29 -13 
-23 -31 -18 -16 -7 3 34 -17 
10 7 -18 -1 -6 -4 -28 -4 
9 8 -6 -31 0 -2 7 -23 
-10 16 10 2 -1 6 14 28 
-6 -24 4 13 -4 -10 -58 -6 
-16 -17 -14 -15 -7 -9 -3 -19 
7 5 -1 -3 -1 9 11 0 
18 5 -2 13 1 -2 -1 25 
-6 -9 -21 3 -4 -17 7 -13 
-22 -34 7 -11 -4 -3 -18 -7 
-10 -11 -25 -1 -7 -5 -20 -48 
1 9 -16 -9 -4 -3 34 -6 
6 10 2 -7 2 -5 -31 -1 
-2 9 18 -13 1 -3 20 13 
5 -5 -3 50 9 20 13 12 
-2 8 -38 -44 -14 -2 -27 -16 
-6 -9 -27 -45 -4 -7 23 -33 
11 -3 32 55 11 5 -19 15 
-9 -3 -40 -60 -14 -8 18 -10 
3 16 24 24 6 6 3 -10 
-1 4 10 -2 8 7 -13 11 
20 21 6 16 12 6 10 15 
-10 31 -21 25 2 0 -2 -7 
-14 -34 -16 -51 -32 -13 -6 -6 
-2 14 -4 -11 -3 1 -8 -12 
16 29 12 4 1 -5 14 29 
11 42 20 24 16 3 4 14 
-8 -21 9 0 2 11 3 -13 
0 -5 -15 -24 -14 -7 -5 25 
-11 -15 -14 5 -1 -2 -19 -28 
-26 10 29 -1 0 1 29 -12 
4 -21 -25 -12 -6 -9 -4 8 
11 5 49 51 25 9 12 9 
9 26 -8 -2 -11 6 -12 5 
-8 -9 15 9 -10 -12 -27 -10 
-7 -3 25 24 -9 5 10 11 
-24 -16 -37 -60 -13 -1 8 -7 
5 -31 -13 -9 10 -1 5 5 
-9 -17 50 -16 -4 -3 -2 -2 
-3 1 15 21 17 0 -2 -7 
3 3 0 14 -1 -7 -9 -2 
-3 10 -1 -20 -11 -7 4 6 
18 1 0 19 6 0 -1 1 
2 11 -2 -19 4 2 -1 -1 
-2 -7 21 36 5 4 -3 6 
-9 -8 1 -25 -7 5 18 -11 
-2 -12 -22 2 -7 -10 -4 10 
2 -2 -9 6 2 -3 -6 -8 
1 10 -8 -3 -7 0 -5 -4 
-3 -8 0 -5 0 2 12 -1 
8 5 10 18 5 0 -27 -7 
2 16 45 -12 1 1 9 9 
-4 -5 13 43 5 -2 2 -3 
-4 -3 8 -37 -11 -4 -8 1 
0 -27 -45 -36 -5 -3 -14 -3 
-1 7 -10 17 1 0 -5 -13 
1 -3 11 -12 1 0 23 9 
4 16 -18 24 6 -3 -28 5 
-16 -46 -1 2 -5 2 27 -16 
-3 12 16 0 -3 -2 -13 -9 
9 10 -21 -6 -5 -4 -7 2 
-10 3 7 15 7 -2 3 4 
2 4 -1 -30 -3 2 -1 -11 
-3 -9 -30 -14 1 -8 -12 -2 
-4 -9 5 2 -8 0 2 0 
-5 -10 -9 7 -1 -3 8 -2 
4 13 -11 -22 -8 -8 -26 0 
8 0 5 10 7 6 15 12 
-11 -5 -27 -16 -4 -1 -2 -13 
-5 -5 8 -8 -2 -3 -21 -3 
-1 -4 5 36 9 8 27 9 
3 -11 -11 7 1 4 2 4 
7 -2 -17 -13 -8 -1 -1 -3 
-6 -13 -2 -20 -10 -6 -3 -10 
-3 -1 8 10 -1 -7 -12 1 
-1 -8 -16 19 6 6 24 20 
0 10 28 -11 -2 -1 -2 -11 
3 6 -10 -8 -1 3 5 1 
14 11 -3 -6 -5 4 17 13 
-6 -20 11 17 7 -7 -31 -5 
2 -7 -24 -29 -2 -5 -1 -9 
-5 -11 -31 -27 -3 -1 -1 -13 
-1 3 2 2 -4 -4 -1 7 
-4 0 -15 3 -8 -4 -7 -19 
0 1 20 32 5 3 10 20 
8 6 15 1 -6 -7 1 -11 
-9 -16 -17 -28 0 7 -1 7 
-3 -3 -8 -14 -5 -7 -12 -2 
5 14 19 17 6 1 16 14 
0 -16 -2 17 4 10 24 9 
1 6 2 1 -2 -7 -21 -7 
3 5 -23 -40 -6 5 19 7 
3 -1 13 -9 -2 5 -13 -2 
-10 4 19 33 1 -12 13 1 
-8 -11 -33 -15 -4 -4 -29 -10 
-9 -8 3 2 -1 -6 2 -12 
-1 -17 -11 -6 -2 -1 -1 -3 
0 15 9 -2 -3 0 -2 -4 
3 -3 15 23 4 -1 -4 13 
6 -13 -30 -39 -11 -4 -2 -4 
-15 1 35 8 7 1 1 0 
-1 -4 -37 -16 -9 -3 -1 -1 
-1 5 10 -1 0 -3 1 -1 
2 -2 14 -8 3 -1 -23 -3 
0 -1 -20 7 -7 -6 15 -14 
11 3 13 12 7 2 -14 15 
-2 18 7 14 3 -1 -3 0 
-1 -6 22 23 -1 7 13 -4 
2 -10 -52 -50 -13 -6 -3 10 
-6 -8 -8 4 1 -3 -12 -6 
6 11 13 7 1 -1 9 4 
-12 0 -7 5 -4 -3 3 -13 
3 -4 12 28 8 3 -4 -4 
2 -5 -1 -24 -5 3 -10 -1 
2 4 -2 0 -1 -7 -18 1 
4 19 -12 -4 1 1 20 10 
-3 -19 -6 3 -3 0 2 -7 
-6 -8 -8 -1 2 0 8 -7 
-1 -1 -5 -7 -8 -3 -20 -7 
0 10 22 18 4 2 15 -2 
5 9 1 2 1 -2 -18 -1 
4 -9 -15 -7 -5 -2 -10 1 
-5 -1 -20 -32 -7 1 16 -14 
-4 -11 -8 0 2 -3 -24 -11 
3 14 19 21 8 9 26 25 
10 8 18 21 5 4 4 1 
6 -6 -13 -18 -7 -4 8 1 
0 -8 8 -15 -6 -4 -15 -2 
-4 3 12 -5 -5 -4 -9 -8 
2 5 -14 1 1 -1 11 4 
-2 -6 -8 0 -4 -5 -13 4 
-3 -13 -5 12 1 4 17 -6 
8 17 -2 17 9 2 10 5 
-10 -27 23 -16 -3 1 -8 -7 
-14 -13 -18 1 -3 -3 2 -4 
-5 -3 10 -4 -2 -3 -12 2 
-2 -7 -9 1 -1 -5 -14 -9 
-2 12 -15 -2 -6 -2 24 4 
0 -4 17 -2 9 -1 -15 -3 
6 7 -4 -2 -6 0 3 7 
-1 10 -15 -7 -5 -1 -10 -4 
0 3 13 6 3 -2 -7 -4 
0 -10 6 12 0 2 7 1 
0 4 -14 -3 -1 -1 0 9 
-6 -5 9 -4 1 -2 2 -1 
4 6 -5 6 -4 -4 -10 -9 
-5 -5 -5 -19 -9 -1 -2 -3 
-9 2 2 10 0 -2 3 -4 
-1 -9 -20 -6 -7 -7 -27 -9 
3 7 5 -23 2 2 19 20 
-5 -8 18 25 1 1 11 -15 
4 2 2 8 3 1 -4 2 
-6 1 -13 -28 -11 -5 -12 -7 
-7 2 -3 -1 -3 -10 -18 -3 
8 2 -1 3 6 3 15 5 
2 15 5 -5 6 -3 0 2 
1 -10 14 28 1 9 12 0 
-3 -9 -17 -7 -7 -3 -18 -7 
1 5 9 -9 3 2 7 2 
-1 -8 12 17 -1 4 4 4 
5 6 13 -8 -1 -3 4 7 
2 11 -10 -3 1 1 1 -9 
-2 -2 22 5 -1 -5 -6 -7 
-2 4 -16 -25 -2 -2 -2 -5 
-2 -2 15 15 1 -1 13 2 
-14 -28 -5 12 -1 -3 -14 -5 
-2 -5 -7 5 2 1 5 1 
5 7 1 12 3 3 -9 -5 
-6 0 28 -15 -9 -3 12 4 
6 -9 -23 -12 -3 -3 0 6 
2 14 15 12 0 2 5 9 
0 -4 -11 14 1 -4 -9 -4 
-3 -16 -13 -29 -5 -1 -5 -5 
-3 6 -6 -19 -3 -4 -6 0 
-3 -2 1 2 -3 -6 -14 -9 
2 -2 3 14 4 3 -5 10 
-4 7 17 29 3 -4 16 0 
-4 -15 -22 -15 -4 5 11 0 
0 -7 -11 -23 -3 0 -14 -3 
5 4 8 -1 -4 -3 9 1 
-7 3 -10 -6 1 -6 -11 -10 
5 6 1 -2 1 2 3 0 
-8 -2 -6 -6 -6 -4 -1 0 
-3 -13 -4 12 4 1 -3 -2 
5 4 -10 -16 -3 -1 -7 6 
-12 -12 -1 -22 -11 -8 -1 -4 
10 9 -16 -2 2 5 -1 -3 
-12 -2 -13 -13 -2 -3 21 12 
-5 -16 -5 12 0 -7 -39 -12 
-10 18 25 21 1 7 10 2 
7 1 -13 -8 -3 -5 12 18 
-11 -6 41 4 -4 1 -1 -17 
-1 8 -23 1 0 1 11 5 
6 16 -12 -9 -4 -1 -6 -3 
0 -11 -15 1 4 -4 -9 -4 
5 6 -7 -4 -1 -4 -2 4 
-1 7 30 3 -5 -5 -11 -5 
6 -8 -11 4 2 2 2 -1 
-3 -8 -7 1 -4 -3 6 -4 
-1 -2 6 4 1 1 1 -1 
-3 0 1 1 2 -2 -10 -5 
0 9 16 6 -3 -2 4 3 
1 3 19 10 3 5 6 3 
-3 -19 -23 -8 0 1 -8 -7 
-5 9 17 -15 -8 -2 4 -2 
2 10 6 20 7 3 6 -5 
-5 -4 -17 -21 -2 -5 -5 -3 
3 -1 -8 -5 -3 0 -11 3 
2 -7 -24 3 -1 0 -4 -4 
4 -5 13 5 4 -4 -1 -4 
-18 8 19 16 1 0 3 -8 
-1 6 8 4 -1 -1 9 -11 
-1 -12 -45 -31 -6 -4 -10 -5 
-1 -11 -8 -4 1 4 3 -13 
8 15 9 0 -1 0 14 10 
5 4 -3 2 2 0 0 -1 
1 -2 14 18 0 -2 -2 1 
-9 -14 -21 -25 -8 -2 -14 -6 
1 -3 -2 14 -1 -5 1 -2 
1 8 17 -11 -1 2 -6 -5 
11 2 42 56 8 -3 -12 9 
-12 -22 -73 -64 -9 -5 1 2 
-9 -9 -16 -44 -15 -8 -19 -9 
-4 -13 -11 -7 -4 0 20 0 
-7 1 -6 2 3 0 -6 -6 
6 7 33 45 9 6 2 6 
7 12 11 24 0 3 -3 0 
-5 -11 -8 -25 -4 -4 -10 -2 
-1 2 -6 -20 -2 -2 15 3 
8 -1 2 8 -2 -5 -2 0 
-6 -18 8 6 3 1 -1 -5 
-1 7 11 -4 -3 -5 -10 -1 
3 -7 -46 -31 -11 0 5 -3 
-8 6 23 12 3 -8 -1 13 
1 2 0 10 -1 -3 -4 1 
3 9 7 20 3 1 -3 7 
-7 -15 -17 -20 -6 -2 3 -6 
4 8 -6 -10 1 1 -6 -4 
0 -9 -13 -5 2 2 -3 -6 
-2 1 -9 7 -4 -7 -1 1 
-1 0 2 -1 -5 -2 2 -3 
-1 -5 12 -5 -2 -1 -3 -1 
-2 10 21 11 3 -2 -4 14 
-1 -25 -20 -23 -5 3 27 0 
-3 1 -18 2 0 -2 -13 -9 
-5 4 29 22 2 -3 -4 -7 
3 -5 -22 -4 -5 -3 -3 -7 
-9 -11 -10 -12 -4 -5 -19 -8 
-3 -2 7 -12 1 -1 8 2 
-3 6 3 13 4 6 -10 0 
-3 1 9 20 -1 0 20 -4 
0 -4 -5 -19 -3 -4 -13 -4 
-3 -22 -18 -18 -5 -2 -3 2 
2 -6 -9 -7 -4 -6 -11 -6 
1 -5 -3 -9 0 0 -1 1 
-1 2 -7 11 1 0 8 2 
-1 22 41 17 7 1 -8 -5 
1 9 28 33 1 3 -4 -1 
-9 -24 -23 -48 -7 -2 3 6 
1 6 -6 -11 -7 -2 3 -8 
-9 -18 -15 -9 -7 -6 -2 14 
-4 2 6 2 0 -5 0 1 
0 14 19 16 5 2 -5 -9 
11 15 15 26 4 1 -7 -2 
5 5 -3 10 8 7 6 8 
-10 -28 -19 -26 -11 -3 -1 -10 
0 -13 -28 -29 -8 -3 13 -5 
-4 4 21 10 -1 0 -6 13 
-3 -7 -9 2 -2 -3 2 -7 
1 4 15 14 3 0 -1 2 
3 4 -22 2 4 5 -6 -7 
-6 -1 1 5 0 0 3 -5 
-4 1 12 2 3 -6 -2 -2 
5 -7 -15 -4 -7 -1 -1 1 
3 -3 -19 -23 -3 3 0 -1 
-3 12 2 -15 -7 -5 -4 1 
-3 2 16 5 0 -2 0 -3 
-3 10 -3 5 4 -3 -2 -1 
0 -9 20 30 5 -1 0 5 
3 9 12 9 3 1 -6 -4 
4 -10 -35 -11 -4 2 -1 -2 
6 -6 1 -29 -7 -5 -4 5 
-13 -2 13 7 -3 -2 9 12 
-10 -3 -4 -6 1 0 0 -8 
-1 2 18 15 3 8 19 2 
1 -1 -5 3 -5 -10 -17 -6 
-2 -20 -26 -20 -5 -5 -15 -8 
-2 -4 10 8 -4 -4 -7 0 
