#EMG
#4
#ID:4-2
0 4 1 -1 1 -1 -3 -2 
1 10 -5 -5 -1 -3 -3 0 
-4 -13 3 3 0 1 -2 0 
0 -5 2 -4 -4 -3 -1 -4 
-4 -9 2 5 -1 1 0 -1 
7 5 -14 -6 -1 0 0 0 
4 5 9 2 -3 -1 -1 -1 
-7 -1 -5 -4 -3 -1 -1 -2 
2 3 1 -1 -2 -1 -2 -3 
-9 -12 -4 7 0 0 0 -1 
5 -3 2 -8 -4 -1 0 0 
-1 2 8 7 1 3 -1 0 
-4 5 -10 -9 -1 -2 -1 -1 
-3 -7 5 -6 -3 -2 1 -1 
-2 0 2 3 1 0 -2 -1 
6 5 -6 -4 -3 0 0 2 
0 0 -4 -5 1 -2 -1 -1 
-10 -12 2 5 -1 0 0 -4 
3 3 3 9 1 -2 -2 1 
0 5 5 -5 -3 1 -1 -1 
-4 -1 -4 0 -3 -2 0 -1 
0 -6 -12 -1 3 0 -4 -2 
2 3 -4 -11 -4 1 1 1 
-1 3 -6 2 -1 -4 -2 -2 
0 -7 -4 -4 -3 0 0 3 
-2 -1 1 -3 -2 -3 0 0 
-2 -1 -4 -12 -1 -1 -1 -3 
4 1 3 2 1 0 -1 -1 
1 -9 6 1 -3 -1 1 -2 
0 8 -10 4 -1 0 1 1 
-8 -3 -2 8 2 -1 -1 -4 
-4 -9 -11 -13 -3 -3 0 -1 
-1 -1 1 -2 -1 -1 -2 -1 
1 3 -3 -7 0 2 -1 0 
4 6 1 5 -3 -1 0 1 
-4 -5 10 9 2 0 0 -1 
-6 -1 -5 -8 -2 1 1 -1 
-5 -5 -1 -4 -1 -1 -2 -2 
-4 1 -8 -6 -1 -1 1 -2 
1 -1 0 -5 -2 -3 -2 0 
-1 -4 3 4 -1 -1 -2 -1 
2 -5 -6 -4 -3 -2 -1 0 
-4 -3 -7 -3 0 0 0 -2 
3 3 1 -1 -3 -1 1 0 
5 4 -11 -4 -1 0 -2 -3 
-8 0 3 7 -3 -2 -1 -2 
1 -5 -7 -7 -3 -4 -3 -1 
-3 -5 3 -11 -5 -4 -3 -1 
-3 0 -7 -9 0 -1 2 3 
4 2 0 -5 -3 1 0 1 
-3 -1 11 11 -1 -2 -2 -5 
1 2 -8 6 1 1 -1 -3 
-9 -9 5 1 -4 -4 -4 -4 
2 11 -2 -6 0 -1 -1 1 
2 -2 -9 -5 0 -1 -1 1 
6 6 0 11 4 -2 -1 0 
-4 -7 7 -5 -6 -4 -3 0 
-6 -9 14 -2 -2 -1 -1 -4 
-2 -11 -24 -4 -3 -2 -2 -2 
-4 -1 -7 -1 1 1 -1 -3 
5 3 0 10 2 1 2 0 
4 4 11 0 0 -1 -1 -1 
-12 1 13 7 0 0 -2 -3 
-6 -11 -11 -8 1 -1 -1 0 
1 1 -4 -11 -3 0 -1 0 
2 -2 -3 4 1 1 0 -1 
11 6 -11 -13 -4 -2 -1 1 
-3 -6 2 -4 -4 0 0 -1 
-7 -1 -2 1 0 -4 -3 -3 
-3 -1 -3 2 -2 -3 -2 -3 
2 -2 9 13 1 0 -2 0 
1 2 -8 -16 -3 -3 -3 0 
2 -13 -25 -2 -3 -1 -3 0 
2 -3 -16 -1 3 0 0 -1 
-8 4 19 12 1 0 -1 0 
-4 -8 -14 -14 -7 -6 -4 -1 
-10 8 23 27 8 1 1 0 
0 4 20 -6 -4 0 -1 2 
-1 -11 -30 -19 -3 -2 -1 -3 
1 0 -7 -17 -7 -4 -1 -1 
0 -3 -7 -1 -2 -1 -1 2 
0 -1 11 19 3 -3 -4 -5 
0 7 19 16 4 0 -1 3 
-5 -5 -16 0 0 -2 -2 -6 
3 8 -3 -11 -1 -3 -2 1 
-1 -3 4 -10 -3 2 0 -3 
6 5 12 8 2 -1 -1 4 
-9 -5 7 27 6 2 -1 0 
-4 -1 7 -30 -13 -4 -3 -5 
-13 -9 -11 0 1 -2 0 -1 
-1 0 -9 -3 -3 0 0 -1 
2 3 22 21 4 2 1 2 
-3 -18 -56 -51 -16 -7 -5 -3 
-3 1 10 0 -5 -3 -5 -9 
-4 -1 -1 -11 -1 -2 1 -1 
4 1 -9 -3 -3 -2 -4 -10 
2 9 34 37 11 5 10 11 
-2 -11 -16 -10 -6 -4 -4 0 
-3 -8 -14 -12 -1 -3 -10 -16 
3 9 6 6 -1 2 13 13 
-6 0 4 7 2 -2 -7 -7 
-3 -1 9 14 -1 -1 5 4 
-3 -3 -5 -29 -8 -3 -9 4 
3 3 1 -11 -3 0 -1 2 
4 -1 9 14 2 1 -4 -1 
-4 0 3 17 5 0 -1 0 
-6 -1 22 2 2 2 6 1 
-4 -2 -13 -22 -3 -2 -6 -8 
-4 -12 6 6 -3 -4 -2 -3 
7 3 -16 2 2 0 -2 0 
-1 -7 -4 -5 -2 -1 0 -1 
0 -1 1 3 -1 -1 -3 1 
1 7 18 4 1 1 3 0 
3 3 -32 -25 -5 -4 -2 -4 
-4 -7 -18 4 -3 -2 0 0 
-7 -8 -13 -1 -3 -3 -5 -6 
3 2 14 10 6 0 0 1 
0 -1 5 -5 -3 -3 -3 3 
3 5 -15 4 1 -1 12 1 
0 -3 23 12 1 1 -7 -9 
-8 0 -16 -26 -3 -3 2 -4 
3 -3 1 -5 1 -2 -3 1 
5 6 20 19 2 1 -3 1 
1 -4 -9 -13 -4 -4 -1 -1 
3 10 0 12 -2 0 0 -5 
0 6 -1 -10 -3 1 2 -2 
-4 -4 -5 6 0 -4 -4 -2 
5 12 15 4 1 -1 -1 -1 
0 -29 -50 -28 -11 -5 -6 -1 
-3 1 1 -3 0 -1 0 -1 
-5 -11 2 -5 -2 0 -5 -3 
4 5 0 3 -1 -4 2 7 
1 7 6 17 3 6 0 0 
-9 -5 15 -1 -1 -2 -1 -4 
7 2 -11 -8 -4 -2 -4 -2 
-8 -4 -11 -10 -1 0 0 -3 
-5 2 23 12 0 -3 -6 -2 
3 0 -31 -13 -2 -1 -1 -4 
0 5 11 -1 -3 -1 -1 0 
-1 -5 1 -3 0 0 1 -1 
-1 -5 -7 2 1 -3 0 -3 
-2 -2 11 32 3 2 0 1 
1 -4 -41 -44 -8 -5 -6 -6 
2 -3 -9 -1 0 2 4 5 
0 7 5 0 2 -1 1 2 
2 0 21 6 -2 3 -1 3 
-5 -3 -3 19 1 0 -2 0 
-1 -5 -2 -31 -6 -1 -3 -3 
-5 -2 4 7 2 -1 0 0 
4 -2 -8 -15 -3 -3 -1 -2 
-1 5 23 19 -1 -2 -1 -5 
-3 -1 -7 17 3 -3 -6 -2 
6 8 16 16 3 3 2 -3 
-7 -8 -15 -30 -6 -1 3 -1 
-7 -7 8 2 1 2 -4 -4 
-12 0 0 9 -2 -3 3 -1 
7 0 -9 -7 -1 -2 -6 -1 
-5 1 -6 -9 -2 -3 2 -3 
1 2 -2 -4 0 3 2 1 
1 0 10 13 0 -1 0 2 
1 3 16 11 -1 -1 -6 0 
-2 -5 -3 -10 -2 -2 0 -2 
-12 -12 -9 -25 -3 0 7 -2 
-2 -2 -4 -10 -10 -2 0 1 
-1 -1 -4 -10 -2 -4 -3 -6 
3 0 -5 2 6 1 7 12 
4 4 9 18 5 1 -8 -1 
-10 -6 7 0 -4 1 -5 -2 
-4 -14 -3 -6 -1 -2 -1 -7 
0 8 23 29 2 -1 -6 -4 
15 11 -5 -7 1 0 -2 6 
0 -13 -56 -16 -4 0 6 1 
-13 0 -3 -18 -9 -4 -3 2 
8 6 5 -18 -2 -2 -2 -3 
0 11 -11 10 -1 -4 -8 -7 
5 13 17 2 5 -1 -4 -4 
12 -13 -10 8 -1 -1 2 5 
-11 7 -9 18 1 0 -1 0 
2 6 13 2 1 0 1 5 
0 -12 -26 -23 -7 -4 -6 -4 
-13 -4 16 -1 -1 -2 -22 -8 
-3 -6 5 -20 -8 -3 24 -4 
-2 -5 -3 3 0 -4 -6 6 
9 8 5 14 0 0 4 4 
4 4 1 11 8 4 -5 11 
-4 -12 -5 5 1 -1 5 -14 
-8 8 23 15 2 0 -4 -14 
2 -9 40 13 -2 1 7 4 
-7 -2 -78 -43 -7 0 3 4 
4 3 5 -22 -9 -6 -16 1 
-10 -10 -30 -25 -8 -1 12 1 
-5 -5 -2 -4 0 -5 -10 -9 
2 2 13 14 1 -1 3 -8 
3 3 4 23 8 3 -1 4 
5 -19 -10 -16 -10 -5 -4 -4 
-14 8 13 6 -2 3 -3 -1 
-5 -2 -27 -18 -8 -4 -5 -5 
2 2 3 15 2 -1 2 5 
-3 8 -10 -7 1 -1 0 2 
8 13 10 25 7 -2 0 5 
-21 -13 36 0 1 4 6 -1 
-4 -2 -55 -59 -18 -11 -18 -16 
-1 -11 10 -6 -4 2 7 -5 
6 6 -12 -13 2 -1 7 6 
-3 14 12 30 8 6 9 -5 
-2 -10 20 19 -3 -6 -25 -10 
-1 13 32 -2 0 4 12 4 
5 11 -17 -7 1 0 9 1 
1 9 20 23 4 -8 -15 -5 
9 11 18 1 4 6 -1 17 
4 1 -65 -40 -5 -1 36 4 
-7 -2 20 6 -1 -2 -9 -2 
5 1 -20 -19 -7 -4 7 2 
-11 -7 2 26 5 5 -11 -2 
-5 -10 35 34 5 -3 0 -8 
-1 -6 6 8 -3 -3 0 3 
-4 -2 5 -18 -1 2 1 -2 
3 3 -24 -10 -4 -8 -1 0 
-7 -2 1 4 -3 -6 -23 -8 
-2 -20 -2 -18 -4 0 -1 1 
6 -1 4 2 -5 -4 8 -10 
14 -2 -5 1 0 3 1 2 
-13 -21 -18 6 -1 -2 -5 -5 
-13 -11 -22 -27 -18 -13 -28 -20 
14 15 8 11 5 2 -2 14 
-18 -8 24 6 3 -1 10 -5 
10 25 -20 -26 -7 -9 -12 -1 
-16 -25 17 15 5 1 -3 -7 
-4 -27 -37 -29 -11 0 -2 -4 
4 3 9 10 9 -1 -1 -5 
2 12 -7 14 3 2 -5 7 
6 10 28 1 -2 0 6 3 
16 11 -11 11 5 -3 -2 1 
5 26 7 9 -2 0 -2 0 
-18 -35 12 -4 -10 -2 -3 3 
2 10 -28 -24 -3 0 0 -4 
4 -18 16 12 4 -5 -1 0 
4 49 5 8 13 3 1 2 
-5 -29 -18 -16 -13 4 -4 -3 
14 19 -21 -24 -8 -6 0 2 
-11 -7 -35 -37 -16 -5 -5 -4 
6 22 -12 9 4 0 3 1 
6 -2 -11 0 4 -1 0 1 
-1 -12 4 21 8 5 2 4 
-1 -3 21 4 0 0 2 0 
-12 -12 2 7 -2 0 1 3 
8 44 30 10 0 -4 -6 -2 
-16 -17 33 7 -3 -5 -3 -7 
4 9 -28 -11 -5 -4 0 3 
-3 -35 -15 -5 -4 -1 2 3 
14 2 36 48 12 3 1 0 
0 28 -38 -40 -5 -2 -5 1 
-10 -37 -40 -43 -7 0 8 2 
-10 -2 2 -11 -15 -7 -7 -7 
2 -16 1 -1 -4 -5 -7 -5 
-2 -25 -48 -2 6 5 6 1 
-5 28 84 17 3 -1 0 1 
1 -21 -36 -27 -5 -1 1 3 
0 -3 9 17 4 3 -12 4 
-1 9 24 13 -3 -5 18 -4 
0 1 -19 10 6 5 -11 -4 
2 -2 -30 -19 -3 -4 2 -2 
8 1 11 -9 -4 -1 -2 7 
-32 -48 -10 3 -1 -13 -68 -23 
-4 20 25 20 4 19 67 29 
-4 -12 22 18 -1 3 16 12 
20 20 -52 -21 0 -3 3 9 
8 -4 -8 1 4 0 6 6 
0 -11 14 11 -4 -14 -42 -16 
-14 -13 17 -6 -4 2 -7 -15 
-2 1 -2 -1 2 0 5 -1 
2 -4 25 55 16 10 16 3 
-4 -5 -16 -32 -8 -2 -12 -4 
5 -3 -6 -7 -2 -2 11 4 
-11 -6 16 -14 -8 -6 -8 -6 
14 21 6 8 0 1 9 2 
-4 3 -2 6 3 3 -1 1 
-5 -9 -4 -9 0 -1 5 5 
-9 3 -1 1 1 -4 -4 -11 
9 -7 4 5 4 7 -2 2 
-13 -21 0 8 4 2 14 8 
-10 13 14 -4 -8 -9 -27 -2 
-11 3 1 -2 4 3 7 3 
9 21 32 15 -1 -2 5 3 
8 -13 -80 -42 -13 -12 -17 -15 
3 5 3 -3 4 7 -3 -1 
-14 -17 11 6 -10 -6 -1 -8 
-6 -6 5 -16 -4 -1 2 2 
6 6 2 26 3 -2 -4 0 
-2 -16 -14 -2 1 -4 0 -6 
0 2 -9 33 10 2 3 1 
-5 -7 0 -25 -7 -1 -1 -3 
-2 -6 25 -9 -5 -4 -7 -4 
-1 -17 -17 -29 -14 -4 -2 -2 
-1 20 13 -8 2 1 1 -1 
-1 -4 -14 7 -2 -3 -3 0 
-11 5 16 13 2 2 -1 -6 
5 24 22 47 8 2 0 6 
5 -20 -12 -13 -4 -3 1 -1 
-2 7 -9 -33 -11 -5 -1 5 
-3 -5 -2 -23 -9 -8 -3 -3 
7 -17 -30 -3 -2 -3 -1 -10 
-13 -32 13 10 5 1 -4 -15 
1 4 -2 15 2 -2 0 9 
10 12 6 16 2 0 -7 -5 
-9 14 15 -7 0 2 7 1 
-1 -22 -27 -23 -6 -1 1 2 
-3 1 -18 -8 -5 -8 -22 -11 
-3 6 28 27 10 1 1 2 
3 -13 -14 -5 -7 -5 -13 0 
0 12 -12 -1 1 7 12 10 
2 16 7 -19 3 6 27 0 
5 -4 20 33 0 -7 -7 -1 
-3 -11 -10 -15 1 1 -4 0 
-6 6 -28 -30 -14 -9 -16 -10 
-1 17 -4 2 1 1 -1 2 
-5 -5 33 21 11 11 28 7 
-4 -34 -27 -19 -10 -5 -16 -12 
1 4 28 7 1 -7 -12 6 
-2 -7 -19 19 2 5 -3 -4 
-16 5 10 -7 1 4 34 1 
-2 -10 17 14 8 3 -9 0 
-3 6 -24 -11 -6 -5 0 -1 
-10 -6 37 2 -1 -3 -7 -8 
2 -19 -71 -27 -6 0 -16 -8 
-7 11 -12 -38 -9 -8 4 -6 
-2 -10 20 37 6 2 4 0 
4 5 22 4 -2 -3 -14 -1 
6 30 4 11 1 1 1 -3 
-2 -47 -11 19 5 -2 -6 5 
1 24 22 -15 -7 -4 3 -21 
-10 -5 -15 -5 -5 -4 1 -9 
-4 -8 -29 -18 -4 -2 -15 -1 
9 21 10 18 3 3 3 8 
0 -8 -14 -34 -3 -2 -10 -17 
1 -3 0 18 5 0 -7 11 
0 -19 -5 -17 -9 -7 -9 -10 
-11 12 23 10 3 1 20 -2 
-1 -7 -24 7 3 4 -9 3 
5 -2 26 -4 0 -1 29 9 
7 -23 -22 1 -3 -9 -29 -5 
-8 -18 -29 -6 -5 -3 -4 -6 
-11 -11 2 13 0 5 17 6 
10 9 -34 7 5 4 -2 3 
1 19 48 -5 -3 -3 2 6 
5 8 7 -26 -8 -3 2 -3 
-2 24 82 27 -5 -9 -14 2 
0 -29 -109 -63 -15 -5 9 -8 
-9 -13 -14 -2 -5 -3 -11 -2 
0 15 17 8 11 4 4 -5 
19 14 1 5 6 6 6 19 
-6 22 40 18 -1 -3 -7 -10 
2 0 -3 -6 4 -2 4 6 
-22 -37 20 9 -3 -3 -4 -14 
6 16 5 -1 -5 0 2 14 
-10 -4 -7 14 -6 -10 -7 -13 
6 -2 -7 -11 10 9 0 -1 
-8 -7 -13 -4 -8 -6 -10 -11 
-11 -21 6 14 5 -4 -3 -6 
10 0 9 -25 -3 12 7 16 
5 27 16 7 2 4 10 8 
-3 4 -22 -13 -14 -12 -15 -19 
-5 -26 -8 0 3 0 4 -1 
2 19 23 -11 -5 -6 -11 -3 
2 3 -23 0 1 3 7 7 
4 -3 0 8 6 8 6 13 
-6 -4 -68 -11 -6 -8 -5 -9 
-6 40 23 -3 1 1 0 -1 
-6 1 45 10 -5 0 0 -4 
0 17 4 2 1 1 3 5 
2 14 8 -15 -4 0 11 1 
-6 -32 -1 31 5 -1 -20 -3 
0 -2 -5 -19 -3 0 17 -1 
-5 7 -21 -3 -11 -9 -12 -9 
-5 -12 -10 7 2 -2 3 3 
8 1 0 -9 3 7 12 8 
-5 -4 10 2 -1 -5 3 -5 
8 2 18 20 6 3 -2 6 
2 5 13 -12 -2 -4 -16 -5 
-6 -12 -7 16 -5 -5 -14 -7 
-2 9 -13 -28 -1 5 12 0 
8 3 26 9 6 3 -3 4 
3 -1 -15 -31 -11 -4 5 7 
-6 -16 -18 16 0 3 16 -5 
0 -13 -12 1 -8 -9 -11 -4 
4 17 11 6 2 1 -3 9 
8 19 9 11 14 7 0 1 
-15 -40 -16 -19 -13 -7 -9 -7 
-10 -20 -40 -43 -14 -7 -11 -5 
0 0 1 10 4 5 13 1 
3 -15 5 -3 -4 -5 -8 -1 
-2 14 -28 -4 2 -2 8 1 
4 3 7 25 4 -5 -12 -4 
-1 6 -10 -34 -3 1 3 3 
6 -5 -20 7 3 1 4 -1 
9 5 31 15 3 -5 -6 0 
-4 5 -6 19 -1 -1 -8 -3 
1 -7 -22 -21 -2 5 18 0 
9 31 43 8 -3 -5 -17 -4 
3 -46 -32 -8 3 2 4 0 
-16 4 51 36 6 3 -5 -2 
2 8 -10 -15 -3 -8 -4 1 
1 -6 -1 -7 -4 2 2 -1 
-9 0 -4 -12 -6 -5 -2 -7 
10 -1 -10 -15 -2 3 1 3 
2 -25 -5 27 5 -5 -8 -5 
-15 -9 27 17 2 0 5 0 
-4 13 -12 -27 -8 -5 -7 -3 
-1 1 0 11 -1 -3 -13 -2 
3 10 -1 -4 0 4 26 7 
2 -10 -29 -8 1 -2 -16 -4 
6 16 -3 0 0 -3 0 -3 
-6 -6 9 -1 0 -2 -1 -3 
7 2 29 9 3 1 -5 7 
-12 -10 -22 -4 -4 0 4 -8 
3 8 21 -8 -4 1 3 3 
-4 4 -20 -6 -8 -7 -4 -4 
0 6 23 7 4 2 -5 -2 
-8 -13 -16 -6 -3 -10 -15 -3 
-7 -1 -7 -2 -1 5 13 -2 
6 -2 -1 -7 -1 -2 2 3 
-9 -13 -19 0 -5 -3 -12 -4 
-6 -2 2 -9 -3 1 0 1 
6 5 -2 9 9 0 -7 -2 
-16 -2 19 -4 -4 -3 1 0 
-4 2 2 2 -3 -1 -9 -3 
-5 4 -8 -1 -2 -2 9 -7 
4 -11 8 4 -3 -1 9 9 
4 -4 -14 -6 -2 -1 -8 -7 
-1 11 -3 1 0 -1 -7 -3 
1 -11 22 5 -1 -1 5 0 
-6 -2 -13 0 2 -1 -8 -2 
5 -8 -18 -13 -5 1 0 -5 
-3 -5 1 -3 -5 -6 -7 -3 
6 11 -19 -10 1 3 6 5 
-1 5 10 13 2 -3 -8 -5 
-6 -12 -17 -4 -2 -3 12 3 
-1 9 6 -5 3 3 7 4 
-1 0 11 4 -2 -1 2 1 
-3 -5 -13 -11 -3 -1 -13 -9 
4 1 4 13 4 -5 -11 0 
0 -5 -2 -20 -5 1 11 -1 
-2 6 6 -2 -4 -1 -4 3 
1 -11 -13 -7 -2 -7 -12 -5 
0 7 12 8 1 3 9 -5 
3 4 -15 3 -2 -1 6 2 
-11 -3 -2 -2 2 -2 -13 -5 
2 13 17 -3 1 5 11 2 
1 6 7 12 3 -1 -13 -4 
-1 -26 -16 -3 -2 -9 -5 -2 
-8 -11 -25 -20 -6 1 2 -7 
0 -1 21 8 -1 -1 2 4 
-3 -4 -1 -1 0 1 1 5 
-6 6 13 10 0 1 0 -13 
4 17 -2 11 3 1 -1 4 
-4 -4 5 4 1 -3 2 1 
0 1 -3 -25 -6 -2 -6 4 
-5 -3 11 2 -2 -2 -2 0 
-4 -4 2 -21 -5 0 5 -3 
2 12 10 6 6 1 -5 0 
-4 -17 -19 -4 -4 -3 0 -5 
0 4 -9 -5 1 -2 -6 -1 
2 -1 8 4 -4 -1 -1 -2 
0 -1 -6 3 -1 1 -4 -1 
-2 -6 8 10 3 0 9 -1 
-14 2 18 4 -1 2 -4 -2 
-1 -10 -16 -14 -4 -4 -2 0 
4 -2 4 -4 -3 3 6 0 
-2 -1 -10 6 3 0 3 3 
1 7 19 10 -2 0 -4 0 
-3 -5 -29 1 0 -2 5 -2 
-7 -8 -8 -19 -4 -7 -19 -6 
5 13 2 -11 -5 1 9 0 
9 4 7 3 3 1 -1 6 
-7 -19 -9 8 0 -3 1 -3 
3 9 12 7 -3 0 1 3 
-2 -20 -23 7 2 3 -1 0 
3 4 -10 -14 -6 -4 -8 -3 
2 -4 -6 4 2 -1 -3 0 
-2 2 33 14 1 1 4 4 
0 6 -8 -5 1 1 -3 0 
-3 -6 -5 -5 -1 -1 2 0 
1 1 3 -1 -2 -2 -7 -3 
-3 -8 -41 -13 0 1 4 2 
0 14 29 5 -2 -7 -5 -3 
0 -7 -7 3 -3 -3 -6 -4 
5 5 1 2 -3 0 5 4 
-9 1 13 3 -2 -3 -3 -6 
-2 -1 -2 -8 -2 4 1 -2 
-1 -3 -22 -3 1 -1 -1 -2 
1 4 19 8 4 -1 -2 1 
-1 0 -11 -6 -6 -2 2 2 
-3 -8 -7 -13 -2 -5 -11 -9 
-1 -2 -7 0 -2 0 6 0 
2 17 18 6 1 -3 -4 0 
-3 -17 -7 -1 0 0 8 -3 
-2 -6 -11 -4 -4 -5 -3 -1 
-2 0 3 6 -1 3 -1 -3 
-3 2 5 4 -5 -2 -3 -1 
3 4 6 5 4 2 0 2 
7 11 3 -6 -2 -2 0 5 
-1 -5 -11 -13 -2 0 1 0 
-8 -8 -1 -2 0 1 -2 -2 
3 0 -15 -6 0 -3 -7 -4 
0 1 17 22 1 -2 1 0 
-3 -3 -18 -19 -3 -3 -5 0 
-1 -6 1 -4 -3 2 7 1 
3 4 4 1 -2 -3 0 -3 
-9 -4 -13 -6 0 1 -4 0 
-3 -1 9 11 6 1 -7 -2 
3 3 -5 4 -2 -2 -3 -1 
-1 1 -3 2 0 0 1 1 
-5 -15 -18 -18 -7 -6 -3 -2 
0 0 4 4 -2 -4 -1 1 
-2 -2 -5 -11 -2 -1 0 -2 
-1 -10 5 -2 -6 -4 -5 -4 
-2 -4 -16 5 3 1 -1 2 
0 3 5 3 -3 -3 -1 0 
-1 7 14 4 -1 2 4 -1 
-8 -18 -25 -15 -7 -4 -5 -6 
-2 5 12 1 -1 -1 -3 -4 
-3 -5 -3 -5 -3 -4 2 -2 
3 -2 -8 -5 -1 -1 -3 1 
-2 -3 -3 9 4 1 -2 7 
-8 -2 10 -4 -5 -2 0 -5 
2 10 6 4 0 -2 -1 0 
-4 -12 -12 -5 -3 -4 -5 -4 
4 4 0 -2 1 4 4 6 
-4 4 9 9 1 0 -2 0 
-2 2 13 7 0 -1 -1 1 
-3 -5 -15 -6 -1 -2 -1 -4 
2 -8 11 -6 -4 -2 -3 -3 
-1 -4 -11 3 1 -5 -3 -3 
-3 4 -5 -9 -2 0 3 -1 
-1 -3 -5 -5 -3 -2 -4 -2 
1 10 9 6 -2 -3 -1 -3 
6 5 12 8 4 3 0 0 
1 0 -9 -19 -4 -1 2 -3 
0 -8 11 1 1 -3 -4 1 
-13 -1 3 2 -1 0 3 -6 
1 10 4 -1 -1 -2 -3 1 
-6 -15 6 13 0 -1 -3 -6 
4 2 -19 -18 -3 0 4 4 
-4 -1 5 7 -1 -3 -10 -6 
4 7 11 -5 -2 1 -1 -1 
1 -8 -32 -2 -2 2 -2 0 
-2 1 20 12 -1 -1 2 0 
-1 2 0 -8 1 -1 3 -1 
1 -4 -15 -3 -1 0 1 0 
0 -5 -1 -3 0 -4 -5 -1 
0 2 0 3 -1 1 2 -2 
-1 4 6 6 -1 -2 -3 -3 
-4 -7 -8 0 -1 3 3 2 
1 4 -1 -1 -3 1 3 5 
-3 -12 -4 -8 -3 -4 4 -3 
-1 2 0 -6 -2 -2 -5 -3 
1 -3 9 4 -2 -1 -1 -5 
-1 -2 3 3 0 -2 -4 -2 
1 9 -11 7 0 -1 -5 0 
1 1 -4 -12 -3 -2 0 1 
-3 -16 -30 -20 -4 -5 -5 -5 
-5 7 8 1 -1 3 1 0 
-3 -6 -1 2 -3 -3 -1 -3 
0 -1 6 4 -2 -1 1 3 
3 -2 -23 -6 -1 -1 1 1 
0 -3 -1 -2 -3 -6 -3 -2 
3 5 0 4 4 5 -3 -2 
-7 -4 -5 8 3 2 -1 -2 
0 -12 4 -15 -8 -4 -1 -1 
-2 -2 -6 -9 -3 -5 -4 -3 
7 -2 1 -7 -2 0 -3 4 
-7 3 -3 1 0 -1 0 -4 
-1 9 18 11 4 3 1 1 
-2 4 -3 7 3 1 0 -4 
-2 5 -11 9 1 -4 -5 -1 
3 -9 -2 -16 -1 0 3 1 
-6 0 4 -10 -5 -2 -1 -2 
2 -7 -1 -6 -4 -2 -2 -1 
-7 1 7 -2 -1 0 -1 2 
6 6 -9 4 2 0 3 3 
-1 -2 -3 6 2 2 0 -2 
-1 -2 5 1 -2 -3 -2 -2 
-4 -6 0 4 1 -1 -4 -6 
4 10 -4 2 -5 -2 -2 -3 
0 -5 -4 -10 -3 -2 0 -3 
-4 -6 -2 -9 -3 -2 -3 -1 
-3 -8 -5 -14 -4 -2 0 -1 
-1 -5 -13 2 0 0 -3 0 
0 -2 12 12 2 3 3 3 
0 11 5 5 2 1 2 -1 
-5 -4 -1 10 5 0 -6 -2 
4 -3 8 -2 -7 0 3 -2 
-4 -9 -22 -24 -5 -3 -5 -6 
-2 -7 -5 -8 -5 -1 1 -1 
1 3 5 -1 -1 0 1 3 
0 -6 5 5 1 -2 -2 0 
4 10 10 12 3 -1 0 1 
