#EMG
#4
#ID:4-7
-1 -4 -7 -5 0 -1 -1 -1 
1 -1 -3 3 0 1 -1 -1 
-1 -3 -2 -6 -1 0 -4 -2 
-3 -9 -8 -5 -2 -2 -2 -1 
-1 0 2 3 -1 -2 -3 0 
1 1 13 0 1 1 -1 0 
-1 -5 1 5 2 0 -1 -2 
-2 -5 -12 -2 -3 -3 -1 -3 
-3 -4 -2 -7 -2 0 1 -1 
0 -1 -4 -9 -2 -2 -1 0 
1 4 6 2 0 -1 0 0 
-1 0 6 4 0 0 -1 -1 
-1 -8 -10 -4 -2 -3 -1 -1 
-2 3 -2 -2 -1 -2 0 -1 
1 1 -8 -4 -1 1 -1 1 
-1 1 4 2 0 -2 -2 1 
-1 0 1 -5 1 -2 -1 -3 
-1 -4 -11 -9 -1 -1 -1 -3 
-3 -3 -3 -12 -7 -3 -1 -1 
-1 -3 1 1 -1 0 0 -3 
1 0 1 8 -4 -1 -1 1 
-2 -2 -2 -4 -2 -2 -1 -2 
-1 1 1 3 -1 0 0 -1 
-1 -1 -4 -2 -3 -2 -3 1 
-1 1 4 -1 -3 -2 -2 -2 
-1 -5 -4 -4 -1 0 0 -1 
0 -3 -3 5 2 0 -1 0 
-1 -4 4 1 -1 -1 -1 -1 
-4 -4 -16 -15 -3 -2 -3 -2 
0 3 2 1 -2 -1 0 -1 
-3 -3 5 3 1 -2 -1 -2 
0 0 -5 9 -1 -2 0 0 
-1 1 -6 -19 -5 -2 0 -1 
-1 -4 -3 1 -2 -1 -2 1 
1 3 0 -1 -1 -2 -2 -1 
-1 -1 3 -4 0 0 -2 -2 
-2 -3 1 6 -2 0 1 -1 
0 2 -5 -4 -1 2 1 -1 
-2 -6 -4 -1 -3 -1 -3 -1 
0 -3 -4 -3 -2 -2 -2 -1 
-2 -1 6 6 1 -2 -1 0 
0 -2 4 -5 -2 -4 -2 -2 
-2 -3 -11 4 2 1 -1 0 
-3 -6 -1 -7 -1 0 0 -2 
0 -1 2 8 0 0 -1 -3 
-2 -3 -2 3 2 -1 0 -1 
-1 1 -3 -7 -4 -2 -2 -1 
-3 -2 -7 -4 0 0 -1 -2 
-2 -4 0 1 0 0 -2 -1 
-4 -4 5 -1 -2 -1 -2 -4 
2 1 -2 -5 -1 -1 -1 1 
-1 -2 -5 -3 0 -1 -1 -1 
1 7 6 8 3 0 -1 3 
0 0 -2 7 -1 -1 -2 -1 
-2 -7 8 1 -1 2 -1 -1 
-2 -4 -7 -18 -7 -5 -3 -4 
0 -4 -5 -5 0 -4 -1 -1 
0 1 2 2 0 -1 0 -1 
-1 2 -8 0 0 -2 -1 -1 
-2 0 3 6 0 -1 -1 0 
0 -1 3 1 -4 -2 -2 -4 
0 3 6 4 4 1 -2 1 
0 -3 -6 5 -4 -1 1 -3 
-2 0 2 -8 -2 -1 -1 0 
-1 -3 -6 -8 -3 -2 0 -1 
0 2 0 -1 -1 0 -2 1 
-3 -1 5 1 1 -1 -1 -2 
2 5 5 6 2 -1 -1 1 
-2 -8 -1 8 -1 -2 -3 -3 
-3 -5 -4 -3 -3 -2 -2 -2 
-4 -2 0 -12 -2 -5 -4 -3 
-3 -3 -9 -9 -4 1 0 0 
-3 -1 1 -5 -2 -1 -2 -2 
0 1 -3 3 -1 -1 1 0 
-1 -2 -10 -1 -2 0 -1 -1 
-4 -3 0 3 0 -3 -2 -3 
0 0 8 10 0 -1 -2 -1 
-3 -9 -2 -12 -4 -1 -1 -4 
0 2 1 -2 4 -1 -1 -2 
-1 -4 0 0 -2 -1 -1 -1 
0 3 5 5 1 1 1 -1 
0 -5 -6 -5 -2 -2 -1 0 
-2 -5 -7 -9 -2 -1 -1 -2 
0 0 -2 -2 -2 -2 -2 -4 
-2 -2 0 2 -1 -3 -1 -1 
-1 -1 0 6 1 -1 -3 0 
0 -1 5 1 1 1 -2 -1 
0 -3 -13 -2 -1 0 0 -1 
1 4 1 -5 -3 -1 1 -2 
-1 -1 5 -3 -6 -2 0 1 
-3 -2 -9 -13 -4 -2 -2 -1 
-1 -3 2 8 -1 -4 -2 -2 
1 4 -4 -8 0 1 0 0 
0 -1 -3 -2 -2 -3 0 0 
-2 -1 -5 -3 -1 0 -2 -3 
2 0 8 8 -1 -1 -2 0 
-1 1 -4 -10 -2 -1 1 -1 
-1 0 -5 -1 -3 -3 -3 -1 
0 1 4 9 6 1 1 1 
-2 0 -2 -1 -5 -3 -2 -2 
-3 -5 -2 1 0 0 -1 -1 
0 -1 12 13 -2 1 1 0 
0 1 -18 -26 -4 -3 -2 0 
-2 -2 -3 -2 3 0 -1 -1 
-2 -1 -3 -3 -1 -2 -1 0 
-3 0 -2 2 0 -3 -3 1 
-2 1 12 19 1 0 -1 -3 
1 3 -3 -5 -3 -2 0 0 
-3 -5 -15 -11 0 -3 -1 -2 
-1 1 -6 0 0 0 0 -5 
2 -5 -10 -2 -9 -3 -3 -3 
-4 -2 4 -1 -2 -2 1 7 
-2 1 8 6 2 -1 -1 -2 
2 4 -1 -1 -1 -1 -2 2 
-1 -4 2 3 -1 0 -1 -4 
-7 -4 1 -5 -2 -4 -5 -10 
2 -3 -1 8 0 2 6 8 
1 -4 -15 -12 -1 -2 -4 0 
-1 3 9 6 0 -2 -1 2 
1 2 -2 -8 -1 1 -1 -6 
7 -9 7 -7 -6 -2 -2 4 
-16 -1 -13 8 0 -4 -4 -21 
0 -4 3 4 1 -2 0 -1 
1 -4 8 6 -2 1 0 2 
-2 3 -25 -27 -3 -1 -2 1 
3 3 12 3 -3 0 1 3 
-4 -6 -9 -6 -4 -6 -8 -5 
-1 7 11 4 3 2 0 -2 
1 -2 2 5 -3 0 2 -2 
-1 -2 0 -3 -1 -1 1 1 
2 7 -8 7 1 3 5 1 
-1 -4 5 -1 -1 0 -4 1 
-4 -3 8 9 -2 -2 -6 -6 
4 0 -13 -31 -6 -2 -1 2 
-2 1 1 0 -1 0 -2 -2 
2 -11 -17 0 -1 -3 -2 -2 
-15 -5 -6 -1 0 -1 -3 -5 
6 3 10 14 4 1 0 -3 
-15 -2 -10 -16 -6 -5 -1 -4 
1 -9 9 -9 -3 -3 0 1 
3 -3 -2 13 4 -1 -2 -4 
-2 4 -3 0 0 -1 -1 5 
-2 2 -9 -5 -1 2 2 1 
5 8 1 -3 -3 -3 -4 -4 
-7 -5 -6 -12 -7 -1 -2 -3 
1 -10 7 5 1 0 1 1 
8 6 21 10 2 0 1 3 
-9 0 -12 2 -1 -2 -3 -2 
5 -1 -4 -11 -6 -2 -1 1 
-3 4 -20 -1 -1 1 4 -2 
-7 -24 15 -1 0 1 -2 1 
6 6 -2 3 2 -1 -2 -2 
5 7 6 9 2 1 2 5 
-3 -8 -13 -11 -4 -8 -16 -5 
-5 1 24 10 -1 1 8 -6 
-4 -21 -20 -9 -4 -1 4 2 
-3 0 19 6 -2 -2 -7 -5 
-3 -9 -2 -2 -3 -3 2 3 
5 6 -11 0 1 -2 -4 -1 
-2 7 -1 -20 -4 -2 -3 -2 
-5 -5 -17 -10 -2 -4 -7 -4 
-1 -1 4 13 -1 1 1 -5 
3 4 7 5 1 -2 -7 -6 
-11 -2 6 11 1 1 10 15 
4 -5 -7 -1 -1 -2 -5 -11 
-4 14 4 -8 -2 -4 -8 -3 
-7 -26 -32 -29 -9 -3 5 -1 
8 6 8 8 2 1 11 3 
0 0 1 4 0 -6 -25 5 
-8 14 31 11 4 1 9 -2 
3 -5 -11 15 2 1 -6 4 
1 19 6 -4 -2 -1 -5 -11 
-12 -38 -4 -10 1 3 13 10 
3 -5 -2 -7 -6 -5 -8 -5 
-8 16 17 0 -3 -4 -3 -3 
-3 -17 -17 2 3 1 -1 5 
7 4 18 26 8 2 7 2 
1 0 -13 -31 -9 -3 -3 -2 
3 -10 -9 -2 -2 0 0 -3 
0 12 -1 9 -5 -3 -7 -6 
-2 14 -43 -29 -4 -1 12 -9 
3 1 -5 5 0 -4 2 3 
6 7 14 37 8 2 -16 7 
-7 -22 -20 -43 -11 -3 -14 -11 
3 -1 -32 -16 -5 -11 -20 -8 
3 2 3 1 4 9 32 19 
5 9 -11 1 -1 0 4 2 
-2 0 15 12 6 4 8 2 
5 0 11 1 -6 -6 -8 -4 
-5 -18 -42 -2 -1 -2 -10 2 
-15 -8 -15 1 -2 -1 -10 -15 
5 22 39 9 2 1 7 4 
-10 -15 -1 5 2 4 4 -4 
-8 -12 -15 -6 -1 -2 -8 -2 
5 1 -13 -10 -6 -5 5 1 
8 4 -22 -13 -1 -3 -9 -5 
-19 9 4 -17 -1 2 12 6 
3 -4 51 31 0 -2 -8 -10 
-4 -14 -12 -6 -1 0 -6 -1 
8 1 0 6 3 -3 -1 13 
-1 -1 10 16 -2 -5 -2 2 
3 10 28 -6 1 11 11 8 
-12 -28 -18 -42 -10 -15 -14 -10 
-7 -3 -6 5 -2 -3 -6 -3 
1 8 -2 11 -3 -5 2 -12 
11 12 -6 -4 2 4 9 22 
4 9 18 14 10 8 10 7 
-11 -7 2 13 1 -4 -2 -13 
-2 0 5 -2 3 4 -15 -3 
-4 -4 -11 -5 -7 -10 -4 -12 
13 8 10 1 0 8 4 11 
-4 -11 -13 -2 -1 2 8 6 
-2 10 11 10 1 -1 2 -4 
-12 -25 6 2 -5 -3 -11 -15 
17 10 -8 -22 -3 1 11 7 
3 2 19 4 -2 -7 -10 -7 
0 2 0 13 3 5 9 6 
-31 -49 -27 -2 5 0 -12 -18 
-13 -12 2 -16 -11 -7 -4 -1 
5 -3 -30 -11 -6 -4 2 0 
9 40 37 12 10 4 -1 2 
11 64 47 22 6 6 3 3 
-21 -25 -35 -38 -16 -1 -1 -7 
-4 5 21 -1 -7 -2 0 0 
9 7 -24 -11 -7 -6 1 3 
20 -1 -68 19 13 -2 -6 -1 
-23 31 26 -2 13 6 2 -8 
4 19 48 14 -4 1 1 2 
-9 -11 -7 -13 -19 -13 -8 -11 
-8 -38 -27 -50 -8 -5 -3 -4 
21 28 34 34 4 -2 -1 2 
-11 -21 -63 -4 -8 -7 -6 -4 
6 5 43 33 7 7 7 7 
13 24 59 -8 -7 -3 -2 -4 
2 -20 -100 -50 3 -3 -2 5 
1 6 59 42 9 6 -1 -16 
-1 -22 -11 -22 -12 -6 -4 0 
1 1 -10 7 -2 -3 -10 1 
10 12 29 26 3 5 7 22 
-30 4 -6 -14 6 3 25 -22 
6 5 -15 -14 -6 -4 -16 1 
-18 -6 -26 -38 -10 -7 -3 -10 
1 8 50 28 -4 -8 -25 -7 
10 -8 -55 -9 -2 3 9 21 
-5 -25 26 11 6 3 13 -16 
15 16 17 12 5 8 11 18 
-18 -11 -32 -6 -9 -10 -35 -32 
-6 -17 -21 -36 -10 -7 3 -7 
-4 4 -31 -24 -3 0 11 2 
6 10 15 30 4 2 -6 8 
5 -8 -34 5 1 7 -2 -3 
4 -7 -10 -14 -3 -15 -22 -3 
-7 3 8 4 1 2 0 -19 
8 16 4 8 6 14 18 13 
8 19 36 16 1 -7 2 7 
-9 -12 1 -3 0 6 -7 0 
-13 -37 -13 2 -1 -4 -14 -6 
-15 -16 5 2 -6 -10 -2 -23 
-4 -13 21 0 -1 3 3 -9 
16 11 -12 -4 0 0 -6 9 
-1 -10 -31 -18 -5 0 11 14 
-5 -2 11 3 -2 -6 -14 -10 
-6 -19 -27 -17 -10 -9 6 -1 
-3 -17 3 2 -4 -8 -8 -9 
9 -1 -13 -1 3 4 4 12 
-3 -13 -5 -1 -4 -2 -6 -7 
-2 6 -10 -8 -11 -7 6 2 
5 -5 12 13 2 2 5 8 
8 22 8 0 1 1 -4 0 
-2 -11 -21 -4 -1 -4 -5 1 
12 14 30 14 11 5 13 3 
-5 4 -8 -2 -7 -4 -5 -3 
-5 10 23 17 11 4 1 6 
-8 -4 -9 -14 -13 -3 2 -1 
-1 -3 -16 -29 -14 -9 -2 1 
0 -1 9 -4 4 2 -7 -3 
1 -3 11 31 1 -2 -2 0 
4 5 -8 -8 0 7 6 6 
-5 -9 23 11 4 2 1 -2 
-8 -21 -13 -18 -8 -5 -5 -3 
7 24 15 4 1 2 3 5 
-5 -9 15 1 10 -1 -3 -2 
-1 1 0 18 3 3 4 1 
-1 1 -20 -59 4 2 -2 -4 
5 7 17 38 -8 1 -3 4 
-1 -3 6 -20 -13 -10 3 3 
-6 3 -10 -18 5 -1 3 -3 
7 15 2 50 11 5 5 4 
-9 -30 2 -27 -9 -7 -12 -9 
-30 -20 -29 -12 -8 -8 5 -32 
4 -16 -25 0 -2 1 -15 5 
23 48 51 -2 1 -3 -5 29 
-4 11 -27 -17 0 -5 -8 -36 
4 -4 8 16 -1 -2 -8 2 
-12 -9 11 2 6 7 24 -1 
-4 -19 -8 17 -6 -2 -4 -5 
16 8 30 16 3 -2 -13 29 
5 14 -42 -1 4 6 20 -24 
-9 -60 -11 -18 -7 -9 -2 15 
-2 3 -7 -1 -5 5 -7 -6 
-1 -5 11 -12 -7 -10 -13 0 
5 5 14 4 4 -4 -12 6 
2 8 -14 16 -1 -1 10 -9 
-1 -23 -48 -12 4 3 1 -2 
-7 31 6 -26 -9 -4 -3 -6 
2 -13 37 14 4 5 5 9 
-1 24 11 18 -2 -1 -16 -11 
-26 -15 -12 -39 -8 -9 -6 -15 
1 -13 -42 -6 3 1 4 5 
2 -7 -11 -4 2 2 -6 7 
-1 14 23 16 -1 -4 3 0 
-4 -4 24 17 2 -4 -18 -12 
-2 -24 4 -13 -1 2 20 12 
0 3 -33 -5 -8 -9 -16 -29 
15 8 -6 10 5 7 6 14 
-13 7 37 9 -5 -2 7 -9 
2 -4 -31 -7 -6 -2 -8 3 
-6 5 2 -41 -6 -5 -25 -8 
-6 -7 25 14 -6 -1 -13 -15 
10 2 -16 -7 1 -1 32 4 
4 10 12 20 7 5 6 19 
3 -13 -8 7 0 -4 0 8 
6 17 55 1 2 3 -8 4 
5 11 0 9 1 2 -1 3 
-6 0 32 1 -6 -4 8 -9 
0 -11 -75 -39 -9 -1 -1 7 
-5 9 5 -16 -3 -5 -5 -6 
10 -13 -1 25 -1 -2 -2 10 
5 -8 -6 4 1 5 10 0 
-8 2 41 22 12 6 0 3 
3 -12 -36 -6 -1 -4 -13 -3 
-3 0 -5 -12 -10 0 7 0 
-17 -16 -22 -8 -3 -5 -8 -23 
18 21 28 17 0 5 29 37 
-1 -7 -27 -14 -2 -3 -4 5 
0 0 -11 2 0 -4 -22 -7 
-6 -17 5 -11 -5 -3 -7 -9 
-8 13 22 15 -1 2 -5 0 
0 6 -8 12 9 -2 10 2 
-7 -9 -5 3 6 1 2 9 
-1 -14 33 -19 -12 -6 -10 -19 
-15 -25 4 -11 -10 -6 -1 0 
17 6 14 -1 3 9 12 14 
-13 -2 4 15 -2 -5 -4 -6 
9 27 -1 -8 7 4 7 9 
3 12 -27 -21 -8 -7 -10 -8 
-4 4 5 -3 -2 -4 -2 -5 
8 -2 22 32 8 5 3 8 
-11 -11 -68 -55 -17 -8 -8 -6 
13 19 17 -3 -1 -1 -6 12 
-9 -12 -22 -21 -5 -6 1 -14 
1 9 -24 5 -2 -8 2 -3 
-3 8 33 38 15 10 -10 8 
-5 -4 -4 3 0 4 20 -9 
-11 -13 5 -10 -5 -11 -14 6 
-1 10 21 -24 -5 3 2 -27 
3 15 -4 10 -1 -6 4 8 
4 -16 -28 -9 -3 -5 -11 -8 
-8 10 -15 25 6 4 -1 -8 
7 1 -13 -50 -12 -4 -4 4 
-4 -9 12 20 5 5 2 4 
-3 4 21 21 1 -4 -3 -7 
10 5 -25 -10 -3 -1 -1 -3 
-8 -14 -17 -17 -8 -5 -1 11 
15 18 -36 -19 0 1 13 4 
-7 -8 23 32 8 0 -3 5 
2 -3 31 18 4 2 2 -3 
-4 -5 -22 -20 -6 -1 -7 10 
-2 -1 13 15 -6 -10 -25 -26 
4 31 27 -12 3 2 18 6 
-14 -41 -25 -19 -1 -2 -5 -8 
2 5 6 27 -2 0 -3 0 
-5 2 30 16 3 0 7 6 
2 -23 -45 -1 -1 -2 -7 -3 
-3 10 19 -5 -4 -3 -3 -3 
-13 -12 -7 -40 -4 -4 -5 -5 
-3 -43 -10 -4 1 1 3 -1 
-3 4 6 12 -2 0 -2 2 
-3 -5 -7 12 -1 -2 0 -1 
0 14 15 32 7 2 1 -5 
-11 -25 -25 -14 -9 -6 -5 -6 
3 11 6 -7 -3 -3 -4 8 
0 9 -6 -7 2 5 7 -10 
7 20 14 22 5 3 3 1 
-2 -6 6 -6 0 -3 -3 -4 
4 -35 -12 -5 -4 0 1 2 
-6 -11 -14 -8 -11 -7 -10 5 
2 -14 -60 -14 -2 3 -2 -1 
1 13 22 5 5 -2 -4 7 
-4 4 9 -10 -5 -4 -2 -15 
4 8 2 8 -3 -1 1 8 
-2 -10 0 1 4 0 -4 0 
5 13 -30 -10 -4 -5 2 19 
-3 13 -19 -4 1 -2 -7 -23 
-2 -21 25 -4 -3 -3 0 -4 
-4 -2 15 19 3 -4 -1 -5 
-1 0 -5 -2 -4 9 3 1 
-2 -3 8 -22 -9 -6 -2 -1 
9 25 -14 1 5 4 0 5 
-9 -35 -4 9 -3 -3 -2 -4 
-4 9 30 4 2 -3 1 -6 
1 0 1 0 2 1 -1 3 
3 15 10 -5 -10 0 -7 0 
-6 6 -14 -1 2 -1 8 -1 
0 13 -22 1 -4 -1 0 -4 
-2 -5 6 7 1 -3 -4 -2 
-3 -14 -13 0 5 0 -1 1 
9 16 35 -8 -4 0 0 2 
-5 -12 -16 2 1 1 2 -2 
-5 -9 -17 -12 -7 -1 -6 -1 
-1 -14 -6 -6 -1 -1 0 -3 
3 18 15 3 1 -1 -6 0 
-3 -9 -12 -1 -1 -2 1 -9 
0 6 18 8 0 -2 0 3 
-4 -18 -40 -11 -7 -5 -6 -5 
2 2 9 -4 0 -1 3 7 
2 1 4 3 0 2 1 0 
-1 -17 -19 -3 3 4 7 3 
-2 12 12 3 -2 2 4 -3 
0 -18 14 -4 -1 -5 -5 -2 
3 14 22 18 1 -1 -6 1 
-9 -5 -13 -7 -3 -1 -2 -2 
0 16 19 2 -4 0 2 -1 
-1 4 0 1 0 0 -2 1 
-2 -9 -10 4 4 1 0 -4 
3 15 -10 1 1 0 1 4 
-2 -18 22 -1 0 2 2 0 
1 -7 -9 -3 -8 -7 -6 -1 
-1 4 -8 -8 -3 -5 -8 -2 
4 16 16 6 6 1 0 -1 
8 -13 -18 -3 -2 -1 1 2 
1 2 3 -5 -7 -3 2 -2 
-6 0 -19 0 0 1 1 -3 
-10 0 14 5 0 -1 -6 -2 
-1 -1 -5 -7 -2 -3 2 -4 
-4 -2 -1 -6 -2 0 2 3 
1 -4 -20 -15 -3 -2 0 -2 
5 11 34 13 -6 0 0 2 
-6 -2 1 -4 0 -4 -1 -1 
-3 -8 -32 -2 -2 -3 -6 -5 
4 13 17 -2 3 2 8 4 
-2 -6 8 6 -1 -1 -1 -1 
-5 1 9 0 -4 -3 1 -3 
-2 10 6 3 1 -1 -6 -3 
0 -4 -1 -2 -8 -2 -4 -2 
-4 -27 -35 -9 0 -1 -3 -2 
-2 9 3 0 2 -1 -2 2 
2 -5 0 -6 -2 -2 0 -4 
0 16 9 0 0 -2 -1 -2 
1 -13 -17 3 3 0 2 0 
-2 8 7 0 -6 -2 -3 -1 
-1 5 11 0 0 1 -2 1 
-4 0 -5 -5 -6 -2 -3 -1 
-4 -3 5 0 -5 -4 -6 -3 
1 2 -7 -5 2 1 2 3 
3 5 6 0 1 1 4 1 
-2 -1 -8 -5 -2 0 -2 -4 
-4 -25 1 10 -3 -5 -4 -4 
1 -1 -8 -2 -4 -3 -2 -2 
-3 -2 1 -3 -3 -2 -3 -2 
-3 -10 -5 -4 0 -1 -1 -1 
3 12 -12 -12 4 0 0 -1 
-4 -5 6 6 -1 -3 -4 -5 
1 -6 -10 1 -2 0 -1 -1 
0 -1 2 0 2 -3 -2 0 
-1 8 12 -6 -2 2 1 0 
-6 -27 -33 -10 -2 -3 -2 -1 
-5 -4 -7 2 -1 1 -2 -2 
-5 -4 1 5 2 -3 0 -2 
0 20 15 9 1 -2 -2 -2 
1 8 -1 -19 -7 0 0 0 
-4 -15 0 -2 -1 0 -1 -4 
1 -4 1 4 0 0 0 4 
3 7 1 -2 0 -1 -1 0 
0 -1 -8 -4 1 1 0 -1 
3 10 15 2 -4 -1 -2 -1 
-1 -3 -10 -6 0 -2 -2 1 
-1 -11 -12 1 1 -2 -3 -1 
-2 5 14 8 3 0 0 0 
-3 -8 -29 -6 0 -1 1 -1 
0 -11 -1 -5 -2 1 -2 -2 
-7 -10 5 -1 -6 -6 -4 -5 
0 4 3 -1 -3 -3 -3 0 
2 -2 1 0 0 -1 -1 1 
0 12 6 10 6 1 0 -3 
3 -1 -5 -3 -5 5 4 2 
-4 -2 -17 -19 -5 -6 -4 -5 
1 8 9 -2 0 0 -2 -1 
-5 -5 -11 -6 -4 -2 -1 1 
-1 7 19 9 -2 0 0 -3 
2 6 2 11 0 -3 -2 2 
0 3 -2 0 2 1 0 -1 
0 3 11 2 -4 -3 -1 -2 
-1 -6 -7 -4 4 -1 0 -1 
-2 6 1 0 0 -2 -2 -1 
-8 -29 -15 -8 -1 -2 1 -3 
-1 3 8 0 -2 -4 -2 0 
-1 3 -10 -10 -4 -3 -1 0 
-1 -4 8 4 4 3 -1 -3 
0 5 5 11 0 -2 -2 -2 
1 2 -2 -5 -5 0 -1 -3 
-1 -4 -9 -11 -2 -2 -2 1 
-3 -8 -3 -2 0 -1 -2 -3 
-1 5 14 4 -1 -3 -4 -2 
-1 -5 -26 -3 -2 0 -3 -1 
1 2 -1 0 0 0 -1 0 
-2 -8 1 2 -2 -2 -3 -3 
-2 3 -5 -7 -2 -1 -1 -3 
-1 4 5 2 -2 0 1 1 
1 -5 -8 3 -3 -1 -1 1 
2 6 18 16 3 -1 -1 -1 
-2 -10 -17 -19 -8 -5 -3 -1 
-2 -3 0 3 2 -1 -1 -4 
-1 -3 -12 -14 -5 -1 -1 -1 
1 2 6 -1 -2 0 -1 0 
1 6 4 4 2 0 -2 2 
-3 -2 9 -2 -1 0 -2 0 
-3 0 -3 6 6 2 -1 -2 
1 3 0 -6 -6 -1 0 1 
-2 -14 -15 0 -4 -2 -2 -2 
0 -2 -9 1 -3 -1 -2 0 
-3 -18 2 -1 2 -2 -1 -2 
-2 0 -1 -16 -2 1 0 0 
0 1 4 7 2 0 1 1 
-4 -4 -1 -3 -4 -2 -4 -4 
0 -7 -1 2 -5 -3 -2 -3 
-2 -8 0 3 -1 0 -1 1 
-2 0 -13 -9 2 0 0 1 
-1 3 4 0 0 -2 0 -2 
1 11 1 5 1 -3 -2 -3 
0 0 3 2 2 0 1 -1 
-2 -1 -19 -3 2 1 0 -1 
-3 -9 2 -11 -4 -1 -2 -2 
-3 -6 -6 -2 -3 -1 -2 0 
0 4 2 3 -2 -3 0 -2 
-1 11 13 9 -1 -2 -2 0 
4 3 9 1 1 1 1 0 
-3 -1 1 -2 -2 2 1 1 
-3 -2 -12 -7 -3 -3 -4 -4 
-1 -1 2 -4 -2 1 0 0 
0 2 4 -1 -2 -4 -2 0 
0 7 14 8 0 -2 -1 -2 
-2 2 -14 3 2 -1 -1 -1 
-3 -17 -2 -6 -5 -3 -2 -7 
1 2 -1 4 2 0 1 2 
0 1 2 -4 0 2 0 1 
-2 -4 -3 -3 -1 -2 -1 -2 
0 10 7 -1 0 -3 0 -1 
-1 7 -5 -7 -2 -2 -1 -2 
-3 -12 -7 -7 -4 -1 -1 -1 
-2 2 3 5 -5 -1 -2 -1 
-2 -7 4 5 0 -1 -2 -2 
0 -1 2 2 -1 -1 0 -2 
0 2 -10 0 -1 -1 -1 1 
-1 1 3 1 4 2 1 -1 
-1 4 16 0 -2 -1 -3 -1 
-1 -2 -19 -6 -2 -3 1 -1 
0 -6 -1 -10 -4 -2 -1 -1 
-4 -9 1 -3 -4 -4 -2 -3 
2 7 -1 5 4 1 -3 -4 
-4 -17 4 1 0 0 1 1 
-3 0 -4 0 -1 -3 -5 -3 
4 9 -2 5 2 1 1 2 
-1 -1 15 5 -2 -1 -1 -3 
-1 -8 -40 -31 -4 -3 -3 -2 
1 9 -2 1 0 -1 -1 -2 
-3 -12 7 -1 1 -1 -1 0 
-1 5 -5 1 -1 0 -1 -1 
-1 -1 10 10 1 1 -3 -1 
1 3 2 -2 -1 -2 -1 -1 
-3 -1 -12 -9 -7 -4 -4 -4 
1 0 -5 1 1 2 1 1 
-2 0 8 4 -5 -1 -2 -1 
2 7 6 -2 0 -1 -2 -1 
-1 -3 1 -7 -2 -1 -3 -1 
-2 -4 -7 0 -1 -5 -3 1 
-3 -7 -2 1 -2 -2 -2 -2 
1 5 3 7 0 0 -2 -1 
0 -10 -3 -8 -5 -1 -1 -2 
-2 -5 -21 -5 -4 -2 -2 0 
2 2 2 6 6 1 0 1 
-2 8 -2 2 -2 -3 -3 -2 
-3 -2 7 3 -4 -2 -1 -2 
1 1 3 -1 5 4 1 3 
0 -1 5 0 -6 -2 0 -2 
-4 -10 -10 -7 -3 0 -1 -1 
1 8 -6 5 1 -2 -3 0 
-1 -12 1 -5 -3 -1 0 -1 
0 5 11 2 -1 -2 -3 -1 
0 -2 -7 -2 -1 1 1 1 
-1 0 6 3 1 -3 -1 -2 
-3 -11 -15 -7 -4 -3 -2 -2 
-2 -4 -16 -15 -5 -1 -2 -3 
0 -11 -6 -4 0 -2 -1 2 
-1 5 7 9 1 0 0 -1 
1 2 6 0 -3 -1 -1 -1 
-1 5 1 6 0 -1 -1 -2 
-1 -3 -5 3 1 1 0 1 
