#EMG
#6
#ID:6-7
11 -2 -12 -28 -2 0 -1 3 
-11 -6 -13 -12 -4 -5 -4 -2 
-2 3 6 10 3 1 2 8 
-12 -1 4 1 0 2 0 -7 
-4 -5 2 5 -2 0 -6 -18 
9 -2 -5 6 0 1 3 16 
-6 0 -18 -12 -1 -3 -6 3 
-3 -4 -6 -3 -4 -1 4 -7 
-6 -5 6 2 0 1 -4 -3 
-1 11 7 7 0 3 2 -7 
-8 -19 11 2 -2 0 -3 4 
8 -1 5 6 0 0 3 5 
-8 -10 -30 -26 -9 -8 -5 -5 
-2 -2 7 2 -2 0 0 -2 
6 8 3 14 4 0 -3 -2 
-8 -1 8 -1 2 -1 -4 -8 
3 1 8 -1 1 2 5 22 
1 3 -9 -1 -3 -2 -3 -17 
-4 -1 -7 -2 -3 -1 7 0 
-3 2 3 4 -2 -5 -12 -22 
0 7 1 0 -1 -2 -1 1 
5 -5 -1 -2 0 -1 0 7 
1 6 3 -1 -1 0 1 -2 
4 -1 -5 1 -1 -1 4 12 
-11 -6 3 -1 0 -3 -8 -18 
-4 0 1 -4 -1 -1 7 3 
3 2 0 2 -1 -3 -4 6 
6 -1 2 -4 -3 -4 -1 -10 
4 -1 -2 1 -1 -1 -2 11 
5 0 -2 -2 -2 -3 -4 5 
-1 -5 -10 -1 0 -2 0 -2 
-12 -16 7 -6 -1 2 6 9 
0 6 -4 -2 -6 -4 -5 -14 
0 -4 -9 0 -1 0 -2 -13 
1 4 2 -1 2 2 3 2 
-6 -2 1 4 -2 -4 -8 -11 
-8 -8 -5 5 -2 0 3 -4 
-10 -5 -1 -18 -2 -3 -3 -3 
4 -4 -5 3 -1 -2 -5 -13 
-4 0 -11 -21 -2 0 3 11 
2 -1 5 -1 2 -1 -4 -2 
-8 2 9 12 2 0 -1 -4 
-5 -1 8 -6 -4 -1 -1 0 
3 2 -10 8 0 -1 0 11 
-5 -3 0 9 2 0 -1 -14 
2 -1 -20 -18 -4 -4 -8 -8 
6 3 9 4 0 2 5 2 
8 -3 6 20 0 0 4 11 
-4 -13 2 -11 0 0 0 4 
-5 -2 4 -5 -6 -4 -2 -5 
-2 -2 -22 -6 -2 -3 -6 -12 
3 -3 -4 -15 -3 -1 -4 -6 
5 6 5 13 3 2 -2 0 
6 6 17 13 3 2 -1 10 
-1 -7 0 6 1 0 2 8 
-7 -6 -3 -7 -6 -6 -4 -6 
5 -3 -14 -18 -5 -2 3 11 
-1 -3 -1 -1 0 0 -4 -10 
-4 0 17 13 0 2 -1 -9 
-5 3 2 8 3 3 -3 -4 
-8 -4 0 -15 -6 -2 1 1 
-2 0 3 1 -1 -2 -2 -3 
4 -6 -9 -7 -7 -5 -4 15 
-2 -6 0 15 5 2 4 -5 
-8 11 12 -1 -1 -2 -1 -6 
-3 3 -13 -6 -2 -1 2 -3 
-6 -8 -19 -12 -1 0 -2 -5 
6 11 3 -16 -8 -4 -3 7 
-1 1 2 7 1 -2 -5 -4 
2 -3 0 14 4 1 1 6 
-5 3 21 -5 -3 -4 -1 -4 
-5 1 -9 -9 -2 -4 -9 -17 
7 -2 -2 7 -4 -4 -3 -4 
-2 2 -7 -13 -4 -4 1 8 
4 2 -9 -2 1 2 4 8 
-6 1 4 6 4 3 -1 5 
-14 -1 -4 7 2 0 -3 -21 
0 -15 -14 -2 -4 -5 -1 -17 
18 10 13 -19 -4 -2 1 14 
-7 -15 -2 -5 1 -2 6 -4 
10 4 -12 4 1 0 -2 -5 
1 10 10 6 -2 -1 -3 7 
-8 5 7 16 6 3 3 9 
9 -15 -32 -23 -8 -4 -4 -7 
-6 -11 0 -10 -2 -2 0 3 
-9 -8 -8 -10 2 -2 -5 -9 
-3 2 5 3 2 1 -2 2 
-1 7 6 6 -3 -1 2 12 
-5 -3 -6 -10 -1 -1 -3 4 
4 8 22 11 2 4 16 1 
2 -1 12 6 0 -4 -6 5 
2 -2 -26 -8 -2 -3 -7 -7 
6 -6 22 4 3 5 12 12 
1 -1 4 20 2 -2 -13 -1 
-15 -2 -16 -13 -5 -4 5 -9 
6 5 4 -12 -2 -1 -9 5 
4 1 -9 0 -6 -13 -4 6 
-1 3 20 4 -1 -2 -7 -3 
-4 -16 -42 -7 -2 -2 -19 -12 
-7 3 -10 1 -3 -3 -17 -33 
6 4 -1 -16 -5 1 7 10 
3 8 8 2 3 4 26 11 
-4 4 17 7 2 1 -10 -9 
-6 -1 -5 5 2 5 18 12 
-1 -9 12 4 0 -8 -47 -2 
-1 -10 -24 -15 -7 -5 16 8 
2 7 9 5 3 2 10 -22 
6 7 25 57 13 2 1 7 
-12 3 -20 -24 -1 1 2 5 
17 -8 -44 -32 -8 0 3 5 
-18 -17 26 -12 0 -8 -18 -32 
2 16 -3 -8 -2 4 14 17 
7 9 26 33 2 -3 15 -2 
-2 -11 -37 -2 0 -2 -19 3 
-4 10 -8 14 2 0 6 -3 
4 -16 23 -13 -4 -3 -10 9 
1 4 4 8 1 6 16 11 
-1 10 15 -7 4 -1 -2 -1 
6 -5 -23 22 -1 -3 0 0 
-9 -4 15 -12 1 -4 1 2 
-4 -21 -54 -66 -14 6 18 0 
-28 -15 10 8 -4 -8 -23 -9 
17 7 11 -1 2 4 14 6 
-6 2 -1 -3 -2 -9 -12 0 
6 2 12 27 2 2 -5 -4 
5 5 17 16 4 0 1 -5 
4 -5 9 -5 -4 4 -2 21 
-13 -3 -28 -20 -5 -2 7 -14 
-1 5 -6 -1 -1 5 15 3 
-14 -24 0 4 -1 1 5 -2 
-8 1 12 12 -4 -7 -9 -23 
-5 -7 -23 -21 -12 -11 -9 -5 
-7 -4 4 13 2 -3 -15 -8 
23 18 10 14 4 0 1 6 
-13 -16 -40 2 -2 -3 -10 -4 
-2 8 17 -41 -6 7 9 -23 
-4 8 -4 7 -1 -4 16 2 
7 7 7 -9 1 7 13 8 
-6 0 -4 1 -1 -6 -16 -15 
27 -3 19 44 18 16 9 27 
5 -1 -33 -27 -9 -4 -18 -6 
-26 13 -2 -34 -13 -13 -10 4 
-19 -29 -3 -11 -7 -11 -10 -17 
-31 -30 -5 13 2 3 10 -7 
10 -6 31 47 10 0 -3 6 
-1 -13 1 -27 -4 -2 -1 -11 
52 48 -46 -51 -12 -1 5 11 
-29 14 -1 -11 -7 -7 -16 -18 
-9 -32 11 33 6 -7 0 -2 
-11 -23 0 3 -2 -4 -12 -16 
-8 -20 5 -9 -4 -2 -2 8 
35 4 20 10 3 2 2 14 
2 8 -13 6 1 -4 -3 -9 
3 3 4 22 6 7 0 -18 
-6 -27 5 -6 -8 -3 11 20 
8 19 1 18 -1 2 7 7 
-13 -9 -21 -32 -11 -9 -15 -16 
9 7 -10 24 10 3 -7 2 
-9 -2 24 -5 0 1 5 -6 
6 6 -15 -48 -12 -6 -7 12 
2 -9 -10 8 1 2 3 -1 
0 -7 -6 17 -4 -1 1 -2 
-11 -5 3 -7 -3 0 5 1 
2 -22 -31 -28 -12 -10 -12 -3 
15 16 13 -12 -1 -1 -1 -1 
0 4 -13 9 8 -1 2 10 
6 -1 53 76 16 16 8 13 
-13 -2 10 -36 -11 -7 -5 -13 
-8 -14 -65 -54 -24 -5 -3 -7 
-5 9 5 -8 -3 -2 2 2 
6 8 18 5 3 -4 -2 16 
-12 -2 28 63 13 -1 -3 -29 
-1 -1 -12 -32 3 4 0 3 
-3 3 44 15 1 1 -4 6 
-5 1 -60 -18 -9 -9 2 11 
4 -14 -6 -8 1 5 9 5 
-5 24 24 19 5 -1 -2 1 
-1 -7 -4 15 0 1 7 -6 
4 15 23 -19 -4 -4 -19 -22 
3 -6 -29 2 1 -1 2 2 
-10 -11 14 -4 0 2 -2 -7 
8 11 2 4 4 1 0 3 
-7 5 20 33 0 1 5 8 
1 20 24 31 13 -1 -3 -13 
7 11 29 -11 -4 2 3 6 
-30 -44 -26 -50 -21 -11 -18 -7 
-21 -11 20 9 4 2 12 -30 
32 0 22 50 9 5 7 33 
24 27 -8 -14 -7 -4 3 6 
8 2 -14 -9 0 0 3 1 
-7 12 3 1 -4 -5 -24 -41 
-28 -18 18 -11 -5 -6 -2 -24 
-5 -10 -57 -3 3 -1 -4 18 
12 3 28 30 -1 3 14 13 
-2 -6 -53 -88 -14 -8 -6 40 
11 13 6 33 5 3 14 -1 
-16 -5 34 36 7 0 -10 4 
1 6 -42 -29 -10 -1 -12 -26 
18 -9 -3 15 7 -5 4 24 
-20 -8 -27 -35 -14 -9 -2 -20 
-6 -3 21 49 3 0 5 2 
-30 -19 -41 -74 0 -1 -15 -30 
22 20 24 21 0 1 -5 13 
11 17 -11 -6 1 6 17 16 
-11 -33 -1 -2 4 0 9 7 
8 4 -2 1 -7 -6 -4 -11 
-32 3 -10 -5 -2 -3 -5 -9 
2 9 -5 0 3 4 -10 1 
-28 -25 10 3 0 -6 -31 -24 
20 -2 7 73 5 2 28 29 
2 -32 -80 -94 -19 -4 12 4 
16 28 -5 -44 -12 -9 -46 -18 
-27 13 16 6 3 14 72 7 
23 43 37 22 0 -17 -25 5 
-28 -61 17 69 15 8 6 -16 
0 -17 -41 -33 -10 6 -8 14 
17 0 -5 -39 -18 -17 -33 19 
0 34 2 -2 10 0 -3 -25 
31 23 27 42 14 9 -4 12 
-34 -8 44 48 15 -5 -24 -9 
-7 -16 -24 -16 -14 14 73 27 
-13 -12 -39 -41 -10 0 -37 -4 
17 27 14 3 4 5 15 8 
1 -3 30 24 3 1 -3 -20 
8 2 3 4 5 -5 -2 -3 
-6 -11 7 -3 -2 -5 -11 19 
5 0 -13 -25 -7 3 -2 5 
-8 -9 -8 16 -4 -18 3 -30 
16 25 23 9 6 7 -15 -23 
-11 -13 -28 -2 -3 -1 9 33 
2 2 10 -18 -8 -1 -15 -21 
-27 -3 -13 -24 -3 5 21 -12 
10 -12 -24 -21 -6 -9 -21 11 
11 -11 16 21 6 3 8 -5 
6 12 6 16 2 -1 6 9 
4 -9 -22 -14 -13 -4 9 33 
-7 -6 -8 -34 -12 -10 -13 -44 
-15 -12 2 3 2 1 -20 -16 
-8 -1 11 0 -1 -2 14 10 
1 -14 0 20 7 3 4 8 
-4 -6 -11 40 3 -4 -32 -12 
-4 -13 8 -38 -8 2 15 17 
0 4 -15 -40 -7 -5 14 -14 
4 -1 -5 -6 10 1 -9 17 
11 20 30 63 19 7 -4 -6 
-22 -14 21 -8 -19 -6 -1 -15 
-4 -19 -17 -9 -7 -2 -7 4 
24 9 -11 -36 -6 -2 2 23 
12 -2 -1 10 22 8 11 12 
3 -22 -5 3 0 -1 5 -5 
-15 2 -16 -5 -24 -12 -12 -15 
0 -19 -20 -19 -4 1 7 9 
-14 -14 -4 -47 -27 -19 -24 -27 
20 31 4 -35 5 3 10 12 
9 6 6 42 22 5 3 13 
12 -13 -8 13 9 4 -4 -19 
-17 14 9 43 -9 -4 -9 -13 
-17 -1 -5 11 -3 -5 7 -15 
2 20 18 -17 -7 -3 -8 0 
0 14 3 -5 -3 -4 -11 -12 
-1 -34 -39 -17 5 5 13 10 
10 16 8 21 1 1 3 7 
-13 5 21 36 13 3 -3 -4 
2 21 16 -14 5 5 6 2 
12 2 -19 -28 -10 1 -5 8 
-9 -4 13 3 -3 -1 5 0 
6 -22 -20 -6 -8 -5 -3 7 
-8 -8 10 19 -2 -1 0 -21 
0 -31 -28 -16 -1 -4 -17 3 
13 -1 42 35 20 7 21 -12 
2 21 20 22 6 6 -5 -9 
-14 -35 -56 -46 -16 -2 3 7 
-6 15 -2 8 -8 -12 -9 -10 
15 14 -21 -34 -2 1 1 19 
-20 -38 14 13 10 0 -6 -31 
0 17 26 38 -1 -3 0 4 
-2 1 -19 -16 3 3 0 -2 
-4 -5 6 9 3 2 7 4 
2 12 3 -5 0 -1 -2 -1 
4 8 -2 2 -1 -3 -18 8 
1 16 23 -16 -1 -3 2 -8 
-8 -6 -31 -11 -3 1 3 -2 
-4 -6 -16 5 -2 -3 3 12 
-3 -6 32 10 -1 -1 -15 -21 
9 18 0 -7 -5 -7 3 -13 
-7 -23 -36 -11 3 -3 -15 -5 
1 6 -1 -6 -5 1 16 -2 
3 -1 -13 -4 -2 -3 -9 7 
-7 1 13 -6 -8 1 2 13 
-15 -16 5 -10 -8 -7 -14 -14 
-5 -4 -9 -3 -2 -4 -2 -2 
-1 7 -20 -20 -4 -3 -2 4 
-2 0 41 26 7 10 13 -7 
4 12 -18 11 4 -3 1 3 
1 -1 11 4 2 4 9 4 
6 -1 3 -2 -1 -1 7 28 
-13 -7 -54 -20 -11 -6 -18 -15 
-9 -19 -26 -34 -12 -4 2 -20 
5 3 -18 -13 0 -2 -4 6 
4 0 11 8 2 2 7 17 
2 3 19 27 8 0 1 -17 
-4 12 3 5 -4 -1 1 -5 
11 -7 -12 -18 -8 -8 -23 20 
-12 0 -3 -8 -7 -1 9 -3 
-4 -12 27 4 4 -2 -14 6 
8 7 14 24 4 5 2 19 
1 5 4 -9 0 1 -7 -25 
-8 1 -12 -15 -1 -4 11 7 
-6 -14 -2 8 -4 0 7 9 
8 7 29 20 0 -1 1 8 
-9 -9 -18 -1 5 3 0 -2 
-3 -14 14 24 6 0 -12 -17 
-4 18 19 -20 -4 -2 4 -2 
-4 -11 -7 -6 -3 -1 -2 -3 
-8 8 9 0 -2 -4 -3 -1 
5 11 4 21 2 4 8 -9 
8 8 -4 -17 -4 -4 -1 13 
4 3 -3 -6 -5 -3 -5 -1 
1 11 2 0 1 1 2 -7 
1 1 13 12 2 -2 8 -6 
12 10 -4 4 2 4 -4 14 
-14 -23 -27 -17 -6 -5 -14 -14 
-3 4 -3 -23 -7 -4 1 -8 
-6 -10 -6 0 -1 0 -13 2 
8 -5 9 15 2 3 15 0 
8 10 16 15 0 -2 -4 -4 
7 2 -24 -4 0 2 9 22 
-8 -15 4 -29 -8 -1 1 -9 
1 6 0 7 3 -4 -13 -14 
-10 -5 6 8 1 -1 -4 19 
-3 -9 -10 6 1 1 13 4 
6 5 -12 -16 -6 -2 -10 -1 
2 -7 -9 -3 0 0 5 11 
-8 -4 -15 -20 -3 -2 5 -17 
-2 -4 14 7 -3 -3 -13 3 
-3 -2 2 22 4 2 11 -8 
4 5 16 -29 -6 -2 -1 15 
0 23 13 22 7 1 1 -22 
-17 -6 -8 -7 -2 -1 -9 -1 
-14 -25 -3 2 -7 -6 -7 -7 
-4 -14 0 -2 -4 -3 -4 -9 
14 8 -4 -10 -1 -1 5 12 
-2 1 -4 9 3 -3 5 -12 
14 21 -10 -11 2 2 -3 5 
-2 0 -16 11 2 -4 -9 12 
-10 -35 16 13 -6 0 12 -7 
5 9 16 -9 -5 -9 -26 -15 
-2 4 -4 2 3 -5 -4 9 
9 18 6 2 4 9 37 2 
9 10 -16 -4 1 -1 -19 4 
-18 -20 -24 -11 -2 4 8 -5 
-2 -15 -22 -34 -15 -8 -14 0 
-17 3 22 -1 0 0 -7 -36 
-3 1 8 19 2 0 2 10 
12 -2 -5 13 -1 -4 4 -7 
5 9 4 8 2 0 -10 2 
-9 -16 3 11 -6 1 0 -6 
-5 17 -4 -4 -6 -3 -2 11 
1 -1 -6 -28 -3 -5 -16 -3 
5 6 2 4 2 2 8 -6 
-5 -6 -4 21 -3 -6 -6 6 
-1 -5 3 -18 3 0 -3 -9 
6 7 -7 -15 -6 1 11 8 
-5 -1 -17 -5 -4 0 3 -18 
-1 1 10 0 -2 0 -4 -9 
-13 3 -4 4 1 -1 -18 -9 
10 -7 7 16 0 1 19 20 
-2 5 15 22 5 2 13 -4 
-8 -10 -17 -15 -3 -1 -12 -18 
2 -3 -12 -30 -7 -3 -1 8 
-17 -14 -5 5 1 1 -10 -22 
0 4 9 9 -1 1 3 7 
1 0 -3 5 -1 -6 -7 2 
-1 -1 9 -13 -6 -2 -5 -1 
-3 2 -9 6 1 -2 7 5 
5 -3 -28 -35 -11 0 -5 11 
8 2 9 11 3 -1 -8 -3 
3 -6 -8 3 0 -2 -4 -2 
15 -5 22 12 1 3 4 5 
-21 8 28 37 6 1 -2 -10 
-2 7 -38 -52 -10 -5 2 3 
-3 -29 -20 -11 -3 -2 -7 -1 
-3 9 4 -3 -3 2 17 5 
-1 -5 3 14 3 0 -1 0 
1 -3 8 8 3 -3 -1 -2 
2 14 5 -15 -6 3 9 6 
-7 5 -11 -9 -1 -3 -12 -14 
7 -16 -21 -11 -5 -3 -2 9 
-21 -7 -17 2 1 -2 -19 -4 
4 -6 17 13 1 3 28 5 
0 1 -18 -1 0 2 -8 2 
3 -1 -2 -9 -2 -2 -3 2 
9 3 1 13 -3 -4 1 8 
-25 -14 15 -1 -2 0 11 -31 
-10 -13 -9 -17 -7 -6 -14 -4 
-14 -5 9 -3 1 -3 -11 -17 
7 -1 -14 -13 0 1 3 4 
9 12 16 29 5 2 -11 -8 
14 2 -2 8 2 -2 8 21 
-8 0 -7 -13 -3 -2 -2 -12 
-7 -2 8 31 8 10 11 7 
6 -14 -21 -39 -7 -6 -7 10 
-8 8 13 -2 -4 0 6 -18 
6 -12 2 0 2 -1 2 7 
1 -2 -15 -13 -3 -2 -12 -3 
6 6 -3 9 2 -1 16 8 
-3 -5 13 -10 -1 -1 -11 -3 
4 7 4 -16 -1 -1 1 7 
-4 4 10 13 4 3 9 0 
10 -7 3 20 7 1 -6 2 
2 15 -8 -11 -2 -4 -3 9 
-5 1 -10 -3 -3 -1 0 -5 
8 -12 -8 -8 -7 -5 1 4 
-8 11 2 -7 -2 0 -11 -13 
-7 -8 -11 -10 -3 -2 -19 -9 
-4 0 -5 -3 -2 3 14 18 
2 1 15 7 -4 -6 1 -8 
5 -5 -33 1 -2 -2 6 19 
-2 -6 17 -1 -2 -1 3 -8 
-11 -12 -9 -22 -7 -6 -15 -11 
-2 -1 -8 -9 -2 -2 -9 -8 
7 9 18 13 0 2 5 6 
3 2 9 21 7 2 0 1 
9 -6 1 10 -4 0 9 -2 
-11 -3 0 -23 1 0 -8 3 
-17 -12 -21 -12 -8 -7 2 -18 
1 -6 6 7 2 0 -3 -2 
-3 5 20 30 8 3 11 3 
4 10 -4 -7 -7 -5 -2 2 
-5 -8 -8 -21 -4 -4 -22 -5 
-4 -6 -9 -5 -2 -1 9 -5 
8 1 -3 8 3 -1 -4 -1 
2 -14 7 8 -1 -2 0 -3 
2 1 -7 3 4 3 20 14 
-4 13 14 1 -3 -3 -15 -10 
5 11 -5 7 -1 -2 -6 1 
-3 -11 -5 -16 -5 -3 -2 -1 
4 3 3 8 2 3 -7 12 
-13 -16 8 -7 -3 3 4 -17 
-1 3 -3 -5 -1 -6 -1 -11 
-8 0 2 14 2 -3 -1 1 
-4 5 9 12 3 -2 -2 -7 
8 -2 -7 -21 -5 1 2 12 
-4 -1 -1 1 -4 -1 -8 -6 
3 0 -16 -17 -1 1 5 0 
1 -2 5 4 0 -4 -9 -14 
-5 -5 -19 16 3 -2 -3 0 
-4 -4 12 -7 -1 1 15 3 
0 9 6 2 -3 -5 -16 -2 
7 -1 -11 -9 -5 -3 -4 3 
-3 1 3 -8 -1 -2 0 12 
0 1 -8 -6 -2 -2 3 -19 
8 11 18 28 8 9 17 9 
-14 -5 1 -10 -7 -7 -17 -5 
1 -6 -12 -1 -4 0 0 6 
2 -11 7 9 -1 -2 -1 18 
-2 5 -7 -3 -1 -7 -11 -20 
-10 -15 -16 -38 -10 -4 4 -8 
6 13 8 8 4 4 6 0 
-7 -8 -14 -6 0 0 -10 -4 
-8 -2 11 13 -2 -2 5 -9 
9 14 13 23 2 -2 -1 0 
-8 -5 -11 -10 -5 -7 -9 -6 
-7 -2 -15 -22 -6 -5 -8 -13 
2 0 2 -5 0 1 2 6 
-6 -11 -3 15 5 1 0 -13 
2 -2 17 13 1 0 0 9 
-6 -9 -30 -17 -8 -8 -4 -7 
-14 -19 -8 -16 -1 0 0 -2 
-1 7 20 13 -2 -2 -14 0 
-3 -4 -15 -32 -3 -4 4 -9 
5 -7 -16 -12 -6 -4 -19 -2 
-7 -3 -3 -10 -4 -3 2 4 
12 18 -3 13 6 5 14 7 
2 -12 16 26 3 3 -1 20 
-2 10 4 5 1 -2 10 -11 
-3 -4 -14 2 -3 -4 -16 -5 
4 5 7 -4 -1 4 19 1 
4 3 -20 -23 -11 -5 -13 -3 
0 3 0 -12 2 1 4 7 
-1 2 8 -3 2 2 -1 2 
-8 0 11 27 4 2 -3 -3 
4 -2 7 -7 -2 1 7 -3 
-7 -7 -14 -4 1 -3 -11 -2 
3 -5 -8 -4 0 0 3 4 
-2 -6 4 -5 -6 -6 -11 -10 
-3 9 -15 9 5 3 6 -13 
-2 -3 12 12 5 6 5 -1 
4 9 15 1 -2 2 4 22 
2 -4 3 -1 -1 -3 0 3 
-8 -17 -23 -38 -12 -8 -16 -12 
-4 -11 12 12 -2 -2 6 2 
8 -3 -20 -13 -1 2 9 3 
1 -3 9 -2 -2 -4 -7 0 
0 -2 11 18 1 -5 8 7 
1 8 6 2 -1 2 -11 -10 
-4 -10 -12 -4 -2 2 15 0 
12 -4 -16 8 1 -4 -18 8 
-2 10 5 4 1 1 5 14 
4 11 -1 -11 -4 -2 -3 -2 
-9 -12 -5 4 -2 -2 -9 -12 
-4 3 -8 -12 -2 -2 -3 -6 
12 4 4 31 7 12 13 2 
9 10 27 25 -1 -8 -6 23 
-15 -10 -58 -61 -14 -7 2 -17 
-3 -3 -14 -35 -9 -4 7 10 
-2 1 4 7 3 -4 -5 -9 
-4 -6 16 19 1 2 -11 -3 
4 5 16 21 7 2 -4 -7 
-4 8 8 5 1 0 -1 -9 
5 10 8 14 5 1 3 3 
8 6 -14 -11 1 3 7 11 
5 19 5 5 -3 -8 -8 6 
-13 -17 -5 -20 -5 -1 1 -19 
-6 3 19 20 4 -2 -10 -8 
-4 -2 1 -21 -1 0 10 3 
6 5 8 10 -1 1 0 2 
-2 1 -2 -3 3 5 0 4 
-1 -4 2 3 -4 -4 -8 -12 
1 -4 -7 -7 -6 0 3 5 
-15 -9 1 0 -1 -4 -11 -11 
1 4 10 3 1 1 5 3 
-3 -10 -32 -23 -4 -2 -9 -2 
6 -7 12 5 -2 -3 5 7 
11 7 15 16 4 0 1 -14 
-15 -11 -18 -7 -5 -6 0 -6 
-1 3 -4 -20 -6 -3 -14 -6 
-5 10 -6 -1 -2 0 7 -4 
2 -19 10 10 -2 -2 -5 11 
-4 0 -12 -2 2 2 -4 -14 
-1 0 15 6 -2 0 18 7 
-10 -1 1 -13 -1 -2 -12 -27 
10 4 9 11 -1 0 7 10 
-6 -5 0 2 -1 0 2 5 
-7 -3 -7 -13 -7 -6 -7 -10 
-3 -8 -7 1 1 1 -8 -1 
3 9 4 15 0 -4 -5 -3 
8 2 10 7 5 3 4 6 
-8 -8 -32 -15 -3 -3 -4 0 
-7 -8 -4 -23 -7 -8 2 -4 
-4 -9 -18 -19 -5 2 -5 -6 
10 16 18 15 -2 -6 -8 3 
2 -1 29 18 5 -1 -2 -4 
-5 -8 -20 2 -1 0 1 7 
0 -2 -1 -1 -1 -2 0 -3 
-6 -10 -5 -24 -8 -4 -4 -6 
-1 -3 -4 2 1 6 5 7 
-6 -7 -12 3 1 -4 14 -10 
10 15 16 3 1 0 -20 20 
-3 -4 10 3 1 1 4 7 
1 -5 -39 -19 -8 -4 -13 -17 
-5 7 3 -12 0 1 -3 5 
-7 -4 -10 -9 -1 2 11 3 
2 9 -10 8 0 -3 -6 1 
-1 -6 9 9 3 0 8 2 
4 5 11 21 0 -4 -13 -3 
-6 6 -4 1 0 0 11 -11 
-5 -29 -4 -13 -5 0 1 7 
2 5 2 -1 -4 -3 -6 4 
2 -4 -38 -37 -9 -2 -3 -6 
-8 11 22 4 3 -5 -14 -14 
3 -7 -5 22 2 2 10 3 
4 2 3 6 1 -1 1 4 
-3 -5 17 24 -1 -3 -10 -4 
-5 -13 -31 -56 -10 -2 4 3 
-1 4 -18 -14 -1 -4 -6 -10 
-3 -8 11 10 2 3 16 0 
4 14 17 5 -3 -3 -15 -3 
5 1 -8 15 3 1 -5 -1 
-7 -10 -4 -12 -3 -1 5 5 
-7 10 -8 -13 -6 -3 -22 -13 
6 -11 5 13 4 3 8 1 
2 -10 12 15 1 -1 5 14 
0 -5 -28 -4 -2 -2 -2 -7 
2 3 4 7 4 2 12 5 
1 5 -16 -30 -4 3 7 -2 
-4 -11 -12 1 4 -5 -17 -14 
-7 -9 26 5 -5 -6 -15 -2 
-5 -2 11 9 -3 -1 6 -6 
2 1 1 7 -1 -1 -2 7 
-1 3 17 -5 -1 -1 10 2 
0 11 -3 11 2 -1 -3 -5 
4 -3 2 8 2 -3 -12 -1 
12 4 17 -3 0 7 14 22 
-10 -4 -29 -37 -11 -5 -4 -17 
1 1 5 2 0 -2 -2 0 
-7 -1 -7 -9 -6 -1 0 -4 
-4 -2 5 8 1 -3 -7 -1 
5 -8 2 10 -1 -1 -1 6 
7 11 0 3 4 5 2 10 
-12 -16 -11 -9 -2 -3 -10 -17 
1 6 21 17 -3 -1 3 -7 
-18 -1 -18 -3 -7 -2 10 3 
-1 -2 5 -6 -4 -5 -7 -4 
12 16 3 6 0 -1 3 13 
-3 -3 -10 -2 1 -1 -9 -6 
6 8 19 24 10 6 -3 -1 
0 -16 3 0 2 0 0 2 
