#EMG
#6
#ID:6-38
-9 -15 -21 -6 -1 -2 -2 10 
-11 0 9 -3 -3 -2 -3 -11 
-2 -7 -15 -1 -1 0 2 -7 
-3 -1 -5 0 2 -1 -2 -3 
5 7 1 -1 -1 0 2 9 
11 -3 1 5 -2 -2 -1 9 
-23 12 26 6 2 -1 -4 -14 
23 -8 -22 -20 -8 -4 -1 7 
-17 8 -2 1 2 2 0 -5 
9 -7 -7 -4 1 -1 -2 -2 
22 -17 27 9 0 -3 -1 4 
12 7 -14 0 2 -1 -3 -15 
-10 -2 -7 -7 -7 -5 -3 -8 
-11 -1 4 0 2 2 3 5 
8 -3 -13 -1 4 3 1 8 
-17 -2 21 5 0 2 -1 -2 
11 -4 -12 -3 -4 -2 -1 -3 
-22 5 15 14 2 0 -2 -12 
4 -11 -29 -23 -7 -4 -4 1 
-1 1 -2 1 1 0 -1 -12 
-8 5 12 16 4 1 4 5 
-2 -3 8 -17 -3 -3 -3 -3 
-2 7 7 5 1 1 3 -3 
-9 2 12 3 0 -3 -2 5 
10 -2 -12 -5 -3 -2 -1 10 
25 0 0 2 0 0 0 12 
-4 3 -7 -3 -4 -3 -4 -24 
-2 -7 -11 -9 -2 -2 -3 4 
-3 0 8 3 0 -2 -1 -1 
5 4 19 5 1 1 2 3 
-2 -7 -27 -7 -1 -2 -2 9 
-12 -3 -16 -2 -3 -2 -2 7 
-7 -14 -10 -5 -1 1 -2 -9 
-6 -1 -6 -1 -3 -3 -3 -17 
11 12 10 7 1 3 1 25 
1 8 9 4 -3 -1 -1 -10 
-12 -5 -19 -22 -6 -3 -2 9 
-23 -16 -12 0 1 2 -1 -20 
-6 5 -2 -4 -2 -2 -1 0 
17 -8 13 3 2 2 2 1 
36 7 14 2 1 -1 0 25 
-6 2 -10 -1 -2 -1 -6 -19 
-23 -4 -7 -2 0 -3 -4 -4 
3 3 9 2 1 0 2 19 
-7 -3 -2 -2 -2 1 2 -27 
-18 3 5 0 -1 0 -1 12 
27 -9 8 3 -1 -1 -3 -5 
-4 24 -9 -6 -4 -1 -2 5 
2 -5 -6 -3 0 -1 0 12 
9 -2 -5 -3 -5 -5 -4 2 
-7 0 -6 0 4 2 0 -12 
-4 -16 6 -4 -1 -2 -2 -3 
-2 -1 -10 -3 -2 -1 0 -3 
-2 2 7 1 -4 -4 -4 6 
26 14 2 0 1 1 5 23 
-9 -13 -5 -2 -3 -5 -4 0 
-12 1 -2 -2 0 -1 -5 -31 
-7 -16 -13 0 -1 0 1 -1 
8 12 8 3 -4 0 1 11 
-12 0 3 -5 -5 -4 -3 -9 
8 1 1 6 2 3 2 7 
1 -5 -9 -6 -4 -3 -4 -9 
-25 -2 23 15 2 3 5 -4 
23 -8 -34 -23 -6 -6 -3 21 
-6 0 24 5 -1 -3 -5 -15 
-11 0 -10 -1 2 0 0 -3 
-11 -3 7 8 1 -1 1 -7 
-6 -2 -12 -8 2 4 4 3 
-22 -9 -12 -1 0 -3 -3 -8 
2 22 14 -1 -1 -2 -1 5 
14 -1 -15 -9 -5 -3 -2 28 
0 -6 12 11 1 -2 -2 -42 
-15 4 -8 -1 0 2 -1 -3 
1 2 -3 -2 -2 -1 0 -3 
-16 -4 18 0 -2 -2 -2 -4 
-8 0 -3 2 1 2 0 0 
18 4 -18 1 1 -2 -2 -5 
7 -4 6 0 0 2 1 6 
-1 -4 -15 -7 -5 -1 -3 -11 
13 -6 2 2 1 0 -1 4 
-1 -2 -5 -5 -5 -1 2 2 
11 -10 1 -5 -5 -5 -5 -1 
6 3 5 -3 1 -1 -3 -17 
-8 10 13 7 -1 0 2 -8 
0 -29 -10 -5 -3 -5 -6 26 
-18 10 6 1 3 1 -2 -49 
-32 -1 -9 -2 -3 -2 1 -9 
1 1 12 4 1 -1 -1 -1 
1 -15 -14 -4 -4 0 4 -1 
-3 13 16 0 -2 -1 1 8 
1 -22 -6 -3 1 -1 -1 4 
-4 -6 -16 -2 0 1 4 3 
15 13 33 8 2 -5 -7 8 
-28 -23 -14 -12 -7 -6 -4 2 
-5 -4 9 -1 1 3 1 -7 
2 -2 -17 -3 -3 -2 3 5 
-5 7 16 -2 -1 -2 -10 -4 
-4 22 -12 1 0 0 0 -7 
3 -18 8 -5 -3 -4 -5 -10 
-13 -4 13 -1 -2 0 -1 0 
-5 -1 -17 -4 -2 0 2 -14 
18 -15 -17 -5 -2 -2 -6 -2 
-11 -24 -25 -2 -3 -2 2 1 
7 14 7 8 7 2 -2 -18 
1 10 8 2 1 3 7 12 
5 -15 2 -8 -6 -1 3 15 
16 -2 2 11 0 -3 -4 1 
-5 -11 2 -12 -2 -3 -1 -4 
7 1 -24 2 2 2 18 16 
-3 -4 -1 -2 0 0 3 -3 
4 8 -5 1 2 0 -17 -2 
-21 -8 -7 4 -2 -4 -11 -16 
-11 5 21 -1 -4 -4 2 -12 
25 6 -20 -2 2 2 1 28 
-25 6 -8 -4 -3 0 2 -4 
27 -4 -11 -5 -1 1 2 19 
-8 -15 19 10 4 1 -4 -19 
4 5 -2 -7 -2 -3 -7 -8 
9 15 -9 -8 -8 -6 -5 -3 
-11 -10 -11 -2 2 1 6 21 
-10 43 28 15 2 2 -1 3 
-2 -8 -5 -9 -3 -3 0 -6 
15 1 1 -2 -1 -3 2 18 
-12 -1 3 -2 -3 0 -2 -47 
7 -21 -23 -3 -2 -3 -10 -15 
10 -7 13 7 3 1 -4 -11 
-20 19 4 -2 0 -1 1 -1 
6 12 10 0 -4 -3 -6 7 
36 -11 -5 -1 4 3 1 -12 
-6 -9 1 2 -2 1 4 0 
-11 -7 -1 -2 1 1 4 -9 
-1 2 7 4 -2 -5 -11 12 
0 4 -1 -6 -4 -3 -1 -19 
-12 2 20 1 -4 -7 -11 -4 
12 14 -35 -6 -1 1 3 -1 
-14 -7 -2 -3 -2 0 -3 6 
1 -16 -6 -10 -7 -8 -8 3 
-8 2 8 1 -1 0 6 4 
-1 8 16 2 -2 0 -3 -13 
3 -4 2 1 2 1 6 7 
4 3 -6 -8 -5 -4 -7 -11 
-16 -37 -23 -2 -1 -3 -3 -3 
12 12 -8 -2 -3 -2 -4 -13 
1 -2 -18 -6 -5 -3 -2 32 
6 7 29 2 1 1 -1 -11 
-6 -15 -18 0 -1 -1 0 4 
2 4 24 -1 1 -1 3 16 
8 -17 4 3 1 -1 -11 -33 
-23 -1 -2 -1 0 -1 5 27 
30 19 -23 -9 -3 0 -2 8 
-16 -1 -16 0 1 -1 0 -15 
-9 -11 -3 14 2 3 -1 13 
-2 -18 -22 -21 -9 -9 -9 -1 
-5 9 11 3 2 5 13 3 
11 2 11 0 -3 0 1 15 
4 14 -8 -5 -5 -3 10 -2 
-12 14 6 2 1 2 -9 3 
20 -7 -20 0 -1 -1 -2 15 
-11 -42 -29 -4 -4 -5 -5 -15 
6 16 18 7 2 -1 -2 -17 
11 0 10 -1 -1 4 1 25 
-8 0 5 -2 1 0 -2 -13 
3 -15 21 8 6 3 5 24 
-14 7 -19 -11 -4 -6 -8 -23 
5 -5 -2 -1 -2 -1 7 14 
-10 -6 5 4 4 -1 -8 -8 
-1 2 11 0 -3 -1 -1 8 
5 -10 -9 -6 -4 -4 -2 1 
-7 3 6 -1 -3 -4 -8 -4 
-11 10 -10 -2 -4 -2 4 -11 
1 8 17 7 2 2 1 -1 
14 6 -4 -5 -6 -6 -11 12 
-12 11 19 1 3 3 15 -11 
0 2 9 0 -2 1 2 -4 
0 10 9 4 5 1 -21 -3 
-1 32 -13 0 0 -1 -4 -6 
2 -14 -33 -6 -5 -2 -1 1 
-2 3 11 -1 -3 0 -1 15 
15 48 -21 -5 -4 -3 5 -4 
-15 1 6 -2 2 3 0 -21 
-11 -8 -8 -6 -3 -2 -6 -4 
-3 6 20 14 4 1 4 4 
11 -3 2 -4 -2 -1 1 4 
-11 -8 5 -5 -2 2 3 5 
34 -11 -21 -1 -3 1 0 23 
-1 -8 16 -5 -1 0 -2 -7 
1 -24 -14 -4 -5 -4 -5 -9 
0 -13 4 10 3 2 4 5 
-10 29 13 8 3 -1 1 -5 
-17 -5 25 19 6 1 -8 -9 
-5 -17 -22 -28 -6 1 14 1 
8 -15 15 -3 -4 -6 -17 10 
-7 -53 -57 1 -1 -2 -2 -18 
4 7 -16 -7 -5 -4 -3 -7 
9 25 12 13 3 0 0 24 
-8 29 -3 -15 -4 -2 3 -33 
7 -10 20 11 -1 -1 0 25 
-5 -7 -20 -11 -3 1 -1 -20 
0 -42 -21 10 4 -4 -8 -16 
-2 31 -29 -26 -5 -3 0 -1 
-5 5 -10 -8 -11 -6 -7 -4 
-1 19 20 11 1 3 8 20 
-7 -21 17 0 -2 -3 -12 -26 
5 -17 32 8 5 4 6 2 
-13 4 -24 -11 -1 -3 -1 -14 
-1 -17 -36 -10 -2 1 4 12 
2 12 18 13 -4 -5 -11 25 
-20 -14 -4 -9 3 1 3 -11 
1 -5 14 -3 -5 -5 -7 -29 
-14 18 -2 -12 -4 -3 -1 7 
3 11 58 37 10 5 6 -12 
-10 -27 -89 -37 -14 -7 -5 20 
2 12 49 27 5 2 -3 14 
-5 -12 -19 -20 0 -4 -2 -30 
-15 -32 -15 -1 -8 -3 1 -5 
-6 0 30 29 5 2 2 -1 
27 25 -19 -29 1 2 5 48 
10 17 55 43 4 -2 -6 -29 
-7 6 -49 -38 -3 -1 12 23 
-36 -19 15 2 -10 -6 -10 -36 
20 12 32 36 6 0 -6 -5 
-38 -8 37 17 8 0 -2 -3 
-3 -9 -71 -55 -13 -1 3 -6 
5 -11 -6 -7 -11 -6 -5 10 
-30 -13 -13 -14 -3 1 11 -1 
33 6 37 23 0 -6 -14 25 
-4 -3 -6 11 1 0 3 -29 
10 -2 3 8 5 0 -3 24 
-1 -3 -23 -38 -9 0 2 -12 
18 1 -14 -4 3 2 3 14 
3 -2 14 -6 -6 -4 -1 -29 
-24 2 5 5 -2 0 3 5 
16 2 2 -1 3 2 3 -32 
-23 -25 -40 -12 -8 -10 -10 -26 
40 68 33 7 2 2 13 37 
-33 -38 -37 -16 -8 -6 -14 -44 
-15 -1 13 13 1 -1 -5 -12 
-6 6 -40 -21 -7 -1 16 25 
1 -5 27 10 4 -2 -16 -4 
25 8 31 17 8 6 11 34 
-24 -2 -4 -3 -1 -5 3 -25 
-32 -28 -12 -5 -8 -7 -14 -34 
-20 11 -4 -11 -2 -2 -5 4 
45 14 17 14 4 -1 -2 9 
-43 -1 10 -7 -2 3 5 -8 
26 0 -34 -8 1 2 4 35 
-8 -3 -9 -10 -4 -3 -2 -34 
0 7 5 2 -1 -1 10 11 
7 7 12 10 4 -3 -17 23 
7 5 15 7 -1 -2 2 -18 
-12 -17 -43 -3 -3 2 7 35 
2 -8 -11 -2 0 2 0 -41 
25 -11 -5 3 -1 -6 -5 14 
1 17 1 -8 2 4 2 -5 
9 -17 10 3 -2 -3 -25 1 
-16 4 0 -4 -1 0 33 15 
9 -5 4 1 -1 -7 -19 1 
3 13 -6 -9 -4 0 -7 -10 
13 12 8 -1 0 0 14 -19 
17 -4 -13 4 0 -4 -22 15 
-18 8 -21 -4 -5 -8 -10 -16 
47 -9 -8 -7 2 2 9 22 
-18 -32 -42 2 -1 1 8 -5 
6 -13 18 3 6 5 3 -2 
-17 0 -12 -5 -3 -1 -3 -3 
2 -5 -9 2 0 1 0 11 
-14 -7 -5 7 1 -3 -9 -26 
6 11 10 -8 -2 -1 -7 -6 
-16 -3 -6 -1 0 -4 -5 -13 
1 -25 6 -6 -8 -3 10 0 
3 5 19 2 1 1 -5 13 
-1 22 9 5 -2 -4 -9 1 
11 -12 0 4 1 1 1 -22 
-8 11 22 -4 3 2 -11 -7 
-49 38 10 -4 -1 -2 3 9 
37 21 49 14 0 0 2 -9 
-3 -14 -36 -12 -5 -2 5 9 
-13 4 19 6 0 -2 -16 -14 
1 -21 -19 3 -1 -3 -11 12 
-12 -6 -9 -14 -4 -4 1 -17 
-2 -7 4 -2 -1 6 9 17 
-14 -20 -14 -6 -6 -8 -7 -8 
10 11 44 11 1 0 9 4 
-2 -9 -5 5 2 -3 -1 33 
2 -27 -21 2 -2 4 21 -6 
-14 40 -5 -20 -5 -2 -5 22 
-1 -54 -18 -10 0 -1 -3 2 
-14 -8 -36 -2 -4 1 -3 -4 
10 15 13 19 3 0 3 5 
-3 2 40 20 4 2 5 6 
5 -6 -82 -37 -13 -4 -1 -6 
13 -26 -30 -22 -8 -4 -6 18 
-5 15 27 4 2 -3 -6 -33 
43 2 -2 4 6 2 1 9 
-9 4 42 25 2 -2 -4 -19 
19 -3 -18 -21 -3 2 2 14 
-16 -13 -11 -5 -7 -3 -3 8 
-23 9 -26 -7 -1 -3 -3 -14 
-2 -8 -36 -22 -7 -3 -1 1 
-9 -7 34 26 10 8 7 -21 
37 28 23 -11 -2 -3 0 40 
-50 -22 -16 -13 -7 -2 -6 -25 
-64 -6 -8 3 -4 -4 -3 -24 
-48 6 4 -6 -2 -3 -5 -53 
28 -34 -10 6 1 -1 -7 -9 
2 12 19 18 8 4 5 7 
20 -4 -6 -12 -3 -2 3 19 
3 -3 -12 3 -4 -6 -11 35 
-19 6 15 -2 -2 -3 9 -56 
1 -10 3 -6 -3 -2 -1 -7 
7 33 39 0 3 0 -16 -12 
3 -12 -18 4 1 -1 6 13 
-7 3 -9 -5 -1 1 -2 12 
-6 -20 -7 -9 -8 -5 1 -1 
22 -2 28 15 2 1 4 12 
-5 24 22 3 2 2 -2 -3 
-1 -1 -30 -9 -2 -2 -4 10 
10 3 -13 1 -1 -1 0 -1 
9 -4 14 4 -2 -2 -5 7 
-11 5 -15 -5 -2 -1 2 -13 
7 -2 1 -2 -3 -2 -7 30 
7 -1 9 2 1 1 2 -5 
8 3 -6 -1 -2 -2 -1 4 
10 -4 2 -1 -1 1 3 -1 
4 3 -4 0 -3 -3 -2 21 
-4 1 -13 -7 -3 -1 -6 1 
6 -4 4 4 1 -1 -2 -6 
-1 7 9 3 1 4 2 -1 
-16 -13 -15 -4 -4 -2 -2 13 
12 8 1 -3 -1 -3 -2 -16 
3 -6 -9 -1 -2 -2 1 -6 
5 -13 9 6 3 0 -1 -4 
-10 36 36 1 2 5 -1 2 
-12 -6 -24 -4 -3 -2 0 6 
0 -20 -7 -2 0 -1 -1 0 
0 -18 -2 1 0 0 -3 0 
-26 7 -5 0 1 0 0 -9 
-23 -9 -7 -1 -2 -2 0 -5 
6 0 12 2 -2 -1 -2 -10 
1 2 -5 -5 -2 -2 -3 14 
-2 -16 -8 0 -2 -2 -2 -24 
4 0 9 -1 -1 -1 1 6 
-6 4 -2 0 0 1 4 15 
-6 -1 -4 0 0 -1 -2 -6 
15 0 -4 -4 -2 -1 -1 13 
0 8 12 1 0 -2 -1 -5 
12 -5 6 2 0 0 1 18 
3 6 -17 -8 -4 -4 -2 -6 
-4 -5 -5 -4 -1 -1 -1 3 
7 -5 -6 0 -2 -2 -2 4 
-4 7 17 3 3 2 -1 -4 
-6 6 6 2 -1 0 -1 -7 
19 -6 -3 -6 -5 -3 -4 3 
4 -5 0 -1 -1 -2 -1 3 
-3 1 -2 1 -1 0 0 -3 
-3 1 -3 -1 -5 -4 -3 -6 
4 1 0 1 1 -1 -1 -5 
-33 0 1 2 -1 2 -1 0 
-12 -2 -1 -1 -1 0 1 -10 
-3 -9 1 -3 -3 -2 -3 8 
-20 -7 3 3 1 3 0 -20 
41 -10 2 -4 -6 -4 -3 18 
-10 -34 -25 -2 -4 -3 -4 -15 
0 5 9 2 -1 -2 0 4 
14 -6 -5 1 -1 -2 2 1 
4 4 -1 -2 0 -1 -3 -4 
11 0 -8 -5 -4 -1 2 28 
4 -4 -4 -2 -2 -2 -7 -39 
-5 2 5 0 1 -2 -1 4 
-4 -6 -6 1 1 1 2 -5 
-7 8 8 -3 -1 -3 0 7 
14 11 -3 -4 -4 -3 0 4 
-4 3 7 -1 -2 2 -2 -1 
-9 -7 -12 2 3 1 0 -12 
36 6 7 1 0 1 -1 18 
-81 -2 -4 -1 -1 -2 -4 -33 
6 2 1 -2 -2 -3 0 7 
9 0 -6 -4 -5 -6 -3 -4 
-11 4 4 -1 0 0 -1 -5 
11 0 5 0 0 0 2 9 
10 -1 -9 -3 -2 -1 0 0 
-10 2 1 2 0 1 -1 3 
23 2 1 0 1 1 1 -5 
20 -2 0 -1 1 -1 -2 4 
-19 -7 5 0 1 0 -2 -10 
16 -4 -8 -4 -5 -3 -1 6 
-23 -11 2 1 -1 1 -1 -12 
15 0 2 -3 -2 -1 1 19 
-11 8 1 1 2 -2 -5 -34 
1 4 -1 -2 -3 -1 -2 -10 
-12 2 4 1 0 0 -1 -3 
-7 -11 -9 -3 -1 2 2 7 
23 -5 6 3 1 2 4 14 
-13 16 -1 -3 -3 -5 -6 -15 
-42 20 2 -1 -2 -5 -5 -21 
11 0 3 0 0 0 0 9 
2 -7 -7 -4 -3 -2 0 12 
-14 -14 -8 1 5 4 4 -3 
22 -12 1 2 -1 -1 0 8 
4 6 -1 -1 0 0 -1 0 
-19 -2 -6 -3 -1 -1 0 3 
22 -2 3 -2 -2 -3 -6 -2 
-3 1 1 -4 -2 1 1 -7 
4 0 -1 -1 -1 -2 -1 -1 
-1 3 -5 -2 -3 -3 -3 -1 
-1 2 5 -1 -1 -2 1 1 
7 3 -3 1 1 -1 -1 0 
5 -1 -1 1 -2 -2 -3 15 
-12 2 1 0 -1 2 1 -23 
14 -6 9 0 2 0 0 16 
-7 -17 0 0 -1 -1 -1 -12 
-3 -15 -2 -2 0 1 2 -1 
2 7 7 0 0 -4 -4 3 
-6 -9 -11 -3 -3 1 0 10 
20 11 -1 -3 -3 -3 -1 1 
-9 -10 -5 -5 -8 -4 -4 -12 
1 -1 -5 -4 -2 -3 -1 0 
-11 0 -2 -5 -5 -3 -2 0 
7 1 0 0 1 -1 -1 1 
25 -2 -9 -3 -2 0 0 -5 
-65 15 2 -4 -2 -4 -4 -2 
-2 8 -4 1 1 -1 0 -5 
12 -6 -4 -2 -4 -2 -3 5 
-19 26 17 5 6 5 4 -3 
4 -8 -5 -1 0 -1 0 -6 
-8 6 -7 -2 -2 1 -2 -3 
-15 0 -10 -4 -2 -1 -3 -13 
2 -3 -7 -1 -1 0 1 12 
13 -9 -9 -4 -2 -3 -3 1 
-14 -1 5 2 1 3 1 -5 
3 -1 -5 0 1 1 1 4 
10 11 -9 -1 -3 -4 -3 2 
6 9 25 3 1 2 1 -10 
5 -13 -3 -1 -3 -5 -3 -1 
-4 -4 -7 -7 -5 -3 -3 1 
2 -7 -7 -1 -1 -3 -4 -15 
6 -5 -5 -4 -4 -3 -3 -7 
-72 -1 4 1 2 1 0 -8 
-14 -5 6 0 -3 -1 0 -2 
-6 1 9 0 -1 0 -1 -4 
-3 -10 -9 2 4 5 7 38 
24 -3 1 -4 -2 -5 -10 -57 
0 6 -7 -1 -3 -2 -1 4 
-13 -12 -17 -2 -2 -3 -4 -8 
12 5 1 1 0 1 0 1 
11 23 20 2 3 0 4 22 
-7 13 1 1 0 1 -1 -2 
5 -5 4 1 -1 -1 0 -7 
9 -2 -4 -4 -4 -3 -6 2 
9 -3 2 -2 -3 -1 2 8 
10 -14 -2 4 1 -2 -1 6 
-10 38 6 -3 -2 -2 0 4 
-5 -5 -13 -3 -3 0 -2 -10 
-5 -10 -6 -2 0 1 1 6 
3 -6 -2 -2 0 -1 1 -5 
22 -13 2 2 0 -1 -1 7 
-44 -6 1 0 -4 -6 -4 14 
-5 6 2 2 -1 -2 -4 -37 
3 -7 -5 -2 -1 -2 1 2 
4 8 6 -2 0 -2 0 13 
22 3 1 -8 -9 -2 -2 -7 
6 -10 -4 2 1 2 1 26 
-7 1 -5 -5 -3 -2 -3 -12 
3 -10 1 -1 -2 -2 0 0 
15 -10 -13 -1 1 -2 1 -3 
2 2 -3 -2 -3 -2 1 3 
-13 6 6 4 2 -1 -2 -7 
2 18 2 -1 -5 -2 -3 -4 
1 -2 -7 -2 -2 -1 -2 -3 
1 -2 -7 -3 -3 -4 -4 -6 
3 7 3 0 1 0 2 10 
2 -13 -6 1 2 0 -1 4 
-12 -17 8 0 1 -1 -2 -18 
9 9 9 2 1 2 1 7 
44 -11 -16 -9 -5 -5 -3 6 
-81 -12 3 -4 -3 -2 -1 -10 
10 3 -3 1 0 0 0 5 
10 -2 3 2 -1 0 1 11 
2 0 1 -1 -4 -2 -3 -1 
7 -10 -8 -2 0 1 -4 -7 
5 10 0 1 -1 0 -1 -2 
-9 -2 -7 -1 1 -1 0 5 
-26 -5 1 -4 -4 -2 -3 -20 
12 3 6 -2 -1 -1 1 -3 
-6 0 -1 -1 -1 -1 -2 -7 
11 0 -8 -2 -2 -3 -1 -4 
-11 3 4 1 2 0 0 5 
16 -4 -3 -1 -3 -3 -4 -1 
-19 10 2 -1 0 -1 -1 0 
0 -9 -6 -3 -2 -1 -2 -15 
0 -21 7 0 3 2 3 2 
-13 14 5 0 0 1 -1 -4 
1 -4 0 2 -3 -3 -4 -3 
1 -10 -4 -3 -3 -1 -1 7 
65 0 -6 -1 -3 0 -3 7 
-7 -15 -4 0 0 -1 0 5 
4 -6 -7 -4 0 0 -2 -17 
-8 3 3 -1 -1 -1 1 -5 
1 -4 6 -1 -1 -1 0 4 
11 -10 -8 -1 1 -3 1 16 
5 6 -5 -2 -3 -2 -1 1 
-8 -22 -6 -6 -1 -1 -2 0 
-20 28 3 -4 -6 -5 -4 -2 
3 -10 3 4 2 1 0 -5 
-10 -6 9 0 2 0 0 1 
10 11 1 -1 -2 -3 -4 0 
-20 5 -5 -1 -2 -1 -2 -9 
-9 7 -6 -10 -5 0 0 -7 
21 -4 -4 -1 -1 -2 -2 0 
7 5 3 -2 -3 1 1 12 
-7 -7 -4 5 5 0 2 19 
-4 -8 3 -1 -2 -4 -4 -41 
1 -16 -7 -4 -3 -3 -2 5 
1 19 6 0 1 2 2 3 
-6 -10 9 0 -3 -2 -1 -6 
6 1 -12 0 -1 0 -2 19 
-56 -15 -2 -2 -2 0 -2 -15 
29 -6 0 2 -2 -1 -1 21 
-42 -12 -13 -4 -2 0 -1 -31 
-4 11 3 -2 -2 -2 1 9 
20 6 -1 -1 -1 -1 -1 1 
-2 -10 -11 -4 -1 -3 -1 6 
-9 -9 3 0 -1 -1 0 0 
4 -12 -11 -3 0 -3 -2 3 
3 5 3 0 -1 -1 -2 3 
-7 25 6 -3 -7 -3 -1 -12 
-6 -6 -6 0 0 1 2 9 
2 -6 2 -1 -2 -1 -3 -15 
14 -3 -1 -3 0 0 0 9 
-11 -5 2 2 -1 -1 -3 -6 
1 15 -4 -3 -1 -2 -4 -11 
7 5 6 3 -2 -1 1 16 
-7 -8 -14 -2 1 -1 1 -2 
0 -8 -2 1 0 -1 -2 -7 
-13 2 -3 -2 -3 -1 -1 4 
20 -7 1 1 1 -1 -2 2 
-18 4 8 -3 -2 -1 -1 -3 
61 7 1 2 1 2 6 16 
-16 11 18 1 3 2 -1 -32 
13 2 21 5 0 3 5 15 
-15 7 -7 -3 -3 -3 -4 -26 
8 5 -6 -6 -2 -3 -4 6 
8 -1 -8 -2 -3 -4 -5 7 
-13 -15 -9 -1 3 2 2 -3 
25 3 8 4 2 0 1 6 
-26 -18 -13 -1 -5 -4 -4 -6 
8 -8 -6 -1 0 1 -1 4 
-36 -7 -10 -3 -1 -1 -4 -23 
40 18 -1 -3 -3 -5 -4 25 
-45 -15 15 -1 0 2 0 -15 
-15 -6 -1 -4 -4 -2 -3 -10 
9 5 -2 1 0 -2 -1 2 
-7 1 9 0 0 1 1 -1 
-1 3 -10 -4 -2 -2 -4 -1 
13 2 -8 -2 -4 -2 0 11 
2 -1 3 -1 -1 0 0 3 
0 -23 -9 -3 -4 -3 -2 -10 
-9 3 -6 -2 0 -2 -3 -7 
4 2 1 -1 1 0 0 7 
-1 -2 -5 1 -1 -2 -2 -7 
3 2 0 1 0 0 2 7 
14 -10 -4 0 0 -1 -1 16 
2 41 13 2 -1 -3 -1 -6 
-35 -18 4 -1 -2 -2 -2 -3 
13 -6 -5 1 2 2 4 25 
-22 -2 -2 3 -1 -1 -2 -30 
4 -7 -5 -4 -4 -3 0 6 
13 0 -6 -6 -6 -6 -6 -8 
-8 -5 -8 -3 -4 0 0 -1 
24 7 0 1 0 -1 3 6 
11 -13 -8 -2 1 -2 -2 14 
-20 -5 4 5 4 1 0 -10 
-14 -12 -20 -7 -4 -2 -2 -6 
7 2 3 -1 -3 -3 -1 -3 
1 -9 -5 -3 -1 0 -1 -4 
2 5 -1 -2 1 1 0 2 
8 7 10 1 -3 -2 -4 1 
-12 -3 2 1 2 2 2 3 
-23 -3 -13 -6 -5 -4 -3 -3 
-10 10 3 -3 -4 -2 -4 -9 
-4 5 9 2 0 -1 0 -4 
-6 -9 -7 -4 -1 0 -3 1 
13 9 -1 0 -3 -3 -4 2 
20 -8 -1 2 -1 0 4 33 
4 42 13 1 -2 -2 -3 -36 
-2 -4 0 -2 -3 0 -2 1 
3 -5 -7 -2 -1 -3 -2 -1 
1 -3 0 -1 -2 -1 -2 -6 
3 0 0 1 1 1 2 7 
-2 -6 -10 -5 -1 -2 -4 8 
-4 2 6 1 -2 -2 -3 -14 
7 -9 -13 -5 -2 -2 -2 -6 
-9 -16 -1 0 0 -3 -3 4 
-2 7 10 1 0 1 0 -6 
41 -19 -12 -2 -1 0 3 15 
-4 11 2 -1 -2 -2 -1 7 
-12 -8 -7 -2 -3 -5 -4 -31 
-14 16 5 -3 -1 -1 0 -1 
10 3 5 -1 1 2 0 3 
4 2 -6 3 4 2 -1 -3 
