#EMG
#1
#ID:1-45
-5 -2 5 -3 0 2 2 12 
-1 -3 2 2 -1 -4 -1 -34 
-2 7 7 3 -1 4 2 10 
-3 -14 -16 -9 -6 -4 -3 1 
-4 -5 -14 -3 -4 -2 -1 -6 
3 6 1 0 2 -1 -2 7 
-2 2 1 0 -2 0 -2 6 
-3 -11 -6 -3 -3 -3 -7 -21 
11 -5 -10 -3 -2 -1 -1 13 
-2 -11 2 3 3 -1 0 -2 
-7 3 -5 -5 -4 -2 -2 11 
-19 -6 0 2 3 2 1 2 
6 -6 -10 -4 -4 -3 -4 -6 
-11 -24 24 2 2 3 3 4 
-3 -14 4 -1 0 -2 -4 -11 
2 8 -6 0 1 0 1 1 
-7 -9 -15 -6 -5 -5 -5 -22 
5 2 5 3 1 2 4 26 
-7 3 4 -5 -3 2 -2 -39 
-16 -17 -12 -2 -1 -4 -3 -6 
3 -13 6 -2 0 1 1 -3 
-6 0 -9 0 -1 -1 -1 6 
-3 -12 -4 -1 3 1 1 6 
-3 5 12 0 -1 0 0 -2 
27 7 -7 -1 0 -1 0 17 
-18 -13 -1 -1 -1 -3 -6 -41 
10 -24 9 1 -2 -3 0 14 
-3 -5 9 1 5 4 5 4 
-4 6 -7 -3 -3 -3 -3 1 
7 9 -7 -3 -2 0 -1 3 
7 13 6 1 1 -1 -3 -1 
6 7 12 2 -2 0 0 9 
-1 -1 6 1 -1 1 0 14 
20 -2 2 -1 0 -1 -3 -20 
-8 16 6 3 -2 0 -3 5 
9 4 -14 -2 -3 -5 -2 4 
-16 5 5 3 5 3 2 -2 
-2 1 -17 -6 -3 -4 1 3 
6 -8 3 1 -4 -5 -2 1 
6 -3 -6 -2 -1 -2 -2 2 
-3 -3 4 2 0 -2 -2 -4 
-22 8 13 3 2 2 0 0 
-11 -25 -9 -11 -7 -6 -1 -4 
15 -5 -4 1 -3 -3 -3 5 
-8 9 1 1 0 0 -4 -5 
5 -5 4 -3 -2 -2 -1 7 
-2 20 0 1 1 -1 0 0 
-15 -33 4 -3 -4 -1 3 -1 
0 61 20 1 -1 0 0 5 
-5 -7 2 0 -1 2 3 26 
5 4 -1 3 2 -2 -6 -18 
3 -4 -25 -7 -5 -2 -2 -2 
-2 -14 -5 -2 0 1 0 -9 
-1 -5 -7 -3 -1 -3 -9 3 
16 15 0 2 -1 1 12 10 
-11 -1 15 0 0 -9 -27 -8 
-30 -22 -12 -3 0 -1 -1 -35 
-1 8 7 2 -1 -1 4 -6 
14 -6 -17 -8 -4 -2 -5 4 
3 3 -7 -3 -3 -3 -5 -5 
-11 -23 -18 -4 -3 -3 2 13 
-3 -10 14 -3 -2 0 -3 -17 
-4 -12 -32 -1 0 0 1 -4 
-3 35 15 0 -2 0 2 6 
18 0 -14 -2 1 2 2 31 
15 -14 -28 -4 -8 -3 -12 -52 
-5 29 27 6 2 0 5 26 
0 6 -16 -5 -3 -1 2 -4 
7 6 26 5 1 2 9 8 
3 4 -11 -8 -5 -7 -4 4 
-12 -8 -7 0 0 2 -4 -11 
5 -37 18 2 1 -1 -4 11 
-6 20 -20 -4 -4 -8 -5 -24 
-19 -6 -1 5 3 0 12 9 
-7 -2 3 -6 -3 -4 -12 -20 
2 12 9 5 4 5 14 1 
2 -20 6 -8 -6 -1 0 -8 
9 -4 -17 -2 0 1 -11 12 
6 -14 -7 -1 2 4 13 2 
6 6 -21 -5 -3 -1 -6 -15 
-17 -11 -7 -6 -5 -7 -12 -16 
1 17 19 6 3 0 9 8 
-4 -8 -15 -4 -1 -1 -6 2 
6 -24 -12 1 2 6 5 9 
11 -4 41 5 -2 -8 -16 -8 
-6 23 -46 -19 -6 -2 -11 -33 
-10 -3 18 3 0 3 20 38 
1 4 2 7 2 -3 -1 5 
-3 -48 -66 -26 -12 -3 -16 1 
11 28 46 7 5 6 -1 -40 
4 5 -19 -4 -4 -4 4 22 
-5 -16 14 4 4 2 17 -12 
2 -1 61 27 7 -1 6 15 
2 -28 -39 -17 -4 2 2 7 
-4 33 -39 11 -5 -3 -8 -25 
4 85 -4 -3 3 1 -9 -2 
16 -17 -52 -33 -13 -2 8 -27 
-2 30 54 41 9 -1 3 27 
8 44 69 -6 9 -2 -11 -22 
-14 -30 55 3 -8 -3 7 10 
13 -4 16 -5 2 0 -35 2 
-9 -33 26 53 11 3 36 -13 
-8 -10 -58 -63 -22 -8 -6 -12 
5 -23 -3 -24 -12 -5 -8 -16 
3 -45 -20 -14 2 3 3 9 
10 -8 68 68 21 5 -4 20 
19 -61 -39 10 7 1 1 13 
-28 -2 6 -25 -20 -10 -11 -28 
-13 -32 -87 -62 -30 -9 -1 -6 
-2 -32 17 0 -2 1 -1 14 
-18 -4 -46 18 13 6 3 -21 
20 37 31 21 9 0 -6 4 
-21 35 13 24 9 0 8 0 
5 65 -85 -54 -25 -15 -24 -3 
-18 3 52 17 4 3 3 -23 
2 -22 -56 -2 7 0 21 77 
-25 19 6 30 8 2 6 -36 
4 -26 -30 -57 -19 -10 -12 -5 
-5 10 22 1 -4 1 -22 -24 
6 -1 -33 -3 -2 0 16 12 
13 -18 58 48 18 2 0 15 
-14 1 37 -18 5 3 10 32 
16 -24 -27 -21 -11 -7 -18 -15 
-8 -10 -9 -8 -2 3 2 -10 
-27 7 9 2 -1 -1 0 -14 
-1 -2 9 11 -2 -1 1 -17 
15 -12 3 11 4 4 14 41 
1 9 22 7 7 5 8 -36 
0 16 -1 2 -1 -13 -33 11 
5 10 -11 -7 -6 -2 0 -1 
-2 12 36 3 -1 -4 3 16 
6 2 -31 -2 -2 0 -1 -7 
12 16 14 19 5 2 2 -10 
-8 -53 4 -15 -6 -6 -5 6 
-5 -28 14 0 2 -2 -18 -27 
-49 7 -1 -15 -5 -3 1 -6 
-14 29 -30 -24 -9 1 13 -2 
12 -27 -17 1 1 0 4 29 
-1 30 18 12 0 -5 -3 -2 
1 8 9 10 0 -5 -10 -13 
6 -5 37 3 4 2 5 -6 
-32 -45 -26 -9 -4 0 4 8 
9 12 -6 1 -2 0 5 7 
9 -12 -30 2 0 -1 -16 4 
11 35 15 -1 1 0 0 -14 
7 -16 -40 -11 -5 -1 -5 -26 
0 -6 0 -2 -6 -2 1 6 
2 -20 -2 -6 -5 -1 -3 7 
-2 9 67 7 4 6 17 16 
13 5 -18 -6 -3 -5 -14 -6 
2 32 -3 -7 -5 -3 4 8 
-3 11 26 1 1 1 -2 5 
7 -18 -8 -5 0 4 -4 -10 
9 29 13 1 5 3 2 1 
-8 -6 0 -2 -3 -1 5 14 
-13 -4 -21 -2 -4 -2 -9 -25 
26 34 -19 -3 -3 1 5 10 
-31 -7 -13 -12 -3 -3 4 -60 
10 -4 6 9 0 -1 -5 34 
7 23 22 4 2 -3 -8 5 
-10 -24 -31 0 1 -1 -5 -8 
-3 4 5 -2 -2 -1 7 27 
15 13 25 -1 -2 -2 9 -8 
-20 -13 -37 -5 -3 -5 -14 -36 
-3 12 -30 -5 -4 -4 -7 -6 
5 4 4 10 4 4 19 22 
-20 -5 35 -2 1 2 16 -6 
14 -9 -6 4 -3 -4 -19 5 
14 -14 -11 -6 -2 0 12 25 
2 -12 -1 8 3 0 -11 -28 
-4 8 9 1 1 -1 -41 5 
-1 -8 13 -1 -1 -6 10 7 
-19 -10 0 -1 -1 4 31 28 
5 5 24 4 -2 -15 -53 1 
13 20 -31 -7 -1 -2 11 -18 
-8 -34 29 4 3 4 0 -22 
1 -12 -22 -3 -2 2 -15 31 
2 3 15 -2 -4 0 9 2 
-12 -49 -43 -10 -8 -10 -31 1 
-3 12 1 7 7 4 16 11 
-8 -21 -15 -5 -3 -5 -7 -46 
7 22 26 3 1 4 19 11 
-6 0 -12 4 5 6 17 3 
-11 -1 -48 1 2 1 2 18 
8 19 21 1 -7 -5 -15 -36 
-2 52 68 6 4 3 15 33 
5 27 -11 -13 -9 -1 -10 -9 
17 -2 -59 -20 -10 -3 6 32 
-50 -31 63 25 8 3 5 -35 
-16 -11 -92 -36 -11 -10 -18 -25 
-1 -17 14 -2 -5 -3 14 20 
-13 -24 23 6 -3 -5 -12 -52 
21 25 28 3 0 -3 0 29 
-5 -1 -31 -2 3 5 1 -13 
15 34 5 4 -3 5 3 -1 
12 25 45 12 0 2 3 12 
-7 -22 -77 -34 -10 -3 -7 20 
18 -9 5 9 6 -4 -8 -26 
-2 -25 -8 -1 1 -6 3 6 
12 -9 16 9 4 -1 -5 -7 
-8 -5 -34 -15 -7 -4 5 -1 
12 -11 -23 -7 -4 -1 1 25 
-19 -45 -17 -3 -3 -2 3 -8 
8 0 33 -5 -3 -7 -11 -6 
-3 -13 1 9 -1 -5 -2 0 
-7 -9 -8 -2 -4 -2 0 -19 
-9 0 30 22 6 3 5 -3 
2 19 -1 -11 0 3 8 -3 
28 9 7 -9 5 8 -7 15 
-8 4 -6 -5 -4 1 23 10 
9 11 20 6 -1 -4 -15 -7 
9 -17 -23 2 -1 0 2 18 
3 -33 -29 -22 -9 -6 -3 -1 
-16 -7 34 9 1 5 -1 -11 
11 18 -1 -4 2 -1 -1 -9 
-3 -5 7 -4 -5 -2 10 36 
-1 25 -9 9 2 1 7 -13 
0 3 9 -1 -2 -1 -12 3 
8 5 -24 0 -2 -2 4 7 
7 16 -19 -17 -8 -2 -5 -7 
-12 -3 9 4 0 -3 -2 -6 
-17 -19 -11 -3 -6 -3 0 -15 
-24 -4 -4 -10 -4 -3 -6 1 
-4 7 2 3 1 -2 -7 -25 
20 3 -3 5 -2 -2 -10 -1 
-5 0 -1 5 1 0 -1 18 
0 -15 -12 -9 -3 0 0 -14 
-7 -11 -9 -1 2 0 -5 -1 
-12 -3 8 -4 0 0 1 -2 
-3 13 19 15 5 0 -2 -2 
-3 -4 -37 -3 1 0 0 36 
4 14 34 7 2 0 -3 -15 
1 4 5 11 5 3 5 2 
9 36 -3 -6 -2 -3 -3 8 
-22 -14 4 -3 -1 -3 1 -15 
1 18 21 0 1 0 -4 3 
3 20 -9 4 -1 -1 -2 -3 
-12 -5 8 0 1 0 -6 -2 
2 -11 6 -3 -1 -3 -1 -11 
-2 -8 -11 -3 -5 -1 -2 3 
-2 0 6 -8 -3 -1 0 -3 
2 -9 -12 -6 -3 -3 -2 1 
18 12 22 10 3 1 -10 3 
-22 -28 -17 -6 -3 -1 18 -4 
5 -5 -15 -5 -2 -2 -5 5 
-4 -3 -3 0 -1 -1 -5 4 
-4 -5 4 -2 0 -1 1 6 
-4 5 -3 1 0 -2 -10 -8 
-1 7 18 -1 -2 1 5 4 
2 -4 6 -2 -4 -5 -3 0 
-6 0 -5 -3 -1 0 1 -5 
11 1 4 1 0 1 -1 3 
6 2 12 3 0 -2 1 11 
-3 -15 -25 -7 -3 -2 -3 2 
8 10 10 14 0 -1 0 -17 
-24 -34 -17 -20 -5 -4 -3 -5 
-11 -7 16 3 1 0 1 0 
5 -4 2 3 1 0 -1 0 
-4 -8 -7 -4 0 -1 0 -13 
1 -4 -3 4 -1 -4 -3 3 
1 20 14 4 3 1 -3 -11 
-23 -4 12 1 2 3 2 0 
16 -13 -7 -10 -6 -7 -1 38 
0 9 7 2 1 0 -5 -5 
-9 -4 -6 0 0 -6 -2 1 
4 2 -13 -1 -1 -2 -4 -8 
-6 11 13 -3 -1 1 1 -3 
-8 -6 -5 -2 -4 -4 -5 -1 
11 3 -9 -1 0 0 2 22 
8 5 9 2 -2 -2 -5 -15 
-16 -10 -23 2 5 4 1 -15 
-1 3 4 -2 -6 -4 -1 -2 
-1 18 23 1 0 1 3 3 
8 -2 -3 0 -1 -1 2 11 
-1 6 7 -2 -2 -3 -2 -6 
-3 -15 13 4 1 3 -1 -2 
2 -30 -10 1 -2 -5 -1 -12 
0 20 -5 -4 -2 -2 -1 9 
-28 -1 14 -2 -3 -2 -2 -18 
3 -11 -13 1 3 0 0 9 
-3 -4 0 2 0 -2 -2 0 
12 -26 -9 -3 0 2 1 -27 
2 -12 -7 -2 -3 -1 0 -6 
-6 15 -4 -2 -4 -1 -2 -12 
-6 -9 4 -6 -4 0 -1 -2 
1 -1 -4 1 0 -3 -3 4 
-2 5 -8 -3 -4 -3 -2 -1 
5 -16 -7 -3 -2 -2 -2 17 
-20 10 0 2 2 0 -2 -38 
19 6 -6 -6 -6 -5 -2 26 
-3 -5 4 4 3 2 2 -11 
15 12 4 3 -1 -2 -1 5 
-22 -7 -17 -2 -1 -3 -3 8 
-16 1 -21 -6 -5 -2 -3 -8 
8 6 21 -3 -4 -4 -4 0 
4 -5 -12 -3 -4 0 1 2 
-9 5 8 5 5 3 1 -12 
15 -10 -4 0 -2 -3 -3 -3 
13 -10 -4 -10 -6 -4 -2 -7 
-7 -1 -6 1 0 -1 -1 -10 
5 -12 -19 -4 -3 -4 -3 1 
-21 -27 8 6 5 3 3 -2 
7 -3 9 1 1 0 0 9 
-3 7 -3 -7 -2 -2 -6 -14 
13 -13 -6 0 0 -1 0 10 
6 15 9 1 -1 -3 -4 5 
19 3 -35 -13 -7 -2 -1 25 
-17 -6 4 0 2 3 3 -15 
5 -5 2 3 1 1 1 11 
-3 2 3 0 1 -2 -1 -7 
-16 -25 14 2 -1 0 0 -4 
6 8 -8 0 -1 -2 -3 -1 
6 12 2 -1 -1 0 -1 0 
0 -1 9 -6 -2 -1 1 4 
-10 15 4 2 3 0 0 -5 
0 3 -3 0 -2 -4 -3 1 
-2 -4 3 -1 -1 -1 0 0 
0 4 -3 -1 -5 -4 -1 -3 
-1 4 -9 2 1 0 0 -4 
-11 0 -3 -4 -2 -2 -4 2 
-6 -9 -14 -6 -2 -2 -3 5 
-3 7 -22 -3 -2 0 -2 -5 
-18 -23 0 2 0 -1 -3 -7 
2 8 17 3 2 2 2 3 
4 -5 1 0 -3 -2 -3 -1 
-8 4 6 2 1 1 1 2 
-2 -6 -11 -5 -5 -2 -3 -6 
3 -11 -12 -4 -4 -3 -5 -2 
-3 -4 16 4 0 0 1 -1 
0 -3 -25 -11 -4 -1 -2 -2 
-1 14 8 2 0 0 2 -1 
2 -7 -12 -2 -2 -1 -2 -4 
-3 3 -3 -5 -3 -3 -1 -5 
-4 -6 10 -1 -3 -2 -1 5 
3 9 -8 -1 0 0 0 -1 
-5 -5 -9 -2 -1 -2 -3 -6 
8 0 -9 -2 -3 0 -1 1 
-1 1 8 5 2 -1 -1 -2 
-7 -7 -7 -5 -2 -1 -1 -4 
3 11 15 1 2 0 1 -1 
19 2 -1 -3 -2 -1 -4 20 
-16 -5 2 -2 -2 -4 -6 -30 
-3 9 10 6 3 -2 -1 -1 
-3 1 -11 -3 -2 1 1 -1 
6 -2 -8 -6 -2 -2 -3 1 
7 4 1 1 2 2 1 15 
-6 -6 12 0 -2 -2 -3 -11 
1 3 8 2 -1 -1 -2 -5 
-8 5 12 5 2 3 2 3 
2 1 -16 -2 2 1 -1 0 
-1 -1 4 -4 -4 -2 -2 -3 
-3 3 -2 0 -1 -2 0 3 
-8 2 -7 -5 -1 -1 0 -11 
4 11 -6 0 -4 -1 -1 4 
4 -8 -29 -7 -6 -3 -1 -6 
-3 -4 9 -4 -5 -2 -4 -1 
-4 0 14 3 2 0 -2 -5 
3 -6 1 -1 0 1 0 -3 
-3 3 8 1 0 1 1 4 
2 -2 -8 -2 0 -2 -1 -4 
0 -2 -1 -1 -1 0 -2 -4 
-4 5 -1 -3 -2 -2 -1 0 
-8 -1 -10 -1 0 -1 -3 -7 
11 -2 -8 -3 -1 0 -2 5 
-7 1 8 1 0 -1 -3 -9 
-8 -10 -18 -6 -2 -2 -2 -1 
-1 -7 -10 -6 -4 -3 0 2 
2 4 -12 -4 -2 -5 -5 -4 
-5 23 -1 0 -1 -1 -1 -2 
-4 -18 14 0 -2 -1 2 2 
16 8 -24 -4 -1 -1 -2 2 
-10 -10 -1 -1 -1 -1 -1 0 
12 6 -7 -6 -5 -5 -4 -5 
1 -6 9 -1 1 -2 -2 0 
1 4 -9 -4 -3 -4 -6 -1 
-15 -43 9 0 2 3 2 -4 
-9 -6 -5 4 3 2 1 -2 
5 7 11 1 -2 -1 -1 -1 
-8 -13 -3 -6 -6 -6 -4 -3 
12 7 -1 -1 -3 -2 -2 -3 
-9 -4 6 -1 2 2 2 -3 
3 -13 -3 -6 -5 -5 -3 1 
1 5 21 7 4 2 0 4 
-7 2 -15 -6 -5 -1 -1 -1 
18 -1 2 0 0 0 0 8 
-17 7 3 3 2 1 0 12 
-12 2 11 1 1 -2 -1 -18 
-25 14 1 4 1 1 3 2 
8 -10 5 -2 -5 -5 -4 -7 
-9 -4 -4 1 0 -1 -3 -3 
15 -4 9 -1 -1 -1 -2 -1 
-7 3 -4 -2 0 0 -1 -2 
3 0 -1 0 -3 1 1 5 
-4 -11 -26 -5 -4 -5 -2 -3 
-6 -7 -6 -7 -1 -1 1 2 
4 2 -3 -2 -5 -4 -3 -8 
-4 -1 -1 0 -1 -1 -1 2 
8 15 6 3 2 0 1 -5 
-8 -10 -10 -1 -3 -4 -4 -6 
4 4 -2 -4 -4 -2 -1 -2 
-1 -5 -5 1 0 -2 -1 1 
-1 16 -1 1 0 0 0 -4 
-2 1 2 1 -1 -2 -1 3 
4 6 3 2 0 0 -1 -1 
-10 -8 -12 -5 -3 -3 -2 -5 
3 -11 -1 -5 -1 -1 0 -3 
-10 -3 4 1 3 0 -2 2 
16 2 12 4 4 -2 -2 7 
-2 -4 -4 -4 0 -4 -3 -2 
0 18 12 3 -1 2 0 3 
2 -5 -4 0 0 1 2 2 
-8 -15 -14 -4 -3 -1 -3 3 
-12 -3 0 -5 -5 -3 -3 -18 
-2 0 7 1 -5 -1 -3 -2 
0 -12 -7 4 8 5 6 21 
-16 11 8 0 -2 -1 -6 -30 
1 4 -4 -1 0 -1 2 14 
4 -4 4 -1 1 -3 -4 -14 
-4 1 8 -6 -5 -1 -1 -5 
10 -8 0 2 0 1 0 12 
-1 -2 -6 -2 -2 0 -2 -1 
-6 -4 13 5 3 0 1 -2 
3 4 -10 -3 -4 -4 -4 4 
1 -6 -3 -6 -2 -1 -1 -2 
-2 -3 0 1 -1 -1 -2 -4 
0 0 -10 1 0 0 2 4 
1 -4 5 0 -2 -1 -2 3 
-9 -6 18 -1 1 2 2 -5 
4 -5 -9 -3 -3 -2 -2 8 
7 2 7 0 0 0 0 2 
-7 -7 -2 -3 -2 -1 -1 -3 
1 12 -11 -3 -5 -3 -2 2 
2 -2 1 0 2 1 1 -2 
1 -18 3 -3 -2 -1 -2 1 
2 6 1 -1 -2 -2 -4 -6 
1 9 7 5 2 2 3 2 
-7 -9 -13 -4 -2 -4 -3 -6 
10 -18 -26 -6 -4 -4 -5 -1 
-12 4 3 1 -3 0 1 -6 
1 -12 -19 -5 -2 -2 -3 0 
1 4 22 3 -1 -1 -2 3 
-1 -3 -9 -1 1 0 0 -1 
6 -4 2 -1 -4 -2 0 10 
-11 -11 -2 -1 -4 -3 -3 -3 
-12 -4 1 0 -1 0 0 -7 
3 3 1 -2 -1 0 -1 2 
1 5 -1 3 1 -1 -1 -1 
8 1 1 1 1 -1 0 -4 
-5 1 -10 -2 -2 -1 0 -7 
-9 0 -6 -4 -4 -4 -2 10 
9 0 -2 0 -1 -2 -2 -12 
9 -8 5 -3 -2 -2 2 22 
-7 -4 -4 -3 -2 1 0 -27 
-5 -4 -7 -2 0 1 1 0 
-1 8 2 1 -1 -4 -1 0 
-2 2 -4 -1 -3 0 -1 1 
9 2 0 -6 -3 -3 0 17 
-3 0 -1 2 2 2 1 -10 
-7 -12 2 -6 -6 -6 -6 -7 
-13 -8 3 -3 1 0 -3 -11 
3 -4 -13 -2 -4 -3 0 11 
-4 4 -2 -3 -2 -4 -1 -7 
4 -11 7 2 4 3 1 4 
-7 -7 -4 -3 -5 -3 -2 -4 
-6 -7 -10 -7 -4 -4 -4 1 
-3 1 6 0 -3 -3 -3 -3 
2 1 -4 2 1 1 -1 -7 
4 7 2 0 -2 0 -2 3 
12 1 -8 3 0 1 -2 -1 
-22 0 6 -2 -1 -2 0 1 
-4 -5 -7 -3 -2 -2 -2 -7 
1 5 -3 2 1 -3 -2 -3 
-6 3 11 -1 -3 -1 0 -1 
13 1 19 4 0 0 0 4 
3 -5 -18 -5 -1 -1 3 10 
5 2 0 -5 -11 -3 -5 -8 
-3 6 -9 -2 -5 -2 -2 -6 
-2 17 27 -4 -6 -1 0 8 
-10 2 14 3 2 2 1 -2 
5 2 -12 -2 3 -1 1 3 
1 0 8 0 5 1 -1 4 
22 -5 -32 -8 -2 -2 -1 14 
1 12 -7 -2 0 -3 -3 -15 
2 4 9 5 4 2 2 2 
-6 8 4 -6 -4 -2 -4 -5 
-6 -4 -5 1 2 1 1 4 
-5 1 -3 0 -1 -2 -1 0 
15 -9 -2 -1 1 -1 -2 0 
-9 -1 -5 2 2 -1 2 2 
-8 -5 -3 0 0 -3 -3 -10 
-3 -4 0 -3 -3 -3 -3 -3 
-11 1 -11 -4 0 -3 -3 -6 
0 -11 11 0 0 -1 -1 -6 
1 4 11 4 2 3 -1 -10 
2 -8 -18 -4 -5 -4 -3 1 
-2 -1 -2 3 1 1 0 7 
7 -1 -6 -5 -3 -4 -3 -9 
-6 -15 3 -2 -3 -4 -2 -6 
-5 6 8 1 0 1 -1 0 
0 3 3 1 0 -1 0 3 
-2 -5 -5 0 -1 -2 0 3 
7 -1 -13 4 0 -2 -1 -8 
-1 -5 2 -2 -2 -1 0 4 
-2 -1 15 -5 -2 -4 -3 -3 
-6 -7 -24 -2 -4 -1 -3 -4 
-3 -11 -2 -2 -1 -2 0 5 
1 4 9 5 2 2 0 1 
-2 -4 -10 -1 -1 -1 0 -3 
0 1 -2 1 2 1 -1 1 
0 -2 -9 -2 -2 -1 1 10 
3 -13 15 -1 -2 -3 -3 -7 
2 -4 -2 -1 -2 -2 -2 -1 
5 1 12 1 -2 -1 -3 3 
-1 1 -5 -2 -2 3 2 15 
-31 -21 -34 -11 -7 -5 -6 -17 
-7 4 9 3 -1 -1 -2 -10 
3 -4 1 0 2 1 3 2 
2 6 19 4 3 1 -1 -2 
6 5 8 -2 -2 -1 1 7 
-2 0 -12 -3 -1 -2 -1 -2 
-11 8 17 0 1 2 1 3 
-3 -2 7 4 1 -1 0 -11 
2 4 1 -2 0 0 0 6 
-1 -8 -15 -2 0 0 -1 -3 
3 -2 1 -1 -3 -4 -3 -1 
-6 -6 -11 -3 -1 -2 -2 -8 
-4 -6 -7 1 -1 -2 0 0 
4 3 -5 -4 -4 -2 -5 -2 
8 -16 1 -1 0 0 0 2 
-6 3 -12 -6 -4 -2 -2 -8 
6 7 -5 1 2 -1 0 0 
-21 2 21 4 1 3 3 1 
8 -11 -24 -4 -4 -5 -5 -3 
0 1 5 4 2 2 -1 -5 
-7 -21 -2 -8 -6 -3 -1 0 
2 -2 1 0 -1 0 1 2 
-5 3 9 1 -1 -2 -4 -1 
-3 -5 -9 -3 -2 -1 1 -7 
23 11 0 0 -1 -2 -3 9 
0 -1 2 -3 -2 1 -4 -1 
-7 1 1 -2 -2 0 -1 -5 
1 15 -19 -4 -2 0 -2 1 
0 18 20 4 1 3 2 -9 
2 -4 -2 -5 -2 -2 1 -3 
1 6 10 2 1 0 1 5 
-2 -5 8 0 0 -3 -1 3 
-10 5 -5 0 -2 -4 -4 -11 
8 0 0 1 0 -1 -2 4 
4 35 -11 1 0 -1 -3 -4 
-1 -11 -8 -4 -3 -1 -2 -2 
-2 -6 -1 -4 -3 -3 -3 2 
7 -5 3 0 -1 0 -1 -2 
-7 -3 -14 -1 -2 -3 -1 7 
-4 -1 4 -2 -2 -3 -3 -8 
-4 -1 -2 1 -2 -3 -3 0 
-1 -5 -10 -2 -1 1 0 1 
-1 -2 21 2 1 3 2 2 
-1 -12 -22 -6 -3 -3 -2 0 
-8 -10 -14 -6 -4 -2 1 -3 
-2 -1 5 -1 -1 -3 0 -2 
2 -6 6 -4 -1 0 -1 3 
-9 -2 1 -5 -1 -1 -2 -9 
2 4 0 1 1 1 -1 -1 
-4 0 -14 -1 0 -1 -2 1 
1 3 -18 -6 -7 -3 -1 -2 
-1 -5 1 -2 -2 2 0 -5 
-4 -5 -2 -2 -2 0 -3 -1 
-9 -13 -6 -1 1 -1 0 1 
2 6 -7 0 -2 -4 -2 -9 
-11 3 -4 2 -2 -1 -1 -4 
0 13 20 0 0 3 4 8 
2 0 6 -3 -1 -3 -1 1 
-15 -10 5 2 3 2 1 -2 
19 -10 -5 -2 -3 -4 -3 9 
-2 -2 -4 1 1 1 -1 -1 
-12 7 9 3 -1 -1 -2 -10 
-2 1 8 3 -1 -1 -3 -3 
-10 -3 0 -2 -2 -2 -2 -1 
-1 1 -6 0 0 0 -1 -2 
-3 -4 4 -2 -3 0 -1 0 
-5 -5 -16 -1 -2 1 -1 -2 
0 8 -2 -1 -1 1 0 -2 
-4 -1 -7 -3 -2 -3 -3 -3 
-2 4 3 1 0 -1 0 -5 
0 -7 0 0 -2 -1 -2 -2 
2 1 7 -4 -2 -2 0 2 
-2 -2 -4 -3 -1 -2 -3 -3 
6 -4 -10 2 1 -1 0 3 
-7 1 14 1 1 2 0 3 
-1 0 3 0 0 1 -2 -6 
-1 2 -9 2 -1 -1 1 17 
7 -6 -6 -5 -5 -4 -6 -16 
-2 -2 -18 -5 -2 -4 -1 -4 
-12 -3 -2 -3 -1 -2 -2 2 
-2 4 18 1 0 -1 -3 -10 
23 -2 -17 -4 -2 1 0 14 
-23 -9 1 -5 -3 -2 0 -10 
9 -3 13 1 0 -2 -1 5 
6 -4 -8 -1 -6 -1 0 -1 
-6 -2 6 -2 -3 -1 0 1 
