#EMG
#1
#ID:1-36
6 -1 6 3 0 -2 -1 6 
0 -2 -12 -4 -1 -1 -2 6 
-2 -6 0 1 -2 1 1 8 
-12 6 -13 0 -2 -3 1 -5 
19 3 -7 -4 0 1 0 -3 
-34 -6 0 1 0 -1 -3 -7 
-3 -6 -4 -4 -2 -2 -1 -1 
7 0 8 0 3 1 -1 10 
-9 -10 6 0 0 -1 -2 -1 
11 0 -8 -5 -3 -3 0 1 
4 3 -7 -3 -1 -2 0 29 
-8 0 12 4 0 1 -2 -30 
-1 5 10 -2 -3 -1 -1 3 
1 -10 -8 -1 -1 -2 -1 0 
-8 -5 -14 -3 -2 -2 -3 -3 
6 -2 7 -3 0 1 3 15 
-2 -3 0 -2 -2 0 -2 10 
22 0 -3 -3 -5 -2 -3 -12 
-5 -2 0 -1 1 0 -5 -16 
8 2 0 -2 -1 2 1 15 
-2 1 0 0 1 -1 0 -4 
-3 0 5 4 -1 -2 1 13 
-1 5 6 0 2 0 -2 -10 
-4 -10 -4 0 -1 -2 1 3 
-9 -4 -14 -2 -1 -1 -4 3 
20 10 -5 -3 -1 1 -1 -3 
-23 -13 24 3 2 0 1 -6 
-5 -4 -12 -5 -2 -3 -3 2 
-4 0 6 2 1 -1 -1 -3 
-12 -7 -9 -10 -7 -3 -2 -5 
12 0 -9 -3 -6 -5 -1 11 
-9 -3 -3 -2 -1 -1 -2 -32 
-8 1 6 -3 -3 -1 -1 -3 
10 -7 -12 0 2 3 1 13 
-6 9 -10 -3 -4 -5 -8 -32 
-1 -7 4 0 0 -1 0 13 
7 6 -4 -1 -2 -3 -3 2 
-12 2 12 1 3 3 1 -9 
7 -3 -20 -4 -5 -1 0 11 
-4 3 3 -3 0 0 -1 7 
0 -4 -4 -2 -2 -1 -2 -16 
-1 -2 11 2 -2 -3 -3 10 
-4 8 14 4 2 1 1 -3 
2 5 2 1 0 1 0 7 
-7 -12 -11 -1 -1 1 1 -6 
-40 -7 -5 -3 -4 -3 -4 -27 
12 5 -1 -1 0 -2 0 3 
1 -7 -11 -4 -2 -3 -3 4 
-7 0 14 0 -1 -1 -1 -4 
12 2 -4 -3 -1 -3 -3 13 
2 6 7 2 1 2 -1 -8 
-11 -6 -14 -3 -4 -4 -2 14 
-8 0 5 -2 -2 -2 -4 -25 
-9 0 -2 0 -3 -2 0 0 
4 -7 -1 -2 -2 0 1 6 
-4 5 -11 -3 -2 -1 0 0 
0 -7 -1 -1 -1 0 0 6 
-7 5 -12 -3 -2 -2 0 -7 
-2 -2 -5 -5 -2 0 -1 -1 
13 1 5 4 -3 -1 1 14 
27 0 -13 -7 0 -2 -1 28 
-24 7 6 -4 -4 -4 -4 -21 
-6 -17 5 4 1 -1 2 3 
1 -7 0 -3 -1 -1 -2 -8 
1 4 6 1 0 0 2 14 
22 10 11 0 1 1 0 9 
4 6 -6 -3 0 0 -2 1 
9 -3 -11 -11 -6 -6 -3 10 
-8 -3 -1 0 -1 -1 -2 -23 
2 -4 -2 1 1 2 2 10 
-10 6 4 0 -3 -5 -9 -21 
-1 -2 -2 1 0 0 2 9 
-3 0 -5 -2 -2 -1 1 0 
4 -4 -1 -1 -1 -2 -2 -2 
-1 -4 -4 -1 -1 1 3 10 
3 -3 6 1 1 0 -2 -7 
47 5 -13 -2 -2 0 -2 21 
-36 -23 17 5 4 4 0 -31 
-7 -7 -25 -4 -2 -2 3 8 
5 -11 0 -4 -3 -3 -3 -12 
-15 -4 3 1 -1 -1 -1 -6 
12 -2 -5 -3 -6 -5 -5 9 
5 -6 4 0 -1 1 1 3 
-5 4 1 2 0 3 5 -15 
-4 16 6 0 3 1 7 10 
3 -1 -10 -2 -2 -5 -11 3 
-15 -10 6 0 -1 -3 -1 4 
8 17 1 2 1 1 0 -4 
-5 -25 0 -3 -4 -1 2 -2 
13 -9 -13 2 4 4 6 26 
-3 -3 1 -1 -2 -1 -1 -28 
-10 -3 3 -1 -1 -4 -5 -1 
-2 16 14 -1 1 2 0 -1 
-10 56 71 8 2 -1 2 10 
-2 -32 -59 -12 -5 -3 -5 7 
-8 -3 0 0 0 -4 -7 -41 
-18 -10 6 5 2 -2 -1 12 
-1 -9 5 -5 -4 -5 -6 -38 
5 22 8 3 2 -1 5 10 
-3 -14 -7 -2 -2 -4 -7 9 
-5 13 -6 0 0 -1 -2 -2 
8 -12 -12 -2 0 -1 2 -13 
-2 8 8 1 -2 -2 0 4 
-3 -10 -7 -2 1 1 1 -6 
-10 -19 -10 -4 -7 -5 -6 5 
-5 -38 1 -6 -3 -1 3 6 
-9 -37 -13 -1 -3 -1 -8 1 
-9 24 23 4 2 3 4 -3 
10 -12 -14 -9 -9 -5 -4 -2 
4 -7 -51 -4 -1 2 8 -2 
35 10 25 4 2 0 13 -3 
-15 -48 2 7 4 1 -2 18 
-11 -13 -17 -9 -2 -1 -10 -20 
12 15 -36 -5 -6 -4 -5 34 
-9 8 49 0 0 1 7 -38 
5 3 -17 -7 -3 -1 -6 4 
-8 -29 -2 1 0 -3 -1 -10 
9 25 -16 2 2 0 -1 2 
-7 -26 37 17 3 0 -15 -2 
-6 24 11 -9 -2 0 7 8 
-4 -20 -74 -29 -11 -3 -4 -20 
-14 -27 34 2 0 2 3 12 
-6 8 -22 -13 -5 -3 -9 -6 
18 7 55 41 8 -1 2 17 
-9 41 66 0 8 4 7 12 
-2 -5 -19 -8 -9 -7 -9 -22 
2 12 -19 -9 -1 1 0 18 
-1 75 19 1 -7 -1 -3 -17 
2 21 29 25 2 0 -1 6 
-6 -5 -47 -5 11 5 2 7 
15 -9 -53 -37 -24 -10 -1 2 
-12 -36 -7 -12 6 1 -8 19 
15 6 42 20 6 1 -2 -20 
22 11 17 -9 -7 -6 5 13 
-22 -39 -45 -20 -10 -2 -2 -2 
-2 -20 -24 -10 -7 -2 3 -15 
18 -10 4 30 15 2 -2 11 
1 -3 17 -17 -5 -2 -5 5 
-14 7 7 6 2 -2 -6 -40 
-10 -32 -32 -17 -12 -4 -1 -20 
-22 30 -18 -24 -9 -1 -1 -1 
55 7 35 29 6 2 -1 15 
-3 -21 -42 7 10 3 5 1 
2 25 50 -1 -1 -5 -8 5 
-11 -30 -35 -7 -6 0 0 -11 
-1 -22 8 7 1 -1 1 8 
-20 13 -3 -5 -5 -4 -5 -13 
21 9 -37 -24 0 1 0 22 
-5 -24 -23 -25 -11 -4 -1 -9 
-14 37 40 17 7 0 -3 -23 
28 13 50 1 -3 -4 -6 21 
-41 -36 -35 1 -7 -2 6 -17 
15 2 1 -9 -4 -3 -3 17 
-4 6 24 14 4 -1 3 -1 
-9 82 68 36 21 17 25 -7 
14 26 -24 -16 -6 -4 -5 -11 
-18 29 16 21 0 -6 -15 -4 
-28 -18 -42 -27 -5 -3 4 -4 
32 -15 -34 -12 -10 -9 -8 23 
-10 -33 -7 -6 -3 -2 -1 -25 
-7 17 11 9 8 7 7 -9 
28 -9 -27 -8 -4 -2 -9 0 
-39 -54 3 -4 -5 1 -3 -16 
19 16 9 4 2 -2 -10 33 
-4 -12 6 6 3 0 -2 -3 
-15 -20 -39 -20 -9 -3 9 9 
35 10 -1 3 4 -2 -10 5 
2 -42 43 35 11 5 13 3 
-14 9 -44 -22 -2 -2 -3 -7 
-8 -9 -8 -10 -8 1 0 -13 
-16 10 -1 5 1 -1 2 3 
-7 -17 -31 1 4 -1 -5 -3 
7 17 26 6 1 -5 3 -7 
-27 6 -2 5 0 3 -4 -16 
9 -27 -37 1 -1 -3 -2 6 
-5 -15 -23 -15 -7 -4 -6 -17 
-12 -32 -3 0 -1 2 7 8 
3 1 -6 1 -6 -5 -9 0 
-3 15 12 3 1 -2 -11 0 
7 22 17 -1 -3 0 3 -12 
6 -9 -34 -4 -5 -2 1 2 
-4 0 31 -3 -3 0 -1 1 
3 7 3 12 1 -1 -2 -1 
-5 2 -8 -10 -2 -2 5 12 
-3 -4 30 -4 -2 -3 -8 -13 
-32 -18 23 6 -2 -5 6 14 
-9 1 -19 -12 -2 -2 -7 -15 
2 22 10 3 1 0 3 6 
5 -20 -7 0 -3 -4 -5 -3 
20 -6 8 6 7 2 -2 -4 
-9 19 -4 -2 -3 -1 7 9 
-1 4 -1 1 -1 -6 -20 -4 
3 -18 -6 -7 -3 1 -1 -4 
-2 2 2 2 0 1 4 -9 
9 8 22 8 4 4 5 23 
-7 -16 -74 -15 -4 3 7 0 
-2 15 1 3 -1 -3 -4 15 
-4 -23 -11 -9 -7 -6 -5 -37 
-24 5 14 -3 -1 -3 -12 -8 
-11 -6 17 3 0 1 -1 -7 
3 -18 -4 -2 -3 2 13 -15 
-18 -3 7 -1 -1 -4 -9 12 
3 -15 -33 -8 -3 -4 3 -8 
13 0 20 5 0 1 -3 -9 
4 -1 -11 -5 -4 -2 -1 19 
18 -4 4 2 2 2 9 -12 
-41 -3 -10 -6 -6 -2 8 -13 
6 25 14 2 0 -1 -16 25 
-3 19 2 2 3 0 -1 -11 
-8 14 0 -3 0 -2 -7 -16 
21 -4 18 6 4 1 -18 17 
-12 -15 -8 -6 -3 -2 15 -26 
2 4 21 -3 -4 2 18 24 
-12 28 -3 2 0 -5 -16 0 
6 -4 6 -5 -3 0 8 1 
5 6 43 3 0 -4 -9 1 
8 4 -37 -7 -6 -3 -13 -5 
-6 -11 -33 -6 -4 4 9 -31 
2 -7 11 -2 -1 -1 -4 6 
7 10 -7 0 -2 -4 3 16 
-12 9 17 -2 -2 -7 -7 3 
-1 -16 -27 -10 -8 -3 -14 -2 
5 -3 -5 0 1 0 -13 -11 
7 19 6 7 -1 0 4 7 
-6 4 -13 -3 -3 -6 -13 -12 
-3 -15 -38 -22 -10 -5 -7 0 
10 -15 -10 -5 -3 3 10 -1 
12 69 -8 5 5 4 4 2 
-6 -40 39 -1 0 1 -5 -7 
7 -12 -18 -5 -4 -3 2 7 
5 6 -25 -2 -2 0 9 9 
-1 -15 21 6 0 -1 -4 -16 
10 -16 -53 -14 -5 3 4 5 
18 35 26 4 1 0 -19 16 
11 5 -23 -6 -3 -1 20 12 
4 -35 6 8 2 0 -13 -1 
3 24 14 10 6 2 5 -3 
-4 -2 25 15 5 1 2 15 
-6 -4 18 -6 -4 -3 1 -24 
2 -5 -37 -14 -10 -2 7 -1 
-18 -13 -15 -11 -2 -2 -2 -3 
14 20 24 7 0 -2 -7 2 
-3 -2 7 -4 -2 1 2 2 
23 -2 7 0 -6 -5 -4 16 
-11 -12 12 1 -1 -2 -9 5 
2 -12 -17 20 1 4 7 -49 
-18 53 18 -13 3 -3 -9 3 
-15 -23 -34 -22 -7 -3 -3 -7 
21 21 51 22 3 0 -8 -17 
-2 -13 -20 -18 -6 -5 3 38 
7 8 27 17 2 -1 0 23 
-13 -7 -9 4 4 3 8 -25 
14 10 11 7 8 0 -14 -7 
-30 -9 2 0 -2 -3 28 29 
-6 -21 -7 -5 -5 -7 -20 -35 
-17 -8 -8 1 0 0 -1 0 
-37 -16 -16 -10 -2 -1 16 -20 
-24 5 19 0 0 0 -10 -7 
-9 -14 -28 -5 -1 0 8 27 
9 7 28 13 2 -5 -7 14 
4 0 -44 -24 -6 -2 8 3 
3 -10 -37 -10 -4 -2 -5 5 
-3 1 -5 8 2 2 -7 -22 
-11 -14 -20 -4 0 2 4 5 
1 8 15 -1 -9 -2 -3 10 
-1 -3 -7 -11 -4 -4 -8 -16 
21 1 10 7 0 1 -3 0 
0 3 18 3 -1 -2 2 5 
29 12 -1 9 4 4 3 21 
-5 -2 24 6 3 0 -6 -29 
-3 -6 -3 -8 -3 -1 2 4 
-3 -7 -10 -15 -8 -1 -2 -40 
-3 16 4 5 1 0 -2 2 
2 1 10 3 4 4 2 13 
14 -8 -6 10 4 0 0 15 
-2 -10 -6 -5 -2 -2 -2 -23 
0 -11 -6 -4 -2 -5 -2 4 
8 4 4 5 1 0 -2 -6 
-11 -4 1 -6 -4 -1 -3 -3 
1 4 8 -1 -2 -1 -2 20 
-3 -4 -21 0 -1 -3 -3 -15 
0 -1 8 -3 -2 -1 -1 2 
-2 -5 2 -3 -3 -2 -3 -6 
3 2 4 -1 -1 0 0 7 
-10 -6 5 3 1 1 0 -2 
10 11 3 -4 -1 -2 -2 6 
-2 -8 -9 -2 0 1 -1 -8 
-4 -8 -6 1 -1 -1 0 1 
-5 -8 -3 -2 -2 0 0 3 
0 0 -3 -2 -1 -2 -2 -3 
-3 -22 -10 -3 -2 -1 -3 -10 
-3 2 6 4 3 -2 0 4 
-8 -7 -9 -3 -2 -3 0 9 
-12 -1 -1 2 0 0 -2 -7 
6 4 4 1 1 0 -4 -4 
0 -4 -1 -2 0 0 -2 1 
-4 -7 6 -2 -3 -1 -2 -3 
4 2 -14 -10 -3 -3 -1 -3 
1 1 3 -2 -4 -1 -2 -2 
-3 3 -16 1 2 1 1 -1 
-1 13 15 4 1 1 0 0 
0 -10 -9 -3 -4 -4 -5 2 
-3 -2 7 -2 -2 -2 0 -5 
2 4 -14 -2 -2 -2 -3 9 
-11 0 1 0 1 -2 -1 -31 
-3 -7 -9 -1 -1 -3 0 7 
-1 0 -1 0 1 -1 1 3 
-3 -7 16 1 -1 -1 -4 2 
1 7 -1 -1 -1 0 -1 11 
3 3 7 2 -1 -2 0 -3 
1 11 8 2 -1 -2 -1 -7 
-8 -2 -8 -5 -1 1 0 5 
1 1 -11 -4 -4 -4 -2 0 
-2 -6 -13 -1 -1 0 -3 -9 
-2 0 9 1 1 1 1 2 
-4 -2 0 -1 -4 -2 -1 -3 
6 -3 -4 -3 -2 -3 -1 3 
2 1 7 2 -1 2 0 -4 
16 -3 1 0 -1 -3 2 12 
-9 2 4 -2 -2 -3 -6 -6 
5 -14 0 1 -3 -2 -1 13 
-8 -5 -2 0 -1 0 -1 -20 
3 -1 -1 1 -1 0 -1 3 
0 -3 -3 -9 -5 -2 -2 -10 
-6 -8 -2 1 1 0 2 0 
16 4 1 -5 -7 -4 -3 20 
-4 3 0 3 2 0 -1 -11 
13 23 9 0 0 -3 -1 3 
-8 -6 -9 1 2 1 -3 -10 
-15 -21 -1 2 6 5 6 7 
20 23 4 -1 -3 -3 0 21 
-14 -4 -10 -5 -2 -3 0 -22 
5 0 6 -3 -3 -3 -2 6 
0 2 -12 -3 -3 -2 -1 0 
0 -7 -5 -3 -1 -1 -2 1 
0 -8 12 5 2 1 1 4 
0 6 -8 -5 0 1 0 -3 
3 0 -1 -1 -3 0 -1 -3 
-19 -13 -2 -1 -2 -1 -1 -15 
1 -7 -4 -1 -2 -5 -3 4 
1 -2 6 2 2 -2 0 -1 
1 6 11 1 -1 -1 -1 0 
-7 5 -3 2 3 0 0 -7 
-3 -3 -18 -7 -5 -1 -3 -1 
-10 -9 2 0 -3 -2 0 -9 
-2 -2 2 -4 0 -5 -2 -5 
-2 4 0 -2 -2 -2 -2 -2 
1 1 5 0 -1 -2 -1 3 
-4 -3 6 5 5 3 3 -4 
2 0 -2 -2 -1 -1 1 22 
-6 -9 0 -1 -1 -2 -3 -28 
1 -1 0 -3 -2 -2 -2 9 
6 2 -5 -5 -3 0 -2 0 
5 3 1 1 0 -1 -1 1 
11 3 -1 -2 0 1 -2 5 
-18 -5 -1 -1 -1 -2 -4 -8 
-3 5 -2 1 0 -1 0 12 
12 1 -3 0 -3 -2 -4 -5 
-8 -4 -2 -4 -3 -2 -1 3 
-8 -5 7 0 1 -3 0 -11 
2 -3 -1 -2 -2 -4 -4 1 
-6 2 0 0 -2 0 0 -7 
-9 -7 -13 -3 -1 -1 0 -2 
8 3 -7 1 -1 -1 2 10 
-2 -5 2 0 -2 -2 -3 -2 
-6 0 1 -2 0 -1 0 -7 
2 0 5 1 0 1 -2 5 
0 8 1 -6 -2 0 -3 -7 
6 7 0 0 -4 -4 -4 -7 
-3 -15 -11 -7 -6 -5 -3 -8 
-11 -11 16 1 1 -1 2 7 
-2 2 4 3 2 2 2 4 
2 -5 -7 -6 -2 -4 -4 -8 
15 5 11 3 1 0 0 28 
-42 -6 -9 -1 -4 -2 0 -22 
12 -8 2 1 1 2 -1 -21 
-3 -1 20 4 -1 -1 0 1 
-1 -8 -22 -6 -3 -3 -1 2 
4 0 3 0 -4 -2 -3 2 
1 1 -1 0 0 0 -1 4 
-9 3 5 -3 -1 -1 0 -3 
-1 2 6 4 2 0 -1 -9 
14 6 -14 -5 -5 -1 -2 1 
-12 -10 -5 -6 -3 -2 -1 -2 
11 -3 -9 -3 -2 -2 -1 0 
-4 3 3 0 -1 1 0 -4 
3 0 1 0 -1 -3 -2 -3 
7 -3 -5 1 -2 1 0 12 
-22 -4 -6 -1 -2 -3 -3 -7 
-10 -22 -8 -6 -4 -1 -1 -6 
-2 -12 1 -3 -2 -2 -2 11 
24 6 4 -2 -1 -2 0 -1 
-5 -10 -14 -2 -2 -1 -2 5 
-2 2 10 4 1 -2 -1 -9 
-12 -1 6 0 0 -1 -2 -7 
-4 -16 -12 -3 -3 -2 -1 5 
3 -1 -2 -7 -4 -2 -4 -6 
-6 -20 -17 -5 -2 -1 -3 0 
9 4 -4 1 1 2 1 5 
-16 -4 10 3 3 0 -1 -6 
17 -7 -13 -6 -7 -3 -7 -3 
-14 10 14 -1 -1 0 1 -2 
15 -12 -5 1 2 0 0 -1 
-8 3 10 -1 -3 -3 -1 -3 
6 2 2 0 -2 0 -1 15 
12 1 1 -1 0 1 0 -3 
-10 5 3 -2 -2 -2 -4 -15 
5 10 -3 0 2 2 1 3 
-7 -5 0 -3 0 0 1 0 
5 9 2 1 -2 -1 -1 -3 
3 4 -11 -5 -3 0 1 6 
-1 -5 -9 -3 -3 -4 -4 1 
-7 1 16 3 3 3 4 7 
5 -3 -7 -2 0 -1 -7 -4 
-3 -7 -5 -3 -4 -3 2 5 
-23 -4 -4 -5 -1 0 0 -10 
16 0 -3 -5 -6 -5 -2 -19 
-12 8 4 2 0 0 0 0 
-7 3 5 3 0 0 -3 -2 
18 3 -2 4 -1 -1 -3 2 
-3 3 -5 0 0 1 0 5 
-9 1 -40 -5 -4 -1 3 0 
4 -2 -4 -2 1 -1 -2 -4 
3 24 13 0 -1 1 2 6 
0 -2 -7 0 -1 0 -4 -2 
-2 4 17 2 0 0 -3 -7 
31 5 -17 -6 -5 -4 -2 11 
-35 -7 3 0 -2 -1 -5 -39 
25 2 -12 -2 -5 -5 -2 1 
-7 -4 4 1 4 2 2 0 
1 -5 -4 0 -1 -4 -2 2 
3 -7 1 -2 -2 -1 -1 6 
-5 7 -3 0 1 1 0 -2 
-6 -13 13 -2 -2 0 -2 -4 
-5 4 3 -2 -3 1 -1 0 
4 -8 -6 0 -3 -3 -2 6 
-16 -4 5 0 1 1 1 -2 
11 17 1 -1 -5 -3 -2 6 
-15 -4 23 1 3 3 2 -5 
0 -6 -5 -5 -4 -2 -1 2 
-8 -2 -3 1 0 -1 -1 -2 
0 1 4 1 -4 -5 -2 -2 
-4 -16 -12 -4 -3 -4 -3 -12 
9 20 -1 0 -2 1 0 0 
9 -8 7 1 1 0 1 11 
-37 -6 -13 -9 -4 -6 -6 -18 
-2 0 2 -2 -1 -1 0 6 
7 -12 -3 -2 -1 -3 -4 -1 
-10 0 -7 -4 -2 -2 -3 -4 
14 -1 1 0 0 1 -1 0 
-1 -3 -4 1 1 -1 -2 -1 
-10 -5 1 -1 2 0 1 5 
4 -3 -19 -4 -3 0 -1 6 
5 -16 -10 0 2 1 -3 -16 
-6 3 1 -2 -4 -5 -3 -3 
2 -10 3 1 0 -1 -1 5 
-5 -5 7 1 0 -2 -1 -1 
5 16 9 2 0 2 1 8 
-12 -3 -7 -2 1 4 3 -4 
-1 -10 -5 0 -1 -3 -1 -4 
4 0 4 -4 -3 -1 1 14 
-6 5 8 1 0 -1 -1 -27 
-5 2 4 -1 -3 -2 -1 -3 
2 0 -11 -3 -4 -1 1 6 
3 -20 -6 2 2 3 2 -2 
-31 -5 -9 -1 -1 -2 -3 9 
13 7 -5 -1 -2 -1 -2 3 
4 -2 1 2 -2 -1 -2 -5 
-9 -7 -4 -2 -2 0 -2 -7 
8 6 -6 1 -1 -2 2 10 
-1 0 1 1 1 -1 -2 -5 
-8 7 9 1 3 3 2 12 
-6 -7 -8 -5 -5 -5 -6 -36 
16 -8 -6 -2 1 0 -2 18 
-9 -1 -9 -5 -3 -6 -2 -3 
6 3 -2 -3 -2 0 -3 -4 
-10 6 5 1 -1 -2 -1 6 
10 4 4 -1 -1 -2 -1 0 
4 1 -4 -1 -2 -2 -2 1 
0 15 -3 1 2 3 2 5 
-5 -9 3 -1 1 -2 0 1 
3 -1 2 0 1 1 1 8 
9 7 12 4 0 -1 0 2 
-2 -5 -4 -5 -3 -4 -4 -7 
-3 13 6 -2 -1 1 -2 3 
2 -1 1 -1 -1 -1 1 -2 
0 -7 -2 1 0 0 -1 -2 
-7 3 -1 1 0 0 0 -3 
10 24 11 -4 -4 -2 -1 9 
-15 -9 -1 -3 -2 -1 -1 -6 
-1 -2 -8 -4 -4 -1 -2 -5 
-3 -7 3 1 -5 -4 0 -2 
-4 -6 -4 -2 0 -2 1 1 
1 1 -4 2 -1 -1 0 -2 
-3 11 15 2 2 1 1 14 
25 -8 2 -3 -1 0 -3 5 
-27 -2 -9 -5 -2 -2 -7 -32 
9 4 1 1 0 -3 -2 -1 
-10 -6 -10 -4 -1 -3 -2 -11 
6 -21 -5 -2 -1 1 1 13 
5 0 2 1 -1 -2 -1 4 
3 10 -5 -1 0 1 -2 -2 
0 -8 7 1 2 2 1 4 
-12 -3 -28 -8 -3 -5 -4 -9 
-2 -13 0 1 -2 -1 -2 3 
-4 -11 -1 -8 -2 -2 -1 -1 
-1 -1 -1 0 -4 -3 -2 -1 
-1 1 1 -2 -1 -1 -2 -4 
0 -6 -4 -1 -2 -3 -1 -4 
2 1 13 7 2 2 2 7 
-1 -1 -9 -1 -2 -4 -5 -7 
-8 -5 1 0 3 -2 0 -5 
-1 -2 2 0 0 1 -1 -15 
-1 -7 -14 -1 -3 -2 -1 -1 
3 3 -1 -1 -2 -1 -1 -1 
-9 8 6 1 2 2 2 -4 
11 2 -9 -4 -1 -2 2 33 
-27 -9 -6 -1 1 1 -3 -23 
1 2 -2 0 -2 -2 -2 -9 
3 -2 -3 -5 -3 -3 1 5 
2 4 1 -1 -3 -1 0 2 
6 11 -3 -2 -2 -2 -2 10 
10 -3 -19 -9 -7 -5 -5 18 
-1 -3 10 2 1 -1 0 -17 
-4 5 -2 -3 -2 -3 -4 -5 
-4 0 -4 -1 0 2 2 -5 
2 1 2 1 2 0 -3 2 
6 5 8 3 -1 1 0 6 
-11 -5 3 0 -2 -2 -1 -14 
4 -9 -6 -5 -4 -3 -2 5 
-10 -1 -5 -1 -3 0 0 -6 
-10 -3 1 0 0 -2 -3 -4 
-2 -6 -4 2 1 -2 -2 3 
1 2 6 2 1 2 0 2 
-7 -4 1 -2 -1 0 1 -7 
-1 1 -6 -3 -3 -1 -3 -1 
-3 -3 -3 -3 -3 -2 0 -1 
-2 -5 5 -3 -3 -4 -3 2 
-7 1 1 2 2 -1 1 -3 
8 7 -5 -2 -3 -4 -4 -1 
13 -4 -9 -2 2 3 3 32 
-2 -4 -4 -1 2 0 -3 -33 
-25 -5 3 -3 -5 -2 -2 -13 
-8 -14 -8 -3 -2 1 -2 -8 
1 7 2 0 -2 -2 -2 0 
-7 1 4 -2 -2 -1 1 -2 
-17 -4 0 -2 1 0 -3 9 
1 1 -2 1 -1 -1 2 16 
-4 -3 -1 -2 -2 -2 -3 -36 
5 7 -4 -3 -3 -1 -1 9 
13 -2 2 1 0 -1 0 -5 
-5 -7 0 3 0 -3 -1 3 
2 2 -2 -3 -2 -2 -2 -1 
4 3 4 -2 -3 -3 -2 7 
4 -2 -1 -1 -1 1 2 0 
-4 6 -4 -4 -4 -4 -3 -1 
-9 0 0 -1 -2 -2 -4 -5 
-2 -12 -12 -3 -2 0 0 4 
2 -6 4 1 2 -1 -2 4 
-1 -3 0 1 1 3 1 -3 
-3 12 6 0 -2 -1 -1 0 
0 -9 -6 -3 -5 -3 -1 21 
-24 -13 12 1 -1 2 -3 -42 
8 2 4 -2 0 -1 -1 -1 
-4 -2 1 -3 0 -1 -2 3 
0 -8 -6 -2 1 -2 -1 -4 
21 -3 -10 -1 -4 0 0 18 
-2 15 11 2 1 0 -1 -6 
0 24 17 1 0 1 -1 -5 
8 7 -12 -1 0 -1 1 11 
-12 -4 -16 -6 -3 -3 -4 -8 
1 -1 -8 -4 -2 -1 -2 -2 
4 -16 -22 -5 -4 -2 1 13 
0 8 8 -1 -2 -1 -2 -9 
6 1 6 3 1 2 0 -2 
-3 -6 -6 2 -1 -3 -3 -6 
-8 -9 -8 0 0 1 -1 -2 
4 -2 3 0 1 1 1 -5 
4 1 -12 -4 -5 -4 0 0 
-8 -7 -1 0 1 0 0 9 
4 10 -2 1 0 -4 -2 -7 
14 11 16 1 -1 1 -3 -4 
5 -1 -1 -2 -1 0 2 4 
0 2 10 0 -3 -1 -1 0 
-5 -4 -19 -5 -5 -2 -5 -7 
-11 -5 -2 -2 -1 -2 -2 -4 
-4 1 -4 -1 0 -2 -1 2 
5 5 4 -2 -1 0 0 4 
-14 -11 7 3 2 2 -2 -35 
-2 -1 0 1 -2 -4 -2 1 
4 0 -2 -2 -1 -2 -2 5 
-8 -5 -11 -4 -4 -5 -4 -17 
-6 -11 -5 -1 -1 0 0 12 
1 -2 7 1 1 1 -2 0 
1 8 8 1 0 -1 -2 -2 
-10 -8 -6 3 2 3 1 1 
43 1 1 -4 -3 -4 -4 25 
-46 -15 1 -3 -5 -5 -6 -48 
-2 -12 3 1 1 -1 0 10 
-1 1 -6 -9 -4 -1 -2 1 
