#EMG
#3
#ID:3-30
-51 -8 -1 -1 -3 -1 -2 0 
6 -1 7 0 -4 -2 -2 -6 
-2 -9 -11 -5 -2 -2 -4 -9 
-5 23 -10 -10 -2 -1 0 -2 
12 2 -3 -1 -2 -1 0 10 
-4 -4 -2 7 4 2 2 -10 
-29 -7 3 -4 -2 -1 -2 -7 
18 -9 4 -1 -1 -2 -2 2 
3 -13 3 1 -1 -1 0 2 
16 11 -2 -2 -3 1 2 49 
-8 -3 -10 -5 -4 -4 -5 -22 
-4 -2 7 1 1 -1 -1 9 
7 -3 -20 -3 0 1 0 -2 
11 -3 -12 -8 -4 -5 -3 7 
-13 3 -1 -1 -3 0 1 -11 
-9 -7 -7 4 4 1 0 6 
-24 -12 11 -3 -4 -2 0 -8 
4 -6 0 1 -1 0 -4 -16 
4 1 -16 -5 -2 -2 0 35 
-3 0 11 2 -4 -2 -1 -19 
-9 -5 -3 2 3 0 0 -14 
-8 2 -5 0 -1 1 2 -1 
9 -3 2 4 1 0 -1 25 
6 0 1 -5 -6 -5 -6 -22 
6 35 -1 -9 -7 -3 -4 -4 
-5 2 5 -1 -1 0 1 2 
-19 2 10 -3 1 0 0 -9 
0 1 -14 4 1 -1 -7 -11 
23 7 1 0 -2 -2 0 14 
-85 -14 4 -3 -1 -1 -1 -29 
17 -3 7 -3 -5 -2 -1 -8 
0 -5 -9 -1 2 -2 1 7 
7 -7 20 0 -2 1 0 14 
7 -1 -9 -1 2 3 0 1 
1 4 -8 2 -1 -4 -3 -4 
-21 -14 -1 -7 -4 0 1 1 
-1 -8 -19 -4 1 -1 -1 -4 
23 -1 4 2 -4 -4 -1 3 
6 7 -6 -4 -1 1 -1 0 
5 -9 -8 3 0 1 1 8 
-2 11 22 5 1 0 -1 0 
7 -1 -16 -5 -1 -3 -3 0 
-17 -3 13 3 1 2 1 -23 
1 -1 13 9 0 0 -1 5 
3 -11 -5 -9 0 0 0 -7 
-22 22 -1 -6 0 0 2 -1 
16 -8 -7 -5 -3 -2 -2 26 
-11 3 -2 -3 -2 -1 0 -32 
5 -14 12 7 3 2 -1 3 
18 8 3 2 0 -2 1 -5 
28 1 -5 -4 -2 1 5 16 
-20 -1 -3 -6 -2 -2 -2 -10 
-28 -9 -6 -1 -1 -1 -2 -5 
33 1 2 -3 -1 -4 -6 1 
-20 7 -20 4 0 1 1 -16 
9 -8 0 -7 -5 -2 -1 7 
-6 4 3 -1 -1 0 -1 -3 
-15 -10 16 0 1 2 1 8 
-9 -6 -1 -1 -1 -4 -5 -25 
6 -3 1 -10 -3 0 -1 7 
-8 0 -10 0 1 -1 -2 1 
-2 3 8 3 0 1 0 -6 
50 -13 11 2 -2 -3 -3 14 
-41 4 12 1 1 1 2 4 
7 -14 -7 -2 -1 -1 -4 -24 
0 -9 -29 -9 -8 -5 -5 -7 
-5 0 8 3 2 -1 0 13 
-1 -8 -1 4 3 1 4 -3 
11 8 -13 -6 -3 -3 -5 -14 
-67 -2 4 4 3 1 -4 -16 
-22 -6 -11 -10 -5 -2 1 3 
18 4 -1 6 -3 -3 -4 -1 
-22 -13 -20 -10 -3 -4 -1 -2 
30 0 0 0 -2 -2 -2 7 
-24 -4 14 -4 0 0 0 -8 
14 18 10 4 3 0 -3 14 
17 6 20 9 0 0 0 2 
6 -4 19 0 -1 0 0 6 
-15 -7 3 4 0 -2 -1 12 
34 -12 -58 -26 -9 -4 -5 -1 
-47 -9 -6 0 0 0 0 -4 
18 -4 -4 -1 -3 -3 0 15 
-2 15 30 17 4 1 -3 -29 
-8 -1 6 2 4 2 2 6 
9 5 -6 0 1 -1 -3 2 
0 1 19 14 1 0 2 2 
6 2 -19 -16 -2 0 -1 5 
-4 -1 -4 -3 -1 -3 -1 -3 
11 6 3 -1 -1 -1 0 19 
-12 2 -6 -1 1 1 1 -20 
29 -12 -31 -7 -6 -6 -8 17 
-2 6 25 10 2 0 -2 -9 
-7 -13 -26 -13 -6 -4 -1 1 
-5 -14 -27 -8 -1 0 2 15 
-52 -3 5 -2 -2 -2 -3 -37 
-27 -2 -3 -2 -2 -1 -1 -5 
11 -5 0 1 -9 -3 -5 0 
3 -5 -16 -8 -2 -1 -1 8 
17 1 -3 0 0 1 3 -3 
11 -3 26 24 5 1 2 5 
-6 6 -26 -25 -3 1 -2 -13 
4 -8 1 -8 -6 0 -3 -4 
-16 -19 -22 -5 -4 -2 0 7 
19 9 3 2 -2 -2 0 -6 
18 4 20 14 4 0 0 8 
-9 -2 5 -4 -1 -5 -8 -24 
-2 -3 6 4 -1 2 2 3 
-3 -2 0 -3 -1 1 0 11 
-12 -10 8 5 0 -1 0 -12 
10 6 -15 -8 -2 -4 -1 3 
-7 -1 13 5 -2 -3 -4 -22 
-15 -4 1 1 0 -2 -4 4 
32 -3 -23 -12 -5 -2 0 18 
3 10 14 5 1 0 -2 -10 
-1 10 12 1 0 -1 -1 12 
3 -16 -6 -8 -3 0 1 0 
5 -13 5 -2 -3 -3 -3 -6 
-59 -4 6 2 0 1 0 -7 
1 1 -9 -7 -5 -1 -4 -2 
0 -11 1 7 5 3 1 8 
-18 5 -18 2 -1 0 1 -15 
21 -12 -4 -2 -3 -2 -2 6 
-1 -1 -23 -4 0 -1 0 10 
-9 -5 10 3 -3 -4 -3 -14 
-8 -8 7 -15 -4 -1 -1 -2 
8 -4 -2 3 0 -3 -4 -9 
10 2 -3 0 2 0 3 -1 
17 35 -7 -7 -3 0 -1 -1 
-19 8 10 10 4 1 0 -4 
12 21 5 6 1 0 1 8 
37 8 10 -1 4 3 4 3 
-34 -13 -27 -17 -11 -4 -5 9 
-18 -5 8 4 1 0 -1 -7 
3 10 6 -1 -1 -1 1 -1 
-1 1 4 4 1 1 -3 -2 
8 1 6 1 0 1 3 -15 
22 17 5 2 -1 0 -1 17 
-11 -27 -5 -7 -7 -6 -11 8 
-7 9 5 -1 -2 -2 6 -2 
8 -16 10 9 -1 -2 -4 5 
15 -6 -5 -5 1 4 9 10 
1 -4 0 -9 -4 -5 -4 6 
-14 19 -17 -4 -3 -1 -3 -11 
2 -15 -29 -6 -1 -3 -3 14 
0 -11 13 9 2 1 0 8 
27 -6 -5 1 0 1 11 -3 
-46 -16 3 -5 -5 -6 -15 -11 
13 3 -6 3 3 2 -3 8 
0 0 14 2 0 -1 9 -4 
49 16 -8 -2 -5 -3 -13 -16 
-9 -25 -42 -21 -5 -2 6 17 
16 36 15 17 4 1 3 -7 
-21 17 40 -18 -6 -9 -24 -8 
-6 28 45 12 3 9 14 2 
1 2 -4 0 1 -1 -3 -2 
-8 -30 -24 -16 -9 -6 -8 -20 
13 9 30 13 2 -3 -4 -1 
-11 16 32 5 3 3 12 6 
3 -19 -25 9 -3 -5 -13 -11 
18 13 -29 -27 -3 2 5 20 
-9 1 11 27 3 -4 -6 -7 
-5 -14 -31 -33 -2 -3 1 8 
-15 -6 12 5 -1 3 11 4 
4 -15 -8 2 -2 -4 -11 -20 
1 8 -5 15 8 5 6 4 
-8 4 -56 -14 -6 -6 -10 -12 
26 21 21 16 5 -3 -4 18 
-4 7 12 -12 0 4 9 10 
-38 -31 -14 -11 -11 -6 -4 -8 
-18 -27 -65 -11 -5 0 -1 -3 
11 -6 41 27 7 2 0 -1 
-20 -18 -16 -35 -12 -5 -8 -18 
12 -4 -68 -5 -3 -1 0 -8 
-6 -23 -1 -4 3 -3 -6 -4 
4 19 -8 -12 -11 -4 -2 16 
7 4 4 19 10 0 1 0 
10 28 25 -7 -10 -3 3 15 
13 -28 5 7 2 4 0 23 
-4 36 37 1 0 -3 -2 -32 
0 -11 25 0 -2 -3 -1 2 
4 0 -5 -12 2 3 1 5 
14 4 28 15 2 1 2 2 
7 33 -4 0 -3 -1 3 13 
1 11 -10 0 0 -2 -3 -5 
6 -6 -4 0 -6 -4 -2 -13 
-7 3 -31 -5 -5 -5 -12 3 
2 -21 1 -2 5 6 17 -2 
-21 -19 11 5 -1 -2 -2 -6 
8 10 -20 -7 -4 -2 -4 1 
-15 13 31 13 4 1 0 -19 
-4 -25 -20 -15 -6 -6 -9 10 
-2 -5 15 11 2 1 4 -9 
0 -16 3 18 7 -3 -5 -14 
-11 -8 13 -26 -8 0 -2 9 
-3 -37 -8 -7 -3 1 -2 -22 
-19 8 -9 -6 -8 -6 -4 -2 
-3 12 -3 2 1 0 -3 -10 
2 -11 5 17 4 -1 4 -11 
0 -5 -13 -5 -2 -1 -4 -3 
-4 -1 31 1 2 4 10 14 
-1 49 11 -5 1 1 0 4 
9 -2 10 9 0 0 0 -11 
-14 1 18 -1 0 2 2 2 
13 6 -24 3 -3 -3 -5 9 
-8 -22 1 -3 -2 -2 -3 -8 
5 4 -45 -12 -7 -3 -3 10 
4 0 -3 0 -4 1 -1 -8 
6 -13 -19 6 1 -2 0 -1 
-16 8 33 13 5 3 7 3 
-3 -2 -26 -33 -16 -9 -6 3 
23 -2 5 -4 -1 -3 -1 13 
-35 -6 -6 -6 -7 -1 1 -21 
53 -6 6 7 2 3 5 2 
-44 3 35 13 3 -2 -8 0 
-10 -5 2 0 1 -2 -3 0 
11 12 1 -1 -3 -1 1 -6 
28 -10 -24 -11 -5 -2 -1 21 
18 1 -8 2 2 2 -2 -34 
-6 -7 11 -3 -2 1 -12 -32 
-1 26 -17 1 -1 -2 16 38 
53 -22 -19 -12 -4 -1 -9 35 
-69 1 18 15 4 0 5 -44 
25 5 -25 -17 -5 -2 -2 52 
-15 -4 16 9 2 -3 -4 -39 
4 1 6 -11 0 -1 -5 -5 
-12 10 8 8 -2 -4 -8 65 
15 -12 -13 4 4 4 6 -8 
4 -15 -25 -23 -13 -6 -9 9 
-23 14 -7 10 -2 -9 -8 -19 
13 -4 15 -2 9 10 11 -22 
-31 -33 9 4 -3 -5 3 -6 
9 -6 -17 1 4 2 -5 4 
-6 23 12 -10 -9 -7 -11 12 
19 9 3 10 -1 -4 0 10 
-15 -4 -11 -12 -5 0 9 -4 
4 0 13 0 -1 -4 -10 -28 
-26 -12 32 7 5 7 2 -25 
18 -40 5 7 -3 2 9 14 
-5 -13 -89 -7 2 1 1 -9 
-28 14 27 -9 0 1 -10 4 
-24 -12 -13 -1 -1 2 11 -8 
21 35 29 -8 -6 -5 -8 0 
-14 13 -4 14 6 1 -6 -3 
10 -17 24 11 6 3 4 1 
-28 -28 -27 -23 -9 -5 -3 -4 
16 33 -32 -2 -4 -2 1 -1 
22 8 22 -2 -6 -3 -2 9 
-10 -13 2 -2 -4 -3 -3 1 
-14 -3 4 2 3 1 4 -2 
5 -6 6 0 3 -1 -8 -1 
1 -6 6 2 4 -4 -2 -12 
7 3 -4 -5 -10 -1 0 6 
-10 3 -31 2 2 1 -2 -8 
5 -11 -32 -3 -9 -4 -6 -2 
2 10 17 -4 -6 -3 -1 6 
6 19 17 6 5 1 -2 -3 
-12 -43 -17 -27 -15 -7 -6 -3 
-14 6 -18 8 9 2 -4 -10 
9 22 2 0 0 -4 -4 -3 
-17 24 68 18 4 0 -1 -2 
9 -16 -23 7 1 -1 1 5 
8 -8 11 -4 0 -1 2 8 
-6 -11 6 -4 -8 -5 -8 -3 
10 -4 -27 -8 -2 2 -1 -3 
-7 11 11 4 2 2 3 14 
12 2 -19 -3 -1 -2 -3 -21 
1 24 40 -2 -3 -2 2 2 
-10 -21 -65 -27 -12 -8 -4 4 
8 6 33 -1 0 0 0 16 
-27 5 28 3 2 1 0 9 
3 7 22 7 -3 -3 -9 -34 
6 24 2 2 5 3 4 2 
-10 -4 2 9 0 2 8 -8 
5 9 19 -1 -2 -3 -3 24 
-1 15 -36 -13 0 2 2 13 
-17 20 18 1 2 3 1 -12 
-17 -7 2 6 3 1 -1 -26 
9 -14 14 3 1 0 7 11 
22 -30 -43 -14 -8 -6 -12 -2 
-6 -21 0 2 0 -1 -1 -11 
10 15 -9 0 1 1 -4 18 
10 -5 -1 -1 3 0 2 -16 
-18 2 13 -7 -8 -2 -4 4 
17 -33 -42 -3 -4 -2 -6 -35 
1 2 7 -2 -2 -2 2 -1 
-12 -10 0 2 1 0 -2 -14 
2 2 -2 5 3 0 3 10 
-10 5 12 -7 -3 -2 -5 7 
-44 2 26 10 5 2 -6 -47 
-34 -27 -57 -25 -15 -11 -15 -24 
-28 -18 39 12 3 8 22 -12 
23 -5 -43 -8 -4 -2 2 -11 
-8 -29 4 14 1 -7 7 -48 
21 23 15 -23 -5 -1 -11 9 
35 21 -9 -1 -1 -1 -7 -14 
6 -23 -8 3 -2 -1 -5 7 
52 -11 -42 -10 -4 2 12 55 
-35 13 27 20 5 1 -1 24 
4 5 -11 -11 1 1 0 -65 
-5 9 41 19 0 -3 -18 50 
-23 6 -22 -10 -4 -7 -15 -36 
44 -3 -18 -3 1 7 7 38 
23 0 1 -11 -8 -9 27 64 
33 13 2 9 3 -3 -35 -17 
-31 52 80 29 11 11 23 -5 
25 -2 -2 5 -1 -7 -11 -6 
-69 21 -2 -28 -14 -9 -6 30 
-9 -12 -40 -18 -2 3 12 -28 
1 -2 2 5 1 2 -2 14 
21 23 38 19 8 5 2 -17 
-20 2 59 35 13 6 6 57 
22 -13 -19 0 -5 -5 8 31 
-74 -16 -55 -33 -8 1 -18 -54 
-50 -16 -31 -18 -6 -1 20 13 
8 5 -30 -7 -4 -7 -21 -35 
7 7 117 38 10 3 -10 19 
24 32 51 13 11 3 20 43 
9 -65 -105 -51 -21 -8 -12 -7 
-4 4 13 12 0 2 -5 -23 
-14 13 29 -1 0 2 10 5 
58 -6 -7 0 -8 -13 -22 17 
-29 12 20 6 3 -2 3 -31 
8 -12 55 5 2 0 -4 -4 
-24 -18 -5 14 10 4 9 -15 
4 -28 -33 -30 -11 -4 -14 25 
-23 12 26 16 -3 2 1 -2 
1 -34 -39 3 -3 -3 1 4 
-8 26 0 -13 -6 -7 -2 -9 
-2 1 -36 -19 -3 -2 -2 6 
6 14 65 19 6 1 -1 2 
6 -5 -25 -8 -3 0 -2 -15 
-19 -11 -3 0 -2 -2 7 5 
20 14 -13 -1 -3 -2 -11 1 
13 1 -17 -9 -4 4 10 6 
4 13 29 23 9 4 3 -3 
4 -29 -97 -10 1 -4 1 3 
6 -1 20 -6 -5 -1 0 -8 
-5 -16 -18 -3 -4 -6 -7 -24 
-11 13 -2 -21 -8 -3 -5 8 
9 -4 18 -4 -6 -2 -4 -29 
10 23 27 7 9 5 6 9 
-20 8 23 8 6 5 6 -12 
12 -21 -7 12 6 0 -5 19 
-8 10 -1 -13 -8 -1 6 -6 
34 -9 7 5 0 -2 3 12 
-62 -17 -10 -6 -10 -9 -9 -20 
-4 -5 -18 -5 -2 -1 -3 -1 
14 7 3 -6 -4 -5 -3 3 
-13 -21 -6 -4 -3 2 0 -11 
16 2 1 -3 0 3 3 19 
15 -6 -15 -5 -3 -2 -5 21 
-32 11 3 3 1 2 1 -47 
-1 8 -1 3 -1 -5 -2 -5 
23 3 -2 0 2 -2 -1 4 
-34 -18 -8 -4 0 0 1 -4 
13 10 10 -1 1 2 6 10 
-20 -13 -16 -3 -5 -3 -1 -4 
27 1 0 4 1 1 1 -8 
3 -9 -2 0 -1 -2 -4 -12 
-6 -2 -12 -9 -2 -3 -1 8 
19 -4 -5 2 -2 -3 -2 7 
-56 -24 -11 3 0 -4 -7 -28 
-4 5 1 -1 2 3 1 -16 
-2 -9 -15 -9 -4 -2 -1 8 
-30 -6 10 5 1 2 1 4 
40 -1 4 -1 -3 -3 -2 7 
-1 -4 -12 -6 -3 -2 2 1 
-5 -8 -8 -3 -1 -2 -3 -10 
6 0 2 2 0 -2 -3 -7 
3 2 2 3 0 1 3 18 
-15 4 -6 -3 -3 0 -1 -21 
15 3 -1 0 -1 0 1 29 
-14 4 10 14 1 -3 -4 -29 
5 14 -4 -14 -1 2 1 -3 
-2 -7 -3 -4 -5 -3 -2 0 
1 3 12 6 4 2 3 9 
1 -7 -24 -10 -2 -1 0 1 
3 2 17 4 -3 -4 -5 0 
10 -3 -3 2 -1 -2 -2 -2 
-19 2 3 -5 -2 0 -2 -8 
9 -13 3 -1 -2 -5 -6 4 
7 10 0 0 -1 0 0 2 
-3 1 -4 -3 -1 -2 -1 -5 
-3 -4 -11 -4 -3 -2 -2 0 
-7 4 -2 -5 -2 2 2 5 
4 -1 -3 1 2 -3 -3 -8 
-12 -2 -2 -1 -1 0 -1 -5 
11 -4 -5 -1 -1 1 1 19 
-4 -5 -6 -5 -4 -5 -3 -16 
6 6 -1 2 -2 0 1 3 
4 5 13 4 2 2 1 -1 
3 -3 -12 -5 -5 -3 -5 -5 
-1 -1 -7 -4 -4 -1 -1 7 
-1 -3 2 0 1 1 0 4 
27 3 -1 1 1 -1 0 -6 
-21 -4 -7 -4 -2 -1 -2 0 
-1 -9 -6 -4 -3 -5 -4 6 
-6 -1 0 -3 -3 -3 -1 -12 
2 -2 -1 1 0 1 2 19 
9 2 2 -1 -1 -2 -6 -37 
5 0 0 1 2 3 1 22 
2 1 -3 -2 -2 -3 -3 1 
57 4 8 0 1 1 5 55 
-45 -12 -4 1 -2 -3 -9 -66 
-32 7 4 1 0 0 -2 -17 
0 -5 -36 -8 -4 -2 0 6 
9 8 -2 -3 -2 -3 -3 -9 
12 3 -4 3 1 3 6 27 
13 -1 21 12 0 -1 0 -3 
-5 -2 -12 -13 0 0 -2 -8 
-23 12 -11 -5 -6 -6 -7 -10 
9 3 3 -2 -1 -2 0 14 
-19 0 9 -3 -1 -2 -1 -8 
18 -4 4 5 0 1 0 14 
-21 -9 -15 -1 -1 -2 -3 -19 
12 -10 -9 -8 -4 -4 -2 14 
11 -11 8 0 2 1 -1 2 
-10 11 25 9 3 1 1 -1 
0 1 -2 -3 -2 -3 -4 -15 
-11 -2 8 3 4 3 2 1 
2 -6 -29 -10 -4 -4 -1 -1 
5 -6 5 6 -1 0 0 17 
-27 -8 -13 -13 -2 -1 -2 -26 
17 8 0 -2 -2 -1 0 16 
35 6 2 -3 -3 0 3 34 
11 -9 -3 -1 -3 -1 -3 -25 
-6 -8 15 6 1 1 0 -13 
-3 -1 4 -1 -3 -3 -2 0 
10 6 -7 -6 -2 0 0 2 
21 21 11 5 3 -1 1 19 
-68 -10 -1 -3 -1 -1 -3 -13 
5 1 -9 -9 -5 -2 -2 -7 
-28 -2 -1 2 -1 0 -3 -23 
-15 -7 1 0 -1 2 0 0 
12 0 3 1 1 1 -2 3 
1 1 13 6 3 1 0 7 
-12 -9 -10 -2 -3 -3 -2 -6 
-12 -8 3 -2 2 3 0 -8 
22 -1 1 1 -5 -1 0 20 
-8 -6 4 -3 -2 -5 -5 -21 
11 -1 -23 -6 -5 -4 -2 6 
-5 -2 -1 -4 -3 -3 -2 -8 
13 3 -8 -4 0 -3 -4 7 
-9 -25 6 5 3 4 5 9 
-6 8 12 6 4 2 0 -10 
-1 2 1 -3 -3 -6 -3 -3 
0 -5 0 -4 -3 -1 -2 7 
18 16 1 0 -1 -1 -1 5 
-3 -3 3 -1 0 -2 -3 -8 
-1 -6 -7 0 -3 -4 -1 2 
-10 -2 -1 3 4 3 4 -9 
-9 9 -12 -6 -3 -3 -5 -6 
15 7 12 2 1 3 1 20 
-2 -8 -27 -7 -5 -4 -4 -14 
-8 -6 1 -3 -5 -3 -3 -31 
4 -6 -8 -1 -1 -2 0 11 
-5 -11 -1 -4 -2 -2 -1 1 
-1 1 5 -2 -2 -1 -3 7 
4 1 2 0 0 -1 1 6 
10 11 11 6 5 2 2 1 
-31 -3 -10 -7 -6 -4 -4 4 
7 5 13 6 2 1 -2 -3 
-10 -31 -24 -10 -4 -1 0 -1 
7 0 -9 -6 -4 -2 -2 0 
1 3 -2 -2 -1 -1 0 -10 
-8 1 3 1 0 -1 0 -3 
41 21 30 5 1 2 0 8 
-17 -4 -5 4 2 -1 1 4 
4 1 3 -6 -2 -1 -2 -12 
5 -4 -8 -4 -1 -1 1 21 
-27 -1 -10 -3 -8 -3 -3 -27 
30 -2 14 -1 -8 -3 -4 8 
-14 -6 -20 -3 -6 -4 -2 0 
3 -4 4 0 -1 3 1 3 
-4 14 5 -2 1 -1 1 14 
3 13 1 1 2 -2 -3 -1 
-11 -8 -8 -1 2 4 3 -3 
1 -4 -1 -2 1 -3 -1 -1 
42 -9 -15 -2 1 -3 -1 26 
-15 0 7 -2 -2 -1 -3 -2 
27 5 -5 -2 0 -1 -2 -5 
-19 -8 -5 -2 -1 0 1 -8 
3 0 5 1 0 -1 -2 -3 
-1 5 -1 1 0 -1 -1 4 
2 3 5 -2 -4 -5 -4 -1 
0 -2 2 -3 -1 -3 -2 -6 
-32 -9 -2 4 2 3 3 5 
23 -9 -15 -6 -4 -4 -1 12 
-13 6 26 3 1 0 -1 -25 
-12 -2 -17 -4 -2 0 -1 -9 
1 4 1 -2 -2 -4 -3 2 
-17 -9 -8 0 2 1 2 -5 
8 13 15 6 3 0 0 4 
-1 -2 11 -4 -4 -2 0 1 
-13 5 8 0 -2 -3 -3 -4 
0 5 -5 -4 -3 -2 -1 9 
0 2 9 0 1 0 -2 -10 
-1 -9 -21 -4 -2 -1 -4 -27 
-9 -6 1 0 -2 -5 -4 -7 
-4 0 10 5 2 2 2 1 
22 -4 -17 -6 -5 -2 1 28 
-7 14 2 -1 -1 -5 -6 -32 
12 -13 0 0 0 0 1 4 
0 -10 -10 -4 -1 -3 -2 4 
-6 -10 -6 -4 -5 -2 -2 -12 
5 -2 5 12 3 1 1 12 
-57 1 -45 -17 -3 -3 -3 -20 
2 -8 8 -4 -1 -2 -3 -7 
-5 -8 0 -2 -2 -3 -5 -6 
-6 -2 -2 -3 -7 -3 -2 13 
18 1 13 4 0 0 0 -1 
-9 0 3 0 -1 -1 0 -10 
-6 4 -1 -1 1 -2 0 1 
-2 -18 1 0 1 -1 -1 -9 
11 9 -2 2 1 -1 0 11 
-21 -13 -18 -12 -8 -7 -9 -21 
7 -1 0 5 3 1 -1 1 
-9 1 7 -1 2 2 2 11 
3 -2 8 4 0 2 2 -1 
-8 -5 -4 -2 -4 -3 0 -3 
0 -3 -11 -4 -2 -4 -2 10 
15 13 -2 -3 -2 1 4 37 
0 5 0 -1 -3 -4 -9 -25 
0 0 -2 2 1 2 1 -3 
-11 -2 0 -2 -2 0 -2 -6 
3 1 -9 -4 -4 -4 -2 11 
14 3 6 0 -3 -3 -2 8 
34 9 10 8 6 4 4 17 
-9 0 -5 -2 -2 -4 -4 -14 
5 -12 -4 -5 -3 -5 -3 -11 
-9 -4 5 -2 -1 -3 -1 -3 
8 -14 -23 -6 -2 -3 -1 -3 
-5 -9 -13 -7 -3 -2 1 2 
-4 3 9 3 2 2 2 0 
25 2 4 2 3 4 1 4 
-16 0 13 1 -2 -1 1 -7 
-2 -4 -18 -9 -3 -2 -3 -2 
-8 -3 -14 -6 -5 -3 -4 -7 
-4 4 -2 0 0 -2 0 10 
-8 6 2 -3 -2 1 -1 -5 
-2 -1 1 3 -2 0 0 -1 
0 7 3 0 -2 -1 -1 -7 
-3 -1 -10 -5 -2 -1 -2 -1 
-5 3 10 0 -2 -3 -4 -2 
7 -8 2 0 -2 -2 -1 -4 
-3 6 11 1 2 1 0 2 
3 14 13 2 2 3 2 10 
-15 -5 -18 -5 -3 -2 -5 -15 
-1 -3 -3 0 0 -2 -1 -2 
-6 4 13 0 0 1 1 -4 
7 -13 -2 -4 -2 -4 -3 -4 
0 4 -16 -5 -3 -2 -2 2 
19 -5 4 0 -9 0 -1 27 
-26 8 10 8 -2 3 -1 -33 
-2 -12 -12 -7 -6 -2 -2 -2 
-10 -10 -10 -1 0 -3 -1 -14 
3 18 21 13 8 -1 0 7 
8 -6 -15 -17 -1 -3 -2 9 
-9 1 13 4 1 1 -2 -13 
12 0 0 1 2 4 3 25 
-16 -5 -27 -4 -1 0 -5 -36 
7 2 10 7 0 -1 -2 0 
-12 -6 -7 0 1 -1 -1 -1 
3 0 2 -3 -1 -1 -2 2 
4 12 1 -1 -1 -1 -3 3 
-13 -8 -13 -3 1 3 4 -2 
-7 4 -6 -1 1 -2 -1 -2 
0 4 5 1 -3 -4 -2 1 
-5 -7 -4 -7 -3 -6 -5 -3 
7 -3 6 3 -2 -1 -1 4 
-9 -10 11 1 -1 3 3 -4 
-8 -17 -22 -3 -2 -1 -2 -1 
9 12 19 5 6 5 3 6 
-5 -6 -7 -5 -5 -5 -7 -25 
-1 -4 1 2 -2 -3 -1 1 
7 0 15 3 -1 0 1 12 
7 -7 0 -2 -1 -2 -1 -22 
-10 3 -10 -1 -1 -2 0 10 
11 5 11 -1 -2 0 0 -1 
-9 3 -7 -2 0 -2 -2 -9 
2 2 9 -4 -2 -1 1 11 
2 -15 -38 -10 -6 -4 -4 3 
-8 4 -14 -1 -2 -2 -5 0 
9 -9 8 2 3 3 1 -20 
-5 -6 -4 -6 -3 -2 -2 6 
-18 0 -7 0 -1 -3 0 -22 
11 -1 -2 -2 -4 -3 -5 -3 
-7 -16 -3 -3 -3 1 2 6 
-20 -9 -6 -3 0 -1 -4 -14 
5 -3 1 0 -2 0 -1 -1 
10 -3 -7 -5 -1 0 0 23 
-19 14 23 6 1 -3 -3 -34 
5 -12 1 5 2 -1 1 5 
12 -3 -4 -4 -4 -1 -1 26 
0 -1 -2 2 -2 -1 -2 -18 
1 9 -1 -4 -4 -3 -2 8 
7 0 -8 -3 -2 1 1 4 
-29 -1 1 -1 -1 -3 -3 3 
-3 7 3 -2 -3 -2 -1 0 
6 12 -10 1 0 -1 0 1 
