#EMG
#8
#ID:8-71
4 2 4 1 0 -1 -1 8 
-4 -8 -3 3 0 -1 0 -1 
11 -6 3 3 -1 -3 -1 23 
-1 -1 -16 0 -1 0 0 2 
-17 1 -14 -14 -8 -4 -5 -18 
-7 8 13 8 1 1 -1 4 
-4 1 -3 -2 1 3 2 -8 
-12 -6 1 -7 -2 -1 -1 14 
-6 0 -5 -3 0 0 -4 -13 
6 -5 -16 -5 -4 -4 -4 -2 
3 -1 16 0 -2 -2 -2 -4 
11 -3 -12 -4 -1 -3 -4 -2 
-6 -5 9 6 2 1 2 1 
-21 1 -6 -2 0 -1 1 -6 
8 -8 -5 -4 0 0 -2 -2 
14 2 8 -1 -3 -4 -1 7 
-6 -9 -15 -7 -3 -4 -2 -5 
12 -2 8 5 0 3 2 13 
0 -1 15 -1 2 1 2 16 
-22 3 -6 -6 -2 2 -1 -2 
12 -4 -15 -3 -7 -5 -5 -17 
1 -2 -8 -4 -3 -2 -2 4 
2 0 -1 2 -2 -3 0 -1 
-9 -4 -4 3 0 0 -1 -4 
-1 5 9 -2 0 -2 1 -1 
0 11 -2 2 -5 -2 -1 -2 
-7 -1 -28 -7 -4 0 -3 -7 
17 -2 11 4 1 0 -1 -3 
-25 1 -4 -5 -3 -2 -1 1 
-3 -13 -18 -4 1 0 -1 -8 
0 11 17 2 2 0 1 -2 
4 5 -10 6 -6 -2 -4 -2 
20 10 7 -7 4 4 3 13 
-42 6 5 -5 -5 -2 -3 -3 
6 -18 -2 0 1 -1 -1 -7 
8 -7 -12 -2 0 -3 -7 -32 
-2 -2 0 6 2 -2 -2 -5 
-3 -6 -2 4 5 2 3 8 
-4 -5 -8 -3 0 0 0 2 
9 -2 16 2 0 -2 0 6 
-3 -7 -34 -8 -4 -2 -2 2 
18 10 18 -7 -3 -5 -7 -6 
-2 5 -10 -2 -4 -4 0 -14 
7 -9 1 -2 -1 0 1 1 
-1 5 4 -2 -2 0 -2 2 
5 -4 16 5 2 1 -2 -2 
-7 -17 -10 -3 -2 -1 -2 1 
-6 -6 9 -6 -4 -3 -2 6 
-32 6 12 9 1 -1 -1 -3 
16 1 -26 -12 -1 0 0 13 
1 -4 9 -5 -2 -2 -1 -8 
-25 -7 8 3 3 1 -4 -22 
8 1 -9 -1 -4 -2 -3 -7 
-10 -6 11 4 -1 -1 0 3 
-6 -4 -10 -6 -2 -1 -1 6 
7 1 0 0 0 0 3 9 
3 -15 -13 2 -4 -1 -1 -3 
-15 0 9 -3 -3 -5 -5 -15 
13 7 0 2 2 2 3 -1 
-20 -10 -5 0 2 2 -1 -11 
14 -3 5 2 1 1 1 19 
0 8 -8 2 -1 -1 -1 -7 
0 -15 23 5 2 -1 -3 -2 
7 14 14 -3 0 1 4 11 
37 -2 -48 -9 -4 -4 0 28 
-15 6 -11 -17 -13 -6 -2 -38 
-8 -5 -11 2 1 -2 -6 -1 
-1 -6 -11 -1 1 -2 -3 -3 
5 11 46 9 4 1 0 20 
-1 6 -24 -4 -6 -9 -11 -33 
-10 6 -2 1 -1 -1 4 -6 
2 -6 -16 -7 -3 -3 -5 14 
-28 -1 14 0 1 -1 -1 -19 
-2 -10 -6 4 5 5 4 19 
1 -5 -4 -6 -8 -6 -5 -3 
-1 9 -20 -8 -7 -6 -9 -10 
-7 27 -12 -7 -4 -3 -8 -7 
5 13 28 7 1 0 -2 21 
2 -9 -8 -8 -1 -1 -4 -22 
-8 -9 -11 -7 -5 -3 1 4 
-10 -22 -31 -11 -4 -6 -1 -14 
0 10 26 2 2 5 9 -13 
16 10 11 4 -6 -2 0 19 
-7 -19 5 5 4 2 3 7 
15 12 64 9 4 1 -4 1 
13 -8 -14 4 -4 -3 6 13 
-26 -46 -24 -7 -4 -3 -9 -40 
7 -10 -35 -22 -8 -1 4 4 
-12 -18 8 6 5 4 1 8 
39 8 11 -4 0 -1 1 22 
-29 9 -12 -2 -5 -4 6 5 
6 8 2 11 1 -6 -46 -49 
-7 -9 7 -10 -2 1 41 33 
10 -38 -26 -1 -5 -1 12 31 
-12 28 19 4 -1 -6 -24 -7 
28 -4 4 1 0 -2 5 18 
-18 23 -11 3 1 -1 -33 -74 
-21 -1 12 -8 2 -1 2 0 
35 -3 -9 -7 -1 3 14 76 
-60 7 14 -2 -3 -1 13 -23 
63 -5 9 16 5 1 -9 22 
-16 27 4 -2 -2 -2 -9 -33 
20 3 13 -2 6 6 -9 -4 
23 6 -3 4 -4 0 8 27 
-23 -18 -16 0 1 -1 14 -46 
6 -17 -1 -4 -5 -5 -9 7 
15 48 22 3 -2 -2 -24 6 
49 17 -1 4 3 4 16 30 
-24 13 -3 -11 -5 -2 -5 -37 
27 15 -9 -5 1 1 6 41 
-42 -13 -12 2 2 4 3 -38 
11 -18 -3 -8 -8 -10 -24 -20 
-20 9 -17 -1 -3 -2 2 33 
22 -19 -16 0 -3 -5 -16 -16 
-7 21 10 6 -2 -1 11 -1 
-21 0 42 2 3 6 8 -7 
9 -15 -3 -5 -2 0 -9 12 
-25 25 36 -5 -4 -3 -4 -25 
-4 -29 -28 -6 -2 -3 0 0 
-13 -6 -33 1 -2 -3 1 8 
-8 -20 6 1 -3 -2 -10 -10 
-8 -15 8 7 2 1 5 0 
-8 -61 -30 -9 -4 -7 8 -25 
-6 20 -5 1 3 1 2 12 
12 12 7 -3 -3 -4 1 9 
-10 10 -60 5 3 1 -23 -18 
21 -32 -45 -21 -9 -4 15 12 
-8 8 29 0 1 3 -3 -7 
6 -13 -14 -5 -3 1 1 0 
-27 1 35 8 2 0 -6 -33 
-5 6 2 7 4 2 -5 -4 
-1 -10 -27 -9 -3 -3 15 9 
12 14 8 1 0 -1 -4 -5 
-1 -6 32 3 -2 0 3 2 
-2 0 -13 -3 -4 -3 -3 10 
-7 -3 -5 1 2 2 3 -7 
7 4 22 18 2 -1 0 -1 
-9 -17 -14 -31 -6 -1 -2 0 
13 10 -4 0 -1 1 1 12 
4 23 -18 -2 0 -1 -4 -5 
-23 -17 21 -3 0 0 -4 -2 
11 14 -10 7 2 -1 5 10 
-15 53 21 0 0 2 4 9 
21 21 8 5 3 -5 -18 -7 
-6 -24 -12 0 1 -4 -1 -2 
8 -19 12 2 2 1 2 -5 
-1 -2 -30 -2 0 -1 -5 1 
-1 -16 38 7 -1 1 -11 5 
1 -16 -38 -15 -5 -1 17 4 
-17 -48 -66 -17 -6 -2 4 -1 
9 55 86 7 1 -3 -2 -12 
-1 -18 -44 10 1 1 5 16 
1 -29 -17 -29 -10 -5 -5 -6 
-2 7 -14 2 2 -3 1 9 
-5 -30 9 4 2 0 -2 -3 
-8 0 7 3 -1 -2 3 -17 
-12 47 60 10 -1 2 -10 -23 
22 -10 -29 3 0 1 8 34 
9 14 13 5 1 1 -3 -27 
-8 -2 -5 1 0 2 2 2 
-2 -13 -22 -8 -3 -5 -7 -6 
-16 9 33 11 3 3 3 -2 
-7 -14 38 2 1 0 -7 -18 
-1 -6 0 -11 -3 -1 9 21 
-7 -11 -59 -4 0 -2 -5 36 
8 28 26 8 2 4 8 -31 
8 -23 -18 -2 1 1 -3 24 
-5 -13 1 8 -2 -4 -15 -28 
7 1 4 -3 3 3 2 -11 
6 43 32 2 -3 -3 6 19 
-5 -12 -55 -9 -2 -3 -9 -19 
-18 9 23 -3 2 2 2 -7 
4 -27 -34 16 1 -4 -10 46 
-1 -29 -78 -24 -8 -5 -2 -14 
2 21 34 2 -7 -3 1 -25 
-10 -11 1 8 1 -1 -6 -5 
19 26 32 -9 0 -2 1 -10 
-32 9 30 11 4 3 -13 -36 
0 -7 -37 10 5 5 22 22 
-1 -21 -14 -17 -6 -8 -16 -20 
-15 2 17 3 -5 -2 -11 -11 
28 -1 -2 0 1 1 -18 -47 
17 9 7 0 -2 -2 5 9 
8 -17 0 8 4 5 9 -10 
11 -13 -1 -13 -1 -5 -2 -6 
2 -24 -17 1 -1 -2 -15 34 
-23 1 19 10 5 -2 -15 -34 
-6 11 12 -3 -4 1 21 14 
1 -12 -29 -17 -6 1 -9 2 
-4 37 8 -6 -3 -1 5 -1 
-24 -14 8 -7 -8 -6 6 -3 
10 36 81 49 17 9 -19 -15 
-4 -10 -46 -46 -16 -5 42 -2 
-52 -21 -3 1 -6 -8 -15 1 
32 -17 -81 -29 -7 -2 -2 16 
-30 -8 -1 -21 -17 -9 4 -5 
-1 7 41 26 4 1 1 -12 
13 -10 3 4 4 -1 1 20 
-4 28 23 20 5 -1 -22 -20 
19 22 11 -1 3 -1 2 3 
-17 45 5 -1 -5 -2 -7 -6 
9 -29 -28 -12 -9 -3 5 4 
-9 -9 52 13 3 1 -1 21 
1 -17 -18 -12 -4 -2 8 -31 
2 -43 -59 -8 -7 -8 -8 10 
13 19 13 22 1 -5 -4 5 
-1 -32 -43 -51 -13 -5 3 16 
9 -12 -22 -21 -4 3 -11 -3 
-11 -6 -3 18 2 0 3 5 
43 12 21 12 2 0 -6 6 
4 1 29 0 0 0 1 5 
-6 -15 -56 -18 -11 -9 -9 1 
-7 -1 12 8 1 0 -9 -14 
9 -19 -5 1 -1 0 6 31 
2 26 38 13 4 2 -3 8 
8 49 34 10 6 5 21 26 
1 -8 -28 18 9 0 -4 -3 
-18 5 22 -8 -1 -2 5 -10 
-4 -53 -75 -35 -21 -7 -4 -14 
-17 9 24 -1 -4 -8 -24 2 
14 17 -5 9 6 1 2 12 
-13 -18 35 9 5 4 3 -32 
-8 9 -10 5 -1 -3 6 -3 
-6 -35 -38 -16 -3 -5 -3 15 
-4 -53 54 18 6 -1 1 -11 
-18 -37 1 -6 3 4 4 7 
-1 59 -28 -6 -2 0 8 29 
-16 -8 -19 -3 -4 -4 -4 -29 
6 5 27 -11 0 0 5 7 
-17 34 8 5 -7 -6 -1 -1 
-2 -63 -32 3 6 0 -3 -12 
4 3 9 -9 -7 -2 6 -11 
-9 13 22 13 3 5 -4 -10 
8 11 -4 -7 -1 -1 9 44 
-14 12 10 -12 -3 -2 3 3 
42 14 3 12 0 -5 -9 25 
-11 7 -32 -26 -9 -2 -25 -64 
-25 -11 -28 -14 -7 -3 21 15 
-9 -12 -48 -5 -6 -4 -7 -7 
-14 33 15 12 7 5 14 21 
31 7 75 36 10 5 0 8 
-24 22 5 -10 -2 -2 -9 -23 
-11 8 13 1 -6 -5 -9 -8 
1 -29 -49 -29 -6 2 2 22 
0 -28 -19 -1 2 4 10 21 
26 36 70 38 16 4 -3 -14 
-9 -39 -47 -27 -13 -7 -1 4 
5 -1 0 24 4 -1 -7 -9 
1 17 -48 -34 -10 -8 -3 9 
-9 -35 -18 -5 -12 -6 -16 -10 
4 24 24 4 12 8 -7 1 
-3 -20 -28 -9 -11 -6 38 82 
-2 16 26 3 0 -1 -15 -28 
8 -5 -42 -19 -8 -4 -4 0 
-3 -12 57 48 9 4 1 -11 
5 18 1 -24 4 2 -14 -12 
21 8 -33 1 -3 1 11 30 
37 45 -1 -11 -4 1 11 -30 
42 0 5 -17 -8 -10 -6 9 
-27 -19 -7 16 2 0 -17 -48 
-41 -12 2 -18 -9 1 31 16 
-4 -18 7 14 4 -2 -24 -16 
27 9 11 46 14 5 8 4 
8 18 33 -33 2 -1 5 15 
-13 -26 -59 -19 -13 -7 -23 -16 
-15 6 15 1 4 8 10 19 
23 9 34 12 5 1 -2 30 
45 -13 43 18 6 -1 0 9 
-14 5 14 16 -2 -7 -10 16 
-10 -3 13 -3 0 0 0 3 
10 0 -19 -28 -9 -6 5 24 
-1 -20 -44 -5 -14 -4 -7 -38 
5 15 21 -1 4 2 -1 -28 
9 -11 -12 21 2 -2 5 0 
-18 6 10 -7 0 -4 -20 -14 
-6 -4 14 -7 -6 0 -4 2 
-3 -10 -23 -7 -7 -7 19 -12 
-34 -9 -7 -7 2 -2 5 7 
35 10 11 18 4 2 -23 -69 
-1 -8 -16 -18 -11 -4 17 34 
-1 -6 -12 0 1 -1 -27 3 
10 -4 -38 -11 0 2 5 10 
-51 -16 10 1 -1 -2 4 -17 
-4 13 4 13 4 -2 -29 -62 
11 31 -5 -2 -3 0 57 70 
14 -15 -10 -11 -8 -9 -23 -23 
-12 -3 -11 8 7 5 4 22 
-20 -33 -29 -12 -5 0 12 -25 
-11 14 48 2 0 4 -10 -14 
-1 6 4 2 4 2 10 0 
-15 12 61 27 5 2 9 5 
-26 -38 -77 -47 -13 -6 -8 -10 
7 -10 7 4 0 2 -5 -14 
5 16 22 19 0 -2 -4 10 
-2 -2 16 -9 -1 1 7 7 
23 -4 -24 2 8 3 2 11 
-15 -57 -60 -24 -18 -9 -14 -17 
-14 -12 29 -7 0 3 -3 5 
-10 -13 -9 -19 -10 -2 3 -10 
-17 18 29 25 7 1 1 7 
22 0 14 22 11 -1 -8 2 
-25 12 1 -6 -2 0 3 -9 
-13 6 -10 -4 -7 -5 -4 -12 
-7 2 -13 -12 -7 -4 -4 3 
15 15 8 3 -3 -3 -4 5 
-17 -9 -21 -4 -1 -5 -3 -7 
5 6 -20 -12 -6 -2 4 12 
2 15 31 21 5 0 -4 -4 
-27 11 17 8 6 2 -1 -8 
14 -7 -36 -19 -5 -3 -1 -3 
-9 -8 -15 -6 -1 0 2 6 
21 12 28 17 1 0 0 2 
-17 16 3 -7 0 1 -5 -15 
23 -12 -28 -15 -10 -5 -8 1 
-14 -13 21 10 5 1 2 -1 
-7 3 1 5 4 1 3 -13 
25 12 5 -6 -1 -2 -2 19 
1 -6 -17 -11 -11 -6 -5 2 
-2 6 -5 5 -1 -1 0 -6 
3 2 -15 -8 -2 -1 -2 19 
-9 -10 11 0 -2 -1 -2 9 
2 -8 13 -5 -4 -2 -6 -25 
-10 4 -4 -3 0 0 0 0 
-10 0 5 6 -2 1 -1 -5 
-7 6 0 3 5 2 -1 -5 
-5 1 -15 -1 3 3 5 8 
16 -1 -3 -6 -5 -5 -1 -6 
-8 -1 10 3 -1 -1 -3 -5 
-3 4 8 -2 1 -1 -2 -12 
5 -10 -26 -10 -5 -4 -2 2 
-3 1 -8 3 0 0 1 5 
-5 -4 -2 -2 -2 -2 -1 0 
11 7 -2 -4 -2 -1 -1 2 
-6 1 2 2 1 1 -3 5 
-11 -10 -2 0 -1 2 3 -4 
-1 15 11 4 2 -1 -2 10 
-8 2 3 0 -3 -2 -4 -35 
3 -9 -13 -3 -3 -4 0 2 
1 3 -3 -6 -6 -3 -3 -3 
1 0 1 1 -3 0 0 -1 
-3 -7 -4 4 3 1 0 10 
-9 0 9 -3 -1 -3 -3 -8 
8 -1 0 -6 1 0 0 -7 
-26 -2 -16 -5 -2 0 0 -3 
6 -3 -2 -2 -3 -1 -4 5 
-3 -4 -12 3 -2 -2 -4 -12 
-1 0 -15 -7 -3 -5 -2 4 
-8 -9 1 -2 2 -1 0 4 
-11 7 8 5 1 -2 1 -16 
11 -6 6 3 2 1 -1 11 
-4 10 8 0 -2 -1 -3 1 
13 0 4 4 2 3 3 1 
10 6 -3 -2 -2 1 1 18 
-16 -7 1 1 0 -1 -3 -31 
-3 6 5 0 1 -1 0 -5 
-1 -2 8 -1 -2 -3 -2 14 
-3 -3 -1 -4 1 -3 -6 -10 
-4 -12 19 2 -3 -3 -3 -1 
23 -2 -14 1 1 2 1 2 
-55 -18 6 2 0 0 -1 -18 
8 -2 5 2 2 -1 -4 4 
-3 -7 -5 -6 -1 -1 1 9 
0 1 -2 -2 -3 -3 -2 -5 
17 1 1 -3 -4 -4 -2 1 
-1 2 -4 -3 -1 -2 0 -2 
-13 -2 -5 -1 0 -1 -3 -4 
-3 8 13 4 2 1 3 2 
-14 -1 -1 -3 1 0 0 -12 
8 -10 -25 -1 -6 -7 -5 8 
11 -4 -5 3 4 3 3 1 
0 -3 -19 -3 -5 0 -1 7 
7 2 0 -2 -3 -3 -3 -8 
-4 -2 5 -3 -2 1 0 0 
2 6 4 1 -3 -2 0 4 
-2 3 3 2 0 -2 0 -3 
2 19 -4 -2 -3 0 -1 -1 
1 -9 -11 -7 -3 -1 0 3 
-3 -4 -12 -2 -2 -1 -1 -6 
16 -2 2 -2 0 0 -1 5 
-44 -5 -1 5 0 0 -2 -44 
-9 -6 0 -1 2 2 3 9 
-3 7 -3 -1 -1 1 0 -15 
-15 -2 -4 -4 -4 -4 -6 -5 
28 11 4 2 1 -1 -2 12 
-3 4 4 0 -3 -1 1 -12 
-11 7 -10 -1 -1 0 1 14 
-22 10 6 -4 -2 -1 -2 -17 
29 -14 -18 -3 -3 -5 -6 7 
-9 -2 -2 -3 -2 -2 -2 -6 
20 11 1 -3 1 -2 -3 8 
-9 -13 -1 -2 -2 -6 -5 -2 
2 -5 0 -4 -3 1 0 3 
-2 -10 -11 -3 -1 -3 -2 1 
5 -6 -11 -5 -4 -3 -2 -1 
3 -7 9 1 -1 -1 -2 6 
1 -9 -8 -5 -4 -5 -2 3 
10 7 3 2 0 0 -4 -2 
-2 -4 9 -2 -3 -3 1 9 
23 17 13 2 3 3 0 6 
-9 -6 -1 0 -3 -5 -4 -7 
6 -3 4 0 -1 -1 -1 13 
-9 -1 3 0 0 -1 -4 -17 
10 -2 -4 4 -2 0 6 24 
5 -4 3 0 0 -2 -5 -22 
5 6 2 -3 -5 -4 -3 -9 
-10 -4 6 -2 2 2 3 -7 
0 -5 0 2 -3 -2 -1 -3 
-3 0 -8 -2 0 2 4 9 
-15 7 -14 -5 -4 -4 -6 -20 
12 6 3 2 -2 -5 -3 2 
-17 -12 -13 -5 1 0 -2 -12 
6 -4 10 5 1 0 0 12 
12 19 24 7 5 4 6 3 
4 -3 -2 -7 -6 -4 -4 2 
-4 3 -7 -5 -4 -3 -3 -4 
5 20 6 3 3 3 2 3 
-4 -10 -9 -4 -2 -3 -2 5 
2 3 1 2 -2 -1 3 7 
-2 -7 -1 -3 -1 0 0 -2 
-2 -2 1 -1 -2 -2 -2 -2 
28 -8 -5 -5 -2 -1 1 17 
-20 -3 1 -1 -1 2 -1 -7 
14 -10 -15 -6 -1 -2 -1 12 
-9 -9 -2 -2 -2 -1 -3 -22 
-13 -3 -5 -2 -1 -1 -2 -13 
5 -1 3 -1 -3 -1 -2 10 
-10 -3 4 2 1 1 4 7 
23 14 10 0 -1 -1 -1 -6 
-21 18 22 0 -2 0 0 -13 
3 6 -1 0 0 0 -3 -4 
-9 -4 -10 -4 -2 -2 -1 -8 
-2 11 17 2 0 -2 0 12 
0 -16 -18 -5 -7 -5 -5 -7 
1 1 -6 0 0 -1 0 0 
-6 8 -8 -4 -3 -1 -3 -9 
-3 -23 -4 0 -1 1 1 5 
-1 0 -2 -1 -1 0 0 1 
-6 -11 0 1 1 1 3 0 
5 -3 0 0 -1 -2 -3 -4 
0 1 6 -1 -3 -1 0 6 
-4 12 -15 -1 0 0 -2 -3 
5 3 0 -2 -1 0 -1 -4 
4 5 0 0 -2 -2 -4 7 
-9 -5 -10 -5 -2 -1 -2 -22 
-5 -12 -1 -1 -1 -1 -1 1 
-1 -2 -4 -3 -3 -3 -2 -2 
2 -7 6 0 -2 -3 1 -1 
-24 -3 -6 -1 0 -1 -3 3 
4 -3 -2 -1 -3 0 0 19 
-22 0 -2 1 1 0 1 -13 
4 -6 -5 -5 -4 -4 -4 -10 
25 18 3 -3 -3 -4 -3 10 
-11 -6 5 1 4 1 2 -2 
6 6 5 1 1 1 3 44 
13 5 -4 0 -1 1 1 -33 
3 -14 -14 -6 -5 -6 -5 11 
-27 -14 3 -3 -2 2 2 -8 
1 -1 -3 0 0 -1 -2 0 
-4 -6 0 1 2 0 -2 -2 
9 -8 4 0 -2 -1 0 4 
14 12 9 2 0 -2 -2 -2 
7 -19 -13 -4 -3 -1 -1 -8 
-13 -6 -12 -2 0 -1 1 2 
-11 2 0 -2 -1 -2 1 -6 
13 1 -10 -2 -3 -3 -5 3 
1 -4 2 1 -1 0 -1 -7 
-1 0 -8 -1 -2 0 0 3 
-8 -7 -15 -4 -2 0 0 20 
4 2 -3 1 3 2 -4 -26 
-11 -1 7 0 -3 -5 -7 -25 
-5 -5 4 1 -2 0 0 11 
4 -2 -4 -1 1 1 0 -5 
0 8 -14 -4 -5 -3 0 16 
-1 -10 -9 -1 0 1 -2 -13 
24 6 15 3 1 -1 -1 5 
-25 -4 0 -4 -1 -2 2 0 
-1 -4 2 0 -3 -2 -4 -3 
-1 9 14 1 -1 -1 0 1 
2 -4 -10 -2 -1 -1 0 6 
9 0 -5 -3 -2 -4 -5 -5 
-10 -12 -7 -3 -2 -1 2 -3 
3 2 -8 -2 0 -1 -1 2 
-14 -3 3 -1 1 1 -1 -1 
52 -1 4 0 0 4 6 18 
-38 4 2 -1 -1 -3 -2 -8 
10 -8 -1 -4 -4 -5 -6 -22 
-13 0 0 0 -1 -2 -1 -2 
-6 2 4 -2 0 1 1 -9 
9 15 -9 0 1 1 2 15 
-14 -4 5 2 2 2 4 2 
-9 -1 -4 -5 -1 -1 -1 -7 
-6 4 -4 1 -2 -3 -3 -4 
5 -12 -2 -2 -3 -1 -2 -2 
-6 3 0 1 -2 -3 -3 1 
7 -8 13 -2 -1 -2 -3 -2 
-14 -10 -8 -1 -1 -1 0 -2 
1 -7 9 -4 -3 -5 -2 -6 
9 -5 -4 0 2 3 2 4 
-6 9 8 3 -2 -3 0 3 
-6 -1 -3 -1 -3 -3 -4 -9 
-4 -4 4 1 -1 -3 -2 -6 
17 -3 -2 -4 -1 -3 1 27 
-16 -1 2 -2 -3 -1 -3 -24 
-12 4 -9 -1 -3 -2 -3 -3 
6 -7 -9 -4 -3 0 -1 4 
0 -7 -1 -2 -1 -1 -1 -9 
-26 -6 -3 -1 1 -2 -5 -3 
4 6 7 3 2 1 2 -5 
8 7 13 2 0 -1 1 0 
3 -3 -9 -3 -2 -1 -1 7 
-42 3 6 1 -3 -4 -3 -9 
-3 2 -1 -1 -1 -1 -1 9 
8 10 1 -3 -3 -3 -2 -7 
-7 -2 -29 -10 -5 -4 -6 -1 
20 -5 -14 -6 -3 -2 1 8 
-2 8 -8 -4 -2 -3 0 3 
-10 -14 -4 0 -1 -1 0 1 
9 9 6 1 -1 -1 1 -3 
16 -8 -1 0 0 1 -1 5 
-8 -6 14 -2 -3 0 0 -9 
6 3 -3 2 3 3 -2 -2 
-8 3 12 0 -2 -3 0 -4 
7 2 -5 -3 3 3 4 7 
1 -8 4 0 -3 -5 -6 -2 
-3 -12 -18 -6 -2 -4 -3 -5 
0 9 7 1 -2 0 0 9 
-10 -2 -11 3 1 1 2 5 
14 0 7 1 1 0 -3 -10 
2 2 10 3 1 0 -1 5 
-9 1 -1 -4 -2 -3 -3 -9 
9 2 -3 -4 -4 -3 -3 -1 
-2 2 -11 -3 -4 -1 1 -7 
-18 -13 3 1 2 2 1 0 
3 -1 4 1 3 0 4 10 
54 26 11 6 2 0 -1 -10 
-24 -1 -2 0 -1 -2 -1 6 
-1 -2 -2 -5 -3 -3 -3 -22 
-3 4 -14 2 1 1 0 7 
-2 -5 0 -3 -2 -3 -1 -1 
3 7 16 1 1 3 1 8 
-7 3 -1 4 0 1 1 26 
-11 -1 6 -1 -2 -1 -2 -10 
-11 -17 -8 -3 -1 -4 -3 -5 
2 -8 -10 -1 1 -4 -2 -7 
-3 1 -13 -1 0 0 0 16 
19 27 10 -2 -2 -3 -2 -9 
-9 -5 -3 -3 -2 -1 -2 0 
-6 -7 -6 -1 1 -1 -1 -3 
9 7 -3 -4 -2 -1 -1 -9 
-7 -18 -11 -2 0 -1 -3 -1 
-5 -5 -14 -6 -3 1 -1 1 
4 2 3 1 -2 0 -3 -5 
2 -3 2 -2 -2 -4 -1 -3 
-3 -7 5 1 -1 1 0 2 
-10 -4 -3 -3 -1 -2 0 -5 
-5 -7 -5 1 4 1 2 -2 
10 7 10 5 2 1 2 22 
-64 -25 -3 -3 -3 -3 -5 -38 
-1 18 11 -3 0 -2 -2 -8 
1 5 8 1 -1 0 0 0 
13 5 -14 -3 -5 -2 -2 -6 
11 -2 2 -1 -3 -2 -3 22 
-4 4 7 1 0 0 2 2 
11 17 -6 -3 -2 -4 -7 -4 
5 -22 -4 -5 -1 4 5 5 
3 -13 -13 -5 -2 -2 -1 -6 
-8 -10 -5 -1 -1 0 -1 -7 
9 1 8 0 -3 -3 -1 4 
-3 9 -8 -3 -4 -4 -5 -10 
-5 1 -7 -3 -3 -2 -2 1 
0 -8 -5 2 2 1 1 17 
-10 -6 1 -4 -2 0 -1 -20 
-11 -2 4 0 -2 -3 -2 -2 
1 -1 -4 0 -1 -2 -2 -13 
13 2 -1 1 -2 -2 -2 12 
-7 3 6 -3 -2 -2 0 6 
4 17 -23 -7 -6 -5 -7 -7 
11 -28 -11 1 0 0 2 5 
2 -4 -20 -4 -3 -4 -3 7 
-18 -15 -8 -2 -2 -2 -1 -3 
3 -7 6 0 1 1 -2 -18 
34 9 1 -1 -1 1 1 22 
-25 -17 1 -5 -6 -3 -3 12 
24 -9 -10 3 3 2 0 -27 
-18 -1 -11 -1 3 1 3 1 
5 8 13 1 0 1 -1 -6 
5 -6 6 1 -4 -2 -2 6 
8 7 -3 -5 -3 -4 0 6 
1 -10 7 0 0 -1 -1 10 
-15 7 -3 1 -1 -3 -2 -31 
8 -1 -6 -5 -1 0 0 -7 
3 -9 -2 2 0 -3 -3 18 
-12 -3 7 2 2 2 2 -9 
1 -1 -3 -1 0 -3 0 14 
3 2 4 -2 0 -1 0 -9 
-5 0 -5 -2 -1 -1 -1 0 
-9 -4 -7 -1 0 -3 -4 -6 
4 8 -8 -3 -2 0 -1 6 
-9 10 5 1 -1 1 1 -9 
-15 -6 15 -4 -3 -1 -2 18 
