#EMG
#4
#ID:4-3
-24 -4 0 1 2 0 -2 1 
-17 1 -2 -1 -1 -4 -4 -16 
8 1 -1 -1 1 0 1 0 
-6 1 5 -1 -5 -2 -3 1 
7 -4 -4 1 -1 0 0 10 
-11 -11 -9 -6 0 4 1 -1 
-5 10 9 1 -2 -6 -6 -1 
-3 -3 4 5 2 0 1 -4 
-1 -1 0 -4 -4 -2 -2 10 
24 5 -11 -11 -6 -5 -5 -2 
-37 -6 5 5 3 2 1 -31 
-1 -14 -7 -3 -4 -2 -2 -14 
2 6 12 8 2 -2 -2 -1 
-5 -1 -29 -15 -6 -4 -2 -4 
4 0 9 4 1 1 0 1 
-1 5 3 2 0 -1 1 12 
5 -5 9 4 0 -1 1 -6 
9 -1 -7 -2 -1 1 0 5 
10 2 -1 3 0 1 1 4 
-10 -3 13 5 1 0 -1 0 
6 -6 -27 -16 -4 -3 -4 -3 
-7 -1 12 -3 -1 -1 0 -5 
4 3 17 10 2 4 3 9 
-9 4 5 11 3 -1 2 -6 
-10 0 9 -10 -1 2 1 -1 
-14 -2 -3 -2 0 0 -2 -7 
17 6 8 3 1 -1 -1 1 
11 4 -2 -3 -2 -2 -3 5 
-11 -4 -5 2 0 -1 0 -16 
-4 2 8 3 4 1 3 5 
6 -5 3 0 -3 -3 -5 -3 
-2 8 -3 -1 1 3 0 10 
34 -7 -17 -1 -3 -2 0 15 
-1 -2 -9 -10 -6 -5 -4 -3 
3 -3 14 2 -4 -3 -1 15 
-26 -12 -2 -4 -3 -1 -3 -33 
-3 -7 -13 -2 -2 0 -1 -6 
15 11 11 6 0 1 2 12 
-20 -16 -23 -10 -7 -6 -4 -13 
2 -1 2 3 1 0 -1 5 
-3 4 9 -2 0 -1 1 10 
-7 -4 -11 1 0 -1 2 20 
6 -6 6 -1 1 -1 -3 -11 
-4 -5 -12 -5 1 2 -1 -3 
-1 0 14 2 -3 0 -2 -7 
0 -1 2 2 -2 -2 -2 8 
-11 -2 -4 3 1 1 2 -3 
1 2 0 -1 -5 -4 -3 7 
0 -4 -16 -2 -1 -2 -1 4 
-14 -2 9 0 -3 -2 -5 -23 
-6 0 -18 -8 -3 -2 0 -3 
16 2 16 -1 -1 -1 2 13 
-15 3 -8 1 0 0 -1 -20 
6 -5 -1 -6 -5 -2 -3 -14 
4 1 -4 -1 -4 -3 -2 7 
27 0 -19 -7 -2 -5 -1 15 
-20 -7 10 0 -3 -3 0 -3 
-14 2 8 2 0 -2 -2 -13 
-11 1 4 5 2 -1 0 1 
9 -7 1 -8 -1 -3 -4 3 
14 7 -15 -3 -4 -1 0 28 
-22 6 -5 -12 -7 -4 -3 -15 
-9 2 8 3 2 1 3 -5 
1 -5 -5 -5 1 0 -2 5 
-1 1 -13 2 1 2 -1 -9 
7 3 9 3 -2 1 -3 10 
-11 -2 -10 -1 -1 -1 -3 -8 
-19 3 7 5 -1 -1 -1 5 
23 -3 15 -1 1 0 -2 -12 
-5 -23 -16 -5 -1 1 3 2 
20 -10 6 3 2 4 3 12 
-13 -10 -26 -8 -7 -8 -5 -22 
-6 29 15 6 4 3 -2 -4 
29 14 44 3 0 -1 1 3 
4 -30 -28 7 -2 1 0 4 
3 1 -33 -13 0 -1 2 3 
-1 14 7 -7 -10 -8 -6 9 
-6 -28 3 0 -1 1 -1 9 
3 -12 -4 -3 -1 -2 -2 -10 
-11 8 17 13 5 3 5 -2 
38 -9 -9 -1 2 1 0 2 
-13 19 8 2 1 0 7 -2 
4 -10 -1 -8 -5 -6 -5 16 
-18 -13 -1 -4 -6 -4 -18 -13 
-2 0 14 4 3 2 1 7 
-6 -8 -19 -5 -6 -8 -9 6 
-7 13 -16 -7 0 0 3 -34 
4 12 11 2 -3 0 2 5 
-21 -2 -1 -3 -4 -3 1 3 
-8 9 -12 4 4 5 6 -13 
3 3 4 -3 -4 -5 -6 21 
-12 -13 -8 -4 -3 -1 -8 -9 
-4 -10 12 6 0 0 4 14 
3 -2 -26 -8 -2 -1 -1 -8 
29 14 10 2 1 -1 -4 -14 
-10 -7 23 -1 -4 4 -3 9 
-27 -27 -14 -5 -5 -3 12 -33 
2 5 5 2 1 -3 -23 4 
6 5 21 1 1 -3 -21 -21 
-3 13 -3 0 -2 2 19 16 
17 35 -18 -7 -5 -8 -1 -29 
-14 -29 -15 -5 1 2 4 7 
-7 51 84 15 2 -2 11 7 
-18 -38 -79 -21 -6 -10 -15 -9 
-15 -2 8 -6 1 4 -4 -4 
14 -3 -18 -2 -2 -4 -1 -6 
-33 -2 -12 -3 -1 0 -9 -9 
19 4 24 8 3 1 3 3 
4 -15 -2 -5 -3 -3 2 16 
1 0 -7 1 -2 -2 -6 -9 
19 51 79 27 13 7 8 24 
6 11 10 7 8 -1 6 -7 
-23 -40 -29 -30 -13 -3 -14 -12 
-5 48 66 21 7 6 9 1 
7 51 46 -2 -7 -4 1 12 
7 6 -25 -56 -10 1 16 -3 
3 20 80 47 8 2 -19 9 
3 56 53 12 6 1 9 0 
-30 -94 -87 -41 -13 -1 3 -8 
5 3 63 4 -16 -3 -11 -6 
-14 -54 -128 -35 -13 -10 -13 -9 
-10 1 53 39 15 16 24 -17 
30 -17 -94 -29 -4 -6 -5 12 
2 16 45 44 18 11 7 -8 
21 -3 -35 -27 6 0 -3 51 
-27 12 -31 -12 -13 -12 -17 -40 
-10 -16 -52 -13 -7 -3 5 5 
-7 -23 -34 -3 -3 -7 -12 -14 
3 37 91 34 6 0 5 -29 
5 -21 -15 0 7 7 2 10 
-16 -31 -34 -17 -10 -4 -4 -13 
-4 14 35 1 1 2 5 9 
11 -6 -21 2 -4 -3 -5 -1 
4 1 -1 -29 -7 -6 -6 1 
-5 -3 15 26 10 3 -2 -12 
37 -9 -47 -32 -14 -2 4 66 
-12 -8 40 14 6 6 1 -72 
2 -35 -65 -20 -12 -5 5 44 
-8 -2 36 18 4 -2 -25 -1 
17 -3 -2 3 3 -4 8 42 
13 25 36 18 1 4 10 22 
68 7 1 -7 2 2 6 3 
-32 -27 -29 -12 -6 -6 -9 -54 
-36 -29 -56 -11 -14 -5 -2 -47 
-13 8 -14 -14 -3 -5 -9 7 
11 -8 44 18 3 -1 0 33 
-6 13 22 20 11 6 12 25 
-23 -14 -37 -33 -8 -1 -3 -33 
-23 -25 5 7 -11 -4 1 -54 
9 -36 -73 -44 -12 -8 -16 -2 
10 -1 30 12 -3 -1 3 -9 
-13 4 17 9 1 0 -1 -11 
-28 -5 -13 -7 2 2 6 27 
-13 4 6 9 -1 -5 -8 -22 
4 -2 1 -2 0 2 6 5 
-12 42 56 25 13 4 -5 -12 
19 -3 16 1 4 -1 0 -8 
0 2 38 21 0 -2 -1 -11 
-10 19 -37 -23 0 -1 10 6 
14 -24 -52 -20 -12 -6 -8 3 
-18 -5 -2 -13 -4 1 -3 -3 
16 13 56 23 7 4 1 24 
-11 -22 -42 -18 -9 -6 -6 -24 
7 -1 31 18 2 -2 -2 12 
12 23 5 -4 3 3 4 12 
-9 -5 42 11 -2 -3 -2 -6 
22 6 -20 6 -1 -5 -4 13 
0 14 25 -11 4 2 -2 -11 
11 -12 -23 2 -7 -6 -3 7 
2 -9 -39 -18 -2 0 1 -4 
-8 1 19 0 -2 -1 -1 17 
-21 -5 29 27 11 6 -2 -18 
8 -13 -4 -3 -3 2 4 22 
-15 -18 -20 -13 -6 -5 -6 -5 
-19 0 13 -1 1 0 1 8 
23 3 24 16 -1 -2 -8 1 
-34 56 -5 -14 -3 -1 11 -1 
7 -58 -11 13 0 1 6 4 
3 4 -15 -14 -1 0 -1 -5 
-11 -4 -32 -15 -6 -9 -6 -7 
87 -15 -3 3 1 2 1 17 
-62 6 -18 -3 -4 -6 -4 -4 
23 25 70 5 -1 -2 -5 -48 
12 -11 -37 3 0 2 6 9 
-14 -8 -13 -8 -3 -1 10 19 
20 12 -5 0 0 -8 -35 -12 
11 -23 42 17 5 5 14 20 
25 25 -15 -8 -7 -4 -7 9 
-23 49 12 1 1 1 -2 -1 
2 19 6 -3 -1 0 -3 -2 
-10 4 -9 -5 -2 -2 -1 0 
-8 -36 -14 -8 -3 4 10 0 
10 -41 13 21 6 -1 -1 9 
-9 29 -31 -22 -6 -3 0 -15 
1 -8 -22 -7 -8 -8 -15 -16 
2 -11 -19 -2 1 2 10 26 
-9 -16 17 9 0 -4 -13 -15 
-17 14 -29 -13 -5 0 8 -2 
2 15 -29 -2 0 6 15 2 
14 59 43 14 3 6 8 9 
-33 -22 -14 -7 -4 -12 -29 -55 
12 -6 26 2 2 5 15 15 
-23 -41 -52 -19 -16 -16 -2 13 
0 -10 10 4 5 2 -5 -30 
1 -20 -24 -7 -4 -8 2 28 
-28 0 -2 1 2 10 28 0 
4 2 25 11 3 -1 -8 1 
-13 7 18 3 1 -5 -18 -19 
14 -15 -9 -11 -7 -5 18 7 
7 -54 -7 4 2 -5 -32 -41 
7 6 24 5 2 12 54 57 
-12 50 -40 -10 -3 -11 -42 -8 
-69 31 7 -4 0 6 29 -26 
-2 71 44 5 -1 -1 1 28 
60 -35 -60 -19 -11 -6 -20 -8 
-34 -5 49 12 9 11 16 -46 
47 21 -41 -13 -5 1 1 23 
-27 -54 -11 -5 -5 -4 -2 -15 
3 -3 74 32 7 -1 -13 0 
-2 -37 -68 -24 0 1 7 36 
-11 1 18 13 3 3 -8 15 
-5 -16 -55 -13 7 0 2 -28 
11 7 45 50 14 12 1 8 
-7 -100 -81 -62 -18 -15 0 -19 
-29 59 75 0 1 6 2 10 
40 -1 -3 -13 -9 -6 -6 17 
17 30 69 61 11 5 -3 5 
-15 41 -9 -13 6 -3 -4 -11 
23 -44 -41 -9 -3 -5 -12 10 
1 19 11 6 -1 1 1 21 
-30 20 26 8 8 6 -3 -28 
42 12 67 26 -6 -10 1 -11 
26 -8 -24 -2 4 5 -3 10 
-6 -46 -42 0 2 -1 0 -34 
-43 10 -28 -32 -7 -6 -10 -12 
-2 12 36 15 -4 -1 0 13 
17 15 -8 -7 -2 -1 -6 -2 
-18 -10 4 0 -5 -5 -4 -4 
14 -6 -36 -25 -7 -7 -3 -10 
-42 12 -15 3 4 5 4 13 
13 33 -12 6 1 1 -1 -14 
0 0 21 6 1 1 3 19 
-9 -18 -43 -36 -8 -4 -4 -6 
10 -14 23 14 -6 -3 -3 4 
-3 -2 23 5 -1 -2 -3 -11 
-21 -5 -48 -22 -7 -1 2 -9 
11 12 -13 -11 -4 -4 -6 24 
-12 -48 -10 11 2 0 -7 -44 
21 5 20 4 0 0 -2 31 
2 5 37 12 2 1 -4 -19 
-3 -16 -32 -19 -7 -6 -6 1 
2 -6 -1 3 -4 -1 2 5 
-12 -21 -4 -2 1 -1 -3 -1 
15 15 11 2 -4 -1 -3 0 
-16 -12 0 -2 -2 2 2 16 
-10 8 1 0 1 4 0 -10 
5 -15 -7 -2 -1 -5 -6 -12 
5 5 24 3 1 -1 2 10 
-20 -10 -30 -12 -3 -3 0 -19 
14 1 15 8 -1 -3 -2 20 
-15 -13 -17 -9 -6 -4 -2 -15 
-12 -4 -14 -2 0 -1 -1 -16 
5 32 16 3 -1 -1 -1 2 
-2 0 -7 -5 -4 0 0 -1 
-2 5 15 3 1 -1 0 -3 
3 17 7 -1 -1 -2 0 8 
2 -2 18 -1 -2 0 0 -6 
8 14 18 4 2 2 0 14 
-12 -5 -1 0 1 0 2 4 
3 -20 -13 -4 -1 0 1 3 
2 -2 -1 -3 -3 -2 -1 -7 
7 8 14 3 -2 -2 -3 6 
-12 -32 -13 6 -3 -3 -2 -11 
23 4 -4 -9 1 -1 1 45 
-1 -5 -21 -2 -2 -4 -1 -5 
-22 -2 -17 -13 -8 -3 -3 0 
8 -1 -1 -5 -3 -3 -4 -5 
-23 2 3 3 -1 3 1 -19 
24 -4 -4 -3 -1 -3 -5 17 
6 9 10 9 4 -2 1 0 
5 18 2 1 -2 1 -2 1 
-9 -3 -26 0 2 -1 -4 -8 
-16 -17 -11 -10 -6 -4 -3 -6 
-7 7 16 5 1 0 0 -10 
-4 5 -10 -4 -2 0 0 -5 
20 -4 11 2 -3 -2 -2 -4 
-15 -13 -3 4 4 4 -1 -10 
11 5 2 1 -1 -1 -3 6 
-14 -10 -2 -2 -1 -2 -1 -8 
8 2 0 -2 -4 -5 -3 17 
-2 3 1 -3 -1 0 3 2 
-8 -7 -3 -2 -5 -2 -4 -26 
17 -1 9 6 4 1 1 4 
-1 -22 -24 -8 -11 -6 -6 -4 
-2 8 3 -1 -1 -2 -2 -6 
4 1 2 1 0 1 1 12 
-7 -8 -14 -9 -7 -3 -4 5 
17 -5 -2 -4 -3 -4 -4 -22 
-26 12 1 -4 -1 1 -3 -3 
-2 -6 -10 -3 -3 -1 -2 1 
-12 -30 5 4 3 1 0 -13 
18 2 13 1 0 0 -1 21 
1 -8 -15 -5 -7 -4 -4 -2 
3 -6 -14 -3 1 1 1 14 
-6 1 -6 -3 0 -3 -4 -12 
-22 -2 16 7 5 4 5 2 
7 2 6 3 2 -2 -1 -4 
11 -12 -7 -6 -4 -4 -1 12 
-11 4 8 -2 -2 -2 -2 -15 
-6 7 -7 1 -2 -1 -2 -12 
3 6 7 0 -2 -1 -1 0 
6 -3 0 2 -1 0 -2 -3 
4 -5 -13 -4 -3 1 0 12 
7 20 6 3 1 1 0 0 
-34 -17 -6 -6 -9 -5 -5 -20 
3 15 13 1 2 -2 -4 2 
2 -6 9 1 2 1 0 -2 
-22 -6 0 1 0 0 1 0 
12 0 8 5 -1 -2 -2 -2 
-2 0 -3 -9 -3 -1 0 -3 
-31 -3 -4 -5 -2 1 -5 -31 
14 -16 -18 -2 -2 -2 -2 5 
1 9 15 2 4 0 3 7 
-7 -1 0 6 2 -1 -1 -9 
22 -9 -36 -11 -6 -6 -1 20 
-28 -5 -7 -7 -4 -2 -1 -7 
13 -10 -12 0 0 -3 -1 -9 
5 1 3 -2 0 0 -2 2 
-3 -4 -3 -1 -1 0 1 5 
9 -2 0 -3 -1 -2 -2 13 
3 -2 -19 -3 -3 0 -1 -8 
-10 -5 6 -1 -3 -4 -3 -5 
10 11 4 0 -3 -1 -2 6 
-2 0 8 1 3 2 3 -7 
-20 7 8 -3 0 -3 -5 3 
1 -1 -22 -5 -3 -2 -3 -1 
-2 1 -8 1 0 -1 -2 -4 
9 22 1 -2 -5 -7 -3 14 
10 -4 0 -1 -1 -1 -5 -22 
-1 0 4 -4 0 -1 -1 1 
6 2 11 1 -2 -1 0 13 
-15 -7 4 -1 -1 -1 2 -4 
1 10 19 -4 -4 -3 -4 0 
-5 8 -8 -1 -1 -1 -1 -6 
2 14 9 2 0 0 -2 -2 
7 -1 -13 -6 -3 -1 0 26 
7 -1 -8 1 -1 0 -1 -4 
1 1 24 3 1 0 3 7 
-18 2 3 1 0 -3 -1 -10 
10 4 15 5 3 0 2 12 
-2 -13 -17 -5 -2 -2 0 5 
5 5 -5 -1 -1 -1 -3 -8 
8 -18 -1 -1 -4 -3 -2 -1 
-6 1 7 0 0 0 -1 -8 
6 -4 -2 -1 -1 -2 1 11 
-11 -4 -3 1 -1 -1 0 -8 
-2 0 3 -4 -3 -1 -1 -1 
-9 2 -5 -2 -4 -2 -5 -16 
8 1 -7 0 0 -1 1 6 
-2 -8 -9 -3 -1 -1 1 12 
-23 -11 0 2 1 -2 -3 -40 
-7 -5 1 -3 -2 0 -2 -13 
-9 -5 -1 2 2 2 -2 -1 
-2 -20 -10 1 -2 1 0 6 
28 29 3 -1 0 -2 -1 14 
-6 -4 -10 -1 0 -2 -1 -13 
-6 -11 15 1 1 2 2 1 
27 14 -3 0 2 3 4 39 
-34 -22 -19 -10 -10 -9 -14 -53 
-1 1 2 -2 -2 -3 -3 -22 
-4 -15 -13 -4 -4 -2 1 5 
6 9 12 2 -2 -2 -2 -7 
-4 -5 6 2 4 3 6 24 
0 -8 -4 -1 -2 -1 -4 -3 
2 7 4 0 0 -1 -3 -7 
-14 3 4 -2 -2 0 -1 -14 
4 -11 5 2 0 0 0 13 
-11 -4 -5 2 -1 2 1 -3 
24 1 8 0 1 2 1 10 
-9 -12 -11 -3 -7 -8 -7 -11 
5 10 10 3 4 4 4 11 
14 -6 -1 -1 -1 -3 -1 6 
-19 1 -7 -4 -2 -2 0 0 
-7 2 18 3 0 -1 -1 -9 
16 -3 17 5 2 -1 -1 20 
-10 9 0 -3 -2 -2 -2 -26 
-14 12 16 3 0 0 -4 -1 
8 -4 -3 -2 -3 -1 -2 -8 
35 -1 0 -1 -1 1 2 17 
-40 -9 8 0 3 4 1 2 
4 -3 -6 -1 -4 -4 -5 -19 
2 -10 -8 1 2 0 1 -1 
-1 27 0 -1 -4 -3 0 1 
22 -3 -8 -2 -1 -2 -2 13 
-4 -9 1 -5 -4 -2 0 -1 
-14 -1 -1 0 0 2 1 -6 
-3 -15 -32 -8 -6 -4 -1 2 
-4 -7 4 0 0 -2 -1 -3 
11 14 -14 0 -2 1 0 18 
9 3 -12 -7 -4 -3 -3 -20 
-12 -4 0 0 -3 -2 -1 -3 
3 4 -7 -7 -7 -4 -4 -1 
-10 -4 -1 2 0 1 1 4 
8 -3 13 -1 1 5 3 3 
-6 -2 -7 -1 2 1 -3 3 
-6 5 3 1 -1 -1 -3 -17 
5 0 -5 2 0 1 -1 4 
-9 -3 -3 1 0 -1 -3 5 
-2 -5 -3 -3 -1 -4 -1 -4 
21 3 0 -1 -2 -2 1 24 
-22 5 -8 -8 -5 -5 -3 -31 
3 20 -9 -1 -3 -5 -3 -4 
-1 14 -17 0 0 -1 0 -8 
4 1 12 3 2 2 2 10 
8 -9 7 -2 -3 -3 -1 -15 
-8 -8 5 1 -4 -2 -2 2 
-7 -4 -3 -10 -8 -6 -6 -10 
-3 -4 -8 0 -3 -4 0 5 
-9 -3 -8 -2 0 -3 -4 -5 
0 -5 -1 -2 -1 0 0 -2 
-3 -5 8 5 4 2 3 -4 
-18 -5 2 1 -1 0 3 6 
29 -10 -2 -2 0 -2 -4 -1 
-12 1 3 0 -3 -3 -2 -1 
-6 -9 0 -1 -1 0 -1 2 
-13 -1 -17 -3 -1 -1 -3 -23 
8 35 20 5 3 3 4 19 
-4 -2 -3 -2 0 -1 -2 -20 
-15 -7 0 -3 -3 -2 -3 -2 
7 3 7 1 -2 -1 1 -4 
2 -25 -29 -6 -3 -4 -3 -11 
2 -8 -13 -4 -2 -1 -2 -6 
2 -3 6 0 2 1 1 6 
7 -1 1 -2 0 -1 -2 10 
-15 4 5 3 0 2 2 -6 
9 18 -12 2 2 -2 -2 9 
15 -8 -10 -4 -2 -1 0 -7 
-16 -4 -7 -3 -2 -2 -2 9 
-15 -8 6 -4 -4 -2 -5 -1 
-2 1 -9 -2 -2 -3 -2 1 
4 7 9 7 5 3 1 -2 
11 0 -7 -3 -1 -2 -2 -6 
0 -3 -1 0 0 0 0 11 
-11 -3 25 5 2 2 1 2 
-4 2 -1 -1 -3 -2 -3 4 
4 -11 -6 -5 -5 -3 -4 -4 
-21 -1 -8 -4 -1 -3 -3 -37 
3 1 3 -3 -2 0 1 14 
3 4 6 -2 -2 -1 0 1 
-1 6 -2 2 3 -1 -1 -9 
3 -2 -2 -2 -2 -3 -3 -7 
-3 -6 -3 -4 -2 -1 0 5 
7 2 2 -1 -2 -4 -2 1 
-23 -2 -8 -3 -1 0 -1 1 
-11 -6 -6 -2 1 1 2 6 
3 -3 1 -1 1 1 3 5 
3 -3 -4 -4 -1 -1 -5 2 
14 6 1 0 -1 0 2 12 
-3 -4 2 0 -5 -4 -4 -15 
-12 -5 -1 -1 -3 -1 -3 -9 
4 -4 -10 -2 -3 -2 -1 -1 
-1 -5 -1 1 0 0 -1 -5 
3 6 8 -1 0 1 0 21 
10 -2 5 3 1 1 0 -1 
-18 -14 -16 -6 -2 -2 -1 6 
2 7 -7 -6 -4 -1 -3 -14 
15 14 0 0 -2 -1 2 19 
-8 -19 -2 0 0 0 -4 -25 
-8 5 10 0 0 1 2 -4 
-7 7 5 2 0 0 0 -1 
3 -6 -6 -3 -2 -2 -2 15 
0 3 4 1 0 0 1 1 
-8 -4 -1 -4 -3 -3 -4 -26 
14 -8 -4 -4 0 -1 -1 11 
-12 0 2 1 -1 -1 -1 -17 
11 -3 -8 -5 -3 -4 -5 15 
-10 7 10 6 3 2 4 3 
24 1 2 -1 -2 -2 -5 5 
-1 -8 -1 -4 -2 -2 -1 -6 
0 2 -7 -4 -1 0 0 4 
-3 0 -6 -2 -2 -1 0 0 
-13 -9 2 0 -2 -1 0 -1 
24 -1 0 2 0 0 0 16 
-5 -4 -6 -2 -2 -3 0 7 
-10 2 9 1 0 -3 -5 -29 
2 5 -1 2 0 1 -1 -6 
6 -14 -16 -2 0 0 1 3 
-10 8 4 -1 -2 -3 -2 -16 
-3 5 -7 -4 -5 -4 -3 15 
15 -10 -5 -3 -2 -5 -3 -17 
-12 1 18 8 6 2 -2 -8 
9 -20 -29 -11 -8 -4 -3 13 
-2 -11 -7 -6 -4 -3 -1 -4 
-7 0 8 -2 -3 -1 1 -5 
5 -9 -6 -2 -2 -3 2 29 
-2 -3 -11 -2 -1 -1 -1 -15 
9 2 3 3 3 4 0 -3 
-25 -1 5 -3 -3 -1 -4 6 
-5 3 0 -3 0 -1 1 0 
-2 3 8 5 1 0 -1 9 
11 -4 -7 -2 -2 -3 -1 3 
-10 -8 -6 -2 -1 -1 2 1 
7 45 -11 -2 -6 -7 -9 -16 
-3 10 7 1 2 0 -3 -6 
-2 -4 5 3 0 2 -1 6 
-5 -1 11 1 1 -1 1 4 
-12 -9 -8 -5 -4 -6 -3 -3 
18 0 17 1 -3 0 -1 -18 
3 4 -17 -3 0 -2 -2 -2 
4 4 -19 -4 -3 -4 -1 4 
-14 -16 12 1 0 1 0 -6 
-10 -1 0 2 1 -1 1 -4 
-1 1 16 4 0 1 -1 3 
0 -1 0 1 2 3 1 -4 
1 -8 -7 -4 -1 -1 -1 1 
21 1 -1 -1 1 2 2 25 
-4 -6 -9 -6 -3 -3 -1 -13 
9 6 6 5 -2 0 -3 -9 
-1 4 12 2 -2 1 3 8 
-6 -25 13 4 3 1 -1 -11 
-4 5 2 -2 -1 0 1 -2 
9 -17 -17 -5 -1 -2 1 14 
6 -11 -6 -5 -4 -4 -6 -30 
-16 3 -1 -1 -2 -5 -1 -6 
11 0 0 2 -1 -2 -2 1 
-10 0 1 -1 0 -2 0 -7 
-2 0 2 -2 -3 -1 1 13 
-14 -19 -21 -2 0 1 0 -9 
-13 -5 -5 -2 -1 -2 -1 -7 
6 5 -4 -2 -3 -3 -4 -5 
-9 3 -4 -3 -1 1 0 2 
9 0 -7 0 -3 -1 -4 3 
-5 -3 7 1 2 2 1 4 
-1 -2 7 0 -2 -4 -3 0 
-1 -4 -5 -2 -1 -2 -2 -2 
0 14 21 6 3 3 2 4 
-28 -10 -8 -2 -2 -3 -3 5 
-4 10 4 -4 -2 -2 -2 -13 
-1 -3 -6 -1 0 -1 0 -3 
-7 7 5 0 0 -1 0 2 
11 6 7 -1 -1 -2 -1 9 
-4 -3 -16 -4 0 -4 -2 -2 
-16 -5 5 6 3 3 0 0 
4 4 11 -1 -1 0 0 -6 
3 4 2 -1 -2 -3 -1 3 
0 -6 2 0 -3 0 -3 -10 
4 4 -1 0 1 0 2 2 
-9 6 -5 -3 -3 0 -2 14 
22 -2 -10 0 -1 0 -3 6 
-11 -2 -9 -3 -2 -1 -2 -21 
-2 -1 4 -1 -2 -2 -3 -6 
-3 -7 -8 -3 -3 -4 0 1 
-31 -4 3 1 0 1 -1 -8 
8 16 8 -2 -1 -1 1 19 
-15 -10 13 8 8 6 3 -10 
6 -14 -17 -11 -9 -10 -9 -32 
-8 9 3 -1 -1 0 1 0 
31 1 18 2 -1 -2 0 24 
2 7 4 -2 -3 -3 -3 -5 
1 6 1 0 0 0 1 17 
-6 -5 -4 0 0 0 2 -27 
-22 -7 -18 -1 -1 -1 -2 -15 
18 0 -12 -5 -5 -3 -2 12 
4 -4 5 2 1 1 -2 -6 
15 -20 -28 -7 -7 -7 -5 5 
-40 6 2 0 -3 -2 -1 -24 
1 -9 -7 1 -2 -3 -1 1 
-4 7 0 -2 -3 -4 0 1 
9 7 12 2 0 -1 -1 14 
10 10 6 0 -2 -2 -3 -1 
-5 -7 -14 -6 -3 -1 -3 -2 
-7 1 17 6 1 3 1 3 
9 -2 -5 -7 -4 -4 -3 0 
2 -7 4 -3 -1 -2 1 9 
-4 1 -11 -4 -3 -1 -2 13 
-2 -1 -1 -3 -6 -3 -3 -8 
6 2 8 3 -3 -2 -2 -12 
-11 -10 -7 -3 -3 -1 -1 -1 
5 28 26 4 -2 -1 2 9 
-11 -10 -12 -2 5 2 0 -6 
-4 -7 -9 -2 -1 -1 -3 7 
25 -1 6 -1 3 0 0 13 
-46 -8 -1 2 2 -1 -2 -42 
12 3 7 -4 -5 -4 -2 -1 
-8 0 -1 0 3 4 6 -1 
14 -13 -6 1 2 0 0 16 
13 -4 -11 -3 -1 -3 -4 5 
-6 7 -5 -2 -1 -2 -1 3 
-2 6 2 -4 -4 -3 -2 -6 
-4 -10 0 1 0 0 1 2 
6 -5 -2 -2 -1 -2 0 1 
5 1 -1 -2 2 -1 -3 0 
4 7 -6 -1 0 1 1 10 
11 14 -2 -1 -2 0 -3 -18 
-8 7 -3 -4 -3 -3 -5 -16 
7 -12 -8 0 -2 -2 2 0 
