#EMG
#2
#ID:2-97
0 -2 -3 0 -1 -1 -1 1 
-11 4 2 -2 -2 0 2 1 
22 -10 -10 -1 -3 -1 -3 -4 
-5 4 14 2 0 -3 -4 13 
-6 -4 -16 -5 -4 0 -3 -16 
-10 1 1 -2 -2 0 1 -1 
-30 -3 4 3 3 2 1 -5 
18 -8 5 -5 -1 0 3 20 
-15 -5 10 4 0 -1 1 -28 
2 0 -2 -2 0 0 -4 -20 
6 -6 -1 -3 -3 -1 -1 1 
5 6 -7 -3 -2 -2 -1 3 
-11 0 2 0 0 -1 -4 3 
0 6 -4 1 -3 -2 -1 4 
-9 18 6 1 1 -2 -3 -16 
-3 -5 -2 0 0 -1 -2 -2 
4 9 0 -7 -4 -2 -3 12 
-3 -2 1 2 0 -1 -2 -10 
7 -1 -4 -4 -5 -3 -4 7 
-21 -4 7 1 1 2 4 -13 
6 -4 4 3 0 -1 2 18 
7 5 3 0 -2 -4 -3 -3 
-10 -3 23 4 1 0 0 -3 
3 7 -6 -9 -6 -3 -4 -8 
19 -8 -6 -3 -2 2 0 5 
-14 -9 -1 -2 -2 -3 1 10 
12 1 -9 -2 0 -1 1 13 
-52 0 12 2 -2 0 0 -32 
15 -3 -15 -1 -3 -3 -6 9 
1 -1 -11 -5 -1 -1 -1 5 
-3 -9 -5 -5 -3 -1 -1 1 
20 -3 -1 -1 -2 -2 -1 22 
-13 7 2 -1 1 -2 -1 -6 
4 -8 -4 -6 -4 -1 -2 -8 
-7 -20 -13 2 4 2 1 -5 
12 11 -5 1 0 -2 -4 -1 
-2 2 6 2 -3 0 -1 -1 
17 -8 -11 -2 -5 -3 -3 3 
-4 8 4 0 -1 0 -2 -10 
4 1 -9 -4 -4 -2 -1 6 
-2 -3 0 2 2 1 2 11 
-30 0 12 1 -1 0 0 -38 
4 -15 -8 -5 -1 -1 -4 -3 
22 -6 -6 0 -2 -4 -3 32 
-8 0 -5 -2 -2 -3 -2 -27 
16 1 4 -1 1 2 7 27 
-38 -2 -1 -1 -2 -4 -7 -35 
2 0 -1 0 2 -1 -1 1 
12 9 -10 -5 -1 -1 1 5 
2 0 13 0 -3 -3 -2 8 
8 -2 -16 1 0 2 2 7 
0 5 16 3 0 0 0 -6 
-13 -5 -13 -4 -2 -2 -3 -6 
-5 12 -2 -3 -3 -4 -6 0 
15 -5 -14 -4 -4 -4 0 -6 
3 1 -4 -2 -3 -2 2 -5 
5 -10 11 0 0 1 -1 14 
-10 -3 -2 -2 -2 0 -4 -28 
-2 1 -10 -3 -4 -5 -3 0 
-1 -4 -7 0 1 4 7 7 
5 -3 1 4 1 -1 -13 15 
-4 -1 2 2 -1 -2 -4 -30 
2 10 5 0 1 -1 0 -7 
2 -13 -1 0 0 -1 3 -10 
0 0 -8 -2 0 -1 -1 -3 
-4 -9 -2 -2 1 2 0 22 
11 -3 1 3 -1 2 5 5 
8 3 2 -5 -4 -6 -10 -4 
3 -7 6 3 1 0 4 14 
11 -1 3 3 2 0 -3 3 
-28 11 -5 -4 -4 -3 -1 -5 
-8 -2 -3 -3 -3 -1 -3 5 
-4 -2 15 0 0 2 11 3 
-16 1 3 -2 -3 -2 -11 -7 
-2 3 13 -3 -1 -2 3 -4 
-5 -12 -14 -2 -1 -4 -17 -7 
-14 2 -1 -2 -2 0 3 -12 
-1 -12 0 -1 -3 -3 2 16 
-2 -12 3 0 0 2 0 -3 
-3 5 4 0 0 0 -1 -11 
0 -13 -8 -2 0 0 4 -6 
-16 -3 -8 0 2 -1 -4 6 
-2 1 14 2 -2 0 2 4 
-5 -3 -29 -4 -3 -2 4 -7 
9 7 -9 1 0 -1 -2 7 
9 -10 -5 -6 -4 -2 2 1 
1 -2 6 2 2 -3 -13 9 
6 -3 -4 1 0 -2 -3 -8 
-21 0 -40 -2 -1 0 3 -8 
12 14 -18 -7 -6 -5 0 -5 
1 -12 0 -2 2 2 5 2 
-1 2 -3 3 1 1 0 -9 
2 5 24 0 -2 -2 -5 0 
0 7 20 5 1 1 3 9 
9 -9 -15 -1 -4 -3 -3 -6 
-5 -4 -1 -3 -4 -2 -2 -7 
-9 -4 13 0 -2 -1 -5 -13 
3 3 -17 -2 1 0 1 10 
-3 1 6 -4 -1 -1 6 -10 
8 4 5 6 3 0 4 6 
-6 8 2 -4 -7 -8 -16 1 
-9 1 14 4 4 4 7 11 
5 -18 4 -4 -1 -4 0 5 
-3 -4 -25 -11 -6 0 2 3 
-7 -12 8 1 -2 -5 -5 -24 
9 14 17 3 1 2 -6 2 
0 12 5 6 -3 -6 -7 -2 
-4 -8 23 -3 4 6 12 9 
5 3 6 -5 -1 0 0 4 
-6 9 1 -2 1 1 -7 -29 
1 -21 13 0 0 0 9 27 
2 18 -11 -7 -4 -6 -8 -1 
1 5 -38 3 0 1 2 0 
-2 12 25 8 2 1 2 -3 
-5 5 -44 -19 -6 -3 -8 12 
1 -4 27 8 -3 -2 -5 5 
10 0 14 -1 0 1 3 2 
-6 -54 -16 -2 -5 -4 -5 -13 
4 -19 -33 0 2 0 2 -4 
-8 -14 -7 1 -3 -3 -12 0 
-7 9 -15 -2 -3 -3 -3 9 
11 -10 -12 -5 -1 -1 8 1 
-5 6 68 35 5 0 -4 -6 
3 -8 -47 -33 -8 -5 1 -13 
-9 -4 0 -2 -2 1 6 -4 
21 4 17 12 6 -1 -5 26 
-1 18 -8 -19 -3 -1 -3 -16 
-6 -16 8 13 2 -1 6 3 
4 -27 -14 -6 -5 -4 -6 -7 
-11 1 26 -4 -2 2 5 -10 
16 11 -40 3 1 1 -2 16 
-8 0 29 3 -4 -1 3 -6 
7 10 0 8 5 -1 -2 0 
-21 12 -16 -19 -7 0 9 -2 
5 -3 -12 -3 -3 -3 -13 -14 
-2 9 -9 -6 -4 -1 -2 1 
-7 16 13 10 0 0 -2 -7 
11 -21 5 -3 -3 -3 2 13 
6 -2 9 -6 -3 -5 -7 -5 
-2 21 5 18 11 8 11 3 
-3 -36 -44 -19 -6 -1 0 -9 
-14 -9 -29 -3 1 0 -2 -2 
8 12 -3 -7 -4 -2 -2 0 
19 9 22 21 2 -6 -11 22 
-4 -22 10 1 12 6 6 -7 
10 -29 -30 -3 -2 3 2 -21 
-10 9 -16 -5 -7 -2 3 4 
-2 5 13 -5 -3 -4 -6 0 
-8 -4 -21 7 0 -3 -6 8 
3 23 21 -9 1 3 4 7 
-9 -40 8 7 -6 0 4 0 
0 38 14 10 1 -3 -8 -12 
7 -2 8 -17 -8 -2 0 13 
-6 13 2 5 1 -4 -3 4 
3 -6 -5 -4 -2 -2 -3 0 
-15 -33 -30 -8 -3 -1 -5 -3 
0 -10 10 -3 -4 -7 -6 -6 
9 11 -33 8 -2 -5 -5 -1 
-33 -2 18 -6 4 -1 -3 2 
-6 -18 -65 -45 -17 -2 0 -9 
10 42 13 11 7 4 4 -2 
-2 -12 -11 -7 -8 -4 -9 23 
-3 18 -5 5 -2 -5 -3 -17 
-12 -15 39 10 4 4 2 -14 
-1 -9 8 -13 -8 -3 2 8 
28 7 13 3 -5 -5 -6 1 
-14 15 27 17 12 5 9 14 
4 -10 -11 -7 -6 -6 -6 -6 
-14 2 13 2 -5 -1 1 -6 
-11 -21 -7 -6 -1 0 2 0 
11 8 9 -1 2 1 -4 5 
7 -17 -12 4 3 0 -1 -6 
15 1 -3 -5 -5 -1 -4 -1 
-13 -8 -30 -8 -7 -5 -3 -13 
-13 -21 -27 -15 -1 0 0 -11 
-3 9 10 9 -2 0 9 7 
-2 20 7 -11 -4 -5 -11 -11 
-5 27 2 10 1 3 4 2 
-13 -17 14 -6 -2 -1 -5 -12 
2 -5 -9 -2 1 2 5 7 
4 10 31 3 -3 -1 1 3 
-13 -6 -50 -10 -4 -4 -8 -26 
10 2 14 12 1 -1 2 11 
-8 27 23 5 2 0 -7 -4 
14 -8 17 2 0 -2 -3 11 
-16 -4 19 4 3 -3 -6 -10 
15 1 -6 -4 -3 4 9 -2 
2 2 -4 -3 0 -2 0 -1 
-7 16 34 3 0 -3 1 -4 
-5 -14 -26 -2 -2 -3 -5 -8 
-3 -19 -7 -6 -5 -5 -5 0 
4 -14 -9 -1 2 2 6 -9 
5 6 11 8 2 4 6 9 
6 -21 31 4 3 -1 -1 -10 
0 15 -6 -1 -1 0 -7 -11 
-3 -24 7 -5 -6 -8 -12 8 
8 -5 -34 -1 0 0 0 13 
-8 -6 -2 -3 -2 -2 -8 -27 
4 13 -20 -9 -4 -3 13 10 
9 10 38 8 1 -1 4 6 
15 -4 -38 1 -3 -2 -5 -23 
-6 9 15 -16 -3 -4 -12 25 
-2 5 -13 8 1 2 3 -12 
16 6 -6 -2 1 -3 -7 6 
12 -16 5 -4 -5 -5 1 26 
6 24 8 11 6 8 15 -9 
13 3 34 4 1 -5 -7 -14 
-31 -8 -6 2 0 4 4 7 
-26 -11 -24 -9 -4 -3 -1 -29 
9 7 3 -3 -5 -3 0 43 
-2 1 23 2 2 3 -4 -30 
14 7 -8 1 -2 -3 0 22 
-20 6 -21 -9 -2 -3 -4 -49 
-15 23 27 -2 -5 -1 4 -14 
-22 24 -8 5 -4 -8 -20 -11 
-6 -20 -25 -9 2 2 19 -17 
-11 -13 -33 -14 -11 -7 -10 -14 
5 -17 7 7 3 5 28 18 
12 1 10 12 0 -3 -4 25 
0 8 -13 -14 -3 -4 -14 -20 
-14 3 32 10 3 6 19 12 
1 4 -21 -6 0 -4 -34 -14 
-5 -6 -4 1 -3 4 43 4 
4 7 26 9 -1 -8 -11 14 
5 14 5 2 2 -3 -31 -21 
-10 -15 -11 -9 -1 1 11 5 
2 2 25 8 3 3 -2 7 
-19 -18 -62 -24 -10 -7 -19 4 
13 -21 -6 -17 -10 -11 -11 -5 
-12 16 37 16 3 1 -7 -1 
1 3 13 -6 -4 -3 6 23 
-37 6 -29 -5 0 1 -9 -57 
-6 -8 17 14 6 2 -3 23 
11 9 4 1 -2 1 12 -3 
3 -29 -65 -40 -18 -10 -10 7 
4 30 -35 -8 -6 5 4 -20 
-2 -2 -13 -2 1 2 8 16 
15 2 -7 7 1 -1 -15 -16 
5 -2 -22 7 9 2 -5 -20 
12 -26 15 17 0 1 -2 0 
7 -18 -10 -2 6 5 17 30 
22 58 68 15 1 -3 -3 6 
-34 -3 -6 -18 -8 -4 -7 -19 
11 -14 -41 -23 -10 -7 -24 -21 
-7 -7 -11 13 4 8 35 11 
4 -35 -12 -4 -6 -8 -20 -4 
-17 -6 -3 0 1 1 4 17 
7 29 102 26 10 1 3 -11 
-15 12 -47 -25 -9 -4 -9 -6 
-17 -39 -90 -32 -13 -7 3 5 
7 18 -25 5 1 -1 -4 -4 
-6 -56 -14 -6 -5 -1 5 14 
-1 29 -19 3 3 2 -7 -6 
-3 -33 21 16 1 -2 5 -5 
12 1 16 -6 -4 -4 -12 13 
-7 14 34 7 2 8 15 4 
3 8 66 11 3 -1 -12 -19 
-8 30 -9 2 2 -1 7 -1 
10 -38 -69 -3 5 3 -1 2 
3 5 8 -19 -11 -8 2 13 
8 -2 24 3 -8 -5 -12 -8 
-19 8 0 -4 0 6 8 -7 
10 -2 38 17 3 -3 -1 7 
-7 -12 21 11 11 4 4 -4 
4 -55 -48 -9 -2 -4 -7 2 
-36 6 4 -7 -6 -2 -5 -12 
8 6 24 7 3 2 15 -5 
6 11 -8 3 0 -1 -3 -6 
-4 22 34 14 5 -2 -7 8 
-7 -20 -15 -33 -12 -3 -4 0 
-2 -5 5 -1 -4 -2 -3 -12 
3 -4 -23 -4 -2 -1 6 9 
3 -10 13 2 -5 -5 3 -2 
7 -32 -5 8 5 3 -4 -5 
-10 2 -39 -11 -2 -3 -4 4 
8 15 11 5 1 1 10 18 
-5 -13 -31 -10 -5 -3 -2 -11 
12 1 11 11 8 9 13 15 
5 -18 -4 -7 -3 -4 -17 14 
7 -14 15 13 6 -1 -4 4 
-7 37 19 0 -2 3 15 -5 
9 30 -3 -2 -1 2 7 -2 
-2 -1 4 1 -4 -5 -16 -8 
6 10 3 4 3 -1 -2 9 
-3 -28 21 -8 -1 -1 -3 4 
2 -3 -32 -7 -7 -8 -3 -3 
7 3 9 -6 -4 0 1 -8 
-10 10 -4 -6 -5 0 -2 1 
0 14 16 -7 -4 -3 -5 -7 
13 -4 14 7 1 -2 0 4 
-13 -34 19 6 3 -3 -7 -8 
-11 11 24 5 5 4 3 -2 
15 27 -39 0 4 1 -18 9 
-1 -1 26 -6 -6 -9 -15 -9 
-4 -7 -36 -13 -4 3 3 -11 
2 -4 -24 -9 -7 -3 18 26 
-5 1 39 6 1 -2 -4 -2 
10 -8 -11 3 0 -3 -2 6 
5 -13 -6 2 2 4 5 4 
-10 -22 24 12 10 -2 -10 -9 
-5 11 -20 -5 -4 2 8 6 
-10 71 3 -12 -3 -1 2 3 
-4 4 -44 -4 6 4 3 -10 
-3 -14 -28 -9 -9 -3 -6 -5 
16 -3 76 77 57 15 18 -2 
-19 -55 9 -17 -24 -7 -11 2 
-4 22 54 -18 -7 1 6 -12 
0 7 34 -18 -16 -7 -16 -2 
-1 -16 -9 -15 -13 4 16 -4 
9 -7 -13 31 17 1 -2 4 
2 35 6 29 14 1 14 23 
8 -65 82 19 22 3 5 -13 
2 -7 30 13 -1 3 -1 -2 
-14 -46 37 -8 -1 1 -2 -8 
-21 6 -77 -45 -23 -12 -13 -11 
-29 -5 -52 -11 -10 -2 -6 -23 
-28 -20 -42 -35 -17 -6 -6 30 
19 -20 65 60 28 9 -2 -31 
-11 -41 -59 -69 -31 -15 -14 -3 
7 16 13 1 -4 1 2 -9 
-3 7 3 -10 -10 -7 -22 -2 
-10 -2 0 14 1 7 6 -11 
15 29 69 42 16 3 16 41 
-2 11 -50 -12 -1 -5 -10 -37 
-4 -55 -37 -4 -9 -6 -2 -1 
19 -9 -15 -13 2 0 -18 -4 
-6 0 4 1 -4 1 2 -46 
11 22 -21 -4 -2 0 -1 33 
-2 -3 1 -1 -2 -4 4 5 
9 25 -19 -5 -3 -7 1 16 
1 7 4 8 2 4 -8 -12 
-1 -14 -25 -15 -9 -3 -10 10 
14 16 -4 -9 -6 -4 -23 -28 
-5 -15 -33 -25 -9 -5 18 18 
1 8 -10 9 -4 -7 -4 39 
7 34 62 30 15 8 4 -25 
-19 -30 -62 -24 -11 -5 -2 -8 
-3 2 -29 -18 -10 -7 -5 -8 
23 19 59 15 5 -1 -4 28 
3 20 -30 6 5 1 6 14 
37 -36 -31 -11 -6 -9 -6 -4 
-55 -14 -7 -18 -13 -1 0 -7 
-11 -12 8 0 -3 0 3 -1 
-10 -29 -55 -8 -7 -3 -5 2 
-8 19 23 16 10 4 9 1 
21 9 -12 -4 0 -1 -8 -14 
-8 -12 -1 -16 -5 -2 9 17 
-2 43 -15 -5 -9 -6 -2 5 
-8 8 23 11 5 5 7 -18 
-5 -7 -5 4 1 1 -4 2 
15 -6 -15 -1 3 -1 -8 -18 
19 -3 21 3 0 -3 -1 9 
-15 18 11 -2 -3 -3 4 3 
-2 -1 -16 -3 -1 3 4 -3 
2 -11 36 12 4 2 -4 -10 
-10 -10 0 8 2 0 6 24 
1 -11 -28 -25 -12 -5 -5 -11 
-3 -12 3 -5 -1 0 2 6 
1 -9 -1 6 1 0 0 -1 
1 1 18 7 3 -1 -4 -12 
9 18 21 0 1 2 8 46 
5 18 28 -2 -3 -4 -6 -32 
0 9 -6 3 3 2 -3 -2 
14 -10 2 -1 1 0 -4 -3 
-25 22 -5 3 -2 -2 -5 -5 
13 3 19 3 5 2 8 29 
-6 -14 -14 -3 -6 -6 -10 -19 
-10 -17 5 -10 -7 -3 -1 -19 
7 -2 -2 2 -2 -4 -4 -6 
11 9 2 -2 -1 0 6 19 
-28 3 8 2 0 2 -1 -32 
-2 -1 5 -2 -1 -1 -2 8 
-2 35 3 1 1 1 2 -3 
-9 1 -17 1 1 -3 -2 -3 
8 -4 14 3 0 1 -1 8 
-8 -9 -24 -7 -4 -3 -1 -6 
-2 -17 1 1 -1 0 -1 -4 
-3 -6 -6 -5 -1 -2 -4 -6 
-6 3 -8 -13 -5 -1 0 -3 
13 -5 -11 2 -1 2 -1 11 
-14 -9 -4 0 2 -1 4 36 
-5 4 0 5 1 -1 -1 -30 
-4 -2 4 7 2 -4 0 -5 
-11 -4 1 -7 -3 -1 -2 -5 
18 17 18 10 5 1 -2 3 
3 -5 -3 -1 -2 -1 -3 12 
-3 -17 -3 0 1 -1 0 -1 
8 -1 1 -4 -3 -3 -2 -2 
-5 -5 -4 -8 -5 -3 -3 -15 
7 -5 -5 -4 -4 -2 -3 13 
-6 1 -5 0 2 0 0 -18 
-8 2 18 1 -2 -1 -1 5 
-1 -18 -12 -5 -4 -4 -6 -5 
3 2 -6 -2 -1 -2 -3 -3 
11 3 7 7 -2 -1 0 2 
17 4 4 0 0 1 4 2 
-47 -16 -9 -7 -4 -2 -2 -14 
-7 -8 -16 -6 -4 -3 -3 -8 
7 8 -1 -1 -1 -2 -4 8 
-9 -4 8 4 4 1 2 -4 
6 -12 -4 -7 -6 -3 -2 -13 
-3 -5 -2 5 3 3 0 8 
-1 8 4 0 0 1 -1 -2 
3 -1 8 -4 -3 0 4 15 
10 -1 -2 -1 -3 -2 -2 -16 
2 -2 1 -1 -1 0 -1 8 
-8 -12 2 -1 -2 -1 3 -1 
9 -2 -10 -5 -4 -5 -6 -1 
4 -19 -16 -2 -2 -1 -2 0 
-10 -1 -5 -4 -1 -1 -1 5 
7 4 1 0 -1 -1 0 -3 
-11 -5 -10 -5 -4 -4 -5 -8 
-22 3 15 6 4 1 1 -8 
-6 -17 -8 -4 -5 -4 -5 -3 
-11 5 -14 -6 -5 -5 -5 4 
-15 -8 -15 -1 3 3 2 -3 
21 5 4 -1 1 1 1 9 
-15 0 9 6 3 2 0 -23 
-3 2 4 -1 1 0 -1 -2 
3 -5 -5 -4 -4 -3 -4 1 
-6 0 -2 0 -2 -1 0 1 
8 7 2 2 0 -1 1 5 
3 -8 -1 -3 -3 -3 -2 -7 
12 7 -4 0 -1 0 -1 20 
-2 -6 2 -1 -1 0 -1 -30 
0 24 -2 -2 -2 -2 -1 3 
-3 4 2 3 0 -2 0 1 
5 -5 8 0 -1 -1 2 -8 
-36 -4 -2 -1 0 -2 -1 16 
4 -9 1 -4 -2 -1 -3 -8 
2 -4 1 -3 -2 -2 0 -2 
-3 3 -4 1 0 -1 -1 -5 
10 -21 -16 0 -3 -4 -3 2 
-2 -1 0 -2 -1 0 3 0 
-5 -12 -7 1 2 1 2 18 
-6 3 14 2 1 -3 -3 -19 
9 1 -6 -5 -4 -2 -1 0 
10 -3 3 0 -1 -1 1 6 
22 -2 0 -1 -3 -3 -7 4 
-14 11 -12 -1 -1 -2 -2 -7 
-3 -2 10 0 0 3 1 -5 
0 -9 -9 -1 -1 -3 -3 10 
1 -7 -3 -5 -4 -3 -3 -10 
4 9 -6 -1 0 0 0 6 
-3 5 -3 -5 -5 -4 -6 -26 
5 -2 4 -2 -1 -1 -2 -3 
-11 -4 -1 1 1 -1 2 15 
10 -1 6 -1 -2 0 -2 -20 
7 8 3 -1 -1 -2 -1 14 
8 -12 -4 -3 1 -1 -1 6 
-4 -2 4 3 -1 0 -3 -10 
-13 -6 -12 -2 0 -1 1 13 
20 5 7 -1 -2 0 -2 6 
-4 2 -3 -4 -3 -3 -2 -7 
5 -3 -2 -1 0 1 -3 -1 
-6 15 8 0 0 -1 0 5 
-13 -5 -12 -2 -1 1 3 -4 
-3 2 2 1 0 0 -1 -6 
-24 11 1 -2 1 1 1 0 
-25 7 -3 1 -4 -5 -7 -25 
-2 -8 -13 0 1 -1 1 3 
-3 4 6 0 -1 0 -1 0 
-7 -9 -2 -1 -2 0 2 -1 
30 -4 5 0 -1 -1 1 45 
-5 9 2 2 0 3 -1 -47 
-15 -9 -1 1 1 1 1 2 
12 -7 -12 -7 -3 -5 -2 -4 
0 -7 3 -4 -4 -2 -4 -1 
-11 -8 5 4 1 3 1 14 
20 -3 -2 -2 -2 -3 -3 6 
1 1 -10 -3 -2 -2 -1 -8 
-8 15 9 -3 1 0 3 -2 
5 8 -8 -4 -3 -4 -2 5 
-4 4 0 0 -4 -2 -4 -19 
-2 -18 -23 -1 -1 0 0 5 
-5 -14 -7 -1 -2 -1 -2 -12 
4 4 7 1 2 1 0 9 
6 19 8 2 0 0 -3 5 
11 10 10 -3 -5 -3 1 13 
-20 -12 13 -6 -6 0 -4 -40 
5 0 -3 -4 -2 -4 -3 10 
19 -9 -5 1 0 0 1 -7 
-15 5 9 1 -1 -2 -4 -1 
-5 -8 -11 -2 -1 -1 0 -7 
10 2 6 0 -3 -4 -1 15 
-8 5 3 -4 -4 -2 -2 -17 
13 17 -6 0 0 -1 -2 -4 
0 -6 -11 -1 0 -2 -1 14 
2 -3 0 -2 -2 -4 -3 -15 
-14 -1 0 0 1 0 2 18 
-4 7 12 0 -1 1 -1 -12 
-4 -4 -9 -2 1 -1 0 -2 
-4 7 8 2 0 0 0 8 
-10 -4 -10 -4 -2 -2 -4 -14 
0 8 -2 -1 -1 -4 -2 -3 
27 -11 -13 0 -3 1 -1 3 
-7 5 -2 -2 -1 -1 -2 -3 
-4 -20 4 -5 -2 1 3 10 
-13 -3 -8 -2 -2 -1 -1 -7 
14 -8 13 -3 -4 -1 -1 -3 
-3 8 -2 -2 0 0 0 2 
-3 0 1 4 2 0 0 1 
10 4 6 -3 -3 -1 1 -2 
-8 2 -4 -1 -1 -2 -1 3 
-1 -8 -1 -3 -2 0 -2 -3 
-11 7 -14 -7 -2 -2 -4 -7 
14 -3 3 -1 -1 1 0 32 
1 9 12 4 2 1 0 -24 
1 -7 1 -2 2 0 0 -5 
-2 6 -11 1 0 0 -1 -4 
-3 -12 -5 0 2 0 -2 -2 
-3 38 16 2 -1 -2 -2 9 
-25 -17 -8 -4 0 0 0 -1 
13 -5 6 1 3 2 1 4 
-3 -11 -8 -1 0 2 0 -14 
-7 -14 5 -1 -4 -4 -3 0 
4 6 3 1 -2 -2 -5 -9 
8 12 -9 -1 -3 -5 -5 4 
-10 -8 -5 -4 -3 1 2 8 
-6 -3 -19 -2 0 -1 -2 -8 
11 -3 -1 -1 -2 0 -1 8 
1 -10 -5 -2 -2 0 0 16 
4 -4 6 2 0 -3 -2 -12 
-15 -10 2 2 0 1 -1 -10 
14 8 -2 1 -3 -3 -1 0 
-22 -17 4 1 0 -2 -2 -15 
-5 5 -9 -4 -3 -4 -2 -10 
1 -7 -2 -1 -1 -2 0 15 
-2 2 1 1 -2 0 0 -4 
-2 3 3 -1 -1 -2 0 -5 
5 0 2 -2 -1 -4 -4 12 
24 -8 -8 -1 -1 -2 -3 -12 
-26 -8 -4 -4 -2 -3 -2 -5 
-5 31 2 0 -3 -3 -2 -2 
-14 -3 3 0 -1 0 -1 -6 
-9 -1 -3 -4 -4 -2 -2 1 
-2 -2 -21 -3 -1 -2 -1 -14 
-1 -6 -4 -2 -4 -4 -3 1 
-3 -9 -12 -4 -1 -1 -3 -10 
18 1 -5 -3 -2 -1 2 44 
-11 -5 2 0 -3 0 -2 -47 
-2 -5 -10 -5 -3 -3 -1 4 
-4 -7 -10 -1 -4 -4 -3 -15 
2 -18 4 2 1 -2 1 1 
8 1 5 -1 -1 -1 -1 18 
7 -1 0 2 1 1 0 -1 
-8 0 4 -2 -2 1 0 -8 
3 2 2 -2 -3 -3 -5 -8 
-8 7 10 3 3 1 1 11 
-5 -26 -28 -5 -1 -1 -4 -24 
5 -4 1 2 -1 -1 0 14 
-18 0 -6 -2 -1 -1 -1 -11 
8 0 5 -3 -2 -2 -6 0 
9 -1 1 -2 -2 0 2 8 
-1 4 2 3 0 0 -1 -3 
1 2 3 0 2 1 -1 1 
5 -7 -17 0 1 1 2 13 
7 -8 11 -6 -6 -3 -4 -2 
4 2 6 -2 -5 -1 -1 13 
-7 -2 -5 -1 -3 -2 -3 -25 
-7 -6 11 2 4 3 3 8 
-3 0 -8 1 3 0 0 3 
0 -2 18 3 2 -2 -3 4 
-3 -16 -7 -3 2 1 1 8 
3 8 -2 -4 -4 -3 -3 5 
-4 28 16 1 1 1 2 -2 
17 -34 -18 -4 0 -2 -4 -14 
-28 -8 -17 -5 -2 -1 -4 -11 
-23 -5 -5 -4 -4 -3 -5 -5 
-3 -1 10 0 -1 -2 -1 2 
-6 9 -2 1 0 2 1 -5 
11 8 1 0 -2 -1 -2 11 
10 0 -1 -2 -3 -1 1 -4 
-4 -11 -13 -2 -3 -2 -2 8 
-17 -3 1 -4 -2 0 -2 -11 
7 0 3 3 1 3 4 22 
-6 -1 3 -2 -4 -3 -5 -33 
-8 -4 0 1 -1 2 3 6 
-2 -4 -1 0 2 -2 -2 -3 
-1 7 14 2 0 -1 -1 -2 
14 -5 -7 -3 -6 -1 -3 15 
-12 -8 -12 -8 -6 -5 -4 -10 
5 16 -6 -6 -6 -2 -3 -2 
-5 0 1 0 1 -4 -2 -18 
0 -11 10 1 1 0 0 6 
-4 -1 3 0 1 1 1 1 
11 2 10 0 1 -1 -2 4 
-26 -4 -17 -6 -3 -3 -3 -1 
5 -13 -8 -1 1 1 -1 0 
-9 4 10 0 -2 1 1 -2 
1 -8 -6 2 2 -1 0 -13 
11 4 11 -2 -4 -2 -1 10 
-9 -5 -2 1 1 -2 -2 -14 
-4 -3 -8 -4 0 -3 -4 -6 
-3 3 -7 3 2 4 3 1 
0 -14 -2 -4 -2 -1 0 -6 
