#EMG
#2
#ID:2-54
-7 -12 -6 -4 -3 -2 -1 -6 
-1 1 1 1 0 0 -2 1 
-8 1 0 -1 -2 -1 -2 -2 
-4 11 7 1 -2 2 1 2 
3 -15 8 3 1 -1 -4 2 
10 -4 -8 -1 -1 1 2 14 
4 -1 -7 -4 -4 -2 -3 -22 
-9 -1 1 -1 1 -1 1 12 
0 9 4 2 0 -2 -1 -6 
-6 4 1 -1 -4 -3 -3 6 
-3 -7 -5 -1 0 -2 -2 -10 
8 -3 1 -1 -2 -3 0 6 
-5 -6 -10 -2 -4 -4 -2 -3 
19 7 9 -2 -2 -1 -1 18 
-14 6 5 1 0 2 0 11 
2 -5 2 0 -1 -2 -3 -22 
10 3 -7 -6 -4 -2 -1 18 
1 1 7 2 0 0 -2 -11 
-4 -3 7 2 2 3 4 1 
4 -4 -9 -2 -3 0 1 7 
0 -1 -9 -3 -2 0 1 3 
-1 -6 3 1 0 1 1 10 
2 0 1 -1 -1 -2 -1 -25 
4 -5 -2 -1 -1 -5 -6 -4 
-12 0 -4 -3 -2 -3 -1 -6 
10 7 1 1 0 -1 2 5 
-20 -2 6 2 -2 1 -1 3 
-5 5 1 0 1 4 6 17 
-1 -4 -1 0 -1 -3 -5 -19 
-27 -2 -1 -2 -2 -3 -2 -13 
3 -5 -1 1 -1 -1 -2 11 
9 0 4 -1 -1 1 -2 -7 
-11 -3 -18 -3 -3 0 -1 2 
-4 3 4 -2 1 2 1 -7 
6 -1 -2 -1 -4 -2 0 5 
-2 -4 -6 -3 -3 -2 -2 8 
8 4 8 2 1 3 -1 0 
0 -5 -6 -1 0 -2 0 6 
6 -1 2 -2 -1 -1 -1 -6 
-3 -3 -4 -2 -1 -2 -3 -13 
-1 -4 -16 -7 -6 -2 -2 1 
-3 3 26 7 -1 0 1 -12 
6 -4 -11 -9 -6 -3 -2 11 
-19 -16 -9 -1 2 -1 -3 -14 
-7 -1 1 1 2 1 1 -6 
5 -4 -13 -6 -2 -2 -3 -1 
-5 1 6 2 1 0 -1 20 
24 -1 -9 -6 -6 -10 -7 -7 
-2 2 9 5 1 1 2 7 
2 -5 -10 -5 -2 -2 -2 -2 
20 -1 -2 2 -2 -2 -2 1 
-7 -3 -7 -3 -1 -2 0 2 
-3 1 3 -1 -1 0 0 7 
-17 -4 -9 -5 -5 -3 -3 -19 
-12 -5 6 0 2 2 0 -6 
-6 -3 -13 -4 1 -2 -1 13 
9 -3 -2 -2 -1 -3 -3 -25 
8 -12 -15 -2 -2 -1 -2 3 
-8 -2 -14 -2 -1 -2 1 -2 
0 5 15 0 -1 0 -1 -11 
6 2 -6 -4 -2 -2 -2 22 
-12 6 14 4 -1 0 0 -8 
-10 -5 -3 -3 -2 -1 -4 -15 
12 1 4 1 0 1 2 5 
-1 4 4 1 3 0 0 4 
-2 1 2 -1 0 -1 -2 -11 
14 7 1 -2 -1 -1 1 17 
16 4 3 3 0 0 -2 -24 
-18 -11 -8 -5 -4 -6 -4 -12 
9 -4 -7 0 -2 0 -2 13 
-1 -2 2 -2 -1 -2 -3 0 
4 2 -8 -2 -2 0 0 3 
-15 10 17 1 1 0 -1 -9 
21 -6 -2 -1 -2 -2 0 -1 
7 2 -9 -1 0 1 0 23 
-25 -5 2 0 -1 -3 -3 -19 
1 -3 -1 0 -3 -1 -2 -8 
-23 5 8 1 2 2 4 5 
8 1 -4 -6 -6 -6 -4 -6 
-11 -1 -7 0 1 2 2 20 
5 -3 2 3 -3 0 -1 -6 
14 -2 -8 -5 -3 -4 -3 5 
-8 -5 -3 0 0 -1 1 -10 
-3 0 3 2 2 2 1 13 
0 2 -2 1 -1 -1 0 9 
12 -4 3 -3 -1 -3 -1 4 
4 5 3 0 -2 -3 -5 -16 
-8 -8 -4 -5 -3 -2 -5 -21 
1 -3 7 0 1 0 -2 9 
-1 -9 -2 1 3 1 1 14 
-10 2 5 2 1 2 -2 -27 
2 -7 -4 -6 -2 -3 -1 6 
1 -3 -5 -1 -1 -2 -2 0 
22 4 3 -5 -4 -3 -6 25 
-13 -5 -4 0 1 1 1 -19 
3 3 2 1 -2 -2 1 15 
3 -5 -2 -3 -4 -3 -5 -19 
-3 -3 -2 3 3 2 1 -8 
-9 -3 -11 -3 -1 0 -1 11 
2 4 7 2 -1 0 2 7 
4 -5 -7 -6 -2 -1 1 9 
-6 -2 -12 -5 -5 -5 -5 -10 
-1 -7 0 -1 -2 0 0 4 
-3 3 4 -2 -1 -1 -2 2 
24 -3 -6 1 1 1 2 14 
-51 -6 3 0 -1 -2 -9 -39 
-1 2 -13 -6 -3 -1 1 10 
2 2 8 0 -2 -2 -4 5 
-13 -2 4 4 0 -1 -2 -23 
12 -3 -3 -4 -2 -3 -2 -1 
12 -4 2 1 0 -1 1 -12 
-22 -3 -7 0 2 1 5 12 
-7 -5 -4 -5 -1 -1 -4 -18 
-2 -2 4 3 1 1 3 -2 
-8 12 4 -1 -3 -5 -3 -5 
11 -13 -12 -2 -2 -2 -2 6 
-11 -3 -15 -1 -2 -2 0 -7 
-5 -1 -6 -4 -1 -2 -4 -7 
-7 1 1 1 0 0 2 16 
-19 24 17 1 1 1 -2 -24 
7 -2 5 -4 -3 -2 -2 6 
-2 7 -4 -1 -3 0 -2 -4 
15 -20 2 2 5 4 -2 18 
-49 -12 1 1 -4 -4 4 -42 
-27 4 9 3 1 0 1 -1 
5 32 20 -6 -7 -8 -8 2 
-2 -16 -5 -6 -3 -1 2 5 
21 -19 -13 -3 -4 1 -1 5 
-4 -2 -2 -2 0 0 0 11 
-12 -2 19 4 -3 -3 0 4 
-4 -21 -26 -1 -1 0 -4 -4 
16 9 -11 -5 -4 -3 -7 -2 
-17 -9 -1 -2 -3 -4 -4 -5 
4 27 19 2 2 4 7 1 
13 18 29 5 -1 -4 -4 9 
3 -5 -13 -3 -2 -4 -4 -3 
5 -9 4 -8 -2 -1 -4 2 
4 0 -4 2 3 3 12 -1 
-5 1 6 9 3 0 0 -1 
18 26 8 -16 -7 0 5 13 
20 -16 -8 -5 -4 -5 -4 18 
-24 -19 -20 -8 -4 0 -2 -36 
-1 9 4 3 2 -1 0 -7 
12 -5 -1 3 -1 -2 -8 -1 
-4 11 -19 -3 -4 0 4 6 
30 -12 -9 3 5 4 2 28 
-14 9 -5 -10 -8 -5 -8 -15 
2 40 4 4 0 -3 -6 2 
-1 -20 -24 -4 0 1 0 -2 
10 15 21 7 1 0 1 3 
4 2 -9 -5 -5 0 0 10 
-13 -25 -17 -2 0 0 9 -22 
4 27 38 23 5 0 1 4 
5 -9 -28 -17 -3 -3 -3 -9 
-13 -23 -6 -2 3 5 7 -2 
8 -5 0 -2 0 0 2 10 
2 -12 12 -2 -3 -3 -5 -13 
-22 -31 8 13 6 4 0 -3 
11 -3 21 -3 -2 -5 -5 -1 
-8 -10 -19 -4 -1 3 0 -6 
6 5 1 -7 -5 -3 -1 -5 
0 3 -4 7 3 -1 -1 4 
-7 7 19 0 -3 -3 -4 4 
-6 6 -15 -7 -1 -2 -16 -9 
2 -13 -1 3 1 1 -2 6 
-9 25 -34 -22 -12 -4 0 -2 
2 2 -28 -3 0 0 0 -3 
4 3 38 4 -1 -2 0 1 
-10 20 -9 3 0 2 -2 1 
11 8 12 -3 2 1 -5 -9 
-2 18 -14 -2 -9 -6 -5 -9 
4 -25 2 1 -1 0 -1 12 
-6 28 15 2 7 6 9 0 
8 -3 24 2 -5 -5 -3 1 
-36 -17 -10 -8 0 -2 -5 -27 
1 -14 7 1 -1 -4 -3 -6 
2 0 -23 -9 -5 -3 -3 -5 
-2 -23 -14 -4 -4 -6 -17 4 
4 0 -1 1 0 1 8 8 
-6 -6 7 5 3 0 -8 6 
-9 5 23 -3 -1 -2 0 -2 
1 -13 -12 -5 -4 0 2 4 
4 5 -5 -1 0 -1 -2 -1 
-12 -3 -12 3 4 3 2 -3 
-2 11 9 2 6 5 3 -2 
-8 -27 -1 -1 -5 -5 -2 -4 
5 17 -22 -3 0 -2 -4 7 
-6 -2 0 9 4 1 1 -9 
0 40 -11 -10 -5 -4 -1 1 
-4 -11 -5 2 -1 1 3 -2 
2 20 10 4 0 0 0 -2 
14 -13 -12 -9 -5 -2 0 19 
-14 -19 21 -3 -5 -2 1 -37 
0 4 -5 2 1 0 2 2 
30 -17 0 -4 0 -1 5 25 
-11 -5 -16 -1 -2 -2 -5 -12 
9 -18 -15 -2 -2 -4 -1 -1 
-10 -22 7 -2 0 1 2 -9 
7 -23 12 -1 0 0 -1 17 
-2 5 -10 -3 -4 -2 4 5 
0 -24 -9 -1 -2 -1 -5 1 
4 7 -2 0 -1 -2 -2 3 
12 12 17 6 3 3 1 6 
-16 -16 2 -12 -7 -6 -9 -12 
-3 -1 0 -4 -1 -2 3 -6 
-10 -21 -2 2 2 0 -5 0 
-14 3 -1 -2 -4 -2 1 -22 
6 14 3 1 -5 1 2 -8 
5 -4 -6 4 -5 2 5 15 
-2 9 1 -1 -3 -2 -5 -2 
19 -6 -10 -5 -6 -2 2 -5 
-23 -10 -15 -2 3 -1 1 -5 
-5 29 12 6 7 2 -9 1 
-10 4 -1 -7 -3 -3 0 -4 
-5 -8 -6 1 2 0 -1 14 
5 9 9 4 3 0 2 3 
17 -28 -9 -3 -1 -1 -6 9 
-11 -11 -13 1 0 -5 -4 2 
13 6 -19 -7 -4 -1 1 10 
-8 -9 6 6 4 2 2 -2 
-2 3 1 1 -1 -1 -1 2 
4 1 -10 0 -2 -2 0 -17 
1 -1 14 6 2 -2 -9 -1 
-3 17 42 -2 -3 -1 12 3 
-11 -19 -32 -9 -3 -2 -4 -3 
15 17 5 3 4 1 2 11 
-22 -10 -11 -1 -1 2 5 -15 
26 18 9 -3 -2 -6 -20 -10 
-1 -1 -7 7 1 0 2 5 
8 14 0 -13 -7 -4 -16 -1 
-25 -19 -15 -10 -3 3 21 2 
-8 -8 3 -3 -2 -4 -12 -10 
2 6 28 2 0 -2 9 -5 
0 -3 -10 -2 -1 -2 -2 4 
-6 -17 8 7 0 0 -4 3 
11 28 -6 -7 -6 -1 7 20 
-18 4 14 3 3 -1 -17 -15 
6 4 -9 8 0 1 13 22 
-8 22 16 -1 0 -3 -27 -28 
4 -34 -28 -10 -2 4 25 63 
-14 -20 -20 -8 -6 -4 -14 -34 
2 8 0 -3 -1 1 9 16 
-1 12 12 2 -2 -6 -11 -4 
-5 2 -13 7 0 2 -20 -2 
-29 -6 -11 1 0 0 15 -33 
22 -7 21 8 6 6 9 0 
-1 -14 -41 -1 -6 -5 3 26 
0 10 15 -10 -1 -5 -22 -2 
1 5 -4 -1 -2 -2 0 -4 
19 -6 -35 1 -2 -4 -8 -3 
1 -3 17 -6 1 3 4 8 
7 -3 -7 5 1 -1 5 -15 
-2 2 8 -3 -2 -3 -2 8 
-11 -41 11 3 2 -1 -7 -2 
5 -2 -43 -21 -9 -4 0 -10 
-2 -24 -3 17 0 1 1 -6 
2 7 -11 -17 5 -2 -5 23 
22 -12 8 -10 -11 -8 -5 13 
-18 -4 25 15 12 5 -5 -56 
-6 -2 10 2 0 7 26 4 
8 5 45 31 5 0 1 6 
-19 -21 -10 -21 -1 -3 -13 -10 
-1 -23 -83 -22 -16 -12 -9 -4 
-28 -10 18 -7 2 -4 -15 -16 
3 -7 2 -5 -6 2 16 73 
-15 15 23 17 3 5 16 -46 
16 21 48 7 6 1 -3 -6 
4 -11 -35 -4 -1 -3 -5 -10 
1 -6 -14 7 -2 -2 -5 -3 
-14 9 12 -16 -10 -6 -1 13 
-16 -4 34 17 9 7 3 3 
-11 -23 -39 -4 -3 -5 9 -10 
6 0 -18 -21 -8 -2 -13 -16 
-7 4 20 9 1 2 17 35 
7 10 13 -21 -11 -3 -5 -11 
3 22 36 15 5 3 2 11 
6 -22 -16 -5 0 -4 -6 -11 
-3 -8 -11 -4 -1 -1 -4 1 
-20 -7 -9 -2 -2 -4 6 -6 
9 13 4 -10 -5 -4 -11 0 
13 -2 18 14 3 5 12 6 
-5 17 -14 -1 4 -1 -13 -18 
-4 35 18 7 0 -2 7 9 
9 -20 -20 -22 -7 -4 -4 -10 
-1 29 15 3 2 3 3 -6 
-14 -9 -11 -2 -1 -2 -26 -21 
10 18 10 2 -1 1 14 15 
13 26 -30 15 0 -9 -22 -6 
4 -3 -12 -23 -1 2 6 19 
-27 -15 -60 -28 -17 -5 -5 -35 
25 -4 1 1 -4 -2 -10 16 
-13 -17 7 -1 -1 2 4 -21 
4 10 17 16 4 0 -7 1 
-8 12 23 2 4 0 12 4 
0 -11 -1 -7 -3 -1 -5 -15 
5 -25 -26 -5 -2 0 6 9 
-14 -36 -25 -11 -8 -4 -8 -14 
12 20 33 9 5 4 4 1 
2 -47 -32 -1 1 -2 -5 2 
1 8 0 6 6 5 10 5 
-3 -7 -18 2 0 -3 -9 -11 
4 6 -48 -26 -10 -2 6 -2 
-3 -14 3 5 2 1 3 1 
8 5 10 -1 -1 -3 -6 3 
-3 -2 6 -1 -3 -5 -10 -15 
2 -8 29 18 6 0 -3 -9 
-10 8 -22 -10 -7 -4 -7 -8 
-3 -20 -8 -3 -1 1 -1 -12 
-7 27 23 0 -2 -2 9 9 
-7 7 5 7 5 3 -3 -8 
-2 -10 -6 -2 1 -1 0 -4 
7 31 9 0 -3 -1 -4 4 
-5 32 1 -2 0 -5 -7 -2 
12 -1 -5 -2 -5 -1 5 5 
-5 3 7 3 3 1 3 7 
15 12 23 3 0 2 9 0 
5 -28 -25 -10 -6 -7 -7 7 
0 -23 -21 1 -1 -1 1 7 
1 31 -6 3 3 2 2 5 
-5 2 22 -7 -7 -6 -3 4 
8 -6 -20 0 1 0 -16 -1 
0 -13 1 -1 -2 -4 -4 2 
-6 8 38 1 0 1 5 -1 
-3 -15 26 6 2 -6 -18 -5 
-15 39 26 7 3 2 23 7 
-6 12 21 -2 -1 0 -6 -4 
2 2 12 -1 1 2 3 -6 
-7 -11 -29 -6 -2 -1 3 7 
-3 -20 37 -1 -3 1 -4 -10 
-1 11 -13 0 -1 -5 4 1 
1 -30 -66 -11 -9 -10 -17 3 
4 1 11 3 2 4 6 -2 
3 -18 -50 1 3 3 -4 -2 
-17 -26 -23 -15 -9 -4 -4 -6 
3 10 1 0 -6 -6 -8 2 
-1 3 -22 -15 -5 -4 -10 5 
1 -17 32 5 7 6 12 -11 
-8 -45 -43 13 3 -1 6 3 
1 -23 76 18 8 3 4 -1 
-3 81 -65 -31 -16 -8 -12 -4 
-3 29 -9 -14 -9 2 -7 -7 
14 18 5 10 4 3 11 31 
4 -49 -44 -10 -3 -2 2 11 
-3 30 68 17 0 0 10 1 
8 -4 9 17 1 -5 -9 -2 
3 -11 -26 -14 -2 1 5 -2 
1 27 -74 -26 -3 -3 -9 5 
-18 -71 -36 -13 -5 -1 8 -6 
2 13 -16 -1 -5 -5 -2 -7 
-1 46 52 10 3 0 1 0 
15 -7 32 25 6 0 8 -7 
-11 -85 0 -14 3 -2 -4 -7 
-12 -30 -50 -11 -9 -2 -2 -17 
24 25 67 24 1 -5 2 18 
1 25 16 29 7 1 -9 -8 
-1 -33 -86 -52 -18 -7 -8 33 
20 -5 1 -7 -4 0 13 8 
-12 3 33 10 8 0 -22 -59 
-10 9 22 19 -1 3 13 17 
4 20 46 27 12 3 -8 3 
-15 -12 -86 -52 -12 -3 14 -15 
-36 -5 -13 -6 -6 2 -8 -29 
69 8 39 4 2 1 -7 15 
-49 25 34 28 7 0 10 41 
21 17 46 18 2 -6 2 5 
-17 -4 -25 -24 -9 -2 -3 -22 
-6 1 -34 -18 -6 -1 1 5 
9 9 1 -3 -2 3 -2 -19 
-3 1 8 15 8 4 -9 10 
13 -2 -18 -3 -3 -2 18 41 
-20 8 -3 -15 -6 -6 -12 -9 
10 -9 -24 0 -3 0 2 -11 
-15 -5 22 3 -7 -10 -16 -15 
-4 1 -23 -7 -2 2 -4 -17 
-13 -7 -5 -13 1 -1 -2 -18 
36 53 92 29 11 9 12 8 
-68 -34 -62 -20 -9 -9 -9 -43 
28 15 50 19 3 2 -2 13 
-11 -28 -35 -19 -7 -7 -3 -8 
9 67 -31 -2 -4 -2 5 -1 
19 34 30 20 4 2 -4 0 
0 -5 -29 -24 -4 -3 -6 15 
-31 -32 7 4 -2 -2 -2 -28 
2 -19 -3 -4 -3 -2 -2 -20 
10 -3 12 4 -1 -1 -4 22 
26 11 -5 2 0 -3 -4 6 
-1 -14 5 -1 -3 0 4 -2 
-34 -16 -9 -7 -1 -1 -5 -22 
-1 7 16 4 5 7 4 -3 
-3 -13 -10 1 2 0 -6 0 
2 16 15 -4 -1 -3 0 3 
-2 -15 -1 7 1 0 -3 -10 
4 -1 12 2 3 4 8 35 
-13 -7 -21 -14 -6 -7 -13 -22 
5 24 -9 -1 -5 -4 -3 10 
-1 -19 5 0 0 -5 -1 6 
-6 -1 -2 -2 -1 -2 -4 -13 
0 10 6 -6 -5 -3 -2 6 
-2 -3 -2 0 2 2 2 -1 
-31 -6 9 -1 0 0 0 12 
-2 -51 -25 -8 -4 -3 -3 -42 
0 -2 9 4 -1 -1 1 6 
4 -2 -4 -5 -2 -1 0 -6 
13 3 4 4 0 1 -6 0 
8 8 4 -2 -2 -1 9 12 
-13 -2 9 0 -2 0 -2 3 
-9 1 -1 0 0 -1 -3 -5 
4 -13 -18 -6 -3 -1 2 -11 
-6 9 4 2 -2 1 -4 8 
12 -10 -7 -3 -4 -3 -3 -6 
-2 20 14 -2 1 1 2 5 
-4 -2 -11 1 0 -1 -3 -15 
12 6 -4 -3 0 -1 0 6 
-8 21 14 4 0 -2 1 -3 
-5 -16 -27 -11 -2 3 -3 0 
-4 -6 -17 -7 -5 -5 0 -2 
0 1 -7 -5 -5 -4 -4 4 
3 -18 -17 0 1 -3 -1 6 
-10 15 6 3 -1 3 1 -7 
14 5 6 2 2 1 1 -3 
21 1 9 2 2 -2 1 13 
-9 -10 -5 -2 -2 -4 -5 -6 
-5 -17 -10 -2 -4 -4 -2 4 
-12 3 5 0 -3 -2 -1 -15 
9 5 10 -2 -1 -2 -4 5 
-23 -11 -13 0 6 7 5 0 
20 -6 11 4 1 -3 -2 -7 
-15 -5 -1 -5 -3 -4 -1 -8 
0 -3 10 10 0 -3 -2 8 
2 -1 -18 -22 -6 -5 -3 -5 
-8 4 5 1 1 0 1 5 
9 2 0 -1 -1 1 -3 2 
-8 -6 -5 -4 -2 1 -1 -5 
4 9 11 8 2 -1 1 2 
-5 -5 10 -1 -1 -3 0 -1 
36 7 0 -1 -2 -3 -1 3 
-9 -7 -8 -3 0 -3 -3 -6 
2 -3 -1 4 2 2 -1 2 
4 16 -22 -2 -3 -5 -7 -10 
-13 -15 5 4 3 3 2 -2 
5 2 -8 -5 -3 -1 3 25 
-28 -7 5 3 -1 0 -4 -42 
18 -11 -9 -3 -6 -5 -7 1 
2 -2 -1 0 -2 -2 -2 2 
0 2 8 -1 -2 -1 -2 3 
1 6 4 -1 -4 -2 -2 9 
-16 -5 15 6 5 9 7 -4 
-9 -11 -14 -6 -4 -4 -4 -2 
-6 -5 -1 -6 -3 -2 -3 -4 
8 6 1 2 -1 0 0 5 
0 0 1 2 0 0 1 17 
-11 1 -2 -1 -2 0 -1 -14 
12 8 7 -2 -2 -3 -3 -31 
-14 -6 -3 0 0 0 -1 -2 
-20 0 -2 -4 -2 -1 -2 9 
-1 -3 2 0 1 -1 0 4 
0 -1 -4 -2 -2 -3 0 5 
4 0 4 0 -3 -2 0 7 
14 -10 -6 -4 -5 -3 0 -9 
-3 7 5 2 0 1 2 7 
-12 -5 0 -1 1 0 -4 -5 
9 -6 7 -2 0 -1 0 9 
-1 4 -6 -3 -4 -5 -3 4 
-1 -11 0 2 2 0 -2 -1 
0 -3 -7 -1 1 4 1 1 
-8 2 -12 -2 -4 -3 -3 2 
-5 -7 2 -3 -1 0 -2 1 
-2 -4 -9 -7 -3 -2 -4 -7 
-7 1 3 1 -3 -3 -2 -1 
9 1 -2 -2 -2 -2 -1 8 
-15 3 3 -1 -1 -1 -2 -19 
8 4 -1 0 0 -2 -2 2 
0 -2 -4 -1 -1 0 2 6 
2 -2 -7 -2 -3 -1 0 0 
0 0 4 -2 -2 -2 -2 -1 
10 4 1 -1 -3 1 0 15 
3 -9 -9 -1 0 -1 -3 7 
-4 4 4 1 2 1 -3 -20 
-5 -4 -1 -2 0 -1 1 -2 
5 -9 -6 1 1 -1 -2 -3 
-1 23 7 -3 -3 1 3 24 
-4 -12 -6 -4 -1 -3 -4 -14 
13 15 -9 -2 -2 -1 -2 -3 
-3 -7 -2 -2 0 -1 -2 2 
-3 -2 14 1 0 1 -1 -10 
11 2 -14 -3 -4 -2 -2 15 
-7 5 15 2 3 3 2 0 
6 7 -1 -5 -5 -3 -2 -13 
-22 -9 -1 -2 -2 -1 -3 -7 
-3 6 1 1 1 -1 -2 0 
0 -2 5 0 -1 -4 -2 0 
-12 -21 8 0 1 3 2 2 
-10 -8 -15 -3 -2 -3 -3 -17 
6 -3 4 0 -3 -1 -1 5 
-1 -1 -3 -3 -3 -2 -2 1 
-5 -9 1 1 2 1 0 -2 
-5 18 -7 -2 -1 -1 -2 -16 
-7 3 -10 -4 -1 -2 0 -4 
-13 -12 -1 -3 -5 -6 -5 -17 
3 9 1 -3 -3 -2 -1 1 
-1 -11 -5 -2 -1 -2 -2 3 
8 -1 0 1 -1 1 1 9 
-5 6 -5 2 2 2 0 -11 
7 3 -10 -2 -3 -5 -2 2 
8 -7 2 -1 1 -2 0 4 
18 2 10 1 0 0 2 4 
-8 -5 -12 -1 -1 -2 0 1 
-16 4 4 1 -3 -3 -4 -5 
-2 -3 6 1 0 0 2 3 
9 -3 -5 -3 -4 -2 -2 -3 
-4 -11 -24 -3 -1 1 0 0 
3 6 -4 -1 1 -3 -2 3 
1 7 -3 -2 -4 -5 -6 -10 
-36 -8 13 4 3 4 3 -4 
11 -2 6 -1 -1 -4 -4 -7 
2 8 11 -2 -4 -3 -1 19 
7 4 -1 -1 -2 -2 -2 -13 
-4 12 7 0 0 1 0 5 
6 -11 -13 0 -1 -1 0 10 
1 -1 -23 -6 -4 -3 -4 -20 
-11 -17 -12 -3 -3 -4 2 6 
0 -6 2 0 -1 -3 -4 -3 
-1 -5 5 -2 0 -2 1 4 
4 3 1 0 -2 -2 0 0 
1 -2 0 -2 0 2 2 3 
-6 -15 -12 -1 -2 -1 -2 -11 
14 9 18 8 3 2 2 6 
-45 -16 -11 -2 -3 1 0 18 
7 9 4 2 4 0 -2 -25 
7 2 10 2 0 -4 -1 8 
-7 -5 -9 -5 -3 -2 -2 -3 
12 7 8 0 -1 -3 1 3 
4 0 -1 -2 -2 -2 -3 8 
-6 -4 -7 -3 -3 -1 -2 -6 
1 5 -1 -3 0 -1 0 2 
-9 1 12 3 4 3 2 -9 
15 -24 -25 -8 -7 -5 -3 23 
-2 3 -3 -4 -4 -3 -3 -26 
-7 -6 0 -4 -5 -3 -3 0 
4 -5 -2 0 -1 0 -2 -6 
-8 -7 16 3 1 1 -1 6 
4 -4 -5 -3 -5 0 -1 10 
-4 -6 -3 -1 0 0 -1 -3 
2 -23 -14 2 -1 -1 -2 -9 
-2 7 9 4 4 2 1 -4 
-7 0 -17 -7 -4 -3 -2 -1 
-12 -4 -6 -6 -3 -4 -5 -11 
12 -2 6 -5 -5 -4 -4 -2 
-17 -5 -2 -1 0 1 -2 -9 
-5 -1 2 1 -2 -1 1 0 
1 -4 4 4 3 0 2 8 
6 10 -2 1 0 -3 0 -5 
-6 -2 6 3 -1 2 3 5 
-4 14 13 -2 0 -2 -2 2 
3 -18 6 -3 -3 2 -1 19 
0 7 3 -2 -2 -2 -2 -3 
-4 6 1 -2 -1 -4 -4 -5 
8 8 -8 1 1 1 1 2 
6 10 6 2 -2 -1 1 4 
-12 2 -13 -5 -4 -2 -1 -9 
9 12 -2 0 0 0 1 2 
-2 -6 -2 -1 0 -1 -3 -7 
0 4 1 0 1 -1 0 10 
16 10 -7 -5 -6 -1 -3 -16 
-8 -3 -11 -2 -1 -2 -1 -9 
4 -8 -4 -2 0 -1 0 4 
-8 8 8 2 0 -3 -2 -6 
-2 -24 -11 2 5 1 2 -1 
3 -3 -6 -2 -1 -2 0 5 
7 -6 8 0 1 -1 0 7 
-30 -11 -14 -3 -2 -2 -5 -18 
-4 1 -2 -3 -3 -2 -3 -5 
1 -5 1 -3 -4 -4 -4 0 
0 3 -1 -2 -3 -2 -4 1 
12 0 -9 3 3 0 0 -9 
-4 13 1 3 3 0 1 4 
-10 4 -6 -3 -2 0 3 17 
13 0 2 -3 -4 -4 -10 -43 
6 5 0 -5 -5 -4 -2 4 
-14 -3 4 -2 -1 -2 -2 1 
5 -2 -9 1 -1 -1 0 1 
-4 -3 -5 -1 0 -1 -1 15 
4 12 0 -5 -4 -2 -5 -11 
3 -5 8 4 6 4 3 4 
3 -16 -12 -6 -5 -3 -2 -3 
-20 -16 -14 -7 -3 -4 -3 -5 
4 4 6 -3 -4 -3 -1 4 
20 8 10 -4 -3 -3 -1 15 
-25 4 6 -1 -1 -4 -4 -9 
6 1 0 1 -1 1 3 14 
4 14 -4 -4 -1 2 3 0 
2 -2 -2 4 4 0 1 13 
3 9 12 2 0 2 -1 -12 
4 -4 4 -1 0 1 1 14 
-24 -8 0 4 1 -2 -4 -27 
2 3 -3 -3 -4 -3 -4 -4 
0 7 -2 -2 -1 -2 -2 -1 
-6 1 -8 -3 0 -1 -1 -4 
14 -6 0 -3 -3 0 -2 9 
-17 -15 3 2 3 3 3 -9 
