#EMG
#0
#ID:0-16
7 5 20 9 2 1 0 5 
-6 -3 -10 -6 -3 -2 1 4 
-4 7 1 -2 -1 2 -1 -1 
0 1 6 2 2 -3 -2 -7 
-1 -3 -5 5 0 -2 0 1 
-19 5 10 -3 4 1 -1 -15 
-9 -6 -2 -10 -2 -1 -2 -2 
-8 -3 -24 -12 -9 -3 -3 -1 
0 -11 -13 -4 1 -3 0 -6 
-5 1 2 7 -2 -1 -1 11 
20 5 4 1 1 1 -1 13 
-14 1 13 2 2 -2 -6 -43 
0 0 1 -1 -3 1 0 10 
5 -4 -2 1 0 2 0 -2 
-6 -5 -4 -5 -5 -3 -3 -8 
7 2 15 6 2 3 0 4 
-2 2 -7 -4 -3 -3 -4 -15 
-2 -8 8 19 1 -2 -2 5 
-9 -4 -27 -27 -6 -2 -4 -5 
7 -8 -19 -10 -3 -1 0 8 
2 2 -3 -1 2 -1 0 -1 
6 3 10 3 -1 1 -2 6 
-15 -4 2 7 -2 -3 0 -6 
3 1 15 4 -2 -1 -1 10 
-11 -7 -14 -7 -3 -3 -3 -7 
0 0 6 1 3 0 0 3 
22 8 23 6 2 -1 -3 5 
-17 9 -6 3 2 2 3 16 
-8 -2 -3 4 -5 0 -2 -23 
0 -3 -8 -13 -5 -5 1 1 
-5 -11 -25 -12 -1 -2 -2 -1 
5 2 14 0 0 -1 -2 -4 
8 -3 5 3 2 0 0 9 
-8 -5 -13 -4 1 -3 -3 -9 
-10 -4 4 10 -2 0 0 0 
7 1 3 -1 2 0 -2 5 
2 3 18 2 -2 -2 -2 -5 
2 3 1 2 2 1 0 -5 
0 -2 -9 1 -1 0 0 5 
-14 -10 -15 -8 -5 -2 -1 1 
-6 -1 -8 -6 0 1 -1 -3 
10 2 0 -1 -1 -2 -1 9 
2 8 10 7 -2 -1 -1 -1 
5 -6 -1 2 1 1 -1 -7 
-1 -1 -2 15 0 -1 -2 3 
-2 3 -6 -15 -2 0 -2 0 
-5 -8 -29 -15 -3 -2 -4 -7 
7 -1 9 7 -2 -3 -1 2 
-14 1 -7 -11 -1 -1 -4 -7 
6 -10 -10 3 -2 -1 -1 8 
-19 3 30 8 5 3 1 2 
2 4 -25 -8 -1 -1 -1 -2 
3 1 3 0 -3 -4 -1 21 
5 3 9 3 3 0 0 -9 
9 -2 1 7 2 -1 0 4 
-2 -2 1 5 -1 -1 -3 -7 
-2 -6 -13 -21 -4 0 2 18 
22 6 -8 -9 -5 -1 -3 4 
-5 -6 14 12 1 0 0 -5 
-9 -1 7 -1 4 -2 1 -3 
2 -5 -38 -10 -5 -2 -2 -2 
-1 1 10 2 0 1 0 4 
1 0 4 -1 0 -1 -2 -4 
2 3 32 8 -2 -2 0 -3 
-9 -5 -37 -14 -6 -3 -4 -18 
-7 -1 9 14 1 -1 -1 -1 
3 3 -10 -17 -2 -2 -2 -3 
12 -3 3 -1 1 -1 2 2 
-6 1 18 8 3 -1 0 -6 
-5 -3 -1 -2 -4 -1 -1 -1 
0 0 -14 -3 -3 0 0 -2 
-7 3 4 -2 -2 -3 -1 4 
-26 -2 11 -1 -2 -1 -5 -35 
7 6 5 7 5 0 2 -7 
3 -8 -9 -9 -3 -3 -2 5 
-3 -2 15 3 -2 2 -1 -8 
11 -2 -24 -6 -1 -1 1 12 
-3 -8 -7 -6 -5 0 -1 0 
-27 2 2 6 -1 -3 -5 -37 
14 -16 -11 -13 0 -5 -2 13 
6 4 29 10 4 0 3 9 
-8 3 -9 -5 -1 1 -3 8 
-2 4 -2 -9 -4 -1 0 0 
-3 2 -5 7 1 -1 -1 0 
-1 3 36 7 1 -1 -2 -1 
-4 -8 -18 -9 -2 -3 -3 -3 
7 2 -12 -6 -3 1 0 4 
-3 5 -11 -7 -3 2 1 4 
10 0 7 -2 -3 -2 -3 5 
5 -2 -7 3 1 -1 1 23 
0 -3 -3 3 -1 -1 -1 -26 
-8 -13 -18 -6 -2 -3 -2 -4 
-3 -7 4 -3 -2 0 -1 -3 
-1 8 17 -1 1 1 -1 -2 
14 -13 -9 -4 -3 -3 -2 8 
-12 -2 7 -1 -2 -1 -1 -6 
1 4 -11 4 -1 1 2 -12 
-1 -4 -11 -4 -3 -4 -1 -8 
-34 -11 -3 -7 -2 -5 -5 -27 
5 9 -7 -3 -1 -1 0 -1 
-5 -8 7 0 0 0 -1 6 
-12 -2 9 13 0 -3 0 -18 
9 -10 -17 -14 -2 -1 1 19 
7 3 17 6 -3 -2 -1 3 
8 10 1 -2 1 3 -1 0 
0 -7 -2 3 -3 -3 0 3 
15 3 17 2 -3 1 0 28 
-23 -2 -15 -1 -1 -4 -3 -33 
2 -10 -7 -7 -1 -1 -1 -6 
-19 1 14 9 2 -1 -2 -6 
15 7 -11 -4 -1 -2 0 21 
4 1 0 -7 -3 2 -3 0 
-14 4 5 4 1 -1 -2 -8 
4 -3 8 5 -4 -4 -3 -1 
-9 7 24 4 5 2 2 -1 
7 -13 -36 -24 -11 -4 -6 3 
3 0 -11 1 -2 -1 -3 -9 
-1 -4 -2 -7 -1 0 -1 -4 
-8 2 4 10 2 -1 1 -3 
6 4 10 2 2 -1 -2 4 
11 -4 -6 -7 -5 -2 -1 8 
9 6 12 -4 3 1 1 0 
3 -6 -24 -3 -5 -4 -3 -8 
-29 -7 -5 2 2 -1 -1 -13 
-8 3 1 -7 0 -2 2 9 
-15 -12 -9 -13 -7 -3 -4 -29 
13 1 -13 -2 1 0 -3 3 
5 -5 -7 -3 -3 -3 -2 6 
-10 4 9 13 1 0 -2 -12 
-6 -4 -20 -10 -6 -2 -3 14 
5 4 9 1 -2 0 0 -4 
7 3 -5 10 1 -2 3 18 
-10 -11 -19 -13 -3 -2 -5 -15 
-6 15 6 4 0 1 -2 8 
-5 -12 -13 -8 -3 -1 -4 -10 
15 10 42 17 8 2 0 4 
-4 -6 -55 -37 -16 -1 -3 2 
3 -7 -5 0 3 2 -1 4 
4 8 6 2 0 0 4 -8 
-28 -4 26 12 7 1 -1 -3 
-2 0 -4 5 2 -3 -2 2 
13 -5 -21 -7 -8 -5 -5 -12 
10 -1 35 9 -3 -4 -3 3 
-4 -5 -14 -8 -2 -1 -2 -7 
12 -2 9 4 -2 1 -1 2 
-13 1 -3 -3 3 2 2 3 
-2 10 2 11 2 -1 1 2 
5 -8 -18 -11 -6 -4 1 -4 
1 4 7 6 -2 -1 -4 -3 
-2 -8 11 -11 1 0 2 10 
17 11 -13 -3 1 -1 -3 28 
-33 -20 1 -4 -6 -3 -3 -46 
-13 -16 -3 7 1 0 0 8 
13 11 10 4 1 -3 -4 -3 
-20 4 -2 6 5 5 11 8 
7 -4 -26 -12 -6 -6 -13 6 
19 17 28 9 1 -5 1 23 
-22 36 10 -3 -3 -5 -7 -27 
-4 -44 -15 -8 -3 -3 -6 -13 
-4 -4 -8 2 0 4 7 12 
-2 -25 38 8 6 -1 1 5 
-6 7 -65 -23 -14 -3 -5 -13 
-9 9 6 -2 -1 1 -1 -9 
13 8 8 1 0 0 2 23 
1 -2 1 -6 -2 -4 -4 -12 
5 2 32 11 7 3 10 16 
27 -12 -17 -7 -6 -3 -6 12 
-22 0 -3 -1 0 1 6 -25 
2 7 2 4 1 1 -8 1 
7 -5 -6 6 0 -1 -11 5 
-26 1 -6 -4 -1 -1 6 -13 
39 5 -18 -5 -5 -3 -7 9 
-37 -4 18 -2 -3 -3 -6 -30 
11 6 3 0 1 1 4 17 
-5 2 34 9 3 2 0 22 
-8 -10 -42 -10 -5 -4 -8 -41 
12 -15 -5 -14 -4 2 6 19 
-9 -14 15 12 0 -1 2 6 
2 10 -3 -12 -2 -4 -4 -1 
5 8 17 0 -2 -4 -1 17 
5 -5 -20 5 0 -3 -3 -33 
-7 -33 -8 -13 -8 -4 -4 7 
-27 11 9 11 5 9 9 -14 
8 -14 -1 -10 -7 -10 -15 39 
4 2 -14 1 -4 1 -7 -28 
-12 -9 -4 0 0 0 2 -16 
3 2 -11 3 -2 -2 6 12 
-6 -2 21 1 3 2 0 1 
15 13 1 -7 -1 -1 6 29 
-27 -14 7 5 3 0 -5 -7 
5 -7 -10 8 2 -2 -1 -3 
4 15 11 2 1 1 0 -33 
1 -23 -24 -5 -3 -1 -1 -3 
14 -6 0 -5 -1 0 -7 -3 
-1 -11 -18 -9 -7 -7 -20 -21 
4 13 34 11 3 5 26 37 
-15 1 -22 -3 -3 -4 -5 -7 
13 36 6 -1 0 -3 -12 -30 
-24 -25 5 -2 -1 -4 -5 -9 
14 1 -29 -6 -6 -7 -17 12 
-30 27 13 1 1 0 4 17 
-16 -10 -14 0 -1 0 8 14 
9 -15 -22 -13 -4 -2 2 -17 
-7 0 -35 -12 -2 -3 -4 -25 
11 1 42 13 0 5 9 29 
31 5 -22 -12 -2 -3 -11 -10 
-21 -3 -1 -7 -9 -7 3 7 
-8 -23 4 4 3 1 -4 -16 
7 -1 -4 0 3 0 -19 -17 
-11 -3 -7 7 -2 -1 22 0 
14 9 22 3 3 2 1 6 
-12 6 5 -1 -1 1 0 20 
3 -6 -26 -10 -6 -5 -3 -19 
10 -18 14 3 1 3 -1 -10 
-20 17 4 1 1 -5 -10 -9 
-14 17 20 6 1 -3 1 -12 
48 0 -9 2 7 1 3 23 
4 -6 1 -9 -3 -1 3 8 
6 23 4 -14 -5 -1 3 -7 
-4 -10 5 -1 -4 2 -11 -22 
-18 -13 -25 -9 -5 -2 17 -2 
-6 -1 12 10 4 0 -9 -3 
8 -5 14 6 3 1 5 23 
-8 -8 -7 -5 -2 2 7 10 
4 35 1 2 -2 -6 -27 -16 
4 18 -4 3 0 -2 12 20 
-16 7 27 6 1 5 2 -41 
7 -2 12 3 1 -2 -8 -12 
-16 -12 4 -4 5 4 8 -7 
-27 4 -30 -3 1 -4 -20 5 
29 -10 -29 -12 -6 -4 10 9 
-9 -5 4 6 -2 -1 0 -3 
3 7 16 -5 2 3 5 8 
2 -7 10 -3 -5 -2 -3 -11 
21 -15 -39 -4 -1 -2 -8 18 
-32 1 -4 -2 -1 -2 13 -10 
-11 -19 -20 1 -4 -1 -9 -11 
3 4 10 -4 -3 -2 -7 -1 
16 -19 -2 7 3 5 12 43 
-1 15 35 -1 1 -3 -16 -21 
-13 -16 0 13 1 -1 14 4 
-8 -14 0 -18 -4 -2 -1 -2 
-2 -3 -21 -6 -5 -3 -7 -19 
-4 14 -26 -3 2 -1 -8 -3 
16 -12 1 -5 0 6 9 -5 
0 7 8 9 -1 -4 -10 1 
2 -1 13 1 0 0 -2 4 
33 -3 8 -9 -6 -1 0 12 
-4 5 -5 11 -1 -4 -9 -33 
2 -23 -32 -14 -2 -1 1 13 
-12 16 21 -6 -2 -1 -12 -43 
0 2 -1 -1 0 0 7 -3 
7 45 14 7 1 2 -4 31 
-6 -21 7 1 1 -2 17 7 
-4 6 1 11 2 -2 -13 -9 
3 -39 -34 -18 -4 -4 -1 14 
-9 -3 19 -6 -3 2 -1 -11 
-5 11 -4 -1 -3 -7 8 28 
14 6 -2 8 4 3 6 18 
1 12 41 12 1 2 -12 6 
-15 -18 -40 -16 -8 -7 1 -9 
-4 -9 0 -2 -3 2 -8 -28 
1 14 26 10 4 3 4 16 
2 -21 -34 -8 0 -5 2 -12 
6 -2 0 -10 -3 2 1 21 
-13 -15 19 12 2 2 2 -12 
-24 4 -21 -7 -6 -3 -6 -25 
19 -22 -5 1 -1 0 7 20 
-36 -11 -1 -3 -4 -8 -15 2 
27 30 8 -1 2 2 16 13 
-42 -22 -33 -4 -7 -8 -1 6 
-4 -11 -5 -1 -4 -4 -10 -13 
8 -1 25 8 6 0 6 13 
21 -1 5 2 -2 2 -5 -11 
1 -10 48 -2 -2 -6 -11 7 
5 -7 -63 -10 -6 -1 -4 -8 
-10 28 -2 -5 2 4 11 5 
-18 7 13 11 5 0 -13 -32 
0 -16 16 11 0 -4 -7 -12 
-7 5 1 -14 1 -1 11 9 
1 -42 -11 -14 -10 -6 -14 -10 
-7 -3 -1 -9 -4 -1 2 11 
6 4 -15 1 2 2 7 0 
-7 11 8 11 -2 -3 -3 -7 
-3 -8 -1 7 1 -2 -10 20 
2 15 3 -2 3 -2 8 4 
-6 6 12 -5 -6 -6 -2 5 
0 7 -8 -4 -6 1 -5 0 
8 -10 -21 -5 -4 -5 -2 3 
-3 -23 14 6 -2 -1 3 3 
1 51 43 -10 -2 1 2 -4 
-4 -31 -50 -7 3 1 0 1 
2 9 5 -11 -7 -5 -2 0 
-16 -12 -12 -5 -5 -1 -13 -32 
9 -11 -27 2 1 0 13 16 
5 11 37 5 -2 -3 -1 26 
-5 8 -11 5 1 -1 2 -32 
-4 -11 -22 12 4 4 1 24 
10 -19 -14 -21 -8 1 13 5 
9 13 14 1 -1 0 -14 -14 
-5 -10 -8 -2 4 4 12 7 
6 -2 -42 -12 -9 -4 -3 8 
17 -6 -18 8 1 1 -16 -4 
-12 -1 -7 -11 -1 -5 2 1 
-4 9 18 9 -1 -1 2 -12 
-8 -28 -17 7 5 0 9 12 
-1 -10 -34 -25 -9 -5 -22 -5 
2 -7 49 6 -1 2 2 -16 
-3 3 14 5 -1 -6 0 18 
-1 35 -23 -2 1 -2 -7 -7 
-16 -12 -11 0 -1 -5 -6 -19 
2 0 11 5 2 3 20 44 
21 0 -11 3 3 2 -3 8 
-8 0 17 1 -5 -5 -6 -12 
-5 -19 30 -5 2 -3 3 2 
-4 8 -3 9 0 3 -2 -22 
10 4 18 2 7 4 1 7 
-9 -23 -18 -21 -6 -3 -13 -12 
22 7 -38 -3 -2 1 9 5 
-32 8 29 8 -1 -3 1 8 
13 -24 -18 6 3 0 -4 -8 
14 -14 3 -1 -3 2 1 2 
-6 19 -6 1 1 -1 -10 -10 
10 -8 7 2 3 3 -5 -15 
-1 -3 -5 -16 -9 -1 10 4 
-7 -17 -42 4 -5 -6 -10 0 
3 25 35 -2 7 5 8 1 
-10 -7 -5 11 0 0 -5 -13 
-17 21 41 -13 -3 -1 0 12 
0 6 -15 -11 -10 0 -4 -25 
13 16 42 21 13 1 7 39 
-5 -5 -68 -27 -14 -6 -5 -28 
5 98 28 10 3 5 -4 -4 
3 -7 66 10 9 4 7 4 
-28 17 -15 6 -6 -5 -3 4 
-10 22 87 34 21 4 -5 -5 
15 -35 -102 -51 -16 -3 7 -2 
-7 23 48 9 -4 1 -4 0 
-3 -4 -42 14 5 1 -7 -1 
18 1 4 -27 -12 -2 10 -4 
14 -41 -6 14 5 3 -4 31 
-11 47 43 -4 -1 -3 0 -30 
1 -16 56 48 6 2 0 4 
10 7 -66 -10 3 -5 5 20 
-1 -47 -8 1 3 -3 -12 -10 
-21 -59 -48 -20 -15 -7 0 13 
-10 -10 8 -5 -2 0 -10 -28 
-5 23 19 16 5 -5 9 12 
-11 -6 -18 8 -3 -5 -6 -27 
12 -34 -56 -17 -1 -1 -3 8 
-35 9 -57 -32 -19 -1 -1 -47 
17 -22 -2 -12 -6 2 -3 43 
-19 -18 10 10 -3 -7 -1 -13 
15 10 85 38 19 5 9 0 
11 30 -29 -19 0 -1 3 29 
-13 -52 14 -1 -10 -5 2 -14 
-2 4 33 5 -1 0 -7 -22 
-5 -22 -28 -7 5 -1 -5 4 
-8 -16 67 42 5 0 -1 -18 
0 -3 -50 -43 -13 -5 -12 -4 
39 -9 22 23 -3 -3 2 26 
-51 2 -68 -47 -12 -5 -12 -70 
17 -31 16 19 2 0 -2 40 
-15 -3 18 -2 0 2 -5 -56 
7 -13 4 -4 -6 -2 7 4 
32 24 32 18 6 5 31 54 
14 39 -11 6 10 -2 -2 -5 
-8 9 4 3 -5 -7 -26 -30 
-18 -4 -49 -25 -7 -4 4 -6 
15 -5 33 -7 6 1 0 41 
-44 -13 -83 -39 -22 -7 -9 -41 
43 -7 41 24 2 4 4 31 
-65 4 -17 -6 -5 -2 -8 -54 
2 27 -6 -6 -5 -2 -7 9 
14 -4 45 0 9 1 1 9 
-20 -6 -115 -45 -17 -3 9 -3 
41 2 54 29 3 2 -3 -1 
0 -6 -42 1 -9 -3 -3 19 
-8 -38 -24 -24 -3 -1 -4 -37 
-14 8 22 21 8 7 20 25 
3 24 24 16 9 -5 -9 -5 
-3 -6 17 13 0 -3 -11 4 
11 -33 -10 -20 -4 -2 0 14 
15 53 23 25 -5 -2 -2 -8 
0 23 -48 -39 -10 -2 -2 -6 
-3 -9 8 11 3 2 -4 -11 
-10 1 -3 -20 -6 0 13 5 
19 49 57 29 13 1 -7 1 
-4 -29 44 13 6 0 -1 11 
6 7 -14 -9 -9 -6 -8 -32 
19 7 8 1 -9 -3 1 24 
-61 -42 -6 7 7 3 -13 -24 
0 17 16 14 5 -1 15 3 
18 9 -32 -33 -4 -2 -9 18 
1 -6 26 7 -2 -2 10 -20 
18 -12 -37 0 -1 0 4 20 
-23 -14 -19 -17 -5 -1 -18 -31 
-3 11 39 18 5 0 9 18 
-1 -15 -73 -25 -11 -7 -14 -5 
9 -3 25 -2 -3 -2 3 34 
-12 -3 4 11 5 4 10 -33 
-24 7 10 4 7 -2 -11 -8 
0 -8 5 12 6 4 2 2 
44 -20 17 -17 2 1 7 -31 
-14 -2 -53 -23 -9 -5 -7 7 
5 -45 -36 0 -8 -6 0 -8 
-16 -4 34 32 -2 -4 -5 -32 
-16 -2 -76 -45 -13 0 -2 -3 
61 -1 11 -6 0 2 5 43 
-15 5 33 13 0 -3 2 -25 
8 53 30 20 11 5 12 15 
-22 -50 -9 7 -4 -8 -16 -13 
-20 -29 -50 -24 -9 -4 -7 10 
14 -1 1 -7 -5 -2 1 -2 
13 5 3 -7 -3 4 0 18 
35 26 27 23 8 -1 -5 23 
-31 25 12 12 4 -2 -9 11 
8 6 -2 4 -1 5 17 -4 
-21 -17 5 1 2 -3 1 1 
5 -2 -12 -7 -2 -5 -26 -54 
-38 -19 -27 -18 -4 4 19 -10 
22 8 -11 -13 -9 -5 -16 9 
2 8 16 7 1 -2 -2 -12 
-21 17 10 4 0 -3 7 9 
22 14 -21 -6 3 -5 -4 -3 
-51 -31 35 22 4 0 -6 -25 
19 -29 -91 -80 -33 -5 -7 4 
-32 -19 -30 -7 -5 4 -6 -54 
17 -5 26 16 6 2 8 33 
23 22 37 12 12 5 2 -11 
-29 4 39 19 10 -10 -12 -3 
-24 1 -15 -5 -6 -5 -1 13 
-14 -22 15 -4 -3 1 0 -25 
7 14 -6 -1 -3 -2 -3 0 
-20 -14 -11 -9 -4 0 -8 -23 
22 3 -16 -5 -5 -2 9 17 
-12 17 21 3 4 -8 -25 -12 
-4 16 -16 3 4 4 23 42 
-11 -16 -4 -6 -4 -8 -27 -1 
32 10 3 -2 2 8 24 56 
12 17 32 7 -5 -4 -19 -34 
17 -8 -8 -11 -8 -5 3 3 
-28 -31 -19 -7 -5 -2 3 20 
5 15 -6 -6 -3 0 -7 3 
-4 31 40 19 1 2 16 48 
8 -4 -29 -16 -5 -6 -8 -20 
22 10 -9 9 3 -1 -2 -6 
-5 -14 22 18 -4 -7 5 24 
-13 2 -17 -26 -2 0 -21 -51 
25 28 18 9 2 15 33 27 
-16 -6 37 17 1 -9 -1 0 
-22 -11 -13 -20 -5 -9 -44 -43 
32 -9 -6 3 1 5 35 40 
-10 4 9 7 6 -1 -16 -31 
25 2 -2 2 2 4 12 51 
21 -26 -3 5 1 -3 -14 -69 
-28 69 67 18 -1 1 26 16 
-3 -23 -34 -34 -16 -8 -24 -10 
-3 9 6 17 4 3 10 -9 
-12 5 56 -15 1 -3 4 -15 
9 -37 -81 -13 -3 0 -14 10 
-46 -14 38 14 1 -4 8 8 
20 37 42 -10 -2 6 -2 -18 
-12 11 41 18 5 3 8 28 
0 -31 -37 -1 -7 -7 12 5 
11 32 56 41 13 2 -10 9 
-3 -49 -72 -42 -13 -5 -8 -14 
-4 -4 -30 5 -2 8 8 11 
3 11 18 5 2 -7 -9 11 
-7 -26 -75 -29 -12 -3 -8 -10 
18 43 17 18 10 -3 10 54 
-3 -28 -30 -29 -8 1 -2 -50 
24 24 57 11 -2 -4 -10 10 
-45 -21 -64 -38 -14 -1 2 -9 
3 19 28 34 14 1 -5 -15 
6 0 -49 -19 -8 -4 8 29 
-32 0 52 3 1 -2 -7 -13 
16 -12 -17 -7 -1 -4 -7 6 
-31 -22 -39 -17 -5 4 4 -32 
12 0 14 21 1 -4 0 22 
8 -28 -21 1 4 1 -8 -4 
15 9 -2 -7 -5 -3 2 -3 
-21 -10 -11 -4 1 1 -3 -2 
5 9 9 10 6 -1 3 21 
-7 -15 -38 -12 -8 0 -7 -25 
4 -1 4 -7 -3 -3 -5 6 
34 17 28 14 4 3 -2 6 
-31 -13 -18 -5 -2 -3 7 0 
7 -12 -21 -14 -6 -1 -5 3 
-8 9 23 14 8 2 1 -1 
26 -1 0 -2 -2 -3 -2 -7 
-13 5 11 5 -4 0 1 9 
-16 -19 -52 -17 -6 2 1 2 
12 6 -3 10 6 0 0 -6 
2 2 9 -6 -3 -4 -3 6 
-9 11 7 1 -1 0 -1 -13 
13 -15 -3 8 3 -4 -5 -8 
-8 6 8 12 1 1 -1 -9 
-8 -10 -23 -26 -11 -6 0 5 
-8 8 11 11 3 2 -2 -2 
3 0 3 -4 -1 0 -2 4 
10 1 9 0 -2 2 -3 -7 
-6 -10 -13 2 -6 -4 -3 -7 
8 1 -10 -3 0 1 1 -3 
-6 10 4 15 2 2 -2 -6 
-3 -6 -7 -19 -3 -5 -3 4 
1 -1 -2 -5 -3 -1 0 -2 
-13 2 12 2 4 1 -2 -5 
24 1 7 7 0 -2 -1 -4 
-9 0 -12 -2 -9 -6 -7 13 
-7 -11 -12 -1 2 0 2 -21 
5 3 10 -3 -1 0 0 18 
-16 2 8 6 4 -1 2 -13 
18 6 16 5 1 1 1 7 
0 -6 -13 0 -3 -1 -1 21 
3 6 1 -7 -3 -3 -1 -6 
-6 -11 0 -4 -1 -1 -1 -10 
-16 -25 20 2 4 3 6 -7 
-8 1 12 13 3 0 -4 -1 
5 -7 0 -9 -1 -2 -1 4 
-10 -5 -5 -9 -6 -3 -4 2 
-1 0 -6 1 1 -1 -1 0 
4 -4 0 -3 -2 0 -2 -6 
-2 -2 9 9 1 -2 -1 -5 
1 6 0 -1 -2 -2 -1 7 
-5 -7 -19 -11 -3 -4 -3 -11 
-3 3 9 0 0 0 0 -6 
0 6 -14 -3 -1 1 0 -1 
-3 2 8 -2 -1 -2 -3 4 
-10 1 -1 4 -3 0 1 -1 
1 -2 11 -1 -2 -4 -4 -17 
-4 2 -1 -2 1 -1 -1 0 
4 7 9 4 1 3 -3 -1 
-1 0 -5 -3 -3 -4 -2 -3 
-2 -2 6 10 -1 -2 -1 -1 
1 -2 -30 -23 -6 -2 -2 1 
-9 -9 2 1 2 1 1 -6 
6 6 -1 -3 -1 1 -3 -3 
-3 -2 4 3 1 1 1 4 
0 0 3 7 1 -3 -2 -5 
2 -1 3 -1 -2 -2 -2 -1 
-8 1 -8 -2 0 -1 -1 -2 
1 -2 10 -2 -3 -1 -2 2 
-25 0 -4 1 2 2 0 -6 
9 -3 -10 -15 -5 -3 -1 7 
-8 -8 2 1 1 -1 -1 -24 
2 3 -20 -15 -3 -1 -3 3 
-1 2 23 14 0 -2 2 1 
-2 -1 -12 1 1 0 1 11 
-1 -2 3 2 1 -1 -1 -4 
-1 -3 7 15 2 0 0 21 
3 5 -5 -22 1 1 0 -5 
2 8 -10 -2 -4 0 -1 7 
5 5 1 0 -4 -1 2 5 
15 5 -7 -6 -4 -4 -4 -14 
5 -9 3 7 0 1 -1 6 
-14 -4 -7 1 -3 -5 -4 -9 
-1 1 -26 -17 -7 -5 -2 2 
-12 -6 -21 -7 -4 -2 -3 -11 
3 -5 -7 3 -4 -3 0 0 
18 2 2 -1 2 -1 -1 -4 
-13 3 16 10 3 2 0 -2 
-4 -2 -4 -6 0 -1 0 5 
0 14 -4 -1 -3 -3 -4 -4 
-12 -7 -7 1 1 0 0 -8 
13 6 9 7 2 0 0 10 
4 7 2 -8 -1 2 1 1 
3 2 11 19 5 2 0 4 
-6 -5 -30 -25 -9 -4 -3 -18 
1 -5 -25 -11 -4 0 -3 1 
-5 1 -8 -2 -5 0 1 -4 
12 -4 4 2 2 0 -1 2 
-2 3 13 9 3 0 -1 4 
2 11 -4 1 -4 -3 -4 0 
-2 -1 7 0 1 0 0 4 
0 -1 17 4 4 0 1 -1 
-5 -7 -33 -6 -4 -1 -3 0 
5 -4 -2 0 -1 -2 -1 2 
-1 -5 1 -2 -2 0 -3 -3 
-29 -13 -5 -3 -4 -3 -2 -1 
4 6 21 2 2 1 0 0 
-3 -15 14 7 4 2 2 -2 
-2 -2 10 7 1 -1 -1 0 
3 -14 -35 -18 -7 -3 -4 -1 
0 -1 8 2 0 -3 1 2 
-7 -2 -5 -1 -1 -1 0 -5 
3 1 5 1 1 0 0 -5 
5 5 8 7 1 1 -2 4 
-10 -2 20 -5 1 -2 -3 -10 
2 -5 -50 -14 -5 0 -3 1 
-3 -4 1 -6 -2 -1 1 0 
-2 3 -4 -5 -2 0 -2 0 
-1 -1 10 10 2 2 1 1 
6 0 27 8 3 -4 0 5 
-7 -2 -8 0 0 -2 -5 2 
-8 -16 -33 -11 -9 -4 -2 -29 
1 10 7 2 -1 -3 0 3 
0 1 12 -2 0 -2 -1 0 
-3 15 4 1 -1 -1 -2 0 
6 -10 -6 -3 -5 -1 0 4 
