#EMG
#2
#ID:2-55
-20 -10 -3 -4 -2 -1 -6 -40 
7 -1 -9 -6 -3 -1 1 8 
-11 -4 2 -1 -2 0 1 -3 
20 -1 7 -4 0 -1 -2 8 
-15 0 -7 4 2 1 0 0 
8 -7 2 -4 -4 -3 -6 -4 
1 -10 -11 -1 2 1 0 4 
-14 0 5 -2 -2 -2 1 -10 
4 -5 -4 0 -5 -5 -3 1 
-1 3 2 -1 1 1 0 6 
6 -1 -4 -4 2 1 0 -2 
0 8 15 5 -1 0 -2 -5 
-21 -6 -8 -3 1 0 1 0 
-5 -1 8 2 0 0 0 -1 
2 -7 -3 -3 -2 0 -4 -3 
3 -6 -5 -1 -1 -2 -1 6 
-9 -4 -11 -5 -1 -3 -3 -11 
-5 5 10 2 4 2 1 16 
-2 2 -5 -1 -4 -3 -6 -20 
9 2 1 -4 -5 0 0 12 
4 0 4 0 0 0 0 5 
0 -16 -6 -4 -1 -1 1 4 
1 -1 -5 -3 -3 0 1 11 
-5 -3 -17 -5 -2 -5 -3 -8 
14 -2 6 1 0 0 -1 3 
-29 -4 3 -1 -1 -3 -4 -15 
6 3 -3 -2 -1 -1 -2 8 
-4 -2 2 2 1 0 1 -7 
-1 2 -7 -5 0 2 0 3 
21 5 -3 -4 -7 -5 -4 -5 
27 6 12 0 1 1 3 4 
8 -11 -9 -3 -2 -3 -1 33 
12 5 4 4 -2 -2 -5 -25 
-9 -2 -17 -5 -1 -1 0 -11 
-3 -4 11 -1 -5 -4 -3 -4 
0 3 -6 1 0 1 0 1 
7 4 6 0 0 0 1 23 
-2 4 4 4 2 2 -2 -38 
-15 -4 -2 0 0 0 3 5 
7 1 9 -4 -3 -5 -6 -26 
-2 2 -1 1 -5 -3 -2 10 
-9 6 11 2 1 2 2 -5 
11 5 -12 0 0 -2 -3 0 
-26 -11 8 2 2 1 -2 -8 
0 0 -6 -4 -2 0 0 -5 
4 -2 6 0 -2 -4 -2 15 
3 -3 2 -1 -1 -1 1 -2 
-4 -1 -11 -1 0 1 1 -2 
3 1 -8 -6 -2 -3 -1 6 
9 -1 -5 -1 1 1 -1 10 
-47 -4 -10 -3 -3 -3 -6 -39 
-11 0 8 -1 -2 0 0 -32 
6 -2 9 5 1 2 0 5 
5 -3 -4 2 1 -1 2 17 
3 -4 1 -4 -2 -4 -3 -1 
2 3 -3 1 1 1 1 4 
-4 -3 -2 -2 -3 -2 -2 -6 
0 6 -2 -2 -2 -2 -1 -2 
16 3 8 3 -2 -2 -2 5 
-8 -3 -7 -6 -4 -3 0 1 
-3 -4 -9 -1 2 2 1 4 
4 0 -10 -2 -3 -2 -3 2 
1 2 1 0 0 1 0 3 
3 9 9 -1 -5 -2 -2 10 
-3 5 16 2 -1 -2 -3 -21 
-9 -1 -2 -2 -1 -4 -1 -1 
4 3 0 -3 -1 -3 -5 -3 
7 -9 -9 1 2 2 2 13 
14 -4 -10 -3 -1 0 0 27 
-9 -1 2 -4 -4 -2 -4 -34 
-15 -2 2 0 -3 -2 1 13 
2 2 -9 -1 -2 -2 -1 4 
-24 0 0 -2 0 0 0 -10 
17 -14 -16 -6 -5 -3 -5 8 
5 1 -1 -4 -3 -3 -3 1 
-3 0 5 -1 -1 -2 -1 -4 
-11 -4 -14 -4 -3 -1 -2 -9 
-2 3 0 -2 -2 -1 1 9 
14 3 -8 -1 1 -1 2 25 
-23 -5 -6 0 -3 -4 -9 -35 
4 2 -1 -1 -1 -1 -1 -2 
-5 -3 6 -1 -1 -1 0 8 
6 -2 -10 -3 -1 1 0 10 
1 5 13 2 1 -1 1 4 
3 -9 -8 0 1 0 -1 -2 
-8 -2 0 1 -2 -2 -1 -12 
8 0 5 -1 -1 0 0 10 
-33 -2 1 -2 0 1 2 -6 
13 8 -8 -4 -4 -3 -5 -4 
-12 -15 -15 2 1 1 2 9 
13 -9 2 0 1 -1 1 8 
12 5 -1 1 0 -1 -2 -17 
-1 -1 9 0 -1 1 1 2 
8 8 10 3 4 0 2 16 
-21 -8 -23 -9 -7 -5 -6 -22 
7 -5 -3 -5 -1 -2 0 21 
-2 -4 10 7 2 -1 -2 -2 
6 -3 -8 -6 -5 -1 -1 -6 
-24 -4 6 2 2 1 -1 -25 
15 -8 -4 1 2 1 3 21 
10 -4 7 -3 -2 -1 0 2 
-20 -3 0 1 0 -3 -5 6 
-9 -11 -2 1 1 -1 -1 -15 
-4 -5 3 -2 -1 -1 1 -17 
-1 -3 16 3 0 -2 -5 0 
26 -7 -34 -6 -3 -1 2 -12 
-4 5 4 -5 -1 -4 -13 -16 
-39 -2 -3 0 -1 0 0 3 
-6 7 3 0 0 0 1 -6 
-5 1 19 1 -2 0 -2 0 
2 6 8 0 -1 -3 2 1 
24 4 -28 -4 -3 -1 -5 -1 
1 -1 -11 -3 -1 -1 -1 19 
15 -3 7 -3 -3 -1 -4 -14 
-6 -12 1 -3 -3 -2 0 2 
0 -11 -43 -6 -1 -2 -5 2 
-5 -5 -3 -5 -7 -6 -1 -13 
-1 6 -2 1 1 0 2 20 
23 9 -7 1 -1 -3 1 11 
9 -13 -1 -7 -4 -2 -2 2 
0 -17 -13 -4 -3 -3 -3 -8 
-19 -4 6 1 -1 0 -2 -14 
1 4 15 10 5 2 0 15 
-6 1 27 3 2 2 7 3 
-6 7 -12 -5 -2 0 -4 -12 
-8 -3 -5 0 0 -2 2 9 
9 0 -13 -8 -4 -5 -4 -31 
-9 -2 9 2 3 1 5 -6 
-5 -10 6 -1 -3 -3 -1 -2 
-14 -31 3 -6 -3 -4 10 -23 
-8 -2 -12 -3 -3 -3 -20 5 
11 6 10 4 -2 1 7 -8 
-4 12 7 -6 -4 -6 -8 5 
-17 -1 -46 -7 -3 -2 1 -17 
-17 -13 -13 -2 -1 0 2 -11 
15 24 47 6 2 1 -6 9 
-17 14 -20 10 8 7 10 0 
15 -7 -7 -11 -7 -6 -9 7 
-3 -47 -49 -15 -9 -2 0 -4 
1 23 16 -2 -2 -4 -8 -5 
0 -19 0 4 2 -1 1 0 
-5 -8 6 4 6 2 -5 -1 
-3 0 10 6 1 1 3 12 
-6 -8 -11 -8 -6 -4 1 -2 
1 -1 8 3 4 -3 -18 -4 
3 22 45 1 -5 -1 -1 6 
-17 -18 4 -4 -4 0 4 -7 
18 0 4 -5 -5 -2 0 32 
-4 23 25 8 2 -3 -1 -19 
-12 18 25 2 2 4 4 -4 
2 28 -8 3 4 0 3 5 
5 -11 1 0 0 -3 -11 -5 
0 0 -16 -2 -1 5 8 9 
9 3 5 5 1 -2 -4 7 
-2 -41 0 0 1 2 5 2 
-10 13 33 7 0 0 -3 -12 
0 -29 -47 -12 -7 -6 -8 -6 
7 4 -1 -3 -5 -2 1 -4 
2 32 25 -1 -1 -1 -2 -2 
-3 -25 -39 -5 0 -2 0 -2 
7 0 3 -13 -11 -5 -3 11 
-2 -6 -35 2 6 3 -1 18 
21 16 5 -2 -3 -4 -4 -19 
-11 -14 -10 0 -1 -3 4 -8 
-6 9 19 2 0 2 5 5 
7 12 23 3 2 -2 -5 2 
-1 8 -45 -6 -4 -4 -3 1 
-3 -28 -17 -3 -1 1 -1 -7 
1 -6 -21 -4 -3 -1 1 -1 
4 6 11 2 -1 0 0 4 
7 14 28 5 4 0 -2 11 
-2 21 17 -1 -2 1 3 4 
-23 -24 -8 -4 -1 -6 -10 -4 
-5 -4 -17 -1 0 0 -3 0 
-15 -3 9 -4 -4 -5 -11 -39 
5 -15 16 3 1 3 10 32 
-1 26 -4 0 -1 1 2 -19 
-6 -1 -11 -5 -5 -6 -8 9 
-9 -5 8 3 3 4 4 -1 
27 12 -10 2 3 0 -6 9 
0 -7 1 -1 0 -1 3 5 
-2 -10 22 -1 0 0 -2 -1 
5 16 9 -1 -2 3 4 15 
-3 1 3 1 0 -3 -5 -17 
12 4 -6 -2 -1 2 4 0 
-4 -5 0 -4 -3 -2 -4 -17 
-15 -4 15 2 0 1 14 15 
-3 3 22 5 0 -4 -20 -15 
8 -10 -24 -5 -3 2 -5 8 
-4 4 17 -3 -5 -4 -3 -5 
-7 6 -7 1 2 0 4 -1 
-10 -6 -30 -6 -1 1 8 4 
29 6 19 4 0 -1 -4 2 
8 -2 2 1 -2 -3 -4 -3 
6 -12 -38 -6 -3 -4 -3 0 
0 13 -5 -1 -3 -2 1 9 
0 9 10 -7 -4 -2 0 5 
-11 -30 -52 -3 5 0 -3 -14 
9 17 33 3 -1 0 -14 -10 
-7 -16 -43 -10 -6 -4 16 11 
7 3 14 0 -1 -3 1 -18 
-39 -14 -18 -2 1 -1 0 -15 
-1 -12 -7 -3 -4 0 0 -6 
3 16 -3 1 0 -1 -6 -4 
-11 -27 15 -4 -2 -2 0 -12 
15 -5 5 3 2 2 -2 16 
-11 -9 -19 -3 0 -5 -27 -11 
-27 -12 4 -2 1 4 31 0 
-1 6 5 1 1 1 -14 0 
11 14 31 -2 -4 -3 -2 22 
0 0 -3 -4 -2 3 -4 -21 
7 -5 -4 1 2 -4 -38 -12 
-15 7 58 8 0 -2 31 0 
1 -4 -62 -18 -7 -5 -7 13 
-2 3 -9 4 3 7 18 2 
-1 -4 8 -6 -5 -4 -3 -28 
-31 -3 -7 -6 -3 -2 -6 8 
1 18 37 -1 0 -1 3 8 
-33 -27 -51 -15 -8 -6 1 -15 
2 6 36 15 1 -5 -1 1 
7 10 -26 -25 -2 4 -5 20 
1 8 -8 -2 -6 -1 13 -14 
3 6 21 1 2 2 -4 17 
5 5 7 7 3 0 -16 -33 
3 -23 -8 15 7 6 31 3 
-7 -5 -4 -5 -3 1 13 -2 
4 2 11 3 0 -1 -2 21 
-3 22 -3 -3 -1 -3 -27 2 
15 0 0 6 -2 2 15 10 
17 -7 -8 -5 -1 -3 -12 -5 
0 6 20 -5 -8 -6 -1 33 
12 -13 -19 11 -3 -2 3 -20 
-9 -5 -23 -8 0 -1 -17 -4 
2 -5 -18 -16 -6 -1 11 20 
-2 -4 -4 0 2 -1 -11 -6 
0 6 22 -3 -2 1 0 8 
8 47 47 18 2 -1 -5 -12 
-12 9 -2 23 8 1 5 14 
21 -6 -26 -21 -4 -4 1 -4 
-17 -13 -48 -24 -13 -1 18 0 
-1 -15 8 0 1 -2 -12 2 
-8 13 34 3 -1 -5 -19 -13 
6 26 23 14 3 2 3 -11 
-5 18 2 10 7 3 8 -3 
-2 -10 -17 -15 -7 -7 -34 -23 
1 -15 7 -3 -6 -2 13 4 
-14 -20 -32 -13 -5 -5 -12 1 
12 -19 4 -1 -3 -3 -9 11 
9 -13 -33 -10 -5 -5 -1 7 
-3 47 49 18 1 2 1 -29 
-16 -1 1 -15 0 3 8 -6 
19 -21 12 8 0 -1 -5 -5 
-16 -50 -18 -15 -3 -1 12 -7 
-9 -11 -33 -4 -5 -5 -7 5 
5 8 52 18 1 -1 9 3 
-12 -12 -22 -7 -2 -6 -6 2 
1 7 3 3 -2 -3 1 1 
6 -5 -19 -6 1 3 0 -5 
4 -8 10 6 2 2 -1 -2 
-8 -19 16 -5 -3 -1 -3 -5 
8 11 -10 4 -3 1 13 17 
-1 16 -9 0 3 0 -6 -5 
-4 28 18 4 0 -5 -6 -1 
-9 -3 -11 4 -2 3 10 8 
-7 -6 -12 -14 -5 -3 -8 -9 
6 28 6 -8 -1 1 -8 0 
-1 -37 -9 2 0 1 9 7 
3 29 11 0 3 2 2 -8 
-7 -15 -21 8 3 -4 -8 -2 
1 8 10 8 2 2 -2 -5 
10 10 13 1 -3 -3 -3 3 
-8 -23 -60 -24 -6 -4 -4 -3 
6 15 16 12 2 3 -6 -6 
-2 -19 10 0 -4 -2 -9 -7 
-11 -8 -8 0 1 7 29 -4 
4 11 21 1 0 -3 -6 1 
-2 27 -5 -3 -5 -4 4 -9 
-3 -17 -8 -1 -1 -4 -11 -14 
9 8 -23 1 -1 0 -1 13 
-12 -8 -5 -6 2 1 0 0 
0 16 13 3 3 -3 -5 -3 
-9 -29 -35 -8 -4 -3 -3 -27 
10 -16 8 2 -2 -5 -4 11 
1 37 -5 -8 -3 0 4 10 
-3 0 2 5 2 -2 0 11 
8 19 5 0 -1 2 4 1 
-7 -34 5 0 1 -1 -15 -32 
-2 -18 -5 -5 -4 -4 2 2 
7 14 46 3 -2 2 3 9 
-3 -6 -45 3 4 -1 2 6 
-6 -12 -16 -6 -4 -3 -8 -1 
-1 -22 -21 0 2 2 -2 -4 
-11 4 11 -5 -6 -3 -1 -8 
17 -7 -13 -4 0 1 -3 11 
3 10 16 2 0 0 12 14 
2 6 -24 7 3 1 -8 -8 
5 6 49 9 6 2 7 10 
-15 -58 -49 -12 -4 -2 0 -11 
-6 -22 -5 0 0 -4 -16 -6 
2 27 -20 -10 -5 -3 5 -1 
-1 -14 -1 4 -3 0 -7 1 
1 5 104 15 6 5 7 8 
-9 6 -74 -10 -1 -6 -5 -6 
9 0 -77 -12 -14 -5 -1 -4 
-6 20 -24 -17 3 6 8 -2 
19 90 74 11 6 5 9 7 
-12 30 79 3 11 4 1 -6 
18 40 114 27 -19 -8 -7 10 
-18 -40 -98 -44 -12 -3 -5 -4 
-15 -24 -44 1 -5 -3 5 -12 
12 1 31 31 20 7 16 8 
-16 -18 -18 -22 7 -4 -8 -4 
6 -53 -23 -5 -15 -7 -17 -10 
-11 3 58 13 3 1 6 0 
6 -22 -29 -40 -20 -9 -31 -17 
-14 -15 29 19 5 1 6 -28 
5 7 -15 37 26 9 6 -4 
1 -31 -44 -73 -27 -11 -17 26 
-21 -14 38 19 0 0 15 -7 
-20 -6 19 2 5 6 -3 36 
17 1 11 13 -4 -11 -21 -18 
-14 -14 104 70 25 9 5 -12 
13 1 -102 -68 -18 -4 -12 27 
5 -34 -22 -16 -9 -6 -1 -6 
-15 36 36 -3 -1 1 28 40 
25 -9 -21 -6 -3 -6 -10 -28 
-2 20 35 25 1 -3 -1 -2 
-37 -4 -14 13 12 5 5 -20 
11 -6 -8 -13 -5 -2 -8 -7 
-7 -16 -59 -25 -10 -5 -3 -8 
8 2 18 11 -2 -1 3 23 
3 -9 -19 -11 -2 -6 -12 -16 
-15 21 71 20 3 1 4 -31 
-16 -39 -72 -28 -13 -6 -3 -2 
-2 6 -3 0 -5 -4 -4 -10 
15 63 61 8 5 6 11 20 
-6 -48 -10 -6 -3 -1 -6 12 
-3 -1 6 7 2 0 -4 1 
12 6 -31 1 -4 1 -2 -19 
-1 -13 -28 -19 -9 -4 2 10 
-1 -12 -23 -1 -2 -4 -4 -14 
1 40 43 11 2 1 0 20 
-5 -2 20 2 -1 -1 0 -23 
21 -21 28 19 8 -1 -5 5 
-16 15 -18 -6 -2 -5 -5 -16 
4 -6 -3 2 -1 0 -1 7 
14 3 3 0 -1 1 11 25 
-39 -6 14 3 3 2 -6 -19 
-21 2 16 -4 -3 -4 -7 -4 
0 7 24 9 2 0 6 5 
7 -10 -25 -12 -6 -4 -6 5 
9 -4 7 3 -3 1 4 -10 
6 -4 -4 -4 -1 4 9 30 
-6 12 -35 -13 -5 -1 -4 -40 
3 -29 -26 -3 0 -2 -5 5 
-11 11 25 0 3 1 2 -17 
-2 3 3 3 -1 -2 -11 -24 
7 26 -24 -1 -2 -2 -2 1 
5 3 4 -1 -1 2 12 8 
7 -39 -22 -6 -2 -1 2 5 
0 2 3 2 -1 0 4 1 
-18 -6 21 2 1 -1 -6 -1 
-1 11 30 5 2 -3 -3 -10 
5 -4 -30 -11 -7 -4 -4 12 
14 3 -6 0 1 1 3 20 
5 -19 -16 -6 -2 -1 2 1 
-7 5 22 6 0 -1 -4 -5 
-2 1 -5 -3 0 -1 -1 -4 
18 10 12 0 0 -3 -5 10 
-10 -16 -40 -6 -4 -2 -1 -11 
-15 -3 -8 -5 -4 -3 -3 -13 
7 0 -15 -5 0 0 0 14 
1 1 -5 -2 -3 -2 1 -12 
-13 -12 1 0 -3 -5 -2 -4 
-6 0 -6 -1 0 -3 -4 -5 
12 7 -1 -4 -4 -3 -2 18 
4 6 3 -1 -3 -1 -2 0 
-3 -14 -3 0 -2 -2 -2 6 
-13 -25 -32 -3 -1 -1 -3 1 
-9 6 16 2 0 -2 -3 -5 
-6 1 -5 -2 -4 -2 -2 -2 
2 -6 -4 -7 -1 0 -3 6 
-8 4 3 -1 -4 -1 0 -6 
4 8 10 -3 -1 -2 2 11 
2 -8 -9 -4 -3 1 -2 -8 
8 2 6 4 4 0 0 -1 
-17 -5 2 1 1 -1 -3 -12 
-7 -8 -1 -1 -2 0 0 -5 
-1 1 -4 1 0 -1 3 1 
21 13 18 3 0 0 -2 18 
2 3 5 -1 -1 -1 -4 -9 
0 -3 -15 -3 -3 -3 -1 -5 
-11 -4 -11 -5 -3 -3 -1 -4 
20 1 2 1 3 6 5 14 
-11 -3 -2 2 2 -1 0 -1 
3 4 2 0 0 0 -1 -7 
-3 2 8 4 3 -1 0 1 
6 -14 -29 -9 -4 -6 -4 8 
-2 8 9 -1 -1 2 0 -17 
2 -16 3 -1 -2 -1 -2 -1 
7 29 3 2 0 2 1 3 
-15 4 15 -1 -2 -1 -1 -2 
14 2 -1 -1 -1 -2 0 31 
-7 -30 -29 -6 -4 -3 -6 -17 
6 -5 -17 -1 2 2 2 6 
-14 -2 8 -2 -4 -4 -1 -10 
-4 6 11 2 2 2 3 4 
4 -10 -18 -4 -4 -5 -4 -15 
1 -3 4 -2 -1 -2 -2 -1 
-31 -7 -3 -2 1 0 -2 -8 
3 -8 -5 1 2 0 0 -5 
5 6 9 1 -1 0 1 5 
-32 -9 -7 0 1 0 -2 3 
5 1 -2 1 -4 -6 -6 -6 
-5 -6 -25 -6 -4 0 0 -2 
-6 5 16 -1 -1 -1 -2 3 
8 4 -1 -5 -3 0 -2 -1 
-2 -1 10 2 0 0 2 -9 
1 7 0 -2 -3 -2 -4 10 
3 13 -5 0 1 0 0 -2 
0 -14 -5 -2 -3 -2 -2 1 
1 0 -1 -2 -1 -1 -2 -3 
11 8 10 0 0 0 0 1 
3 3 -2 1 -1 1 1 2 
-2 -3 9 -2 -1 -1 1 34 
-3 0 12 3 1 0 -3 -40 
-4 -7 -26 -6 -3 -1 -1 -1 
-6 0 8 0 -1 -1 0 -6 
26 -15 -4 1 2 0 2 1 
9 31 1 -2 -4 -4 -5 1 
2 23 12 2 0 0 0 -2 
-13 -5 -17 -8 -4 -2 -1 -8 
6 -9 -8 -4 -3 -2 -3 0 
5 -26 -5 -4 -3 -1 1 3 
0 -9 -5 -1 1 -1 0 -6 
7 10 5 2 0 0 2 16 
-13 9 -5 -1 -3 -3 -4 -21 
8 -6 7 0 1 1 2 24 
5 10 7 -2 -4 -3 -4 -13 
-5 -21 -4 1 2 1 1 -7 
-11 -2 6 -2 -3 -1 -3 -12 
-3 0 -2 0 -1 -2 0 10 
-1 -7 0 1 -2 -2 2 2 
0 7 1 0 0 0 -3 1 
18 1 3 -2 -2 -1 -1 2 
-18 7 -6 1 2 2 -2 -15 
-11 -4 -4 1 0 -1 0 9 
1 -16 -9 -4 -4 -3 -2 -13 
-11 -1 -16 -5 -1 -3 -1 -1 
14 -3 7 -4 -4 1 -1 7 
-28 -6 9 -2 -2 -3 -4 -10 
9 1 -5 -7 -4 -3 -5 7 
-18 -15 -19 -2 1 2 2 -3 
13 -4 -12 -1 -1 -4 0 16 
-7 -7 8 0 -2 -3 -3 -33 
8 9 3 -1 -3 -4 -1 5 
-10 3 2 2 1 0 0 -3 
-7 1 -7 -3 -4 -4 -4 -6 
7 -12 -9 -2 -1 -1 2 7 
-2 15 16 3 3 0 -1 1 
4 2 0 -5 -5 -5 -4 -7 
-6 0 -15 -4 -1 -1 1 -7 
22 3 -1 -1 0 0 1 14 
-28 1 -1 -3 0 -1 -3 -14 
-3 -24 2 -1 0 0 -1 -2 
-2 0 6 2 2 1 1 -4 
-7 -36 -14 -5 -3 -2 -3 -2 
3 7 21 1 1 0 2 5 
8 1 -26 -4 -3 -1 -1 1 
-33 -9 4 0 -2 -2 0 -5 
-3 -1 6 3 3 3 1 3 
10 6 -9 -2 -3 -2 -3 -2 
-6 4 6 -1 -1 0 2 21 
9 -1 -3 -1 0 -2 -1 -25 
10 7 -1 3 0 0 1 2 
-14 -1 4 -3 -5 -5 -6 -29 
1 6 10 -4 -3 0 2 12 
-2 -7 -4 -1 -1 -2 -2 5 
16 25 23 1 0 0 0 8 
-8 -11 -23 -5 -4 -1 -1 4 
4 1 0 0 0 -3 -2 -16 
-15 -14 -5 -4 -3 0 -2 -9 
-8 -4 5 0 1 -1 -1 -1 
13 -1 -10 -1 0 0 0 11 
-5 -2 3 2 0 0 -3 -11 
7 7 -1 0 -1 -1 -1 17 
-1 4 -5 -5 -2 -1 -1 -5 
-4 -8 3 -1 1 0 2 2 
-20 -6 1 1 0 1 2 -8 
0 26 17 3 1 0 -2 0 
0 -4 -11 -2 0 0 -1 -8 
-7 -8 1 -1 -1 -2 -1 4 
10 0 -2 1 0 0 -3 2 
4 -20 -12 -3 -1 -1 -1 2 
-11 4 6 1 -2 0 -1 2 
20 1 -2 -1 -1 -2 0 7 
-22 -5 -3 -2 -3 -4 -4 -15 
4 -5 -2 -1 -2 0 -2 7 
4 -6 -7 -4 -4 -5 -4 -9 
7 0 -7 -2 -3 0 1 8 
2 3 10 0 1 0 0 -1 
-4 -6 -7 -2 -1 -2 -1 1 
0 3 3 2 0 -1 -2 -10 
-7 3 8 0 -1 -1 0 2 
18 2 -7 -2 0 -3 -4 -4 
-23 0 -7 -7 -5 -2 -5 -1 
-4 -16 -2 -1 0 0 0 8 
-2 -6 -2 0 0 -1 -2 -1 
10 -3 2 -1 -1 0 3 17 
15 6 8 3 1 1 -1 -14 
-10 -24 -10 -2 -3 0 0 -1 
-17 17 25 0 0 2 -2 -4 
-5 0 -11 2 2 -1 0 -2 
8 -5 -3 -5 -5 -5 -4 2 
6 0 -6 -4 -2 -3 -3 7 
-6 -9 5 2 0 1 -1 -24 
-6 0 6 -3 -3 -4 -5 -10 
-3 -10 -7 4 6 3 2 4 
1 9 -2 1 1 1 0 1 
10 3 -17 -3 -3 -3 -3 7 
-6 5 3 -3 -4 -2 -1 0 
2 3 -7 -5 -6 -4 0 -2 
18 2 2 -3 -3 -1 -1 3 
-3 -8 -16 -6 -1 -2 -3 -4 
-5 2 6 2 1 3 2 -5 
4 1 -6 -3 0 0 -1 0 
3 7 2 -1 0 -3 -2 -3 
2 0 -3 2 2 -2 -2 9 
-6 -12 2 1 0 -1 -3 -12 
-5 -7 8 0 0 0 1 -4 
-15 4 -16 -6 -5 -2 -4 -8 
-1 2 -4 -1 0 0 0 -4 
4 -5 -6 -6 -3 -5 -5 10 
8 -4 -3 4 3 0 -1 -4 
-30 4 2 -1 -1 -1 -1 -6 
6 -5 -5 -2 -2 -3 1 8 
4 1 1 1 2 3 0 -10 
-6 -5 1 -3 -4 -3 0 4 
7 -2 -1 0 1 -3 -3 2 
-12 -11 -8 -2 0 0 2 5 
8 10 -2 -2 -4 -5 -3 -3 
1 2 0 -3 -3 0 -3 -3 
-4 1 4 2 2 0 0 14 
-13 -4 5 -3 -2 0 -4 -32 
-19 7 1 0 -1 -2 0 -8 
-4 6 -1 1 1 1 1 3 
0 2 -5 -2 -2 -4 -4 -11 
-8 -14 -2 2 0 1 0 9 
6 -9 -12 -4 -2 -2 -1 3 
4 -3 4 2 1 0 -2 -4 
-5 -2 14 0 -1 -1 0 3 
14 10 1 2 1 0 -2 4 
0 -11 1 -4 -3 0 -3 -5 
-9 -8 -4 -1 -1 -1 0 8 
6 -5 -1 1 -2 1 -1 -5 
14 -2 -5 0 1 -2 0 6 
-3 23 19 4 1 1 2 3 
-4 10 -9 -5 -1 -1 -1 -2 
7 5 1 -1 -1 -2 -2 -2 
-7 1 0 -3 -3 -1 -1 3 
3 -8 -14 0 0 -1 -1 8 
11 -1 -2 -3 -2 -3 -4 1 
-2 -2 4 -1 0 -1 0 -24 
-6 -10 -9 0 1 -1 1 11 
-12 -1 0 -1 -1 -2 -6 -25 
45 0 -2 1 1 -2 -1 10 
-12 -3 -6 -6 -5 -2 -2 5 
7 5 11 0 -3 -2 -2 3 
-7 -4 -8 -4 -4 -2 0 7 
-11 0 -3 -3 -2 -4 -1 -6 
11 2 1 0 -1 -2 -2 -3 
11 15 11 1 2 0 1 0 
-3 -1 -16 -8 -6 -3 -3 4 
-15 4 1 -1 -2 -3 -4 -8 
-3 -15 -3 1 -3 -2 -3 3 
-6 29 18 0 -3 0 0 -3 
10 -8 -9 -2 -2 -1 0 2 
-5 -2 6 -1 -2 0 -4 1 
-6 -1 -8 -2 -1 1 -1 -8 
-6 -7 -7 -3 -5 -3 -5 -14 
11 -5 1 2 1 0 3 8 
-13 -1 4 1 1 -2 2 -9 
2 -2 -16 -5 -1 -1 0 13 
-21 -7 -7 0 0 -1 -3 -38 
5 3 8 -3 -4 -1 -2 3 
-2 3 -6 -1 -1 1 -1 5 
2 -5 5 0 -1 -2 0 12 
-31 3 -14 -4 -3 -5 -4 -12 
-2 -5 -1 -3 -1 -4 -1 1 
-6 -8 -6 -2 -1 0 -1 -8 
3 -5 1 1 0 -1 -1 5 
14 -2 -1 -2 -2 -2 0 15 
-5 -7 -4 1 0 -1 0 -7 
-9 -14 1 0 -1 1 2 2 
5 13 -1 -3 -4 -3 -1 4 
3 -18 -8 -4 -3 -2 -2 -6 
10 10 -5 1 0 -1 -3 -3 
-2 -2 4 -1 0 -2 -2 3 
2 -1 -17 -1 -2 -2 -3 -4 
3 -2 -5 0 1 0 0 -6 
