#EMG
#0
#ID:0-68
-1 -2 -12 -4 -1 -1 -1 -3 
4 4 4 5 -2 0 0 -2 
-9 -1 2 -1 -1 -1 -2 -3 
4 -5 -10 -8 -5 -3 -5 -1 
-6 -3 -11 -2 -3 -2 0 1 
-7 -4 4 1 3 -1 -2 -8 
-3 -2 -27 -6 -2 -3 -4 -3 
1 -3 19 6 1 2 1 7 
1 -6 -7 0 -1 -3 -2 -1 
1 -1 11 -3 1 2 1 0 
-5 -6 -15 -1 -3 -2 0 1 
-1 3 0 -4 -1 1 0 -2 
2 1 7 -4 -4 -2 -2 0 
-1 -1 -11 -6 -3 -2 0 -1 
-5 6 11 2 -1 -2 -2 -2 
-2 6 -15 0 0 -2 0 -1 
7 -2 24 -2 -2 -1 -3 1 
-10 -6 -7 -6 -2 -2 -3 -10 
0 0 0 3 -1 -3 -1 0 
0 -2 3 -4 -1 -1 0 0 
-6 -6 -3 3 0 0 -2 -2 
-4 1 17 5 0 -2 -1 0 
-5 -1 -20 -6 -3 -4 -1 -1 
0 -3 2 -3 -3 -2 -2 -2 
-11 -3 -10 -2 -1 0 -2 -6 
3 -5 9 2 -1 2 0 7 
2 5 21 1 2 1 1 -7 
-6 1 5 2 0 -3 1 -2 
2 0 -18 -11 -3 -1 -1 1 
-1 -1 10 2 0 -1 0 0 
-3 -2 -15 -1 -4 -2 -1 -1 
-1 0 -9 1 1 1 0 -2 
-2 -5 22 -3 -4 -2 -2 -4 
-5 6 -14 -2 1 -1 -1 -1 
4 -9 12 -1 0 0 -3 0 
0 1 -3 -5 -3 0 -1 0 
-1 -3 -16 -1 -1 -3 0 1 
0 1 -10 -3 -2 -3 -2 -2 
-3 0 -12 -9 -3 -2 -1 0 
9 -6 13 5 1 -1 -1 -1 
-10 5 19 8 4 0 1 0 
5 -14 -37 -12 -7 -1 -3 4 
10 7 15 1 -1 -1 -2 4 
0 3 1 2 0 0 -1 3 
0 2 -1 1 -4 -2 1 -4 
-4 -6 -11 1 -1 -1 0 0 
-7 -2 -5 -8 -4 -1 -1 -1 
-1 0 3 -1 -2 -2 -2 -1 
3 1 -3 1 -1 -1 0 -1 
-9 -1 -5 -2 0 -3 -2 -5 
-2 -2 5 0 0 0 -1 0 
-2 2 -5 -1 0 -1 0 3 
-8 -4 -6 -6 -3 -2 -3 -7 
4 -3 -9 -4 -4 -1 -2 1 
-6 5 7 0 0 0 -2 -3 
-2 -4 -18 -1 -1 -3 -1 -2 
-2 -6 22 0 -3 -4 -4 -1 
6 -5 -9 -6 -4 -1 -1 -1 
-4 -6 -4 2 -1 0 -1 -1 
-4 0 18 -1 -1 -1 -1 2 
8 2 -6 1 1 -2 1 2 
-3 1 -4 0 1 -1 0 -3 
-5 -10 -6 -2 -4 -2 -2 3 
-3 -3 -10 2 0 0 -2 -6 
-4 -2 -6 -5 -1 0 -1 0 
-3 -1 18 2 0 -1 0 -2 
1 -3 -11 3 2 1 1 -1 
-3 -3 3 -2 -1 -3 -3 -2 
5 -4 -8 -1 -1 -1 -1 0 
-9 -25 3 1 1 -1 1 1 
1 -7 -21 0 -5 -3 -2 -5 
5 -2 15 0 -2 0 0 -1 
4 -1 22 7 2 1 -1 0 
-2 5 -39 -2 -1 -2 -3 1 
-10 3 23 -1 -2 -2 -2 -10 
8 -8 -12 -4 -3 -4 -1 2 
1 4 -24 -3 -1 0 1 0 
-1 4 13 5 1 1 -2 -6 
1 -3 2 -3 0 -3 -2 4 
-5 -3 4 -3 -3 -3 1 -4 
2 -3 -11 -1 0 -2 -4 -2 
1 59 22 1 -3 -2 1 1 
5 24 4 5 3 0 -4 2 
9 -23 -19 -8 -4 -1 -4 -4 
-4 -20 -17 -4 0 1 0 -6 
-5 -20 26 -2 -1 -4 -8 -4 
1 -13 16 -1 0 2 7 6 
-7 11 1 -1 -2 -7 -7 3 
-9 11 5 -5 -6 -2 -4 -6 
4 -2 10 3 0 3 8 1 
0 0 16 6 2 -1 -5 -1 
4 1 4 0 -2 0 0 8 
-8 -3 -9 -3 -5 -7 -9 -6 
-8 -20 20 0 2 2 5 -1 
19 -7 -26 -8 -5 -4 2 26 
-29 -3 -12 -5 -6 -3 0 -31 
1 40 7 0 -2 -4 -3 -12 
-9 -14 -16 0 3 2 -3 3 
1 -6 4 -6 -4 -2 -1 -4 
14 -7 -8 -1 3 1 0 10 
-18 1 -6 1 0 -2 -3 -17 
-4 12 13 0 -1 -2 3 9 
12 -6 14 5 2 0 0 6 
-35 4 -28 -11 -3 -2 -6 -60 
7 -8 -9 -8 -4 0 -4 1 
-2 -3 -5 -5 -1 1 5 14 
-14 6 -11 3 1 -2 -3 -15 
-1 32 51 12 2 0 0 20 
12 -27 -24 0 2 1 3 13 
-12 -14 -28 -11 -7 -3 -9 -33 
13 11 -6 2 3 0 9 17 
-4 -11 -7 -8 -5 -2 -5 12 
-1 -4 -1 4 1 0 3 -3 
8 5 3 1 -2 -3 0 7 
-13 0 -3 -2 -2 1 -3 4 
39 3 7 2 0 -1 -3 -5 
-24 12 2 -5 -3 -2 -1 -14 
14 8 27 4 2 1 0 22 
-17 2 -9 -3 -1 -2 -1 -31 
-4 -3 2 6 3 0 2 2 
-1 -3 -2 -3 -4 -7 -14 -8 
19 -4 -10 1 -2 0 -2 -4 
-16 -11 34 -6 -4 -2 -4 -3 
1 -13 3 4 -1 1 6 14 
-4 9 10 2 4 3 6 -1 
-6 -8 -19 -6 -4 -3 -7 -30 
-6 9 -6 -1 -2 -1 -14 13 
24 -3 1 0 0 3 14 17 
-13 2 -3 -2 0 0 0 12 
-12 7 20 4 0 0 -4 -10 
1 -12 -22 -2 -2 -2 8 2 
-11 19 -9 -4 0 0 -4 -4 
8 -8 0 0 -4 -1 0 -4 
-3 0 -16 -5 -1 -2 -1 17 
-1 -14 -30 -16 -11 -7 -12 -41 
-2 -11 1 7 6 0 0 27 
-21 -10 8 -2 -2 -3 -8 -20 
-11 -1 -8 -2 -3 -4 21 21 
-19 -21 0 -2 0 -1 -11 -20 
6 6 -7 -3 -3 -3 -7 -7 
-4 13 19 -1 -1 1 10 48 
18 -23 4 -3 0 0 -1 -2 
7 20 3 0 1 4 0 9 
-11 -25 6 -4 -3 2 15 2 
13 -9 4 3 1 0 -14 -11 
3 20 -4 0 -2 -3 1 -6 
18 -14 -16 -11 -5 -6 -10 -9 
-10 -3 -4 -2 -1 -4 -5 -16 
11 34 9 -4 -6 -4 -6 -1 
1 -9 -3 -3 -1 0 -9 -15 
-6 9 14 10 5 2 6 6 
-13 -1 -5 0 0 -2 6 14 
7 -3 -3 -4 -2 -2 4 -5 
-14 0 2 0 -3 -4 -13 -16 
-4 -12 -4 -1 -1 -4 -11 -8 
-17 -14 -3 -5 -5 -1 -5 -33 
8 -2 -16 -2 -3 -3 12 28 
-13 4 -7 3 1 2 -18 -33 
14 -8 -29 -11 -7 -5 10 14 
10 -10 -1 2 1 -2 -9 2 
-4 -17 -28 -6 -2 -1 -5 -4 
0 -8 7 -2 0 2 19 7 
12 0 -8 1 0 -3 -8 -13 
-13 18 8 2 1 1 -4 28 
22 -6 11 -1 -4 -9 -16 -13 
6 -2 -14 0 1 3 9 -10 
-2 11 -4 3 0 3 21 27 
16 25 2 0 -3 -2 -12 -6 
-13 -16 -5 -5 0 0 -9 -12 
-13 -12 13 0 -3 2 14 20 
0 4 -9 -3 1 -4 -18 -49 
15 23 15 0 1 0 21 14 
-34 3 -22 -3 -2 -1 10 -5 
5 13 10 -5 -4 -5 -8 0 
-9 9 -17 -1 -1 -1 -8 -7 
-4 -33 -3 -2 -2 1 5 -18 
11 -11 -10 0 2 0 2 38 
-3 7 -1 3 1 3 -4 -20 
-28 8 10 2 0 0 9 16 
-7 -2 21 -2 -7 -9 -17 -33 
17 9 -10 7 7 4 11 14 
-6 -17 -11 -5 -5 -4 -15 -15 
24 4 22 1 1 4 9 11 
-13 -16 -33 1 1 2 -4 0 
4 -4 16 -6 -7 -2 1 6 
4 -11 -20 1 4 -2 -9 19 
-2 -8 5 3 -1 0 12 -23 
5 3 2 -5 -1 4 2 -2 
14 -3 10 -2 1 4 -4 -25 
-3 6 -20 -2 -2 -7 -3 3 
-9 15 21 -3 -4 -4 -12 2 
-4 -18 3 2 1 0 2 -2 
-2 -1 -19 -5 0 0 -10 -20 
-3 25 85 0 -5 0 8 0 
-11 -27 -6 2 -2 -2 -17 -13 
-4 6 -27 -3 -1 -1 7 18 
-13 -4 -15 0 -1 -1 0 0 
10 7 -17 3 1 1 1 4 
2 4 15 2 0 0 -18 -3 
-5 -34 -9 0 2 -1 8 -15 
-3 -9 18 -5 -6 -6 -4 -6 
-2 -2 -30 -2 -2 -2 4 12 
4 4 7 -1 1 2 4 -7 
6 32 -31 1 -2 -5 7 35 
-8 -8 -6 1 3 0 -3 -5 
1 2 -8 -18 -9 1 11 0 
-6 -9 -9 -1 -2 -1 15 26 
0 26 20 -1 -2 -4 -2 1 
3 26 69 9 0 0 5 14 
2 2 -31 4 5 -2 -9 -4 
-8 -62 -56 -12 -5 -1 2 12 
6 26 39 -14 -7 -1 -7 -16 
-10 -28 -20 0 -2 0 4 34 
5 0 -22 -2 0 0 2 7 
2 8 51 6 0 -1 16 -1 
10 -11 -22 -7 -2 2 -11 -16 
-1 -24 -44 7 -1 -4 -19 -16 
3 -30 63 -16 -6 -5 -3 -2 
-11 -12 0 5 -1 1 -1 19 
3 0 -35 -4 1 -1 -8 8 
-6 -8 -1 -16 -8 0 -3 -36 
0 -16 -34 16 11 3 12 27 
4 34 2 -8 -3 -2 -7 -8 
-1 14 13 12 6 1 -1 -4 
0 29 0 4 -1 -6 3 0 
-15 21 48 5 -2 -2 -10 -4 
-4 11 -17 -22 -7 -4 -13 -15 
-5 -8 4 -8 1 4 13 20 
-6 -12 -8 -2 -3 1 16 28 
3 11 13 7 -2 -6 -18 -20 
10 18 9 7 2 3 23 12 
-13 -14 6 0 -3 -12 -45 -57 
3 19 37 9 5 4 21 31 
-4 -5 30 12 0 1 -14 -37 
0 3 -58 -22 -4 1 14 22 
4 -8 7 -5 -5 0 3 -2 
6 8 -8 4 5 2 -4 -17 
-3 11 51 23 3 -3 -11 -25 
5 -36 -1 -8 3 -1 -6 -4 
-10 24 -24 2 -1 3 7 12 
-10 -38 -10 -8 -7 -4 -14 -11 
-4 -12 -73 -13 1 2 16 4 
1 -7 26 13 2 -2 -9 -6 
-1 -4 31 -5 -13 -5 -5 -1 
5 44 0 6 2 6 9 -16 
-7 36 -60 -18 -8 -6 2 13 
-1 12 -8 5 -2 -1 -7 -16 
-3 -18 -12 18 6 -2 -10 0 
-1 -8 8 -15 0 -4 3 -8 
-7 -14 -18 -20 -10 -5 -6 -5 
2 -15 -37 -3 -5 -3 1 17 
-9 5 26 -1 3 1 5 3 
7 -3 -29 10 -6 -4 -10 -9 
16 -1 -4 -6 0 0 -8 9 
-4 -2 24 5 2 -2 -13 -24 
11 4 -41 4 2 3 21 13 
-8 -4 28 10 16 4 2 -2 
-9 -37 -23 -25 -15 -1 1 -3 
3 -1 1 11 -5 -4 -8 -13 
5 14 30 18 1 -1 21 26 
-2 2 38 -33 -6 -3 -19 -14 
-9 -4 -20 16 6 1 23 25 
3 0 25 -8 -5 1 -3 7 
-13 34 -43 -15 -8 -4 -16 -11 
-1 -58 6 -4 -7 -6 -7 -6 
-10 10 48 2 2 0 -6 -2 
1 -3 -11 14 4 -3 -2 -27 
-4 3 58 6 4 -3 -4 -5 
-2 -11 -63 -27 -11 -5 -3 1 
12 -3 20 1 -1 1 -5 8 
-11 17 20 5 1 1 -8 -28 
12 -44 21 7 2 -1 8 48 
-12 11 5 11 0 1 3 -38 
-8 -34 -2 -15 -3 3 -2 -12 
13 1 -24 6 7 1 8 12 
-6 3 -17 -10 -9 -5 -10 -18 
-7 3 -3 -15 -17 -5 3 15 
-11 13 -15 -9 -2 0 -6 4 
-6 -2 42 3 -1 -5 -2 -13 
-4 -24 -26 -20 -6 0 -12 -20 
0 25 -22 20 8 6 14 33 
15 -1 13 21 13 2 0 1 
18 7 51 1 0 -1 1 5 
-6 -10 -16 2 2 0 -5 -12 
-13 -8 -37 -5 -10 -1 3 -1 
-6 -5 4 7 5 -1 -4 -4 
4 20 -5 -16 6 -1 -5 33 
17 -7 -18 -16 -14 -3 2 -11 
26 7 16 3 4 0 -10 -3 
14 9 -5 -6 -2 -2 8 41 
-45 -18 -97 5 -3 -4 -10 -78 
2 2 54 7 2 4 14 26 
-16 -9 -3 -15 -12 -5 -2 -2 
27 25 27 28 6 2 7 -19 
-1 0 -41 -7 7 1 0 30 
-12 -24 -4 -2 6 -2 -2 -3 
43 -13 4 -5 3 -1 -10 5 
-51 24 -29 -16 -20 -8 -7 -22 
-9 -33 -64 -30 -20 1 -4 39 
10 3 -11 26 15 15 28 40 
6 21 62 27 27 1 -13 13 
13 -24 -67 -32 -3 -10 -13 -11 
-35 5 32 5 -14 -10 -1 -34 
6 18 51 13 4 -2 -15 -45 
1 -12 -70 -34 -22 -7 -1 10 
4 9 53 15 -4 2 6 9 
18 34 64 15 12 2 -2 15 
6 -10 -90 -36 -14 -8 -6 14 
17 5 17 24 -4 -1 -4 -16 
-16 28 30 -1 11 3 -2 -22 
19 6 -8 -24 -17 -5 2 8 
-34 5 63 28 9 0 -12 -25 
16 9 -27 32 8 1 -1 -13 
3 -16 -53 -58 -16 -4 -6 36 
4 -14 24 22 0 5 2 -1 
-30 -36 -35 -31 -10 -3 0 -34 
0 23 36 17 14 8 9 21 
-6 -6 -2 23 -2 -6 3 8 
-3 25 11 12 15 2 13 -1 
-18 -13 -44 -6 -5 -6 -10 -9 
-14 -14 15 -10 -16 -8 -2 -18 
20 -20 -10 -1 3 -3 -9 -5 
2 2 18 10 7 -1 -3 20 
31 20 -38 -13 -7 -1 7 14 
-21 -8 19 -15 -11 0 0 -34 
-31 -13 8 10 0 0 -9 -6 
4 -3 4 -2 -9 -5 -7 -4 
14 -5 21 29 14 1 -5 -5 
-11 2 19 14 6 -1 5 4 
20 -23 31 -8 -9 0 -7 -10 
-26 -68 -60 -3 -1 -2 9 10 
3 13 -26 2 9 3 0 17 
-4 1 -48 -37 -14 -6 -16 -17 
17 -1 -20 -1 -9 0 14 6 
-8 4 23 4 6 1 -12 27 
-7 -2 12 -5 -5 -1 0 -39 
-19 -14 13 12 6 2 12 28 
-4 0 17 20 12 6 -4 -14 
0 14 -3 -11 -7 -3 7 -32 
6 26 -7 -23 -9 -9 -13 15 
-7 9 67 27 15 4 3 21 
8 -2 -41 -16 -6 -3 -2 -8 
8 -10 47 -8 -10 0 0 6 
-21 2 -12 -2 -6 -3 -8 -18 
3 9 -10 0 3 0 -1 -20 
-3 19 49 37 15 0 -1 -5 
-8 -6 -46 -21 -8 -5 -15 -18 
15 -1 30 6 -7 0 17 55 
1 -5 -16 -13 -2 0 -3 3 
-9 8 11 9 4 3 9 0 
13 0 2 -7 2 1 5 5 
-31 -20 -11 -20 -10 -6 -21 1 
5 -30 -20 -3 0 0 16 25 
3 67 53 11 6 0 -2 2 
-3 -29 16 -3 -4 -3 0 9 
3 -3 12 3 5 1 -2 -10 
-2 -9 -8 -1 -8 -3 -2 1 
11 -28 -40 -10 -3 2 1 21 
-8 5 17 13 3 -3 -6 -10 
9 4 11 -2 5 4 -1 5 
-7 6 -12 0 -4 -7 -16 -35 
-3 -47 20 -13 -6 0 11 22 
-17 -1 -42 -6 -6 -3 3 -17 
22 -21 -19 -17 -7 -1 -3 -2 
-16 10 11 11 5 0 -1 21 
12 -5 -14 -3 -5 0 -2 -14 
-6 23 -6 6 10 2 -4 -4 
2 4 11 13 2 -4 4 -6 
-3 -22 -1 2 -3 1 -5 4 
-5 -7 -19 0 1 -1 2 20 
-11 -22 -49 -19 -8 -5 -8 -28 
12 -1 -2 -12 -3 -2 -15 -1 
9 15 22 3 1 5 5 -24 
-17 9 -17 -1 -6 -4 -7 -41 
36 8 -6 5 -1 5 9 51 
-15 -10 20 11 5 -1 8 -3 
-8 -5 -16 -17 -9 -8 -8 -25 
3 4 23 2 -1 -4 -16 17 
-10 2 -14 -9 -1 1 6 2 
29 9 13 6 -2 -4 -5 -27 
0 24 -1 -20 -4 -4 -8 26 
-10 -11 -9 15 4 4 7 -8 
12 17 -11 -18 -4 -5 -17 -1 
-15 -14 -16 3 0 4 33 10 
-8 17 4 -4 1 -2 -16 -19 
21 21 -46 -5 1 6 13 31 
-15 0 -6 18 4 -11 -30 -61 
17 33 20 21 9 7 3 20 
-4 11 26 -15 -14 -6 -2 -12 
-17 -33 15 -4 0 2 6 3 
6 -7 40 24 5 4 9 13 
-20 -48 -90 -39 -9 -12 -22 -58 
9 12 13 -11 -5 1 3 29 
1 7 15 -8 -8 -4 0 -13 
-15 17 31 21 9 6 15 9 
4 -19 17 0 2 -4 -12 -14 
4 -16 -39 6 -1 1 8 11 
-1 0 -31 -18 -6 -8 -13 -27 
2 14 29 20 6 5 12 21 
-26 -13 -14 -20 -11 -1 -3 13 
21 -17 -3 6 10 5 18 8 
-19 5 -13 6 12 1 -9 -14 
44 -14 -29 -19 -18 -11 -16 -4 
-6 24 26 12 7 4 5 3 
8 -9 -9 -4 -3 2 0 14 
-9 2 75 50 26 6 10 25 
-6 -3 -48 -37 -12 -9 -1 -44 
43 -11 -31 -20 -19 -1 1 55 
-25 -5 -5 -5 -1 -1 -5 -35 
-13 1 -9 -13 -5 -3 -3 -22 
-30 14 27 6 7 8 17 -8 
36 10 60 22 6 -9 -17 14 
-53 3 -31 -4 -7 -6 -4 -23 
32 4 5 -3 -1 4 5 -8 
-2 9 -16 -11 -2 -2 -5 8 
-19 -22 -22 -4 -6 -5 -5 -26 
10 -6 12 12 8 3 8 17 
-14 -7 18 -15 -11 -9 -14 -25 
2 -3 10 -2 -2 0 4 26 
-11 -6 -20 -3 -2 -3 0 9 
9 1 7 1 2 -3 -8 -24 
-4 -12 -68 -17 -14 -8 -1 36 
1 0 18 6 6 5 3 -2 
-8 10 34 6 4 0 -2 -6 
3 -16 -22 -3 -5 0 -1 -7 
0 -1 3 2 -6 -4 -10 -17 
-2 -8 10 4 0 -2 -6 16 
-8 14 18 -8 1 3 11 -4 
9 14 20 3 2 1 -1 11 
-2 -21 -36 -18 -5 -2 -2 3 
-10 -10 -4 1 -5 -2 -2 3 
2 13 19 11 1 -2 0 -4 
5 -9 -16 -3 0 -1 -2 3 
-5 -8 -11 -12 -8 -5 -2 -8 
-11 6 0 -6 4 1 5 -3 
38 -14 -35 -11 -7 -4 -6 -4 
-23 -2 20 8 -2 -1 -4 -8 
3 10 26 10 2 0 -2 2 
0 -7 -9 -4 -2 -2 0 2 
-13 10 8 13 3 3 6 32 
6 2 -9 -8 1 1 -3 -7 
13 -10 -6 -3 -3 -4 -1 -2 
4 -9 15 14 -1 2 4 9 
-15 5 14 -8 2 0 1 -4 
-6 -9 -14 -9 -5 -1 0 7 
-14 0 -1 -3 -1 0 0 -10 
19 -4 17 0 -2 2 -1 3 
-18 0 -19 4 0 0 -2 -32 
-2 -2 -9 2 2 0 5 8 
-1 5 10 1 -3 -3 -8 -11 
-15 -16 -36 -11 -3 -5 -2 -2 
-24 6 33 1 -5 -2 -2 -14 
-1 -4 -17 -6 -6 -2 -2 -4 
1 3 4 5 2 1 2 5 
-3 4 2 -1 0 -1 -3 -3 
-1 -2 -10 -2 1 0 -3 0 
1 -12 -11 0 -2 -2 -5 -3 
-8 3 9 8 -3 -3 0 -3 
6 0 -19 -23 -3 -2 -4 -10 
1 2 1 2 2 2 7 10 
6 0 16 3 0 -2 -1 0 
5 -2 7 3 4 0 2 13 
8 10 -18 -4 -2 -2 -3 -1 
-7 -1 1 1 -5 -1 0 -6 
1 -12 -2 -5 -4 -3 -2 5 
-5 8 3 -5 -3 -1 0 -9 
3 -1 10 6 1 -1 1 2 
-4 0 -9 -1 1 -1 -2 -1 
3 4 9 5 -1 -2 -2 -1 
-3 -6 -11 -4 -2 0 -2 -2 
13 -3 0 0 -1 -1 -1 3 
-3 -1 -19 0 -3 -2 -2 -4 
-4 -7 3 -5 -2 -3 -3 -5 
1 1 -22 -7 -2 -1 -4 -2 
-4 -7 11 3 2 -2 -1 -2 
0 2 9 5 -2 0 -1 -2 
-12 7 15 10 7 3 0 2 
32 -4 -13 -12 -5 -2 -4 -6 
-2 -2 -1 1 -4 -1 -1 1 
4 -6 -8 -6 -1 0 -3 4 
-4 0 0 -4 -1 -1 1 5 
-9 -2 -8 -7 -2 -3 2 -2 
-2 -2 7 3 1 0 0 8 
4 -1 -7 -4 0 -2 -4 -10 
18 6 8 3 0 1 -1 2 
12 -4 -3 2 3 -1 3 20 
-31 -6 -2 -7 -5 -3 -7 -48 
-6 -2 -13 1 0 0 -1 5 
3 -3 4 -6 -2 -2 -2 1 
0 0 7 4 0 -1 -1 3 
-1 -3 5 1 -3 -2 -2 3 
-8 1 -11 -1 1 0 0 -1 
7 -4 -6 -1 -4 -2 -5 -11 
-13 -9 -10 -12 -7 -4 -3 -7 
1 2 -13 -1 1 3 2 8 
-6 -2 7 -2 -1 -2 -2 1 
0 1 4 -2 0 -3 -1 4 
-10 1 10 6 1 1 0 -2 
5 -2 1 -1 -1 -1 -1 4 
-6 -4 4 3 -2 -1 0 -2 
-3 3 -10 -3 -2 2 3 11 
-3 2 7 3 2 -2 -1 -10 
-1 -2 -2 -6 -3 -1 0 0 
5 -2 11 -1 0 0 -1 0 
-1 1 -4 -3 -3 -1 0 0 
-5 -3 18 8 0 0 -1 -2 
10 -2 -27 -16 -5 -4 -4 6 
-4 -5 -4 -2 -2 0 -1 -5 
-2 -8 -8 -7 -4 -3 -4 -7 
0 5 4 3 1 1 -1 -2 
-2 1 22 13 4 0 2 1 
1 0 -1 1 0 0 -1 3 
-3 1 -14 -4 -1 -1 -1 -2 
-7 -6 -6 -1 -2 -2 -1 2 
-5 -1 4 -1 -1 -4 -2 -3 
3 0 -5 -3 -3 -2 -2 2 
-1 2 -2 -1 -4 0 -1 -4 
-2 -4 -2 -4 -2 1 -1 2 
-1 -1 -1 0 -1 0 -1 0 
2 1 -3 -2 -1 0 -3 -5 
-5 -7 2 -1 -1 0 -3 6 
8 2 -12 -4 -2 -1 -2 -4 
-2 -6 -7 -3 -3 -1 -2 0 
-1 -2 0 1 -1 -3 -1 -2 
-13 1 7 4 -1 2 0 -1 
3 -6 -5 -4 -1 0 -2 -2 
-3 -2 1 -3 -3 -1 0 2 
0 -4 -1 -2 0 -1 -2 -1 
2 1 -2 -1 2 -1 -2 -4 
-5 2 8 0 1 -1 -1 -1 
2 4 -9 -5 -2 -1 0 6 
-2 -5 0 -2 -3 -4 -5 -13 
0 -3 1 -2 -3 -3 -1 -2 
-3 6 13 7 3 2 0 -5 
-4 -10 -9 -5 -5 -3 -3 -1 
-3 -3 -7 -5 -3 -1 -1 1 
0 0 1 -2 0 0 -1 0 
4 2 1 -1 -1 -2 -1 -1 
1 2 8 6 0 -1 2 -2 
-1 6 3 0 -1 -1 -2 -2 
-2 -10 -9 -6 -2 -2 0 -6 
-8 1 -6 -2 -2 -1 -1 3 
-9 -9 -5 -2 -1 -1 -3 -7 
3 0 3 -2 -3 -1 0 2 
-2 5 5 1 0 0 0 0 
0 -4 -4 -3 -4 -3 -1 0 
4 12 16 11 4 2 2 1 
-4 1 0 -2 -3 -2 -2 -3 
2 -5 -6 -4 -3 -2 -1 -8 
-4 -8 -16 -7 -1 -1 1 1 
1 1 19 4 -2 0 -2 0 
3 0 -9 -1 -1 0 1 5 
2 1 -1 0 -2 -1 -1 -1 
1 5 0 -1 0 -1 -1 -2 
-2 -2 -2 -4 -2 -1 0 0 
-3 -3 -3 -3 -2 -2 -1 -2 
2 -1 -1 1 -2 -2 -1 1 
-2 -4 -4 0 -3 -1 -1 2 
2 2 -4 -1 2 1 -2 1 
1 -3 3 0 1 -3 -2 -4 
3 5 10 2 3 2 3 2 
-6 -3 -6 -2 -1 -2 -2 -3 
8 3 3 3 1 0 1 -2 
-3 -7 -6 -5 -3 0 -3 5 
-6 -2 -3 1 0 0 -1 -3 
-6 1 0 -1 -2 -3 -1 -3 
-5 -3 -3 -4 -2 -1 -1 -2 
-2 1 2 2 -1 0 0 -2 
-1 1 1 -1 0 0 -2 -1 
0 -6 -16 -6 -2 -2 -2 2 
-4 -5 1 -2 -3 -4 -1 0 
1 -4 -9 -3 -2 -4 -3 -3 
1 -3 -4 -3 -3 -2 -1 7 
-3 1 10 4 1 1 0 -5 
2 -2 -5 -2 0 0 -1 1 
-2 -2 -9 -2 -1 -1 -1 -1 
-1 3 2 -3 0 1 -1 -7 
-2 -3 -4 -2 -2 -2 0 0 
-4 0 -8 -2 0 -1 -1 -2 
-2 1 8 3 0 -1 1 -1 
0 -3 -8 -4 -1 -1 -1 -1 
-5 1 5 2 -3 -3 -1 -4 
-1 -1 -5 -1 -3 -2 -3 -2 
3 -5 11 -2 -1 -2 0 -2 
-2 -3 -4 -2 -2 -4 -1 -1 
2 -2 1 -2 -3 -1 -2 -1 
-4 -3 -6 -2 -2 0 2 1 
-3 2 -2 2 1 1 -2 -3 
-1 2 21 3 0 0 0 0 
-3 -8 -12 -4 -3 -3 -2 0 
-7 -4 8 -6 -2 -3 -2 -2 
3 -4 -19 -2 -6 -1 -1 9 
1 0 -6 -1 0 1 -2 0 
0 1 5 0 0 0 -1 -1 
3 1 4 2 0 1 0 0 
-6 -4 -8 -4 -2 -2 -1 -7 
-7 -11 -11 -3 -3 -2 -1 -1 
16 4 0 -1 0 -2 -1 5 
0 -2 -3 -1 0 0 0 -1 
-8 1 8 0 0 -2 0 -3 
