#EMG
#3
#ID:3-18
19 -5 13 7 2 1 3 14 
-22 -9 -8 -1 -4 -4 -5 -3 
3 -1 -16 -4 0 -1 -1 9 
-7 -6 -12 -7 -6 -2 -1 -15 
-1 1 12 4 1 0 0 13 
48 -1 -13 -6 -1 -1 0 2 
-26 1 5 -1 -1 -3 -3 -16 
0 -2 -2 8 3 1 -3 15 
-20 3 5 -9 -5 0 -2 -1 
16 -8 -17 -10 -7 -1 -4 -8 
5 -2 1 -5 1 0 0 4 
-21 -1 2 -1 -4 -2 -4 -26 
-5 -7 -8 -1 -2 -1 0 6 
-18 6 17 6 2 -1 1 1 
14 0 1 1 -4 -4 -4 -10 
-5 -8 1 -1 6 3 2 9 
-11 4 -23 -9 -8 -6 -7 -16 
-18 -13 -10 -4 -2 -1 -1 -2 
10 -1 9 7 2 3 0 15 
4 4 0 -6 -1 0 0 -13 
2 -5 4 -1 -1 0 -2 2 
-18 2 -7 3 2 2 2 -3 
10 -2 -8 -4 -7 -6 -7 -9 
9 2 -11 -4 -3 -4 -1 -2 
-42 -9 22 9 4 1 -1 -5 
-13 -2 -19 -6 -1 1 2 9 
13 -5 -22 -16 -4 -1 -1 -3 
-11 3 3 3 1 1 0 -22 
13 -1 0 -4 -2 -4 -2 -3 
12 2 23 10 3 1 0 13 
-27 1 1 1 -1 -1 -2 -14 
3 -1 1 -3 -1 -3 -2 3 
14 -9 -17 -3 -3 -1 -1 10 
-10 1 10 2 0 -2 -4 -25 
7 6 -5 2 2 1 1 15 
2 0 -1 -7 -8 -6 -5 1 
-1 -3 -8 -4 0 0 2 -4 
9 0 3 -1 -1 -1 0 9 
9 -6 -12 -7 -4 -2 1 3 
-22 -2 9 3 -3 -3 -3 -14 
-13 6 -10 0 0 1 0 -6 
10 -3 1 -8 -8 -5 -7 0 
-5 -7 6 12 4 1 2 3 
-2 -4 -17 -14 -1 0 -1 6 
-6 -7 -11 -13 -7 -6 -4 -10 
-14 3 1 4 0 -1 0 -19 
54 4 14 4 -1 -3 -2 15 
-26 -1 6 7 1 1 0 -15 
1 -15 6 1 1 0 -1 -8 
-18 -3 -7 -3 0 0 0 -6 
-1 1 -3 -3 -2 -1 -1 -4 
26 -2 7 0 -3 -2 -1 27 
13 9 10 4 -1 -2 -1 -7 
5 -10 -23 -5 -4 -3 -2 -15 
-43 -4 7 3 1 2 1 -12 
13 1 -27 -9 -3 -4 -3 13 
-16 3 0 -6 -5 -2 0 -1 
33 -7 -11 -2 0 -1 -4 12 
-14 4 9 1 0 -2 -3 -16 
12 2 7 4 2 1 3 22 
13 -6 -15 -2 -1 2 -1 1 
6 2 -1 1 -1 -2 -1 -7 
2 -2 -16 -15 -5 -1 2 8 
-12 0 11 3 1 0 2 -8 
29 10 1 -5 -2 -2 -1 14 
-14 -5 -1 5 0 0 1 2 
-8 -1 10 3 1 0 0 4 
10 -1 -17 -5 -4 -2 -1 1 
-9 2 -4 -3 -2 -2 -1 -3 
-27 -4 -4 -7 -5 -4 -3 -15 
-3 2 -4 2 -1 -1 -4 -11 
11 -5 0 1 2 2 0 13 
3 11 0 1 0 -1 -1 13 
-1 0 37 12 6 -1 1 -4 
0 -9 -49 -20 -6 -3 0 2 
-5 -4 -3 -1 -4 -2 -2 -9 
4 -2 -5 -4 -2 1 0 -7 
19 -1 8 2 -3 -2 -5 1 
-11 4 13 1 2 0 -1 -3 
17 0 16 5 -1 -2 1 24 
-16 -9 -21 -6 1 0 1 -31 
-24 -5 -25 -17 -6 -3 -3 -20 
9 -3 18 8 1 0 -3 0 
-29 1 -1 -1 -4 -1 1 -18 
3 -4 9 0 0 0 -6 10 
-6 5 13 7 4 2 2 7 
15 -7 -15 -5 -6 -5 -2 10 
-81 -9 1 -6 -3 -2 2 -52 
7 0 -7 1 -4 -8 -8 2 
10 9 -7 -6 -3 -2 -1 -8 
-8 -4 7 4 -1 1 -2 0 
20 -1 -12 -4 -1 -1 0 7 
8 -11 6 0 -1 2 5 23 
-11 0 -3 6 1 0 -3 -6 
0 5 2 -6 2 6 7 6 
21 0 -8 0 0 -3 -5 3 
1 1 11 0 -1 2 0 3 
7 -4 -17 -8 -3 -2 -6 -1 
-30 -5 -10 2 -2 -1 -1 -6 
10 -6 8 -2 -1 3 4 9 
-5 -1 2 0 -2 -4 -2 -31 
-9 -10 -11 0 0 -1 -2 9 
-10 0 30 6 1 -2 -6 -41 
8 5 -16 -4 -3 -5 -3 2 
-6 -15 -20 -3 -2 -4 -5 -11 
-7 -3 33 11 3 1 4 -15 
1 7 19 -10 -1 -2 -6 8 
25 7 -18 -5 -4 -2 -2 -6 
-2 0 17 5 -1 0 -4 3 
-7 -27 -85 -25 -10 -5 -4 11 
-20 -2 9 6 0 1 5 -17 
7 -5 4 0 -2 -4 -7 -13 
-17 4 3 -2 -1 3 6 -3 
11 7 31 11 4 -3 -5 -6 
-9 47 21 3 0 0 -7 10 
9 9 7 6 1 0 -5 -1 
0 -18 -35 -21 -9 -2 8 5 
0 3 -5 -8 -7 -6 -16 -15 
-12 20 15 7 3 -1 6 8 
12 -19 -11 -4 0 2 3 2 
-15 -27 -54 0 0 -6 -12 2 
11 -12 10 -4 -3 2 8 12 
14 6 12 4 -4 -2 -3 -5 
-26 2 -9 -2 4 5 3 -1 
1 8 27 8 2 1 2 0 
1 3 -31 -10 -1 -1 2 17 
15 -21 -37 -5 -4 -2 -4 -2 
-6 18 46 29 9 2 0 -1 
2 49 23 -16 1 4 0 6 
-14 28 49 4 -12 -3 2 9 
14 -4 -6 -5 0 0 2 0 
9 3 -31 -8 -2 0 3 7 
-4 -40 2 22 12 -3 -16 -15 
5 2 -2 12 5 5 5 -1 
-12 -29 -48 -23 -5 -4 -3 -6 
-10 -5 27 -17 -20 -6 -3 -1 
21 -39 -66 -6 -6 -7 -4 4 
42 -14 42 15 18 5 6 31 
-12 -16 -31 4 -15 -6 -8 -47 
-6 9 11 -10 0 0 0 0 
7 13 30 9 -3 -3 0 9 
17 10 -3 -6 -2 0 -3 10 
24 -28 -10 5 9 5 5 27 
-10 28 21 0 0 -5 -8 -12 
-13 19 9 0 -4 -1 3 -2 
1 -3 -33 -7 1 -2 0 -9 
-5 6 54 10 1 0 0 13 
-14 -37 -33 0 -5 -4 -3 -7 
-5 -1 -8 -11 4 4 1 1 
-27 -15 -12 -1 -10 -3 -6 -13 
6 24 7 -7 -3 -2 -3 6 
15 -8 7 -1 -2 0 -5 21 
3 17 16 5 4 3 5 -18 
-5 3 11 2 -1 -4 2 -9 
7 14 13 6 6 2 3 12 
-4 -8 -18 -13 -8 -4 1 4 
3 -7 7 -3 -4 -3 -9 4 
-16 7 21 -2 3 4 4 -10 
-7 -22 -29 -3 -3 -5 -6 6 
31 27 -11 9 7 2 4 -2 
-59 -12 15 -3 -4 -1 -3 -45 
-2 -21 -10 -6 -1 -2 -7 -8 
5 -1 -9 -2 -1 0 5 6 
-8 4 31 20 5 1 -1 -8 
27 1 -31 -25 -2 0 1 45 
-30 -2 -19 -4 -6 -4 -1 -10 
7 -9 -6 -4 -5 -5 -8 -23 
4 -23 -34 -9 -2 1 1 26 
10 7 38 19 5 1 7 -1 
-18 11 9 -4 1 -1 -4 -20 
3 9 -11 -2 -2 -3 -1 10 
22 -6 8 6 1 0 -1 22 
-68 -1 -5 -4 -4 -6 -9 -27 
4 -11 2 -4 -8 -7 -11 -14 
3 -13 -25 -11 -1 1 -6 31 
-15 -2 -1 -6 -2 -2 -3 -95 
35 5 8 5 -3 -1 20 69 
-7 0 17 7 4 3 4 -7 
-16 5 -6 4 0 -2 0 -21 
23 13 28 14 4 -2 -8 17 
1 -11 -49 -23 -7 0 -20 -24 
29 9 12 -6 -3 3 -5 64 
-17 4 -2 2 5 5 34 -5 
4 -6 -12 -8 -4 -3 -12 -15 
-8 21 44 22 4 2 0 -8 
-11 -7 -38 -16 -6 -1 3 -1 
0 0 22 1 -1 1 -7 14 
-2 2 13 0 1 -1 7 6 
41 7 -6 7 4 -1 -11 43 
-38 -26 -21 -2 -3 -4 5 -43 
1 -29 -39 -5 -2 -3 -2 -3 
-18 29 17 -1 -2 0 7 -2 
45 35 75 6 1 2 5 22 
4 -46 -52 -7 -3 -4 -7 -5 
-3 -11 -29 -4 -5 -5 -4 -10 
-8 -52 -8 7 1 2 2 20 
-3 -15 -25 -13 -2 -2 1 -21 
14 28 32 9 1 -2 -3 9 
-5 -1 40 9 3 0 -3 -19 
-7 0 -20 -16 -5 -4 -8 15 
-10 -6 -11 -1 -3 -2 1 -11 
-3 -4 -17 -4 -1 -2 0 0 
-8 4 24 4 0 1 -5 -4 
-5 5 -23 -7 -2 0 0 -5 
0 -10 -37 -3 -3 -3 2 -15 
14 14 19 15 5 2 -1 15 
11 44 13 3 3 0 -9 10 
-7 -6 -18 -30 -13 -2 4 -6 
-10 -17 -39 -13 -7 -5 -3 -15 
8 18 45 0 -4 -2 3 3 
-7 5 -8 3 0 -5 -9 -6 
-12 -27 11 10 5 -4 -3 -8 
-23 2 22 -1 0 4 4 -11 
4 57 33 8 0 -2 -1 -2 
5 2 6 -12 -3 -3 -1 -5 
3 3 -18 -4 -5 -2 1 3 
2 0 13 6 -1 -3 0 -3 
7 5 -41 -4 1 0 -2 -1 
-3 -6 34 8 0 0 0 1 
-1 9 -2 5 3 1 -2 2 
-2 -20 -10 -8 -2 0 1 -3 
0 45 8 -9 -1 1 2 2 
10 -5 -20 -9 -4 -3 -6 3 
-9 -23 -7 12 0 1 1 -3 
-10 -32 6 4 0 -1 1 2 
-4 -13 -14 6 2 1 -2 -19 
11 -10 -16 2 3 0 -1 2 
-8 13 16 0 2 -2 -3 -6 
3 18 13 8 -4 -2 0 5 
-3 -20 -20 -15 -1 2 3 2 
8 -13 -15 2 -3 -1 -4 18 
1 -15 -2 -12 -4 -3 0 -17 
-15 21 -16 1 2 3 0 -4 
22 0 17 0 -4 -3 -1 -2 
-34 -13 4 2 -3 -4 -2 19 
12 14 35 7 2 -3 -8 4 
2 2 -12 -3 -5 -4 -3 -20 
-5 -42 -5 5 -1 2 1 0 
3 -3 -4 -19 -5 -3 -4 -1 
-5 13 -3 0 -3 -1 0 10 
5 -5 11 3 0 -1 1 -4 
-11 -11 12 13 6 -2 -2 8 
0 -7 -28 -19 -6 1 5 0 
4 20 -1 -1 1 0 0 5 
-11 0 -15 1 -1 -2 -4 -15 
5 10 -3 2 -1 2 -1 6 
-16 8 33 4 1 2 -30 -28 
-14 -24 17 17 2 0 25 6 
4 13 -70 -36 -11 -8 -6 27 
-2 0 3 0 1 -1 -1 8 
5 -9 -2 1 -3 0 17 -22 
11 -10 -9 0 1 -1 -22 -32 
-4 -15 26 9 4 -1 -4 -6 
-9 -8 -22 -2 -7 -6 -5 9 
-3 1 -18 -11 -3 -2 5 -28 
-2 14 -4 -9 -1 -2 -47 7 
-28 3 30 4 -4 -1 28 -22 
-13 6 -22 -19 -8 -4 -2 -42 
-2 16 13 11 -2 -9 17 46 
13 10 3 -1 4 6 21 4 
-1 8 -28 6 -4 -6 -42 -11 
40 -13 4 -11 1 1 9 -43 
-1 -8 -3 1 0 3 35 54 
-14 14 23 7 0 -12 -44 36 
47 6 -11 6 1 -3 19 -32 
5 -39 -11 -18 3 10 12 38 
8 -11 9 14 -3 -5 -36 -29 
-32 -17 -42 -19 -9 -2 0 -42 
-13 13 54 21 17 13 17 17 
-50 -18 -39 -14 -16 -21 -33 20 
-1 32 -24 -2 5 11 40 -20 
5 -16 -36 -4 -4 -1 2 -4 
-7 -20 -26 -11 -6 -5 -7 8 
2 -14 -2 4 1 4 5 16 
-7 -28 19 -10 -2 1 -3 22 
-2 -2 10 -1 -4 -5 3 -10 
17 8 19 8 6 4 -2 25 
9 5 -11 1 -3 -2 0 8 
-8 -10 0 -1 -3 -3 -20 -22 
10 12 -14 1 2 2 2 7 
0 -2 6 -12 -10 -2 5 0 
-10 10 19 5 3 -1 -9 -14 
1 22 38 7 -1 -2 -9 -7 
9 32 -27 0 3 1 20 -2 
-13 10 -54 -23 -12 0 -11 6 
-1 16 28 5 0 -1 4 -2 
22 -14 -28 -4 2 2 -4 12 
-5 2 9 -4 -9 -7 5 7 
6 -4 32 17 8 -2 -7 -1 
0 20 -57 -14 0 1 -1 -4 
-2 -6 -2 -4 -5 -3 -2 -6 
4 -9 36 4 0 2 1 0 
-9 -3 -28 -12 -10 -5 -8 -6 
-6 3 36 17 6 0 6 -3 
-16 -17 -41 -17 -9 -4 -11 -13 
8 -11 7 3 0 0 7 16 
58 -24 -17 -9 -5 -7 -10 -2 
-19 13 41 12 -1 0 3 -13 
-3 1 -3 -6 -1 -1 2 -11 
48 -5 -1 0 1 -2 -10 11 
-55 -15 4 -3 -3 -5 -2 -34 
3 -3 -1 1 -6 -6 -1 -23 
-6 1 5 5 6 3 17 16 
43 0 -4 -3 -1 0 0 -8 
-10 -3 13 5 2 0 -1 0 
14 1 -1 -4 -2 -5 -9 20 
-2 20 29 9 1 0 -2 -10 
-28 -18 -13 -6 0 4 4 12 
-4 -2 10 -6 -2 -2 0 -2 
-21 -4 14 3 1 3 -2 -9 
21 15 7 -3 -2 -1 -4 14 
-17 3 -19 -2 0 -4 -4 -6 
-1 -8 -14 -3 -1 -2 -1 2 
0 -8 3 -6 -3 -1 2 -4 
1 -13 -4 5 2 -3 -11 -6 
-19 6 7 0 -1 0 4 -1 
2 -1 8 3 2 3 3 2 
0 -1 -20 -7 -5 -4 0 3 
10 -8 1 2 -1 -2 -5 3 
-26 8 2 -7 -4 -1 2 -10 
5 10 9 7 3 1 3 20 
3 -7 -4 -3 -3 -1 -6 2 
4 2 12 3 2 1 -1 3 
-11 -19 -1 -1 -1 -4 -2 -21 
4 3 7 -4 -4 -3 -5 1 
-1 -7 -27 -4 -1 0 0 -1 
25 8 12 1 -3 -4 -4 7 
-8 -28 -12 5 4 1 3 11 
-1 31 18 -10 -2 0 1 -26 
-5 -1 10 5 3 1 -2 2 
7 10 -7 -5 -3 -3 -3 6 
5 6 11 2 -4 -3 1 6 
-17 -6 -3 5 0 0 -1 5 
-6 -19 -6 1 1 0 1 -5 
-15 1 8 2 -1 -2 -4 -12 
2 -14 -20 -12 -8 -5 -5 -8 
-16 -4 7 4 1 1 2 -4 
5 3 0 -1 -2 -1 -1 5 
-21 -14 -4 2 0 0 -1 -17 
-9 2 0 1 0 -1 -1 -21 
19 2 -2 -1 1 1 -1 15 
-4 -5 0 0 -4 -4 -4 -5 
1 -2 -5 -1 -2 -4 -2 -7 
-1 2 0 -3 -3 -2 3 10 
6 -7 -3 -3 -3 -3 -1 -6 
13 7 7 -1 -1 0 -3 0 
-70 -11 -6 -4 -2 -1 -1 -10 
-2 6 -1 0 1 1 -1 -27 
36 -3 -3 2 -2 -4 -4 18 
-30 0 4 -1 0 -3 -5 -2 
30 -6 -17 -5 -3 -4 -1 12 
-5 17 12 2 2 3 1 16 
-5 -8 -7 -3 1 -3 1 6 
-6 0 -5 -3 -4 -1 4 0 
34 0 3 2 0 -2 -4 9 
3 -3 6 3 1 0 -3 2 
3 14 2 1 -1 -3 -2 4 
-2 4 -7 -4 0 0 -3 1 
-7 -2 -3 -2 -2 -1 1 -4 
-3 -2 -6 -1 -3 -2 -1 -4 
-2 -9 1 0 -3 -1 -2 -1 
8 0 -6 0 -3 -1 0 10 
1 4 3 0 -1 -1 -1 -20 
4 7 -18 -7 -4 -3 -2 1 
-24 -4 -4 1 2 1 0 -8 
15 -15 0 0 -1 -2 -3 -3 
12 9 -1 0 0 -1 2 23 
-6 1 5 -1 -3 -3 -3 -18 
-7 -8 -7 -3 -3 -2 1 0 
-9 -3 5 0 0 -1 -1 -8 
65 5 -1 -1 -3 -3 -1 20 
-25 -17 0 -2 0 2 0 -4 
-1 -2 -5 -3 -3 -2 -3 -6 
0 18 9 1 -1 0 0 3 
-18 -7 -1 -2 -2 -1 -2 -22 
22 1 -10 -3 -2 -1 1 26 
-7 -12 -11 -2 -2 -3 -5 -22 
6 -7 7 -1 0 0 1 6 
-22 -6 -4 0 -1 -1 -1 -11 
5 -7 -14 -3 -2 -3 -2 5 
-5 -9 2 0 -2 -1 0 4 
-1 13 -3 -2 -2 0 1 -4 
-16 -8 -1 -2 0 -1 1 -8 
-3 8 13 2 2 0 -3 4 
16 -3 -4 0 -1 0 -1 9 
-7 -13 -17 -1 -1 -2 -2 -24 
-7 7 1 0 -1 0 1 0 
-1 0 -8 -5 -5 -6 -2 0 
-3 6 5 -2 -4 0 -3 0 
52 2 2 -1 -1 -1 -1 6 
-32 -13 -6 -1 0 2 0 -7 
3 0 -4 0 -1 -2 -1 0 
-2 4 3 1 1 0 -3 -2 
-3 2 5 2 1 1 -7 -12 
3 3 -10 1 5 3 7 -4 
-19 -6 20 6 2 0 -2 2 
-2 -4 -6 1 1 0 16 -12 
-22 -13 0 -7 -5 -2 -8 -36 
2 3 2 0 0 -1 -3 31 
-19 -12 -5 -4 -2 -2 4 -3 
-3 2 -1 0 -1 1 -2 -8 
-8 9 1 -1 -2 -2 1 18 
63 5 -10 0 -4 -1 4 38 
-14 -8 -11 -3 -4 -3 -15 -43 
1 5 0 -2 -4 -5 -6 7 
-1 0 0 -1 0 0 4 12 
2 -12 -4 -1 -3 -3 -6 -15 
10 12 -6 -4 -4 -2 -2 5 
-7 -15 -2 -4 -1 -2 -4 -5 
-4 10 6 1 -1 0 3 7 
-13 -8 -9 -1 -2 -1 -4 -10 
1 10 4 -4 -3 -3 2 3 
-6 4 0 1 2 2 -1 3 
0 -10 1 -1 1 1 3 2 
-39 -2 3 -2 -2 -5 -7 -9 
13 -5 1 -1 -1 -1 -1 2 
10 2 -5 -5 -4 -5 -3 3 
-4 9 2 4 1 -1 -2 -2 
-7 0 -2 -2 -2 -1 -1 -10 
1 0 1 -2 0 1 4 15 
13 -11 -9 -1 0 -1 -2 5 
-72 -8 -10 -5 -6 -6 -6 -25 
2 1 8 -1 -1 0 -3 -3 
-7 5 7 -1 0 0 2 -4 
5 6 11 2 0 -1 -1 10 
19 -12 -12 -4 -3 -2 0 8 
-3 -8 -13 -4 -6 -2 -4 -6 
0 -6 -1 1 0 -2 -1 -12 
0 4 12 3 3 2 4 18 
-19 1 -1 -2 -2 -4 -3 -26 
6 2 3 -5 -4 -6 -3 -16 
16 9 -8 -4 -2 0 -1 9 
-18 -19 1 10 8 5 2 5 
37 -3 -3 -2 -1 0 1 15 
-60 -3 10 0 -1 1 0 -15 
-10 -8 5 1 -1 -2 -2 -7 
19 8 1 -2 -4 -1 -3 17 
-11 -2 -2 -1 -2 -2 -1 0 
12 -2 2 -2 -1 1 1 0 
4 -9 -5 -2 -3 -2 -1 3 
-22 -6 -4 -6 -5 0 -1 -11 
15 -3 -4 1 0 1 0 9 
5 0 -6 -2 1 0 -1 -1 
-11 -10 -10 -2 -2 -3 -2 -16 
14 0 -10 -5 -4 -6 -4 -8 
-30 3 2 -2 -3 0 -3 0 
1 -5 0 -2 0 -1 -3 -4 
2 0 4 3 2 3 5 15 
-13 0 -8 -5 -4 -4 -4 -24 
13 -8 -3 1 0 -3 0 -2 
3 2 1 0 -1 -3 -1 4 
12 -5 -10 0 2 0 -1 24 
-8 0 0 -1 -3 -5 -4 -31 
41 5 3 4 2 2 1 17 
-3 -3 -9 -5 -3 -4 -6 -19 
14 1 -4 -2 -3 -4 -1 6 
-2 0 3 -1 0 2 -1 16 
4 16 -17 -3 -2 -3 -5 -2 
-1 -6 0 0 -2 -1 -1 -3 
-9 4 6 0 1 -1 -1 -5 
-11 -12 -20 -6 -4 -4 -4 0 
2 5 8 2 2 0 -3 -2 
2 -8 -1 -2 -3 0 1 -4 
-19 2 9 0 -1 0 0 -5 
-5 14 6 -2 -4 -1 0 -1 
-8 -8 -7 0 -1 -1 0 0 
5 3 -2 0 0 -3 -2 5 
0 -5 0 1 0 -1 -2 -13 
1 -2 4 1 0 1 0 8 
50 3 17 1 -1 0 0 15 
-52 -14 -20 -6 -2 -2 -3 -11 
2 5 -2 -6 -6 -3 -4 3 
-2 0 0 -1 1 -2 -2 -15 
-3 -1 0 0 0 -2 -1 0 
12 -3 0 0 3 3 0 5 
0 -7 6 -1 2 -1 -2 0 
-8 2 2 1 -1 -1 -3 -19 
-20 -2 8 0 -1 1 -1 -9 
12 9 8 1 -3 -3 0 10 
-7 6 -4 2 1 0 -3 9 
-2 -24 -6 -2 -1 -2 -1 -9 
-17 8 2 -2 -2 -1 2 0 
2 5 0 0 0 -2 -1 -4 
1 -4 -5 -2 -2 -2 -2 -4 
0 -3 -5 -2 0 -1 0 11 
25 -17 -22 -4 -2 1 -1 7 
2 -9 -9 0 -2 1 0 -5 
0 -9 0 -2 0 1 2 1 
-5 6 -3 -1 -1 -2 -1 0 
-9 0 -2 -8 -5 -5 -2 -12 
-3 6 4 -3 1 -1 -2 -2 
-4 -9 -6 2 -1 1 -1 -8 
17 2 3 0 0 -3 -3 5 
-17 -4 11 3 1 2 1 -2 
7 -1 0 5 1 2 1 6 
-5 0 -22 -6 -5 -6 -6 -18 
-8 6 -1 -5 -5 -2 -1 2 
-7 5 -1 0 -2 -2 -1 -4 
-6 2 -3 0 -1 -1 1 4 
-1 -10 -4 1 0 0 -1 -3 
8 1 5 3 1 -2 2 9 
-8 8 16 0 0 0 0 -1 
3 -10 -20 -10 -7 -7 -10 -17 
-6 1 5 1 1 0 0 -5 
6 8 3 -1 -3 -1 -4 12 
26 -6 3 1 1 2 5 16 
-52 14 17 -2 -3 -4 -7 -24 
1 4 1 -1 1 0 0 6 
-3 -5 3 -3 -4 -2 -1 -5 
20 4 -1 0 0 2 1 23 
-7 -5 -6 -1 1 -1 -1 -14 
2 -5 -11 -4 -4 -5 -3 0 
-6 -1 -6 -3 -2 -2 -1 -4 
-17 -5 -4 -2 -2 -3 -5 2 
19 2 3 -2 -4 1 4 14 
-6 2 9 1 -2 -1 -4 -7 
5 -4 -2 0 2 2 2 4 
-6 0 -1 -2 -2 -4 -5 -7 
-5 -13 -4 0 3 1 0 -9 
15 -6 2 -3 -4 -2 2 4 
5 0 1 -1 -3 0 -4 0 
-14 -6 -5 -2 -1 -2 -2 -11 
19 0 6 2 1 1 1 25 
-8 -13 -11 1 0 -2 -2 -22 
-11 7 -2 2 3 3 2 -4 
6 0 7 0 -3 1 1 13 
-9 -9 -12 -5 -6 -4 -2 -6 
39 4 -4 2 4 0 1 3 
-51 -10 -3 -2 -5 -5 -4 -16 
9 2 1 -3 -1 -1 2 31 
2 -6 -5 -2 -4 -3 -4 -32 
2 8 -3 -3 -1 -1 -2 -1 
20 2 -9 -6 -4 -3 -5 -3 
-13 -2 -6 -2 -1 -3 -1 -6 
2 -4 4 3 3 3 2 19 
-18 3 5 -3 -3 -3 -2 -15 
8 -7 5 -1 -2 0 1 3 
-18 -12 -13 -6 -2 -1 -3 -20 
12 15 1 0 0 -1 0 11 
-4 8 9 1 -1 -1 -1 2 
1 -7 -8 0 0 -2 -1 -3 
-4 21 10 1 0 0 -2 -10 
8 4 6 1 -1 -1 1 2 
-4 4 -3 -4 -3 -1 -1 8 
-7 -8 -1 -1 0 0 0 -12 
-8 1 1 0 0 0 -2 -14 
21 -2 -7 -4 -2 0 0 19 
-69 -16 -7 0 -1 -3 -5 -32 
3 2 -3 0 1 -1 0 2 
0 -16 -7 -2 1 -1 -1 -5 
-2 1 5 -1 -3 -3 -2 -1 
16 3 3 -1 0 3 3 22 
12 6 1 -2 -3 -3 -5 -10 
-17 -6 -15 -1 -1 0 -1 -7 
-7 -8 5 -1 2 0 0 5 
6 -2 -6 -2 -1 -2 -1 2 
1 -9 0 1 0 0 -1 0 
15 2 -1 -4 -4 -3 -3 -1 
-11 -2 -13 -4 -2 -2 -3 -11 
-6 -4 7 1 -1 2 1 4 
9 3 4 -1 -1 -3 -1 4 
-3 23 8 -2 -1 -1 2 -7 
-4 5 4 0 1 0 -1 -21 
2 6 9 0 -2 2 3 -1 
-11 -9 -8 -4 -2 0 2 1 
-2 13 -1 0 -1 -1 -1 -2 
0 5 2 -4 -3 -2 -1 -8 
34 -4 -3 2 3 -1 1 8 
-34 -6 -2 -1 -2 -3 -3 4 
1 -9 -1 2 0 0 -4 -8 
-4 -7 -9 -4 -3 -3 -1 7 
4 -3 -4 -2 -1 -1 -2 2 
5 -6 -9 -1 -1 2 2 -2 
-17 -16 -9 -3 -2 -2 -1 -4 
15 8 0 -3 -2 -4 -4 4 
26 5 5 0 -1 0 1 1 
-63 -17 -3 -5 -6 -4 -6 -22 
14 -5 0 -2 -2 0 1 23 
-4 -1 -2 1 -1 -2 -5 -37 
-14 -1 -4 -3 -3 -2 -3 -24 
29 10 4 0 1 1 -2 20 
2 -15 -5 -1 -2 -1 0 0 
-15 0 2 0 0 1 1 7 
-5 -14 -10 0 -1 -2 0 7 
6 44 5 1 0 -2 -2 -9 
-10 8 -5 -3 -2 -2 -1 2 
13 -2 4 6 7 4 2 23 
-13 -6 -4 -6 -5 -1 -2 -5 
16 -13 3 3 4 2 2 1 
2 -7 -4 -5 -3 -1 -1 -5 
0 5 3 0 -4 -3 -2 4 
-1 3 1 -2 -1 -1 -1 4 
7 -1 0 -1 -1 -2 0 2 
-2 1 -9 -1 -1 -2 -4 -10 
-8 -6 4 -2 -3 -3 1 5 
26 10 9 -1 2 2 0 7 
