#EMG
#6
#ID:6-66
-12 -1 3 1 0 2 3 -8 
7 0 0 -3 -4 -5 -4 11 
-6 -5 11 1 1 0 2 0 
8 -5 -4 3 0 -2 -2 -8 
-20 2 -15 -8 -6 -3 -2 2 
-1 -2 -11 0 -1 1 1 4 
17 5 22 1 1 1 0 8 
-13 -7 -9 -2 -1 0 2 1 
2 -1 11 0 -1 -3 -6 -25 
-2 5 -2 -1 -1 -3 -1 -6 
-7 -16 -6 -2 -1 0 -1 6 
-8 1 1 -4 -3 -1 0 -3 
17 0 -2 0 1 1 2 12 
-11 -4 -14 -8 -5 -8 -6 -11 
5 1 1 2 -2 -3 -3 3 
21 11 -3 0 -2 -3 -3 5 
-3 -1 -10 3 4 4 2 12 
-15 3 -13 -3 -4 0 3 6 
-11 -6 -2 -3 -3 -1 -4 -16 
-7 0 -4 1 3 2 0 10 
-8 -5 16 -2 -3 -4 -5 -31 
11 3 -2 0 0 1 0 -6 
3 7 3 0 -1 -2 -1 10 
-7 -10 5 1 -3 0 1 -4 
-2 7 -5 -1 3 2 6 28 
5 0 10 3 2 -1 -2 -31 
-11 10 0 -1 -2 -1 -2 6 
14 -10 13 -1 -4 -5 -7 -31 
7 -2 -48 -8 -3 -1 2 29 
3 2 17 -2 -4 -3 -2 -9 
12 -8 -6 0 -3 -2 2 19 
-55 3 -2 -1 -2 -1 -4 -41 
1 -8 9 2 0 2 2 -2 
9 -1 -19 -2 0 -5 -4 -7 
7 1 6 -2 -3 0 -1 -7 
9 2 5 2 2 2 5 26 
0 -13 -12 -5 -5 -5 -4 -14 
-2 3 5 1 -1 -1 -3 0 
10 -1 -8 -3 -3 -3 -2 6 
2 3 -12 -6 -2 -2 1 6 
-50 -13 3 2 3 4 1 -16 
21 1 -1 -2 -3 -4 -2 17 
2 -1 0 -3 -4 -4 -1 -11 
24 -9 -5 0 1 1 3 23 
-35 0 -3 -4 -1 -2 -4 -17 
15 -5 6 -4 -5 -4 -8 -28 
-10 -19 -14 2 4 2 1 3 
12 6 -10 -3 -1 -5 -4 -6 
17 20 32 8 3 3 4 27 
-24 -18 -14 0 2 1 3 -3 
-11 4 12 0 -2 -1 -1 -16 
0 1 -1 -2 -4 -2 -2 -8 
16 1 12 1 -1 -4 -5 5 
-16 -2 -3 -2 -3 1 3 -10 
-7 3 5 2 1 -2 -4 -6 
-19 -12 -16 -6 -1 -1 2 -1 
17 3 -12 -4 -5 -5 -3 3 
-9 -2 -5 0 1 1 2 -2 
22 -4 4 -2 -1 0 2 37 
7 0 17 3 0 -1 -6 -46 
-20 7 8 5 2 3 1 -4 
-9 -17 -3 -3 0 0 -2 -17 
18 4 4 -4 -5 -5 -3 0 
-18 -13 -13 -7 -5 -5 -1 22 
19 -5 13 8 3 3 2 -5 
-13 1 -34 -9 -4 -3 -1 4 
-5 -3 23 2 0 1 2 -3 
15 -9 -10 -1 0 -2 -5 6 
7 -3 -6 1 -5 -3 -1 0 
-1 7 -1 -16 -5 -2 -1 9 
-17 1 -6 0 0 0 0 -20 
6 5 5 -6 -2 0 3 28 
6 -13 -3 2 -1 -3 -4 -19 
30 9 13 3 1 1 0 17 
-7 -4 -24 -5 -5 -2 -1 -2 
-12 5 12 11 5 1 1 1 
20 16 -2 -12 -3 -4 -3 7 
-7 -14 -8 -2 -3 -1 1 1 
1 6 8 7 0 -2 -3 -7 
-7 -5 -3 -4 0 1 2 4 
-2 -7 -1 -2 -4 -4 -5 -7 
-6 13 9 6 5 4 7 28 
-1 -6 5 -4 -4 -2 -2 0 
-17 7 -13 -5 -4 -3 -5 -20 
-16 8 9 -8 -8 -4 -1 0 
-21 12 3 5 2 2 0 1 
-1 1 -16 2 2 2 3 12 
0 -3 3 1 -1 0 0 14 
14 8 11 2 1 -1 -6 -4 
5 -23 -2 1 -1 -1 2 0 
14 1 -16 -4 -2 -1 -3 -10 
-12 -28 -4 -4 -4 1 0 -12 
19 -15 -1 1 5 6 9 64 
-8 15 22 13 0 -6 -13 -77 
-27 27 -13 -9 5 2 -1 -22 
8 8 14 12 -1 -4 -5 -6 
-25 -14 -47 -27 -6 0 0 -8 
20 -29 -2 -2 -6 -2 -1 29 
10 -6 1 3 1 0 2 23 
0 4 13 5 0 -1 -2 -17 
7 24 14 11 2 -3 -4 -3 
-4 -14 -11 3 0 -2 -2 10 
-10 -1 22 4 -3 -3 -4 -8 
31 -13 -34 -16 -7 0 0 7 
-3 23 9 6 -1 -3 -4 6 
-14 -18 -12 -6 4 5 7 -12 
-23 -20 12 6 -2 -4 -4 -1 
-36 6 -37 -10 -3 -2 -4 -18 
30 9 -10 -4 0 0 2 31 
-18 11 24 1 -1 -2 -1 0 
2 -27 10 1 1 3 7 3 
19 0 -2 -8 -3 -4 -8 -2 
-20 -19 -18 -2 -3 -1 3 -16 
-4 14 21 2 1 -2 -3 8 
22 -6 -20 0 0 0 -5 21 
15 21 -9 -2 -2 0 5 -3 
-3 14 16 1 -3 -4 -6 -43 
-6 -2 12 8 6 6 4 -11 
-10 14 -35 -18 -8 -4 -1 3 
23 2 -5 -2 0 4 11 13 
-63 -25 8 -2 -5 -10 -16 -32 
14 7 -6 -2 -5 -7 -10 -2 
-3 3 -2 -4 -4 -5 -4 -16 
14 15 31 8 2 -3 -8 27 
46 13 9 3 1 3 8 52 
-13 4 0 -13 -4 -2 5 -37 
-10 -3 -10 -2 -1 0 -8 15 
-14 4 35 3 -2 -3 0 -15 
2 -18 -14 1 3 0 4 2 
32 -4 3 -1 -3 -5 -10 22 
24 10 -10 -6 -3 2 2 -24 
-23 -34 7 3 3 0 0 8 
-13 -14 -35 -10 -6 -3 -6 -7 
16 14 -5 -6 -3 -1 1 13 
-10 -26 0 3 3 3 9 -11 
-12 -5 -3 -2 -1 2 14 0 
-5 -3 10 5 3 -3 -27 -18 
4 -11 1 3 1 2 5 15 
2 21 -3 2 -4 -4 0 2 
-35 -10 -3 -5 -3 -4 -10 -2 
7 5 3 5 0 5 14 2 
-8 8 -20 -17 -7 -3 -5 -11 
-6 3 9 2 2 1 13 5 
14 27 11 -1 -1 -3 -10 8 
7 -17 -11 -3 -3 -4 0 -3 
-21 39 11 7 4 3 -4 14 
5 -17 -6 -1 -1 1 7 -12 
1 9 -7 2 0 -1 -4 -3 
46 21 43 9 5 4 11 16 
-63 -45 -63 -9 -8 -10 -18 -19 
29 21 12 -1 0 -3 -10 1 
-26 -15 -20 -5 -4 -3 -1 -6 
-17 -26 9 -2 1 3 5 -8 
23 19 46 4 0 3 8 3 
2 -1 -30 -7 0 1 -2 5 
-5 -18 29 2 2 -2 -11 -26 
13 -14 -19 -1 0 1 1 -8 
-15 -26 6 7 -2 -5 -9 6 
-18 -9 -16 -5 -4 2 13 -4 
31 24 10 5 2 5 4 37 
-9 -10 -2 -3 -1 -6 -14 -25 
15 -19 10 -2 -4 1 4 14 
2 35 63 21 5 2 -3 -2 
-18 -33 -102 -41 -14 -6 2 -11 
-7 0 18 -2 1 3 6 12 
27 5 -10 4 3 3 2 -10 
-9 -50 -31 1 -2 -6 -15 -1 
-11 25 10 12 8 1 2 -12 
-8 -3 -25 -12 -9 -5 -3 -2 
6 6 -6 -1 -1 -3 1 10 
-21 5 24 2 0 1 -11 -25 
14 -3 -15 4 -3 -5 -3 -18 
-15 -7 9 -2 0 -1 4 2 
-8 2 -5 4 -1 0 -3 -9 
0 -3 -20 -10 -1 1 4 -1 
-4 -11 14 4 -3 -3 -9 6 
18 28 19 1 -3 -1 -4 36 
-8 -21 -30 -3 -2 0 10 11 
-5 -3 20 -10 -2 -4 -10 -38 
1 32 23 0 -4 -2 9 19 
7 12 -8 0 -1 -2 7 5 
12 1 -20 1 0 -3 -9 8 
-7 29 -8 -1 1 0 1 3 
-3 -21 37 1 -1 0 1 -1 
7 -26 -23 10 -1 0 -4 -23 
4 -9 -1 -13 0 1 5 -7 
17 6 -2 -8 -8 -6 -12 18 
8 11 19 8 5 5 4 -8 
-27 -31 -46 -13 -8 -6 -4 -6 
0 3 22 5 0 0 -1 -5 
39 -2 -37 -14 -8 -3 -1 32 
-47 -17 -1 1 3 -1 -7 -64 
6 17 17 8 1 -2 4 -4 
-2 25 4 5 1 0 0 -7 
-31 -67 32 8 2 0 -5 -1 
19 17 -5 -9 -3 -2 1 11 
-9 2 -14 -10 0 2 1 -6 
14 -18 13 2 -3 -2 0 -10 
-10 -25 -14 -9 -1 1 3 2 
4 -8 23 5 -7 -6 -6 -6 
-19 -8 -1 -7 2 1 -3 -5 
15 7 5 8 1 -2 -2 15 
7 13 -9 -5 2 1 4 21 
-5 -11 -33 -14 -4 0 0 -3 
-5 5 22 5 4 5 11 -5 
8 15 23 -1 -4 -4 -7 18 
-23 -4 -32 -20 -11 -10 -8 -42 
1 -3 3 2 6 0 5 19 
1 10 -3 9 2 5 6 -4 
-10 -7 -23 0 -5 -4 -6 -17 
12 25 16 16 4 1 0 10 
8 9 -24 -3 2 2 -2 7 
-10 -13 -19 -35 -11 -9 -18 -17 
-13 76 52 18 4 5 10 12 
1 29 25 -3 4 2 5 18 
-8 -9 7 -1 -9 -7 -8 -14 
0 7 15 15 5 2 3 0 
1 -38 -42 -21 -3 -3 -3 1 
3 20 37 16 2 -5 -17 -5 
-3 42 43 40 10 3 12 -21 
8 -16 -28 -15 0 -4 -5 17 
31 -5 16 -5 -11 -5 0 3 
-12 -25 -33 -28 -11 -4 4 12 
0 -23 -65 -28 -11 -5 -12 -2 
15 3 11 4 -1 -3 -10 -8 
-6 34 80 64 17 7 10 7 
-6 -1 -37 -13 8 1 -2 -13 
-6 -8 15 2 -3 -1 -1 11 
-9 -24 -12 -31 -7 2 9 -3 
-23 30 -11 8 2 -3 -17 -30 
5 -13 23 -3 -3 -1 -1 -20 
26 -12 -24 -22 -4 1 -1 31 
1 28 42 37 3 -6 -3 -9 
-10 -27 -47 -46 -10 -1 0 -8 
31 7 23 25 5 4 11 25 
10 6 30 26 10 2 -4 12 
-26 -2 -5 -1 1 -5 1 14 
15 -5 -41 -30 -15 -9 -10 -28 
-7 -2 29 24 2 2 9 -36 
-18 -28 -32 -10 -3 -4 -7 9 
-9 10 -16 -21 -6 -2 -1 1 
-13 2 7 -2 0 1 11 17 
9 -16 -32 -4 -4 -3 -6 5 
3 14 43 19 13 10 7 4 
18 12 20 13 -3 -2 -17 -2 
-17 -45 -83 -43 -12 -4 7 -14 
4 0 6 -6 -5 -3 -4 15 
-2 7 3 8 1 -6 2 1 
25 3 0 12 2 -1 -8 -10 
40 -8 5 -10 0 -1 6 13 
-73 8 -25 7 -1 0 8 -16 
-22 62 -8 -11 -3 -2 -4 -32 
-9 15 6 -3 -2 4 -7 -36 
11 -14 3 3 -6 -9 -1 58 
20 4 13 6 4 -1 -10 -23 
-70 -42 -15 9 -8 -2 0 -22 
-31 2 -3 -26 -2 1 6 -11 
-9 -3 -21 3 -2 -1 -11 -17 
1 -25 -17 -9 -4 -3 -3 14 
32 -17 -13 -11 -4 -1 5 10 
0 -2 27 20 6 4 18 -3 
3 -11 14 11 2 -1 -11 -28 
-7 7 -24 -13 -4 -5 27 7 
-12 6 9 7 -4 -6 -22 -15 
16 -24 -40 -12 0 -1 11 -9 
4 -4 5 -4 2 3 2 24 
6 15 11 1 -4 -3 -8 -9 
-14 -17 2 -4 -5 -3 5 19 
13 6 -13 -1 -3 -3 -11 24 
-24 -4 1 -1 0 2 -5 -51 
33 4 25 12 4 2 -9 37 
-25 -4 -4 -6 3 1 -1 -37 
4 -30 -43 -14 -10 -10 -17 7 
-2 -8 18 13 2 1 14 3 
3 -1 -19 -13 -1 0 -13 20 
12 39 42 6 1 -3 -4 1 
-16 -34 -22 -8 -3 11 24 37 
4 1 -6 8 5 -1 -11 -6 
-16 6 11 5 -3 -4 15 1 
23 20 15 -12 -1 1 12 -3 
-11 3 -9 4 -3 -3 -22 -14 
-17 -12 27 -1 1 -2 2 19 
-4 51 33 8 2 -1 -17 -13 
20 -36 -4 -2 1 3 8 20 
4 41 -3 -4 -5 -4 -7 -3 
4 -4 -16 -3 2 4 11 -2 
-6 -5 27 -4 -7 -7 -10 -3 
17 3 13 2 4 5 -2 -6 
-12 9 -16 -7 2 2 6 -3 
-1 7 48 13 -4 -3 -13 -8 
16 -14 -61 -7 3 5 8 18 
-40 -11 -18 -25 -7 -4 -8 -43 
-5 -18 -17 -10 -17 -12 -2 7 
-22 -2 -4 0 0 0 -2 -1 
-2 -10 12 19 1 -2 -3 -17 
22 -16 -23 -19 -3 -1 1 25 
-6 -4 2 -2 -4 -9 -12 -17 
-15 21 -5 2 -4 -4 -4 -28 
34 16 47 27 10 9 8 11 
-59 16 26 27 9 4 2 -9 
-22 -32 -16 -20 -3 -5 -5 -1 
2 9 -73 -41 -16 -8 -6 8 
5 -1 -18 -10 -4 0 -1 1 
25 -2 -12 1 3 2 2 25 
62 13 69 28 4 3 3 28 
-5 -66 -11 -1 -2 -3 -5 19 
-4 6 -40 -8 1 2 -3 -44 
18 14 -10 10 -1 -3 -4 4 
-27 4 22 10 5 -1 1 1 
-2 -1 0 -8 0 0 -2 3 
-8 -20 -2 -6 -8 -6 -5 -1 
-8 -21 -3 0 0 0 4 14 
11 15 28 8 4 4 5 -8 
12 -4 -18 -7 -4 -5 -9 12 
-23 -11 3 1 1 0 0 -14 
7 0 -21 -11 -7 -5 -7 -8 
-8 -6 -15 1 2 2 6 3 
-19 8 23 10 4 -2 -4 -12 
-1 -5 -8 -8 -4 -1 -1 -4 
14 -7 -22 -11 -8 -4 -4 -2 
8 -11 -3 4 -1 -3 0 18 
-18 15 14 4 4 6 4 -15 
16 -10 5 -7 -5 -7 -9 3 
4 3 -3 -4 -3 -1 1 12 
-10 -5 7 6 1 1 1 -12 
7 0 -17 -6 -4 -1 0 -2 
-11 -9 -2 -1 1 0 2 10 
12 -1 10 3 -1 -2 -1 24 
-9 11 -5 2 1 -2 -3 -47 
1 2 4 7 5 1 -1 -8 
21 0 -19 -21 -11 -6 -5 8 
-3 -12 0 8 -1 2 -2 -8 
-4 -2 -10 -13 -4 -1 -2 2 
-4 5 3 1 0 -1 2 9 
-3 -17 17 14 0 1 -1 -7 
1 20 -19 -17 -1 -2 -3 -10 
3 4 13 0 -2 -2 -3 6 
2 0 6 3 -1 0 2 5 
-12 -5 8 0 1 0 1 10 
-3 -14 -13 -5 -4 -3 -4 -33 
0 6 0 6 2 2 0 11 
10 0 7 -3 1 0 2 12 
8 7 -1 2 0 -1 -1 20 
-9 -13 -1 1 -3 -1 -5 -30 
4 5 -6 -3 -2 -3 -5 -2 
-8 -9 -1 4 -1 -1 -2 -5 
2 4 1 -11 -4 -1 -1 12 
0 2 -5 1 -1 -2 1 -2 
27 -14 6 0 0 2 2 10 
-13 -4 -24 -10 -4 -5 -5 -13 
-12 -1 -8 -3 1 0 1 -13 
-9 4 12 2 -3 -2 -1 3 
7 -9 -4 6 1 -1 -1 -7 
6 10 -1 8 3 0 1 3 
10 -5 -17 -17 -4 -4 -6 8 
-12 -2 -3 -4 -2 -1 -2 1 
-8 -4 7 -1 -1 -2 -2 -7 
4 4 -6 -4 -3 0 -3 1 
-13 -6 4 6 3 3 2 -9 
39 3 5 5 1 1 5 40 
-23 2 2 -2 -2 -5 -6 -25 
7 0 -10 -4 -3 -4 -3 11 
-12 8 7 0 -2 -1 -1 -24 
3 -4 6 -2 0 0 1 11 
-11 2 -16 -5 -2 -2 0 7 
-9 -10 10 -1 0 -1 0 -11 
-8 -4 -11 0 -2 -2 -1 -6 
18 4 -5 -4 -2 -2 -4 -2 
-14 -5 -5 -6 -5 -4 -3 -19 
6 6 3 -8 -6 -1 -3 -10 
-11 -11 0 3 0 1 -2 -2 
4 40 25 1 -1 1 4 28 
-20 0 -5 3 0 -3 -4 -41 
3 -1 -2 -2 -1 -1 -3 8 
-2 4 6 2 0 -3 -3 -18 
-10 -18 -11 -1 -2 -1 -1 10 
2 3 6 -3 -1 -1 2 18 
1 -2 5 -3 -2 0 0 -10 
-8 0 -3 -2 -2 -4 -3 -2 
-3 -14 -13 1 -1 -2 -4 -6 
8 3 -6 -7 -3 -1 1 20 
-20 -3 -1 2 1 0 4 -6 
11 -3 2 -3 -4 -5 -7 -27 
14 -6 -7 0 -1 -1 -3 -9 
-23 3 -9 -2 -2 -4 -4 0 
-5 -6 -1 3 5 1 2 0 
2 15 -12 -3 -4 -1 1 -2 
-25 -17 -4 -2 1 1 -2 -9 
13 6 9 6 1 -1 1 4 
2 -2 -7 -3 -1 0 -1 3 
-1 3 19 0 0 1 2 26 
16 7 3 1 2 0 2 30 
-16 -3 -5 0 -2 -3 -6 -53 
22 -12 -1 -1 -1 -5 -5 -7 
-9 17 22 6 1 2 0 -1 
5 10 -21 -10 -3 -2 0 -5 
-16 -3 -6 -4 -2 0 1 29 
0 4 -3 1 -1 -4 -3 8 
-5 -23 -6 -4 -2 -1 -3 -12 
-6 -8 7 2 -1 -4 -3 -10 
7 -1 6 0 0 2 3 8 
-9 -3 2 -1 2 1 0 -13 
-4 -5 -25 -5 -2 -2 0 8 
-3 -3 5 0 -1 1 1 11 
16 -8 -6 -4 -3 -4 -6 0 
8 5 11 0 -3 -2 -4 -17 
1 0 3 1 2 3 5 14 
-27 -8 -1 -1 -3 -5 -11 -35 
13 4 -17 -3 -2 1 4 34 
0 -4 -5 -4 -3 -2 -3 -6 
-8 -7 8 1 -2 -2 -1 -7 
13 2 -1 -4 -6 -4 -1 0 
4 -3 7 4 4 3 3 11 
-10 -5 -5 -4 -5 -5 -5 -18 
7 -5 -17 -3 0 -2 -3 -1 
-8 3 13 -1 -2 -4 -1 -6 
7 1 4 -1 -3 -1 -4 -6 
5 -6 -9 -4 -4 1 0 11 
-7 -1 1 -1 -1 -2 -3 -4 
-8 -13 -2 1 -1 0 1 -9 
6 10 6 1 -3 -2 -1 -3 
-4 4 15 2 2 -1 2 9 
-16 -5 -32 -14 -8 -6 -4 -15 
0 -21 -19 -1 1 0 -3 -9 
0 -4 1 -1 -1 0 0 0 
-5 -1 -5 5 -1 -1 -2 5 
0 -11 4 8 3 2 0 7 
-3 5 -7 -4 -2 -4 -3 -13 
2 -1 6 1 -1 -1 -2 4 
9 4 -4 -4 -2 -1 0 -1 
-35 7 3 1 -3 -3 -6 0 
15 -3 8 2 -1 -1 -1 -1 
-5 -4 -7 -2 -1 0 0 -3 
18 6 2 0 2 1 2 21 
10 6 7 -4 -4 -1 -1 -8 
7 3 6 3 6 5 7 59 
-27 8 2 0 -1 -4 -11 -71 
0 -7 -9 -4 -3 -2 0 -2 
6 -1 -8 1 -3 -2 0 -2 
-3 6 10 0 -2 -1 1 1 
9 0 2 0 0 -1 3 21 
-3 10 -6 -4 -3 -2 -4 -2 
4 2 11 1 1 1 1 -12 
-13 -10 0 1 0 -1 -2 -2 
10 -10 -7 -6 -5 0 0 14 
-15 -13 -10 -9 -4 -4 -4 -18 
7 -7 -16 -6 -2 -1 -2 10 
-4 0 -5 -4 -2 0 -1 -18 
-3 -8 5 3 -1 0 0 7 
-8 -9 6 5 2 -1 1 7 
18 13 7 -1 0 -1 1 4 
-2 2 -7 -1 -1 -2 -4 -13 
-3 -2 0 -4 -3 -3 -4 -1 
-2 4 9 2 -1 0 0 -1 
-1 11 -11 -4 -1 -1 -1 -3 
-4 -9 -1 6 6 3 1 -5 
7 0 -8 0 0 -3 0 3 
-5 -8 18 2 -1 2 1 1 
5 -19 -27 -6 -4 -4 -3 26 
0 6 -9 -7 -6 -4 -4 2 
-4 1 -4 -5 -2 -5 -1 -12 
-1 -1 -14 -4 -1 -1 -2 -4 
-3 1 28 6 3 3 3 -4 
-13 -3 -1 1 -4 -1 1 -1 
-5 -9 -7 -3 -4 -1 -6 3 
7 20 -1 1 0 -2 -2 -9 
-8 -3 7 1 -2 0 0 -1 
1 -3 -20 -5 -3 -6 -3 -13 
-11 3 22 2 4 4 2 9 
4 -1 -9 0 -3 -1 0 18 
-5 -10 -9 -8 -2 -3 -4 -23 
-5 1 9 -1 0 0 -2 -3 
6 -1 -1 0 -2 -1 0 8 
5 -3 -6 -2 1 0 -1 4 
-4 7 12 6 3 1 -1 -6 
21 -8 4 -3 -1 1 2 2 
-11 -10 -4 2 4 1 2 -4 
1 15 6 -3 -4 -1 1 6 
-9 -7 -3 -1 -3 -3 -3 -7 
3 -8 -28 -10 -1 1 1 -11 
7 3 -12 -1 -1 -2 -1 1 
-27 -15 5 1 -1 -1 -4 -19 
6 2 15 2 -2 -2 1 2 
-9 7 14 1 -2 0 -2 6 
20 3 -2 -5 -5 -3 -1 25 
-15 -14 -7 1 -1 1 -3 -31 
5 4 3 1 0 1 2 10 
-14 -12 -5 -1 0 -4 -5 -21 
-4 -1 -6 -1 0 0 0 1 
13 2 -6 -4 -1 -1 -1 11 
-7 -6 -5 -4 -5 -2 -2 -6 
4 5 5 0 -2 0 -1 3 
-6 -13 -5 1 4 1 1 -15 
2 -1 6 0 -1 -2 0 5 
2 2 -13 -2 1 0 -1 -7 
2 10 17 2 -2 -1 -2 26 
5 2 0 -3 -7 -8 -6 -13 
-16 45 -1 -3 2 5 4 -4 
9 -9 -14 -1 -2 -1 -3 -1 
-3 4 8 2 -1 -1 0 -3 
10 12 9 0 -1 -1 0 16 
-1 -12 2 1 -3 -4 -2 -18 
0 -8 0 -2 -3 -2 -2 -8 
-5 -4 -6 1 1 0 -1 -4 
-7 -3 -6 -4 -1 2 0 -1 
10 -13 2 0 2 0 3 23 
-2 10 5 -1 -4 -4 -6 -9 
19 1 6 2 -2 -2 -1 2 
-34 -3 6 1 1 0 -3 -15 
8 -6 -10 -2 1 1 0 17 
-8 -11 4 2 0 0 1 1 
4 -1 -8 -2 0 -2 0 -3 
7 5 2 -1 0 -1 -1 0 
-17 11 6 -1 -3 -4 -6 -2 
-10 -5 3 -4 -3 -3 -5 -9 
-9 5 4 -2 -3 -2 -3 -20 
-8 -18 -5 -2 0 0 0 2 
-9 -5 -20 -6 -4 -2 -3 -37 
2 0 5 1 1 1 4 14 
-1 2 5 -2 -2 -2 -4 3 
6 4 8 1 0 -1 -2 -2 
13 -10 -2 0 1 3 1 16 
-9 3 0 4 0 0 1 -5 
10 -34 -44 -15 -8 -7 -5 15 
-1 1 -1 4 2 1 0 -13 
-6 2 10 -1 -1 -1 1 5 
0 0 4 0 -1 -1 -1 5 
0 5 16 4 0 1 1 -2 
2 -7 -8 -2 -1 -1 0 4 
0 -6 -6 -2 -3 -1 -2 6 
12 -21 -17 -4 1 0 -2 -6 
-3 6 0 -3 -1 -2 -1 -6 
0 3 3 -1 -2 -2 -1 -3 
1 -3 -10 3 2 1 -1 -2 
-1 2 11 1 -1 2 3 12 
-6 -2 2 2 0 -2 -5 -12 
-13 -7 -1 -3 -4 -3 -3 -1 
11 8 2 -5 -5 -4 -3 1 
1 -2 -9 -1 1 0 -2 -5 
-13 -1 -1 5 7 3 2 -2 
6 -1 4 0 -4 1 1 -3 
26 -6 4 2 1 0 2 38 
-32 1 13 2 -1 -1 -5 -44 
8 17 -11 -4 -4 -2 -3 -3 
0 5 6 2 0 0 2 -1 
-2 -36 -36 -8 -5 -2 -3 -2 
7 6 -1 -3 -2 1 0 7 
18 -3 -1 6 2 4 4 23 
-15 -14 -6 -3 -1 -3 -5 -26 
-11 -7 8 1 -4 -4 -4 -18 
-7 -7 -3 1 2 0 3 14 
-19 3 10 0 -1 -1 0 -17 
-8 0 -27 -8 -4 0 0 16 
-13 4 19 2 1 0 -2 -24 
6 7 8 3 0 -2 0 3 
-7 -1 4 -2 -3 0 1 3 
11 3 -2 -3 -4 -3 0 7 
5 13 1 0 -1 -1 0 6 
3 4 -1 -1 1 0 0 -3 
-4 -12 -3 -3 -2 -1 -1 -5 
4 9 8 -1 -2 -4 -4 -15 
2 4 7 1 -1 2 0 2 
7 1 -6 -7 -4 -3 -2 8 
-3 -7 -5 -3 0 -1 0 3 
12 2 -11 -1 -2 -1 0 1 
-9 5 9 -2 -1 -1 -1 -1 
9 11 2 -3 -2 -4 -1 -1 
4 -2 3 1 0 1 1 -3 
-22 -15 -2 -1 0 0 -1 5 
14 3 13 0 0 -1 0 5 
-15 -13 -30 -6 -5 -4 -6 -7 
-3 7 0 -4 -4 -2 -3 -7 
12 6 6 -1 -1 -3 -2 4 
-6 1 -4 -2 1 0 0 -4 
-3 0 8 3 1 1 2 11 
4 5 10 0 -1 -3 -2 -9 
1 -1 -16 -1 0 0 0 -5 
-16 -13 -10 -2 -2 -3 -1 -3 
3 -35 -13 -4 -4 -1 0 6 
-11 5 3 -1 -4 -1 -2 -35 
-9 0 8 5 4 2 0 0 
-8 -6 -6 -1 0 -3 -3 -17 
10 9 -2 -2 -1 -1 1 13 
21 -2 2 -2 -2 0 1 18 
-20 -16 -14 -5 -3 -3 -3 3 
-3 -9 -12 -1 -3 -2 -2 2 
-11 -3 3 3 1 3 0 -4 
-8 6 7 1 2 -1 0 5 
11 14 15 3 -1 2 0 -1 
6 1 -2 1 0 2 3 18 
2 6 1 -2 -4 -5 -7 -14 
-13 2 6 2 0 -1 -5 -22 
16 -14 -20 -8 -6 -1 0 1 
0 -1 1 0 0 0 2 -6 
-5 -3 0 -2 0 -2 1 6 
8 0 -6 -1 2 1 4 33 
-8 3 12 2 -1 -3 -5 -32 
-4 7 -8 -8 -4 -3 -3 -1 
-1 11 8 0 -1 -1 0 -14 
1 -10 -5 -2 -1 -2 -3 4 
