#EMG
#5
#ID:5-80
14 6 3 -1 -3 -4 -1 15 
-13 6 19 1 1 1 0 -13 
26 0 -11 -2 -2 0 -3 -5 
2 3 5 5 -1 -1 -3 -9 
3 -4 -4 -3 0 -1 -1 2 
-11 2 9 1 -2 -3 1 -1 
7 -1 -3 -5 0 -1 -1 11 
-2 -3 -3 0 1 0 1 -1 
-17 2 22 10 -1 -1 -5 -5 
15 0 -8 -17 -3 -2 -1 13 
-24 -4 -27 -11 -4 -5 -3 -16 
1 9 19 4 -2 -1 -1 3 
-15 0 -5 -5 -2 -1 0 -1 
-9 2 4 9 1 0 0 -10 
4 -7 -8 -6 -6 -5 -6 9 
5 5 19 3 -1 -2 0 1 
-1 6 -5 1 -4 -1 -4 -8 
-1 -2 -3 -2 2 1 2 -10 
-8 1 14 7 5 4 4 8 
-53 -17 -16 -3 -6 -9 -9 -34 
9 -7 -7 -11 -5 -3 1 17 
8 0 -2 1 2 1 -3 -27 
-7 -2 16 11 2 -1 2 -6 
12 2 -24 -12 1 2 0 0 
-15 3 -2 -1 3 -1 3 -2 
-4 -2 -3 1 -4 -5 -2 22 
15 -1 -1 -7 -3 -2 -3 -11 
7 3 -7 1 -3 -1 -1 -3 
6 5 -9 -8 -5 -2 -4 -12 
-11 -5 -1 0 5 3 3 0 
-8 -3 9 4 -2 -1 -1 3 
16 1 6 -3 -3 -4 -2 3 
-5 -10 1 14 4 5 3 7 
-9 -7 -33 -20 -6 -6 -7 -14 
19 13 -3 1 -5 -1 1 5 
-14 -11 -34 -20 -8 -4 -5 -4 
-4 -8 -12 -4 2 0 2 22 
-7 8 24 11 2 -1 -4 -15 
-24 -9 1 3 5 4 3 -18 
27 9 22 3 0 -3 -3 10 
-5 3 10 4 0 -1 -2 -9 
-2 -2 -30 -6 -6 -2 0 28 
-12 -9 8 -2 0 2 0 -5 
-4 -2 5 3 1 1 0 -9 
-5 -3 11 2 -3 -1 -1 -4 
9 4 14 7 2 0 3 15 
-15 -4 -13 -11 -7 -7 -9 -22 
9 1 -5 -2 -1 -1 0 -2 
7 9 -8 4 -3 -5 -3 1 
1 5 -4 -12 -4 -2 0 0 
2 0 -5 -5 -4 -2 -1 -6 
16 3 -1 1 -1 2 3 15 
-34 -11 18 -2 -1 -1 -2 -22 
5 2 0 10 0 -3 -1 2 
3 2 5 0 2 1 2 24 
-5 -24 1 -3 -3 -1 -3 -27 
7 -4 -13 -3 2 4 2 -3 
3 -1 16 4 0 1 1 4 
1 -2 -6 -1 -1 -1 2 6 
4 6 -4 -1 -4 -3 -4 0 
9 6 14 7 0 -2 -1 -3 
4 2 -16 -14 -3 -1 -3 12 
-14 -2 8 -6 -1 1 -2 -43 
2 -4 -13 3 0 1 3 15 
-8 0 -1 -10 -6 -4 -2 -13 
12 4 -17 5 -2 -2 -3 1 
-43 -1 -1 -1 -2 -4 -2 1 
11 5 5 -1 1 1 -2 -3 
13 -1 13 4 2 2 1 6 
-4 -22 -8 3 -1 0 2 -16 
23 -19 -26 -10 -6 -1 -2 15 
-11 -16 -2 -2 0 0 3 16 
10 -11 -13 -5 -3 -5 -3 11 
-12 9 26 3 -1 -1 -2 -28 
5 -5 12 6 4 0 -3 20 
-19 22 -31 -7 -6 -7 -4 -43 
2 -3 -10 -4 0 0 -4 5 
10 -6 8 -3 -3 0 4 2 
7 7 6 1 -3 -3 -4 6 
-9 13 3 16 4 1 -1 -3 
-10 3 0 -19 -5 -1 0 4 
-7 27 13 3 0 -5 -9 -13 
7 -10 -15 1 5 2 6 2 
12 -8 -12 1 0 -1 -5 15 
-6 0 5 0 -1 1 4 -11 
-3 -7 5 1 -1 -2 0 16 
14 10 -12 -2 -3 -2 1 12 
-41 9 31 0 1 1 1 -10 
13 -5 -8 0 -5 -4 -9 -29 
-1 10 7 1 2 1 6 15 
-5 6 13 5 -1 -3 -9 -2 
14 -20 9 -8 -4 -3 -1 9 
-7 24 -2 5 3 4 2 -24 
-16 -20 32 9 0 -3 4 6 
2 -5 -35 -19 -7 -4 -16 -13 
-1 -33 0 -1 1 -2 -6 11 
12 7 -49 -13 -7 -4 0 28 
18 -29 -12 3 3 9 7 -18 
-1 1 31 8 0 -4 -3 -15 
3 14 -27 -16 -4 -1 -5 17 
0 3 32 23 5 4 13 13 
-23 -12 -44 -17 -6 -8 -10 8 
7 6 7 0 2 3 -4 -1 
8 7 34 14 3 6 5 0 
1 -21 -58 -25 -6 -8 -8 18 
11 18 7 6 -2 -1 -8 13 
-14 -8 6 1 3 5 7 7 
8 -11 -16 0 -2 -8 10 -11 
-10 1 23 2 1 -2 1 16 
5 3 7 11 3 2 -7 -43 
-9 -3 -3 -13 -5 -1 5 28 
4 20 7 -1 0 -2 26 11 
-5 4 20 4 0 -6 -57 -24 
-24 22 13 -1 3 1 -2 -26 
-7 -4 0 4 -5 -3 4 -40 
47 20 21 -1 2 3 14 38 
4 -4 -11 3 -2 -2 0 17 
-3 -35 9 -1 -2 -3 -7 -6 
-11 -6 -54 -13 -5 -2 -7 -12 
-24 1 -9 -2 2 3 -2 -14 
27 -13 -23 -13 -6 1 -6 -25 
10 -2 12 -5 -1 0 26 56 
6 -3 28 4 2 -1 -2 -13 
-11 -43 -57 -6 -10 -6 -19 -12 
-12 11 43 9 0 -1 14 10 
1 4 -18 -7 -1 -1 -6 -8 
6 -6 -5 7 -2 -1 4 -3 
-8 1 -34 -14 -3 3 -9 -7 
-19 -6 35 4 2 2 19 11 
-7 -2 -46 -7 -5 -5 -11 4 
11 -20 18 -3 -3 -6 -1 -15 
-3 -4 -2 17 -1 0 -10 1 
21 -5 -33 -38 -8 -4 0 14 
3 6 3 -2 -2 -3 -7 -29 
1 16 33 8 1 -3 1 9 
6 11 -15 8 -1 0 0 -1 
-11 7 4 -2 -3 -1 2 4 
5 -5 -6 3 3 3 7 8 
-14 -33 -18 -3 -1 -2 -8 -2 
-5 1 28 -1 -3 -5 -4 -7 
8 -9 -9 0 0 0 -4 -12 
-4 2 21 -1 0 3 5 6 
3 -3 -9 1 -2 -3 -2 12 
-15 -4 -6 -11 -4 -3 -5 -10 
41 6 -17 -1 2 -3 -2 -4 
-25 -9 18 7 -3 -3 3 -3 
-13 12 -4 -1 4 3 3 -24 
9 7 19 -10 0 -2 -6 -7 
-6 5 6 8 2 1 0 2 
6 2 -1 -4 -1 0 4 4 
-17 3 -1 7 1 0 1 12 
10 -4 7 2 1 1 -1 28 
-10 -9 0 0 -3 -5 -15 -43 
7 8 -9 0 -2 2 -5 -2 
-8 6 2 -2 -2 5 11 -5 
2 2 16 -1 -3 -2 2 2 
-29 -9 -11 2 1 -4 1 -17 
6 7 12 3 2 2 1 10 
19 -5 -32 -13 -4 -6 2 20 
-24 -10 -10 0 -1 -4 -14 -8 
-1 5 1 -1 -3 -2 10 4 
7 0 -8 -2 -1 -4 -21 -8 
-12 7 4 -1 0 -2 2 -9 
5 -3 -6 -3 -1 4 12 14 
13 -2 -13 9 5 5 -2 22 
-37 -7 7 -8 -8 -5 -2 0 
7 10 18 15 8 1 -22 3 
-15 -2 -37 -36 -12 -8 -3 -14 
17 0 -4 5 -5 0 11 8 
4 -9 -3 -3 -1 -2 -3 -7 
9 15 -19 7 1 -3 -4 -1 
-22 10 64 25 9 6 -1 -13 
-4 -5 24 -10 0 0 9 32 
16 -34 -14 -10 -12 -12 -11 -7 
-24 2 -2 -4 2 5 8 28 
9 -10 12 2 -3 -6 -9 -34 
-3 1 -25 29 9 9 8 0 
-8 -8 -9 -23 -6 -2 -3 11 
13 -9 6 -15 -11 -8 -7 3 
7 -17 -14 -9 -6 -2 5 4 
-42 -6 0 1 -4 -7 -19 -11 
26 7 -2 7 1 0 4 -3 
-10 -8 12 15 2 3 3 -6 
17 25 8 5 7 5 5 29 
-17 -24 -12 -7 -13 -12 -13 -57 
-2 46 4 -17 7 5 1 2 
-3 -10 -29 -20 -12 -6 -8 -25 
6 0 22 25 5 -4 -3 0 
4 18 14 -7 0 2 9 18 
-7 -2 10 12 4 4 3 -25 
10 -8 -5 3 0 -4 1 -4 
-7 4 3 3 3 -1 -1 8 
5 -4 -34 -20 -6 -3 -5 -10 
-39 2 -6 8 1 -1 2 -4 
0 2 15 -1 4 6 8 10 
-11 -8 5 -4 -5 -3 -11 -17 
-10 2 29 -1 1 -1 1 10 
12 4 17 6 -4 -4 -2 3 
-8 -2 -11 -5 2 1 0 9 
-3 -2 -11 -8 -2 -1 1 -2 
9 -11 21 11 -1 2 0 2 
4 -7 -62 -21 -7 -5 -3 3 
-5 -24 9 10 -1 -4 -5 -8 
-2 -2 -34 -13 -6 -4 -2 1 
-3 18 3 -7 -2 0 -2 -1 
7 -5 44 16 8 4 1 3 
-9 -14 -37 -10 -7 -6 -5 -6 
13 11 -14 -1 -2 -3 -3 16 
-5 -2 7 2 5 1 -4 -13 
4 -9 2 4 -3 -5 -4 -3 
-4 4 36 6 1 -1 -3 -5 
-3 4 9 -8 -3 0 1 1 
-8 -2 -31 -3 -4 -2 -4 -7 
17 4 5 2 -2 -2 -6 9 
10 17 19 2 1 2 10 -11 
-25 -5 -30 -1 3 -1 -2 -3 
-2 -5 28 2 0 -1 0 8 
-5 -12 -9 -10 -7 -4 -4 -13 
-7 -14 -23 -5 -3 -2 -11 -28 
-4 -5 23 2 -1 0 10 -3 
11 -8 4 11 4 2 2 -9 
7 -3 -37 -24 -8 -3 -2 7 
-6 -9 4 -6 -6 -5 -7 10 
-4 4 -7 1 3 1 -1 -13 
-11 -2 5 2 -1 -3 -4 -8 
7 7 15 12 3 -1 1 -25 
5 23 -37 -5 1 3 9 10 
38 -5 5 12 -1 -3 0 36 
-49 22 -5 -16 -4 -4 -8 -2 
-3 18 -2 4 1 0 -3 -2 
-3 -7 1 -4 -2 0 -3 15 
13 -5 10 3 4 1 -12 -10 
23 2 -8 -12 -4 3 3 -42 
-16 -15 -8 4 0 -2 -12 13 
20 41 59 22 4 4 18 26 
0 -13 7 -11 -5 -9 -7 5 
-21 -16 -6 8 -1 -7 -38 -21 
52 -16 -7 -22 -5 4 42 21 
-38 8 10 2 0 -4 6 -68 
-27 -1 13 13 5 2 -2 16 
8 13 5 0 -2 -4 21 16 
38 20 8 19 10 13 -3 2 
-14 -12 -65 -41 -18 -20 3 -17 
-21 -7 -23 0 -4 -1 -20 -13 
-27 -4 -9 -8 6 -1 -19 -72 
-8 8 34 25 5 -9 -36 54 
13 18 21 9 4 18 58 26 
-32 -4 29 -8 7 6 -3 -26 
52 -8 -20 -2 -1 -2 -15 -3 
-27 -25 -52 -5 -11 -4 33 8 
33 6 47 10 3 -4 -19 22 
20 -3 -56 -35 -18 -12 -6 -33 
-10 -12 18 25 10 11 33 43 
-29 9 -10 -2 5 1 1 -22 
8 -23 38 13 -1 -5 -19 1 
20 19 -33 -10 -7 3 18 22 
25 43 34 -8 -1 0 -16 28 
-14 5 -3 0 -7 -8 -12 -16 
-5 -28 -15 -13 -11 -5 -26 -3 
-3 -4 40 21 9 8 12 1 
-5 -18 -28 -21 -6 -6 5 2 
11 6 33 2 0 2 -10 -12 
-26 6 4 -4 -2 -1 -4 -24 
-2 -20 -30 -16 -9 -7 -2 3 
14 4 46 29 4 0 8 25 
-8 0 -21 -14 -2 -1 -9 -21 
7 3 -17 1 1 3 -5 7 
-5 5 10 0 -1 -5 -5 -9 
-4 -3 6 8 0 -1 1 5 
6 -8 -14 -9 -6 -9 -1 19 
-5 -13 -10 -14 -3 2 -4 -13 
-12 -16 -6 2 -3 -1 1 -2 
23 12 2 -4 -3 -1 6 38 
4 4 38 -1 -4 -2 -3 -29 
-39 21 37 22 15 6 3 13 
16 -4 -42 -14 -12 -5 -12 -20 
-21 -8 -42 -28 -6 -1 4 -2 
-5 -19 -5 -7 -9 -8 -6 0 
22 11 5 11 5 2 -7 4 
0 -20 31 12 6 3 7 -6 
-8 40 17 -5 -8 -6 -6 19 
-8 -3 8 2 1 3 7 -23 
-4 -22 -33 -5 0 -3 -6 -10 
0 -9 12 5 1 1 0 2 
-8 -4 -20 -3 -2 -2 -1 15 
32 -6 7 2 1 1 -5 24 
5 2 -7 -10 -3 -5 -6 -18 
27 10 -2 -2 -1 1 7 26 
-25 -35 -52 -8 -10 -13 -21 -27 
-9 17 -8 -2 3 8 11 7 
3 -25 -17 -1 -2 -4 -5 6 
-3 17 10 3 3 3 11 8 
11 -12 14 -4 -3 -7 -14 -15 
-11 -26 -6 4 4 2 4 5 
1 -5 -23 -7 -2 -4 -11 -9 
-14 8 9 3 1 -3 -4 -8 
-3 -9 4 3 1 5 13 3 
-11 11 5 2 1 -1 -5 0 
-3 -9 -22 -10 -6 -3 1 -7 
5 5 -4 -4 -3 -3 -10 -5 
-1 9 3 2 0 2 6 -8 
-10 -13 4 2 3 3 -1 -11 
-9 -1 -2 5 0 0 2 7 
3 -9 3 4 -4 -5 -5 8 
-14 3 -13 -16 0 4 5 -31 
-18 -16 -34 -13 -5 -4 -2 -4 
-7 -2 -13 -3 -4 -1 0 3 
-16 0 5 6 3 0 -1 0 
0 -8 -1 -4 -3 -5 -6 -3 
2 11 30 8 1 -3 1 -1 
5 -1 -5 -6 0 2 1 3 
23 13 4 6 0 -2 -3 15 
-1 -9 16 6 2 5 6 15 
-7 -15 -35 -6 -1 -1 -4 -18 
2 -2 -8 -4 -6 -6 -5 1 
1 2 3 -2 1 1 0 -4 
3 2 -1 1 -4 -3 1 7 
-1 5 -5 -3 -5 -3 -6 -4 
12 7 9 2 -3 0 0 8 
-20 -16 -14 -5 0 0 1 -14 
5 1 13 8 4 4 1 -3 
8 4 -23 -11 -3 -3 -5 2 
3 0 -2 1 -3 -2 -1 -5 
-3 3 -5 -11 -2 -1 -1 -3 
4 -2 -3 1 -2 -2 -1 12 
0 -6 19 9 5 2 2 -3 
-2 5 6 6 4 0 -1 -16 
-18 3 -9 -3 -3 -3 -4 -24 
3 -1 -3 -5 -2 -1 -1 6 
-8 0 -3 -5 -3 0 -1 13 
1 5 -11 -12 -5 -3 1 8 
14 4 41 17 2 1 -2 30 
-44 -12 -8 4 8 5 5 -16 
-2 -4 -1 -5 -5 -6 -3 -6 
6 15 15 12 7 4 4 2 
13 -16 -29 -19 -11 -10 -6 -14 
9 -7 3 -2 -7 -2 -2 6 
3 -6 0 0 -1 -1 -1 0 
-10 3 13 5 3 1 1 3 
-7 1 1 4 5 3 2 -10 
15 -8 -42 -12 -6 -5 -5 8 
-20 6 4 4 -1 -1 -1 -35 
-12 -20 -9 0 -4 -4 -6 11 
-9 6 3 -15 -1 2 1 -25 
8 4 -9 -4 -2 -4 -3 1 
46 -26 10 9 1 -1 -1 26 
-1 -14 2 -16 -4 -4 -5 3 
-14 -5 4 7 0 1 1 2 
8 -5 12 6 2 1 0 -3 
4 11 10 2 -1 0 2 11 
11 -7 6 5 3 1 1 -1 
-1 -11 -7 -3 -4 -5 -2 6 
-8 -11 -10 -8 -5 -3 -2 -8 
-10 4 0 -5 -1 -2 -3 2 
-2 -14 -8 0 -4 -2 -3 -7 
-12 11 -2 -2 0 -1 0 -1 
0 9 14 4 2 1 2 7 
5 -1 -1 -3 -1 1 -2 -9 
0 13 -16 -10 -5 -1 -1 9 
5 0 -1 3 -2 -1 -6 -19 
-1 7 9 6 3 -1 1 1 
-20 -4 -21 -12 -7 -2 0 -10 
-3 -9 -36 -9 -5 -3 -4 2 
6 1 10 4 0 2 2 8 
20 3 -3 2 0 2 1 -1 
-29 5 16 -2 -1 -3 -3 -14 
-2 6 15 14 2 0 -2 5 
15 -6 -16 -16 -4 -3 -4 7 
3 0 -1 1 -3 -3 -1 -3 
1 -4 -20 -11 -3 -2 1 6 
-1 1 6 -1 -1 1 1 -5 
-5 -1 6 6 1 -3 -4 -8 
8 -5 2 0 -4 0 -1 7 
-7 2 7 4 -1 -2 -2 -3 
-15 7 9 -1 1 3 0 -5 
-3 -13 -17 -2 -3 -2 -2 -5 
-5 6 7 3 3 0 1 0 
-14 -31 -18 -5 -8 -5 -5 -17 
8 26 22 -3 -1 0 0 0 
-8 -4 -7 -2 -3 -2 0 3 
-15 -32 -20 -7 -4 -5 -3 -4 
-2 15 11 7 0 3 2 6 
38 -9 -3 -1 2 -2 -1 -1 
-11 -2 6 2 -2 0 0 0 
-3 15 6 1 -1 -3 -1 -3 
1 2 -4 3 -2 -2 0 6 
-5 0 -2 -3 -4 -2 -1 -8 
16 6 -10 0 1 1 1 10 
1 6 3 -1 -1 -1 -5 -3 
5 5 3 2 0 -2 -2 0 
-11 -11 -16 1 1 0 0 -6 
-17 1 17 2 2 -1 2 3 
15 1 14 -2 -2 0 -1 21 
-11 -4 3 8 4 -1 -3 -33 
-6 -8 -30 -17 -6 -5 -5 -1 
-5 15 -4 -1 0 1 2 1 
-8 -2 -9 -6 -5 -2 -2 -8 
7 10 7 3 0 2 -1 14 
-19 0 -10 0 -1 3 3 5 
15 -2 -23 -5 -2 -2 -7 -14 
-7 -5 13 -3 -1 1 2 12 
-2 -4 8 -7 -4 -3 -3 -26 
-12 -35 1 2 1 -1 0 -9 
6 10 6 0 0 -3 -1 12 
-16 -1 -1 2 0 1 2 -11 
12 7 9 3 3 2 1 26 
9 -7 -19 -7 -7 -3 -5 2 
-3 -9 1 4 1 -1 1 -4 
-6 27 22 -1 -1 0 0 -13 
-1 2 -21 -6 -3 -2 1 10 
6 9 13 0 -2 -4 -4 9 
-3 -4 3 4 2 3 1 9 
-20 -9 -17 -2 -1 -2 -4 -23 
2 -5 -13 -6 -5 -1 -1 3 
18 10 0 -4 -3 -4 -2 0 
-12 -4 3 -4 -6 -3 -4 -10 
-12 -9 -8 -3 2 0 2 11 
8 0 2 1 2 -3 -3 3 
-13 2 15 3 1 0 -1 -13 
1 -17 -7 -8 -5 -3 -1 5 
1 -6 2 -1 -3 -2 -2 1 
4 -7 -7 0 -1 -3 -3 4 
2 9 15 4 2 2 2 -2 
-4 -3 6 0 -3 -3 -4 -6 
3 -4 -11 -4 -2 1 -1 -3 
-14 18 -7 -2 -1 -1 -1 0 
9 -2 -12 -1 -1 0 -2 2 
-5 2 6 -1 -2 -1 -2 -9 
3 -4 0 2 0 -1 -1 -6 
-7 -2 11 0 1 1 2 -6 
-4 5 1 -4 -4 -3 -4 -1 
-4 -10 -6 10 4 4 2 1 
2 -1 -6 -11 -1 -2 -2 -3 
-7 -8 -13 -9 -5 -3 -2 5 
4 -6 8 1 -1 -3 -1 -1 
27 3 -20 -7 -3 -4 -3 -3 
-20 1 11 6 0 0 -2 7 
-18 -6 1 0 1 0 -2 -24 
-16 6 -7 -4 -4 -3 -2 -14 
11 3 16 8 4 1 2 15 
3 10 -8 -4 -3 -1 -1 -1 
3 4 -5 -5 -1 2 4 20 
22 -4 -7 -6 -6 -5 -8 -4 
-13 11 12 1 3 1 0 -4 
16 -3 11 7 3 1 2 19 
-6 -5 -12 -3 -5 -2 -4 -5 
-29 -12 5 5 3 5 6 4 
31 -2 -8 -5 -2 -4 -3 3 
5 -1 14 2 0 -3 -5 -4 
5 -11 -11 -2 -1 -3 -1 1 
-4 1 -3 -3 0 1 0 -1 
-9 5 0 -6 -4 -2 -1 0 
-2 4 2 3 0 -1 1 -9 
5 -2 9 2 -1 -3 -1 -7 
4 10 12 7 4 4 3 3 
-19 -12 -18 -10 -9 -5 0 -11 
4 -10 -13 2 -2 -2 -3 -9 
9 13 -1 -5 -1 -3 0 9 
11 -6 -9 -11 -5 -4 -2 -4 
-18 -2 9 3 2 2 4 13 
4 -1 -15 -7 -5 -2 -6 -25 
5 -6 9 5 -1 -1 -3 2 
-13 -14 -18 -3 1 -3 -4 -4 
-11 11 8 -2 -1 -3 -2 0 
8 -11 -10 -1 2 2 1 3 
-6 -8 -7 -4 -4 -4 -4 4 
3 5 8 3 0 0 -4 -8 
-5 -10 -17 -3 -3 -4 -3 -6 
0 16 13 1 -2 -2 -1 6 
-13 0 8 0 -1 1 0 -13 
9 9 7 0 -4 -1 0 15 
1 1 7 3 0 0 -1 -2 
-1 9 8 3 3 0 1 1 
-3 -4 -4 -1 -1 0 -1 -10 
1 -2 -1 -4 -4 -1 0 17 
-1 -12 -17 -4 -2 -1 -5 -10 
-3 -6 10 7 0 -2 -2 1 
-3 -8 -22 -14 -2 2 -1 -9 
-9 0 5 4 2 1 0 -6 
9 3 4 -2 -2 0 -1 22 
-6 5 5 2 -1 -2 -2 -11 
2 9 -8 1 -3 -2 -2 10 
-3 11 -19 -4 0 0 0 -15 
-3 2 9 -4 -6 -4 -2 -2 
-11 -2 -10 -8 -3 -4 -2 -3 
-20 -12 9 4 -1 -3 -1 1 
-10 -22 -3 0 -1 0 1 0 
1 5 -4 1 -3 -2 0 3 
13 -3 3 -4 -2 1 -1 14 
12 -16 -5 -1 1 -1 -4 -8 
9 15 5 2 1 0 -1 14 
-1 11 17 4 3 2 1 -6 
-7 -7 -5 -4 -1 1 2 2 
2 -7 -9 -2 -1 -2 0 -2 
1 -5 8 2 1 -2 -2 -1 
-9 -4 5 0 0 1 0 -10 
0 -1 -17 -4 -6 -3 -2 -6 
9 7 15 2 -1 0 1 9 
-11 -9 -20 -6 -4 -5 -4 -9 
4 -4 -12 -1 4 2 1 -5 
-2 -14 -18 -6 -4 -4 -2 0 
-2 12 20 6 3 2 2 1 
-1 -1 6 3 1 1 1 -7 
2 -6 -5 -4 -4 -4 -2 -2 
-7 0 0 0 0 -2 -1 0 
12 6 5 -1 -1 -3 -5 -4 
3 15 -18 -6 -4 -2 -2 -1 
-6 -9 6 0 2 1 1 0 
5 13 -10 -3 -4 -3 -5 -5 
-10 -13 4 2 2 2 1 0 
7 -8 6 0 0 0 0 21 
-10 -7 -8 -6 -4 -4 -7 -31 
-2 -10 -8 -2 0 -1 -4 -4 
2 -3 -3 -3 -4 -2 0 0 
11 -6 3 2 -1 -1 0 16 
-18 -4 4 -1 -2 0 -2 -24 
7 -2 11 -1 0 -1 -1 2 
8 10 -2 -3 -3 -4 -4 -1 
-38 -5 -4 -5 -5 -3 -1 -14 
6 -6 2 -2 -3 -3 0 14 
-9 -31 -1 3 3 1 3 -5 
3 15 -1 0 0 -1 0 20 
-9 13 -3 -5 -4 -2 -1 -24 
17 -15 -16 -6 -5 -3 -3 5 
-1 -12 4 2 0 -2 -1 -5 
5 2 6 2 0 2 1 5 
-10 -8 -4 -5 -4 -4 -4 -1 
1 15 -4 1 -1 -1 -2 4 
-2 9 -5 -3 -2 1 -1 0 
-11 -1 2 -1 -1 -3 -3 -9 
19 5 -10 -6 -6 -3 -2 8 
8 0 4 3 2 1 1 1 
-41 -4 -5 -5 -4 -4 -2 -5 
-9 -7 -9 -2 -2 -2 -1 -1 
-5 -8 -3 0 -1 0 0 -7 
5 7 -2 1 -1 -1 -1 5 
4 11 1 -1 -2 1 0 -11 
10 -4 0 -1 -1 -1 -2 4 
-9 -6 2 1 0 -3 -4 -10 
-7 -3 -3 -6 -3 0 0 -2 
12 2 4 -2 -2 -1 1 3 
-13 -10 -6 -6 -2 -2 -1 -8 
8 0 5 1 0 0 -1 -2 
-25 0 5 0 -1 -4 -1 1 
19 -2 1 -2 -3 -4 -4 17 
-4 -7 -12 -2 2 1 0 -4 
-10 -7 1 1 -2 0 -2 -31 
19 7 0 3 2 3 0 4 
-36 4 -3 -1 -3 -1 1 5 
5 5 0 0 0 2 2 0 
-6 -3 1 -2 -2 -2 -6 -6 
2 -12 -37 -7 -3 -2 -2 2 
7 10 13 3 3 1 1 -8 
-8 -4 -4 -3 -4 -3 -2 18 
-15 1 1 0 0 0 1 -6 
1 -5 -4 -2 -2 -4 -1 -2 
-1 -9 -4 1 1 1 1 5 
7 0 -24 -5 -3 -4 -3 -2 
5 -2 -6 -8 -3 -1 0 -2 
-4 3 7 2 1 -1 -2 -4 
0 -6 -11 -5 -1 -2 -2 1 
-5 -15 11 6 0 0 -2 -13 
-5 0 3 3 2 0 1 5 
5 1 8 -2 -2 1 -1 -2 
1 -15 -3 1 -2 -2 -2 -6 
28 20 23 7 1 -1 0 19 
-45 -8 -7 1 -2 -4 -1 -25 
-7 10 9 0 -2 -1 1 -2 
4 2 -9 -3 -1 1 -1 -3 
-3 -1 4 -1 1 -1 -2 -9 
17 7 1 3 1 1 1 16 
-19 1 -10 -5 -4 0 1 8 
10 -7 -2 -5 -6 -4 -3 -5 
-10 -6 -15 -3 -2 1 -1 -7 
9 3 3 -1 0 -1 -2 12 
-3 5 8 4 2 2 -1 -8 
4 0 2 -2 -2 -2 -2 11 
-11 -10 -3 1 1 -1 -1 -10 
11 -2 3 2 0 0 2 18 
16 6 8 1 1 -2 -5 7 
-6 -5 -8 -3 -3 -2 -2 -4 
-14 -5 -14 -6 -5 -4 -6 -24 
11 1 9 0 -2 -1 -2 11 
-2 3 6 0 -1 0 2 -3 
-15 11 5 2 -1 0 1 -2 
1 -10 -4 -2 -2 -2 -5 -14 
-6 -3 -16 -7 -3 -3 0 20 
2 -7 3 2 1 0 0 -6 
-4 -4 0 1 -1 -3 -1 -1 
-7 4 -13 -6 -4 -3 0 6 
10 -7 9 2 1 1 -1 -6 
-8 4 -6 -2 -2 -1 -1 -4 
-2 -2 -8 -3 -1 -2 -2 -6 
-4 7 12 2 1 -1 3 0 
18 -19 -10 -5 -3 -3 -4 -3 
-5 -5 -8 -3 -5 -3 -2 3 
