#EMG
#9
#ID:9-61
21 -4 12 5 0 -3 -3 9 
9 -2 1 -1 -2 0 1 25 
-11 -7 -4 -5 -4 -2 -4 -1 
15 -1 3 4 3 0 0 -2 
-18 2 3 -3 -2 -1 -4 -19 
2 -2 -1 -4 -4 -2 -1 6 
-4 -8 -16 -4 -1 0 -1 0 
-3 3 2 2 1 0 1 13 
-11 -2 -4 -1 0 2 1 -4 
1 -8 0 0 1 1 -2 6 
6 -2 4 -4 0 -1 0 -10 
3 2 9 0 -2 0 0 23 
0 4 -4 -2 -1 -2 -7 -40 
3 6 9 0 -1 0 2 14 
-1 10 26 11 6 4 5 4 
1 -2 -3 -5 -3 -4 -2 8 
-16 -3 2 -4 -2 -4 -4 -16 
20 0 -4 0 0 -1 -1 -2 
-9 -3 6 0 1 1 -2 -7 
-1 4 14 6 2 -2 -1 -9 
-10 7 -1 -1 0 1 3 16 
-10 -10 -13 -7 -4 -5 -6 -22 
-18 -12 -12 -1 -2 -1 -3 -13 
22 -1 7 -2 -3 -1 -1 -13 
-17 -6 -6 -4 0 0 -1 -4 
2 4 1 2 -1 1 2 11 
5 3 4 -2 -3 -5 -2 12 
-1 -2 -12 2 2 1 -1 -10 
-9 2 12 5 1 3 4 6 
8 -4 0 1 -2 -5 -7 3 
3 -1 -8 -5 -3 -2 -2 -8 
-10 4 2 -1 -2 -1 0 -3 
5 -6 -15 -7 -3 -2 -4 -5 
-17 1 -4 -2 -1 -2 1 9 
3 -2 -4 -2 0 -1 -2 1 
-10 -4 3 -3 -4 -3 -5 -8 
3 -4 -9 -3 -2 -2 -1 3 
-4 3 0 -1 0 0 1 -6 
-9 -4 -3 1 1 2 2 4 
5 -3 -2 0 1 -3 -2 -2 
1 -8 -10 -2 -3 -2 0 1 
2 8 8 2 0 -1 2 0 
-1 -1 -1 -3 -2 -2 -2 2 
-11 0 -1 -2 -3 -2 -2 1 
10 -2 -7 -5 -5 -6 -7 6 
-9 0 0 2 3 3 0 -3 
2 -11 7 3 0 1 1 8 
-2 -8 -24 -4 -7 -3 1 8 
4 0 -14 -4 -1 -2 -3 0 
2 -5 1 1 0 3 3 14 
7 3 -3 -3 -1 -1 -2 15 
-9 -5 3 2 4 2 0 -30 
20 3 6 2 -4 -3 -2 3 
-8 -1 1 1 0 -1 -2 -8 
0 -2 -10 -3 -3 -3 -2 -3 
-4 2 13 1 1 0 1 9 
-24 -7 -14 -3 0 0 2 -1 
11 2 -2 -3 -3 -2 -4 -11 
3 -1 -8 -2 -3 -2 -1 0 
1 6 20 1 -1 -1 -2 1 
-6 6 13 2 -1 0 -1 -3 
-4 -2 -10 -1 1 0 3 5 
11 -12 -12 -12 -10 -5 -6 -15 
32 -1 -8 0 1 0 -1 35 
-36 -7 2 -3 -1 -3 -6 -74 
-19 11 21 8 2 5 4 4 
20 2 5 -6 -2 -4 -3 20 
-8 -11 -37 -13 -9 -7 -5 -33 
25 0 6 3 2 0 1 20 
-6 -3 2 0 -3 -5 -4 -9 
-12 7 6 4 2 2 -1 -4 
-6 1 9 1 0 0 -1 11 
-6 -1 -2 -2 1 1 3 9 
13 -2 -14 2 -4 -7 -9 -2 
4 17 17 -5 4 4 8 6 
-15 -16 -14 3 1 0 1 -10 
-2 1 -16 -12 -4 -2 -1 39 
-3 -6 3 2 -4 -3 -6 -24 
-6 3 -30 -9 -9 -8 -7 -13 
-17 -6 16 7 5 6 6 17 
-22 -18 1 4 4 2 3 -34 
24 9 13 4 3 -1 1 23 
-19 -12 -13 3 -2 -4 -7 -18 
13 8 -2 -7 -4 -4 -3 -6 
18 18 16 5 -2 -3 1 35 
-8 -14 -23 -8 0 0 1 -18 
-7 4 -8 0 -1 0 3 -3 
8 12 13 1 -2 -4 -5 -3 
30 -1 12 2 1 -1 0 -1 
-25 -8 -1 8 -1 -4 -4 -3 
10 -12 -13 -23 -6 0 8 41 
-37 -6 -7 -6 -4 -5 -15 -43 
15 23 24 -2 -3 -1 -2 17 
8 -12 -25 -5 -2 -2 -7 -26 
-4 -10 23 15 3 0 -1 13 
-3 -9 -13 -4 -3 1 10 15 
-17 -11 -35 -10 -6 -4 -6 -9 
-6 -11 -1 -3 1 1 1 -5 
14 -3 5 5 1 -3 -2 0 
-36 15 18 3 2 3 1 -8 
-5 6 -7 3 0 -3 -2 7 
-13 -3 4 -6 -5 -3 -1 -12 
6 -4 18 7 -1 0 0 -10 
37 -4 -24 -8 -1 -2 2 46 
-12 -12 4 5 0 1 -5 -34 
-10 -1 4 -12 -1 0 7 -10 
4 -2 -11 -14 -6 -2 -3 8 
-18 -5 -34 2 -1 -3 -4 -18 
4 -9 -7 -3 -2 1 3 24 
2 13 12 -1 -5 -6 -21 8 
-27 10 18 12 4 6 13 -11 
25 9 5 -7 -7 -8 -7 13 
13 -10 -29 -5 -3 -1 -1 -25 
-28 -5 5 1 1 1 -2 -5 
10 11 10 0 1 -2 10 17 
0 -2 10 6 4 4 -2 37 
12 -5 4 -2 -1 -2 -2 -13 
-7 -3 -26 -4 0 -1 -2 -53 
-12 -2 -19 -6 -2 -2 -4 3 
7 -2 0 -14 -6 -2 4 -16 
1 -4 22 4 0 0 -2 6 
11 6 8 -2 -2 1 5 33 
-16 8 0 10 1 -1 -8 -30 
31 -24 -4 3 -3 -4 -9 -7 
-57 -4 -7 -7 -3 0 1 -10 
-1 4 -4 -4 -1 -2 3 18 
3 -12 -9 -3 -1 -2 -4 8 
14 17 -5 -2 -1 1 6 4 
-4 10 14 0 2 0 -3 -19 
29 -7 -13 4 1 1 -2 15 
-25 -2 12 2 1 -2 -12 -5 
-13 0 1 -2 3 4 11 9 
5 -5 -10 -4 -4 -1 1 6 
9 12 14 2 -2 -2 2 -1 
12 -14 -21 -9 -2 -3 -9 -19 
2 10 15 8 -1 -2 -10 14 
-1 2 19 6 5 2 11 -7 
-3 -7 -25 -15 -9 -3 -3 17 
4 3 1 2 0 -1 7 1 
-22 -10 5 -6 -5 -3 -6 -35 
-12 -7 8 3 2 4 6 20 
21 9 2 4 4 1 -8 21 
16 -1 -14 0 -1 -2 5 13 
6 4 -14 -2 1 -1 -3 -10 
-3 -8 -14 -11 -5 -4 -5 -7 
-34 3 -5 -3 -3 -4 -2 -23 
22 14 -15 -8 -6 -3 -7 -2 
1 0 35 14 8 3 4 13 
10 -6 -10 -8 -8 -8 -22 -3 
-5 0 -30 -1 1 0 13 2 
2 8 25 7 4 4 3 12 
-10 -8 -20 -2 -5 -4 -1 -30 
11 7 -25 -10 0 1 3 9 
-1 -5 24 0 -3 -3 -9 -7 
-2 25 -16 5 2 2 2 -7 
-11 -1 2 1 6 4 6 1 
-4 1 13 -3 -7 -5 -5 5 
19 13 7 6 3 3 5 11 
-11 8 51 -5 -4 -5 -8 -11 
-3 1 20 0 -3 -3 -1 -7 
0 -21 -30 5 2 2 4 -2 
-17 12 11 -7 -3 1 -1 0 
3 -50 -15 0 1 -2 -5 -5 
5 26 -14 -3 -7 -1 -1 8 
0 6 -16 -1 -4 -7 -6 3 
-17 -33 5 -4 -6 -2 -5 -46 
14 -14 22 -8 3 -1 -2 2 
-38 -23 -37 -15 -17 -4 -6 -12 
10 53 20 7 10 3 3 9 
-15 -26 -18 -2 -8 -4 3 4 
4 17 -3 6 1 -2 -5 -5 
4 12 25 7 7 2 2 -31 
-11 -10 -3 -18 -2 0 3 -11 
17 19 17 -4 -11 -6 -7 18 
-8 -25 -43 -5 -4 2 6 0 
5 1 14 7 1 1 2 15 
-14 -20 15 31 3 3 -3 -39 
6 20 16 -13 13 2 3 16 
-14 -14 -54 -15 -9 -3 -3 -23 
9 -5 13 -2 0 -4 -5 22 
5 0 35 28 0 -1 1 -28 
0 -15 -35 -32 0 -3 -2 -7 
-1 0 4 -3 -8 -3 -4 -5 
13 -1 3 11 8 4 3 43 
16 3 -46 -37 -12 -5 -5 -9 
-17 -6 53 40 6 0 -5 -1 
-32 -1 6 1 7 1 0 15 
-15 -15 -33 -13 -11 0 8 -50 
30 7 47 32 10 -1 -14 72 
-36 -11 -47 -16 -6 -5 -5 -49 
4 6 -13 -15 -8 1 9 38 
-9 -11 22 2 -1 -9 -15 -32 
-3 3 1 -9 -1 -3 -9 11 
16 -15 -12 5 2 2 8 31 
8 29 60 22 7 2 3 28 
2 -18 -57 -29 -11 1 9 -7 
-20 -6 -20 -12 -8 -8 -23 -18 
12 21 19 6 -3 -3 -6 8 
-2 -6 20 13 2 3 12 -25 
53 11 -2 -4 2 -1 -3 30 
-39 -9 -6 -12 -4 -4 10 -23 
8 -5 -10 0 -1 0 -1 -6 
-28 5 3 -1 -2 -2 -8 -34 
23 9 23 4 -2 -6 -2 2 
4 0 -10 -3 -4 -3 -3 -5 
3 -13 -1 -7 -3 3 10 14 
-10 -6 -4 -5 -2 -1 -2 -5 
-18 -5 1 0 2 -7 -13 -6 
16 -9 -5 1 1 2 11 4 
-8 33 18 4 0 1 -3 3 
15 9 11 -4 -2 -3 -2 1 
-12 -1 -11 3 2 3 7 5 
1 -12 -1 1 2 0 -7 14 
18 0 7 2 -3 -4 -2 3 
-3 -7 -4 1 2 0 -5 -8 
-15 -10 -12 -5 -2 -6 -2 -2 
-7 -4 18 -3 -5 -1 5 -8 
10 5 -5 2 0 1 4 8 
0 10 37 6 -4 -5 -11 -11 
-11 -18 -56 -16 -6 -3 -10 0 
3 16 -2 4 2 5 11 6 
-4 -11 -2 -7 -1 -4 -6 -8 
19 -1 5 0 1 0 2 -2 
-25 -15 -8 -5 -3 -1 1 -19 
9 39 4 -3 -2 2 9 2 
6 14 35 8 4 2 0 11 
0 -10 -51 -2 -3 -5 5 -11 
10 14 22 9 6 5 -6 16 
13 -15 -17 -2 0 -1 0 21 
-31 -25 -1 -1 -5 -3 -3 -10 
-9 -7 -22 -13 -5 -3 -1 -5 
-1 11 16 7 -2 -3 -3 -2 
11 -6 17 9 2 2 1 -4 
16 -5 -24 -11 -1 -2 9 41 
-14 -8 -2 1 -6 -6 -20 -56 
-16 4 30 3 0 -2 2 -5 
1 0 -2 -1 0 3 5 -10 
4 -19 -29 2 1 -1 -4 -9 
-2 -23 8 -11 -4 -1 2 16 
3 -15 -2 2 1 0 1 4 
-20 -16 -19 -10 -4 -6 -8 -19 
5 5 8 -1 -1 0 -2 5 
-2 5 -12 -3 -1 -3 -6 11 
2 -5 -7 2 1 5 8 -6 
3 20 21 2 4 -1 -6 5 
-12 -22 -9 -2 -2 -3 -3 3 
18 32 -15 -2 -2 -4 -5 12 
-9 33 43 1 -3 -3 -4 -14 
-15 -15 -28 -8 -4 -4 -4 -15 
8 4 0 1 -2 2 0 -20 
-2 6 1 2 2 -2 -6 0 
0 -12 -10 0 2 3 3 16 
-1 11 53 3 -2 0 2 -18 
-1 -7 -46 -3 -5 -5 -8 -10 
-3 -10 10 5 1 0 11 21 
-7 -1 6 -7 -1 -1 -4 -21 
9 10 -27 -6 -3 -7 -62 -54 
-3 22 17 5 3 5 85 96 
-13 3 -8 3 5 4 -1 -25 
-15 -54 -2 6 3 -1 -2 3 
0 -18 1 -2 -5 -2 9 38 
0 -10 -57 -31 -8 -6 -31 -39 
-9 12 -21 -11 -5 0 -2 -16 
9 5 10 4 -1 1 0 2 
-17 4 24 14 6 1 11 -19 
-12 -13 23 1 -6 -3 -10 9 
6 -25 -6 -3 -3 3 6 16 
10 24 5 16 -2 -1 3 16 
-1 0 -16 -16 0 0 13 40 
18 28 45 8 0 0 -17 -44 
1 -10 19 4 -1 -3 5 32 
-3 4 -3 -9 -7 -6 -6 -19 
9 -1 -34 2 -1 -1 -8 -28 
-5 -10 2 -4 -2 -4 -16 39 
9 0 7 -3 -1 -2 -27 22 
-3 -7 -35 14 3 -1 45 3 
-12 -1 -25 -15 -4 -2 7 14 
4 -21 -43 -22 -4 -2 -23 -56 
1 7 10 18 6 2 -19 40 
44 29 7 -28 -7 -2 -17 -4 
5 -12 -24 -7 -7 0 17 74 
20 32 62 21 5 -12 -72 -42 
-36 2 12 32 10 6 53 20 
-6 -15 -42 -34 -4 0 -32 0 
-32 -3 38 -1 -4 -5 3 -18 
14 14 45 12 3 6 23 16 
17 -51 -28 10 5 3 -4 -12 
-9 -53 -65 -41 -17 -13 -2 8 
-21 -35 -42 -3 -3 4 6 -38 
-3 0 25 17 -2 1 12 13 
3 21 47 -3 3 -3 8 -38 
-12 7 -12 8 3 2 -17 -70 
30 -1 -12 -1 1 -3 -8 9 
-9 29 13 11 -1 -2 8 -2 
-24 -8 -15 -30 -6 -1 -2 -18 
17 5 -12 -2 -4 4 -10 37 
-1 5 12 -3 -1 -4 -9 1 
-10 1 -5 4 1 7 12 34 
9 10 19 2 -10 -17 -36 -31 
-5 14 37 17 9 2 7 8 
-3 -6 -4 -5 -6 -1 1 -10 
0 -24 -37 0 -4 -3 4 11 
2 -20 -24 -15 -1 7 8 -10 
-4 13 -1 7 -2 -5 2 -10 
6 1 37 6 4 5 3 13 
-8 35 3 -10 0 -3 0 -27 
4 29 14 -2 -4 0 4 22 
-2 5 7 3 0 -4 -5 8 
4 12 62 25 7 5 4 -4 
-5 -20 -33 -20 -3 3 8 -10 
4 1 -3 -11 -9 -5 -6 -5 
-7 -1 -14 5 -5 -6 -3 17 
-3 10 6 1 3 -2 -2 2 
12 -16 3 1 2 2 6 6 
1 -16 -45 -15 -6 -6 -3 -12 
15 6 27 8 1 2 3 10 
-1 35 4 0 -4 -2 0 -12 
2 2 22 14 7 1 2 5 
0 -4 -31 -8 -4 -5 0 -26 
-49 10 4 -8 -5 -2 -5 -27 
32 -19 -10 2 -1 -6 -4 50 
2 2 2 0 2 2 -1 -25 
-10 2 -5 20 2 1 5 18 
8 -22 -3 -18 -5 -3 -11 -21 
-5 -6 -21 -10 -6 2 17 44 
-20 -16 -33 -9 -3 -7 -25 -24 
14 -3 23 3 0 0 3 -14 
-28 -8 -8 4 5 1 6 -2 
-55 -12 -14 3 -2 2 -5 -38 
18 4 -1 -4 -4 -2 2 16 
4 -6 -9 -10 -3 -2 0 14 
2 27 26 16 5 4 6 16 
14 -13 -12 -6 -3 -3 -4 -31 
-10 -19 -17 -6 -4 -3 4 8 
-12 3 -1 -5 -2 -3 -6 -6 
16 -9 17 1 -3 -2 -7 -9 
3 -9 -7 -7 -4 -4 -1 13 
-10 -8 -16 -4 -1 -1 2 -14 
5 11 14 2 -1 0 -2 3 
9 -10 -10 -3 -1 1 2 16 
-4 1 0 1 0 0 -3 -14 
-9 -10 -16 0 -2 -1 1 5 
5 4 12 0 -2 -1 0 32 
-11 7 -4 2 1 -1 0 -38 
-5 1 3 -2 0 -3 -5 -15 
9 1 5 -3 -4 -2 3 -15 
-1 -1 2 4 2 2 -4 19 
1 0 8 2 -2 0 0 7 
31 -17 -27 -5 -1 -1 0 5 
-10 3 13 -1 -4 -4 -4 2 
-14 -8 -12 -6 -2 -1 1 -34 
-2 2 7 4 0 -1 -1 0 
12 7 5 -5 -1 -2 -4 -3 
-13 1 16 -1 -4 -1 2 -3 
-7 3 5 1 0 0 -3 -8 
12 -12 -5 -1 1 -2 2 3 
-3 1 -13 -4 0 -2 7 6 
-2 0 4 5 5 3 0 -2 
-9 -2 5 0 0 -1 -3 -3 
6 1 -4 -3 -2 -5 -5 -5 
-1 -3 1 5 4 6 -2 -5 
0 -7 8 0 0 -1 -1 0 
0 -3 -19 -9 -3 -3 -1 -5 
-7 0 4 0 0 0 1 10 
0 0 4 -3 -6 -6 -9 -3 
4 -2 -23 -3 -1 0 2 -7 
3 0 2 2 -1 -2 -3 0 
-4 2 3 -2 -2 -1 0 3 
-5 3 5 1 -2 -2 -3 -7 
12 5 16 12 3 3 7 27 
-16 -10 -30 -23 -10 -8 -13 -46 
3 4 5 -1 -1 -1 0 14 
-3 1 -1 -2 -2 -2 0 -16 
-10 -2 -5 3 4 3 6 -8 
4 -4 1 4 1 0 -5 12 
10 -1 5 1 0 1 1 4 
-10 -5 -9 -4 -2 -1 1 8 
8 3 -4 -6 -4 -5 -4 -7 
5 2 3 -1 -2 -1 0 1 
-14 -3 2 4 4 4 4 -5 
2 8 2 -1 -2 -1 -4 1 
-6 -7 -11 -7 -2 -1 -2 2 
7 5 7 1 0 -3 0 4 
-7 -7 1 7 6 4 3 -1 
1 2 9 4 1 0 1 -1 
9 -2 -3 -4 -4 -2 0 22 
-7 -4 3 -2 -3 -4 -8 -12 
5 5 -9 -5 -5 -5 -1 -9 
-7 -1 2 -2 0 -1 -2 5 
-7 2 2 -4 -2 -1 -2 -17 
4 -5 2 5 2 1 3 24 
-7 -3 -6 0 -3 -1 -3 2 
3 -5 -2 -4 1 0 -2 -7 
-5 0 -7 0 0 -2 -1 -5 
-1 0 8 4 4 2 3 7 
-3 -1 4 0 -1 -1 -1 -3 
-28 -5 -13 -1 -2 -3 0 -6 
3 -3 -6 -5 -4 -4 -7 0 
-10 8 3 1 1 0 6 8 
23 0 -8 -6 -5 -5 -3 -34 
-4 4 6 6 3 2 1 13 
6 -7 3 -6 -3 -3 -6 -14 
-10 -3 -7 1 1 3 1 -5 
-3 -2 -14 -4 -3 0 0 12 
8 -1 8 -1 -3 -2 1 19 
-3 0 -3 -2 -5 -4 -6 -27 
10 -4 0 0 -1 -2 0 6 
-14 -11 -7 -2 2 2 2 9 
-4 2 -16 -4 -4 0 2 -10 
20 2 7 1 3 0 -6 30 
-32 -3 -14 -2 -4 -4 -3 -43 
3 -1 7 -2 -3 -4 -5 3 
4 -4 4 0 -2 -3 -2 -12 
-3 -3 -5 -1 -1 1 4 10 
14 1 2 -2 -2 -2 -2 1 
-5 -4 -2 0 1 2 2 -2 
-8 -6 -4 -1 1 0 0 -2 
3 7 0 2 2 0 -5 -5 
13 -2 -1 -3 -2 0 -1 0 
-15 0 -16 -7 -4 -3 -1 -3 
8 -7 -2 -3 0 -1 -2 3 
-8 1 -6 -3 -2 -4 1 -6 
0 -10 4 2 3 6 3 5 
-1 6 14 1 -3 -2 0 -2 
2 3 -4 3 5 1 -5 -13 
-25 -12 3 -1 -1 1 0 -13 
35 -4 -11 -6 -9 -6 -5 42 
-3 8 0 -3 -2 -2 -2 -12 
12 3 9 0 -4 0 3 20 
-24 -2 -1 -2 -3 -1 0 -25 
0 0 4 -1 0 -2 0 2 
2 -4 3 0 -1 0 -1 8 
-3 -5 -2 -2 -3 -5 -5 -9 
4 -2 -5 -2 -1 1 3 6 
-8 -2 -1 0 1 1 0 -11 
-4 -1 6 1 2 -1 -1 -1 
-1 14 8 0 -3 -3 -7 -4 
-1 -10 -3 0 0 2 3 13 
-3 -5 4 -3 -2 -1 -3 -21 
-14 -8 -3 0 0 -1 -1 1 
-3 -9 -6 -3 -1 -1 -4 -7 
-1 7 -1 -1 -1 -3 0 5 
1 5 4 -2 0 -1 3 4 
9 3 6 0 -2 -1 -4 -12 
-5 6 -6 0 -1 -1 -2 -7 
-5 3 1 -3 -1 -2 -3 -12 
-3 -1 -4 -3 -3 -2 1 24 
13 15 -2 -1 -2 -1 -5 -18 
-10 -5 8 -1 0 0 -2 -2 
1 -15 -6 2 2 0 1 -3 
-1 12 2 0 0 1 0 3 
-4 -11 -9 -5 -3 -3 0 10 
-14 -1 -1 -2 -2 -2 2 -11 
25 5 -5 -6 -9 -6 -4 23 
-9 -10 0 2 2 -1 -4 -28 
1 -1 -1 1 -1 -1 -4 6 
1 -5 -3 -5 -4 -3 -1 -2 
-4 7 5 -3 -2 -2 1 9 
-2 -3 -9 0 -3 -3 1 -7 
-9 -3 3 -1 -2 -2 -8 -14 
2 1 -1 0 -3 -3 -2 7 
-4 2 0 -2 -3 0 -3 -4 
-3 1 6 1 0 0 -3 -9 
-4 -13 -9 -1 1 2 6 17 
16 -6 -2 -2 -1 -1 -1 8 
-5 -7 2 0 2 2 -3 -6 
2 -5 -4 -3 -3 -4 4 14 
5 -1 7 0 0 1 -1 -6 
0 -1 -4 -2 -4 -3 -10 -41 
-8 -4 2 -1 -1 -1 0 -12 
2 5 10 0 -1 -2 -4 -1 
5 1 1 -2 -2 0 4 14 
4 -4 -4 -2 -1 0 2 6 
9 8 10 8 2 2 -1 2 
-8 -1 -9 -8 -8 -4 -3 10 
1 5 -6 -1 -1 -6 -4 -13 
-3 -10 -1 1 1 -1 0 -4 
-3 0 5 -1 -2 -4 -4 -2 
-4 2 0 2 1 1 3 6 
8 -4 0 -2 -2 0 0 5 
-2 -14 -12 -4 -2 -1 2 15 
3 0 -10 -2 -1 -2 -1 2 
-10 7 9 2 0 -1 -3 -16 
14 -4 -2 -5 -4 -3 -2 7 
-6 1 -7 -1 -2 -3 -3 3 
0 -5 -7 -4 -3 -2 -1 -2 
1 -4 -3 0 0 0 -2 -9 
-13 -4 0 1 -1 -1 2 4 
3 -1 -1 1 2 0 1 10 
5 12 14 0 -3 -3 1 17 
-20 -12 0 2 1 0 -6 -37 
1 1 -5 -2 -1 -3 -1 0 
7 0 -6 -1 -4 -1 -1 3 
-7 -12 -12 -1 0 1 -1 -13 
-1 -2 -3 -3 -2 -2 -5 -7 
-5 11 6 2 1 0 3 4 
-6 -2 -6 -7 -4 -4 -10 -7 
1 -1 -6 -2 -1 -3 -2 1 
8 4 -3 -3 -1 -2 -1 14 
-11 -11 -6 -3 -1 1 1 -8 
-18 6 4 2 3 3 6 -3 
10 -2 -7 -3 -1 -2 -4 -5 
1 0 -3 -3 -2 -2 0 0 
-6 1 -2 -1 -2 -3 -6 -5 
9 8 2 -3 -5 -4 -2 12 
-15 -24 -3 -2 3 6 4 -18 
9 -9 -5 -1 1 -1 1 17 
-20 -2 -5 -3 -3 -2 -2 -38 
2 -1 10 2 0 1 2 4 
5 8 1 0 -3 -4 -4 -1 
5 -5 -2 -2 -1 -1 -2 6 
0 -14 0 -1 1 1 -1 6 
9 6 2 -1 1 1 4 20 
-11 1 -6 -2 0 -3 -8 -27 
0 -2 0 -1 -1 0 0 -1 
-9 2 -2 2 0 0 -3 7 
16 -3 -15 -2 -4 -3 -5 -1 
-5 1 0 1 0 1 1 11 
-13 1 0 -3 -5 -1 2 15 
-2 -3 1 0 -2 -3 -6 -41 
0 -4 -4 -3 -4 -2 0 -1 
-3 0 9 1 0 0 3 5 
-1 -1 -13 -4 -6 -4 -7 -3 
7 4 1 -2 -1 -2 -3 20 
-8 -2 8 1 2 4 0 -14 
0 6 -7 0 -2 -3 -1 -1 
2 -3 -1 -2 -1 2 5 15 
6 -3 6 1 0 1 -1 -2 
-7 -7 -1 -1 -2 -2 -5 -8 
4 3 -1 1 -1 -1 -1 3 
-5 1 1 0 -2 -1 0 2 
3 6 -5 0 1 2 1 7 
-11 -3 0 0 1 0 2 -1 
4 -2 -4 -1 -2 -2 0 3 
4 -3 -2 0 -4 -4 -4 -9 
-3 -6 -4 -1 1 2 4 5 
-6 1 6 0 -1 0 -8 -13 
-2 -7 1 -1 1 -1 -2 12 
-7 10 8 2 4 1 0 -26 
9 3 -11 -9 -10 -9 -7 7 
-16 -3 2 1 4 2 3 3 
0 -9 -3 -5 -4 -3 -1 -11 
4 2 4 -2 -1 -1 -3 -3 
-1 -1 5 0 -1 -1 0 6 
-3 -2 -5 -1 -2 -3 0 -5 
11 5 -9 -2 -1 1 0 28 
-8 -10 -1 1 0 0 -1 -24 
-7 -2 1 -1 -1 -2 -3 -21 
5 1 0 -2 -3 -3 -3 2 
-2 -6 -4 -1 -1 -1 -1 -2 
1 -7 -11 -1 0 0 -1 7 
-8 1 0 0 0 1 0 2 
6 -2 6 2 -2 -1 -2 20 
11 -2 -1 -3 -3 -5 -4 -11 
14 4 5 1 -2 0 -2 24 
-17 -15 -5 3 4 2 2 -26 
-6 4 8 0 -1 0 1 -6 
-13 0 10 1 2 3 4 14 
2 0 -7 -4 -3 -5 -5 -16 
19 2 -9 -2 -2 -1 -2 19 
-7 -6 -10 -5 -3 -5 -4 -2 
-7 -2 5 3 0 0 3 -8 
-5 -2 -9 -5 -3 -2 -4 -7 
12 -3 -6 -3 -4 1 1 37 
-1 -2 -8 -1 -1 0 -1 -15 
-6 8 3 -1 -2 0 -1 -10 
-10 4 3 0 1 0 2 3 
9 -15 -10 -1 -1 -2 2 18 
4 -6 -6 -5 -4 -4 -4 -21 
3 -2 -5 -2 -4 -3 -4 16 
-4 2 -1 1 0 -1 0 -19 
-13 4 2 -2 0 0 -1 -5 
-15 0 -7 -2 -2 -2 -3 1 
1 2 -12 -2 -1 1 0 -6 
-3 -3 1 -3 0 -2 -3 6 
2 -1 4 -2 -2 -2 1 3 
5 -4 -1 1 1 -1 0 -6 
-1 4 3 -2 -3 -2 -1 -3 
-13 -9 1 -2 -1 1 1 -1 
12 -3 -1 -5 -5 -6 -4 -2 
3 1 -1 -2 -1 3 2 1 
1 -5 4 2 2 -1 -4 6 
5 4 4 1 0 3 2 2 
1 4 -2 0 1 -4 -4 -3 
-13 7 10 -2 -2 -1 0 -9 
0 -3 -8 -4 -3 -1 -1 -1 
-2 4 7 2 -4 -2 -2 -1 
12 9 2 0 -4 1 1 13 
-7 -8 -14 -1 3 0 1 -17 
-10 -2 2 -2 -2 -2 -2 -14 
5 -7 -5 -1 -1 -3 -1 10 
-11 -8 -1 0 0 0 -1 -7 
11 1 3 0 -2 -3 -2 10 
15 0 -2 -3 -2 -2 1 21 
-10 -5 -6 -4 -2 -3 -5 -41 
-6 6 -8 -1 -1 0 -2 8 
