#EMG
#9
#ID:9-40
9 5 -19 -4 -3 -3 -2 6 
-4 4 11 4 1 -1 3 -1 
-6 -1 -4 -3 -1 -2 -1 2 
-3 6 0 3 -1 0 -2 -5 
-7 -13 2 -2 0 0 -2 1 
-6 -5 -2 -1 -2 -1 1 -6 
-6 -2 -8 -2 0 0 -2 -10 
6 0 8 3 4 3 3 8 
-3 6 10 -2 -1 -1 -2 -8 
-6 -15 -7 -5 0 -3 -2 -4 
-9 -2 4 1 -5 -3 -3 -8 
18 -13 -9 -3 -5 -1 -2 17 
-12 0 2 0 -1 0 -1 -6 
-2 1 7 2 0 1 1 -17 
3 2 -1 -1 0 -1 1 13 
-7 4 -2 -1 -1 -3 -3 -1 
-14 -8 -8 -4 -3 -3 -5 -8 
8 10 8 1 -1 1 1 11 
-10 -11 -6 -1 -1 -1 0 -5 
-2 11 5 1 1 -1 1 7 
8 -10 2 -3 -3 -3 -4 -14 
1 1 -5 -3 -1 -1 -1 -1 
-3 -2 2 -2 0 1 1 1 
-13 -4 -7 -3 -1 -1 -2 -2 
14 -5 -3 0 -1 -1 1 2 
16 6 -14 -8 -6 -6 -5 4 
-2 5 18 5 2 0 1 7 
-15 -5 -16 -3 1 0 -1 -13 
-7 -2 5 1 -1 -2 -1 -17 
-2 -4 -1 1 -2 0 -3 15 
1 -4 7 -3 0 -1 0 -2 
15 13 14 1 0 2 2 9 
-3 -3 -13 0 -1 -2 -5 -3 
3 -10 -4 -1 0 -1 -2 -6 
-2 -2 -1 0 -1 -2 -2 0 
-2 -3 -13 -3 -2 -1 1 13 
-2 3 -5 -5 -2 -1 -2 -15 
8 -4 10 3 -1 0 0 6 
-9 2 2 -2 -3 0 -2 -12 
-3 -6 1 1 0 -1 -2 -7 
-5 -2 -6 -1 -1 0 2 7 
28 6 -2 -2 -1 2 1 -3 
-28 -14 -2 -1 -1 -1 0 -7 
7 2 8 -2 -3 -2 -4 -11 
-11 -6 -8 -3 0 1 2 -4 
6 -4 -1 1 -2 0 -1 11 
15 -2 -2 0 -1 0 0 23 
-5 9 4 2 -2 -2 -4 -32 
-6 2 11 1 0 -1 0 2 
-12 1 -1 -1 0 -1 -2 -2 
-2 9 4 0 2 3 3 10 
5 -9 -11 -3 -2 -3 -5 3 
4 3 -8 -2 -3 -3 -5 -4 
1 -6 -7 -6 -6 -4 1 1 
-9 13 -19 -2 -1 -4 -4 -15 
-8 0 2 -2 0 0 2 7 
2 -17 8 -2 -5 -6 -4 4 
-6 3 -17 -5 -5 -4 -6 -16 
18 -1 14 2 0 -2 -2 7 
-40 -8 -9 -5 -4 -1 1 -4 
-1 8 16 0 0 1 2 11 
-12 -10 -3 7 2 -3 -5 -29 
7 -5 -5 -1 -2 -2 -1 -1 
10 2 8 -5 -6 -3 -2 -5 
1 4 -3 0 2 2 0 -3 
-8 -1 7 0 0 1 4 19 
-4 0 16 0 -3 -1 -1 -18 
19 8 -10 -5 -3 -3 -2 5 
-4 1 -1 -3 0 -1 -4 0 
-1 1 -1 -1 0 1 3 21 
7 -1 18 7 2 -2 -3 -16 
-17 -1 -23 -1 -2 -1 0 -7 
5 2 -7 -2 -4 0 -1 10 
-4 -7 12 2 1 1 0 0 
-10 -4 -6 0 1 2 3 5 
17 -6 10 2 0 -2 -1 -2 
-5 -2 5 2 0 0 1 -1 
-12 2 -13 -9 -4 -3 -5 -15 
-8 -5 -9 -2 -4 0 0 2 
1 -4 6 3 1 2 -1 -6 
-3 -5 -10 -3 -4 -3 -1 -5 
4 4 21 6 1 2 1 5 
2 -3 -21 -8 -1 -2 -3 1 
-32 -8 -15 -4 -4 -3 -4 -13 
2 5 -18 -4 -1 -2 -3 -10 
-1 2 13 2 3 1 4 15 
-8 -7 0 2 -2 -1 -2 -2 
26 -1 4 -1 -2 -1 0 6 
-1 -2 -12 -2 0 -2 -5 -22 
-12 -10 -9 -2 0 -2 1 0 
18 1 -3 -2 -3 -3 -3 1 
0 6 9 1 0 -1 0 5 
9 -13 -1 4 5 2 3 14 
11 -1 -11 -5 -4 -4 -4 -2 
-3 0 -3 -2 -2 -1 -1 -2 
3 -2 -5 -3 -4 -3 -4 -13 
-9 4 0 -3 -4 0 -2 -11 
2 2 -8 -2 -2 -1 -2 0 
2 -7 6 -2 -1 0 1 33 
-15 -11 -27 -8 -4 -3 -8 -51 
4 -4 19 2 -1 -3 0 5 
-16 -2 -24 -4 -3 0 0 -7 
48 -7 -6 -3 -4 -2 -2 18 
6 -1 16 5 1 1 3 4 
-8 -9 -10 -6 -4 -2 -1 -3 
-8 7 12 5 3 1 -4 -22 
-14 0 0 1 1 2 2 1 
2 1 4 -2 -2 1 1 8 
-6 -4 1 3 1 -1 3 -2 
16 -13 3 -1 -2 -2 0 12 
-22 3 -2 -4 -4 -2 -3 -17 
6 -7 8 0 -2 0 3 17 
-16 -10 -8 2 0 2 3 -3 
-6 -2 -8 1 -1 -2 7 5 
15 -8 -14 -5 -4 -5 -8 -14 
-40 6 18 3 0 -4 -8 -13 
7 1 14 -3 -4 -1 -1 16 
-3 -11 -35 -7 -2 0 1 -3 
-8 2 -5 -2 0 -1 2 15 
16 1 -9 2 0 -1 0 8 
4 5 11 2 3 1 3 -6 
-5 5 8 -4 -1 -3 -6 -3 
-10 5 -18 -4 -4 -4 0 -2 
15 1 18 1 3 0 2 19 
3 0 -21 -4 -5 -2 -4 -5 
-3 -8 -6 -4 -2 -1 -3 4 
1 -1 3 -1 2 -3 -2 -11 
5 10 -18 -2 0 -2 1 10 
-5 10 15 6 -1 0 -4 -14 
-1 -2 -10 1 0 2 8 6 
-3 12 -21 -11 -8 -4 -9 -12 
-9 -5 -19 -3 0 -1 -3 -7 
33 -15 24 -6 -2 -1 -2 8 
-21 1 28 1 -3 -8 -10 -18 
-16 -21 -20 -2 0 3 5 23 
20 -3 -3 -4 -3 0 -2 -18 
-2 9 -19 -1 -1 0 -2 6 
8 -6 11 2 -2 -5 2 -8 
-10 9 25 3 3 3 6 7 
-8 -12 12 4 -5 -4 -19 2 
-13 -11 -6 -3 -4 -2 4 -1 
10 14 -3 -1 2 4 10 4 
5 -3 25 3 -1 -4 -4 -17 
-2 15 -26 -7 -1 -3 -3 -4 
-2 12 -5 -1 0 -2 -6 -2 
45 11 17 6 0 -1 4 36 
-21 -9 -9 0 1 -2 -6 -23 
-4 13 48 6 0 1 6 6 
-6 -10 -8 -6 -3 -2 -4 23 
-3 -7 -11 -3 -2 3 14 -14 
9 -1 -6 3 1 1 -3 -15 
-10 -11 15 -1 -2 0 7 11 
-11 13 0 3 2 -1 1 -9 
5 -2 -7 -1 -2 -4 -18 -15 
-11 -1 -12 -16 -8 -1 -6 -10 
10 -7 -10 -2 3 -1 -26 20 
-36 -6 4 -4 -2 -2 36 -18 
8 11 25 2 2 -2 -2 14 
-22 -17 -54 -8 -2 0 5 -5 
22 4 -10 -9 -1 2 13 17 
-11 -7 -4 2 -3 0 -8 -26 
22 -29 -29 -2 -2 -6 -22 -5 
-2 3 41 7 6 2 4 5 
-11 3 -19 -6 -5 -1 5 -3 
27 4 4 3 1 -1 -11 -6 
-13 -6 -18 -12 -5 -1 4 4 
-7 -5 15 0 -5 -6 -5 -5 
-2 0 4 7 3 0 5 -7 
6 -4 34 -3 -4 -6 -17 6 
4 13 -23 -1 -1 2 2 1 
-7 2 31 25 6 5 3 -7 
-19 -20 -13 -15 -2 -3 1 -20 
4 15 -18 -3 -2 -3 -11 10 
-2 -13 8 -1 -1 1 17 24 
18 40 9 -9 -9 -6 0 3 
-8 4 34 4 1 0 -3 -16 
4 -26 -81 -8 -5 0 3 8 
-16 11 18 8 3 -3 -29 -16 
16 -32 42 -7 -3 -1 -5 -4 
-3 4 -27 4 4 1 5 1 
-11 -7 18 -10 -8 -3 -7 7 
-21 4 20 1 -5 -7 -7 -18 
10 -1 -34 7 12 5 8 2 
-7 -8 5 -1 -13 -9 -6 0 
15 17 -22 -6 -3 -1 3 -4 
1 16 85 29 24 8 10 2 
-9 -5 -3 -15 -15 -1 -5 11 
5 -15 -10 -3 -4 2 6 4 
-3 9 2 -6 -5 -4 -8 -8 
1 -7 -5 -6 -10 2 8 -6 
5 1 -10 1 9 1 -17 3 
-4 10 16 0 2 3 3 -4 
1 -10 -8 4 3 -5 -1 14 
-5 2 -43 -19 -6 -3 -4 -10 
-31 -7 49 35 8 2 9 -2 
-10 -2 -65 -24 -8 -7 -5 4 
32 0 31 12 7 2 -3 4 
-18 -26 -49 -37 -10 -1 -3 -6 
-9 13 40 15 0 -1 1 -21 
24 15 4 2 -1 -2 1 36 
1 -21 -18 -7 -2 0 3 -3 
-16 14 -2 4 -2 0 1 -14 
23 -1 -29 -25 -5 -2 2 1 
-2 -11 -8 8 -4 -5 -14 -16 
-13 -3 46 28 6 2 4 2 
0 -19 14 23 7 2 -2 -10 
14 4 -23 -24 -10 -7 -12 31 
-10 -43 -17 -25 -10 3 9 -33 
29 53 9 1 -2 -10 -7 47 
-12 8 3 -5 -6 -4 -7 -57 
19 4 -2 13 5 -1 -4 36 
-6 9 30 21 11 9 8 -32 
-16 -18 -20 -4 -4 -8 -9 5 
4 0 10 -7 0 1 9 19 
8 -2 -29 -8 -7 0 6 -25 
18 -3 0 -2 -1 -1 14 59 
-30 6 13 10 5 4 -6 -23 
20 -8 -18 -5 -4 -11 -13 11 
-20 -7 -20 -7 -3 -2 -2 -11 
3 26 -6 1 2 -1 -3 -6 
-20 16 33 6 6 4 3 -10 
0 4 -40 -17 -6 -1 -1 21 
-6 -10 -6 -8 -9 -3 1 -20 
-16 4 36 18 4 -2 -5 -6 
-5 -1 -12 -13 -5 -4 -4 -6 
3 6 -30 -3 -1 1 0 1 
1 7 -3 6 0 -4 -6 -24 
-10 27 10 -3 -2 -3 -6 -12 
11 -4 0 -2 1 5 5 -14 
-39 -23 -4 -2 -4 -3 -4 10 
-3 12 16 5 2 1 2 6 
4 -32 -18 0 3 2 14 1 
-10 -12 12 -8 -4 0 -1 6 
12 7 36 15 7 6 10 -9 
4 -11 7 -9 -2 -3 -2 2 
-12 -20 -33 -7 -4 -2 -8 -4 
-8 -11 -2 -8 -8 -3 6 -3 
-8 -21 -30 0 0 -3 -10 -9 
-3 -30 1 -4 -2 0 -1 0 
3 3 -1 2 3 2 -1 6 
-17 -14 -12 -4 -3 -5 -4 -17 
14 10 14 6 -1 0 9 16 
-2 5 5 -5 -1 -6 -20 -11 
-6 20 21 -3 -4 -2 -6 -21 
0 -8 -4 9 6 1 2 -3 
4 -29 24 -5 -1 5 7 5 
-9 -14 -20 -5 -2 -3 0 -4 
-3 -11 -12 -6 -5 -4 -11 -4 
0 8 8 0 -1 4 10 4 
-11 2 9 2 -2 -2 0 -18 
8 21 2 5 1 -1 0 18 
0 -5 11 3 3 -2 -7 3 
11 -1 -57 -12 -3 -5 -5 0 
-5 17 -30 -4 -5 -4 -5 3 
-18 -5 -17 -7 1 2 13 -4 
1 -1 3 3 -1 -6 -4 14 
5 -4 -5 3 3 1 3 6 
-1 8 6 -6 -4 -4 -9 -1 
-12 -6 3 -1 -6 -6 -1 -6 
17 34 35 22 11 5 11 23 
-4 -17 -7 5 1 2 -5 -7 
-6 -63 -50 -40 -17 -9 -5 12 
0 11 -30 -1 -3 1 3 -10 
14 24 7 2 -3 -2 1 12 
-7 -6 7 2 3 1 -5 -7 
2 1 48 19 5 4 5 -5 
12 -5 -24 -2 -2 -2 -7 -13 
-13 -8 -17 -7 -5 -3 7 10 
9 9 49 8 2 -1 -5 1 
-15 -21 -83 -15 -7 -4 -7 -32 
-6 3 31 3 -2 0 12 24 
12 -16 -34 -14 -8 -5 -12 -11 
-1 4 9 -3 -8 -1 8 -17 
4 22 19 0 1 -1 -22 -7 
0 13 24 12 3 -1 -2 14 
-11 -70 -49 -10 -2 2 16 -13 
1 54 -2 -14 -7 -2 7 14 
20 38 48 8 2 2 -1 10 
-8 14 3 8 4 -2 3 1 
-7 23 40 7 -2 2 -10 -25 
-10 -25 -6 -7 0 -4 -19 8 
-14 -14 -63 -5 0 0 23 8 
11 9 -8 -3 -3 -1 -3 -3 
-3 0 21 12 4 0 6 8 
8 14 16 13 4 1 -1 12 
-11 15 -2 -10 0 -3 -14 -14 
17 -16 4 -9 0 -1 -10 12 
-39 -25 -38 -25 -10 -1 0 -44 
22 -1 -30 -9 -7 -7 -50 -22 
-11 0 51 19 8 2 33 59 
22 -7 -1 7 3 0 2 26 
25 2 30 27 10 1 -13 -18 
-16 -16 1 -16 -8 -2 -5 34 
-2 3 -76 -33 -10 -3 -9 -52 
-26 -8 -4 -14 -6 -6 -16 14 
8 33 8 15 5 -1 -49 5 
-11 17 6 0 0 4 80 28 
15 2 95 53 14 -4 -10 10 
-10 -28 -42 -42 -17 -7 -19 -5 
-23 6 -39 -30 -7 18 76 -9 
-31 -27 -29 -8 -11 -29 -75 -72 
56 -2 14 16 -2 4 26 29 
-45 33 78 44 21 4 11 -45 
-4 -5 2 -21 -16 -17 -31 -5 
3 -11 -102 -42 -16 2 14 -15 
-3 -24 39 7 -5 -1 13 1 
-13 41 12 -7 4 3 -12 -4 
24 19 58 29 14 1 -7 48 
-15 -26 43 26 2 1 6 -6 
8 3 -2 -16 -9 -10 -32 -26 
32 -4 -28 -17 -7 0 13 15 
-21 -22 -28 -4 -4 -1 3 -7 
17 23 70 4 8 10 30 -6 
-22 6 63 27 6 -3 -15 -9 
6 -50 -62 -6 -8 -6 -28 -24 
-3 -36 -83 -45 -11 -10 -6 -12 
7 -15 4 15 9 14 21 -13 
-28 -8 -32 -16 -2 -2 8 35 
12 -9 21 11 0 4 24 4 
5 57 37 19 4 -8 -32 -11 
3 -11 -31 -10 -6 -5 2 14 
-21 -4 -33 2 5 2 -16 -31 
1 5 -13 1 -3 -2 18 25 
37 6 17 -5 -2 1 10 18 
-37 5 49 13 3 0 -10 -19 
4 24 -14 -19 -4 -3 17 29 
0 11 -9 -3 -8 -4 -3 -16 
-3 -9 -20 1 2 5 8 10 
15 28 -37 -9 -4 0 -2 18 
5 -12 1 17 4 2 -9 -18 
-7 -11 -26 -15 -3 0 -5 -22 
-6 -12 5 1 3 1 6 20 
-5 -8 -25 -1 3 -3 -9 -9 
24 -9 -13 -10 -8 -3 -13 4 
-9 5 8 5 4 -1 4 3 
1 5 61 22 7 1 1 10 
-1 -12 -34 -19 -10 -7 -6 6 
-15 -2 -25 -22 -8 1 1 -17 
8 13 53 24 10 5 3 6 
-17 -13 5 0 -1 -6 -6 -24 
6 -16 -18 -10 4 5 5 23 
33 15 45 13 5 1 0 26 
2 5 0 -3 1 -2 -7 -14 
-16 -12 -16 -8 -13 -4 3 -2 
12 -4 -21 -5 -3 -3 -2 -18 
-12 1 -15 -2 -1 -3 -5 2 
-5 1 14 23 6 -3 -10 -21 
15 7 -4 -8 1 1 -10 -8 
-2 16 36 6 7 2 4 25 
-12 -20 -20 -10 -5 -2 -1 -31 
-12 -25 -13 0 -5 -1 1 -5 
-3 -1 1 -10 -5 -3 -6 -16 
31 -2 13 16 0 -2 -5 28 
9 7 12 1 3 1 1 -14 
9 -32 3 -11 -5 -5 -5 9 
18 5 -3 5 -1 0 0 20 
-6 5 1 1 -2 0 -2 -16 
-11 -4 11 5 0 2 -1 -6 
5 -15 -19 -12 -5 -4 -8 3 
16 0 11 4 1 -2 -3 14 
0 0 -4 2 0 -3 -2 -15 
-14 2 -8 -6 -4 -1 -1 -6 
11 1 -11 -4 -2 -1 1 10 
-6 1 -14 -1 0 0 1 -15 
-16 -7 12 1 -2 -3 -9 21 
24 -5 -13 -9 -5 -5 -4 25 
2 11 4 0 0 2 6 4 
-22 -5 -4 0 -1 -2 1 -8 
-7 -4 -12 -3 -2 -2 -2 -9 
-11 4 6 0 -1 0 1 2 
-2 8 -2 -2 0 0 1 1 
-18 -6 -8 -4 -1 -2 4 8 
8 5 11 4 2 0 -3 -15 
-8 0 -5 0 -1 2 -1 -2 
-7 -3 -9 -7 -5 -6 -4 -14 
-8 1 4 1 -1 1 -1 -2 
-1 -4 4 0 0 0 2 -6 
7 4 -6 -3 -4 -4 -4 -3 
-15 -18 6 2 5 5 6 4 
3 -3 -4 -1 -2 -3 -1 -2 
19 1 10 6 2 1 3 9 
-25 -7 -14 -9 -6 -5 -9 -26 
-6 7 7 -2 -3 -1 0 1 
10 7 14 4 0 1 0 1 
-24 -5 0 -1 -2 0 -1 -24 
8 -11 -3 -2 -1 -2 2 27 
-4 2 -21 -8 -2 -2 -4 -6 
-8 -5 -1 -1 -1 -2 -2 -6 
-2 2 -13 -3 -4 -3 -1 0 
-7 2 17 10 5 2 2 2 
-4 1 -10 -10 -3 -2 0 2 
10 -3 -8 -3 -4 -3 -4 1 
1 -2 -6 -2 -2 -1 -4 5 
-3 3 -5 3 -1 1 0 -5 
3 1 10 5 0 1 0 -2 
-5 1 -3 -4 -3 -1 -1 -6 
-2 1 6 3 2 0 0 -2 
5 -1 -2 -5 -4 -3 -2 -5 
-3 -5 -20 -3 -3 -2 -1 -2 
0 -4 -15 -9 -4 -3 -3 2 
-4 5 12 4 0 -1 0 -4 
20 1 -37 -7 -3 0 1 26 
-8 -10 4 -2 -4 -5 -8 -32 
-8 -28 -26 -3 3 2 0 -4 
-5 -18 -8 -8 -5 -2 -1 -5 
-4 5 11 -2 1 -3 -2 -5 
4 5 4 2 -1 -1 0 10 
2 -3 1 0 -3 -4 -3 -4 
3 3 3 -2 -1 -1 -3 1 
-7 0 7 0 1 2 2 -9 
7 -1 -6 1 -3 -1 -3 9 
3 10 13 2 2 -1 -2 -5 
3 1 -10 -3 -3 0 0 5 
-5 4 1 -2 -2 -1 -2 -10 
-1 1 3 1 0 -1 2 0 
-5 6 7 1 -1 0 0 5 
0 -4 -7 0 1 -2 -3 -4 
-4 -2 -2 2 2 1 0 2 
-14 -5 -10 -5 -3 -4 -4 -19 
-4 -26 -14 -1 0 -1 1 7 
-10 -2 -6 -3 -4 -4 -5 -14 
7 4 8 1 -2 -3 -3 -3 
5 -10 10 2 2 3 6 16 
4 14 2 -1 -1 -3 -4 -2 
3 0 -1 -3 -5 -3 -2 1 
14 -1 3 -3 -1 0 1 5 
-11 -7 -6 0 -1 0 -2 12 
8 -14 -15 -4 -5 -4 -5 -21 
-3 -5 6 1 2 2 1 2 
-11 -7 -15 -6 -3 -5 -6 1 
-4 1 -3 -3 -2 0 0 7 
10 2 7 1 -1 1 4 3 
0 -6 -8 -2 -2 -4 -3 -5 
-10 2 3 0 -1 -1 -2 -7 
3 6 9 3 1 0 -2 -5 
-5 4 5 2 1 1 3 9 
11 7 -10 -7 -2 -3 -1 2 
-6 1 7 4 2 2 2 -7 
9 -6 -20 -4 -4 -2 0 2 
-14 6 17 3 1 -1 -3 -13 
-2 2 0 3 0 -1 0 8 
-1 -8 1 -1 1 -1 0 -4 
-3 5 15 4 -2 0 2 -3 
4 4 -13 -3 -3 -1 0 3 
-5 -3 1 1 -1 -3 -3 -5 
2 -5 -6 -3 -2 -2 0 -4 
-5 1 7 1 2 -2 -1 0 
-7 3 0 -1 -4 -3 -2 0 
9 -1 -1 -2 0 0 0 18 
-7 -5 -7 -4 -2 -2 -3 -29 
0 6 4 -2 -2 -2 1 6 
8 -8 -20 -5 -2 -1 -1 13 
-5 -13 8 -10 -11 -5 -5 -19 
-14 -9 -13 -1 -1 0 0 -10 
4 8 -2 0 2 -1 -1 6 
23 -10 -2 -5 -2 -2 -2 -3 
-5 7 -5 1 -1 -1 1 9 
9 3 15 2 -4 -2 -4 3 
3 -7 -3 -3 -1 0 -1 -5 
-23 7 2 -2 -4 -5 -5 -22 
-8 4 1 3 4 2 0 1 
0 -3 -2 -4 -2 -1 -1 4 
2 1 -8 -2 0 -1 -1 -1 
-9 4 10 -2 -1 -1 -1 5 
2 -1 4 2 -1 -2 1 -1 
1 4 -2 1 1 -1 -1 -1 
-7 7 7 -2 -1 -1 -3 -1 
1 -11 -2 -3 -2 3 2 3 
5 -2 3 4 1 -1 -2 -13 
15 0 -1 -1 -2 -2 0 10 
2 -1 8 0 -3 -4 -3 -7 
-7 15 14 4 1 1 3 1 
-6 -17 -11 -3 -1 -1 0 -6 
-8 8 -9 -2 2 2 1 -2 
1 4 5 -4 -5 -3 -4 -7 
4 7 9 1 1 0 -1 7 
-11 -8 -10 -6 -6 -2 -2 -8 
7 11 12 5 1 0 -2 5 
21 -13 -3 -3 1 0 0 14 
-45 -7 0 0 -1 0 -3 -22 
-4 -2 4 0 1 2 0 3 
-5 -2 -5 0 -1 -1 -3 -2 
-1 2 -1 1 0 -1 0 0 
10 -3 2 0 -2 0 0 15 
-2 0 -12 -1 0 -2 -3 -12 
-7 -4 4 -1 -3 -3 -1 2 
-3 -8 -16 -4 -2 0 -2 -3 
-5 -5 1 -4 -1 -2 -1 -2 
0 16 -10 -1 1 0 0 1 
1 -9 -10 -3 -1 -2 1 8 
-13 1 0 2 0 1 2 -2 
5 6 -3 1 2 -2 -6 -36 
8 4 4 1 0 -1 1 11 
1 -5 5 0 -1 0 -2 -1 
-15 1 -3 -2 -3 1 2 2 
1 0 2 -3 -4 -1 -1 27 
15 2 -4 -5 -4 -4 -3 -18 
-1 -4 -5 -2 -2 -1 0 -4 
-9 -5 3 -1 -3 -4 -3 -8 
39 -1 -3 0 0 1 3 16 
-27 -6 0 2 0 1 -2 3 
5 6 5 -3 -2 -2 -3 -1 
5 4 -16 -5 -5 -4 -3 -6 
0 -3 -2 -1 -2 0 -1 -4 
5 5 8 1 -1 -1 0 6 
-1 -1 2 -1 -3 -2 -2 -7 
-4 -1 4 9 9 5 4 3 
3 -20 -16 -6 -1 -6 -7 -1 
-4 2 8 -2 -1 0 1 -6 
-10 -4 -9 -5 -3 -2 -2 2 
9 3 6 -1 -1 -1 -4 -2 
-16 -1 -6 1 -1 -1 -2 2 
11 -9 -18 1 3 3 2 18 
-11 12 19 -3 -1 -1 1 -6 
15 -5 2 -2 -3 -5 -5 4 
-8 -7 -1 1 0 -1 0 -10 
15 1 -1 -4 -7 -6 -4 5 
-36 -10 -4 3 0 0 0 4 
-8 -11 -21 -5 0 1 -1 -1 
-4 3 -7 -4 -6 -3 -2 -5 
4 -2 0 -2 0 -1 -1 5 
9 -10 2 -1 -3 -1 0 0 
-11 -5 6 1 -1 -1 1 -5 
6 0 -3 0 -2 -3 0 -6 
-12 14 -3 -2 -2 1 1 -6 
20 -11 -12 -1 3 -2 -2 6 
-5 0 0 -1 -3 -1 -2 -4 
-1 -1 0 -3 -2 -2 0 5 
-7 -5 0 -2 -3 -3 -4 -7 
-2 -1 -4 -2 0 0 -1 3 
11 -12 -4 -1 0 0 0 0 
-4 -2 -5 -3 -2 -2 -5 -12 
-4 -20 -6 -3 -2 -2 -2 -2 
-2 4 7 1 -2 -3 -2 4 
-17 -12 -10 -8 -5 -1 1 6 
28 3 6 1 1 2 0 -14 
-28 -1 23 -2 -1 0 -1 -4 
4 -8 -6 -4 -1 -1 0 -7 
5 16 10 2 -1 -3 0 5 
-7 3 7 1 1 1 2 10 
9 -1 1 4 2 -1 0 -2 
2 7 3 0 1 1 -2 -1 
-7 2 3 0 -2 -2 -1 -11 
-14 -2 -11 -5 -1 -1 0 -1 
6 6 2 -4 -2 -2 -1 -1 
-5 1 -3 0 -4 -1 -1 -4 
5 11 -15 -2 -1 -1 -3 -3 
-12 -10 8 2 3 0 -1 -10 
-6 10 0 2 3 0 -1 5 
13 0 -10 -4 -4 -2 -2 -9 
2 -2 -4 -2 -1 -3 -4 -3 
-2 0 5 -1 -2 -1 0 8 
1 -4 1 1 1 2 0 1 
-7 -14 -11 -2 -1 -1 0 3 
-6 6 10 0 -2 -1 -2 -13 
-12 -1 -3 0 0 1 1 8 
15 -8 -8 -5 -6 -5 -5 -13 
1 -7 -4 3 2 -2 -4 -10 
22 -3 1 -2 -3 -1 1 12 
-28 -3 -5 -5 -4 -2 -3 -7 
1 -3 -9 -2 -2 -4 -3 -2 
-5 1 8 -2 -1 -1 1 6 
-5 -6 -3 -2 0 -1 -2 -11 
9 -6 -24 -3 -1 -3 -5 -8 
-2 8 17 7 3 4 3 6 
-15 -2 -7 -6 -1 1 -1 -4 
2 -7 0 -3 -1 -3 -4 -7 
3 -5 0 -3 -5 -4 -4 5 
-1 2 -4 -3 -5 -5 -1 -1 
4 7 4 0 0 1 0 -4 
-11 -18 -1 2 2 3 3 2 
5 0 0 1 -1 0 -2 2 
-11 -4 -7 -3 -2 -1 0 -6 
13 10 0 -4 -5 -3 -4 5 
-1 4 0 -2 -3 -4 -3 3 
1 4 6 -1 0 -1 -1 -3 
-6 -2 -7 -2 -1 0 0 3 
-12 -4 -5 0 1 -2 -4 -6 
-7 -19 -1 0 0 0 1 -2 
-3 2 -2 -1 -1 -1 0 -7 
5 6 2 -2 -2 -1 -1 8 
9 4 -3 1 -1 -1 -2 -1 
1 1 -5 -1 -3 -2 -3 -6 
-17 1 3 -1 0 -2 1 2 
24 0 -29 -9 -8 -4 -4 7 
-2 -13 9 9 6 7 6 10 
-37 9 4 0 1 -1 -4 -16 
-4 -4 2 -4 -3 -2 -2 0 
-8 -6 3 2 2 1 0 -7 
4 8 0 -4 -2 -3 -2 4 
11 16 -3 -4 -4 -3 -1 3 
2 6 -7 4 3 3 0 3 
-9 -15 6 -3 -1 0 1 -2 
-3 2 2 -1 -4 -3 -4 -18 
3 -11 2 -3 1 -2 -1 7 
-1 3 0 1 -4 -3 -2 -1 
-2 0 1 -2 -2 -2 -1 -9 
5 -2 4 0 -1 -1 1 3 
