#EMG
#2
#ID:2-63
12 8 8 0 0 0 -3 -3 
-3 6 1 -1 -1 -2 -3 4 
13 -5 -2 -2 -1 -3 -1 3 
-6 -4 -11 0 2 1 2 0 
-5 2 6 1 1 1 1 1 
-13 -11 -5 -7 -5 -1 -2 -24 
-10 2 2 0 -3 -1 -3 0 
23 5 1 1 -2 -1 0 12 
-28 -1 -3 -2 -2 -1 -1 -15 
-3 -1 1 -1 -3 -2 -1 8 
8 -1 3 -1 -1 0 -1 8 
3 8 10 0 0 -1 -1 -6 
14 7 -9 -3 -4 -3 -1 21 
-8 -2 -1 3 6 3 1 -27 
1 1 2 -1 -4 -3 -2 0 
-20 0 3 -1 1 0 1 5 
15 -1 0 -5 -3 -3 -6 -13 
3 0 -1 1 -1 0 -2 6 
-1 2 -8 -2 -1 -2 -1 2 
-7 1 1 1 2 2 1 -24 
5 -8 3 -2 -1 -1 -1 8 
5 -2 4 0 -2 -1 -2 3 
-8 -4 -6 0 -2 0 -2 -3 
19 7 0 -2 0 -1 0 23 
-32 -11 -6 -1 3 -1 -2 -14 
-8 0 9 0 0 0 -2 -22 
4 0 -2 1 -1 -2 3 11 
-1 -5 -12 -3 -4 -4 -2 -2 
7 3 4 -4 -3 -1 -2 -6 
-1 6 1 -1 -2 -1 -2 11 
-12 -10 -14 -4 -3 -2 -1 -7 
17 1 2 2 2 2 -2 -3 
-1 2 -3 0 -1 -3 -1 -7 
4 -5 -11 -6 -2 0 2 19 
-5 -11 4 3 2 0 -3 -28 
-3 -9 -9 -3 -2 -2 -3 -1 
1 2 0 0 -2 -1 -2 -29 
4 6 0 -2 -4 -4 -4 -1 
-5 -4 2 2 3 2 3 5 
-1 -6 4 -1 -4 -1 0 17 
-3 -2 -1 1 0 1 -1 -5 
0 -2 0 0 0 -4 0 3 
5 6 -4 -4 -2 -4 -4 -5 
-10 -9 -4 -3 -2 1 0 6 
7 0 1 0 0 -1 1 10 
-6 -2 1 -1 -4 -2 -2 -3 
8 7 -5 -3 -3 -3 -3 17 
-6 5 6 2 1 0 0 -7 
-4 -2 -7 -4 -4 -3 -3 -2 
-2 -17 -14 -2 -1 -1 -1 10 
-4 5 5 2 2 1 0 -12 
-4 3 -1 0 -2 -2 -2 -8 
-5 -2 1 1 1 0 2 4 
2 -5 -6 0 -1 -1 -2 5 
4 3 4 -3 -3 -3 -1 8 
-1 6 0 -5 -2 -1 -2 -3 
-11 -11 -9 -1 -5 -1 -3 -14 
15 -1 6 4 2 2 2 16 
-1 -2 -12 -1 -2 -1 -1 -10 
-42 -7 -3 -3 -2 -4 -4 -13 
12 1 10 0 -1 -2 1 9 
-2 -1 -4 -2 -2 -2 -3 -11 
7 4 16 2 -1 -2 -1 24 
-3 -6 -9 1 -1 1 -1 -11 
5 0 -8 -4 1 -2 0 5 
-11 -3 0 1 -1 0 0 -15 
6 2 0 0 -2 -1 0 4 
-3 -5 7 1 2 2 4 2 
1 3 11 -3 -4 -3 -1 25 
-1 5 -6 -2 0 -1 -1 -30 
-4 -8 -9 -3 1 0 -1 -6 
11 -7 1 0 -2 -2 -1 1 
-8 -5 0 3 -1 1 -2 0 
-7 -3 -1 1 2 1 2 9 
5 -6 12 -4 -3 -2 -3 -11 
2 0 -13 -2 1 -2 -2 -5 
4 -3 3 -3 0 1 3 13 
19 4 5 -4 -4 -6 -7 -13 
-22 -2 -7 2 2 7 10 1 
33 7 7 3 1 -4 -9 10 
12 9 -4 -1 -1 1 -6 -12 
-1 -8 10 -1 -2 1 11 32 
-9 4 -24 -4 -4 -4 -8 -21 
3 -8 -15 -3 -3 -4 -3 6 
-14 1 -6 0 0 -1 3 -8 
5 7 3 -1 -1 0 -7 0 
13 3 27 3 3 0 9 17 
-15 -9 -31 -7 -2 -1 -4 -11 
-12 7 -1 -1 -2 -2 0 -14 
-5 0 -9 -2 -2 -1 -2 -14 
-7 -10 -1 -4 -5 -4 -7 -1 
15 11 20 3 1 -1 -1 5 
5 -4 4 0 0 0 1 23 
2 0 -13 -3 -3 -3 -1 -3 
7 6 -11 3 4 1 0 -7 
-3 23 19 6 2 0 -7 -16 
-11 -38 -15 -5 -4 -1 8 12 
0 -3 11 -1 0 2 -3 2 
-8 -7 -2 -6 -4 -4 -5 -6 
-4 4 10 -1 0 1 -3 5 
8 4 6 1 3 3 7 -7 
-5 -10 -28 -4 -2 -5 -5 -14 
-5 -15 6 -3 -3 0 -6 4 
-18 0 -21 -4 -4 1 14 -18 
-27 -12 -7 -5 -5 -7 -24 -42 
-11 15 18 0 0 2 3 -4 
-13 -12 -44 -2 -2 -1 2 -2 
-3 -31 -19 -2 -1 0 -1 1 
7 -17 3 -1 0 -2 -4 8 
-12 3 2 0 -3 -1 4 -8 
2 23 17 1 -3 -8 -15 -12 
2 10 3 3 4 5 8 17 
1 48 -18 -11 -10 -9 -5 -12 
-6 -9 -1 -1 3 7 18 1 
11 11 20 7 -1 -7 -18 0 
-3 0 16 6 0 -2 1 -17 
-4 -16 -16 -21 -8 -4 -10 4 
9 12 -30 -4 -2 -3 -2 7 
-16 -36 -51 -6 -2 2 7 -6 
-5 4 18 -3 -5 -2 1 6 
22 -10 55 29 8 3 1 18 
7 -21 -38 -24 -7 -4 -9 -1 
-13 -10 15 -13 -3 1 5 -1 
-1 6 2 -3 -5 -6 -9 5 
-3 9 15 8 9 8 14 27 
4 -4 14 15 -4 -5 -10 -20 
8 22 -1 -7 2 -1 3 13 
12 -4 -5 1 -2 -3 -6 -5 
9 23 82 38 5 2 2 6 
-2 6 -73 -40 -4 -5 -10 4 
-8 -32 1 -12 -4 4 5 -4 
11 -2 -11 -16 -8 -3 -1 14 
-28 -63 -47 1 1 -1 -5 -15 
1 -17 36 22 6 1 -15 -5 
2 -26 12 7 4 -1 0 8 
-7 24 -33 -12 -4 2 7 4 
19 14 20 17 4 -2 -5 -10 
-35 -1 -27 -22 -4 -3 4 -14 
8 -9 -37 -25 -14 -9 -11 -37 
-19 -55 36 7 0 1 1 -4 
6 -7 -37 -19 -6 -2 -2 -6 
-1 26 28 23 9 3 6 7 
12 14 -18 8 2 -2 -2 14 
16 35 7 -2 -5 -2 2 -7 
-6 35 -7 1 -4 -3 3 5 
4 -15 -5 -14 -1 -3 -6 -15 
-10 21 42 8 -2 -2 -9 -1 
3 -2 -14 2 2 1 2 7 
-16 -1 -2 -2 0 -1 -3 -11 
8 7 -1 6 -1 0 2 43 
-15 -2 -25 -3 -2 -1 3 -44 
-19 32 66 7 7 2 -4 -10 
-12 0 -14 -14 -3 1 -2 -13 
-1 -2 21 0 -9 -7 -5 3 
11 8 26 15 7 7 12 17 
2 -22 -36 -18 -6 -1 -2 11 
-4 5 4 -4 1 2 9 -14 
17 -3 25 8 3 -6 -17 -8 
1 -4 -5 -2 -6 -4 3 20 
-15 -17 -22 7 4 -1 -7 0 
16 3 -15 -10 -6 -1 2 -9 
-4 -16 -5 -4 -5 1 3 15 
3 -27 -10 2 0 -3 -3 -1 
-4 15 -8 4 0 -4 -2 3 
-5 -13 -3 -10 -4 2 -4 2 
-16 12 13 8 0 1 4 -9 
4 15 -2 2 1 1 3 1 
3 -37 -1 -9 -4 -2 -5 -1 
-4 10 -13 -2 -3 -6 -8 -2 
4 5 10 5 4 2 5 -5 
-4 4 9 1 -3 2 5 6 
2 5 -4 -1 -2 -3 0 -3 
0 4 6 -3 -2 -6 -5 -2 
-16 -28 -37 -16 -5 2 2 1 
-7 5 -13 -14 -14 -7 -3 -3 
10 3 1 5 5 -2 3 -4 
-9 -19 25 5 1 3 -2 1 
12 -4 8 8 5 -1 -4 17 
3 3 -4 -1 4 1 2 -18 
-7 -13 7 0 -4 -6 -12 -20 
10 6 -23 -5 -3 -1 9 8 
4 15 12 0 -2 -5 -6 -6 
4 7 11 2 2 0 -7 17 
-3 -16 -19 0 -1 1 4 -3 
0 10 24 -7 -3 0 2 7 
5 5 12 -5 -5 -6 -5 -11 
7 37 0 -1 0 1 5 16 
-17 -12 1 -2 -4 -4 -13 -18 
0 -12 -10 -2 0 3 8 2 
17 3 -16 1 1 -4 -1 14 
-11 -9 13 2 -1 -2 -8 -7 
-3 -31 -3 -1 2 1 11 28 
-3 -20 -41 -5 -3 -5 -12 -23 
3 6 21 8 1 4 12 -1 
8 -29 -10 -3 -2 -5 -6 6 
7 25 3 -3 -3 -2 -2 -4 
-2 -11 17 4 3 -2 -21 7 
-5 27 3 2 2 5 24 26 
-7 -21 3 -2 -3 -3 -5 -17 
14 29 4 4 2 1 -13 -13 
-16 10 -25 -12 -7 -6 0 -2 
-8 -33 4 2 -2 -2 -12 -13 
6 2 20 5 3 5 21 3 
-7 -17 28 -9 -8 -7 -23 13 
25 32 -1 -1 -1 0 5 23 
3 -2 5 1 -1 -3 7 -12 
-39 10 25 5 0 1 -4 -17 
-10 -39 -13 -6 -3 -6 -3 -18 
-4 -1 18 0 -1 2 -13 -39 
-14 -15 -3 0 -1 -2 7 9 
4 14 2 -6 -3 -4 -4 -3 
-6 10 -60 -2 0 0 14 -6 
-13 -2 26 18 4 3 5 -7 
-8 -1 -14 -22 -5 -5 -22 -15 
0 -8 -27 -11 -4 -3 16 2 
19 16 7 2 -3 2 4 33 
18 -49 -5 5 -1 -5 -30 -18 
-2 -9 -28 2 -5 7 15 1 
5 11 21 1 1 -7 -20 -1 
13 6 -12 -12 2 5 6 4 
10 21 27 6 2 1 15 -27 
-16 -10 -35 -19 -11 -9 -25 -32 
5 -3 -21 6 -2 -6 -35 17 
-12 14 33 14 3 -2 5 15 
1 -5 8 3 5 5 -14 -15 
-14 -21 -46 -13 -4 0 27 6 
41 32 8 -13 -3 0 0 -7 
13 -8 0 10 4 2 2 9 
2 16 2 4 0 -2 11 -2 
-13 3 20 10 4 1 2 19 
-15 -6 0 7 2 4 5 -16 
27 -7 -27 -23 -10 -6 -1 9 
-25 -40 -21 -18 -10 -2 4 28 
22 -24 24 6 -3 -6 1 -2 
-2 0 4 6 9 7 -6 13 
-23 -10 19 12 5 0 6 -44 
-19 -19 -57 -18 -7 -6 11 -3 
0 -3 -10 -9 -3 -7 -15 -5 
-6 4 52 21 2 0 -2 9 
-10 -9 27 -5 5 6 -6 -10 
-4 39 -23 -16 -12 -6 9 13 
-3 25 -14 -5 -3 -1 -16 -20 
-6 -6 -13 -1 1 0 16 -3 
7 0 39 33 8 -2 -13 23 
-7 4 -42 -19 -5 -5 -2 2 
8 -10 13 1 -2 2 3 22 
-13 10 5 16 2 0 -1 -12 
7 -33 -57 -44 -15 -10 -3 -8 
-38 32 -6 -6 -4 -1 -13 4 
17 29 27 9 3 3 5 -15 
4 6 19 -8 -3 -3 -4 39 
7 18 28 34 11 7 0 -17 
7 -8 -4 1 2 -3 -3 -20 
-14 0 -20 -10 -6 -1 0 -10 
2 18 78 25 10 5 10 5 
-14 -15 -43 -21 -4 1 10 -3 
13 -12 39 1 -3 -3 9 15 
17 36 19 14 5 2 -3 -11 
4 -14 -37 -5 -2 -6 7 0 
-8 12 3 -17 -9 -4 1 -1 
-3 -7 -28 3 -5 -3 0 2 
4 11 36 0 1 -2 -15 7 
-9 11 0 -7 -2 -1 -8 -32 
-7 28 12 -1 -7 -5 -3 -2 
0 -9 -39 -3 3 0 9 4 
-5 -11 -12 -4 0 2 3 3 
8 -18 -52 -18 -7 -7 -5 4 
-13 -12 20 8 -1 -2 -4 -6 
8 -11 26 6 -2 -1 0 6 
-6 -2 20 18 6 -3 0 2 
-12 -32 -60 -20 -1 1 -2 -9 
-2 15 8 -12 -6 -2 2 4 
10 10 18 -2 0 1 -6 8 
8 30 -10 10 1 2 3 0 
-9 7 -6 -6 -4 -4 4 -5 
11 -11 -20 11 -2 0 8 9 
6 33 11 1 4 2 -14 -5 
-11 0 20 6 4 6 -1 10 
2 -15 -14 0 -1 -1 -1 5 
7 6 -1 -3 -3 -2 5 6 
-8 -21 26 6 4 0 -4 0 
7 8 -16 1 -5 -6 2 11 
5 4 -4 -11 -9 -7 -19 2 
-4 3 -8 -3 1 3 0 -10 
3 -10 6 8 2 3 19 15 
-1 -35 -21 -8 -5 -7 -21 -11 
-1 25 -13 -2 -2 -1 4 -1 
-1 -45 -19 -4 -5 -1 1 -4 
-8 -28 2 -7 -1 1 -1 -4 
-12 -39 -1 -5 -2 -1 -2 -3 
5 1 3 1 2 1 -4 -9 
-18 21 23 8 -1 1 -4 2 
0 12 2 3 1 -3 -2 7 
5 -17 29 -6 -5 -6 -4 1 
-5 18 -31 -1 -1 0 -3 -1 
-15 -35 -57 -18 -11 -11 -10 -12 
-15 -7 -15 -7 -7 -8 -15 -21 
3 15 11 2 2 7 16 5 
21 11 45 4 -3 -2 4 5 
-16 -10 -67 -18 -9 -8 -19 2 
-1 -1 22 11 8 1 5 -2 
-13 -38 -48 -5 0 4 7 -5 
4 20 -12 -3 -2 -6 -3 -3 
8 -21 28 4 4 5 6 -3 
3 82 25 -6 -11 -5 -2 2 
14 29 -7 0 -6 -3 -14 -2 
-9 -70 45 31 22 2 0 -1 
-10 -24 -80 -32 -9 -8 -7 -12 
9 -41 -19 -4 -11 -1 -1 4 
4 20 27 -10 0 0 7 11 
-17 -39 10 23 9 2 5 -4 
13 25 109 12 1 5 -8 1 
-2 34 -69 -13 1 -3 -4 6 
-8 -21 -27 5 -13 -8 4 -17 
7 -33 -13 -12 5 8 15 8 
6 33 78 7 12 2 -9 -2 
-7 -36 -86 -1 -11 -9 -5 -5 
-2 12 57 -11 2 0 -10 -2 
-15 -30 -57 -22 -9 0 7 -2 
8 -39 -7 22 -5 2 15 21 
-9 -22 49 -13 -1 -5 -14 -24 
30 1 90 53 19 4 6 27 
-24 -56 -120 -48 -15 -6 -11 -23 
9 13 51 28 2 2 6 10 
-9 -29 -38 -34 -2 -1 -9 1 
20 -5 5 4 -3 -3 1 3 
5 32 47 11 5 -4 -12 -10 
-20 8 -2 8 4 0 0 -11 
1 -8 -66 -36 -14 1 15 8 
-7 12 -14 -3 -1 3 -9 -6 
4 10 59 25 3 -2 3 -13 
-5 25 -47 -1 13 2 1 -4 
-3 -4 52 21 -5 -2 -4 -14 
-15 -22 -67 -45 -13 -4 5 -2 
-2 3 1 5 -6 0 -20 -14 
2 18 7 6 4 2 0 41 
4 4 51 21 10 1 3 -7 
4 15 18 2 4 5 3 -6 
4 -10 -20 -17 -15 -15 -15 27 
-7 26 5 -13 -8 -4 -4 -8 
15 4 -3 -7 -3 -3 -3 -20 
-2 34 22 22 7 -2 -16 3 
-28 -47 -76 -29 -16 -4 8 -11 
7 -18 -5 -7 5 3 0 -8 
-12 62 14 7 -1 0 6 26 
-10 -11 17 5 5 2 10 -19 
13 11 -14 -2 -2 0 0 8 
0 -21 -51 -15 -12 -10 -2 -12 
-7 -14 38 33 14 9 3 10 
6 -24 -42 -26 -10 -8 -11 -13 
-16 60 39 -2 -7 -3 2 4 
7 1 8 -1 -1 -1 -1 5 
3 16 48 22 7 4 4 -19 
-28 9 -50 -20 -5 -5 -7 -14 
37 -2 12 6 2 1 4 28 
-30 4 1 3 1 -3 -1 -56 
10 -6 16 14 5 -1 -5 10 
-22 -21 -42 -16 -8 -5 -1 -7 
6 13 3 -3 1 3 4 -1 
3 -3 -12 -6 -7 -3 -2 9 
-10 -6 -17 -8 -2 -2 -4 -20 
2 14 35 36 3 1 3 -2 
-41 17 -27 -34 1 3 5 -12 
22 19 -5 -11 -11 -7 -10 13 
0 -16 -7 -1 2 5 5 21 
27 15 32 5 1 -3 -2 0 
12 -12 26 12 0 3 2 -28 
-17 11 -7 -1 -2 -4 -1 -20 
-10 -1 -14 -14 -5 0 0 0 
38 -8 -9 0 0 2 1 22 
9 7 21 10 1 2 6 7 
-3 -7 -11 -6 -3 -3 -4 1 
17 0 1 3 -2 -4 0 13 
-16 -11 -9 -6 -1 -1 2 -3 
-7 0 -13 -1 -5 -4 -5 -5 
14 43 14 2 2 3 7 11 
-4 -2 -12 -3 -1 -1 -4 -6 
-8 -8 -7 -4 -2 -1 1 -2 
-24 -3 14 0 -3 -3 -8 5 
1 -15 6 6 -2 -3 -4 -1 
-4 -16 -28 -7 0 -1 -2 -9 
-6 3 -14 -11 -6 -5 -4 0 
3 10 22 7 3 0 1 -3 
7 -8 7 11 2 -1 -1 15 
-6 -9 1 -12 -2 0 -1 -5 
-6 -17 -8 1 -1 -4 -3 -6 
5 -18 -6 6 -1 0 1 12 
-8 -9 -17 -8 -2 0 -1 3 
5 -5 7 0 -4 -1 -3 7 
-14 -5 10 5 4 -1 2 -13 
-1 -14 -7 -3 -2 -1 0 -11 
4 -2 3 0 1 0 3 20 
9 -1 2 3 1 0 -4 -14 
-2 -5 -6 -9 -5 -1 -1 14 
6 6 4 4 2 0 -1 -1 
-7 -12 11 -2 -1 0 -1 -7 
-4 0 1 -1 0 -1 1 11 
10 0 -4 -1 1 0 -2 -6 
-27 10 3 2 0 0 -2 1 
20 -16 -3 1 -1 -3 -2 -6 
15 29 -4 -7 -7 -5 -5 10 
-24 -16 1 2 2 7 3 -7 
12 0 1 -6 -4 -3 -1 -7 
-9 10 -1 0 0 -1 0 -1 
-2 -9 1 4 1 -2 -1 -4 
4 4 -15 -9 -10 -7 -6 1 
0 -8 -10 -1 0 -3 -2 8 
-16 -3 -1 1 0 0 -2 -9 
13 -1 5 -1 -2 -4 -3 -5 
-2 12 0 -2 -2 0 0 1 
4 18 20 6 0 1 0 -2 
0 5 -20 -16 -4 -1 -1 -5 
-10 -7 1 1 0 0 0 -6 
2 -15 1 -4 -3 -1 1 4 
11 14 8 6 1 0 0 -9 
0 -9 0 3 2 2 1 -9 
-8 -9 -11 -3 0 2 -2 3 
3 5 23 14 4 1 0 14 
-2 -6 -24 -12 -6 -3 -3 -9 
-2 8 4 2 1 1 1 -2 
13 4 -2 -3 -3 -3 2 15 
-29 3 -2 -3 -3 -2 -4 -32 
5 -4 27 3 0 1 2 9 
1 1 -5 -6 -8 -5 -6 -5 
-7 0 4 2 4 2 0 -2 
-9 6 15 13 3 1 2 2 
17 -9 -11 -14 -7 -7 -5 6 
-11 -18 -18 -4 -3 0 -2 -7 
5 9 9 3 1 0 1 1 
4 2 -20 -12 -8 -4 -2 1 
5 5 5 6 4 2 2 12 
0 0 5 3 2 -2 -3 -7 
30 12 -4 -2 -3 1 -2 -1 
-28 -10 -6 -4 -1 -4 -4 -13 
-4 -1 -7 0 -1 -1 2 -2 
5 0 6 -3 -3 -3 -1 4 
-8 -12 -9 -5 -4 -2 -3 -1 
15 5 -4 -4 -3 -3 -1 2 
13 -2 -7 -3 -5 -4 -3 3 
-8 -3 4 2 -1 -1 1 -2 
-11 5 3 2 -1 -1 -2 3 
8 9 3 0 -1 -1 -3 -3 
-7 19 16 -4 -2 -1 2 8 
6 2 -7 1 -1 -2 -4 -29 
-1 -10 5 0 0 0 2 22 
-6 -15 -5 -7 -4 -5 -5 -15 
-4 -6 -13 -2 -1 0 -1 -5 
4 -23 -8 -3 -3 0 -2 6 
-4 -1 3 0 1 2 1 -7 
-8 -3 2 1 3 3 1 -5 
-5 -13 -11 -3 -2 -2 -3 18 
-8 -1 0 -4 -3 -4 -2 4 
-9 -2 -27 -3 -2 -5 -6 -18 
-1 -2 -2 1 0 -1 -1 8 
2 13 -7 1 0 0 -2 -3 
-3 21 25 3 1 3 3 9 
-14 -6 -8 -2 -1 -1 -1 -15 
19 -1 -5 -4 -1 -3 -2 15 
-5 1 -1 0 0 0 -3 -34 
1 4 -1 -1 0 0 0 4 
-8 7 12 3 -1 0 0 -4 
9 -10 -14 2 1 -2 -3 5 
4 9 8 0 -1 0 1 9 
-31 -2 -1 1 1 0 -1 -18 
-3 -11 -17 -7 -5 -1 -2 -2 
-4 -2 0 -2 -1 1 2 2 
5 -8 -8 -5 -3 -3 -1 5 
5 -1 -5 -4 -4 -5 -8 -9 
3 5 20 1 0 0 1 5 
3 -25 -18 -5 -3 -2 -4 1 
-7 2 0 -1 -2 -1 -1 -22 
5 -5 1 -1 0 -1 2 -4 
-2 -2 1 -2 -5 -2 -3 1 
-2 -1 2 -4 -1 0 0 -6 
-10 -13 7 3 2 3 3 -1 
9 18 -4 -1 0 -3 -4 11 
-16 -20 -5 -2 1 -3 -1 -30 
-3 -8 -3 -2 -1 2 2 5 
-7 0 4 0 0 -1 -3 2 
0 1 3 0 0 -2 -1 -1 
7 0 -4 3 1 1 2 13 
0 9 8 0 1 0 -1 -4 
-2 -4 -4 -3 -3 -4 -4 11 
13 -2 -8 -1 -3 -1 -3 0 
-3 6 9 0 -1 -3 -3 -3 
8 3 -3 -1 1 0 4 11 
7 -6 -7 -2 -1 -5 -4 -6 
-12 -3 -1 -2 0 1 1 3 
6 -7 0 2 -3 -2 -2 0 
-9 11 5 3 0 0 2 -5 
-1 0 -1 -3 -1 -2 -1 -3 
-1 -13 -9 -2 2 -1 2 3 
-8 -3 -1 0 0 0 0 9 
-4 -4 2 -2 -4 -5 -5 -11 
-2 -2 -1 -1 0 0 -1 2 
4 -14 -2 -2 -3 -1 -1 1 
11 17 -1 -1 0 -1 0 2 
5 -5 -22 -1 -1 -4 -5 -13 
4 3 -2 -4 -2 -2 -1 -3 
-13 -4 2 -3 -2 0 -1 -2 
12 -4 7 -2 -3 -1 -1 2 
-4 2 2 -1 -1 0 -1 3 
3 -2 0 3 2 2 0 0 
8 -1 0 -1 -3 -2 -4 13 
-16 5 5 2 6 5 2 -19 
3 -4 -8 -4 -3 -1 -2 8 
-3 -8 -7 -2 -3 -1 1 8 
3 3 1 -1 -5 -1 -1 -1 
-2 -3 1 -2 -1 -1 0 0 
-7 4 5 -2 -1 -1 -2 -4 
2 2 -1 -1 -1 0 -1 -1 
0 5 -1 -5 -5 -5 -3 4 
-2 1 7 12 10 5 3 1 
-21 -7 -8 -7 -2 0 0 0 
-10 -3 3 1 -2 -3 -2 -22 
-3 -3 -5 -4 -2 -2 -2 -2 
-1 3 -1 -3 -4 -5 -2 2 
8 8 10 2 -1 -1 1 4 
-1 2 0 2 -1 0 -1 2 
-7 -2 -1 -1 -1 1 0 -12 
6 1 -4 -2 -4 -2 -1 1 
2 -2 -4 4 2 0 1 10 
11 -9 -27 -10 -6 -6 -4 12 
-7 -7 -4 -3 0 -3 -6 -39 
1 -4 -8 -5 -6 -4 -3 9 
1 5 7 0 -1 0 -3 -8 
0 1 2 4 3 1 0 2 
0 -5 -2 -4 -2 -1 1 10 
-4 -9 -6 -6 -5 -2 -2 -5 
-8 -10 -3 1 1 1 2 -6 
-1 -4 10 4 0 -2 -1 10 
8 7 -1 1 0 -2 -1 1 
-3 0 -1 -3 -4 -2 -2 -5 
8 16 9 -3 -1 -2 1 6 
-12 -7 -6 -2 0 2 2 -3 
2 -9 -13 -1 -1 -3 0 15 
-3 -3 -2 0 1 2 0 0 
3 1 8 -2 -3 -6 -6 -10 
19 4 8 2 0 -1 -1 -3 
-30 1 -4 0 -2 0 -2 -6 
0 -4 -12 -1 -1 -1 -1 -4 
-6 -12 -5 -4 -5 -2 -2 -4 
-4 -15 -2 -2 1 -3 0 -2 
6 8 10 2 0 -1 -1 1 
19 -4 0 -3 -1 -3 0 16 
-11 1 2 1 0 1 -4 -24 
-3 5 4 2 -1 0 -2 -2 
1 -18 -2 -2 -3 -1 0 2 
-7 -7 -7 0 2 0 1 13 
5 1 0 -2 -2 -3 -2 -3 
-10 -2 11 1 2 -2 -1 -13 
3 4 -1 0 1 -1 -2 -3 
0 11 3 0 -2 -2 0 -3 
5 0 -7 -1 1 3 0 13 
-8 11 18 1 1 -2 0 -2 
-3 -1 7 -1 -3 2 2 -7 
-9 -7 -9 -4 -1 0 -1 -7 
-3 0 0 -3 -2 -3 1 4 
2 -1 -8 -3 -2 -2 -2 8 
-4 1 10 0 2 0 -2 -8 
-12 3 -14 -9 -5 -4 -3 2 
-11 -16 -3 4 3 2 3 15 
-1 -11 -15 -7 -4 -5 -7 -27 
5 -3 9 5 0 1 2 11 
-9 -11 -2 -3 -4 -5 -5 -2 
1 5 -5 -2 -4 -3 -3 -7 
1 4 -10 -5 -2 1 2 5 
6 -1 -13 -3 -1 -2 -5 2 
8 -5 2 3 3 2 2 6 
-9 3 0 -1 -2 -3 -2 -21 
7 1 -5 -1 -4 -2 -1 5 
-11 -3 -8 -2 -2 -5 -6 -18 
4 5 18 3 -2 1 1 4 
4 -4 -8 -1 0 -4 -1 10 
-10 -3 -5 1 3 3 -1 -12 
5 -2 -12 -2 0 -1 0 13 
6 3 6 -4 -7 -7 -6 -4 
-8 -12 -4 2 1 1 -1 -17 
1 6 11 2 0 -1 2 10 
-18 -4 -1 -2 -2 0 2 3 
-4 10 2 -5 -4 -4 -10 -31 
0 0 0 -3 -4 -2 -2 7 
3 0 -6 -1 -1 0 0 3 
-24 5 1 -1 -2 -1 -3 5 
-20 -15 -11 0 -1 2 2 -10 
10 6 2 0 0 -1 -2 3 
-8 -7 -2 -2 -3 -1 -2 6 
6 12 0 1 1 -2 -3 -42 
1 0 -2 -2 2 -3 0 2 
1 -1 -2 -2 -2 -2 -3 5 
2 -1 -1 1 -2 -1 -1 3 
8 -7 -8 -2 -2 -1 1 8 
2 2 2 1 1 -2 0 2 
0 3 5 0 -1 0 -1 -11 
0 2 0 -3 -3 -4 -3 -4 
6 -6 -9 -2 -2 -1 -1 8 
-2 3 -2 -4 -3 -1 -1 -4 
-3 -5 2 0 0 0 1 11 
