#EMG
#2
#ID:2-12
8 -2 -5 -4 -4 -3 -4 -3 
7 -1 3 -2 -2 -3 -1 -2 
1 -2 -3 -1 -3 -2 -2 11 
-9 6 13 3 0 0 2 -9 
1 -1 -1 -2 -2 0 1 13 
6 -2 -10 -4 -3 -2 -5 -3 
4 -3 -8 -3 1 3 2 11 
-22 -8 -9 -2 -2 -2 0 -10 
9 1 -2 -3 -1 -2 -2 0 
9 17 -4 -1 -2 -4 -3 3 
-10 -3 16 4 1 2 -2 -14 
-8 -2 -10 -6 -2 -1 -5 -10 
-6 -1 -9 -7 -3 -3 0 6 
23 4 2 0 -4 -3 -2 9 
-7 -7 -7 0 1 -2 -2 -5 
0 -7 1 -2 -3 -3 -4 -5 
-4 2 -3 0 -2 -1 -2 1 
10 0 -3 -5 -1 1 -2 -2 
-15 4 2 -1 -1 -1 -3 -8 
3 -13 -9 -4 -1 2 -1 -2 
11 -1 -3 -2 -1 -1 -1 15 
-2 -3 6 2 -3 -1 -2 -27 
11 -4 -14 -7 -4 -2 2 1 
-13 0 -12 -1 -2 -3 -2 35 
-11 -5 7 3 3 2 -1 -33 
-12 0 -5 -5 -1 2 2 0 
-2 3 0 1 0 -2 -1 3 
7 8 15 1 -1 -4 -2 0 
2 -9 -4 -2 -4 -2 -3 -2 
-6 -12 -11 -4 -3 -5 -5 11 
-8 -4 1 2 4 2 0 0 
-41 -8 -3 -6 -3 0 -1 -23 
-1 3 1 1 -4 -3 -3 11 
-13 -9 -1 -1 0 0 -2 -19 
-6 1 -2 -1 -3 0 0 2 
-1 -7 -2 1 -2 1 -2 -12 
-16 4 2 -1 0 -3 -4 1 
16 -9 -12 -7 -4 -5 -4 8 
3 6 20 4 4 1 2 -1 
-5 -11 -13 0 -1 -2 0 -25 
1 5 7 0 0 0 2 8 
3 3 10 2 1 1 3 15 
-3 -5 -9 -7 -5 -5 -5 0 
7 6 5 -1 -1 0 -1 -5 
-2 5 -4 3 4 3 6 16 
-9 -6 -7 -1 -2 -1 -3 -26 
5 -8 -9 0 -1 -1 1 9 
20 -1 11 -2 -2 -3 -3 10 
15 2 -11 -1 -5 -3 -3 4 
-17 -1 6 -4 -2 2 0 -5 
-9 3 2 0 -1 -1 0 -5 
-2 -2 -1 -2 -2 -2 -2 -6 
34 2 -3 -3 0 0 0 4 
-19 -9 3 0 -2 0 1 8 
-6 -5 3 -1 0 1 -3 -20 
-12 -2 -3 0 0 2 2 14 
-8 -12 6 -6 -6 -7 -8 -28 
10 -4 -6 0 0 -2 0 13 
-13 -4 -9 -1 1 1 -2 -28 
2 -4 7 4 -1 0 2 -1 
-10 -7 -6 -7 -3 -1 1 7 
-6 13 -19 -2 0 -3 -4 -7 
-7 2 1 -3 -5 -5 -3 -1 
6 6 6 -3 -1 -1 0 0 
-12 4 -3 1 0 1 -3 0 
22 11 5 2 0 0 1 -4 
-28 -3 2 -4 -3 -2 1 10 
-2 -7 -9 -2 -2 -4 -9 4 
-3 3 17 2 2 3 7 -5 
26 2 -4 -3 -4 0 1 -26 
9 -27 -17 -8 -7 -5 -9 17 
-2 17 -20 -2 -3 -3 -6 -26 
-9 -5 -5 -1 -2 -4 1 6 
8 -1 -8 0 1 5 10 16 
44 12 12 -2 0 4 9 14 
-15 -1 -10 -1 0 -5 -16 -14 
1 -5 4 -1 1 0 4 2 
-12 -21 -6 -2 -3 0 2 5 
-12 15 -15 1 -1 -5 -8 -21 
20 -5 4 -2 -3 0 6 13 
6 16 0 -1 -1 1 5 -16 
-4 14 -8 -5 0 -5 -15 3 
7 -12 -14 -1 1 -3 -5 2 
9 1 13 2 0 1 3 4 
-4 4 0 -6 -6 -2 4 -9 
-8 -36 -29 -3 2 0 -2 1 
4 6 1 -5 -4 -2 1 -4 
-5 18 5 1 -2 0 5 -2 
-9 -9 31 0 -1 -4 -10 -5 
-17 -17 -49 -9 -4 -7 -8 -18 
12 3 11 0 -1 0 0 6 
-1 -9 -12 -5 -1 0 0 0 
-3 -12 17 3 1 1 2 1 
8 16 -13 -1 -3 -6 -1 2 
-17 -12 4 0 1 1 3 -5 
-4 -1 -4 -3 -4 -3 -2 -1 
8 45 7 -2 -4 -1 -5 6 
-12 -3 22 3 1 -2 -3 -1 
-2 -41 -17 -1 2 6 6 1 
-1 32 17 -6 -9 -5 -3 1 
-1 -9 -30 1 6 2 -1 1 
-1 4 41 8 5 4 3 2 
2 6 8 -6 -9 -7 -6 -5 
-3 -15 -8 1 0 0 0 0 
0 -1 1 2 -2 -2 -1 -4 
3 26 25 5 2 1 1 5 
-3 6 12 -8 -5 -2 -2 -1 
-7 -36 -8 8 6 0 3 0 
-1 -2 -21 2 0 1 -3 0 
-2 -12 13 -7 -6 -2 -1 -8 
5 20 21 4 0 -1 -4 -1 
0 -1 -3 -4 -1 -1 1 -3 
-1 -12 -14 -1 -5 -7 -10 -6 
-5 1 14 3 4 5 2 2 
-5 2 0 1 0 1 -1 5 
-7 6 -10 0 0 0 0 -23 
-16 4 5 -4 -4 -2 -3 -10 
-6 14 5 -2 -4 -3 0 -2 
-6 25 -5 2 -1 -2 -1 -8 
20 -19 -3 3 5 6 3 9 
0 -9 1 1 -1 -1 0 10 
4 6 13 0 2 2 2 3 
-6 8 1 2 -1 -4 2 9 
24 4 -7 -4 -3 -4 -5 22 
3 -5 1 -2 -3 -3 -6 -8 
4 -2 -1 -1 -2 0 0 4 
13 -6 -28 -3 -5 -5 -9 -5 
-12 1 -5 -3 -3 0 5 4 
-3 -17 2 0 1 3 3 2 
4 3 6 5 2 0 0 4 
-9 -12 -10 -2 -1 0 2 -8 
-12 3 3 -2 -3 -2 -9 -15 
-26 9 10 4 2 3 5 -1 
5 -24 -52 -10 -7 -7 -11 2 
-2 -9 10 2 4 1 3 2 
-9 -11 0 -1 -1 0 0 4 
16 -1 -3 -1 0 0 0 -4 
-21 -17 4 -4 -5 -3 -4 -7 
7 2 1 -1 -2 0 5 2 
1 -12 -18 -4 1 -3 -9 4 
-13 -2 12 -5 -4 -1 5 -18 
22 -1 -9 3 0 2 -22 14 
-17 -9 -2 0 -1 -5 20 13 
-9 -14 -7 -5 -6 -3 -11 -22 
12 33 9 0 -1 -4 2 32 
-5 16 -2 -1 0 2 -1 -10 
-5 -4 2 -1 -1 1 1 -32 
-5 3 9 0 -2 0 -6 -14 
0 -23 -24 -5 -2 -8 -12 15 
-53 -4 -7 -1 -3 -2 18 -27 
34 3 1 -1 -2 -1 -3 32 
1 12 -7 -2 -3 -3 3 5 
-7 39 27 6 4 -2 -13 -24 
13 -12 -44 -8 -6 -5 0 5 
-3 0 9 -3 1 0 -6 1 
13 -23 -19 -10 -1 2 -8 34 
-10 -14 -22 -6 -4 0 -2 -50 
-2 2 31 6 2 0 17 37 
-13 7 -7 -3 -3 -2 7 -12 
-1 6 13 4 -1 -1 -2 2 
-7 -13 -9 3 3 8 -5 11 
5 1 26 20 4 -3 6 -22 
-5 -22 -24 -32 -11 -5 -8 0 
-18 11 -16 -5 -3 -2 4 -13 
8 -17 12 3 -4 -4 8 22 
7 29 -9 -6 -1 2 -5 2 
4 4 65 34 2 1 -8 0 
-11 2 14 -11 4 5 7 -13 
19 -2 -42 -14 -8 -4 2 9 
25 3 22 0 1 2 -2 27 
-17 3 -4 13 6 6 -8 -24 
12 -27 31 12 4 -2 2 9 
-1 -1 -29 -12 -7 -1 -4 2 
2 -18 7 -2 -2 -5 -15 -15 
-9 -15 -47 -20 -5 -2 0 -2 
5 4 16 16 3 0 7 2 
15 -3 22 16 7 2 -6 21 
-2 -20 -51 -23 -5 -2 1 -9 
2 -20 -8 2 1 0 -5 7 
-17 32 19 -18 -9 -3 -4 -10 
-3 -10 -18 -9 -4 -1 4 -11 
11 20 27 9 3 4 6 5 
-12 16 29 20 5 -3 -11 -10 
9 10 -33 -1 2 -3 -3 2 
-13 -13 -6 1 -1 -1 -1 -4 
-14 -1 6 -9 -5 -3 -3 -12 
6 -10 4 -10 -2 -1 -1 10 
16 29 -1 8 -1 -3 -3 1 
-18 7 32 1 -4 -2 2 -11 
6 -1 6 2 2 -2 -6 -2 
12 13 -24 3 1 0 -2 16 
6 -23 -10 -6 -4 -1 -2 5 
-2 -24 -9 -5 -4 -2 -5 -17 
6 12 -1 -2 -2 0 4 -1 
-6 8 12 0 -1 -3 -3 -13 
-7 -2 18 6 4 2 0 -3 
-2 2 11 0 5 2 1 5 
-7 -17 1 1 -1 4 5 0 
9 3 -31 -9 -6 -6 -7 -11 
-18 -28 -14 -7 -6 -1 0 -8 
5 -26 -22 -9 -4 0 3 7 
-8 5 11 2 -4 -7 -8 -26 
10 6 -4 -1 -3 1 5 1 
-1 26 12 0 -1 2 1 -6 
-7 5 11 1 0 -5 2 3 
1 7 10 1 -1 -1 1 4 
2 3 1 -5 -2 3 16 1 
-6 -18 -7 -3 -4 -10 -38 -26 
-3 5 -8 1 -1 0 8 12 
-6 -66 -29 -2 1 -3 -6 -5 
-4 10 6 -6 -7 -2 -4 0 
4 17 -8 -1 -1 3 14 12 
-1 9 26 2 2 0 -3 -17 
6 7 22 1 -2 -4 -9 1 
-5 -17 -12 -8 -3 4 1 12 
-3 -64 -25 -1 0 -4 1 -14 
4 -5 10 3 1 0 2 7 
-8 -9 0 -5 -1 1 4 -3 
5 16 29 4 1 -2 -8 6 
-4 7 21 -6 -5 -3 5 -1 
3 14 -2 0 0 2 -3 -5 
12 19 -3 4 2 1 4 7 
-15 -6 -46 2 4 -2 -5 1 
8 0 -1 -4 -2 1 4 6 
-3 -4 -29 -5 -6 -4 -6 -11 
0 3 -1 -7 -4 -1 -1 6 
8 -2 6 -2 -3 -6 -5 -1 
-9 66 35 12 6 5 7 -8 
0 -11 -38 -14 -5 -5 -8 4 
-3 42 -32 -7 -7 1 2 4 
6 -5 60 5 -1 -1 -2 -3 
-14 -37 -71 -6 -6 1 3 0 
0 9 18 4 1 -5 -17 -6 
-9 -1 16 5 2 -3 -4 -9 
-10 27 66 25 12 3 6 -3 
0 21 -46 -18 -3 -8 -11 -5 
1 -34 30 1 -6 1 13 -2 
-6 -82 -27 7 1 -4 -20 1 
21 51 -2 -8 -2 6 9 2 
-9 -60 30 24 7 1 -1 -10 
2 28 -67 -28 -4 -2 -2 -2 
-14 -35 13 7 -7 -2 0 -6 
1 -98 11 13 6 -1 -5 4 
34 -19 -37 -31 -13 -2 4 40 
-21 61 25 2 1 -2 -10 -46 
8 37 45 18 7 4 6 4 
-30 -29 -53 0 -1 -7 -10 -14 
-8 15 -4 -29 -9 -2 4 1 
31 -40 7 8 -7 -5 -4 31 
17 0 -21 -26 0 0 2 24 
-17 9 38 4 -5 -3 -3 -39 
-13 -13 -4 5 5 1 1 -5 
-9 21 0 6 3 2 7 17 
-33 3 13 20 1 -4 1 -24 
23 34 -24 -12 -1 -1 -10 -4 
11 6 40 24 2 -3 1 10 
-13 -13 -57 -36 -9 -1 1 7 
8 14 -13 -18 -6 0 7 1 
6 -25 -78 -33 -18 -12 -10 -2 
-22 -5 8 16 2 1 1 -36 
14 1 40 19 8 3 2 5 
25 29 9 12 8 2 -1 15 
-42 -4 -22 -15 -6 -3 7 14 
20 18 31 6 -5 -4 -12 -22 
6 -7 -7 -3 -1 -5 -3 2 
1 4 20 -2 2 3 2 11 
-13 -46 -40 -4 -1 -3 -5 -13 
2 6 8 5 2 1 2 8 
-2 2 6 4 0 0 -3 0 
-13 -3 -23 -2 -3 -3 -5 -28 
17 6 15 8 5 5 3 18 
-11 -10 -9 -5 0 -2 -2 3 
-28 -20 5 1 -1 0 -3 -14 
-20 -6 -29 -6 -3 -2 -3 5 
8 12 12 -3 -4 -3 -4 -17 
13 -9 0 -1 3 4 2 16 
-16 29 27 9 4 -2 1 -6 
17 -26 -22 -12 -4 -2 -2 6 
1 5 10 2 0 0 2 17 
0 9 -17 -6 -5 -3 -5 9 
1 -12 -3 2 -2 0 2 -15 
-3 -2 21 -5 -2 -4 -5 -19 
15 15 -29 0 -1 -1 -2 3 
-3 -2 -12 -5 0 -2 0 -3 
2 -33 -33 -3 2 1 1 4 
19 34 18 6 2 -2 -2 14 
-14 -30 12 -8 -5 -3 -2 -15 
-5 2 22 16 0 -1 -2 2 
4 -14 -18 -13 -2 -3 -3 3 
-16 2 21 2 2 3 1 -8 
-2 9 -1 2 0 -1 2 7 
-9 -8 -20 -10 -3 -2 -4 -15 
-4 -3 23 11 0 0 -3 -25 
7 -19 -20 2 2 -1 0 -1 
5 2 10 -4 -1 2 5 15 
5 -4 13 -4 -3 -2 -3 0 
5 20 10 7 -2 -2 2 6 
2 9 -4 -6 -3 1 0 5 
-25 2 -6 2 -1 2 0 -36 
-7 13 1 -5 -5 -1 -1 13 
25 7 21 4 0 -1 -1 22 
0 -1 -21 -10 -5 -2 -2 -12 
-15 0 5 -1 2 0 0 7 
3 9 12 7 5 2 4 -1 
-15 -38 -6 -5 -2 -3 -3 -11 
-3 1 -13 -3 -5 -5 -3 -1 
-11 7 1 -1 0 3 1 9 
-5 -12 -8 -6 -4 -4 -4 -45 
7 24 8 1 0 1 -1 8 
-5 1 -4 -1 -1 -2 2 0 
3 0 14 -2 -1 1 -3 0 
1 -1 -8 -4 -1 1 1 15 
-18 -7 -14 -2 0 0 0 -6 
21 -5 -1 -2 -3 -1 -3 -8 
-2 15 7 2 1 -2 1 -1 
6 -4 1 -1 0 0 2 12 
-5 0 -5 -3 -2 -1 -3 0 
-5 21 13 1 -1 0 -2 3 
-13 -8 -3 1 0 0 -1 4 
0 -9 4 0 0 0 0 8 
2 7 -8 0 1 -2 -3 -8 
-21 -8 3 -3 -3 -4 0 7 
27 2 -3 -3 -3 -4 -4 -11 
-6 2 2 -3 0 0 -1 0 
-19 2 -8 1 2 -1 -1 1 
0 8 14 4 1 0 -1 -9 
2 -5 8 3 0 1 2 9 
-2 -11 -16 -5 -4 -3 -3 0 
11 -6 -2 -4 -4 -3 -1 5 
-3 -7 -10 -3 -3 -2 -3 0 
18 -21 -10 4 2 -2 0 1 
-13 25 25 6 3 1 2 -4 
-6 -5 -3 -1 -2 -1 -3 -21 
-6 -2 -10 -3 -3 -1 1 -6 
18 -5 -4 -1 -4 -3 -3 4 
7 -2 -8 0 1 -1 -1 -9 
1 -2 0 -3 -2 -2 -1 2 
-5 -4 6 3 1 0 -2 -8 
0 9 -8 -5 -3 -1 -3 -3 
22 11 3 0 -1 -2 0 7 
-47 3 -9 -2 -1 0 -1 6 
4 -2 1 1 -1 0 -2 -12 
0 7 -23 -9 -1 0 -1 8 
-16 -9 -4 0 -2 -1 -3 -8 
9 -1 1 -2 -5 -3 -1 13 
6 -4 -4 2 3 2 0 5 
-9 0 4 1 -2 -3 -3 -7 
-3 -2 -2 -3 -1 -2 0 -3 
14 -13 11 1 2 4 3 23 
-7 -9 -4 -7 -5 -2 -3 -13 
1 6 0 1 -1 1 -2 -8 
8 -4 -14 1 -2 1 -3 10 
15 9 5 -1 0 1 0 1 
-14 -8 -12 -2 -2 -3 -2 -2 
3 4 7 1 0 0 0 -10 
4 -11 -9 -4 -3 -6 -3 -3 
5 8 -5 -1 1 1 -2 -7 
-3 0 -1 -3 1 1 -2 -10 
13 1 1 -2 -2 0 1 4 
-44 -11 -1 -2 0 -3 -3 3 
-11 -5 10 2 -1 -1 -4 -32 
6 13 -6 -1 -1 -2 -2 14 
9 -17 -5 -5 -5 -3 -2 14 
6 10 5 1 -2 -1 -2 -11 
7 -11 -9 -1 2 -2 0 7 
-8 21 -10 -2 -2 -2 -1 -1 
-7 -2 -11 -6 -3 -3 -3 -1 
1 -4 7 1 0 1 2 -1 
9 1 4 -2 -4 -5 -4 8 
3 -1 6 0 -2 -1 -1 2 
-2 -2 -8 0 1 -2 -3 -1 
1 9 -3 -2 1 4 4 9 
-8 7 3 -2 -2 0 2 -15 
15 -8 6 -2 -2 1 0 12 
-16 -6 -11 -3 -2 -4 -4 -26 
0 -3 -2 -2 0 -2 -1 8 
4 -3 6 -1 -3 -4 -2 -13 
-1 31 10 -1 1 0 1 6 
3 7 19 5 1 5 3 13 
7 -13 -13 -9 -4 -2 -2 -21 
10 -5 0 -1 -1 -3 -4 2 
-4 -19 -11 -1 -3 0 -1 8 
11 2 10 4 -1 -2 0 -7 
-15 3 4 -2 0 -2 -1 -2 
-1 -6 -5 -1 4 2 2 10 
-18 -20 -16 -5 -2 -2 -1 -5 
-11 3 2 0 1 -2 -2 -7 
7 -5 -15 -3 -3 -4 -3 3 
6 12 0 -2 0 -3 -1 -4 
-14 10 5 1 0 -3 -6 -18 
12 4 -6 -7 -5 -4 -3 7 
-18 -13 13 5 7 7 7 1 
-17 -7 -25 -2 -1 -1 -5 -13 
-1 -7 10 -4 -2 -3 1 2 
0 -7 -15 -4 -3 -5 -4 0 
9 2 4 -3 -4 -3 -6 -3 
1 2 0 0 -1 -1 1 15 
15 15 17 0 1 0 3 8 
-36 -24 -17 -2 -1 0 -2 -20 
-5 10 9 3 -2 -3 -1 4 
2 -5 0 1 0 2 0 -3 
7 -6 0 -3 -3 -3 -2 5 
-1 -5 -8 -3 0 -2 0 -2 
16 -2 8 1 0 0 -2 18 
13 2 -1 -3 -6 -4 -3 9 
13 6 8 3 -1 1 -3 -17 
-11 -14 1 3 3 5 4 14 
-6 -2 -10 -3 0 -3 -3 -6 
-11 -6 -2 -3 -4 -3 -2 -9 
28 -8 -3 -3 -5 -1 0 21 
-15 4 6 -1 -3 -1 -3 -15 
1 1 -1 -3 -3 -2 -4 -15 
-27 -6 -5 4 6 4 5 5 
-2 -2 -18 -1 1 -2 -4 -11 
-1 -3 12 -2 -4 -4 -1 3 
10 1 1 -1 -2 -2 0 3 
10 7 -3 -5 -2 -3 -3 2 
-15 -3 -6 -1 -1 -1 0 -7 
-6 3 -6 -3 -2 -1 1 11 
14 15 -11 -3 -4 -1 -2 -13 
-2 -8 -12 -3 -1 -3 -2 4 
-10 -10 -4 0 -1 -2 -1 -1 
14 -3 0 -4 -3 -3 -1 21 
-3 -5 -2 2 -1 -1 1 -11 
0 -1 5 -2 -2 -1 -3 -4 
-7 -9 -2 1 1 0 -1 4 
-8 13 5 1 0 -3 -2 16 
-32 -10 2 0 1 2 0 -43 
3 -4 7 -3 -2 -2 -4 4 
-4 -7 -9 -7 -4 -3 -1 -2 
13 -5 12 3 0 1 0 -4 
-3 -4 -11 -3 1 -1 1 13 
-7 2 3 -2 -2 0 0 1 
-9 -7 3 -1 1 -3 -1 -21 
7 3 -7 -2 -1 0 -2 -12 
14 6 -7 -3 -2 -4 0 15 
1 -4 -10 0 -1 -3 -1 -10 
10 2 6 -4 -2 0 -1 15 
-9 9 -2 0 3 0 0 -8 
3 -7 1 -2 -3 -1 -1 3 
2 -11 -5 0 0 1 2 9 
-4 -3 -1 1 0 0 1 1 
-37 -5 9 -2 -3 -5 -7 -27 
-14 -3 7 2 2 0 -3 -39 
3 17 13 -2 -2 -1 1 7 
-10 -6 -17 -4 -3 -3 -3 -7 
11 8 9 -1 1 1 1 5 
10 3 -15 -3 -3 -1 -2 25 
-14 -16 3 -1 -1 0 -1 -21 
1 -5 5 2 0 0 2 4 
5 -8 -10 -1 -2 0 -1 -9 
-12 -2 3 -5 -3 -2 -2 9 
22 10 -14 1 -1 -1 -1 11 
8 9 1 -1 -2 -2 -1 1 
4 -5 -10 -1 -2 -3 -2 1 
2 5 5 1 -3 -2 1 7 
0 13 28 4 4 3 2 -3 
-23 10 -9 -3 -4 -2 -2 4 
2 2 -3 -2 1 3 2 -7 
34 1 11 3 1 2 1 20 
-27 -9 -11 -3 -3 -2 -2 -25 
9 0 0 -4 -3 0 -3 -6 
5 -6 7 3 -2 -1 1 13 
9 9 11 3 3 1 0 11 
-9 -12 -7 -3 0 0 1 -10 
-16 -10 -3 2 3 0 -1 3 
9 8 -13 -6 -3 -4 -4 -10 
-8 4 -8 -6 -5 -2 -2 4 
15 11 5 -2 -3 -2 -5 -1 
-11 -6 -3 4 4 4 2 -4 
2 -3 3 1 0 0 0 3 
-8 -3 -3 1 -1 -3 -2 2 
8 7 2 -5 -5 -6 -3 13 
13 -2 0 0 1 1 0 2 
13 1 -17 -3 -2 -3 -3 -16 
-11 -6 -3 -2 -1 -2 -2 -3 
0 -8 -8 -2 -2 -1 -1 2 
1 -25 -3 2 -2 -3 -3 -7 
-1 36 39 3 0 3 4 14 
-16 -1 -9 -5 -2 -1 -4 -18 
-2 -5 -8 0 1 -1 -2 -23 
8 1 -4 -1 -4 -3 -3 -1 
-6 -9 -12 -3 -3 -1 -3 0 
8 -6 -6 -2 -3 -2 1 6 
-1 21 18 3 0 1 1 12 
-8 -7 -7 -3 1 -1 0 -6 
-10 -24 13 -1 -2 -3 -5 0 
-12 -1 2 0 0 -2 0 -7 
3 0 -6 -2 -1 -1 -4 -8 
-6 -6 -16 -11 -6 -2 -2 1 
-1 -4 -1 -2 -1 -2 -1 1 
6 -1 -1 -2 -1 -2 -2 4 
3 0 13 1 -1 -3 -1 1 
5 -8 -3 -2 0 1 1 13 
13 15 -3 3 2 0 -1 -7 
4 -8 -8 -1 -2 -4 -3 5 
-1 2 -10 -2 -3 -3 -2 -6 
-4 6 9 0 -1 -3 -2 3 
-8 -8 -11 -6 -3 -2 -4 -5 
17 -7 -11 0 1 -1 0 12 
-2 -24 -10 -1 -1 0 0 14 
10 6 19 -1 -4 -3 -1 -9 
-7 -15 -10 -3 -4 -3 -3 -2 
-6 3 -4 -3 0 -2 0 -9 
-5 -1 3 4 2 1 1 8 
-21 -4 0 1 1 -2 -1 -7 
2 0 -17 -5 -3 -1 1 17 
-15 18 7 -2 -2 1 -3 -9 
-3 -7 -2 -3 -2 -1 0 -5 
-1 5 0 0 1 2 1 -3 
-5 1 -5 2 -1 -3 -4 1 
-1 -6 1 -2 -1 0 2 -7 
-1 -14 -17 -1 1 0 1 4 
17 19 7 -5 -6 -5 -2 34 
-18 22 17 2 -2 -1 1 -26 
-16 -4 3 -2 -2 -3 -3 -31 
-9 -2 -3 -1 -1 -3 -3 3 
13 29 -3 0 0 0 0 0 
0 -2 -13 -2 0 -2 1 9 
8 -12 -6 1 -2 0 -4 -9 
-2 2 4 -5 -4 -3 0 0 
-5 -2 5 4 -2 -3 -4 -13 
0 -7 -5 -4 -2 0 -2 2 
10 3 5 3 0 -1 -1 21 
-35 6 0 -1 2 4 1 -13 
-4 -17 5 0 0 1 0 -10 
-25 -12 -6 -3 0 -2 -2 -19 
7 -12 8 0 -1 -1 2 8 
12 5 0 -2 -4 -4 -5 -3 
-9 -4 -4 -2 -1 -3 -2 -7 
11 -9 0 1 0 0 3 22 
-22 9 4 3 2 0 -4 -44 
15 -7 -14 -5 -6 -5 -2 7 
-28 26 5 1 -1 1 1 -14 
16 3 -5 -3 -2 -2 0 1 
-1 -13 -8 -1 -1 -1 0 23 
34 -3 -15 -3 0 -1 -1 10 
-28 -24 -5 -2 -2 -4 -6 -16 
3 3 1 -4 -4 -3 -3 3 
-7 3 -3 0 -1 2 2 4 
1 0 3 3 2 0 2 0 
15 -11 -12 -3 -1 -2 -2 15 
-11 1 -3 -4 -4 -3 -4 -28 
8 11 -19 -3 -3 -3 -1 4 
-11 19 4 0 -1 -1 -1 -3 
39 1 -5 -2 -2 0 2 21 
-6 -8 5 2 1 -2 -5 -15 
1 -2 -4 -4 1 1 0 -4 
-6 -3 0 -1 -1 0 -4 -6 
5 6 -3 -1 -2 -2 -1 0 
17 -5 3 3 4 4 3 27 
-5 0 4 -2 -5 -4 -4 -22 
-6 1 4 0 -2 0 -2 -7 
0 19 28 -4 -3 -2 -4 0 
20 6 -3 -4 -3 -1 0 12 
-35 -4 -7 -1 0 -1 -3 -6 
10 -9 1 -3 -1 -3 -1 1 
-3 -9 0 2 1 0 -4 -16 
-5 -11 1 2 2 1 -1 4 
14 8 5 3 4 5 5 28 
-10 -7 -9 -1 -4 -4 -2 -9 
-4 -6 -15 -3 -2 -3 -2 -5 
-10 -2 -4 -2 -3 -2 -3 -8 
11 1 -2 -3 -5 -3 -1 -1 
-3 -1 6 0 1 0 -3 3 
-3 -10 3 -4 -2 0 1 -4 
-10 -4 5 -1 1 2 0 -14 
-10 -10 -7 -1 -1 -2 -2 -1 
-1 -6 -4 -3 -1 -1 -1 3 
-14 -6 10 -1 -2 0 -1 -8 
1 2 12 3 0 -1 1 8 
5 3 11 0 -1 1 -2 0 
-9 21 15 0 -2 -1 -2 -4 
-7 -17 -17 -1 2 -2 -3 -7 
-11 -11 -1 -3 0 1 5 26 
9 -11 3 -3 0 -3 -2 -8 
-2 -3 3 -1 -5 -3 -3 -9 
0 1 -7 1 0 -2 -1 -1 
-5 5 -4 -5 -5 -2 0 -2 
-3 -6 -1 -4 -3 -2 -1 5 
0 -4 -9 -3 -1 0 -3 -9 
-4 1 -8 -2 -2 -3 -4 2 
4 5 0 4 2 0 -3 -8 
11 1 3 -1 -1 -2 2 15 
-21 -12 -20 -2 -1 -1 0 -15 
2 7 0 -1 0 -1 -2 2 
5 -4 -6 -2 -2 -3 -4 -8 
-1 0 -8 -1 2 0 1 -5 
2 -6 6 2 2 0 1 13 
-1 -11 -13 -4 -4 -4 -1 -1 
-1 13 -10 -5 -5 -5 -6 -22 
1 0 -7 -5 -5 -1 -2 8 
-4 -7 -2 -4 -2 -1 -1 -3 
5 2 10 5 -1 2 2 18 
-3 -14 -2 4 4 -2 -3 -16 
-2 -4 19 3 -1 -1 1 -3 
4 -8 -9 -4 -2 -1 0 7 
