#EMG
#0
#ID:0-62
-10 -4 -4 -5 0 -2 0 -1 
-7 -5 6 4 -1 -1 0 -3 
-2 -10 -27 -10 -7 -4 -3 -3 
-9 2 18 4 1 2 2 -1 
9 1 -11 4 -1 0 0 13 
-6 3 2 0 -2 -1 -1 -9 
2 -3 3 -3 0 1 -1 0 
-5 2 16 4 1 0 1 -11 
4 4 6 -1 1 -2 -3 14 
5 2 -17 -4 -2 -1 -1 -1 
-11 -1 0 -2 -3 -1 -4 -3 
0 11 9 17 0 0 0 0 
2 -6 -17 -23 -5 -2 -3 -15 
-3 7 29 9 2 1 -3 3 
4 -8 -23 -8 -2 0 -2 -4 
-4 1 20 6 -2 0 -2 2 
-18 -2 1 2 1 0 0 1 
-14 -3 5 5 -1 -4 0 -6 
-14 -3 -14 -3 -1 -3 -2 -6 
0 -7 3 -3 0 0 1 0 
0 -1 15 4 3 2 -2 -11 
2 -2 -17 -9 -4 -3 -1 -5 
3 8 -5 -3 -1 0 -2 7 
-23 -18 -10 -9 -3 -3 0 -6 
18 -3 -1 6 1 -3 -2 8 
-5 -5 -3 -17 -7 -2 -6 0 
5 0 11 -1 -3 -2 -4 -4 
0 1 -19 -8 0 3 -2 -3 
-4 2 -12 5 -1 -2 -2 -5 
-6 -4 -10 1 0 -3 1 2 
-1 -3 -2 5 -1 0 0 4 
8 3 -1 -11 -8 -2 -5 -5 
-6 -11 -13 2 3 -1 0 7 
1 -3 -5 -3 2 0 0 0 
-1 -1 -6 -2 -1 -1 1 -6 
4 -7 -16 1 -2 -2 -1 17 
-5 -2 6 -6 -2 -4 0 -14 
13 5 6 2 -2 0 1 8 
-30 -1 1 -4 1 1 0 -15 
23 -7 17 6 2 -2 -3 6 
-11 -1 -26 -11 -4 -1 0 -1 
-8 -1 2 20 2 0 -1 -7 
8 -2 10 -9 0 -1 0 0 
-10 3 -4 -6 -2 -1 1 -6 
-2 1 11 -1 -2 -1 -1 5 
0 4 7 3 -1 -1 -1 -14 
6 3 -10 -1 -4 -3 0 3 
-2 -2 -1 4 3 -1 1 -4 
1 3 20 2 -3 -3 -2 -1 
-1 -5 6 -2 -2 -3 0 4 
3 -1 -2 -2 -1 -1 -3 -2 
-9 4 4 -5 2 1 0 -11 
-3 3 -5 19 2 1 0 8 
5 -5 -24 -22 -5 -3 -2 17 
21 -7 5 -2 -1 -1 -1 -2 
-19 1 0 1 0 0 -2 -7 
-3 -3 1 -3 -1 -3 -1 -1 
-14 2 20 7 3 2 0 1 
15 -9 -8 -3 -1 -2 -3 6 
2 -9 -18 -8 -7 -4 -2 0 
1 -2 7 2 0 3 1 4 
-3 2 -4 1 0 -2 -1 -9 
-11 3 25 4 0 -2 -2 3 
-2 -2 3 9 2 1 0 -3 
-5 -11 -22 -16 -3 0 -3 -17 
16 -4 -8 2 1 -1 -1 -2 
-15 -2 5 1 2 1 0 -4 
14 1 19 3 0 -3 -1 -3 
3 5 0 -3 -1 -1 -2 5 
1 0 -8 1 -4 -3 -1 -4 
-3 -5 7 6 3 -1 0 3 
-15 9 11 1 1 1 1 -8 
9 -2 1 -3 -4 -2 -3 4 
-9 4 7 -1 0 1 1 -17 
5 -9 -30 -6 -11 -8 -4 19 
-6 6 9 1 1 2 -1 -9 
-5 -10 -40 -6 0 -3 -4 -9 
-19 -8 10 0 1 2 3 11 
16 -9 8 2 -4 0 -2 -17 
3 19 12 -7 -4 -2 -2 -4 
-2 26 -8 -3 -4 -2 -2 -3 
0 18 4 1 2 0 -1 -3 
-9 -3 -9 2 0 1 0 -7 
9 -6 -10 0 -2 -3 -3 33 
-12 0 10 3 -1 -2 0 -39 
-18 -17 -21 -9 -5 -4 -8 0 
0 49 36 9 3 2 2 2 
0 -29 -3 10 5 2 2 4 
-5 17 5 -12 -8 -2 -3 18 
7 -5 -26 -2 -4 1 -3 -3 
-12 -4 8 -2 -1 2 4 -6 
0 4 -15 1 2 -7 -10 -8 
6 -8 26 -1 0 -3 -8 9 
19 -18 10 3 -6 -2 3 -1 
-11 -3 -18 -1 -2 -1 1 4 
-4 -1 0 -1 0 1 2 -14 
-7 -5 6 4 1 -1 -4 -7 
-1 7 -6 -3 0 -3 -6 12 
0 12 23 -1 -2 -1 0 -23 
0 -21 -73 -10 -4 0 4 14 
15 -2 23 5 5 3 9 16 
-9 -6 -11 -1 0 0 2 -4 
1 -1 -18 -3 -1 -1 -10 7 
3 2 11 -3 -1 -2 -6 -23 
0 21 -19 -6 -8 -3 -1 5 
-9 -5 -9 1 3 -2 2 6 
0 -18 -23 -9 -6 -2 -2 -4 
1 0 2 1 1 1 0 3 
-2 -1 0 -6 -6 -3 -1 1 
2 13 58 2 2 -2 -3 -20 
-14 -16 -5 0 0 -1 -1 15 
-12 1 -7 -15 -10 -4 -7 -15 
6 -13 -12 0 0 1 6 0 
1 1 6 6 3 3 6 40 
18 -15 -49 -10 -4 -3 -5 -20 
8 7 4 3 4 3 -3 -8 
1 -8 7 9 3 -2 -6 1 
18 -13 -8 -5 -3 -3 -4 -7 
-9 4 10 9 2 -1 7 9 
23 5 -1 -10 -7 -6 -8 3 
5 19 -12 5 2 3 5 -4 
-1 11 27 8 5 3 -6 -18 
17 -9 -2 -4 -3 -2 1 24 
-21 -6 22 4 2 0 4 8 
2 8 -3 5 -2 -1 -5 1 
-16 3 11 -10 -5 -1 1 -16 
-2 -6 22 1 -3 -4 -10 -20 
-12 -4 4 3 3 1 6 39 
-4 -11 -3 -6 -5 -5 -10 -37 
-10 -13 -42 -5 -3 -2 -1 -8 
10 -4 -10 -5 -1 -3 -7 -23 
-4 -4 7 -1 -2 3 15 28 
-6 -15 9 0 1 0 -10 -8 
-14 -4 -21 -3 -1 -3 14 2 
-4 4 18 0 1 -4 -15 -13 
0 -7 -15 2 -8 -5 -12 -47 
23 3 20 -9 -3 1 22 28 
-37 -12 -20 -9 -6 -4 -8 -5 
-2 24 -1 -2 -1 -1 2 4 
4 5 29 11 4 1 3 -3 
0 -7 -27 -8 -4 -2 -10 -6 
1 -5 3 -2 -2 -2 2 0 
-11 28 35 7 2 0 6 15 
5 -5 -32 -3 -3 -3 -16 -26 
-5 -22 10 4 3 1 10 9 
10 -18 -25 -7 -2 -4 -22 -6 
-8 -10 -28 -6 -4 2 14 6 
6 -11 8 -5 -4 -1 -7 1 
8 -1 -19 4 5 3 5 -7 
3 19 18 4 -3 0 3 28 
-15 -21 -51 -7 -4 -3 -10 -39 
6 -10 26 -11 -1 -2 6 12 
-10 -3 -21 -13 -10 -8 -6 -7 
5 3 2 4 0 1 -4 -5 
7 8 -5 -2 0 -3 -15 21 
-27 1 3 7 0 3 15 -32 
-11 -11 43 5 1 1 4 9 
15 -10 9 1 3 -1 -4 -8 
-5 -25 12 8 2 2 -4 5 
12 14 -11 -1 2 -1 0 -2 
-10 -14 -18 -5 -2 2 5 11 
17 10 7 3 0 -5 -7 19 
1 -3 20 -8 -5 -4 -14 -20 
7 2 1 4 -1 -2 9 32 
-16 -5 -24 -5 -4 -1 -4 -7 
-2 15 6 -1 -2 4 18 6 
-26 12 2 3 2 0 -2 -8 
32 -5 -40 -6 -5 -1 -10 -1 
-31 6 10 2 0 -6 -15 0 
8 0 -18 1 -4 1 4 -18 
-3 -8 7 -14 -7 -3 -3 6 
-17 7 2 3 0 -1 -4 -13 
4 -1 -12 -2 1 1 9 7 
12 11 -17 5 0 -4 -16 -12 
5 -14 25 2 -3 -2 4 -8 
-16 40 23 -6 -2 -5 -9 -1 
4 -11 2 1 0 0 -9 -21 
-8 -13 -2 2 6 5 3 8 
9 12 -18 1 -1 4 27 25 
9 7 5 3 0 -2 -17 18 
-26 3 4 -3 -2 -5 -29 -64 
-6 -5 7 -7 -5 0 40 22 
10 -4 -3 5 5 2 -13 -6 
0 -11 -25 2 2 3 5 1 
10 10 -2 1 -3 -2 22 52 
-6 -27 -17 -10 -5 -7 -26 -24 
-10 -18 -8 -3 0 -1 5 -2 
-12 15 28 3 1 2 -1 -8 
18 -11 -23 -3 2 4 3 16 
-11 -6 20 -13 -8 -9 -8 -18 
-11 0 -29 5 1 -3 -1 -1 
-3 -12 9 -7 -3 -1 6 2 
13 8 39 15 6 6 -1 -14 
-13 -6 -28 -8 -8 -4 -22 -18 
17 4 -31 -5 -3 1 5 9 
7 -7 24 0 -1 -2 7 -5 
13 10 -7 4 -3 -2 15 46 
4 18 35 6 4 7 -4 -6 
-4 9 6 5 3 -1 -12 -9 
-23 -37 -73 -18 -4 1 10 -25 
3 6 9 -1 0 -1 2 5 
-13 7 -33 8 8 1 8 -6 
7 40 -8 -4 -7 -5 -18 -10 
5 -4 39 10 5 4 13 29 
-5 -5 5 -7 -3 -3 -29 -34 
19 3 -15 5 1 -1 20 37 
-41 13 -4 -6 -2 -3 -2 -9 
4 -8 14 -5 -2 2 9 -3 
0 10 -22 -2 -3 -3 -16 9 
13 14 38 6 0 3 28 31 
16 -61 -15 -4 -2 -2 8 10 
-6 1 -5 13 -2 -8 -8 -41 
-3 -16 -13 -24 -9 -6 2 21 
7 8 -11 -7 -3 -2 0 -18 
2 2 32 -1 -1 4 1 26 
-5 6 -15 5 1 3 1 -26 
-11 16 24 7 2 -2 -2 21 
2 -32 1 -2 -3 -2 -15 -21 
14 -1 -22 2 0 1 10 22 
7 6 3 -8 -2 -3 -17 -7 
-3 -12 -15 -3 -3 -2 0 -31 
-4 -2 3 -7 -2 1 -20 -24 
5 16 13 15 7 2 13 12 
-13 -36 23 -6 -4 -1 -9 8 
-5 -1 -36 2 -2 -5 16 1 
-15 -4 14 -9 -7 -7 -12 17 
-4 -7 1 3 -3 -3 -8 -21 
0 0 -27 -10 -1 -2 0 14 
0 -22 12 3 3 1 -3 -4 
6 13 -1 9 6 4 4 -2 
-7 12 45 -11 -6 -4 7 4 
-2 3 9 2 -4 -5 -14 3 
1 -10 23 5 2 4 7 2 
2 6 7 9 5 4 0 31 
6 -17 -17 -14 -8 -6 -10 -28 
8 14 26 8 2 -2 0 4 
-14 -7 -23 -11 -5 -5 -7 0 
-3 20 4 17 5 -1 -3 -37 
-11 -8 -10 -13 2 6 6 -6 
-4 6 15 2 -3 -3 -8 -2 
3 54 8 3 0 -1 -3 -32 
1 16 15 -6 -5 -5 0 7 
-8 7 -23 13 5 -2 -8 -6 
8 28 59 13 8 3 4 4 
-2 -16 -45 -27 -9 -4 -3 5 
4 0 -8 12 -3 -3 3 13 
1 0 -36 -26 -5 0 -3 -29 
-5 -10 -54 -5 -2 -1 1 39 
-1 17 99 22 8 5 1 -5 
-3 -23 -18 -10 2 2 -5 -6 
0 -15 -44 8 -5 -9 -9 12 
-2 6 -2 -6 -8 -5 -4 -18 
-6 -4 -4 -8 0 1 -3 -11 
-9 -15 6 -4 -4 -2 6 -19 
3 24 65 39 13 2 -8 -13 
-1 -20 -9 -27 -6 5 10 11 
-5 -24 -3 15 -2 -3 0 -10 
10 -4 -5 -11 1 -4 -4 0 
-3 -24 -25 -12 -9 -4 -9 20 
7 3 0 8 3 3 3 -9 
11 19 -4 -7 -6 -4 4 13 
-8 -24 6 4 3 -3 -8 -16 
-6 -9 -52 -11 -6 -4 -6 -3 
-6 -17 7 6 -2 -3 1 -7 
1 -15 -41 -19 -5 0 2 12 
3 2 -19 -12 -10 -4 -8 -18 
-3 -2 47 8 5 3 -3 14 
-1 1 12 -3 -3 -6 2 2 
15 -88 -11 23 6 3 2 -7 
4 50 3 -6 -3 -3 1 12 
-24 -57 40 -20 -7 0 11 4 
5 17 -54 -2 -4 -4 -6 -9 
5 -33 -9 6 1 -4 -4 7 
9 -6 18 -5 2 1 -3 9 
-6 5 -38 -6 1 1 8 12 
-7 -34 -24 -13 -5 -4 -9 -7 
3 43 -1 9 -1 0 1 7 
-13 -28 4 0 -10 -9 -13 -5 
4 31 -3 12 8 5 20 -4 
-14 -6 -40 -25 -6 0 0 -23 
-10 39 26 13 1 -3 5 19 
2 -1 -29 -19 4 0 3 4 
4 -4 98 39 6 2 -4 -11 
-1 -46 -127 -52 -16 -7 -2 10 
8 17 39 10 -4 -2 -10 -10 
-27 -17 5 21 8 2 7 0 
16 -16 0 -16 -1 0 0 19 
13 13 0 1 -4 -4 -10 -12 
0 37 7 -10 0 1 8 41 
12 25 24 10 2 2 1 -15 
4 19 -28 -8 -2 -4 -14 0 
-19 5 38 29 10 1 7 6 
8 5 -45 -2 3 -3 -6 -11 
12 -5 20 -14 -6 2 -3 8 
2 -1 -10 -20 -4 5 6 -27 
-9 27 -41 -14 -14 -9 -10 14 
-19 -11 16 -7 -1 0 -2 -34 
40 10 -17 8 3 -1 -5 33 
-1 -32 -1 -6 -13 -5 6 -25 
0 0 6 15 9 2 -7 -9 
-15 -13 -26 -9 7 -1 1 -2 
-22 -29 -31 -28 -21 -4 -9 -14 
-9 37 20 18 9 5 13 23 
-10 -19 -38 -24 -8 -7 10 -2 
11 3 5 21 -1 -2 -2 -3 
-30 -6 22 5 2 -5 -10 -21 
3 15 -16 12 0 -6 -4 22 
34 13 52 5 8 5 2 13 
-21 -22 -33 -35 -18 -3 -9 8 
-10 -12 -35 -16 -7 -2 1 -26 
2 -6 -1 3 6 6 0 -11 
0 -55 45 46 9 0 11 48 
5 19 3 -18 -3 0 -4 -28 
-8 0 12 3 -2 -1 -5 -4 
-52 13 59 17 7 5 1 -11 
89 8 -17 23 6 -3 -5 16 
-23 -15 16 -25 -6 1 12 10 
-4 -23 -41 -13 -17 -8 0 14 
6 4 -41 -34 -15 -6 -14 -10 
-24 44 50 40 17 12 4 -52 
8 -2 2 -14 -13 -6 -9 -1 
14 -13 13 13 4 -8 0 5 
13 -16 -23 -22 -5 -4 -4 0 
-20 17 -21 -15 -4 1 10 4 
34 13 29 8 7 -3 -23 -60 
-24 -6 24 19 4 5 16 67 
-21 -13 -24 -9 -2 -6 -9 -5 
-1 7 48 13 4 -4 -5 -35 
-26 -37 -44 -4 -10 -4 7 -9 
3 9 -8 3 -2 -2 -8 -22 
18 4 -7 -30 -8 -1 -1 7 
-30 -18 41 4 5 4 -9 -22 
-14 -6 -27 -7 1 -4 -1 25 
19 39 70 51 22 5 2 -12 
-12 -30 -46 -25 -37 -19 -14 3 
5 -9 -29 -30 0 5 6 18 
7 -13 -6 26 2 0 -3 13 
1 12 6 -27 0 3 5 14 
7 24 14 22 11 8 7 -35 
-37 34 25 -6 0 -3 -4 -3 
24 7 -7 11 0 -2 -6 5 
6 -16 -53 -9 -7 -1 3 11 
12 -25 -28 -1 -1 -2 10 13 
-18 -16 -8 -40 -24 -4 -5 9 
5 5 21 13 8 3 -13 -30 
9 34 16 11 5 0 21 19 
23 34 32 10 7 -2 -5 5 
-17 -11 -26 10 -4 -7 -3 11 
-4 -16 -7 -3 1 2 5 11 
6 18 10 -6 -8 -4 -15 -48 
-19 -5 -18 -7 -2 2 -6 -13 
28 16 15 5 0 -2 6 29 
-8 1 30 14 4 0 -3 18 
-14 -26 -54 -34 -6 -7 -1 -4 
-3 12 29 7 -2 2 -4 -21 
6 18 6 2 -2 -3 -7 22 
6 6 -9 -4 2 -1 3 -12 
-13 -5 -9 4 -1 -1 -6 -11 
17 -4 -21 -6 -3 -8 -10 27 
-33 -3 -14 -12 -6 0 -4 -66 
-5 -1 -19 -5 -3 1 7 46 
-31 8 5 1 -5 -2 -19 -41 
-1 -15 18 16 5 4 13 -30 
13 18 12 14 3 1 4 21 
13 -13 -10 -23 0 -2 1 -3 
-6 -33 -38 -17 -14 1 -4 -14 
2 -6 6 5 0 2 -3 22 
-28 -18 7 11 3 1 1 -29 
21 13 28 21 2 -2 0 2 
0 0 12 -7 -1 -1 1 29 
-15 21 50 13 7 0 -7 -31 
-6 -30 -8 -11 -6 -5 16 33 
-31 -14 -36 -29 -23 -7 -7 -25 
26 -3 9 7 2 -1 -2 0 
-9 1 -29 1 3 1 -6 20 
23 21 36 0 10 3 9 -13 
-1 -8 -15 -6 -7 -7 -9 -18 
-7 -3 9 20 3 4 10 17 
1 6 -25 -24 -3 2 7 35 
-41 -9 -24 -4 -4 0 10 11 
33 0 -17 -7 -6 -13 -34 6 
-13 16 35 13 11 1 1 -26 
2 8 -5 1 -3 -7 -11 -5 
6 49 22 -7 0 6 0 3 
-8 5 -29 -23 -10 0 14 -4 
-2 -1 3 4 1 1 -7 -57 
5 -14 13 8 2 0 -1 -10 
24 -17 -1 6 -1 -4 -30 18 
-34 -2 58 11 7 10 26 -8 
3 -3 -8 -15 -3 0 11 32 
7 -4 11 3 -2 -8 -22 -28 
6 6 -57 -12 -8 -10 -10 -37 
-36 29 70 11 11 1 1 -23 
72 -38 -101 -39 -20 -5 2 21 
-35 14 25 24 6 9 9 -11 
-10 -23 -37 -19 -7 3 9 33 
4 13 28 12 5 -1 5 -4 
4 -5 16 5 3 1 6 24 
7 29 27 -3 1 -2 5 10 
24 -8 -19 5 -7 -3 -6 -1 
-15 -21 -10 -5 -5 3 -4 -27 
-4 -5 12 5 4 -4 -15 -4 
3 -7 -33 -3 -1 -6 9 12 
-10 -13 51 8 2 -3 0 -8 
22 9 -63 -22 -8 0 -6 23 
-7 20 0 -3 2 6 18 26 
-4 -16 3 -6 -2 5 18 15 
-11 16 28 28 6 -3 5 29 
5 17 -13 -6 -7 -9 -5 -2 
-26 10 -52 -15 -7 -7 -18 -33 
-27 -17 36 -2 2 0 -1 -23 
15 -6 30 20 5 1 -1 3 
1 21 -4 -5 -2 2 -1 2 
-22 6 -18 -6 0 -1 3 -6 
31 5 -47 -22 -11 -4 -6 17 
5 23 54 34 16 6 -6 -25 
-18 -27 -10 -24 -3 -2 -7 -1 
-10 27 32 23 5 -1 -3 -15 
-9 -7 44 -1 -12 0 2 7 
7 -15 -23 -19 -2 -2 -8 -7 
17 15 -4 20 10 1 7 2 
-13 -25 7 -4 6 7 9 13 
41 -9 -21 5 -3 -7 -10 30 
-15 -14 -23 -17 -16 -8 -10 -21 
-24 -4 2 15 -5 -4 0 -18 
34 -3 18 -6 -6 -2 -3 -2 
-21 8 22 17 13 5 -8 -24 
-54 -21 -53 -9 -2 2 7 -16 
16 -14 -38 -3 -2 -2 -1 24 
-5 4 69 4 -1 0 -2 13 
-5 -17 -28 3 -4 -5 -4 -17 
14 3 -32 -17 -6 -6 -4 21 
-17 -5 34 22 12 5 2 -31 
-11 -10 -3 -6 -4 -5 -12 -16 
21 21 -1 -6 0 3 9 15 
-6 -20 -2 -5 -4 -3 -11 -8 
14 1 4 -3 0 1 0 6 
-4 -23 -15 -2 -6 -4 -5 -7 
7 -10 -28 -9 -4 -1 2 -7 
4 7 40 0 0 -2 -6 -8 
-5 -14 -24 -4 -1 0 0 3 
-7 40 21 16 4 0 2 -1 
-13 -5 -20 -11 -5 -2 -5 -9 
17 2 -25 -14 -6 -4 -3 2 
6 5 41 26 7 0 1 9 
-7 -11 -40 -28 -6 -5 -5 -1 
-6 -1 12 4 2 0 0 -1 
3 0 -14 -4 -4 -2 -1 -6 
8 -7 3 -6 -1 -2 0 3 
-9 0 22 14 0 -1 0 -3 
-5 2 11 3 5 2 -1 8 
7 1 24 21 2 -1 2 4 
-2 -14 -57 -36 -11 -3 -1 3 
9 -13 -14 -2 0 0 -2 2 
-4 -5 -12 -13 -4 -2 -1 10 
7 6 21 7 2 1 1 3 
-1 5 15 3 3 0 1 2 
-7 0 3 6 3 -3 1 0 
-12 -9 -8 -8 -5 -4 -3 -15 
23 -3 -28 -14 -3 1 1 3 
-7 0 4 -2 -1 0 -2 14 
-6 -3 -10 -6 -3 1 0 -10 
5 2 11 15 5 1 3 3 
-4 -3 5 -8 -2 1 0 0 
-7 0 5 6 3 1 1 -7 
7 17 4 2 1 -2 -4 22 
3 -19 -31 -6 -7 -5 -2 6 
4 -2 -11 -8 -3 1 2 5 
-3 3 6 1 -4 -4 -5 -8 
-4 -6 6 2 2 -2 0 -8 
-9 0 0 -1 1 0 -1 -8 
-13 -3 -14 -9 -2 -2 -1 -4 
11 4 10 3 1 -1 1 2 
-12 -10 -1 0 -3 -1 -2 -7 
-9 3 12 -3 -2 -3 -5 -11 
4 1 6 5 0 -1 -1 2 
-7 -5 -35 -14 -5 -3 -2 -2 
6 12 12 9 1 -1 -2 -3 
1 8 -4 -6 1 4 3 -3 
-8 5 -6 -3 -1 -5 -3 -10 
-7 -7 11 -5 -6 -3 -4 -2 
7 -5 1 3 -1 0 -1 11 
0 -4 -16 -7 -2 -1 -6 -7 
1 6 -10 1 0 1 0 -2 
-5 -6 1 3 -1 -2 2 -1 
2 -4 -3 -3 -1 -1 0 0 
1 -3 11 3 -2 -2 0 -1 
-4 -3 3 -2 0 0 -1 -1 
-6 5 21 14 3 4 4 -1 
2 -9 -21 -15 -5 -3 -5 -6 
2 0 -1 -3 -3 -2 -1 -4 
-6 -2 -8 -1 1 0 -2 -3 
5 1 -1 -2 -3 -2 -3 -1 
-2 -4 -1 -1 -4 -3 1 -4 
-7 2 10 5 2 -1 -1 2 
2 -11 -14 -9 -6 -4 -3 5 
0 3 9 1 3 2 1 -8 
-3 4 6 5 1 1 0 1 
-3 -8 -9 -11 -3 -2 -2 0 
-3 3 23 3 1 -2 0 0 
-1 -6 -16 -9 -3 -4 -3 5 
-10 -6 -14 -7 -2 -2 -1 3 
-6 4 18 9 3 3 0 -48 
-2 -2 -10 0 -2 -3 -1 7 
1 -1 1 -3 -1 -1 1 1 
-5 -1 1 -1 -2 0 -3 0 
6 -2 -1 4 2 -1 2 11 
2 0 11 3 0 0 -3 -3 
-6 -2 -6 -4 -3 -2 -4 -5 
6 -6 -35 -7 -4 -4 -2 0 
-1 1 8 -1 -1 -1 -1 6 
2 11 -4 -2 -3 -1 -1 -7 
1 5 7 2 -2 -3 -1 3 
-1 5 5 -1 0 1 1 -3 
0 -4 3 0 -2 -2 0 6 
-2 -1 4 2 -1 -2 -2 -5 
-4 -2 6 13 2 -1 1 1 
10 3 4 -13 -5 -1 -3 -4 
-7 -2 -17 -3 -4 -3 0 5 
0 -4 4 -2 0 -1 -2 -3 
-7 2 6 4 1 1 0 -2 
-6 -1 13 6 2 -1 -1 -7 
4 0 4 2 -1 -2 -3 9 
-11 -9 -16 -4 -3 -3 -1 -4 
4 -3 0 -5 0 -1 0 -14 
-1 1 -6 4 0 -2 0 -2 
4 2 -9 -7 -4 -1 -1 -1 
0 4 20 7 5 4 3 0 
-2 -11 -16 -16 -9 -4 -4 -3 
0 -3 12 -2 -1 -1 -1 0 
-5 1 0 6 0 0 0 -2 
-15 -5 2 -1 0 -2 -1 -4 
4 8 18 8 5 1 1 6 
-3 -10 -23 -5 -6 -3 -6 -5 
-1 -1 -1 -1 -2 -2 -1 2 
0 -4 -10 -5 -2 -3 -3 -1 
-2 -3 -15 -3 1 0 -1 -2 
-5 -4 -11 -3 -3 -3 1 -1 
3 1 -2 0 2 2 0 2 
-3 -7 -11 -5 -5 -3 -2 -5 
1 -2 0 -1 0 -1 0 3 
1 0 7 1 -1 -1 0 2 
0 -1 1 0 -2 -2 0 0 
5 2 -1 0 -2 -1 0 0 
-9 -9 -13 -5 0 -1 0 -1 
1 2 7 3 1 3 0 2 
-2 4 8 1 1 1 0 -11 
-1 -5 -17 -7 -7 -3 -1 -2 
1 -2 1 -6 -5 -1 -3 0 
-1 -4 -18 -2 -3 -2 0 2 
-5 -11 -8 -4 -2 -3 -2 1 
4 4 12 5 4 0 -1 -2 
-2 -1 0 2 2 1 1 -2 
8 4 26 15 2 1 -2 -3 
5 3 -2 -9 -1 -1 -2 0 
-6 -13 -17 -12 -6 -4 -5 -3 
1 -6 -11 -4 -5 -2 -2 -2 
-8 0 1 0 1 -1 0 -5 
3 2 9 6 0 0 0 3 
4 2 -7 2 3 0 -1 2 
2 8 11 7 4 3 1 1 
-14 -2 -5 -7 -3 -3 -2 -5 
13 -16 -20 -13 -9 -5 -5 1 
-1 -1 2 -2 -3 -1 0 4 
1 -7 -6 0 -2 -1 1 -1 
0 -4 1 -3 -2 -1 -1 1 
-7 3 2 3 2 0 2 0 
-3 1 2 2 1 1 -1 -1 
2 -1 -5 -3 -2 -4 -3 0 
-9 -3 1 -3 2 1 1 4 
-8 -10 15 6 3 1 2 0 
3 0 -30 -11 -7 -3 -2 -17 
-10 -1 -8 -4 -7 -4 -5 -2 
-1 -6 -11 -8 -3 0 -2 -2 
-5 5 6 4 -1 0 -2 0 
-4 6 21 6 2 0 1 4 
2 1 0 1 1 1 -1 -2 
-8 -7 -10 -3 -1 -1 -2 -4 
-3 -4 -25 -7 -5 -6 -2 -15 
6 -5 -4 -2 -3 -2 -2 5 
-4 -6 -15 -12 -3 -4 -3 -4 
7 4 1 5 0 1 0 1 
-4 5 21 0 0 0 0 3 
-7 -6 -4 -2 -1 -1 1 0 
5 3 15 8 3 -1 0 1 
-4 15 5 -1 -1 -1 -2 -7 
14 1 -10 -3 0 1 -2 5 
-2 -6 -3 -1 -4 -4 -4 2 
0 -1 7 -4 -1 -3 0 4 
20 -2 -1 -4 -3 -2 0 5 
-17 -3 -16 -5 -4 -3 -2 -3 
-2 7 17 4 1 0 1 -1 
0 0 -4 -1 0 0 -1 2 
-10 -10 -9 -5 -3 -3 -1 -2 
-3 -6 -6 -2 -1 2 -1 -1 
13 -5 -2 -4 1 0 0 -8 
-21 -2 -6 1 -4 -1 -2 -8 
-6 -3 11 0 -2 -2 -2 -3 
