#EMG
#7
#ID:7-55
-40 -9 2 1 3 2 4 2 
-16 -4 -6 -4 -3 -3 -6 -34 
-8 -5 0 0 -1 2 0 -4 
1 -1 3 2 0 0 0 7 
12 1 -8 -2 -5 -5 -7 -1 
1 -5 2 -1 -2 -2 -1 7 
2 12 0 4 2 2 3 10 
-2 -5 -7 -5 -4 -3 0 -21 
11 6 9 1 2 0 4 7 
0 -10 -8 -4 -4 -1 -3 1 
-3 -3 -7 -3 -2 -1 -3 -11 
19 2 13 7 2 -1 -3 7 
-11 -9 3 2 -3 -4 -2 10 
-16 -3 -6 0 -1 -1 0 -23 
-3 0 -2 -4 -2 -2 0 -12 
-13 -3 -5 -2 0 1 -1 -2 
-2 -1 -9 -6 -3 -4 -1 14 
12 -7 -8 1 0 -1 -3 -7 
1 0 -2 -3 0 -1 0 4 
8 -2 -5 -1 1 2 -1 -5 
-19 -7 -3 -5 -4 -4 -9 10 
-4 4 10 4 -2 -1 -5 -7 
-3 -8 -12 -2 -1 0 1 8 
-9 -2 2 -4 -4 -5 -3 6 
-2 0 -1 1 1 3 1 -16 
4 7 13 2 0 2 4 21 
9 0 -4 -5 -3 -2 1 -5 
-18 -8 -14 -1 0 1 -6 -15 
9 4 -4 -3 0 1 -1 -6 
3 1 9 0 -2 -3 -1 11 
-7 -1 -5 4 1 -2 0 -13 
-6 -5 -5 -3 -2 0 5 30 
12 -16 -1 -1 0 -2 -4 -60 
8 4 1 -3 -3 -4 -11 9 
-1 -6 11 5 2 2 4 4 
1 4 1 -3 -2 -3 -1 -9 
4 11 -25 -7 -3 1 5 16 
-5 -3 1 -4 -2 -2 -4 3 
-2 -2 2 1 1 0 -1 -8 
4 1 11 2 -1 -2 -5 -3 
5 6 2 -1 -2 1 2 7 
49 -4 -6 -5 -5 -3 3 25 
-28 -12 -14 -5 0 1 0 11 
-6 1 3 1 0 -1 -1 -31 
5 -5 -3 1 1 0 1 8 
-6 6 8 1 0 2 2 -5 
10 -6 -5 -4 -2 -1 -1 5 
3 -7 1 1 -1 -2 1 8 
-23 -3 18 -2 0 -2 -5 -12 
-14 1 -16 -4 1 1 3 1 
5 0 14 1 -1 2 2 8 
-4 -6 -7 -1 -3 -3 -4 -14 
0 1 0 -1 -2 -2 -1 3 
9 -8 -4 0 -1 -3 -1 3 
12 11 13 -2 -6 -6 -16 -19 
6 -11 -17 -2 3 2 10 21 
13 -1 2 3 -1 0 1 5 
-2 5 -3 -3 0 0 4 27 
3 6 7 1 0 -3 -3 -77 
-18 3 8 -1 -2 1 3 4 
-7 -6 -4 -1 -1 -4 -1 -16 
-2 9 7 -1 -3 -4 -3 -7 
0 2 20 4 1 3 12 19 
14 -1 -7 -5 -4 -1 -4 8 
5 5 4 1 -2 -2 -11 -8 
-13 -2 -20 -10 -4 3 15 -6 
-21 -14 -3 -6 -5 -10 -15 15 
1 0 1 1 -2 -5 -14 -36 
1 -2 10 0 1 2 6 12 
-5 -11 15 1 -2 -2 3 5 
-2 -5 -18 -4 -2 3 4 4 
-10 -12 -11 -2 0 0 3 9 
-3 9 7 -2 -4 -2 2 -6 
-13 -13 -6 6 3 0 -14 -19 
-1 15 -7 -2 -1 -1 6 8 
-4 -16 -23 -4 -2 -3 1 4 
-7 13 -29 0 2 -1 -11 -6 
-8 3 12 -2 -1 -2 -4 -12 
7 -25 -27 -1 1 4 -1 18 
8 28 6 3 -2 -1 2 -18 
-4 -9 -4 -4 -4 2 6 10 
0 21 2 -1 -3 -6 -26 -7 
-5 -18 -9 -5 0 2 0 1 
-13 -13 -8 -4 -5 -4 0 -4 
-3 3 -11 -2 -4 -4 5 0 
22 8 9 0 1 -2 -4 1 
5 -9 12 -3 -3 -4 -3 16 
-27 54 24 7 6 0 -2 -7 
-6 -50 -16 -16 -10 -6 -7 0 
-6 24 -11 8 6 6 14 2 
4 13 10 10 3 -2 0 -3 
4 0 17 -4 -2 4 6 2 
-1 -58 2 4 0 -3 -23 -1 
-15 -3 -26 -2 6 -3 0 -15 
-4 -5 -7 12 3 2 1 -4 
10 -13 -27 -24 -16 -10 -9 9 
16 21 17 0 4 -1 -1 19 
-12 -19 28 3 1 2 -2 -25 
0 16 -9 -13 -13 -1 4 8 
19 42 7 5 4 0 -4 3 
9 33 -18 -18 -7 -1 2 -7 
1 -12 -21 -2 -1 -3 -2 17 
17 12 6 4 8 1 0 -12 
-14 -21 34 9 -1 -1 4 14 
1 -2 -25 -1 -6 -4 -2 -23 
-3 14 32 2 2 1 4 4 
-9 -3 -26 -9 -5 -6 -12 -15 
-2 -18 -13 -3 -3 -1 5 -5 
8 19 30 16 2 1 -5 1 
-34 -22 -32 -16 -7 -1 11 -6 
53 2 25 2 -5 0 -1 21 
-17 -12 -1 -5 0 -6 -6 -8 
-9 -7 -2 2 1 -3 -10 1 
-7 -2 13 4 -2 6 16 -11 
-16 -9 -7 -7 -1 -2 -2 0 
2 -1 -10 3 3 2 2 8 
3 -4 -14 2 1 -1 -7 -1 
16 19 35 -1 -3 0 -8 14 
-3 0 1 -3 -1 -1 9 10 
-11 -18 -7 -6 -4 -2 -14 -30 
-17 -8 13 1 0 0 1 -10 
1 -16 -23 -1 0 1 5 8 
-31 25 24 0 0 2 -8 -35 
24 2 2 2 -1 -4 4 -10 
15 11 -8 -9 -6 -6 -1 17 
6 41 19 -2 -7 1 3 20 
-14 17 -2 1 3 -1 1 -27 
10 -8 -1 4 5 9 21 45 
6 31 18 3 1 -10 -30 -5 
-13 -22 -28 0 -4 -8 -9 -2 
4 -37 -14 -13 -10 -1 8 4 
-9 21 10 0 1 3 3 -15 
-3 -6 2 2 3 5 18 15 
-5 -14 -27 -6 -4 -9 -29 -43 
-8 5 -5 -1 1 -6 -7 31 
-3 -21 -2 8 0 -4 -6 5 
-13 -2 3 -9 -5 2 21 4 
2 -6 9 2 -1 -3 -14 8 
7 15 10 2 3 4 2 -13 
-7 -17 -5 -5 -2 -6 -31 -1 
-10 -13 -11 0 1 -5 -12 -34 
13 -29 9 0 2 -1 5 2 
-6 -6 -28 -16 -12 -6 -13 -14 
-14 1 -12 4 1 5 12 14 
-2 12 30 4 2 2 3 2 
0 -14 -23 4 1 2 3 -16 
-2 -67 -32 -13 -4 -8 -6 3 
11 15 28 3 0 1 0 -8 
1 17 -4 -6 -4 -2 4 2 
-1 1 29 11 2 3 6 5 
-5 -11 15 -4 -1 -1 -1 7 
-13 5 29 13 2 -2 -8 -14 
20 -23 -42 -23 -6 -3 -4 10 
11 -12 -21 -10 -5 -4 5 48 
-9 6 -20 4 2 4 5 -17 
10 1 -2 -9 -3 -3 1 -24 
-6 4 2 14 3 -5 -11 -39 
-27 10 47 27 12 4 2 -18 
1 34 1 -24 -6 -5 -3 27 
13 -4 3 4 -6 -4 -15 -10 
5 18 11 -6 -1 5 14 13 
7 -11 -24 -7 0 1 4 35 
0 7 4 2 1 0 -3 -47 
-4 1 -21 -9 -3 -2 1 1 
-19 -1 59 11 1 2 0 -13 
45 0 2 -2 -2 0 1 25 
-11 2 34 24 9 4 -3 11 
7 6 -33 3 0 -3 1 -4 
5 -25 -36 -26 -8 -3 -1 16 
-23 2 -1 -8 -3 -3 -7 -28 
17 5 31 11 4 2 7 18 
-10 -14 -41 -10 -7 -3 -3 -13 
-14 -15 11 20 5 6 8 38 
-16 8 -15 -8 -1 -2 -2 -84 
13 7 17 0 0 -4 -4 25 
-14 -8 9 -3 -1 -2 1 -1 
19 4 -11 -3 -3 -2 -5 3 
3 10 10 1 -2 -1 3 12 
-21 3 18 14 0 0 -1 -11 
6 37 -9 -8 3 3 6 25 
-13 -12 -13 -1 -1 -3 -4 -25 
-1 1 23 14 -2 -4 -1 1 
2 1 -21 -11 -3 -5 -5 5 
3 -29 -20 -32 -8 -2 5 22 
-10 -3 2 -2 -4 -2 -4 -25 
3 4 -9 -4 -5 -1 -4 21 
-2 17 -8 7 1 -4 -4 -19 
-11 -5 25 4 -1 -1 3 4 
10 -12 -29 -1 -2 -2 0 31 
12 -22 5 -3 -3 -1 2 -23 
-5 1 -19 -5 -2 -2 -3 -9 
-4 -8 -27 -12 -7 -5 -6 -1 
17 8 0 6 2 -2 -7 25 
-46 -32 -13 -1 -3 -3 -5 -17 
2 -14 -40 -18 -8 -3 -6 9 
7 5 26 7 5 8 23 -8 
0 -5 -2 -5 -5 -6 -3 21 
24 10 -20 -6 -3 -2 -4 -8 
-24 -19 13 6 2 3 5 -6 
-6 -4 5 3 -2 -10 -37 14 
-2 -2 -4 3 1 3 -1 -8 
2 4 -10 -8 -4 -1 32 30 
11 -4 -18 9 1 2 0 21 
13 65 16 -2 -2 -4 -12 -17 
-12 -2 0 -2 2 1 19 -11 
9 8 -3 -5 0 2 -12 9 
-22 -9 -7 0 -2 -6 -10 24 
6 -6 55 14 5 5 2 -19 
-7 69 -14 -5 -6 -10 -8 -29 
-30 7 -13 -8 -2 3 1 -6 
18 -19 16 2 -3 1 15 10 
-9 -10 -32 -10 -7 -9 -32 -7 
0 -39 10 1 4 6 0 -11 
7 -19 -22 0 0 -1 11 12 
7 2 43 11 -4 -4 -6 -21 
-15 -26 -51 -2 3 3 17 -21 
12 -51 -2 3 2 7 19 12 
-10 74 -49 -10 -5 -6 -21 -23 
-4 1 -24 -12 -10 -4 13 4 
12 -22 6 1 2 0 -11 -1 
7 -14 12 3 -5 -6 -7 4 
4 -28 10 8 6 7 -3 -14 
-9 -17 2 23 12 5 9 -8 
-6 -34 -7 -18 0 -1 5 5 
-14 69 -18 -24 -24 -14 -20 -13 
-2 -12 6 -10 -10 -8 -8 -6 
-1 -32 35 6 4 -6 -23 -20 
-8 44 64 20 6 6 17 18 
-12 6 -88 -9 5 -1 -3 -4 
11 -6 72 3 6 3 16 9 
-22 -14 -86 -26 -14 -4 -15 -12 
22 46 -19 16 -13 -3 1 0 
-2 -43 -30 -25 -6 -4 4 18 
15 64 52 62 28 9 5 -7 
-5 30 54 -41 -14 -1 -1 0 
-10 -52 6 22 3 -6 -8 -2 
13 -28 -93 -58 -20 -6 -1 20 
4 -18 -5 -18 -20 -11 -21 -14 
16 4 72 26 19 10 11 -7 
-17 14 -24 12 0 -2 21 -8 
-15 6 80 25 14 4 -3 -10 
-5 -26 -24 -21 0 -2 -2 10 
15 10 -18 -14 -9 -6 -3 33 
-11 -3 7 -5 -1 3 -17 -42 
13 49 73 37 12 0 7 26 
15 6 12 5 -4 -3 10 -6 
-28 1 -103 -34 -10 -4 -2 -15 
31 1 62 5 4 4 -3 18 
6 -17 12 8 7 5 2 -24 
10 -36 -62 -29 -19 -7 -13 38 
-3 -3 -6 7 -3 -2 7 0 
-8 -5 18 5 7 -2 -6 -38 
24 10 33 9 5 6 7 7 
-38 -4 -9 -2 4 1 -12 -13 
73 16 13 18 13 12 17 24 
2 -22 -19 -24 -13 -7 -7 23 
-6 6 20 5 -3 -5 -5 -22 
-15 -15 -27 -18 -6 -3 0 9 
5 -12 -3 10 1 -2 -4 -15 
5 35 33 1 1 3 9 6 
6 -29 -33 2 1 -1 -3 21 
16 26 22 7 4 2 -1 -28 
-3 -22 -9 -13 -10 -7 -10 -23 
-35 -11 -42 -14 -6 -4 3 13 
-18 -7 3 3 -2 0 -3 -3 
3 9 2 3 -3 0 -1 1 
-19 -9 7 10 4 -2 -4 -1 
1 -23 -27 -12 -1 1 0 -9 
-11 -4 3 4 -1 0 2 -9 
-8 -11 14 4 1 -1 1 6 
0 22 20 4 2 -2 -2 -6 
-8 -4 -21 -12 -5 -2 3 21 
29 6 5 -2 -6 -4 -11 6 
8 -4 1 -1 -3 -5 -3 -2 
-19 5 2 2 -2 -1 -1 -3 
4 3 -33 3 1 -2 2 0 
-8 5 25 1 -1 2 2 -2 
-12 -2 -10 -4 1 0 -1 -5 
8 9 -9 -2 -3 -2 -4 -3 
-2 3 5 -1 -2 -2 1 9 
-17 2 3 1 0 0 -5 -29 
29 19 24 1 -1 1 2 28 
-28 7 2 2 -2 -2 -4 -32 
2 -9 -5 -4 -1 -2 -1 3 
6 0 -2 -2 -2 -1 -4 6 
-9 -12 -8 -1 1 -1 -2 -27 
8 -4 -7 -1 -2 0 -2 11 
6 8 3 -3 -2 -2 -4 -7 
-18 -16 -4 7 5 7 3 -2 
-10 -7 -12 -3 -2 -3 -3 -2 
6 3 1 -4 0 -1 -1 7 
-7 -3 2 0 1 1 -2 -5 
-10 4 3 -6 -4 -3 -1 -6 
-2 -3 -3 0 0 -2 -1 -1 
-14 -6 -28 -8 -8 -4 -3 -7 
6 -5 0 -2 -1 -1 2 5 
-1 -3 -6 1 0 -1 -1 -2 
-7 -3 0 -8 -8 -1 0 -2 
6 -2 3 -1 0 2 5 9 
-3 -1 3 1 2 1 -3 -4 
0 1 4 -1 -2 -3 -9 9 
-9 4 -7 -5 -3 -4 1 -17 
-4 -1 6 2 1 -3 -8 2 
1 2 20 8 4 4 10 0 
-5 -19 -34 -18 -11 -8 -3 3 
4 -2 -1 0 -3 0 5 10 
6 10 15 4 1 1 2 7 
-3 6 -1 -1 1 2 -4 -11 
-3 4 13 2 2 1 4 -6 
-3 -6 -4 -2 1 -2 -2 2 
-11 -2 -5 -1 -1 -1 -1 -2 
10 3 1 -3 -4 -5 -4 2 
3 -9 7 2 -1 0 -1 2 
-2 3 -7 -6 -4 -2 -4 6 
-16 1 20 8 5 1 0 -14 
-4 -9 -8 -3 -1 -1 1 1 
-2 -2 -5 -1 -1 -2 -1 0 
27 -5 3 0 0 -2 -4 1 
-6 0 -1 0 -1 -1 -4 -21 
-5 -7 -5 -5 -4 -1 -1 2 
-9 -4 -13 -2 -3 -4 -3 -11 
-1 -1 1 6 3 4 0 9 
4 -2 2 -1 -1 1 2 5 
12 -2 -10 -5 -6 -6 -6 -4 
3 9 8 1 1 2 0 -6 
-10 -1 -4 1 0 1 2 1 
6 4 -5 -1 -1 -1 -1 3 
-6 16 21 2 1 0 2 1 
-7 0 -8 -5 -5 -3 -1 -1 
-14 -5 -4 -3 -2 -1 -2 -8 
14 -2 -8 -2 -2 -3 -3 12 
8 -3 2 -1 -4 -2 2 16 
-4 2 1 2 -1 2 0 -15 
-1 7 0 -2 -2 -4 -6 -13 
1 0 -10 -7 -6 -4 0 3 
-6 -14 2 1 1 2 5 6 
-42 -7 -4 -4 -3 -3 -3 6 
1 -6 7 0 -1 1 -3 -9 
23 -4 -2 -5 -3 -2 -2 10 
-3 -11 -15 -1 -1 -2 -2 -19 
0 -1 1 -1 1 0 -1 -8 
2 6 1 2 0 -1 2 7 
-3 -5 -4 -3 -3 -5 -5 -5 
3 9 -2 0 -1 -2 -1 8 
1 -7 -21 -5 -5 -2 -1 -7 
9 -4 -16 -4 -5 -3 0 14 
-11 6 -2 1 2 2 1 -15 
-9 -7 -1 -4 -2 -1 -2 -6 
11 14 25 4 1 0 1 8 
-9 -7 -14 -2 -1 -3 -3 -8 
-5 -11 -5 -4 -4 -3 0 5 
-3 7 3 0 1 1 -1 -8 
3 -4 3 2 3 -2 -1 0 
-3 -1 -10 -1 0 1 0 2 
-1 -6 1 1 2 0 2 8 
8 -3 -2 -3 -4 -2 -3 -4 
-17 -2 11 1 -1 -1 -5 -9 
-5 0 -7 -5 -5 -6 -3 -2 
-7 -20 -6 0 0 1 2 1 
-10 -7 -5 -2 0 0 0 7 
20 10 -1 0 0 1 2 16 
-24 -10 3 0 -2 -2 -5 -40 
-2 4 -5 -3 -4 -3 -4 12 
-6 -5 -6 0 2 2 -2 -26 
-7 -5 5 0 -1 2 2 -10 
6 -1 8 2 2 -2 -1 25 
12 3 1 -2 -4 -3 -3 -2 
-24 -2 1 2 1 0 1 -5 
13 -2 -9 -6 -5 -5 -8 -9 
-10 -13 -5 2 5 6 5 2 
1 6 3 3 2 -3 -4 -7 
2 -5 -2 0 -1 -2 -1 9 
1 -3 -5 1 -1 -2 -1 -4 
6 6 9 -1 0 1 0 6 
0 12 9 0 -2 0 2 3 
2 10 13 3 1 -1 0 -9 
-4 -17 -18 -5 -4 -1 -4 -3 
6 0 2 -3 -4 -4 -3 -6 
17 9 -3 1 0 0 1 2 
4 -9 8 -4 -4 -3 -3 13 
2 4 1 -1 -1 -2 -1 -3 
-9 -1 6 2 0 -2 0 -10 
-11 -14 6 -2 -1 2 1 -1 
4 -8 -11 -7 -6 -6 -2 3 
7 0 0 1 1 -2 2 6 
-5 -23 -10 -1 0 -1 1 25 
-6 17 12 3 0 -1 -3 -19 
2 -7 -10 -2 1 0 2 7 
5 -2 8 1 -2 0 -3 -13 
7 15 9 2 2 -1 2 1 
-6 -8 -8 -5 -1 -3 -3 2 
-4 -2 -4 -3 -4 0 -1 -3 
0 8 -8 -4 -3 -2 -3 -3 
0 -6 1 0 2 2 1 10 
0 -5 -3 -1 2 -2 -1 1 
-10 0 -6 -1 -3 -1 -2 -5 
9 -6 -9 -2 -2 -3 -2 5 
3 0 -5 -3 -3 -1 -3 -5 
-7 6 -5 -4 -5 -5 -4 -4 
10 14 2 4 3 4 4 18 
-16 -9 0 -1 1 3 2 -19 
-22 10 6 -4 -2 -3 -3 4 
-9 -15 1 -2 -2 -2 -1 -10 
9 1 -3 -2 -2 -4 -4 0 
-1 5 8 -2 -2 -2 -1 12 
8 -9 -4 2 2 3 2 -1 
-4 -1 -2 1 0 -1 2 20 
-5 2 -3 -5 -3 -4 -8 -37 
3 2 0 0 1 -3 -2 19 
6 -3 -12 -4 -4 -3 -1 -10 
-1 3 -1 1 -1 -1 -1 -1 
-5 -10 -2 -1 1 0 2 4 
-3 3 0 -2 -2 -1 -2 -1 
10 23 5 4 -1 -2 -3 -6 
-24 -16 -6 -7 -2 -2 -2 -10 
16 6 -2 -6 -7 -4 -6 13 
-5 0 -1 1 0 0 -1 -18 
-5 -5 -10 -3 -2 -6 -4 -3 
6 2 2 3 -1 1 -1 -4 
-5 -5 0 0 -1 -1 1 3 
-3 -4 -3 -3 -2 -3 -2 0 
0 -11 2 0 1 2 4 1 
3 -2 -8 -1 1 2 5 0 
-1 -1 -4 -2 -2 -3 -9 -4 
-12 -15 1 -2 -1 1 1 -8 
-5 2 1 -4 -5 -2 -2 3 
13 5 -1 1 -1 -1 0 0 
-7 -4 -2 2 3 1 3 6 
-2 5 -3 1 -1 0 2 13 
-11 0 1 -2 -1 -1 -3 -42 
54 -4 -15 -6 -6 -4 -5 40 
-42 -6 -2 -4 -3 -4 -6 -49 
7 3 -3 -3 -2 -1 -2 15 
-1 -6 -2 3 6 6 2 5 
2 4 4 3 3 3 1 -3 
4 -9 16 5 3 2 3 7 
4 8 -5 -2 -2 -2 -1 1 
-3 3 -1 -5 -5 -4 -4 -2 
-19 6 3 2 -2 -1 -4 -18 
21 -3 -7 -2 -2 -1 2 16 
-10 -3 3 -2 -1 -3 -3 -13 
13 8 16 2 0 0 2 26 
-28 -11 -33 -7 -3 -3 -6 -51 
-12 -3 2 -3 -1 -1 0 -3 
8 -2 -5 -1 -2 -3 -1 3 
-4 0 -5 -2 -4 -2 -1 -4 
5 -5 5 0 0 -1 -3 15 
-15 -7 2 -1 -4 -1 -1 -9 
14 4 10 0 -1 0 -2 -10 
-21 -7 -7 1 -1 0 -1 10 
-40 -12 3 -1 0 0 1 3 
3 6 -1 -3 -2 -6 -5 -7 
2 2 -2 4 1 3 3 12 
-3 -5 -3 -3 -2 -1 -2 -6 
5 7 9 0 -2 -1 -1 4 
16 -3 4 3 4 1 0 5 
5 0 -10 -7 -7 -6 -3 3 
4 -2 -8 -2 0 0 -3 -10 
-5 -10 3 -2 -3 -1 1 -4 
11 5 -2 -1 -1 -1 -1 15 
-9 -7 0 -2 -1 0 -2 -9 
7 -7 -2 2 0 -1 -2 5 
0 -1 1 1 1 -1 -1 -4 
-8 1 -4 0 -1 -1 1 -4 
-2 -6 -5 -1 -1 -2 -2 -3 
3 5 -1 -7 -6 -5 -2 1 
-1 4 0 -2 -1 -2 -1 -4 
1 1 -9 -3 0 0 -3 0 
-9 -12 -5 -1 1 2 -1 -8 
8 -2 -2 -1 1 1 0 12 
4 -1 15 2 -2 -1 0 -2 
-5 0 -1 -2 -3 -3 -1 -4 
10 -6 -6 0 0 0 -3 -10 
-4 21 3 0 -2 0 0 -2 
1 2 2 -3 -2 -2 -1 8 
1 1 -5 -1 0 1 0 0 
-9 -10 -6 2 -1 1 0 0 
11 2 -7 -3 -4 -6 -5 -6 
-3 -1 -13 -5 -1 -3 -4 3 
-4 -14 3 2 0 2 0 4 
-1 5 10 0 0 -3 -3 -3 
8 -8 -1 -2 -1 0 0 6 
-4 -10 -6 0 1 2 1 7 
-1 -5 -1 -1 -1 -1 -2 -13 
-12 5 0 -5 -2 -3 -3 -6 
-8 -9 2 0 1 3 0 -3 
0 5 -2 -1 -2 -4 -2 -6 
5 6 -5 -2 0 -1 1 2 
-5 -9 3 0 -1 1 6 22 
0 7 2 -4 -3 -4 -3 -14 
-1 8 13 -3 -3 0 -2 -23 
0 3 -4 -4 -3 -4 -4 0 
-1 -7 -3 2 2 2 0 7 
-4 -9 -11 -1 0 -3 -1 -1 
-1 6 -4 3 4 3 4 2 
-7 3 1 -2 -5 -3 -2 -7 
-1 -7 -2 -5 -2 -3 -4 -1 
-2 -4 4 0 -2 0 0 -1 
7 2 -1 3 2 -2 -1 7 
-1 -2 -2 -2 0 0 -1 -15 
-15 -3 -6 -3 -3 -1 -2 -9 
-4 0 -6 -3 0 -3 -3 -3 
0 -5 0 -3 -2 0 0 9 
3 0 -1 0 -1 -2 -2 -4 
6 4 -4 -2 -5 -4 -3 -4 
-10 -4 5 1 -2 1 3 -6 
1 -10 -9 -3 -2 -2 -3 21 
8 -12 1 0 0 0 -2 -2 
-5 5 4 -4 -2 -3 0 -11 
5 -2 -4 -3 -3 -1 -1 -1 
-1 -8 4 0 0 -1 -2 5 
7 16 -10 -1 0 -1 -2 7 
-1 3 4 -1 -1 -2 -1 -4 
1 -6 -2 0 2 2 -1 -2 
0 6 -5 -4 -6 -4 -4 -16 
-6 1 -1 -2 -2 -1 0 4 
-1 -2 -1 1 -1 1 2 0 
-3 -14 1 3 3 0 -1 6 
-18 -6 -2 2 4 1 -1 -25 
7 -6 -4 -9 -7 -5 -4 6 
-7 -2 -11 -2 -2 -3 -2 2 
18 1 4 -4 -3 -2 -1 12 
-9 -8 -6 -1 -4 -1 1 -10 
3 -3 9 2 -1 0 1 17 
-14 -3 -3 -6 -4 -2 -2 -36 
3 13 -8 -1 0 -4 -5 0 
-6 -3 0 -7 -5 -2 -3 13 
3 -1 -6 -4 -2 -2 1 2 
5 7 4 0 -1 0 -3 3 
-5 3 -7 0 -3 -1 0 8 
9 4 4 -1 0 0 -2 -9 
-12 -3 1 1 0 -1 -1 2 
7 5 3 -2 -2 -2 -3 7 
-6 -16 -5 0 1 1 3 -5 
-2 -5 -3 2 1 -2 1 1 
-8 -1 5 0 -1 -1 -3 -10 
6 0 -1 -1 -2 -2 -1 15 
2 2 -2 -3 -2 -1 -1 5 
9 8 3 -1 -1 -3 -2 -7 
-13 3 -3 1 -1 0 -3 -41 
3 3 4 1 2 0 1 10 
-5 -4 3 0 -1 -2 -3 -10 
1 -4 -1 -1 -1 -2 -1 9 
4 -5 -6 -1 -2 -2 -1 13 
4 0 -8 2 -1 -1 -2 -5 
-7 0 6 0 -1 0 -1 -8 
-4 -8 -4 -3 -2 -1 0 1 
2 -2 -12 0 2 -2 1 2 
-3 11 3 1 0 -3 -3 -3 
8 10 2 3 -1 -1 -2 -1 
-7 6 -3 -4 -2 -4 -3 -1 
13 -3 -5 -3 -3 -3 -2 11 
1 -9 -1 -4 -1 0 0 -10 
2 0 -6 -3 -2 -2 -2 0 
-2 -1 1 2 3 2 -1 -6 
-8 -5 -1 2 1 1 2 10 
4 -4 -11 -3 -3 -3 -2 2 
-4 -5 -3 -4 0 -1 -2 1 
-2 -4 6 1 -2 -1 -2 -11 
-2 0 1 -2 1 -1 0 12 
-8 0 5 1 1 2 1 -22 
-3 1 -6 -5 -3 -5 -3 -1 
-2 -7 -3 -2 -3 0 1 -6 
11 -1 -11 -2 -2 -4 -1 12 
-16 -10 3 -2 0 -2 -3 -19 
1 -3 1 0 0 -4 1 -5 
-15 4 0 1 -1 0 -2 -1 
5 0 -11 -8 -7 -5 -7 -20 
9 -7 2 1 1 1 0 22 
-5 4 3 1 -1 -1 -1 -14 
4 1 -8 -3 -1 -2 2 -1 
-1 5 -1 -1 -1 -1 -2 17 
2 -3 -4 0 1 -2 -2 4 
-4 -6 2 -2 1 2 3 1 
4 -4 -1 0 1 1 0 1 
-5 0 5 0 -2 1 1 4 
9 12 7 2 2 1 2 -4 
-21 8 0 -4 -3 -3 -6 -31 
-8 -2 -4 -4 -5 -2 -4 -12 
2 -5 -3 -2 -2 0 0 2 
-9 -7 -2 2 4 3 3 9 
2 0 -3 0 -2 -2 1 20 
4 1 -1 -1 0 -3 -1 -3 
-4 1 5 -1 -1 -2 -1 -11 
1 -5 -7 -4 -4 0 -1 9 
2 -2 -13 -1 -1 -1 -1 0 
11 -3 -6 -4 -2 -3 -4 19 
3 -4 -4 1 -1 -2 -2 -1 
-3 1 -6 -2 -3 -1 0 -1 
1 -5 2 0 -2 -1 0 0 
1 6 11 2 1 0 1 -2 
-8 -10 0 1 0 0 2 -6 
-5 5 9 0 0 -1 -2 -1 
11 -2 -4 -4 -5 0 0 18 
-14 -12 -10 1 -1 -1 -1 -43 
-4 -2 4 -3 -1 -1 1 -3 
3 -1 1 -1 -2 -1 0 11 
-3 5 7 -2 -3 -4 -4 -14 
6 5 -3 0 -2 1 -3 -1 
-5 -5 -3 -3 -2 0 0 -3 
