#EMG
#0
#ID:0-85
0 -6 -2 -3 -1 2 -3 -9 
-4 -2 2 1 -1 -2 1 1 
3 4 6 1 -3 -2 0 -2 
5 1 -18 -2 -2 0 0 -2 
0 -8 -12 -4 -4 -3 -2 1 
0 9 16 6 2 2 1 0 
-15 -7 -8 -3 -3 -3 -4 -3 
20 2 6 2 1 -1 -2 3 
-2 6 -3 -3 -1 0 0 -3 
-9 -6 -13 -6 -4 -2 -1 -8 
-1 4 -8 3 0 0 0 -7 
-12 -6 9 -5 -5 -2 0 -3 
10 -1 3 1 2 -2 -2 1 
5 5 -9 -5 -4 -2 -3 1 
2 -1 0 1 0 -3 -3 -1 
-5 3 -10 0 -3 -2 -2 -5 
1 -6 -19 -2 -1 -1 0 -1 
0 2 14 1 0 0 0 2 
7 4 -4 -4 1 0 0 2 
-6 1 0 -3 -1 -2 -1 -2 
-7 -5 -1 -1 -3 -2 -2 -1 
-12 -2 4 0 1 1 -1 -4 
12 -1 10 2 0 0 0 4 
8 -1 6 1 1 1 0 3 
-14 -3 2 0 0 -1 -1 -13 
0 -2 -3 -1 -1 0 -2 2 
-5 -5 -8 -5 -3 -1 0 -1 
-7 -2 -17 -5 -1 -2 0 0 
10 -2 0 -7 -3 -3 -1 2 
0 1 5 1 1 0 -2 -6 
-5 -1 16 2 0 -2 -3 -2 
-1 -4 -17 -3 -4 -2 -2 -1 
-3 -1 -5 -2 0 0 0 1 
2 0 -6 -1 0 -1 -2 1 
-8 2 -9 -3 -1 2 1 0 
-4 -3 11 0 -2 -1 -2 -1 
-1 -3 6 1 -1 -1 -2 2 
0 0 8 2 1 1 0 -1 
-3 -2 -18 -4 -3 -2 -1 5 
10 1 -4 1 1 0 -1 4 
-6 3 13 2 1 -1 1 1 
10 -4 0 -4 -2 -1 -2 2 
1 0 6 2 1 1 1 2 
-8 1 -1 -1 -1 -1 -1 -5 
9 0 0 4 0 0 -1 -2 
-2 -2 4 1 0 -1 -1 1 
8 -1 11 1 -3 -2 -1 0 
-5 6 16 8 5 1 1 1 
6 -9 -18 -8 -6 -5 -2 -1 
-9 -4 -5 -2 0 -5 -1 -2 
1 -3 4 -2 -3 -1 -2 -4 
-2 -1 7 2 0 1 -1 -3 
2 3 -6 -6 -2 1 -1 4 
2 2 9 4 1 0 1 2 
-14 -10 -32 -8 -6 -3 -3 -5 
17 -3 -7 -7 -4 -2 -4 2 
0 3 3 1 1 1 -1 -1 
-6 -5 -8 -2 -3 -2 0 -2 
4 4 16 4 1 -1 1 1 
-7 -6 -8 -3 -3 -4 0 1 
13 3 -5 3 1 0 -1 2 
-10 -6 -8 -4 -2 -4 -2 -7 
-14 -1 17 -5 -3 -4 -3 -3 
17 -2 2 4 0 -1 0 2 
-3 -4 5 1 -1 -1 0 -2 
1 7 12 5 1 1 1 1 
3 -7 -7 -1 -2 1 -1 -6 
-9 -6 -28 -9 -4 -4 -4 -6 
-15 3 13 1 1 -2 0 0 
8 2 -9 -6 -2 -3 -2 -2 
2 -1 -1 -1 1 -2 -1 -6 
-16 1 14 3 0 1 -1 0 
-1 -6 -19 -4 -2 0 0 -3 
0 5 -3 -1 -2 -4 -3 -3 
3 3 -7 -2 0 -3 -1 0 
-3 -3 14 -1 -1 -1 0 0 
0 2 12 -5 -2 -1 0 -2 
-6 -2 3 -1 -1 -3 -2 2 
6 5 2 0 1 1 -1 1 
1 16 -4 0 -2 -2 -1 -3 
-3 -13 -6 -1 0 -1 -1 0 
2 2 6 1 -1 -1 -3 -1 
-12 -3 7 -7 -6 -6 -1 -3 
-14 -20 -15 -7 -2 -1 -3 -10 
8 24 -13 1 -3 -3 -4 -13 
1 -11 -3 -1 0 1 2 5 
0 12 2 2 1 -2 -1 -10 
-12 -3 7 -5 0 -1 -2 -4 
0 -14 -50 -6 -7 -3 -2 -5 
-7 -3 -14 -5 -2 -1 -1 -2 
17 -5 1 4 1 2 -3 8 
-10 15 2 2 -2 -1 -1 0 
-13 -7 -20 0 3 1 4 -1 
-10 -3 26 -3 -4 -3 -7 -5 
11 -10 -14 -6 -3 -2 -2 6 
0 3 10 5 1 3 2 -5 
-4 -7 19 -5 -1 -2 -2 6 
-1 1 -23 -2 -1 -2 0 2 
-6 -5 8 -3 -1 -2 0 1 
4 -13 16 1 0 2 1 -4 
8 6 -5 1 0 -2 -4 29 
1 21 -5 -5 -2 0 5 -25 
-9 -14 -13 -5 -4 -5 -12 -6 
19 -3 -7 5 5 2 6 3 
-13 -11 32 2 4 3 1 -6 
1 26 10 -3 -3 -3 -6 4 
3 2 -4 3 1 -2 6 3 
7 -22 -11 -12 -9 -4 -3 0 
18 -7 3 -5 -3 -3 1 -1 
-13 4 -18 0 1 3 -3 -3 
-4 20 24 6 0 0 4 -2 
-12 16 -8 -5 -4 -1 1 4 
8 -18 3 -4 -4 1 -5 -5 
2 -23 7 4 3 0 6 1 
2 -9 -24 0 -3 0 2 3 
1 -4 -10 -5 1 -1 -7 13 
-3 13 6 0 -1 -4 -4 -34 
6 -5 13 4 1 0 -6 23 
-11 -8 -15 -3 -1 -4 -8 -14 
-5 0 3 6 -1 -2 -2 -28 
3 2 22 0 0 4 14 24 
0 -24 -43 -10 -7 -4 -4 -7 
-1 -3 4 -4 -1 0 2 9 
21 13 -1 0 0 1 -2 10 
-24 -1 0 -1 -3 -4 2 -11 
-16 -14 -17 0 0 -4 -14 -11 
7 -33 0 -7 -5 -1 2 2 
-5 13 -3 5 2 -1 -3 -9 
1 29 -30 -5 0 1 0 15 
-1 7 14 3 1 1 5 -39 
-10 -9 2 6 5 -2 2 14 
-2 -30 -11 -6 -6 0 2 16 
0 -5 -4 1 -1 -2 -5 15 
-9 -25 -17 -6 -3 -1 2 -3 
-4 -4 0 0 1 1 7 17 
-4 1 -1 -4 -4 -6 -10 -28 
-6 -4 12 7 -3 2 4 14 
15 -6 6 2 1 -2 -17 -20 
-12 10 9 -3 -2 -1 11 -10 
-8 12 -10 10 -1 -5 -2 26 
7 1 -4 -15 -3 -4 -13 -19 
8 16 19 3 1 1 -2 -25 
-6 -9 2 -7 -4 -1 16 32 
0 4 4 1 0 -1 -9 1 
-22 -5 -8 -2 -1 -3 -6 -63 
0 21 30 9 0 -1 8 25 
7 -11 -34 -21 -7 -7 -18 -28 
0 -3 -4 -7 -4 -1 2 -3 
-2 -8 28 7 0 0 6 20 
32 -2 15 -2 -3 -5 -10 -4 
-32 5 -10 18 3 1 -5 -19 
-14 -10 8 -11 -2 0 11 28 
7 2 -12 1 3 0 -2 1 
-16 17 5 -3 -4 -4 -12 -15 
17 16 11 5 1 4 4 4 
20 -6 -4 4 0 -4 -31 -22 
-4 4 -12 -5 -3 -1 26 31 
-9 -2 -2 -1 0 1 -1 -12 
13 -9 0 7 2 -2 -2 17 
-15 -9 5 1 3 5 8 -19 
0 -21 15 -9 -7 -6 -10 11 
26 18 17 -3 -1 -3 0 -8 
16 -3 -1 -3 1 1 -6 -12 
1 -2 -1 -2 1 -3 11 27 
3 22 18 11 3 0 -9 -13 
-31 -29 -24 -6 -5 -1 10 9 
-3 2 7 0 -1 -3 -11 -12 
-7 -13 2 -4 -2 0 -15 -5 
-6 -1 -1 -3 -2 -3 6 -14 
6 -2 -35 -5 -3 0 14 29 
-13 10 6 -2 -3 -4 -9 -7 
-4 -2 -8 -3 -4 -2 -7 0 
26 0 2 0 0 1 17 50 
-4 -25 -40 -2 -1 -3 -22 -23 
12 3 32 0 0 0 5 24 
-11 -1 -6 -3 -2 -1 9 -11 
1 11 14 5 2 1 -3 10 
11 -5 8 -4 -1 -3 -6 1 
-19 -32 -49 -14 -6 -1 -17 -17 
13 7 27 -2 -2 -1 10 1 
-5 13 -11 3 0 -2 -10 -31 
-14 -6 26 3 3 -2 12 15 
-8 5 -17 2 0 -1 -16 -37 
14 10 -15 -2 -1 -2 -7 -26 
-4 -7 -5 -5 -5 1 16 59 
-10 7 6 -4 -7 -8 -2 -25 
15 44 27 5 -1 0 13 32 
-3 -14 -72 -4 2 4 2 13 
-14 -26 13 -1 -2 -4 -8 -16 
-1 -5 -6 4 2 3 -10 -7 
4 -4 -6 -3 -2 -1 7 11 
1 -4 27 -1 0 1 14 10 
-20 2 11 0 -2 -4 -38 -68 
-3 34 54 9 6 4 14 32 
-1 -21 -33 -4 -5 -4 -7 -24 
-3 15 -21 -8 -3 -4 -8 -25 
12 -1 -10 -7 -4 -5 5 0 
-12 -26 2 -1 -2 0 -4 31 
-7 9 4 3 4 -3 6 16 
6 7 -4 5 0 -3 -5 -8 
2 1 20 6 6 6 7 9 
-6 -18 -47 -7 -2 -1 0 -16 
9 21 15 2 1 3 3 -9 
-11 -8 0 0 -3 -1 9 22 
9 3 4 1 3 -1 1 3 
-11 -8 -36 -3 -4 -1 2 0 
-1 11 1 2 2 -3 -15 -19 
-7 -4 8 -6 -3 0 7 3 
-2 0 -17 0 -4 -4 -12 -16 
6 8 -14 -5 -2 -1 -5 12 
3 -2 25 2 0 3 11 -13 
-2 16 43 0 -1 -5 -12 17 
-9 -58 10 3 -2 -2 0 -4 
-2 -4 -33 -13 -8 -5 2 10 
-17 -4 -7 -5 -3 -2 -7 -35 
6 21 29 4 -1 0 0 8 
3 -3 -46 -7 -5 -7 -25 -21 
4 -5 20 4 0 -2 9 9 
-2 -11 -35 -5 -2 -1 -8 -8 
-10 -22 -13 1 1 -2 -7 -7 
4 19 35 -10 -5 -3 0 -5 
2 -27 -27 -4 -3 -1 3 6 
-10 -26 34 -5 -6 -2 3 8 
-9 -29 -46 -1 0 1 -1 -7 
-8 24 -4 1 1 -2 0 7 
3 5 28 2 0 0 4 -4 
0 4 -23 6 4 1 -9 -6 
-4 -40 16 -9 -8 -8 -4 -39 
-7 8 19 0 3 3 2 28 
-3 -2 -11 -4 -7 -3 20 27 
-1 10 -9 -10 -7 -9 -18 -4 
1 23 15 10 7 4 -10 -22 
3 7 -20 -2 -2 2 10 1 
1 11 29 8 5 0 -3 -16 
6 -6 -10 0 1 2 22 27 
2 18 24 6 2 2 -2 -4 
-3 -1 -24 10 4 0 9 -6 
-1 -31 8 -8 -1 2 -3 21 
-1 6 10 2 -4 -4 1 -19 
-17 -28 -46 -15 -9 -7 -6 -2 
2 -24 14 0 2 3 2 -14 
4 43 -17 -1 -2 -5 -14 -14 
-3 -11 4 6 5 3 3 2 
5 -27 5 -4 -1 3 0 -30 
-4 12 -42 -5 -4 -8 -12 26 
7 13 61 9 1 1 0 -21 
-12 38 -4 -10 -8 -7 -9 9 
4 -12 -30 3 1 0 -7 -2 
2 -7 -25 -5 -1 5 4 -7 
-1 14 14 7 2 -5 -16 -9 
0 -1 -8 -9 1 5 11 32 
2 20 12 2 -5 -2 -1 5 
-5 4 40 5 3 1 15 15 
-6 -32 -46 -7 -3 -1 -4 -1 
10 16 -4 2 2 -5 -11 -13 
1 -9 -43 -4 -7 -5 2 20 
2 1 67 8 5 5 2 -6 
-3 -33 -1 -2 3 0 1 -8 
-7 3 1 5 2 1 6 -8 
-7 15 -2 -13 -7 -8 -2 3 
2 15 39 17 4 -1 -13 -15 
7 7 -35 25 5 3 1 20 
7 -30 -10 -29 -4 0 -4 7 
-6 -4 43 15 -3 -4 -9 -3 
-4 -9 16 1 1 0 13 18 
-13 -4 -12 -19 -9 -5 -6 -6 
-2 16 -25 10 -2 -2 -13 -48 
1 25 7 -2 3 3 5 18 
-3 -19 31 16 2 -3 2 6 
8 4 -14 -10 -1 -1 3 -2 
-4 28 -2 -8 -11 -7 -5 0 
8 1 11 2 6 3 3 -7 
-6 -2 -72 -28 -10 -3 -8 -10 
-4 14 27 6 5 3 7 -5 
-3 10 -49 -2 -2 -5 12 3 
9 6 21 11 -3 -2 4 22 
-18 -39 -55 -18 -3 -2 -6 -18 
7 14 35 8 -4 -5 -6 -6 
2 16 30 5 5 2 -1 12 
-6 -11 -50 -36 -12 -5 -1 -18 
-5 36 4 6 0 0 4 30 
2 -38 -26 -20 -6 -4 -7 -31 
5 -11 55 25 4 2 16 38 
-30 30 61 12 5 -3 2 -5 
13 10 -13 9 3 -2 -25 -15 
9 1 54 47 11 8 26 43 
-25 -53 -79 -75 -30 -14 -16 -9 
6 -21 -61 -18 -2 4 -3 2 
-13 3 6 -7 -6 -1 -8 9 
-3 -10 7 0 -2 -1 3 15 
-6 3 24 9 5 0 1 -17 
4 15 27 25 10 3 1 -6 
-26 -26 -51 -15 -12 4 22 4 
32 20 -9 12 -1 -11 -25 -5 
8 -35 8 -23 -1 4 -1 10 
1 5 9 4 5 0 6 -19 
7 -18 -1 -12 -16 -5 -15 -30 
-28 7 -40 -24 -5 2 9 1 
17 -7 22 30 10 -1 -10 -3 
19 -7 43 37 12 5 7 13 
-18 23 -59 -34 -8 -5 -16 -15 
-23 8 -29 -24 -10 -5 -8 8 
-12 -16 56 7 3 4 5 -25 
13 -36 -25 -18 -9 -6 -5 3 
-6 3 43 33 17 4 5 21 
-14 -3 -29 -41 -15 -3 -10 -42 
0 -14 -18 18 3 2 6 11 
26 15 -60 18 -1 1 -1 26 
6 -15 -35 -27 -2 0 -2 -75 
-15 14 64 51 9 -4 -1 21 
-6 0 2 -25 -9 -1 -5 -7 
-17 15 -12 -7 -4 -2 14 15 
25 1 -13 -7 -1 -3 -14 9 
-5 15 49 19 14 4 3 2 
4 -5 -18 -1 -2 2 -7 -17 
-7 0 17 -8 -5 -8 -15 15 
-29 5 36 22 4 0 15 -38 
16 -24 14 -9 12 2 -11 -20 
12 14 18 0 -20 -9 -4 40 
-24 -7 -4 -23 -2 8 10 -33 
22 1 -3 0 1 0 -1 25 
-17 -8 -21 -6 -6 6 -7 -15 
0 -18 5 22 7 1 7 1 
5 0 34 16 5 -4 -12 -3 
-8 -28 -17 -7 -3 -8 -7 -6 
4 -12 -32 -36 -19 -4 4 1 
1 18 5 7 5 4 7 11 
0 -11 -18 -19 -11 -9 -22 -29 
18 26 24 17 7 2 24 32 
-16 -23 -43 -23 -12 -10 -18 -4 
0 -11 29 16 0 -4 -11 -18 
27 13 -3 -8 0 4 18 11 
22 6 9 5 -2 -3 -3 -3 
2 4 -1 6 4 4 5 12 
-4 13 -13 -8 2 -3 -3 11 
-5 -9 24 15 1 2 3 -4 
-19 2 4 -9 -3 -5 -10 -10 
17 20 -20 15 3 -1 17 -25 
5 -8 -6 -23 -13 -3 -8 -17 
-24 -35 -33 -11 -5 1 -1 2 
14 -25 -17 -16 -3 2 2 10 
-5 -15 14 1 2 2 7 4 
-17 6 -3 13 4 -9 -31 -45 
-2 22 16 4 5 -1 14 30 
-8 -5 -26 -11 -16 -7 -9 2 
15 20 12 14 7 2 -3 2 
40 8 2 16 6 5 2 34 
-32 -12 -63 -42 -9 -6 -8 -17 
-13 18 55 25 13 7 -9 -23 
1 9 -31 -2 -9 -7 8 15 
-8 -29 -25 -43 -3 1 10 -1 
6 -3 2 5 -10 -4 -8 5 
-22 -15 -13 -1 -3 1 -8 -10 
42 -3 7 -2 -3 -1 2 21 
-27 16 19 10 3 0 -8 8 
-3 20 35 18 15 5 7 -15 
-8 -48 65 39 4 -6 -2 19 
-15 28 -91 -63 -20 -7 -3 -8 
-3 -21 18 9 2 4 4 8 
35 12 13 -3 0 5 -19 -37 
1 19 25 17 6 -1 36 23 
31 -47 -49 3 6 -5 -9 -12 
-45 -14 -22 -1 -11 -4 -6 -7 
-23 -19 -20 -9 -7 -2 7 3 
47 10 12 -1 3 4 -2 17 
25 15 33 8 1 1 -6 5 
-34 7 -14 -3 2 0 12 3 
4 -1 7 -5 -1 -5 3 62 
-19 -2 -19 -17 -7 -4 -9 -17 
-13 14 22 -11 -9 -1 -2 2 
-16 6 -5 1 -5 -1 -8 -49 
11 11 43 26 9 6 38 -8 
-35 -3 -25 -8 -5 -5 -19 -9 
-12 -12 -14 1 3 -3 -2 4 
-6 -22 22 22 9 2 7 0 
-7 11 -6 -10 -1 0 -6 -9 
11 -8 -59 -33 -21 -11 -12 -28 
2 -11 17 14 4 9 0 -20 
-3 11 -19 1 1 0 18 21 
3 38 8 -6 -2 -3 -23 -35 
46 -17 -20 -6 -1 1 7 36 
-47 -1 39 12 -1 -6 2 -1 
29 -10 -20 -16 -7 -2 -1 16 
5 -1 17 -4 -1 2 -2 -12 
-11 17 -6 0 -1 -1 -3 -32 
-24 -9 34 7 2 -4 5 30 
22 10 16 -9 -4 -10 -31 -51 
-20 -2 25 1 -8 0 3 53 
5 -3 -43 -5 3 -2 2 14 
-11 -7 22 4 0 2 -4 -4 
-5 -6 -1 -13 -6 -7 -13 7 
-8 -22 -19 10 2 0 -6 -33 
-7 -6 -27 -1 -1 -2 -4 1 
13 4 -34 -24 -10 -4 -7 -5 
5 0 -31 -2 -1 -1 2 6 
7 10 16 26 7 1 0 21 
11 10 14 7 3 2 1 -3 
-18 3 20 15 -2 -1 0 -22 
14 -5 -32 -18 -8 0 5 32 
7 -46 -4 10 -3 0 -8 6 
-21 51 15 -6 12 7 9 4 
-17 -30 22 0 -11 -4 -2 -9 
24 0 9 9 -3 -3 7 17 
-28 2 -5 -1 1 -6 -1 -48 
-7 10 23 20 7 4 -1 -15 
32 9 12 -5 6 3 0 1 
-33 8 7 2 -2 -1 2 -5 
3 -2 -15 -8 -4 -3 -7 -18 
-20 -21 -9 -18 -17 -5 0 -3 
4 0 -9 -2 4 1 -3 3 
-25 9 8 4 3 1 3 -2 
24 4 -3 2 4 0 3 19 
-4 -5 0 1 0 -2 -6 -7 
5 4 -13 2 -1 0 -1 -1 
17 21 16 9 5 2 2 9 
-19 1 11 -16 -6 -4 0 -9 
15 -4 4 -8 -7 -4 -4 9 
-4 -2 -21 6 1 1 1 -5 
-7 -5 -7 -4 -1 3 3 -16 
4 -2 -20 -8 -3 -3 -4 3 
10 -1 16 3 -2 -2 -3 -1 
-8 1 5 -4 0 -2 0 5 
-2 1 -6 1 0 -2 0 -18 
15 -4 -15 -7 -4 -1 -2 20 
-2 -5 5 0 0 -1 0 0 
-8 5 -5 -4 0 1 2 -3 
6 -3 -11 -4 -3 -2 -1 -3 
-8 2 3 1 0 0 -1 -1 
-5 -3 1 -3 -1 -1 0 -3 
2 -3 -3 -3 -1 0 -2 -3 
5 -4 3 1 -1 -1 -2 2 
-1 2 3 -2 1 0 -2 0 
-2 -2 -7 -4 -4 -1 2 0 
0 0 -1 1 1 1 -1 3 
5 -6 -4 -2 0 -2 -3 -1 
-5 0 -5 -5 -4 -2 -1 -2 
1 -8 -9 -5 -2 -2 -4 -2 
-2 -2 -1 1 -1 -2 1 -2 
-1 -1 2 2 0 0 1 -2 
-2 -6 0 2 2 0 0 -1 
-2 -12 -11 -6 -4 -5 -3 -2 
-2 -1 1 0 -1 -3 0 0 
0 1 1 -3 -5 -3 -2 -1 
-4 -7 -11 -4 -1 -2 -3 1 
3 3 7 4 1 2 -1 0 
-4 -3 -5 -2 -2 -2 1 -2 
3 0 -3 -1 0 0 -3 -2 
0 5 0 0 -1 -1 1 0 
3 1 4 0 1 1 -1 -3 
3 2 0 0 1 0 0 0 
1 -4 1 1 0 0 1 1 
-1 6 9 0 1 -1 0 1 
3 1 0 -3 -2 -2 -1 0 
-4 -6 0 -2 -2 -3 -1 -1 
1 2 0 0 2 1 2 0 
0 -11 -18 -7 -4 -4 -2 -1 
0 6 9 2 0 -1 -1 2 
0 3 4 0 0 0 -2 1 
-3 -1 0 -1 -3 -2 0 0 
-1 -4 -4 -3 -4 -1 -1 -1 
4 -1 0 -3 -1 -2 -1 0 
-6 -2 -13 -5 -3 -1 -2 -2 
3 -5 -2 -1 -1 -1 1 -1 
-2 2 -5 -1 1 -2 -1 1 
1 -2 6 0 -3 0 -1 -2 
10 3 13 2 3 0 0 8 
6 -9 -10 -6 -3 -2 -4 -8 
-9 -2 -5 -3 -4 -2 -1 -4 
3 -4 3 0 0 -2 -1 2 
-4 1 -5 -5 -5 0 -2 -13 
-2 -1 -3 0 -1 -1 -1 10 
6 -1 -1 -2 -2 -1 -4 -24 
-43 -4 -3 4 -1 -1 -1 -37 
3 -4 -10 -3 -2 -2 -2 14 
-3 -5 -8 -4 -6 -3 -4 0 
-2 1 -5 -1 -1 -3 1 -1 
3 3 0 -1 2 0 0 8 
4 0 1 1 0 -2 -3 -7 
-13 -11 -13 -7 -4 -4 -4 -10 
-1 -2 1 1 1 -1 0 11 
4 1 -5 -2 -2 -2 -2 2 
-5 -6 -6 -2 -1 0 -1 1 
1 3 5 0 1 1 1 6 
0 0 7 4 -1 -1 -2 1 
4 -1 -21 -9 -3 -2 -1 4 
-1 -1 3 -1 -1 1 0 -7 
0 5 9 4 1 -1 -1 -1 
-4 -2 -4 -1 -1 -1 0 -2 
3 0 9 2 1 3 -1 5 
4 9 5 1 3 2 2 8 
-6 -11 -15 -6 -5 -3 -1 -6 
-1 2 16 1 1 -1 0 11 
1 -3 -1 -1 -2 -1 -1 2 
-5 0 9 0 1 -1 0 -3 
6 0 -4 0 -1 -2 -2 -1 
-2 -1 0 -1 1 0 -2 -8 
-3 -4 -7 -1 -2 -2 0 1 
1 -1 -2 -3 0 -2 -2 -1 
2 -3 -5 -3 -2 -2 -1 -4 
-7 -1 3 1 -2 -3 -1 0 
3 -2 -1 -1 -1 0 1 -1 
0 1 -2 -1 -1 -5 -2 1 
-1 2 2 -1 -1 -1 0 -3 
1 -2 -14 -3 0 0 -1 0 
-5 -2 -4 -5 -2 -1 -2 0 
-4 -2 -4 -2 -2 1 0 -3 
0 2 5 -1 0 0 -1 -1 
-2 0 -9 -3 -2 -1 0 -2 
3 6 7 3 2 0 -1 1 
-10 -5 -3 -3 -5 -2 -2 -3 
9 0 7 0 1 -1 -2 5 
0 1 -6 -2 -1 0 0 -2 
-2 -1 2 0 -1 -2 -2 -9 
-4 -2 0 1 0 -1 0 -6 
-7 3 -2 2 1 -1 1 2 
-8 -5 -4 -2 -3 -2 -2 2 
-8 -3 3 -1 0 0 -2 1 
3 -2 0 0 -3 -3 -2 1 
-4 0 -2 -1 -1 -1 0 -3 
-9 -7 -5 -3 -2 -1 0 -3 
4 5 3 1 1 -2 -2 1 
-13 -3 -1 1 3 1 0 -1 
-7 -2 -5 -7 -4 -1 -2 -4 
12 -5 -15 -2 -6 -4 -4 1 
1 0 2 0 -1 -2 0 3 
0 -2 -7 -3 -1 -2 0 -3 
-2 0 2 2 0 -1 -1 -3 
-8 4 6 1 2 3 0 -1 
0 -6 -5 -2 -4 -3 -3 2 
3 -2 -4 -1 -3 -2 -2 -1 
-5 -1 1 1 0 1 -4 -4 
1 0 -6 -4 -2 -1 -2 -1 
-1 2 -19 -2 -2 0 1 -4 
1 1 3 -2 0 -2 -3 -7 
-4 5 12 1 -1 -1 -1 1 
9 -6 -17 -7 -2 -2 0 3 
28 0 10 0 1 -1 -1 0 
-13 -1 3 2 -1 -2 -1 -1 
0 -3 -8 -3 -2 -3 0 -5 
-1 7 21 11 4 0 1 1 
-4 -7 -8 -6 -3 -3 -1 0 
-4 -2 -1 -1 -2 0 0 -2 
3 -4 0 -1 -2 -1 -2 4 
-3 -2 -3 -1 -2 0 -1 -2 
-1 4 5 -1 1 1 0 1 
-14 -5 -8 -3 -4 -3 -4 -2 
-8 -3 -8 0 -1 -1 -1 -3 
4 0 0 0 0 0 -3 -1 
-8 -1 4 1 2 0 1 -3 
4 -8 -13 -5 -3 -4 -2 0 
5 0 7 2 0 1 -1 -2 
-8 -1 3 -3 0 0 -1 -1 
-5 -3 -3 -1 -2 -2 -2 -4 
4 0 10 1 0 2 2 2 
4 -4 -3 -4 -2 -1 -4 4 
4 -1 3 0 -2 -2 0 -1 
-15 -2 -4 -2 -2 0 -2 -1 
4 1 -12 -4 -4 -1 -2 -3 
2 7 5 1 2 1 0 -5 
-3 -11 -14 -8 -5 -3 -2 -5 
-3 -3 4 -2 -2 -3 -2 1 
-3 1 4 1 1 2 1 -1 
-8 -2 -4 -2 -1 -3 -2 -2 
-1 3 2 0 -1 -1 -1 -3 
-1 0 -4 0 -1 0 -1 -3 
4 1 7 3 2 -1 2 0 
3 -10 -19 -4 -4 -1 -1 0 
-1 -9 -6 -5 -3 -4 -3 10 
0 -4 -8 -3 -1 -3 -1 -2 
1 -1 2 -2 0 -1 -3 0 
-2 1 9 4 -3 -1 -1 0 
-2 2 -1 0 1 0 0 0 
-1 0 10 5 0 1 1 -1 
0 2 -5 -1 -1 -2 -4 -1 
-3 -1 -8 -2 -1 -2 1 -1 
-10 3 11 0 0 0 -1 -7 
19 0 3 -2 -1 -1 -3 3 
-3 4 4 0 0 -1 1 -1 
-1 -5 -2 0 1 0 0 -2 
-1 0 4 -1 2 1 0 -4 
-5 -2 -6 -3 -2 -1 1 -1 
2 0 -1 -1 -1 0 -3 -2 
-7 8 -6 -3 -2 -2 -1 -2 
11 -7 -9 -6 -5 -3 -2 1 
-6 -2 -20 -3 -1 -1 0 -2 
1 -6 -1 -2 -1 -2 -1 -2 
-2 1 10 3 0 -1 1 -2 
-1 3 8 3 0 0 -2 -3 
-2 1 6 3 0 -1 0 2 
2 5 -4 -2 -2 1 -1 2 
1 -6 -13 -8 -3 -3 -2 0 
-3 3 -2 0 1 1 0 1 
5 -4 1 -2 -2 0 -1 1 
-9 -3 -3 -1 -1 -1 -1 -3 
1 1 2 1 0 1 0 6 
-13 -3 3 1 -2 -2 -1 -1 
-2 2 1 0 -1 0 -3 -2 
