#EMG
#1
#ID:1-57
-2 -6 -6 0 -2 -3 -3 -10 
-8 -1 1 -3 -4 -3 -3 -2 
2 -3 -7 0 -2 -2 -3 -3 
-9 -1 3 -1 -1 0 -1 6 
2 2 -4 -2 0 -2 -2 1 
-11 -7 1 -1 -2 1 -1 -3 
-6 -4 6 0 -3 -3 -2 -9 
2 -6 -11 -3 -2 -3 0 6 
-7 5 8 3 3 1 0 -3 
4 0 -12 -3 -5 -2 -2 -3 
5 0 5 -1 0 -2 -1 3 
0 -1 -1 0 -3 0 -1 1 
-2 -8 -13 -3 -3 -2 1 -1 
4 7 5 2 0 0 -1 7 
-4 -1 0 -2 -2 -1 -1 -7 
-1 0 -5 -1 1 -2 -2 -4 
9 1 -13 -4 -3 0 -2 2 
2 1 -3 -1 -1 -2 -3 0 
-5 -7 5 0 -2 0 -3 -13 
4 0 1 -2 0 -1 0 27 
8 0 -4 -4 -1 0 -1 -31 
-7 -1 7 -3 0 -2 -2 -18 
-16 4 -12 0 0 0 1 -8 
6 3 -3 2 -2 0 2 9 
2 -2 7 -1 0 -5 0 14 
0 1 9 3 2 3 2 1 
10 -4 3 1 -1 -1 -2 -7 
-5 -6 -11 -4 -2 -2 -2 -13 
4 -3 -7 -4 -4 -3 -3 9 
-3 6 9 4 3 2 0 -1 
-3 4 5 1 -2 -2 0 12 
3 -10 -8 -6 -3 -2 -4 -6 
9 8 2 0 -1 -1 -1 10 
0 2 2 1 -2 -1 -1 7 
11 5 13 2 3 1 0 3 
-8 -8 -15 -5 -3 -1 -1 -6 
-5 -4 -6 -3 -4 -1 0 -2 
2 -5 -10 -5 -2 -1 1 15 
-4 1 1 -1 -1 -2 -4 -7 
4 19 18 6 2 -1 -1 1 
-15 -15 15 1 1 0 1 -8 
3 -2 -19 -2 -2 -5 -1 16 
-1 -8 -4 -6 -3 -3 -1 -14 
-8 0 4 2 -2 -4 -3 -10 
0 1 -6 -2 -1 -1 -5 6 
-3 -8 -1 -2 -1 -4 -2 -1 
3 1 4 -1 -2 -2 -2 -1 
-8 -5 4 0 3 2 2 -5 
-4 -1 -15 -1 -1 -2 -3 -5 
3 0 -11 -9 -6 -2 -1 -9 
-4 -8 -9 0 1 0 -1 0 
0 -1 2 0 1 1 2 5 
2 3 30 6 4 1 3 4 
5 -10 -23 -9 -8 -5 -4 -1 
-5 -6 -14 -8 -3 -2 -3 4 
3 5 2 2 0 0 0 24 
-3 -3 5 4 0 1 -1 -30 
-10 1 4 -1 -1 -2 -4 -8 
1 2 -1 1 -1 -1 0 9 
3 -8 -4 -2 -2 -2 0 -7 
-1 3 -7 -6 -2 -2 -2 7 
4 -3 2 0 0 0 -3 -4 
0 -3 -8 -3 -2 -1 -1 6 
0 6 -1 -1 -2 -1 -2 -1 
-6 -4 -5 -2 0 1 1 0 
6 -1 4 1 1 -1 1 -3 
-9 0 -10 -6 -2 -2 -2 0 
18 -1 11 1 -2 0 0 19 
-5 4 4 -1 -4 -2 -3 -21 
-4 1 -1 4 4 0 1 5 
1 -8 -1 -2 -3 -3 -2 -4 
-10 -4 -8 -8 -6 -5 -3 -15 
3 3 3 0 -1 0 0 8 
-8 -3 -6 -2 -5 -2 -3 9 
3 7 10 4 1 2 -2 -11 
-15 -1 0 -1 1 0 -1 -7 
12 2 0 -2 -1 -1 -1 2 
-23 -6 -1 -1 -1 -2 -3 -18 
-6 1 10 4 3 2 4 4 
1 -2 -7 -5 -5 -5 -12 -10 
-7 3 -3 -2 -1 -1 0 6 
7 0 0 -1 1 -2 1 3 
0 -2 -9 -2 -2 -3 1 2 
-1 0 7 1 0 0 3 8 
4 0 -12 -2 -1 -2 0 -13 
4 -2 14 -2 -1 -2 -9 18 
-1 7 -4 -2 -4 -4 1 -8 
-8 -7 -14 0 -1 -2 1 1 
-13 -10 -3 -2 -1 -3 0 7 
18 11 -2 0 1 0 4 -3 
-1 3 13 -1 -2 -2 -6 2 
6 2 -20 -1 0 1 -2 -4 
1 11 -9 -5 -4 -3 -1 -7 
-7 -9 18 2 2 3 4 -12 
4 7 9 6 2 3 -4 1 
-1 -11 -6 -7 -3 0 4 -4 
0 1 6 3 2 0 -3 6 
4 -11 -20 -10 -6 -3 -10 -4 
-5 2 -2 2 0 1 2 -7 
1 -1 16 3 1 0 -2 -6 
-2 -6 7 3 2 0 3 7 
-3 0 -17 -5 -3 -4 1 2 
-4 -10 -2 -5 -1 -2 -6 -22 
-2 11 3 1 0 -1 2 -3 
-2 -2 -7 3 2 2 -2 3 
-2 19 12 5 2 4 5 -5 
0 -7 -32 -9 -7 -4 -8 -9 
-6 -3 -1 -4 -2 -1 6 8 
5 0 9 1 -2 -3 -4 17 
-19 -5 8 -2 0 0 -1 -27 
0 11 -5 0 -1 1 4 15 
2 -7 4 1 2 2 0 -14 
-10 13 -4 -3 0 -2 2 11 
3 -1 0 0 -2 -5 -11 -8 
-4 0 33 0 1 2 7 2 
6 -30 -20 10 -3 -10 -15 6 
12 7 18 -10 -2 2 8 2 
10 -7 -27 -9 -4 3 11 4 
1 -13 -11 1 0 -6 -28 8 
-14 -1 32 -1 -2 0 2 -2 
2 21 3 2 1 -3 -9 -16 
2 -13 -12 -3 -4 -1 8 17 
-3 21 17 5 3 -1 0 -18 
-9 -3 -34 -15 -6 -2 3 -5 
3 -4 -7 -3 -5 -3 -6 -3 
6 12 15 5 3 -1 -2 0 
11 8 -18 2 -5 1 9 16 
-18 7 24 -4 5 1 -10 -53 
-9 -10 -22 -11 -6 -4 8 -9 
-19 4 -20 -5 -4 -1 -3 -11 
7 -7 23 -4 -5 -4 -2 11 
22 15 3 13 3 1 9 13 
4 0 26 1 -3 3 -3 24 
8 -21 -7 -3 -3 5 6 -13 
-20 -13 20 11 4 -1 1 10 
-2 -3 -11 -4 3 -2 -5 -1 
-2 -51 -16 -30 -10 -2 3 -5 
1 3 0 11 -2 -6 0 5 
1 -5 24 -2 4 7 7 3 
2 -5 27 10 -2 -4 -1 9 
-13 46 9 15 10 1 0 -8 
0 -34 -2 -5 -5 -7 -9 -4 
4 -18 -63 -24 -8 -6 -3 -13 
-13 -8 -48 1 -8 0 2 -6 
9 -12 -5 -19 -4 1 -5 13 
8 16 79 26 15 2 2 -9 
-7 -3 -70 -17 -13 -7 -10 -11 
-5 8 72 9 3 2 2 17 
-4 -34 -94 -13 -1 -1 0 -7 
5 7 -41 -24 -9 -4 -4 20 
-20 -3 63 36 12 5 4 -51 
-3 -15 -12 -29 -9 -5 1 -7 
-6 -14 -11 14 3 -2 0 -12 
-16 -13 -34 -14 -2 0 3 9 
33 55 -24 -14 -7 -2 0 28 
-20 41 -11 17 4 -4 -5 -33 
9 37 67 12 6 -2 -1 -9 
5 35 44 -15 -7 -3 -5 44 
35 -26 1 -6 -2 0 0 -40 
-22 5 -43 -25 -13 -4 -8 4 
4 3 -5 17 6 4 3 12 
6 -6 -8 -7 -2 0 -5 -3 
22 17 62 40 12 3 5 36 
14 -2 -25 -12 5 -1 0 4 
-22 -29 -20 3 -13 -8 -9 -9 
-49 -15 -16 -23 -12 -1 -5 -16 
-10 -11 -13 -6 -3 0 3 -13 
16 3 10 9 2 1 2 12 
10 26 21 9 3 -1 -2 21 
-15 -25 -10 22 6 1 5 -4 
9 46 5 -13 2 -1 -6 12 
-31 27 5 -4 -4 0 -3 -15 
17 27 9 18 3 1 -1 -3 
9 -3 -9 -11 -2 -2 -5 -11 
-11 -10 42 18 2 0 0 0 
1 -15 -50 -34 -13 -6 -4 8 
-4 -15 -11 -9 -12 -5 -4 -9 
-3 -11 -15 17 8 3 4 -30 
-4 -9 -8 -4 2 1 2 -12 
13 -5 23 21 6 1 -3 -3 
2 -11 6 -1 4 7 14 1 
6 -3 5 1 -2 -10 -19 11 
-29 -16 -6 -2 -1 -1 3 23 
20 -26 -22 -10 -6 -9 -9 -12 
16 12 28 -10 -6 1 8 18 
-31 -9 3 3 -1 0 -4 -39 
-11 -19 -12 0 2 -2 -3 3 
3 -9 26 13 0 1 3 17 
10 -24 -36 -12 -3 -2 -2 26 
34 8 9 -7 -2 4 11 -19 
-1 -3 -24 -10 -4 -6 -12 6 
1 -3 11 6 3 4 7 0 
-21 8 26 4 2 -1 -8 -22 
16 -27 -5 11 0 -5 -3 19 
-20 -15 -55 -24 -6 -2 0 -16 
9 -13 -16 -12 -5 -1 -8 -5 
-16 -13 -17 0 -1 -3 -6 -20 
-29 21 22 1 -2 -2 -4 -8 
11 -24 3 3 -1 0 11 48 
4 15 16 8 2 1 -2 -40 
-8 -9 -21 -11 -3 -5 -10 -9 
5 7 -20 7 2 3 8 1 
15 7 14 -1 2 2 4 -4 
-23 -13 -24 -8 -4 -6 -9 4 
-8 3 22 3 1 -2 2 -5 
-3 7 25 -1 -4 -5 -9 4 
8 17 -10 -1 -1 -2 0 -2 
2 -2 9 5 3 0 -10 1 
-2 2 -15 0 -2 0 4 -10 
8 -12 -24 -4 -2 -4 -3 5 
-20 3 -1 -7 -7 -3 -8 -7 
4 -11 30 3 -2 -4 3 21 
21 8 -8 -9 -2 -3 -4 -37 
-30 -3 -15 -13 -6 -1 -2 7 
-2 1 13 8 3 2 -24 -22 
7 5 -26 -5 -2 2 26 19 
7 22 33 9 1 -4 -12 7 
12 4 11 0 1 2 11 -2 
-9 -23 6 -3 0 0 -26 -56 
5 1 -22 -2 -3 0 43 56 
13 -17 -18 -1 -2 -9 -28 12 
7 -5 -48 -2 -2 -1 -8 -32 
-11 -3 -10 -8 -5 -3 -4 23 
-1 8 23 4 5 0 -26 -39 
10 11 -2 4 1 7 16 17 
-8 7 -4 0 -1 -4 -19 -18 
-3 -35 -20 2 3 1 29 45 
-8 -2 32 0 0 0 2 3 
-34 -21 -22 -10 -4 0 5 -28 
16 9 28 14 8 12 21 20 
-6 12 0 -7 -7 -14 -43 -59 
-17 -10 -5 8 4 3 10 24 
-11 -25 -5 -13 -10 -7 -5 -16 
1 5 -4 -2 -5 -5 4 8 
6 10 2 -4 -2 1 -2 -24 
11 4 -24 5 1 0 -11 -11 
-11 -12 -10 -5 -4 0 12 6 
15 8 18 2 0 -2 -3 22 
-6 39 -34 -4 -1 5 27 28 
4 -6 20 -9 -3 -4 -30 -38 
3 26 24 -1 6 10 19 25 
-8 -5 19 -7 -5 -8 -5 5 
6 -15 8 4 3 -1 -4 -2 
-16 4 -57 -7 -7 -5 -14 -8 
13 -1 27 -1 2 1 -3 4 
13 2 16 0 0 8 21 21 
-10 -22 6 6 -2 -6 -19 -22 
-2 12 4 0 -3 -2 -9 6 
-6 -12 -5 0 0 -4 -17 -15 
-7 0 -19 -2 -6 -3 -14 -18 
48 44 30 -1 0 7 2 20 
-19 -9 -9 1 4 1 24 1 
2 17 -1 21 8 0 8 0 
-9 14 18 -16 -6 -6 -7 -5 
-5 -12 -8 -1 -3 -2 0 8 
20 -14 0 -15 -3 0 1 -3 
-10 0 -3 10 5 4 7 -4 
-12 -12 -12 1 0 -4 -9 -3 
6 -5 50 10 5 3 9 -1 
1 -13 -46 -11 -9 -6 -12 -14 
-15 -44 10 -13 -9 -4 11 10 
-1 -4 0 8 3 -1 -8 -2 
-4 1 0 -8 -2 0 4 -13 
-9 20 34 6 -2 -2 2 -15 
2 -19 -30 -6 -6 -8 -10 -7 
1 8 -17 0 -2 -1 -5 -2 
1 -12 19 2 -1 -1 8 5 
3 3 18 3 5 7 25 37 
2 -13 -4 -7 -3 -4 -26 -10 
-6 3 0 -8 -5 1 19 16 
-7 -6 -14 -3 -1 -2 0 -10 
1 -3 47 18 6 1 5 19 
22 17 27 2 -5 -3 0 15 
16 9 1 -2 1 3 1 10 
-10 -20 -31 -2 -2 -1 1 -29 
27 20 28 2 1 -3 -15 -2 
-34 18 -2 -3 0 0 -5 -27 
-2 -6 15 1 -1 -4 -4 -2 
-7 -11 -21 -11 -9 -4 0 9 
6 -7 -3 -1 0 -2 -19 -19 
-1 -1 -5 -3 -2 -2 15 -8 
-4 -20 -1 6 3 -2 -9 -1 
-12 45 -28 -7 -1 -1 1 18 
-17 -10 -23 -1 -5 -2 -4 -7 
-3 -6 -24 -13 -3 1 -10 7 
-14 1 1 0 1 -2 -4 -37 
8 14 36 8 4 1 6 4 
-10 -20 -44 -9 -2 0 -3 1 
8 21 9 15 6 3 -3 -9 
2 -17 -17 3 2 -1 -2 0 
5 -18 4 2 0 -1 9 29 
-2 13 9 2 4 3 0 -5 
-11 -10 -7 1 -4 -6 -14 -26 
-2 0 -9 -10 0 -4 -2 7 
4 -7 -24 -13 -12 -3 2 -3 
1 -17 -34 -17 -11 -6 -6 5 
13 20 31 8 6 0 6 24 
1 -1 -16 9 0 1 3 -8 
-3 -6 -8 -7 0 -3 -4 0 
-1 8 10 2 2 1 5 23 
0 -11 1 4 -6 -4 -5 -44 
23 -7 -17 -12 -10 -2 -3 1 
-30 -13 7 3 0 0 2 -7 
3 7 16 0 0 2 0 1 
28 -4 -3 5 1 -1 1 24 
-15 6 2 0 3 1 2 19 
14 -6 4 2 -1 -1 -2 -13 
5 6 7 2 -2 -1 2 8 
-8 -5 -14 -4 -1 -1 3 12 
-9 -7 6 -5 -2 -2 -3 -14 
-1 -4 -7 2 1 -1 -2 11 
-5 1 -6 -1 -1 -3 -2 -10 
-9 -3 5 -8 -3 2 -1 4 
3 -1 3 -1 -1 0 -4 -2 
-9 -8 -5 1 -1 0 1 1 
3 -2 -2 0 -1 -1 -4 -13 
-8 5 2 -3 0 2 3 7 
-5 2 4 1 -2 -2 -2 -10 
9 2 -5 0 -1 -2 -1 10 
-11 -8 14 -6 -3 -1 -1 -11 
-5 -7 -3 -1 0 -2 1 9 
1 4 11 3 0 0 -3 -3 
-3 -6 -12 -4 -3 -2 -1 -1 
2 -3 1 -4 -4 -2 -1 -3 
0 7 7 3 2 1 4 3 
-3 -9 -21 -7 -3 -4 -4 -3 
-7 -4 2 1 1 -1 -1 -6 
-2 -2 3 0 0 0 -2 -11 
8 -6 -12 -6 -5 -5 -4 4 
2 15 -12 0 -1 0 -2 -1 
2 0 7 0 0 2 2 0 
-4 -2 2 0 -1 -3 -2 -4 
-4 -8 1 0 1 2 3 3 
0 -7 3 -4 -4 -2 -1 0 
-3 -3 -1 1 0 0 0 12 
27 12 15 4 -1 -1 -2 -22 
-21 -8 -12 -5 -3 -3 -4 -6 
0 -1 19 6 -3 -1 0 3 
-3 -3 -2 -2 0 -3 -1 -4 
-2 -9 -2 -3 0 -2 -2 3 
5 3 -11 -7 -2 -4 -2 6 
-7 -5 4 0 -1 1 0 -11 
3 5 4 0 2 0 -1 -2 
-1 -2 -8 4 3 3 1 9 
-3 -4 -5 -6 -2 -1 -4 8 
-14 -5 -7 -6 -4 -3 -3 2 
-12 -8 -3 -3 -3 -4 -7 -39 
-4 0 4 1 1 2 1 -3 
-3 1 -4 -4 -4 -1 0 -11 
2 -8 -4 -2 -2 -3 0 10 
1 -7 -2 0 -2 -3 -2 4 
20 -2 2 2 2 0 2 31 
-8 0 -17 -4 -3 -3 -2 -26 
8 15 -6 -5 -3 -4 -2 7 
-23 16 -4 -1 1 0 2 -3 
-4 2 -12 -5 -3 -3 -1 -7 
7 4 3 -5 -3 -1 0 19 
-9 -7 -9 -2 -2 -1 -2 -8 
10 2 7 6 1 -2 -1 7 
0 4 -3 -6 0 -2 -1 -5 
-4 0 0 3 -1 -2 -2 -3 
9 -2 6 2 1 2 4 22 
1 -1 -14 -7 -6 -3 -4 -20 
-10 -4 -3 0 -1 -2 -2 -7 
2 -1 4 -1 0 -1 -3 -3 
4 -3 7 0 0 1 0 7 
6 -6 0 -2 -2 0 0 13 
-16 14 -11 -1 -4 -4 -2 -3 
-3 -8 -6 -2 0 0 0 -9 
-3 4 -1 1 1 1 1 -3 
-3 -8 8 -1 -2 -1 -1 11 
-4 -2 -1 0 1 1 0 -15 
0 5 7 1 -1 -4 0 3 
-5 -11 -4 -4 -3 -3 -2 -8 
1 6 3 0 -2 1 -2 5 
29 10 6 0 0 -1 -1 9 
-28 -16 -33 -9 -5 -1 -2 -2 
-1 -9 5 0 0 -1 -2 -6 
-1 0 6 -2 -3 -1 0 1 
-3 -5 -1 -4 -4 -4 -5 -5 
6 6 5 3 1 0 -2 -5 
3 9 -2 0 -2 1 -1 -2 
0 -8 -10 -5 -3 -2 -1 -1 
-14 -9 -5 -1 -1 -2 -2 0 
9 -2 2 -3 -1 1 3 26 
-7 -1 2 -2 -2 -3 -5 -26 
-8 -3 1 0 -1 -1 0 -6 
-8 -7 -4 -1 -2 0 -2 0 
3 12 21 9 5 3 3 12 
7 -14 -22 -11 -4 -2 1 -1 
13 -1 -5 0 1 -2 -3 8 
-24 -8 8 0 -2 -3 -2 -15 
-2 -1 -2 -2 -1 -4 -1 0 
0 5 11 2 0 1 0 12 
0 10 3 1 2 0 1 -8 
0 -13 -7 -3 -2 -2 -3 11 
7 0 3 4 4 3 2 -7 
-4 0 0 1 2 -1 -1 -4 
1 -1 -9 -5 -4 -1 -2 2 
3 13 9 1 0 -1 -1 5 
4 -3 3 0 -4 -3 -3 -8 
-8 -3 -7 -3 -3 -4 -4 -10 
-9 -6 4 3 1 2 4 3 
12 -1 -7 -1 -2 0 0 2 
-24 4 -3 -2 0 -1 -6 -20 
0 7 12 3 -2 0 1 6 
3 0 9 0 -1 0 -1 -2 
-12 -6 -5 -3 -1 -1 1 6 
4 -4 1 -1 0 -1 -2 -7 
5 8 -11 0 0 0 -1 -2 
-2 -4 -13 -7 -4 -2 -2 -3 
-3 -16 -21 -4 -3 -3 -2 -8 
9 26 10 -1 -1 -2 1 10 
-3 15 1 -2 -1 0 1 0 
4 -2 8 2 -1 -1 -2 0 
-2 -6 -3 -1 -3 0 0 -1 
-3 -16 -10 -6 -5 -2 -3 10 
-18 -8 -1 -2 -1 0 -2 -27 
12 7 -4 -2 0 -4 -3 -16 
-5 3 6 3 -1 -1 -2 -1 
3 9 -8 1 0 -3 -2 -8 
5 -10 2 -2 0 -2 -1 12 
16 6 -1 2 2 2 1 8 
-22 -6 -3 -3 -3 -1 -1 -10 
7 -6 6 2 1 0 -1 4 
-1 -5 -3 -1 -1 0 -2 -2 
-6 -1 2 -1 -3 -1 -2 -2 
10 3 -3 -3 -1 -1 -2 1 
-2 -10 -1 1 0 1 1 -2 
8 3 0 1 -1 -4 -3 3 
-10 15 -23 -3 -2 -3 -1 -1 
-3 10 19 1 1 0 1 3 
10 -6 -14 -4 -3 -1 -2 -4 
-3 -3 7 3 0 0 -1 -1 
1 -16 -12 -4 -2 -2 0 10 
-9 -12 -17 0 1 -3 -2 -9 
9 6 -13 -4 -4 -4 0 5 
-5 7 22 4 3 3 2 -2 
1 -14 0 -3 -3 -1 -2 4 
1 -8 4 1 -1 -3 0 1 
-6 -13 -6 -6 -3 -3 -2 23 
-2 -12 0 3 -1 1 -2 -26 
-14 -5 11 1 -2 -2 -1 -6 
3 4 -4 -3 -2 1 -1 1 
-1 -5 0 -1 -2 -5 -3 0 
0 -4 -2 -2 -1 1 4 15 
3 -17 4 1 -1 -1 -1 -5 
-14 -3 -1 0 -2 1 1 -4 
-5 -3 7 0 -1 -1 0 -2 
1 0 -10 -2 -2 -2 -2 4 
-15 1 3 1 1 1 -1 -13 
13 -4 -11 -3 -3 -2 -4 4 
-9 -3 7 1 -1 0 0 -15 
-4 1 -7 -4 -6 -5 -4 -1 
-5 -6 -3 -6 -2 -1 1 5 
-1 -2 3 2 0 2 -3 -1 
0 -4 -3 0 0 0 -1 -8 
2 -11 10 1 1 2 1 3 
0 11 -9 -5 -2 -4 -2 8 
1 -4 -13 -7 -4 -3 -2 3 
-6 -16 -1 -4 -2 -2 -2 -2 
1 11 1 1 0 -1 -1 1 
0 -8 -9 -2 -2 -1 -3 -1 
-9 4 12 0 -1 -2 1 -3 
8 2 4 1 1 -1 0 2 
-9 -3 -20 -5 -4 -3 -1 1 
-14 5 16 2 -1 -1 1 10 
17 14 5 1 0 -1 -1 -1 
-3 0 -5 1 0 2 -1 -1 
5 -7 -4 -1 1 0 -1 -4 
-3 -5 -8 -2 -2 -3 -3 -3 
-4 -1 0 -1 -2 -1 -1 1 
-3 7 2 -1 -3 -3 -4 -5 
2 8 -3 -3 0 2 -1 -1 
-3 -5 -1 2 1 -1 0 -1 
0 14 4 -1 0 0 1 -2 
2 -3 -3 -2 -1 -1 -1 -5 
-2 1 -3 -2 -3 -3 0 23 
15 0 4 -1 -2 0 -1 -24 
-8 -9 -7 -1 1 0 -1 -3 
-2 2 10 1 -3 -3 -1 -4 
6 -4 -10 -4 -2 0 0 5 
1 10 -4 -2 0 0 -1 4 
11 7 -15 -1 0 0 -1 -2 
-14 -5 14 1 2 0 -1 0 
-14 0 8 -1 1 -1 -2 -11 
21 -7 -13 0 0 0 -1 -3 
-17 -10 -1 -1 -1 -3 0 -12 
-2 -4 -7 -1 -1 -2 1 5 
-9 -8 3 2 2 3 0 -10 
-5 -2 -8 -2 -1 -2 -3 1 
-1 -3 3 -3 -4 -2 1 6 
11 -1 -6 -3 -2 -1 -3 -6 
-1 5 3 0 -1 -2 2 2 
-10 -1 -8 -5 -3 -2 -3 -2 
-2 -7 16 1 2 0 -1 1 
-6 3 -2 -2 -3 -1 -1 1 
10 -2 2 -3 -3 -1 -2 -3 
-1 -9 4 -4 -2 -1 -1 3 
-2 0 2 3 1 -1 0 5 
-6 4 13 2 0 1 -1 -6 
9 -13 -25 -9 -2 -3 -2 10 
-3 12 -1 0 -3 -3 -5 -4 
-1 -5 12 -2 -3 -1 0 1 
5 2 -4 1 0 -1 1 1 
2 4 2 1 -2 -1 0 8 
-23 -4 -2 0 -2 -1 -2 -12 
0 -8 -21 -6 -4 -3 -4 -10 
0 -8 -14 -9 -8 -4 -5 8 
-14 17 1 -4 -3 1 -1 -13 
10 1 3 0 0 1 1 6 
3 -1 2 0 2 0 -2 8 
-9 -6 1 2 0 -2 -4 -15 
6 -6 3 0 0 -4 -3 1 
-3 -3 7 2 -1 -1 1 7 
6 2 -6 -5 -3 1 0 2 
1 -2 1 1 1 0 1 2 
-2 -11 -12 -6 -3 -1 -4 -9 
-1 7 6 2 -1 -1 1 6 
4 1 -1 1 5 -1 -2 -3 
2 -5 -2 -5 -4 -3 -3 -10 
3 12 -7 1 -1 -2 -1 -3 
-6 -1 -13 -1 1 -1 -3 -6 
-2 1 -14 -6 -4 -5 -4 1 
-2 9 -10 1 2 0 1 -1 
-3 -4 -4 1 0 -3 -2 -9 
3 -7 3 -3 0 -3 0 5 
2 -7 6 -2 -2 -1 -3 -10 
-2 1 -7 0 0 0 -1 1 
-2 5 4 2 0 -2 -2 -1 
3 -2 -1 -3 -1 -2 -2 2 
0 3 5 2 -1 -1 0 -2 
-7 7 4 -5 -5 -2 -1 -9 
-1 -8 1 -1 1 1 1 1 
2 0 9 4 1 1 2 -2 
-2 -2 -6 -3 -3 -5 -2 1 
0 -5 -10 -7 -3 -1 0 3 
0 -3 4 2 0 -1 -1 1 
1 5 5 -2 1 -1 1 -2 
-11 -16 -10 -4 -2 -2 0 -6 
0 -4 -6 1 1 0 0 3 
1 -6 8 0 -1 0 2 -4 
2 -6 -1 0 0 0 0 13 
-22 3 4 3 0 1 -4 -38 
-8 -4 1 -2 -1 -2 -3 1 
-1 0 -13 -3 -1 -1 0 4 
0 15 0 4 3 1 -1 -6 
7 -7 -5 -2 -1 -1 0 14 
1 0 0 1 0 1 -1 2 
-4 5 6 0 -2 -1 -3 -16 
-3 -15 -11 -5 -5 -1 -2 3 
-10 -8 -11 -8 -8 -3 -1 0 
-3 -2 0 1 1 -2 -2 -7 
2 -2 7 -1 1 -1 0 7 
-9 1 3 -3 -1 -3 -2 -15 
21 5 10 3 -1 2 -2 18 
7 1 13 1 1 1 -1 -2 
-8 0 -5 -4 -2 1 -1 -15 
5 -1 2 -1 -1 -1 -1 -2 
-1 4 4 2 1 1 1 0 
-3 2 1 0 -2 -2 1 4 
3 -1 2 2 0 0 0 4 
-5 -2 1 0 0 0 -1 -4 
0 3 4 1 2 0 0 2 
1 1 -1 -1 -2 1 -1 2 
1 -2 -3 0 -1 0 -3 1 
-1 -8 -9 -4 -3 -4 -3 -1 
3 4 10 4 2 0 2 2 
-2 -1 -2 1 1 0 -1 2 
6 -3 -20 -5 -3 -2 -3 -5 
3 -1 4 -2 -2 -1 0 11 
-11 -3 -8 -7 -2 -1 -3 -26 
-3 -6 -7 -3 -3 -2 -1 1 
3 -1 9 2 1 0 1 5 
11 1 2 1 0 -1 -1 5 
-2 5 13 6 2 1 -1 2 
-13 -8 -21 -7 -1 0 0 -13 
6 -5 -3 -6 -3 -4 1 20 
-1 -2 -7 -3 -4 -3 -3 -23 
12 8 -8 -4 -2 -3 -1 6 
0 -7 -4 1 0 -1 -2 -4 
-9 -5 14 9 6 5 5 9 
-2 -11 -9 -4 -1 -3 -2 -5 
-6 5 6 1 -1 0 1 8 
20 11 -1 0 -3 -4 -3 4 
-7 1 -8 -7 -5 -3 -4 -8 
3 -3 0 -6 -4 -1 -1 7 
-11 -6 -11 -1 1 -1 -1 -8 
-10 -3 9 2 0 0 -1 -1 
1 0 -6 -2 -3 -2 -2 -2 
-8 -5 -16 -5 -4 -4 -1 -5 
7 -5 -10 -4 -6 -3 0 7 
0 -2 -3 -1 0 0 2 1 
-1 -2 3 3 -1 0 -3 -7 
2 4 10 4 2 1 -1 -2 
3 0 0 -2 -1 -2 -2 0 
2 -7 -4 -2 -2 0 0 1 
4 -7 -5 -3 -2 -3 -2 6 
-5 -2 0 -1 0 -1 -2 -7 
2 4 3 0 0 0 -1 3 
