#EMG
#5
#ID:5-93
-10 -7 11 4 0 -2 -4 -20 
24 -10 -17 -1 0 0 -1 -5 
-20 -3 -5 3 0 -1 -2 -2 
7 2 4 -10 0 -1 0 17 
-16 1 -5 -3 -5 -5 -2 -7 
-2 -3 10 3 3 2 1 4 
28 -2 8 -1 -3 -2 -2 11 
-7 -7 4 6 2 -2 -1 -14 
2 1 -24 -5 -5 -5 -4 2 
-27 -10 -8 0 -1 -1 -1 -16 
28 4 -6 -7 -4 -3 -1 15 
-6 -8 2 0 -3 -2 -2 0 
2 -6 -10 -2 -1 -2 1 3 
1 -14 6 3 1 0 2 17 
-19 1 -8 -1 -1 -1 -3 -37 
4 13 12 1 0 -2 1 6 
28 15 11 1 0 -1 -3 -6 
-25 -3 -4 -1 -2 -1 0 -4 
-4 4 1 -4 -1 -1 -1 8 
0 1 0 1 1 3 -1 -9 
6 -7 9 7 -2 -1 1 16 
1 -4 -16 -12 -1 -1 1 1 
7 10 29 4 1 -2 -1 -20 
-4 -8 -11 -7 -6 -5 -4 3 
-13 4 -9 2 1 0 -1 1 
9 -1 -12 0 0 -2 -1 0 
-12 -8 -4 1 5 0 1 1 
-20 -1 -14 0 -2 -1 0 -5 
-6 -8 7 -6 -7 -5 -5 0 
-15 -14 -1 -1 -2 -4 -4 -27 
12 8 2 -4 0 -1 -1 17 
18 4 5 8 3 1 0 -7 
-11 5 0 -3 -5 -3 -1 18 
-6 13 11 0 0 0 -2 -16 
2 17 18 1 1 3 4 21 
17 -11 -23 -2 -4 -4 -6 -1 
-6 -1 6 -1 1 1 2 -7 
6 2 11 -2 -3 -1 -2 13 
2 -4 0 2 0 1 0 -7 
0 3 1 -3 0 0 4 32 
15 -4 -11 -2 -4 -3 -4 -21 
-7 -4 -3 1 -1 -2 -2 -2 
2 -5 -5 0 0 -1 -2 8 
0 -7 5 2 0 -1 -1 7 
5 0 10 -2 -1 0 2 3 
11 1 -7 3 -1 -4 -3 -5 
-10 -4 -9 3 -2 -2 0 -7 
-7 -4 -5 -13 -3 -2 -1 7 
-4 -9 -19 -5 1 2 3 6 
20 6 28 5 -1 -2 -3 -19 
-9 -15 -34 -1 2 -1 -3 0 
-24 -2 -6 -6 -5 -2 -2 -19 
5 -5 -3 1 -2 -3 -1 16 
6 6 -10 -8 -5 -5 -2 2 
-7 -2 28 0 0 0 2 4 
4 -19 -14 1 -3 -1 -4 -10 
-2 1 -4 2 4 1 2 -2 
7 -3 -5 -1 -3 0 1 19 
0 -1 7 -4 -3 -3 -2 -22 
-4 -11 -4 -2 -1 -2 -2 -8 
-17 4 -3 7 -3 -3 -3 -11 
7 -5 -26 -16 -4 -1 2 7 
5 -7 -6 -3 -2 -2 -1 9 
-25 -5 20 7 2 -1 -2 -10 
-9 -7 -4 -4 -4 -2 -4 -8 
1 23 1 0 -3 -2 -2 13 
-8 14 -23 -5 -4 2 2 25 
15 5 -2 1 -1 1 -2 -41 
-6 14 22 4 6 0 -2 -15 
-1 -11 -3 -2 -1 -4 -3 -3 
-8 -1 9 -1 2 0 3 12 
-8 8 -1 0 -1 -2 -3 3 
-6 0 8 -3 -2 0 2 5 
9 -7 -24 -3 -1 0 0 1 
2 0 2 0 -3 -4 -4 -9 
-18 0 -2 -3 0 -1 0 5 
11 -6 4 -1 0 1 -2 0 
0 -3 8 2 -1 -1 -1 2 
-10 10 11 2 1 -2 1 -13 
6 12 -36 -7 -2 -1 -4 20 
14 -12 17 0 -2 2 3 4 
-7 -6 -14 1 -1 -1 -10 -30 
10 -13 -11 -4 -1 -1 -4 3 
8 -8 13 5 2 1 1 -23 
-8 5 14 -2 -1 -3 -5 8 
-17 -4 -4 -1 1 5 7 -2 
5 -11 -3 -2 -2 -2 -1 12 
7 -15 -1 -2 -1 -4 -7 -2 
-9 -11 -3 0 -2 0 3 0 
-7 -4 -4 -2 -2 1 9 3 
-6 0 2 0 -2 -3 -18 -13 
0 1 -3 -2 -1 -2 3 14 
-10 3 -1 1 4 3 6 7 
32 2 18 -1 -2 -2 -3 -2 
-14 -19 -17 -2 0 0 -3 8 
-4 13 5 4 -2 2 3 -27 
-5 -19 -13 -2 0 -4 -20 -14 
-26 0 15 1 0 3 18 31 
26 -4 12 8 1 -3 1 13 
-1 8 -5 -12 -3 -5 -9 -1 
-16 -5 -23 -5 -1 6 16 -9 
-4 1 17 3 -2 -4 -11 -8 
-6 3 -15 -4 -3 -5 -2 -1 
23 29 33 16 6 4 19 22 
-16 -15 -2 -8 -2 -2 -16 -11 
-8 -18 -22 -8 -4 -4 -2 -20 
-2 -9 -16 -2 -2 8 32 1 
13 4 13 7 -1 -8 -44 4 
-4 9 -3 -17 -8 -9 18 6 
-12 -4 29 7 3 2 -14 14 
-18 -8 40 3 -4 -4 5 -11 
26 6 -31 -12 -6 -2 -3 16 
8 -9 -6 7 5 3 -4 -34 
-21 14 -6 7 5 -3 -28 3 
-22 -3 -24 -14 -11 -2 32 -2 
-12 -17 -22 -19 -7 -1 -5 24 
-21 82 9 0 -4 -6 -14 -11 
10 -23 -6 4 7 8 24 -1 
4 11 18 18 8 3 -25 -20 
-20 -26 -28 -14 -7 -7 12 5 
6 23 11 -5 -4 -4 0 -3 
-11 -2 -33 0 -3 -3 -8 -10 
18 0 0 -4 0 0 -6 12 
-25 -2 -26 -4 -5 -4 2 -8 
-19 -20 2 -1 -1 2 -4 7 
14 18 58 2 -1 -4 -1 -6 
1 -20 -71 -23 -14 -7 -4 -8 
-11 19 59 22 10 7 -4 -4 
24 -8 17 17 5 2 4 17 
1 -2 -44 -27 -11 -5 -4 -10 
-1 -62 11 -8 -2 -3 -2 -5 
-9 1 0 -7 -4 -2 1 -12 
9 -9 -5 6 0 0 3 7 
7 3 -2 -1 -2 -5 1 3 
7 23 6 0 2 -1 -10 -7 
0 -10 4 5 4 4 10 -6 
1 -10 8 1 -1 -3 -3 0 
-5 -20 3 9 0 -2 -2 -5 
-4 77 4 -10 2 3 -1 6 
1 5 17 6 -2 -1 -1 -8 
1 -13 -36 -18 -8 -6 -8 5 
3 6 -2 3 -1 0 4 10 
-2 -10 15 13 1 -3 -9 -8 
0 -34 -19 -6 0 -2 -15 -10 
-12 5 4 6 1 4 11 17 
-11 -8 -11 -8 -1 -1 -3 -17 
25 5 12 -1 -3 -5 -8 2 
-23 11 -11 -3 -3 -3 -4 3 
-4 -23 -11 2 2 -1 -2 4 
-7 -4 1 -2 0 4 1 -1 
-8 -6 -3 2 -1 0 2 1 
13 4 33 3 1 2 3 6 
0 -3 -3 -3 -3 -3 -3 -21 
7 3 0 -8 -4 -3 1 6 
15 -13 -22 -8 -3 -4 -7 2 
3 6 15 3 4 5 16 1 
-15 -1 18 9 2 -1 -5 -11 
-19 -9 -19 -4 -3 -7 -12 20 
-6 6 -11 -3 -2 -4 -5 -24 
20 5 -9 -3 -5 -4 -9 15 
9 -7 6 2 4 5 12 -24 
-5 -2 -3 3 3 4 4 0 
-14 5 11 6 4 2 -5 -16 
4 2 1 5 2 4 13 24 
3 2 0 -4 -2 0 -4 15 
5 -10 -11 -7 -7 -7 -9 -9 
-12 -29 -3 -2 -4 1 -3 -6 
6 6 -7 0 1 -1 1 1 
10 -9 -5 -4 -3 1 1 1 
-5 10 30 6 0 -6 1 16 
-10 -18 -30 -8 -5 -11 -19 -21 
11 -4 4 -3 -1 0 -1 19 
-8 3 -13 -8 -2 -2 -3 -38 
-1 3 0 1 2 2 8 -11 
29 18 12 4 0 1 21 39 
-52 -9 -7 -2 -4 -2 -16 -29 
3 5 -6 7 0 -3 4 14 
10 9 13 -16 -4 -1 1 -1 
10 -2 -3 -3 0 0 -6 14 
-4 -17 -7 -4 -4 -4 3 -46 
-1 38 35 5 -3 -2 -7 -5 
-8 5 8 3 3 4 3 -6 
-3 21 4 -2 -2 1 -4 8 
0 -15 -10 -6 -3 -3 -3 0 
9 -14 -8 -6 0 -3 -6 6 
-5 -1 9 8 -1 -4 0 15 
-15 8 32 23 6 2 -9 -19 
-8 2 -31 -25 -6 1 16 -13 
-9 -37 30 12 1 -1 -10 -23 
6 -7 -49 -8 -7 -3 2 2 
-42 -10 -41 -28 -9 -5 -2 -17 
-5 20 47 16 5 1 2 -4 
9 3 -41 -25 -11 -7 -6 23 
31 26 42 23 0 -1 -4 20 
10 6 27 7 6 0 2 -5 
31 -3 0 -1 -3 -3 -3 8 
-6 21 5 5 6 3 -2 5 
8 -6 -56 -12 -12 -9 -11 -4 
-27 -6 -28 -29 -4 4 13 -3 
27 -4 8 2 0 0 -9 17 
-19 -12 3 11 2 0 3 26 
3 3 3 3 6 4 -2 -25 
-4 -20 -8 -9 -3 2 24 22 
-8 11 -5 4 -3 -6 -17 -13 
-8 -22 -18 4 2 -5 0 -12 
15 30 41 7 9 4 -5 7 
-5 -28 -32 -6 -4 -1 7 16 
7 -21 -5 5 0 -3 -4 -14 
11 -7 -39 -28 -11 -2 2 7 
-20 -5 34 4 0 1 3 -8 
15 10 18 8 -2 -4 -8 -3 
6 23 25 3 2 2 -1 -10 
1 -33 -14 8 3 3 2 4 
-12 -12 -3 -10 -1 -1 1 -12 
-6 2 16 4 -2 -2 -6 -15 
-7 -7 -30 -22 -9 -5 0 -7 
-6 -2 12 -5 0 3 4 -1 
-1 2 7 7 3 3 1 3 
10 21 9 13 3 -5 -4 -5 
-13 -11 -21 -6 -3 -4 -2 5 
-2 25 26 6 4 4 0 -1 
-9 -5 -6 -6 -3 -1 5 -3 
9 1 0 2 -2 -2 -3 -4 
2 -18 28 6 2 2 4 -5 
12 29 6 4 3 -3 2 3 
-6 8 13 2 -3 -2 5 -6 
-11 -20 -16 -14 -10 -7 -19 -5 
-3 40 -27 -9 -2 4 19 11 
6 9 10 5 -2 -3 0 -4 
-2 -7 -7 -3 1 -2 -6 -5 
11 19 39 11 2 -3 -4 3 
-10 -37 -39 0 -4 -4 2 1 
3 -17 -18 -3 -2 -1 -4 -3 
-8 -5 3 -9 -1 -3 -1 -5 
9 -1 0 8 4 4 2 -7 
-23 -24 -25 -5 -3 -2 -9 -6 
0 -3 -73 -13 -6 -4 -1 -3 
8 12 -21 -10 -11 -9 -13 0 
-11 -4 14 4 4 9 16 4 
9 2 36 5 0 -5 -14 -7 
15 19 -13 -16 -4 1 13 0 
-24 -21 -9 2 -1 0 -5 2 
3 9 -1 -9 -3 -7 -13 -3 
-7 10 19 12 5 5 8 -1 
-3 -9 5 -3 -3 -1 -4 3 
10 -23 1 0 1 0 4 3 
-12 30 33 8 -1 -6 -12 -17 
-1 -4 -16 0 -2 1 4 -16 
8 -18 10 -6 -7 -10 -8 17 
-7 -13 -28 -2 1 2 -12 -11 
1 -24 -10 -5 -1 4 -1 9 
4 5 -19 -3 -2 -1 42 -7 
-8 8 15 -2 0 -4 -32 -15 
-10 -3 33 17 4 0 13 -32 
-2 0 -48 -15 -2 -6 -12 21 
12 28 48 10 0 1 -1 -14 
-12 -27 -14 -2 -2 9 8 28 
1 10 11 -9 -3 -8 -37 24 
-19 -5 -39 -10 -5 8 20 -27 
-8 -26 -21 -11 -5 -12 -45 20 
35 15 26 25 12 15 96 54 
-35 58 0 -8 -8 -18 -71 -11 
19 42 3 5 1 4 -31 52 
-19 -6 -4 5 9 5 -2 22 
-25 -21 6 2 -4 -5 16 -42 
1 -25 -28 -22 -2 12 61 2 
23 -5 42 -4 -8 -18 -51 18 
0 18 15 22 8 8 25 5 
49 8 9 6 5 -3 -31 6 
-31 -44 -46 -18 -8 2 47 9 
-3 -32 -15 5 3 2 1 -40 
6 -3 10 1 5 1 -2 -14 
-10 -2 81 -5 -7 -11 -28 -11 
33 38 -9 2 -2 1 -2 14 
-1 -34 1 -9 -8 -5 18 -8 
3 -11 -20 8 0 -2 -9 12 
-5 21 -9 3 -3 -1 -26 -17 
-1 -12 -9 -16 -4 0 -1 -11 
-8 8 5 0 0 -1 7 -11 
-5 -27 -31 -3 -4 -1 -4 3 
-21 15 -24 -8 -3 -6 -14 -18 
15 -12 37 25 8 7 10 5 
5 -36 -8 0 3 -1 8 -4 
-8 -10 -38 -31 -9 -3 -15 -10 
-5 5 16 0 -1 -2 11 11 
33 -4 11 16 3 -1 0 6 
-45 -1 25 -1 -1 5 12 -19 
25 13 11 1 0 -1 -1 23 
-5 -18 -2 2 -3 -1 -3 -8 
12 11 35 23 16 7 0 -14 
20 3 13 5 -2 1 6 21 
-7 15 24 -8 -6 -2 1 2 
6 -7 -27 -6 -4 2 2 17 
3 -13 -6 -13 -7 -5 -12 -18 
-4 12 -21 -4 2 2 23 6 
7 -7 -2 9 -3 -5 -4 26 
30 4 -9 -14 -5 -8 -15 -17 
-35 -9 -5 -2 -2 0 5 20 
5 4 -21 0 0 -2 -11 -43 
-2 -18 24 -1 -2 0 13 18 
-14 2 0 -2 0 2 -10 -18 
47 -3 2 5 0 -3 -4 14 
-19 2 -25 -4 -4 -1 -1 3 
3 11 19 -2 -4 -3 -2 -9 
-4 -1 -7 2 0 2 -1 5 
0 7 -4 -1 -2 -1 -3 -4 
11 6 18 8 3 2 6 -5 
-12 3 0 -8 0 -1 -12 -27 
4 -13 -15 -14 -8 -6 3 14 
10 8 -6 -1 -4 -4 0 34 
-2 -8 -6 0 -1 -2 -9 -21 
22 13 5 1 1 0 11 29 
-53 -11 -13 3 3 0 -3 -64 
-1 -5 -12 -11 -7 -5 -1 3 
-34 -9 -8 -4 -2 -2 2 23 
6 -1 -9 -3 -1 0 -6 -19 
1 -2 11 2 1 0 -1 25 
-10 -3 1 -1 -2 -3 -3 -21 
22 26 -13 -3 -3 -1 0 -1 
-17 22 0 -4 -1 1 -2 -17 
-10 -6 -28 -5 -1 -2 -3 -4 
-21 -9 -17 -9 -7 -3 -4 -20 
9 2 7 0 -3 -2 0 11 
-7 -8 5 1 0 -2 -5 -6 
7 2 -4 -3 -3 -2 -3 -4 
-5 -7 -23 -1 1 1 5 -2 
-5 -11 -1 -3 -1 -3 -1 14 
7 -2 -5 -1 -2 -1 -6 -24 
-8 -2 1 3 1 2 5 13 
2 3 -5 0 0 -3 0 -3 
-2 -10 5 4 2 3 2 3 
-9 -4 -10 0 0 -1 -2 -3 
3 13 16 -2 0 1 5 18 
-12 -4 7 -1 -1 -3 -8 -30 
6 -3 -35 -13 -5 -4 -3 -4 
-7 1 -1 3 3 3 5 1 
-7 -21 -20 -2 -1 -2 0 13 
5 18 26 -1 -3 0 1 21 
-3 8 1 -1 -1 -2 -2 -6 
4 -4 0 -2 -4 -5 -5 2 
0 4 11 1 -2 -2 -4 -8 
4 -11 -21 -7 -2 -1 -3 -9 
-14 -4 14 2 -1 -3 -2 -6 
-3 -1 -1 -3 -2 -1 -1 1 
0 -3 10 -1 -1 -3 -3 -10 
-6 -9 -9 0 3 4 0 -4 
-5 -13 8 0 -1 -3 1 -2 
-1 -4 0 1 -1 0 1 -2 
-1 1 0 -2 -3 -2 -5 -8 
-1 -1 -1 2 1 1 0 1 
22 8 -8 -4 0 2 2 7 
-5 6 -11 -3 -3 -3 -5 2 
1 -36 0 -4 -2 -2 -2 -22 
-5 6 4 -1 -3 -3 -1 9 
3 4 10 4 0 -1 -1 -6 
-15 2 -1 -1 -2 3 0 -4 
17 -1 -7 -2 -1 -3 -4 26 
-14 -15 9 1 1 -1 0 -19 
-13 -1 -6 -4 -3 -3 -4 -7 
-8 -26 -2 -2 -2 -1 1 -7 
-2 -3 -4 2 0 -1 0 15 
3 7 -8 -1 -1 0 -2 -6 
-6 -6 -4 2 3 2 1 1 
6 -1 5 -2 -1 -4 -2 0 
-2 21 29 1 0 2 0 -6 
-4 -1 -20 -5 -2 -3 -1 10 
-2 -3 -6 -3 -3 -4 -6 -3 
10 12 11 -1 -2 -2 1 0 
20 -3 -5 4 1 0 4 7 
-32 -16 22 -1 -2 -1 -6 -2 
15 26 11 0 0 0 1 18 
-9 -18 -30 -7 -4 -4 -9 -41 
-7 5 -8 -4 -4 -2 -1 -4 
11 -1 0 -1 -4 -1 0 23 
2 2 -8 -1 -1 -1 -1 -12 
-2 -4 16 0 -2 -1 2 9 
-10 3 -20 2 2 -1 -1 -2 
-8 2 -4 -1 3 1 2 -12 
-7 -2 11 3 -2 1 0 1 
6 2 -11 -10 -4 -4 -3 2 
-15 -8 -14 -8 -4 -4 -4 -8 
5 -3 -1 -2 -2 -3 -1 0 
4 -1 9 1 -1 1 -3 -2 
-3 -2 12 7 4 3 2 6 
-11 9 8 0 0 1 -1 -8 
6 3 0 -1 0 -2 0 -2 
-8 -33 -9 -1 0 -1 -2 -4 
-6 3 -1 -5 -4 -1 0 11 
18 1 -3 -4 -2 -2 -5 -12 
-6 -2 -15 -2 -3 -2 2 0 
1 -19 4 -3 0 -3 -4 0 
-23 -51 -26 -2 -1 -1 -4 -34 
8 -6 -21 -7 -3 -3 -3 0 
6 0 3 1 -1 -2 -1 -2 
-9 8 0 -3 -7 -5 -1 1 
5 3 10 5 6 4 6 14 
14 21 11 8 2 0 0 -5 
-6 -18 -7 -4 -1 -2 -2 -8 
-5 -9 -6 -9 -4 -1 -2 4 
21 9 1 -1 -1 -1 0 16 
-14 -7 -5 0 -2 -1 -2 -16 
-33 0 0 0 -4 -2 -2 -6 
8 4 -8 -2 -2 -1 0 3 
3 8 -8 -3 -2 -3 -2 7 
7 9 14 0 -2 0 2 12 
11 -13 3 -2 -1 -1 -4 -26 
-4 9 8 2 2 2 2 9 
-4 29 7 -1 -5 -6 -7 -3 
-22 -9 -1 1 3 1 2 -1 
6 9 12 3 1 1 0 0 
14 16 4 0 1 0 1 -4 
-2 0 -2 2 3 1 0 3 
-1 6 -1 -3 -2 -3 -1 1 
5 -4 -6 -1 -2 1 1 8 
-18 -32 15 1 2 0 0 -9 
6 2 2 -2 -4 -2 2 13 
0 -10 -3 -1 -1 -1 -1 9 
3 -2 -10 -2 -2 -4 -4 -23 
-3 -10 -9 1 1 -1 1 -2 
2 0 1 -1 0 -1 0 -2 
1 -12 7 1 -1 1 1 0 
6 8 1 0 -1 -1 -1 13 
-27 7 -4 3 0 0 0 11 
-16 2 6 -2 -1 -3 -5 -44 
-5 -10 -6 -4 -1 0 0 2 
8 -1 -1 -2 -1 -2 -3 -4 
11 5 -4 -1 -4 -3 -2 4 
3 -21 -16 -2 -2 0 -3 9 
-7 11 -11 2 1 -2 -3 -6 
-3 -3 -1 0 2 3 4 9 
12 18 3 -7 -4 -2 -3 -4 
2 -8 -4 -1 1 -1 0 -1 
-2 -7 -3 -3 -1 -2 -3 -7 
1 6 -2 2 0 -2 1 12 
-4 -14 -19 -5 -4 -3 -2 -3 
4 7 5 -4 -7 -6 -4 -2 
-11 2 11 3 4 4 6 18 
-4 -8 -24 -6 -3 -4 -6 -24 
9 0 -5 -1 -1 -2 1 0 
-12 3 3 -4 -5 -3 -5 -4 
-1 5 9 -2 -4 -4 -2 -7 
-5 1 -4 -1 -2 1 2 13 
-2 -1 -11 -3 -4 -4 -6 -10 
16 -3 2 3 2 4 0 7 
-3 -4 4 -4 -4 -4 -3 -1 
-1 -3 -2 -3 -4 -2 -3 4 
13 1 -2 0 1 -1 -1 -4 
0 29 -3 1 1 1 1 7 
-4 -12 3 -1 -1 -1 -1 -4 
4 -7 10 0 2 0 1 -8 
2 -12 -11 -5 -3 -1 -1 17 
-9 -3 -2 -2 -2 -1 -2 -13 
12 -1 -1 1 -2 -1 -1 7 
-2 -11 -9 -4 -2 0 -2 -18 
-12 26 23 6 6 5 4 -6 
1 14 -5 -3 -2 -4 -1 4 
4 6 14 -5 -7 -1 1 -1 
-13 -8 -4 -1 -1 -1 0 12 
17 -9 0 0 -2 -2 -2 24 
-6 -6 0 3 2 0 -2 -32 
-2 4 1 -3 2 2 -1 -2 
6 5 2 -1 -3 -3 -2 10 
-17 3 15 4 4 3 3 -5 
4 -16 -19 -6 -5 -4 -1 16 
-1 -9 -13 -5 -5 -6 -7 -14 
16 15 7 2 0 0 0 -7 
-10 6 -2 -3 -2 -2 -2 -2 
0 2 26 2 -1 2 0 -1 
-17 0 -10 1 0 0 -1 -7 
20 1 3 -2 -2 -1 -1 7 
-1 6 -10 -4 -6 -5 -4 -3 
13 -7 -4 3 5 3 1 8 
-19 -4 -3 -3 -4 -4 -3 -18 
-6 8 -11 -4 -3 -5 -3 7 
-2 -11 -13 -4 -2 -3 -2 -10 
-2 -10 -11 -2 -1 1 2 9 
2 -4 4 1 4 2 3 1 
-11 -1 6 2 -1 -1 -1 -2 
-1 -3 -5 -5 -4 -1 -2 -6 
1 -3 0 -4 -5 -1 -4 4 
12 -5 -14 -3 -5 -3 -2 10 
-6 -6 -5 0 0 0 -1 -6 
-3 -6 3 2 1 1 1 -7 
-4 -5 -3 -1 -1 -3 1 1 
2 4 4 1 0 -2 -4 -2 
-4 1 3 -3 -4 1 3 10 
-18 27 -2 -5 -5 -4 -5 -8 
-4 13 10 -2 -2 -2 -3 3 
13 21 9 4 4 7 7 -1 
-18 -8 -8 -6 -2 -4 -7 -8 
3 -19 -1 0 1 0 -2 -5 
10 3 5 1 -1 -2 1 26 
-3 15 -27 -8 -5 -5 -7 -24 
1 -1 -2 3 3 2 0 -4 
2 -15 11 2 0 2 0 0 
-9 -6 -7 -5 -3 -2 -3 -8 
5 -12 0 2 -1 -2 -1 11 
5 1 3 -2 -1 0 -3 0 
3 3 -6 0 -2 -2 -4 -6 
-7 -13 -14 0 0 -3 1 -6 
-2 3 3 -2 -2 -2 -3 -4 
0 1 3 -1 0 -1 -1 2 
-1 -6 8 1 -2 -2 -2 -5 
4 5 3 1 -2 -1 2 -2 
-2 4 -6 0 1 -1 -2 5 
-9 -6 6 0 0 -1 1 0 
16 -14 -12 -3 -1 -1 -2 5 
-8 -1 -2 -2 1 -2 -2 -13 
7 -3 -1 0 -1 -1 0 14 
0 -1 -5 -3 -3 -3 -2 -2 
0 32 3 -2 -2 -1 0 2 
9 10 3 1 -4 -3 -2 2 
-32 -1 19 1 2 4 2 7 
11 33 6 4 4 4 4 16 
-2 -15 -2 -3 -3 -6 -5 -37 
7 0 0 -3 0 -2 -1 9 
2 5 -6 -1 -3 -3 -3 1 
-3 -12 5 0 -4 -3 0 6 
-6 -4 -1 -5 -2 -1 0 4 
18 4 2 3 1 3 1 -1 
-15 -30 -4 1 1 0 -1 -9 
-6 -24 11 -1 -1 0 0 -10 
3 -3 -7 -1 -3 -2 0 3 
-12 -9 -5 -4 -1 -2 -5 -12 
13 1 0 -1 0 -1 0 8 
-12 -9 -9 -1 -1 -1 -2 -9 
7 21 11 2 1 0 1 34 
-18 -17 -10 0 4 3 1 -38 
10 -7 -5 -5 -4 -4 -4 -18 
4 10 -11 -8 -5 -4 -3 -1 
-4 -1 0 4 3 2 4 4 
-18 0 9 -4 -6 -3 -3 11 
-7 3 -8 -3 -3 -1 -2 -6 
12 -15 -7 2 0 -3 -4 -8 
-17 -12 15 0 -2 4 5 7 
1 -1 0 2 0 0 -1 -1 
2 11 4 -2 -1 -2 -1 -8 
-3 -6 -7 -3 -3 -2 -3 3 
11 -3 -11 -4 -5 -5 -6 -10 
-4 -40 -10 5 3 2 1 -1 
4 -16 11 -4 -3 -1 1 20 
-9 7 12 0 1 -1 -1 -18 
-7 -13 -13 -1 1 0 -2 -9 
5 -6 -9 -3 -4 -2 -1 2 
-4 2 2 2 0 0 0 -4 
1 -5 -19 -4 -3 0 -1 16 
-1 -17 -5 1 -2 -1 -1 -3 
-6 23 12 -4 -2 -3 -1 -14 
6 1 -16 -2 0 -1 -3 5 
0 7 12 2 1 -1 -1 1 
7 7 -15 -4 -4 -6 -5 0 
-4 -4 -10 -3 -2 0 2 15 
1 -2 3 1 -1 -3 -3 -11 
11 2 -6 0 0 -4 -1 -5 
-7 11 11 1 0 2 1 -6 
2 8 -2 -3 -3 0 2 5 
-4 0 -3 -4 -5 -4 -2 -3 
21 5 -6 -4 -2 1 2 17 
-9 -4 -1 -3 -2 -1 -3 -16 
0 3 12 0 -2 -5 -2 -4 
-9 -6 -3 0 1 1 1 0 
16 -4 -5 -4 -3 -2 -3 15 
10 2 1 0 -2 0 0 19 
-11 2 -7 4 5 4 -1 -18 
-3 -2 -8 -3 -3 -4 -3 -14 
-9 -3 5 -1 -4 -1 -1 3 
5 3 -4 -3 -1 -1 -3 -8 
1 17 12 0 -3 0 -2 8 
8 0 -5 0 -4 -2 -1 13 
-24 -9 7 5 7 6 3 -14 
4 -15 -27 -6 -6 -8 -6 -6 
-13 -8 -8 -2 0 1 0 -3 
5 0 -1 -2 -2 -2 -3 3 
-7 -15 4 -5 -6 -3 -2 -9 
-10 -8 -2 3 2 1 1 -2 
37 2 1 -5 -2 -2 -2 16 
-22 -5 1 0 0 0 1 4 
-4 -9 -5 -1 1 -1 -3 -4 
-7 -11 3 -2 -4 -3 -8 -29 
2 -2 1 -3 -2 -3 -3 -2 
9 9 8 3 4 2 1 3 
4 -23 -12 0 -2 -3 -3 -1 
0 -6 2 4 2 2 3 15 
-6 3 6 -4 -3 -2 -3 -11 
-18 3 -9 -2 -1 -2 -2 -9 
0 20 -11 3 1 -1 -1 -5 
3 -4 -2 -2 -2 0 0 6 
-8 -8 -6 -1 -2 1 0 1 
2 1 0 -1 -2 -2 -3 -3 
-3 7 1 -2 -1 1 1 -9 
0 -2 -1 0 1 0 1 11 
7 7 -10 -2 -2 -3 -3 12 
-8 -4 -3 -4 1 -2 -5 -28 
-5 5 1 -1 -1 -3 0 2 
-10 7 -4 0 1 0 -3 -23 
-7 -5 3 3 1 2 2 0 
4 -8 -2 -1 -2 0 1 10 
6 8 -8 -3 -4 -3 -1 -3 
4 7 -1 -1 4 2 3 21 
12 11 4 -3 -5 -3 -4 -11 
