#EMG
#3
#ID:3-66
4 0 13 4 1 -1 -3 0 
-5 -6 2 -3 -2 -1 3 16 
-3 -15 -24 -6 -5 -5 -6 -11 
5 4 10 4 4 4 4 2 
-6 -1 -4 -2 -1 -3 -1 3 
9 2 4 -1 -1 1 0 13 
8 -3 -1 -3 -4 -2 -3 -2 
-7 -3 10 5 3 2 1 -2 
27 -2 -3 2 2 -1 0 -1 
-16 -10 -5 -6 -4 -5 -2 -4 
-3 -1 0 0 1 -1 0 -7 
6 3 1 -3 -4 -2 -1 9 
24 4 4 0 -2 0 -1 1 
-11 2 0 0 -1 -2 -4 -22 
-16 3 -5 2 1 1 0 -4 
17 -10 -8 -6 -5 -5 -3 -3 
-20 -5 -2 -1 0 0 2 -3 
13 -5 -10 -4 -3 0 1 18 
-10 3 19 3 1 -1 -3 -23 
-7 -1 -14 -2 0 -1 -1 1 
-12 -2 -8 -2 -2 -1 0 -8 
3 -3 -5 -3 -1 -1 -2 11 
5 10 4 0 -1 -4 -3 -4 
-10 -5 4 -2 0 0 1 -1 
-4 6 1 -4 -4 -5 -8 -7 
-12 -3 -7 1 2 4 2 -10 
-2 -10 -10 -6 -4 -5 -4 0 
-16 -1 -6 -5 -2 0 4 0 
14 -6 -1 -4 -4 -4 -6 -6 
-4 7 2 -1 -2 -3 0 -1 
-2 -7 0 -1 -5 -1 -2 2 
2 8 8 3 -4 -2 0 2 
3 -5 3 1 2 2 3 31 
11 6 2 0 0 -1 -2 -16 
0 -3 -2 -3 0 -2 -2 -12 
5 -2 -6 -4 -3 -1 -3 10 
-21 -2 -1 0 0 0 2 -8 
-4 5 10 3 1 1 0 10 
8 -3 2 0 -2 -3 1 6 
5 2 -15 -3 1 -1 -3 -4 
3 0 0 -4 -3 -1 -1 -5 
-6 -2 -6 -1 1 -1 -2 -1 
-17 1 4 1 -1 1 0 -6 
9 -7 2 3 3 0 2 7 
-1 -2 -4 -1 0 1 0 14 
-13 -5 -5 -5 -2 -2 -4 -20 
8 -1 -1 -4 -3 -4 -1 23 
-22 -3 -10 -2 -1 1 -3 -45 
28 -11 6 2 0 0 -1 7 
-7 -7 -5 -2 1 1 2 8 
16 2 9 0 2 1 2 -10 
9 0 4 0 -5 -4 -6 25 
-9 -1 1 -4 -2 -1 -2 -12 
5 5 1 -2 -5 0 1 -1 
-10 -13 -20 -7 -4 -1 -1 12 
27 17 16 -1 -3 -2 2 0 
-19 -4 -20 -2 -1 -1 -3 -27 
5 16 5 -1 -2 -5 -3 0 
-3 -1 6 3 1 3 -1 7 
-2 -4 4 0 -1 -4 -2 1 
-26 2 -2 -3 -2 -2 1 4 
4 -2 -8 -2 -1 -2 -1 2 
-2 7 4 2 -2 -2 -2 9 
14 -19 -12 -4 -3 -4 0 -12 
12 -3 0 0 0 -2 -6 -11 
-2 -3 -3 -2 -4 0 1 4 
-23 1 -4 0 0 2 1 -7 
13 0 -7 -1 -1 0 0 -1 
-22 0 1 -2 -1 -1 3 19 
-5 -8 -14 -5 -3 -2 -6 -13 
-1 24 39 9 3 -3 -3 -20 
-8 -9 -14 -4 -1 0 -4 7 
-13 2 -7 -1 -1 -1 -1 -10 
8 -13 -3 -4 -4 -1 -1 8 
11 -28 -11 1 0 0 6 -12 
-16 7 1 -3 -3 0 3 3 
14 4 13 3 1 2 1 11 
-32 0 13 1 2 -1 0 5 
-1 -17 -33 -9 -9 -6 -3 -26 
-13 -11 -5 -5 -4 -3 -3 -7 
23 0 -7 0 3 2 -1 13 
11 26 18 7 -3 -1 -1 -13 
-18 -16 -4 0 3 2 5 0 
-13 -7 -8 -4 0 -4 -13 -11 
-1 10 2 -4 -4 -1 2 -19 
2 6 1 -4 -2 -5 -8 16 
3 29 8 -1 -2 -6 -14 4 
-4 -18 -2 0 1 3 9 9 
-3 -4 -4 -2 -2 -9 -22 -8 
-2 -3 14 6 6 12 19 -11 
11 15 0 10 2 5 3 10 
-10 10 12 -17 -5 -9 -36 -12 
-20 -11 -32 -9 -6 5 30 -10 
9 -18 -7 -8 -6 -6 -10 7 
7 18 9 7 2 0 -2 5 
-11 7 42 15 6 4 12 7 
-8 -26 7 -4 -3 -7 -10 -14 
-2 -20 1 0 -3 0 -7 -10 
-11 -18 8 -6 0 0 4 -14 
17 21 28 14 3 -1 4 14 
10 52 27 7 -4 -10 -10 0 
-11 3 -13 -18 -3 2 7 -4 
3 -41 -63 -25 -12 -9 -29 1 
4 -24 -24 -1 -1 2 10 -4 
52 24 29 14 6 -2 2 22 
-26 -13 -4 18 5 -4 -9 1 
10 21 5 -20 -3 -3 6 4 
-6 -29 -54 -11 -10 -8 -12 0 
0 9 17 6 -1 7 13 -8 
17 27 -37 -9 -3 -4 -8 27 
8 -9 -19 -6 -2 2 8 -21 
-18 -1 2 9 13 10 14 2 
-18 -25 -2 4 -6 -5 -6 -4 
-3 -22 -11 4 11 1 3 3 
-11 30 4 -9 -15 -8 -9 -2 
9 -1 32 3 1 6 6 0 
-12 14 5 14 11 4 0 -15 
0 -23 -50 -24 -13 -9 -7 -20 
-12 -12 21 -6 -3 2 4 10 
25 13 -10 -8 -6 -5 -4 -3 
18 6 -6 1 -2 -2 -1 39 
-4 -17 -6 -6 -4 -6 -4 -30 
-4 -17 -2 3 3 1 -1 -7 
1 33 0 5 -4 -1 4 7 
-20 -17 -2 -1 1 4 7 -10 
8 -1 21 2 1 -1 1 8 
-6 6 11 2 -2 -5 -6 4 
-12 3 -13 -13 -2 3 8 -15 
-12 -35 -31 -14 -3 -8 -18 -12 
13 -3 3 9 4 4 4 18 
-7 -16 -9 6 0 -1 -2 -19 
-22 1 -13 -4 -4 -9 -10 -11 
0 -4 -14 -14 -6 -1 -1 -1 
-9 19 21 0 -4 2 -1 10 
8 -13 39 24 11 0 -7 11 
-4 -21 -53 -17 -2 1 8 -4 
-6 -4 9 -10 -6 -5 -6 -15 
12 12 2 0 -2 2 4 7 
-14 13 9 2 1 1 -1 -10 
5 -3 13 6 -2 -8 -9 -10 
-4 1 -10 -2 0 -1 0 -5 
24 48 13 -1 -3 -4 -10 12 
11 7 -11 0 2 9 20 15 
-29 -6 -2 0 -1 2 -4 2 
28 -14 7 -2 -1 -1 3 19 
-1 -5 10 19 0 0 -1 -15 
-5 -18 -17 -18 -3 -6 -12 -21 
10 15 15 4 1 -1 -1 2 
-6 4 -6 0 1 -2 -9 25 
-4 -2 6 -1 -3 -6 1 -28 
12 5 -16 1 -6 -6 -8 5 
8 -8 19 6 0 3 5 1 
-4 28 16 -8 -3 -1 -3 7 
-20 -25 -14 0 2 4 8 -1 
3 12 12 5 2 0 6 -3 
-7 2 1 0 1 -1 -1 -16 
-9 -15 -24 -4 -3 -5 -7 -13 
16 -4 -12 -1 0 -1 -8 9 
-60 -10 -1 -1 2 5 -8 -12 
12 2 12 0 -3 -4 20 29 
14 -10 -3 9 4 3 2 -13 
-55 -16 6 -12 -1 1 -8 -10 
19 -20 -50 -17 -9 -6 -18 -2 
-6 13 5 3 -3 2 -3 6 
-39 17 34 13 3 4 9 -7 
38 -27 -52 -22 -4 -2 -20 -34 
-3 16 37 10 3 -3 12 16 
-17 20 -17 1 3 4 18 -2 
30 4 23 11 -1 -2 0 12 
-43 27 38 -2 -1 0 4 -2 
-21 15 2 -1 2 3 6 -19 
4 -2 8 27 1 -2 -6 0 
15 -10 -36 -32 -5 -3 -17 6 
20 22 24 9 1 -1 28 26 
8 14 10 5 -1 -3 -20 -8 
-9 25 18 -12 -5 0 -2 -7 
11 2 -30 2 0 -4 -8 9 
-7 -16 19 -1 -1 2 2 -6 
5 -56 -28 -19 -12 -6 4 16 
11 -14 3 4 0 -4 -16 -1 
-16 -20 -17 -11 -3 -1 2 -18 
2 10 48 17 3 -1 5 5 
10 -8 -20 -2 -1 -2 3 2 
0 2 -9 -9 1 0 -2 -1 
-18 -8 12 2 -1 2 2 -18 
3 -7 -2 1 -1 -4 -2 1 
9 13 15 13 3 3 10 15 
6 -3 -47 -19 -8 -7 -17 -8 
-8 -7 40 13 2 2 7 1 
2 2 -26 -12 -2 -4 -5 0 
4 -40 -56 -12 -9 -4 -5 2 
9 -15 -3 5 0 2 2 0 
-12 -5 -3 -8 1 1 6 -4 
-1 -27 10 9 -2 -4 -7 5 
-4 15 -17 -10 0 3 3 3 
-4 -17 12 -6 -5 -8 -9 -7 
18 1 -26 8 6 1 3 2 
-28 -19 44 -7 -11 -3 -7 -20 
10 -19 28 5 1 -5 -4 5 
-4 -5 -11 -1 4 2 4 1 
-17 13 -9 -8 -4 -2 -5 -4 
24 16 14 5 0 3 1 6 
-3 25 8 4 9 4 4 -2 
-5 -15 14 -7 -3 -1 -4 2 
-20 5 -35 -10 -11 -8 3 -8 
3 -20 -33 -3 1 -2 -4 -10 
6 3 37 7 2 -1 1 18 
4 1 -5 7 4 -1 -6 -5 
-1 17 -26 -7 -2 0 -4 -9 
43 -14 -13 2 5 -1 -1 30 
-22 12 13 -2 -3 -5 -2 -7 
9 -1 -2 7 1 -1 1 20 
-17 -13 1 -14 -6 -6 -6 -33 
12 12 -12 2 2 3 7 21 
12 -6 -12 -4 -1 -1 -4 -17 
0 6 15 -3 -5 -4 -6 -7 
10 5 28 12 1 0 -4 12 
-10 44 -39 -21 -7 0 0 -1 
-14 -5 18 9 5 3 2 6 
-11 26 7 -3 -1 0 -1 -16 
15 -13 -2 0 -2 0 3 2 
-17 1 -4 1 1 -3 -5 -12 
3 -1 7 1 -2 -2 -6 12 
21 -11 -18 -12 -7 1 12 10 
-40 -15 5 5 2 -1 -3 -10 
-18 -6 6 2 2 2 0 -10 
2 1 -1 0 -4 -6 -9 -10 
27 -8 19 3 3 8 9 38 
71 4 1 -6 -3 2 2 12 
3 1 7 3 0 0 9 -8 
-2 -12 -16 -9 -5 -4 -2 26 
-22 -40 -14 3 0 -5 -9 -22 
10 10 34 14 3 0 2 4 
18 12 -6 -7 -3 0 -3 20 
4 15 -11 2 -3 1 3 -20 
-6 13 11 -3 -1 -3 -7 -12 
14 -21 2 -7 -6 -2 0 10 
-40 -1 0 12 7 0 -4 -17 
2 31 -21 -1 2 -1 2 13 
9 14 2 -23 -4 4 10 -20 
-41 4 -22 -3 -1 -4 -5 0 
13 -23 -2 1 -3 -5 -1 -16 
6 -14 12 12 1 2 7 -14 
-29 7 -4 -2 2 -1 -7 7 
33 11 7 -1 -3 2 29 92 
-3 -11 -30 -7 -5 -3 -4 -92 
-61 -2 -3 -7 -5 -7 9 -8 
-8 -20 1 4 -1 -6 -17 -9 
11 2 20 12 5 4 -4 -36 
-72 -25 -48 -40 -15 -11 -24 -1 
15 4 60 20 8 5 31 -28 
-1 34 1 1 7 17 -6 -31 
-52 -58 -70 -7 -14 -18 -19 -24 
22 -1 45 2 7 -1 -12 8 
33 16 -40 4 -3 -8 -5 -30 
-20 20 23 1 -4 -4 -6 22 
3 7 10 5 7 11 18 -18 
16 5 -36 -19 -7 -1 2 17 
12 -20 4 -2 -3 -8 -24 23 
30 -5 9 5 0 -1 24 12 
-9 21 -8 -9 -7 -3 -10 -14 
0 7 13 25 10 7 4 9 
-1 -19 -37 -19 -9 -3 3 14 
-22 -72 -27 5 2 -1 1 -8 
-10 -2 -52 -26 -5 -6 -19 -14 
7 10 12 9 -1 -1 0 24 
13 6 15 4 7 7 2 2 
-18 -2 9 0 -7 -6 -8 -4 
1 2 1 -3 0 1 -8 8 
-1 2 30 19 1 1 11 6 
6 2 -11 -12 1 3 -4 1 
5 11 1 -12 -7 -5 -4 0 
0 -4 24 14 9 3 1 0 
-6 3 2 2 -2 -2 5 3 
-7 -3 21 12 5 3 -7 -4 
-6 -16 -33 -13 -7 -9 -13 2 
-5 -16 -21 -16 -11 -2 0 -6 
10 0 -6 -6 -2 -1 1 9 
-3 -11 -35 -19 -6 -3 -7 13 
20 0 -14 2 -1 -4 2 12 
-10 -10 56 13 7 5 -3 -40 
-1 0 7 -1 -4 -3 -2 -13 
-4 5 17 3 -4 -2 -4 -5 
-20 -16 -47 -27 -12 -5 -5 -16 
18 15 19 7 -4 -6 -3 24 
0 -5 5 0 3 3 2 19 
-5 -11 -18 -15 -7 -2 -2 -7 
38 -1 27 13 3 -2 -7 7 
-3 -4 -11 -3 1 2 6 -15 
-30 -13 -8 1 -1 -3 -1 -30 
3 18 24 16 6 5 0 4 
7 -6 -17 -4 3 -1 2 35 
-1 12 4 -6 -5 -3 -6 4 
10 -1 -19 -2 -4 -2 0 -15 
-10 1 -6 -1 -1 0 1 5 
-24 9 13 6 2 1 -1 -20 
8 1 1 1 0 -1 -4 21 
-1 1 -3 -3 -2 -2 2 14 
-2 -11 1 -6 -3 -2 -6 -1 
6 14 9 6 3 -1 3 -5 
-23 -7 -18 -6 -2 -3 -4 -5 
-5 -8 -17 -9 -5 -5 -5 2 
-5 13 9 -1 -1 -2 0 10 
1 -12 12 -2 -3 -1 -3 -19 
2 2 -4 -1 0 -1 -1 1 
8 9 5 -3 -4 -2 -3 6 
-20 -8 -7 2 3 4 6 -6 
-17 -2 7 -3 -1 -6 -10 -26 
-2 -4 -2 -3 -4 -2 -1 1 
-3 -2 8 1 -1 -1 -1 7 
16 9 6 -1 -2 -2 -2 3 
3 3 -12 -3 -1 2 2 4 
-2 -5 -6 -4 -3 -3 -2 -3 
5 2 -5 1 1 2 -1 -4 
0 -5 13 -1 1 0 0 18 
4 8 -10 2 0 -2 -3 6 
-11 -2 4 3 1 0 2 -5 
12 -1 0 -2 -3 -3 -2 8 
1 1 6 2 -2 0 -2 -5 
-11 -2 8 1 -1 -2 -4 1 
1 -6 -5 2 2 2 -1 3 
-1 -6 -20 -21 -5 -1 1 11 
2 -3 0 -1 -3 -3 -4 -17 
3 9 -3 -1 -1 -1 -1 -2 
-6 1 11 9 4 -2 0 -2 
-9 -15 4 10 8 4 2 -1 
-5 -6 -10 -4 -4 -3 -6 -17 
5 2 7 6 2 3 6 24 
31 6 -1 -7 -3 -3 -3 -9 
-10 -1 3 1 -4 -4 -4 -6 
-2 5 -12 -5 -4 -3 -2 -3 
-11 -13 3 3 3 3 4 2 
36 3 -7 -3 -1 -2 1 4 
2 -5 10 3 2 2 3 19 
-9 4 -9 -4 -5 -5 -4 -10 
5 -5 -4 -5 -4 -3 -2 1 
-12 -9 -2 -2 -2 -1 -1 0 
-4 6 -5 1 -1 -1 1 -8 
-2 -2 -2 2 1 0 2 7 
22 16 -8 -1 -2 -3 -4 1 
-22 -12 -13 1 3 4 2 -25 
8 3 3 1 -2 -5 -3 3 
10 -4 4 0 -1 -3 -3 -15 
-8 -2 3 -1 -3 -3 -1 3 
13 6 -1 -1 -4 -3 -7 11 
-3 -5 -1 -2 -1 -1 -1 -5 
-7 20 -10 -3 -1 0 1 -1 
14 -5 -3 -3 -2 0 -3 9 
-14 2 7 -2 -3 -3 -3 -1 
1 -3 -10 -4 -3 -1 -1 -6 
2 -11 13 2 2 0 -3 6 
-16 -1 -4 -2 -3 -3 -1 -10 
-10 3 -3 -3 -1 -2 -1 3 
3 -6 -3 0 -3 -3 -2 -1 
-4 3 12 2 2 3 1 0 
2 1 1 1 1 2 -1 -5 
3 -7 2 -1 -1 -2 -3 12 
-7 0 -4 -2 0 -1 2 -2 
1 -2 6 -4 -4 -4 -3 -3 
-2 8 24 3 2 1 1 -1 
7 -6 -9 -1 1 1 3 -8 
-18 3 15 1 0 1 -2 11 
8 -13 -16 -6 -4 -3 -3 -9 
-16 8 13 -2 -2 -2 -1 -1 
61 -3 -9 -3 -5 -3 -3 15 
-32 -5 -5 -3 1 -2 -5 -51 
-4 -7 1 1 -1 2 2 1 
-6 1 -3 0 -1 -1 -1 0 
-12 3 3 -2 0 -1 -2 -2 
-12 0 -9 -7 -6 -3 -5 -12 
17 -4 -11 0 1 -1 -2 18 
4 15 6 -1 -1 -1 -1 -4 
-17 8 1 1 -2 1 2 1 
4 5 5 3 0 -3 -1 18 
8 -3 2 -5 -5 -2 -1 -6 
6 -7 -26 -1 -4 -4 1 2 
-30 5 6 0 1 1 1 0 
5 5 9 -2 -4 1 -5 -16 
-5 -7 -9 -4 -3 -3 -3 0 
1 -1 -6 -1 -2 -1 -2 1 
-10 5 -1 -4 -4 -4 -2 -6 
18 -5 -9 -2 -3 -2 0 9 
-12 -4 0 4 4 2 1 2 
-6 -8 -8 -4 -3 -2 -4 -7 
22 5 -7 -5 -4 -4 -3 6 
-43 -9 -2 1 1 2 2 7 
-13 -9 6 0 0 -2 -5 -30 
-4 -8 2 -2 1 -2 2 -1 
-4 -14 -7 -1 1 -1 -2 -4 
49 12 7 4 2 -1 2 18 
-22 -5 -7 -5 -4 -3 -3 -5 
-24 -7 1 4 2 1 -1 -32 
-3 -18 4 1 -2 -5 -6 -13 
6 1 9 1 -3 0 0 3 
2 10 -15 -4 -3 -1 2 12 
2 -7 -17 -5 -4 -3 -4 0 
-9 -5 8 1 0 0 1 3 
-46 -9 -5 -2 -2 -4 -4 -6 
0 3 6 0 -2 1 2 5 
9 -3 1 -2 -2 -1 -1 18 
-10 3 0 1 -1 -2 -3 -23 
11 -1 1 1 1 1 1 3 
8 4 7 -2 -3 -3 -3 1 
-3 3 -3 -2 1 0 0 3 
-5 1 -1 -1 -2 -1 -1 3 
13 0 -7 -2 0 0 -1 -5 
9 -4 -16 -5 -4 -1 1 21 
33 -12 12 2 3 2 1 -15 
-54 -12 -12 -7 -5 -3 -3 -5 
10 7 1 1 -1 -4 -3 -1 
-7 -6 3 0 1 2 3 0 
-9 4 -5 3 0 1 1 1 
16 2 -10 -1 -2 -4 -4 4 
8 7 1 -2 0 0 1 18 
-19 0 -2 0 1 -3 -4 -15 
3 0 -7 -4 -5 -4 -4 -3 
2 11 19 2 -1 1 3 14 
-18 -1 -9 -4 -2 -1 -2 -30 
34 0 10 1 2 -2 -1 18 
7 10 13 2 -2 -3 -4 -18 
-2 -14 -7 -7 -3 -4 -4 -10 
17 -2 -9 -4 -3 -3 0 5 
-2 14 12 -4 -6 -2 -1 3 
14 -10 -25 0 2 3 2 5 
-2 0 -1 -3 -1 0 -3 19 
5 -7 -4 -1 -4 -2 -4 -5 
-3 -7 -2 2 -2 -3 -2 -7 
-7 -6 9 -3 -3 -2 0 5 
-1 6 -2 0 -2 0 1 -7 
-7 -4 -2 -4 -1 -2 -1 4 
-22 9 10 0 2 2 0 -2 
-25 2 -1 -3 -2 -1 -2 -3 
-8 -16 8 3 2 1 1 -3 
13 -4 -13 -7 -4 -3 -2 -2 
-10 -8 -5 -2 -1 -3 -2 1 
0 -2 5 -1 -3 -1 -1 3 
6 8 4 3 1 1 3 2 
-6 15 11 0 -2 -1 -2 -5 
8 -2 -17 -1 -1 0 -2 1 
-15 0 -3 -5 -2 -1 -1 -1 
12 0 -1 0 -2 -1 -3 -5 
2 -6 0 2 1 1 3 7 
-3 -5 -7 0 1 1 -1 -3 
-6 9 5 -2 -2 -2 -1 -2 
-2 -1 -7 -5 -4 -1 -1 -5 
13 -10 -8 1 1 -1 0 14 
-13 -7 0 -3 -3 -3 -3 -25 
4 -7 -9 1 1 0 -1 1 
20 -6 4 -2 -4 -2 -2 9 
-62 11 13 -5 -3 0 -1 -14 
9 -7 3 -3 -4 -3 -2 0 
-4 -4 -10 -1 1 -1 0 2 
-5 0 1 4 1 -2 0 -2 
29 -1 -2 3 1 1 0 14 
-24 -6 -14 -5 -5 -2 -2 -4 
-6 -2 1 -1 -3 -1 -2 -25 
-10 -11 -3 -4 -1 2 1 -1 
3 -4 4 6 -1 -1 0 -2 
17 -1 -2 2 1 2 2 12 
-1 26 13 -1 1 1 3 5 
5 8 4 0 1 -3 -2 6 
14 2 -10 -4 -2 -2 -4 -31 
-8 4 2 0 0 -3 -2 -6 
-6 -11 4 -2 -3 0 -3 8 
-3 6 -1 0 0 -2 1 -7 
-1 -2 2 0 -1 0 -2 5 
13 1 1 0 1 1 -1 0 
0 3 -19 -3 -3 -2 -2 0 
-8 5 2 0 1 -3 -1 1 
12 -2 2 -6 -6 -4 -1 14 
-11 0 -3 1 2 1 0 -21 
0 -12 -6 -3 -3 -3 -2 3 
20 -3 -1 4 2 3 2 3 
-60 -6 -7 -8 -8 -4 -5 -11 
15 5 4 4 0 -2 -3 9 
2 -10 -8 -4 -4 -3 -1 4 
-19 -6 -5 -3 -5 -2 -4 -21 
23 -15 -14 -1 -1 -1 0 8 
7 -1 -5 -4 -2 -1 0 8 
12 -5 2 0 -2 -2 2 14 
-22 3 -2 0 -3 -2 -3 -13 
-5 -13 -7 1 0 1 -1 -3 
-3 -1 2 -3 -1 -1 -2 -7 
-38 6 0 -1 2 -1 -2 8 
-3 -4 -7 -4 -3 -1 -2 -5 
0 5 -6 -3 2 0 0 -3 
4 -5 -2 -1 -1 0 1 10 
5 -2 2 1 0 -2 -3 -4 
-6 6 5 0 0 1 2 2 
8 3 3 -1 -1 -2 -5 -6 
-1 -20 5 -2 -1 -1 0 3 
-1 -6 -6 -2 1 2 0 -11 
7 9 7 1 -1 -2 -2 9 
9 -10 7 2 0 -1 1 0 
-11 12 -6 -2 -3 -2 -2 1 
4 -3 5 3 1 -1 -2 -9 
33 -19 -16 -5 -2 -1 0 27 
-37 -5 -15 2 6 2 1 -25 
3 0 1 -2 -2 -2 -1 -3 
-7 -16 -15 -4 -3 -1 0 -4 
13 27 1 -1 -3 -2 -2 -8 
37 5 2 -1 -1 0 2 16 
-32 -6 1 -1 0 -1 -1 -12 
20 -8 -1 -2 -3 -3 -2 -5 
-9 -8 -4 -5 -1 3 0 -1 
15 1 -1 -2 -2 -1 -3 -1 
-7 3 6 0 -2 -3 -3 -4 
4 20 -4 -4 -4 -1 -2 5 
-8 -11 0 -3 -2 -3 -2 -9 
-14 -6 2 1 -1 -1 0 -4 
6 -5 -8 -2 -1 -2 0 2 
-2 11 -2 3 0 -2 -2 -1 
-15 -17 -1 -5 -2 -1 -4 -11 
-7 7 -1 -4 -3 1 3 2 
10 6 0 0 -3 -3 -2 9 
-2 -13 6 -1 0 -1 1 -3 
1 6 12 2 -3 -1 -2 -11 
-3 -1 7 1 -1 0 -2 4 
30 -6 -10 -4 -5 -5 -5 9 
41 25 1 1 2 0 -1 15 
-70 -6 -2 -2 -3 -2 -2 -7 
2 -1 -3 0 -1 -1 -2 9 
-1 10 6 -1 -2 0 -2 -2 
-3 -15 -11 -4 -1 -1 -1 7 
13 -3 -6 0 0 -3 -4 -15 
5 -2 -6 0 0 0 -4 2 
-5 -11 -10 -5 -2 -1 1 17 
-10 -4 3 -2 -1 1 -2 -32 
13 2 -4 0 -2 1 1 16 
-7 13 9 1 -1 -1 1 -7 
9 10 -7 3 2 1 0 0 
-9 -8 -1 -5 -5 -2 -1 7 
1 -3 4 0 0 0 0 -4 
2 -9 -4 -3 -3 -4 -2 -6 
-3 5 10 1 -1 -1 0 -8 
-12 -21 -2 4 4 5 3 2 
38 -2 -6 -2 0 0 2 13 
-31 -2 -3 2 0 -3 -3 -8 
-6 0 4 -1 0 0 2 -4 
-8 1 3 -2 -4 -4 -4 -9 
3 1 -10 0 0 1 2 6 
16 -8 -4 -5 -1 -3 -1 -3 
-6 -4 0 1 1 -1 -1 -10 
-12 -25 -12 0 -3 -5 -3 -11 
-7 10 -1 -4 0 -3 -5 -12 
6 10 -7 0 0 0 -1 0 
19 2 5 1 0 0 2 19 
-38 -6 -9 -8 -6 -7 -7 -34 
-12 -8 -3 -1 0 -4 -4 -22 
12 2 5 -1 0 0 0 -2 
9 -7 -7 -1 -2 -4 -3 -8 
66 29 5 -1 -2 3 4 35 
-23 -22 -6 -1 3 3 3 8 
-5 5 -10 -3 -2 -2 -2 -12 
5 2 3 1 -1 -2 -1 10 
10 -6 2 -1 -2 -2 -1 0 
-17 5 7 -1 -1 -3 -2 -6 
4 0 2 0 -2 0 2 6 
-5 -1 -4 -2 -1 -1 -4 -8 
-20 -10 -12 1 1 0 -1 -8 
8 7 13 1 1 0 -1 4 
-12 0 8 -1 -1 -3 -1 6 
-14 -6 -6 -2 -4 -5 -2 -12 
5 9 0 -4 -4 -3 -3 -1 
5 -5 -3 -2 -1 0 0 23 
4 2 8 5 1 1 0 3 
-9 31 11 -4 0 1 0 -8 
-8 3 3 0 2 1 0 4 
3 0 0 -1 -2 -1 0 0 
2 -4 -5 -2 -1 1 1 14 
53 -7 -10 -2 1 2 2 15 
-75 -11 6 2 1 0 -1 -25 
39 6 -1 0 -3 -4 -1 19 
0 -10 -8 -5 -2 -2 -1 -13 
-7 -9 3 2 0 -1 0 5 
16 7 -11 -3 -1 -4 -1 3 
14 3 -1 0 -1 3 1 0 
-36 -19 -16 -3 -1 -2 -4 -20 
-19 -8 -4 1 -1 1 -1 -9 
12 7 -3 -3 0 -2 -1 15 
-18 1 8 -1 -3 -2 -3 -18 
8 -2 3 2 2 1 2 4 
-4 6 -3 -7 -5 -2 -2 6 
-14 -18 10 3 2 3 -1 -6 
4 2 -2 -2 -2 -2 -1 2 
3 1 9 -2 -2 -2 -2 -1 
-8 -9 -7 -4 -2 -3 -3 -7 
19 -9 -5 0 0 -2 2 21 
-15 -12 -12 -4 0 0 -3 -31 
-3 -1 -10 0 -2 -2 0 3 
-12 -8 0 -1 1 -1 -2 -1 
47 5 -1 -1 -3 -2 -5 -4 
0 -5 0 -1 0 -3 1 15 
-10 -9 0 -3 -3 -1 -3 -13 
-12 15 -1 -2 -1 0 0 -9 
4 7 6 -2 -3 -2 -1 4 
-3 -11 -3 4 4 4 2 1 
12 -1 6 -4 -3 -3 -4 11 
-3 -9 1 -3 -4 -2 1 -8 
-4 -2 -13 -2 -2 -1 -5 -11 
