#EMG
#7
#ID:7-5
-2 4 -3 -1 0 2 0 -1 
-9 2 0 0 -2 -1 -3 -14 
2 9 6 -2 -2 -2 -4 10 
-21 -5 -11 -5 -1 0 -1 -10 
27 8 -7 -3 -1 0 1 21 
-1 -4 4 1 -2 -4 -3 -15 
-23 -10 -5 5 8 5 3 -8 
19 -1 6 1 -1 -4 0 1 
-1 2 3 1 3 2 4 17 
7 5 -8 -6 -6 -6 -7 -37 
-9 -9 -12 2 1 1 -1 4 
-6 1 3 -1 -1 -1 0 -4 
-1 -4 0 -1 -2 -1 -3 -11 
-5 2 5 0 -1 0 0 12 
2 6 10 -1 0 0 0 -5 
40 1 -13 -4 -2 1 -1 20 
-12 4 1 -2 -1 -1 0 -8 
21 -5 -3 0 2 0 0 2 
-10 6 8 0 -3 -2 -3 -1 
-2 -9 -19 -7 -8 -4 0 8 
-7 -2 -2 -4 -2 0 -4 -19 
3 -7 5 4 4 1 1 5 
34 5 2 -2 -1 -1 3 23 
-29 -1 7 1 0 1 -1 -20 
10 -4 -2 -3 -3 -2 -3 10 
-36 -6 -8 -3 -4 -1 1 -18 
-6 -7 -7 -4 -2 -4 -1 -2 
-5 6 4 -2 -4 -3 -5 15 
-13 -9 -8 -5 -4 -6 -3 -14 
2 1 -5 0 3 2 6 19 
-4 -4 -4 -5 -5 -4 -6 -17 
-2 -1 9 5 -1 1 0 -12 
7 1 7 4 1 2 2 7 
-2 2 -10 -4 -1 -1 -4 -6 
-5 -6 -4 -3 -3 -3 -3 -11 
-3 -3 0 3 3 1 2 -1 
-3 -2 3 2 2 0 1 2 
-14 -3 -4 -2 -3 -1 -3 -12 
-4 -5 -2 -3 0 1 -2 0 
19 3 4 -1 -1 0 -2 -1 
-38 -7 6 -2 -5 -3 -3 0 
5 4 -9 -4 -2 -3 -1 8 
-6 -2 -1 0 -2 -1 -2 2 
33 14 13 5 6 2 6 33 
-35 -6 -15 -7 -2 -4 -4 -36 
-5 -1 8 -1 -5 -1 -4 -1 
-8 -8 -9 -6 -3 -3 -4 -5 
-4 1 -8 1 1 0 1 18 
17 -3 -2 0 1 0 -2 -12 
-1 -3 -10 -4 -3 0 2 2 
-18 -1 3 1 0 0 -1 -2 
6 1 3 -3 -1 -2 -2 -1 
22 -3 -13 -5 -2 -1 -2 7 
-5 -4 0 0 -1 -4 -3 -2 
8 3 2 2 -2 -1 3 2 
-12 -7 -5 -3 -1 -3 -4 1 
-2 2 -6 -3 -4 -2 -1 -15 
37 2 4 0 -2 -1 -3 6 
-8 3 3 -1 -2 0 -2 -5 
-11 -11 -5 -1 -4 -1 -2 -17 
6 -5 1 0 -1 2 3 12 
17 10 2 0 -1 -1 1 31 
7 -2 3 -3 -1 -1 -3 -35 
-11 0 -8 -6 -2 -1 -2 -8 
-3 -8 0 2 1 -4 -5 -3 
-15 6 3 -3 0 2 12 6 
26 2 -4 -2 -3 -5 -19 29 
42 3 10 0 -3 -2 -1 -38 
-2 6 -5 -2 -1 -1 0 3 
-6 -4 -8 2 1 0 -5 -8 
0 -1 3 1 2 3 7 8 
-5 3 -1 0 -3 -3 -3 -2 
24 -8 9 3 1 4 1 14 
-12 -8 -17 -3 -2 -7 -7 -10 
-14 -14 1 0 0 1 5 13 
-25 7 33 2 3 1 -3 -13 
16 -6 -40 -4 -5 -2 3 6 
-16 -6 3 -5 -3 1 -1 -3 
2 -7 -3 -1 1 3 2 4 
-1 -7 4 -1 -2 -3 -10 4 
-6 14 17 1 0 -1 10 17 
-8 -6 -1 2 2 -2 -5 -22 
-3 13 6 1 3 4 6 -3 
2 -12 -5 -5 -2 -3 -2 28 
-12 4 13 3 -1 -1 -9 -34 
-1 -5 -2 2 3 5 9 15 
-1 -4 5 2 -2 -8 -12 -6 
-13 -11 -11 -3 -3 -3 -8 8 
9 10 24 0 2 -2 -3 1 
-2 -4 -22 0 -2 1 8 -7 
-10 -2 8 0 -2 -1 9 0 
2 -13 -56 -8 -7 -1 1 -11 
-9 -15 8 1 1 3 -8 4 
10 23 17 -7 -8 -6 -1 -8 
-3 -18 -37 -6 -2 -1 -9 -13 
-8 -7 -19 2 0 -1 0 -2 
-2 -30 0 -4 -5 0 10 10 
-9 0 48 6 0 -1 -9 7 
11 -18 -30 -3 -7 -5 -4 -2 
-3 -1 9 1 0 -1 -3 -10 
-1 -7 -28 -5 -1 -4 1 2 
2 3 21 8 4 2 1 -3 
-11 9 -20 -7 -5 -2 3 7 
-12 8 18 0 4 2 7 -5 
-3 -12 62 17 10 3 -2 -2 
2 -22 -53 -25 -13 -4 -8 6 
-9 -10 21 19 1 -2 -5 -15 
-3 -7 -38 -29 -10 -3 7 10 
-5 51 15 -7 -3 -2 -7 0 
-2 18 3 27 13 -2 -7 -18 
-2 27 34 -7 -3 5 6 -6 
13 26 15 -2 -2 0 1 5 
28 -6 -48 -1 -4 -9 -13 -12 
1 -34 20 6 8 8 11 16 
5 49 -19 -9 -9 -4 -3 17 
3 25 34 11 -2 -2 -3 -2 
-15 -31 -16 -2 2 6 4 -6 
12 56 50 30 5 -1 2 19 
5 -28 -65 -26 -4 -8 -4 -18 
-22 -14 -10 -36 -10 -2 -1 -2 
16 17 8 5 -4 -3 -3 -18 
-27 -30 -42 -10 -7 -4 -9 -16 
1 5 58 20 7 3 -5 9 
1 16 -23 1 1 -2 -1 0 
-40 -17 7 8 4 2 5 -9 
36 -6 10 -11 -5 -2 -1 8 
52 14 -6 4 -1 -1 1 4 
-54 -33 -14 13 1 -2 -6 -35 
-9 -3 -25 -17 -1 6 15 23 
-13 -2 1 -16 -2 -5 -8 -21 
-19 -7 20 16 2 -1 -1 0 
33 -27 -6 -6 1 -4 -2 -3 
-10 7 -10 -10 -6 0 0 -1 
-13 1 -23 -11 -4 -1 7 4 
5 -12 4 2 1 4 3 9 
22 1 29 25 8 4 2 1 
1 3 11 6 -1 -5 -9 -6 
57 3 2 -11 0 1 2 12 
-25 -33 -44 -13 -8 -5 -1 -10 
13 4 -6 1 -2 1 7 33 
5 -6 -7 -13 -5 -4 -2 -4 
-24 -2 18 7 -1 0 -9 -37 
1 3 6 -9 -3 -3 -2 2 
-8 -7 1 -1 0 -3 -10 -3 
-30 11 7 4 1 2 6 -4 
-3 -43 -27 -1 -4 -11 -23 9 
1 12 30 -1 2 3 -1 -6 
-17 -2 -45 0 -1 1 9 -11 
-23 -6 3 3 4 3 -11 -11 
-22 1 -2 6 -2 3 17 24 
-7 -10 -15 -13 -2 -1 -1 -5 
-3 7 25 10 1 0 2 0 
9 5 4 -4 -1 -4 -5 5 
16 1 -23 -10 -8 -1 1 -4 
6 12 -5 5 2 1 2 1 
-4 -33 -1 0 0 0 -2 -2 
-5 -16 3 -4 -3 -2 1 -1 
-11 6 19 -1 0 3 10 -6 
3 20 -37 -2 -4 -9 -18 -5 
16 3 8 1 1 4 4 22 
-4 -7 -9 -2 -2 -4 -15 -12 
3 11 12 -2 -2 -4 7 16 
-8 -27 10 0 1 1 21 -1 
11 32 6 2 2 3 14 7 
22 20 -10 1 1 -1 -6 22 
5 48 13 -2 -1 1 -3 -15 
-9 -11 -8 -4 -1 1 1 -9 
-15 -10 2 -5 -3 -5 -19 -20 
23 -3 4 3 2 0 17 6 
-8 6 12 -7 -3 -8 -16 3 
-3 -8 -11 -1 -3 -2 1 10 
-3 8 1 3 1 0 5 -13 
-4 3 -11 -7 -9 -4 1 -3 
-2 -15 -23 -1 0 -1 -4 0 
-5 1 15 -2 -2 1 6 2 
12 -4 23 15 1 0 -15 -5 
1 49 -9 -10 3 1 4 -4 
-23 -13 -19 -5 -8 -7 -16 -20 
3 -1 -4 9 2 1 -8 6 
-9 10 -31 -13 -1 3 16 -7 
4 -25 27 10 -3 -4 -2 3 
8 -10 3 -2 1 2 -6 -18 
-3 -1 5 -1 1 2 -15 -3 
-4 -30 -9 -5 -3 -10 -5 -8 
2 -6 7 4 1 -1 -5 -1 
2 1 -11 15 4 2 6 14 
-17 -27 -27 -23 -4 -1 -4 -22 
-13 18 22 -8 -10 -2 -1 3 
0 25 28 13 0 1 2 11 
5 -11 -22 -35 -12 -6 -8 -10 
20 13 1 7 1 0 8 20 
-5 -16 21 6 4 0 -7 -20 
3 -8 17 30 8 4 -3 29 
2 -13 -40 -38 -8 -4 -3 -44 
-22 -5 -25 -4 -3 -3 3 -8 
2 -15 -32 -19 -8 -7 -5 2 
18 8 26 8 5 3 -2 -8 
-14 -22 -26 13 -1 -1 2 10 
-15 3 36 5 5 0 3 18 
7 -4 9 0 -4 -6 -14 -12 
-10 -8 -14 -7 3 3 4 -16 
4 -3 -4 5 4 2 3 19 
-3 21 20 1 -4 -5 -8 -15 
8 19 -5 -4 -3 -1 12 26 
-27 -30 -35 -12 -3 -5 -12 -27 
38 -2 26 9 3 3 2 1 
-26 -7 -5 -8 -8 -5 -2 -3 
6 18 34 7 3 1 -1 6 
28 -8 -46 -20 -10 -7 -6 13 
0 0 21 14 2 1 4 10 
5 2 21 19 9 3 0 -2 
-3 17 1 -1 -1 0 -5 -14 
-2 6 -1 -22 -3 -5 0 12 
-21 -1 19 10 1 0 -5 -8 
11 -15 -11 -17 -3 -1 1 23 
5 1 13 18 3 0 -2 -3 
-8 -2 20 -7 -7 -3 -4 -34 
0 -4 -28 -16 -7 -2 3 19 
-14 -2 -10 -4 0 -1 -1 -25 
49 9 -2 8 2 -2 -2 20 
-46 -9 -4 8 4 3 1 14 
-41 2 15 0 0 2 0 -26 
32 5 39 11 1 1 2 13 
-26 -13 -57 -23 -8 -5 -6 -10 
7 2 15 2 -3 0 3 -10 
0 2 -9 -6 -2 -2 0 37 
2 -1 2 10 1 2 -5 -38 
-5 2 8 0 2 3 0 0 
46 -2 -25 -10 -9 -7 -2 31 
-34 -10 -13 1 0 1 -1 -13 
18 2 13 4 0 -1 -3 -2 
-14 -4 -1 -3 -2 3 -4 -2 
4 4 -28 -8 -6 -6 -5 -13 
-16 1 33 25 6 3 7 17 
4 -11 -31 -28 -6 -3 -2 -1 
1 -23 -7 -8 -6 -1 2 0 
-18 37 20 5 2 3 6 -6 
9 4 4 -2 -2 -3 -12 -12 
56 9 -2 4 0 -3 -8 23 
-25 -7 10 4 3 1 12 10 
-7 -29 -12 -6 0 1 -12 -32 
4 3 17 3 4 3 15 31 
-3 -30 -62 -9 -5 -4 -3 -16 
-4 -13 -7 -6 -2 3 0 13 
-18 -12 -20 -4 -5 -7 -9 -18 
17 4 4 -6 -2 3 22 4 
-40 -1 7 0 -2 -8 -29 -8 
5 15 5 3 1 1 12 22 
5 -8 16 4 4 0 10 0 
-2 -18 -38 -7 -7 -4 -6 -22 
-6 20 24 1 0 -1 -14 -6 
-4 11 4 4 -1 -2 -6 -3 
14 -7 20 0 0 0 0 32 
3 -12 5 -4 -3 -2 -3 -8 
-5 23 4 7 2 4 24 12 
-8 6 3 2 3 -4 -18 -13 
24 -39 -36 -4 -5 -1 2 12 
-6 -19 -7 -4 -5 -4 -14 -21 
-10 -23 53 13 4 2 14 29 
21 -1 -19 -6 -1 4 7 -5 
-13 35 8 7 2 -1 2 -4 
-7 14 -60 -12 -7 -2 1 -4 
-18 -38 27 -20 -10 -6 -15 -17 
-4 -10 -59 4 -2 -4 11 -5 
5 28 101 6 0 -9 -35 -3 
29 3 -23 5 11 7 15 3 
-21 7 -9 4 4 1 1 -1 
-14 46 30 -32 -27 -16 -19 -25 
-8 -51 -49 -4 -6 -1 6 -9 
-7 -45 -6 -6 12 5 -2 1 
-3 -22 -28 5 -3 -2 2 -6 
11 7 29 19 -1 -3 -5 0 
5 37 38 -1 -17 -6 -3 -1 
0 30 113 32 15 3 2 5 
5 -7 -80 -47 -20 -10 -10 -15 
-1 -20 -1 -27 -6 -3 -6 24 
24 1 13 -7 0 2 6 14 
-37 33 66 48 11 -5 -20 -18 
6 17 6 -6 8 10 24 4 
6 -7 2 5 1 0 0 5 
-9 -6 -26 2 9 4 2 20 
16 9 -20 -15 -10 -6 1 7 
-6 25 36 25 8 0 -3 -8 
-3 -26 -27 -8 -1 5 5 -26 
-84 -26 -16 3 5 -1 4 -36 
38 1 -2 -7 -13 -13 -26 13 
46 0 -2 5 -1 -3 9 16 
2 -2 -14 -8 4 4 1 11 
-42 11 20 13 0 5 17 9 
7 -19 -63 -38 -16 -6 -7 8 
-4 3 -8 -5 -5 -5 -9 -32 
-11 -9 -11 2 -1 -2 4 29 
57 -1 -38 -17 -7 -5 -8 34 
-64 16 -2 -4 -5 -1 0 -32 
21 4 42 23 8 3 2 13 
-17 2 -13 8 4 -3 -6 -11 
21 14 -37 -22 -6 -3 -3 1 
-2 -42 7 -1 -2 3 1 -2 
-22 39 3 3 3 3 5 15 
2 -4 9 15 2 -4 -8 -24 
3 -15 -12 -4 0 0 -3 -16 
6 -25 -16 1 0 0 2 -3 
-6 -8 5 5 0 1 -3 4 
1 7 50 1 2 -1 -3 -1 
10 14 6 -1 0 -1 -1 -4 
2 12 22 2 3 3 4 1 
-6 -21 -40 -17 -11 -4 -6 0 
1 2 17 5 0 -2 -2 -8 
-12 -11 -10 5 3 2 4 -24 
17 22 2 -1 -3 -5 -4 7 
4 -19 -13 3 1 -1 -4 4 
10 12 26 9 5 4 3 11 
-12 -4 -17 -8 -7 -3 -3 -24 
7 0 -20 -8 -8 -5 -6 1 
-6 4 25 0 1 -1 0 -5 
6 -12 -21 -1 -1 -1 -2 6 
-15 9 22 4 4 3 4 -6 
-10 10 11 -3 -1 -4 -5 -12 
2 -6 -1 -4 -1 -3 -1 5 
-20 -4 -3 0 0 -1 0 -15 
4 -4 -2 -1 -3 -4 -5 6 
-1 4 4 -5 -4 -4 0 -3 
11 -5 3 6 5 5 2 16 
-36 -4 -15 -12 -6 -5 -7 -14 
-2 -11 -9 -2 2 1 0 0 
-2 -3 -12 -5 -2 -2 2 7 
3 -2 1 -1 -4 -5 -4 -6 
5 -1 0 -4 -2 -2 -2 -11 
14 8 14 4 0 0 -3 11 
-16 -1 -27 -11 -6 -3 -3 -27 
15 -7 1 -5 -4 -5 -3 16 
-3 -3 -4 3 2 1 0 -12 
-2 3 9 4 -2 0 -1 2 
15 -6 -6 -3 3 2 1 27 
-9 5 0 -1 -1 -2 -1 -19 
-5 8 6 0 -2 -1 -2 -11 
8 4 4 3 1 2 0 11 
-31 1 3 1 1 0 -4 -18 
-10 11 6 -2 -1 -1 0 -6 
7 -11 1 -1 -3 -2 -1 12 
-9 -7 -5 1 -2 -3 -4 -7 
8 0 -2 -2 0 -1 1 11 
-4 4 9 1 0 -1 0 -12 
-17 -11 -4 -7 -4 -2 -3 -3 
2 2 1 -1 -2 0 -1 -1 
5 2 18 0 -3 0 0 5 
-18 -7 -16 -2 -1 -1 -3 -9 
20 -8 -8 -3 1 -2 -2 13 
-4 1 -8 -8 -3 -4 -3 -14 
1 -4 2 1 1 1 2 -4 
-8 7 3 4 2 4 1 -3 
-2 5 -3 0 -2 -1 -1 8 
-14 -9 -15 -6 -6 -5 -6 -20 
10 2 0 -1 -3 -2 -1 5 
11 7 -2 -3 -4 -4 -1 1 
4 2 1 0 0 -2 -2 4 
0 -8 -3 1 3 1 2 11 
18 16 4 -4 -4 -2 -4 15 
-21 -14 -11 1 -3 1 -1 6 
63 0 3 2 1 0 -2 -6 
14 -4 2 -5 -3 -3 -2 20 
-37 -6 -1 -1 -2 -2 -4 -42 
0 -3 -13 -6 -6 -4 -5 5 
-4 4 1 -1 -1 1 0 -3 
6 0 -10 0 1 0 2 4 
1 -14 15 0 -2 -3 -1 5 
1 1 -8 -3 0 1 0 -7 
-22 -2 7 4 1 0 -1 -4 
2 0 -3 0 -3 -1 0 -2 
-6 -10 -7 0 0 1 1 4 
-9 -2 10 2 4 -1 1 -8 
-8 -7 -11 -2 -2 -1 0 1 
-15 -1 -1 -4 -4 -5 -6 -8 
26 4 -1 -2 -4 -3 -4 -6 
3 6 -2 0 1 2 1 -2 
-14 9 19 -3 -2 0 0 3 
1 4 -12 -4 -2 -1 -4 -14 
-20 -19 -7 8 9 6 4 -5 
5 2 4 -1 -2 -4 -3 1 
7 -3 -1 -1 1 -2 -2 8 
-34 4 5 0 0 -2 -1 4 
11 17 18 2 0 0 -3 -15 
10 -4 -1 1 2 3 0 1 
-16 -2 -15 -3 -2 -1 -1 -8 
21 -13 -8 -4 -3 -4 -1 20 
-1 12 -9 -5 -3 -5 -2 -15 
-1 0 5 1 -2 0 -1 3 
-24 -2 -2 0 1 1 2 -10 
8 5 6 1 -1 -3 -9 -33 
-3 6 -2 -1 -5 -3 0 9 
-4 4 -3 -2 0 -2 -1 -4 
9 -4 0 1 0 0 1 -3 
-50 -2 1 0 -2 -1 -2 12 
17 19 -24 0 -1 -2 -4 -3 
-10 8 -3 -2 -1 -1 -1 -3 
-3 -4 -15 -6 -6 -3 -2 -2 
15 0 6 1 -3 1 2 20 
18 -8 -4 -5 -4 -5 -4 -22 
-12 2 1 -2 -4 -1 0 5 
4 -4 -5 1 2 -1 -1 -1 
9 3 -12 -4 -3 -1 -3 -7 
-5 -15 -6 -3 -2 -1 0 17 
4 -2 -5 -2 -2 -6 -4 -20 
-13 7 9 -1 -2 -3 -3 0 
11 -1 3 1 2 1 2 -8 
-16 2 7 1 -1 1 2 11 
0 -19 -9 -6 -3 -1 0 -4 
-1 3 -3 3 2 2 1 5 
-1 -1 6 2 1 -2 -2 -5 
-5 1 -1 -1 -1 -1 -1 4 
-1 -7 0 -2 -1 -2 -3 4 
1 -10 -14 -3 0 0 -1 -18 
12 7 9 1 -2 -2 1 3 
-5 3 10 1 0 -1 0 -4 
14 -2 -13 -5 -6 -1 0 20 
-2 -2 0 -1 -1 0 -1 -19 
1 -16 -6 1 1 0 0 9 
-11 -7 -10 -2 -3 -1 -1 -18 
5 -5 9 5 1 0 -3 1 
2 -3 9 0 -3 1 0 7 
1 0 -1 0 0 0 0 -4 
-8 -7 -3 -4 -1 -1 1 11 
-2 -6 -6 -1 -2 -3 -2 -4 
4 4 -3 -4 -3 -3 -4 -5 
-1 -2 3 -1 -3 1 0 -5 
-5 2 2 0 1 0 1 8 
16 2 -4 -3 -2 -3 0 15 
-20 4 -1 -1 -2 -3 -4 -31 
6 8 -7 -3 -1 -3 -1 -7 
-4 -9 -1 -4 -4 -1 -1 5 
59 7 11 -2 0 2 1 26 
-54 -2 -10 -4 -3 -5 -8 -29 
-4 -2 3 0 0 1 -1 6 
3 -16 -23 -6 -4 -6 -4 -4 
-9 -1 -14 -8 -5 -3 -3 -7 
20 -3 6 1 -3 1 2 28 
-2 -11 -1 -2 -2 0 -3 -15 
-2 0 4 3 1 -3 -3 0 
-21 -2 -5 1 0 -2 -2 -12 
10 7 -1 -1 0 0 0 8 
-6 10 4 0 -2 -1 -4 -2 
-11 -20 -15 -2 2 5 4 4 
-5 -2 14 4 2 0 -2 -10 
17 -6 -13 -3 -1 -2 0 11 
-4 -2 1 -4 -3 -4 -3 -21 
-13 5 16 1 -2 0 1 -1 
-1 5 5 -1 -2 -4 -4 3 
-1 -3 2 0 -2 -1 0 -1 
4 1 -3 2 2 0 0 8 
16 3 -10 -5 -2 -2 2 15 
-58 -26 -14 -5 -1 1 0 -42 
16 -9 6 0 -2 -2 0 12 
-7 -9 -7 -4 -3 -3 -3 -6 
10 10 8 0 -1 -1 -3 8 
5 5 13 5 -1 -4 -1 15 
40 5 -3 0 1 0 1 0 
-7 17 8 -1 -3 -1 1 13 
-11 -7 0 -2 1 0 -3 -25 
-4 -10 -6 -7 -5 -2 0 4 
-11 -2 7 4 5 4 3 2 
8 -1 -2 -2 -1 -3 -2 1 
12 10 13 2 -2 0 -3 4 
3 13 23 9 8 7 5 2 
-12 -5 -25 -6 -6 -6 -9 -14 
-9 -16 -14 -4 -1 0 3 0 
-12 -2 2 -2 -2 -3 -6 -18 
17 2 5 -1 -1 0 0 -1 
-13 -11 1 0 -1 -1 0 1 
-4 -2 -6 -1 -2 -4 -3 -7 
-3 1 -4 -1 -1 1 0 3 
-8 -5 -13 -4 -3 -2 -1 8 
5 3 7 -1 0 0 -1 -15 
4 2 1 -4 -4 -2 -2 -5 
-5 -11 1 -2 -1 1 1 0 
-11 1 -12 -1 0 -2 -2 -7 
-4 1 3 0 -1 -2 0 10 
6 -1 7 0 -3 1 -2 0 
15 -1 -13 -5 -4 -3 -1 5 
-9 22 11 0 -3 0 -2 -6 
-12 -8 1 -2 -1 -3 -2 -3 
0 -5 2 0 3 1 2 -6 
3 -10 -18 -1 -2 -4 -4 5 
-3 -14 0 -5 -5 -3 -2 -3 
-5 9 6 3 0 2 3 4 
1 2 7 2 -3 -3 0 5 
24 -7 0 -2 3 3 3 13 
-27 -16 3 1 -1 -2 -5 -41 
1 10 -3 -1 0 0 1 0 
-28 -5 -12 -2 0 2 3 14 
3 3 4 -1 -2 -4 -6 -24 
13 -1 -7 -1 1 -1 0 10 
-4 -2 1 1 -1 0 1 -2 
7 5 0 0 0 -2 -1 5 
-9 6 -2 0 -2 0 1 -1 
2 0 0 1 0 0 0 12 
1 -2 0 0 -1 -2 -3 -5 
-2 -13 12 0 1 1 1 -1 
-1 25 6 -1 -1 0 3 5 
-1 -7 -2 -9 -4 -2 -3 -2 
5 -6 8 2 2 -1 2 9 
30 0 -6 -1 -2 -3 -6 4 
-34 -10 -6 0 0 -1 -2 -16 
1 3 2 1 -2 -1 1 0 
4 -5 -9 -3 -2 -2 -3 11 
-2 2 3 1 2 -1 -1 -16 
4 3 4 0 -1 0 -1 9 
2 -8 -12 -2 -2 -3 -4 -4 
-16 -4 -12 -4 -3 -2 -1 3 
23 7 -13 -3 -2 -2 -4 7 
1 -10 14 4 1 2 -1 -3 
-3 -7 -21 -5 -1 0 -3 9 
0 -7 -4 -1 1 -2 -3 -13 
-14 -6 -19 -1 -2 -1 0 0 
-5 3 -3 -3 -4 -3 -3 -19 
11 13 10 1 -2 -2 -2 -8 
0 1 -6 -3 -2 -2 -1 1 
-12 -10 -10 -3 -3 -3 -1 0 
1 -10 -4 1 1 -2 0 13 
6 6 10 -1 0 0 0 -13 
-1 -1 7 2 1 1 0 3 
-19 2 6 -2 -2 -2 -1 -12 
9 2 1 -3 -2 0 -2 14 
11 -4 -18 -3 -2 -4 -3 -8 
-4 12 -1 -4 -4 0 -2 -1 
-7 2 6 1 2 0 -1 15 
6 -6 -18 -5 -3 -2 -4 -22 
-17 -22 -16 -10 -6 -5 -5 -26 
-6 -10 6 4 5 5 5 -2 
-7 7 10 -2 -3 -3 -4 -4 
-3 11 10 -2 -1 0 2 18 
13 2 9 2 0 -1 0 2 
-7 -13 -7 -3 -2 -1 0 -7 
9 -12 -5 -3 -3 -3 -2 -5 
5 -7 1 0 0 1 1 0 
4 4 0 -2 -1 -2 -3 9 
9 -1 -4 -6 -5 -3 -2 34 
-1 7 12 6 1 2 -2 -28 
4 -2 -4 -3 -3 -2 -2 -3 
-21 -3 -8 1 1 2 2 6 
8 3 9 -2 0 -1 -1 1 
-7 -6 -12 -4 -2 0 -1 -4 
1 3 -2 -1 -1 -3 0 0 
-7 -6 -8 -1 0 1 -1 0 
-2 -7 21 4 0 1 1 0 
-9 0 -13 -3 -1 -1 -1 -13 
-16 -5 -3 -2 1 0 0 -24 
7 6 -5 3 2 -2 -1 9 
2 4 -4 -2 -2 0 0 -4 
-3 -13 -2 0 -1 -4 0 0 
-13 -1 -6 -1 2 3 2 6 
-12 -4 4 0 0 -1 0 5 
11 0 -10 -2 -3 -3 -3 -12 
1 -3 9 0 -1 0 -2 4 
-4 0 7 1 -1 -1 -2 7 
1 -4 3 -3 -4 -2 0 3 
3 1 -3 -1 1 -4 -3 -12 
-1 1 -7 -2 -2 0 2 3 
2 1 15 5 0 -3 -2 1 
0 3 -3 -3 -4 -2 -4 6 
-5 12 1 -2 -4 -4 -2 -3 
-1 -4 -26 -1 -1 -1 -2 4 
4 5 -1 -2 -1 -3 -4 -14 
-7 3 2 2 4 1 2 -1 
0 11 -15 -1 -2 -1 -3 2 
3 -13 -2 -3 -1 -1 -5 -14 
11 1 5 3 -2 -1 1 12 
-33 -1 -3 -4 -6 -5 -4 -13 
0 5 4 2 2 2 -1 5 
11 0 6 1 0 0 1 15 
-6 -9 0 -2 -3 -1 -3 -2 
2 -4 4 0 1 -1 -3 -23 
-12 -10 7 3 2 1 0 -5 
3 13 1 -1 0 0 1 4 
-1 -10 -5 0 0 2 3 10 
5 16 3 -1 -2 -1 -3 9 
-6 -13 -11 -3 -1 1 -1 -21 
-3 3 4 -3 -3 -1 -1 -5 
-4 -7 -2 0 -1 -2 1 2 
10 -1 -7 -1 -3 -2 0 5 
-5 -1 4 0 -1 1 -1 -3 
23 -8 0 -4 -5 -2 -2 23 
-33 -8 -7 -2 0 -2 -4 -27 
4 10 5 -1 -2 -2 -1 18 
-2 -6 -7 -5 -6 -6 -2 4 
-3 4 2 -2 0 0 -1 -2 
-3 -9 -1 -1 1 -1 -2 -1 
7 0 0 5 1 0 0 -1 
-4 -10 4 -1 -1 -1 0 -3 
-8 6 -1 -1 0 1 -1 -8 
3 8 -10 -4 -3 1 -1 4 
-8 -19 -13 -5 -1 0 0 -6 
7 5 2 -3 -2 -3 -1 4 
-11 -6 1 -1 -4 -3 -1 -6 
2 0 10 1 2 1 2 5 
1 -4 1 0 -1 -1 -4 -4 
-4 9 11 7 4 1 0 7 
-6 -10 -16 -12 -8 -8 -7 -16 
2 -10 -3 1 1 3 3 3 
37 10 0 -4 0 0 0 18 
