#EMG
#3
#ID:3-1
-2 4 -3 -2 -2 -1 0 -5 
3 -10 -12 0 1 2 1 8 
10 5 12 3 -3 -2 -4 8 
-22 -15 -22 -3 -2 -2 -2 -17 
38 2 6 1 -1 -2 0 -4 
-13 -10 -19 -14 -6 -5 -6 -13 
-20 -1 -9 -6 -3 -1 -3 -26 
14 4 9 9 -1 -3 -2 10 
-11 -6 -10 -5 -2 -1 2 0 
0 6 22 5 -1 2 2 -7 
7 -10 -29 -7 -4 -4 -5 16 
9 6 13 -2 1 -3 -1 -2 
-6 0 -7 5 1 1 0 11 
-14 9 17 6 2 2 1 -11 
-14 -4 -9 -3 -2 -2 0 -13 
44 -5 -13 -2 -1 -1 -1 19 
-12 -1 -11 -8 -3 -4 -3 -4 
-2 1 -2 -5 -2 0 3 11 
0 -11 -16 2 -6 -4 -2 -5 
-4 3 1 -9 0 1 0 6 
-6 -4 16 7 1 -2 0 -6 
-2 -6 -24 -16 -5 -3 -1 -5 
0 0 16 10 7 8 8 9 
1 -9 0 -6 -2 -4 -4 -3 
-9 4 -8 1 -1 -2 -3 -8 
5 11 14 4 1 -3 -2 -5 
9 6 4 -1 -5 -4 -3 1 
-17 5 7 3 2 2 -1 -11 
-26 -13 -13 -5 -2 -3 -2 -15 
9 -8 -8 0 1 -1 0 16 
-2 -4 -2 -6 -3 -6 -5 -22 
-4 -1 9 4 0 0 1 10 
-10 -7 -14 -2 -4 1 0 -2 
-8 0 4 -10 1 2 0 0 
-2 0 2 -1 -1 1 -2 8 
0 10 9 5 0 0 0 1 
16 -1 -5 -6 -1 -1 -1 9 
-5 -4 -12 1 -3 -3 -2 -7 
4 7 16 8 3 0 0 -6 
-9 -16 -12 -11 -7 -4 -2 -5 
-8 -3 5 2 1 3 2 -5 
1 -6 -9 1 -4 -4 -4 -7 
2 4 7 -1 -2 -2 -1 8 
-10 -1 -16 -2 -6 -4 -2 -15 
0 -2 6 -1 -2 -1 -2 8 
5 -2 -1 -3 -2 1 -4 -11 
13 -2 -2 2 -1 0 0 14 
2 3 3 -2 0 -2 0 13 
5 7 15 10 2 1 1 9 
13 -1 -6 -7 2 -2 -4 -25 
-37 -12 -5 -3 1 1 1 -4 
2 12 10 2 2 0 0 5 
10 7 6 3 2 2 -3 3 
0 0 11 10 1 0 3 10 
-8 -16 -46 -16 -5 -5 -3 -7 
-5 6 -18 -10 -4 0 2 6 
-4 0 -4 0 -1 -3 -6 -19 
-5 2 12 3 -1 -1 -1 2 
10 7 22 4 1 -2 2 9 
-16 -12 -2 0 0 2 2 -15 
1 -2 -9 -6 -3 -1 1 1 
-3 -3 -3 -2 -1 0 0 23 
8 8 14 11 2 1 -1 -11 
1 2 -1 -11 -4 -1 -5 0 
12 5 -2 5 4 1 4 18 
-20 2 -1 -3 0 1 0 -17 
21 -12 -20 -8 -4 -4 -3 2 
-6 -9 -4 3 -2 -4 -4 -5 
-6 -8 -22 -12 -4 -4 -4 -5 
-10 -4 0 -3 -6 -3 -3 0 
2 11 -6 -4 -3 -3 -2 0 
-11 -16 0 2 5 3 2 -4 
9 5 13 3 -2 -2 -2 -30 
-7 -4 23 21 3 -2 -3 0 
-5 5 4 -20 -4 -3 -4 -27 
-2 6 -4 -5 -4 0 1 23 
0 -7 -13 -3 -3 -2 -4 -29 
-3 8 -18 -3 0 1 1 -5 
-4 -6 9 7 1 2 0 8 
4 7 10 6 2 -3 0 -5 
-4 2 13 5 1 -1 0 8 
-1 -11 -9 -14 -7 -3 -1 -2 
5 -6 -13 -6 -3 -1 -4 4 
-25 0 2 1 -2 -3 -2 -2 
7 -10 -2 -5 -4 -4 -2 21 
10 -2 26 10 5 3 1 -5 
4 3 -17 6 1 -2 -3 36 
-9 12 1 -10 -3 -2 -2 -30 
19 -12 8 -3 -5 -2 -1 21 
-24 7 14 8 2 2 0 -17 
1 -6 -30 -19 -6 -3 -1 1 
12 7 -4 6 -1 0 1 9 
-13 7 -5 -8 1 2 2 0 
5 -7 5 4 -4 -3 0 10 
1 10 7 8 3 4 3 -8 
-6 0 6 2 0 -3 -4 -2 
-12 -3 -14 -8 -4 -2 -6 -11 
6 -11 -17 -3 2 1 0 13 
-18 5 34 13 3 4 2 -2 
24 5 -7 -14 -3 -2 -2 -12 
-48 -20 2 -3 -7 -9 -7 -42 
2 3 -10 -4 1 -2 -4 5 
5 7 14 8 -2 -1 -2 -2 
11 4 -12 -1 -4 -3 -5 4 
-6 -13 -20 1 7 4 4 2 
8 9 12 2 -1 -3 0 -3 
-6 -13 -34 -10 -5 -7 -3 -9 
5 -2 6 3 -1 -1 -3 -5 
2 11 7 -7 -7 0 1 14 
-7 -4 -18 -10 -2 -3 -6 -29 
-16 0 21 3 1 1 4 11 
-7 -16 7 10 4 3 -1 -27 
31 13 14 4 2 0 2 10 
-9 5 -16 -7 -2 -1 0 11 
-1 -18 -4 -4 -2 0 -2 -16 
0 -11 -22 -11 -6 -3 -3 2 
-12 8 20 18 10 6 5 2 
20 3 -17 -7 -4 -2 0 24 
-3 -2 -6 -1 0 -2 -3 -12 
-15 -17 -3 -5 6 5 5 7 
42 5 12 3 -5 -6 -3 18 
-15 -8 -9 -7 -3 -4 -4 -10 
-18 -4 -9 -6 -6 -3 -6 -40 
-11 11 31 21 5 2 5 0 
-24 -9 -30 -22 -5 -3 -2 -9 
16 -5 -1 4 0 -1 -2 4 
0 5 26 2 2 0 3 29 
-4 -11 -30 -15 -7 -2 0 9 
-5 -1 3 2 -2 -3 -3 -20 
-4 11 17 5 1 2 4 1 
-1 -2 -10 -2 -2 -3 -4 1 
8 4 7 4 -2 -1 1 10 
-4 -11 -14 -2 -2 -3 -2 -10 
-2 -3 -3 -3 -2 -3 -4 -5 
3 5 8 1 1 3 1 6 
13 -11 -5 -2 -2 -3 -2 8 
5 15 -17 -4 -4 -1 2 -27 
-1 -19 0 -1 -1 -2 -1 -2 
4 1 -5 -7 -5 -4 -4 -2 
5 8 23 6 3 1 2 9 
-23 -4 -9 2 0 1 2 7 
33 -2 0 -13 -4 -4 -6 4 
-5 1 7 7 4 1 4 -4 
2 23 17 8 -1 -1 -4 -9 
-3 -8 -2 3 3 0 0 15 
-10 -6 -23 -10 -6 -2 -2 8 
-16 2 -5 -2 -2 -3 -2 -28 
5 -6 -3 -1 1 1 -1 -7 
-3 -2 19 6 2 -1 -2 24 
8 4 6 2 -2 0 1 2 
0 10 8 1 0 0 -2 -2 
30 3 8 4 -1 -2 -2 0 
-9 -15 -17 -15 -8 -2 -3 3 
-26 -8 -12 -7 -1 0 -1 -36 
0 -7 6 5 -2 -1 2 12 
9 2 4 -4 0 -2 -3 -1 
6 -3 20 7 -1 -1 0 3 
-20 -1 -25 -8 -3 -5 -3 -10 
8 -10 -9 -1 -2 -1 -3 -21 
-26 -1 -19 -3 -2 -1 1 8 
18 -5 1 -3 -4 -4 -6 -9 
-12 5 14 6 1 0 2 10 
10 7 3 -2 -1 -1 1 2 
-4 -3 -6 -5 -1 -1 0 -2 
0 7 -4 -5 -3 -1 -2 3 
-1 13 11 12 2 3 4 -5 
-9 -13 -32 -23 -6 -2 0 2 
-10 -15 -10 -15 -9 -3 -6 -1 
9 7 14 1 1 -1 0 14 
-9 -1 9 7 2 2 1 -17 
13 -10 -20 -4 -4 -6 -7 24 
-1 2 -14 0 -1 -3 0 -3 
-4 5 -5 -3 -3 -1 -3 -10 
8 -3 3 4 3 1 3 18 
-12 4 15 4 2 2 3 2 
18 -10 -5 -5 -3 -2 -1 -2 
-7 -8 -17 1 4 2 2 0 
-10 -2 12 -1 -3 -2 -2 5 
-1 4 6 -1 1 0 -2 -2 
-10 -2 2 1 2 1 -2 3 
-1 11 6 2 0 -2 -1 -14 
7 -8 -2 -4 -3 -2 0 9 
-12 4 11 9 2 0 -1 -12 
17 2 -46 -13 -5 -3 -2 4 
-22 9 -11 -15 -7 -4 -5 -10 
-1 -7 -11 -3 0 2 0 -4 
7 2 7 -4 -6 -4 -3 11 
-10 -2 20 12 4 2 3 8 
4 -8 -11 -4 -4 -2 -3 -10 
-3 6 1 -1 -1 -3 -1 -2 
10 -7 2 0 -1 1 -1 -3 
-4 -2 10 4 -1 0 0 10 
4 -1 -8 -6 -4 -2 -2 -6 
10 -8 -1 0 -2 -3 -4 9 
4 -3 -20 -4 -1 -2 -2 9 
-11 6 26 7 4 -3 -1 -11 
-21 -6 -18 -13 -6 0 2 0 
25 1 1 -5 -1 0 -3 11 
3 5 8 3 1 0 0 9 
-4 10 5 -1 -3 -1 -4 -14 
12 13 2 6 5 4 1 -1 
23 2 -4 4 3 2 3 11 
-22 -10 -5 -9 -4 -6 -7 -14 
-3 4 -4 -3 -1 -2 0 0 
-8 -7 24 16 7 4 2 -11 
9 -9 -18 -13 -7 -6 -6 -6 
5 -2 0 7 2 2 2 0 
-1 -11 -11 -6 -4 -3 -1 -8 
-7 -9 1 2 5 2 1 22 
1 0 13 6 -1 -1 -3 -25 
-11 5 9 1 0 -2 0 1 
-11 0 -4 -3 -2 -3 -2 -16 
10 -3 1 -4 -5 -4 -2 5 
-21 6 11 4 2 0 -2 -25 
4 3 -23 -10 -2 -1 1 1 
19 0 7 -2 -2 2 -3 9 
-2 -18 -2 4 -3 -2 -2 2 
3 0 -11 -6 4 3 4 12 
-6 -9 -10 -5 -4 -2 -4 -8 
-20 -6 -10 0 -2 -2 -1 -8 
7 -3 0 -5 -5 -5 -5 -11 
2 11 3 3 1 0 -1 17 
-6 -9 25 9 5 5 2 0 
-11 -10 -23 -9 -4 -5 -3 -7 
-7 8 6 4 -1 0 1 5 
-8 -5 -6 -6 -6 -4 -4 -17 
19 3 4 7 3 2 4 29 
4 8 6 1 0 0 -3 -20 
-9 -15 3 5 2 -1 1 -9 
-11 -13 -28 -16 -7 -4 -1 2 
-2 -3 -4 5 -2 -3 -3 -2 
1 17 12 -7 -1 0 -1 11 
-2 -13 -15 -9 0 3 3 12 
-12 -15 -4 -2 -6 -8 -11 -18 
-7 -2 -8 -3 -5 -5 -3 -23 
1 -15 -5 2 -2 -3 1 14 
-10 3 -26 -3 -2 -1 -3 -13 
12 7 22 4 4 6 4 27 
6 1 -6 -4 -3 1 -1 -6 
-14 -3 -4 -1 -1 0 -2 -42 
8 8 6 -2 -3 -5 -7 12 
-2 -2 3 7 2 1 2 2 
-4 1 -12 -13 -5 -4 -1 0 
-1 -2 -8 1 -1 0 -1 7 
8 8 7 0 3 -1 2 -2 
-15 -4 5 -1 -2 -2 -3 -14 
-3 -5 3 -2 -1 -3 -3 -4 
-17 -15 -12 -4 2 2 4 8 
7 0 18 2 -4 -6 -10 -8 
-8 6 -6 5 2 -1 0 3 
8 -10 -14 -17 -7 -3 -2 1 
-4 1 17 5 -1 -3 -3 14 
-1 7 0 -5 -1 0 -2 -37 
-9 3 -4 -5 -4 -3 2 -1 
6 6 7 5 2 1 -2 -15 
10 11 12 5 4 1 2 19 
-5 2 25 3 1 2 -1 14 
-6 -6 -11 -3 -2 0 -1 -12 
-1 -2 -1 1 0 0 -1 4 
-3 4 5 -2 -1 -3 -4 -6 
1 -3 4 3 3 1 4 11 
11 -17 -8 1 -1 -3 0 -4 
4 3 -3 -8 -2 0 0 6 
11 -6 -9 -2 -1 0 -1 10 
-18 -12 -27 -15 -9 -4 -5 -27 
-1 7 15 0 -1 0 2 5 
5 14 20 13 5 5 7 30 
-4 -18 -17 -5 -4 -4 -6 -59 
4 -2 3 3 2 1 3 14 
-4 -7 5 -1 0 -3 -7 7 
-7 1 1 1 0 -2 -1 -14 
-1 6 5 -2 -2 0 0 11 
0 -2 -13 -3 -3 -5 0 6 
-2 4 12 3 -2 -1 -2 -5 
-2 -8 -17 -5 -1 -2 -2 -9 
10 0 -7 -2 -1 0 0 14 
-9 3 5 1 0 2 -2 -9 
-12 -4 0 0 0 -2 1 14 
-5 -9 -21 -22 -10 -6 -8 -29 
-5 -1 6 7 2 1 0 -2 
13 -4 -20 -17 -4 -2 0 28 
4 6 17 9 1 0 -1 -11 
9 13 12 8 3 2 1 6 
-3 -8 0 -3 -2 -2 -4 -2 
5 -16 0 9 7 3 7 15 
1 7 2 1 1 -2 -15 4 
0 6 12 4 2 0 2 -4 
20 -2 -2 2 0 -1 -7 15 
1 -11 -6 -2 -3 -3 1 7 
-7 -7 -14 -6 -2 3 5 -10 
24 6 3 2 -2 5 13 60 
-27 -5 1 -1 -4 -10 -24 -81 
4 5 -9 -2 -3 -3 -3 -3 
13 -12 -8 -6 -2 -1 -6 -1 
-13 9 3 3 1 2 6 -3 
32 -11 -4 -8 -3 1 3 34 
0 2 23 6 1 -1 -3 -9 
-9 -13 -42 -1 -2 -5 -3 18 
-6 -30 3 -2 2 0 -1 -25 
-10 -12 -28 -6 -3 -2 5 9 
5 5 47 8 4 0 -4 -12 
-24 49 21 -2 -3 0 5 9 
-18 -2 13 2 -2 -1 -7 -31 
-20 3 -2 4 -3 -3 2 16 
5 -11 -40 -28 -9 -2 -8 -12 
-9 -25 1 -1 2 6 16 3 
21 4 5 10 -1 -8 -2 17 
-11 -20 1 -15 -5 4 19 -15 
6 13 12 4 -2 -4 -6 26 
-4 -14 -17 -5 0 -6 -16 -28 
-24 4 17 5 4 -3 -3 -20 
12 5 -20 -1 -5 -4 -3 13 
-2 -15 -15 7 2 -1 6 2 
-7 3 9 -1 -2 -1 3 -17 
-1 19 4 -9 -1 -1 -7 2 
-9 7 8 1 2 1 0 9 
-6 -23 -46 -15 -2 -2 -7 -6 
22 0 45 16 2 4 1 14 
-17 -25 -17 -3 -3 0 -1 -18 
11 8 -5 -4 3 -2 -6 11 
7 5 9 6 -10 -3 -2 -2 
18 2 -66 -37 -5 -5 -4 6 
-12 35 33 -2 -14 -3 -3 5 
9 26 8 2 3 0 3 4 
-17 -25 -33 9 -5 -1 0 -8 
10 16 27 25 25 -2 -2 -2 
8 -9 -58 -35 -37 -9 -8 1 
-7 -11 -16 -14 -7 -2 -4 -6 
-1 23 44 2 -7 -2 0 3 
-5 -52 -47 -4 -3 -1 -2 -12 
-12 24 18 15 15 -2 -4 -1 
28 -22 -1 1 0 1 1 18 
-41 -7 -7 -21 3 1 0 -26 
12 14 28 -4 -8 -5 -16 2 
-2 0 27 24 14 10 12 8 
29 -2 -23 4 -1 0 12 43 
-14 5 8 1 8 4 1 -30 
-10 -18 0 1 -9 -10 -20 -9 
14 -8 -13 -6 -1 -4 4 8 
-20 5 6 1 0 -8 -26 -19 
10 14 -3 2 1 2 2 21 
2 4 8 1 -6 2 11 9 
-34 -19 -22 -7 1 2 4 26 
20 -2 10 -4 -2 -1 -9 -27 
-7 11 -6 0 -2 -3 -2 -18 
11 -7 1 -4 -3 -1 2 7 
-3 -18 -9 -5 1 0 3 -14 
5 5 34 23 3 3 -5 -21 
-15 1 -44 -30 -5 3 19 34 
19 21 13 4 -4 -9 -29 -37 
-18 -8 -30 -13 1 -2 -7 -26 
-7 -8 11 8 3 2 8 13 
-45 -13 42 23 3 2 9 -14 
-4 -1 6 1 3 5 -23 4 
-9 -14 -51 -23 -8 -5 38 20 
15 -2 -8 -17 -6 -7 -28 4 
9 -16 1 0 2 -3 25 7 
-47 0 17 5 1 -1 -11 14 
4 -7 6 9 2 -2 -21 -10 
-42 5 -12 -6 1 7 31 18 
16 -2 8 5 -5 -6 -26 -25 
2 12 2 5 -3 -2 29 24 
20 11 18 4 3 0 -12 -1 
15 47 103 37 16 8 15 3 
-4 -38 -76 -41 -15 -1 -16 -3 
-7 9 19 3 2 5 15 -10 
4 -15 -24 -23 -6 -1 -6 -6 
-7 4 58 6 0 0 1 -17 
16 21 35 15 8 1 -9 6 
13 39 66 4 -5 3 11 7 
7 14 -47 2 8 -2 -2 -8 
-22 -4 52 -10 -19 -2 -9 -7 
10 -46 -48 0 11 -2 -6 3 
-13 -16 -2 12 8 3 13 -7 
9 7 100 23 -8 -4 -11 0 
-7 -1 -53 -34 -21 -6 -2 -5 
7 24 43 12 19 6 -2 2 
-13 -17 -86 -38 -36 -11 -3 -14 
6 0 16 3 8 1 -5 2 
-9 -30 -44 -6 -3 -3 -1 -3 
18 42 38 10 0 4 8 3 
7 25 18 13 13 0 -1 4 
-7 -13 -14 5 3 3 2 4 
2 -21 -44 -12 -1 -2 1 -7 
2 7 -6 5 -4 -6 -6 -5 
-10 -15 1 -3 3 5 7 -1 
5 -48 -38 -12 -10 -4 -7 1 
-23 -35 -65 0 5 -1 0 -10 
-2 15 26 0 -1 -2 -3 -1 
6 15 -31 -14 -9 -6 -7 1 
-27 13 -6 -6 2 6 4 -22 
20 8 27 5 4 -4 -7 -2 
11 23 -11 -3 -10 1 5 7 
3 -24 -11 -5 -2 -5 -2 4 
-3 20 46 16 6 0 -11 2 
1 51 -59 -4 0 -1 12 -17 
-3 -57 10 1 -3 2 8 -3 
-17 -7 15 1 6 3 -7 33 
41 -14 -33 -11 -8 -11 -18 -28 
-23 19 21 6 4 1 5 -5 
15 -4 -34 -9 -8 -4 -12 -9 
-13 1 -10 1 1 3 6 29 
12 -2 2 -18 -7 -1 2 -28 
3 2 4 7 0 -2 -19 2 
1 5 44 1 0 -2 8 9 
-8 -9 1 7 2 0 -12 -4 
-10 4 3 14 5 10 52 39 
18 -38 -29 -24 -7 -12 -44 -17 
-29 52 51 16 7 8 -17 -60 
60 -8 -54 -43 -20 -18 -18 18 
-13 7 28 22 5 0 -25 38 
-15 -2 19 10 10 12 42 -49 
-19 -15 1 7 -3 4 25 -3 
-40 -12 22 13 -1 -7 -6 -25 
20 4 -33 -18 -6 -14 -45 -58 
45 11 28 23 7 -1 -36 36 
-27 -36 -70 -45 -14 -4 30 49 
26 66 36 9 10 7 -58 4 
-10 -21 10 5 -4 5 21 -94 
-29 14 24 30 6 -7 -4 71 
-24 -17 -25 14 3 0 20 -77 
-6 -85 -14 -25 -9 -15 -8 -36 
-27 0 -79 -49 -11 -3 -34 3 
0 -38 -16 -16 -17 -8 -15 -12 
15 14 20 2 1 3 5 22 
-8 -10 -45 0 -6 -1 23 -6 
41 16 40 43 10 -1 -8 17 
-31 5 -4 -34 -8 -1 20 -21 
18 -4 37 13 2 3 -12 41 
-9 1 -35 0 1 2 -1 -38 
8 -10 -4 -11 -5 1 20 39 
-3 -1 1 5 4 2 13 19 
12 -44 51 8 -3 -4 -26 7 
2 -22 -68 -9 9 -1 14 -6 
-20 -5 37 12 -9 -1 12 17 
4 -25 -73 -42 -25 -4 7 -7 
20 40 5 5 21 6 -15 0 
-23 1 27 -2 -28 -6 9 -30 
8 6 17 11 8 1 21 43 
2 1 44 18 3 -1 -7 -5 
1 -10 -15 6 -3 -10 -10 7 
-2 13 -2 -12 13 13 20 14 
-9 -8 -30 -12 -3 -5 -10 -2 
13 4 -9 -8 -8 -3 5 2 
-4 12 5 10 -5 -6 -2 9 
9 24 43 3 8 6 14 8 
-35 -25 -21 -3 2 0 -8 -11 
5 21 13 10 16 11 10 -7 
8 -12 -46 -21 -14 -11 -8 11 
-11 21 61 23 6 -1 -4 -19 
46 -6 -9 5 4 -1 -1 -10 
-34 -29 -86 -36 -12 -7 -6 -28 
18 54 -10 3 -8 -3 -9 29 
38 12 16 5 0 3 10 21 
-6 12 27 7 4 2 1 -3 
22 2 20 22 7 0 4 28 
38 -1 -12 -8 -2 1 -2 28 
-46 -15 -26 -5 -9 -7 -5 -75 
-21 -36 12 9 7 3 3 9 
2 -1 4 2 1 1 3 27 
13 -13 -12 -16 -9 -7 -2 -29 
11 7 6 6 2 0 -5 25 
-3 1 2 -7 -6 -2 7 -1 
-13 -12 3 0 2 0 -1 -14 
-32 -18 -21 0 2 1 -1 -7 
2 4 -1 5 3 4 6 7 
4 12 -2 -12 -8 -8 -8 3 
12 0 12 2 -1 0 4 17 
1 12 9 4 6 3 0 -5 
-2 -3 7 -1 -3 -2 -3 -3 
-2 22 -5 -4 -1 1 2 5 
-2 10 25 13 7 1 0 -7 
-19 -23 -1 -1 -3 -2 -5 -6 
-4 -17 -33 -21 -5 -1 2 8 
6 8 13 4 0 0 1 14 
-2 -1 -10 -4 -3 -5 -11 -14 
-1 14 2 0 -3 -2 -5 -6 
3 7 9 5 5 3 7 12 
-1 10 29 10 3 0 0 1 
-10 -13 -5 2 -6 -6 -6 -12 
-9 4 -25 -23 -9 -4 -2 -8 
9 -7 -27 -4 -6 -1 1 15 
-5 0 -5 -9 -2 -1 -4 -15 
-2 11 19 7 4 -1 0 0 
0 -8 8 6 1 1 -1 -4 
-5 -2 11 6 1 -2 -1 3 
-5 -2 -10 -6 -4 -1 -1 26 
-3 -3 -2 -6 -3 -3 -2 -25 
1 -3 -8 -2 -2 2 0 6 
-5 0 6 1 -2 -3 -2 0 
-23 19 6 7 3 4 6 -1 
-23 -4 -16 -6 -1 2 0 -19 
-1 -6 7 7 0 -3 -2 -5 
-4 18 -6 -9 2 3 2 7 
13 -16 -13 -5 -7 -6 -4 1 
12 3 0 -3 -1 -1 0 22 
-5 -9 -4 -2 -2 -5 -7 -28 
7 3 14 5 -3 -4 -2 3 
2 -7 -6 1 0 1 0 4 
-4 16 -4 -6 -3 -3 -3 0 
-9 11 7 1 2 1 1 6 
13 -9 -13 -5 -2 -5 -4 -3 
9 -2 10 -4 -3 -3 -3 3 
-11 -10 -10 0 -1 -1 -1 0 
-10 8 8 -1 0 -1 0 -1 
1 -6 -9 0 0 0 0 -7 
-12 5 8 6 3 0 0 -16 
16 -6 0 -9 -3 -2 -2 5 
-3 -6 -18 -8 -5 -2 -1 1 
2 -4 7 2 0 2 2 15 
15 5 -2 0 -1 0 -4 -19 
-2 -8 -6 -1 -5 -4 -1 -6 
-12 -8 -2 -5 -3 -1 1 -1 
8 -2 5 1 -2 1 1 17 
2 -5 -10 -3 -5 -2 -6 -18 
-15 4 12 5 3 1 1 -10 
15 -3 -3 -4 -3 -3 -3 8 
-2 5 4 2 1 2 -1 -1 
-5 -11 -8 -4 0 -2 1 6 
-7 -15 -11 -7 -2 -1 -2 -2 
-4 -13 -24 -7 -5 -3 -3 -3 
-2 1 7 4 -1 -3 -2 -6 
-1 -9 -11 -10 -5 -4 -4 3 
-12 6 -5 -4 -3 -2 0 -5 
38 -2 6 2 2 2 5 35 
-3 -7 -2 -2 -1 -3 -5 -41 
-13 4 1 0 -1 -1 0 -12 
-2 -4 7 1 -3 -3 -4 -3 
-6 2 -2 1 1 0 0 -6 
-3 -3 -1 0 0 1 -1 7 
5 3 -2 -5 0 -1 0 13 
13 0 -2 1 2 2 0 -1 
-15 0 1 -1 1 -1 -1 -2 
-1 -3 -6 -5 -3 -3 -4 -3 
-9 -9 -3 -1 -2 -2 -1 2 
-4 -13 9 -1 -1 2 0 5 
-17 -1 -12 -2 0 -3 -4 -11 
-5 4 2 -4 0 2 2 8 
4 2 5 -3 -3 -4 -2 7 
14 7 -6 1 -4 -2 -1 2 
-7 -4 1 0 1 -1 2 -7 
0 -9 2 0 -2 -3 0 2 
-3 5 6 2 1 1 -1 -6 
2 3 -2 -2 -2 -4 -1 1 
-6 3 4 1 3 0 -2 -7 
-14 1 13 3 0 2 1 3 
27 -1 -19 -5 -4 -3 0 22 
-56 -8 4 -1 -1 -1 -1 -43 
1 6 1 -1 -2 -3 -4 0 
-7 -4 0 -1 0 -2 -1 -7 
5 -11 -4 0 -1 -4 1 14 
22 -28 -27 -5 -1 -3 -6 1 
-7 24 14 6 0 3 1 -3 
-5 -8 -14 -8 -5 -6 -3 0 
7 14 5 0 -3 -1 -5 5 
24 -13 0 4 3 2 3 12 
-10 -10 1 -2 -3 -2 -1 -6 
18 2 12 3 1 0 1 -6 
-16 -11 -24 -5 -3 -3 -3 -12 
-10 11 6 1 2 0 1 1 
12 -4 -8 -3 0 0 -2 4 
16 5 -3 1 -1 -1 -1 20 
-24 1 1 -2 0 1 -1 -30 
4 10 7 1 -1 -1 -1 1 
3 -5 -4 -3 -1 0 0 4 
-11 4 1 -1 -2 -2 -4 -11 
3 -9 -1 -3 -1 -1 1 -1 
-7 0 17 -2 -2 -2 0 7 
-11 -4 1 0 1 -1 0 2 
11 -12 -11 -2 -4 -1 -6 -3 
-7 0 8 2 6 1 2 3 
3 -4 -1 1 -2 -1 -1 3 
-4 -7 7 -4 1 2 2 -2 
-10 -1 0 -4 -1 -1 -1 -4 
17 5 1 2 0 0 1 24 
-12 -35 -33 -11 -5 -4 -7 -19 
-9 5 -2 -3 -3 -2 -4 -15 
-6 2 0 2 1 2 1 4 
0 0 0 -1 -1 0 -1 -5 
9 7 -3 2 -3 -2 -2 11 
-6 1 -2 -1 -1 -3 -3 -4 
13 -3 -3 -4 -3 -4 0 0 
0 7 -3 0 0 -3 -3 -4 
6 -21 1 4 5 8 7 17 
-33 -8 -18 -4 -3 -4 -5 -44 
-6 6 -1 -5 -3 -4 -4 -4 
-4 3 4 -2 -1 -1 1 -1 
12 11 -3 -3 -5 -4 -3 -2 
11 0 10 1 -2 -2 -1 -10 
-4 -12 -5 -1 -1 2 0 1 
-10 17 10 3 1 0 0 -8 
-27 -3 9 -3 0 -2 -4 -12 
15 -6 -8 -2 -3 0 -4 5 
-6 5 5 3 -2 -2 -2 -5 
1 -5 5 0 -2 0 -1 0 
3 14 6 0 -4 -2 0 23 
-9 12 9 2 0 3 1 -7 
0 3 -5 0 2 2 0 -8 
