#EMG
#5
#ID:5-5
2 -9 -1 1 1 -3 -2 -2 
-9 -7 -8 0 -3 -1 0 -2 
-1 7 15 9 2 0 1 12 
0 1 -1 -12 -6 -4 -4 -8 
6 -7 -23 -10 -6 -3 -4 -2 
-10 6 -3 0 2 1 0 0 
-6 -10 -8 -3 0 0 -2 -10 
31 5 16 6 0 1 3 36 
-3 7 4 -2 0 -3 -2 -13 
-10 -13 -15 -5 0 0 1 1 
-10 -3 -3 -2 -2 -2 -3 -7 
-3 2 -4 0 -1 -2 -1 -8 
16 8 18 2 0 0 1 7 
-20 5 -2 -2 0 2 2 24 
-11 11 7 -5 -3 -3 -5 -28 
5 -3 -10 -6 -3 -3 -1 1 
-8 -8 -2 9 1 -1 -1 0 
1 -3 -8 -12 -3 -4 -2 6 
-1 -3 -6 -2 0 -2 -2 0 
-1 4 15 0 0 -3 -1 -3 
-5 1 -10 1 0 2 1 0 
4 -10 18 3 3 0 0 -2 
-8 0 2 -2 -3 -1 0 17 
-2 -9 -20 -7 -5 -3 -6 -23 
-3 7 9 6 3 1 2 7 
-1 -3 1 4 0 0 -2 -19 
-9 -3 7 -4 -3 -1 1 -4 
-15 2 -7 1 -1 0 1 4 
-3 -12 -4 -4 0 -4 -4 -21 
-18 0 -2 -5 -4 -5 -6 -8 
0 2 18 8 5 3 2 -6 
2 -6 -21 -6 -1 -2 -1 15 
1 4 2 -5 -2 -1 -1 -6 
6 -2 8 9 -2 -6 -2 -5 
-7 -13 -31 -18 -4 -2 -1 3 
22 -3 7 0 0 2 4 37 
0 4 7 -1 2 2 -2 -29 
3 12 -1 4 -5 -1 -2 -6 
0 -7 -9 -2 -1 -1 -1 3 
-7 -3 -9 -3 0 -4 -1 5 
11 -8 -8 -4 -2 -1 0 4 
10 9 1 -6 -3 -1 -2 -3 
-4 10 -1 -2 -3 -2 -3 -6 
5 -2 -4 0 -1 0 -1 -2 
-9 -3 -3 3 4 0 0 11 
-1 -3 -2 -1 0 0 0 -1 
-3 5 27 15 1 1 -1 -18 
-13 -5 -56 -27 -6 -3 -4 -12 
5 3 6 0 -2 0 -1 9 
-5 -3 -9 -3 -2 -2 -3 -5 
-1 -10 -3 -2 -2 -1 1 13 
-7 9 22 12 1 -1 -4 -12 
-1 -2 11 -4 -2 -1 0 11 
13 -11 -14 -5 0 0 -1 -11 
8 -3 2 2 -1 -2 0 13 
-4 4 18 3 -1 -2 -1 -23 
-10 -11 -35 -12 -4 -1 1 28 
5 -2 11 2 0 1 0 -26 
7 7 -6 -6 -4 -4 -4 0 
-7 -7 16 8 1 2 1 -8 
3 -8 -19 0 -3 -2 0 7 
-22 9 13 1 0 0 0 11 
2 -14 -23 -8 -3 -3 -6 -24 
3 11 19 8 -2 -2 -1 3 
-7 -15 -5 -7 -1 -4 -3 -11 
-6 -2 -2 -1 1 -1 -1 5 
-11 -9 -23 -5 -3 -1 1 5 
5 8 16 5 -1 1 -1 7 
0 9 13 4 0 -1 -1 -1 
6 -7 -6 0 0 -1 -1 -12 
-7 -6 -5 -4 -2 0 -1 14 
0 -5 -16 -8 -5 -3 -3 -1 
-26 -1 4 3 -1 -1 -1 3 
9 4 -2 -2 -3 -4 -9 4 
8 1 11 3 1 -1 9 9 
-7 -23 -12 -5 -4 -3 -2 7 
12 -9 -14 -1 -1 -3 -2 0 
-10 -15 -22 -2 0 -2 0 -2 
-4 8 9 -4 -1 -1 -5 -1 
7 3 -11 -6 -2 -2 1 11 
2 4 4 0 0 -2 -2 -10 
3 -4 2 -4 -4 -4 -5 -2 
-2 -1 7 1 3 2 4 -1 
1 22 0 -2 -2 -4 -8 -19 
-17 4 17 5 3 5 1 -4 
27 12 8 10 2 -3 0 21 
-18 -7 -10 -19 -6 -5 -11 -26 
-5 -3 -2 -1 -1 0 -1 -26 
-8 -4 -5 -3 -1 -2 -1 -22 
2 -5 7 1 -1 3 6 1 
8 12 -2 1 1 1 3 16 
5 -16 -15 -3 -1 -4 -5 24 
-12 6 1 -1 -1 -1 4 -3 
-4 -5 6 -2 -1 -1 -3 1 
-2 13 15 10 1 1 7 -2 
-2 -3 -1 -6 -3 -1 -4 -6 
10 -6 10 -3 -3 0 3 14 
2 7 -19 -2 -2 -1 -8 -13 
18 -22 -1 -4 3 3 9 51 
-40 -1 -5 3 0 1 0 -48 
36 4 5 3 -5 -5 -17 4 
-36 -12 -8 -8 -1 -1 -32 -9 
9 11 13 4 -2 0 38 37 
14 -12 11 8 7 4 18 22 
2 17 -8 -4 -1 -1 -9 5 
3 -3 1 -10 -7 -3 -2 -5 
8 3 3 12 0 -2 -16 30 
-20 -19 -7 -16 -6 -9 -25 -52 
-16 9 26 7 3 3 24 -1 
31 -6 11 8 4 -4 -18 14 
-31 1 -20 -10 -7 -5 3 -30 
70 12 5 3 -2 9 20 47 
-58 -7 -11 -1 -4 -7 -20 -50 
4 7 -11 -9 1 4 11 2 
-1 -17 13 3 1 -2 -16 -14 
11 8 26 16 2 -1 -6 43 
-4 -10 -19 -15 1 4 5 0 
16 4 11 8 -1 -2 2 30 
-10 -10 -24 0 3 1 -4 -24 
-5 17 -17 -16 -6 -4 -1 -22 
9 -29 37 12 4 2 -15 0 
-15 2 -13 -10 -8 -6 18 -1 
6 12 17 -1 0 5 6 3 
-12 5 12 9 0 -4 -11 0 
3 -4 -18 -6 3 3 11 2 
-9 -23 -6 -6 -6 -4 -4 -55 
0 -7 -8 10 -1 -3 -3 -5 
-13 12 3 -9 0 -2 -22 -23 
1 5 16 6 -2 5 43 22 
-9 1 -14 -6 2 -3 1 12 
-3 1 2 -8 -3 -5 -18 -11 
-17 -14 6 10 0 -2 11 0 
24 16 3 5 -1 -4 -12 15 
25 11 -12 -7 -2 7 13 28 
-44 -3 21 -5 -2 -5 -20 -47 
22 -10 -51 -20 -8 3 11 18 
6 18 7 3 0 -4 -14 15 
0 7 19 3 -2 -4 11 0 
14 5 -16 -4 -6 -3 -15 -8 
6 3 29 3 0 0 -1 17 
9 -33 -21 -4 -3 -2 0 2 
-21 23 -9 1 1 -1 4 -15 
7 10 15 7 5 0 -6 7 
-2 20 14 -10 -4 -3 11 1 
4 -8 -34 -10 -7 -2 -10 -20 
-11 -19 28 17 6 6 -1 7 
-5 -6 -27 -19 -6 -1 5 -9 
-16 -11 -22 6 2 0 17 3 
4 9 34 -3 -6 -10 -13 -8 
-21 -4 -25 -9 -1 2 -1 -11 
23 -3 -20 1 -4 0 4 2 
-7 -19 -11 2 3 2 -2 -8 
-3 18 0 -2 -5 -3 -5 -17 
-13 3 9 3 0 -3 -1 -5 
2 -21 13 -1 -4 -2 1 -1 
-11 3 -1 0 2 2 -3 -11 
5 -3 -27 -7 -3 -2 -3 9 
1 -15 -4 -1 -2 -3 -10 -8 
-19 -2 -23 -8 0 -1 6 5 
4 -8 15 6 -5 -6 -11 -3 
-3 22 32 8 2 -1 2 17 
-5 3 -23 -6 -3 5 4 -8 
2 -7 -15 0 1 0 -1 4 
0 -12 -16 -5 -1 -2 1 -8 
-7 -17 0 -1 -1 1 -4 -5 
2 4 8 -1 -3 -6 -17 -6 
25 20 37 7 -2 -2 19 47 
-11 -14 -37 -3 -2 -4 -16 -21 
6 -4 -8 -7 -4 0 1 -7 
1 5 0 3 1 -3 -13 -9 
-12 12 39 5 2 4 7 3 
18 3 -24 3 0 3 4 -4 
-6 1 -3 -12 -2 -2 -4 24 
4 -16 -10 -2 -1 2 17 24 
4 2 9 -1 -1 -3 -16 -11 
-22 -18 4 1 -2 -2 -7 -3 
-3 7 -7 1 -1 1 16 -11 
22 -4 -6 -2 -1 -2 -5 19 
-20 17 -7 -4 5 4 14 -15 
-1 8 9 2 -1 2 11 -3 
2 -13 -12 -3 -5 -7 -17 -18 
-2 -3 13 2 -1 -3 14 2 
1 -18 -4 -4 -7 -11 -13 -18 
1 2 -10 -9 -6 -2 -4 15 
1 -12 -20 0 2 2 6 -16 
-10 2 3 1 -1 -2 -2 -14 
-13 -6 -16 3 2 1 -19 -24 
10 9 66 24 7 3 14 21 
9 47 32 -14 2 1 -3 6 
-9 -18 -59 -9 -8 -2 5 -6 
0 5 -23 -16 -1 1 2 1 
-2 5 -16 -7 -1 -5 -13 8 
2 1 34 14 4 1 0 -9 
1 7 22 3 2 -2 -5 -3 
42 36 52 6 -2 -1 -1 17 
-5 -14 -23 10 3 -1 -3 5 
-35 10 -25 -20 -5 -5 -2 -48 
-1 7 16 -7 -5 -1 -2 6 
15 -43 -46 0 -1 -3 -10 3 
19 -4 23 -4 -1 3 10 6 
-23 -11 -7 12 3 -1 -6 -10 
5 -8 -12 -7 -3 1 -3 -8 
-20 -9 -13 3 2 -2 -21 6 
-11 4 0 -4 -2 -3 3 -21 
-2 -30 8 10 0 0 -3 15 
-5 2 -24 -10 -2 -1 1 -10 
-4 -9 -24 -7 -3 2 6 -3 
-10 -7 -2 -8 0 1 -5 -1 
13 -18 -4 2 -2 -2 -1 15 
5 30 70 20 9 3 2 13 
1 -3 -20 -9 -9 -7 7 -3 
-11 -19 -36 -11 -3 -5 -11 -8 
6 7 14 5 1 0 6 14 
0 -17 -38 -20 -10 -4 -5 0 
2 19 15 6 1 -1 2 -2 
-3 2 35 -4 -3 0 -3 -2 
-7 -3 -18 2 -1 -2 -3 2 
8 13 -13 1 0 2 1 9 
-2 -5 20 5 0 -2 -1 -10 
0 19 -9 -2 -2 -5 -2 3 
-3 2 -3 -3 -3 0 0 2 
-11 -25 -11 9 4 -5 -5 -10 
7 -29 -42 -6 -6 -2 -1 -4 
0 4 -12 -10 0 0 -3 -2 
5 5 12 1 -2 -3 0 5 
1 3 24 1 -1 0 -2 -1 
-10 11 31 11 3 1 5 -1 
15 25 1 5 2 0 0 2 
-7 0 -11 -1 -2 -1 -2 -7 
0 -14 -3 -2 1 2 5 1 
1 -4 -23 -6 -2 3 4 0 
-8 -4 23 1 -1 -4 -6 -7 
1 3 6 -1 0 0 -2 7 
-3 0 -30 2 0 1 3 -6 
-12 -25 -16 -7 -3 -3 -3 -6 
-3 3 -3 1 3 2 2 0 
12 -7 0 2 -2 -3 -4 -9 
-10 18 25 -2 0 -3 -2 1 
0 7 7 -1 0 -3 -7 20 
-8 -2 -5 -2 -3 1 2 -28 
-5 -14 -21 -19 -9 -6 2 2 
7 -14 -8 -3 -2 -1 -1 -3 
3 3 -3 -1 -2 -4 -11 -4 
2 10 9 7 2 2 0 21 
-3 -11 -19 -1 -2 -1 6 16 
-7 5 15 -6 -3 -2 0 -5 
1 20 14 4 -1 -5 -1 -5 
4 8 -6 -10 -9 -5 -4 1 
1 -16 -55 -6 1 2 -14 -8 
-5 -22 -10 -1 -1 3 20 -4 
-5 -3 16 0 0 -8 -10 -10 
16 -3 5 -2 -3 -2 -9 7 
-24 4 26 6 3 -1 0 -19 
2 6 -31 4 -1 -2 -26 -25 
-9 -25 -7 -6 -3 3 32 -10 
-2 2 19 -7 0 -2 10 -10 
8 8 -4 0 -1 0 -11 12 
-12 -11 -23 -19 -11 -13 -2 -27 
0 15 20 8 3 -1 -13 -6 
6 -23 4 2 0 -3 35 14 
-5 26 18 8 6 9 -40 -9 
-14 2 19 -4 -5 -3 69 21 
0 -9 -9 11 1 -15 -82 -27 
-10 -12 3 -15 -7 0 6 -19 
35 3 1 -2 -2 -6 19 -16 
-3 -17 -5 -4 -2 6 -14 33 
-31 1 -20 -2 -4 -7 -24 -43 
-3 -14 15 46 11 1 -4 16 
-1 -21 -49 -42 -6 -3 -18 27 
9 -1 13 3 3 9 31 34 
-29 -18 -13 -10 -5 -5 -4 -25 
9 31 -8 -6 1 3 -41 -11 
8 6 78 8 -5 -13 9 24 
-28 20 45 12 4 0 -8 -46 
17 44 -37 0 0 10 39 67 
-18 -18 -48 -14 -2 2 -13 1 
-9 15 19 1 0 0 4 -10 
39 6 35 10 11 7 -28 22 
-9 30 43 -8 -6 0 26 -40 
-20 -21 -73 -12 -4 -2 -3 -2 
1 -46 -27 7 -4 -3 9 -5 
-1 -2 -12 -2 -3 -2 -56 -1 
17 0 25 10 5 7 25 24 
6 2 13 3 -2 -8 -3 6 
-11 3 -17 -3 -3 -1 -7 -22 
-7 -15 -83 -18 -11 -12 -12 -16 
4 -23 4 -2 -1 5 20 33 
2 -22 -14 -16 -5 -6 2 3 
1 11 17 16 2 9 22 -3 
-9 -17 5 -11 -2 -8 5 -7 
0 -13 -30 -11 -6 -10 -32 -4 
13 -8 38 16 -2 -2 4 12 
-21 8 1 -3 1 2 -5 -30 
14 14 17 8 7 9 22 18 
-7 -16 -20 -21 -10 -2 12 25 
-9 14 -3 1 -5 -5 -18 -21 
11 -3 -14 6 -1 -6 -4 16 
3 6 16 5 2 0 -5 3 
8 15 20 6 2 4 1 -13 
-3 -9 4 10 4 4 23 9 
1 -8 4 -7 -2 3 12 13 
-5 12 -49 -29 -22 -21 -36 -33 
-6 8 6 12 9 7 11 1 
8 18 22 3 2 1 -5 3 
-3 -17 -24 -15 -7 -6 -4 1 
12 13 38 20 8 3 5 8 
-25 -17 -7 -10 -5 -1 0 -12 
20 -10 -15 -11 -9 -8 -7 -7 
-27 4 36 2 0 -4 -3 -8 
-13 -29 -54 -14 -7 -1 -3 -9 
-11 -6 8 -6 0 1 2 3 
26 -2 14 0 1 0 -4 20 
-14 2 2 7 3 4 10 -11 
-5 3 14 14 4 0 -10 -18 
3 -4 0 -4 -3 -3 -4 7 
9 14 42 -2 0 -2 1 36 
17 -2 -53 0 -3 -1 -3 -13 
-7 10 20 4 1 -2 9 -24 
13 1 -6 3 1 -4 -13 -14 
-20 -13 -13 -3 2 2 -12 -30 
-1 18 5 2 2 -4 -3 -1 
-12 1 3 0 1 3 18 26 
24 -1 2 0 -3 -2 -8 -5 
-13 -6 -14 -7 -7 -4 4 -6 
6 -4 7 0 0 3 0 7 
5 -2 3 -1 -1 -1 2 10 
4 24 32 9 4 -2 -3 -2 
-25 -5 -3 -2 1 2 3 -6 
16 0 -7 -2 -1 -2 -12 3 
10 2 7 0 -4 -2 2 10 
-8 -23 -13 -7 -5 -3 -1 6 
-9 -2 -4 -2 1 1 -6 -18 
-6 0 2 -2 -2 -3 3 7 
-4 -6 -6 4 3 -1 -8 -1 
12 13 -5 -2 -4 1 4 4 
-1 -7 -43 -6 -3 -4 -3 -7 
0 -5 2 -3 -3 -1 4 16 
-7 -10 3 0 1 3 0 -13 
11 13 -7 -2 -1 1 4 4 
-2 6 12 -1 0 -3 0 -7 
-13 -5 1 0 -1 2 3 -2 
23 -13 -3 -7 -6 -5 -5 -5 
0 -9 11 4 2 -1 -10 3 
-1 0 4 -5 -4 -1 6 1 
-3 1 -12 -2 -3 -1 -7 -11 
-10 18 14 2 1 0 -8 -4 
6 -10 -8 -5 -5 -1 1 2 
5 14 1 1 0 0 -9 5 
5 -4 0 2 3 4 28 19 
-3 2 -3 1 -2 -4 -11 -4 
-3 -9 1 2 0 -2 -10 0 
-8 -11 -10 -4 -2 -1 1 2 
4 8 5 -3 -4 -3 -5 -18 
-13 -8 3 0 1 4 10 10 
12 -6 -21 -4 -1 -1 5 5 
2 3 9 -1 -1 -3 1 10 
-1 -3 -8 -4 -3 -6 -16 -10 
1 -1 -2 0 0 3 5 3 
-18 1 -6 0 1 2 -1 -8 
3 -9 6 -1 -2 -1 0 -8 
4 1 5 -1 -2 -3 -3 2 
-8 -3 7 1 0 1 3 -3 
2 -3 11 1 1 4 9 7 
-7 -5 -9 -1 0 -2 -2 -13 
-8 1 7 -5 -4 -6 -17 -3 
0 2 -4 -1 -1 1 4 3 
-9 -5 -14 -5 -2 1 14 0 
-3 2 9 -1 -5 -8 -7 -12 
2 -21 12 11 8 7 10 1 
0 -4 -6 -3 -2 -6 -11 2 
-6 -19 1 -1 -3 -2 -2 -3 
-2 3 4 2 1 -2 -10 -6 
-4 17 -9 -3 -2 -1 8 -3 
5 8 16 2 -2 -2 -7 -3 
-3 -10 -22 -3 -3 2 8 -6 
-2 -14 -9 -4 -4 -2 2 3 
-4 -7 4 -2 1 0 -10 -3 
1 6 -1 -2 -1 -1 8 0 
-4 7 7 2 -1 -4 -10 -8 
-5 4 -3 1 -1 2 5 -2 
-1 -12 -9 -4 -3 1 3 5 
-2 -2 -7 -2 -2 -1 0 -2 
6 5 8 0 0 -3 -1 1 
-6 16 5 -1 1 2 -1 -3 
1 -3 -9 -8 -4 -6 -1 3 
4 3 -1 -3 -2 -2 1 1 
-3 -4 -2 -2 -1 -5 -12 -4 
0 1 7 2 1 0 2 -1 
-1 -3 -5 -2 -4 -4 -5 -2 
0 7 5 0 0 -1 5 2 
-6 -5 -6 1 2 0 6 -5 
3 0 8 0 3 2 -6 -4 
8 -2 -18 -4 -5 -4 -4 -1 
-9 -10 -9 -4 -2 -4 -4 -1 
-2 -25 4 7 2 0 1 -2 
-2 -10 -9 -5 -3 1 -2 -1 
-9 -2 -8 -6 -4 -3 -1 -18 
-3 2 6 2 -1 3 0 -8 
3 6 -10 -7 -6 -4 -3 0 
-4 -5 -1 0 -1 -1 0 0 
4 4 9 3 2 2 4 11 
-8 -8 -17 -6 -3 -3 -4 -2 
2 18 18 6 4 3 -6 0 
4 -10 -9 -2 -2 -3 -1 2 
-6 4 4 -3 -1 2 1 -3 
9 1 4 -2 -4 -4 -1 7 
-2 2 -3 -1 0 -1 3 -2 
8 4 2 0 -2 -4 -2 6 
4 -4 14 3 2 -1 -5 -3 
9 13 -3 2 1 2 2 11 
-24 -7 4 -3 -2 -2 -4 -27 
-5 -5 -23 -5 -4 -2 0 -5 
-4 -1 5 0 -1 -3 4 3 
4 4 -4 -4 -1 -2 -2 3 
5 8 9 -1 -2 -1 -2 10 
0 -20 3 2 1 2 10 3 
-17 17 5 3 0 0 -16 -17 
-4 34 17 1 0 -1 -3 -3 
9 -7 -11 -2 0 0 -1 12 
-19 -9 13 2 0 1 5 -12 
20 -9 -21 -7 -6 -2 -3 12 
-8 -33 -8 -1 0 0 -1 -4 
-2 -1 -8 -5 -2 -1 0 2 
3 9 1 -1 -2 -1 -7 -1 
-3 -2 10 2 2 0 4 6 
-1 0 -4 -1 -1 -2 -4 -9 
-4 -1 -2 -4 -4 -1 2 -3 
-4 -1 0 1 4 3 4 1 
-5 -3 -47 -2 -2 -2 -5 -2 
-2 -3 4 -3 -3 -2 -7 -8 
2 4 -8 -4 -3 -4 0 -1 
3 4 -4 -4 -4 -4 -2 0 
-1 5 12 0 1 1 2 0 
4 -7 8 2 0 1 4 1 
2 11 -4 -2 -2 -5 -9 1 
-1 10 5 0 -2 2 1 -1 
-2 -51 -13 2 -1 -3 6 11 
5 10 -4 -1 -1 -5 -17 -8 
-1 -4 3 -1 0 0 1 -10 
0 -4 -1 -1 -3 -3 2 1 
-6 -1 8 -2 1 -1 -1 -5 
-2 -14 -17 -3 -2 -1 1 9 
-7 -8 -2 2 2 0 -2 -4 
8 -12 3 0 0 0 -4 -4 
3 7 0 -5 -4 0 9 3 
-12 -4 5 3 3 2 2 -7 
6 6 8 -3 -5 -2 -2 -1 
-6 -1 -2 0 0 -5 -13 -1 
-3 11 7 0 1 2 1 -2 
-3 -12 -10 -7 -5 -3 2 -4 
5 6 26 4 2 0 -4 1 
-5 -11 -40 -6 -3 -3 8 -6 
5 10 19 0 -2 -5 -21 8 
-1 -1 -2 1 -2 -1 12 0 
3 -2 1 -1 0 -2 -4 6 
-2 -2 0 0 -1 1 2 -2 
-1 -5 -7 0 1 0 4 -7 
-1 -4 -1 0 1 -3 -11 -2 
-2 -35 -18 -3 -2 -3 -6 0 
0 13 4 -3 -3 -5 -6 -2 
-5 -2 -1 3 1 5 11 -1 
1 15 8 3 4 0 8 5 
-3 -14 -14 2 -1 0 -2 -2 
0 -3 5 -2 -1 -3 -6 -1 
1 20 6 -2 -2 -1 -2 -3 
1 4 0 -2 0 1 5 1 
0 8 4 -1 -2 0 5 1 
-2 -8 -13 -6 -6 -8 -20 -6 
2 18 9 -1 -1 -3 1 0 
3 2 -11 -4 -4 -3 -4 -4 
-4 11 26 1 0 3 11 5 
-12 -8 -16 -1 1 0 -1 -5 
-12 -17 -3 -3 -3 -4 -6 -10 
2 -9 3 1 -2 -2 -7 10 
3 4 -1 2 0 -1 5 -3 
-1 2 -5 -2 0 1 5 5 
-3 -9 -20 -10 -7 -5 -16 -3 
-11 -11 1 5 5 4 3 -8 
1 1 3 1 0 -1 0 3 
5 12 14 3 -1 -1 5 -1 
0 0 -5 -4 -2 2 0 -2 
-2 -8 -1 -1 -2 -4 -5 -2 
2 -1 -4 -3 -3 -1 -4 -1 
1 -5 -4 -3 1 2 8 0 
0 -4 4 1 0 -1 -8 0 
0 -8 -10 -1 -4 -1 3 -1 
-5 5 -5 0 0 -2 -7 -4 
1 2 9 -3 -2 0 3 1 
1 0 0 2 1 3 2 2 
5 -24 -10 -7 -6 -5 -2 -1 
-8 -3 -18 4 3 3 7 -4 
1 -7 -9 -6 -4 -5 -13 3 
-11 -1 -2 1 2 1 4 1 
-5 7 3 -4 -5 -4 -7 -7 
12 -4 -3 -4 -2 -2 -2 2 
-7 -8 3 2 0 0 6 -4 
5 -7 -8 2 3 2 2 6 
2 0 -4 -4 -1 1 2 5 
-1 -5 -2 -5 -2 -3 -4 5 
-1 6 -12 -1 0 -3 2 -11 
0 -5 -2 -2 -3 -3 2 -4 
1 3 1 -1 -4 -2 4 -1 
7 5 -5 -3 -2 0 -4 6 
-7 12 13 1 2 0 -3 -3 
4 3 -15 -4 -8 -5 -3 -10 
-9 32 14 6 5 6 7 -7 
-4 -5 -5 -4 -5 -3 -9 -6 
-1 1 15 0 -1 -1 -2 7 
2 -6 -5 -6 -5 -1 -1 -1 
0 -4 4 0 1 1 -3 -2 
1 -7 -9 -3 -3 0 1 1 
0 6 9 0 -1 -1 4 1 
1 -5 15 0 1 -1 1 1 
2 7 -6 -6 -8 -6 -12 -2 
9 -8 0 2 3 -1 4 7 
-15 1 -6 -6 -3 4 6 -13 
-6 6 8 5 2 0 8 0 
0 -5 -5 -3 -6 -7 -14 0 
-4 -11 -4 1 -1 -1 2 -7 
1 15 11 1 -3 -2 -8 5 
5 -3 10 1 1 0 2 4 
-6 8 11 3 3 3 2 -3 
-5 -2 -16 -1 1 -4 -2 0 
-4 -9 1 3 2 2 6 -6 
-2 0 -5 -1 -2 -5 -15 -8 
2 -6 3 -2 -2 -3 -4 0 
-3 6 3 0 -1 0 0 -2 
12 1 1 -2 -1 1 -1 8 
-5 -2 -20 -9 -6 -3 2 2 
-5 -20 -10 -2 0 -4 -16 -7 
-2 3 3 -3 -1 -2 4 2 
0 -34 -24 -3 -6 -2 -8 -1 
6 16 6 2 -14 -1 0 -3 
-3 -3 8 3 -7 4 11 5 
-4 5 2 -3 -5 -2 -1 -5 
8 -1 4 1 5 -3 -1 3 
2 -9 -2 -4 5 -3 -5 -5 
-6 10 9 0 5 3 6 -2 
0 12 7 -1 3 -1 -6 -4 
-3 12 16 4 4 0 1 -2 
5 4 -19 -7 3 -1 3 15 
-9 -12 -10 2 6 -1 -2 -20 
-9 -12 -6 -3 -1 -4 3 -5 
-1 5 -3 -5 6 -3 -17 -4 
-4 -6 6 1 7 2 5 2 
11 -3 -7 -4 -1 -8 -7 7 
-4 -4 8 2 -2 4 8 -3 
1 -10 -23 -1 -8 -4 1 -1 
5 -4 1 -1 -3 -2 -4 3 
-11 -2 -4 -3 -6 0 2 -17 
1 -3 -13 -5 -7 -5 -10 3 
3 10 3 -4 -8 -1 4 4 
-6 -4 -5 1 -4 -4 -7 -8 
4 5 18 -3 -4 -1 2 8 
-1 9 -9 -3 -4 -1 -3 1 
-2 -15 0 -6 -4 -1 -2 -3 
-8 -16 1 -1 -2 2 0 -4 
-1 13 4 1 1 2 4 3 
-3 3 10 -1 1 -3 -5 -4 
-3 -5 -4 2 4 2 5 2 
-2 8 0 1 -1 -3 -5 -7 
5 -2 -3 -3 -3 -1 4 3 
-2 -2 5 -5 -3 -2 0 -4 
8 15 13 3 -3 -1 -5 5 
0 -9 8 -2 -1 2 5 1 
-7 -18 -21 -5 0 0 -2 -2 
-3 7 -10 1 0 -3 -8 -6 
-1 5 10 1 1 2 6 0 
-4 -1 1 0 -1 -1 3 -5 
5 3 -5 0 -1 -1 -1 1 
1 11 10 2 -1 2 5 1 
3 5 0 2 0 -1 -3 0 
0 3 -5 1 1 -1 -7 -1 
-3 -1 -5 -4 -3 0 1 1 
-7 -13 5 -4 0 -4 -8 -4 
-9 -15 -17 -4 0 -1 3 -4 
0 3 7 0 1 1 2 -2 
-6 -5 10 3 1 1 2 -1 
4 -4 -4 -2 -4 -3 0 3 
-2 14 10 0 -2 -4 -13 -15 
-9 -10 -8 -5 -4 -5 -5 -6 
3 2 -3 -1 -2 -2 -2 7 
-5 -7 -2 4 4 7 8 1 
-4 -6 2 1 0 -2 5 0 
9 -4 -13 -2 -2 1 9 7 
-3 -4 -4 -1 0 -7 -27 -9 
-7 0 -6 -2 -2 1 6 -5 
3 -6 -8 -6 -4 -6 -12 -5 
1 4 0 -1 2 1 5 -2 
2 -6 -1 -1 -2 -1 6 6 
-4 -2 -3 -1 -1 1 0 -7 
1 -8 -8 -3 -5 -6 -4 11 
-4 0 0 1 0 1 5 -14 
-6 12 4 -1 1 -4 -3 1 
3 -11 -8 0 -1 -4 -7 -3 
7 0 13 3 1 0 7 7 
