#EMG
#6
#ID:6-56
-3 2 14 1 4 2 -2 -3 
-11 -11 -22 -5 -8 -6 -4 -5 
2 5 -2 -10 1 2 4 24 
14 -2 -3 -4 -2 2 -1 -27 
11 3 -3 1 -5 -2 -3 12 
10 5 27 8 2 0 1 20 
-7 -5 11 6 3 2 0 -16 
-3 0 -13 -5 -1 0 1 8 
-4 -4 -7 2 -5 -4 -3 -4 
-9 4 -2 -4 2 0 0 2 
14 -2 -1 -4 -7 -4 -4 9 
-42 -10 4 2 5 4 1 6 
32 -2 3 2 -2 0 -3 -17 
-22 -2 -14 -2 -5 -3 -4 -19 
-10 0 -4 -1 0 0 -1 -6 
-6 -4 -16 -18 -7 -5 -2 -2 
-14 0 -7 -3 -4 0 1 11 
10 -3 0 -2 1 0 0 6 
6 7 17 10 0 -3 -3 -4 
-20 2 1 6 4 4 0 -10 
5 -8 -11 -8 -3 -3 -1 15 
-19 0 -1 -1 -1 -1 3 3 
-13 -2 10 0 1 -1 -3 -11 
29 -2 -17 -9 -4 -5 -5 17 
-10 1 -1 -4 -2 -3 -4 -12 
-3 -3 -6 5 3 5 3 9 
9 1 7 3 1 0 -1 1 
-4 -5 -1 -4 -5 -2 -1 -10 
-5 1 16 7 3 1 1 -4 
13 -1 -5 -3 -2 -1 -1 33 
-17 -6 -13 -9 -3 -5 -7 -26 
-9 7 -4 -2 -4 -1 2 -17 
1 -6 -8 6 1 0 0 7 
-20 -1 6 -14 -5 -3 0 0 
3 8 2 1 -1 0 -2 -6 
23 0 16 7 2 1 1 19 
-38 -3 -6 1 1 2 2 -26 
35 -5 2 -1 -4 -6 -7 26 
4 -12 -18 -5 0 1 0 5 
19 -5 9 0 -1 -4 -3 0 
-4 1 -13 -3 -1 0 0 9 
-6 -1 -4 0 -1 -1 -4 -22 
2 1 -8 -4 -3 -2 2 4 
-3 0 1 5 2 3 2 16 
8 2 24 3 0 -1 -2 -17 
-37 -9 -16 -10 -6 -4 -6 -39 
-16 -1 2 0 -3 -5 -3 4 
-16 0 4 -1 1 0 2 -8 
26 4 7 0 1 -1 0 31 
5 11 12 11 3 2 -1 -23 
0 -6 4 -7 0 4 3 14 
15 -11 -14 -10 -6 -6 -6 -15 
-22 -13 -14 -5 0 -3 -1 8 
14 3 0 -1 -2 -3 -3 5 
2 -1 1 4 2 0 -2 2 
8 19 12 1 -2 -1 -2 3 
3 -4 -13 -5 -3 -1 1 -1 
10 10 7 4 3 0 2 44 
-10 -11 -13 -8 -4 -3 -1 -27 
-3 -9 -10 -4 0 -4 -3 0 
1 0 5 0 -3 -2 -1 -9 
2 1 10 4 1 1 3 -6 
-5 3 -9 -1 0 2 2 22 
11 1 -11 -4 -7 -4 -5 -13 
-30 -7 -11 -3 -1 1 1 2 
20 7 33 3 0 0 0 -19 
-14 -35 -47 -6 -5 -4 -3 -4 
-14 -2 20 5 2 -1 -5 -8 
3 3 -21 -6 -3 -3 2 0 
14 -17 -2 -3 -2 3 4 0 
4 16 19 1 -4 -5 -7 3 
-8 -3 -3 -1 -1 2 9 -18 
0 8 17 6 5 0 -10 -14 
-20 -19 -5 -5 -2 0 0 -3 
0 1 -26 -2 1 -2 -1 -8 
21 1 -5 4 2 3 9 17 
-6 -8 18 3 -3 0 3 -15 
-10 -16 -31 -19 -6 -7 -8 -11 
6 -9 12 3 -1 0 2 14 
-14 -1 3 0 0 -2 -14 -12 
20 12 1 1 1 -1 0 10 
-9 -8 -23 -2 -3 -1 -2 11 
-10 -6 10 -1 -1 1 2 -17 
-19 6 3 -1 0 -1 6 19 
26 2 16 -2 -2 -4 -9 6 
-3 -1 -11 5 1 0 -2 -11 
10 9 13 0 1 0 -3 9 
-9 -7 18 2 -3 -2 1 8 
-4 -10 -20 -5 0 5 8 -1 
-37 19 5 -2 -3 1 6 -11 
-10 -4 -15 -5 -1 -5 -6 -21 
8 -4 3 -3 -2 -2 -4 10 
-1 8 -18 -4 -4 -4 -4 4 
10 -11 -6 0 -1 -2 1 -5 
10 -18 -2 -2 -4 1 7 0 
-7 2 -14 -2 0 2 -3 10 
-6 -14 14 1 1 -1 -7 -15 
5 2 -6 -5 -6 -9 -14 -4 
9 24 10 0 -2 -5 -6 -10 
52 -6 4 2 2 -1 -4 1 
-31 -5 -14 -7 -4 0 0 -7 
-44 -10 5 2 0 2 5 1 
-7 6 10 2 1 -1 -12 -3 
22 9 -7 -5 -4 -1 -1 -4 
-5 8 1 1 0 -2 9 -3 
6 -27 -31 -3 -1 0 2 9 
4 16 0 0 1 3 7 -12 
-48 -12 -8 -4 -5 -5 -4 -35 
14 4 9 -3 -1 -5 -10 9 
6 30 14 3 -1 -1 -5 -1 
-2 -23 -8 2 2 -2 4 -1 
-6 16 7 2 1 2 -1 2 
-22 3 -5 -4 -4 -2 1 -2 
27 0 -8 -3 -3 -1 -2 20 
17 14 -5 -5 -5 -1 3 4 
-37 6 35 4 5 -1 -3 -21 
13 -4 -12 -4 -1 -2 2 11 
28 2 13 0 -3 -6 -11 -36 
-5 1 -12 -1 -2 5 6 8 
3 1 -10 -5 -4 -3 9 -4 
-10 20 14 4 -1 -4 -17 -18 
4 4 -5 0 1 3 4 16 
5 -15 4 1 0 -1 4 25 
-22 -9 -14 -3 -1 0 -15 -39 
19 -12 1 0 -1 -3 21 12 
-29 15 12 -5 -4 -5 -1 -21 
12 -19 2 4 3 -4 -11 5 
7 35 14 -9 -7 1 12 45 
-7 -17 -38 -4 -1 -1 -9 -8 
-10 -6 -19 -1 1 -1 -27 -49 
-11 -12 11 2 -1 -1 14 20 
11 -18 -2 0 0 -4 -10 -12 
8 3 0 2 -1 -1 0 -2 
8 -3 -4 -8 -6 -3 1 -2 
-18 0 -9 0 1 1 -3 -7 
13 -1 0 -2 -2 -5 -10 0 
1 8 -6 -5 -3 0 7 5 
-3 -20 0 -1 -2 -4 -20 2 
3 21 19 2 1 1 12 0 
-2 -3 17 0 -3 -3 -5 13 
-6 -27 -15 -6 -1 0 -1 -22 
-26 -4 -6 4 3 -1 -4 16 
2 6 0 -8 -4 -2 -4 1 
-18 12 2 1 1 2 13 -5 
-4 -15 1 -5 -6 -10 -22 -29 
-14 4 0 -1 1 4 19 -3 
5 0 24 1 -4 -3 -3 11 
-8 -33 -45 -2 0 0 5 -3 
27 -11 3 -3 -4 3 5 26 
14 -10 -3 -2 -4 -3 7 12 
-9 8 13 7 4 2 -10 -13 
20 -7 13 -4 -2 2 14 24 
-4 8 -41 0 1 -1 -6 10 
1 33 9 -6 -3 -3 -2 3 
2 16 7 1 3 4 -3 -3 
2 -9 -8 0 -3 -4 -1 -8 
-11 -19 29 6 2 3 2 13 
0 -8 -28 4 5 1 -5 -12 
-10 24 14 -5 -2 -2 -3 -10 
2 -7 -53 0 0 -5 -14 -9 
-6 -21 11 -11 -7 -3 7 -3 
17 -14 10 8 3 2 1 6 
-1 -18 -5 4 -5 -5 1 4 
-7 0 23 -6 -1 -3 -13 1 
0 -19 33 10 9 4 4 2 
9 9 -18 -7 -1 -1 5 13 
11 3 -18 1 -6 -3 -6 9 
2 -5 17 -11 -13 -6 -2 3 
-10 28 -84 1 -1 -7 -8 -7 
-19 -8 26 -13 6 6 1 -9 
6 -26 -56 -23 -18 -13 -8 1 
-4 -4 8 25 11 8 4 -17 
5 31 20 -8 -3 1 -1 8 
2 0 20 11 -2 -1 0 21 
-21 -14 6 7 1 -5 -5 -32 
2 12 20 0 5 -1 -11 16 
-15 -14 38 15 3 4 0 -18 
11 66 14 10 5 0 4 3 
-6 2 -19 -24 -6 -3 -8 1 
4 -11 -6 -3 -6 -1 3 -5 
1 1 -13 -13 -2 0 1 2 
-5 -17 -56 -7 -10 -8 -5 3 
12 9 8 9 7 1 -1 -7 
-9 31 38 23 13 8 7 -14 
29 -6 -30 -20 -6 -5 -6 8 
-11 1 41 -5 -6 -2 5 -1 
5 19 -12 13 5 1 2 10 
3 -15 -34 -14 -5 -4 -2 12 
8 -4 9 -20 -9 -4 -7 -18 
-14 -11 22 12 4 1 5 -2 
2 -14 23 2 -1 -2 -4 -5 
4 -14 -22 21 0 0 8 12 
-11 43 8 -12 2 0 8 9 
9 -31 -29 -9 -7 -4 3 -2 
-4 -5 -9 -25 -10 -2 -5 -7 
-12 -15 7 0 2 5 2 -4 
1 23 76 83 20 5 7 11 
-7 -11 -66 -46 -2 -4 -11 5 
25 -23 -17 -35 -18 -6 4 -33 
-2 -25 17 -14 -8 -4 -20 1 
-10 6 14 0 -2 4 10 -34 
1 39 54 51 16 2 -3 6 
5 1 -11 30 14 5 4 22 
-12 -17 -128 -86 -25 -10 11 -26 
-18 -3 28 19 -3 3 -7 3 
11 -20 8 20 3 -1 -3 15 
27 15 13 -13 2 4 7 -9 
-29 5 25 21 5 0 8 12 
4 -4 -26 -8 -3 -9 -33 -38 
-24 3 32 -7 -3 -5 3 -12 
-8 -4 -20 3 2 2 -7 -4 
6 11 27 12 1 0 10 21 
-11 -54 -52 -33 -11 -10 -16 -8 
16 9 -5 1 -4 3 -2 15 
-6 15 24 20 8 3 4 42 
11 -1 -8 3 -2 -8 -6 -28 
-3 -2 0 -27 -10 -4 -1 10 
60 -7 -19 -13 -4 2 27 -5 
-25 -13 -12 -2 3 1 -16 -18 
-6 8 6 7 -1 -3 8 -18 
-20 9 26 13 6 1 -2 26 
12 -8 -15 -6 -6 -6 -17 -20 
-17 10 16 -4 -3 -1 30 -1 
7 7 6 4 3 0 -18 -14 
10 1 0 2 2 2 8 5 
-27 -7 -11 -9 -3 -3 3 -21 
-22 -4 23 8 -1 -1 -26 8 
24 -8 -6 -2 -1 -6 -16 10 
6 -12 -36 -15 -7 -3 11 -4 
-29 -42 -24 -2 3 6 2 -3 
9 24 10 2 -2 -1 7 -14 
-23 13 17 11 5 6 12 2 
14 5 4 -5 -4 -3 -26 0 
12 -26 -10 2 0 0 5 -21 
-23 -38 -6 -8 -1 -3 -3 20 
-25 3 -22 -14 -2 -5 -18 -11 
-13 0 15 -3 -4 -6 -14 -19 
-6 17 17 0 -3 2 20 21 
1 11 36 14 2 -1 -13 3 
7 -7 -20 -3 1 3 -3 -14 
1 -6 12 -3 0 -2 -3 48 
8 2 31 -5 -6 -11 -35 18 
-2 -4 -28 -4 0 2 12 -30 
-2 3 21 5 3 1 -16 14 
5 4 -21 10 5 10 27 -6 
6 14 88 17 6 5 1 19 
10 14 -23 10 3 -4 -18 9 
10 29 -19 -33 -13 -10 1 10 
-24 -16 -1 8 1 -1 -1 -19 
5 -4 -36 -19 -7 -2 3 7 
-7 0 80 17 5 6 10 5 
-3 -23 -42 -9 -2 1 -5 -10 
19 11 8 -7 -5 -1 8 20 
-8 12 17 5 1 -4 -4 -36 
20 -7 8 23 5 -3 -4 12 
-13 24 0 6 3 1 3 -11 
-9 1 -49 -18 -8 -4 3 3 
-28 -28 -56 -16 -11 -5 3 -23 
12 3 8 -17 -5 -1 -5 -4 
3 -32 -13 -1 -6 -8 -1 7 
20 12 21 4 1 1 4 -11 
-17 42 31 36 13 1 -10 -35 
-15 -7 -59 -22 -7 -7 -1 -5 
38 -6 2 -15 -5 1 7 42 
-15 11 6 8 -2 0 4 -15 
-7 -29 -68 -35 -14 -6 -9 -23 
46 -6 10 -4 -10 -7 2 26 
-2 -10 0 2 0 -6 -9 -34 
-24 -4 4 -3 0 3 9 13 
15 17 43 21 8 6 1 25 
-14 2 -30 -15 -7 0 7 0 
-14 -2 17 0 -5 -2 6 12 
13 17 23 10 3 -6 -30 11 
-16 -8 -13 -6 -2 2 1 -16 
-18 -2 16 -6 -3 -4 -6 -8 
-7 -21 0 7 0 2 7 -11 
-4 -12 -23 -6 -2 -3 -2 -6 
10 5 -10 -9 -4 -3 -6 1 
-13 -13 -11 -4 0 1 10 17 
4 10 24 19 5 0 -7 -6 
1 -12 -13 -5 -2 -3 4 -12 
-4 2 12 -8 -3 -1 -1 9 
-2 6 -20 -2 -3 -1 -1 -14 
8 10 9 3 1 1 1 4 
0 -9 -9 -6 0 0 5 4 
7 0 0 -1 0 -2 3 22 
-2 -5 4 1 0 0 -9 -17 
-2 -1 -3 -1 -1 -1 1 0 
5 3 -6 -7 -2 -3 -1 -3 
-3 -4 -7 4 1 2 1 0 
0 -9 -6 -3 -2 -4 -6 -5 
-14 26 23 7 8 7 6 -30 
-1 -19 -5 -1 -3 -3 0 19 
-10 -5 -5 -8 -4 -4 -6 -1 
13 -7 -5 -6 -4 -2 0 24 
7 -4 2 0 0 -2 -4 1 
-7 1 13 7 3 1 1 -25 
0 2 -10 -5 -4 -3 -1 -1 
-16 -9 -5 -3 1 1 -4 -19 
6 -9 -13 -1 -4 -4 4 17 
5 -1 -21 -11 -6 -4 -7 0 
2 -4 2 -1 -1 0 -1 -9 
-21 5 8 1 -1 0 0 -11 
-8 6 -14 -7 -5 -3 -4 -1 
4 7 6 1 1 0 1 0 
-11 -4 -6 -3 0 -2 0 12 
-1 3 -6 -2 0 -1 -3 -9 
17 -11 -1 0 1 -1 -3 11 
0 13 15 4 0 -2 -1 5 
13 1 -15 -1 -1 -1 -2 11 
-19 -7 -6 0 0 -1 -2 -18 
-1 -11 5 1 1 -1 -4 2 
-1 -4 -8 -3 0 -1 -1 -4 
19 -3 2 1 -1 -2 2 30 
-11 -3 -4 -3 -3 -3 -4 -45 
32 9 2 0 0 -1 -2 7 
-15 -17 -7 -3 -5 -2 -7 -2 
2 5 7 -2 -3 -1 -2 1 
1 -2 -4 -1 -1 3 10 24 
-30 -10 -5 -7 -6 -7 -17 -25 
13 10 16 6 2 1 1 -10 
-4 -6 -21 -5 -2 0 2 31 
12 -6 3 -3 -9 -8 -9 -52 
14 8 8 0 -3 0 6 9 
-59 -10 -3 -1 0 -2 -3 1 
17 1 4 2 1 1 0 -11 
-29 -2 -4 -1 3 2 2 12 
0 -4 -11 -4 -4 1 1 8 
17 1 -2 -6 -3 -3 -2 -6 
9 3 6 -2 0 -1 -2 -10 
7 5 -8 -1 -1 -2 0 13 
-15 -12 17 1 0 2 -2 -6 
4 2 2 -1 2 1 2 6 
-20 -7 1 -1 -3 -2 0 -14 
14 -1 4 3 2 0 3 12 
-19 0 -3 0 -1 -3 -7 -7 
9 1 -6 -1 0 0 4 17 
-8 0 6 -2 -2 -3 -5 -20 
2 -5 4 1 1 1 3 9 
9 -4 -14 -2 -2 -4 1 15 
-10 -2 -4 0 -1 -1 0 -10 
9 -2 10 0 1 0 1 26 
8 0 -10 -5 -6 -6 -8 0 
-5 4 11 0 2 0 2 -3 
0 -14 -11 -2 -3 -1 -4 -18 
-21 -4 -3 3 3 6 3 -5 
4 -3 -4 -1 0 -3 -2 12 
-20 -14 -5 -2 -3 0 0 9 
-1 -6 3 2 -2 0 -3 -5 
3 40 18 -2 -2 -1 -1 -5 
-5 1 -1 -1 -3 0 -1 0 
0 -1 -9 3 1 2 4 -11 
14 10 2 -6 -5 -7 -7 18 
-14 -16 -3 -2 -1 -1 -2 -15 
3 -8 -7 -4 -2 1 -2 -8 
18 9 5 1 -1 -1 1 -10 
-12 -10 -10 -3 -4 -2 0 6 
4 -6 0 0 -1 -4 -4 -9 
-14 8 8 -1 1 1 0 5 
-8 -9 -3 -3 -2 -3 -1 -2 
5 3 3 1 1 0 1 3 
1 -2 -6 1 1 0 -2 -14 
-14 -4 0 2 -1 -1 -3 6 
-11 0 -5 -1 -4 -1 -4 -19 
8 -4 -2 -2 -1 -3 1 0 
-8 -4 -10 -1 0 -1 1 7 
7 1 -2 -2 -2 -5 -4 -5 
8 2 12 4 4 3 3 -3 
15 1 -8 -3 -4 0 -2 35 
8 -16 -7 -1 -3 -4 -3 -47 
-1 5 -13 -6 -5 -5 -2 2 
6 11 -2 0 -1 -2 -1 2 
5 4 -1 0 2 3 4 -9 
-27 -6 -2 1 -1 -1 1 6 
39 -14 -12 -5 -5 -5 -5 3 
-1 10 -4 -5 -3 -3 -1 4 
-3 8 6 -1 -1 -1 -6 -24 
-2 0 4 -1 -1 -1 -1 3 
-9 3 8 6 1 1 0 -6 
-14 -16 -26 -2 -2 -1 -1 9 
8 2 10 1 -1 0 5 3 
-8 -3 -6 -3 -3 -3 -6 -4 
-8 1 0 -2 0 1 2 -2 
-14 -9 -5 -5 -3 -1 -2 -1 
7 -2 8 4 0 0 1 0 
4 -2 0 -4 -4 -4 -2 6 
7 -4 -5 -2 -2 1 0 9 
8 7 11 1 -1 0 0 -8 
-9 0 7 -2 -1 -3 -3 -10 
5 -3 -23 -4 -2 -1 -7 2 
-2 9 -4 -3 -2 -2 -4 -1 
3 0 10 2 3 2 0 2 
-19 -7 -3 6 4 3 3 -24 
7 -3 -7 -5 -3 -2 0 12 
-6 -6 7 1 0 1 1 -3 
-4 2 2 -1 -3 -4 -2 2 
9 -4 -7 -4 -2 -2 -3 -6 
8 7 9 3 2 0 -1 9 
-38 -7 -1 -1 4 3 2 -6 
-8 8 0 -2 -3 -3 -5 -23 
-4 -2 2 -2 -3 -3 -6 -7 
-7 -1 6 0 -1 -1 -2 -9 
11 5 1 -3 -1 -1 0 9 
4 -3 -3 0 2 0 -3 6 
-23 -8 -8 -1 0 0 2 3 
14 4 -4 -1 -1 -1 1 10 
-5 -10 16 2 1 2 0 -11 
-10 9 -7 0 3 0 -1 -4 
-9 -8 -9 -6 -4 -3 -6 -8 
-7 -7 -2 -2 -2 1 3 3 
11 6 -2 -2 -2 -5 -7 0 
6 3 10 2 1 3 3 6 
1 3 3 -1 0 -2 0 4 
-1 5 -3 1 0 0 -1 -6 
7 -5 3 0 -2 -1 -1 16 
6 -8 -2 1 -2 0 -1 -24 
-30 -2 0 -3 -2 -3 -3 -8 
-1 -4 -2 -3 -1 -3 -3 0 
10 6 -6 -2 -1 -1 -3 -2 
20 -1 7 -4 -4 -3 -1 13 
10 8 4 4 2 5 3 4 
-5 -23 7 -3 -3 -1 -3 -7 
-7 -2 1 1 0 -1 1 1 
11 -7 -24 -4 -2 -2 -4 21 
6 -8 -2 -3 -4 -4 -8 -23 
18 20 8 -2 -3 -3 1 30 
-32 2 -1 -3 0 -1 -3 -28 
-39 -12 3 2 -1 -2 -2 -8 
16 12 4 -2 -3 -1 0 12 
-5 -2 -4 2 3 2 3 -7 
11 -2 -11 -1 -3 -4 0 7 
7 -1 3 1 3 -3 -3 3 
-9 -21 -9 -2 -3 1 1 -3 
-4 30 11 0 -1 -2 -3 0 
2 0 -1 -2 -1 0 2 3 
-7 -2 -12 -4 -1 1 -1 7 
18 4 15 -1 -1 -3 -2 -21 
-31 -16 -12 -4 -3 0 0 -20 
6 -5 -10 -1 -2 -5 -6 1 
-4 2 7 -4 -3 -2 2 -2 
9 2 -4 -1 -1 0 2 9 
-11 -7 -10 1 1 2 3 3 
-14 7 8 1 1 1 1 -12 
-1 -3 7 1 -1 1 2 8 
-15 1 -10 -5 -5 -2 -1 -5 
83 -7 -3 -1 -1 -1 -3 14 
-18 -8 2 0 -2 -1 -2 -3 
1 2 1 -1 1 -1 -1 -5 
5 5 0 -2 -2 -3 -2 9 
-3 3 2 0 0 -1 1 -3 
8 -3 -5 -1 -4 -3 -1 0 
5 4 13 0 -2 1 0 -3 
-4 -7 -12 0 3 0 -2 3 
-24 5 2 -3 -1 -1 3 -6 
14 0 -2 -2 1 -1 -5 14 
-30 -3 -4 -4 -3 -3 -3 -41 
12 6 -2 3 3 3 -1 12 
-9 -9 1 2 -2 -4 -4 -3 
-6 4 -3 -2 1 0 2 2 
1 -15 -19 -5 -2 -2 -3 14 
-2 8 -6 -5 -2 -2 -3 -24 
-11 -4 -9 -5 -5 -3 -2 -8 
37 3 5 1 1 2 2 5 
-14 -13 -16 -2 -3 -2 -2 2 
7 5 6 -1 -3 -3 -1 16 
9 1 4 1 3 3 1 -14 
-40 -7 -6 0 -1 -1 -6 -8 
11 -1 -1 1 -1 -1 -2 9 
-2 -14 0 -4 -5 -3 -3 8 
-5 8 5 0 0 -1 2 -5 
15 -12 0 3 0 0 -1 -2 
2 2 9 1 -2 -1 1 -1 
-18 4 1 1 -1 -1 1 4 
42 6 -4 -1 -2 -1 -4 17 
-53 -9 -5 -5 -1 -4 1 -35 
34 7 7 -4 -6 -8 -10 -8 
20 -1 -13 4 6 2 5 0 
-4 -3 6 2 -1 0 0 2 
21 1 -11 -1 -2 -2 -2 15 
-9 12 11 1 0 3 7 6 
-12 8 3 -1 -2 -2 -6 8 
-12 -4 0 -2 -3 -3 -3 2 
-7 -6 -4 -2 -1 -3 -3 -15 
7 -2 -4 2 -1 1 3 9 
9 -19 -18 -3 -2 -2 1 24 
-2 -6 -16 -4 -3 -2 -4 -25 
-50 5 2 -3 -4 -2 -4 3 
18 2 -4 -4 -3 -3 -6 0 
-2 -5 0 -3 -3 -2 -1 -4 
-15 -12 -3 -2 -2 -2 -1 -5 
19 -4 -2 0 -1 1 1 1 
12 0 -2 0 1 1 2 -5 
-24 -10 1 -4 -5 -4 -6 -22 
6 6 -5 0 1 -3 -3 0 
11 13 9 1 0 1 0 0 
-11 -10 -6 4 3 2 -1 0 
15 7 2 -6 -2 -2 0 2 
-6 6 5 3 1 -2 -1 1 
18 2 1 -2 -4 -2 -1 10 
-11 -5 -5 -1 -3 0 1 -7 
-1 1 -4 2 3 -2 -2 -5 
-16 -9 3 -1 -2 -2 -1 8 
-11 -9 -6 -3 -3 -3 -5 -21 
-5 -2 -2 -6 -5 -3 -1 0 
-3 0 -1 0 -2 -1 -1 -3 
-9 8 -4 -2 -1 0 0 7 
26 -5 -2 1 -1 -2 1 6 
-9 2 -2 -3 1 -1 1 -6 
-3 -2 -1 -3 -1 -1 -3 -10 
-2 3 10 -1 -1 0 -1 1 
-2 0 -5 -1 1 1 3 1 
7 -9 -8 -2 0 -4 -8 -1 
-8 -2 -1 1 -2 1 6 -4 
13 -7 -5 -2 0 -1 -5 -2 
-31 -1 -3 -4 -4 -5 -1 8 
-16 -6 5 1 -1 -3 -2 -42 
1 20 10 0 1 1 -2 3 
-4 -8 -2 2 1 3 5 -2 
28 -7 -10 -5 -3 -1 1 6 
-1 1 -2 1 1 -1 -3 14 
1 0 4 0 -2 -5 -2 -6 
0 -2 -5 -5 -4 -3 -1 8 
-10 -5 1 1 3 2 6 28 
-21 -6 -6 -3 -3 -3 -4 -40 
0 0 11 0 0 2 3 -2 
9 2 -22 -6 -3 -5 -4 11 
20 4 2 1 0 1 -1 5 
11 1 0 -2 0 0 2 7 
-18 -8 6 2 1 -1 -3 3 
0 -14 -10 -7 -5 0 0 -13 
-7 -11 0 2 1 0 -2 -13 
-10 0 1 1 0 1 3 5 
5 -4 -1 -1 -1 -3 -7 -6 
-10 5 4 2 -1 -2 -1 0 
-2 8 1 -4 -2 -1 1 -6 
13 -12 5 3 -3 -3 -5 21 
2 4 -8 -4 -2 -2 0 3 
-11 -5 10 2 1 1 -1 -8 
-7 -2 -14 -1 -2 -2 -4 -13 
8 6 -1 1 0 0 2 22 
4 -7 -4 -3 -2 -2 -1 7 
48 13 5 -3 -1 -1 -5 -23 
-58 -15 2 1 3 2 5 3 
-6 1 3 -2 0 -1 -2 -15 
1 -3 -5 1 -1 -3 0 -5 
-8 -2 -6 -5 -3 -2 1 3 
52 2 8 -3 -3 -3 -5 28 
-24 -3 -5 -2 -3 -2 -2 5 
-13 -4 -5 -4 -1 -1 -3 -10 
-12 -23 -23 -3 -2 -1 1 1 
10 1 -7 -3 -2 -3 -2 -9 
-4 -1 1 -4 -4 -1 -1 -1 
13 1 -7 -3 -4 -1 0 -3 
-16 -4 -1 1 -2 -2 -2 4 
-4 0 3 0 -1 1 1 -13 
24 13 7 -2 1 -1 -3 4 
-10 -12 -15 -3 -2 0 -2 -2 
-2 3 9 1 1 0 -4 4 
-8 2 -8 -1 -1 -3 -2 -9 
-3 4 6 -2 0 1 3 2 
-9 2 -5 -3 -1 1 -1 -7 
-6 5 10 3 1 1 -3 2 
10 -7 3 -1 -1 -1 -2 2 
-19 4 -6 -2 -2 -3 -1 -7 
-4 -1 1 -2 -1 0 0 -4 
-3 1 -2 -3 -2 -2 2 18 
-49 1 2 3 1 -2 -5 -60 
-1 -5 -3 -3 -2 -2 -3 0 
5 5 9 2 0 -3 0 2 
5 5 14 2 2 0 1 5 
6 -7 5 0 2 1 2 10 
24 -17 -10 0 1 0 0 2 
-32 7 -1 -1 -3 -4 -1 0 
20 -2 6 0 -2 -3 0 18 
5 27 12 -2 -2 0 -2 -7 
0 -1 -2 -4 -3 -1 -2 -6 
19 -3 11 3 2 1 1 13 
55 4 5 1 1 1 2 5 
-47 -9 -4 -3 -4 -3 -6 -18 
12 2 -3 0 -2 -4 -3 -5 
7 -5 3 -1 -2 -2 -1 10 
-10 -12 -12 -5 -5 -4 -2 -9 
23 -2 -7 -3 -1 0 3 12 
-3 8 0 -3 -2 -2 -6 7 
0 0 2 -2 -2 -2 0 -4 
-32 -4 0 -1 -1 -1 -2 -19 
15 -3 -2 1 0 -1 2 19 
-6 -6 -8 0 1 -2 -1 -11 
9 -7 -9 -3 -4 -5 -4 -6 
-21 13 2 0 1 2 2 -1 
19 8 3 1 2 1 -1 4 
-3 -3 -3 -1 -2 -2 3 7 
-5 2 9 -1 -2 1 -1 8 
-15 -6 -13 0 0 1 -2 -27 
31 9 -2 -5 -4 -3 -4 14 
-9 -2 2 3 0 -3 -2 1 
2 -12 -10 -4 -3 -1 -1 3 
-53 -3 0 -5 -3 -3 -1 15 
-6 -9 -1 1 1 0 -4 -31 
-1 -9 -3 -3 -1 0 0 2 
