#EMG
#0
#ID:0-94
-4 6 -9 -5 -1 0 -3 -25 
-9 -10 -18 -5 -4 -3 -2 7 
23 2 8 6 0 0 1 1 
1 -3 -16 -12 -5 -1 0 5 
-6 -1 10 3 -1 0 1 6 
5 -1 8 -1 -1 -2 -1 0 
-6 -4 -5 -5 -1 1 -2 -6 
-10 -6 -7 -1 -2 -3 -5 -8 
-2 0 16 0 1 1 1 7 
-2 -5 -27 1 -3 -4 -5 -5 
-9 -4 -13 -12 -5 -1 0 -5 
9 2 -2 5 0 -1 0 1 
-4 2 5 1 -1 -2 -1 0 
8 -3 15 0 0 1 2 11 
-12 -6 -8 1 -2 -4 -3 -19 
-16 0 -12 -6 -3 0 -1 -5 
11 -4 5 3 1 -1 -1 7 
-14 -2 -12 -6 -4 0 -1 -10 
6 -9 -18 -7 -6 -4 -1 14 
-14 4 -1 -3 2 0 -2 -12 
4 -3 9 3 0 0 -1 -4 
-3 -1 -8 -4 0 -2 -2 10 
-8 -1 4 -1 0 2 -1 -7 
1 -5 4 3 -4 -4 -1 4 
-4 0 -4 6 2 -1 -1 -2 
15 2 3 -6 -2 -1 1 5 
-14 2 10 3 0 0 1 -1 
3 -4 -20 -8 -4 -2 -2 -16 
1 -2 -1 -6 -4 0 0 2 
-6 3 18 10 2 -1 0 -5 
2 0 -12 -5 -2 -1 -2 -2 
-5 1 5 1 -1 2 -1 -2 
-11 -5 -15 -6 -2 -2 -2 4 
7 -1 7 1 0 -1 -2 -5 
-12 1 7 0 0 -3 -3 -17 
-1 -4 -2 -2 -3 -2 0 12 
-7 0 -9 -9 -2 -2 -3 -9 
9 2 6 6 -3 -1 1 23 
-11 -7 -16 -8 -6 -4 -4 -39 
2 -4 10 2 2 0 1 4 
0 4 5 -5 0 -3 0 7 
-4 1 4 12 1 -1 -2 -1 
12 -2 5 -9 -1 -2 -3 17 
-7 1 -5 -7 -4 -4 -6 -9 
-8 -5 -16 -7 -5 -1 0 -3 
20 -2 1 -2 0 -1 -1 -3 
-11 3 -7 8 1 2 3 3 
-2 0 12 5 1 -1 0 11 
3 -1 -3 -8 -1 0 -3 -7 
-16 -10 -41 -12 -5 -3 -4 -14 
2 4 11 3 1 0 0 0 
3 0 2 3 -2 -2 0 -6 
2 -3 -4 -1 0 0 1 1 
-17 1 9 3 0 0 1 1 
3 -1 -12 -16 -4 -3 -3 -9 
0 -2 1 5 0 2 1 7 
-4 -7 -5 -4 -3 -1 -2 -11 
-4 1 5 2 1 1 -1 -3 
13 2 18 8 3 -1 -3 22 
3 1 -20 -8 -3 -2 -4 -9 
-26 -5 -18 -1 -2 -1 1 2 
22 -9 -9 -8 -6 -3 -4 6 
20 3 10 8 1 2 0 3 
-24 -10 -7 -2 -1 -2 -3 7 
2 -1 15 3 -2 -1 -1 -6 
-11 -1 -15 -5 0 -1 -1 0 
-3 -3 -5 0 -3 -1 -3 -2 
6 6 14 1 3 1 1 0 
19 -1 -1 -5 -2 -3 -3 6 
-19 3 11 -3 -2 -2 -2 -8 
9 6 4 5 2 -3 2 7 
-13 -7 10 1 1 -3 -3 -45 
12 -3 -8 1 -4 -2 -2 4 
1 0 4 -6 -2 0 1 1 
-6 -1 -11 1 0 1 1 8 
-1 -2 -9 1 -2 0 0 8 
22 8 10 1 2 0 -2 -12 
-2 -3 -18 -9 -2 -1 -2 -12 
-17 -2 -5 0 1 -1 -1 14 
53 0 5 0 0 -1 2 29 
-27 14 11 2 2 0 1 -6 
2 6 30 4 0 2 1 3 
-2 -7 -9 -5 -3 -2 -3 -11 
-2 7 0 12 1 0 -2 -5 
-3 1 8 -10 -3 -5 -1 -10 
-2 -8 -34 -4 -2 -2 1 7 
-14 -13 3 -7 -5 -4 -7 -34 
-12 -6 -6 -3 -4 -2 -3 -4 
0 -8 -4 4 0 0 -3 8 
-22 -4 4 1 -1 -2 0 -7 
2 -6 -3 -3 -2 1 4 6 
1 -21 -2 -1 0 0 -3 1 
-8 -16 -10 -3 -1 -2 -2 -3 
-8 3 -22 -6 0 -3 3 -1 
0 -12 5 4 -5 -5 -13 -2 
-5 -1 -2 -9 -3 2 4 2 
-12 1 1 2 2 2 3 14 
34 -28 -3 0 -5 -4 -8 -1 
-22 -7 -8 -4 -2 -4 1 -10 
-4 4 12 -2 -2 -1 -2 2 
4 -1 -15 1 0 0 -1 7 
4 -11 -8 3 3 1 -1 16 
-16 -2 17 -4 -4 0 0 -41 
-7 -3 -26 -9 -5 0 5 -3 
6 -9 -14 -4 -2 -8 -24 -3 
2 25 1 2 2 1 7 -1 
-6 14 13 -4 -1 -3 -8 3 
-6 -1 -3 -5 -2 0 3 -7 
1 -1 18 3 -1 3 11 -1 
-13 -4 -13 -8 -3 -7 -15 -19 
-9 7 -14 -2 0 3 8 11 
3 2 7 5 -1 -7 -11 7 
-12 21 4 1 -1 0 3 -10 
17 25 27 -1 -5 -3 -8 5 
-7 -7 -18 14 4 1 3 -1 
-7 -6 2 -14 -5 -3 -2 4 
12 -1 19 0 -2 -3 -2 18 
-6 -7 11 0 0 2 -3 -52 
2 -7 -12 1 0 -2 -1 12 
10 -7 -14 -1 -2 -1 -1 29 
23 5 7 5 1 -1 1 15 
-32 -7 8 -2 -3 -2 1 2 
24 1 6 -5 1 2 2 19 
-22 -5 -7 2 1 1 -1 -17 
14 -9 -8 -7 -2 -1 0 -6 
20 -2 6 13 3 1 9 17 
-15 -12 -12 -20 -9 -6 -17 -59 
-6 10 3 -1 0 -1 -3 -10 
-13 -2 0 3 3 -2 5 -1 
-7 1 12 9 5 0 -7 -24 
8 -6 -15 -8 -4 0 8 22 
14 2 6 -3 -3 1 2 4 
-21 -2 -6 -2 -5 -2 -4 -21 
-8 -7 8 -6 1 2 3 7 
5 6 -5 1 -2 -4 -8 12 
-21 3 -5 0 3 1 2 -7 
16 5 17 -1 -3 -2 9 -10 
32 -28 -25 -11 -4 -7 -20 26 
-27 -29 22 21 2 6 7 -5 
30 3 -23 -12 -1 -6 -5 30 
-28 -2 6 2 -1 3 -4 -78 
-5 11 3 5 1 1 17 39 
26 -2 -29 -15 -7 -5 -6 -12 
-7 -8 -6 6 -1 1 3 19 
-9 -13 -15 -9 -3 0 -1 21 
-15 11 11 4 2 -1 -10 -16 
26 14 15 6 6 1 10 22 
-7 9 24 7 5 3 -5 -14 
3 -1 5 -1 -2 -3 -7 11 
10 20 -17 -4 -3 2 15 11 
1 19 -12 -9 -5 -3 -10 14 
22 -1 -3 1 -1 -3 2 27 
-17 -4 11 14 5 0 -1 -25 
-5 -9 9 -10 -2 1 11 0 
-5 7 -7 -1 -5 -6 -22 -41 
0 -2 7 -4 -3 -2 -5 -2 
-12 -9 -9 0 -1 3 22 35 
-1 7 -2 -2 -3 -7 -41 -26 
-3 0 5 1 0 0 9 20 
-4 -1 -16 0 -2 -3 -7 -19 
-5 -7 -3 -3 -1 2 9 3 
-4 23 -11 0 0 -2 -2 -23 
2 -9 45 4 3 2 2 10 
-8 -34 -45 -11 -7 -4 -3 -22 
-8 14 -14 -5 0 -3 -17 -15 
20 -3 7 -4 -2 1 20 55 
19 7 -9 -3 -4 -6 -9 -13 
-27 11 4 -5 -4 -3 17 -5 
24 -6 -16 -1 -2 -3 -29 8 
-9 -21 8 -7 -5 -2 3 -17 
-2 5 4 5 4 4 13 26 
2 14 11 -1 -4 2 8 39 
24 -10 -8 0 -3 -5 7 33 
-11 -1 -26 -10 1 2 0 -11 
-7 -32 -10 -2 -1 -3 -17 -9 
-12 3 29 2 -1 -2 -6 -30 
-8 3 -26 -10 -5 0 -2 -2 
-8 -6 19 6 4 3 15 14 
-2 12 0 -9 -5 -2 2 -17 
1 -33 -39 -4 -6 -4 -8 10 
6 8 6 3 -1 -3 2 1 
-7 -6 -9 1 -3 1 -4 -22 
0 5 -13 -3 0 2 -9 4 
-5 2 20 11 8 8 14 -9 
-23 6 32 -4 -2 -6 -7 3 
20 10 -33 1 0 -2 2 25 
-4 -4 4 2 -2 -5 -11 -9 
4 -4 -3 2 1 2 2 -7 
9 -5 -26 -4 -3 -1 1 4 
-16 -4 36 6 3 -1 -14 -20 
-6 -7 -22 -1 -2 1 7 -3 
1 1 21 -2 0 1 17 17 
-8 1 -1 -5 -3 -4 -23 -31 
12 -4 14 -2 -3 -2 5 -13 
11 1 5 -3 -2 -3 0 27 
-3 8 2 3 2 -2 -2 -22 
9 3 10 0 -2 -1 1 -2 
-4 -20 -29 -3 1 1 7 18 
-8 -3 1 -7 -3 -4 -1 11 
3 2 -11 -1 -2 -4 -15 -17 
5 -4 1 0 -1 -1 -7 -20 
-6 24 -14 -1 -3 -2 13 25 
-5 -12 -6 2 1 -1 -8 -19 
-11 2 3 1 2 0 -8 -9 
-1 -8 -3 2 0 -1 5 8 
-1 12 -2 0 -1 0 -1 -24 
3 15 9 2 -1 -2 1 -10 
0 -9 -8 -9 -5 -7 -21 -7 
-12 -5 -7 1 -2 -3 39 63 
22 8 43 5 0 2 -9 11 
-15 -14 -26 -9 -2 0 -3 -51 
4 -7 -3 3 -1 3 9 22 
6 -4 -5 2 2 1 -15 -26 
-30 -24 32 7 3 0 3 3 
19 14 12 -3 -1 -3 -2 13 
18 8 2 -1 -2 -3 -6 -5 
-7 -14 -2 -2 2 1 0 -11 
-10 7 -33 9 -6 -4 -4 10 
-9 -9 43 -8 -3 -2 -8 -7 
-4 -5 -6 -7 -5 -1 -3 -9 
1 -13 -49 -12 -4 -1 1 13 
2 1 -8 -9 -5 -4 -9 -20 
-12 -25 21 6 -2 -5 3 18 
6 9 15 6 2 0 -3 -6 
-10 -28 -16 -11 -7 -1 0 -3 
-6 -9 -7 -8 -3 -8 -13 -16 
-13 15 -5 6 1 -1 -2 -3 
10 12 12 -1 1 0 3 -9 
4 12 11 6 5 3 -1 2 
-1 15 14 1 -2 -3 11 3 
7 0 -29 4 4 1 5 -11 
-8 -14 26 -10 -7 -3 -5 10 
-1 15 -4 -6 -1 2 1 4 
-23 -26 13 -4 -1 -1 -10 -12 
-1 28 31 20 4 1 0 1 
-7 2 -1 -4 -1 -2 2 11 
2 7 -13 -6 -1 0 -4 -12 
4 -19 -24 -1 -2 -1 -2 -9 
0 10 -10 -2 1 2 5 4 
-10 -2 2 6 3 -3 -12 -20 
-4 2 27 -1 -4 -3 4 -3 
-7 24 -33 -14 -6 -1 -3 -17 
2 3 -36 -4 -2 2 3 31 
5 8 -5 -7 -1 -5 1 -2 
-4 -7 5 13 2 -1 -3 -1 
-6 -22 -7 -8 -4 -1 -13 -19 
4 -5 -7 -12 -4 -2 -4 18 
6 19 -12 1 1 1 -2 4 
-7 7 24 8 1 -3 2 10 
6 9 -30 -7 -3 -3 1 27 
-9 -5 -7 1 -4 -2 -5 -35 
-11 -8 12 -9 1 2 5 23 
1 -12 20 3 3 2 5 0 
14 -5 46 12 4 -3 -9 -9 
-6 -11 -23 -12 -7 -2 14 27 
3 -13 -61 -2 -3 -5 -2 -8 
14 25 15 0 3 3 -12 -25 
-5 19 22 -4 -4 -1 1 16 
5 -7 43 21 7 2 -2 -17 
-6 0 -7 -8 -2 -4 -1 -12 
2 -9 -56 -26 -16 -4 -3 0 
-2 -5 -2 10 2 2 -5 -21 
11 -1 -29 -5 -2 -1 1 11 
-2 -13 21 6 3 4 -4 -18 
3 8 -35 1 4 -1 0 -1 
-3 -8 19 -7 -2 -4 0 -19 
-4 2 11 23 5 1 -2 14 
15 -34 -26 -19 -6 -2 -1 18 
-11 16 38 7 -3 0 -1 0 
-11 -14 -51 -13 -5 -2 14 5 
16 -24 -17 9 -8 -2 -5 6 
-20 5 41 16 4 2 -7 -45 
3 -10 10 -5 -1 -4 -4 3 
-6 -37 6 -2 6 4 2 11 
-7 2 25 7 10 9 16 -2 
10 14 12 7 -3 -4 -4 8 
0 -7 0 16 1 -2 -1 -2 
-8 18 -15 -38 -10 -2 -6 -18 
24 -14 -45 -6 4 0 1 -2 
-12 -28 8 12 -5 -6 -1 -6 
-2 -25 61 4 12 9 4 13 
19 4 -39 9 1 1 -1 20 
-6 7 12 -18 -10 -7 -10 -10 
6 -17 -5 1 2 1 0 12 
-24 19 13 25 5 -1 -5 -9 
-3 -13 -16 1 -3 0 -4 -8 
-9 -5 -25 -17 -2 -4 16 3 
17 28 -5 -8 0 -1 2 27 
1 -12 -62 -10 -9 -4 -7 -3 
-1 31 39 1 2 2 9 5 
-16 -6 9 -1 -3 1 -5 -29 
17 24 1 12 6 -1 -5 7 
-7 -41 -46 -29 -11 -8 -5 -4 
0 -11 24 23 -2 -4 -2 2 
1 4 32 -19 -7 -4 -9 21 
-17 -5 49 0 0 3 5 -49 
-11 -22 -65 -14 -5 -5 -6 7 
6 -5 16 8 -1 -1 -6 -5 
-2 4 8 -5 -1 -2 0 6 
-15 4 -4 7 7 6 4 6 
21 20 5 -6 -1 -1 -8 -23 
-14 -22 48 19 9 -1 0 -20 
-1 -1 -69 -37 -18 -8 -13 22 
-5 13 20 8 -1 6 8 19 
-17 6 -30 -6 0 -4 -2 -7 
2 -4 20 9 5 2 0 -3 
-1 16 51 18 9 -1 -4 -7 
-16 10 -14 29 4 -2 12 -14 
20 -26 -58 -58 -27 -7 -6 5 
15 -11 -7 -2 1 0 -4 1 
-12 -23 -6 15 6 2 10 4 
-7 3 -5 -14 -6 -4 -12 -11 
22 3 52 29 8 2 9 5 
8 7 -7 -13 -1 0 1 15 
-35 -12 0 -1 2 2 -2 -51 
2 2 -44 -9 -5 -6 -8 3 
1 -29 27 9 1 -1 -4 10 
-14 -8 -23 -6 -3 -3 -3 -1 
5 -8 -41 -17 -13 -3 -6 -9 
12 -11 13 -9 -1 4 3 -5 
28 33 30 6 4 3 -1 35 
-20 21 -2 24 7 -2 0 -17 
20 5 11 2 2 0 -1 3 
-14 -16 -21 -23 -7 -4 -23 -30 
0 23 32 20 4 0 -5 11 
35 20 -14 -18 -7 -2 -4 1 
-20 -3 -14 -11 -7 -3 -4 7 
11 -8 -10 8 0 -3 6 2 
-15 -20 11 9 2 3 4 2 
-1 -12 -17 -2 -1 -1 5 6 
-18 14 17 6 4 2 -5 -7 
46 -20 -13 -14 -9 -7 -8 6 
6 7 23 -9 -7 -5 1 6 
-46 -8 -32 -2 -1 -1 4 -19 
1 1 2 -9 -2 3 -1 -40 
-12 9 -12 -4 -5 -6 -1 19 
17 11 15 3 2 -1 -11 -15 
-21 -10 -13 -13 -10 -8 0 16 
15 16 43 24 8 -1 2 4 
-13 25 12 17 8 2 5 35 
-23 -14 -69 -44 -13 -3 -2 -46 
19 -5 5 -13 -13 -3 -4 24 
6 13 -5 6 3 5 5 -11 
28 1 15 6 3 4 -1 40 
-27 17 26 17 7 -2 -1 -62 
2 -3 27 12 10 1 3 0 
7 16 -22 -16 -12 -13 -5 10 
-11 -25 -45 -14 -4 1 0 -22 
-23 -21 19 2 -1 4 9 7 
4 4 -19 -6 -5 -1 -9 1 
3 1 20 3 0 -1 -28 -38 
-15 -3 18 7 3 1 26 33 
22 11 -7 5 1 0 14 40 
-5 15 0 -9 -2 -8 -26 -27 
-14 -19 -5 -2 -3 -1 0 25 
2 -2 -28 -7 -3 -2 2 -26 
-12 1 3 3 2 -1 -2 -15 
20 14 11 14 3 -1 -16 4 
-6 -16 -19 -10 -7 -2 33 27 
-12 -5 14 -16 -6 -3 -14 -25 
-4 -25 -9 3 0 4 8 -4 
2 -17 -10 0 -3 -6 9 22 
9 -9 21 4 1 -1 -9 14 
-9 11 -27 -7 -4 -3 -6 -23 
1 3 12 3 -1 1 17 1 
-15 10 -5 -8 -3 -1 -15 12 
14 -34 -43 9 3 -4 -17 -16 
-3 39 54 -7 -6 -2 -1 -10 
11 30 12 -6 0 -6 -17 27 
-4 -11 -36 -1 -8 -2 31 2 
3 34 18 7 3 2 6 27 
-6 -12 -30 -12 -4 -3 -15 -16 
-11 -13 -12 2 0 -2 -9 9 
7 18 9 2 2 6 4 -19 
-4 -20 -2 -3 -4 0 6 -2 
-1 -10 33 20 8 1 7 23 
6 10 -5 -7 -3 1 10 2 
-21 -12 -19 -8 -2 -5 -23 -21 
-3 64 21 8 6 11 28 15 
0 -33 -17 -9 -3 -3 -12 -8 
-3 -2 18 17 5 -1 -19 -28 
-2 -8 10 0 1 -2 5 12 
-7 -31 -37 -24 -14 -3 -5 7 
4 4 14 -3 -8 -4 0 -10 
-26 10 6 10 0 2 8 -15 
7 -2 13 7 3 -1 -1 -1 
2 19 13 -13 -4 -7 -16 -15 
4 -17 -16 -4 3 6 9 42 
-13 -16 -9 -5 -3 -5 -21 -48 
17 1 -10 -3 2 4 23 40 
-12 -6 21 14 8 -2 -3 -18 
23 7 -35 -18 -7 -7 -11 -15 
-24 10 19 -2 -7 -5 -4 2 
11 15 51 45 21 12 3 3 
19 -22 -26 -23 -8 -8 -3 -5 
1 34 -7 -3 -5 2 2 -12 
7 -35 -20 25 8 1 4 21 
-33 -20 -25 -36 -19 -9 -9 -71 
-3 -6 17 4 -7 -1 -8 21 
-12 -6 9 -3 5 -2 2 -23 
37 20 -23 5 -1 -4 -3 -9 
-26 12 23 4 -2 -2 -3 5 
-6 -34 -50 -11 -9 -4 -6 -23 
-11 -2 -6 -12 -6 0 3 0 
12 22 23 -1 4 5 2 27 
11 -11 -10 -1 3 -1 8 8 
-10 5 6 0 5 1 -5 20 
-12 5 7 22 8 -3 -10 -56 
8 -5 -23 -12 -8 -6 6 27 
3 7 8 -9 1 2 -4 0 
-1 -2 -2 4 0 1 3 -9 
-7 -3 60 5 3 1 -2 18 
0 -11 -19 -13 -5 -2 -3 2 
-2 1 -3 -3 -8 -4 -5 -5 
8 4 -17 -4 6 1 1 4 
-24 -14 14 7 0 -1 -1 9 
-12 1 -6 -18 -8 -2 -2 -16 
21 2 -5 -3 -4 -4 -4 -6 
-7 4 16 13 4 1 -3 -10 
-2 -16 -20 0 0 0 1 11 
-7 -4 12 -1 -3 -1 -5 -4 
4 -5 -22 -4 -1 0 -1 1 
-5 7 8 -5 1 1 3 1 
4 1 -20 3 -4 -6 -3 -5 
0 3 9 -3 -1 0 1 8 
-8 -2 0 6 1 -1 0 -2 
7 -5 -9 2 -3 -2 -4 -6 
14 -3 -10 -4 1 0 1 14 
-1 2 26 1 3 -2 0 0 
-10 -2 -24 -10 -3 -1 -3 -4 
-5 -1 8 1 -4 -1 0 3 
9 3 -9 -1 -2 0 -1 -2 
-2 3 6 -2 0 -1 0 5 
-1 -5 0 -4 -1 -2 -2 -8 
-6 1 6 1 1 0 0 -6 
5 0 8 6 2 1 -1 6 
9 5 0 -6 -2 -2 -2 7 
-2 -13 -15 -10 -7 -3 -3 13 
-3 0 -1 1 0 1 0 -9 
-5 -2 -12 -6 -5 -2 -2 0 
-2 -4 5 2 -2 -1 3 21 
5 -2 -14 -12 -2 -1 -3 -12 
2 2 5 3 -1 -2 -2 0 
-5 4 3 -1 0 0 -1 0 
0 0 -3 6 2 -1 -1 1 
19 -5 1 -2 -3 -1 1 10 
-8 -1 10 2 2 -1 -7 -10 
-7 -3 -13 -3 -1 -3 0 2 
-3 -4 -14 -4 -4 -3 -3 -11 
-3 0 1 1 -2 -2 -2 -4 
-7 -5 1 -1 0 -1 1 -7 
20 -4 7 4 1 0 -1 8 
0 -3 -8 -2 1 -1 -3 -14 
-8 1 5 0 2 0 -2 -3 
2 1 -2 -3 -3 -1 2 7 
-18 -2 2 0 -1 -1 -2 -3 
-3 4 -1 -2 0 0 1 -4 
-1 -2 2 3 -1 1 0 -1 
4 -1 -1 -1 -2 -2 -2 1 
0 -2 -10 -4 -1 -1 1 0 
-3 -1 11 -1 1 -2 -6 -18 
4 -4 -24 -11 -4 -1 -2 2 
-9 -2 -7 -3 0 -2 1 -1 
7 -1 1 1 -1 0 -2 -2 
-3 -1 10 4 2 0 2 6 
-4 -1 13 2 -1 -3 -2 -1 
3 -3 -7 -6 -4 0 -2 -4 
-8 -3 -7 -4 -1 -1 -3 2 
11 2 -3 -1 -1 0 0 0 
-6 -3 -2 1 0 -3 -2 -4 
-2 -3 1 0 -2 1 2 -1 
1 2 5 3 -2 -1 -3 -2 
-8 -6 -23 -8 -5 -3 -2 -2 
-1 0 1 -2 -1 0 1 -3 
-9 -4 7 2 -1 -1 1 0 
-3 0 -4 -2 0 -1 1 0 
-7 -4 -10 -5 -3 -1 -1 -19 
1 4 8 3 0 -2 -2 6 
-6 1 0 1 1 1 1 3 
-11 -5 6 0 -1 -2 -3 -11 
-5 -4 -2 -6 -4 -1 -2 4 
5 4 7 3 1 1 0 6 
-1 2 -9 -5 -3 0 -2 -7 
6 -2 3 0 -1 -1 0 6 
3 0 6 -3 -1 -2 0 4 
-11 -4 -10 -3 -1 -2 -2 -6 
3 1 -3 -3 0 0 -1 4 
6 2 8 3 -1 1 -1 2 
-13 0 -6 2 -1 0 -4 -1 
-9 -3 6 -4 -2 -3 0 -2 
5 0 3 2 -2 -2 -1 0 
4 -2 -11 -4 -1 -2 1 3 
-4 2 6 4 2 0 -1 -12 
0 -1 -4 2 -3 -1 -3 -3 
0 -6 -2 -5 -2 -2 -2 1 
-2 1 -13 -5 -2 0 -2 0 
4 3 16 4 1 -2 1 5 
-2 -4 -14 -2 -1 -1 0 1 
-19 1 2 0 1 -2 -1 -11 
9 -6 2 -3 -4 -3 -2 0 
-5 -1 0 -4 -3 -2 0 2 
-3 0 -5 -4 -1 -1 -2 -3 
1 1 -3 2 0 0 -1 2 
-6 6 8 5 4 3 2 -3 
7 -2 -2 2 -4 -3 -4 -6 
-16 -8 0 -4 -4 -2 -1 -1 
3 -1 -1 1 0 0 0 -2 
-1 -9 -2 -4 -7 -4 -4 3 
3 -1 -6 -2 1 0 3 0 
3 3 6 1 1 0 -2 -1 
4 0 5 1 -2 -2 -2 -1 
-13 2 0 -2 1 0 0 -7 
-9 -1 -18 -2 -3 -1 0 -8 
-1 -8 4 -6 -2 -4 -6 -10 
1 -6 -10 -2 -4 -2 -2 -1 
17 1 4 -1 -1 -2 -1 -1 
-2 -5 -12 -3 -2 -1 -1 7 
3 7 14 5 1 2 0 -1 
7 -1 1 -1 0 0 -3 9 
-24 -1 -6 -1 -2 -2 -4 -32 
-10 -2 21 7 2 1 -2 -2 
1 -4 -20 -4 -5 -1 -1 4 
-4 -6 -7 -7 -3 -3 -1 -4 
4 -4 -7 -4 -4 -4 -1 6 
3 -3 1 -1 -1 -2 0 4 
1 3 9 3 1 0 1 -7 
1 0 -4 1 -1 -3 -3 5 
-5 -1 -1 -2 0 -1 0 1 
0 3 -3 -2 -1 1 -2 -1 
-3 -7 -12 -5 -2 -3 -4 10 
13 2 6 4 0 0 1 -2 
-11 -5 -7 -2 3 0 0 1 
-3 -3 -10 -5 -3 -3 -2 0 
3 3 3 0 1 0 1 -1 
-3 -3 1 1 1 -1 -2 -3 
-14 2 3 0 0 2 -1 -2 
8 -6 -6 -6 -2 -4 -2 4 
0 2 6 3 2 1 1 -3 
1 4 5 2 1 0 -1 -2 
-5 -4 -5 0 -2 -5 1 4 
-8 -2 -4 1 0 0 -1 -1 
4 -5 -4 -2 -4 -3 -4 -5 
-4 7 10 3 2 4 2 1 
5 -3 -9 -4 -3 0 -3 -10 
2 1 7 0 0 -2 -1 4 
10 1 6 0 -1 -2 0 0 
-5 -4 -5 -2 -2 -2 -1 4 
1 1 0 -5 -1 -1 -3 -3 
-19 1 3 2 1 0 -1 -1 
1 -1 -1 0 1 0 -1 -4 
9 -6 -8 -7 -4 -2 -3 1 
4 0 1 0 -1 -1 -1 6 
-12 0 -1 2 2 0 1 -12 
-12 -1 -8 -3 -2 -2 0 -3 
-3 -4 -17 -5 -4 -1 -1 0 
-4 4 6 3 2 -1 -1 -3 
15 -1 -7 -6 -5 -2 -2 13 
0 4 14 -2 -2 -1 -1 0 
-1 -2 -10 -4 -1 -1 -1 -6 
-5 2 10 3 -1 -1 -3 -8 
11 -6 -5 -6 -5 -6 -3 21 
-2 2 -1 -1 -2 0 -1 -21 
-12 7 5 4 0 0 0 -3 
27 -9 2 -2 -2 -1 -2 7 
-3 -3 -7 -4 -2 0 -1 -8 
7 -1 1 1 1 -1 -2 5 
-11 -5 12 -2 -3 -4 -2 3 
2 0 -10 -2 -2 1 1 1 
1 -2 -2 0 -1 -1 1 -7 
7 -1 1 1 -2 -1 -2 6 
-1 2 1 1 1 1 0 -8 
-4 -5 -7 -4 -4 -3 -1 3 
8 -3 0 -1 -1 -2 0 -3 
-22 1 1 0 -1 -2 0 -4 
4 2 2 1 0 -1 -1 -15 
-6 -3 -11 -3 -1 0 -1 1 
5 -5 -2 1 -1 0 -2 -3 
-1 -2 -11 -4 -3 0 0 -2 
5 4 5 3 2 0 -2 1 
7 -2 2 -1 -2 1 -1 3 
-23 -3 2 2 1 -3 0 -9 
11 -7 -11 -6 -3 -3 -3 2 
1 -3 -3 -3 -3 -3 -1 0 
-5 3 -2 -1 -1 -2 -2 -1 
1 3 -1 -1 1 0 -1 0 
-3 -1 8 2 0 2 -2 3 
-5 -5 -18 -5 -3 -2 -2 1 
-2 0 -3 -3 -2 -2 1 -1 
3 -1 0 -1 0 0 -1 -2 
-2 5 11 -1 3 -1 2 3 
1 -5 -9 -2 -2 0 -3 -3 
-3 6 9 4 2 -1 -1 1 
-3 -2 -8 -4 -1 -1 -2 -3 
6 -3 -6 0 -2 -1 -2 -5 
-1 -2 11 0 1 3 2 5 
-2 -4 1 0 -1 1 -3 1 
11 0 -5 -1 -2 -1 -1 -3 
-11 5 9 3 1 0 -1 2 
5 -4 -16 -7 -4 -4 -2 2 
