#EMG
#3
#ID:3-74
2 -2 -1 -3 0 0 -1 -2 
-2 3 -1 1 -1 -1 1 -8 
18 -2 -12 -1 -1 -2 -2 9 
-20 1 9 2 0 -3 -1 -13 
-12 -2 0 0 -1 1 2 1 
3 0 3 1 1 1 1 4 
1 -1 3 2 2 3 0 -13 
14 -2 -23 -10 -5 -5 -2 7 
-8 0 -1 -2 -3 0 -1 8 
1 -2 2 2 -2 -3 -1 -9 
-7 10 -1 0 -2 -1 0 4 
10 -7 13 8 7 3 5 11 
-2 -10 -20 -5 -6 -3 -3 -6 
4 1 -4 -3 -3 -1 -4 1 
1 0 23 5 1 -1 -2 -11 
-7 -1 -25 -6 -4 -1 -3 -4 
0 0 6 1 1 -1 0 -1 
-7 -5 -11 -3 -3 0 0 -2 
35 -3 2 -2 -2 -2 -1 15 
-31 0 8 0 0 -1 -3 -34 
-3 -1 -3 -1 -1 -2 -3 2 
13 -2 0 -3 0 -5 -3 5 
-9 -4 -7 -1 -1 0 0 -1 
-10 4 8 4 2 -1 -1 -2 
-9 -1 0 -5 -1 -1 1 -18 
2 -2 -2 2 -2 -4 -3 -10 
27 -2 1 0 -1 -1 -2 4 
-61 -4 5 1 1 1 -3 -2 
-7 -4 3 1 2 1 -2 10 
-2 1 -8 -6 -5 -3 -5 -3 
-15 -6 -8 -4 -4 -3 0 -12 
24 -2 -1 -3 -3 1 1 11 
11 3 -1 2 1 0 0 3 
-5 -3 -14 -7 -5 -2 -3 -5 
-11 -3 1 1 -2 -1 1 11 
4 -7 -1 -1 -1 -2 -1 11 
-15 -1 0 -1 -6 0 -1 -35 
25 0 -10 -4 0 -2 -3 24 
-33 -4 1 -1 -2 -2 -4 -28 
30 3 -9 -2 2 0 3 15 
-28 16 6 -2 -2 -5 -3 -8 
6 -3 9 1 1 0 -1 -10 
-71 -1 1 0 -1 3 1 8 
8 1 2 -2 -2 -4 -4 -20 
15 7 -5 -2 2 -2 -2 6 
-4 0 15 4 0 -1 1 4 
-1 -8 -14 -6 -3 -4 -5 -2 
37 2 5 3 0 0 -2 7 
-33 -6 9 1 2 2 1 -4 
-15 -9 -21 -3 -2 -1 1 -2 
16 -2 3 0 -1 -3 -7 -21 
-5 9 10 -1 -1 1 1 -2 
21 -4 -4 -1 -3 -2 -3 10 
-2 3 7 0 -1 2 4 20 
-12 2 1 3 3 2 -1 -31 
-8 -9 -15 -2 -3 -3 -2 14 
2 -4 3 -2 -4 -4 -3 7 
-10 10 7 0 -1 1 -1 -6 
16 -1 -7 -4 1 0 -3 5 
-23 -1 6 4 3 2 4 -5 
21 -4 6 0 -1 -2 -1 5 
15 -4 -16 -4 -2 -2 0 23 
5 -4 6 -2 0 -2 -3 -17 
-10 -1 -6 -5 -2 -2 -2 -15 
13 10 6 3 0 2 5 14 
-3 -8 -5 0 -1 -4 -9 -16 
9 7 7 -2 -4 -3 3 18 
-9 -7 -7 1 4 4 5 7 
2 -1 -5 -5 -4 -5 -7 -61 
15 -4 -9 -2 3 1 7 -5 
25 0 5 2 -1 -3 -5 20 
-17 23 3 -2 -4 -6 -6 9 
7 -15 15 1 4 3 3 9 
-11 -3 -14 0 2 3 -2 2 
15 7 2 2 -3 0 4 -8 
35 10 7 -2 -3 -6 -9 13 
-22 -15 -6 -6 -4 0 4 -3 
-6 -1 10 -4 -1 -4 -3 -3 
-19 -17 -15 -6 -3 -3 -5 6 
-5 -6 9 3 0 1 2 -8 
-4 -9 1 -2 -3 -6 -9 7 
-3 -6 -21 -6 -2 3 5 -6 
-14 6 9 2 1 1 0 -14 
2 -9 7 -3 -2 -3 -8 -8 
3 -9 -13 0 0 0 1 9 
-1 8 20 1 -1 -5 -9 -11 
-3 5 10 -2 -2 -1 8 -3 
-1 4 -3 3 4 4 -13 -1 
-16 8 -20 -3 -2 0 5 1 
-20 -19 -22 -3 0 -5 8 -6 
1 9 1 1 1 5 9 -4 
8 -12 -27 -9 -6 -6 -4 -4 
-8 10 16 1 -2 -3 -22 7 
2 0 32 13 3 4 1 0 
-5 -14 -25 -12 -1 -4 -6 6 
28 20 -22 -4 -2 -4 2 -2 
-17 -9 -26 -3 -4 -11 -14 1 
-4 14 28 1 -1 3 -7 14 
-12 4 -1 7 4 4 10 -12 
3 19 48 0 -2 1 12 4 
6 -1 39 10 6 5 4 -15 
1 10 -19 -8 -4 -4 -4 2 
1 -24 -48 -10 -6 -5 -7 26 
-18 -24 -19 -2 -2 -1 0 -29 
-8 -7 4 3 5 7 12 13 
-7 -11 30 -6 -11 -8 -9 -19 
-7 0 -6 -23 -8 -3 -3 -4 
-16 -40 -25 -10 -6 -2 0 12 
5 5 23 6 4 1 2 1 
19 -3 -2 9 5 0 1 -10 
-23 -6 -24 -1 -8 -8 -4 1 
-23 -1 16 2 -2 0 -2 12 
10 3 -22 -5 -2 -4 -8 -26 
-10 1 5 -5 7 2 10 -1 
21 10 2 33 14 1 -2 3 
-8 -18 23 -21 -12 -3 -9 -3 
2 -7 -48 -14 -5 -2 4 9 
13 20 31 13 3 5 4 3 
-5 -7 -22 1 1 -2 -2 -3 
1 16 -5 12 -1 -3 -9 -2 
10 11 -34 -16 -9 -1 9 4 
4 2 -30 -21 -8 -3 -1 6 
6 -4 49 10 4 -1 -4 -4 
-3 0 -15 10 7 4 3 9 
-9 6 -3 -2 -3 -7 -9 -24 
15 -11 -8 -1 -3 -3 -2 18 
-11 -3 16 -6 -2 -1 -7 -46 
40 -2 -10 3 -2 -2 5 10 
-25 27 13 4 5 2 0 4 
-25 4 -2 4 1 -2 -2 -16 
13 0 0 -5 -6 -2 -2 13 
-5 10 2 -6 -1 -1 0 -6 
-7 -32 -22 -1 -3 -2 -4 -1 
1 -5 0 3 1 -1 0 9 
-8 4 33 0 1 0 -3 -12 
-4 15 8 4 2 -3 -2 -16 
22 2 1 -1 2 1 0 33 
-20 2 -11 -1 -5 -2 -7 -30 
19 -10 -5 -4 -2 -2 -5 14 
3 0 7 3 3 3 11 7 
2 -8 14 4 -3 -6 -15 3 
-12 -5 -2 -11 -3 -1 0 -5 
49 5 -3 -2 -1 1 -2 21 
-30 -31 -20 -4 -1 1 3 -26 
35 17 12 7 3 3 2 13 
-46 -12 -10 -5 -4 -6 -9 -10 
-14 -2 -5 -3 -1 2 7 28 
9 7 6 1 1 -1 -2 4 
3 -3 -7 -6 -2 -1 9 9 
30 0 22 5 4 -1 -6 -8 
7 -7 -8 0 -5 -4 -1 10 
-26 4 24 -4 -1 -2 -12 -24 
-9 -21 -22 -13 -7 -1 11 -4 
10 9 7 5 3 0 -1 3 
-6 16 25 3 2 3 -1 13 
-27 1 5 3 -2 -5 -6 -6 
33 1 14 3 1 0 2 3 
2 -16 -22 2 0 0 -9 -30 
-17 15 9 -11 -3 -1 -8 -8 
0 -6 -7 4 3 5 20 3 
0 -3 17 5 0 2 5 -3 
3 8 -4 -6 -3 -5 -12 12 
12 6 5 7 1 1 -4 -6 
4 6 20 0 -1 -2 5 29 
-31 -23 -38 -20 -7 -1 -7 -83 
-32 -26 2 9 0 -1 4 44 
-39 -8 -39 -18 -7 -8 -16 -44 
2 1 -4 2 4 6 -4 38 
-29 14 26 10 0 -4 42 4 
-8 -19 -10 -6 -7 -2 -12 -19 
10 -11 -2 -1 -2 -2 -11 -23 
4 4 -14 -5 -8 -7 2 22 
-12 1 0 2 3 3 1 29 
15 14 6 -1 3 2 12 10 
4 5 29 22 5 -2 -18 -9 
4 -3 9 -13 0 7 28 -10 
21 -22 -73 -22 -6 -1 -20 24 
-1 -1 3 -4 -2 -4 10 -8 
-21 31 30 2 1 6 2 2 
16 2 14 -2 -6 -7 -13 1 
-17 5 28 21 10 6 2 -3 
1 2 -14 -3 0 -1 -8 -5 
-6 -11 -50 -12 -6 -4 15 18 
13 13 3 0 -5 -6 -14 -25 
7 17 53 10 -1 -4 -14 -3 
4 -27 -79 -16 -9 -2 -3 3 
-2 3 11 -1 -4 -4 4 5 
-12 -37 -64 -6 -1 -1 -1 -8 
3 11 -14 -12 -6 -6 -32 -5 
12 27 41 13 11 11 26 7 
-13 -75 -15 -7 -4 -7 0 -13 
-3 36 -7 1 -2 -6 -14 -11 
-2 -26 -2 0 -1 -1 -6 -1 
-1 -9 -41 -3 -2 -4 -7 -7 
9 -12 19 -6 -10 -1 4 8 
-2 -10 -3 0 0 3 0 -8 
9 35 24 11 0 -1 0 -2 
-8 -29 32 -6 0 -2 -5 -2 
0 -5 -14 7 2 0 7 -1 
3 8 -14 -9 -2 -7 -9 -10 
-9 -2 -13 -10 -9 -4 -1 -3 
4 18 30 12 4 -1 -2 0 
11 27 -18 -6 2 -2 2 3 
-16 -19 -22 -5 -5 -1 -3 -7 
-6 -55 -1 -1 -1 0 1 11 
-3 15 17 4 0 1 -2 -19 
-3 -4 -13 -7 -4 -4 -5 -2 
-2 -3 33 8 4 1 6 13 
-1 -16 -53 -4 -2 -2 -3 -3 
4 9 19 9 -4 -3 -4 6 
36 10 -10 -18 0 2 -2 -18 
-28 -8 -7 -1 0 -2 -12 -8 
10 -3 13 2 -2 -2 -1 16 
13 3 -7 -8 -7 -3 -3 -4 
2 24 23 12 1 -1 6 17 
-3 -9 17 9 2 -2 -1 1 
-10 2 -12 2 1 3 1 -33 
-3 -5 -24 -11 -5 -1 -2 8 
-24 -17 -11 1 2 -1 -1 -11 
14 22 18 -2 -5 -2 -6 5 
-4 1 24 1 -1 0 6 -2 
19 8 -5 6 0 0 3 11 
-17 -2 0 -6 -4 -3 -2 -26 
2 -9 -2 -5 -4 -2 3 -13 
5 3 0 3 1 -1 -9 3 
-8 -8 -4 -11 -5 -5 -4 6 
-1 6 -12 -3 -1 2 0 24 
14 0 2 8 3 3 20 9 
-12 -6 -31 -12 -3 -2 -2 -24 
-6 -16 3 -3 -3 -2 -5 -3 
-17 6 10 4 0 -4 -10 2 
-2 -12 -29 -2 -1 -2 -5 1 
8 37 27 -1 2 0 -11 -5 
3 11 7 -2 0 0 10 16 
-5 -8 -11 -6 -6 -7 1 -7 
15 13 21 -2 -3 -3 -9 -19 
48 -15 6 9 5 0 -21 -4 
-53 8 -3 3 -2 -6 -27 -4 
-28 -22 11 -2 2 7 15 -16 
22 0 -5 -7 -5 -6 -49 48 
-2 -18 12 -3 -5 1 72 1 
13 30 4 8 5 3 3 -8 
8 -2 -58 -22 -9 -1 48 25 
-6 -1 34 1 0 0 -45 -21 
-25 -3 -10 -3 -1 -2 24 76 
22 -9 10 5 -3 -8 -7 -10 
4 29 41 35 11 5 24 -33 
-9 6 8 -12 -4 -4 34 28 
-5 0 -27 -26 -9 -5 -49 -57 
18 -13 -11 -12 -11 3 51 48 
-22 -7 -26 -14 -4 -6 -49 -43 
61 7 -3 -3 4 11 18 2 
-24 17 51 15 -1 -18 -11 7 
-17 -13 -68 8 3 -1 -26 -19 
-17 -18 1 -5 0 -3 -11 15 
7 5 0 -4 -2 5 14 -10 
1 1 -4 -4 -6 1 9 -1 
5 -5 42 5 -1 -2 -6 0 
31 1 -27 -9 1 1 -6 17 
-23 -24 -25 -2 -3 -4 14 -21 
-7 6 8 2 -1 1 -10 6 
-7 8 6 -5 -2 -2 -7 -12 
-7 -20 14 20 11 5 -14 -11 
-7 -3 -12 -8 -6 -8 8 21 
2 -1 -22 -7 0 2 -6 0 
3 22 30 3 0 2 -1 -8 
10 6 56 2 -3 -4 0 19 
-23 34 -43 -18 -6 -5 -15 -34 
9 3 42 33 6 2 34 59 
-11 -23 -54 -49 -13 -6 3 -14 
-1 2 -4 -8 -6 -2 -8 8 
-7 -8 -4 2 1 -3 -3 -9 
-9 -17 -13 -1 -1 1 -7 -23 
-12 -5 28 11 4 0 -1 -17 
-9 -13 -31 -7 -9 -9 -2 -2 
25 -12 28 5 7 9 6 29 
-55 -17 -74 -16 -7 -6 -13 -33 
13 3 6 5 5 3 7 2 
8 1 2 -2 -5 -7 -12 3 
-15 16 24 25 9 -1 0 -13 
25 22 10 -6 2 4 0 4 
-14 -3 -6 -1 -1 -1 -4 13 
-8 -2 -18 3 0 -1 1 18 
32 -2 6 -9 -6 -4 -4 -14 
-6 -9 3 -3 -2 0 -3 34 
14 2 -7 0 -1 -5 -5 1 
-27 8 20 9 5 3 12 11 
2 -11 -10 -1 -3 -7 -10 -31 
8 13 2 -2 1 -1 -7 -22 
7 -1 3 6 1 3 -3 12 
25 12 5 0 0 0 6 9 
-18 1 -12 -5 -4 -2 -7 12 
-11 -1 13 5 4 3 1 -14 
1 -14 -8 -3 -1 -4 -2 -2 
-9 -3 0 -4 -1 1 6 -17 
-14 -9 -10 -1 -1 -1 6 -3 
31 -9 -5 -7 -7 -7 -19 -9 
-15 8 10 3 4 1 3 -7 
-6 -7 -11 -9 -7 -3 -15 -15 
-19 -7 0 6 4 3 8 -1 
-3 4 12 1 1 1 3 5 
13 2 -4 -2 0 -1 1 2 
-11 8 7 1 -2 -3 -2 -19 
6 -1 -6 -1 -4 0 2 14 
4 -4 -10 -9 -4 -2 -5 -38 
-15 -4 0 -4 -5 -2 -5 -6 
13 -1 9 5 6 4 2 9 
-12 -13 -1 -6 -5 -4 -4 6 
5 4 -10 1 0 -1 0 8 
0 -14 7 -2 1 2 4 14 
-14 -8 -19 -6 -2 -3 -3 -27 
3 0 0 0 2 -1 -2 -3 
-14 3 3 0 0 -1 1 -2 
-15 -6 1 4 2 1 -1 -9 
32 -5 -1 -5 -3 -2 -2 20 
-11 -4 -2 -1 -1 -3 -1 -8 
-2 -4 1 2 2 1 2 5 
-13 7 -3 -1 -1 -1 -3 -30 
10 7 10 4 -2 -1 -1 11 
-12 -3 -16 -8 -2 -1 -3 -12 
3 -2 2 -4 -4 -4 -2 3 
6 2 -2 0 0 0 0 1 
-4 2 5 3 1 0 1 -1 
-3 1 3 1 -2 -1 -2 -4 
2 4 -1 0 -1 -1 0 9 
0 2 -6 -4 -4 -1 -2 0 
2 0 -1 0 0 0 -4 -4 
3 -2 -8 -1 -1 -3 -2 6 
-32 3 17 0 -2 -2 -2 -8 
1 3 1 0 -2 -5 -4 0 
13 -5 -4 -3 -2 0 2 21 
-4 0 -7 -2 -3 -2 -2 -21 
12 -3 -4 -3 0 -1 -2 4 
3 1 -16 -7 -6 -4 -6 -6 
-11 3 -1 -5 -4 -1 1 5 
0 19 -1 0 0 0 1 1 
-5 -25 3 -3 -2 -2 2 -6 
3 12 -3 0 3 1 2 18 
6 -17 -21 2 0 -4 -3 -33 
-58 -5 -11 -7 -7 -6 -6 -14 
9 7 3 2 0 0 1 -6 
1 -3 0 -1 -3 -1 -1 11 
1 -11 -9 -2 -3 -2 0 5 
19 -7 5 3 3 2 4 20 
12 4 -2 2 1 0 2 14 
-19 -12 -7 -3 -1 -2 -3 -32 
6 6 0 -2 -1 -2 -3 6 
10 -4 3 1 1 0 0 1 
-25 -4 -8 -2 1 1 -4 -4 
12 3 5 1 0 -1 0 1 
-21 12 7 1 -1 -2 0 -4 
3 -8 0 -1 -2 -4 0 -4 
12 0 -10 0 -1 0 -1 2 
-9 -15 7 3 2 1 3 -6 
-5 7 16 2 2 0 -1 7 
-4 -9 -11 -5 -3 1 -1 -12 
8 3 -9 -2 -1 -1 -3 -2 
7 5 -1 0 -2 -1 0 11 
4 0 -1 0 1 1 2 -1 
3 6 12 3 0 0 0 0 
-3 3 0 -3 -4 -1 -2 -4 
5 4 4 0 1 -2 -1 0 
-6 -3 5 1 -3 -1 0 2 
33 5 -2 0 -1 -1 1 5 
-20 2 -2 -3 -4 -2 -5 -27 
3 21 -2 1 -1 -1 -1 5 
-3 3 9 -4 0 2 3 -2 
14 -4 -6 -3 0 0 -1 29 
-19 -2 5 1 0 -2 -1 -15 
0 -8 -10 -3 1 1 0 -17 
-1 10 3 4 0 -1 0 0 
-33 -8 1 1 0 1 3 -9 
4 6 -1 -1 -2 -4 -3 -5 
-7 -3 4 -2 -2 0 -3 -1 
-1 0 -15 -6 -1 -1 -3 -2 
4 -3 8 5 2 -1 -1 4 
11 0 -2 -1 0 -2 0 13 
-6 6 8 6 2 1 4 -4 
18 -10 -13 -8 -8 -6 -8 4 
3 8 6 -2 0 -2 -3 -5 
-6 -4 4 -2 -2 1 3 4 
2 -4 2 -2 -2 -2 -3 1 
-2 -6 -1 0 0 0 -1 3 
-16 -8 0 -3 -1 1 0 -12 
19 -1 3 4 0 0 -2 3 
2 -10 -7 -4 -5 -5 1 2 
-4 0 2 -2 -4 -4 -5 -5 
-6 1 -3 -2 -2 2 0 -8 
1 1 -2 1 0 0 0 2 
-3 -20 -10 -3 -3 -4 -3 16 
-39 -12 -5 1 1 -1 -5 -48 
-3 -4 0 1 -1 -1 -2 2 
-5 7 14 -5 -4 0 1 4 
-2 -5 -14 -7 -5 -2 -4 3 
13 -7 -1 2 -2 -3 -4 11 
2 -4 -3 1 1 -2 0 0 
5 14 -6 0 0 -2 -3 0 
8 9 20 5 3 3 3 0 
14 2 -6 -5 -1 -2 -3 0 
14 -3 -3 -6 -6 -4 -5 -4 
5 -13 -16 -4 -1 4 0 7 
-12 -6 -5 -2 -3 -3 -1 -8 
-12 -4 9 5 4 3 4 -1 
-11 4 3 3 0 0 0 -6 
8 10 2 0 -1 -3 2 -8 
17 -2 4 -2 0 2 -3 3 
-8 -5 2 -1 -3 0 2 2 
18 5 2 -1 -4 -3 1 12 
-58 -3 -5 -2 0 -2 -4 -45 
-28 -3 -7 -1 -3 -5 -4 -16 
10 10 3 0 -4 -3 -2 14 
3 2 4 0 0 0 -1 2 
23 -5 -13 -2 -2 -1 1 31 
-4 -1 -1 -1 2 1 0 -19 
-4 5 -8 -7 -6 -2 -3 -12 
8 -6 -2 1 0 -1 -2 0 
4 15 12 -2 -2 1 2 9 
5 1 -5 -4 -3 -4 0 9 
4 -3 -4 1 1 0 2 9 
-5 3 6 3 2 3 -2 0 
6 -12 -3 -2 -2 -3 -2 0 
3 0 -11 -4 -2 -1 -1 1 
55 4 7 0 1 0 1 9 
-65 -14 -11 -8 -4 -5 -9 -33 
14 1 11 4 0 -4 -4 8 
-46 -20 -6 -5 -3 2 1 1 
-11 -6 -2 2 3 -2 1 1 
15 4 0 0 0 0 2 -1 
16 -8 -3 0 -2 0 1 2 
-7 -4 -1 -4 -4 -3 -6 10 
15 7 3 -2 -3 -3 -5 -7 
-8 -8 -4 2 3 0 0 1 
-18 -5 -6 0 1 -1 -2 -3 
24 9 7 1 -1 0 0 6 
-28 -8 -6 -5 -2 0 1 -4 
10 6 -1 -2 -2 -4 -3 1 
8 -13 -5 -8 -5 -3 -3 1 
-4 0 -4 0 2 3 0 -3 
-23 -7 -1 -1 0 -1 -3 -18 
-2 14 0 -3 -2 -3 -2 -5 
-4 -27 -15 0 1 2 -1 6 
5 3 1 -2 -5 -4 -3 -8 
-10 1 -5 -4 -2 -3 -2 2 
10 4 2 2 2 2 1 6 
-4 0 5 2 3 3 2 1 
13 -6 -5 -2 -1 -3 -1 -2 
43 -3 -1 0 -1 -1 -1 -1 
-31 -10 -6 -5 -4 -3 -1 3 
-2 -5 -3 1 1 0 -1 3 
10 5 -4 -1 -3 -1 0 4 
-4 11 7 1 -2 0 0 6 
46 3 -10 0 1 0 1 26 
-17 0 -6 -2 -3 -3 -6 -19 
-1 7 6 1 1 -3 -2 -8 
-16 -10 -12 -5 -5 -3 -2 -6 
-6 5 5 2 -1 2 2 0 
3 -7 -4 -3 -1 -2 -2 9 
54 5 7 0 1 0 -1 7 
-30 3 -12 -2 -2 -1 -1 -5 
-7 -6 1 -2 0 0 0 -7 
-2 21 6 -1 -2 1 1 12 
2 1 6 0 -1 -2 1 -13 
7 0 3 0 -1 -1 0 11 
-12 -12 2 -1 0 0 -2 -6 
-4 -6 -1 -1 -3 -3 -1 -3 
-8 -1 -3 -2 -1 -1 -2 3 
-11 1 5 1 1 2 1 1 
3 -1 -9 -3 -3 -2 -3 -6 
12 9 6 1 0 -2 -1 1 
-14 -4 -4 -1 0 -1 -1 -11 
-8 -13 -2 0 1 1 -1 -1 
4 -2 1 -2 0 -1 1 -5 
-7 -2 1 -1 -1 -4 -3 -6 
6 -8 -5 -1 -1 -2 -1 16 
10 -2 1 -4 -4 -2 -2 -25 
16 -2 3 0 -1 3 1 -9 
-45 -4 -7 -2 -3 0 1 11 
-20 -7 -6 0 0 2 -1 -30 
13 5 1 -2 -3 -2 -2 5 
12 1 6 -1 -3 -2 0 10 
16 5 3 -2 -3 1 1 -4 
-10 -4 -8 1 2 1 1 1 
-4 1 -9 2 -1 -1 -2 5 
-11 17 11 -3 -5 -3 -3 4 
5 -2 1 2 3 -1 -3 -14 
-16 3 5 -2 -2 -4 -4 3 
1 -12 -9 -3 -2 -4 -5 -14 
-1 -4 -7 -2 -4 -3 -3 5 
11 -5 2 1 -2 0 0 -4 
4 27 10 -2 0 0 1 5 
16 -2 -7 2 0 -1 0 17 
9 4 -2 -5 -3 -4 -2 14 
-27 -1 -7 -2 -2 -2 -2 -25 
-20 -12 -4 -5 -4 -3 -3 5 
-15 1 1 4 6 6 8 1 
-10 -5 -7 -2 0 -2 -1 1 
41 3 -2 0 1 -1 3 27 
14 8 10 2 0 1 0 -16 
-21 -4 -6 -6 -6 -1 -4 5 
7 4 2 3 1 1 -1 -24 
-6 -4 7 -3 -4 -2 -1 0 
-1 -5 -6 -3 0 -3 -1 2 
8 31 -7 -2 0 -3 -4 1 
-17 -11 3 5 4 3 2 -6 
-3 -5 -3 -2 -2 -3 -2 -4 
-6 -3 5 2 1 2 1 5 
3 -1 10 1 2 1 2 -3 
41 -2 -7 -4 -2 -1 -5 -8 
-48 1 -4 0 1 -1 -3 -32 
-2 -9 -7 -4 -3 -2 -3 0 
-8 -8 9 2 2 0 3 -5 
8 -4 -6 1 3 1 0 24 
-2 -18 -6 -3 -1 -1 -1 -5 
7 10 -5 1 0 2 -1 2 
-23 -6 -5 -6 -6 -5 -6 -8 
-10 0 -3 -3 -1 0 -1 0 
16 0 0 0 -2 -2 -4 1 
-6 -4 -7 -3 0 1 2 6 
5 -3 3 -2 0 -2 1 4 
12 -8 -2 3 2 -1 0 7 
4 -7 -7 -2 0 0 -1 0 
10 6 2 -2 0 -1 -4 0 
1 -3 -2 -5 -4 -2 -2 4 
-23 -4 2 -2 -2 0 -1 -25 
6 -3 -5 -1 -2 0 0 17 
14 17 0 -3 -3 -3 -2 2 
2 2 4 -1 1 1 0 -4 
-22 0 1 0 -2 -3 -1 0 
-18 -4 5 -3 -3 -1 0 16 
-11 -14 -7 -2 -2 -1 -5 -37 
-15 6 11 2 -2 -3 -2 3 
-25 -17 -12 2 3 2 2 -5 
9 1 -2 -3 -2 -2 -2 -3 
4 -3 0 2 -1 -2 2 22 
-1 -3 1 -4 -4 -2 -3 -23 
7 8 7 -2 -2 1 0 0 
0 1 10 -1 1 0 1 0 
-14 -29 3 1 1 0 0 2 
14 4 -10 -5 -2 1 1 3 
-6 -3 -6 -5 -6 -5 -1 -3 
11 5 -3 2 1 -1 0 -1 
4 -5 2 0 -2 -1 -1 5 
10 3 5 3 -1 0 -1 5 
-74 -12 -8 3 1 -1 0 -4 
5 -4 6 -4 -5 -2 -2 3 
5 -1 0 -1 0 -1 -2 -25 
-8 -4 -5 -4 -3 -2 -3 5 
10 2 1 -4 -4 -1 -2 7 
0 -6 -5 -1 -1 -2 -3 0 
-4 2 -4 0 -4 -3 -1 9 
-48 -10 0 -1 0 2 0 -18 
19 5 -1 -1 -3 -2 -1 4 
3 10 -8 -1 0 -2 0 -5 
2 0 -3 -3 -4 -3 -2 -2 
12 -1 -4 0 -1 -2 -2 5 
4 -3 -6 -7 -3 -2 -1 -4 
-8 8 2 4 1 1 0 -6 
-5 -7 -5 -4 -3 -1 -2 -1 
12 -3 -7 0 -3 -4 -1 2 
3 5 2 -1 0 -2 -1 2 
10 7 7 -1 -3 -1 -2 -4 
2 3 3 -2 -1 -2 -1 2 
-9 -16 8 2 1 2 1 11 
67 -8 -15 0 2 2 -2 -8 
-23 1 -1 -2 -2 -2 -3 -9 
-6 -10 5 1 0 -1 0 4 
7 5 -3 -1 -2 -2 -1 2 
3 4 -5 1 1 -1 -1 1 
11 -8 -4 1 1 -1 -1 5 
-8 6 3 -8 -7 -5 -4 -1 
4 3 0 1 1 -1 1 -6 
7 2 1 -3 -4 0 1 30 
-28 -2 -9 -5 -4 -3 -5 -38 
1 -9 -11 -4 -3 -1 -3 5 
8 -7 -4 0 0 1 0 9 
-17 5 6 1 0 0 -1 -10 
6 -4 -4 -2 1 1 2 11 
5 7 -3 1 -1 -2 1 0 
-3 -5 1 -2 -2 -4 -4 -4 
1 7 1 -3 -4 -5 -5 -8 
-59 -5 -9 -1 2 4 3 -4 
8 0 5 3 1 0 -3 1 
11 1 -8 -5 -4 -4 -5 16 
-24 8 10 -4 -4 -4 -6 -23 
16 -11 -10 -1 0 1 2 4 
3 4 5 2 3 0 2 -1 
-14 -9 -2 0 0 0 0 5 
-5 -4 3 2 0 0 0 3 
24 14 -16 -10 -9 -6 -7 3 
-8 5 -6 0 -1 0 -1 -4 
20 -17 -11 -3 -4 -4 -3 8 
-19 0 -3 0 1 -1 0 -23 
15 -3 8 3 0 -1 -1 8 
-10 -1 -5 1 2 0 1 0 
-6 -2 9 -3 -2 2 1 -7 
54 -6 -2 0 2 0 1 15 
-14 -8 4 -1 -3 -2 -1 2 
2 -9 -7 -3 -2 -4 -4 -8 
