#EMG
#7
#ID:7-0
3 0 1 -4 -4 -4 -2 -9 
-4 -12 2 6 6 2 3 5 
4 6 0 4 0 0 -2 -4 
5 -6 -8 -2 -2 -1 0 8 
-6 9 3 0 -1 -2 -3 -5 
5 9 6 1 -1 2 -1 -3 
0 -3 -12 -2 -3 -3 -4 -13 
-3 -3 2 3 4 0 0 7 
3 3 -7 -4 -3 -3 -3 -5 
1 9 15 2 0 2 3 2 
5 0 -17 -8 -3 -6 -6 3 
-5 -7 -6 -3 -2 0 2 9 
-1 -5 -3 0 -1 0 -2 -26 
4 -15 2 -4 -2 -2 -2 13 
7 5 13 0 1 -1 -2 2 
-8 -1 3 -1 -3 -5 -2 -14 
-8 5 5 1 1 0 0 -1 
2 6 -2 -1 1 -1 -1 10 
4 -3 -2 -1 -1 1 1 -1 
3 -6 -6 -3 -4 -1 -4 -8 
-4 -1 9 5 6 1 0 1 
-10 -7 -3 -2 -4 -4 -2 -5 
-5 -8 2 2 2 1 4 -2 
-14 3 2 -2 -2 1 0 -1 
8 -5 -13 -4 -3 -2 -3 -2 
4 4 1 1 -1 1 -1 -1 
1 -7 -14 -7 -3 -4 -3 13 
-6 -1 3 -1 -2 -3 0 -19 
-12 5 6 1 -1 -1 0 -7 
-3 -1 -7 -2 -4 0 1 5 
-7 7 12 1 -2 0 0 -13 
17 -8 -19 -6 1 -3 -2 11 
-3 8 -13 -3 -4 -3 -1 2 
3 4 0 -2 -1 -1 -2 -5 
-8 -1 4 2 1 1 2 -1 
1 -12 -5 0 0 1 2 8 
-8 -6 5 -1 0 0 -3 -3 
9 -7 -7 -2 0 -2 -1 -2 
10 8 1 0 -2 -3 -2 7 
-6 10 5 -1 -1 0 -4 -10 
-1 -7 -6 -2 0 -1 2 2 
-9 6 0 0 0 0 1 -9 
1 -7 -8 -3 -4 -2 -2 19 
7 9 11 6 0 -1 -3 -12 
-3 -2 0 -5 -2 2 1 2 
2 -8 -6 -2 -3 -2 -1 1 
-7 -7 -5 0 2 0 -1 -9 
-6 3 2 0 -1 0 -2 0 
0 13 5 1 -2 -1 -1 9 
9 9 -8 -4 -4 -7 -6 -1 
-1 12 2 -3 -2 1 1 -9 
-1 3 -6 -5 -1 -1 0 -8 
-6 -8 -14 -6 -5 -4 -2 -2 
-5 -8 2 2 1 3 1 9 
-1 -7 0 0 -2 -3 -5 -23 
1 2 5 0 -2 -2 -2 9 
-5 3 -6 0 0 2 0 -7 
5 -2 -7 0 2 0 3 2 
2 -7 6 0 -1 -2 1 21 
-3 -2 6 -1 -2 -1 -1 -8 
3 3 7 1 -1 -1 -1 1 
-9 -10 -13 -5 -6 -4 -7 -17 
-6 2 7 -1 -1 0 0 -5 
3 10 3 -3 0 -1 0 10 
4 -2 1 3 3 -1 -1 1 
-3 2 8 1 0 -1 2 1 
-18 0 -2 -1 0 0 1 -10 
9 0 -4 1 -1 -1 0 8 
8 -9 -3 -3 -2 -2 -3 9 
-3 7 0 -1 -1 -4 -5 -11 
-1 6 -9 -2 -1 1 1 -2 
-7 -7 -5 -1 -3 -4 0 6 
-5 -16 -3 2 1 0 0 -13 
1 11 11 4 1 2 1 4 
-5 -5 -1 -3 -2 -2 -2 -1 
11 -4 9 4 -1 -1 -1 4 
-2 -6 -24 -11 -5 -6 -4 -6 
-7 -5 -16 -9 -3 0 2 1 
-12 1 0 -5 -5 -3 -3 -12 
-4 1 -2 -1 -3 0 -1 10 
-12 6 16 7 2 1 -1 -19 
13 0 9 5 2 0 0 13 
-10 -2 1 -4 -2 -1 -2 -18 
-5 -10 -6 -3 -2 -2 1 -1 
7 0 -12 -4 -3 -3 -3 12 
-9 -6 -11 -5 1 2 0 -9 
6 -6 -1 2 2 -1 0 8 
10 4 16 1 -1 -3 -2 -16 
-3 -1 -2 0 2 0 -1 -2 
-12 -11 -19 -5 -3 -3 -3 6 
15 11 12 3 -3 -1 3 25 
-12 -6 1 1 1 -2 -5 -27 
-5 -4 -10 -4 -1 -1 0 -1 
-2 -5 9 -2 -1 0 1 8 
8 -2 0 -1 0 -1 -4 -10 
-2 1 -7 4 0 -1 -2 -1 
-5 0 6 -10 -3 -1 0 -2 
9 1 7 4 1 0 -1 -8 
8 14 29 3 -2 -3 -2 13 
-6 -11 -69 -20 -4 -4 -1 2 
2 -4 -1 -1 -7 -5 -5 6 
-2 -3 3 -3 -2 -2 2 2 
-2 -4 -2 0 -1 0 -1 -4 
-18 -4 26 5 1 2 1 2 
1 -5 5 3 1 1 0 -5 
11 2 -11 -2 -3 -2 -3 6 
-4 -9 -13 -2 -1 -1 0 -14 
-7 2 13 1 0 1 -1 6 
-3 7 0 0 0 -1 -1 -9 
6 13 10 -1 -3 -2 -4 -8 
3 -5 -13 -3 1 2 5 12 
6 0 4 -2 -3 -3 -8 -8 
-6 2 -4 1 0 -1 -1 -4 
-4 -2 -12 -2 -1 -2 1 1 
9 20 12 1 0 -1 -3 5 
-16 -18 -14 -9 -4 -1 5 6 
0 -3 21 6 1 -1 -1 3 
-8 -3 -24 -5 -4 -4 -4 3 
6 -2 -8 1 -1 -1 -5 -16 
-9 -4 12 4 1 5 4 9 
2 2 -21 -13 -7 -5 -2 -24 
6 2 17 5 6 4 8 8 
-17 -3 -30 -5 -2 3 14 0 
14 14 1 3 0 -13 -32 -11 
-16 -4 5 0 -3 -5 -3 -5 
-13 -8 -6 -3 -3 -3 -7 -8 
-2 -10 12 6 3 1 -5 -9 
8 -1 -6 -2 -1 1 8 7 
-7 -7 -2 -1 1 4 5 7 
5 6 18 3 1 1 1 -2 
3 -15 2 -2 -3 -2 -8 3 
-3 -13 -1 -4 -5 -1 3 -1 
0 -16 -22 -5 -2 -2 -2 2 
-5 -11 2 2 -3 -3 -3 -8 
-7 -4 0 -3 0 0 2 9 
10 4 1 -4 -3 -2 -7 2 
12 9 0 11 1 -1 1 -3 
-10 -17 -6 -17 -5 0 1 0 
0 -4 -11 -3 -2 -3 1 -8 
-20 7 22 5 2 3 4 39 
-9 9 -1 6 1 -2 -13 -24 
8 5 -4 9 3 -2 -5 2 
-20 -19 -50 -33 -10 -3 -2 -13 
7 5 -8 4 4 6 17 12 
10 -6 13 -5 -5 -3 0 3 
-9 6 22 12 5 -1 -1 0 
12 5 28 4 1 1 -5 1 
-20 -9 -26 -6 -1 -1 -3 -28 
5 -3 -9 -7 -2 -1 3 20 
0 6 8 10 -1 -2 -4 -14 
25 20 -1 -6 0 1 9 1 
-29 -11 -23 -11 -3 -4 -3 -7 
-31 7 15 0 1 5 18 -24 
15 1 -6 -1 -4 -11 -35 2 
-8 -5 2 2 -3 -4 -9 2 
15 5 2 6 -1 1 8 2 
-13 -6 20 0 2 3 4 3 
-11 -18 -34 -10 -1 3 11 16 
2 7 3 3 -1 -6 -4 -11 
17 -14 24 -3 -2 -4 -13 -1 
0 0 11 5 0 -2 -8 -17 
12 -36 -50 -9 -4 -1 3 -5 
-23 -11 -2 -1 -1 3 5 8 
5 1 -14 -2 -2 0 7 0 
9 16 15 1 -1 -4 -9 25 
-3 17 48 0 -1 -1 4 -28 
7 18 9 13 -2 0 2 6 
-18 1 -26 -6 0 1 -3 -10 
8 -4 -11 -12 -3 -2 3 -6 
10 11 -22 -10 -6 0 -1 11 
-17 -2 22 8 4 -3 -8 -14 
10 45 59 15 2 -2 7 2 
9 1 -7 -9 -5 -4 -10 5 
-17 34 -40 -7 0 -4 -6 -7 
-10 -9 -4 -6 -7 -6 -3 -6 
18 20 -9 -3 0 -3 -5 -1 
0 4 19 -5 -4 -3 -5 3 
-3 -1 70 19 10 7 10 0 
-7 2 23 -4 -6 -1 -5 -2 
23 27 66 24 13 6 7 12 
-3 -47 -81 -27 -12 -2 3 10 
-13 -37 -13 -31 -15 -7 -6 -7 
5 -4 -27 18 7 1 1 -1 
-12 -25 -17 -17 -2 2 -1 -13 
7 0 -1 8 -7 -3 -1 5 
-4 0 -30 -2 -7 -4 1 4 
4 -32 27 31 15 0 -6 -24 
6 -7 -84 -21 -1 -4 -10 -4 
-1 -14 11 -7 -1 3 7 1 
-5 -41 20 4 -2 0 2 -2 
3 27 4 -13 -3 -3 -3 27 
1 -11 22 22 8 -1 -16 0 
-14 23 21 9 5 4 13 -23 
21 24 25 18 2 2 6 23 
-10 -13 -40 -13 2 5 17 3 
34 -12 12 -4 -12 -2 5 20 
-6 9 -12 -3 -3 -10 -42 -28 
-10 2 -7 -8 2 3 5 -6 
8 27 -15 1 -6 2 -2 0 
-27 -6 -10 -4 -31 -8 18 -5 
22 -5 18 2 -7 -2 -1 33 
-11 0 13 22 9 3 -9 -38 
-18 -11 -68 -44 -3 -7 -9 -14 
-18 0 -21 -14 -2 -2 6 -10 
29 10 30 21 15 6 8 4 
-54 10 -19 -9 9 2 9 15 
-2 -14 -3 -5 2 -3 -8 -17 
-24 -26 1 2 10 -5 -20 -19 
-6 22 -1 5 2 -5 -5 2 
25 14 4 1 0 0 1 4 
31 -26 -37 -10 -9 2 5 12 
-12 -61 -13 -1 0 4 13 7 
-37 20 13 2 2 -13 -50 -16 
30 8 -4 -2 -3 -1 8 -23 
-1 27 37 6 -5 1 13 27 
11 -7 -12 -9 -6 -2 -6 -4 
0 0 -31 -3 2 3 18 20 
13 1 12 3 -2 -2 -12 1 
-41 4 22 6 1 0 8 13 
4 18 -13 -5 1 -4 -11 0 
-7 -6 0 -3 0 4 13 -10 
2 9 -20 0 -3 -6 -8 8 
15 -25 8 3 -1 -1 5 -8 
6 44 59 9 5 0 -4 3 
-4 -47 -96 -17 -10 -2 6 -9 
-15 -8 -3 -10 -6 -2 -9 -11 
7 3 6 0 -1 -2 5 7 
9 -5 -9 3 1 -1 -26 6 
2 -8 15 -2 -5 0 18 -2 
9 2 21 -2 -3 -10 -14 -17 
-17 7 -13 -3 -4 -5 -16 -13 
-5 16 5 -7 -2 2 2 -3 
14 24 12 4 3 8 12 13 
7 13 21 15 5 5 24 4 
5 -29 1 -16 -9 -6 -9 26 
3 -12 8 -4 -1 -4 -17 -7 
-22 -41 -4 -1 1 5 8 12 
-1 7 0 1 -2 0 -9 2 
6 7 -21 4 1 4 10 6 
14 -2 -13 0 -2 3 -1 -6 
-2 39 52 7 -1 -8 -7 -7 
-13 -33 3 -18 -11 -5 4 15 
-10 -7 -20 9 3 1 -12 -26 
-6 -6 -5 -5 0 3 15 9 
0 -2 -33 -10 -6 -3 -1 10 
2 4 38 31 7 6 11 -3 
7 11 -3 -23 -6 -7 -19 -12 
-4 43 18 -17 -9 -5 15 -15 
62 5 3 4 1 -1 -9 42 
-30 -19 -10 -5 -8 -5 1 -6 
-25 1 48 41 12 4 -1 -36 
0 -3 -86 -31 -10 -10 -10 -2 
12 -6 -51 -18 -3 0 1 -17 
-9 -15 -24 -20 -7 -2 -5 16 
18 35 63 26 2 -4 -10 -14 
-5 -45 24 -1 3 0 -2 -8 
-10 -7 -30 7 6 1 2 1 
6 -10 -23 0 -1 -4 0 31 
15 6 -13 -38 -15 -7 -10 -40 
6 11 40 22 -1 3 6 19 
-14 -22 36 8 1 0 -5 -17 
-7 -4 -2 3 6 5 4 -9 
22 -32 -7 6 0 0 2 36 
-46 10 -19 -6 -5 1 8 -33 
11 10 36 3 -2 -7 -23 18 
-10 -5 -49 -13 0 -2 -4 -12 
4 3 -1 -1 0 0 2 2 
-1 -24 -26 -2 -1 -1 -4 1 
-26 2 35 16 5 5 17 -2 
10 -2 -30 -13 -6 -7 -19 -18 
-12 0 -3 -10 -4 -3 -2 7 
5 8 31 20 11 4 7 -4 
-12 -4 8 -15 -4 -6 -9 -16 
-26 -3 -1 -3 1 2 2 -8 
0 -9 -23 -3 -5 0 2 13 
28 -4 0 10 4 -3 -7 -5 
-53 11 14 -1 -3 -3 2 4 
27 -2 -22 -3 -1 2 5 2 
-16 -13 -18 -2 -3 -2 -5 -19 
1 -7 2 -3 -5 -3 -2 11 
24 -12 -33 -1 -2 1 -2 -5 
-10 13 7 -2 -3 -3 1 -21 
-16 -3 17 11 4 4 7 -5 
-11 -12 -6 -11 -6 -5 -3 3 
10 -9 -10 -4 -2 -1 1 -11 
9 13 41 24 2 -2 -6 4 
-9 15 -21 -15 3 7 10 33 
1 -6 -8 -8 -4 -2 -6 -30 
-10 -10 -22 -1 -6 -4 -3 -18 
8 -12 -8 -9 1 1 0 6 
38 15 18 9 2 -1 0 27 
-18 6 17 9 5 0 -2 -29 
1 4 11 -6 1 3 2 12 
-2 25 28 12 3 -1 -3 -5 
9 -19 -48 -13 -9 -7 -5 -2 
2 -2 -14 -3 0 2 6 13 
34 5 4 2 -1 -1 -2 -5 
-42 -2 17 -2 -2 -1 -6 -11 
8 17 38 16 4 2 5 3 
-34 -15 -26 -20 -8 -2 5 -6 
10 1 -22 -5 -4 -5 -11 -3 
43 10 10 -2 -4 4 18 14 
-12 -16 -29 -11 -2 -4 -11 -14 
-14 15 -5 6 3 1 0 -2 
17 1 17 10 5 3 -1 11 
-18 -1 -19 -24 -11 -10 -2 4 
-16 0 24 8 -1 -1 2 -7 
13 0 -36 -16 -9 -5 -10 16 
-13 -14 10 4 4 1 -1 -1 
18 1 -6 3 1 4 5 -38 
-54 -6 18 3 -2 -4 -13 -25 
10 2 10 5 1 -1 10 19 
-9 4 25 12 -1 -5 -14 -14 
11 -31 -94 -20 -8 -11 -14 -6 
-18 -2 25 -3 2 4 7 -9 
17 -3 12 13 6 3 1 27 
-29 -11 -64 -23 -9 -2 -10 -16 
12 26 58 10 1 -5 -10 -4 
16 6 -24 -8 -7 -2 8 6 
6 8 4 10 3 6 20 39 
-23 -7 15 6 1 -3 -11 -47 
-1 -5 21 -1 0 1 -17 35 
11 -29 -90 -2 -1 -6 -10 -1 
1 25 30 -5 -2 -2 -13 3 
14 2 5 -1 -1 3 21 13 
-7 42 -7 -10 -9 -7 -8 4 
-2 -18 27 10 8 4 6 -8 
-9 -29 -37 -6 -7 -5 -15 -13 
-14 -3 -82 -8 0 -1 11 20 
5 19 91 36 11 5 6 9 
6 -7 -54 -53 -13 -2 -4 5 
4 -26 -39 -22 -25 -22 -37 -23 
-7 -12 -26 9 12 7 17 5 
9 -19 89 29 4 6 12 -3 
2 9 -53 -20 -4 -6 10 6 
15 -59 -5 13 -4 -1 3 -12 
0 53 -32 -29 -9 -3 -11 0 
1 57 40 38 26 10 3 -1 
-26 -59 -27 -34 -20 0 -4 -5 
8 65 31 4 -1 -4 -1 1 
2 -7 96 33 -1 -1 2 -16 
-5 -43 -80 -56 -9 1 14 17 
16 29 83 40 21 -3 -19 -28 
-5 0 -44 -7 5 7 10 1 
13 -15 14 20 2 -1 4 28 
-10 -22 -44 -10 -8 -8 2 -27 
3 7 21 2 1 -1 -14 3 
10 -16 -10 -10 -3 0 8 23 
-18 12 18 4 1 0 -3 2 
0 -33 -76 -36 -19 -12 -19 -45 
32 12 7 11 -1 3 13 13 
-74 8 56 21 8 0 -15 -30 
1 -13 -36 -28 -7 -8 -20 -33 
-15 15 44 15 3 5 11 21 
-7 -28 -47 -9 -11 -7 -10 -30 
-10 2 -15 -15 -1 3 5 -5 
61 6 5 -10 -2 6 11 51 
-91 -3 18 -10 -6 -7 -13 -49 
46 13 47 33 6 -2 3 4 
35 9 -24 -13 -10 -7 -4 -10 
-37 -11 19 -4 -3 -2 0 -5 
27 -6 -19 -11 2 -1 -6 17 
-18 12 21 5 2 1 7 28 
39 -11 -8 -2 -2 -5 -6 -28 
22 8 6 4 -4 2 1 -20 
-9 -17 -4 26 5 2 1 11 
-27 6 7 -17 -1 1 -1 -23 
-8 13 -6 -7 -4 -2 -3 3 
-9 -4 31 5 6 4 4 0 
1 -59 -35 0 -2 -3 -5 22 
-10 -3 -13 3 1 1 0 5 
-8 6 48 8 2 1 1 8 
-7 -18 -25 -7 -3 -4 -5 -3 
8 -8 7 5 2 4 5 -11 
7 0 14 7 -1 -3 -3 18 
-13 1 2 7 11 7 7 -6 
7 4 8 -5 -5 -6 -2 9 
14 -8 -28 -4 -3 -1 -3 1 
-8 13 6 -1 -2 1 2 8 
1 10 18 5 3 -2 0 -3 
-18 -9 -1 -1 0 0 0 -8 
12 6 -8 -9 -6 -3 -5 10 
0 5 0 -8 -4 -2 2 -2 
-7 -13 11 8 2 4 4 12 
-2 -7 -20 -6 -3 -2 -1 -2 
2 12 6 1 -1 -3 -3 1 
-2 9 0 4 2 0 0 5 
3 -7 -1 -1 -3 -2 -2 0 
4 8 11 4 -2 0 -2 -2 
5 9 -17 -12 -5 -1 -1 2 
-5 10 24 6 1 2 -1 1 
-8 -2 6 5 4 4 4 -1 
-12 -9 -2 -2 -1 -2 -1 -2 
11 8 -3 2 1 2 1 11 
-1 -10 -14 -2 -4 -5 -7 -4 
8 4 -15 -7 -5 -4 -2 3 
-5 0 -2 -4 -2 -3 -1 -4 
-2 5 2 0 1 1 -1 -3 
7 -5 7 1 0 0 -2 9 
-12 -10 -10 -2 -1 -1 -2 -14 
2 -2 -18 -7 -3 -2 -1 5 
-2 4 1 -1 -4 -3 -2 -2 
2 -1 -11 -4 -2 -1 -1 -6 
0 -3 1 -3 -2 -1 -1 11 
0 2 5 1 1 -2 -1 -4 
-2 4 2 0 -3 -2 -1 1 
-2 2 0 1 0 2 1 1 
-4 -11 -6 -3 -1 -2 -3 3 
5 8 0 2 0 2 1 1 
-2 15 -7 -3 -2 -4 -4 -20 
-9 -4 -6 4 4 1 3 -8 
7 2 11 3 1 1 0 4 
1 8 6 2 0 -2 -2 4 
5 -2 9 -5 -4 -3 1 6 
-20 -14 -21 -6 -5 -3 -5 20 
-6 0 -2 -1 0 -1 -4 -26 
13 10 16 2 0 3 1 10 
-19 -12 -5 -4 -2 -5 -4 -22 
0 -1 4 -6 -5 -4 -1 6 
6 0 6 0 0 -1 -1 2 
-12 -4 0 -3 -1 0 -3 -11 
5 -5 -7 -3 -3 0 -1 15 
2 -3 -5 1 0 -1 -2 -6 
-4 -2 -8 -3 -3 -2 -2 1 
2 3 6 -1 -2 -2 0 -4 
2 -5 -12 -2 0 0 -1 3 
0 8 10 3 0 2 2 -3 
-1 4 6 3 2 0 0 -5 
-1 -13 -16 -5 -4 -3 -1 1 
0 12 15 -1 0 -1 -1 5 
6 4 7 1 0 -3 -3 -4 
3 1 1 -2 -3 -2 0 5 
-8 -1 1 -2 -3 -2 -2 -1 
-1 0 1 2 -1 -1 -3 -3 
36 21 1 -5 -6 -1 1 24 
-26 0 1 2 3 -3 -5 -13 
-12 -11 -9 -2 -2 -3 -3 -10 
0 -6 -3 0 0 2 2 7 
-7 2 -6 -7 -4 -3 -3 -14 
12 -8 -1 -2 -3 0 3 22 
5 0 2 -1 0 -1 -1 -5 
-1 4 4 -1 -3 -3 -4 -1 
1 2 9 3 4 3 2 1 
-5 -1 -15 -4 0 1 2 -1 
3 14 1 -6 -4 -2 -2 -6 
2 -3 -4 2 0 0 0 -2 
-6 -8 4 0 -1 -2 -2 -4 
-4 -5 4 0 -4 -3 -2 -9 
15 -4 -4 1 -1 -1 -1 11 
9 -2 -12 -6 -2 -1 1 5 
-10 -7 9 1 -2 0 -1 -7 
-19 -8 -6 -2 -4 -4 -4 -13 
-10 -5 1 2 2 0 -2 -7 
-7 -17 5 1 0 -1 4 21 
5 0 -15 -6 -3 -4 -7 -27 
4 4 4 -2 0 -1 1 9 
-7 -7 -2 -1 -2 -2 -2 -3 
24 7 -2 -3 0 0 2 14 
-26 -15 -7 0 2 2 -2 -18 
2 -3 -4 -4 -3 0 -5 -2 
-2 6 -6 -2 -1 0 -1 -4 
2 -3 -8 1 -2 0 -1 -2 
4 -10 -16 -3 -2 -3 -1 12 
-9 9 -1 -1 0 -1 -2 -1 
15 0 -2 -2 0 0 -2 5 
-6 3 11 1 -3 -3 -2 -14 
-16 -8 9 0 2 1 3 -3 
0 -1 -6 2 0 -3 -1 -2 
-9 13 -2 -6 -3 -3 0 4 
-23 -11 -11 0 1 2 -2 -13 
18 13 -4 0 -2 -2 -2 15 
1 -15 1 -3 -3 -1 -4 -5 
-7 -6 5 3 0 -1 1 -5 
6 1 9 5 2 4 1 0 
-4 -13 -10 -7 -7 -6 -4 -1 
7 -11 -8 0 2 1 2 9 
-3 -7 -13 -3 -2 -3 -1 -8 
0 2 5 -2 -2 -3 -3 -5 
0 8 9 4 1 0 0 0 
4 5 5 -1 -2 -2 1 0 
-8 3 8 2 -1 -3 0 0 
21 11 21 11 8 4 5 35 
-5 -11 0 -5 -3 -2 -5 -19 
5 -4 -17 -2 -1 -1 -3 2 
2 1 -3 1 1 1 -2 -1 
-12 2 -2 -3 -5 -4 -3 -4 
-3 -1 2 0 0 1 1 -1 
14 5 4 -2 -2 -3 -3 1 
-2 1 26 7 3 5 5 19 
-16 -18 -16 -9 -5 -4 -4 -38 
0 -5 -7 -2 -2 -4 -2 -3 
-3 -10 4 -5 -5 -4 -2 -2 
0 2 1 -3 -4 -5 -3 -1 
-2 -5 -10 -5 -2 -3 -2 6 
2 -2 9 1 -2 -2 1 0 
-2 9 4 4 0 0 0 4 
14 -6 -24 -10 -5 -5 -2 14 
-1 12 12 -1 -2 -3 -5 -25 
-6 -6 -19 -3 0 -1 0 -1 
-3 -2 -6 -1 -1 -3 0 1 
-7 -2 -5 0 0 0 0 -3 
-16 -16 -16 -2 0 1 1 -5 
5 12 10 2 -1 0 0 2 
-5 11 13 2 2 3 0 -4 
-2 -12 -1 -2 2 3 0 0 
-20 -11 -27 -10 -6 -7 -7 -11 
2 -4 -9 -7 -7 -5 -4 -7 
2 -5 -14 -6 -5 -2 -2 -4 
-14 3 1 0 -2 -2 -2 -18 
24 2 5 1 -2 0 -2 8 
-23 6 7 0 -2 -1 1 11 
-8 1 -3 2 1 1 2 -1 
1 -15 -12 -2 -2 -2 -1 -5 
1 -9 -20 -7 -3 -2 -2 13 
5 -2 7 2 1 0 2 -6 
11 6 3 -2 -2 -1 0 7 
0 7 4 -3 -4 -2 -3 -5 
-2 0 -2 -1 -1 0 2 5 
6 -2 0 1 2 0 -1 4 
-1 0 17 5 1 0 -1 -5 
6 10 -3 -4 0 0 -1 12 
-9 20 17 1 -2 0 -1 -24 
9 5 -17 -6 -4 -2 -5 1 
0 -8 -6 -2 -1 -2 -2 0 
-4 -7 -10 -5 -4 -4 -4 -10 
4 0 11 -1 -1 0 2 8 
-1 12 19 14 10 6 2 -2 
-9 -11 -12 -4 -1 -3 -1 -3 
-5 12 7 -1 -1 0 2 2 
-6 2 0 -1 -2 -1 1 0 
13 -7 -4 -4 -3 -4 -4 2 
1 -2 0 -7 -7 -2 -2 -2 
-4 -4 6 5 0 0 -1 -8 
0 -8 2 1 1 0 0 2 
-5 0 6 2 -1 1 1 -3 
0 -3 -15 -6 -4 -1 -3 2 
23 -16 -18 -3 -4 -3 -1 20 
-9 6 -1 0 0 -1 -3 -30 
-1 -4 -6 -2 -2 -1 1 10 
4 6 5 3 -1 -2 -3 -6 
-5 -5 3 -1 -3 -1 -1 -14 
10 -4 -16 -4 -3 -4 -3 11 
-8 -19 -9 2 4 1 1 4 
-17 9 16 3 5 6 4 -16 
-13 0 -4 -1 -1 -3 -2 -4 
19 1 2 0 -3 -2 -2 9 
-1 0 -1 -6 -5 -4 -4 -5 
1 -4 -8 -4 -3 -3 -5 5 
0 -3 -5 -4 -2 0 -3 -6 
-16 -3 15 1 0 0 1 -6 
-14 -8 -12 -4 0 1 -1 -11 
8 -8 -10 -1 -2 -5 -2 4 
-6 3 6 1 0 -1 0 -6 
0 -3 -3 -1 -1 -3 -1 5 
2 0 8 -1 -2 0 -1 -1 
-2 -2 0 3 0 0 0 -2 
8 3 9 4 1 -1 -2 11 
-2 1 -17 -7 -7 -5 -6 -16 
2 -6 4 1 1 -1 0 9 
-5 19 -3 -3 -2 3 3 -7 
4 3 0 3 3 0 1 5 
-6 -2 -11 3 2 -3 -3 5 
8 6 9 -4 -4 -3 -3 -15 
10 -3 -5 0 -5 -4 -3 11 
-1 1 3 0 0 0 -2 -11 
-6 -5 -1 0 0 1 1 12 
-7 -10 -5 -4 -4 -4 -3 -4 
-5 -12 -7 0 -1 0 0 0 
-3 -5 2 -2 -2 0 -2 -4 
3 1 12 3 -1 -2 -3 2 
-2 -2 -6 -5 -3 -1 0 -1 
3 -6 7 -1 -1 -2 -1 -2 
-9 -4 -9 -3 -3 -2 0 -6 
12 1 0 0 -3 -2 -3 17 
-15 -6 -5 -4 -3 -3 -4 -21 
3 -7 -16 -3 -3 -3 -3 2 
-4 12 9 -1 -2 -1 -3 -2 
-3 -3 0 -1 0 2 2 -5 
8 5 3 1 1 0 -1 12 
-7 2 13 2 0 -1 0 -2 
7 -15 -16 -4 -3 -4 -2 -12 
1 -11 -6 -5 -4 -2 0 6 
-7 1 6 -2 0 -2 0 -1 
-8 -3 6 -1 -1 0 -1 -5 
-1 1 4 0 -1 -3 -2 0 
-4 5 5 0 -1 -1 -1 -4 
14 0 2 5 0 0 1 2 
-18 5 -15 -5 -3 -4 -2 -4 
-3 -2 -12 -7 -4 -4 -5 -16 
-1 11 9 -1 -1 1 1 -4 
-5 8 -1 -4 -5 -2 1 7 
6 1 1 -4 -4 -2 -2 7 
-3 3 -4 -1 1 -1 1 -13 
-2 1 -5 -1 0 -3 -4 -16 
3 -1 -7 -3 -2 0 -1 13 
6 -2 0 1 1 0 0 6 
-9 -9 6 -2 0 1 -2 3 
9 5 -4 -2 -4 -4 -4 0 
