#EMG
#7
#ID:7-58
-10 -9 6 0 2 1 -2 -15 
-6 -3 -5 0 -1 -1 -1 -9 
1 -1 -1 -3 0 -3 -2 -4 
-6 2 0 1 -3 -2 -3 -11 
0 -3 -11 -6 -4 -3 0 27 
8 -3 -5 -4 -2 -1 -1 -19 
-11 -6 -2 -1 0 -1 -3 -3 
3 -4 0 -2 -2 -2 -1 -5 
4 2 0 0 -1 -1 0 2 
-7 -1 -2 0 0 0 0 24 
11 -5 -7 -2 -3 -2 0 -22 
23 1 -3 -4 -1 -1 -3 15 
-11 3 4 0 -1 -1 -2 -8 
-4 -3 -10 -4 0 -1 0 1 
-3 0 1 0 1 -1 -1 0 
7 -2 -6 -1 1 -1 -1 -2 
6 1 -10 -5 -5 -1 -2 0 
-3 6 9 -1 -1 -3 -2 -1 
0 -7 -4 3 -1 2 2 3 
-7 -11 -18 -7 -6 -4 -6 -12 
-9 -1 2 1 1 -1 3 16 
-1 1 2 1 1 1 -3 -28 
-9 -2 -7 -3 -1 -1 -4 -14 
12 5 6 1 1 -1 3 4 
-15 -9 -3 -2 -1 -3 -4 -23 
-4 2 -8 -2 -3 0 1 14 
27 -13 7 -3 -4 -5 -4 9 
-27 -10 -12 -3 -3 -2 -3 -13 
9 4 10 -1 -1 -1 0 5 
-8 0 1 0 0 0 -1 3 
2 -1 -1 -1 -2 -2 -2 -2 
0 4 2 0 -2 -2 -1 -5 
7 -10 -10 0 1 0 -1 6 
1 -5 -3 -2 0 -2 0 16 
-12 6 -2 -1 -1 0 0 -25 
-2 5 7 0 2 0 -1 0 
8 6 -4 -3 -6 -3 -2 1 
3 -6 4 2 3 2 3 1 
2 0 -10 -2 2 -1 1 29 
-21 -1 3 -2 0 0 -3 -31 
2 0 -7 -2 -1 1 1 11 
-1 -1 -5 -5 -7 -6 -7 -16 
-13 -1 10 -1 -1 0 0 -1 
-7 -9 -13 -2 -4 -3 0 5 
4 2 -1 -3 1 -2 -2 2 
-1 -3 -1 -2 -2 -2 -2 -8 
-7 3 -3 0 0 -2 -1 7 
20 2 7 0 -3 -2 0 11 
-6 -5 -6 -3 -3 -2 -5 -15 
-1 2 5 0 0 -1 0 4 
-3 3 -6 -2 -2 -4 -1 -4 
-14 -4 6 1 2 2 4 4 
12 -4 -10 -3 -3 -3 -1 0 
7 -5 -7 -4 -4 -3 -2 4 
1 -3 -8 -2 -2 -1 -3 -6 
-5 0 -8 -2 -2 -1 -1 -3 
-2 6 10 1 0 -2 -2 9 
-9 -7 -1 2 1 1 2 -7 
-6 1 1 0 1 -1 -4 -11 
-3 -6 -4 0 -3 -1 -2 4 
-9 4 -9 -2 -1 0 -1 -17 
4 -4 10 -1 -4 -3 -2 7 
1 6 8 0 1 2 1 2 
-12 -7 -7 0 0 -2 -3 -7 
0 -1 -4 -1 0 -2 2 6 
-16 5 -9 0 -2 0 1 10 
17 -1 -5 -6 -5 -4 -8 -14 
5 -2 8 1 2 -2 0 -1 
-8 -7 0 -2 -5 -2 -1 -9 
-1 0 5 3 1 2 5 5 
0 -3 2 -1 -2 -2 -3 9 
1 -1 -8 -3 -1 1 -2 -7 
-2 4 17 7 -1 2 3 -4 
-14 -2 -8 -4 -3 -6 -4 -1 
-10 -4 0 1 -1 1 4 6 
7 0 -3 -1 -2 -4 -8 6 
-11 -1 -3 -3 -1 0 -2 5 
9 -2 4 -1 -1 0 2 -13 
5 5 -3 -1 -1 2 9 8 
3 0 5 -2 -2 -4 -8 8 
5 2 4 0 0 -5 -15 -13 
15 -1 -3 -1 -2 -3 -5 3 
-8 -13 11 -2 -1 0 5 28 
-15 -7 -18 -3 -1 3 5 -45 
10 -4 -2 -1 0 -1 4 20 
3 -2 -2 4 3 -2 -9 -9 
-12 3 4 -2 1 3 7 -4 
3 -7 7 3 3 1 1 11 
-1 -6 -1 -2 -1 -2 -4 -5 
-6 -2 -17 -6 -2 0 3 9 
4 2 0 0 -2 -3 -3 -22 
4 18 20 8 2 3 6 14 
-12 -12 -21 -8 -5 -7 -9 -17 
9 7 12 -1 -1 0 0 10 
4 26 17 6 2 3 6 1 
-8 -13 -3 -8 -3 -2 -9 1 
13 44 11 4 1 -1 -13 9 
-24 -38 -16 -7 -5 -1 6 -13 
20 -23 -32 -5 -3 -5 -11 -9 
-6 6 9 0 0 0 6 0 
1 -15 13 -2 2 4 9 11 
4 19 18 -2 -3 0 1 3 
-14 -22 -5 3 0 -4 -9 -13 
-5 -22 -24 3 2 0 -1 0 
-5 19 2 1 -2 4 8 -6 
5 14 25 0 -1 -2 -5 0 
0 32 -27 -9 -5 -4 -3 -11 
8 16 15 4 -2 -1 8 4 
-12 -6 -22 -13 -7 -9 -9 -12 
-6 2 -15 8 5 4 8 -12 
-11 -3 8 -8 -7 -6 -6 7 
4 0 -21 0 1 1 3 -4 
-2 -35 -8 -18 -9 -6 -8 -4 
-3 23 -8 0 -2 0 -1 -13 
8 11 61 7 1 -1 -2 5 
-2 -19 -26 -12 -10 -5 -8 -3 
-12 -2 43 24 15 3 8 12 
6 -30 -87 -25 -10 -9 -15 -30 
4 17 36 23 15 10 9 5 
-7 4 -45 -38 -19 -9 -9 -7 
-8 -20 0 14 -1 1 2 -2 
-5 -52 2 -5 -2 -4 -6 -2 
-16 -9 -14 6 -1 -6 -9 -1 
4 -1 33 -11 1 1 9 3 
1 13 -23 -3 1 1 -6 -2 
2 7 35 29 11 3 -2 3 
-8 -12 -47 -20 -5 -1 4 19 
13 9 2 -5 -4 -6 -5 -2 
-7 -11 -1 -8 -6 -3 3 -22 
-4 10 4 5 1 -2 -16 -5 
2 4 -7 4 1 0 -1 4 
11 4 -3 10 5 4 8 9 
-10 -3 -10 -11 -5 -4 -7 -4 
23 7 4 -2 -2 -2 4 21 
-13 -3 -6 -7 -7 -4 1 -41 
16 24 17 12 3 -7 -21 7 
7 12 2 0 0 6 14 2 
-36 -23 -4 -5 -1 1 9 -1 
17 -12 -5 -8 -7 0 -1 20 
-18 -11 5 12 0 1 8 -22 
13 12 3 -2 2 -2 -2 12 
-4 -4 -1 -6 -2 -1 1 -9 
7 29 5 -3 0 1 9 2 
-7 5 10 9 1 -3 -15 -3 
-7 -17 -17 -2 0 1 11 -4 
8 28 4 -7 -5 -1 4 -1 
6 10 36 6 2 -4 -19 2 
-3 -15 21 0 -1 2 2 12 
-33 23 9 -3 -5 -6 -6 -15 
10 -9 -7 -2 -3 0 2 -5 
-5 -16 -9 -1 -3 3 6 -21 
4 2 20 0 1 -1 -6 -7 
5 14 -11 -2 -3 -7 -23 8 
-2 -6 7 1 1 4 26 7 
-25 2 1 -2 0 -3 -3 -11 
-12 -6 -3 0 3 1 4 -19 
16 -9 0 -1 -2 -6 -11 -20 
-34 -47 -16 -5 -5 -9 -21 -20 
15 -12 -7 2 3 3 17 20 
-7 4 -13 -5 -3 2 11 14 
5 -17 5 2 2 5 -19 -11 
5 26 6 -4 -5 -6 17 32 
-8 -17 -11 -1 -2 -1 -14 -9 
-18 -14 -5 -7 -4 -9 -11 0 
24 19 -17 1 -2 -1 3 23 
-4 -2 -6 -4 0 -2 -15 16 
17 -11 -2 4 0 0 -16 26 
7 36 0 8 5 -1 -17 -18 
-14 -10 28 -7 -3 3 27 7 
12 12 4 1 2 3 2 -9 
-4 19 6 -3 -3 -8 -21 -35 
8 31 0 -4 -5 0 6 6 
9 21 35 11 2 1 25 14 
-11 -8 -37 -13 -5 -1 -19 -10 
-3 37 3 8 3 4 13 0 
11 -3 -2 -10 -1 -1 0 12 
-4 -11 16 14 9 2 4 -17 
-1 -12 -19 -10 -3 -3 -9 -2 
1 -31 -7 -1 -2 1 19 -6 
-4 -34 -36 5 1 -5 -15 3 
-7 -7 -2 -5 -4 2 7 -4 
15 -32 18 12 0 -2 -4 2 
-8 27 10 2 -5 -8 -19 -4 
-8 0 -2 -15 -3 2 13 -13 
0 43 -20 6 6 3 -2 5 
15 21 11 8 4 0 -17 -4 
8 -4 32 13 1 -1 24 0 
8 -3 -19 -5 0 1 10 11 
-10 -31 -7 -18 -10 -8 -15 -12 
-6 4 14 -1 -5 -1 3 1 
2 -2 -29 -8 -4 -7 -9 14 
-7 -12 9 2 -2 2 8 4 
-12 -2 21 8 7 5 -2 -31 
20 -9 1 5 1 -4 -8 11 
3 15 23 7 1 1 6 10 
-9 1 -10 -14 -6 -6 -9 -10 
-11 -5 -2 2 -1 0 -1 7 
-25 13 -4 -8 -1 1 3 -3 
-26 -32 -33 -12 -4 -3 -3 6 
7 8 48 30 11 6 -5 -10 
-13 -13 -41 -21 -7 -7 -7 -12 
0 22 2 1 1 0 9 -3 
11 -7 -25 -14 -3 -1 -4 27 
6 27 47 11 3 -3 -6 -22 
-3 -23 -37 1 -1 -5 -1 3 
21 5 27 2 0 5 4 12 
-31 -21 -27 -12 -3 -1 -6 -7 
28 -6 -13 3 -1 -1 3 19 
4 -13 19 9 4 2 3 6 
-3 15 17 6 3 -1 2 5 
-5 15 12 -15 -5 -3 -2 -19 
-6 -20 -16 -3 -2 -1 -1 9 
17 -7 -26 -10 -5 -2 -3 26 
-18 3 -14 -3 -4 3 10 15 
38 -7 20 8 2 0 -6 -66 
-47 -20 -23 -5 -5 -6 -3 -5 
20 2 19 13 2 0 -2 2 
-7 -3 0 -8 -1 0 1 -2 
-6 -17 -31 -12 -9 -4 -4 -5 
36 26 -3 -9 -2 1 3 1 
-7 -10 -9 -4 -6 -5 -7 8 
-13 -4 10 -1 3 0 -5 -43 
-7 -1 34 18 5 0 -1 16 
12 -13 -19 -1 -3 -2 2 7 
-4 -6 -3 -12 -2 -1 3 -1 
7 -1 -11 -9 -7 -1 0 0 
-1 -9 -15 -6 -2 -2 -2 -18 
-16 -3 7 6 -1 -2 -6 -7 
0 5 7 6 0 -1 1 -3 
-1 -7 -8 -3 -1 -1 -2 -2 
-10 -15 -46 -15 -8 -2 3 14 
-21 -6 1 -5 -5 -1 0 -11 
23 3 5 1 -2 -6 -13 -1 
-5 17 8 9 8 5 14 -1 
-10 -8 -10 -7 -5 -3 -12 -4 
-8 -5 -4 -2 1 -3 -10 -5 
-15 -1 -3 -10 -10 -6 8 20 
7 -1 10 5 -2 -3 8 2 
5 -46 -3 -3 -1 -5 -12 13 
-16 -7 -29 -5 -2 1 3 -22 
5 -1 3 0 1 5 32 1 
-11 5 7 5 1 -3 -24 -36 
41 3 38 4 5 8 12 31 
-30 -44 -42 -15 -8 -9 -11 15 
7 22 -15 -2 0 6 6 -23 
4 17 17 8 3 -3 -3 1 
-7 -21 -57 -12 -3 -5 -10 -11 
13 -3 13 9 5 7 4 25 
-11 77 86 16 8 4 -7 -3 
-8 -37 -97 -22 -11 -9 -25 -10 
-1 33 93 22 9 7 16 -1 
-10 3 -50 -10 -7 -3 -4 8 
-6 -12 -15 2 -3 0 17 1 
9 7 48 13 4 -8 -9 16 
7 69 39 -4 8 11 22 24 
9 -15 -27 2 6 7 11 2 
-9 -57 -36 12 10 -1 -13 -1 
-13 3 -110 -67 -46 -22 -8 -15 
-11 9 7 9 4 4 -12 -21 
16 -6 56 8 2 -4 1 11 
-18 -46 84 18 0 4 -14 -15 
24 53 -25 12 24 6 8 24 
-20 13 -10 -33 -38 -18 -17 -8 
-3 45 46 -3 -3 -4 -6 -12 
20 -1 54 -10 13 1 5 13 
-19 -22 93 19 -20 4 6 -20 
43 19 -3 -5 1 -5 -1 26 
-36 58 -63 2 8 9 17 -3 
18 -15 15 7 0 -6 -16 -12 
-3 -42 -37 -15 -3 1 5 23 
-14 -31 -48 9 1 0 13 -13 
-8 -11 54 11 -1 -1 -19 8 
29 32 -45 -18 -9 -3 -4 8 
5 11 2 -20 5 3 17 8 
-10 -8 3 4 -3 -3 -4 16 
-6 1 -19 -4 -7 -12 -23 -46 
-12 12 15 14 3 4 1 1 
-32 -28 -15 10 -1 -3 -8 -1 
-2 -9 13 7 5 7 16 21 
-29 -30 -58 -38 -18 -11 2 -14 
-13 4 -16 -7 -7 -10 -16 -5 
21 6 21 4 0 1 -4 -15 
-28 9 -17 1 1 -2 -7 -25 
16 13 28 3 4 5 6 33 
-4 3 -26 -20 -10 -10 -16 -12 
2 4 -12 1 3 4 1 16 
-37 0 -2 7 5 3 0 -17 
40 -16 21 24 2 -5 -4 -6 
-20 52 -28 -28 -4 7 11 8 
27 1 -2 10 3 0 2 19 
15 9 11 -2 1 1 -7 -8 
8 -25 6 10 3 1 3 -21 
-3 -77 -27 9 2 -2 -2 -6 
1 33 31 -5 -5 -5 -6 -5 
-1 20 24 0 1 0 -1 0 
1 -6 -45 -15 -6 -4 1 10 
2 -10 -22 -4 -7 -5 -6 -24 
-10 -18 10 0 2 -1 -3 -12 
10 -9 14 10 1 -4 -7 -2 
1 6 33 -9 -4 3 3 6 
-14 -8 -23 -8 -6 -3 -4 0 
-15 -6 13 10 6 3 1 -10 
-8 -3 15 2 0 -1 -2 -9 
-16 -7 4 -4 -1 -2 -3 6 
15 10 -12 -8 -8 -2 0 12 
-4 -67 -7 1 -2 0 1 -3 
16 -7 -28 -2 0 -4 -4 25 
-5 10 25 2 -1 0 3 -25 
4 -19 -12 2 -2 -1 1 11 
-6 6 12 1 0 -2 -4 -11 
-3 -8 -15 -6 -4 -2 0 -12 
11 -1 -2 1 2 3 4 21 
10 2 7 2 -1 -1 -4 9 
1 9 2 -4 -2 -2 -2 -3 
-1 -9 -10 -6 -4 -1 -2 1 
3 4 11 3 0 0 1 -3 
-8 -4 1 -1 -1 -1 -1 -7 
-4 -2 -7 1 1 1 -2 8 
0 2 -7 0 1 -3 -2 -10 
-1 -6 7 -2 -1 -1 0 0 
-15 6 -15 -4 -1 0 0 -4 
9 1 -2 -4 -5 -5 -5 -1 
12 -6 -5 2 4 3 2 0 
-22 7 5 5 2 1 0 -2 
-5 12 16 4 -1 -1 2 4 
-1 8 -2 1 -2 -1 -2 -8 
-7 -4 8 -3 -2 -1 0 1 
10 3 -2 -5 -5 -1 -2 -3 
5 15 1 2 0 -2 -4 1 
-5 -7 -13 -1 -3 -3 0 -3 
3 -2 -5 -6 -6 -3 -4 -1 
-5 -13 -1 -4 -2 1 0 1 
3 7 2 -2 -2 -4 0 15 
29 13 1 4 1 -1 -3 20 
-19 4 -8 -5 -4 -5 -6 -29 
4 -1 -5 0 1 0 0 -1 
-1 -11 -3 0 -3 -1 -1 -2 
-3 9 8 5 4 4 5 3 
6 -18 -22 -6 -4 -6 -8 20 
3 4 5 2 0 -1 -2 -1 
8 6 5 -2 -2 -3 -3 -5 
-2 5 2 -1 0 0 1 -2 
-9 1 -14 -2 1 2 2 3 
11 -6 -9 -3 -5 -3 -2 9 
-9 -8 -13 -5 -1 -1 -3 -14 
-5 2 1 -2 -2 -1 -2 0 
-2 -3 -3 1 2 1 1 -4 
6 6 -2 -3 -4 -3 -5 2 
-9 -19 -15 2 5 2 3 -8 
0 0 1 0 -2 -2 -2 1 
0 -1 -1 -1 -3 -3 -3 -10 
5 4 3 -3 -2 -1 -1 -2 
3 -27 -11 -1 0 -2 -3 1 
-12 19 11 1 3 3 2 -8 
5 -9 -1 1 1 0 -1 5 
2 9 7 -1 -1 -1 1 -1 
-2 -5 -14 -3 -7 -3 -3 1 
-1 -8 2 1 2 0 -2 -3 
-4 -8 -7 -2 -2 -2 -2 -2 
-4 -9 5 0 -4 -2 -1 -3 
-1 7 -1 -2 -1 -1 0 0 
-2 -1 16 4 1 -3 -2 0 
-2 31 4 0 -2 -1 -2 -3 
12 -3 -8 -3 0 0 -2 -1 
-5 5 14 1 2 3 4 10 
-12 -9 -9 0 -4 -3 1 -18 
7 -12 -2 2 1 1 3 -8 
17 8 17 2 1 -3 -4 -3 
8 8 4 -3 -5 0 1 17 
1 -1 -4 -5 -4 -3 -3 -14 
4 -3 2 0 -1 -2 1 7 
-3 7 1 2 1 1 1 4 
4 -3 0 1 1 2 3 10 
6 1 -4 -4 -3 -2 -5 -2 
-6 -2 -4 -3 -2 -2 -1 -1 
-7 -3 -4 -3 -1 -1 -1 -2 
-9 -4 0 -1 -1 -3 -5 -10 
0 -14 -8 1 -1 -1 0 5 
1 9 6 -2 -3 -2 -2 -1 
-9 8 -9 -3 1 -1 -2 -9 
-1 -1 -4 -2 -3 -2 -2 -7 
2 -3 -4 0 1 1 1 5 
-2 -6 -1 -1 -1 -2 -1 -3 
-3 -10 -7 -2 -2 -1 0 4 
-3 -1 -14 -5 -2 -1 -4 -10 
-2 -1 -3 -3 -3 -1 -2 3 
-8 -6 0 0 3 0 0 -2 
-5 5 6 4 0 -2 -2 -1 
0 1 0 0 -3 -2 -2 -5 
-5 -1 6 -3 -4 -1 -1 0 
0 -2 -4 0 -2 1 0 2 
1 6 0 -3 -3 -2 0 -1 
-5 -4 8 2 0 -1 -3 -4 
-1 -2 -7 -3 -1 0 -1 2 
1 4 19 5 1 0 -2 -3 
-3 -13 -17 -7 -6 -2 -4 -2 
-2 2 0 2 3 0 -2 -7 
-5 3 4 1 -1 -2 -3 -6 
-7 -8 -8 -7 -2 -3 -3 -2 
-2 -1 -3 -2 -2 -2 0 -2 
0 10 3 -3 -4 -4 -4 -2 
-1 -5 -15 0 1 0 0 10 
8 -2 -6 -3 -3 -1 -1 7 
-11 -3 -2 -1 2 0 -4 -26 
-2 -16 -9 -4 -4 -4 -4 -4 
-2 -8 1 -1 1 2 3 1 
2 -1 3 0 -1 -2 0 1 
-2 8 0 5 5 0 3 2 
-1 -1 13 3 3 3 3 2 
-2 -5 -1 -2 0 -1 -2 -3 
-6 1 4 1 1 -1 0 -2 
-2 -10 -15 -8 -7 -3 -1 1 
1 1 1 -1 0 1 -1 2 
4 13 18 1 -2 -3 0 3 
-12 -14 -20 -3 2 0 0 -7 
5 2 24 6 2 1 0 12 
16 -12 -28 -9 -5 -6 -3 16 
-31 -10 -7 -3 -3 -2 -1 -15 
-20 11 0 0 -3 -2 -3 -32 
-8 -10 2 -2 1 0 1 1 
-1 8 15 1 0 1 1 2 
40 0 -13 -2 1 0 1 39 
-69 -2 1 -9 -10 -5 -6 -59 
-10 -10 1 3 4 5 2 8 
-15 0 1 -2 -2 -3 -3 -11 
-1 4 8 3 2 1 1 1 
20 6 -2 -1 -3 -2 -3 19 
21 14 -10 -2 -2 -2 -1 2 
-6 0 -1 -1 -4 -5 -2 -9 
-1 3 2 -1 -2 -2 -3 -4 
21 -9 -8 -5 -1 0 0 18 
-12 -6 -1 -3 -1 -1 0 -7 
5 0 0 0 -1 -1 0 3 
-2 6 -5 -2 -4 -3 -1 -8 
3 -7 -7 5 5 0 1 5 
-3 -2 0 -4 -2 -2 -2 2 
-4 0 0 -4 -4 -2 -2 -4 
0 -3 -3 -2 -2 -4 -3 -7 
6 1 7 1 1 1 -1 7 
3 -1 -3 -3 -2 -3 -2 2 
1 -3 -11 -4 -2 -3 -2 -3 
-9 -9 -22 -1 0 -1 -1 -9 
3 1 -1 2 3 0 1 8 
-2 0 -7 -1 -3 -3 -3 -7 
-6 2 2 -1 -1 1 -3 -9 
0 1 13 1 -2 0 1 9 
-4 5 -7 -4 -5 -4 -5 -18 
5 -12 3 0 0 0 2 9 
19 1 -3 -1 -1 -3 0 11 
-8 -4 -2 -3 -5 -4 -5 -27 
-2 -2 -2 4 3 2 0 8 
-6 -8 -4 1 0 2 1 -10 
6 2 10 5 3 2 1 12 
-2 -9 -6 -6 -3 -3 -3 -17 
3 -6 -1 -1 -3 -4 -4 4 
-2 7 8 -4 -5 -3 -1 9 
-4 -8 -3 -3 -3 -1 -2 -13 
-5 0 -13 -1 0 -2 -1 -7 
-4 5 2 -2 -3 -2 0 -5 
4 0 -1 -1 -2 -3 -3 12 
-15 -1 -4 -4 -2 -2 -1 -3 
10 5 12 2 3 1 0 5 
13 -8 -5 -2 -2 -3 -3 9 
-1 7 -4 -1 0 0 0 -3 
-10 -7 -8 1 2 2 2 -6 
-7 -1 4 1 0 1 0 -3 
1 -12 13 1 0 1 1 12 
-3 -2 -14 -7 -5 -7 -6 -14 
-10 -3 -1 -5 -4 0 -3 -8 
1 -3 4 -1 -2 0 1 13 
34 3 -6 -1 -1 0 1 10 
-49 -25 -9 -4 -5 -4 -5 -37 
19 2 -2 -2 -2 -1 1 9 
-24 -7 0 -1 -1 -2 -1 -4 
6 -34 -22 -2 -2 0 -1 -2 
11 15 7 -1 1 -1 -2 14 
2 4 -8 -2 -1 -2 -2 0 
-18 2 4 -1 -1 1 0 -5 
3 9 6 2 0 -1 -2 -3 
6 -12 -6 -1 0 -1 -1 5 
-22 -8 -5 -2 -1 -2 -2 -9 
16 -5 2 -1 0 -1 -1 4 
-12 3 1 -2 -2 -1 2 -5 
5 1 -5 -2 -2 -3 -2 0 
7 -2 -2 -3 -2 -1 -1 9 
4 5 -3 -2 -2 -4 -6 -13 
-17 -10 0 2 6 4 4 -1 
6 -1 8 1 1 0 -3 0 
-5 4 4 0 0 -1 0 1 
3 -2 -4 -5 -3 -1 -4 -2 
-4 17 13 -2 -4 1 1 0 
13 -6 -3 1 2 2 3 18 
-41 -6 -4 -3 -3 -3 -5 -12 
18 1 0 -1 -1 -2 -1 -2 
-9 19 13 -4 -5 -4 -6 1 
1 -2 -8 -1 1 0 1 3 
22 10 -4 0 -3 -1 -2 7 
-16 -3 4 0 1 4 4 -3 
-5 -2 -3 -2 -2 -1 -2 -6 
5 0 1 0 0 -1 0 3 
1 2 2 -1 0 -3 -3 -7 
-2 6 2 0 -1 -1 0 -1 
2 0 -3 -1 0 0 -1 2 
-4 4 6 1 0 1 -3 -10 
-3 -3 -4 -2 1 1 -1 -7 
5 1 4 1 0 0 -1 11 
-3 2 -11 -3 0 -1 -1 -1 
-13 -13 3 7 6 4 5 -1 
9 4 9 0 -1 -3 -3 9 
-3 14 0 0 -1 0 -5 -21 
0 -5 -5 -1 -1 -3 -4 -2 
-1 6 -3 -8 -8 -4 -3 -4 
6 -3 4 -1 0 2 2 11 
-9 -8 -1 -2 -2 -2 -1 -7 
6 -2 -1 -2 -4 -5 -2 12 
16 0 -2 1 -1 -2 -4 -6 
25 -5 4 -1 1 2 3 6 
-24 -4 -12 -4 -4 -3 -4 2 
-2 -2 -5 -2 -2 -1 0 -6 
-10 -6 -1 -3 -2 -3 -1 -1 
5 -6 -10 0 2 -1 -3 -5 
9 -2 -4 4 4 4 5 22 
-2 -18 6 5 1 1 -3 -21 
-6 -1 -13 -5 -2 -1 2 19 
-4 -5 1 -2 -3 -5 -4 -26 
-15 -9 -7 -4 0 0 1 -9 
17 2 -1 -2 -1 -3 -5 25 
0 6 3 0 -1 -1 -4 -15 
-10 -4 -5 0 -1 -1 -1 6 
10 10 -5 3 1 -3 -3 7 
6 3 -7 -7 -5 -3 -1 -2 
-11 26 12 1 1 2 2 -10 
-11 2 0 -4 -4 -3 -1 0 
4 -4 3 -1 -1 -1 -2 0 
-4 3 -1 -2 -2 -3 1 -6 
1 -10 -4 -1 -1 0 -2 2 
-9 -3 -6 0 0 -2 -4 -10 
2 -9 -19 -9 -6 -3 -1 3 
0 1 -3 1 -1 0 -1 4 
-10 -8 4 -1 -1 -2 -2 -14 
7 8 4 0 -3 -2 -2 2 
3 5 8 -3 -3 -1 -1 -1 
-1 -6 -11 -4 1 -1 2 3 
3 -2 -2 -1 -3 -1 -1 6 
-9 2 1 0 1 -1 1 -17 
23 -6 0 -1 -1 -3 -2 21 
-33 -4 1 1 -2 -2 -5 -27 
-8 -3 10 4 2 1 2 -3 
12 -12 -11 -3 -2 -1 -1 9 
-4 -10 -9 -2 -1 -1 0 -1 
7 5 4 2 0 0 0 3 
3 -4 -16 -3 -4 -5 -4 -4 
5 5 7 1 3 4 4 8 
-32 -16 -6 1 0 0 0 -5 
1 2 -9 -6 -4 -3 -3 -1 
0 -2 0 -1 1 1 0 0 
-1 4 -6 -2 -4 -4 -3 -4 
13 4 5 -3 -2 -1 0 14 
-10 0 12 -1 -2 1 0 -24 
-3 4 -15 -4 -2 -3 -4 -1 
-4 26 7 -4 -3 -1 1 5 
4 10 -10 -3 -3 -1 -2 -10 
0 -5 -8 -3 0 0 2 18 
-1 -10 -4 -4 -3 -4 -3 3 
3 -25 -13 -3 -2 -5 -6 -14 
-4 6 5 2 2 -2 -2 -12 
22 5 8 2 0 0 1 8 
21 -1 -2 0 2 2 5 4 
-7 -19 -5 0 0 -1 -5 -15 
4 4 11 -2 -2 -2 0 2 
-11 -4 -11 -4 -3 -2 -4 -6 
9 -5 7 0 0 -1 -1 5 
-1 7 -5 0 -2 -1 0 4 
-1 -4 -6 -2 -1 -1 0 -5 
15 3 -7 -1 1 -2 -2 -1 
-9 -11 -3 -2 -1 -4 -3 -3 
-8 -4 3 1 0 0 0 0 
-11 -5 -5 -3 -1 -1 -2 -8 
-5 -4 -5 -2 0 -2 0 6 
-2 3 -1 -2 -4 -4 -4 -6 
-13 -6 3 0 -2 0 1 -4 
5 2 5 1 0 -1 2 5 
-7 -8 -2 -1 -1 0 -2 -4 
-2 3 0 0 0 0 -3 -5 
11 2 2 1 1 1 1 15 
9 13 4 -7 -7 -7 -5 -15 
-34 -13 -2 3 4 6 3 -7 
0 18 -10 -9 -8 -3 -2 -2 
-1 4 -3 -2 -1 0 -1 6 
-3 -8 -2 -1 -2 -1 -2 3 
8 5 4 -3 -4 -2 -3 -1 
-16 5 15 3 2 2 2 -5 
-11 1 1 0 1 2 1 -16 
-1 5 0 -3 -2 -2 -2 3 
3 4 3 0 -1 -2 -1 -4 
4 -2 1 -4 -3 -2 0 8 
2 -5 0 -5 -3 -4 -4 2 
-4 -7 1 1 2 0 0 -4 
5 7 -11 -3 -6 -3 -1 6 
-2 -3 -3 -4 -3 -3 -3 -4 
