#EMG
#8
#ID:8-77
-9 4 0 -1 -2 -5 -3 -7 
-8 -10 -1 -3 -3 -1 0 -1 
1 9 7 2 1 1 0 3 
-5 1 -12 -3 -1 0 -3 -3 
6 -2 -3 -2 -1 1 2 16 
7 1 1 2 -2 0 -2 2 
-4 11 3 -7 -2 -3 -3 -22 
1 1 4 8 1 1 2 9 
-6 -10 -18 -10 0 -1 -1 -12 
-9 -7 -2 -6 -7 -5 -2 0 
7 3 -9 -3 -2 -1 0 7 
-9 -6 14 3 1 0 0 -7 
8 7 15 1 -3 -3 -3 10 
-2 0 -14 -4 1 1 -1 -2 
-1 -1 13 7 3 2 2 9 
-4 -9 -17 -4 -3 -3 -3 -10 
5 -5 -15 -5 -3 -1 -2 -6 
-1 4 23 9 2 -1 -1 2 
5 -3 -15 -6 -6 -3 -1 -2 
-2 -7 6 0 1 1 0 1 
-1 -18 -50 -15 -10 -5 -3 -1 
-5 2 20 9 2 1 0 -11 
-3 1 5 -10 -1 -1 0 12 
0 2 3 -3 -1 1 -1 -8 
-1 5 18 3 3 1 -2 -14 
2 1 8 13 4 0 1 10 
-4 -7 -7 -1 -2 -3 -2 -4 
1 -1 -16 -5 -3 -1 -1 8 
2 13 5 0 0 -1 -1 -5 
-21 -3 0 4 2 2 0 -3 
-8 -5 -2 -5 -3 -3 -5 -6 
-4 -4 1 -1 -2 0 0 -6 
-6 -2 1 2 0 -3 -2 8 
0 -9 -22 -15 -2 1 1 -2 
-13 -1 7 14 0 0 1 -6 
12 -2 -16 -22 -3 -1 -1 5 
-6 -10 -12 -2 -1 -1 0 -4 
5 8 13 2 -2 -5 -1 10 
7 -3 -12 3 3 1 -1 -6 
-6 6 27 10 2 0 0 -10 
13 1 -8 -2 0 -3 -4 -3 
1 4 3 -7 -4 -1 -1 -4 
11 4 0 -1 -2 -2 0 24 
-10 8 24 16 2 -1 -5 -18 
-14 -10 -14 -16 1 1 0 -8 
2 -5 -7 6 1 0 -1 5 
1 0 3 -4 -2 -1 1 2 
-8 6 -20 -6 -4 -2 -2 -28 
6 -7 16 17 1 -3 -4 2 
-6 -13 -40 -28 -6 -2 -1 -8 
-4 -2 -12 -9 -4 -4 -1 0 
4 -4 -2 4 1 1 3 11 
-4 10 3 0 -3 0 0 -2 
3 4 9 10 1 1 2 7 
-18 1 2 4 1 0 -2 -17 
6 -9 -2 -4 -3 -7 -6 1 
-9 -1 -16 -6 -4 -3 -1 -10 
0 1 11 4 -2 -2 -6 -3 
-2 1 -8 -5 1 1 0 8 
-8 -14 -26 -12 -5 -1 -2 -2 
-12 1 23 0 1 1 1 1 
19 3 5 0 -2 -4 -3 -6 
2 -6 -17 -5 -4 -1 -3 -4 
-11 1 -1 3 1 -3 -2 2 
3 -5 -15 -9 -3 -2 -1 2 
0 11 -2 3 -1 -2 0 -4 
-5 -1 18 7 4 1 1 -2 
6 -2 0 -9 -5 -4 -5 2 
-1 2 -5 -2 -4 -3 -1 3 
-1 -9 -11 -4 -1 1 1 23 
-4 3 9 -4 -5 -4 -5 -56 
0 11 -1 8 1 1 0 -1 
-2 -5 2 -3 -4 -3 -4 -2 
-3 -2 13 -2 2 0 0 0 
2 -4 19 0 1 0 2 16 
-10 -15 -27 -3 -1 -2 -2 -1 
4 5 -1 -1 1 1 0 0 
7 4 23 8 0 -1 1 -4 
-7 8 -28 8 3 1 -1 4 
11 -10 0 -19 -9 -5 -1 3 
1 14 -10 -3 2 1 0 -8 
-8 -17 1 0 -1 -2 -2 -2 
2 -3 -19 -2 -1 -3 -2 -5 
36 8 15 7 0 1 3 29 
-22 -7 0 -6 -2 -1 -5 -48 
-2 12 37 -2 -3 0 1 -4 
-1 3 11 -2 -1 -2 -2 2 
2 4 1 2 0 1 3 -1 
7 -5 18 1 -1 0 2 21 
2 23 -9 7 1 -3 -4 -13 
-1 -54 10 -4 -3 0 -1 6 
-12 -43 -41 -8 -2 -2 -1 2 
2 21 -24 -2 -4 -3 -3 2 
-11 -14 -15 -3 -1 -1 -2 -10 
2 13 18 -1 -1 -2 -1 9 
-1 -4 -4 5 3 1 1 4 
-4 -12 18 2 -2 -2 0 -8 
-1 -1 -23 -8 -7 -4 -3 13 
18 24 10 0 -5 -4 -8 7 
-4 -14 19 -1 2 3 6 4 
4 -5 -34 1 1 0 3 -1 
-1 0 -14 8 0 -1 0 9 
-4 -6 -17 -14 -2 -1 -2 -6 
22 14 33 7 1 0 -2 2 
-24 -28 -1 1 2 1 1 3 
17 -20 -40 -6 -2 -2 0 4 
-2 -25 -6 -5 -3 -2 -5 -3 
-24 7 -12 -2 -2 -3 2 -5 
10 10 30 10 2 1 2 12 
-1 -6 -11 -1 0 -1 0 -2 
-2 -4 -21 -1 -4 0 0 11 
-9 0 27 1 -1 1 -3 -28 
9 -53 -5 -3 -5 -3 -2 -8 
-16 9 -15 -5 2 0 -3 -6 
0 -8 -46 -15 -4 -3 -1 3 
7 13 0 4 0 -3 -12 -11 
-6 16 1 0 -4 -4 6 21 
13 2 17 1 -2 4 3 -3 
-27 -2 7 6 2 -2 -2 4 
-6 8 0 14 -1 1 10 8 
16 30 -2 -16 2 -4 -12 9 
1 2 -14 -8 -13 -10 -16 -17 
14 12 2 1 7 4 6 13 
32 -10 -23 -10 -9 -3 2 24 
-44 -6 3 6 -1 0 -4 -46 
5 37 23 4 2 -1 -1 -9 
-7 14 16 0 -2 -1 -3 -12 
14 -10 3 3 4 0 -3 16 
-11 -16 -27 -5 -5 -4 4 32 
-11 -16 20 3 2 2 3 -10 
62 -7 -10 1 -2 -1 -22 -29 
-27 16 9 3 2 1 16 -1 
14 4 -17 -10 1 3 -14 5 
-18 -24 41 12 0 0 17 0 
-36 8 3 -12 -5 -6 -8 9 
0 -50 -30 -6 0 3 -8 -29 
13 15 14 3 -1 0 14 1 
-5 -1 -13 -8 -5 -7 -23 -7 
4 7 12 10 1 -3 -2 4 
1 13 25 3 -1 -3 -11 8 
-14 -22 -16 -4 -3 2 27 3 
-1 5 4 0 0 -2 -7 14 
-14 5 28 8 1 -1 17 -16 
-11 6 -21 -9 -6 -5 -10 -3 
22 10 13 11 1 -1 -9 -9 
36 -9 -8 -9 -1 2 5 47 
-62 -6 -36 -19 -5 -3 1 -36 
-6 -7 13 4 -3 -3 -12 -30 
4 18 34 4 3 -3 10 23 
-6 26 15 4 3 2 8 1 
11 -11 -7 4 -2 2 -3 11 
-10 -3 -3 -8 -3 -3 1 6 
3 -8 -2 10 -1 -4 -6 -5 
-7 16 -3 -9 -1 2 0 -17 
11 42 3 -4 -2 -2 -4 13 
-14 8 -4 -1 0 0 0 -13 
10 11 7 2 -1 0 -6 7 
-17 10 41 19 6 -2 -2 -23 
6 -29 -49 -21 -12 -5 1 2 
-1 0 -22 -9 -5 -3 3 12 
-13 -14 -18 -15 -2 -1 -5 -26 
9 -26 4 5 1 -2 -12 -6 
15 37 30 2 0 0 17 19 
-4 29 9 3 -1 -2 -5 -9 
-1 -22 -7 -5 -3 -2 -6 -1 
-5 -3 -17 -3 -4 -5 -7 -6 
6 -12 1 11 3 2 8 -3 
1 23 46 -7 -5 -5 -2 20 
6 21 29 7 2 1 -7 -7 
-9 6 -55 -15 -7 -3 15 27 
-5 -13 13 6 2 1 -5 -13 
13 11 -12 8 3 0 -1 7 
-12 -9 9 -6 -2 -3 -19 -9 
6 26 20 -2 -4 -2 11 5 
-16 -52 -50 -5 1 4 1 -4 
-2 -12 5 -1 0 -2 0 14 
-10 -23 -3 7 -1 -1 -2 -18 
0 -42 -49 -24 -9 -4 -6 1 
1 -32 7 10 1 -3 -6 2 
0 2 -45 -5 -2 0 1 -13 
1 1 -14 -16 -6 -3 -1 6 
-4 -10 13 6 4 3 0 -7 
0 0 9 1 -1 -2 1 2 
5 -2 -6 10 4 0 -1 -3 
7 11 29 12 -1 -2 -1 5 
-25 -41 -14 -24 -7 -3 -5 -19 
9 -6 28 4 3 0 -4 2 
3 16 14 5 1 0 -2 -4 
-4 18 23 0 2 0 2 10 
2 1 40 12 4 2 6 -1 
0 6 -7 -10 -4 -3 -5 -3 
-9 -25 -14 -16 -7 -2 -8 -15 
15 6 26 19 4 2 14 14 
-8 -3 -1 0 0 -2 -13 -5 
1 -14 -29 -14 -7 -6 -2 -11 
-10 18 -3 -2 0 -1 -2 -18 
-3 10 -30 -17 1 2 -12 -17 
-8 3 23 6 -2 0 19 18 
-1 1 -19 3 -1 -4 -9 0 
-2 -4 -3 -2 -1 0 2 -2 
-1 -13 -16 6 -2 -6 -7 3 
0 -15 -34 -15 -2 1 -5 -6 
-12 9 13 6 1 -1 0 8 
5 8 -3 -1 0 -2 -15 -20 
-8 -15 5 -4 -1 5 33 36 
12 44 29 32 5 -2 -7 -5 
5 19 1 -27 -6 -1 4 -3 
-3 -20 14 -3 2 4 -2 5 
1 13 -25 -11 -4 -3 -12 -22 
1 4 -23 -2 -4 -5 -6 7 
5 14 40 29 6 2 2 3 
1 9 -9 -13 -4 -4 -6 10 
7 -17 2 0 -6 -2 0 11 
3 2 -1 5 4 3 9 -2 
-8 3 15 18 3 -1 -7 -18 
6 -4 -42 -36 -10 -6 -14 -33 
-4 9 -8 8 1 0 2 -9 
-8 -15 -25 -13 -1 -2 -14 0 
-3 5 28 5 1 4 16 -4 
-11 -4 -10 11 2 -1 10 -11 
-10 -4 -20 -13 -8 -9 -10 -7 
7 -4 12 1 -2 -1 1 -6 
16 8 27 21 4 0 -22 42 
5 -13 -27 -25 -7 -2 7 20 
-4 26 38 -4 -3 0 -12 -68 
-51 1 13 13 3 3 12 16 
51 -19 -31 -21 -10 -10 2 37 
27 21 83 45 10 5 34 -20 
-15 -20 -27 -26 4 -4 -15 27 
4 -31 -47 -19 -11 -6 -23 -36 
-8 14 18 6 0 0 17 1 
-6 -9 -8 -17 -4 3 -1 26 
-21 -18 13 15 -3 -5 7 -15 
7 2 7 9 2 -2 11 34 
7 -12 -8 7 1 -2 -19 -29 
28 -14 19 7 4 -5 4 32 
-33 -16 -43 -3 -4 5 16 17 
14 -4 20 -24 -1 -2 -55 -45 
-16 5 -17 -6 -5 -2 33 43 
2 -11 -25 -7 -9 -5 -10 -21 
24 19 6 9 3 3 -17 20 
9 -1 23 15 2 -2 20 -38 
-5 8 -8 -11 4 3 -16 -58 
-17 8 42 17 2 1 -4 -8 
-15 10 -17 -4 -1 -2 -18 -28 
20 -12 -24 -16 -8 -2 20 57 
-35 6 -7 -12 -4 -1 -23 -25 
-18 37 -11 10 7 0 18 8 
-6 14 2 -11 -8 -2 9 21 
1 19 34 12 1 -2 -3 -7 
-14 -17 -22 -15 -1 1 4 -10 
1 -8 2 3 -8 -5 -16 3 
18 -10 32 13 5 3 16 25 
-1 22 -26 -8 -6 -4 -6 22 
8 -10 -55 -7 -2 -1 6 5 
-6 3 46 -2 -5 -3 -14 4 
14 -13 -25 -22 -6 -5 -4 -15 
-6 -19 -79 -10 -6 -2 -3 -10 
-4 20 26 11 2 1 3 -2 
-14 -10 -4 9 3 0 -4 -14 
16 -20 -27 -9 -7 -5 -1 4 
-2 42 42 1 4 6 6 -13 
3 -14 -32 -10 -4 -5 -9 0 
-15 -29 -16 -5 -5 0 0 -3 
18 39 55 22 3 -1 0 7 
-2 -17 -17 2 3 1 -4 -4 
-8 14 29 0 2 4 10 11 
-5 -7 -1 -6 0 1 3 19 
-7 -39 3 -3 0 0 2 -4 
5 26 8 1 -4 -6 -12 -12 
-13 7 48 5 -1 -5 -5 -1 
18 39 -22 -8 -5 -2 4 13 
-16 13 51 9 5 4 11 -22 
-6 -34 -50 -6 -3 -8 -9 2 
-4 29 37 5 3 4 1 -20 
-9 -25 -25 -3 -4 -6 3 3 
3 -40 -18 -2 1 0 -2 -2 
1 3 48 22 5 2 0 -6 
0 -13 -3 -37 -14 -4 4 10 
2 -3 44 20 11 2 -12 5 
7 2 -55 -29 -12 -5 -10 -4 
-9 -35 -12 10 0 2 12 -2 
7 14 -14 2 4 3 -5 3 
19 33 56 34 12 4 1 -9 
-18 21 -32 12 3 -4 -6 -30 
-2 8 -11 -47 -17 -5 10 9 
14 6 54 35 7 1 -7 5 
17 -23 -15 -49 -17 -6 -25 -7 
-13 -17 6 11 -3 -3 12 16 
-1 -2 43 41 7 -1 4 10 
-20 -61 -89 -52 -15 -4 0 -11 
8 -10 -18 13 3 3 6 8 
23 -2 -11 -24 -3 -5 -17 13 
-11 4 33 29 5 -1 -8 -29 
25 31 78 56 17 -1 -1 44 
-12 -21 -120 -79 -37 -15 -5 -21 
-19 22 70 6 11 8 3 -29 
-5 -25 -50 -69 -20 -2 0 0 
-11 -3 12 65 4 1 -9 -8 
-4 19 20 -18 4 -1 6 18 
14 45 96 80 15 5 19 21 
3 -2 -87 -56 -2 -2 -2 -11 
-5 -12 -9 -21 -10 -4 14 -6 
5 -12 -8 4 1 4 -19 13 
-5 -12 -14 -4 -7 -8 -14 -53 
-42 19 47 48 13 3 -2 -9 
-13 -8 -34 -24 -5 -6 -2 3 
-28 -16 -35 -18 -7 5 6 -16 
16 -14 -21 -4 -1 -1 3 34 
16 -10 -11 -14 -4 -3 -4 -2 
1 -4 29 15 1 1 8 -16 
36 14 38 19 7 -3 -16 15 
-30 -10 -48 -23 -6 0 6 18 
2 11 6 9 3 1 3 7 
-31 -13 -82 -40 -19 -6 2 -34 
-6 -3 37 43 12 4 11 -3 
-3 -9 -46 -30 -4 -5 -7 1 
26 -9 30 3 -1 3 -14 -5 
-23 6 15 7 4 1 11 -18 
-21 -27 -22 -3 1 -2 -1 -31 
-7 24 -4 7 2 -5 -36 -44 
-7 0 24 29 4 1 24 -3 
87 -5 -48 -46 -9 -3 -12 14 
-26 -18 1 7 -2 4 15 18 
-31 -24 -1 -3 -2 2 -11 -37 
18 7 4 -3 -3 -3 3 23 
-1 21 66 33 9 -1 -21 -24 
-10 16 -28 -31 -9 -8 8 2 
20 -5 -1 -8 -9 -2 6 22 
-26 -15 0 -8 -6 0 1 -10 
7 13 -1 11 4 0 -3 14 
-19 23 73 23 8 6 -2 5 
28 1 -17 -4 -1 1 15 45 
0 -13 -24 -23 -6 -2 -21 -25 
-28 0 -7 -5 -3 1 22 16 
35 -8 18 18 2 -3 -17 -2 
6 15 -22 -19 -10 -6 -2 10 
-10 11 21 22 8 7 -7 -9 
3 -7 -14 -15 -3 1 34 13 
19 14 17 -1 -4 -7 -31 5 
0 -28 -18 -7 -4 -5 -9 23 
23 1 1 -6 -9 -9 -7 22 
-10 10 75 43 13 7 -7 -28 
-14 -31 -71 -36 -9 -5 10 -12 
4 53 72 22 17 11 13 -1 
7 -10 -28 -2 2 -6 -8 0 
-2 -40 9 -19 -8 -2 -13 13 
-24 11 -17 20 -5 -4 6 -11 
-1 -18 -89 -34 -15 -9 -12 -9 
-3 3 23 -1 5 2 5 -13 
20 -7 28 -11 0 -3 -12 -1 
-26 1 36 23 11 1 3 -19 
-12 -42 -46 -27 -21 -10 -1 -2 
-3 7 0 16 6 5 7 6 
-1 -3 -44 -35 -10 -7 -14 -4 
4 14 35 6 7 9 10 15 
17 -4 15 9 7 -2 -7 -1 
-41 -26 -50 8 -13 -9 0 -10 
-2 -1 -40 -9 -2 0 -5 0 
-5 -6 -7 0 3 4 5 0 
4 -2 38 17 9 7 7 23 
4 12 30 -3 -3 -4 -6 -27 
-7 -5 -37 -2 -2 -2 -5 -2 
-2 -5 -39 -13 -9 -3 0 13 
-9 3 27 8 6 4 3 -18 
38 2 0 -14 -1 1 4 18 
-37 -13 -17 3 -1 -3 -4 22 
-14 5 5 1 2 -2 -2 -44 
-11 1 12 12 0 0 -2 -17 
15 -3 -19 -10 -2 -2 -1 14 
13 14 -14 -5 -6 -5 -3 4 
-1 -8 14 10 5 6 5 -7 
44 -8 -28 -20 -7 -4 2 1 
-22 -1 22 10 0 -2 -1 19 
-3 7 8 -3 2 -1 0 -6 
6 3 17 -3 -5 -7 -3 4 
-4 -1 -17 -2 -3 -2 -6 -17 
8 -1 -23 -11 -5 0 3 7 
5 3 13 12 -2 0 -4 14 
5 3 -20 -12 -3 -3 0 -19 
-10 -5 14 4 0 3 5 11 
-3 15 21 -2 0 -1 -1 -4 
-24 -12 -34 7 5 2 0 -13 
3 -8 -3 -3 -3 -3 0 5 
-12 1 -4 -13 -1 -2 0 6 
-13 -1 1 -6 -7 -1 -2 -13 
14 5 7 5 0 0 -1 1 
-1 0 14 4 5 1 4 4 
-1 0 0 11 0 -4 -4 -2 
-3 -5 -5 -11 -4 -1 1 2 
7 2 -2 -6 -2 1 2 15 
-25 -8 -20 -2 -3 -3 -2 -43 
21 14 34 11 3 5 1 1 
-17 -15 -31 -2 2 -2 -1 -9 
-10 4 15 -2 -3 0 -1 -22 
13 -1 -3 -5 -4 -1 -1 13 
3 5 11 2 0 1 1 1 
-10 -1 13 12 2 0 -1 4 
-3 -3 -17 -16 -4 -4 -5 -9 
3 -8 -15 5 -6 -5 -3 15 
-18 -4 -5 -12 0 -1 1 -2 
12 1 -12 -3 0 1 0 7 
-6 -3 11 3 0 -2 -3 -14 
3 11 5 2 -1 0 -1 2 
-15 -6 -7 6 1 1 2 9 
8 3 6 1 1 -1 0 1 
15 2 -5 2 0 -1 -1 11 
61 6 -9 -8 1 -2 0 19 
-37 -14 -6 0 -4 -3 -7 -32 
-2 11 -9 -10 -6 -3 -4 0 
-6 -5 11 3 3 2 1 -9 
-7 -8 4 -1 -1 1 0 16 
3 2 -8 -2 -1 0 2 10 
10 2 22 4 3 -1 -3 -7 
1 2 -4 5 -2 -1 -3 1 
-5 -3 -12 -14 -5 -3 -3 -3 
5 3 4 0 -2 1 1 -4 
-17 -7 8 4 3 2 1 -3 
9 1 16 18 -1 -2 -1 7 
-8 -3 -5 -16 0 -1 -1 13 
-2 4 -4 -4 -7 -5 -7 -28 
9 7 -14 -5 0 -2 -3 5 
-6 8 11 1 -2 1 3 -2 
-10 19 -2 10 0 0 -1 3 
8 -4 -9 -1 -2 -1 1 9 
0 -21 5 -4 -3 -3 -4 -8 
-4 -7 -6 -1 -1 0 1 -7 
-11 -10 23 0 -4 -5 -6 -5 
0 -4 -36 -11 -2 -3 -1 5 
-3 -8 7 1 -2 2 2 -1 
3 5 -6 -8 -2 -3 -3 -3 
-7 -15 1 1 -2 0 -2 -4 
3 -8 4 1 -1 0 -1 17 
-17 9 0 -1 -4 -4 -1 -8 
10 -20 -3 -6 1 -1 -3 2 
-17 -1 -17 -4 -1 -1 0 -10 
37 -1 25 18 6 0 1 37 
-35 14 -8 -15 -4 0 -2 -29 
-20 -10 -17 -10 -9 -5 -5 -9 
-7 2 1 2 -1 -2 -1 -17 
-5 1 -1 0 1 -2 -3 2 
33 6 21 8 2 0 1 25 
4 -6 -15 -1 -1 -1 -1 -7 
-6 6 -1 -2 -1 0 -2 0 
-11 7 10 2 0 0 0 -11 
6 -7 0 1 -2 -2 -2 -2 
-5 5 2 -4 -2 0 0 -6 
4 -4 -13 0 -2 -1 0 7 
-11 -1 10 3 2 3 1 -9 
14 -7 -7 1 1 -2 -3 -2 
2 8 10 -3 -1 -1 0 13 
2 -7 -4 -2 -2 -1 -1 1 
-16 1 2 -2 -1 -1 -1 -12 
1 -20 -4 -1 -6 0 0 7 
-2 -9 14 -1 -4 0 0 -2 
-2 -1 -3 -1 1 1 1 -10 
6 6 -9 -4 -3 -3 -5 4 
9 0 0 -1 1 1 2 13 
2 1 1 0 1 -1 0 -10 
-8 -5 7 0 -1 -2 -1 -4 
3 -1 3 -2 -3 0 0 -4 
-4 0 -12 -3 -1 -3 -4 -7 
-10 -10 2 -1 1 0 0 1 
4 -1 -3 0 0 0 -2 2 
2 5 -13 -3 -1 -1 -2 -6 
-1 4 2 3 0 1 0 -1 
-8 28 11 2 2 0 -1 -3 
-1 -7 -6 -3 -5 -2 0 5 
-1 -17 -3 -4 0 -3 -2 -8 
-3 -3 2 -2 -1 -3 -3 -1 
3 -5 -11 -5 1 -1 0 8 
2 7 -1 0 -1 -1 0 -10 
-6 9 4 -4 -2 -1 -1 -2 
14 -6 -15 0 -3 -4 -5 4 
-2 -1 0 5 4 0 2 2 
-1 2 -2 -4 0 -4 -1 -2 
-4 -10 2 -2 -2 -3 -1 3 
-6 9 2 -1 1 1 1 0 
57 2 -2 -2 -3 0 1 25 
-56 -14 -17 -2 -3 -3 -7 -57 
0 3 2 4 -1 -1 -1 3 
-6 3 1 -3 -2 -1 1 7 
13 -1 -5 -2 -4 -1 -2 12 
15 1 0 0 -2 -1 0 -11 
-2 -7 5 2 0 -1 1 0 
-22 0 -4 -5 -5 -6 -5 -12 
-4 14 -21 -3 2 1 -1 -10 
7 18 18 -1 -3 -1 -1 17 
-13 -3 2 1 -2 0 -3 -16 
18 4 4 -1 -1 -1 -1 26 
-21 -12 -3 0 -1 -2 -3 -15 
8 -4 1 3 2 0 0 12 
0 0 0 1 0 1 1 -8 
1 8 -6 -1 0 -1 -4 -14 
-14 -2 -1 -6 -4 -3 -4 -8 
-5 -10 1 5 5 3 0 6 
6 -13 -8 -7 -2 -2 -2 2 
1 -7 -9 -3 -4 -1 0 -6 
-8 3 4 2 -5 -3 -3 6 
0 -3 2 -4 -4 -3 -2 -14 
-1 2 -10 -3 -1 -1 -2 -3 
-12 -10 9 3 4 4 2 -7 
-6 -12 -21 -6 -3 -5 -6 -10 
5 -2 -10 -2 -2 0 2 21 
65 6 -6 -3 -3 -3 0 18 
-54 -14 -8 -4 -5 -4 -1 -13 
-1 11 16 4 2 2 -4 -45 
-1 -9 -8 -1 0 -1 1 2 
-6 2 -5 -4 -5 -5 -5 -5 
18 13 -16 -4 -2 0 2 8 
-7 -9 7 -1 -2 -2 0 6 
12 -4 -4 -4 -5 -3 -5 4 
-1 3 10 2 0 1 2 16 
-6 -7 0 0 -2 -1 -4 -39 
-4 0 18 1 0 0 -2 20 
-10 -4 -4 -6 -4 -3 -2 -2 
-21 -6 -3 0 2 -2 1 -2 
9 -1 9 2 0 -2 0 11 
7 -4 -16 -5 -3 -1 -1 -3 
59 8 14 2 -1 -1 0 15 
-43 -6 0 1 1 -1 0 -6 
-1 7 7 -1 -1 -1 -3 -4 
-7 -18 -21 -3 -1 0 3 -3 
4 -7 -7 -4 -1 -2 -2 5 
-4 -3 0 -1 -3 -2 -4 -11 
12 -1 1 -1 0 -2 -2 1 
-3 6 2 0 -1 -3 -1 4 
-13 -21 -1 1 2 2 1 -1 
5 2 -7 -4 -1 0 0 1 
-1 -9 -3 -3 -2 -1 -1 8 
-2 6 -1 -3 -2 -2 -4 -23 
-16 1 -4 0 -1 -2 -3 -8 
0 16 8 0 -2 0 -3 -7 
12 7 7 2 -1 0 -1 9 
13 -12 1 0 2 1 3 26 
-48 0 -5 -3 -2 -3 -5 -61 
6 -1 2 0 1 -2 -3 -1 
-1 2 -2 2 3 2 4 7 
53 6 -8 -3 1 0 1 12 
-15 9 8 2 -3 -2 0 5 
3 -1 3 3 1 0 0 1 
-17 -10 -6 -1 -2 -2 -2 -14 
1 -1 10 0 -2 -5 -3 -1 
19 0 3 1 2 0 1 15 
-12 -13 -4 -3 0 -1 2 -1 
11 -1 1 0 -3 -4 -4 -1 
-23 6 -5 -3 -3 -3 -1 -6 
2 7 -15 -3 -1 -2 -1 3 
-2 5 5 -2 -3 -1 -2 -6 
-11 3 5 0 1 2 0 -1 
-10 -11 -14 -3 -4 -2 -3 5 
-1 -4 4 -1 -1 0 -1 7 
3 -1 -3 -3 -1 -1 1 1 
3 -2 -3 0 0 -1 0 4 
-12 8 3 -4 -1 0 1 -6 
21 2 -9 -1 -2 -2 -2 17 
-3 -1 -4 -1 -1 0 -2 -6 
4 -3 -4 -3 0 1 -2 2 
10 6 16 4 1 0 0 -4 
-52 9 -5 -2 -1 -1 0 -4 
-10 -11 2 -3 -4 -2 0 10 
10 3 3 0 0 -1 -4 -17 
-37 -10 -7 -3 -4 -3 -7 -33 
13 3 3 -3 -2 -1 0 7 
2 2 2 0 0 -1 -1 -2 
-3 -5 -12 -1 -1 -1 2 4 
10 1 11 2 1 -1 -2 24 
0 -10 -6 1 0 2 0 -13 
-6 -5 -16 -9 -7 -4 -6 -4 
3 -7 -12 -1 -2 -1 1 6 
0 5 -6 -2 0 -2 -2 -5 
10 -2 6 -4 -2 -2 -1 0 
0 -6 3 4 4 3 2 4 
-2 -11 3 -1 -2 -3 -1 -5 
-5 -10 -17 -2 -2 -1 -1 -2 
10 46 10 -3 -1 0 0 4 
-4 -17 2 2 2 3 3 -6 
-3 3 4 -1 -1 0 -2 -1 
-5 -4 0 0 -1 -1 0 0 
6 -10 -3 2 1 -1 0 2 
45 11 13 1 -3 -2 -3 12 
-36 1 3 -1 0 0 -1 -9 
-2 -6 -6 -4 -3 -2 -5 -23 
2 -3 -8 -1 -3 -3 -2 -1 
1 3 -9 -5 -3 -2 -2 -7 
7 -3 -1 -2 1 -1 -2 15 
0 1 11 3 0 1 3 8 
37 1 2 3 0 1 0 14 
-61 -6 -7 -2 -3 -4 -6 -47 
19 -8 -8 -4 -1 -3 -5 -4 
-14 7 -13 -2 -2 -3 0 -1 
12 0 7 2 -2 -3 -1 9 
7 3 2 -4 -4 -1 2 14 
0 4 5 0 -2 0 0 -3 
0 8 12 3 2 -2 -1 2 
-13 -7 -2 -1 2 1 1 -9 
-3 -9 -3 -4 -3 -3 -2 1 
-8 2 -3 -5 -2 -1 -2 -5 
0 0 1 -2 -5 0 0 7 
-11 -3 6 2 -4 0 -2 0 
