#EMG
#5
#ID:5-52
6 1 7 2 0 -1 2 17 
-8 1 7 0 1 -3 -3 -14 
8 -5 -3 -2 -2 -2 -2 3 
1 -2 6 9 -1 -2 -1 5 
33 2 1 -13 -2 1 -1 0 
-32 -9 -22 -8 -4 -4 -6 -24 
-3 -5 8 2 -1 2 -2 -2 
4 8 -6 0 -1 -2 -2 -6 
-1 0 -2 4 3 1 3 4 
13 23 11 -1 1 1 2 29 
0 7 22 3 2 0 0 -44 
-13 0 -12 -7 -1 0 0 1 
-4 -4 -10 8 -1 -2 -5 -8 
5 -4 -4 -13 -2 -1 -2 1 
4 16 -3 -1 -2 -2 -1 8 
3 -1 3 -1 -2 0 -1 5 
-13 -13 -5 2 3 -3 -3 -13 
-1 -4 15 8 1 -1 0 3 
4 -7 -36 -13 -7 -3 -2 11 
-7 -4 -14 -10 -3 -3 -2 -17 
12 2 3 -1 -2 -1 -2 2 
-39 -7 11 1 -4 -1 0 3 
9 0 -1 1 -1 -2 -2 17 
-7 -2 10 2 0 0 1 -16 
-1 1 -3 -1 0 0 -2 2 
2 -1 -12 1 2 1 0 -2 
23 -6 5 -3 -3 -1 0 8 
-19 -4 3 -1 -2 -4 -3 9 
-8 6 7 -1 -2 -2 -2 -31 
15 4 5 1 0 0 1 4 
-5 -4 4 3 2 2 -1 -4 
5 0 15 3 1 0 0 6 
-4 -15 -29 -11 -7 -4 -4 14 
0 -3 -1 8 -1 -1 -2 -10 
-4 -30 -16 -13 1 1 0 -3 
12 3 -18 -2 0 -1 -1 12 
-18 2 14 3 -1 0 2 -7 
5 1 -8 -5 -5 -3 -3 5 
-8 6 -10 3 2 -2 -2 -4 
28 -19 8 0 2 3 5 7 
-14 -6 10 0 -1 -1 0 20 
0 -4 -19 -3 1 -1 1 -23 
-10 1 15 1 -1 -3 -5 -12 
-1 20 4 2 -1 0 -1 2 
6 0 13 -4 -3 -3 -1 7 
-1 -14 -2 -1 0 0 1 2 
2 7 -20 -8 -4 -3 -1 9 
-7 2 11 11 2 0 -2 -8 
8 8 0 -12 0 0 2 12 
-10 -1 -15 -2 -1 -3 -5 -26 
-2 0 13 5 1 0 2 6 
-12 -3 -3 2 0 -4 -3 -3 
0 3 -9 -4 -5 -4 -3 -9 
3 2 4 0 1 0 1 7 
3 8 -9 4 -1 -3 -2 4 
-20 -4 2 -4 -1 0 1 -6 
6 -29 -1 4 3 -2 -2 2 
-8 -20 -20 -9 -5 -2 -1 6 
-12 -8 -11 -4 -4 -3 -4 -23 
0 -3 -8 -4 -5 -3 -3 9 
-18 -6 -10 0 -3 -3 -5 -22 
1 -3 15 1 -1 2 -2 10 
1 3 3 3 2 3 2 1 
1 -12 -3 -3 -2 -2 -1 -3 
24 16 -10 -3 0 0 4 28 
-8 1 14 1 -1 -4 -8 -36 
-14 0 -19 -9 -7 -5 -3 -4 
7 8 9 -2 0 -1 -2 -5 
-5 -4 -3 2 -3 -3 1 -6 
9 14 9 2 1 3 2 9 
9 -1 1 -3 -3 -3 -10 4 
-7 0 -4 -2 -2 0 2 -5 
-1 2 6 4 1 1 0 -5 
-1 6 -7 -4 -3 -4 -8 3 
-5 -5 2 -1 -3 -1 3 -3 
0 4 6 0 -1 -2 -5 9 
-6 1 -4 -6 -4 -1 0 -12 
5 -3 -1 0 0 0 2 5 
7 -1 -13 2 2 3 5 -1 
-6 2 18 -3 -1 0 1 0 
2 4 -7 2 3 0 -4 -4 
-6 -31 8 1 0 -2 -1 2 
5 53 26 -5 -2 1 6 3 
-4 -8 -42 6 -2 -4 -16 0 
-1 -6 -4 1 7 5 16 -7 
-5 -7 18 -2 -2 -3 -11 0 
4 -7 39 10 4 -2 -17 -15 
-4 10 -3 -2 -3 4 19 -1 
-4 8 9 15 -1 -4 -5 8 
-3 -4 -25 -18 -4 -1 3 -1 
5 -24 -26 -10 -4 -5 0 23 
-5 12 12 6 2 -2 -35 -59 
-2 -10 -14 -4 0 -1 25 24 
-11 7 24 2 -4 -3 7 -29 
-8 -18 -48 -8 -5 -4 -4 15 
15 -3 23 3 6 3 6 -2 
-12 4 -7 -3 -4 -1 -15 -3 
-3 11 -2 8 4 2 2 14 
1 -6 -3 1 1 4 10 -25 
-16 -13 -25 -5 -8 -10 14 -20 
2 12 24 -6 0 1 -12 30 
-6 -3 -30 -16 -3 -2 -3 -27 
-5 -1 31 8 -1 -1 -11 -18 
6 -1 -8 -8 -1 1 11 35 
-7 7 37 15 5 1 -9 -5 
-3 4 -11 11 4 1 20 12 
6 3 0 -7 -2 -1 -17 20 
-5 -28 -43 -20 -12 -8 -21 -33 
7 3 -1 -16 -10 -4 3 -14 
-11 -1 16 11 3 5 -4 -2 
4 8 20 10 4 4 19 -23 
14 8 20 1 0 -6 -13 23 
7 -2 -26 -3 -9 -7 -15 -9 
1 38 8 -4 -5 -2 5 9 
-20 -24 11 11 5 2 19 8 
4 -5 22 -4 0 2 5 16 
-23 -2 5 -8 -5 -4 -6 -63 
23 -8 -10 -3 -3 -3 -4 15 
1 44 78 16 5 -3 -13 3 
-12 -24 -68 -11 -4 1 -14 -12 
10 -8 23 9 3 2 7 45 
-10 -21 -44 -15 -1 3 6 3 
2 16 2 1 -4 -9 -14 -9 
-2 1 20 6 2 2 3 30 
4 -4 4 -5 -1 -2 -3 -8 
-5 -1 -19 -11 -6 -1 -4 11 
0 -8 -29 -8 -3 -1 -1 -6 
0 6 16 6 2 4 12 18 
-3 -13 18 3 1 1 -2 -13 
9 19 14 -1 -3 -4 -13 -1 
-1 -21 -33 -12 -7 -5 -3 5 
8 12 -6 6 0 2 3 2 
-10 -22 0 1 3 -2 1 3 
8 1 17 4 2 0 1 -9 
-11 -7 -19 2 -6 1 3 12 
5 7 -8 -18 -5 -2 13 -19 
-26 7 -6 -1 -1 -4 -4 -1 
-5 25 9 -4 -1 0 -1 0 
22 -3 -15 1 -1 0 2 42 
-24 -12 8 7 1 -3 -10 -50 
22 -9 -35 -15 -9 -3 -6 -12 
-11 -5 14 8 0 -1 12 -9 
-5 -7 1 -5 0 -1 2 13 
-3 15 26 11 2 -2 -4 -14 
-6 0 -19 -8 -5 -2 3 23 
16 -10 -1 6 0 -4 -18 -4 
-12 -4 -19 -19 -4 0 2 -30 
13 5 12 0 -3 -2 8 27 
-10 1 3 2 1 -3 -18 -18 
11 -9 6 3 0 -1 7 6 
4 -1 -2 -1 0 -1 -6 4 
11 1 14 2 -2 0 1 11 
2 -6 -18 4 1 3 4 -12 
-5 -9 -24 -10 1 -3 -15 1 
-11 -11 -7 -5 -3 -3 0 -25 
-2 -2 -14 -1 2 3 2 -2 
3 5 -2 1 -2 -2 -3 1 
-4 -7 2 0 -5 -4 -3 -15 
0 -7 -19 -1 -2 -2 -2 -6 
-24 -10 -7 -3 -2 -5 -8 -9 
9 3 -15 -9 -5 0 5 2 
-11 -3 2 5 2 -2 -11 -5 
-3 0 15 -1 0 2 6 8 
-10 -3 -8 -4 -3 -3 24 6 
9 5 9 -2 -2 -2 1 -12 
10 -5 1 5 1 -2 -9 2 
-21 0 -36 -8 -6 -8 -7 -11 
2 -1 -14 0 -3 -1 -11 -13 
6 15 10 2 0 1 1 13 
-9 10 -9 -8 -5 3 11 -2 
-1 -13 -15 5 0 1 13 17 
3 11 16 -6 1 -3 -7 -8 
-4 2 13 -4 0 -2 -10 5 
-13 -25 -16 -5 -9 -8 5 2 
11 -1 2 -3 -3 2 -4 -10 
0 2 12 7 5 2 2 8 
6 39 64 21 9 5 10 23 
12 -9 -27 -23 -8 -5 -8 11 
-14 -29 -53 -5 -8 -3 -9 -22 
3 -32 0 -11 -3 0 2 13 
-7 -15 -7 -9 2 1 -10 -8 
-6 6 41 16 1 0 -2 -18 
4 21 27 14 7 3 3 0 
2 3 -23 4 3 -3 -9 -5 
-6 -3 5 -1 -1 -2 2 18 
20 -32 1 -8 -3 -3 -5 27 
-15 21 19 16 5 1 0 -25 
13 9 5 -14 -6 -6 -16 13 
-9 -10 4 8 -3 -3 -1 -23 
4 3 -19 8 10 9 20 1 
11 -13 1 -33 -14 -12 -15 9 
-22 -7 16 10 1 8 17 15 
4 14 -21 -6 -2 -6 -9 -3 
2 25 27 10 0 -1 -2 -3 
6 2 -20 3 0 -2 0 7 
-5 3 21 -2 2 2 -2 -21 
2 -18 -38 -1 -3 -2 -8 0 
-3 -5 2 2 3 1 0 -1 
-9 5 -25 -14 -6 1 -3 -5 
8 3 -26 -3 -6 -8 -5 14 
-5 3 9 9 -3 -1 2 -20 
-2 6 19 -3 3 5 2 3 
2 -16 -12 -10 -3 -2 -3 1 
-5 -4 -14 5 -1 -1 -4 -7 
9 -12 -7 -7 -2 -2 5 2 
-8 -6 -35 -3 -5 -3 -3 -1 
-1 -2 35 4 0 -1 -1 8 
12 -14 -21 1 -1 -1 0 -6 
-6 2 -26 -4 -1 -2 -2 -4 
-4 -7 5 -3 0 0 -4 0 
0 2 -9 0 -2 -5 -5 -4 
0 17 9 7 5 0 5 4 
-15 -15 33 -5 -7 0 3 2 
-6 9 -57 -16 -7 -5 -6 -8 
0 -23 23 11 6 1 1 2 
-3 32 -25 -5 2 0 -6 -7 
0 -14 -43 -14 -1 1 1 -3 
-3 -9 24 9 2 -1 -2 -2 
6 -6 -13 -6 -10 -2 0 3 
-1 2 21 1 -2 1 -1 -5 
8 10 5 13 3 -1 3 3 
2 -3 -11 -11 0 -1 -2 1 
-13 -7 -44 -5 -1 1 0 -6 
3 -21 5 -4 -4 0 -1 -10 
0 13 12 1 1 1 5 4 
-5 14 45 16 4 -1 -7 23 
8 20 29 4 3 1 0 -34 
-40 -27 -52 -13 -7 -3 -9 -6 
9 -13 -6 -2 -2 -5 3 9 
3 6 -2 -4 -6 -5 -9 -5 
3 4 7 -2 2 3 8 18 
9 4 15 6 4 1 -14 -12 
-11 -2 0 -7 -4 -2 12 -1 
-9 -4 -4 10 -2 0 2 -15 
10 4 4 -14 -1 0 4 3 
7 10 34 -1 -4 -1 7 11 
2 -3 -12 -1 1 -3 -9 0 
-7 -1 13 7 -3 -2 4 5 
-5 -11 7 -1 1 0 -16 4 
11 0 -20 -6 -4 3 3 8 
-24 -4 -12 -8 -5 -9 1 -27 
12 1 17 8 4 11 20 -10 
8 0 31 5 -1 -12 -26 22 
-15 -4 -13 3 -2 1 27 -5 
-7 -4 -5 -19 -5 0 -7 -17 
21 3 20 5 7 8 -27 -2 
7 4 -14 -2 -5 -4 4 49 
32 2 9 0 2 -3 -6 34 
-15 13 -7 -4 1 -2 -44 -79 
-7 -14 -21 -8 -4 -8 -8 22 
-7 53 61 24 4 15 40 -3 
15 -23 -34 -14 -2 11 57 21 
-3 -4 15 3 -6 -15 -60 -20 
24 -12 -45 -22 -4 0 -15 19 
-15 -1 16 10 0 -7 -8 11 
-18 21 63 5 3 -4 -15 -8 
60 1 -31 11 4 0 19 62 
-21 -14 -7 -17 -5 3 20 -7 
-10 -6 20 32 1 -6 12 -15 
-5 14 -10 -37 -7 3 0 -11 
24 23 46 13 6 2 -7 19 
0 13 -11 0 -6 -19 -30 -33 
9 3 20 6 6 10 9 10 
-17 -15 -58 -11 -6 -11 -30 -21 
-29 9 -30 -13 -5 7 28 9 
-13 -4 -6 2 -3 -2 5 -12 
-7 0 2 -13 -4 0 -19 -37 
-3 0 10 12 2 -5 1 16 
0 -17 -8 -3 3 10 13 -2 
-8 -8 -19 -2 -4 -5 7 -8 
-10 -4 1 18 4 -4 -32 -13 
10 7 25 -15 -2 -6 -21 -6 
-3 -6 -11 -3 -2 5 18 32 
0 4 28 5 5 0 -1 -9 
-2 -16 -38 -11 -2 -4 11 6 
-7 -12 -15 6 -4 -4 -7 -11 
1 21 81 22 5 1 4 1 
-13 -1 -9 -10 -2 0 6 -8 
6 14 -29 -9 -3 -1 -6 -11 
-3 -11 -44 2 3 6 0 -5 
-3 -5 15 3 -1 -3 8 -4 
8 3 -40 -14 -7 -4 3 17 
-5 25 20 -18 -9 -5 -1 -9 
-8 27 19 7 0 0 1 -4 
12 -1 8 20 6 1 5 24 
1 -14 -49 -19 -7 -2 -6 -27 
-3 -6 -3 -15 -5 -1 -1 4 
-7 -10 -2 -7 -5 -4 -2 -10 
-7 -18 -27 -12 -7 -1 -3 6 
5 3 13 17 4 0 3 -5 
11 -15 -29 -7 -4 -2 3 22 
-17 -16 -1 3 -2 -4 -5 -30 
9 -6 8 3 1 0 9 3 
-14 15 23 13 5 4 2 -5 
-9 -26 -26 -16 -6 -8 -13 -15 
4 -13 1 4 -2 -1 9 17 
-2 2 -4 -6 -1 1 -1 -5 
2 10 6 0 -2 3 22 19 
0 -5 -3 2 4 -3 -28 -24 
-1 3 21 6 -1 -5 -14 -19 
-8 -5 -21 -11 -5 -3 12 43 
-11 0 22 4 1 2 8 -33 
6 -1 -14 -1 -3 -1 6 8 
-11 -8 -2 2 2 1 -6 -33 
-36 -5 -13 -4 -2 -3 -10 -16 
34 1 13 0 -1 -2 -7 11 
-6 2 -2 -7 -5 2 8 -13 
5 11 20 5 2 0 -5 12 
7 -13 -20 -7 -3 -2 -2 -6 
-16 -1 9 1 -3 -2 -6 -3 
1 -6 6 -2 0 -1 1 7 
2 10 25 6 0 1 7 -20 
2 -19 -52 -13 -2 -2 -6 -16 
-13 -3 -3 -14 -7 -6 -10 13 
15 17 1 1 -2 -2 12 -1 
21 29 -6 -3 -3 1 -1 15 
-9 8 19 13 7 0 0 -15 
-1 -4 1 3 -1 -3 -6 4 
-11 -2 0 6 3 5 9 16 
7 -16 -17 -18 -11 -8 -14 3 
-5 7 18 8 2 -1 4 -34 
10 -7 -34 -28 -7 -4 2 5 
-32 -9 11 4 0 0 -1 -3 
-6 0 7 9 1 3 4 9 
16 -8 -1 1 -3 -3 -5 13 
-6 0 4 9 5 0 -2 -14 
6 -1 -7 -9 -3 -1 0 -3 
1 -8 -20 0 -1 -2 -5 7 
-7 0 -2 -4 -1 1 -1 -5 
-15 7 23 14 6 2 3 10 
30 -8 3 0 0 -2 -5 -7 
10 1 6 2 5 1 3 26 
4 0 -3 -11 -10 -5 -8 -21 
-15 -9 4 15 4 0 4 5 
24 -3 -6 -5 1 -1 -1 -6 
-44 -5 5 -2 -1 -4 -3 0 
9 6 10 -1 -2 -3 -5 1 
-1 6 13 -2 -3 -1 -1 3 
-4 0 -9 2 -1 -2 1 -2 
15 -5 0 -1 -3 -3 0 22 
-12 -9 0 1 1 1 -6 -23 
-5 4 15 4 2 -1 -1 3 
8 -7 -35 -12 -7 -2 -5 6 
-11 -1 -7 -6 -2 1 3 -17 
-29 -5 -9 -3 -3 0 1 1 
20 -12 -4 0 -4 -8 -9 -4 
-24 2 11 1 3 3 2 -16 
50 6 -15 0 0 1 -1 21 
-37 -21 -12 -11 -11 -8 -12 -33 
-8 3 -3 1 2 2 3 5 
-20 -4 3 -3 -1 -2 -6 -12 
9 -3 6 2 1 0 0 0 
24 4 4 1 3 -1 3 35 
7 5 -8 -4 -2 2 6 27 
-19 -15 0 -1 -3 -4 -13 -32 
-39 -3 3 2 1 2 6 -26 
35 9 9 1 -1 -5 -16 27 
-8 1 -11 -6 -3 0 -2 -7 
-4 -6 -24 -7 -4 0 5 8 
-12 4 6 2 1 -3 -5 -12 
-1 -3 -4 -6 -3 1 4 7 
4 0 4 0 -2 -3 -2 1 
4 6 10 3 0 -3 0 1 
5 -4 -2 -2 -2 -3 -3 -12 
-9 -9 -7 -1 -1 2 9 11 
9 -6 -8 -7 -3 -3 -3 0 
-30 2 8 5 -3 -3 0 -6 
-6 -2 -6 -6 -1 0 -1 0 
-11 5 -1 -3 -3 0 -2 -6 
28 -4 1 -3 -2 -3 -2 -14 
-8 0 -4 -5 -2 -1 -1 -13 
9 8 20 7 1 0 0 10 
-3 1 11 5 5 3 4 -3 
0 -4 -18 -8 -4 -1 0 -4 
14 9 0 4 0 -2 2 9 
4 -10 9 1 -1 -1 -4 3 
6 2 -3 -2 -2 -2 0 -8 
-5 5 18 5 1 1 -4 3 
5 -4 -14 -3 -2 1 -1 1 
-14 -4 -5 0 -1 0 2 -8 
1 -1 -5 -2 -2 -1 -1 2 
-11 -8 -7 -4 -5 -2 -3 -4 
4 3 12 3 1 0 0 7 
5 -6 -8 -3 -1 -2 -2 -5 
-6 5 -5 -2 -2 -3 1 1 
5 2 0 -6 -4 -2 -4 -4 
3 -8 0 -3 1 0 1 5 
-2 2 0 -2 -3 -3 -3 3 
-1 4 7 1 0 0 0 -4 
-12 -10 -9 -3 -3 -1 -1 -1 
23 4 3 -1 -1 -1 0 3 
-7 7 -4 0 -1 0 -2 -3 
2 3 -6 -4 -3 -1 -3 -6 
23 3 -8 0 -1 0 1 -6 
-26 -6 -3 -4 -2 -1 -2 -2 
-13 -2 -5 -2 -3 -5 -2 7 
3 -8 -8 2 -1 -1 -4 -7 
-8 8 -9 -2 -1 0 1 -4 
0 -6 -4 -1 0 3 0 7 
7 -5 3 0 -1 0 -2 -2 
-8 -2 -2 -2 -2 -3 -4 -7 
-10 -5 1 -2 -4 -3 -4 4 
-4 -7 -1 -1 -2 2 2 0 
2 14 -7 0 0 -2 -2 -6 
8 -10 -3 -4 -1 0 2 2 
-7 4 18 13 3 -1 -1 1 
4 1 -2 -19 -7 -5 -3 -2 
3 -8 -13 -8 -4 -2 -2 0 
4 4 3 1 2 0 0 6 
-5 2 -5 -2 -2 -1 -6 -3 
8 3 10 8 0 -4 -5 3 
10 5 2 2 0 -1 1 4 
-10 0 -2 -5 -5 -1 -1 -10 
6 -4 3 -1 1 0 -1 3 
-29 -4 -1 5 2 1 0 -2 
-2 -4 -6 -4 -1 0 -1 -1 
-5 3 1 3 1 -1 -2 3 
4 10 15 -1 -1 -1 0 7 
-5 -6 -16 -3 0 -1 -2 -13 
3 8 3 -4 -4 -3 -1 0 
-13 5 8 2 -1 1 2 -1 
1 -13 3 -4 0 -2 0 2 
5 -2 6 1 -2 0 2 13 
2 -8 -2 3 3 1 -2 -12 
8 -4 -4 -4 -2 -4 -6 -4 
-10 -2 -7 -4 -2 -1 -1 -2 
55 2 5 1 -1 -1 1 3 
-2 -5 -16 -2 -2 0 1 28 
-19 2 -1 -3 -4 -2 -6 -52 
-11 -1 -9 -2 -1 -1 -3 -12 
-5 -11 5 2 2 2 3 11 
-6 -5 10 1 0 -2 -2 -7 
17 9 2 3 1 -1 0 17 
-7 -7 9 2 0 0 2 8 
-5 0 -34 -13 -7 -4 -7 -25 
-6 -5 6 -2 -2 0 2 1 
-6 -10 -6 -3 0 -1 -1 -6 
3 1 -2 -2 0 -2 -2 -4 
1 5 7 4 -1 0 2 12 
-6 -11 -6 0 1 0 -1 -11 
-4 -1 -2 0 0 -2 -1 3 
-4 1 -5 0 0 0 0 1 
-10 3 4 1 -1 -2 -4 -8 
-1 -1 1 -2 -1 -2 -1 -3 
12 -7 -14 -4 -2 -1 0 24 
1 0 -10 -6 -3 -2 -4 -6 
-6 3 -7 1 -1 -1 -2 -5 
2 4 4 0 -2 -3 0 -3 
5 36 21 1 -2 2 3 14 
-3 -5 -4 -1 -1 -2 -1 -6 
18 1 2 5 4 2 2 16 
-26 -13 4 -4 -5 -5 -5 0 
-27 -11 0 -3 -1 -4 -3 4 
-4 -4 -24 -7 -3 -3 -2 -1 
-3 3 8 0 0 1 2 -3 
8 -1 -1 0 0 2 1 0 
5 -9 3 3 2 3 1 -3 
-6 1 6 0 -1 -3 -3 -4 
-33 -18 12 -3 -2 -1 -1 -6 
15 6 -14 -7 -5 -2 -3 12 
0 -5 6 3 1 -1 0 -25 
0 -7 -5 -2 -1 -1 0 2 
-4 -6 -6 -2 -2 -3 -3 -11 
1 4 3 -1 -3 -3 -2 3 
5 -4 -2 -3 -2 -1 0 3 
-6 -10 -1 1 1 1 1 -1 
1 19 15 0 0 -3 -3 5 
-11 -17 -8 -1 -2 -1 -1 -9 
13 -6 -17 -3 -1 -4 -4 14 
2 11 9 0 -4 -2 -4 -13 
30 -1 -13 -4 -1 0 -1 14 
11 -1 12 4 2 2 -1 -7 
-2 -9 -11 -3 -4 -2 2 2 
-2 -17 -9 -3 -4 -2 -2 3 
2 3 5 4 4 2 1 0 
-29 3 -6 -1 -1 0 -3 -7 
9 2 -2 2 1 1 2 29 
2 -5 -8 -4 -3 -6 -7 -39 
-34 -6 -5 1 2 0 -3 -23 
5 -2 -3 -3 -2 -2 0 10 
-3 -6 -10 -7 -5 -4 -9 -39 
-4 5 9 3 1 1 2 17 
1 1 -13 -7 -6 -2 -2 1 
6 15 2 -1 1 -1 -1 -2 
-1 1 4 2 1 1 2 9 
1 6 -9 -5 -3 -2 1 1 
-6 -3 9 5 2 1 -1 -12 
-4 -2 3 0 -1 1 -2 0 
-9 -5 -6 1 -1 0 0 -5 
8 9 1 -3 -1 -1 0 -3 
-2 -3 -14 -2 -2 -3 -2 1 
-3 -9 -1 0 1 0 1 -4 
-2 -9 6 0 0 0 1 -5 
-9 -2 0 2 2 1 -1 -2 
-1 3 1 -3 -4 -4 -3 15 
1 1 7 2 -1 0 1 5 
53 2 -3 -2 -3 -2 -4 25 
-28 -8 -9 -2 0 -2 -5 -47 
4 -4 -2 -2 -2 -3 -1 5 
-7 -3 -6 -2 -2 -3 -3 -22 
-5 4 3 -1 -2 0 1 0 
12 5 6 0 -2 0 1 21 
3 6 7 0 -2 -2 -3 -6 
4 0 -12 -4 -3 -3 -3 -6 
-3 -13 -18 -4 -3 -3 -3 -5 
-6 -16 -11 -2 0 -1 1 6 
-6 -4 1 2 0 -1 -1 -7 
0 -12 13 -6 -2 0 1 10 
-4 5 15 -1 -1 0 -1 5 
6 -9 -7 -2 -3 0 0 6 
-11 -9 -1 0 0 1 1 -2 
12 -1 -5 0 -1 -5 -3 -1 
-13 -6 -3 3 3 -2 -1 -6 
-31 5 14 1 -1 -1 -3 -2 
2 0 1 -1 -2 -3 -1 -7 
-1 9 5 3 0 -1 1 2 
27 5 -21 -6 -2 -2 -2 5 
-21 2 5 -2 -4 -2 -1 4 
-3 -6 -11 -5 -3 -1 -3 -2 
-18 2 2 1 -1 -1 0 -13 
5 10 9 1 0 -2 0 3 
40 -5 1 0 0 0 -2 16 
5 5 -4 0 -1 1 -2 -6 
-3 -1 -14 -3 -3 -1 -2 0 
-30 -4 6 0 1 2 -2 -15 
19 5 -3 -2 -4 -2 -2 8 
-2 -3 -9 -3 -3 -1 -1 11 
23 3 -4 -3 -3 0 -1 15 
-13 -2 3 -1 2 -1 0 -13 
-7 7 0 1 2 -1 0 -11 
10 5 10 -3 -4 -3 -1 1 
-3 -5 -10 -1 -1 0 -2 0 
-10 -4 -1 0 0 0 0 3 
6 0 -2 -3 -2 -3 -3 3 
-9 -15 -26 -4 -3 -1 0 -6 
12 -2 -3 -3 -3 -3 -3 1 
-14 -10 6 -2 -3 0 0 1 
30 -3 2 -1 -2 -1 -2 -2 
-30 -6 -12 -1 -1 -2 -2 -12 
0 -9 -4 0 0 -1 0 -3 
9 6 -5 -2 -2 -2 -5 -8 
38 -4 -2 -1 0 -2 3 6 
-19 0 8 -2 -1 0 1 4 
-11 -5 5 -1 0 2 1 5 
-6 3 6 1 0 -1 0 -8 
-9 0 -5 -1 -2 -4 -4 -10 
15 15 4 1 1 0 2 0 
-12 -10 3 0 1 3 1 -7 
-4 -5 -9 -2 0 0 2 23 
-12 -3 -4 -3 -2 -3 -5 -20 
14 4 6 0 0 -3 -2 5 
-5 6 4 1 -2 -4 -4 -8 
0 0 -22 -2 0 -1 -1 -5 
-26 6 3 -2 1 2 -1 6 
7 -7 -1 -3 -1 -1 3 7 
11 -3 9 1 1 -1 -3 -6 
-7 -3 -1 -1 -2 -3 -1 -4 
6 1 6 4 1 -1 1 23 
0 -10 -11 -2 0 0 -3 -21 
-5 -2 -4 -1 1 -1 -3 -10 
2 0 2 -1 -1 -2 -4 -3 
23 -2 -6 1 0 2 1 11 
-19 4 5 -1 -3 0 0 6 
-3 -1 -1 -2 -6 -1 -2 2 
-2 3 4 0 -2 -1 -2 -9 
1 -2 4 3 3 1 3 1 
8 -2 -5 1 0 -1 -1 1 
-4 0 -2 0 0 0 0 -4 
-11 0 6 0 0 0 -2 -2 
-17 -1 -6 -3 -2 -2 0 -4 
9 2 5 -1 -3 -3 -2 2 
-4 -4 -4 -1 -1 -3 0 10 
8 2 5 1 -2 -2 -3 2 
-13 3 2 -2 -1 0 0 -20 
4 -8 1 1 0 -1 -4 -5 
8 23 2 -1 -1 -3 0 0 
-2 9 6 -1 1 0 0 8 
-3 -8 1 -2 -4 -2 -1 22 
-10 6 14 1 1 2 0 -32 
0 -4 2 0 -2 -2 -1 6 
-6 -2 -7 -3 -5 -3 -2 -9 
-6 -4 -2 0 -1 0 -1 2 
8 -6 2 2 0 0 3 12 
1 -6 -5 -1 -3 -2 -3 -3 
-5 3 3 -2 -4 -4 -3 -7 
-4 -3 -8 -1 -1 -1 -2 -7 
2 2 4 -2 -2 0 -3 5 
-12 -11 -17 -4 -2 -2 0 -9 
0 -7 -10 -2 -3 -2 0 1 
-11 7 -3 2 3 0 2 6 
14 2 -4 -4 -2 -4 -1 10 
2 6 -4 -5 -3 -3 -2 -5 
7 -6 1 0 0 3 -1 -1 
-12 -2 -2 -2 -2 -1 -1 -6 
-4 -6 -1 0 0 0 0 4 
-2 -15 -15 -5 -2 -3 -3 -4 
12 -5 -9 -2 0 -1 1 0 
-30 -17 -9 -1 -3 0 -1 8 
