#EMG
#3
#ID:3-62
4 2 -14 -7 -6 -2 -4 -20 
5 6 4 -2 0 0 -2 7 
-38 -2 -3 2 0 0 -1 -1 
-9 2 18 4 1 0 1 -2 
-9 -9 -9 -2 -1 -2 -4 -14 
-4 -1 -1 -1 -1 -2 0 -8 
7 1 -3 -4 -2 -2 0 -3 
15 -5 -2 1 0 -1 -4 6 
-4 1 6 0 0 -1 -1 -3 
1 -4 -13 -6 -6 -4 0 10 
9 -4 8 4 2 0 1 -30 
3 -8 -18 -6 -3 -2 0 7 
-9 -3 -1 -1 -3 -3 -3 -39 
-14 -3 -5 -1 -2 -2 -1 -5 
25 3 5 -1 -1 0 -3 28 
-13 -3 9 0 0 1 -1 -10 
-15 -7 -16 -6 -4 -4 -3 -4 
8 2 4 3 1 2 4 0 
-44 -1 -4 -2 -3 -3 -5 -18 
-1 6 14 4 -1 0 0 -9 
6 -2 -3 1 2 -1 0 19 
-4 3 7 -2 1 1 2 -7 
10 -7 -14 -3 0 -2 0 5 
-5 -1 -2 -2 -2 0 -1 5 
-9 -2 1 0 -4 -2 -3 -5 
-1 1 -1 -2 1 -2 -3 -2 
29 1 1 -1 0 -1 0 10 
-60 -1 1 -3 -2 -3 -3 -28 
3 5 5 1 0 -1 1 6 
25 -4 0 -4 -3 -3 -2 11 
3 0 -7 -1 -3 -3 2 -3 
8 2 2 -2 -2 -3 -7 -24 
1 1 1 -1 -1 0 -1 4 
-19 -5 -12 -8 -3 -4 -3 3 
6 -7 -9 -2 -2 2 1 8 
11 -2 -5 -1 0 -2 2 8 
14 -1 3 0 -2 -1 -4 -6 
0 1 -11 -3 0 -1 -1 -2 
10 6 8 -1 -1 -1 -2 -3 
24 2 -1 -2 -5 -1 0 14 
37 2 9 3 3 1 2 10 
-40 -7 -5 4 2 -2 -2 -10 
4 2 1 -1 -3 -5 -4 -2 
0 -5 -2 -3 -2 -2 0 3 
4 0 -12 -3 -2 0 0 5 
16 0 11 -1 -2 0 0 22 
5 3 -4 1 2 0 -1 -18 
12 -3 -6 -2 -3 -2 -5 -9 
-4 -1 4 -2 -4 -1 0 -3 
-1 -5 -13 -3 -4 -3 -4 -7 
-8 -11 2 1 1 1 0 8 
0 1 -3 -2 1 -1 -1 4 
-17 -5 -8 -5 -3 0 -2 -10 
5 -1 3 2 -4 -3 -3 7 
33 2 4 -1 -3 -3 0 44 
-36 0 1 1 1 0 -1 -35 
-40 -6 -4 0 2 3 6 18 
-14 0 0 0 0 -1 -1 -46 
-4 0 3 1 0 0 -2 2 
5 0 -6 -1 -3 -1 2 35 
-18 -1 -3 -3 -4 -4 -5 -26 
11 -8 2 -3 -4 -3 -2 5 
-20 -8 -23 -4 1 3 6 -9 
19 -2 5 -2 -1 -2 -3 1 
0 3 12 3 -2 -2 -1 1 
11 3 10 2 0 1 2 5 
-3 -3 10 4 3 -2 -7 -20 
-22 -6 1 0 -2 0 1 -12 
36 -4 -8 -4 -3 -2 0 36 
11 -1 -3 -2 -2 -1 -2 -25 
-14 5 7 -3 -4 -4 0 -8 
3 -1 -7 -3 -3 -4 -1 34 
-4 6 9 2 1 -3 -10 -37 
10 6 -2 -2 0 2 2 21 
33 -3 -7 -2 -2 1 -3 -21 
-11 -9 -1 -3 0 2 2 15 
0 7 8 -1 0 -2 1 0 
-12 -21 -27 -9 -5 -1 -3 -2 
3 -6 14 0 -2 -3 -2 4 
-1 1 -21 -5 -3 0 -1 2 
-19 -5 2 1 2 3 12 19 
14 7 -1 3 1 -2 -6 -3 
-6 -3 18 4 3 2 4 18 
5 0 -4 -3 -3 -3 -2 -10 
-2 12 12 2 2 -2 -3 1 
-15 4 -2 -2 -2 0 4 2 
3 -3 -20 -4 -4 -6 -12 -1 
17 19 -17 -4 -5 -3 -1 1 
-19 -9 -5 -3 -2 3 1 -33 
-51 29 45 13 7 0 3 -11 
-11 -17 1 -3 0 3 8 5 
-12 -8 7 3 -2 -1 3 -17 
24 -16 -26 -12 -8 -10 -15 15 
23 45 35 2 -2 -4 1 14 
-10 35 -27 3 3 0 0 -26 
-27 -44 24 -2 1 7 11 -21 
-5 -7 -16 -5 0 3 8 -7 
11 -31 -14 7 0 0 14 25 
-7 4 10 -15 -5 -6 -8 -13 
14 7 -8 -3 -4 -5 -1 -22 
2 -2 2 4 4 0 -4 27 
9 -32 -22 -5 -3 -3 -5 -30 
-16 10 1 -1 -3 -1 -2 -4 
10 9 -11 4 3 3 1 -1 
42 -16 -15 -4 -4 -2 -1 10 
-47 -4 6 -7 3 3 -2 -25 
7 54 32 7 -3 -6 -10 -4 
-13 -8 -51 1 5 2 -3 -2 
-12 12 -5 -10 -4 0 2 -3 
23 -12 -13 -8 -6 -1 -7 24 
-11 -49 -22 -9 -7 -1 -2 -29 
14 19 69 13 1 -2 -2 16 
-5 12 -22 12 7 1 2 -4 
-7 -16 -2 -3 -9 -2 2 -9 
-1 -27 1 2 -2 -4 -2 8 
6 48 -27 -20 0 1 1 6 
-10 -19 29 17 3 -4 -7 -7 
6 -3 -22 -2 14 5 -2 3 
5 -81 -53 18 -10 -4 2 5 
3 42 -21 -12 -8 -6 -7 -5 
-14 -1 -5 -15 -8 -4 -5 -8 
-2 10 24 2 -11 -5 -1 11 
11 -34 -10 9 11 2 -2 -27 
-2 -61 -31 -20 -7 -5 -4 0 
23 -5 47 21 4 5 7 36 
-30 -16 -14 -8 -5 -5 -13 -31 
-3 -8 -16 -26 -7 -5 1 24 
-17 -12 -11 8 0 -5 -8 -16 
24 26 -11 -8 -5 -4 -7 4 
6 -21 1 1 1 -2 -4 17 
3 23 8 2 4 6 10 23 
-12 2 17 -1 -3 -3 -6 -4 
-17 1 0 5 3 2 8 -5 
2 -4 -14 0 -1 -1 -4 -5 
-8 16 9 0 0 2 4 10 
27 -6 14 7 3 -1 -4 9 
-7 24 10 -15 -6 -5 -6 -18 
-7 -9 -16 0 0 1 2 -1 
-7 32 12 -9 -1 -4 -5 -10 
-13 -11 26 15 2 1 1 0 
-6 -13 -46 -18 -5 -1 -2 -10 
1 -4 -2 -3 -2 0 3 0 
0 10 42 12 1 2 2 0 
-9 -17 3 -1 0 -1 -1 -2 
-10 13 8 4 0 0 1 -13 
0 8 -3 -8 -8 -4 0 3 
0 -9 -9 -4 -1 0 -1 -1 
-2 -9 16 1 0 -2 -1 4 
-22 -8 10 6 2 0 -2 -22 
19 -9 -1 -6 -2 -4 -7 7 
13 30 4 1 1 3 -2 17 
8 -2 10 3 3 6 8 -12 
-34 -25 2 11 -1 -2 -2 -6 
44 21 -10 -4 3 0 3 11 
-28 -7 -6 -9 -7 -4 -10 -2 
-18 6 -5 -3 -2 -5 -11 -35 
15 5 -5 -8 -3 -2 7 7 
-2 6 -8 9 3 4 3 5 
12 -3 2 -4 -3 -5 3 -15 
3 8 -4 2 1 -2 -11 49 
49 -14 -29 -15 -7 -7 -14 -10 
-31 3 8 -1 -3 0 9 3 
-13 -6 -7 -2 -1 -2 -13 -3 
-41 -1 1 8 -1 -4 4 -26 
53 5 10 -7 2 3 14 41 
-8 -11 3 -1 -2 -5 -10 10 
-3 -9 -28 -7 -2 3 13 4 
24 -16 -13 -7 -6 -7 4 -5 
-1 1 11 3 1 4 -6 15 
-34 -3 5 2 -1 -7 -11 -25 
-19 6 37 13 5 4 7 8 
5 1 -9 -12 -3 0 -2 -3 
-8 -16 -27 -3 -3 0 8 9 
25 3 -41 -16 -6 -2 -1 12 
0 -1 11 3 -2 -2 -8 -2 
-4 1 3 2 2 2 2 4 
-8 10 10 7 3 0 -5 -24 
-7 -9 11 13 5 5 10 8 
13 -8 1 -11 -5 -7 -7 -1 
21 54 29 6 2 3 2 8 
-28 2 -35 -6 -1 -2 -4 -7 
3 -9 34 10 2 3 -2 -6 
0 1 -33 -11 -3 -3 -8 -4 
-2 13 13 8 2 2 3 -2 
-14 -1 -9 -16 -5 -1 -6 -8 
10 10 10 1 2 1 1 2 
4 -4 0 5 3 2 4 -4 
2 -2 74 11 3 -2 -3 0 
-16 9 -19 -6 -5 -6 -6 -3 
1 -10 -11 -8 -4 0 -1 -8 
18 14 -12 -6 -3 -2 -2 5 
-17 -29 -8 -8 -11 -3 -3 0 
-7 0 41 12 2 2 5 -3 
6 11 3 2 2 -1 -5 -3 
-4 7 -18 -15 -11 -5 -1 -6 
3 -26 -71 -6 7 1 1 0 
-3 3 -5 1 0 0 -3 -8 
-12 -10 32 13 -5 -5 -5 6 
1 -9 16 3 8 4 3 -8 
0 2 -34 -21 -9 -2 -5 -2 
-5 -5 19 7 4 5 3 0 
7 8 11 0 2 -6 -8 -3 
-1 9 -6 5 -4 0 2 5 
-10 -32 -40 -3 -2 -3 0 -3 
0 -14 13 2 2 -1 -2 -3 
-2 12 -31 -10 -7 1 0 -1 
2 -2 19 15 5 2 -4 -5 
0 5 -35 -31 -9 -3 -2 -2 
-13 -7 35 12 1 -2 2 -6 
18 26 -31 -10 -5 -6 -2 35 
4 13 3 -3 -4 -6 -6 -25 
0 -3 28 13 6 1 -2 -2 
-20 -10 -1 -4 -1 2 3 10 
-9 -14 4 -1 1 -2 0 -8 
6 -5 -2 -2 0 0 0 -9 
-9 8 26 4 -3 -5 -8 3 
21 -5 -30 -2 -2 -2 -4 11 
-12 -26 -7 -15 -4 2 3 -27 
-7 -7 -9 -5 -3 -5 -4 8 
2 -4 13 6 2 2 5 -8 
7 -2 20 2 -1 -6 -15 -4 
-8 -10 -22 -1 0 -4 -4 -6 
-7 1 3 -2 -2 1 5 -13 
-1 15 10 -2 0 -1 3 -18 
-8 20 -4 5 0 1 0 -3 
-13 -22 20 3 -1 1 3 -3 
13 4 -12 -4 2 -1 -8 -3 
2 -14 1 2 -1 1 2 12 
6 -4 -43 -8 -5 -6 1 -30 
-7 12 30 4 2 -2 -3 -41 
-4 -35 11 12 3 2 -3 21 
-8 2 8 -11 3 3 8 16 
22 -21 -3 -11 -4 -6 -5 39 
56 12 -6 3 -1 0 4 -12 
-42 1 10 4 1 1 13 -14 
19 -2 -41 -2 -8 -8 -64 7 
-3 -2 -4 -6 -3 -2 13 18 
2 4 4 -8 -4 3 39 30 
-24 14 30 1 2 -6 -14 1 
62 10 -1 4 -3 -7 -39 -14 
-35 23 32 0 4 15 46 39 
9 21 71 39 15 -4 -29 5 
-25 -2 -79 -40 -15 0 39 20 
-13 -2 -20 -26 -11 -10 6 -5 
52 -24 3 13 2 -3 -26 -24 
-65 28 -15 -18 -3 -2 -6 -1 
19 -8 21 21 6 8 1 7 
-27 1 -4 -4 -2 -6 35 30 
-3 -9 -29 -10 -10 -13 -30 -26 
7 -23 -6 10 6 3 -3 -11 
28 33 13 -5 -2 -6 -9 -15 
-32 -9 21 38 12 13 -6 15 
-17 -4 -47 -44 -8 -7 19 -9 
-1 -4 1 -2 -9 -4 -11 -8 
3 -23 -34 5 3 4 -2 1 
0 69 46 2 -1 3 15 2 
-34 18 57 25 12 8 1 -4 
2 -16 -50 -11 -4 -3 -15 -1 
-3 -2 11 -15 -6 -5 0 0 
1 -21 0 9 0 -3 7 -31 
15 -16 -26 -15 -9 -4 -14 -7 
-3 4 -5 -3 2 -1 9 3 
-3 -11 -15 0 -7 -5 -10 0 
-6 -20 3 1 1 -2 4 -7 
-4 8 -12 -6 -3 -3 -7 -6 
4 7 38 12 6 1 -1 2 
6 7 1 -10 0 -1 -6 3 
-5 -27 -48 -2 -2 -3 -5 -10 
-1 27 -2 9 6 4 3 5 
-24 9 10 -5 -14 -11 -7 -15 
3 -34 -69 -26 -6 -3 -8 -9 
4 25 20 -12 -3 0 10 7 
31 17 65 46 21 11 10 11 
-5 -36 -102 -60 -24 -10 -10 3 
6 4 25 13 -7 -4 -3 4 
-5 -15 0 2 4 0 -3 -22 
-1 16 38 20 4 2 3 -22 
-12 15 27 15 8 2 -1 -6 
-5 -39 -30 -5 2 -2 0 26 
17 -2 1 -2 1 0 2 -23 
-59 -8 -4 3 2 0 -3 8 
29 -3 -11 -7 -3 1 3 3 
-44 4 13 1 -2 -3 -6 -33 
-1 0 21 8 1 1 6 0 
-7 -6 -39 -13 -10 -8 -11 -2 
18 -8 -3 -5 0 1 2 17 
4 9 27 14 4 3 1 -16 
-6 1 -14 -2 -3 1 8 10 
1 9 -5 -12 -8 -6 -17 -27 
-8 -8 5 7 3 2 5 -5 
23 20 31 12 5 2 3 21 
-26 -12 -17 -3 -1 0 1 -5 
13 -29 -16 -12 -9 -9 -5 -1 
3 9 8 5 -1 -2 -4 -20 
10 12 9 -1 2 1 -2 -1 
-46 -7 -12 -5 -4 -2 -3 -4 
-28 -22 -9 -7 -4 -1 -1 -5 
-7 -5 -3 2 2 3 0 -2 
-7 -1 -1 -3 -4 -5 -1 -9 
23 10 -10 -3 -1 -2 -7 6 
15 -3 10 1 3 1 -3 4 
-7 -5 -2 1 -1 2 4 6 
11 -3 -6 3 0 2 -1 6 
24 -28 -9 -8 -5 -1 0 12 
-3 15 -1 -5 -5 -5 -5 -6 
3 -8 0 -2 0 1 2 10 
6 12 12 4 2 -4 -2 3 
-3 -5 12 -1 0 0 -3 -5 
-9 -17 -19 -8 -6 -2 0 -1 
-16 7 1 0 -2 0 1 11 
10 -1 -5 1 0 -1 -5 -37 
-5 6 4 0 -1 -3 -3 1 
8 1 8 2 1 1 5 11 
2 -2 4 2 0 0 -3 -5 
9 5 3 -5 -2 1 -1 19 
4 1 -6 -3 -2 -2 -1 0 
1 3 5 4 0 1 0 -7 
-5 -1 9 4 1 -2 -1 -3 
-12 -3 -16 -8 -4 0 -1 3 
5 1 4 0 -2 -2 -1 1 
0 -2 -16 -2 -1 2 3 2 
1 0 -2 3 2 -2 -2 -1 
0 -18 -4 -2 -1 -2 0 6 
30 8 8 4 -2 -2 -2 4 
-9 -11 -6 -5 0 0 0 -10 
13 2 -3 -3 -1 0 3 21 
-12 -3 -16 -3 -5 -6 -7 -30 
5 9 9 2 4 2 -3 -6 
3 -1 9 4 -3 -3 0 1 
-5 7 -15 -4 -3 1 -2 -10 
9 6 9 5 6 4 7 33 
-31 -5 -5 1 0 -2 -4 -33 
-3 -6 -26 -11 -5 -4 -6 -15 
0 -1 3 -3 -2 -4 -3 3 
5 7 12 4 -2 -2 -2 -1 
-3 -4 -9 -3 0 3 1 7 
3 39 14 -2 -2 1 0 7 
-8 0 -8 -2 2 1 0 -11 
-1 -9 -6 2 1 1 0 1 
-7 8 7 0 1 -1 1 8 
-5 -19 -21 -10 -5 -5 -4 -3 
11 -1 1 -1 -3 -4 -4 2 
-12 -4 10 2 0 1 0 -5 
20 -9 -8 -4 -3 -1 1 8 
32 3 17 3 0 -2 -4 16 
-40 -15 -3 1 2 1 2 -16 
6 -8 -8 -2 -1 2 -1 19 
-8 -10 -5 -4 -5 -3 -3 -1 
12 -3 4 2 1 -2 3 14 
11 8 3 -2 -3 -3 -5 -17 
-8 5 2 -2 -2 -5 -2 -12 
-1 -2 -6 -1 1 0 0 6 
-6 3 7 1 0 1 1 -1 
-2 -7 -2 -1 -3 -2 0 3 
-4 7 1 1 1 1 1 0 
4 1 -6 -4 -4 -4 -4 0 
-12 -9 -14 -5 -4 -6 -5 -13 
1 2 -12 -2 -1 0 -2 -4 
-7 15 16 -2 -1 -4 -5 -3 
-5 -2 -5 1 0 -2 0 2 
23 -8 -6 -4 1 1 1 -2 
-11 -4 -1 1 0 0 2 54 
4 -6 -11 -2 -4 -5 -7 -21 
-6 2 3 -2 -4 -3 -2 -1 
9 -4 -1 -1 0 -2 0 -5 
11 8 7 -3 -3 0 1 4 
-8 -11 1 0 3 1 1 -3 
11 4 5 -2 -2 -3 -2 3 
-11 -14 -11 -3 -3 -3 -1 1 
-8 -1 7 2 -1 0 -1 -15 
-6 -3 -6 -3 -1 2 1 0 
-1 2 -2 0 0 0 -1 -5 
-16 2 -3 0 0 0 1 -3 
-5 -24 -9 -3 -4 -4 -6 -14 
3 2 0 0 -1 -2 -1 -1 
-6 0 2 -1 1 3 2 4 
-4 -2 -2 -1 -2 0 -2 -2 
6 3 7 0 -2 -3 -4 -12 
5 3 -9 -7 -5 0 0 4 
-5 -12 -10 -4 -3 -2 -1 -1 
-15 -5 1 1 -2 -3 0 2 
20 -6 4 0 1 0 -4 -15 
9 1 5 0 0 0 -1 9 
-76 0 -6 -1 0 -2 -2 -8 
-3 3 3 1 2 1 0 -13 
-4 3 -2 -1 0 0 2 5 
-7 11 1 -1 -3 -3 -2 -2 
27 12 6 0 1 1 0 6 
5 -1 7 2 -1 0 -1 10 
-16 -5 2 -4 -3 -3 -2 -5 
12 -3 0 -1 -1 0 -1 2 
2 -8 -8 -6 -5 -2 -2 -7 
1 1 4 -2 -3 -5 -6 -2 
8 10 1 -1 0 0 3 -3 
-3 -4 1 -1 -2 -3 -3 -1 
0 -4 2 1 1 1 2 -3 
3 2 -1 0 -2 -3 -3 0 
3 -6 -7 0 0 1 0 9 
-23 45 -2 -2 -2 1 -1 -28 
5 -9 5 0 -2 -2 -3 -7 
-2 5 11 -2 -3 -2 -1 2 
-9 0 7 2 1 0 1 -7 
27 -18 -8 -1 1 -1 4 29 
-19 -7 -12 -1 -3 -5 -9 -37 
-5 -4 -16 -2 -1 -1 -1 -14 
9 18 0 -3 -2 -2 -1 5 
-12 -17 -5 -3 -3 0 1 7 
36 -13 -12 -5 -4 -5 -5 12 
-5 -21 -21 -2 -1 0 -2 2 
-9 -2 -2 -3 -3 -1 -3 -9 
-3 -5 -7 1 3 2 2 2 
5 15 25 1 0 1 3 14 
-3 1 3 0 0 0 0 -1 
6 4 -3 -2 -2 -3 0 0 
1 -3 3 1 -2 -2 -3 9 
-7 1 1 -3 -1 -1 -2 -15 
-2 5 11 2 1 1 0 -4 
-7 -6 0 3 1 -1 -1 0 
5 26 17 -1 -3 -2 -2 -3 
14 -1 -4 0 4 3 3 9 
14 0 0 -4 -3 -3 -2 5 
-19 -4 -3 1 2 0 3 -4 
6 -12 -8 -4 -5 -5 -3 5 
14 6 -8 -1 -1 -2 -3 -7 
-5 22 0 -4 0 3 1 11 
26 -7 1 0 -2 -3 -4 -8 
-12 -6 -8 -4 -3 -2 -2 -4 
-3 13 -4 0 -3 -1 0 6 
3 -8 0 2 1 -1 -1 5 
-16 -13 -7 -3 -1 -1 -1 -5 
0 -12 -4 -2 -3 -2 2 2 
8 1 -9 -3 -3 -5 -2 16 
-14 -2 4 -2 -1 -2 -1 -15 
4 4 0 -2 -1 0 -4 9 
37 0 9 2 1 -1 -1 -7 
-18 -3 3 -1 -2 1 2 9 
1 -1 4 0 0 -2 -2 -7 
-9 1 -5 -1 1 -1 0 6 
-2 -9 -2 -1 0 0 -2 -8 
-5 -3 -2 -4 -4 -4 -2 -5 
7 0 -5 -5 -5 0 1 23 
5 1 -2 4 -1 -2 -3 -31 
-16 -3 -5 -1 1 0 -1 -4 
0 -5 1 4 2 2 2 1 
-21 -9 -9 -9 -8 -6 -8 0 
9 -4 -1 -4 -1 -2 2 14 
-17 -3 5 0 0 -1 -3 -10 
2 4 8 0 -1 -1 1 -1 
-1 2 5 2 3 0 0 -9 
-1 -3 -1 -5 -2 -2 -2 6 
8 0 -11 -3 -2 -2 1 12 
-4 0 -12 -1 -1 -1 -2 -24 
-8 -2 1 3 1 0 -1 -5 
-4 -5 -14 -7 -6 -4 -3 -2 
42 5 3 0 -1 1 1 8 
-19 -5 4 -2 -2 -2 -1 0 
-10 -12 -15 -2 -1 1 1 -8 
2 8 3 6 3 2 -1 0 
0 1 -7 -2 -2 -2 -1 -4 
1 -6 -1 0 0 -1 -1 2 
2 -9 -8 -1 0 -1 -4 -4 
-5 -4 -5 0 0 0 0 0 
-13 5 6 1 -1 -2 0 -6 
-5 -10 -4 -2 2 2 1 0 
-5 12 15 0 0 0 3 4 
27 0 1 -1 -4 -1 -4 -6 
-79 -20 -11 -3 -2 -6 -6 -24 
9 31 19 -3 -3 -1 1 24 
-41 1 -2 1 -1 -2 -1 -25 
1 1 5 1 1 0 0 -2 
7 -4 9 -2 -1 1 0 6 
-6 -7 1 0 -3 -4 -1 2 
8 -13 -10 -2 1 3 1 -3 
-3 0 0 -1 -1 -3 1 4 
-7 -8 -11 -3 -2 -1 -3 -4 
8 -12 -13 0 -1 -2 -4 10 
16 6 -2 -3 -3 -4 -2 -8 
-8 -5 -7 -2 -3 -1 1 -2 
2 -2 -6 0 -2 1 0 -4 
6 3 -1 0 -1 -1 -2 -6 
2 -2 8 -2 -2 -1 0 4 
-10 -4 -8 -3 0 -2 -3 0 
-3 14 -1 5 3 1 2 -1 
0 -17 -8 2 0 1 3 4 
4 4 1 -1 -4 -4 -6 -14 
1 -1 -3 -1 -2 -3 -1 0 
-24 8 1 -4 -4 -4 -5 0 
15 -12 -6 0 2 2 1 0 
-31 -4 -1 4 0 -1 0 6 
-26 -7 -5 -5 -5 -5 -6 -25 
5 -11 0 2 2 -1 -1 -6 
-3 3 -5 -5 -7 -5 -4 1 
19 1 1 -2 -2 -1 -2 10 
-5 2 -2 -5 -4 -2 -2 -19 
-5 -12 -5 -5 -5 -4 -3 5 
-10 7 7 0 1 1 0 -6 
27 -6 -8 -3 -2 -1 -2 9 
-6 0 5 1 0 0 0 6 
18 2 10 1 -1 2 1 2 
-9 -16 -15 1 1 0 -3 -6 
9 18 5 -3 -2 -4 0 20 
-2 -2 -1 -2 1 1 1 -9 
-1 3 -1 -2 -2 -2 -1 -5 
5 -2 6 -1 0 -3 -4 0 
-1 -5 1 0 -4 -3 -3 -1 
4 -7 0 -2 -1 2 1 10 
35 -4 -3 -5 -3 -1 -1 9 
-43 8 2 -2 -4 -2 1 -10 
-15 -2 0 3 1 0 1 -21 
20 11 0 -1 -4 -6 -4 10 
-7 -8 -2 -1 0 -1 -1 -26 
16 -6 -2 -1 -1 -2 -1 9 
26 4 6 3 3 1 -1 5 
-23 -5 -11 -3 0 0 0 4 
-5 -3 0 1 0 -2 -1 -1 
0 3 -8 -3 -2 -3 -2 -7 
0 5 4 -1 -2 -1 1 8 
5 -2 -5 1 1 1 -4 -4 
2 -4 -1 -1 -1 -3 -4 2 
-3 2 6 -1 0 -1 -1 -7 
9 -2 -2 -4 -4 -2 -3 7 
34 -21 -7 -2 -1 0 0 8 
-24 -1 1 2 2 1 3 2 
12 9 11 -1 -3 -1 -1 -4 
-32 -9 2 0 3 4 3 -6 
11 -1 8 1 -1 -1 -3 2 
2 -6 0 1 1 1 0 -2 
10 11 4 -2 -2 0 -1 1 
4 -13 -4 -1 -2 -1 -1 -4 
-19 -2 -5 -3 -2 -1 2 -1 
6 -2 -5 -2 0 -1 -1 6 
-6 -2 -4 -1 0 -2 -3 -4 
-14 -18 -1 -1 -1 -1 -2 -6 
-5 7 4 0 -3 -3 1 3 
4 5 -6 -2 -3 -3 -2 10 
-16 -8 -6 -4 -2 -2 -2 -17 
5 2 -5 -2 -1 -1 -4 -4 
-18 -9 4 2 4 3 1 -20 
-5 -3 -1 -1 -2 -1 -1 -1 
7 -1 -5 -4 -3 -2 0 10 
0 1 2 3 0 0 1 10 
28 9 6 0 0 -2 -1 -3 
-31 9 -7 -2 -5 -1 -5 -2 
-6 4 13 1 -1 3 1 -4 
-2 1 -1 -7 -2 -2 -2 -8 
1 1 -4 -3 -3 0 1 17 
-3 -2 10 3 1 0 0 -13 
10 -5 -1 0 -1 -2 0 -2 
1 3 1 0 -2 -2 -2 -10 
-18 -17 -17 -4 -2 0 -1 2 
37 19 -9 -5 -3 -1 0 18 
-1 -11 -1 0 -1 0 -3 -11 
1 -9 -2 0 0 -1 0 6 
-7 -3 -6 -2 -2 -2 -2 -3 
4 -1 3 -1 -3 -4 1 21 
20 1 -7 -3 -2 -3 0 -11 
-10 -6 -3 -2 -2 -1 -1 -5 
4 5 16 5 -1 0 -3 5 
-10 -7 -11 -3 -2 0 -1 -12 
-8 -2 0 3 3 0 -2 12 
-1 -1 0 -2 -1 0 -1 -9 
-7 11 0 0 1 0 2 2 
11 4 3 -2 0 -1 -2 -11 
-14 -8 -11 0 1 0 -1 2 
-5 9 -6 -2 -2 0 -2 5 
-9 -4 2 0 -1 0 0 -4 
-3 -2 -1 -1 -1 -2 -2 1 
-4 3 -3 -2 -1 -1 -1 12 
8 -2 -7 0 -2 -1 -5 -9 
-1 -6 1 -5 -4 -4 -4 -1 
-5 -11 -1 -1 -1 -2 -3 -9 
-1 2 9 3 2 -1 1 3 
8 -3 -1 2 3 1 2 1 
-4 -1 -7 -5 -5 -3 -4 -3 
-5 -9 8 1 1 1 -1 0 
-3 3 0 -6 -4 -2 -3 -5 
-5 -17 -14 -3 1 2 2 3 
-11 -3 3 -2 2 -1 -1 0 
-5 -3 4 1 0 -1 0 5 
1 -7 -5 0 -3 -2 -3 -9 
-51 1 2 0 -4 -3 -5 -5 
14 5 -4 1 0 1 3 9 
-9 -16 -11 -4 -3 -4 -7 -11 
-8 1 -1 -4 -1 2 0 -5 
8 -4 5 1 -1 -5 -4 -3 
-3 6 -6 -3 0 -2 -1 -3 
6 7 -4 -2 -1 -1 -1 6 
-26 5 3 0 -1 -1 -3 -3 
8 -10 -4 1 0 -2 -4 3 
-3 -8 0 4 2 0 2 -1 
7 1 4 -1 -2 -4 -3 -7 
12 5 9 4 2 0 -1 9 
8 9 6 -3 -3 -2 0 -5 
-11 -8 -9 -3 -2 0 -1 -4 
-1 4 -6 -1 -1 -2 -1 -1 
37 1 -9 -4 -4 -4 -2 5 
-45 0 -2 -1 0 -1 0 -6 
6 -9 -3 2 -1 -1 -2 -2 
