#EMG
#6
#ID:6-64
-16 -5 2 -4 -4 -2 -3 -5 
23 2 -7 -3 -3 -2 -3 -5 
-7 -10 -2 -3 -2 -3 -5 6 
-1 -8 -22 -8 -4 0 -1 6 
-21 1 1 0 0 -1 -1 -13 
-5 -11 1 -1 -3 -2 -1 -7 
11 4 3 2 3 0 2 7 
3 -1 1 0 0 1 3 1 
-11 -4 -2 -1 -1 -2 -2 -7 
5 13 0 2 -1 -2 1 1 
6 -6 -17 -3 2 2 0 19 
-21 -1 11 2 1 -3 -5 -33 
13 -4 6 -2 -3 -2 -1 11 
-14 -2 6 7 5 2 2 2 
2 5 -17 -8 -7 -5 -1 -13 
29 4 -3 1 -2 -2 -2 18 
1 -4 -3 -1 -1 -1 -1 -6 
-7 -7 5 1 2 0 -1 5 
0 6 14 4 1 1 2 3 
22 -9 -5 -6 -3 -4 -5 -3 
-6 3 3 0 -2 -3 -2 -6 
-8 -5 6 -2 0 1 1 -6 
4 -4 -18 -3 -2 -1 -1 2 
-18 7 12 4 1 0 2 -4 
12 1 -14 -6 -2 -3 -2 9 
-2 -3 -11 -2 -1 -2 -2 -9 
-5 -9 0 0 -1 -3 -1 -7 
-2 9 6 -2 -4 -2 -1 4 
-6 -9 -9 2 3 2 2 10 
-3 -2 0 2 2 0 1 -13 
0 -14 7 -1 1 0 -1 -2 
-2 2 0 2 2 1 1 8 
19 5 12 3 -1 -3 -2 11 
-43 -7 -13 -9 -4 -1 -4 -16 
11 3 5 0 -5 -2 0 2 
-21 3 -16 -2 0 1 1 -4 
12 -4 1 -2 -2 0 -4 -8 
7 -5 3 -2 -2 0 -2 5 
-9 7 -5 0 0 -1 -1 0 
-16 -7 1 -2 -2 -2 -2 -10 
-4 -1 -14 -4 -2 0 0 -3 
16 -2 14 2 -3 -2 -2 3 
-5 -1 -3 -2 -2 0 0 -6 
1 6 16 2 -1 -3 -1 -2 
19 -3 -20 -9 -6 -7 -8 24 
-2 -1 1 1 2 1 1 6 
-17 -1 6 4 2 1 -1 -8 
17 -10 -4 -7 -7 -3 -5 -5 
-3 -3 3 1 1 0 1 8 
-4 2 -5 0 0 -1 0 5 
5 -8 0 -4 -3 -2 -3 -6 
-32 5 -1 2 3 1 3 16 
-28 -3 -4 -3 -2 1 -3 -27 
10 1 1 -1 -1 -3 -2 -12 
1 6 10 1 -1 -2 -2 -1 
5 -5 -5 -4 -1 -1 2 -7 
-6 -2 7 2 2 4 5 6 
5 0 -10 -5 -4 -4 -6 -9 
9 8 17 5 4 3 1 4 
2 -3 -5 -1 1 -1 0 4 
-9 -1 1 -5 -3 -1 -3 -39 
4 -4 -20 -1 -1 -2 -4 16 
-3 -2 -14 -9 -4 -2 1 -2 
5 25 8 6 -4 -7 -12 -6 
6 3 6 2 4 3 7 14 
1 -6 5 -4 -4 -6 -4 0 
-12 -14 -37 -3 0 -2 0 -33 
-5 -7 -17 -2 0 -4 -9 -6 
15 -1 -2 -1 -1 3 8 12 
-7 -3 -2 -3 -5 -2 -10 -12 
0 4 -5 -4 -2 -1 1 13 
20 2 21 6 5 4 7 21 
-15 5 -6 -3 -2 -8 -15 -36 
-12 -10 -27 -8 -4 -2 4 -4 
17 10 21 0 -2 -3 -11 2 
-3 -10 -23 -6 -1 2 9 1 
4 2 10 1 -1 1 2 4 
-12 -13 -17 0 2 0 1 -9 
-8 -3 -10 -7 -6 -4 -4 1 
-7 -12 5 -1 -2 -1 3 -10 
32 5 -2 -1 -1 -1 -8 -3 
-21 -5 9 3 2 4 12 18 
26 3 12 1 1 3 -9 30 
-19 -14 -20 -6 -4 -1 15 -45 
-16 22 17 -2 -3 -5 -2 18 
5 2 23 -2 -3 0 -1 -3 
7 1 -15 0 1 2 8 11 
-9 6 19 2 2 1 -14 -2 
-9 -11 0 5 -2 -1 15 12 
4 6 -36 -4 -3 -5 4 0 
-23 -19 -11 -7 -5 -2 -10 -9 
13 -3 2 -4 -4 -5 -9 2 
-5 7 -3 -3 -3 -2 -5 -7 
-12 11 24 3 2 2 0 2 
-15 -2 -12 4 3 2 0 -11 
-3 -6 1 -3 -3 0 8 10 
20 -5 -3 -2 -2 0 -4 -17 
-25 0 6 -4 -2 -3 -1 -50 
7 10 16 3 -2 -3 -4 11 
-22 -3 -6 0 -3 -3 -24 -18 
-10 0 0 2 1 0 25 15 
11 -6 -1 -5 -1 0 6 12 
5 4 9 4 2 -5 -17 2 
13 6 -2 0 0 1 1 0 
0 -1 -12 2 -3 -1 -1 -6 
22 5 6 4 4 4 -10 17 
-17 -5 -7 -8 -7 -4 15 7 
13 -8 -9 1 -4 -4 -1 21 
0 22 4 -3 0 0 -16 -7 
13 -4 -16 -4 -4 -6 -7 3 
10 -3 -15 -3 -2 -3 7 5 
-1 -4 -10 -4 -1 -1 7 -16 
-23 -19 5 0 -1 -2 0 -14 
-11 -7 6 -2 -6 -4 -5 -7 
1 13 7 5 5 6 -1 -3 
-5 -9 4 -2 -3 -2 -2 6 
27 -11 -20 -7 0 -2 -3 11 
-11 0 5 -1 -2 -5 -6 1 
8 -12 -8 1 -3 1 1 -4 
-3 24 27 4 1 1 1 2 
1 -49 -59 -15 -7 -4 3 5 
1 16 0 1 1 2 2 -3 
-13 -14 -3 -1 -2 -3 4 -6 
12 10 6 0 0 -3 -15 -1 
-17 -9 -19 -1 -2 -3 -7 -10 
-9 0 -21 -6 -5 -6 -2 28 
2 -2 5 1 -1 1 8 -12 
2 0 5 3 2 3 10 7 
-5 17 26 6 5 5 6 -8 
8 0 15 1 -4 -3 -8 2 
1 6 -6 4 -3 -4 -12 -13 
-7 -28 7 -8 -7 -3 -6 20 
-7 16 13 3 2 7 15 18 
11 1 9 2 3 -3 -20 -15 
-2 1 2 -1 1 0 16 30 
-16 -24 -14 -2 -1 -1 -13 -39 
14 -2 -14 -5 -7 -8 6 24 
20 0 -22 -3 -1 0 6 -25 
-36 -17 -18 -9 -7 -8 -17 -37 
-9 8 -16 -8 -6 -5 -6 2 
-31 -12 1 -1 1 0 -5 -15 
8 -2 1 0 1 3 7 -4 
-2 6 25 -1 0 -1 15 29 
16 5 3 3 3 2 -3 -2 
-11 -1 -2 -6 -4 -5 -8 -13 
-9 -14 6 0 -4 -3 8 -4 
4 4 28 4 4 5 -17 -1 
-10 1 -22 -5 -1 -1 26 6 
13 8 5 4 1 -1 -9 -11 
-6 0 -13 -3 -2 -6 6 22 
3 -6 23 -3 -2 -1 -8 -16 
-4 -11 5 -6 -4 -1 10 5 
5 15 17 5 3 4 0 -5 
-7 2 -13 -5 -3 -4 -10 0 
7 14 5 4 1 2 7 3 
7 -11 -43 -8 -7 -4 -11 10 
-17 -25 -21 -2 1 4 10 -14 
-15 7 32 5 2 1 0 -20 
8 -17 -28 -5 -6 -6 -29 -4 
-9 -16 8 -6 -3 -3 4 4 
3 17 61 5 1 -3 -24 -11 
1 -18 -40 -6 -5 1 12 -4 
-3 10 -1 0 -1 -6 -9 10 
-1 1 26 2 3 2 -2 -20 
-6 -4 -13 6 5 3 0 3 
3 -28 23 3 0 3 3 19 
-6 27 -58 -7 -2 -1 7 -23 
5 2 3 -3 -2 -4 -5 5 
1 -28 -9 -4 -3 -4 0 10 
-2 0 9 -10 -5 3 0 -1 
2 1 5 1 2 1 9 1 
10 11 -3 2 -2 0 -21 1 
-2 3 25 4 -1 0 8 6 
15 5 15 9 3 -3 -2 -4 
-2 -21 -1 -6 -4 -1 -2 -14 
-18 -4 -6 6 4 3 24 0 
9 4 -51 4 3 -4 -8 -2 
-11 34 6 -2 -2 2 0 10 
0 -23 -3 -4 -6 -5 6 -4 
8 16 -18 -9 -1 -2 -8 -2 
-1 13 9 2 -3 -2 -5 6 
6 5 43 1 3 0 2 0 
14 -8 -4 10 8 3 -6 -4 
-8 15 -39 -27 -12 -5 -2 -6 
-5 -16 22 19 4 2 -3 2 
-25 -9 -17 -30 -9 -5 -18 -20 
-8 -2 53 12 -2 2 10 5 
3 12 51 39 11 4 -11 -7 
0 -14 -87 -46 -7 -5 1 -4 
0 -19 28 28 -3 -5 -9 10 
-11 -23 -35 -28 -2 1 -3 2 
-2 20 -7 -20 -10 -2 -4 22 
-7 -8 -17 9 3 4 6 -17 
22 0 -30 -9 -1 -2 -7 -11 
-10 14 -5 10 1 -3 -2 -3 
16 11 49 31 15 6 6 10 
22 -36 -33 -18 -12 -8 -10 7 
0 11 38 14 7 1 2 1 
-8 8 -45 -28 -8 -3 -1 1 
-20 -27 -17 12 1 -1 1 -19 
30 27 43 16 5 1 0 16 
-28 -56 -77 -37 -8 -2 0 -33 
1 31 29 6 -1 -1 -16 -19 
26 20 22 4 2 4 20 9 
-18 -15 -5 0 3 2 -1 -15 
-12 10 5 21 7 1 5 1 
3 -6 -24 -5 -2 -4 -1 4 
8 19 68 51 9 2 8 5 
-39 2 -54 -73 -17 -12 -18 -7 
16 18 54 18 2 3 8 -2 
-1 17 18 -1 4 2 -5 20 
4 -17 -15 -10 -11 -10 -1 -24 
8 16 68 18 10 8 4 10 
-9 -7 -37 0 -5 -2 -1 9 
-1 -12 -56 -17 -3 0 6 17 
-11 1 41 2 -2 -10 -30 -36 
-2 5 23 3 -2 -3 -1 3 
0 10 -22 -8 0 3 2 -4 
8 -4 40 30 5 3 13 8 
-4 -24 -51 -29 -5 1 -6 -10 
-6 4 7 11 -5 -1 6 -5 
-2 -7 5 7 -1 2 3 2 
-4 26 -24 -20 -3 -5 -15 -8 
10 7 36 42 4 -2 -2 18 
-2 -11 -72 -76 -15 -3 4 10 
4 2 -2 12 2 3 11 25 
21 -9 76 17 8 0 -5 -21 
-29 -15 -62 -26 -9 -2 -2 5 
20 11 38 41 5 2 8 14 
-24 -5 -14 -7 -1 -5 -23 -43 
26 -6 3 -4 -4 1 35 49 
-11 -4 -2 -10 1 -6 -20 -17 
-34 -19 -9 17 0 -2 -5 -32 
41 17 1 -10 1 3 10 32 
-5 -17 -2 3 -3 1 -1 -9 
6 4 -10 -10 1 1 5 -9 
-6 1 18 -4 -3 -8 -26 -9 
-8 -7 10 1 -3 -4 -12 8 
-15 -10 -33 10 2 1 26 21 
3 -21 -25 -20 -1 5 7 14 
-4 7 40 40 3 -7 2 -20 
-14 18 -27 -36 -7 -9 -9 3 
-32 -5 -21 -7 -4 -2 -4 -10 
-14 -28 -14 -16 -5 2 8 13 
4 15 26 14 3 3 -10 6 
17 3 11 23 10 -3 -28 13 
13 9 1 -1 -1 -4 3 -8 
-5 -3 -2 -9 0 4 7 1 
5 2 1 3 -1 1 -12 4 
5 5 4 2 1 5 25 -1 
12 5 34 -6 0 0 -4 -28 
-7 -6 -66 -3 -3 -9 -16 23 
19 -9 -12 -7 -4 0 -3 -8 
-5 -22 -13 -8 -4 2 41 -9 
-9 46 35 7 0 -2 -15 -22 
12 -19 51 12 5 5 43 10 
6 6 -41 -4 2 0 -33 -8 
1 -20 5 -2 -3 1 27 19 
-7 -21 -6 -3 -4 5 18 8 
12 40 52 0 -1 -12 -44 -6 
-16 -22 -38 -12 -2 -1 24 -3 
7 8 31 10 3 3 -8 11 
-3 -18 0 0 -2 -1 -16 -16 
1 3 -10 -3 -1 1 -1 -25 
-11 42 -10 -8 -6 -4 10 -2 
-1 43 37 5 -1 -6 -14 -2 
-2 22 -51 6 -1 -3 1 1 
2 -14 -11 -11 -6 0 -8 -11 
-22 -22 5 -12 -2 2 -1 -8 
-7 -7 25 11 1 1 2 10 
16 -1 -6 -8 -5 -10 -25 -10 
-5 -2 -24 -14 -1 -2 0 -3 
-1 -24 -48 5 -2 -3 9 13 
-7 -4 -10 7 3 -2 -10 6 
-18 -17 13 -11 -2 1 0 0 
42 -19 -15 7 -3 -2 0 17 
-3 14 42 3 2 -1 4 3 
4 -11 -46 -2 2 -4 -13 -13 
2 -9 0 0 3 -2 1 16 
-13 42 42 13 8 7 15 -11 
6 -8 -9 -27 -14 -10 -12 -25 
-48 -13 3 4 -4 -4 -9 -10 
13 -9 -12 -15 -6 2 8 22 
-2 -6 -7 2 -6 -5 -13 21 
-31 3 51 15 7 2 -2 -30 
19 -17 -31 -7 -5 -7 2 19 
-15 -2 -4 -2 -1 1 5 -26 
-14 -3 -25 -10 -5 0 2 -7 
15 4 7 8 3 1 -9 -2 
6 -8 0 -12 -4 -1 3 -11 
1 -38 11 12 5 -2 -15 -28 
-21 -16 -21 -7 -3 -4 7 6 
37 17 3 3 2 0 2 27 
-36 22 15 -4 -8 -2 -4 -18 
5 -9 -1 -4 -3 -1 -4 -1 
-2 5 8 -2 -1 0 -1 -10 
8 2 6 0 -2 -2 7 12 
-1 -7 -15 -3 -1 1 -2 1 
7 12 17 -4 -5 -5 -7 1 
-13 3 0 -1 0 2 -3 -10 
2 1 15 6 0 1 6 16 
22 0 -11 -8 -4 -4 -7 26 
-10 3 -11 1 -2 -1 -7 -33 
-15 -13 -15 -3 -2 -1 3 0 
-16 1 13 5 2 1 0 -5 
-1 5 5 -4 -1 2 -3 3 
0 0 4 2 0 -3 -9 7 
16 -3 -5 -5 -5 -4 2 14 
2 5 -13 -4 -2 -3 -5 2 
0 -1 -7 2 4 2 -3 -11 
-3 -1 -2 3 0 1 6 18 
-2 5 -4 -4 -5 -5 -11 -31 
-2 -15 -3 -2 -4 -1 2 6 
-8 2 -5 -2 -1 0 -3 -26 
38 6 6 1 -3 -4 -4 -3 
-15 -18 -8 -2 4 3 3 12 
0 -5 -19 -3 -5 -2 -1 -28 
-6 -1 11 -1 1 0 -1 -14 
-6 3 6 3 0 -1 1 11 
13 6 10 2 0 -1 -2 3 
2 -4 -7 -2 -1 -3 0 6 
8 0 -18 -4 -6 -4 -6 0 
-16 8 -8 -2 0 0 1 0 
5 7 -3 -3 -5 -5 -2 3 
-14 -11 4 2 5 3 3 2 
5 -10 -13 -8 -2 -4 -3 -2 
-7 -5 -8 -6 -1 -1 -2 8 
-1 -5 2 1 2 1 2 3 
-5 4 2 -2 -2 -2 -1 7 
-25 -10 -1 -3 -3 -4 -2 -20 
15 0 -2 0 -1 0 -2 0 
-5 -3 -1 -2 1 -1 -5 -14 
-6 1 1 -1 -2 -1 -5 6 
-2 -7 -15 -11 -5 -4 -1 9 
-12 3 2 -1 -2 1 2 0 
-3 1 -3 0 0 0 -2 -11 
38 -1 4 -1 -1 1 6 51 
-37 1 -2 -3 -2 -4 -9 -61 
-6 -5 0 2 1 1 2 7 
6 2 2 -1 -1 -1 -2 -4 
-1 1 -7 -2 -1 1 -1 -7 
9 11 5 0 -1 1 1 20 
4 -13 -4 -2 -1 -1 -2 20 
-10 0 -14 -1 2 -3 -4 -28 
-12 -12 -12 1 2 2 3 -4 
8 2 8 -1 -1 -3 -3 -10 
-23 9 9 2 0 -1 2 1 
10 0 10 5 0 2 -3 -4 
0 9 -15 -6 -5 -5 -5 -11 
9 -6 -10 -4 -3 -1 -1 6 
-7 0 12 3 -1 0 1 -5 
3 -2 5 -3 -3 -1 0 9 
-8 -1 0 -2 -3 -4 -4 -15 
-16 3 4 2 2 4 3 5 
4 -3 -14 -8 -8 -6 -5 -16 
-4 -1 1 1 1 1 2 9 
-14 -11 -15 -1 -1 -2 1 -3 
22 0 -2 -2 -2 -1 1 19 
6 -1 -20 -5 -3 -4 -6 -4 
-11 -6 1 2 1 2 4 15 
5 0 5 -2 0 2 -1 -15 
17 -1 8 4 3 2 2 23 
-6 -10 -6 0 0 -2 -4 -13 
6 5 5 -2 -3 -4 1 17 
1 0 5 3 2 0 -3 4 
19 -9 1 -1 -3 -3 -3 -8 
2 1 2 -1 0 0 3 13 
-10 -5 -3 -4 -4 -2 -5 -11 
3 7 -1 1 -1 0 0 -5 
-3 -1 0 -3 -3 -1 -1 1 
-5 2 4 0 1 0 2 4 
1 -5 -7 -5 -3 -3 -2 -3 
-2 -5 3 -2 -1 -2 -2 -3 
-33 -1 -5 2 2 2 0 0 
1 0 -4 -3 -2 -2 -1 -6 
-4 -2 -7 -1 -2 -2 -1 -3 
-10 -9 3 -1 0 2 -1 4 
30 2 -3 -4 -3 -2 -1 4 
1 -12 6 1 0 1 1 13 
-24 14 -4 -2 -2 -1 -3 -30 
-5 4 11 -2 -4 -3 -3 -14 
0 -8 3 1 1 -1 -1 4 
-9 -5 -19 -5 0 0 -2 -25 
3 -5 -4 -2 0 1 1 6 
12 9 -5 -3 -2 -2 -2 7 
-5 6 7 3 1 0 1 7 
-8 -4 2 -3 -2 -2 -2 -5 
3 -2 6 1 0 0 2 17 
-2 9 -7 -3 -3 -1 -2 -17 
0 -7 -10 -2 -2 -1 -1 2 
-4 7 4 2 0 -1 1 10 
3 -1 -1 -2 -1 -2 -4 -8 
3 -5 2 1 -3 -4 0 12 
-4 1 -1 -1 -3 -1 -2 -6 
7 2 3 0 -3 -3 -3 -4 
9 6 -8 -2 -1 0 -1 6 
-16 -3 2 4 6 1 2 -2 
18 2 -2 -3 -3 -2 -3 -7 
-17 -5 1 -4 -3 -3 -1 -4 
15 -4 -12 -2 -3 -4 -2 20 
-15 -16 -6 -2 -2 -2 -5 -22 
-3 11 9 -1 -2 0 0 -22 
2 4 -5 -4 -3 -1 0 0 
-8 -10 -15 -1 1 2 1 -5 
9 -4 0 1 -2 -2 -2 20 
-6 -3 6 5 3 1 1 0 
-1 -7 -5 -2 -4 -1 -3 -3 
5 3 11 2 1 1 0 4 
2 -5 -1 -5 -2 -1 -3 -4 
-5 2 4 2 -1 -3 -1 4 
7 1 3 0 1 0 0 4 
-13 2 -10 -4 -1 -2 -2 -7 
6 -5 -2 -3 -2 -3 -3 6 
-5 -13 -4 -1 -1 0 0 -5 
-3 -4 1 2 3 3 0 9 
-16 -8 4 -4 -4 -5 -5 -19 
21 14 -3 -6 -7 -5 -5 7 
-5 3 -6 -4 -5 0 -3 -9 
-6 -11 -8 2 1 1 4 -1 
15 5 11 2 0 -2 0 22 
1 2 1 -1 -3 0 1 -8 
5 -11 -4 -3 -3 -2 -2 5 
-2 19 14 -2 -1 -2 -1 -11 
-2 -1 5 4 1 1 2 3 
-2 -6 -11 -1 0 2 4 -6 
1 0 -7 -2 0 0 -3 5 
-15 6 -5 1 -1 0 -1 -7 
19 -7 -8 -2 0 2 1 22 
11 4 -9 -5 -5 -4 -9 -57 
-14 -1 -6 -1 1 0 0 -7 
-7 0 2 2 1 0 0 -2 
4 3 12 1 -2 1 0 6 
-13 -9 0 0 2 3 2 13 
1 1 -4 -3 -3 -5 -2 4 
6 2 1 -2 -2 -2 -4 -7 
-10 -4 -8 2 3 0 2 1 
-10 -14 1 -1 -4 -5 -6 -2 
-6 -1 3 0 -1 0 -2 -10 
1 -5 -12 -3 1 -1 -3 4 
-10 -10 -3 -1 -3 -1 0 -14 
-7 -6 1 6 3 2 1 4 
0 15 4 -3 0 0 0 9 
1 -4 1 2 -1 -3 -4 -13 
-3 7 -13 -3 -4 -2 -1 -14 
-1 -9 -2 1 -1 -1 4 14 
-13 27 12 2 -1 1 2 -1 
20 1 5 -3 -3 -4 -5 11 
2 -1 0 -2 -4 -5 -6 -29 
-3 5 9 -2 -1 1 1 5 
15 -4 -11 -1 2 1 5 19 
27 -13 0 -1 -1 -1 2 -8 
-5 -5 8 -2 -3 -1 -5 -10 
6 4 -1 -5 -4 -5 -5 5 
-5 -1 -1 0 -2 -3 -1 -5 
10 5 1 3 1 2 6 30 
-2 -9 -7 -4 -1 -4 -5 -28 
-10 1 4 -1 -3 0 0 -1 
11 -11 -7 -3 -1 -2 -5 2 
-19 -7 -4 -1 -1 -1 1 -3 
-3 -1 -5 -2 -3 -2 0 1 
-16 1 0 1 3 0 0 -7 
-11 -6 0 2 -3 -2 1 5 
1 6 5 -2 -3 -3 -5 -14 
-10 -10 11 1 2 0 -2 -1 
10 14 -5 -5 -6 -3 -2 14 
-6 -11 -4 1 1 3 1 2 
-14 -4 8 2 1 -1 -2 -28 
9 3 -10 -4 -3 -1 0 13 
4 -5 4 1 -1 -1 -1 -2 
2 -8 2 -3 -3 -2 -4 -3 
-10 14 -9 -4 -5 1 2 1 
4 -7 -15 -4 -2 -1 -1 1 
-1 -6 7 -1 0 -1 1 0 
2 -1 8 3 2 -2 -2 3 
-5 -4 -18 -6 -4 -3 -7 -19 
-6 4 11 -2 -5 -2 0 4 
-10 -8 -15 -3 -2 -1 0 -2 
10 22 6 -1 -3 0 2 16 
-6 -3 -8 -3 -1 -2 -6 -32 
3 13 12 4 2 1 2 11 
-4 -6 -1 1 -1 -1 -1 -4 
-12 -8 1 2 2 1 1 -18 
10 -7 -6 -5 -5 -2 -3 18 
-3 -10 -8 -1 1 2 0 -2 
-2 12 -7 -1 0 -1 -3 -7 
-2 -7 -3 -4 -2 -2 0 2 
-12 -5 5 0 1 -1 0 10 
1 2 3 4 0 -1 -1 -3 
6 -3 4 1 0 0 0 5 
-6 -2 -6 -4 -3 -2 -1 3 
-3 1 2 1 -1 0 1 -14 
14 -1 -27 0 2 -1 1 24 
-18 0 13 2 1 2 -2 -32 
9 -12 -9 -1 0 -1 -5 -10 
-6 -6 -4 1 -1 -1 2 7 
13 29 26 -6 -4 -1 -3 17 
9 -6 -7 -3 0 -1 1 25 
-1 -11 -11 -3 0 0 -3 -36 
-27 -9 -2 -1 -3 -4 -1 13 
5 -5 1 -1 -2 -4 -1 -8 
-6 -6 -1 -4 -4 -3 -3 1 
-2 4 -3 -2 -3 -3 -2 4 
5 13 -4 -5 -2 -1 -2 -3 
-5 -4 12 3 3 3 2 -11 
-6 -6 0 -2 -2 -3 -1 4 
2 -8 -7 -3 -1 0 2 11 
-10 -19 -1 -1 1 0 0 -19 
-7 -8 -4 1 -2 -1 0 -3 
23 6 -7 -3 0 -2 -1 8 
-11 7 -3 -2 -4 -3 -3 -7 
0 -8 6 0 -1 2 -1 -4 
-5 0 5 2 0 3 1 -5 
-15 -5 -8 -2 -1 0 0 1 
0 2 -17 -5 -7 -5 -4 0 
14 17 -2 0 -1 -2 0 12 
-6 -6 -6 -3 1 0 -1 2 
-2 2 3 0 -1 -1 0 -14 
-1 -6 14 1 2 1 2 17 
-6 -3 -23 -1 -1 -2 -6 -33 
-6 0 -7 -4 -5 -4 -5 -6 
-12 26 15 1 1 3 2 3 
9 12 5 0 3 2 -2 -4 
9 -8 3 1 2 1 4 24 
-9 5 -3 1 0 -2 -1 -12 
20 -7 -13 -3 -5 -3 -4 -2 
-6 -16 -1 -1 -1 -1 0 9 
0 1 5 -3 -3 -1 -2 -20 
2 -6 -7 -2 1 0 0 0 
-8 4 3 3 0 -1 -1 -3 
5 0 -3 -1 -2 -2 -1 1 
-4 -13 4 -1 -1 -1 -2 10 
-3 -5 -2 0 -1 -1 1 4 
5 -9 0 -3 -4 0 -2 6 
-11 -1 1 -2 0 0 -4 -36 
-2 2 6 0 0 -2 1 9 
-6 4 6 0 -2 -2 -5 -6 
10 -4 -10 2 2 0 0 -3 
2 7 10 -4 -4 -4 -4 13 
6 -1 6 0 1 3 4 26 
-7 -7 -3 -3 -2 -4 -4 -21 
-5 1 -2 -2 -2 -1 -2 5 
2 0 -1 0 0 -1 -2 -2 
-3 -4 6 4 2 0 0 0 
7 -4 -2 -4 -4 -6 0 14 
-12 -14 -3 1 3 0 0 -5 
-2 -1 -1 -2 -5 -4 0 -5 
8 11 -1 -1 -2 0 2 20 
-6 -11 -11 -4 -3 -4 -11 -21 
-4 -1 6 -1 -4 -3 -1 -6 
-4 -5 -13 -1 1 0 0 1 
-1 -21 -5 -4 -6 -5 -3 2 
1 -3 -3 1 3 3 4 14 
-18 1 -9 -3 -2 -4 -4 -16 
0 -1 3 0 0 -1 -3 -7 
1 -15 -21 -6 -7 -8 -6 -21 
4 20 13 0 1 3 1 11 
-2 -3 -9 -4 -2 -2 -1 -1 
-6 -11 -4 -1 -1 2 1 8 
16 12 3 -1 0 1 -2 -5 
-8 -2 -1 1 -3 -2 -2 -1 
-1 -7 8 -1 0 1 -1 -2 
-15 1 -7 0 -2 -2 -1 -6 
18 -3 -8 -6 -3 -1 -3 17 
0 -7 -6 -1 1 0 -2 -17 
0 12 6 -2 -3 -4 -3 4 
0 1 0 2 2 0 1 -1 
0 7 13 2 2 -1 0 6 
0 -2 0 -2 -2 -1 1 0 
4 -6 -7 0 0 -1 1 -2 
8 -1 0 0 -1 -1 0 19 
-16 3 -5 0 -2 0 -1 -29 
3 18 7 -4 -4 -2 1 1 
4 2 -8 -2 -1 0 -4 0 
-9 -5 4 -1 -2 0 1 5 
2 4 1 0 0 -3 0 -1 
9 -4 -5 -4 -3 -2 0 -1 
-6 -3 -9 1 0 -3 -4 -9 
3 -3 -14 -3 -3 -5 -2 4 
-11 7 11 0 2 2 0 -6 
-13 -7 -2 -1 -2 -2 -2 -5 
6 0 0 -1 -1 -2 0 13 
13 0 2 -2 -1 -1 -3 12 
-7 -6 0 1 0 -2 -4 -27 
2 -6 1 1 0 1 1 10 
-8 -2 -9 -5 -5 -3 -1 2 
3 5 -1 -3 -2 -3 -4 -14 
12 4 -5 -3 -3 -3 2 21 
-39 3 7 3 3 0 -4 -9 
3 -7 -3 -2 -1 -2 -2 -6 
-1 2 -2 1 0 -1 2 -4 
4 -4 -25 -5 0 -1 -3 -1 
8 0 -11 -1 -1 -1 0 6 
-6 -4 15 3 0 1 0 -14 
-6 -1 -4 -1 1 1 1 -1 
-3 4 3 -2 -2 0 -3 -1 
24 -3 2 -1 -3 -1 3 20 
-15 -2 -3 -3 -1 0 -3 5 
