#EMG
#1
#ID:1-11
-7 -12 8 1 -3 -2 -2 -2 
7 11 -16 -3 -2 -1 -1 4 
-15 -5 15 4 6 3 2 0 
7 -10 -15 -5 -1 -4 -3 -1 
6 -1 3 0 -1 -2 -1 -1 
-7 26 16 3 1 0 -1 -10 
0 -2 -5 -3 -3 -4 -3 -2 
-6 6 14 0 -2 -1 0 -3 
-10 -1 6 -1 1 0 -2 -5 
-4 -12 -11 -4 -1 0 0 4 
1 3 -6 0 0 0 -2 -22 
1 3 14 0 -1 1 0 7 
4 -8 -12 -1 0 -1 -2 7 
5 4 1 -2 -2 -1 0 -4 
12 -2 -8 -3 -4 -4 -2 16 
-3 -11 -6 -2 0 0 0 -2 
-2 1 -3 -3 -3 -2 -3 -6 
5 12 -1 0 -1 -1 -3 1 
7 7 0 4 3 4 0 -3 
-7 -1 12 3 -1 2 1 7 
-8 -5 -21 -6 -3 -1 -3 -28 
-27 -5 -1 -7 -4 -4 -3 -4 
5 -1 -2 -2 -6 -4 -1 21 
-6 -5 -6 -4 -4 -1 0 -15 
1 2 3 -1 -3 -1 3 17 
14 0 1 -2 -1 -3 0 -14 
-2 2 3 0 -1 0 -2 2 
-2 -4 -6 -1 0 2 -1 5 
1 3 -2 -1 -1 -3 -3 -1 
13 -3 7 2 0 1 1 7 
-19 13 -3 0 -2 -1 -2 -8 
-1 -4 8 3 2 -2 -2 -8 
-12 6 1 -2 -2 -1 0 0 
-4 -33 -13 -1 -3 1 -2 1 
1 -6 -4 -5 -2 -4 -4 -8 
2 4 -10 -2 -4 -4 -4 -3 
-7 3 16 3 2 4 5 1 
4 23 7 2 1 0 0 -4 
10 1 1 -3 -6 -2 -4 -2 
-2 0 2 -1 1 0 0 0 
0 -8 -5 -3 1 1 0 -2 
5 3 2 -2 -3 -4 -1 21 
30 -8 -15 -2 -2 0 2 -20 
-22 -6 -19 -6 -2 -2 0 17 
-9 4 19 7 2 -1 -4 -40 
-11 2 -2 1 0 -2 0 0 
-2 -13 9 0 1 1 1 10 
-3 -4 3 -2 -2 -2 -3 -21 
0 5 8 -3 -2 -1 0 9 
-7 1 -12 0 -1 0 -3 -1 
-3 0 -3 -2 -1 0 -2 -5 
2 3 -2 1 -1 0 1 6 
-5 -4 -3 -1 0 -1 -1 7 
5 -12 -1 0 -2 -3 -3 -9 
-10 7 9 1 0 1 3 20 
14 -3 -15 -7 -5 -3 -8 -9 
0 21 1 1 -4 1 2 3 
2 -13 0 -4 -1 0 2 6 
9 -5 4 -2 -1 -1 -2 20 
-26 5 6 0 -3 -1 -5 -42 
9 -2 -5 -1 -4 -4 -3 4 
0 -1 -6 -2 -3 0 -2 -5 
-17 -7 0 3 3 0 5 -8 
23 1 8 3 1 0 0 19 
-10 -19 -23 -7 -2 -3 -4 -8 
-12 3 10 2 -2 1 3 -1 
2 8 6 -4 -4 -2 -6 -9 
0 8 -22 0 -1 -1 2 0 
-24 -4 14 1 3 2 -1 -2 
19 14 -5 -5 -4 -4 -1 12 
-12 9 -1 1 0 0 -3 -9 
-1 -3 -6 -3 -4 1 2 9 
21 0 0 -4 -6 -5 -4 10 
-14 11 10 0 0 0 -1 -34 
-3 -8 -10 -2 -2 -4 -10 -6 
20 -8 -1 0 3 0 1 28 
1 3 11 1 -2 -2 2 -25 
-1 -8 19 1 1 3 2 13 
-4 -22 -31 -10 -3 -2 -3 -23 
2 0 10 -2 -2 0 1 10 
2 -8 -7 0 1 -1 -1 10 
-6 -2 -2 2 1 -2 -2 4 
9 -10 -10 -3 -4 -3 -2 -10 
-11 -7 -9 0 0 1 -2 -5 
-14 -6 -9 -5 -2 0 2 0 
37 1 -8 -1 -1 0 -1 16 
-17 7 -4 0 -2 -1 -1 -22 
-5 -9 -2 -5 -4 -3 -6 9 
2 -1 1 5 4 3 4 -4 
-12 -8 -8 -2 -3 -6 -2 2 
8 2 0 1 0 -2 -3 8 
-13 5 4 0 0 -3 -7 -35 
8 -4 -8 -1 -1 2 3 6 
-16 -5 2 -1 -1 -1 -11 -17 
-13 9 29 -1 -3 -2 9 10 
-12 9 -2 2 1 1 0 -17 
8 -12 -14 -4 -3 -3 -13 3 
10 9 7 5 -1 1 9 25 
19 11 2 -3 3 0 4 -4 
-11 -34 -30 4 0 1 2 13 
-8 31 17 -2 -4 -3 1 -12 
-8 -36 -29 -6 -4 0 1 0 
20 -5 -10 -4 -3 -1 -10 7 
-7 -4 2 -3 -4 -2 5 -7 
4 -7 -32 -1 0 -4 -16 -3 
4 13 19 -2 -3 -3 -6 -8 
-18 -1 9 0 0 2 7 3 
1 4 15 0 -1 0 4 7 
-4 -1 -18 -6 -7 -7 -6 -11 
0 32 31 6 8 4 2 -2 
16 -10 0 -1 -5 0 2 7 
-19 -2 13 -4 -4 -1 -4 1 
34 -1 -24 -2 -2 -2 -3 2 
-20 -3 18 -3 0 -3 4 2 
-19 -27 -21 1 2 -1 -9 -4 
12 0 -7 -1 -2 1 10 20 
4 -23 8 -5 -8 -4 -4 27 
5 -4 -11 3 2 -1 -9 -33 
-9 21 29 -4 -2 0 1 7 
3 7 -22 -7 -3 -6 -9 -25 
-3 -21 -9 6 3 4 14 20 
22 2 -29 -12 -4 -3 -9 1 
-10 -21 8 23 9 1 4 0 
4 -9 11 -17 -1 3 3 2 
-7 25 -15 -1 -2 -2 3 14 
-3 -24 -22 -5 -5 -4 -8 -46 
-11 14 37 14 5 4 4 2 
2 -5 -32 -3 -5 -6 -5 2 
-10 11 33 -7 -6 1 -4 -2 
-8 -24 -16 20 6 0 5 13 
-1 -19 -39 -29 -12 -7 -3 8 
13 27 70 11 10 4 0 -10 
-17 -17 -30 -12 0 1 1 -6 
9 10 16 24 -1 -1 -1 -1 
-14 -5 -38 -34 -11 -3 0 11 
20 19 32 20 7 -1 -1 21 
5 -26 -53 -4 -12 -9 -8 -26 
-9 24 24 -31 3 1 3 -3 
23 0 -34 5 -4 1 -2 20 
-19 31 1 7 -2 1 -1 -5 
-10 3 109 60 21 7 6 2 
20 -28 -60 -28 -6 -7 1 21 
7 -47 14 -10 -11 -6 -9 -16 
-2 -31 -5 -27 -9 3 4 1 
14 24 5 1 3 5 2 -2 
-20 -12 -4 9 -1 -2 2 1 
7 27 27 11 7 0 1 -9 
-35 4 -29 1 -6 -6 -10 -17 
15 -12 3 5 5 -3 2 17 
-3 6 28 37 3 0 9 10 
-19 -3 -101 -78 -22 -9 -7 -10 
30 16 2 19 -1 1 2 27 
-1 12 19 -4 4 2 -1 -24 
-5 2 -51 -31 -11 -1 -1 -5 
-9 12 35 25 4 0 2 -6 
23 -22 -8 -2 2 -1 -3 12 
3 -1 -14 -5 -2 -1 2 15 
17 25 38 3 -2 1 -3 12 
-20 36 6 19 10 3 4 -29 
-16 -6 5 -5 -1 4 10 -12 
4 -25 10 -5 -8 -10 -15 4 
-1 26 25 -10 -2 -3 -9 -14 
1 6 -37 9 -1 0 0 -2 
-9 -25 -35 -18 -11 -8 -9 -6 
-7 8 -8 -14 0 4 13 10 
-2 -20 -6 -10 0 1 -3 3 
-15 -13 11 14 9 5 6 14 
23 18 36 18 -1 -5 -7 4 
-48 -11 -33 -19 -4 -4 -5 -40 
27 -19 10 -5 -8 -7 -10 9 
30 -19 -55 -3 -1 2 6 25 
-11 29 28 11 5 2 2 -43 
6 -21 -54 -26 -12 -8 -10 15 
-23 0 10 18 0 1 0 1 
4 -3 31 -4 -2 -6 -10 -16 
-2 3 -32 -5 -3 -1 2 2 
-8 -44 11 1 -1 -4 -4 -27 
-29 54 4 1 5 8 15 -1 
-8 -10 17 4 -1 -1 -2 -4 
6 -4 -14 -13 -1 -1 0 9 
1 17 19 3 3 1 -2 -33 
5 -25 -19 5 -5 -4 -2 9 
-7 16 46 5 4 1 -1 -3 
-1 -12 -28 -11 -4 -4 -1 -2 
11 33 2 5 -1 1 -2 -2 
-16 5 5 -8 -1 -3 1 -5 
14 3 -4 10 3 4 1 -15 
-1 -4 20 2 3 0 -3 25 
1 17 -3 2 -2 -3 2 8 
-1 15 13 -5 -1 -1 2 -10 
-9 15 10 1 -2 -6 -16 -10 
2 -2 -18 0 4 5 7 -7 
11 -1 17 -3 -4 -4 -1 31 
17 -1 -19 11 0 -1 -5 -28 
-5 -17 -16 -17 -10 -7 -9 -2 
-15 -29 -5 -1 -1 -1 2 -29 
-5 2 8 -3 1 1 3 2 
-7 -30 -1 -2 2 2 -5 5 
14 26 16 10 1 -2 -2 -14 
33 10 8 2 0 -3 -8 32 
-19 19 -9 -2 -4 0 11 -14 
-10 -26 0 -6 -3 -1 2 6 
8 -2 2 -2 -3 -1 -8 24 
-14 -17 -3 -5 0 -1 -7 -15 
-4 7 -1 5 5 0 1 -10 
0 -21 6 -1 0 2 8 21 
4 -11 -6 -3 -2 -1 -5 5 
0 -7 -3 1 -3 1 10 -20 
-8 -11 15 -3 -4 -1 -6 -3 
-26 -1 -39 -7 -4 -10 -5 -10 
7 -32 -24 -5 -5 -1 8 6 
-16 -2 18 -5 -3 -2 -14 -16 
19 -2 -2 -5 -4 -4 -19 14 
-15 1 10 -3 -2 1 10 -14 
-7 8 19 7 3 -2 22 11 
9 13 -12 -1 0 -1 -6 23 
5 9 17 3 -2 -6 -26 -4 
2 -18 -16 -14 -8 -6 2 7 
9 17 4 9 5 5 -11 -20 
-22 -7 -8 -4 -5 -11 8 -23 
-8 -7 -2 5 5 3 6 -11 
32 49 22 5 1 -2 -10 -3 
-27 -14 -12 -10 -6 -2 3 -13 
1 -3 35 8 5 0 1 4 
1 -28 -59 -10 -3 2 -12 1 
17 -3 -1 16 5 -6 -13 -8 
-11 -11 -10 -15 -10 -5 0 -9 
10 0 -29 -3 -4 0 -7 2 
1 -5 -13 6 -3 -1 2 7 
-13 -5 -27 -14 -2 3 5 12 
-3 11 -9 -2 -4 -2 2 6 
4 -10 -17 1 5 2 -3 -9 
-5 -6 18 15 1 0 10 34 
-20 -10 -30 -22 -7 -2 1 -45 
7 -4 17 3 -2 -7 -21 23 
-5 14 -20 0 -2 -1 7 6 
-2 47 89 20 5 5 17 16 
23 -8 -33 -20 -6 -2 -7 14 
-14 -5 14 -1 0 0 5 -4 
1 8 -10 -2 -2 1 -3 0 
7 -14 -25 -11 -5 -5 4 2 
-16 5 61 15 1 2 -8 3 
-7 -23 -30 -4 2 1 5 1 
-19 -9 21 8 -4 -5 -4 0 
-6 2 -11 -23 -1 0 -19 -10 
-16 -11 9 -4 -2 -1 26 20 
10 -11 -25 4 0 -3 -10 -15 
-5 -21 15 -4 -3 4 3 4 
-13 36 23 -2 -4 -4 -4 -10 
20 -16 -39 0 -5 -3 -8 -3 
6 7 76 19 11 8 5 6 
17 -4 4 -1 1 -6 -5 10 
-9 -10 -18 2 -4 -3 2 -9 
26 4 -14 -22 -7 -5 -7 20 
-17 25 -40 -13 -11 -3 -2 -23 
6 -1 13 4 1 0 -9 2 
32 -25 -26 -5 -1 5 21 30 
-41 8 8 13 7 -2 -15 -39 
-15 -15 -17 -3 -1 -3 -2 -7 
-7 -9 -30 -18 -8 -6 -4 1 
-8 1 29 13 7 4 7 18 
30 4 -15 12 1 1 -1 4 
2 23 10 -10 -7 -3 -2 14 
-24 -8 -5 -24 -6 -1 5 -6 
13 -20 -37 -17 -11 -5 -5 -23 
21 13 11 10 3 -1 -1 10 
-9 -7 12 5 3 1 -3 -6 
3 -2 20 13 4 1 3 15 
19 2 12 -1 -1 -1 1 -10 
-19 -15 -9 -5 -3 -4 -6 3 
7 -4 6 5 0 1 0 14 
1 3 -1 1 0 -1 -2 3 
-8 0 -13 -5 -3 -1 -1 -21 
-4 -14 18 4 0 2 3 12 
19 12 -2 -2 -2 -3 -1 8 
-10 2 -9 1 4 2 -2 -14 
-8 4 4 -1 -1 -1 -3 -5 
2 13 8 2 -4 -2 -2 1 
-11 -12 -6 0 -1 0 -1 -4 
14 -4 -3 -3 -4 -2 -3 -11 
1 -7 -10 -1 -1 -3 -4 -1 
-7 0 11 -3 -1 -3 0 10 
-7 -5 4 0 1 -1 0 -10 
-1 9 6 2 0 -2 1 -9 
-3 0 -9 -3 0 -1 -1 5 
-6 0 4 -6 -1 1 -2 -15 
-2 -8 4 1 -2 -1 -2 -6 
-3 5 -1 3 1 0 4 2 
-12 -17 -3 -4 -3 -3 -5 -3 
-23 -18 -24 -2 -2 -1 -7 -35 
4 7 7 1 -1 1 2 1 
32 5 8 2 -1 -1 1 29 
-46 -3 -31 -13 -5 -2 -2 -35 
20 -5 -5 2 -1 -1 -2 9 
-3 -11 3 -3 -2 -1 0 -7 
-5 -8 -3 -1 -3 -3 -5 -4 
16 3 23 10 6 3 3 17 
1 7 0 -1 0 0 1 11 
-3 5 -7 -6 -3 1 -3 -8 
-10 9 9 -1 0 -1 -2 -12 
4 0 7 2 1 1 0 4 
2 2 13 0 0 0 0 -2 
-4 -4 -4 -2 -2 -4 0 -1 
-7 -5 -12 0 0 0 0 0 
-2 -13 -15 -6 -4 -3 -4 -6 
-5 14 10 1 1 0 -4 -2 
3 -3 -7 -4 -4 -3 -4 1 
-15 -6 -2 -3 -2 0 -2 5 
14 2 1 1 0 1 0 9 
-2 6 -1 0 1 0 -2 -16 
-17 26 -21 -3 1 3 2 1 
-8 -4 -9 -1 -3 -4 -1 -3 
1 1 3 -3 -1 -4 -1 3 
-5 -7 5 0 -2 -3 -1 2 
16 3 3 1 0 -1 -2 -2 
12 2 -8 -5 -5 -2 -6 13 
-6 -12 -24 -1 -1 2 -2 -8 
1 5 5 -3 -2 -2 -4 -5 
-1 -19 -6 0 0 -1 1 3 
-8 15 8 -3 -3 -1 0 -7 
28 -15 -3 -3 -4 -4 -7 -10 
-5 3 1 3 4 3 3 24 
16 -15 -9 -2 -1 -3 -4 -13 
-2 1 -7 -1 -3 -3 -3 -7 
-3 10 14 0 0 1 1 10 
-3 4 8 1 -2 -1 1 -29 
-31 3 15 0 0 -1 -1 0 
-1 -3 5 1 3 1 5 11 
9 6 6 1 -1 -4 -6 -11 
-13 -18 4 -3 0 2 3 13 
-2 -13 -18 -7 -7 -5 -4 -6 
7 0 5 -3 -3 0 0 -6 
-17 0 -38 -5 -4 -3 -2 -4 
8 -5 -7 -3 -2 -2 -2 7 
5 15 18 2 -1 3 1 -1 
12 -3 1 -2 -4 -1 0 -3 
0 -7 5 1 2 1 2 25 
4 4 -3 -2 -3 -4 -3 -25 
-9 -7 -8 1 0 0 -1 -2 
1 -11 -7 0 0 -4 -5 -8 
26 10 17 1 -1 0 0 24 
-31 -11 -9 -5 -1 -1 -1 -18 
11 3 10 3 3 -1 -2 10 
-8 1 -7 -3 -2 -1 -2 -10 
-7 4 20 6 0 -2 0 -8 
18 3 4 2 1 3 2 6 
0 8 24 7 3 1 -2 -15 
-16 0 -11 -4 -2 -2 1 -6 
-9 0 0 -3 -1 -1 -1 -16 
10 2 -15 -1 -4 -4 -1 13 
-17 -11 20 4 3 1 3 -1 
9 -5 -1 -3 -1 -1 -4 2 
-18 -10 -2 -5 -2 -1 -1 -4 
10 -20 -16 -5 -3 -5 -6 -13 
25 18 -22 -1 -1 -1 -2 -8 
-17 -15 -2 0 -1 -2 -1 -9 
-16 -12 -2 0 4 3 1 -10 
4 14 -8 1 0 -5 -5 4 
17 -7 -14 -2 -1 2 1 5 
-2 -4 7 -1 -1 -3 -2 -6 
-3 -3 -10 -1 -3 -2 -3 -9 
-8 -2 6 -1 -2 0 -1 0 
-7 -1 7 -1 -2 -2 -2 -1 
3 13 10 3 1 0 1 8 
-17 -12 -1 -1 -1 -2 -2 -4 
6 8 5 1 0 0 -3 -8 
-20 -11 -1 -5 -6 -2 -2 -4 
10 -1 10 0 0 -1 -3 -2 
4 2 -26 -9 -2 -4 -1 5 
-6 -15 4 0 -1 -1 1 17 
-34 -9 -3 -7 -5 -6 -5 -50 
-6 -4 -5 2 0 0 -2 3 
18 31 35 9 2 4 2 1 
-35 -18 -10 -9 -5 0 -1 -12 
11 -9 -6 -4 -2 -3 0 20 
-6 -3 7 5 1 1 0 -3 
2 -4 9 2 -2 -2 -3 -8 
2 -8 16 1 -2 0 3 16 
-2 5 -5 -1 -2 -4 -3 4 
5 14 11 0 -2 0 0 -4 
-9 -6 -12 -2 0 0 1 -7 
18 8 4 1 0 0 1 30 
-17 -4 7 3 2 0 -2 -34 
8 0 5 -3 -3 -2 1 10 
-3 3 -5 0 1 1 0 -1 
-3 6 -2 1 -1 -2 1 0 
7 2 -9 -5 -3 0 -1 13 
-14 -4 -21 -4 -1 0 -1 -12 
6 -1 1 -3 -3 -2 -2 15 
16 4 -4 -3 -2 -4 -1 -4 
-32 -7 -4 0 0 0 -3 -15 
0 0 5 1 0 -1 -1 2 
8 -13 -27 -9 -5 -5 -4 5 
-3 0 10 2 3 2 1 -10 
12 -9 -14 -4 -4 -2 0 16 
-4 9 -6 -4 -2 -2 0 2 
-2 27 10 2 -1 -2 -3 -7 
-8 -11 -8 -6 -4 1 2 -1 
6 -2 18 2 1 -2 -1 -10 
-6 -13 -19 -1 0 1 -1 -4 
-8 -2 13 2 -1 -3 -1 -19 
2 -7 -23 -6 -2 -3 -2 -2 
5 0 -2 -3 -2 0 -1 16 
2 5 -9 -4 -3 -4 -3 -9 
-9 0 -7 -3 -2 -2 1 2 
-12 1 9 2 -2 -1 -2 -11 
12 -5 -7 -2 -1 0 1 2 
16 4 2 -1 -1 -3 1 18 
-18 -2 -24 -6 -4 -4 -2 -16 
-5 -3 3 -1 -1 1 -1 -7 
8 4 -2 3 2 1 4 21 
-18 -1 -7 -5 -3 -3 -1 -12 
-1 6 8 3 2 0 -3 -13 
3 4 3 -1 0 -4 -4 -3 
-6 4 5 0 0 0 -1 0 
33 -12 2 0 -4 -1 0 36 
-15 -3 -2 -1 0 -1 -3 -44 
-1 9 -5 3 -1 -4 -5 -2 
11 14 25 3 2 2 2 14 
-14 -16 -18 -6 -1 -3 -3 -13 
2 -4 3 0 0 1 3 17 
5 -6 2 -3 -4 -2 -1 -6 
-7 -11 -13 -2 -4 -3 -4 -7 
-7 1 -6 1 0 0 0 -13 
-14 -14 -5 -4 -4 -1 -2 6 
3 5 2 0 -1 -1 -3 0 
-1 -3 0 -2 -2 -1 0 6 
-6 -6 5 1 -2 -3 1 10 
28 -2 -6 -3 0 0 1 -4 
-32 -8 4 -1 -3 -1 0 10 
10 -3 1 3 2 1 -2 -18 
3 15 3 -2 -1 1 -4 -6 
8 -5 -7 -3 -3 -1 -1 20 
1 12 10 -2 -1 -1 -1 -1 
9 -7 2 1 2 2 2 19 
-2 -7 7 2 4 1 -4 -17 
1 -14 -7 -4 -5 -3 -4 12 
-8 -1 5 0 -1 1 -3 -20 
-5 6 -4 -2 -1 -2 -1 -3 
-1 -4 -4 -3 -2 -2 -4 -5 
0 -10 1 1 -1 -2 2 9 
8 -4 -12 -1 0 -2 -1 2 
-5 1 5 0 -3 -2 0 -6 
3 -12 -14 -2 -2 -1 -3 6 
1 9 15 4 2 0 -3 -5 
-4 8 -3 -1 -1 1 -1 0 
-12 -1 -12 -4 -4 -2 -4 -6 
-5 1 2 -2 -1 0 0 -3 
8 5 -5 0 0 0 2 5 
14 0 3 -1 -4 -3 -2 -21 
2 -5 -3 -1 0 0 0 9 
-12 1 3 -1 -2 -1 -1 -6 
2 3 5 2 0 -1 -2 -4 
1 2 -13 -3 -3 -1 1 9 
0 1 -3 -2 -2 -2 -3 -6 
-7 -3 5 2 2 3 2 -5 
-6 -10 -7 -2 -2 -3 0 0 
1 -8 -9 -5 -2 -4 -4 6 
5 7 -4 0 -4 -1 0 24 
-10 16 4 -2 0 2 -1 -23 
-5 18 4 4 2 1 -2 2 
-4 -24 -24 -8 -4 -4 -1 0 
-3 8 -6 -6 -4 -4 -3 -2 
4 5 3 -1 -2 -3 -2 -3 
-10 -6 13 3 0 2 0 -10 
6 7 13 4 0 1 -3 1 
-6 -11 -7 -1 0 0 2 -2 
0 -8 0 1 0 -3 -2 -1 
-4 -6 -3 -9 -3 -4 -3 -12 
0 3 10 3 0 0 -1 0 
6 -7 -4 -1 -2 -2 -2 3 
-9 11 -3 5 0 0 -2 -26 
-8 -2 4 1 3 0 2 8 
10 1 3 -2 -2 -3 -3 -1 
-4 -7 -11 -2 0 0 -2 -8 
-5 -4 -12 -3 -1 0 1 14 
-3 -4 16 4 0 0 -1 1 
-9 11 7 -3 0 0 0 -4 
4 -12 -3 -2 -2 -1 0 4 
7 -5 27 1 0 0 -2 8 
-3 -2 -7 -4 -1 -3 -4 0 
3 -9 7 -2 -2 -3 0 6 
-7 -1 -2 -2 -1 -1 2 -5 
8 -4 -10 -5 -4 -3 -3 6 
-12 -15 -6 0 0 1 1 -11 
16 -8 -9 1 0 -1 -2 12 
-35 8 12 2 2 1 -2 -9 
-2 -5 2 4 0 -2 4 -2 
6 4 -1 -2 -2 -3 -2 0 
-3 -4 -23 -8 -4 -2 -5 -4 
9 -6 0 0 -1 -1 0 1 
-5 0 6 -3 -1 -2 -1 -6 
-1 2 2 1 -1 1 1 4 
-19 -5 -2 0 1 3 2 -4 
16 3 12 1 -1 -2 -2 11 
-13 4 -11 -4 -3 -3 -3 -28 
0 9 -6 -3 -2 -1 0 1 
-4 17 -12 -3 -2 -1 -4 -4 
8 -3 5 5 3 1 1 -6 
6 -13 -9 -2 0 -1 2 17 
-1 -2 -4 -4 -4 -2 -1 -1 
1 12 13 3 2 0 1 -5 
11 -2 -4 -1 0 -2 -2 6 
6 -9 -15 -6 -5 -4 -4 16 
7 2 1 -2 -2 -1 -2 -9 
-6 1 7 2 2 0 3 2 
-1 -2 5 -1 -2 1 -1 -8 
-14 11 5 -1 -2 0 2 10 
-1 0 -8 -3 -2 -3 -4 -5 
0 -11 -19 -5 -4 -4 -3 -2 
-5 -7 4 0 -2 -1 -3 -9 
-1 -21 -17 -6 -2 -4 -2 -14 
-3 -1 1 2 0 0 1 7 
-1 -1 7 1 -1 -2 0 -2 
1 12 5 1 -1 -1 -2 -6 
6 4 -1 -1 -1 -1 -2 5 
20 1 -6 -1 -1 0 -1 -1 
-9 -7 -10 -4 -2 -3 -3 -8 
-2 4 -9 -5 -3 -3 -2 -5 
2 0 10 6 3 0 -1 1 
-4 -5 -2 -4 -2 -3 -1 2 
20 19 26 10 5 5 1 21 
-33 -32 -51 -18 -6 -5 -8 -47 
-7 3 -6 -7 -8 -1 -1 -6 
1 -3 4 2 -16 -2 -2 6 
1 -4 2 2 -7 -3 -1 -2 
-2 10 17 0 -2 1 2 2 
2 0 1 0 4 0 -3 5 
-8 -8 -1 2 7 0 1 0 
-6 3 2 -2 2 0 0 -21 
-26 -4 -7 -4 5 0 2 25 
-2 -7 1 -3 0 -2 -1 1 
1 16 6 0 3 -2 -2 -3 
0 -6 9 0 1 -1 0 -1 
11 18 8 3 -1 0 2 4 
13 9 -2 -2 -2 0 0 3 
-8 -6 -8 0 1 -1 -2 -5 
-9 13 5 -1 1 2 1 0 
1 -2 -10 -1 0 -2 -4 -9 
1 -10 0 3 1 1 3 16 
2 -2 -8 -1 1 -2 -3 -17 
-4 -11 -11 -9 -5 -5 -4 -4 
4 3 4 1 -3 1 0 5 
2 6 20 9 2 -1 0 2 
0 -9 -35 -11 -5 -3 0 19 
-30 -21 -11 -3 0 0 -4 -52 
22 9 21 1 1 4 0 0 
4 -13 -29 -11 -9 -7 -6 1 
-3 1 14 -1 -1 0 -2 8 
11 14 -9 -1 -3 -1 0 12 
3 8 -8 -1 -1 -1 3 11 
-6 5 5 1 2 1 -1 -22 
1 -8 -6 -3 -2 1 0 11 
10 -6 -10 1 -1 1 -2 8 
-16 22 15 -2 -1 -3 -1 -6 
9 10 -2 -2 -3 -1 -1 6 
-3 -1 0 -1 0 -2 -3 -7 
3 -1 4 3 0 0 0 8 
8 -13 -4 -2 -2 0 -1 14 
-31 -16 -9 0 1 0 2 -32 
9 11 3 -6 -4 -4 -2 -7 
-6 -3 1 -2 -1 0 -2 -8 
8 5 0 1 0 0 1 15 
-1 7 2 -3 -5 0 -2 1 
-2 -7 -3 3 1 1 1 -2 
-3 -14 6 -1 -2 -2 0 18 
-11 -16 -21 -6 -6 -2 -2 -8 
6 6 -6 1 -1 -3 -6 -12 
-3 -1 -4 -7 -7 -2 -3 -8 
-1 -4 3 -1 -1 -4 -2 3 
-4 -15 0 7 5 2 1 -2 
16 -5 3 1 -2 -2 -2 8 
-7 -3 7 5 1 -2 -1 4 
-20 -8 3 -1 -1 2 3 -3 
14 -4 -21 -10 -6 -6 -6 -3 
-1 2 15 -2 -1 1 0 15 
8 0 -17 -7 -5 -2 -3 -11 
4 5 13 -1 0 -1 -1 12 
-4 -7 1 -1 -2 -2 -1 -17 
13 -9 15 -1 0 -1 1 39 
-11 8 7 3 2 2 3 -29 
4 5 0 1 -2 -1 -4 -7 
2 -1 1 -5 -5 -2 -2 -2 
-1 7 0 0 2 -1 0 7 
-8 -7 -2 4 2 -2 -2 -2 
0 -41 -24 -5 -2 -3 -1 8 
29 -6 -9 0 0 -4 -3 8 
-53 -5 21 -2 0 0 -4 -38 
5 -2 6 0 0 -1 -1 9 
-4 4 -13 -8 -6 -3 -3 -11 
-2 -2 2 3 2 -1 1 5 
-3 -22 -16 -4 -4 -3 -5 -16 
7 -8 -11 -2 -1 -1 1 13 
-11 20 4 -2 -2 -1 -4 -27 
-15 -3 11 3 5 2 1 -8 
5 -10 -11 -6 -4 -2 1 0 
-4 -1 6 -1 -1 -1 0 2 
16 7 -5 -4 -3 -2 -1 9 
-8 1 0 -1 -4 -2 -1 1 
-11 8 8 3 -2 1 0 -25 
