#EMG
#5
#ID:5-22
-2 -2 -4 -3 -3 -4 -5 -15 
7 -2 -3 -1 2 -2 -3 6 
-1 6 -4 1 -1 0 -2 1 
-13 -9 4 3 4 2 2 -12 
10 2 16 1 1 0 2 8 
-3 -2 -32 -14 -7 -4 -3 2 
-6 4 15 1 -1 -3 0 -8 
8 -2 -10 -6 -6 -2 -2 -1 
12 1 -6 1 -1 0 1 12 
-8 -3 -6 -2 -2 -2 -5 -16 
4 -6 -10 -4 -3 -2 -1 10 
-1 3 -6 -3 -2 -2 -2 -11 
-6 4 2 4 0 0 -1 1 
13 1 8 1 -2 1 1 14 
2 1 -2 -1 0 0 -3 -13 
-6 -10 13 4 3 0 -1 -2 
-15 -15 -48 -11 -5 -1 -2 10 
-4 -3 3 5 1 1 -1 -33 
4 8 -8 -5 -5 -4 -2 -5 
2 4 8 3 3 -1 -1 7 
18 4 12 0 0 0 2 21 
15 4 0 -3 -3 -2 -2 10 
-9 -6 -4 -5 -5 -3 -3 -9 
8 0 -6 -2 -3 -2 -4 -12 
-4 3 1 -1 -1 -2 -1 0 
-3 -4 -5 5 3 3 0 6 
-2 6 9 3 1 2 -2 -2 
7 0 -10 -6 -3 -4 -3 1 
-11 1 8 1 0 -1 0 -6 
-10 -6 -22 -7 -4 -2 -2 -2 
4 -3 -14 -1 -3 -2 -2 -1 
-9 3 3 -1 -2 1 1 7 
-11 -9 1 2 0 -1 -1 -19 
11 10 28 4 2 -2 -1 15 
16 -7 -28 -3 -2 -2 0 28 
-6 0 6 -3 -3 -2 -3 -16 
4 1 1 1 -3 -1 -2 -1 
-13 6 13 4 3 1 3 0 
-17 -8 0 -2 -1 -2 -2 6 
2 -2 9 3 0 -2 1 -2 
-1 -5 -5 -4 -3 -3 -1 6 
1 -1 -1 -2 -3 0 0 5 
-2 -2 -2 -2 -2 -2 -1 -8 
-4 4 2 -1 -3 -1 -1 -7 
-3 6 9 1 2 -1 0 -6 
-11 -5 -5 -2 -5 -5 -5 -3 
38 3 6 -2 -1 1 2 28 
-28 -2 4 -6 -3 -3 -5 -54 
2 -11 -25 -5 2 2 2 7 
-2 0 23 5 0 -2 -1 0 
-10 -5 -4 -2 -2 -2 -1 -6 
17 11 -4 -1 -2 -2 -1 11 
-6 1 -3 -4 -4 -2 -2 6 
8 -9 -13 -3 1 0 -3 -15 
-16 -5 14 4 3 3 2 -6 
1 -5 -3 1 1 0 0 10 
-2 3 7 0 -2 -1 0 -10 
-6 -8 -4 -5 -4 -1 0 7 
-4 -1 8 2 1 0 -2 4 
7 -4 -4 -4 -4 -4 -1 -4 
11 13 14 -1 -2 -2 1 9 
-15 -12 8 1 1 0 -3 -20 
6 3 -24 -9 -6 -4 -2 -1 
-3 -15 -10 2 3 -1 -2 -23 
-30 3 7 -1 -3 -4 -4 2 
16 18 -8 -3 -4 -3 -1 5 
-4 15 21 7 1 2 2 -15 
1 1 3 3 2 2 -1 25 
12 -13 -4 -5 -3 -3 -3 -24 
-9 9 -12 -2 -2 -3 1 2 
-6 -11 26 -2 3 13 28 11 
5 -6 -21 -4 -5 -10 -28 0 
14 5 11 2 -1 -1 0 4 
4 0 -9 -1 -2 -7 -9 -2 
7 4 10 0 -4 -3 -8 -5 
-10 10 14 -2 -1 6 22 11 
-4 -16 -42 -4 -4 -4 -1 1 
-3 -13 -4 -3 -1 -2 -5 -12 
7 17 6 5 0 -2 -2 7 
4 11 0 3 2 3 0 -12 
-8 -9 5 1 -3 -2 -1 0 
-3 5 -5 -4 -4 -1 -15 -6 
-7 -32 -13 -5 -2 -1 0 -6 
6 16 -3 3 1 -4 -4 9 
-1 6 11 3 1 1 2 -11 
-1 9 10 -1 -2 3 9 10 
-5 -10 3 0 -1 -4 -17 -15 
1 -2 -10 -1 -1 4 0 5 
8 -10 -6 -4 -2 1 29 -5 
-15 3 -5 1 -2 -8 -42 -33 
7 -6 0 -4 -6 -3 27 24 
-23 -1 24 -1 0 2 2 -20 
-1 -18 6 8 2 5 4 3 
11 -10 0 -9 -4 -4 -15 0 
-1 -8 -21 -8 -1 3 2 37 
12 -4 24 17 5 7 28 13 
-19 6 -1 1 2 -5 -34 -24 
17 -8 -19 -23 -12 -2 13 4 
-13 -9 -12 -5 -1 -4 -10 -29 
2 -8 -3 -3 -3 -1 -15 7 
21 19 29 11 2 -2 9 35 
-9 9 10 18 4 -4 -8 -41 
-8 1 -3 -13 -6 -2 45 3 
-11 -1 -9 -2 -2 -2 2 10 
4 -17 -27 -4 0 -3 -4 -19 
-14 8 -7 2 -1 1 32 31 
2 -24 17 19 3 -3 -21 -9 
0 -10 -12 -9 -2 -1 -2 6 
-7 -3 -10 -37 -12 -5 -9 -5 
6 -9 28 7 1 3 23 16 
2 55 17 9 1 -1 5 -31 
-1 14 34 10 -2 -4 -22 20 
5 -19 -56 0 0 -1 -10 -35 
-3 -16 -33 -13 -4 2 -8 3 
0 -1 30 13 0 -7 -13 -14 
9 42 -22 -14 -4 1 28 7 
-7 18 10 -7 -3 -3 -19 11 
-18 -4 25 13 9 4 -8 7 
2 -12 -38 -7 -3 0 -8 5 
0 -30 -29 -10 -3 -5 -14 -16 
-5 6 19 1 -2 -3 -1 -10 
6 9 -5 2 -1 -1 11 14 
2 -10 17 -6 -2 -4 -24 -1 
0 -21 13 3 0 -1 2 -9 
-3 -4 -28 -10 -2 2 7 7 
-1 -16 -31 -5 -3 -5 -1 -4 
1 3 0 -7 -3 1 -5 -3 
-12 -6 11 2 -3 -4 -9 -23 
-1 29 -13 7 2 2 8 12 
-2 -8 29 1 2 4 8 13 
-8 -10 -41 -11 -3 -3 -8 -9 
-7 -5 0 -1 0 -1 10 -4 
-3 8 31 19 6 5 2 5 
-4 2 34 8 4 -1 -17 -15 
4 -5 -8 -11 -5 -5 14 35 
4 10 -29 -10 -8 -3 -5 -11 
-2 -12 -18 -10 -5 2 5 -7 
1 19 25 4 -1 -1 -8 5 
-17 -23 -17 5 3 5 2 -20 
10 6 -6 -7 -1 -5 -10 29 
-6 -30 -5 -1 -1 -2 6 -25 
-6 -1 3 2 0 4 4 -18 
7 10 -9 0 -1 -2 -21 1 
4 -5 4 8 -1 -1 10 24 
0 0 16 -8 -4 -2 -6 10 
-2 6 -30 -6 -5 -2 10 -2 
0 7 6 -1 1 1 -3 0 
-4 -9 6 4 1 -3 -7 -6 
-2 -2 8 2 1 2 4 22 
-13 0 -14 -1 0 1 -7 -4 
-8 4 -6 1 -1 -3 -7 -4 
-14 -12 -9 -11 -8 -6 -9 -21 
-5 29 65 12 2 -3 3 4 
27 -16 -54 -14 -8 -11 -13 -10 
-14 1 15 4 3 8 4 -22 
-4 -7 -15 -4 0 6 24 20 
6 -9 19 2 -1 -4 -12 0 
-7 -14 -15 -6 -5 -1 2 10 
7 -11 8 13 1 -3 -2 -15 
-1 1 3 1 5 5 -11 -16 
23 -1 -20 -5 -6 -5 -4 31 
17 70 70 23 6 1 5 14 
-5 -15 -10 -16 -1 -4 -13 0 
-24 -21 -95 -36 -20 -9 -4 -18 
2 -8 14 3 -1 1 3 -15 
-3 0 5 -4 1 3 9 3 
7 9 -6 13 5 2 6 11 
17 -12 23 7 1 -1 -6 6 
-10 5 -17 0 -1 0 2 -7 
-1 -37 -87 -32 -17 -10 -7 25 
32 31 25 4 -2 3 -3 -25 
-43 -13 5 1 3 0 2 -22 
8 -17 -2 -7 -6 -6 -9 4 
-3 11 32 17 5 0 -2 -17 
-2 3 -11 -14 -3 -3 -1 3 
26 18 24 9 2 1 1 19 
-15 -14 -20 -2 -6 -5 -21 -32 
-11 -17 18 4 -1 -3 10 5 
-16 -12 -10 -14 -8 -5 -4 1 
5 11 10 10 2 -2 -8 2 
-18 10 32 9 9 8 12 -5 
7 -9 -14 -5 -1 -1 1 2 
2 -15 -6 -3 -2 -2 0 9 
-10 -9 22 -1 1 3 1 -30 
1 5 -15 -3 -1 -6 -12 13 
-12 -19 -19 -3 3 4 11 -20 
1 24 29 11 2 1 0 0 
5 11 -12 0 -3 -5 -5 12 
14 46 -15 -2 0 -1 4 -1 
-15 15 25 -2 2 3 2 -6 
-19 -18 -19 -1 -2 -2 -5 14 
29 3 -8 -2 -1 -4 5 7 
-17 -13 -9 11 4 1 2 -10 
0 5 -2 -16 -5 -5 -4 -4 
-5 -16 -10 -7 -7 -2 1 -1 
-6 3 18 -1 -1 -2 -6 -7 
15 11 -2 7 4 1 8 14 
-18 -25 -1 23 3 -2 -11 -28 
-9 3 -11 -32 -4 0 14 -4 
-1 9 -62 -7 -10 -8 -18 -13 
-6 -5 14 -3 -3 3 20 1 
7 7 20 4 2 0 -5 7 
6 27 4 12 2 -4 -7 -12 
-1 0 36 16 8 4 5 9 
-4 40 -2 -17 -7 -5 -11 2 
-15 34 25 1 -2 0 -2 5 
17 -10 -27 -12 -5 -2 2 10 
3 -4 38 1 2 0 2 -9 
0 -22 -11 0 -1 -4 -7 -8 
9 -11 -25 1 2 3 5 10 
12 8 -26 0 -3 -7 -9 -8 
-22 19 17 0 -2 1 6 1 
2 -20 13 1 0 0 2 3 
2 -38 7 -5 -2 -3 -14 -7 
-2 -12 -21 -2 -1 -1 3 3 
4 1 -1 -9 -4 -3 5 -6 
6 1 -27 8 1 2 -2 3 
7 13 -25 -17 -2 -4 -7 -2 
-8 0 30 2 -4 6 9 6 
6 -16 -9 1 2 0 -5 15 
-17 -15 13 0 -1 -2 -3 -7 
11 7 -8 11 1 0 0 8 
-10 -2 -17 -2 -1 -4 -11 -15 
19 -4 -13 -2 -1 1 3 11 
-1 -17 -4 -4 -5 -4 -3 8 
-1 0 -6 -5 -2 -2 2 -9 
-6 -14 38 18 5 -1 0 -1 
-8 -6 -1 -8 0 0 -3 -7 
-11 -5 -6 -11 -5 -2 -1 -9 
20 10 -5 -1 -3 -3 -4 0 
-15 6 -7 -3 -1 0 -8 0 
-7 -6 27 11 3 2 26 13 
-3 6 -24 -10 -3 -4 -6 -4 
-10 3 21 3 1 -1 7 -14 
-2 -14 -13 -20 -7 -2 -6 13 
-1 16 10 3 -2 -1 -3 6 
27 16 39 9 5 3 -23 8 
-1 -56 -52 -14 -10 -9 7 32 
-16 7 6 6 3 5 52 1 
-7 -5 16 12 2 -2 -19 14 
16 -11 -1 -6 1 0 11 31 
-18 1 -5 -6 -2 -7 -2 5 
-36 -10 31 10 7 6 8 -28 
58 -6 -33 -10 -6 5 -37 -2 
-36 -14 -7 13 0 0 42 45 
-23 -2 16 1 2 -8 -46 1 
37 -15 -16 -14 -5 -4 -7 24 
-30 77 82 41 8 2 16 -47 
10 7 -83 -48 -7 2 -68 -33 
-6 -6 -66 -13 -6 3 34 -11 
-13 -21 -5 -3 -5 4 43 39 
19 -36 -9 -2 -5 -9 -34 -12 
1 32 64 17 1 -14 -58 -28 
2 -21 -11 -8 3 -1 23 21 
5 7 -13 7 -5 -12 -24 -33 
-18 -24 -12 -6 0 14 65 13 
-2 16 48 11 1 -3 16 5 
-7 -2 -23 19 2 -4 -32 -1 
30 -29 -66 -34 -7 -6 -10 -1 
-15 -9 -65 -29 -14 -8 -13 -9 
3 -25 5 -11 -3 8 22 -1 
11 49 44 10 -1 7 1 -2 
9 24 55 30 12 1 -6 2 
-34 -2 -19 -2 2 -7 -4 0 
2 12 29 4 -3 1 16 6 
2 -30 -11 3 1 5 13 -5 
-27 7 -6 -5 -1 -4 -18 -33 
14 -6 3 -5 -1 -1 -2 25 
4 8 23 17 1 1 9 -18 
-13 -33 -15 -16 -10 -9 -13 -11 
2 6 6 -4 -7 -4 -17 0 
-3 -4 5 -4 -2 4 3 0 
10 -22 -21 0 -2 -4 6 -2 
-8 -6 11 -17 -9 -5 -6 -7 
-9 0 -10 -2 -7 -7 -8 9 
13 9 29 21 13 5 10 7 
-12 -12 -52 -19 -7 -4 2 -5 
7 12 9 -11 -3 1 0 12 
-6 -8 9 14 9 3 3 1 
13 23 22 -23 -7 -3 -11 -20 
-11 -21 -36 6 1 -2 3 -2 
14 15 40 10 6 2 6 18 
6 -7 -18 -9 -2 0 -3 -19 
-16 -13 9 17 6 0 -2 2 
11 -15 -34 -16 -1 1 6 -25 
-2 9 6 -5 -8 -6 0 -29 
-13 13 28 8 0 -3 -16 -9 
5 15 -1 -3 -2 -1 -3 -7 
14 8 -13 2 1 -1 -3 -4 
-12 -9 10 6 1 4 3 -5 
8 11 4 1 -1 3 -7 -9 
55 -8 -21 -10 -3 -5 -5 29 
-38 -5 13 6 -2 -6 -7 -34 
-6 -5 15 0 -1 0 -3 -12 
18 8 -7 -2 1 -1 0 14 
-21 -1 -30 -5 -4 -1 -3 1 
10 -7 -1 -2 -3 -2 3 8 
0 14 -3 4 2 0 0 -1 
-17 6 19 1 -1 2 3 -15 
-17 -16 -36 -6 -3 -4 -3 -11 
-11 -2 4 -2 -2 0 2 -6 
10 1 -8 -5 -3 1 1 9 
10 1 4 6 2 -3 -4 14 
-23 1 1 -7 -8 -7 -4 -7 
0 -1 -5 -5 1 2 4 18 
7 -1 -10 -3 -1 -2 -3 -10 
-1 2 11 3 -5 -5 -1 0 
-13 1 14 8 5 1 4 0 
-4 -8 15 -3 -4 -2 0 0 
16 -3 -28 -11 -4 -1 -7 12 
-7 0 6 1 1 -1 -2 -26 
-15 -7 -2 -3 -1 -1 8 -44 
9 8 22 12 4 2 2 3 
-11 -3 13 4 0 0 -4 9 
1 16 4 4 0 1 4 22 
4 -13 -12 -5 -3 -6 -12 -3 
-2 2 -6 -6 -2 -2 2 6 
-10 2 14 8 4 2 -1 -24 
-4 -9 -32 -13 -2 1 1 7 
12 -3 2 1 2 -3 3 24 
-2 -4 -1 -2 -4 -1 -8 -18 
4 1 -7 -6 -6 -5 -2 7 
-1 -2 0 4 2 0 -1 -6 
-9 -13 5 2 4 3 -1 6 
1 1 -21 -7 -6 -5 -4 -1 
-8 5 8 3 2 2 3 5 
9 0 2 -5 -3 -2 -4 -2 
8 3 -13 -6 -5 -3 -3 -4 
-16 -4 8 5 2 1 -2 -3 
3 3 4 2 1 -1 2 12 
-12 -9 -12 -4 -3 -4 -6 -24 
1 -3 -1 2 -1 -1 -1 2 
2 -1 6 5 1 0 0 10 
-7 -12 -11 -2 1 -1 -2 -17 
18 0 11 1 -1 0 -1 22 
-15 -4 3 -4 -5 -4 -1 -1 
2 4 4 -2 -1 -2 -3 -1 
1 -1 -11 2 0 2 -3 -2 
-13 4 6 0 -2 1 0 3 
-8 -6 8 -1 0 0 -2 -10 
-1 -10 -16 -7 -4 -3 -1 12 
-1 -9 -7 -1 -2 -3 -2 -5 
-2 0 0 0 -2 -2 -2 -1 
-7 1 -3 -5 -3 -4 -4 -7 
7 -1 -1 -1 -1 -3 0 7 
4 5 -2 -2 -3 -1 -1 -5 
0 0 7 0 -1 -1 1 -6 
15 -15 -7 0 1 0 0 20 
-42 -10 -1 -2 -2 -2 -3 -24 
-7 3 19 6 2 -2 0 -7 
0 -5 -14 -4 -3 -1 0 9 
7 8 9 0 -5 -3 -4 -4 
4 -4 -18 -2 -2 0 0 -2 
9 -12 -6 -3 -3 1 2 23 
-23 0 -4 1 -1 -3 -3 -45 
23 -4 0 -2 -1 -2 -4 -5 
5 7 13 4 0 0 0 1 
1 -6 0 -6 -4 -3 -2 4 
3 0 -8 1 2 1 3 16 
-17 0 -5 -3 -2 -2 0 -5 
2 0 12 0 -1 0 1 -10 
0 3 -12 -5 -2 1 0 7 
-4 -2 5 -2 -3 -1 -3 -5 
-1 -2 5 1 1 -1 -4 6 
-3 -8 -12 -3 -5 0 -1 -5 
3 8 15 2 0 0 0 -3 
-2 -3 -11 -2 -3 0 -3 2 
-5 1 1 0 -1 1 4 9 
8 1 -5 1 1 0 -2 -5 
13 -2 -12 0 2 2 1 -12 
-6 -1 17 -1 0 -2 -1 7 
-2 -5 -20 -7 -5 -4 -5 -6 
-3 5 2 -2 -3 -2 -2 8 
-2 8 5 2 -2 -2 -2 -10 
3 -8 -4 0 0 0 -1 4 
-2 -1 -16 -3 -2 1 1 6 
5 -5 9 0 1 -4 -2 -2 
-9 -5 2 -2 -1 -2 -3 2 
1 -2 5 -1 -1 -2 0 2 
-6 5 8 -1 0 0 -2 -8 
-7 2 -3 4 7 3 4 17 
11 1 8 -1 -2 -4 -3 -1 
3 -6 2 4 3 0 1 -6 
16 7 -2 -4 -2 -3 -3 -16 
-12 0 -10 -3 -6 -4 -2 -8 
-10 5 6 -2 -3 -1 -3 3 
-8 -5 2 -1 1 1 1 7 
4 -6 18 7 7 5 6 6 
-3 12 -6 -7 -4 -2 -1 10 
-22 1 3 -1 -1 -4 -3 -32 
18 2 -1 -6 -5 -6 -6 -6 
-6 -5 3 -1 -4 -1 -1 -3 
3 7 -6 -6 -3 -4 -1 -2 
-2 -10 -9 -4 -4 -2 0 -2 
1 9 -3 0 0 0 0 5 
-18 -4 -14 0 2 0 -2 -5 
-15 -7 7 2 2 -2 -1 -5 
26 2 -10 -1 -2 -2 -2 10 
-2 -11 -14 -7 -4 -1 -3 7 
-7 0 -1 -3 -1 -3 -4 -16 
7 -13 -8 -2 -1 0 0 9 
-13 -3 0 -1 1 -2 -1 0 
-5 -3 -2 1 0 1 2 -2 
-1 2 -3 -1 -3 -2 -2 1 
4 1 12 2 0 2 -2 -1 
-1 -2 -10 -2 -4 -2 -1 7 
1 -4 -3 -3 -1 -2 -3 -6 
-3 5 -16 -6 -4 -4 -2 2 
4 8 2 -3 -4 -2 -1 -5 
-3 -4 1 1 0 -2 -1 -1 
0 -1 3 2 -2 -3 -1 2 
-1 1 5 0 0 -3 -2 2 
0 -3 8 1 -2 1 -2 -5 
1 -6 -5 -1 3 1 1 1 
27 55 6 0 0 2 3 12 
-40 -16 1 -4 -4 -1 -3 -41 
2 -5 2 0 -1 -1 -2 0 
-2 -1 -12 -3 -2 -2 -1 -3 
-3 -16 -5 -1 0 -2 2 3 
0 -2 0 -2 -1 0 3 23 
15 0 -17 -7 -4 -8 -5 -5 
-9 -3 11 2 1 3 3 8 
3 -12 -8 0 0 -1 -1 -15 
-6 0 -8 2 3 1 -1 -17 
-9 -11 -4 -1 -1 1 2 -10 
23 9 2 0 0 1 -2 10 
-16 -12 1 -5 -5 -5 -4 10 
16 2 -3 1 -1 0 2 8 
3 3 6 2 2 -1 -1 1 
4 -2 3 -1 1 1 2 -2 
-8 -8 -14 -3 -4 -2 -2 -5 
-2 -16 4 2 2 0 1 9 
4 7 12 -2 -1 -5 -2 14 
-9 0 4 0 0 -2 -6 -7 
-13 -6 2 0 1 2 0 -1 
11 7 6 2 -1 -3 -2 1 
1 -3 -8 0 -2 -2 -2 3 
-3 7 1 0 -1 0 5 30 
12 3 -10 -3 -2 -3 -5 -30 
-10 -4 16 -2 -2 -2 -5 -14 
-12 -7 -2 0 2 2 0 -7 
-2 4 9 -2 -5 -2 -1 1 
0 6 8 3 -1 0 2 15 
6 -6 -5 -2 -1 -1 -2 4 
3 -7 1 -2 -3 -4 -2 -4 
-7 0 -3 -3 -1 -4 -2 -13 
-2 2 9 1 1 0 1 5 
-1 -11 -21 -6 -4 -2 -3 -3 
-3 19 14 5 4 4 4 1 
-4 -12 -17 -6 -4 -4 -4 -13 
-4 2 -9 -6 -2 -2 -1 0 
1 -4 -4 -4 -2 -1 0 1 
-5 3 6 -2 -1 -1 -1 -2 
-5 -6 3 0 -3 -1 -2 -9 
-2 1 3 1 1 -1 -2 -3 
2 15 21 4 4 2 5 17 
-1 -7 -23 -6 -2 -2 -3 -1 
12 -8 -11 -5 -3 -4 -3 -18 
-5 -14 -2 -1 0 0 0 0 
-1 5 -9 -2 -2 -3 -1 7 
6 -4 6 2 -1 -2 -1 2 
-8 -13 -19 -3 -2 -1 -2 2 
9 3 -17 -2 -1 -1 -1 -4 
-13 -5 6 1 0 2 2 -3 
0 -5 -3 -1 -2 -2 -2 5 
4 1 4 1 -1 -2 -3 4 
-4 -1 5 1 0 0 -1 0 
-3 0 -3 2 2 1 -1 -3 
-17 -19 -16 -4 -2 1 1 -8 
1 -2 11 2 1 1 -2 -14 
-7 -4 3 0 -1 -3 1 1 
6 5 -2 -5 -6 -3 -2 1 
6 5 -1 -3 -3 -2 -3 1 
-4 -4 -2 4 5 6 3 9 
-30 -27 -7 0 -2 -2 -3 -22 
3 12 1 -4 -2 -3 -2 -1 
2 1 -5 -2 -3 -3 -1 2 
2 -7 -4 -4 -5 -7 -6 2 
6 10 0 -2 -1 1 -1 11 
-4 -8 -5 0 0 -1 2 1 
-14 -10 -9 -2 0 0 -2 -14 
8 2 -1 -1 -1 -1 0 19 
-6 -13 1 -2 -2 -3 -3 -17 
-1 0 3 -3 -2 -5 -7 -8 
3 -8 9 2 1 4 2 4 
-21 -4 -15 -2 0 0 1 -10 
5 -2 0 -4 -2 -2 -1 9 
3 3 -7 -6 -7 -4 -4 7 
-3 -2 -4 -5 -7 -6 -4 -16 
-11 5 13 3 2 0 0 -9 
18 5 0 -1 -1 0 0 11 
-3 -7 -11 -2 -2 0 0 0 
-3 3 0 0 0 -2 -2 -1 
2 3 7 -3 -3 -1 1 12 
-10 12 12 2 0 -1 -3 -33 
-6 -4 -1 0 -2 0 -1 0 
15 -11 0 -5 -2 1 0 1 
-6 -1 -17 -4 -3 -1 -2 -9 
5 -1 1 -2 -1 -2 -1 24 
-26 0 5 4 3 1 -1 -19 
25 8 12 1 -2 -3 -4 10 
0 -6 -8 -7 -4 -3 -5 -8 
0 -9 -4 -3 -1 -1 -1 -4 
10 -1 3 2 1 2 0 2 
-12 1 1 0 0 -3 1 4 
3 5 8 -2 -2 0 0 -5 
10 -18 -7 -1 0 0 0 22 
-5 4 0 -2 -2 -4 -3 -27 
-17 -3 0 -2 -1 -1 -1 -4 
11 10 4 2 -1 -2 -1 1 
-6 -15 -13 -3 -3 -1 -2 -2 
5 20 10 2 2 2 4 28 
21 -1 -14 -4 0 -3 -5 -19 
-26 9 0 -1 -4 -2 -1 -5 
-7 11 12 3 3 1 1 1 
12 -8 -10 -6 -3 -3 -3 0 
-4 4 -8 -4 -1 -1 -2 5 
2 -4 7 2 2 2 2 3 
6 10 -1 -1 -3 -2 -3 -7 
-4 -12 2 -2 -3 0 -4 -2 
-10 1 8 -1 -3 -2 0 -2 
3 -1 -4 -4 -2 -3 -3 -3 
-11 0 -8 -3 -1 -2 -2 0 
14 -6 -6 -3 -2 -2 -1 2 
-3 2 0 1 -2 -1 -3 -6 
-2 0 8 2 2 -1 -1 0 
-1 6 12 1 2 2 0 3 
-3 1 -4 1 0 0 0 -5 
-8 3 2 1 -1 2 2 2 
-10 2 3 -1 1 1 0 -4 
10 -8 -4 2 0 -1 0 7 
-10 -9 -7 -1 2 1 -2 -41 
-8 -1 -15 -3 -2 -4 -2 0 
5 4 2 -1 -2 -1 -2 -1 
-1 6 13 -1 -1 -1 0 1 
2 -5 -12 -3 -3 -2 -1 14 
-6 -8 1 0 -1 -2 1 -5 
8 -6 -9 -2 -2 -2 -2 11 
-7 -3 -8 -6 -6 -5 -3 -8 
-1 7 12 0 -2 -1 -1 5 
-11 1 0 1 -1 -1 -1 -11 
3 -5 4 2 0 -2 0 1 
-8 15 16 1 1 0 -1 -4 
-6 -4 19 2 2 1 3 8 
2 -7 -9 -5 -4 -1 -1 -3 
-6 0 -9 0 0 0 -2 -9 
1 -3 8 1 -1 0 -1 -6 
-1 1 -6 -4 -4 -6 -3 6 
2 4 -3 -1 1 1 -1 9 
10 -6 1 2 1 1 2 8 
-21 -2 -11 -3 -3 -3 -2 -28 
15 3 -10 0 -2 -1 -4 0 
5 1 -8 -5 -6 -4 -3 4 
-4 -8 -9 -2 0 -1 -1 -6 
5 -1 -7 -2 1 0 1 10 
-5 21 26 5 2 1 3 2 
-4 -2 -2 -4 -3 -2 -2 -3 
18 4 5 -2 -1 -1 -3 21 
-15 -4 -8 -2 -2 1 1 -9 
17 -6 -11 -5 -3 -2 -4 -6 
8 0 14 8 5 4 4 15 
-4 -1 3 -2 -2 -4 -2 -32 
-10 -11 0 -1 0 -2 -2 2 
-3 -9 -8 -3 -3 -2 0 9 
-12 -3 -3 -1 -1 0 -2 -9 
5 2 -5 -3 -3 -1 0 0 
3 2 5 2 1 1 -1 -2 
-19 -15 -13 -3 -1 -1 -2 -6 
10 -3 0 -1 0 0 -1 4 
-12 -4 -4 -6 -5 -2 -2 -8 
3 -2 -8 -3 -3 -3 -2 2 
4 7 -5 2 2 2 1 5 
-6 2 3 -1 -1 -1 0 -1 
-13 -10 4 2 0 0 2 4 
1 1 -5 -3 -3 -4 -5 -10 
3 -3 -6 -5 -2 -2 0 -1 
-5 -2 1 2 3 0 -1 -6 
3 4 7 4 1 -1 -3 -5 
15 -6 -10 -6 -3 0 3 30 
-2 -5 -7 2 1 -3 -3 -13 
0 5 -3 -1 -2 -3 -3 -4 
-7 -4 3 1 2 3 1 7 
3 -3 2 1 -1 -2 -3 1 
-4 1 1 -4 -3 -2 -1 -10 
-9 -10 -16 -5 -4 -3 -3 -6 
1 9 0 -2 -1 -1 0 2 
-7 -8 -8 -1 -3 0 -1 -3 
8 -1 -6 -6 -5 -4 -2 9 
14 4 2 0 -2 -1 0 15 
-15 -7 2 0 1 1 -3 -33 
-4 6 11 2 -2 0 0 -8 
-6 -3 8 0 -2 -1 1 0 
-3 1 3 -3 -2 -1 0 4 
3 -1 -9 -2 -2 -3 0 0 
2 13 -8 -2 -2 -1 -5 -2 
1 -7 -5 1 0 0 -2 5 
-2 0 -11 0 0 0 -2 -10 
