#EMG
#5
#ID:5-65
-9 -16 -1 -2 -2 -1 -2 3 
-14 4 -3 -5 -3 -4 -2 -17 
2 -14 -3 2 2 2 1 -2 
-7 -6 -6 -4 -4 -3 -2 -7 
3 32 13 1 -1 1 1 3 
-14 2 1 -1 -1 1 -2 24 
0 1 -10 -3 0 -2 -3 -37 
12 9 0 -1 -1 -2 -1 -1 
-12 -27 -24 0 0 1 0 -7 
2 -15 11 -1 0 -1 0 10 
-11 3 -9 -2 -2 -1 -2 1 
-4 -1 -15 -2 -3 0 0 -1 
22 -10 -12 -1 -2 -6 -6 -5 
11 9 3 3 5 2 2 19 
-6 -4 -12 -3 -3 -3 -6 -20 
-3 -3 -7 -3 -2 -2 -3 -8 
-15 -7 -4 -4 -6 -4 -1 -2 
9 13 4 0 -4 -2 1 4 
4 14 24 3 0 2 2 12 
2 -8 -2 -1 2 1 3 -1 
10 3 -2 -3 1 -2 -4 -24 
-37 -12 -3 0 -2 -4 -3 -11 
1 9 10 -3 -3 -3 -1 18 
-3 9 6 5 3 1 0 -3 
1 30 2 -4 -1 0 1 0 
-11 -21 0 -5 -1 0 -2 -13 
-6 -11 -11 -2 -1 -1 1 4 
7 -9 6 -1 -1 -1 -1 6 
-11 -19 -7 -4 -3 -6 -3 7 
22 8 13 1 -1 0 -1 -3 
-7 -3 -17 0 -2 -1 -2 -15 
12 0 -5 -3 -5 -3 -3 15 
-26 -9 4 3 2 1 -4 -47 
7 -4 -12 -3 -1 -3 -4 -1 
7 -12 -12 -4 -7 -4 -2 3 
-6 2 6 -3 -3 -2 -2 -5 
-5 -19 0 0 0 2 1 11 
-6 -7 10 0 -2 0 1 1 
-2 3 0 -1 0 -2 -3 -8 
6 -24 -2 -1 1 -1 -1 2 
6 19 4 0 0 0 2 12 
-9 12 16 3 1 3 3 -5 
-1 -8 12 0 -3 0 -1 12 
-11 -10 -28 -1 -1 2 1 -4 
-2 -6 7 -3 -2 -4 -2 10 
4 -6 -19 -1 -1 -3 -3 2 
-6 5 3 1 0 0 1 3 
7 12 0 2 0 2 -1 -7 
-7 -3 -3 -2 -3 -2 -1 -13 
-3 -3 -11 -2 0 -1 -1 6 
-6 -10 6 0 0 1 1 -4 
6 -1 -8 1 1 -2 -1 9 
10 -14 -34 -5 -3 -3 -4 6 
0 3 -10 -1 -1 -2 -1 -4 
-3 4 6 -1 0 0 -1 0 
4 -3 13 -1 1 0 -2 -3 
-6 1 -5 -1 -3 -2 0 9 
11 -7 -5 -5 -4 -3 -6 -1 
-2 -8 -3 -2 -3 -3 -2 -4 
-10 9 -6 1 0 -3 -2 -1 
-9 -6 10 4 4 4 3 -7 
1 3 11 -2 -3 -2 0 -5 
-20 2 -2 1 1 0 -2 -3 
-14 -14 -16 -6 -5 -2 0 -11 
-5 10 4 -1 -1 -3 0 8 
4 11 9 -1 -2 0 -2 -11 
6 0 -7 0 2 2 3 19 
10 -2 -14 -2 -1 -1 -4 -23 
-11 10 5 3 -1 1 -3 -11 
-6 -8 -23 -3 -2 -3 -2 6 
6 -16 -24 -7 -4 -4 -4 -3 
-8 0 5 -1 0 2 2 -2 
7 -14 10 -1 1 0 2 0 
-1 7 17 2 0 2 2 -7 
-7 -5 8 -3 -5 -6 -14 -8 
25 13 8 1 0 -2 5 3 
-17 -12 -15 -4 -4 -1 9 3 
-7 4 14 5 5 2 -8 2 
-13 -10 6 2 2 1 3 -5 
-11 -2 -1 -4 -5 -4 -6 -2 
3 7 5 4 0 4 6 0 
11 -13 -39 -8 -4 -2 3 3 
16 16 17 9 6 7 -2 9 
2 -26 18 -7 -3 -5 -7 0 
2 27 21 6 -1 4 11 4 
2 -4 -8 -4 -1 -3 -9 -9 
5 2 -3 -3 -3 0 6 10 
2 6 6 4 2 -2 -13 11 
-13 -12 1 -5 -4 -1 -5 -36 
11 -8 -7 1 0 -3 -3 3 
1 8 1 -6 -7 -7 0 -1 
-6 3 10 -1 -2 6 31 34 
5 1 23 -5 1 -7 -20 -2 
-18 -14 -28 -1 -1 3 2 -26 
17 -20 -12 3 -3 -5 5 -1 
1 34 38 1 2 4 11 8 
-13 -3 -47 -14 -5 4 -6 6 
-2 0 41 14 5 3 -1 -7 
-17 -3 -12 -9 -4 -5 -1 5 
3 -18 -46 -5 -5 -3 -18 -18 
13 -13 -5 -15 -7 -5 2 25 
-10 11 25 1 0 -3 10 -4 
15 -1 -9 12 2 -1 -11 10 
-17 -18 6 13 4 -2 -10 -20 
-1 -11 -24 -3 -5 -3 5 -8 
4 -1 -13 -14 -4 -1 -11 16 
21 3 -33 -9 -1 3 2 -39 
-42 -6 13 11 1 -2 17 20 
6 11 6 0 4 4 5 -1 
70 -14 15 -2 -2 -1 -4 2 
-13 25 -10 -9 -3 -1 -3 -13 
0 15 12 -2 -1 1 0 -8 
4 5 13 12 2 -7 -24 -7 
-14 21 32 22 4 3 14 15 
4 10 -6 -16 -3 -1 -1 -8 
8 -10 -15 -8 -3 -2 -8 -4 
-6 -7 9 5 -1 -4 -4 9 
-17 -5 -8 -9 -5 -2 7 9 
6 29 47 16 6 -3 -8 -5 
-17 -20 -36 -12 -9 -5 -4 -15 
10 -24 -31 -2 0 0 5 20 
-18 6 -15 -2 -1 -1 -5 -14 
-10 6 44 14 -1 -1 2 5 
19 14 -15 -18 -3 -3 -3 -23 
6 -10 -1 -2 -2 -1 -5 25 
-34 25 14 -7 -6 -2 7 -22 
-15 9 27 13 3 -2 -3 -4 
10 -29 4 -4 1 2 4 9 
-17 -6 -44 -7 -1 -3 -5 -17 
11 -5 -2 0 2 -2 -2 -3 
19 5 9 0 -3 -2 -10 3 
-15 -1 -28 0 -1 -2 -1 4 
7 11 18 3 -3 -7 -18 6 
1 -4 -26 -10 -1 10 22 16 
5 7 -12 -2 -6 -5 -1 -21 
-11 -4 -10 -9 -4 -4 -12 -13 
-3 9 9 3 1 1 3 -8 
6 -4 11 -1 -3 -5 -13 12 
-21 -15 -21 -6 -1 1 1 -3 
9 -6 7 9 4 1 5 17 
-4 -47 -9 -5 -4 -6 -8 -13 
-14 43 15 2 0 -2 -3 -13 
3 24 -14 -11 -4 -5 1 13 
-3 -20 -12 0 0 0 -3 -16 
34 -3 12 1 0 -2 0 17 
-87 -23 -25 -5 1 3 3 -43 
21 -19 1 -5 -3 -6 -16 22 
17 15 13 2 -2 -4 -7 2 
-14 15 -1 -1 -2 -1 -2 -3 
21 -9 14 4 1 -1 2 25 
-24 -16 -4 -3 1 3 8 -44 
-19 15 11 2 0 -2 -1 -3 
19 15 11 2 -2 -2 0 3 
2 2 -13 -6 -4 -7 -11 1 
-11 -30 -19 -5 -3 -2 -4 18 
20 10 8 2 0 0 8 4 
-20 -7 -21 -6 -4 -4 0 -37 
12 8 14 1 0 2 4 5 
3 -1 -15 -8 -3 -1 -2 15 
5 8 -6 3 1 0 -7 -20 
-1 19 -24 -3 0 8 30 36 
0 -15 4 -2 -3 -6 -19 -7 
-5 -27 -11 -1 0 -4 -12 -14 
0 73 29 3 -3 2 10 16 
-19 31 30 5 3 -2 -12 -34 
16 -11 4 -9 -7 -8 -9 -5 
10 -1 -25 2 2 2 7 4 
3 -10 -9 2 -4 -6 -10 0 
2 10 24 5 5 3 4 -9 
7 -7 -33 -20 -14 -6 -7 9 
-3 12 27 1 -1 1 9 -5 
1 -20 12 13 5 1 -4 -3 
21 1 6 -2 2 1 1 17 
-8 -18 -7 14 6 -1 -4 -9 
2 11 -13 -26 -9 -1 14 27 
-2 -39 32 28 6 -2 -3 -20 
6 8 -74 -48 -20 -11 -16 -13 
-9 3 11 18 5 3 5 -4 
-9 -21 -31 -34 -7 -7 -8 -6 
-11 -11 -11 -11 -5 4 7 12 
-7 -10 21 29 8 2 -15 -14 
26 16 -2 4 3 2 15 24 
1 0 29 16 0 -4 -19 -1 
1 3 -12 -2 -1 -4 4 5 
-18 -6 -15 -10 0 1 4 -5 
4 7 14 3 2 0 -8 3 
-7 2 11 11 3 1 6 -7 
-1 -2 8 -12 -5 -6 -7 -5 
-8 -3 -16 -7 -5 -4 5 8 
-11 -33 -43 -12 -6 -3 0 -8 
3 -1 11 3 0 1 4 1 
5 55 21 -11 -4 -2 -3 0 
6 8 23 14 4 2 5 1 
7 -24 -16 -4 -6 -7 -21 2 
1 2 12 14 5 8 21 -2 
-5 -40 -95 -27 -11 -6 -7 8 
3 -19 50 6 4 3 2 2 
-9 -30 -10 -9 4 2 -2 -5 
2 2 -18 -3 -20 -4 -2 0 
-3 0 31 9 7 1 -1 -3 
-3 -11 -24 4 -4 -2 3 1 
2 7 16 -2 0 -2 0 0 
-11 -21 -41 -6 5 -1 0 -10 
-20 -24 -12 2 -3 -1 -3 1 
-7 -12 31 -17 -11 -7 -10 1 
11 25 10 10 2 4 11 4 
13 -20 -27 -9 -1 -3 -4 2 
-7 -18 -2 -1 1 -1 3 -3 
-10 3 43 8 3 -2 -16 4 
-10 -10 -17 2 -5 -7 -10 -6 
0 1 18 0 3 -3 -2 -8 
0 -26 -29 -13 -6 0 5 5 
-14 3 4 1 -2 -1 2 -10 
12 4 2 -7 -4 -3 0 0 
0 15 26 12 1 -1 -12 -5 
10 5 24 5 4 1 1 -4 
-5 14 -25 -3 -1 -1 3 -12 
-5 4 25 0 -3 1 0 10 
0 18 2 0 -1 0 -4 1 
10 10 9 1 1 2 4 3 
-5 0 -33 -2 -4 -1 -1 1 
4 -4 -11 -4 2 1 2 -3 
-13 18 -15 0 0 -2 -3 -12 
-3 51 -8 -4 -7 -10 -33 -6 
1 6 0 0 6 13 36 -8 
-8 25 9 -3 -1 4 14 28 
0 -6 38 -4 -2 -2 -14 -7 
-8 -17 -44 9 -1 -2 -5 -6 
15 -8 -32 -13 -4 -7 -20 -4 
3 -15 17 15 6 8 22 -20 
-18 -17 -16 -23 -4 -1 23 35 
18 10 11 -1 2 -4 -26 18 
-2 4 15 8 -1 -7 -64 -29 
-19 9 16 7 3 2 45 42 
22 -2 26 8 2 8 12 22 
-5 -7 -48 -10 -11 -16 -37 -15 
-15 -10 -37 -25 -1 22 79 -70 
-44 2 -15 -9 -5 -21 -76 -87 
20 3 34 25 9 -1 -51 -32 
-12 -52 11 18 6 2 38 38 
-19 27 1 -23 -7 -1 -2 46 
28 -15 -56 -26 -11 7 40 -4 
-7 5 12 28 3 2 -4 9 
3 7 16 -33 -1 7 11 -24 
-57 -18 21 23 -4 -12 -10 12 
29 31 73 18 8 1 -24 27 
-25 -34 -61 -23 -13 -6 -7 -11 
6 -12 -40 4 4 5 24 24 
20 -39 -7 17 2 0 10 34 
15 -11 -63 -39 -11 -2 -13 -14 
-2 9 -29 -5 -4 -5 7 -11 
-10 36 49 12 3 6 -1 -22 
18 10 29 0 -5 -5 21 18 
-20 -27 -48 5 2 -3 -12 -2 
6 3 -6 3 3 -4 -5 -21 
5 -21 -2 -16 -5 1 -1 7 
9 -31 -12 -2 0 -6 -18 5 
3 11 -10 6 1 1 9 -21 
-11 8 6 -10 -1 -2 12 5 
7 -13 14 6 -4 -5 -14 -20 
-13 -7 -10 -5 3 0 -10 -5 
-3 4 39 8 0 -1 1 2 
-1 -2 -15 -10 -5 2 9 -1 
-2 10 19 -2 -2 -4 1 -2 
20 -19 47 28 10 1 -4 3 
-7 -12 -77 -31 -12 -3 -7 -3 
7 16 -5 -11 -3 -2 -5 9 
-1 -10 -37 -18 -14 -7 0 10 
21 5 24 8 0 4 2 0 
-17 -23 -15 1 -4 -7 -10 3 
7 5 44 7 4 3 8 16 
-14 -19 0 7 2 -1 7 -25 
-13 5 -36 -15 -2 -2 -2 -14 
6 7 29 1 -2 -4 -5 10 
26 29 26 6 2 1 5 14 
-25 -11 -41 -18 -5 2 3 5 
-8 -9 -1 -1 -2 -5 -7 -1 
-7 -1 9 17 8 4 6 7 
-16 -36 -19 -9 -4 -2 0 -5 
-41 25 25 4 1 1 -4 -9 
12 5 -13 -6 -4 -3 -3 -2 
4 26 33 1 0 1 -1 -7 
1 -2 -8 2 -3 0 6 11 
-7 -5 8 0 -2 -4 -7 -22 
-8 11 -6 -2 -2 0 -2 -6 
-5 -9 10 4 0 -3 -3 4 
-4 -5 -8 -3 -3 -3 -8 -13 
50 17 19 6 5 4 14 50 
-17 -1 -16 0 -2 -6 -11 -29 
7 -8 11 2 0 1 1 -1 
-13 -2 -21 -5 -1 0 -3 1 
16 18 25 -2 -2 -1 0 -13 
13 -5 -6 1 0 0 3 25 
-13 1 1 -1 -2 -1 -5 -7 
-10 -13 -2 0 2 0 2 -17 
-4 -3 15 7 2 0 2 -6 
4 -2 -10 -7 -1 -1 -7 -3 
0 36 11 4 -1 3 6 3 
5 7 -2 -3 -2 -1 1 9 
9 9 -24 -3 -3 -4 -4 -5 
-12 3 5 0 -2 2 2 13 
30 -13 -14 -5 -3 -3 -5 13 
-13 1 11 2 2 3 3 -2 
-13 0 15 10 6 1 -3 -22 
12 -9 -21 -17 -9 -8 -5 14 
-7 -4 18 2 2 0 2 -1 
-2 -1 -1 0 0 -2 -1 -9 
-4 -2 -5 -5 -2 -1 -2 2 
35 8 9 3 1 1 5 11 
-29 -12 1 -2 -2 -1 -1 -4 
13 -2 -3 -5 -4 -2 -4 -9 
-3 -6 -8 -5 -1 0 -1 17 
0 3 2 2 2 1 9 -2 
-7 -5 -14 -5 -2 -4 -12 -19 
-5 1 10 4 0 -1 1 -6 
-3 1 0 -7 -5 -3 -2 3 
-10 0 3 0 2 0 -1 -3 
17 -3 12 4 2 0 4 8 
-16 -3 -7 2 2 -2 -2 8 
19 -1 -16 -11 -9 -5 -5 -5 
1 15 -12 0 0 -1 -2 0 
10 -18 -11 -3 1 -2 2 1 
-1 1 2 -4 -3 -4 -3 -3 
0 1 3 1 -1 -1 0 9 
-16 -8 10 -2 -4 -3 -2 -8 
1 0 0 -4 -5 -2 -3 -6 
3 -5 -2 -2 0 1 1 -1 
-1 -23 4 2 3 2 -1 -6 
-16 23 24 4 3 0 -2 -10 
0 3 -9 -1 -3 -3 1 -1 
1 -43 1 -2 0 -2 -2 1 
-7 11 -2 1 0 0 -2 -7 
3 -12 -7 -1 -1 -2 -4 2 
-8 14 0 1 1 0 2 1 
-11 0 -3 -2 -1 -1 -2 -11 
-4 -9 -8 -4 -2 -3 -2 -3 
-8 -6 -3 -2 -3 -2 -3 -5 
6 3 6 1 -1 1 2 17 
16 6 7 1 -4 -4 -2 14 
-12 4 -12 2 -1 -1 -3 -23 
32 13 -15 0 -3 -2 -2 13 
-5 0 5 -13 -3 -2 -5 -3 
-9 2 -9 -3 -1 0 1 -8 
0 -3 8 3 0 1 0 13 
3 -10 2 2 -1 0 -3 -3 
-8 -7 5 5 1 1 0 -10 
0 0 0 3 2 0 0 0 
7 -1 -8 -6 -4 -4 -2 2 
-13 -19 3 5 2 1 -1 -6 
-4 -8 -11 -4 -2 -3 -2 -6 
0 7 -1 -4 -1 0 -2 -3 
-2 6 4 0 -1 -3 -1 8 
-6 -7 5 -5 -4 1 1 -14 
-3 -5 -3 2 -2 -2 0 11 
-8 5 0 1 -1 -2 -2 -16 
0 -6 -8 -4 -2 -2 -5 -9 
0 1 4 1 -2 -4 -3 11 
43 -21 -10 4 1 0 3 25 
-52 2 -1 -5 -4 1 -3 -54 
15 -4 -5 -6 -6 -3 -4 7 
2 2 -8 -6 -2 0 0 -2 
2 -5 9 4 1 -2 -1 -11 
16 -2 1 2 1 -3 -1 2 
-13 2 3 2 1 0 2 -3 
-3 3 4 1 -2 0 -3 -10 
-5 14 2 -2 -2 -3 -2 6 
5 -11 -14 -1 -1 1 0 15 
-16 8 3 -1 -2 -1 -2 -11 
9 -13 -10 -3 0 -2 -1 8 
-11 7 12 1 0 -2 -3 -10 
2 -1 -11 -4 -1 -1 -1 7 
8 4 -8 -5 -4 -3 0 3 
-19 8 -9 -2 -2 -1 -1 -15 
-1 -10 -6 -3 -1 1 1 11 
-6 2 14 1 -2 0 -4 -18 
-1 -8 6 5 3 3 2 12 
-3 -4 2 1 0 -2 1 -11 
-15 5 -14 -1 -2 -1 -3 -10 
11 -8 -5 -1 -2 -3 2 27 
28 -14 -17 -3 -2 -2 -1 5 
-26 -1 4 -3 -2 -2 -4 -19 
-1 -1 1 -1 -1 -2 -2 1 
8 0 -6 1 1 0 0 9 
-1 -4 8 4 3 0 -1 -1 
43 -2 7 1 2 -2 0 13 
-15 0 -6 -3 0 -1 -1 -10 
4 -2 -9 -6 -5 -3 -4 8 
2 -2 0 0 1 -2 -3 -3 
-7 7 -14 -4 -3 1 -2 -3 
4 10 7 2 -2 2 2 1 
6 -4 6 2 -2 -1 -3 -4 
0 -11 -9 -4 -3 0 0 -1 
-14 -17 9 0 4 0 -1 1 
-14 -11 -13 -3 1 0 2 26 
16 13 8 5 3 3 1 -34 
-13 -5 1 -2 -4 -4 -4 -6 
4 -1 -9 -1 -1 -2 -2 9 
-5 -17 8 -3 -3 -1 0 -3 
50 3 2 -1 0 -2 0 19 
-69 4 8 3 1 0 -2 -11 
-4 -5 -2 -2 -2 -1 -1 0 
11 13 -15 -3 -5 -2 -5 -14 
-9 1 1 -4 -4 -1 0 -1 
12 4 -1 -2 -2 -1 -1 -3 
-9 -3 -4 -4 -3 -3 -2 2 
-12 -1 10 1 0 -2 -3 -9 
-28 -10 -11 -3 -2 1 1 -8 
10 1 4 -1 -2 -2 -1 3 
3 2 -21 -3 -4 -3 -2 -7 
6 -1 1 -5 -3 -1 -2 -5 
-6 4 1 0 1 -2 0 8 
6 3 6 -1 -4 -3 -2 0 
-7 -21 0 0 3 1 1 0 
1 -2 -3 -3 -3 -2 -1 -7 
-16 -6 -4 1 1 1 0 6 
2 -2 -13 -3 0 -2 -2 -1 
-4 10 12 1 -2 1 1 -1 
21 0 -7 -2 -6 -3 -5 6 
-20 -7 -1 -2 -2 -2 -1 -5 
23 7 7 -1 1 -1 -2 11 
-24 3 2 -2 -3 -1 -2 -15 
0 6 4 0 1 -2 -3 -6 
2 -6 -10 -3 -4 -3 -2 6 
-4 3 -4 0 0 -2 1 -5 
30 13 -2 1 2 1 -1 16 
-32 -4 8 2 3 5 3 -13 
8 5 2 3 1 -3 -1 -7 
-11 -1 -5 -5 -4 -2 -1 -3 
24 6 -1 -5 -3 -2 -5 1 
-21 -11 -12 0 1 1 0 -8 
-1 -23 -5 -3 -4 -2 -1 7 
13 -2 8 6 5 3 2 0 
4 -6 -15 -8 -7 -6 -2 1 
5 5 3 -1 -3 -3 -3 -9 
1 -1 -3 0 -1 1 0 19 
-10 -5 -4 -2 -2 -3 -4 -33 
-6 -1 1 0 -1 -1 0 10 
3 -4 6 1 2 1 2 1 
2 9 0 -2 -3 -2 -4 -3 
-5 -5 -5 -4 0 2 2 5 
-4 1 1 0 1 -1 -1 -5 
30 -1 -2 -3 -2 -3 -2 4 
-40 9 -2 -2 0 -1 -2 4 
-5 3 -2 -2 -1 0 -1 -6 
4 -8 -4 -1 -3 -1 -1 1 
1 2 7 3 4 1 1 6 
14 25 12 1 1 0 1 1 
-19 -26 7 -2 -1 0 2 2 
-16 -2 0 -4 -4 -4 -3 1 
-11 -4 -4 -2 -3 -4 -4 9 
4 -17 -1 -2 -3 -4 -4 -13 
-9 0 0 5 3 1 -1 -23 
24 6 15 6 3 1 -2 15 
-48 -1 -3 -6 -3 -1 -1 -13 
2 -1 0 1 1 0 1 12 
5 5 3 -1 -4 -3 -3 10 
-2 -7 -6 0 0 0 2 0 
22 1 -5 -3 -3 -4 -4 -12 
-1 5 3 -1 -1 0 -1 -8 
12 3 -6 -2 -1 -2 0 5 
-27 8 14 1 -1 4 4 -8 
-2 2 -2 -1 -2 1 -1 1 
10 -2 -14 -5 -3 -3 -1 -5 
3 -6 -10 -4 -5 -5 -4 4 
0 2 -4 -3 -4 -2 -3 -1 
1 -5 -4 0 -1 -3 -2 0 
-1 -3 0 -1 -1 -1 -2 -2 
1 18 9 2 2 2 1 5 
1 -9 -20 -3 -2 -3 -2 -2 
-3 4 -5 0 2 1 1 -10 
5 -9 5 0 -1 1 2 12 
13 -2 -12 -5 -4 -3 -3 2 
-2 2 -1 -2 -1 -3 -3 -8 
6 -11 -7 1 3 0 0 -4 
1 0 1 -1 -1 -2 3 18 
-10 19 16 -1 -2 0 -1 -19 
10 8 7 0 0 -2 -5 -5 
-4 -2 6 1 1 0 -1 9 
0 1 -11 -4 -1 0 0 -14 
-1 14 6 -1 -3 -3 0 13 
-8 -9 -1 -2 0 0 -1 -4 
11 -5 5 1 -1 -1 0 0 
-15 3 2 -1 -1 -1 -2 1 
13 -3 16 7 3 2 3 9 
-26 -12 -19 -7 -5 -4 -5 -10 
-10 -8 1 -3 -3 -1 -1 1 
10 -9 -3 -2 -4 -1 -3 7 
-10 -3 -7 -2 0 0 -3 -14 
8 2 6 1 0 0 2 -3 
-1 2 -5 -3 -3 -2 -1 3 
10 -1 2 1 2 -1 -1 -4 
8 8 6 2 -1 0 -3 1 
-22 -17 -16 -6 -1 1 0 -2 
-4 -6 -1 -5 -6 -4 -3 -4 
-5 -2 -4 0 -1 -3 0 -5 
-21 -17 -2 -4 -3 -4 -3 -2 
9 6 7 2 0 -1 3 1 
9 3 -2 0 -3 -4 -2 1 
-8 2 6 -4 -3 -1 -1 -6 
11 -7 -28 -4 -2 -1 -1 -5 
0 4 -1 -1 -2 -1 -2 0 
1 -4 -4 -2 -1 0 0 1 
-7 -23 -9 0 -1 0 -4 -6 
-15 10 -11 -8 -4 -6 -3 12 
3 2 -3 -1 1 -1 -2 -19 
-3 -6 -4 -2 -4 -2 -1 16 
-14 -19 23 2 3 4 3 -10 
14 -4 2 -1 -3 -3 -1 5 
-7 -3 6 0 -2 -2 -1 -1 
8 -2 -1 0 -1 1 1 5 
-7 8 -6 -3 -4 -3 -3 2 
16 -4 -5 1 2 0 -2 1 
-23 -9 9 3 2 1 3 11 
19 3 5 -1 -4 -4 -2 -16 
8 25 10 -1 -1 0 -1 4 
-6 -4 -3 -2 -2 1 0 -6 
14 -9 -9 1 0 -1 -2 3 
-16 -6 -5 -1 0 -1 2 1 
-3 -11 -18 -1 0 -5 -3 -7 
5 11 6 -1 -3 -2 -2 2 
-11 11 6 -1 -1 1 1 -3 
11 1 -1 1 0 -2 -4 4 
6 -7 -18 -5 -6 -6 -3 5 
-20 -9 -11 0 1 1 -1 -20 
13 -1 -1 -2 -2 -2 1 9 
36 11 6 0 1 2 2 5 
-43 2 -2 1 0 0 -1 1 
6 3 2 -1 -2 -3 -6 -16 
-3 17 11 -1 -1 0 0 3 
1 6 -2 -4 -1 -2 -1 -3 
6 4 5 -2 -2 0 2 7 
-7 -5 -2 -2 -2 0 3 10 
2 -2 6 1 -1 0 -4 -5 
-12 -3 -6 -1 0 -2 -1 -4 
9 -1 -5 0 -1 -2 -2 -9 
-23 -12 -2 -6 -4 -2 -2 4 
12 -2 -3 -2 -3 -5 -2 -7 
-12 4 -3 0 -1 0 1 1 
0 9 4 -2 -2 -2 -3 -4 
3 -4 -7 -1 1 1 0 0 
1 -6 -8 -2 -1 2 2 12 
-21 2 8 0 1 0 -2 -7 
16 6 9 1 0 0 -2 -9 
11 -11 -13 -3 -4 -4 -2 8 
0 6 -11 -6 -3 -3 -2 5 
-15 1 -4 1 -2 0 -1 -9 
60 8 5 1 1 -1 -2 -2 
-58 20 12 0 -2 -4 -6 -9 
-1 -13 -2 -2 0 -1 -1 14 
-21 1 -2 -1 -1 -1 -1 -16 
9 -9 -8 -3 -3 0 -3 -6 
18 -22 0 -4 -3 0 0 8 
3 15 5 -1 -2 -2 -1 -3 
8 5 -8 -2 -1 -4 -3 2 
-32 -4 -4 -1 0 2 3 6 
26 -7 -1 1 -1 -3 -3 -13 
-11 -11 -5 -6 -7 -2 -2 -11 
-2 -13 1 -1 -14 0 -1 -2 
-10 -8 -20 1 -11 0 0 2 
-6 -8 10 -1 -6 -1 0 2 
7 5 0 3 3 -1 0 -3 
5 8 6 -4 2 -1 -2 7 
-15 -5 -3 -3 5 -1 -4 -7 
3 7 -5 -2 3 1 2 4 
42 -1 8 -1 4 1 -2 -2 
-26 -13 -9 -4 3 0 1 9 
1 15 2 1 3 -1 -1 -20 
-15 -13 -15 -5 -1 -3 -5 -7 
-3 -4 -10 0 -1 -2 -1 -6 
11 10 11 -1 -1 -1 -3 -1 
-3 -4 6 1 2 1 2 3 
14 18 0 -2 0 -1 1 10 
-11 -3 -1 -1 -1 0 0 2 
-4 -4 -4 0 -1 -2 -2 -8 
-7 0 9 -3 -1 -3 -2 0 
0 4 2 2 2 1 0 -4 
-14 -2 -6 -3 -4 -3 -3 -2 
5 -5 1 0 2 -1 0 -2 
1 6 4 1 0 0 0 1 
-2 -15 -8 -2 1 1 1 6 
-4 -3 3 2 0 -1 -1 -5 
3 -4 -5 -2 1 -1 -1 -3 
-2 -13 -3 -6 -3 -6 -3 -1 
-9 30 12 3 -1 1 3 2 
-3 11 1 1 1 2 2 4 
3 -5 2 -1 -1 -1 -3 -10 
-2 -6 -7 1 1 0 2 4 
8 -13 4 2 0 -3 -3 9 
10 2 -4 -1 -3 -3 -3 -15 
1 10 10 0 0 -2 -1 10 
-1 1 0 0 -1 0 -2 -5 
1 3 -5 -2 -1 0 -1 1 
-3 8 -1 -1 -4 -2 -3 0 
4 12 3 0 -1 0 0 6 
-3 -1 -3 -4 -5 -3 -1 9 
22 -9 -4 0 0 0 3 -7 
-20 -14 -4 0 -2 -3 -3 -9 
7 -3 -8 -2 -5 -1 1 8 
-9 2 -1 0 1 0 -2 -17 
0 5 -2 -2 -4 -1 -1 -5 
