#EMG
#4
#ID:4-43
9 13 19 4 2 1 0 6 
-7 3 6 3 -1 -1 -1 -5 
31 -7 -5 1 2 -1 0 28 
-5 5 9 2 0 0 -2 -34 
-5 -18 -7 -5 -5 -7 -8 -16 
2 7 -19 -9 -4 -2 -3 11 
-11 -7 -20 -6 -2 -1 -2 -12 
5 1 8 2 -1 2 2 12 
6 -4 -20 -4 -4 -3 -3 5 
-29 3 17 5 3 2 4 -8 
36 6 -6 1 0 1 0 10 
-20 -6 -14 -7 -3 -3 -6 -29 
8 2 13 1 0 2 2 6 
16 -3 -4 -4 -4 -3 -1 7 
-1 1 5 1 0 -1 -1 0 
3 -1 -9 1 1 0 1 21 
9 -3 -1 0 3 3 2 24 
-6 5 15 3 -1 -2 -3 -24 
-10 1 -24 -10 -6 -4 -3 -15 
-8 -3 3 -1 -1 2 3 8 
-9 -3 4 0 1 -1 -1 -11 
2 5 5 4 0 -2 -3 -1 
-11 -10 -5 -4 -3 -1 -3 -15 
14 13 7 -2 0 -1 -1 9 
-22 -6 -4 -5 -2 -2 -3 -7 
7 -9 2 1 1 -1 1 8 
-11 5 11 3 2 0 -1 -12 
8 3 -10 -5 -3 -2 0 15 
16 -10 16 3 -2 -3 1 30 
-17 -3 -26 -4 0 -1 -5 -18 
13 -2 8 -1 -2 -3 -2 12 
0 -2 0 -2 -1 0 -1 -5 
-11 3 -5 -2 -1 -1 -1 -5 
-13 -3 8 1 -1 -2 0 4 
33 -5 -22 -2 -1 -2 -3 23 
5 -7 7 1 1 -2 -3 -4 
-9 -3 -5 -3 -2 -4 -4 -18 
-4 -1 5 -1 0 1 2 12 
-7 -3 -9 -3 -2 -2 -4 -9 
2 -6 -5 0 0 -2 -3 5 
1 0 -3 -3 -3 1 0 -3 
-18 -4 -19 -6 -2 -3 -2 4 
-19 2 12 -1 -2 0 -1 -22 
3 -4 2 0 -2 -1 -3 -2 
-2 4 -11 1 0 0 -2 -1 
38 6 10 -3 -2 0 2 17 
-31 -3 -11 -3 -4 -2 -1 -25 
-12 6 0 -2 -3 -3 -2 7 
-3 -8 11 2 0 -2 0 -12 
-1 1 -2 -2 -1 0 -1 -5 
-2 3 10 0 2 0 1 6 
6 -4 -4 -3 -5 -1 0 3 
-2 -4 -25 -8 -4 -3 -3 -6 
-19 3 1 4 2 1 0 -13 
11 3 16 4 -2 -2 2 11 
0 -1 6 0 -2 -1 -4 -4 
-1 -4 -8 2 3 2 0 9 
2 -7 -12 -3 -1 1 -2 0 
16 -8 6 3 3 2 4 18 
-47 3 -3 -2 -3 -1 -2 -29 
1 6 -13 -6 -3 -2 1 15 
5 -2 -5 -4 -3 -2 -3 -7 
-7 -5 4 1 1 0 -1 -14 
5 1 0 -2 -2 0 1 24 
15 10 4 2 -2 -3 -4 -16 
-7 2 2 -2 -1 1 0 8 
9 2 -2 -2 -2 -3 -1 0 
-2 -7 -1 4 1 2 3 3 
-4 1 3 1 1 2 0 -4 
8 -4 -7 -2 -2 -3 -3 -2 
-18 0 16 6 2 1 -3 -16 
-1 6 -12 -7 -3 0 -1 2 
1 -4 0 -2 0 -2 -1 4 
-3 -1 1 -1 -2 -3 -3 11 
-6 3 2 3 7 5 2 -3 
-8 -9 -13 -1 -2 -3 -1 30 
-2 -4 11 -5 -3 -4 -6 -40 
6 4 -14 -6 -5 -3 -2 2 
-5 0 -1 -2 -1 -1 -1 0 
18 -1 4 0 1 1 2 1 
-5 11 31 5 2 4 3 18 
2 -11 -3 0 -1 -3 -2 -6 
2 3 -10 -3 -3 -3 -3 2 
4 4 2 -5 -1 -2 -1 -10 
-3 -4 -1 -1 -2 -1 -1 -2 
-18 1 4 -1 1 1 3 -4 
16 0 -3 -3 -5 -5 -7 -9 
-7 -4 5 -1 -2 -1 -1 -1 
5 -1 -32 -5 -2 -1 -2 1 
7 -3 -7 0 2 2 2 17 
-13 8 -6 -3 -2 -1 -2 -10 
-7 -10 2 4 3 0 -1 -25 
30 1 1 -1 -1 -2 -2 18 
-34 -12 -12 -5 -2 -4 -6 -43 
-1 -5 -6 2 0 2 4 13 
-2 -2 1 -2 1 0 -2 -14 
9 6 13 5 2 2 6 21 
26 1 18 6 -2 -3 -6 -7 
-8 4 8 -3 -1 -1 0 4 
6 9 -2 -3 -3 -2 -1 -6 
-11 -6 -20 -5 -2 1 2 9 
-1 14 -6 -7 -5 -5 -6 3 
2 2 2 3 3 5 5 22 
5 0 8 4 0 -1 -4 -24 
8 -4 1 1 -1 1 0 14 
-32 3 -1 -3 -4 -6 -7 -41 
-30 -4 -6 -3 -2 -6 -3 -8 
4 -5 5 1 -2 -3 2 17 
-18 1 16 -1 -3 -1 -8 -2 
1 -1 -6 3 3 4 3 -10 
26 2 -13 -2 -3 -3 1 4 
-15 13 9 2 0 -1 1 -7 
4 13 -11 -6 -4 -4 -1 -3 
-1 -17 -2 1 2 6 2 21 
4 4 -12 -4 -1 -2 -3 -6 
5 -9 -8 -1 0 -2 -3 7 
15 -13 -13 -2 -4 -2 2 -24 
-19 -3 -5 -3 -2 -1 1 25 
-30 -13 7 -2 -1 -4 -5 -35 
5 4 -21 -5 -4 -2 -4 1 
-19 -36 23 0 -2 -2 0 -4 
16 -5 -31 -5 -2 -1 1 7 
6 3 10 2 -1 -3 -4 -6 
-13 18 22 5 5 -1 -3 11 
8 -6 -6 -3 -1 -3 0 -11 
6 -4 14 1 0 2 11 1 
4 -5 7 -4 -4 -3 -3 6 
5 6 -7 -2 -1 4 -2 -3 
-3 16 2 2 1 1 5 19 
4 13 9 -5 -4 -7 -17 -8 
-4 -14 -19 -2 -3 -2 1 7 
-5 -14 -11 -5 -2 -1 3 5 
-8 -1 -3 1 -1 -4 -14 -7 
3 9 5 0 -1 -2 6 -1 
27 17 13 1 -1 2 4 24 
-1 -18 -17 -9 -4 -6 -6 -15 
-22 -8 -7 0 -1 1 4 -18 
-5 -6 2 -6 -4 -7 -10 -14 
20 -1 -3 2 2 3 2 18 
-21 4 2 2 1 0 0 0 
2 -8 0 -1 0 -2 -3 16 
7 7 13 5 1 2 9 7 
15 -1 1 -2 -2 -2 -3 0 
13 -3 -5 -4 -3 -2 -9 3 
-22 -7 -3 -2 0 -3 -2 -14 
-5 10 -2 1 0 1 4 -5 
-10 -9 -15 -4 -1 -2 2 10 
9 -4 1 2 1 -1 -2 10 
-13 13 2 0 -2 -3 -1 -62 
22 -14 6 -2 -1 -1 -4 24 
-16 14 20 1 2 1 2 -38 
-8 4 -81 -2 -4 -2 1 -4 
-6 -12 -12 -8 -5 -2 -3 3 
20 4 24 6 3 2 2 4 
-48 -16 -14 -11 -7 -4 -6 -12 
15 28 54 9 2 -1 2 24 
7 37 19 10 4 -2 1 -8 
-19 -26 -35 -4 -10 -4 -1 -11 
29 -15 10 -10 -6 -3 2 19 
-13 -28 -29 -14 -4 1 3 -8 
-2 23 31 2 1 -3 -6 17 
12 -4 12 5 2 -1 -4 3 
2 9 22 15 3 1 3 -6 
-14 -34 -18 2 4 0 -1 -11 
-7 -62 -59 -26 -14 -2 -1 0 
-13 -20 -64 -14 -8 -5 -7 -4 
-13 59 26 11 -4 2 1 -4 
12 -1 -34 -12 -7 -1 8 21 
2 -43 -45 -12 -3 -6 -11 -5 
-3 -48 3 8 11 8 4 6 
0 18 -26 -5 -1 -4 -3 -7 
4 -29 18 -1 -6 -5 -1 -1 
-14 30 42 19 6 5 6 -7 
0 18 4 -2 0 2 0 -1 
14 9 1 0 4 -1 3 40 
-7 -13 16 19 2 -3 -11 -86 
4 -4 -15 -22 -3 -1 1 21 
-26 11 0 -3 -7 -3 1 -6 
27 -26 -12 -13 -3 0 2 -4 
-9 19 28 -2 -4 -3 -2 6 
13 9 17 17 4 4 9 -4 
-10 17 35 8 3 0 1 -9 
-11 -29 -28 -2 -1 -4 -18 -18 
18 4 -14 -13 -4 1 5 32 
0 17 48 15 2 0 -5 -23 
-14 6 14 11 4 1 5 -4 
-11 -27 -55 -21 -4 -3 -1 -6 
-43 -10 25 -7 -4 -4 -12 -5 
6 7 -19 -7 0 1 3 9 
13 24 40 11 2 -4 1 34 
-13 -35 -60 -4 -5 -8 -8 -9 
-48 3 9 -15 -8 -6 1 -27 
-6 1 -24 -9 -5 -4 -11 11 
3 15 65 14 3 2 1 -10 
23 9 22 12 7 6 8 16 
-3 29 34 22 11 5 -1 -2 
-15 -32 -3 -3 5 2 4 -12 
13 -1 -23 -23 -7 -1 -3 19 
-5 -1 38 1 -6 -2 -5 -16 
20 13 19 0 0 2 1 -10 
-5 10 25 13 -1 0 -1 5 
23 3 2 15 11 4 0 -4 
-27 -20 -12 0 3 -1 4 -8 
1 -11 -19 -15 -3 -2 -1 -1 
12 2 -22 -15 -7 -2 -5 -6 
19 -12 -10 0 -3 -3 -1 3 
-25 5 3 -4 -4 -3 -2 -7 
28 -16 -15 19 4 1 2 29 
7 26 -4 -7 1 2 3 -3 
-7 0 -15 -13 -7 -6 -2 -9 
0 8 48 6 1 1 2 7 
41 5 -31 -11 -3 -2 0 4 
-22 0 0 4 1 2 0 15 
-26 -11 -13 -2 -4 -2 0 -1 
-15 3 10 -2 0 -1 -1 4 
12 -11 -7 -7 -5 -6 -6 -27 
10 -7 -1 7 -1 -2 -1 4 
9 -2 -7 7 -2 -4 -5 -7 
-52 4 -29 -15 -3 0 0 -15 
6 -17 -38 -17 -8 -1 0 13 
21 2 16 8 -1 -1 0 23 
-2 28 7 -7 2 -2 -5 -24 
29 -4 -33 -13 -4 -4 -5 6 
-12 7 26 8 6 2 2 -8 
-5 -16 -32 -4 -5 -4 -2 -3 
9 -3 -19 -4 -4 -1 -1 20 
22 2 11 7 0 -3 -4 -14 
-25 1 12 2 0 -2 -2 -3 
13 -4 7 6 0 -3 0 6 
8 -4 22 4 0 1 -1 -3 
-27 -14 -34 -12 -9 -4 -3 14 
-22 -6 -3 -13 -3 2 0 -6 
-8 8 22 5 1 1 4 -11 
-13 -3 2 -5 -2 -1 -2 -11 
24 -4 22 19 5 5 6 35 
12 0 -27 -5 -3 -3 -6 11 
-2 23 18 -5 -6 -4 -5 -19 
-14 -9 -31 -17 -8 -4 -2 -12 
5 5 23 3 -1 1 -1 -5 
2 0 2 7 4 1 0 18 
0 22 -1 -1 1 0 2 2 
-5 -15 20 3 1 -1 1 -9 
3 -3 -12 -4 -1 -2 -2 16 
-16 -3 -13 -8 -4 0 -3 -49 
9 -9 -10 -1 -1 -3 -5 -2 
-15 -21 -20 -7 -5 -5 -8 -24 
-3 19 25 6 3 3 -2 -18 
6 0 18 3 0 -2 -3 12 
-20 -17 -12 0 0 -1 0 -7 
9 -4 -20 -8 -5 -2 1 17 
8 -11 -14 -2 0 -1 -3 -31 
14 7 17 7 0 -2 2 22 
-1 4 -6 2 0 0 -2 -2 
-25 -1 29 -1 1 0 0 4 
27 13 6 5 -2 1 -1 24 
-22 -6 2 9 0 -1 -2 -28 
-40 -37 -47 -29 -6 -3 -3 0 
-4 8 -2 0 0 0 -1 8 
4 10 -2 -3 -4 -4 1 -8 
13 -24 17 10 5 1 1 20 
6 22 13 4 -4 -4 -2 10 
-6 -12 -5 4 2 1 3 -11 
-33 -16 -21 -15 -4 1 2 -9 
20 -2 -2 -1 -3 -3 -5 27 
4 3 9 -3 -2 -1 -1 -10 
7 20 28 5 1 1 -1 17 
46 8 -10 9 1 1 2 -8 
-36 -28 -5 -15 -8 -8 -7 -22 
11 -6 -8 -2 -2 -2 -2 2 
6 9 -5 -5 -6 -4 -1 2 
3 -26 20 5 4 4 11 21 
-10 15 1 0 0 -1 0 -15 
8 30 26 3 -3 -2 -7 4 
19 -3 -9 -3 -2 -4 -1 -5 
-61 -3 -5 -6 -4 -6 -11 -15 
8 19 -1 -1 -2 4 14 19 
-5 -8 -44 -1 1 -2 -1 9 
-1 -35 -32 -11 -4 -5 -15 -12 
15 12 6 4 0 3 -1 5 
-19 6 13 1 -2 -5 -12 -5 
-6 10 7 0 0 4 7 -10 
2 -21 7 -5 -4 -3 -9 -3 
-3 -4 -31 -2 -1 -1 -6 -3 
8 18 1 3 3 3 6 10 
11 -10 0 -5 -5 -4 1 3 
-7 3 -10 1 2 -2 -1 -11 
24 -7 15 2 2 2 4 42 
-34 -21 -12 -6 -5 -4 -3 -59 
0 26 46 8 7 6 -7 -1 
-3 7 -26 -3 -3 -3 5 -8 
17 10 15 5 1 -1 -2 7 
5 -6 -17 -4 -2 -2 -4 -1 
-3 -26 -25 -4 -3 -5 -8 14 
8 27 59 9 1 -1 -3 -22 
-28 -8 -21 -12 -5 -1 -2 -22 
15 -14 -8 -6 -4 -3 2 33 
-28 -9 11 2 2 -1 1 -31 
17 -3 -6 0 1 1 -8 10 
-12 17 24 -1 -3 -2 16 -25 
21 8 -28 5 4 0 -14 30 
-8 -13 -22 -8 -5 -3 3 -8 
-6 -22 -25 -6 -4 -1 -5 2 
7 -19 14 3 2 -2 2 4 
-17 -20 -31 -5 0 6 -1 -25 
32 -4 -10 0 -1 2 -1 12 
8 -24 -2 1 3 1 2 26 
-6 2 -24 -7 -6 -6 -9 -9 
12 28 29 4 4 5 12 30 
8 -1 8 0 -1 -1 6 17 
11 0 -5 -4 -4 -3 -13 -2 
-26 -13 -12 2 -1 -4 -10 -20 
8 10 21 -4 -6 -4 -8 1 
-2 -8 27 0 -2 0 2 7 
0 17 -3 0 2 -2 -19 5 
18 24 -6 -2 -3 1 26 28 
-1 12 8 3 3 4 23 44 
13 -47 -6 4 -1 -6 -20 -27 
-22 11 1 0 -8 -2 4 -6 
10 -1 15 4 3 -2 -13 -30 
3 -1 -6 -4 1 0 7 13 
-12 -31 -21 -4 -6 -4 -3 -27 
-14 -41 0 -4 0 0 16 7 
-7 -17 -19 -5 -3 -3 -10 0 
12 -4 1 -8 -8 -7 -8 -3 
10 19 16 2 -2 2 -2 4 
15 -22 -71 -17 -4 -1 3 -1 
-35 -6 27 24 7 2 -2 -9 
17 -2 16 -7 0 1 -7 -24 
-14 -21 -98 -20 -9 -5 -5 2 
5 26 36 11 2 4 15 23 
11 -14 -54 -10 -4 -2 -3 -5 
-2 22 37 18 4 0 4 5 
7 18 9 16 2 1 1 22 
11 38 7 1 6 2 -2 -30 
-4 4 17 -11 -6 -3 -7 14 
-3 -21 -27 -10 -7 -9 -13 -12 
-13 8 2 -14 -2 -1 6 -19 
9 -2 21 7 -1 -1 0 12 
-10 8 15 5 3 3 0 11 
10 -17 -22 0 -2 -4 -10 1 
-23 13 20 0 3 2 4 -4 
-8 -1 -15 -5 -4 -2 -3 -10 
8 4 28 15 2 -1 -1 -17 
-12 11 -23 -31 -7 -3 1 -8 
34 -2 23 2 0 2 1 39 
-33 -21 -55 -15 -2 -2 -4 -29 
8 -21 11 1 -2 -1 3 7 
-1 36 15 9 1 2 5 19 
-18 -3 -28 -6 0 -4 -1 0 
0 15 35 8 3 2 4 7 
-4 -9 5 -1 -2 -3 -4 -8 
-8 -26 -35 -10 -6 -3 -4 -19 
-2 -11 10 0 1 0 0 -7 
0 13 -13 2 -3 -1 3 16 
-3 13 -34 -13 -6 -4 -6 -18 
-22 -10 18 6 0 0 -3 -15 
7 9 4 3 -1 -2 -3 -1 
-7 -7 -4 -5 -3 -4 2 -5 
10 1 3 -6 -2 0 -1 10 
-8 -6 0 4 1 -1 -2 -16 
-2 -8 -2 -1 -2 -2 0 -5 
5 -1 -10 1 2 -2 -3 -1 
-7 3 0 -12 -3 -2 -4 3 
-11 1 6 6 0 0 2 -10 
17 10 10 1 -2 -1 -1 2 
-5 5 5 0 -2 -1 -3 0 
5 3 -7 -4 -1 -2 -1 -12 
-5 -6 0 2 0 0 -3 -7 
8 1 -1 -2 -1 -4 -5 3 
-9 2 -7 -5 -4 -1 -2 -4 
2 0 -2 -2 -4 -4 -2 0 
-10 -5 -8 -3 -1 -1 -3 -3 
-17 4 9 1 2 3 4 -8 
-1 7 11 1 -1 -1 2 4 
-8 27 3 -2 1 -2 -2 -5 
10 -1 13 3 0 1 2 1 
1 3 -4 0 0 -1 -3 5 
-12 -24 -20 -7 -6 -3 -1 -4 
11 4 11 2 3 3 1 2 
6 -4 0 0 -3 -2 -3 2 
-10 2 7 2 0 -1 1 -8 
15 -3 -12 -4 -5 -2 -3 14 
-10 -5 -8 -3 0 -2 -1 -10 
-9 8 7 -1 1 1 -1 -14 
-5 -11 22 1 0 1 0 -5 
-1 3 5 2 4 3 1 -10 
3 -9 -5 -2 -4 -4 -2 18 
-5 -7 0 2 1 0 0 -7 
0 0 0 1 0 -2 1 0 
8 7 16 2 -1 -4 1 26 
5 12 -1 -4 -2 -1 -4 7 
-10 -13 -4 2 0 -3 -6 -55 
-6 2 -10 -4 -2 -3 0 -5 
-8 -8 -8 -4 -4 -2 -3 4 
12 -8 -3 -3 -2 0 1 0 
8 3 7 4 -1 0 3 19 
-4 -16 -7 1 1 2 2 5 
3 -4 -4 -8 -6 -5 -9 -39 
-4 -6 -5 -3 -2 -2 -2 2 
-3 -14 4 -3 0 1 3 12 
-11 -6 -2 -3 -1 -3 -3 -8 
-1 -2 -1 2 2 1 2 6 
-2 -7 -3 -1 -2 -3 -3 -10 
0 -4 -7 -3 -3 1 -2 8 
0 -8 -17 -4 -4 -3 -1 -3 
-5 -1 -2 -1 -2 -1 0 -3 
15 -11 -6 -7 -4 -1 -2 -5 
-13 11 8 -1 -1 -4 -1 0 
-29 -1 9 4 1 -1 -4 5 
-5 17 4 1 0 3 0 -11 
-3 2 11 2 0 -2 0 0 
8 -1 -11 -3 -2 -2 -1 3 
11 1 -9 -5 -3 0 -2 5 
-16 -13 0 -1 2 -2 -1 -6 
-8 -9 -6 -2 -2 -2 -2 -8 
8 0 -1 -1 -2 -1 -1 14 
-2 4 -8 -4 -2 -1 1 -1 
1 1 8 1 1 1 0 -4 
-6 4 -2 -1 -1 -1 -1 -5 
-3 -3 -3 -2 1 -1 -2 1 
5 3 -3 1 -1 0 1 2 
8 6 1 -2 -4 -3 -3 -3 
-14 -10 19 8 5 6 6 12 
13 -4 -14 -5 -4 -4 -2 -10 
-7 2 1 -2 -2 -1 -3 -24 
-4 7 3 -3 -1 1 3 7 
-2 4 4 -2 -4 -4 -4 -11 
2 16 3 3 2 4 2 17 
6 -7 5 0 -3 -1 -2 3 
12 -1 13 0 1 -1 -1 1 
6 5 7 -1 -2 -1 -1 3 
-7 -5 -5 -3 -3 -3 -3 -3 
3 -5 0 -1 -2 -1 -1 7 
-8 -3 -7 -1 -3 -3 -2 -9 
-7 2 -2 1 2 1 -1 -2 
5 -2 3 -1 -3 -3 -2 0 
-3 8 2 2 1 -2 -1 -7 
9 -4 -10 -3 -5 -4 -3 11 
-9 -10 -11 -2 1 2 -2 -11 
-8 0 -12 -1 -1 -4 -4 -3 
9 3 0 -3 -1 1 2 10 
1 -9 -3 -3 -1 0 1 1 
-1 -1 -13 -3 -3 -5 -2 -5 
-4 -3 3 1 0 1 0 1 
6 -4 -4 -1 -1 0 -1 20 
-1 2 -8 0 -1 -2 -3 -21 
18 0 -3 -3 -1 -1 -2 -4 
-28 -7 -4 -3 -2 -2 0 -1 
-9 5 1 0 0 -2 -2 -24 
-4 -1 -1 -2 -1 -4 -2 1 
-1 -35 -18 0 -1 -2 -3 10 
12 10 -3 2 1 0 -2 -10 
-12 -7 9 -5 -5 -1 0 -12 
-10 -12 -19 -2 -4 0 -3 3 
-3 1 -2 -1 1 1 1 -11 
13 -11 -6 -3 -1 -2 -1 16 
-4 -2 -6 0 0 -1 -2 -2 
16 -4 10 1 3 0 1 8 
2 5 -7 -4 -7 -5 -2 15 
-18 8 7 -1 -4 -1 -4 -27 
21 -5 -4 -1 0 -1 0 2 
16 2 -1 -2 -1 -1 3 13 
-12 2 1 -2 0 -3 -6 -16 
-5 2 10 -1 -2 -2 -3 0 
-2 3 -3 -2 -3 1 0 -1 
2 6 4 3 -2 -1 -1 -4 
-6 -3 7 0 -2 0 2 7 
-7 -11 -4 -1 -1 0 3 -4 
7 14 4 -1 -1 -2 -2 -8 
-8 -4 -3 1 3 1 -2 1 
-4 17 1 -1 -1 0 -2 -2 
7 6 10 1 4 1 0 4 
2 -4 -14 -3 -3 -2 -2 7 
-15 -1 1 0 -2 -1 -2 -4 
-19 -2 -8 -3 -3 -3 -4 -11 
14 1 -4 -3 -1 1 -1 0 
-5 -5 5 -1 0 -1 -1 4 
-9 -4 -2 -2 -1 -2 -3 -10 
9 7 -5 -2 -1 -2 -2 7 
-3 -3 -5 -1 -2 -1 -1 8 
-6 3 10 1 -2 -1 -3 -9 
-4 -1 -1 0 -1 -2 -2 2 
3 -6 -2 0 0 2 2 2 
3 3 -2 -5 -2 -3 -5 -4 
-7 -2 -7 5 5 3 1 -1 
0 8 -6 0 -1 -1 -1 2 
1 -7 5 -3 -2 -4 0 -7 
8 -11 2 1 1 1 1 5 
1 -4 -5 -3 -4 -4 -3 -4 
-3 -1 -7 -4 -1 -1 -2 -6 
-3 -5 -3 -4 -4 -2 -1 3 
2 5 0 -1 -3 -1 0 4 
20 -12 -3 0 0 -1 0 10 
-41 -15 -17 -6 -4 -1 -4 -21 
1 11 -3 -5 -3 -2 -1 5 
-14 -4 4 1 -2 -2 -1 -18 
-4 -4 -4 -3 -3 -1 -3 -6 
8 -3 1 -2 0 -1 2 4 
2 -21 -8 0 1 -1 -2 -6 
-12 7 1 -2 -2 -2 -2 14 
-3 12 4 0 0 0 -2 -17 
10 -3 1 0 -1 -1 -2 0 
-6 -5 -6 -2 0 -2 -3 -2 
16 -2 6 -3 -3 -2 -1 22 
-11 -1 5 -2 -3 -2 -1 34 
-8 -2 5 0 -1 -2 -3 -42 
-5 -1 7 1 3 1 2 -1 
3 -4 -4 4 0 0 -2 -6 
3 3 3 -1 0 -1 -1 1 
-1 -8 10 -2 0 0 1 14 
-5 11 9 1 -2 -3 -3 0 
4 11 -4 -2 -2 -3 -3 -11 
-1 -3 2 -2 -2 -1 2 -3 
5 -3 -10 2 1 -1 -1 3 
-2 17 17 6 3 2 2 -9 
-4 -14 -18 -10 -4 -2 -1 10 
6 -2 -5 -3 -2 -3 1 -5 
-2 -9 -4 -3 -2 -4 -2 -11 
0 2 -8 -2 -2 -2 -2 -1 
7 14 4 -1 -2 -1 0 -4 
-23 -5 -6 0 1 0 -2 1 
-5 8 9 1 -1 2 1 8 
17 -1 -8 -1 -1 0 -3 0 
-3 -10 1 5 0 -4 -1 -5 
2 -12 -10 -5 -5 -1 2 9 
-6 16 10 1 1 -2 -5 -14 
-2 4 1 -3 -3 -2 -1 0 
16 -2 10 6 3 2 3 5 
6 -4 -14 -2 -1 -2 -2 11 
-1 -5 6 -3 -1 -1 -2 4 
-2 -11 2 -2 -4 0 2 22 
-6 -14 -36 -14 -9 -5 -6 -32 
-2 14 0 -1 2 2 1 10 
16 -3 -2 1 -1 -2 0 5 
3 -1 -7 -2 0 -1 -1 0 
-10 -9 3 -3 -2 -1 0 7 
-7 0 2 1 0 1 -2 -14 
3 3 -7 0 -3 1 1 11 
-3 -12 -18 -8 -5 -3 -4 -7 
-2 -2 -8 0 2 -2 -2 -5 
7 3 2 0 -1 -3 -2 -14 
2 4 -1 -3 -5 -4 -1 17 
-38 -3 6 3 1 -1 -2 -40 
-6 -1 2 2 2 3 0 -5 
3 1 4 1 0 0 -1 -7 
3 8 15 5 1 1 3 11 
-10 0 -1 1 -1 -1 -2 -18 
18 -2 -3 -1 -2 -1 1 25 
-3 3 -4 -2 -3 -3 -5 -11 
-8 -25 -11 -7 -3 -1 -2 -6 
-3 -11 4 4 4 3 1 7 
-10 -2 4 -1 -1 -3 -1 -5 
6 13 5 -2 -2 -1 -1 4 
0 -4 -5 -1 0 -2 -1 -2 
5 -3 3 -5 -5 -3 -3 1 
-4 -10 -15 -6 -2 -2 -4 2 
-2 -14 -11 1 0 1 2 -6 
-9 -2 -10 -7 -5 -2 -2 -7 
-2 5 10 1 -2 -3 -1 7 
1 5 6 5 2 -1 -1 -4 
-9 10 4 1 1 -2 -2 8 
3 -20 -14 -6 -1 -1 -3 -14 
7 -4 -9 -2 -1 -1 -2 -29 
-6 8 6 -4 -3 -3 -2 -2 
5 -3 3 -1 -2 -1 1 2 
-13 -5 3 0 1 0 3 9 
22 2 -4 -1 -1 -1 0 29 
-12 -6 2 -2 0 0 -1 -7 
-10 -20 -4 1 1 -1 1 -3 
11 22 17 6 2 -1 -1 -3 
-13 -15 -17 2 2 3 1 -1 
22 16 0 -2 0 -1 -1 24 
-5 -15 0 -4 -2 -2 -4 -8 
-4 -7 -12 -2 -2 -3 -2 4 
-12 -4 4 -3 -2 -5 -2 -9 
34 2 3 3 -1 1 5 36 
-37 -6 -6 -5 -3 -3 -7 -69 
-1 4 4 0 -1 -2 -3 1 
7 7 -12 -4 -4 -2 0 10 
-6 -5 -2 -1 -2 -1 -1 -15 
5 10 7 -2 0 0 2 22 
14 7 3 1 -4 -1 -3 -5 
-6 -1 -1 -4 -1 -2 -1 0 
-15 -3 -1 -1 0 -2 -4 -17 
1 1 6 3 1 -1 0 7 
-11 -3 -12 -5 -4 -1 -3 -4 
-9 -1 -4 1 0 3 3 11 
9 2 0 -2 -3 -3 -6 -20 
1 0 -13 -1 -1 -1 0 1 
1 7 4 0 0 -2 1 -1 
13 -1 8 -4 0 -1 0 23 
-14 -3 5 1 -3 -3 -3 -14 
12 1 -3 0 -1 -1 2 9 
10 6 -5 -1 1 0 1 7 
-7 -13 -11 -2 -3 -3 -2 0 
-3 0 -5 -4 0 0 1 0 
38 -14 12 8 5 4 3 48 
-53 -16 -2 -3 0 -3 -4 -66 
