#EMG
#4
#ID:4-9
-1 3 -12 -5 1 0 2 26 
13 -2 15 1 -1 1 -2 -13 
-25 -7 -5 -4 -1 1 -1 -5 
-2 6 11 5 0 -2 -1 4 
9 4 -6 -1 -1 1 -1 8 
-11 8 10 2 -2 -2 -1 -4 
4 -6 4 -1 0 0 0 -1 
3 0 -2 -3 -1 0 0 0 
-3 -8 -1 0 -1 -1 -4 -3 
4 -6 -18 -6 -4 -2 -2 2 
2 3 2 0 -2 -1 1 4 
6 8 6 -3 -3 -2 -4 -8 
-4 -17 -28 -3 2 0 1 -14 
-6 5 10 4 2 -1 0 -4 
8 9 12 3 2 -2 -1 9 
-23 -14 -32 -10 -6 -5 -6 -11 
-3 3 4 -2 -2 0 -1 5 
-3 8 9 2 -1 -1 0 0 
2 8 6 -1 -2 -1 -2 -10 
-2 -3 -6 -3 -2 -1 0 4 
-4 -1 0 -2 -3 -4 -1 -3 
-2 10 5 0 0 1 -1 -4 
-1 -6 -1 -3 -2 -3 -2 1 
0 2 19 5 2 2 0 -3 
-6 -9 -22 -4 -3 -1 0 -1 
1 -10 24 0 0 2 2 5 
-5 -1 -1 3 4 3 1 -4 
11 2 11 0 1 -3 1 7 
10 -5 8 -1 -4 -3 -3 -8 
2 -9 -4 3 3 -2 0 14 
-4 1 1 0 -2 -2 -3 -25 
-12 2 -4 -1 -2 0 0 -2 
-18 -3 -6 -3 -2 -3 -2 -2 
28 -2 -28 -9 -5 -3 -4 3 
-14 -7 -16 -3 -2 -2 -3 -4 
-4 -1 -4 -1 0 1 -1 -5 
3 5 12 2 1 1 0 1 
-6 -7 2 -1 -2 -1 0 3 
5 3 5 -3 -3 -1 -1 -2 
1 -3 -9 -4 -2 -3 0 -4 
8 -2 6 2 0 1 2 24 
-12 4 8 1 0 -1 -3 -33 
9 -6 -3 -2 -1 -1 0 6 
1 5 10 -1 -2 -1 0 1 
-7 1 3 1 0 1 1 -5 
-4 2 -15 -2 2 -2 0 10 
-2 -4 -4 3 -1 1 -2 -11 
-3 4 3 -1 -2 -1 -3 0 
-5 -3 -10 -4 -4 -3 0 -1 
-1 3 3 2 1 -1 -3 -9 
7 -2 0 -1 2 -3 -1 1 
-2 2 8 1 0 -2 1 4 
14 -5 6 -3 -1 2 3 16 
4 0 6 -2 -2 -1 -6 -3 
-9 3 -2 -3 -1 -1 0 1 
4 -8 -5 -3 0 -1 -1 4 
22 5 6 -1 -3 -4 -3 -18 
-11 -12 -16 -3 -1 0 0 3 
-12 -7 5 -3 -2 -3 -2 -6 
-9 -2 -8 2 2 0 1 5 
8 13 3 2 -1 -1 -5 -15 
-12 -8 -3 0 -2 -2 0 1 
-5 0 12 -1 -2 -2 -5 -1 
11 -1 -15 -2 -4 -4 -1 7 
-12 1 2 -2 0 -3 0 0 
9 7 18 2 -2 1 6 22 
0 0 2 -1 -1 -4 -2 -9 
32 14 6 -1 1 2 0 20 
-54 -16 12 -2 -2 -2 -3 -28 
-10 13 1 1 1 -1 -2 -1 
8 17 -10 -2 -4 0 2 0 
-5 -16 -8 1 3 2 1 -4 
18 3 -10 -6 -4 -3 -2 19 
-3 2 20 -1 -2 -4 1 -11 
6 -18 -24 -1 -1 -1 -1 3 
-13 12 -2 0 0 0 3 -18 
2 6 2 3 3 5 -3 23 
-8 0 -4 -3 -3 -3 4 -15 
22 52 53 8 2 -1 4 8 
7 -11 -19 -5 -2 -4 -13 0 
-3 -22 -11 -1 0 -4 -3 -16 
-5 -17 -17 -2 -3 -2 -10 10 
-20 -24 -5 -3 -4 1 9 -21 
8 12 32 4 3 -1 -11 4 
9 -10 -30 -4 -2 -1 3 12 
-43 10 1 -3 0 -4 -6 -55 
12 3 4 -7 -5 -4 -11 14 
-12 -5 -21 -3 -3 -2 7 -19 
11 1 -18 -1 -3 -1 -7 10 
10 2 8 0 2 4 4 10 
-2 -4 -19 -3 1 1 -4 5 
-17 -5 -4 -4 -1 0 -2 -19 
3 17 32 6 3 -1 6 -9 
-6 -34 -14 -8 -5 -3 -7 14 
-6 -5 -10 -1 -1 -1 3 8 
2 -9 5 3 5 8 11 -6 
8 -1 8 2 0 0 -2 8 
-7 23 36 3 1 3 -1 1 
0 -14 -8 -3 -8 -10 -12 -26 
-10 -11 -11 -4 -4 -4 -10 11 
-12 -1 -1 -2 -1 2 -1 -26 
57 5 -5 0 -1 -4 15 56 
-29 -19 12 4 4 -1 -10 -12 
-19 6 -4 -5 -7 -9 -3 -4 
-3 -4 -2 -10 -8 -3 -5 -12 
-2 20 -13 -1 -1 -2 -15 -3 
14 -16 -12 -3 -2 2 18 10 
6 5 3 5 0 -1 9 -9 
1 -15 22 -1 -2 -6 -7 5 
-13 -18 -8 -2 -1 2 -5 -14 
-12 1 -19 -5 -3 0 3 -5 
4 3 -13 -1 2 3 4 7 
18 41 26 4 -1 -3 0 15 
-7 -12 -62 -3 -1 -8 -8 -22 
-2 4 -6 -15 -6 -1 -2 12 
-6 21 37 0 2 4 1 -10 
-13 -32 -66 -16 -6 -6 -8 -8 
2 2 72 9 2 1 1 1 
-3 -12 -31 3 0 -2 0 1 
1 -2 70 9 3 1 2 6 
-10 -25 -78 -11 -1 -4 -9 -5 
-2 -7 12 16 12 8 20 -4 
12 -29 -72 -25 -22 -5 -3 15 
4 29 -21 -14 -11 -1 5 -10 
-5 25 34 16 2 -3 -14 -3 
-4 -68 -101 -37 -18 -5 1 -2 
7 -16 -14 6 7 2 -5 4 
-32 -13 -43 -25 -12 -5 -2 -33 
12 12 22 1 0 0 8 -21 
18 18 13 19 5 -2 -3 3 
5 15 71 -1 2 0 5 43 
-12 -21 -72 -2 -5 -3 -10 -40 
-9 0 14 9 3 2 8 5 
24 18 -1 -9 0 2 -1 4 
-19 22 48 25 8 3 9 -6 
19 -14 39 3 4 -4 -12 -4 
-16 -21 -83 -31 -13 -5 -2 6 
-15 20 45 19 5 4 -2 -21 
-11 -11 -51 -24 -11 -5 -6 -6 
10 -8 -2 0 -1 -4 3 5 
-11 6 48 8 6 2 0 -11 
-7 0 12 2 -5 -2 2 -3 
34 16 42 11 8 2 -3 -6 
-68 -18 -3 4 3 8 11 15 
21 -10 -15 -9 -4 -6 -7 -10 
0 -11 10 3 0 -1 -3 -3 
12 -15 -12 24 1 -5 -10 -5 
23 6 -25 -36 -1 3 4 11 
-25 2 -2 -3 -5 -1 8 -6 
-12 2 -30 -17 -16 -12 -18 6 
15 -6 19 3 4 2 -4 -32 
4 -12 -14 3 1 -4 0 26 
-43 -3 16 5 -2 2 1 -4 
22 -2 3 -16 -6 -7 2 24 
-32 15 -13 1 -1 3 2 4 
10 -3 22 16 5 1 -6 -35 
27 17 19 4 2 3 3 18 
5 5 -23 11 3 1 0 -4 
-44 -18 8 -20 -1 -1 1 13 
37 -4 9 8 -4 -6 -10 26 
-13 0 -1 2 -1 -2 0 -17 
-5 20 17 6 4 0 -4 -22 
24 19 44 7 2 0 5 13 
-2 10 2 -3 -4 -3 -5 -7 
8 4 41 35 14 7 7 6 
-12 -23 -80 -32 -9 -4 1 9 
25 -17 0 -11 -8 -4 -10 -3 
-5 -24 -30 1 2 0 0 -15 
-1 11 17 -1 -1 0 -1 4 
-23 19 34 11 8 5 5 -8 
30 5 -11 2 0 -1 2 32 
9 -4 32 2 -1 -3 1 -2 
-18 -1 19 7 3 0 -7 -6 
22 -21 -73 -22 -9 -4 1 8 
-7 -4 16 8 1 1 -4 -10 
-3 17 -8 2 0 1 0 13 
-6 -2 21 -4 -2 -1 3 8 
-1 3 40 5 0 0 1 20 
-4 -15 -22 -5 -4 0 -3 -32 
-10 2 -14 -4 -4 -5 -3 3 
-24 -8 -17 -30 -9 -2 -3 -16 
9 3 35 21 2 -1 -6 0 
15 19 -22 -5 9 10 12 19 
-3 -13 -30 -17 -12 -8 -3 7 
45 8 25 14 4 2 -1 15 
-44 -24 -38 -16 -9 -5 -5 -24 
-15 13 32 8 3 -2 1 -12 
1 -5 25 9 2 0 -5 6 
-4 -16 -22 -9 -7 -4 2 -14 
9 10 15 7 6 4 4 24 
1 -7 -10 -8 -5 -4 -4 7 
-5 9 15 9 -2 3 -1 -16 
20 -11 -32 -13 -6 -4 -2 4 
24 -1 5 -3 -2 0 -3 -10 
-28 8 2 -4 -3 2 3 -5 
21 -3 8 5 2 -7 -20 6 
-17 10 6 5 4 1 6 8 
-1 -8 -25 -15 -11 -4 -5 -24 
-2 -3 -7 3 1 -1 -10 2 
11 7 27 7 5 1 5 11 
-3 -12 -35 -4 -1 -1 -3 -8 
14 25 52 2 0 0 1 21 
-12 -24 -56 -3 -6 -5 -5 -34 
-15 -10 -17 -6 -3 -2 -1 -8 
23 -23 -19 -1 0 -1 -4 21 
-9 18 22 0 1 -2 0 -10 
-6 5 14 -2 -1 -1 -1 0 
4 -13 4 -2 2 0 2 2 
3 13 3 -1 -4 -1 2 15 
-19 11 -1 -2 0 2 8 -8 
24 5 1 0 -2 -5 -10 7 
1 -11 -32 4 -1 0 -3 0 
-28 3 6 -14 -3 0 1 -21 
0 -22 -34 -5 -4 -1 -7 -11 
-10 8 3 -4 -2 -3 1 -15 
-4 -17 23 2 0 2 -1 5 
-1 -29 -36 6 2 -1 -3 1 
-8 -4 -2 0 0 -5 1 -1 
5 -15 -5 -3 -1 -3 -1 11 
6 34 22 0 -4 -2 -5 5 
7 46 12 7 4 4 12 -15 
-9 23 -11 -3 1 2 0 3 
16 10 5 3 -1 -1 -4 -11 
-12 21 7 -1 -1 -4 -2 -20 
3 -33 19 -5 -4 -3 -9 8 
2 -12 -18 -8 -6 -3 -8 13 
-7 29 31 11 7 10 23 -25 
-18 -10 -30 -5 -1 -2 -7 -1 
20 17 10 -6 -5 -9 -7 -17 
-22 -28 -14 2 -1 -1 2 -12 
-11 -7 45 -2 -4 -3 -11 -7 
-4 27 -4 -7 -4 -2 13 -14 
0 -15 -47 -3 -1 0 3 14 
28 17 23 9 9 11 -8 23 
-29 25 -26 -4 -4 -5 35 -12 
0 -4 -48 -3 1 -4 -15 -6 
2 -13 18 5 3 2 1 16 
-1 20 16 8 2 0 0 -19 
-9 -40 -28 -23 -10 0 -5 23 
15 4 33 7 3 -2 -4 6 
-17 18 35 -1 -1 0 7 -6 
3 5 36 21 10 5 1 -6 
18 -21 -34 -41 -14 -10 -19 21 
-30 -23 63 5 -5 0 4 -15 
9 7 7 6 -2 1 -8 21 
-11 -14 40 29 4 -3 2 -14 
10 24 -45 -16 5 3 0 40 
4 -21 -41 -42 -20 -7 4 -21 
-2 -12 -7 -8 -8 -9 -11 -13 
-22 -23 -11 -4 -4 -6 -6 -3 
24 7 43 32 9 2 4 41 
-1 3 1 11 6 -1 -5 -33 
-26 23 34 16 6 0 2 -7 
22 3 -20 -19 -8 -4 -1 7 
-15 -19 -23 -13 -12 -9 -14 -7 
10 17 2 -1 -4 0 2 20 
8 8 -10 -1 -2 -2 -2 -13 
-7 -9 -16 -17 -8 -7 5 15 
-9 -16 23 14 7 5 -7 5 
-17 -1 -8 -1 -1 2 8 14 
-14 -13 -33 -13 -3 -6 -11 -18 
2 -17 8 0 0 2 0 2 
-1 2 26 5 -1 -1 -3 -15 
12 2 -13 8 7 3 2 18 
-13 -10 -25 -6 -6 -1 0 0 
-8 -9 13 -7 -5 -2 1 -33 
-7 -56 -38 -7 -5 -11 -13 -25 
6 7 21 2 2 4 6 30 
0 -21 -12 3 6 3 2 -10 
-10 12 9 0 2 -1 -3 -19 
0 -2 -10 4 -4 -5 -6 -11 
13 -27 -16 -4 -4 -3 -4 16 
-2 1 6 -1 0 -1 0 2 
1 -21 -79 -7 -2 -3 -2 19 
-28 16 26 5 2 3 -4 -44 
-8 4 -15 -3 -4 2 2 -11 
21 8 -15 -6 -4 -2 -4 21 
6 -11 12 3 -2 1 -2 1 
-27 3 1 -8 -1 -1 -2 7 
9 3 -16 -4 -2 -3 -3 -4 
3 -1 -4 -4 -1 -1 3 3 
7 8 -1 1 -1 -2 -3 -5 
-4 51 15 3 -1 -3 -2 -1 
-2 2 23 4 3 2 1 25 
4 -3 -6 -2 -3 1 0 2 
2 2 8 -2 -1 -1 -2 7 
8 -10 2 6 4 1 3 -1 
-10 5 -14 0 0 -5 -4 -16 
6 7 2 3 1 -2 -1 3 
-13 1 -2 -8 -5 -3 -6 -18 
1 -2 -14 -4 -2 3 3 -4 
-4 -8 4 0 1 -3 -2 -4 
-2 -7 -2 2 2 -1 -2 -4 
5 6 2 -5 -3 -1 1 7 
7 0 7 8 0 -1 -1 -1 
-5 -5 0 1 3 -1 1 -5 
-3 -1 -11 -11 -7 -3 -2 -4 
-7 1 1 0 -3 -2 -1 5 
9 -5 -5 1 -4 -3 -3 -8 
-7 3 -2 1 -1 1 -1 -1 
-3 0 9 1 -1 0 -2 -1 
-1 7 -9 -3 -1 -3 -4 -4 
-7 -34 -10 -3 0 -1 0 -3 
1 4 5 1 -1 -1 0 -5 
10 2 -2 -1 -3 -3 -3 12 
-15 6 -4 -5 -3 -3 -3 -2 
13 1 3 5 4 2 1 5 
-4 -9 0 2 2 2 0 -5 
0 4 6 -2 -2 -2 -2 -1 
3 -16 5 0 0 0 0 14 
-25 15 -4 -1 0 -1 -3 -22 
-3 -24 -1 0 -1 0 0 1 
-5 17 4 3 2 0 0 -2 
-10 10 -8 -6 -5 -2 -5 -7 
3 3 -9 -3 -1 0 4 17 
12 -4 -13 -6 -8 -5 -5 -23 
-12 0 8 -2 -2 -2 -2 -8 
18 1 0 -2 1 2 1 15 
-21 -2 3 -1 -1 -1 -1 -17 
-3 10 -14 -4 -1 -3 -1 7 
14 -6 3 -1 -1 2 -2 0 
-7 2 6 1 -2 -1 0 -10 
10 1 0 1 0 1 0 9 
-6 2 0 -1 1 1 0 4 
-10 -10 -11 0 2 -1 -1 -4 
17 -4 -4 -2 1 -4 -2 22 
-8 1 3 0 -3 -1 0 -25 
10 4 10 -1 -2 -2 -3 2 
-7 1 -7 1 0 0 1 -6 
9 10 5 0 -1 -3 0 2 
2 -6 -5 -8 -3 -2 -2 7 
-5 12 2 0 0 -1 -2 -4 
6 -6 -10 -3 -3 0 1 4 
-12 9 7 4 0 1 1 -13 
13 -2 -1 -3 -3 -3 -2 -4 
-4 7 2 3 3 1 1 0 
2 3 10 3 1 0 0 17 
-1 -11 -17 -2 0 -1 -2 -12 
-1 -4 3 0 0 1 1 -4 
-2 28 12 -3 -1 -2 0 5 
-2 7 7 -2 -2 -1 -3 -2 
-13 -15 -5 4 4 4 0 -6 
10 5 6 5 0 -1 -1 5 
6 -5 9 5 0 2 2 4 
-7 -7 -9 -2 -2 -1 -2 -7 
-4 6 -2 -4 -3 -1 -1 -4 
1 -2 -6 -2 -1 -1 -1 2 
-6 -9 -3 -1 -2 -1 -1 -2 
-2 2 3 0 0 -4 -2 -7 
-1 -13 -1 -1 0 0 -1 0 
4 4 -1 0 -2 -2 -2 2 
11 -7 -4 -2 -2 -1 2 30 
-17 -1 -1 -2 -6 -3 -5 -35 
-1 -2 -5 -2 -1 -4 -2 -4 
0 4 13 5 2 0 2 6 
-7 17 -8 -5 -2 -5 -5 20 
1 -8 -8 -3 0 -1 -1 -6 
-6 4 0 -2 -1 -2 -2 -4 
2 5 1 -1 -5 -2 -2 -5 
-6 0 10 2 0 1 1 1 
-2 -6 -1 -1 -2 -1 2 14 
9 -4 5 -1 -2 -3 0 1 
-2 14 3 0 2 -1 0 -6 
-1 -11 5 0 0 1 -2 -15 
17 12 5 0 1 -1 0 16 
-15 1 4 -3 -3 -2 -1 -19 
1 -2 4 -1 -2 -1 2 6 
-4 -21 -35 -10 -6 -6 -4 -16 
-3 -1 5 -1 0 -1 -2 3 
-5 -8 -14 -3 -3 -4 0 2 
30 -7 -8 -3 -2 0 -1 5 
-15 -6 -7 -3 -4 -5 -5 -25 
-3 -8 17 -3 -2 3 1 9 
-3 -7 -10 0 1 0 -2 0 
-2 6 7 -2 -2 1 -1 0 
5 3 16 3 1 1 3 6 
5 -5 -7 -3 -4 -3 -1 -5 
0 -5 3 1 -3 3 1 1 
-5 -15 -4 -3 -4 -1 -2 6 
-1 -4 -3 -1 -2 -2 1 -1 
-2 3 -3 1 3 -2 -2 -6 
21 8 7 0 4 -1 0 20 
-19 2 -11 -2 2 -3 -4 -25 
-4 -10 1 -2 0 2 1 1 
-6 -5 -16 -1 0 1 -1 -7 
-9 -8 1 1 0 0 1 1 
12 -4 -1 -1 -2 -3 -3 3 
6 -1 -8 -1 -2 -1 -1 7 
-3 -4 -2 -2 0 -1 -1 -12 
6 11 14 0 -3 -3 -4 -1 
10 2 2 -1 -2 2 3 28 
-2 -5 -1 2 0 -2 -5 -29 
10 32 -3 3 1 0 3 9 
-12 18 24 2 5 3 -2 -7 
-3 -11 -7 -2 -1 -1 1 6 
12 3 2 -1 0 -1 0 7 
-15 -7 0 -5 -6 -4 -3 -11 
3 -17 -11 -3 -3 -1 0 5 
-11 2 -1 1 -1 -1 -3 -12 
0 -2 3 2 1 3 0 -1 
-10 -12 -6 -2 -2 -2 -2 1 
3 2 -1 -4 -5 -3 0 3 
-12 -4 -8 -3 1 0 -1 -7 
0 -1 -4 -4 -4 -3 -2 4 
8 0 5 2 2 -1 -2 3 
-2 4 -5 -2 -4 -2 -4 -5 
14 5 1 0 1 1 2 -1 
-5 -5 -7 -2 -2 -1 -3 -14 
-4 0 -1 -1 0 1 2 4 
-5 -13 -13 -2 -1 0 0 6 
6 3 5 -1 -2 -3 -1 -3 
-6 0 6 -1 -2 0 -2 -19 
5 6 -1 -2 -1 -2 -2 -2 
7 -16 -21 1 -3 0 -1 -1 
-17 29 20 1 1 4 5 25 
14 2 0 0 -2 -1 -4 -5 
-6 -15 -20 -8 -4 -2 -1 -7 
4 -14 3 -1 -2 -3 -1 0 
-7 -19 -9 1 -2 -2 -2 -1 
-3 -4 2 1 2 -2 0 5 
-1 -5 7 1 1 0 -1 -1 
2 13 15 0 -1 -4 -2 0 
-5 -8 -17 -5 -3 -3 -2 -3 
-4 -2 -6 -1 0 0 1 -1 
0 4 3 3 0 0 -1 -1 
-2 1 -5 -7 -4 -4 -3 -3 
2 -1 -1 0 -2 -3 -6 -7 
1 7 0 -2 -1 -2 -1 6 
-7 -6 -4 4 3 4 0 0 
12 10 6 0 -1 -2 -1 -3 
-27 -4 -6 -3 -4 -3 -2 14 
-11 -10 1 -4 -1 -2 -3 -38 
6 1 3 -2 -5 -3 -3 -11 
-9 -5 -5 0 -1 -2 -2 -7 
11 21 24 4 3 3 3 6 
-1 -1 -3 -2 -3 0 2 16 
5 3 1 -2 -2 -3 -2 18 
-10 -5 9 5 4 4 0 -11 
-2 -18 -17 -1 -2 -1 -1 -13 
-2 -2 -8 -2 -4 -5 -2 7 
0 -3 -1 -1 1 -3 -1 -6 
-2 1 -4 -2 -2 -3 1 6 
-2 -11 0 -2 -3 -3 -3 -10 
-2 9 10 0 -2 -2 0 5 
-11 -8 3 2 -1 0 0 0 
0 5 -1 -3 -1 0 -1 0 
2 0 -6 -4 -1 -3 -5 -6 
-13 -12 -10 0 2 -1 -2 -13 
3 -4 -2 -2 -3 -3 -1 4 
-8 0 -3 -2 -4 -2 -3 -2 
8 7 -4 1 0 1 -1 -8 
-3 12 2 1 -1 -1 -1 13 
-3 3 10 -3 -1 2 -1 -3 
-7 1 -2 0 0 0 0 -9 
3 -11 -10 -4 -2 0 -1 7 
8 7 5 0 -2 0 1 19 
2 1 -1 -1 -1 -2 -3 -21 
-2 -1 1 0 0 -1 -1 6 
-1 1 6 -2 -2 -2 -1 -16 
6 -9 3 1 3 1 1 6 
-3 7 2 0 -4 -1 0 5 
1 -7 -17 -6 -6 0 -5 -7 
-2 -6 -9 -3 -1 -3 -1 5 
8 -3 0 -4 -2 -3 0 8 
-7 -3 -6 -1 0 -1 -2 -12 
-5 1 1 0 0 -1 -2 0 
6 -2 5 1 -2 -1 -1 -7 
8 3 -8 -4 -5 -3 -2 14 
-18 -1 -2 3 2 2 3 -5 
-3 -9 -4 -2 -2 -2 -1 -4 
-6 -2 9 -6 -7 -3 -1 -6 
15 2 0 2 1 2 2 10 
2 -12 -8 -3 -3 -5 -7 1 
-3 -1 -2 -1 0 0 -1 -5 
-1 -7 -4 1 0 -1 -1 -1 
-1 9 9 5 2 0 2 12 
0 -11 -23 -10 -5 -4 -6 -22 
3 3 -7 -5 0 -1 2 8 
-2 -4 0 0 -1 0 -1 -2 
-10 -11 -2 -2 -2 -2 0 -1 
6 -1 -1 0 0 -2 -1 7 
-4 0 9 0 -1 -2 -2 3 
7 5 -4 2 2 -1 -1 3 
-16 -9 -29 -7 -2 0 -2 -13 
5 -8 7 -2 1 2 4 6 
4 -2 1 -1 -1 -1 0 -7 
-9 0 1 0 1 -1 -2 1 
-1 -2 2 -1 -2 -4 -3 -11 
-2 0 -2 -3 -1 -1 0 4 
-5 -3 -2 1 1 0 -1 2 
-3 9 2 -2 1 2 0 -3 
0 -8 -10 -9 -4 -3 -5 10 
-3 15 2 -2 -2 -1 0 -9 
-1 4 1 -1 -3 -1 -3 1 
2 3 3 -1 -3 -2 -2 0 
3 -5 8 -1 0 0 -1 -7 
27 -11 -15 -2 -1 -1 -1 34 
-25 -14 6 2 0 -2 -4 -18 
2 5 -5 -3 -4 -4 -1 -2 
-8 -6 -4 -1 -1 -3 -2 -14 
0 14 17 4 1 -1 -1 9 
4 16 4 -4 -2 -2 1 8 
-9 -15 -13 -4 -3 -2 -2 -14 
3 10 6 4 1 0 -3 -9 
-7 -8 -4 -3 -4 -1 1 -1 
8 -10 0 -1 0 1 -2 -2 
-12 -2 5 0 1 2 0 9 
1 6 8 0 -2 -1 -1 -4 
-5 1 -3 0 0 -2 -3 -11 
2 0 -17 -6 -4 -1 -3 4 
8 -6 7 5 3 1 1 7 
-6 -11 -15 0 1 -1 -1 -9 
-4 -13 -5 -2 0 -2 0 -4 
-1 -2 -3 -2 -2 -2 0 0 
1 1 0 0 1 -1 -1 1 
-5 0 1 -3 -4 -3 -4 -10 
-2 6 -3 -4 -5 -3 -3 -1 
-3 2 0 1 0 -2 0 -5 
-3 3 -4 0 -1 -2 -5 -6 
4 0 1 -1 -1 3 1 -2 
6 2 -2 0 -2 -3 -4 -1 
-1 -4 -5 -5 -3 -3 -1 -7 
-5 2 -3 -3 -1 -1 -3 1 
-5 -9 -3 -2 -1 -1 1 2 
-7 -31 0 0 4 1 1 -9 
4 5 3 0 -3 -1 -2 1 
1 1 -1 -1 -1 1 2 0 
-5 -1 4 -3 -2 0 -2 3 
3 4 -9 -1 0 1 -1 -6 
-1 -14 5 1 1 0 0 3 
-2 -15 -12 -3 -3 -2 -3 1 
-2 10 11 4 2 1 4 12 
1 1 5 -2 -1 -1 -1 -11 
10 3 -2 1 -3 0 -2 -5 
1 4 4 0 0 1 -1 1 
1 -16 -4 -4 -1 -3 -1 -1 
-8 7 2 2 -2 0 -1 1 
0 -5 -13 -4 -2 -2 -2 3 
-1 -3 -1 -3 -3 -5 -2 -3 
4 4 -4 -4 -4 -4 -4 -2 
-6 -1 0 0 1 -1 -1 2 
-3 -9 -2 -1 -3 -3 0 -5 
-13 5 2 -1 -2 3 1 -8 
17 -7 5 3 -1 -2 -3 0 
3 16 -2 -7 -5 -2 -1 13 
2 5 12 2 -1 1 0 2 
-2 6 2 -1 1 -2 0 5 
-40 -17 -6 -3 0 0 -4 -23 
-10 -8 -14 -5 -1 -3 0 -5 
1 2 5 1 0 1 0 1 
0 -1 5 -1 -3 -3 -1 -4 
6 4 -10 0 -1 0 2 11 
13 3 3 1 1 -1 -2 5 
-12 2 -13 -6 -1 -1 0 2 
3 -4 -2 -1 -1 0 0 -4 
3 9 2 -1 -1 -1 0 -3 
1 4 5 0 -1 -3 -2 -5 
6 10 0 0 0 -4 -3 2 
6 4 1 3 1 -3 -4 0 
-5 6 8 1 3 3 3 -6 
-12 1 5 1 -1 0 0 -3 
4 -6 -3 0 -3 -2 -2 -2 
-3 -5 2 -1 -2 -1 -2 -1 
6 -3 -11 -3 -3 -5 -2 9 
-7 -1 1 0 0 -1 -1 -10 
4 -6 -8 -3 -1 -1 0 1 
-3 2 -4 -1 -1 -3 -1 -16 
10 -5 5 -3 -4 1 -1 14 
9 -2 4 2 -1 -1 -2 2 
3 -3 3 5 0 0 -4 -11 
-2 1 -5 -6 -3 0 -1 1 
0 1 -4 -2 0 0 -1 -1 
-6 2 5 1 0 -2 -1 1 
-2 3 11 2 -1 -1 -1 -2 
-1 -12 -11 -4 -2 -2 -1 4 
-3 1 -4 -1 -2 -3 -3 -4 
1 -4 -9 -5 -5 -2 0 5 
-3 0 -9 -6 -3 -2 -2 0 
4 -1 -10 -1 -4 1 -3 -1 
-4 2 0 1 0 -2 0 -4 
0 -1 -9 -1 -1 -2 -2 -3 
-2 -9 1 -3 -1 2 1 2 
4 3 5 4 1 1 0 10 
-5 -13 -20 -5 -5 -5 -6 -21 
0 -4 -9 -4 -2 -1 -2 2 
-3 2 -8 -1 -2 -2 -2 -4 
2 -2 -1 -1 0 -1 1 13 
-8 5 8 1 0 2 0 -11 
5 0 3 0 0 -2 -2 -9 
0 0 -3 -5 -3 -2 -3 -2 
-6 -3 -2 0 2 -1 1 -6 
-7 -1 5 4 1 0 -3 -12 
16 6 4 1 1 3 4 17 
-43 -10 -3 -2 -2 -2 -5 -37 
5 10 8 2 -1 -1 -1 0 
-1 -14 -24 -8 -4 -4 -2 4 
-3 -7 -13 -6 -4 -4 -2 3 
11 2 -4 -2 -2 -2 0 7 
