#EMG
#4
#ID:4-35
12 -3 -2 -1 -1 0 0 -2 
25 2 3 0 0 0 0 -4 
-26 7 -5 -1 0 -4 -6 -23 
16 5 5 2 0 0 0 4 
-6 -3 -2 -1 -4 -1 -1 -1 
7 0 -13 -4 -5 -1 0 4 
-16 -9 -20 -5 -2 0 -2 -1 
1 4 4 -1 -4 -2 -2 -9 
0 0 1 1 3 1 0 -4 
-1 -6 -11 -6 -3 -3 -1 2 
-43 -2 2 -2 -1 -3 -3 -13 
-8 1 -3 -1 0 -2 -4 -2 
3 2 -8 -2 0 2 -3 -30 
2 -7 -10 -8 -6 -4 -5 11 
14 -1 5 1 0 2 6 40 
20 9 4 1 0 -1 -1 -22 
-11 -2 -11 -6 -4 -3 -1 -4 
30 2 4 1 -2 0 0 8 
-26 -6 15 4 4 4 3 -12 
10 -7 -6 -1 0 0 0 10 
-17 0 13 2 -2 -2 0 2 
-8 -5 3 1 0 -2 -1 -3 
-1 -7 -3 -2 -1 0 0 4 
1 3 -5 -5 -3 -1 -2 -2 
-12 -2 10 3 1 2 0 2 
-16 -7 -4 2 2 -1 -1 -13 
1 0 -2 -1 -1 -2 0 -7 
-21 -11 12 5 4 2 -1 -19 
10 -2 -38 -5 -2 -2 0 13 
19 -1 -10 -3 -2 0 2 16 
8 -7 -9 -3 -4 -4 -5 -31 
7 8 -6 -4 -6 -4 -3 2 
1 0 19 1 1 -1 0 18 
-25 -6 14 7 1 1 -3 -14 
9 -3 -9 -2 -2 -3 0 3 
-12 -7 -10 -3 -5 -5 -7 -11 
36 -2 1 -3 -1 0 1 0 
-22 8 8 -2 -3 -3 -2 -4 
-3 -7 -20 -3 -3 0 -2 -4 
-10 -10 3 3 1 2 0 11 
-8 -12 -20 -5 -1 1 1 -11 
-3 2 1 -3 -3 -2 -1 -6 
10 -4 -2 -2 0 1 1 27 
-2 -2 6 0 1 -3 -1 -11 
33 1 1 -1 -3 -2 -3 -1 
1 -7 -5 1 -4 -3 -4 -14 
-2 -4 3 0 -1 -1 0 14 
-3 3 -10 -2 -2 -3 0 13 
-10 4 10 0 -3 -2 -4 -14 
-7 -3 -4 2 2 -2 -4 2 
2 3 10 -2 -3 -1 0 1 
-1 -7 -8 1 4 -1 0 -11 
5 0 -2 -1 -2 -5 -2 -6 
8 9 -2 -1 0 0 1 23 
23 1 11 5 3 1 0 -8 
-12 8 0 -5 -6 -5 -4 -12 
-24 4 -1 -1 0 2 3 -2 
-4 -1 -11 -3 -1 -4 -7 -16 
1 -7 4 -1 -1 0 1 9 
31 6 -5 2 0 1 -1 9 
-35 -9 -6 -4 -3 -4 -3 -5 
-10 4 -5 -4 -3 -2 1 16 
-15 3 -2 -3 -1 -1 -3 -11 
35 6 -8 -2 -2 -2 -2 23 
-25 -7 14 2 2 3 -2 -50 
-2 -10 -2 -1 0 -1 1 4 
-23 2 3 0 -1 -1 1 5 
-6 -3 -3 0 -1 1 0 1 
19 -2 -13 -8 -6 -8 -8 -3 
2 6 16 3 1 1 -1 -1 
-10 -6 -24 -4 -1 -2 3 -13 
-42 -3 16 -3 -6 -6 -10 10 
13 -2 6 3 3 2 1 14 
2 -10 -28 -5 -5 -6 -4 -28 
-4 2 -23 -6 -3 -4 -1 8 
-1 -19 -7 -2 -5 0 4 -26 
-2 7 11 1 -2 -3 -6 15 
16 14 13 5 1 4 -3 2 
4 -6 16 3 -1 1 4 -2 
16 23 9 0 0 -3 -7 -7 
-12 -7 -50 -10 -4 0 7 6 
-5 -14 15 -3 -1 -3 -4 8 
7 3 10 3 1 2 -1 -4 
-1 -9 -3 -1 1 1 -1 -12 
4 7 13 1 -1 -1 1 1 
-13 10 8 0 -3 -4 -3 11 
27 -17 0 -8 -3 -7 -10 -17 
-50 12 -9 -1 -2 -1 6 -6 
7 5 6 2 2 2 -11 11 
-15 0 -2 -5 -3 -3 1 -10 
0 -5 5 2 1 2 6 22 
11 -8 -2 -3 -2 4 7 -30 
4 4 3 0 0 -5 -6 9 
-11 1 -6 0 -1 1 0 -11 
-7 3 -2 -2 -1 -3 -3 5 
2 0 18 0 -1 -1 0 18 
7 -3 -10 -2 1 -1 3 14 
-10 11 5 0 1 4 4 -18 
-2 5 -16 1 1 0 4 -18 
-3 -19 -6 -3 -1 -5 -11 2 
5 0 4 3 0 3 9 15 
7 -10 -5 -1 2 -1 -1 0 
44 15 8 -1 -4 0 -2 -2 
-25 -12 -5 -1 -3 -3 0 17 
-12 -2 8 -2 -4 -4 -4 -28 
1 6 5 -3 -2 -5 -1 11 
-11 8 -7 0 0 0 -4 -18 
-15 10 -9 -4 -4 -1 -3 -9 
8 -13 1 1 -1 -1 -1 -10 
-8 -4 -14 -5 -7 -3 3 -5 
-9 -3 20 0 0 -2 -6 -1 
19 4 -35 -3 0 0 -1 20 
-27 -2 -10 -6 -5 -1 1 -9 
9 0 -3 1 0 3 12 4 
-17 0 2 1 0 -1 -1 3 
18 1 28 4 2 1 2 2 
12 0 -4 4 3 4 6 30 
2 4 6 2 3 -1 -11 -26 
-5 -8 3 -5 -3 0 -6 13 
-3 -10 -19 -5 -2 -1 6 -7 
0 -9 7 -3 -1 -1 -7 -12 
-1 -11 7 3 -3 -1 -2 6 
-9 29 36 8 0 2 9 3 
12 -26 -14 -9 -2 -3 -8 -1 
-14 -15 -70 -12 -5 -2 1 3 
15 -17 40 16 12 6 4 13 
-19 -7 -96 -16 -6 -8 -6 -14 
10 8 10 -3 -6 -6 -7 4 
6 9 53 3 1 -3 -4 -3 
-17 -1 -11 -6 -4 0 1 -8 
12 -14 11 7 4 6 6 15 
-4 14 10 2 1 -1 3 -6 
-12 -31 -4 -11 -6 -7 -19 -7 
17 24 -35 2 0 -2 -1 12 
12 -5 6 4 -2 -3 -3 0 
-6 -1 -24 -17 -8 -2 1 -23 
34 11 44 8 0 0 2 21 
-42 -3 22 4 -1 -3 -5 -20 
22 20 0 -5 -3 -5 -7 7 
11 6 15 17 7 2 -1 -1 
0 -9 -67 -29 -11 -4 2 -9 
-13 -15 -19 -9 -6 -3 -2 -7 
-2 -13 -3 0 1 2 3 27 
2 16 52 35 8 7 5 -3 
2 -8 -13 -14 -1 -1 0 13 
39 -6 9 -4 -7 -6 -10 -28 
-45 2 -7 -14 -7 -5 -9 -48 
10 -3 14 10 8 5 3 19 
3 5 5 11 2 -4 3 34 
20 4 -15 -7 -1 2 4 15 
20 -20 -4 1 -2 -2 -3 22 
-35 -11 -34 -14 -8 -7 -11 -42 
13 22 52 26 9 8 9 -16 
7 19 57 12 9 5 3 1 
-63 1 -1 -6 -3 1 4 -27 
6 -11 7 -11 -6 -3 1 35 
-41 3 2 22 8 1 -10 -29 
-6 -2 -36 -27 -6 -2 2 -2 
26 3 28 16 -2 -2 2 -17 
-44 -6 -49 -47 -15 -12 -8 -24 
20 3 16 10 3 3 5 -1 
-22 -19 -18 0 2 1 -4 9 
-2 -12 7 -1 -3 -3 -4 -1 
-3 9 -1 5 -1 1 5 12 
-19 -9 -3 -4 -3 0 -3 -3 
9 -6 -22 6 -2 -4 -8 -7 
1 -12 3 -14 -4 -4 -3 5 
19 23 33 24 7 2 2 13 
19 0 -9 -7 -5 -3 -1 2 
-6 -6 -13 -10 -7 -5 -6 -3 
3 -6 -14 -8 0 0 -3 -9 
29 13 25 7 3 3 2 22 
-55 3 14 7 1 -1 2 -22 
0 -9 -15 -9 -3 -2 0 -7 
-2 6 7 3 3 -1 -7 2 
-2 -12 -9 -3 2 3 7 -12 
8 12 7 6 -2 0 2 21 
-8 6 13 -13 -4 -2 -2 1 
-4 -6 -4 0 -2 -1 -1 -13 
4 -23 -31 -10 -7 1 -1 -1 
10 -3 6 0 -4 -6 -8 10 
-9 3 13 9 6 1 0 1 
11 -3 15 12 3 1 1 11 
-26 -14 -17 -13 -3 -4 -3 5 
-15 2 5 2 -1 -1 2 -20 
70 11 3 -1 -2 -2 0 38 
-35 -8 -18 0 -2 -5 -6 -28 
12 4 28 17 4 0 0 3 
-6 -11 -61 -36 -10 -3 -2 -14 
-1 1 6 -1 -4 -3 -2 8 
-1 6 17 7 5 2 3 -5 
3 5 6 19 6 3 0 -13 
-57 -12 -3 -11 -6 -4 -3 -6 
-54 -10 0 -4 -5 -3 -5 -13 
18 -3 -19 -6 1 -1 -3 1 
13 -7 -3 -1 -1 -2 -9 0 
25 15 1 3 2 1 6 19 
-14 -7 -9 4 0 0 2 -20 
9 4 9 -4 -2 0 1 19 
-16 -2 -8 -5 -2 1 1 -2 
31 -3 -11 -4 -4 -4 -9 16 
-14 2 8 6 2 0 1 -12 
55 9 -9 -4 -2 -1 0 8 
5 -2 -10 -7 -5 -6 0 11 
17 -2 7 0 -1 -3 -6 2 
-4 -13 0 2 -3 -3 0 -1 
-4 24 -12 3 -1 -1 2 5 
-4 -10 5 -17 -6 -1 -2 -4 
2 0 5 4 2 5 7 -15 
5 1 0 2 -4 -3 -7 -2 
-12 13 8 1 -1 1 0 6 
1 -12 6 -5 -5 -7 -6 -11 
3 -15 -22 -5 -2 -3 0 3 
-13 -3 6 4 2 4 1 -25 
-13 -6 -13 -2 -2 0 7 7 
-2 9 -12 -1 0 -2 -4 0 
5 -6 5 0 1 0 -1 4 
16 3 20 5 0 -5 0 25 
-56 -28 -21 -8 -2 -4 -7 -23 
-1 -17 -14 2 1 2 15 17 
-16 17 10 -2 -2 -3 -2 -39 
-2 30 -7 -1 -2 -2 -3 -1 
2 12 24 1 1 0 -4 -19 
18 -15 -25 -5 -2 -1 -2 -9 
-9 3 -1 4 2 1 1 8 
-1 -1 2 -8 -5 -1 -5 -11 
10 2 18 0 0 0 8 8 
14 12 11 0 -3 -5 -7 18 
-28 -2 -1 -2 -3 -3 2 -6 
-7 -30 -36 -3 3 2 0 -19 
9 -22 -3 -2 -5 -2 -4 2 
0 -10 1 0 2 3 6 6 
20 16 12 3 4 3 1 6 
0 4 12 -2 -2 -4 -4 -6 
-3 -4 1 -4 -4 -3 -7 4 
-24 -9 8 5 1 -1 1 -4 
-1 -14 5 0 -1 -4 -7 -12 
5 -3 -40 -8 -6 -4 -6 11 
8 17 -8 0 2 3 0 -1 
0 18 29 0 -3 -2 -5 -6 
-6 -2 -20 -4 -2 1 5 11 
-5 -38 -14 -3 -3 -7 -11 -14 
-48 -7 14 -6 -3 0 5 -17 
-2 1 -52 -2 0 -3 -2 4 
2 5 -10 -6 -2 -2 2 22 
-17 -59 0 0 2 2 -2 -12 
3 6 22 6 0 -1 -2 -12 
-8 -12 -23 -5 -3 -4 -9 -13 
8 5 1 -3 -2 0 0 -4 
4 18 24 8 3 5 12 3 
-4 -39 -25 -5 -2 -5 -16 15 
-9 0 49 12 3 1 10 -10 
14 1 6 4 3 1 -6 -2 
-6 3 -64 -17 -6 -1 3 10 
18 44 34 7 0 1 4 12 
-1 1 -21 -10 -4 -5 -11 -2 
-1 -13 17 -3 -2 5 0 -22 
10 20 7 4 0 -2 4 18 
-2 0 -6 -3 0 1 0 -3 
17 -4 0 0 1 2 3 19 
-6 18 -19 -15 -8 -3 -4 1 
6 16 41 9 4 1 -2 -4 
-2 -34 -48 -17 -12 -6 1 -23 
8 -14 -10 8 5 1 2 6 
-7 -6 5 -3 -2 -6 0 2 
-3 26 33 13 6 4 4 16 
21 -6 -35 -4 1 -1 -2 15 
-79 6 23 -3 -6 -4 -7 -33 
6 -5 -1 2 -1 0 1 6 
11 4 4 -4 -5 -5 -5 22 
-5 -12 10 17 3 -1 -2 -14 
1 -17 -50 -23 -7 -2 -10 8 
-11 -13 -21 -2 -5 -6 7 -30 
-20 3 4 -1 -1 -1 -6 -6 
30 17 31 6 5 7 18 50 
15 23 39 12 5 1 -8 -11 
-9 -21 -15 4 -1 0 -3 -4 
20 -1 -6 -15 -7 -4 -3 1 
-7 6 -10 -6 -6 -4 -7 0 
-11 1 3 2 -2 -1 6 7 
-12 44 50 9 8 2 -5 -10 
-1 3 -1 15 3 -2 0 -8 
-2 3 -16 -9 -4 -2 -6 -6 
0 -18 -22 -14 -6 -8 -8 -2 
16 -3 31 12 4 2 3 24 
-35 -12 -12 -15 -10 -3 1 -48 
34 -7 -2 1 -1 -1 1 27 
86 15 33 6 3 1 3 18 
-39 -1 23 8 4 -1 -2 9 
15 -18 -41 -13 -10 -6 -7 16 
-17 -21 15 2 4 5 3 -9 
3 9 18 3 1 3 3 15 
34 -3 -26 -9 -5 -2 -2 26 
6 8 26 8 3 0 -1 -25 
-25 11 16 12 5 2 0 -22 
-1 1 -11 -3 -2 -1 0 -13 
1 0 -2 -6 -2 -4 -8 -10 
0 -13 -14 -2 1 -1 3 20 
-2 6 5 -5 -2 -2 -6 -13 
-9 39 -1 6 2 3 4 -5 
5 -15 -11 -5 -2 -3 0 -7 
-4 1 -6 -6 -5 -3 -9 7 
1 8 4 3 1 -2 -1 -15 
1 -1 -14 1 -2 -1 -2 9 
-1 -5 -16 -7 -5 -3 -1 5 
-2 -5 -13 -5 -4 -1 0 -13 
-5 -5 -8 -3 -5 -5 -3 -7 
-17 -15 -4 -8 -4 -3 -5 -12 
-1 -7 -11 0 -2 0 1 -14 
3 11 28 2 1 -1 0 9 
-5 -17 -15 -5 -3 -4 -4 2 
-4 -11 -1 -7 -6 -3 0 -14 
-8 2 17 9 5 -1 -2 -6 
7 -8 -12 -1 0 0 1 6 
-6 -5 -16 -8 -3 0 -1 1 
4 3 9 5 -1 -2 -1 -1 
-1 0 7 -2 -1 -3 -3 -5 
-2 11 -4 -2 -3 3 2 3 
-4 -6 -3 -4 -1 0 0 -2 
-1 -11 -7 -3 -3 -2 -2 -6 
-2 -10 -16 -7 -4 -3 -3 -4 
3 6 3 2 0 1 0 4 
-1 3 5 -5 -6 -3 -3 1 
-5 -8 15 2 -1 0 0 -1 
-12 -10 -18 -4 1 2 2 -8 
4 4 -2 2 1 -4 -3 -2 
-1 2 -1 -2 -1 -2 -1 3 
-1 1 0 0 -2 -2 -3 -8 
-2 14 19 3 2 0 1 5 
-2 -11 -9 -5 -2 -2 -2 -10 
2 0 -6 3 2 0 -1 -6 
-4 -6 -13 -4 -3 -2 -1 -4 
2 -5 -4 -3 -5 -2 -3 -2 
-3 10 8 -1 0 1 0 7 
-12 -10 -6 3 5 3 3 0 
14 7 2 3 2 1 -1 -5 
-13 -4 -15 -7 -4 -6 -5 -3 
-8 -5 -4 -1 -1 -3 -2 -7 
2 9 3 -11 -7 -4 0 19 
-4 -21 -19 -4 -1 2 1 -8 
26 19 -11 -2 -3 -1 -2 3 
-4 0 12 2 -2 -1 0 -1 
3 5 8 6 3 2 -2 4 
-26 5 0 -1 0 -1 2 3 
20 -28 -20 -6 -3 -4 -6 -13 
-26 -10 -7 -3 -2 -2 0 -4 
7 2 3 5 2 1 0 5 
-3 6 10 0 -1 -1 -2 -10 
-12 -7 0 -2 -3 -3 -2 -2 
10 -10 -5 -1 2 1 1 11 
-7 -8 1 2 0 -1 -4 -14 
-13 -5 12 3 3 0 2 8 
16 -5 5 -2 -1 0 1 6 
5 5 -2 0 -1 -3 -1 2 
17 13 -1 -3 -1 -3 -2 -6 
-10 -7 -6 -6 -5 -3 -5 -7 
10 -17 -12 4 3 4 4 14 
-2 -32 -2 -1 0 0 0 -2 
9 -1 -9 -4 -2 1 0 -7 
5 4 -16 -9 -6 -4 -2 2 
-9 13 14 1 -1 -3 -2 -9 
6 4 -1 2 2 -1 1 6 
-17 -21 -7 -5 -4 -4 -3 -3 
9 -7 -3 3 2 0 -1 10 
-10 6 3 1 0 -3 -2 -7 
4 7 6 -3 -4 -1 -1 -1 
-12 8 4 -1 -2 -2 -2 -7 
15 6 3 3 2 1 1 7 
-18 -1 -1 -3 -1 1 1 -11 
-8 15 -3 1 2 0 -1 -11 
-6 9 -16 -5 -3 -4 -5 1 
7 11 3 1 0 1 0 14 
15 -4 -8 -3 -6 -4 -5 -7 
-2 -4 14 3 5 2 2 8 
-10 2 -2 1 -1 -3 -2 -5 
-1 1 -4 -2 -2 -2 -3 -3 
-3 0 -9 -1 0 -3 -1 7 
-4 -20 1 3 3 2 2 5 
10 14 14 -2 -3 -6 -2 -14 
-19 -8 -15 -3 -1 -4 -6 -8 
16 7 5 0 -2 -2 -4 -2 
-17 -7 -8 -6 -7 -6 -6 -5 
6 -9 2 3 4 5 2 15 
5 -7 -3 -3 -3 -3 -3 -3 
-17 -10 -1 -1 3 1 0 -8 
-1 8 4 -3 -3 -2 0 -1 
-2 -5 0 -2 -4 -1 0 4 
-4 7 2 -1 -1 0 0 -1 
-3 -1 3 1 3 -1 -1 -16 
7 5 -12 -3 -3 -2 0 -1 
-4 0 6 -2 -1 -2 -4 -3 
-4 -12 -4 -3 0 -2 -1 -7 
-5 9 8 -1 -4 -2 -1 14 
2 6 -4 -2 -1 -1 -1 2 
23 13 14 4 3 2 4 25 
-3 -18 -29 -1 -1 -5 -6 -41 
-27 -8 -3 -5 -3 -1 -5 -10 
-1 3 5 0 -2 -2 -1 -8 
4 1 -6 -2 -2 0 -1 20 
14 3 8 4 1 4 2 12 
3 -2 0 2 -1 1 1 4 
11 14 16 -2 -2 -3 -3 -5 
-32 15 4 0 -2 -1 0 -16 
7 8 0 -2 -2 -1 1 12 
-1 -7 -13 -7 -6 -4 -6 -16 
5 5 1 -1 -1 -1 -3 2 
7 -3 3 0 -1 -2 0 -9 
-6 2 -6 -3 -4 -2 -2 4 
-1 0 0 4 4 2 4 9 
7 0 3 -2 -2 -2 -2 0 
-1 -21 -13 -3 -3 -5 -4 -3 
-15 3 21 4 2 3 4 7 
11 -16 -32 -8 -7 -6 -5 2 
1 4 -4 -2 -1 -1 -2 -5 
-6 -9 6 1 -1 0 -1 -10 
-3 15 5 0 1 -1 -2 2 
-8 5 15 2 2 0 3 10 
45 -4 9 2 3 3 3 30 
-29 26 -1 -5 -3 0 -1 -20 
-7 -11 -3 -4 -3 -3 -3 -1 
-9 10 6 2 1 3 2 3 
3 -7 -18 -5 -2 -3 -2 -6 
11 -6 1 -1 0 1 1 -1 
9 5 1 0 -5 -3 -5 -1 
-14 -2 1 0 1 2 2 -2 
-1 0 -9 -1 -1 0 0 25 
-8 -32 -11 0 -2 -5 -7 -52 
-7 4 7 -2 -1 -1 1 -3 
9 2 -10 -4 0 1 -1 2 
-13 -22 -19 1 1 -1 1 -9 
11 4 -1 1 0 1 1 30 
10 -11 -5 -6 -3 0 -2 -8 
1 -1 9 -3 -5 -4 -2 -4 
-13 -7 -6 -2 -2 0 0 -13 
-1 -4 -3 -3 -1 -3 -1 10 
0 8 2 7 1 -1 -1 -4 
-7 0 14 0 0 1 0 4 
-21 8 -5 -2 -3 -3 -5 -23 
16 0 0 0 -1 -2 -1 1 
7 0 5 -1 -2 0 -1 3 
-6 -17 -11 -2 1 0 2 -2 
-12 -11 4 0 -2 -2 -2 -12 
5 10 -4 -2 0 3 2 8 
-13 3 -4 -3 1 -2 -3 -15 
-27 -8 -1 -1 -2 -1 -4 -7 
-5 -2 -2 -2 -1 -2 0 -1 
4 -9 8 0 -2 0 3 13 
3 -5 -3 -3 -2 -1 2 15 
7 5 -2 -5 -4 -2 -6 -41 
-4 2 2 1 1 -1 -2 -3 
-6 -14 -7 2 2 0 0 9 
-2 9 9 0 1 1 0 1 
7 -7 0 2 2 -1 1 19 
0 3 -6 -5 -5 -4 -4 -14 
-1 0 -1 0 0 -1 -3 -8 
-3 -13 -5 -3 -1 -2 -2 -5 
9 4 -6 -3 -2 -2 -1 4 
-6 0 -6 -3 -1 -1 -3 3 
6 -1 -2 0 -1 -2 0 -2 
-23 -9 -6 -4 -2 -1 -3 -14 
4 6 1 2 -1 -2 0 4 
-1 1 10 3 -1 -1 1 11 
-4 -6 -11 -8 -4 -3 -4 -30 
-5 -2 2 -1 -2 -1 1 11 
2 -8 -2 1 0 -2 -3 -3 
-11 -11 6 2 0 0 -2 0 
3 7 5 -3 -3 -3 -1 -1 
-7 -1 -5 -2 -2 -3 0 -6 
11 -7 2 0 -1 1 2 17 
3 3 2 1 1 -2 0 5 
-21 -11 -6 0 -2 0 -2 -8 
15 -1 -3 -3 -2 -3 -2 -1 
-5 8 1 1 -1 -1 0 2 
5 -3 -6 -6 -4 -2 -1 -5 
2 9 1 -1 -3 -1 0 5 
3 -1 -9 -1 -2 0 -1 -1 
-10 0 -7 -1 -1 1 0 -5 
18 11 5 -3 -1 -2 -4 6 
-11 -3 -4 2 1 0 1 27 
-4 -1 11 7 2 2 -2 -33 
-3 25 19 -2 -5 -4 -3 -2 
-7 -8 -16 -4 2 2 3 5 
2 -12 17 0 1 -2 2 4 
5 13 2 -2 0 -1 1 16 
0 9 20 5 3 1 -1 -5 
-4 3 -12 -5 -2 -2 -1 1 
4 11 10 2 2 4 1 -2 
12 -13 -16 -8 -7 -5 -2 8 
-33 -12 -7 -3 -3 -3 -2 -8 
5 4 14 5 0 -1 1 3 
9 -8 -14 -2 -3 -4 -3 6 
0 -2 14 -2 0 -1 -3 -8 
13 -1 -42 -5 -1 -2 0 5 
-8 -7 0 -4 -3 -4 -2 -12 
-7 2 1 -1 -3 -2 -2 -3 
1 6 -3 -2 -2 0 1 5 
11 -9 -8 -2 0 -1 2 13 
0 -10 -14 -4 -1 -3 -4 -8 
-2 6 3 2 1 1 -3 -23 
-3 -4 4 2 2 -3 0 2 
-2 8 21 -2 -1 2 2 9 
-5 4 -14 -5 -3 -2 1 -13 
-5 -1 1 -2 -3 -2 -3 10 
-5 -16 -16 -1 -1 0 -2 -7 
-3 -8 0 -1 0 -2 -3 -5 
-2 -26 10 0 -2 -1 0 7 
-5 8 -10 0 -1 -2 -1 -5 
-6 -3 -2 -5 -4 -1 -3 0 
6 -8 -8 -2 -1 0 -1 -5 
-6 5 7 2 -1 -2 -2 -3 
-1 -10 -9 -5 -2 0 0 -3 
-6 -11 -11 3 -1 -3 0 6 
6 5 -10 -5 -5 -6 -4 1 
-4 7 5 2 4 1 -2 -10 
9 -10 -8 -2 -1 -3 -1 7 
-28 5 5 -3 -1 0 -1 -8 
-2 -15 -3 -1 -1 -2 -1 -3 
-4 -7 -12 1 2 1 0 -1 
6 5 -6 -4 -2 -2 2 -3 
4 -5 -3 -2 0 -3 -2 2 
1 3 4 4 0 -1 -2 -5 
-2 3 11 -3 -2 0 0 3 
-2 -11 3 3 -1 -2 -3 -8 
0 6 -10 0 2 3 1 3 
-7 -2 7 -3 0 1 2 12 
-3 3 3 3 -2 -1 -7 -44 
-5 3 -2 -2 1 -2 -5 -11 
9 18 14 2 -1 0 0 5 
-2 -16 -15 -4 -1 0 1 -4 
-4 12 -2 -1 -1 0 0 18 
7 4 11 -5 -5 -6 -1 3 
20 -17 -9 2 0 0 -2 -13 
-5 1 6 -4 -2 -4 -3 5 
14 3 4 -2 -1 0 2 9 
-26 -8 -8 -5 -5 -2 -2 -6 
10 5 6 -1 0 1 1 7 
9 8 2 0 -1 -2 -1 -7 
1 -4 -1 -3 -5 -3 -1 8 
-3 -5 4 1 0 3 0 -6 
-3 -1 7 0 -1 -1 0 5 
2 -6 -12 -2 -3 -1 -2 -7 
-8 0 -6 -5 -2 -4 -2 -8 
-1 -12 -14 0 1 0 0 9 
-7 2 2 0 0 -2 -2 -1 
-4 -1 2 0 0 0 0 -7 
-3 -5 2 -1 -1 0 3 4 
23 0 2 1 0 0 3 42 
-24 6 3 -3 -2 -3 -8 -60 
-4 -1 -3 1 0 0 -3 -22 
-1 -1 7 6 2 0 -2 7 
-2 5 -12 -2 -2 1 -1 -2 
4 8 4 -4 -4 -5 0 20 
6 -21 -11 -2 1 -1 -1 7 
-2 6 -5 -3 -2 -3 0 -4 
-13 6 2 0 0 -1 -2 -2 
8 -5 6 -3 -2 -1 0 10 
-7 -10 0 8 5 4 0 -12 
-6 -11 -7 -2 -2 2 0 9 
-9 28 21 2 2 -1 0 -11 
2 0 -8 -5 -2 -2 -2 4 
0 13 3 -2 -6 -2 -1 -1 
7 -5 -13 -5 -6 -4 -4 1 
-4 -8 5 0 1 3 1 -12 
6 12 -23 -7 -6 -2 0 12 
6 1 4 -4 -2 -2 -2 18 
-4 7 9 2 0 -2 -2 -31 
-5 -4 -5 0 1 1 -1 0 
21 -9 11 4 1 -1 0 20 
6 4 -9 -5 -4 -4 -3 -12 
-7 -14 5 -6 0 3 3 38 
15 6 -2 -1 -1 -4 -3 -25 
-10 -9 -4 1 1 2 0 2 
4 12 19 7 4 2 1 -5 
-7 -5 9 -2 -5 -2 -4 -3 
-2 -16 -10 -4 -3 -1 0 5 
-10 1 2 -1 0 1 1 -6 
11 -1 -8 -3 -3 -3 -2 2 
-15 2 1 2 1 0 0 5 
2 -9 9 2 -4 -2 -3 -6 
-4 -14 -18 -3 -2 -2 0 -9 
-7 -2 3 -2 -1 -2 0 4 
12 10 3 2 0 -2 0 -3 
-8 1 -12 -5 -3 -4 -4 -4 
13 -1 6 2 0 -4 -2 2 
-13 -1 -7 -2 -3 1 0 2 
-1 -1 -7 -3 -1 -1 -1 -1 
-3 1 -2 -2 -3 -1 0 -4 
-3 7 1 -2 -1 0 -2 -5 
-6 -2 1 2 0 -2 -1 2 
4 5 -14 -5 -3 -1 -2 -5 
11 -8 4 1 0 0 2 25 
-4 -3 -13 -5 -3 -2 -5 -27 
2 1 -6 -3 -3 -3 -2 -2 
0 -8 -7 4 -1 -1 -1 5 
-1 -11 -12 -7 -5 -6 -5 -6 
-4 45 30 2 0 2 3 7 
-1 11 -11 -3 -1 -1 -1 -1 
10 2 18 3 1 0 0 -3 
-3 -10 -14 -2 -1 0 -2 1 
0 -20 -8 -1 2 1 0 15 
