#EMG
#8
#ID:8-76
-5 8 17 -2 -3 0 -2 -11 
-10 -7 3 3 -3 -4 -3 -11 
0 -5 -16 -3 -4 -1 -1 -9 
36 1 -15 -9 -2 0 1 23 
-9 4 15 4 4 2 2 10 
-19 -2 -4 4 1 0 -2 -5 
-21 2 7 -11 -5 -3 -1 -12 
23 -1 -4 -2 -3 -3 -2 2 
-13 -6 -3 -2 -1 0 1 -1 
18 -3 6 7 2 2 1 -5 
-13 3 7 3 1 -2 -2 -1 
8 5 1 3 0 0 -1 2 
0 6 6 -1 -2 -1 -1 -1 
5 -5 -10 -9 -4 0 0 15 
9 -9 -17 -4 -3 -5 -5 -17 
1 0 4 2 -2 -2 1 10 
-9 3 -9 1 1 -1 -2 -34 
9 5 21 2 2 -1 1 7 
-27 -4 -10 -3 0 1 1 -18 
-19 3 8 13 1 -1 -1 3 
9 -5 -5 -20 -3 -2 0 17 
25 -1 -1 0 -1 0 1 8 
-32 1 10 1 0 2 2 -16 
15 -4 -6 6 -3 -1 -5 4 
4 -1 -9 -7 -3 -1 -4 10 
-15 -7 -20 -11 -6 -4 -1 -9 
12 -1 0 -1 2 1 -1 4 
3 -1 15 4 3 1 3 2 
19 6 13 10 1 1 0 12 
-7 -6 -8 -1 -1 -2 -3 -8 
-1 3 7 7 -1 1 1 5 
-12 -6 -3 -12 -2 -3 -1 -10 
1 -2 -1 -9 -6 -3 -1 6 
8 3 13 1 -2 -4 -1 11 
-4 -11 -10 -3 -2 -3 -2 -3 
0 9 7 2 -2 -2 -1 -9 
8 -14 -35 -6 -1 0 -1 3 
-9 5 0 -4 -2 0 0 16 
-1 1 5 8 1 0 -2 -8 
9 -1 -13 -14 -2 -2 -5 -35 
-8 5 13 13 2 -1 1 5 
-4 -13 -15 -2 -3 -2 -3 -3 
3 -5 -7 -7 -6 -4 -2 3 
1 -2 -2 12 0 -1 1 5 
-6 -3 -8 -15 1 -1 0 0 
1 6 16 1 0 -1 3 -6 
-9 6 -1 1 -2 -2 1 13 
6 -10 -7 -8 -5 -2 -5 1 
-9 0 17 10 2 -2 -2 -8 
4 -1 -6 -5 -2 -2 -3 4 
31 12 40 3 0 -1 -2 -6 
-18 -6 -38 -9 -5 -1 1 7 
10 -1 -4 -5 -1 -4 -5 7 
15 1 19 6 0 1 -1 1 
-4 -2 -14 -6 -1 1 -1 3 
-2 -1 27 1 1 -2 -3 -7 
-9 -7 -26 -4 -2 0 1 -10 
0 0 -1 3 1 1 0 -9 
-2 -5 -26 -14 -5 -1 -4 2 
8 0 1 1 -2 -2 1 11 
-2 -2 -4 1 0 1 1 1 
-12 3 18 6 0 -2 -2 0 
1 5 27 5 0 -1 1 7 
-16 -2 1 -8 -1 0 -1 -6 
8 -3 -15 -1 -4 -4 -2 -7 
-9 2 8 3 -1 -1 -1 -7 
-10 -6 9 11 1 0 1 -3 
22 -6 -10 -10 -1 -1 -1 10 
-5 -7 -25 -5 -2 -3 -4 -9 
-4 -4 1 -5 -4 -3 -3 -7 
-15 2 -14 0 0 0 0 -2 
49 3 -6 3 1 1 0 11 
-25 1 20 7 3 -1 -3 -5 
49 2 -17 -8 -3 -4 -4 -11 
-43 -9 -9 0 3 1 4 -18 
5 3 11 11 0 2 1 25 
11 2 12 -4 -3 -2 -1 -14 
-2 -4 0 -3 -4 -3 -4 -13 
11 -4 -3 -4 0 -2 -5 6 
-14 6 4 1 3 2 5 -3 
1 -4 -1 4 -3 -1 0 12 
-19 -4 20 18 3 2 -1 1 
8 6 -19 -21 -5 -4 -6 -11 
-21 -14 -2 -7 -4 -2 -3 2 
-6 4 15 3 -3 -4 -2 -5 
-21 -3 -22 -5 -2 0 0 2 
-2 8 -7 -1 -1 -1 -4 -36 
-11 2 14 1 0 -4 -2 -11 
3 -2 13 6 -1 -2 1 12 
22 10 13 -4 0 2 4 13 
-5 -18 -42 -9 -6 -6 -7 -11 
-15 1 10 -1 -5 -1 -3 4 
16 -4 -16 3 1 -1 -5 -14 
-5 4 25 7 0 -2 -2 9 
4 23 -16 -14 -3 -1 8 6 
63 11 -7 -1 -2 0 -4 5 
-26 -15 6 2 -1 2 2 23 
-14 -6 -12 1 0 0 2 -24 
-7 -3 0 0 0 1 4 9 
11 -15 -2 -5 -2 -4 -7 30 
-3 8 21 13 6 3 4 -27 
-1 -17 -71 -31 -8 -5 -3 1 
-27 -1 20 11 2 -2 0 19 
-18 -5 -12 -2 -3 -4 -2 -28 
0 -4 14 13 -3 -1 1 21 
-7 -11 -16 -20 -6 -1 -11 -18 
6 -7 18 1 -1 0 17 18 
-17 -6 -6 -5 -2 -3 -2 -8 
21 4 5 -2 -1 -2 -6 3 
-64 9 -3 4 1 -3 0 -12 
-3 -1 -20 -4 -5 -1 -5 5 
-4 -11 23 7 3 -1 -7 -21 
-27 -7 -16 -18 -5 -1 8 -33 
2 3 -2 -1 0 1 3 -15 
12 1 22 4 -1 2 -4 14 
-29 12 0 26 2 0 1 -12 
13 -9 -35 -30 -5 -4 -21 10 
6 7 -6 1 -3 -2 21 20 
-32 -3 8 3 -1 0 -9 -14 
22 2 -15 -8 -1 1 8 27 
17 18 5 7 1 1 6 2 
-11 -13 0 0 0 0 -10 -48 
0 -8 -1 8 2 -4 -8 25 
-4 1 -18 -21 -5 3 15 -16 
18 12 -6 -1 -3 -2 0 24 
-15 -4 12 -4 0 -1 -6 -11 
0 3 22 11 -1 -1 -8 -27 
-17 -7 -16 -5 -5 -4 -3 4 
6 1 -3 -2 -2 -5 -20 -11 
36 3 24 21 6 1 21 38 
12 -14 -34 -23 -4 -2 -14 -15 
-23 -3 -24 -16 -6 -3 18 2 
16 14 -5 -2 -1 -1 -5 28 
-16 -7 0 2 0 -1 -5 -49 
9 -6 3 5 4 2 3 3 
30 28 15 9 4 2 -18 -3 
-6 -14 -12 -1 -2 -1 26 25 
-9 -14 -3 -12 -7 -7 -26 13 
9 0 -15 -5 -3 -1 9 21 
12 -1 3 2 2 2 -7 -31 
-12 -3 12 5 -1 4 14 -7 
-40 9 11 4 2 0 -7 2 
10 -5 7 0 -3 -3 -4 -17 
13 15 2 1 0 -1 -4 3 
-11 -10 5 0 0 -1 -2 -14 
16 -12 -15 -8 -4 -3 0 13 
-4 12 1 0 2 -2 -2 5 
-21 -9 9 1 -3 -4 -1 -8 
1 12 31 3 1 0 -1 -4 
13 -13 -59 -3 4 3 -2 8 
2 -3 30 9 4 4 12 6 
-16 -22 -3 -1 -3 -4 -8 7 
-10 -4 -2 -2 -1 -2 -8 -14 
0 1 7 1 -4 -4 -1 -5 
8 -46 -62 -14 -10 -3 -1 1 
-7 -20 -7 -15 -3 -2 5 7 
8 0 7 -1 0 2 0 7 
5 25 41 10 0 1 5 7 
0 -8 -36 -5 -6 -5 -8 -16 
2 -10 -6 5 1 -1 -1 3 
-8 -11 -8 10 2 -2 0 -5 
13 14 -15 -24 -6 -4 -2 9 
-6 -9 -13 -1 -1 -1 -2 -8 
-4 -5 30 -2 -2 -2 -2 3 
-17 1 -4 -1 -3 -4 -7 -6 
9 -1 0 0 2 -1 3 0 
0 -4 3 -2 -4 -5 -3 -14 
-6 32 -3 -10 -1 2 1 -4 
10 33 43 15 3 3 4 -3 
7 8 -33 -7 0 -3 -5 7 
10 0 13 -4 -4 0 -5 21 
-12 -15 -17 10 1 -1 7 -23 
-2 -5 -41 -11 -4 0 5 -3 
8 -2 30 4 0 4 4 10 
4 21 1 0 1 -2 -2 -8 
5 -12 4 10 -2 -2 -5 10 
-4 -10 -23 -10 -5 -2 -4 -5 
-3 -11 31 -6 -5 -3 -1 16 
-8 6 23 25 9 6 6 -13 
-3 -14 -25 -25 -7 -3 -7 -3 
-6 -22 -20 -8 -5 -5 -6 -5 
10 35 -7 8 7 4 2 21 
25 0 30 3 -5 -4 -3 18 
-6 -9 -10 2 0 -1 0 -18 
-3 -10 -2 -1 -2 -1 -11 -5 
-14 -41 -15 -10 -4 -2 2 -17 
16 16 0 -2 1 1 9 29 
26 24 36 13 7 6 3 -9 
-14 -27 -22 -15 -7 -6 -7 20 
-1 -21 3 5 -6 -6 -7 -22 
4 10 21 -7 -2 -1 -17 -21 
-9 -15 -18 0 -4 -2 10 23 
-13 0 12 14 6 1 11 10 
10 3 -59 -8 0 2 -18 -34 
-12 3 8 -11 -1 1 13 23 
-17 -5 -3 -11 -4 -4 -7 -6 
-2 2 -11 0 -3 -4 -13 -20 
-2 5 7 16 4 2 17 24 
-4 6 -8 -1 -1 -1 -13 -6 
15 15 0 0 -2 -4 3 -7 
-3 10 34 14 2 4 15 10 
-10 -11 -45 -21 -10 -9 -1 2 
1 -8 -1 -5 0 -2 3 -2 
-5 -4 18 4 -2 -2 -2 28 
7 -7 -3 -2 0 -3 -17 -34 
-7 8 34 5 -1 -3 -7 -3 
-8 -11 -16 20 3 2 4 -3 
-8 35 -29 -23 -5 1 19 19 
-13 -19 8 1 -7 -6 -8 -20 
31 5 20 -3 1 2 13 40 
-74 -4 -18 -14 -7 -9 -10 -22 
22 -10 27 23 2 -2 -17 -36 
3 0 -40 -9 6 8 16 10 
-24 8 31 3 -4 -1 -10 -21 
13 -4 19 9 0 -4 -10 -17 
-21 -10 -38 -18 -6 -1 -14 -11 
37 13 8 1 1 -1 11 51 
-10 -18 -20 24 2 2 5 -2 
35 2 0 -14 3 3 23 44 
-64 -10 -5 -7 -6 1 -9 -40 
2 -3 3 -8 -9 -11 -22 -34 
8 -1 -5 -1 3 -4 -15 -19 
7 -2 16 6 -3 -4 -1 -36 
21 6 22 27 10 1 -1 15 
-8 -14 -60 -57 -10 0 14 20 
-16 3 -9 -2 -6 -4 -2 -11 
0 -5 5 8 5 2 -6 -19 
20 27 34 7 1 -1 -15 -9 
13 18 28 14 2 1 -10 13 
5 -10 -37 -12 -6 -3 -5 -21 
-10 -8 -5 -5 -4 -1 -1 -13 
-1 -45 -29 -5 -1 -4 0 22 
9 69 54 30 7 2 1 -1 
-5 9 -26 -35 -11 -4 -1 17 
-12 14 -7 12 1 0 7 15 
-14 -10 -54 -41 -12 -5 2 -8 
-39 -14 2 12 3 1 -4 -46 
12 -9 38 13 5 4 12 68 
39 -9 -17 -15 -6 -1 -12 -16 
5 3 12 22 11 4 8 -9 
4 -6 61 -9 -7 -4 -4 -6 
-30 -12 -44 -6 -1 1 -2 -17 
-9 16 17 16 -5 -10 -26 -7 
3 -7 -13 -19 6 10 23 43 
5 -12 -29 -16 -9 -3 -4 5 
5 -10 -4 18 4 1 -6 -25 
-14 -6 -14 -20 -6 -3 7 1 
9 -2 -19 6 -5 -5 6 -3 
-10 1 12 8 3 -4 -6 5 
55 49 39 13 9 7 6 35 
-33 -9 -56 -19 -3 1 5 -19 
5 17 44 8 -9 -7 -20 -36 
2 -16 -14 -11 -1 1 14 11 
7 21 43 14 2 -4 -14 -10 
11 -20 15 -2 0 1 3 26 
2 52 -16 -6 0 -1 -6 2 
-9 -2 -37 11 2 2 -2 -9 
-6 11 37 -13 -5 -6 -4 -1 
-8 34 46 -10 -3 4 13 4 
2 -4 -13 5 -4 -4 -15 -7 
8 2 5 13 6 1 11 3 
-11 -17 -6 -4 3 7 13 -8 
7 -1 -33 -11 1 -1 -7 -2 
-3 -6 78 10 -2 -1 -9 -7 
5 -28 -75 -5 -4 -2 18 21 
-1 -28 -28 -18 -13 -5 -6 -4 
2 3 31 14 3 5 6 18 
-19 13 49 35 9 -1 -6 -53 
-3 14 5 -39 -8 -4 -16 -17 
-27 36 14 -3 -7 -7 -7 -15 
2 6 -18 -7 0 0 3 7 
6 -12 -26 -4 -5 1 10 50 
10 0 55 11 1 0 -6 18 
9 5 -47 -8 -4 -5 -8 -18 
-15 -6 12 5 3 2 5 -9 
13 8 10 0 3 -1 0 19 
2 -4 18 20 8 5 7 -7 
-11 -40 -29 -34 -19 -9 -5 8 
17 14 73 30 11 1 -2 19 
-21 -39 -102 -46 -13 -9 -10 -23 
23 -1 -21 -8 -9 -1 2 -12 
-3 -10 31 39 8 2 -1 3 
-6 -14 -45 -35 -13 -8 -11 -7 
8 -2 19 30 10 5 9 11 
2 -3 6 -17 5 2 -7 -4 
19 2 -12 -7 -7 -3 -6 -2 
4 -33 -19 7 2 -4 1 5 
3 14 17 11 5 3 7 36 
-11 0 17 16 -1 -6 -17 -55 
-25 -15 -10 -6 4 -2 -4 4 
-21 -4 5 -4 -4 -2 3 -29 
-7 -26 -82 -44 -21 -9 -8 -8 
-8 8 37 25 7 5 2 1 
-9 -15 -49 -19 -7 -3 -4 -27 
7 20 17 17 -1 -3 -7 37 
36 20 73 32 12 2 -7 -3 
22 -1 -28 -33 -11 -7 -2 14 
-31 -1 -30 2 -3 -4 1 -26 
-26 -61 -59 -38 -15 -4 -13 -11 
-6 1 5 -9 2 4 -2 7 
-16 -19 -5 3 0 -1 2 9 
15 27 64 34 15 3 1 -2 
10 -1 11 15 4 -1 6 7 
-16 -21 -7 -19 -7 -5 1 -27 
-27 -2 17 20 0 -1 -6 -18 
31 -14 -13 -18 -1 3 -1 21 
-20 19 -22 -8 -2 -1 9 -23 
28 3 3 -3 -3 -4 -1 61 
40 12 13 17 1 3 -3 -19 
-28 -5 13 -9 0 -8 -3 -11 
-17 -2 4 -6 -5 2 0 -18 
-7 7 6 2 -2 -3 -2 5 
39 -2 -35 -12 -2 1 -12 41 
-5 -4 20 3 0 -2 3 -3 
7 19 22 27 8 4 14 37 
3 -27 -18 -14 -1 -5 14 -68 
-21 -4 -4 -8 -6 1 -3 15 
34 1 -9 5 2 3 21 32 
-36 5 -6 2 -1 -8 -28 -27 
26 -8 -20 -3 -1 -5 -2 23 
-55 -1 -4 1 -2 -3 16 -13 
-14 12 45 19 6 3 -4 -18 
17 -8 -73 -37 -9 -3 -17 -28 
-19 -7 -6 -5 -5 -2 10 26 
3 3 19 5 6 0 -13 -27 
2 -20 -25 3 -8 1 1 10 
-12 -12 16 -7 8 3 1 -13 
9 20 56 23 4 3 -7 1 
-2 11 24 -10 0 -2 6 21 
5 8 52 8 0 2 7 18 
-4 -7 -33 -3 -2 2 1 -4 
-12 -16 -91 -42 -19 -9 -10 -3 
3 -52 -2 13 1 2 8 17 
3 -7 -15 3 11 -1 -6 -6 
6 26 42 1 -10 0 0 3 
3 1 -7 20 8 0 -2 -7 
15 -5 -49 -49 -14 -5 -5 15 
-17 -29 -37 -3 -14 -8 -14 -28 
9 -12 -8 -26 -8 -2 3 9 
4 13 27 12 6 3 5 13 
-7 12 2 16 8 -1 -3 -35 
8 -9 -5 -1 3 0 0 -7 
34 27 37 22 5 -2 3 33 
-9 -1 5 -1 -2 -1 -7 0 
-23 -2 -24 -9 -5 -5 -2 -22 
-57 3 2 -5 -4 0 -4 7 
14 9 -2 12 2 -1 0 -4 
-18 -1 1 -12 -1 1 -2 -10 
-15 8 2 7 -1 -1 7 20 
11 0 -4 -11 -6 -6 -8 -35 
11 -4 -6 3 0 -2 2 0 
-1 0 17 3 -2 0 -3 12 
5 8 -3 -3 -2 -1 -3 4 
-18 8 3 -6 -4 1 5 -15 
-3 -1 2 5 5 3 0 -2 
13 -1 21 9 -1 -3 -3 -11 
2 -2 -13 -3 -2 -4 -4 8 
20 4 -10 -14 -4 -1 1 18 
-10 1 6 1 -3 -2 -3 -17 
-12 5 0 1 1 0 1 -11 
-5 1 15 3 -3 -1 -1 -4 
9 6 4 1 1 1 2 2 
-7 1 -5 15 0 -2 0 -2 
2 -4 -14 -25 -5 0 2 -4 
6 5 -6 -2 -1 -1 -3 -5 
0 11 0 -4 2 3 1 -12 
-4 -13 21 -2 -4 -2 -5 1 
-7 -2 5 19 7 3 2 -3 
-2 -5 -19 -10 -3 -2 -2 -4 
8 6 7 1 1 1 3 9 
-2 -5 -17 -3 4 0 -3 -5 
-6 -2 2 -1 -4 -3 -1 -6 
-6 0 -4 -4 -1 -1 -1 -10 
3 -1 6 6 -1 -2 0 8 
6 4 3 -3 -2 -3 -1 1 
-1 3 -3 -1 -2 0 -3 -7 
-1 -6 -10 -4 -3 -3 0 12 
-1 2 5 -1 0 -1 -3 -8 
17 0 0 -1 -1 -2 -3 -1 
4 1 -4 -1 0 2 3 34 
19 2 6 3 -4 -2 -5 -50 
-59 -12 1 2 1 2 0 -9 
2 -3 -9 -4 2 2 2 5 
-10 -6 -6 1 -1 -1 -2 -14 
6 3 14 5 1 0 2 22 
56 14 8 -1 1 -1 -1 14 
-31 -8 -13 -10 -5 -5 -3 -5 
-32 0 6 -3 -2 -1 -2 0 
0 -6 -1 3 4 3 2 8 
-11 -7 -12 0 -1 -1 0 -20 
17 11 21 5 -1 1 4 21 
8 -4 -1 -2 -6 -4 -6 -34 
-19 -3 -15 -6 -5 -5 -3 -5 
8 2 -10 1 -1 -1 1 14 
-3 1 6 -2 -3 -1 0 -4 
-4 0 -4 -3 0 0 -1 -1 
-1 2 3 2 1 1 1 1 
17 -2 -6 -3 -2 -1 0 7 
-6 -4 -15 -6 -3 -3 -3 -7 
4 5 16 1 1 -1 0 1 
-3 0 7 -1 0 -2 -2 3 
3 0 -3 -4 -4 -4 -3 6 
-5 -1 -3 1 0 1 1 -7 
8 -4 0 2 2 -1 2 2 
6 3 -2 -2 -3 -1 -2 2 
-5 -1 6 -4 -4 -3 -2 -2 
0 2 8 6 3 -1 -3 -7 
4 0 -21 -6 -7 -2 -1 4 
-13 2 7 -2 -2 -2 -2 -2 
5 -13 -17 -6 -4 -1 -4 12 
-11 -6 -17 -3 -2 -4 -3 -24 
-38 -5 -6 -2 -3 -3 -5 -17 
5 -10 -5 -4 -7 -4 -4 16 
-14 0 14 0 -1 0 1 -9 
18 0 -3 -1 2 -1 0 15 
3 0 6 0 -1 0 2 19 
16 -9 -10 0 -4 -4 -8 -30 
-14 -2 -7 -2 1 0 2 6 
9 -3 -4 -5 -4 -2 -4 -2 
2 0 8 1 2 2 1 -5 
3 3 9 1 2 -1 -2 7 
10 1 -2 -4 -4 0 1 9 
-8 -6 3 0 -1 1 -2 -6 
4 3 0 -2 -3 -2 -1 0 
-12 0 -8 -2 2 3 2 -5 
-4 -11 12 5 0 0 -2 -2 
-8 7 -2 -2 -2 -2 -1 -2 
13 -4 -10 -3 -2 -3 -3 15 
-10 1 -3 -3 -3 -3 -4 -15 
5 -1 4 -1 -1 1 -1 -5 
-5 5 10 -1 0 3 3 4 
47 -2 -8 -2 -1 2 1 7 
-13 -1 7 2 0 -1 -1 3 
0 4 8 2 1 -3 -4 -2 
2 -2 -2 -2 -3 0 2 28 
-6 1 -5 -1 -1 -2 -5 -56 
-24 -8 -12 -3 -2 1 -1 0 
-1 1 0 -2 -5 -2 -1 -3 
11 0 4 2 2 -1 -1 -3 
-2 11 1 -4 -1 -2 1 6 
-8 0 -3 -1 2 -1 0 1 
-5 2 -6 -1 2 -3 -4 -5 
-6 -10 -13 0 0 -2 0 -2 
-4 -3 3 2 1 0 0 7 
-3 -7 -6 -2 -2 -1 1 -6 
7 5 0 -3 -3 -3 -1 15 
9 0 6 -2 -1 0 -3 -15 
-7 -3 -6 -1 -2 -2 -2 -1 
11 5 -16 -5 -6 -3 0 6 
-7 -9 -16 -4 -1 -3 -1 -9 
-8 -17 5 1 2 2 0 0 
2 -5 2 -4 -1 0 0 4 
-60 -7 -1 0 -3 -4 -3 -9 
21 3 -6 0 0 -4 -4 11 
-29 10 -11 0 1 0 1 -20 
-1 -4 4 -2 -4 -3 -4 31 
40 2 3 -2 -2 1 0 -40 
10 -5 0 0 -4 -2 1 25 
-14 0 2 -1 -2 -4 -2 -4 
-10 -4 -11 -2 -1 1 1 -3 
22 0 1 0 0 1 2 20 
-24 -5 -2 -2 0 1 -1 -16 
20 -5 -7 -4 -6 -4 -2 19 
-4 1 1 1 0 -2 -1 -9 
7 3 -3 -3 -2 -1 0 4 
0 -10 14 2 3 3 4 -1 
-9 -2 -11 -6 -6 -3 -2 -7 
-7 -4 15 2 -1 -4 -4 -8 
-6 -3 -7 0 -2 -1 -4 7 
-9 -1 11 -2 -2 -1 2 -6 
-3 6 0 1 1 1 -1 -3 
62 -1 3 -2 -3 -1 -1 26 
-34 1 8 0 0 0 -1 -24 
-4 -1 -5 -2 -3 -2 -4 -9 
6 1 3 0 -2 -2 -1 -7 
-9 -7 -5 -2 -1 1 1 -4 
11 -8 -5 -1 -1 0 0 28 
13 1 -8 -3 -2 -4 -4 -20 
-7 7 7 -3 -3 -1 -4 -5 
-17 1 0 1 -1 -2 -1 -8 
15 -9 5 0 0 1 3 24 
1 -7 -6 1 0 0 -4 -34 
-12 0 -2 -2 -2 -2 -1 -9 
-6 -1 -8 -3 -3 -2 -2 -8 
2 -1 1 -1 0 1 0 -1 
7 2 -4 1 0 1 0 18 
2 -6 3 -2 0 -3 -3 10 
-19 2 7 1 -1 -1 -4 -22 
3 13 -9 -5 -6 -4 -6 0 
-4 -5 0 1 2 5 4 3 
-45 1 -8 -3 -2 -1 -2 -4 
-5 -2 8 0 3 1 1 9 
5 -5 2 1 -3 -2 -2 -6 
-12 4 -3 -2 -2 -2 -2 4 
20 3 -12 -3 -5 -3 -3 -2 
0 3 -7 -4 -2 -1 0 -2 
-8 3 6 1 2 -2 -1 -7 
3 1 -16 -4 -4 -2 -2 -2 
7 -1 1 -1 -2 0 -1 0 
-5 -3 -9 -4 -3 -4 -2 2 
8 -4 -1 0 1 0 1 -1 
2 1 5 0 -1 -2 -2 22 
17 2 -5 -2 0 0 -1 -1 
-22 -10 -8 -4 -3 -1 -3 -39 
22 2 7 4 1 1 -1 -3 
-71 -3 -1 -2 -1 -4 -4 -16 
3 -15 8 3 3 1 1 12 
7 6 0 -1 0 -1 -2 11 
-12 -6 -3 -2 -2 -1 -3 -3 
13 11 9 3 -1 0 1 4 
2 -5 -7 -4 -2 1 1 -1 
-11 -2 -6 -3 -4 -3 1 -11 
0 -8 -6 -1 1 -3 -2 -4 
6 11 7 -2 -2 -2 0 2 
-5 4 -5 -2 -1 -1 -1 -3 
12 3 7 3 1 -1 2 8 
-10 3 2 1 -2 -1 -1 -4 
6 -5 6 -5 -2 2 -1 0 
-8 -2 2 0 0 -1 0 -7 
5 -9 1 1 -2 -3 -4 -2 
3 1 -10 -2 -4 -4 0 14 
-14 -4 -5 2 -1 -1 -3 -16 
13 0 -1 -1 -1 -2 -2 -3 
-7 3 5 0 3 2 0 4 
0 0 4 -1 -1 1 3 8 
15 0 -15 -2 -2 1 -1 -1 
-9 -9 5 0 2 2 4 28 
13 5 -2 -3 -2 -2 -5 -29 
-5 -6 -4 -5 -5 -2 -3 -6 
-38 -5 -11 -2 -3 -4 -3 -11 
0 4 0 2 -1 -4 -1 1 
-9 -1 7 1 -1 0 -1 13 
-8 1 1 -3 2 2 0 -5 
11 -8 -1 -1 1 2 3 0 
11 0 5 -1 -1 -1 -1 -1 
-11 -9 -16 -8 -5 -5 -7 7 
5 4 4 -2 -1 -3 -6 -32 
-8 0 -4 -3 -1 -3 -1 7 
-1 6 3 -1 -3 -2 -4 -13 
11 -5 2 -1 0 2 2 7 
-6 9 -13 -1 -1 0 -3 7 
7 -5 1 0 -2 -2 1 -3 
1 -9 -20 -7 -4 -4 -3 -2 
-24 -4 -11 -4 -2 -2 -1 -6 
21 1 15 1 -2 -4 -4 11 
0 -5 -8 -5 -4 -3 -1 -19 
9 3 6 1 -1 1 -1 2 
-4 4 2 2 0 -2 -1 1 
-9 -9 -6 -4 -1 -3 2 6 
63 1 -1 -2 0 0 -2 15 
-23 -8 -6 -2 -1 -1 -2 2 
3 2 0 0 0 0 0 4 
-9 -3 -3 -1 0 -3 -2 -11 
10 4 11 -1 -1 -3 -3 4 
9 6 2 0 -4 -2 0 -5 
-2 -2 -5 3 3 3 3 5 
-14 -7 -7 -1 1 1 5 10 
10 -5 1 -2 -4 -4 -5 -13 
3 4 10 -2 0 -3 -2 -10 
1 4 -6 -2 -4 -4 -3 0 
-5 0 3 0 1 0 0 -1 
-17 -5 -8 -2 -4 -2 0 4 
-4 -6 -10 0 1 -1 -2 -5 
5 -7 7 -1 0 0 0 9 
7 -1 -13 -2 0 -2 -3 -4 
-9 -4 -1 -2 -3 -2 -2 5 
5 -3 0 0 1 0 0 -2 
-3 4 13 5 1 1 0 -3 
27 -5 -8 -4 -3 0 2 12 
-1 -9 -8 0 -1 -1 -4 19 
-7 -2 -7 -3 -3 0 1 -9 
-3 7 -11 -2 2 -1 -2 11 
-8 0 9 0 -2 -1 -4 -14 
15 15 -6 -1 -1 -1 -3 -9 
-3 0 7 2 0 0 -1 4 
12 -2 -3 -3 -3 -2 -1 -4 
2 0 -7 -6 -2 -3 0 19 
-38 -5 -9 -1 -1 2 2 -10 
-6 -3 -2 -1 -2 -3 -2 -7 
0 -3 -1 -4 -3 -3 -1 -5 
-9 -2 2 2 0 1 0 -8 
-2 -2 2 -3 1 0 -1 -4 
7 5 21 5 -2 -4 -2 -1 
-3 -4 -3 -1 -2 0 0 -1 
0 -4 -24 -7 -5 -5 -5 -5 
8 16 2 2 2 0 2 -3 
-4 -10 -8 -3 -1 -2 -1 14 
3 0 3 -2 -1 -3 -3 -10 
-1 2 14 0 -1 -2 -4 -2 
0 -4 -14 -2 1 0 1 7 
4 -2 -4 -3 -1 -1 -3 -3 
-5 -7 -6 -3 -1 -1 1 -7 
-16 -3 0 -3 -2 -1 0 -4 
18 -2 14 2 1 0 0 28 
-1 8 3 2 0 -1 -1 -22 
2 4 -5 1 2 2 3 11 
-4 -8 3 -3 -3 -2 -4 -20 
5 -7 0 0 0 0 -1 3 
