#EMG
#0
#ID:0-7
10 -4 1 4 2 -2 -2 -4 
-6 -7 3 -2 -2 -2 -1 -2 
0 -2 11 4 1 1 -1 -10 
0 -1 -6 -2 -2 -3 -4 2 
-11 1 34 10 3 1 2 3 
-17 -12 -50 -15 -5 -5 1 -10 
12 -3 6 -2 -3 -1 -3 7 
6 3 6 -1 0 -1 -1 8 
-7 4 11 -2 0 2 0 3 
6 5 -6 6 1 -1 -3 -8 
-4 -10 -16 -8 -5 -3 0 -1 
1 2 17 -1 -1 -2 -2 4 
1 1 -15 -5 -2 -2 1 6 
-27 -6 1 0 0 0 -2 -21 
-1 9 4 4 6 1 1 2 
-6 -19 -12 2 -3 -2 -4 -18 
-9 -4 -14 -13 -5 0 -1 6 
9 -2 0 -1 -2 -2 -1 -6 
-2 -2 3 -2 2 -2 0 -5 
-4 2 -1 2 0 -2 -3 -8 
2 -3 7 4 -1 -1 -2 2 
3 1 12 17 3 0 0 5 
8 -3 -12 -28 -5 -2 -3 -4 
-2 2 -15 -5 -4 -2 -2 0 
5 -1 2 -1 1 -1 -3 -3 
4 4 13 3 -1 1 0 9 
-1 -5 12 9 -1 -4 -1 -3 
10 -1 -8 -2 0 0 1 1 
-2 -1 17 1 0 -1 0 17 
-2 -1 -21 -11 -4 -2 -2 -35 
-12 2 7 8 3 2 1 3 
3 -2 4 -1 -1 -2 0 1 
2 3 -14 2 0 -2 1 0 
1 -1 7 -2 3 0 1 27 
9 -6 6 8 -3 -3 -5 -39 
0 -9 -31 -12 -5 -3 -2 2 
1 10 0 -1 -1 0 0 -5 
-5 0 -9 1 -1 -1 0 5 
1 8 10 -6 -2 0 -1 1 
-11 1 14 3 2 -3 0 7 
-5 -8 -6 0 -3 -3 -5 -6 
-9 -9 -21 -16 -5 -3 -3 -8 
2 1 5 11 -1 0 1 18 
-6 1 8 -8 -2 1 -1 -5 
-8 -7 -11 -3 -3 -4 -1 0 
-1 0 5 -2 -2 -1 -1 -1 
10 -1 -7 2 2 -2 0 20 
-30 4 -7 3 -1 -1 -4 -47 
19 -10 -29 -16 -5 0 -2 -2 
0 -5 4 -2 -4 -2 0 10 
-7 0 0 -3 0 0 -1 -6 
4 -6 -24 -5 -4 -4 -2 8 
-2 4 15 9 3 0 0 -5 
-6 -3 7 -10 -3 -1 -3 5 
22 2 -14 -3 -2 -3 -1 16 
10 10 -2 2 1 1 0 2 
-20 -3 16 8 -2 -2 1 -4 
15 3 23 3 0 -2 -1 13 
-14 -2 12 -1 0 -3 -1 -6 
6 -10 -12 3 -4 -1 -1 5 
6 -2 -6 -9 -2 0 -1 3 
-4 -1 -17 -7 3 2 0 -8 
-9 4 7 2 -1 -3 -1 -7 
3 4 15 5 1 -1 -2 -9 
-6 2 14 3 1 1 0 12 
-17 -10 -13 -5 -7 -5 -7 -38 
-1 1 2 5 2 1 2 -1 
3 -2 1 5 2 -3 3 9 
-6 3 5 -9 1 1 -3 -13 
7 6 -5 1 -2 2 1 11 
-9 -8 -8 -5 -5 -1 2 2 
2 4 40 6 0 1 -2 14 
26 -3 -27 -5 -4 -1 -5 -9 
-2 13 -3 5 -3 0 0 4 
-2 -8 -23 -15 -5 -1 -5 -3 
-5 -2 17 7 3 0 2 11 
-6 1 -7 -3 1 -2 0 -4 
8 0 2 -4 -2 -1 -4 1 
-3 5 12 7 0 -2 -1 -5 
-7 -6 -16 -10 -7 -1 -1 -14 
6 5 31 23 4 -2 1 -4 
5 -3 -33 -22 -3 -2 0 -2 
-17 -8 1 -2 -5 1 -2 6 
3 5 13 5 4 1 -1 -1 
-4 0 2 7 -3 0 0 6 
-4 -17 -19 -7 -3 -4 -2 3 
7 3 15 1 2 -1 0 -9 
16 2 0 -6 -3 -1 -3 6 
-14 3 1 2 0 -1 1 -1 
-8 -5 31 8 0 -2 -2 -12 
6 -3 -15 13 3 0 2 25 
1 -14 -16 -23 -8 -6 -8 -33 
0 0 -8 -5 -2 0 -1 1 
-6 0 -1 1 -2 -2 -3 -1 
-1 2 -4 2 1 -2 2 4 
-9 0 22 9 5 1 -1 -4 
14 -14 -60 -24 -8 -4 -4 5 
0 -2 9 -1 -2 -2 2 2 
0 1 -7 -5 -3 -2 0 -17 
2 -2 -5 1 -1 0 0 3 
0 6 22 -3 0 -1 -2 -4 
-9 -10 12 13 3 1 -1 4 
14 2 -9 -11 -4 -2 -3 -10 
-17 -8 -15 9 -2 -3 1 7 
-4 -9 -9 -18 -7 -3 0 4 
-3 6 18 10 1 1 3 6 
16 0 10 2 1 -1 -6 -31 
-2 1 -6 -1 0 -1 -1 11 
-9 -7 -11 -1 -1 -2 -2 -6 
3 -4 -8 -6 -2 -1 -2 5 
1 -1 21 6 1 -1 1 1 
1 1 -18 -7 -6 -1 -2 3 
-5 -1 21 10 0 -2 -2 -7 
-4 -2 -15 -9 -1 -1 0 -4 
-13 -3 -12 -1 -4 -2 -1 10 
-13 4 11 -1 -3 -1 -2 -11 
17 -2 24 19 5 -1 0 2 
-5 -8 -9 -13 -4 -2 -2 -6 
-1 -1 -29 -16 -4 -1 0 0 
26 -1 1 0 0 -1 1 25 
4 -8 -32 -9 -6 -1 -1 -5 
-8 -8 -1 -1 -5 -2 -5 -3 
-12 -7 4 6 5 2 0 -6 
4 -8 2 -10 -3 -4 -3 -10 
2 7 14 9 3 0 3 10 
2 -10 4 -2 -4 -2 -1 -2 
-6 -18 -2 -4 -3 -1 -4 4 
-5 3 -2 5 4 1 0 -3 
-15 2 15 -3 -1 -1 -3 -4 
-11 -6 -40 -7 -9 -4 -5 -7 
-8 1 -7 -10 -4 -2 -4 6 
-7 0 4 0 2 2 4 -13 
9 0 -11 0 0 -1 0 16 
-8 15 21 5 1 1 -1 -32 
5 4 13 4 5 -1 0 7 
-20 -15 -37 -15 -15 -10 -8 -8 
-13 6 7 0 -3 -1 -2 -12 
10 6 -11 5 2 4 0 11 
4 2 21 7 1 -4 0 -5 
-7 4 -7 -5 1 0 1 -6 
12 -12 -4 8 -2 -2 -2 4 
-3 2 -4 -8 0 -2 -2 5 
-9 -3 -5 -10 -5 0 0 -1 
22 -7 -8 -6 -3 -2 -2 12 
-24 -13 -15 -8 -2 -1 -1 -39 
20 12 28 12 5 -1 0 21 
-2 5 14 11 0 -3 -1 7 
9 5 0 0 1 1 -3 -5 
-31 -11 0 3 1 0 -1 5 
1 -14 -22 -13 -5 0 7 0 
-2 -4 -10 -4 -3 -3 -9 -6 
7 13 -12 2 2 1 2 8 
-2 8 -1 -1 1 -2 -6 -29 
1 -4 11 6 0 0 0 10 
-6 30 -3 -11 -3 -2 0 1 
0 -12 -40 -19 -11 -2 -1 -5 
2 -12 -16 -5 2 0 0 9 
-14 -2 -7 0 -2 -2 -1 -7 
1 -1 -6 5 -1 0 0 -2 
-4 8 52 16 8 -1 -3 -3 
-5 -5 -44 -13 -5 -2 6 12 
-18 -7 2 0 -4 -5 -11 -46 
-10 -13 -4 6 -1 0 0 6 
1 4 0 4 1 -1 1 5 
4 -10 26 -10 -7 -5 -17 -2 
24 15 -3 3 4 5 10 8 
0 -7 9 9 -1 -3 -3 11 
-7 -10 -19 -23 -5 0 1 -5 
-14 1 -2 -8 -3 -3 1 -13 
15 -6 31 6 2 1 -5 10 
-1 14 -12 3 1 0 5 -16 
-26 -25 36 -1 -3 0 0 19 
21 9 -24 3 -1 -1 -2 11 
-18 2 7 -10 -2 -3 -2 0 
12 -4 22 3 -4 -7 -6 7 
-6 12 9 16 7 4 -1 -10 
6 0 -12 4 -1 -1 -1 -3 
-10 -13 -21 -17 -7 -1 4 4 
-17 2 6 -4 0 2 -4 3 
-4 -2 -27 -7 -3 -5 -4 -2 
-23 -1 26 20 -3 -5 -8 -24 
14 -2 -10 -12 2 -1 -1 1 
3 -5 -21 -14 -4 -2 -3 -8 
12 -3 -6 2 2 3 8 1 
-6 10 15 2 -1 3 -1 11 
-9 3 -1 7 -2 -4 2 -41 
-14 -8 -14 -7 -4 -3 -8 2 
28 4 9 3 -1 2 -3 -24 
0 5 9 -5 2 -2 7 17 
-21 -10 -10 -1 -5 -4 -8 -10 
33 2 -17 -14 -6 2 6 2 
-8 12 19 2 -2 -2 -3 3 
26 6 -31 -5 1 2 -11 18 
-7 -3 7 3 -4 -2 7 14 
-5 -11 13 21 4 -1 1 -8 
-3 0 -17 -13 -2 -1 -12 -7 
-3 -1 -2 -5 -3 -2 -4 -3 
9 13 2 3 7 5 12 24 
6 0 9 6 -1 -2 -1 19 
-36 -7 -25 -9 -7 -5 -3 -8 
-3 4 7 -2 3 1 11 -3 
-5 -3 -21 2 -3 -4 -17 -4 
8 9 38 13 4 1 5 0 
0 -9 -33 -22 -8 -1 -4 -7 
1 -11 8 -2 -1 1 9 -2 
0 5 5 -1 -2 -3 -8 6 
1 -7 -7 -3 2 2 9 3 
8 -9 30 13 2 -3 -4 3 
-9 2 -23 -8 -7 -6 -19 -40 
9 -2 6 4 -2 0 6 24 
-8 -8 -22 -19 -7 -2 -19 -40 
1 -11 6 7 3 0 26 -2 
-19 -9 31 -1 2 -1 -2 15 
10 -12 11 10 2 2 -6 -9 
-11 24 -17 -5 -2 -4 -6 -15 
5 10 19 11 4 2 4 2 
-9 -12 -15 -13 -7 -3 -7 12 
24 4 10 7 4 0 -18 -13 
-4 3 11 4 0 0 28 37 
-13 0 -19 -6 -4 -1 -1 -2 
-10 4 16 -2 -4 -3 2 5 
-12 9 14 -4 0 2 -4 -25 
5 -9 -1 1 2 0 -2 -14 
7 -3 -45 -5 -7 -3 -7 7 
-24 -13 -8 -4 -4 -3 -1 -75 
1 -18 21 9 4 2 7 38 
-12 4 -12 -20 -9 -1 1 -14 
-10 -7 16 8 3 0 2 -15 
7 -9 -23 -7 -3 -5 -12 3 
1 7 -6 5 2 1 1 -14 
-24 -17 6 -7 -1 0 4 -3 
13 -14 -21 0 -4 -6 -10 32 
30 7 7 -2 4 7 3 17 
-1 12 6 -1 -5 -3 -3 -17 
3 -5 -6 2 0 -3 2 16 
-10 -2 5 -2 1 -1 0 -9 
19 6 26 9 -1 -1 8 6 
-9 -5 -59 -10 -2 4 -2 -8 
-6 -20 -4 -10 -7 -4 -26 8 
-7 20 34 7 0 0 13 -49 
-17 11 20 2 0 0 -2 11 
-5 -3 -11 5 0 -5 1 15 
4 19 -31 -3 3 2 -1 -16 
4 -3 -2 -9 -2 0 -5 4 
-10 -5 -23 -7 -3 -6 -1 -6 
-1 12 -9 -7 1 -2 3 -14 
4 8 13 15 -4 -7 -5 0 
2 -11 -4 -9 -6 -5 -28 -3 
8 7 -6 1 -1 3 23 26 
-8 -6 43 -4 -2 0 -6 -7 
13 -25 41 5 4 3 5 -16 
-6 23 -41 -8 -3 -2 0 4 
-1 -3 3 0 -1 -1 -15 -26 
1 -1 1 15 0 -2 11 18 
-10 -5 -7 -20 -5 0 1 -25 
5 16 28 13 5 -6 -19 8 
6 -19 2 -2 1 3 14 -12 
-2 6 4 1 1 -4 1 7 
5 24 -38 -4 -2 -1 -4 5 
-6 -7 6 -2 2 1 -1 -15 
24 22 -21 7 3 1 16 25 
-1 -16 -19 -16 -6 -1 -18 -4 
-5 -18 -32 2 -1 -1 6 12 
-4 0 41 1 2 1 1 3 
2 2 1 5 -3 -5 -14 0 
3 19 -6 -12 -4 1 5 -23 
-8 4 22 1 0 -3 -5 29 
4 -3 -10 1 0 3 18 16 
3 11 7 3 -1 1 -11 -8 
-9 -26 10 9 -2 -6 -13 -2 
21 -10 -23 -20 -7 -6 -4 -17 
-23 -7 2 11 7 2 1 8 
2 11 -9 -8 1 1 -5 9 
9 10 -26 -8 -5 1 13 10 
-12 1 21 5 2 2 -4 -9 
9 -9 -18 -2 -6 -3 0 17 
-3 9 15 6 1 1 2 -3 
4 1 -12 -9 -2 0 6 28 
-18 -8 -8 2 -2 -2 -9 -14 
32 12 22 13 3 0 5 14 
-1 -11 -17 -20 -5 -7 -19 -16 
1 0 6 -8 -6 -4 -4 -5 
3 -13 13 6 3 3 13 10 
2 46 -37 13 3 -1 -11 -15 
-7 -46 44 -11 -10 -3 3 9 
-13 -22 -54 -16 -7 -1 -1 -2 
7 6 -3 1 1 -1 1 -9 
-5 -5 29 10 4 1 1 -14 
11 -23 1 -12 -5 -1 -8 12 
-9 -23 -2 0 0 0 3 -5 
-7 0 -10 0 1 -1 -1 3 
10 4 17 -2 1 0 7 2 
-19 -2 47 12 5 -1 -7 -10 
8 10 -34 0 0 -4 10 6 
8 34 60 13 5 2 -4 -5 
-19 -22 -42 -40 -16 -6 -4 5 
-9 2 3 8 -1 4 4 -7 
29 44 26 23 11 0 -12 -9 
-30 -53 -79 -27 -17 -9 -5 0 
7 42 22 7 3 0 -2 -17 
0 7 -11 25 3 -1 4 5 
-15 -30 -3 -23 0 3 -3 -1 
3 13 -16 2 -3 -4 -8 -35 
13 -12 -29 4 2 -4 11 21 
-37 -4 -11 -13 -8 -1 -5 -11 
-8 61 57 11 0 -3 -13 -5 
11 18 25 9 8 5 3 11 
-16 -13 39 0 5 2 -1 -11 
11 6 -34 -15 -3 -2 5 1 
-9 -18 -28 -14 -10 -2 -7 1 
-18 -23 -15 -15 -4 1 -1 -2 
24 21 61 42 4 -4 1 15 
-5 -17 -52 -39 -5 -1 0 -1 
-5 -40 -21 -21 -13 0 -3 0 
8 11 48 12 3 0 3 13 
33 -13 8 -8 2 2 4 12 
-30 22 6 -12 -8 -5 -5 -24 
16 15 37 13 9 0 4 8 
-4 -11 -29 10 0 -4 -3 -27 
-20 5 7 5 -1 0 6 13 
32 7 -18 -2 3 1 -4 26 
-5 -15 -18 14 0 -3 4 -1 
14 52 19 -17 4 0 12 24 
-18 -24 -47 -30 -5 -1 -14 -24 
-1 -9 -6 14 -3 1 9 -9 
8 4 26 6 4 -3 -1 -4 
-5 -20 6 8 -2 -5 -12 -10 
5 7 -48 -14 -11 -1 -5 11 
-15 9 23 8 5 2 3 -11 
2 -12 2 34 12 1 -4 -4 
-13 6 13 -27 -16 -5 7 0 
10 -15 -33 -16 2 3 -8 0 
12 -28 -73 -23 -15 -3 7 -1 
-7 24 10 8 5 0 2 6 
0 -3 -22 34 10 0 1 3 
-15 -11 2 -18 -1 -1 -2 1 
7 -24 -4 -12 -11 -5 -7 -4 
-11 17 19 -3 -4 2 -2 28 
51 20 -37 -7 3 2 -6 -1 
-29 -18 -9 -3 -4 -1 17 18 
-7 25 56 39 19 0 -4 8 
9 -4 -19 0 6 -6 -1 4 
-10 -61 -46 -48 -30 -5 -9 -5 
10 22 49 14 9 3 -7 -25 
-17 -21 -59 -25 -16 -5 -1 -60 
-9 14 102 38 9 4 12 16 
-9 -3 5 21 10 1 -4 15 
6 -4 -61 -39 -12 -6 0 -41 
-6 12 46 20 6 1 -3 28 
22 -20 7 -27 -9 3 -1 -23 
3 -9 90 45 16 2 5 1 
-6 -8 -28 -13 -2 -6 -10 -11 
17 23 -17 39 12 2 -1 26 
-31 -31 -80 -59 -27 -6 -5 -43 
8 -13 19 3 2 2 -11 -3 
9 -33 -6 4 -2 0 4 15 
-13 5 43 24 12 -1 -13 -17 
-7 -38 -27 -27 -10 -5 -17 -29 
9 19 8 19 3 7 30 28 
-1 -7 -14 -20 -12 -10 -17 -14 
8 11 35 18 11 2 0 -4 
-9 14 10 47 13 0 8 30 
17 3 -32 -63 -20 -7 -9 -1 
0 -14 21 36 13 8 8 -1 
8 -15 -60 -43 -20 -6 0 11 
-10 55 54 19 8 0 0 -23 
-1 4 -44 -3 1 -8 -6 26 
4 19 54 15 -10 -3 1 18 
22 -6 -28 -15 -5 -1 -4 -11 
-16 -5 6 5 5 0 19 15 
2 11 18 22 7 -2 -12 -15 
-6 -26 -68 -34 -11 -1 1 21 
-10 13 43 7 -7 4 10 -36 
30 -11 -55 -26 -3 -3 -5 22 
-23 -4 33 6 -1 -4 -4 -3 
-12 5 68 35 13 -1 -5 -1 
8 -37 -42 -20 -8 -6 -11 9 
-7 -9 -57 -39 -18 -1 11 -6 
1 23 60 41 15 8 6 1 
-14 2 -23 -20 -3 -5 -16 -7 
-13 -7 66 17 1 1 20 13 
-47 -15 -10 -4 -3 -5 -19 -36 
0 -21 -43 -23 -9 -2 0 29 
-6 -3 32 8 1 3 15 6 
25 8 -18 -18 3 -1 -13 -2 
10 1 47 31 8 0 8 17 
-14 17 -73 -33 -20 -5 -7 -15 
-16 -4 19 22 4 1 2 -22 
1 0 -8 -24 -2 -2 0 16 
12 1 -8 -1 -4 0 -7 4 
-4 -24 23 2 10 -1 -3 -36 
3 4 -9 -12 -3 0 8 33 
-21 15 46 32 0 -3 -18 -23 
16 -16 -2 -24 4 -3 5 16 
-10 -30 -61 -22 -13 -3 -8 -23 
-3 3 18 38 8 -3 3 -13 
-2 -12 10 -12 -14 -4 -6 15 
7 5 -10 -10 -3 4 1 -6 
-4 -39 -14 -7 -2 -5 4 2 
14 -24 -18 -15 -18 -3 -8 -3 
-32 -2 12 22 13 4 -1 11 
15 15 -11 -5 -5 -3 -2 -21 
-16 21 59 16 1 -5 -4 10 
-9 11 -7 -9 4 -1 4 -22 
4 -39 -59 -15 -6 -6 -4 -5 
-17 -19 -8 7 -10 -3 0 14 
-6 5 -7 -1 15 1 -4 -17 
26 0 -30 -28 -19 -4 -8 -11 
4 11 -25 -25 -1 -1 6 7 
-10 -3 -12 -11 -4 -3 -18 -19 
8 10 26 16 6 4 9 10 
-4 2 6 -2 0 2 6 8 
54 7 3 4 -1 -1 -1 33 
-28 9 0 13 5 -4 -11 -39 
4 31 27 10 1 -3 -7 -5 
-2 14 -3 7 5 1 -2 11 
-16 -1 -36 -17 -16 -3 0 20 
13 9 10 -16 -7 -2 -2 -7 
6 18 -41 -12 -4 7 -1 -8 
11 12 14 7 6 0 -6 8 
-26 0 39 22 7 -4 3 -14 
3 -16 5 -3 -3 -3 -8 12 
-2 -22 -23 -20 -10 -6 5 -8 
11 5 -1 11 7 -2 -5 5 
6 -8 6 11 -8 -2 -4 -12 
-7 -19 -43 -28 -15 0 7 18 
-9 -8 17 14 3 2 -8 -13 
8 -6 -5 -9 1 1 7 26 
-25 -20 25 11 6 -6 -1 -7 
34 27 27 6 5 -4 0 4 
-3 5 -21 -11 -11 -2 -8 13 
24 -17 4 -1 -4 -1 2 -31 
-15 3 -12 -10 0 6 1 -38 
-8 3 27 9 2 -1 2 30 
17 32 4 5 5 -2 2 13 
-8 -10 59 44 12 -1 -1 -21 
18 -25 -61 -53 -18 -5 4 -10 
-32 1 37 8 -4 -1 -8 -7 
2 1 22 7 -3 1 -2 -20 
-10 3 4 -2 -2 -4 1 29 
-16 14 -7 7 6 -1 -2 -17 
12 -7 -2 16 11 5 9 -5 
-6 -2 2 -1 -8 -6 -10 5 
-9 16 -35 -27 -3 1 20 8 
5 -9 7 0 -2 2 4 43 
3 -20 -2 -12 -1 0 -2 -6 
-7 3 1 -1 -2 2 3 -7 
7 -9 21 13 5 -3 -2 8 
2 66 -3 -1 0 -2 -18 -15 
2 15 -14 4 7 4 15 11 
5 -12 1 9 -3 -2 5 20 
-40 26 -13 -10 -3 -4 -12 -27 
7 -2 18 5 2 5 -6 -34 
11 -4 -11 -4 0 3 14 28 
-8 19 -34 6 3 -1 -7 -10 
-6 -7 -74 -42 -20 -5 -12 -12 
11 -5 36 1 1 6 8 13 
-7 6 13 11 0 -2 -14 4 
-7 -15 13 5 4 3 41 -7 
-5 -1 -17 18 -3 -7 -17 22 
12 -8 -22 -18 -3 -4 -10 -10 
-10 -41 -35 -10 -9 -2 -2 -1 
-10 11 39 -1 5 -2 -22 -3 
-2 -24 22 12 -6 -1 8 -10 
-12 9 9 2 10 1 6 -13 
-9 29 -11 -3 -12 -5 -9 -8 
3 -14 -11 -6 -3 -1 -5 3 
5 -5 -6 -17 2 -1 -11 -14 
7 2 -9 2 -2 1 -2 10 
5 -4 28 12 0 -2 -1 -2 
-5 -9 19 9 7 0 1 -26 
4 -35 35 23 0 -2 -3 -1 
6 -19 -5 -10 -8 -6 -2 14 
-24 -12 -38 -25 -7 -3 -11 -57 
-27 -10 -8 -21 -16 -7 -5 8 
-5 9 -40 12 5 -1 -4 -14 
-37 -10 23 10 4 2 4 -2 
28 -11 -78 -38 -8 -9 -6 1 
10 -10 -2 8 -11 1 -8 22 
1 20 23 5 9 6 7 -9 
-14 -8 -50 -19 -7 -7 -1 5 
-5 -1 41 15 9 2 -1 17 
1 -19 -39 -26 -16 -7 -2 3 
28 13 1 -7 -3 0 -4 4 
-9 12 9 15 6 1 5 0 
6 17 11 12 3 -6 -7 7 
8 -1 -11 -10 -1 0 4 -2 
-13 -2 18 -1 0 -1 -3 -6 
21 -12 -8 3 -2 0 -2 25 
0 7 11 7 2 -1 0 -22 
-13 8 4 4 3 0 1 -16 
1 7 -6 -10 -6 1 0 7 
-2 6 -2 2 1 1 1 -7 
0 -4 9 4 -1 1 3 2 
8 -8 -11 -4 -1 -1 2 5 
-1 -11 0 -9 -5 -3 -4 9 
-2 6 17 16 -1 -1 -2 -9 
-1 4 -11 -8 0 2 4 2 
-8 -11 -15 -14 -8 0 -3 -7 
-19 1 -7 -7 -1 -1 -2 -7 
5 3 13 5 2 0 -2 6 
-6 -7 -7 10 -2 -3 2 1 
-2 6 8 -6 3 -1 -6 -14 
-7 -5 2 4 -2 -4 -1 -4 
-1 -4 -16 -22 -4 -1 -2 -7 
5 2 17 1 -7 1 0 2 
7 9 6 7 2 -1 0 3 
-1 0 7 -1 -1 0 -2 -4 
0 5 -7 8 4 -2 -1 3 
-8 -5 16 5 3 -1 0 -8 
-16 -3 -33 -9 -6 -2 -4 11 
1 -9 -2 -6 -3 -1 -1 -1 
-3 0 7 3 1 -1 0 2 
-6 -2 -6 -7 -5 -1 0 8 
13 -4 13 8 5 0 3 9 
-6 -9 -7 -4 -3 -3 -2 -4 
-1 1 2 -4 -4 -1 -2 -8 
27 5 8 8 0 -1 -1 3 
15 5 4 -6 3 0 -2 -2 
0 -7 -17 -13 -7 -2 -4 4 
1 -1 -8 -5 -5 1 0 -1 
2 1 0 2 3 0 -1 -4 
2 -2 8 6 2 -3 1 -1 
0 0 6 -1 1 -1 0 -8 
-4 -6 -5 0 -3 -3 -3 -3 
-10 -1 -7 -3 -1 1 0 -3 
0 0 4 1 2 -2 -2 -3 
-6 -1 -6 -2 -4 -2 -3 -2 
-3 4 23 15 4 1 -1 -3 
-7 -13 -37 -18 -5 -3 -3 -4 
6 4 8 2 0 1 1 0 
1 -6 -18 -12 -6 -3 -1 -3 
1 -1 2 1 -1 1 -1 1 
-3 1 4 4 2 -1 -1 -5 
-2 -2 -3 2 -1 0 -1 0 
-2 6 11 5 1 2 -2 -4 
-9 -8 -18 -7 -4 -5 -2 -1 
0 -10 -12 -2 -2 -3 -3 1 
-6 -4 -11 -4 -5 -1 -2 -5 
-2 -2 3 1 -1 0 0 0 
1 3 -2 -3 -1 0 -1 1 
-3 3 7 5 1 2 1 -3 
1 1 8 2 0 -1 1 7 
-4 -3 -2 2 1 0 -2 -7 
4 -1 -8 -6 -3 -3 -4 -2 
-4 3 4 3 -2 -1 -2 -4 
-1 -4 -6 -4 -2 0 0 2 
1 5 1 -2 -1 -3 -1 0 
-1 -9 -3 0 0 -2 0 3 
-5 3 21 5 2 0 1 -8 
8 8 17 22 6 0 0 3 
7 -22 -44 -32 -16 -3 -7 -7 
0 -3 7 5 -1 3 0 1 
0 2 -11 -14 -3 0 -3 -9 
-5 1 1 2 0 -1 1 -1 
0 11 15 9 6 -3 1 -2 
-7 -1 1 -1 0 -1 -2 -4 
-2 -3 12 4 1 0 -1 0 
-1 -4 -7 -7 -3 -1 -2 -2 
-3 -2 -3 0 1 -1 0 1 
-1 -4 1 -1 0 1 -1 -1 
0 3 -1 4 1 1 -1 6 
-1 -6 -12 -11 -5 -3 -3 -8 
3 -2 3 0 -3 -1 0 0 
2 5 2 2 0 -1 1 -1 
-1 -2 8 1 -1 -1 -2 2 
0 -1 -7 -6 -2 0 -3 -1 
-5 -1 3 1 -1 2 -2 -4 
-4 -1 -2 0 0 -2 -2 1 
13 -4 -10 -5 -6 -3 -2 6 
1 5 11 14 5 1 2 -1 
-7 -11 0 -18 -5 -2 -5 -1 
11 0 -29 -6 -4 0 -1 1 
-5 2 -2 0 2 2 3 -2 
2 -1 9 3 -1 -1 -5 -1 
-2 4 12 9 5 3 3 1 
0 -2 4 -2 -1 -3 -1 2 
-3 -5 -19 -3 -4 -4 -2 -5 
-1 -1 5 -4 0 -1 -1 -3 
0 5 9 7 1 1 0 0 
-5 -7 -20 -9 -4 -2 -3 -6 
3 6 3 0 0 -1 -2 2 
-7 -1 5 1 -3 -4 0 0 
-4 -10 -11 -6 -3 -4 -5 0 
0 0 21 6 -1 -1 0 -1 
-1 -1 -11 2 -1 -2 -3 -3 
8 -11 -45 -30 -8 0 -2 1 
-2 6 11 6 -1 0 -2 2 
1 2 -5 3 1 1 1 -2 
-1 -6 0 -1 0 -2 0 1 
-7 9 29 9 4 1 2 -1 
14 -9 -41 -5 -5 -2 -2 -3 
-9 -6 -7 -6 -1 1 1 9 
-12 8 4 -3 -2 0 -5 -34 
-7 9 5 2 1 1 0 2 
1 -3 7 2 3 -1 0 2 
4 2 10 4 1 -1 0 0 
-2 -2 -12 -5 -6 0 -3 1 
2 -1 -5 -4 -2 -2 -1 1 
-3 -3 -4 -1 -1 -2 -3 -8 
