#EMG
#4
#ID:4-45
13 -3 7 0 -2 -3 -3 6 
3 -3 -23 -3 -3 -1 -2 -11 
-3 8 0 -5 -3 -5 -3 8 
-19 -15 -13 -1 -1 -1 -1 3 
9 -2 9 -2 -3 -2 -3 -16 
2 6 -4 0 -2 0 0 9 
-16 0 -14 -6 -2 -1 -1 -9 
-2 -14 -12 -3 -3 -2 -2 11 
-21 0 -7 0 1 0 -2 -14 
12 2 4 -2 0 2 2 2 
-7 2 13 -1 -2 -4 -5 12 
26 -5 2 4 1 1 0 0 
-5 0 -17 -6 -5 -3 1 21 
-4 -3 12 1 -2 -4 -3 -39 
-9 1 -18 -2 2 1 2 0 
-5 -1 0 2 0 -1 -5 -11 
11 -4 4 -1 -2 0 -3 1 
-15 -9 -1 -2 -1 -2 2 11 
10 4 1 -4 -3 -5 -5 -13 
-10 10 -4 -1 -1 -1 0 -9 
15 4 -4 0 0 1 2 14 
-10 -7 2 2 2 0 0 3 
0 -15 4 2 1 1 1 -8 
-3 12 9 -3 0 1 0 -1 
4 0 4 -4 1 2 2 3 
-7 1 11 4 0 -2 -3 5 
3 -10 -15 -2 0 0 1 2 
-35 -10 1 -2 -3 -2 -2 -21 
10 -11 -10 -2 -1 -3 -3 -9 
-7 1 3 0 0 -1 -1 1 
-15 -5 -2 -1 -4 -1 -1 -10 
2 4 -3 -3 -4 -5 -2 9 
-5 4 2 3 2 3 2 -9 
-5 -3 -13 -5 -3 -1 0 12 
-5 -1 7 2 2 -1 -3 -2 
4 -10 -1 0 0 0 -1 -7 
-3 0 -2 -1 -3 -1 -2 -3 
10 -6 11 0 -1 0 0 5 
4 5 -7 -4 -3 0 0 16 
0 3 -5 -4 -5 -3 -2 -17 
1 -4 5 3 2 0 0 -4 
-5 0 14 4 -3 -2 2 5 
0 -1 18 -1 1 0 -2 8 
3 2 0 -2 0 -2 -1 8 
4 -3 -8 -3 -2 1 -2 -15 
-1 11 1 -5 -5 -1 -1 3 
-24 0 -6 -2 -3 -2 -1 -14 
15 -7 -6 -2 0 -2 -2 12 
-4 -1 6 -2 -4 -4 -4 -7 
10 12 2 -1 3 1 0 5 
15 15 11 3 1 4 3 26 
-6 -1 -1 -6 -5 -2 -5 -30 
12 7 -10 -1 -2 -5 -4 2 
5 2 -4 -5 -3 -3 -2 0 
9 6 0 3 1 1 1 3 
-7 -14 -12 1 3 2 0 12 
-7 -9 7 -1 0 -2 1 10 
0 -5 -14 0 0 -1 -2 0 
-5 -5 2 -3 -3 -2 -2 -29 
-8 5 -4 2 -1 -2 1 0 
-11 -10 -7 -4 -1 1 1 -8 
9 -17 -6 2 6 2 0 7 
-33 9 -12 0 -1 -2 -5 -10 
-9 6 8 -3 -4 -1 0 -2 
6 6 1 0 -2 -3 0 7 
13 -2 3 -2 -2 0 -1 -9 
3 -13 10 3 -2 -2 -1 -3 
8 -13 1 -4 -2 -4 0 20 
-17 4 -5 -1 -3 -2 -3 0 
-19 -8 -2 -1 -1 -1 1 -1 
20 -8 12 -1 -2 -4 -4 -3 
-10 -3 -17 -2 -2 0 0 2 
13 -7 -5 -8 -5 -3 -4 0 
6 -3 0 2 0 -2 -2 18 
-30 32 0 -2 -1 0 -3 -21 
6 13 11 5 2 1 1 16 
2 -3 -1 -7 -3 -4 -2 -1 
-32 3 0 1 2 3 4 3 
12 4 -16 -9 -6 -5 -6 -12 
-12 -7 10 4 4 3 2 -4 
8 -2 -1 -4 -4 -6 -5 -8 
14 2 9 4 0 -1 1 2 
-3 -19 5 -1 -1 0 4 4 
7 -5 -4 -4 -4 -5 -5 4 
-14 -2 1 3 -2 1 0 -7 
4 -29 -29 -7 -3 -2 -1 18 
-10 -4 -10 -2 0 -1 -1 -3 
17 4 2 2 -1 -2 -1 -9 
-32 -10 3 2 3 3 1 7 
21 21 0 -1 -2 -2 -4 -5 
-24 -8 -30 -6 0 -2 0 -8 
25 23 12 1 0 -1 -1 15 
7 3 16 4 5 7 3 -17 
8 7 -12 -6 -4 -5 -9 -5 
12 4 21 -3 -3 -1 2 7 
-15 13 -6 -2 1 1 3 -3 
4 6 0 3 2 -4 -1 11 
-16 -21 -18 -7 -5 1 0 -19 
14 -3 3 1 1 -2 -2 6 
1 -25 -3 -3 -3 2 4 1 
-3 28 25 -1 -4 -6 -18 -7 
5 -12 -11 -4 0 -5 -5 -4 
12 19 -11 -3 0 -4 -5 0 
-58 -16 -9 -7 -5 -3 0 -23 
4 -16 -13 -4 -2 -4 -2 2 
-4 1 11 1 1 8 26 -11 
12 -21 22 6 0 2 6 45 
-16 -15 -8 2 2 2 9 -34 
6 -15 -16 -4 -2 -7 -12 -29 
10 -14 8 -3 -5 -10 -21 6 
3 12 -22 0 -1 -2 2 5 
30 32 23 4 2 2 0 20 
-6 -13 -5 1 -4 -1 -5 7 
-21 -2 -3 -3 -2 -1 -3 -12 
1 -8 1 -3 -3 -2 -1 4 
11 17 11 2 1 -3 -4 -4 
4 7 9 1 -1 -1 -5 3 
8 24 -17 -4 -3 -2 0 -8 
-13 -27 18 -2 3 1 1 -11 
2 -1 -23 -6 -2 -2 -7 13 
15 0 -15 -8 -4 -4 0 -15 
-10 7 4 1 -1 -2 -1 9 
-9 -20 7 2 0 -1 -5 -40 
9 1 13 -2 -1 -5 -5 -3 
-22 -11 -10 -5 -1 -3 -13 7 
11 -16 10 1 1 -1 -2 14 
-8 4 -29 -2 -4 -7 -4 -32 
-4 -29 -2 2 0 -1 -2 20 
18 25 3 2 0 4 15 30 
-10 25 13 0 -2 -7 -18 -23 
45 -16 -8 -2 2 3 1 0 
-33 -4 -10 0 -3 -3 2 8 
-4 -7 -11 -3 -2 -3 -7 -19 
18 8 9 1 -1 6 20 36 
0 18 -8 -1 -2 -3 -1 4 
11 -2 7 -4 -3 -5 -11 -40 
-10 -7 -5 -4 0 -2 -5 -2 
15 11 13 0 0 3 9 28 
-31 -15 -22 1 -1 0 -5 -33 
16 41 26 2 1 1 1 23 
-5 -2 -22 -1 -2 1 6 14 
-16 -28 -22 -4 1 -1 -3 -28 
6 -6 10 -6 -4 -2 -3 24 
-7 6 -9 -4 -4 -3 -1 -6 
-10 2 8 1 -3 4 16 -20 
-10 11 15 9 -1 0 -6 -11 
1 21 37 11 7 3 0 14 
7 -57 -86 -33 -14 -13 -16 -10 
-10 -36 -52 -14 -5 -1 9 6 
0 -18 -2 9 2 4 7 -5 
-5 -32 7 -6 -1 -1 -1 5 
-3 7 38 15 4 2 -1 -5 
5 28 -5 4 2 3 1 21 
-11 1 5 0 1 -4 -9 -18 
-2 -8 -37 -9 -9 -5 -4 3 
9 5 17 6 -1 1 5 4 
-9 -57 20 -8 1 -7 -21 -7 
6 75 53 16 7 5 5 2 
-27 -6 29 4 2 -3 -9 -36 
-7 -22 -55 12 0 5 7 -2 
-2 -12 21 -9 2 -1 -2 1 
-8 14 -35 -31 -14 -3 6 -5 
47 55 -1 -3 -5 -5 -10 31 
-37 -1 52 4 3 1 -3 -18 
4 34 36 28 11 9 14 -6 
18 -38 -13 -5 0 -3 3 34 
11 16 -37 -16 -4 0 12 -17 
-37 -6 23 13 2 -5 -17 -32 
4 -6 -26 -9 -5 -4 2 18 
-16 -9 -8 -4 -3 -2 -7 -33 
11 -4 5 0 -1 0 3 17 
14 5 -20 -9 -3 -2 -1 15 
3 3 27 9 3 5 6 0 
-24 1 -5 8 1 -3 -8 -12 
-17 -4 0 -8 3 1 2 8 
26 -8 -64 -32 -18 -6 -1 8 
-13 -7 -29 -8 -7 -3 -3 -19 
17 21 80 28 7 7 11 2 
-48 -28 -43 -17 -5 -8 -8 14 
16 0 15 2 8 4 10 38 
22 36 61 18 6 8 3 23 
10 -9 -21 -10 -6 -8 -14 -21 
-7 1 -6 -5 -10 2 4 -6 
34 17 22 5 1 3 3 3 
-16 -20 -53 -12 -12 -12 -3 18 
-23 2 2 -1 2 -1 -8 -17 
1 7 51 33 10 6 7 11 
1 5 -19 -7 -1 0 0 15 
13 11 -28 -13 -8 -10 -7 -18 
11 -9 -68 -48 -11 -4 -8 -2 
4 2 29 10 4 2 5 17 
-7 -7 9 14 4 1 0 -34 
-8 20 26 11 2 0 0 -5 
15 -4 -6 3 0 -1 -3 12 
-18 -4 15 6 3 2 1 -11 
-2 -17 -4 2 0 -1 1 3 
6 -2 3 -6 -1 -2 -2 2 
-23 -13 -5 -1 -4 -3 -2 -3 
35 -5 5 0 -3 -1 1 5 
1 0 -10 -5 -4 -4 -5 10 
-19 -5 1 -1 3 2 4 -19 
28 0 -7 3 0 -2 -2 -15 
-30 -3 -38 -27 -13 -5 -6 -2 
-26 2 26 -3 -1 -4 -6 -34 
-12 -22 -30 -6 2 3 3 -11 
-5 -12 20 10 -1 -4 -2 10 
23 16 -14 6 4 -2 -4 -4 
-49 17 37 -4 -4 -1 4 -6 
1 -2 8 0 -4 -1 -3 18 
-28 -10 17 8 5 3 3 -2 
8 -20 -31 -1 -2 -4 -4 -12 
-12 -7 -29 -14 -6 -2 -3 -18 
40 3 4 0 -2 -1 5 26 
-1 -1 5 11 -1 -2 -5 -5 
-4 3 -5 -11 1 -3 -1 -13 
4 3 1 0 0 2 1 2 
0 5 22 6 -1 -4 -5 3 
10 -27 -35 -13 -1 4 3 -8 
-10 -8 21 8 -3 -2 -3 3 
9 14 11 7 3 0 1 0 
-22 -17 -41 -13 -4 -3 0 -16 
26 45 24 5 -2 -3 -9 35 
7 27 11 5 1 4 5 7 
-28 -8 19 12 3 0 1 -25 
10 -7 -7 -14 -4 1 4 3 
-23 -19 -27 -10 -4 -4 -11 -17 
3 -11 9 1 -3 2 9 15 
32 -3 -19 -7 -3 -5 -7 13 
27 3 0 9 4 -1 -5 15 
-49 10 -4 -5 -5 -2 5 -1 
22 12 1 -5 -4 -5 -11 -35 
13 -23 5 8 3 2 4 21 
-23 2 8 1 -1 -1 -8 -31 
15 -12 -8 -6 -1 1 4 26 
15 -17 -1 -2 -4 -5 -3 9 
8 19 14 3 4 2 9 21 
-16 6 2 0 1 0 -7 -26 
11 -41 -5 2 -1 -2 -4 4 
-27 21 3 -4 -4 -2 -1 -17 
63 4 -12 -9 -4 -1 3 18 
-36 24 15 -2 -1 0 0 6 
8 -1 8 4 1 2 11 -10 
-11 -18 -12 2 0 -3 -19 0 
-18 -2 -36 -12 -4 -4 -7 -2 
27 -3 27 4 0 -1 2 -1 
-9 -2 -9 -4 -5 -4 -15 -7 
-17 -34 -7 2 0 2 18 17 
0 -15 3 3 -4 -2 -1 20 
-10 -18 -18 -1 -1 -6 -9 -32 
-9 33 22 2 -2 -1 3 -15 
23 32 8 -4 -2 0 -6 20 
-6 39 23 -1 1 -6 -19 -24 
-21 -39 -2 -9 -7 -1 4 1 
16 -19 -52 -4 -2 -2 2 6 
27 2 0 -5 -6 -6 -9 15 
-8 -1 29 2 -1 -1 -4 -5 
-9 26 31 10 6 11 8 -3 
6 -15 -42 -4 0 -3 1 3 
-21 -18 2 1 1 -2 5 -13 
-11 -8 -8 -7 -6 -2 -12 -3 
22 19 1 -1 -2 -3 2 3 
-25 -22 13 2 3 2 1 -11 
-5 3 9 5 4 3 8 -8 
-5 -25 -22 -4 -2 -2 -1 -10 
-3 42 9 5 3 2 5 3 
12 19 25 -1 -2 -1 -2 22 
-8 11 -18 -1 -1 -4 -9 -33 
-3 13 21 2 0 8 16 -7 
-9 -16 -27 -1 -1 -2 0 -14 
10 0 -32 -6 -3 -5 -7 -9 
6 -21 0 -2 0 1 -3 24 
-6 -34 -7 4 3 1 -15 -16 
27 -1 -14 -7 -5 -5 25 40 
-21 3 18 -7 -3 -3 -11 -13 
-10 -30 -13 5 4 4 15 -7 
8 15 -14 -2 0 -3 5 3 
5 -12 7 -8 -6 -8 -27 -1 
-4 -50 -53 -5 1 0 7 -9 
12 29 20 2 -1 1 7 13 
-14 30 42 11 9 12 9 21 
3 -35 -61 -9 -4 -8 -17 -18 
-7 -14 39 -1 -11 -8 0 -8 
-15 9 -1 -3 -1 -3 -5 -13 
-3 -33 5 7 -1 -5 -3 5 
-9 2 -5 -15 0 3 3 -4 
64 28 -23 -5 2 11 7 86 
12 -20 10 -6 -7 -6 -8 -50 
20 35 9 -9 -11 -14 -11 24 
2 -9 0 10 5 6 8 4 
-8 -7 11 2 -2 -2 5 -4 
-4 25 4 7 3 -1 -14 26 
-11 22 -30 -15 -8 -7 -6 -31 
34 40 50 18 6 2 -9 12 
-52 -6 -20 -6 -2 0 6 -7 
5 -24 -7 -10 -9 -4 -6 12 
-5 -10 -30 -8 -4 -4 -3 -36 
-6 -13 2 2 -1 1 -1 11 
7 6 23 3 1 -1 2 -18 
-8 29 -21 -4 -3 -4 -10 -4 
-12 -12 22 16 9 8 9 7 
-19 15 -23 -16 -6 -7 -8 -14 
20 0 -3 -7 -1 0 -2 -7 
-34 -24 -7 -6 -5 -5 7 -11 
3 -2 -41 -8 -4 -2 -4 -4 
-8 5 11 8 0 -1 -3 11 
-3 4 11 5 0 -5 -17 -25 
-16 -17 -20 -5 -2 0 5 1 
0 -5 14 6 3 -1 8 16 
-10 29 -8 -4 0 4 5 -17 
5 -1 -27 -7 -6 -9 -11 3 
-5 -4 -41 -13 -4 -2 -5 2 
18 -17 -12 -6 -1 2 6 12 
-25 -14 -9 -9 -10 -4 -9 -32 
-4 2 21 3 -1 -1 4 1 
18 25 20 5 2 2 5 0 
25 -31 -48 -15 -9 -9 -3 15 
0 -13 -10 -1 -1 -6 -7 1 
3 28 43 17 6 0 -3 -50 
3 -15 -2 -3 -6 -3 -1 3 
6 0 -7 -3 -1 1 2 13 
-2 -20 2 -2 -4 -3 0 -5 
2 14 13 10 7 1 4 20 
-15 -6 -8 2 5 4 -2 -10 
-3 4 20 -1 -2 1 -1 -21 
7 -2 3 5 0 1 2 15 
-17 9 18 -1 1 1 0 -22 
4 -2 -4 -5 -2 1 0 27 
-29 -29 -19 -3 -4 -4 -7 -20 
-4 -8 3 -1 0 0 2 -13 
8 -5 -1 -7 -4 -2 -1 18 
12 10 7 3 0 2 0 -4 
-23 0 4 0 -1 -1 0 -9 
21 -4 -2 0 1 -1 1 33 
-6 -12 -5 -5 -3 1 -2 -26 
5 5 1 7 2 1 -2 -9 
-12 -9 -8 -4 -1 -1 1 -5 
-3 3 8 1 -1 -1 -3 -1 
29 4 -10 -5 -2 -2 1 27 
-9 -7 6 1 -1 -2 -2 -16 
9 7 1 -2 -4 -2 -4 4 
-7 6 -3 0 -1 1 1 -9 
-1 -9 -7 -3 -1 0 -1 6 
-4 -2 10 3 1 0 0 -1 
1 7 7 2 1 1 -1 7 
3 -54 -11 -4 -3 -7 -6 -16 
-40 -11 -23 -4 -3 0 3 -21 
15 8 -4 -3 -2 -2 -3 26 
-3 -2 3 -1 -1 0 -4 -14 
-3 -6 -3 0 -1 -1 0 -4 
-3 -8 0 -2 -4 -4 -1 9 
-16 -4 22 3 0 1 0 -5 
-5 -4 -11 -2 1 -1 0 -6 
-2 11 2 -1 -2 -1 -1 5 
-9 17 5 2 0 -2 -1 -3 
2 -7 13 4 1 4 3 -2 
-5 6 13 4 2 2 2 3 
13 6 -3 -4 -4 -3 -3 8 
-12 -4 -2 -4 -3 -2 -5 -6 
-3 -7 -8 -6 -4 -6 -5 -5 
3 5 0 -2 -2 0 2 -1 
-1 14 -16 -3 -1 -1 0 3 
6 9 4 4 2 -2 0 5 
6 1 5 0 -1 -2 -2 6 
-9 -1 8 1 1 -2 -4 -16 
-3 4 -4 -6 -3 -2 -2 -3 
1 2 0 3 -1 0 -1 3 
0 24 -2 -1 0 -1 -1 -9 
-6 3 6 1 0 1 2 16 
9 -3 1 1 -2 -2 -3 -21 
-15 -7 2 -2 -2 -1 -3 -9 
11 29 6 -4 -5 -6 -3 3 
-6 0 0 -1 -1 1 2 3 
2 -2 1 -2 -1 1 4 -1 
3 4 9 0 -1 1 -1 2 
-10 1 1 -5 -3 -2 -1 -8 
7 -4 -1 -2 -2 -2 -3 0 
-13 -5 -4 -4 0 0 -2 -7 
2 -1 -2 -2 -3 -2 -2 1 
-5 -17 -6 -1 -1 -2 0 -4 
1 2 -1 2 2 3 4 21 
-12 -9 3 0 -3 -2 -6 -35 
-4 7 3 0 0 -2 -1 -8 
2 -13 2 0 0 -1 -2 2 
4 32 -2 -8 -5 -2 -3 -9 
-7 8 8 1 1 3 5 20 
2 1 2 -4 -2 -2 -2 11 
1 -22 -6 1 -1 -1 -5 -15 
2 10 -6 0 -1 -1 0 4 
3 3 -3 -1 -1 1 0 15 
-1 -1 3 -4 -1 -1 -3 -7 
-13 -11 -8 -3 -9 0 1 3 
9 -8 7 -1 -11 -2 -5 -9 
-1 -26 -9 2 -3 -2 -2 -2 
-9 -2 -4 -6 1 -2 1 -1 
-3 -7 2 -1 4 1 -1 1 
0 -5 -2 -2 0 -1 2 -3 
3 -1 11 1 2 0 1 11 
-2 -7 1 -1 -1 -2 -3 -30 
2 0 -6 2 2 -2 -2 2 
5 -6 -2 0 2 -1 1 16 
0 -7 10 2 1 -3 -7 -34 
-3 8 -12 -4 -1 -1 -1 11 
-1 15 -12 -1 -3 -4 -1 -6 
-2 1 -25 -3 1 -3 -2 -11 
3 7 0 -1 0 1 1 20 
5 -6 -5 -2 -2 -2 -1 6 
-11 -1 -2 -1 -2 -1 0 -19 
9 -17 -7 -2 0 -2 -3 21 
5 5 -1 0 -2 -3 -2 3 
2 0 -2 2 -1 1 -2 -8 
0 -1 5 -1 -1 0 1 11 
-6 -5 1 3 2 -2 0 -15 
-7 3 10 -6 -4 -1 -2 1 
3 -4 2 -1 -2 1 -2 15 
33 38 23 0 0 1 1 3 
-38 -2 1 1 2 2 -2 -37 
-2 1 -15 -9 -5 -6 -3 -2 
-14 -2 0 1 0 1 1 10 
3 -22 -19 -3 -1 -4 -5 -6 
6 -12 9 -2 -3 -2 -1 2 
10 13 8 4 4 1 -1 8 
-4 -2 -3 -4 -3 -3 -1 -1 
-19 -13 -2 1 0 1 2 7 
5 -19 1 2 1 -1 -1 -10 
-11 14 -3 0 -1 2 1 -5 
-1 4 1 4 0 -1 -1 19 
-9 21 7 1 0 -2 -3 -7 
3 1 -9 -6 -4 -3 -2 7 
-9 10 -4 2 1 2 4 3 
29 -2 -6 -1 0 0 -2 13 
-44 -12 7 3 4 1 0 -14 
7 3 -6 -3 -3 -5 -5 -2 
-2 -3 -3 -5 -3 -2 -1 -2 
-11 27 19 0 -5 -5 -3 -9 
-5 -24 -13 -3 -2 0 0 15 
17 9 10 1 -2 -1 -4 -1 
-8 -2 5 2 0 0 -2 -17 
5 -11 -6 -3 1 -1 3 -2 
8 -3 3 -4 -3 -2 -3 -1 
-13 -5 -1 -1 1 3 3 6 
4 2 8 -4 -3 -2 -2 3 
-3 -5 -4 -2 1 0 -2 -19 
8 1 -11 -1 -3 -3 -3 -7 
-14 17 9 2 3 2 2 -4 
7 -10 -4 -4 -5 -3 -1 2 
-8 -15 -2 1 0 -1 0 -9 
2 -10 -4 1 1 -1 0 9 
-1 -13 0 3 2 -1 -2 -5 
-15 -2 6 3 1 2 0 -5 
-4 10 -2 0 -2 -3 -1 -12 
6 -44 -3 -3 -1 1 -1 4 
2 40 6 -1 -2 1 0 8 
6 6 -3 -1 -2 -3 -2 -1 
-10 -17 -8 -3 -2 -2 -2 -7 
0 -6 0 0 0 0 0 -9 
-6 -17 -1 1 0 -1 -2 0 
-19 -15 -25 -8 -5 -6 -3 -8 
0 11 2 -1 -2 1 -1 0 
8 10 5 -4 -4 -3 -3 3 
-13 3 -30 -7 -5 -2 -2 -4 
4 3 -3 -2 -2 -1 -2 10 
11 4 9 -3 -3 -2 -1 1 
-1 -8 -12 -6 -7 -4 -2 -1 
-1 -19 2 1 0 2 1 -10 
5 -12 0 1 0 -2 -1 4 
-7 -3 1 -2 0 0 -1 -3 
-1 12 0 2 1 0 -2 0 
4 19 12 -5 -5 -5 -3 1 
-2 -1 -10 -2 -1 0 1 2 
-4 -2 4 -1 -1 1 1 -2 
1 5 1 0 0 -1 -2 -5 
3 -15 2 -2 -3 -5 -2 3 
-6 -1 5 3 0 -1 -2 -8 
5 -6 -5 -1 1 1 2 6 
11 32 -1 -3 -4 -3 -1 8 
-20 -29 -3 0 0 -2 -3 -16 
4 6 1 -2 -3 -1 -1 9 
19 -12 -6 3 3 3 3 17 
-11 2 14 -2 -2 -2 -5 -27 
4 -10 -3 -1 0 0 0 3 
6 -6 5 0 -2 -2 -1 -2 
5 -1 6 2 0 0 2 9 
-10 -16 -8 -2 -2 -1 -1 2 
-15 0 2 0 -1 1 3 1 
18 -12 1 0 1 -1 -4 -8 
-8 4 -6 -5 -2 -3 -3 -3 
-4 2 -3 1 -1 -3 -2 -7 
2 10 0 -2 0 1 1 2 
-1 0 1 0 -2 1 1 8 
-14 -18 -2 -3 -3 -1 -2 -10 
-3 1 -7 0 1 2 3 -1 
8 -5 2 -4 -4 -3 -3 3 
5 1 -3 -2 -1 0 0 -5 
-12 -17 -8 -4 -3 -1 -4 -6 
6 7 7 0 -1 2 3 17 
3 -7 -5 1 1 0 -2 -17 
7 16 9 2 0 0 2 9 
-7 -3 -8 -3 -4 -4 -5 -17 
-4 -16 -15 -4 -1 0 1 -2 
-2 -3 -10 -2 -4 -2 -1 2 
-11 -5 3 1 1 -1 -2 -8 
4 -10 -2 0 -1 -2 -2 5 
-6 -9 7 -4 -3 -1 -1 0 
2 2 0 -2 -1 -1 -1 3 
-11 2 -6 -1 -2 -2 -2 -4 
43 13 3 1 -2 1 3 20 
-17 -1 3 0 -1 -5 -3 -13 
5 23 -9 -5 -3 -1 -3 0 
-14 -4 0 -3 -3 1 1 -2 
10 1 3 -2 -1 -1 -2 -3 
6 1 4 0 0 -1 -1 5 
0 -7 -4 3 2 0 1 6 
3 1 -6 -6 -6 -6 -4 -4 
-29 -5 -2 1 1 1 3 -21 
6 6 -3 0 0 0 -2 0 
-8 0 12 1 -1 -2 -4 -7 
-2 -2 -6 -3 0 -1 -3 -1 
-4 7 -4 0 0 -2 -1 5 
6 -28 -20 0 -1 0 -1 8 
13 10 -3 -1 2 1 0 -17 
-37 0 1 2 1 0 2 -3 
3 3 -4 -5 -6 -6 -4 -6 
6 -10 3 -1 0 -2 -1 9 
-8 -6 1 -1 -1 1 0 11 
16 10 -1 -3 -2 -2 -4 -12 
-8 -2 -7 -1 1 -1 0 1 
-7 8 2 -2 -3 -1 -2 -8 
3 -6 1 -2 -4 -5 -5 3 
-5 -12 3 0 2 1 0 8 
-10 8 -7 1 1 -1 -3 -7 
3 5 10 2 0 0 -2 -2 
-4 0 -10 -6 -6 -4 -3 -3 
12 -13 -4 -1 -3 -1 0 11 
0 0 -1 -1 -3 -3 -2 -2 
-2 -1 1 1 3 2 3 8 
6 -2 1 1 0 0 -3 -16 
19 -3 -4 0 1 -2 -1 16 
-40 -7 7 1 1 3 -2 -39 
-8 16 11 0 -2 -1 -4 -19 
0 0 6 3 3 1 3 21 
-3 0 -2 0 -1 2 4 -8 
14 3 -1 -4 -6 -6 -4 -5 
3 -10 -15 -4 -4 -5 -2 0 
-11 -18 0 0 1 0 1 -9 
-2 19 12 3 -2 0 1 -2 
-8 -2 -9 -1 3 1 1 18 
-10 -2 -1 -1 -1 -2 -4 -8 
13 -1 -8 -4 -4 -4 -2 0 
-3 -13 6 -1 -1 -2 -2 1 
0 2 6 -1 -4 -2 1 3 
0 9 1 -2 0 1 -2 2 
-3 3 3 0 0 -1 -2 -6 
-3 -8 -8 -4 -1 -3 -3 -6 
-19 3 1 1 0 -1 0 -18 
2 -1 -19 -5 -4 -2 1 20 
-6 4 -1 -3 -4 -3 -3 -13 
-3 -10 -7 1 -1 0 -3 -15 
11 -1 -5 -4 -1 -1 0 14 
3 -6 -12 -4 -4 -4 -3 -6 
-2 4 3 1 -1 -1 0 3 
-2 -2 13 2 2 1 3 8 
30 -4 -2 -3 -3 -2 -1 31 
-35 11 5 0 -1 -3 -6 -38 
-5 -9 -15 -4 -4 -1 2 17 
2 5 -5 0 1 -4 -5 -27 
-3 -4 5 3 0 0 0 8 
8 -5 -1 -2 -2 0 -1 2 
10 4 4 -2 -5 -4 -1 11 
-21 27 4 -5 -3 -4 -5 -14 
0 13 -1 -2 -2 -4 -6 -22 
0 -3 -6 -1 0 2 4 1 
9 0 -3 -3 -2 -1 -3 1 
6 -16 2 4 3 4 5 20 
-3 -6 -13 -4 -3 -4 -2 -5 
2 -4 7 -2 -3 -2 -1 6 
2 6 5 -1 0 1 0 -10 
-7 -5 -18 -4 -7 -2 -4 15 
-2 -2 9 -1 -1 1 0 3 
-11 4 10 0 1 -1 0 -1 
2 6 3 -4 -5 -1 0 6 
7 -2 -5 0 0 -2 -3 -8 
-10 -2 5 0 0 -1 -2 -8 
13 13 -9 -5 -4 0 1 28 
-6 -4 -3 4 1 0 -1 -8 
-8 3 7 -3 0 0 0 -2 
6 -6 -15 -1 -1 0 -1 7 
5 -13 0 0 2 0 0 1 
30 -6 -4 -1 -2 -2 -1 13 
-23 -4 -5 -2 -1 -1 -4 -23 
-34 -18 0 -3 -5 -5 -4 -7 
1 -1 1 -1 -1 -2 -3 -11 
-5 27 14 1 0 0 0 1 
14 -2 -5 -4 -2 -1 1 14 
1 9 0 1 1 1 1 -6 
1 2 -2 1 1 0 1 -10 
-16 -13 -2 -1 0 0 -2 -7 
4 -1 5 0 -2 -2 2 19 
12 -6 0 -3 -2 -4 -4 0 
1 -10 -3 0 0 -1 -3 -1 
