#EMG
#5
#ID:5-24
-9 0 9 3 2 0 -1 0 
-5 -2 -8 -3 0 1 -1 -1 
6 -5 -4 -2 -3 -2 -2 9 
-9 12 8 -2 -2 -2 -3 -13 
5 -9 -13 -3 -2 -2 0 16 
3 7 9 -1 -2 0 1 1 
-5 -4 -22 -3 1 0 -3 -16 
-7 -5 -5 -3 1 -2 -1 4 
3 -4 -10 -3 -3 -2 -3 -13 
-2 -1 8 1 -2 -1 -1 -4 
1 0 -7 -4 -3 0 -3 -5 
0 -5 -6 -3 -3 -3 -1 9 
-6 4 7 -1 -1 -1 1 3 
0 -12 8 3 1 3 -2 -15 
-1 -10 -16 -2 1 -1 2 9 
-3 -1 -2 -4 -4 -2 -3 5 
8 -8 -10 -6 -4 -4 0 4 
-13 13 0 4 1 -1 -4 -15 
18 4 15 1 -2 -4 -4 7 
-7 -7 -14 -2 -3 2 -1 -10 
0 -10 0 1 2 0 0 9 
0 -2 -10 -3 -3 -2 1 14 
20 -2 11 2 -1 -2 2 -10 
-8 -12 -9 -2 -2 -4 -5 2 
4 8 -19 -4 -3 -3 -3 -1 
-2 -9 -11 -3 0 -1 -1 -2 
-5 2 -4 -1 -2 1 2 7 
14 5 7 0 -1 -2 -3 -9 
9 1 11 0 -1 -1 -1 10 
-8 -4 -15 -5 -3 -2 -2 -26 
-11 -3 -8 -3 -4 -2 0 -5 
-12 0 3 1 0 0 0 -1 
-3 -9 -13 -4 -4 -2 -1 -4 
5 -2 12 2 2 -1 -3 6 
1 -9 -11 -3 -6 -4 -1 14 
1 1 -6 -5 -1 -2 0 3 
-5 2 2 0 2 -1 -5 -19 
-6 -1 10 1 -1 -1 -1 -7 
-7 -5 7 -3 -2 -2 -2 -2 
5 3 -5 1 0 -1 -1 -7 
-9 3 6 0 0 0 1 6 
3 -3 -2 -3 -3 -2 -2 -1 
-8 2 -6 -4 0 -4 0 1 
6 2 -5 0 -1 1 -1 2 
3 6 7 -1 -2 -1 -1 4 
-1 0 -5 1 2 1 -2 -8 
-5 5 2 1 -1 -2 -1 2 
-6 -4 4 3 2 2 2 -5 
7 1 -14 -1 -2 -1 0 14 
-9 0 7 -1 1 0 0 -18 
11 9 1 -1 -1 -1 -2 2 
-16 -5 -13 -10 -7 -5 -4 -16 
-1 1 8 0 1 -2 -3 -10 
-2 0 0 -2 -3 -3 4 10 
4 -4 9 -1 0 0 -4 2 
-15 -7 6 -2 -1 -1 0 2 
-3 -2 9 -1 -4 2 0 -8 
12 1 -4 0 -1 -1 0 11 
-14 -3 9 1 -2 -2 -1 -15 
10 0 11 6 4 3 1 20 
2 -8 -29 -9 -5 -4 -5 -9 
0 -9 -2 3 2 1 2 11 
-4 -7 -2 -1 1 1 1 2 
-6 8 9 2 -1 -2 -3 -10 
0 -11 5 2 3 4 2 5 
4 1 0 -2 -2 -3 -2 21 
3 5 -8 -1 -1 0 0 -26 
-3 -2 -9 -6 -3 -4 -2 1 
-6 1 14 1 -1 0 -2 -15 
-8 -13 -11 -6 -4 -4 -3 2 
6 2 10 1 -1 -1 -2 1 
4 1 -3 -1 -1 2 2 -1 
7 -4 -6 -1 -1 -2 2 21 
8 7 6 -1 -2 -3 -6 -21 
-9 3 -2 -2 -1 -1 1 7 
-1 0 3 1 0 -2 1 2 
0 -6 -10 -5 -2 -4 -6 7 
-6 4 -11 -4 -1 0 2 2 
10 6 4 0 -1 2 -3 -4 
1 2 25 6 4 1 0 17 
-1 -1 -6 -2 -2 -2 -2 -2 
-8 5 -14 -2 -3 -1 -5 -21 
-6 -7 -14 -4 -4 -1 0 1 
-1 -6 6 5 4 -1 0 -5 
-6 9 14 3 -1 -3 1 0 
8 -11 -17 -3 0 -2 -2 13 
-5 -4 2 -3 0 -1 0 3 
3 1 -3 -4 -2 -1 -2 -5 
-19 2 3 -1 0 -1 -6 -12 
15 7 -9 -2 -2 -3 -6 0 
0 -1 -2 0 1 0 2 1 
4 -6 -9 -1 0 2 2 6 
-4 0 17 0 0 -2 -4 -16 
-3 4 41 3 1 2 6 16 
1 -10 -56 -12 -5 -6 -8 -3 
-7 -8 -16 -4 -3 -2 -1 -16 
-5 0 15 1 -2 0 -4 2 
-2 -5 10 2 2 0 1 -10 
-3 8 13 2 -3 -5 -4 3 
-5 6 -7 -1 0 -2 -5 -3 
-8 11 -10 -3 -2 0 3 -7 
-2 2 14 6 1 -1 -1 -2 
1 -6 -26 -6 -3 -3 -1 3 
-16 -5 -35 -4 -1 2 -1 -18 
2 -2 16 0 0 -2 -3 1 
3 -4 -37 -3 -3 -2 -7 -10 
-3 3 29 3 1 0 9 12 
-5 5 -12 -6 -5 -5 -17 15 
-4 3 6 -4 -2 -2 0 -2 
18 -14 -16 1 1 -1 0 4 
-15 8 6 3 1 4 1 -11 
-2 -18 7 -3 -6 -1 5 -10 
-2 -5 -9 -1 -1 -1 2 -4 
-2 2 -12 -1 -4 -3 -2 19 
10 -2 13 2 -1 -3 -5 -13 
7 -33 -22 -1 -2 -1 3 6 
-5 16 -33 -7 -4 -4 -13 -17 
-10 0 35 2 0 5 9 8 
0 -19 -24 -10 -4 -1 -4 -1 
2 15 24 2 -1 -5 -8 -29 
-3 -35 -19 4 1 2 11 -7 
-6 17 35 5 8 3 -1 5 
-6 12 11 2 2 -4 -15 -1 
-4 -3 -55 -4 -1 -4 -9 -7 
-3 4 -13 -7 -3 2 10 12 
-11 3 2 -4 -1 2 4 -25 
5 -3 11 4 1 -2 -7 0 
3 24 15 -5 -3 -1 11 8 
-1 -12 -13 4 4 -4 -23 -10 
-9 14 -6 1 -2 1 9 5 
14 -1 22 6 0 5 7 -2 
4 3 -5 -4 -5 -5 5 15 
2 -2 5 -5 -4 -1 9 6 
2 -5 11 0 0 -4 -12 4 
-17 -13 -19 6 2 1 0 -29 
-2 -2 10 -19 -6 3 12 8 
3 1 2 5 6 0 -3 13 
-4 -5 3 0 -4 -4 -1 -30 
-1 -26 -21 0 -3 -7 -16 12 
4 -1 59 12 4 1 -4 -11 
7 -5 -25 -6 -5 -1 4 7 
-1 7 -13 -6 -6 -5 -7 2 
-15 2 -36 -19 -5 -3 -5 -7 
25 1 12 1 -2 0 -7 5 
-10 18 28 2 -2 0 18 8 
-1 -40 -9 -1 1 1 6 -1 
-19 -12 -34 0 -4 -5 -2 -7 
1 19 -1 9 5 3 -7 -6 
-8 9 24 10 1 0 12 6 
-5 -21 -53 -25 -8 -3 0 -19 
8 17 30 1 0 4 18 25 
-40 -31 -25 -3 -4 -7 -21 -21 
-8 2 13 3 0 4 22 26 
1 2 9 17 4 1 7 -14 
2 -7 21 -10 1 2 13 33 
30 17 20 7 2 1 17 -12 
-2 -22 -40 -11 -9 -7 0 -8 
6 25 22 0 1 -4 -17 69 
5 6 26 6 -3 -2 -11 -31 
-2 -8 -22 -7 -4 0 -17 20 
9 -4 16 -3 2 0 19 10 
16 2 12 -6 -2 7 21 0 
-5 3 -5 3 -3 -8 -28 -28 
1 16 7 3 -1 3 29 16 
32 -9 14 15 3 -4 -30 -6 
-29 1 -35 -17 -5 -10 -33 -18 
9 42 1 -1 2 5 1 -17 
-26 -16 -7 -11 -1 1 12 -12 
12 22 -7 2 -2 -3 -2 -14 
-4 11 60 16 8 4 1 -8 
-2 -15 -30 -1 -8 -6 6 -4 
7 -12 -29 -12 -2 -4 -14 12 
0 -2 -10 -7 -3 0 -28 -15 
-5 6 -10 0 -3 3 17 9 
-13 -8 -10 -1 -3 -1 9 19 
14 -1 8 18 5 -1 -4 4 
-4 4 -19 -20 -6 -2 -10 3 
-1 27 23 -1 -5 -5 -14 -28 
0 2 -8 -5 -1 4 25 20 
-1 9 28 -1 -3 0 -12 4 
-15 -22 -24 -5 -4 -3 24 -15 
7 -19 -25 1 2 -3 -21 5 
12 -5 25 15 3 -2 -4 2 
-21 -3 1 -8 2 3 -2 -5 
-16 -20 -1 -12 -3 2 -13 -25 
1 7 -9 -3 -5 -4 -2 2 
-8 -10 13 1 4 -1 -8 2 
0 -6 -8 5 -3 -5 8 6 
-4 8 13 7 3 -1 -11 -10 
2 -12 -14 -4 -2 0 5 10 
-13 32 6 -6 -1 0 -10 -13 
17 22 14 -1 -4 -4 -2 -6 
-4 11 -6 -5 -1 1 1 2 
-4 -7 -10 0 -2 -1 -3 1 
18 -11 -1 -7 -3 0 -3 6 
-11 -9 8 2 1 0 8 22 
-9 -9 23 -6 -3 -5 -11 -18 
-4 -28 -54 3 -5 -2 13 3 
-4 -10 -1 -16 -2 -6 -13 33 
-5 5 8 1 0 2 12 -7 
-14 -9 4 6 1 -6 -29 -12 
-11 -12 0 -2 1 3 -8 -42 
2 2 -4 10 5 1 9 -7 
0 -6 -11 -4 -6 -4 -3 0 
-9 7 2 -3 -1 5 7 7 
14 8 6 -2 -3 -5 -3 6 
-5 -19 0 -3 -4 -3 -5 -19 
-17 1 -13 -2 3 2 -3 -18 
15 9 -10 0 -4 -2 1 7 
-3 1 10 -2 2 0 6 25 
-2 3 20 6 1 4 10 -6 
7 -4 -7 -5 -5 -6 -10 8 
9 8 -4 1 1 2 6 23 
12 12 38 -2 -2 -4 -11 -16 
-9 11 -18 -6 -5 -3 17 7 
-7 -31 -3 -3 -3 -1 -10 -7 
-4 -3 7 5 2 -2 3 10 
12 10 8 2 1 8 -4 -20 
4 -20 7 -3 -6 -9 -5 5 
6 -10 -53 -11 -4 -3 -13 6 
8 -14 -3 -2 -1 1 -4 13 
-5 8 7 -1 -2 -3 -1 -5 
-13 1 -17 3 3 1 -17 -24 
7 17 -2 -18 -11 -7 -3 4 
1 0 -19 -7 2 -1 5 7 
-25 -32 -24 -4 0 1 9 13 
17 -3 -10 -5 -7 -2 -3 -16 
11 8 47 14 2 -3 -5 -3 
-2 20 22 24 2 -1 4 -1 
11 6 -13 -26 -7 -6 -5 0 
-7 -6 47 13 -2 -3 8 17 
-4 -13 -46 -7 6 2 -2 -12 
-34 -25 -13 -14 -9 -7 -13 -46 
-8 -6 17 27 3 0 3 3 
10 15 -17 -6 1 4 3 7 
-4 3 23 -12 -5 -3 -3 -30 
8 -2 -41 -29 -8 2 10 21 
-9 4 -20 -7 -1 -5 -12 -13 
-2 7 10 4 2 4 10 11 
-8 -2 27 24 4 -5 -17 -17 
4 7 6 -3 5 5 11 12 
10 -9 -18 -4 -4 1 -3 -38 
-16 -1 -4 -3 2 0 12 25 
7 8 -6 3 2 2 12 15 
7 -1 16 5 -3 -7 -16 -11 
-2 -23 -13 1 1 0 3 15 
13 12 4 -3 0 -4 -19 -20 
-5 -26 -13 -7 -5 -1 14 5 
-5 -5 11 7 1 -3 -11 -7 
3 13 31 19 5 2 8 15 
-13 -58 -108 -46 -16 -8 -12 -15 
-9 46 38 4 1 7 5 4 
-2 17 41 14 8 3 5 -2 
-1 -1 10 0 -3 -3 -1 7 
1 -3 17 2 3 0 -6 0 
-1 -6 -2 -1 0 -2 -1 1 
0 -29 -27 -3 -2 1 1 -8 
-3 37 34 -3 -6 -4 1 10 
-4 32 46 7 1 -3 -5 -2 
-3 -21 -33 -10 -7 -5 -7 -3 
-3 13 7 6 2 0 2 1 
0 -25 -13 -6 -3 -3 -3 1 
5 7 6 7 5 3 1 5 
-10 -23 -6 -2 5 3 -2 -1 
-7 1 -17 -15 -19 -7 -6 -8 
5 -3 -17 -8 -4 -3 0 4 
-1 -3 45 12 5 3 5 -7 
8 1 -74 -2 -3 -2 8 3 
-3 1 -10 -11 3 -3 -20 -5 
-7 0 -23 -10 -4 -5 3 3 
7 2 20 -4 -6 -5 -12 0 
-2 7 31 2 3 4 8 8 
7 -4 -8 0 0 -2 -3 9 
-7 10 10 3 -2 -1 5 -13 
6 -42 -17 5 5 -2 -9 -3 
-11 13 13 2 2 2 -2 1 
6 11 -8 3 -4 -2 2 -6 
-22 -11 25 -1 2 -1 -5 -1 
9 -12 -8 0 -1 1 12 -1 
1 -16 9 -10 -9 -6 -3 -23 
3 -4 4 2 2 2 -1 4 
-1 -13 6 -2 -2 -2 -4 0 
-12 0 -22 -17 -12 -5 -6 -3 
14 10 14 12 4 6 14 9 
0 0 -5 -3 -1 3 15 -8 
0 -18 -8 12 1 -1 -12 11 
-8 -5 -13 -18 -5 -1 -8 -19 
0 4 8 -1 -1 -5 -2 4 
5 -6 6 6 -2 -4 -12 20 
1 14 10 0 2 5 27 -24 
-3 4 -25 2 2 -2 -14 -3 
-5 -3 6 5 -3 -5 -3 5 
-3 -9 11 -1 0 -2 -2 -7 
6 19 2 6 1 -7 -8 12 
-3 -5 -28 -13 -5 1 5 -7 
0 0 -10 -7 -4 -1 10 -32 
-7 -31 -17 0 -1 -5 -44 3 
17 12 -2 8 0 9 34 34 
-19 16 -9 -12 0 -1 30 -29 
9 11 14 9 3 -4 -38 -20 
-1 -25 -49 -20 -13 -4 24 45 
-16 -24 -21 0 0 -16 -37 -13 
-10 2 -8 6 5 21 59 4 
9 9 38 13 0 -13 -7 -6 
-15 4 -19 -9 1 11 60 -26 
22 -28 -40 -37 -12 -19 -49 -18 
28 20 23 35 6 -4 -67 44 
30 -7 59 8 1 1 29 16 
-16 -26 -68 -43 -13 -8 -47 -42 
-27 -7 -1 1 -2 17 65 31 
35 29 72 32 9 -2 -5 -24 
-21 20 -16 -16 -8 2 -24 0 
-4 -13 -10 7 4 2 24 3 
16 -13 8 5 0 -3 -11 -21 
-19 -15 -36 1 -4 -4 -15 9 
-5 19 44 23 10 9 16 21 
-4 19 32 -3 -5 -11 -23 -16 
-25 -6 -57 -29 -7 -9 -37 -17 
9 -18 10 10 -4 0 22 24 
-9 -6 -13 -8 -4 -3 -19 -13 
-12 8 9 -1 0 2 29 24 
18 5 24 10 2 3 5 6 
-3 15 23 -6 -3 -8 -17 -4 
-12 28 2 -15 -9 -5 3 0 
14 10 35 21 7 2 -15 -19 
3 13 -24 -10 -3 0 9 2 
-16 2 -6 -14 -5 -1 20 14 
-7 -11 -52 -16 -5 -2 -11 -17 
0 4 30 23 3 6 23 11 
11 34 66 18 9 -1 -36 -7 
-17 -31 -21 -24 -9 -9 -5 -18 
7 -18 -35 -2 -1 -4 -1 9 
1 23 14 10 7 4 0 4 
-9 -11 -55 -15 -8 -3 6 -8 
1 -8 24 12 8 5 -3 -3 
-4 -12 18 9 3 3 3 9 
-11 -14 -48 -18 -9 -9 -14 7 
3 6 3 -1 -3 0 8 -4 
-12 8 23 10 4 1 1 -8 
-7 -16 -48 -22 -7 -7 -5 -1 
0 3 45 9 0 -5 -10 -14 
-2 7 29 15 9 8 8 13 
-27 -10 -43 -21 -7 -6 -5 -9 
-1 -14 25 8 3 4 -2 -18 
-1 11 1 -5 -6 -6 2 36 
-6 -4 -5 3 0 0 -6 -28 
12 12 13 2 1 0 2 -14 
1 3 -11 -1 0 0 -2 0 
17 7 7 0 -1 -3 -2 -33 
-6 -5 -7 -4 -2 -1 -14 21 
-24 -43 -16 -1 1 0 -16 -37 
-5 -4 -5 -4 -7 -5 -1 -1 
-6 -4 0 1 -1 3 5 -2 
-1 -4 13 0 2 4 1 3 
-7 -7 -12 0 -1 -4 -9 -23 
5 -8 -3 -1 2 -1 -2 -9 
1 34 35 3 1 2 -1 6 
-6 -7 -23 -4 -3 -2 0 -5 
11 18 25 1 -4 0 7 36 
-2 -14 -27 0 0 1 -2 12 
9 -1 -6 -3 -4 -4 -7 15 
-11 -4 9 -2 -1 -1 2 -30 
13 17 -21 -4 -2 -3 2 7 
-2 -8 0 -4 -2 -3 3 19 
0 -6 3 3 0 0 -4 -13 
7 -1 3 -1 -2 -3 5 7 
4 14 -1 -2 -2 -2 3 15 
-3 -1 -8 -3 -1 -1 -14 -16 
-12 -8 8 5 5 3 9 3 
19 -4 -25 -10 -6 -1 10 6 
-1 0 3 -2 0 0 -6 7 
-2 -2 -12 -2 0 -1 1 8 
-6 3 8 3 0 0 -5 -14 
-1 3 20 12 5 2 6 14 
2 -13 -31 -25 -9 -4 0 -2 
0 5 -4 -4 -3 -3 4 -2 
6 -8 -9 -2 0 -2 -7 -6 
-4 0 5 -2 -5 -1 0 7 
0 -6 5 9 5 3 2 -2 
-7 0 1 -2 0 -2 2 -5 
-2 -4 -4 -1 -1 -3 -3 -1 
1 -26 -10 -2 1 -2 -7 5 
0 16 5 -4 -5 -2 4 7 
-11 2 -11 -3 0 1 -2 -33 
-9 0 5 0 -2 -1 -2 -4 
7 -8 -2 -5 -3 -2 -2 -5 
-11 -5 -10 -3 0 -2 -7 -21 
2 -4 7 4 -2 -2 1 3 
6 1 -9 -5 -3 -3 -4 5 
-10 21 4 1 1 -1 7 -27 
6 -3 2 0 -1 1 -1 5 
2 3 1 -4 -1 0 -2 10 
-5 -13 -10 -6 -2 -3 -3 -7 
-3 8 5 2 0 0 -2 12 
20 7 -5 0 -3 -2 0 -4 
-39 -5 6 2 1 -1 -1 -3 
20 0 1 -3 -4 1 -3 15 
-12 -6 2 -1 -1 0 -1 -13 
4 2 -9 -2 -4 -3 9 20 
4 -3 3 -1 -1 -1 1 1 
2 3 -6 0 0 0 -1 3 
6 17 13 0 -1 -2 -1 10 
-6 -3 6 1 2 1 -1 -12 
1 -3 -4 -3 -4 -3 -4 -8 
-9 -2 -14 0 -1 -3 0 -5 
-2 -26 -24 -5 -1 1 -2 -3 
2 5 3 -3 -1 -1 -3 2 
5 -4 -2 0 -1 -1 0 7 
5 2 4 -1 -4 -1 -1 -1 
-20 -11 1 1 0 -3 -2 -17 
-7 -7 3 1 3 1 -1 4 
1 4 -9 -6 -4 -1 3 -5 
5 9 1 1 0 0 0 -8 
3 4 -7 -3 -2 -1 0 10 
0 -2 -11 -5 -3 -2 -2 -2 
-4 0 -2 -2 -3 -2 -4 2 
-4 -6 -9 -2 3 -1 -1 -9 
-9 14 16 2 1 0 2 2 
4 8 2 1 1 1 -2 -3 
0 -8 1 3 2 0 3 -3 
-1 -9 3 3 4 1 -9 19 
-5 9 -2 -3 -5 -4 6 -12 
0 -9 9 4 1 -1 -1 -11 
13 9 0 -4 -3 -2 -1 9 
2 -5 1 -1 -3 -1 0 13 
0 6 -1 -3 -2 -2 -5 -6 
4 1 -1 1 -3 -1 0 7 
3 -7 -1 0 -1 0 1 1 
1 -4 2 -1 -1 -4 -3 -14 
7 -1 -11 -2 -3 -3 0 2 
-9 -4 1 -1 -1 0 -1 -2 
8 10 2 0 1 0 -3 14 
-10 -5 -1 0 0 1 0 -25 
8 5 5 -5 -5 -3 -4 9 
-3 12 7 2 4 1 0 1 
3 9 5 -2 -3 -3 -3 -8 
-7 -3 -10 -6 -2 -1 1 9 
4 -7 -3 -3 -1 -2 -2 2 
-6 -7 5 1 0 -1 -1 19 
-20 -9 -19 -7 -3 -4 -6 -34 
-1 2 10 2 2 0 2 0 
-11 -14 -15 -6 -3 -1 -3 -8 
11 0 3 -2 -3 -2 0 6 
-3 -11 -3 1 -1 -1 3 19 
-12 -3 -2 -4 -3 -1 -3 -26 
14 4 -1 3 0 1 0 4 
7 7 1 -2 -1 -3 -3 3 
-6 -6 -16 -2 -1 1 0 -10 
-4 4 6 -1 -1 0 3 6 
2 -2 4 -1 1 -1 -3 11 
-9 -2 -7 -1 -4 -2 -1 -29 
9 3 7 0 -2 -5 -6 4 
0 2 -2 3 0 1 -1 5 
-3 4 6 -3 -3 -1 0 5 
-9 -1 -14 -4 -3 -2 -2 -3 
4 -3 2 1 2 2 3 12 
-1 9 7 -4 -1 -3 -4 -4 
3 -7 -8 -2 -2 0 -2 7 
-14 -9 -1 1 1 0 -3 -23 
-2 13 14 -2 -3 0 3 8 
1 0 -27 -8 -9 -5 -1 -3 
-3 -9 12 6 6 0 -2 -13 
-2 -8 -6 -5 -2 -2 0 9 
-5 -4 -2 0 1 2 1 11 
13 -1 2 1 0 -2 -4 -15 
-5 1 11 1 0 0 1 -2 
-2 -3 2 -3 -4 -3 -2 6 
-7 -1 -4 -3 -1 -1 -4 -7 
5 -9 -7 -5 -2 0 1 6 
-3 -4 -1 -1 0 1 4 -6 
11 4 2 1 1 0 -3 2 
5 -1 3 -2 -3 -2 -1 16 
-18 5 -3 -1 0 -2 -6 -46 
0 -21 -6 3 0 4 0 9 
-5 17 7 -3 -3 -1 -2 -10 
6 3 1 -2 -2 -2 -1 -5 
5 -9 5 2 1 -1 1 13 
-3 0 -7 -1 -4 -3 -5 -5 
0 1 -16 -4 -3 -1 0 -4 
2 -2 0 2 -1 -3 -3 -2 
-12 -21 -6 -1 2 4 4 6 
7 18 12 2 -1 -4 -5 -10 
-5 -20 -23 -5 -3 -3 -3 0 
0 -4 -12 0 0 0 -3 -6 
-2 -11 2 -2 -3 -2 0 29 
-1 8 -6 0 -1 -2 -3 -11 
-8 -10 3 0 -1 1 2 1 
-2 -4 9 1 1 -1 -1 0 
16 3 -8 -1 -4 -2 -1 15 
0 3 0 -3 -2 -1 -3 -2 
-4 5 -5 0 0 1 -4 -11 
-2 -7 -5 -5 -2 -2 -2 -4 
2 6 1 1 3 1 -1 -4 
-2 -7 -4 -1 -3 0 4 6 
9 1 -2 1 1 -3 -2 5 
-11 5 3 -1 0 1 1 -4 
8 5 -16 -3 -2 -1 -1 2 
-15 3 1 -2 -3 -1 -1 -3 
16 -6 11 -3 -3 0 -1 13 
-7 -10 -14 0 -3 -1 -2 -37 
1 -1 12 1 -1 -2 0 8 
-10 -5 -4 -1 -1 -2 -1 -7 
0 1 5 2 2 2 1 6 
3 -8 1 -2 -1 -3 -4 6 
-9 16 7 0 -1 1 0 -5 
1 -9 -12 -5 -1 -2 -2 -3 
-7 -6 -1 3 1 -1 0 -3 
0 0 -1 -1 -2 -1 -2 2 
-8 -3 1 1 -2 -1 0 -12 
-10 -3 2 -1 -2 -1 -5 -5 
-6 -3 -2 -5 -5 -3 2 0 
1 12 -11 -1 -2 -2 -2 -4 
6 -21 8 -1 -2 0 -1 19 
3 5 5 0 2 -3 -2 -5 
8 6 3 2 1 0 1 6 
0 -6 6 3 1 1 1 -6 
0 2 -7 -3 -3 -4 -3 4 
-21 -17 -3 1 2 1 0 -19 
-11 -5 -4 -3 -1 0 -1 1 
5 7 0 -2 0 -2 -2 8 
-2 1 -2 0 0 -1 -4 -11 
2 -11 -8 0 3 3 3 13 
-9 3 4 -1 -4 -3 -3 -17 
2 -10 6 -2 -2 -1 -2 9 
-6 -1 -3 0 -2 -2 -2 -11 
3 20 6 -2 -3 0 1 0 
13 -3 0 -1 -1 -3 -2 13 
4 9 12 -1 -1 -2 -3 1 
-9 2 11 3 3 1 1 -9 
11 4 -9 -6 -5 -4 -3 23 
0 -14 7 -1 -1 -2 -2 -23 
-7 4 -11 -2 -1 0 -2 -14 
-10 5 7 -4 -5 -4 -2 -6 
-3 -2 -5 -4 -3 -4 -2 -1 
-10 0 0 -1 1 -1 1 -1 
1 -6 -1 3 3 3 4 4 
-4 -16 4 2 2 1 0 -3 
-6 -2 -1 -1 0 1 -2 -22 
0 10 -4 1 1 -1 -6 -2 
-1 -5 0 -1 0 1 7 9 
-2 4 -3 -1 -2 0 -2 -4 
12 -7 -5 -5 -2 0 -1 4 
1 -3 -5 -3 -3 -2 -2 -1 
0 2 1 1 -2 -2 -4 -9 
-8 3 -4 0 0 -1 -1 2 
16 8 -1 -1 -3 -6 -5 -1 
-5 -1 3 4 4 1 3 -4 
-5 -17 -1 -1 -2 -1 0 7 
0 0 -7 -2 -4 -2 -2 -13 
-3 3 -3 -1 -2 -1 -1 10 
-8 -3 -3 0 -4 -1 -1 -4 
1 -16 -9 -2 -1 -1 -2 -7 
9 16 -6 -3 -1 -3 0 7 
-6 -11 0 2 3 2 -1 6 
-7 12 6 -2 -5 -3 -3 5 
-5 -1 -13 -6 -4 -3 -3 -7 
1 -14 2 -2 -1 0 1 14 
4 -6 4 0 -3 -1 -3 -24 
-2 16 14 2 0 4 4 9 
-1 6 3 -1 0 -2 -5 0 
3 -4 1 -3 -3 -2 -1 0 
-9 0 1 1 2 0 3 19 
5 -7 2 -2 -1 -4 -9 -32 
-4 0 -6 0 -2 1 0 -1 
5 -4 -5 -2 0 0 0 -12 
-6 1 -6 -4 -4 -6 -2 -4 
2 2 -4 0 1 -1 0 -1 
4 12 7 -4 -4 -2 1 9 
1 -6 -4 -2 0 -2 -4 -12 
0 -16 -13 -4 -3 -1 1 -5 
-3 3 8 1 1 0 0 1 
-6 -1 3 1 -2 -2 -1 -2 
2 6 -7 -1 -1 -2 -1 1 
0 -12 1 1 0 1 -2 10 
-1 5 -5 -2 -2 0 3 -2 
2 -8 -5 0 3 -1 -1 5 
-13 -11 -1 -2 -3 -4 -2 -1 
15 3 -1 -1 1 -2 -1 2 
-7 -2 -6 -4 -3 -2 -3 1 
-1 -1 -7 -2 -2 -2 -5 -4 
6 -2 4 1 1 -1 -2 3 
-16 -13 -2 0 1 2 2 -1 
-4 -18 -7 3 2 0 -2 -4 
-7 -6 -2 -7 -5 -2 2 -5 
7 -3 -1 -1 -2 0 -1 18 
1 8 11 -1 -6 -2 -3 -21 
-3 9 -17 -3 0 -3 -4 -2 
4 3 4 2 0 -1 -1 3 
-2 9 5 0 0 0 -1 -3 
-3 0 4 2 1 1 2 6 
4 -4 -4 -2 -1 1 1 7 
7 5 -3 0 0 -2 -3 8 
-5 -10 -2 -2 -2 -3 -5 -18 
6 5 -12 1 1 2 2 4 
-2 -14 0 -2 1 -1 1 -1 
-10 -3 -5 -1 -1 -1 -2 -9 
2 8 -5 -1 0 -1 0 8 
0 -7 3 0 -1 -4 -4 -9 
