#EMG
#2
#ID:2-17
44 -3 -13 -6 0 -3 -5 -4 
-31 -15 11 4 0 0 -3 -13 
9 1 -24 -1 -5 -4 -4 3 
6 4 6 -1 0 -1 2 6 
-10 11 54 23 7 1 2 -10 
10 -14 -88 -49 -14 -5 -5 3 
-1 -10 1 -2 -2 2 2 6 
7 13 8 0 -3 0 -3 -9 
-15 18 21 14 4 3 3 2 
-3 -5 30 18 9 0 2 -3 
-7 -17 -35 -8 -2 -3 -1 10 
-3 -8 35 29 4 0 0 -18 
54 8 -15 -17 0 1 2 42 
-26 5 -21 -23 -9 -3 -4 -26 
-6 -27 -27 -6 -3 -2 -3 -6 
8 4 10 3 3 -2 -1 12 
-13 -10 -11 9 0 -1 -2 -24 
15 -7 4 0 -1 -1 -1 6 
8 4 -1 -6 -4 -1 0 7 
-10 -2 -8 -3 -3 -1 -3 -16 
-21 -5 -2 -5 -4 -7 -8 -38 
-11 13 23 13 6 3 2 -1 
2 11 25 11 0 -3 -2 -8 
-2 -6 -16 3 2 0 0 10 
-14 -11 -39 -26 -6 -3 -1 9 
15 -5 -5 -3 -5 -2 -3 2 
8 -25 9 4 -2 -3 -4 0 
-10 20 1 0 2 0 0 6 
-18 7 6 -7 -2 -1 -1 2 
9 -11 7 10 4 2 2 5 
-24 -11 -3 -9 -5 -3 -4 -26 
-6 -3 6 2 2 0 -3 -5 
-3 6 -2 2 -1 0 1 7 
11 6 17 7 -2 -1 -3 25 
-21 8 2 -5 0 1 0 -16 
1 -4 -12 -7 -3 -2 -2 -3 
0 -4 -8 0 -3 -2 -3 0 
-11 0 -2 8 2 2 -1 -13 
14 13 22 -5 1 -1 2 15 
7 -2 -1 -5 -4 -3 -4 -3 
13 -7 -12 -5 -4 0 2 13 
-8 -8 9 2 -1 1 2 -1 
5 -6 -21 -5 -4 -4 -6 1 
-9 -23 -7 2 6 5 5 -7 
-5 9 1 4 2 0 -1 -3 
-3 4 20 4 -1 -2 2 6 
14 9 -11 -11 -4 -1 -1 3 
7 0 -9 -10 -5 -3 -1 6 
13 5 -7 6 -2 0 1 16 
-2 -2 -2 -10 0 0 0 -18 
-7 -5 4 3 -2 -3 -2 -3 
-5 7 22 5 0 -1 -1 -8 
-11 -6 10 4 0 0 2 4 
-2 8 5 6 2 -3 -3 -4 
20 2 -11 -9 -3 -1 -1 8 
-13 -9 6 -5 -5 -4 -1 -1 
-13 -6 -9 -2 1 1 0 -11 
-17 -11 -11 -2 -2 -4 -7 -7 
-4 4 11 10 4 3 4 8 
16 4 1 -1 0 -2 -6 -8 
-2 -8 1 7 -4 -5 -6 -2 
3 0 -26 -16 -2 0 -2 -10 
-22 3 4 -4 -3 -3 0 -3 
10 -7 -22 -3 -1 -3 -2 18 
-13 -8 14 -2 -3 -1 -3 -9 
0 7 8 10 3 -1 2 8 
2 -17 -23 -6 -3 -4 -4 -16 
4 8 0 -4 -3 -2 -2 1 
-5 -7 -3 -6 -5 -3 -3 1 
-2 3 13 6 1 0 1 -10 
11 -2 8 -2 -1 1 0 16 
-14 -9 -11 -4 -4 -2 -1 -21 
3 -20 -8 -7 0 2 -1 0 
6 -1 20 7 -1 -1 4 19 
-12 0 -15 7 1 -1 -3 -21 
-13 -1 -8 -10 -2 -1 -1 -1 
-15 4 9 1 -1 -1 0 -10 
9 3 -3 0 -4 -2 -4 7 
-14 -1 6 5 1 3 2 0 
8 10 -1 -3 -2 -1 -1 8 
-14 -3 -9 -3 -1 -3 -4 -23 
-5 -8 3 0 0 0 -1 3 
3 10 9 0 -1 -1 0 10 
-9 -10 7 3 -1 -1 1 7 
6 2 -14 -7 -6 -6 -3 1 
6 -4 -11 -4 -3 -2 -1 -5 
-8 9 19 16 6 3 -4 0 
-2 12 2 -7 2 3 2 1 
-5 -13 -31 -14 -4 0 0 4 
4 -9 -8 -4 -6 -4 -1 13 
-14 -7 -1 -3 0 -2 -2 -23 
-5 7 5 7 0 -3 -2 3 
10 16 12 8 1 -2 -2 0 
-18 -5 -10 -8 -4 0 -4 -6 
18 0 3 -2 -3 -1 0 13 
1 1 10 3 -1 -1 -2 -4 
6 -2 2 -3 -1 -3 -3 -4 
5 -3 0 6 3 0 3 5 
-43 -3 25 8 4 1 0 -22 
-3 -21 -40 -12 -6 -5 -5 -20 
7 -10 -14 -8 -4 -3 -3 17 
10 10 1 -1 -1 -2 -3 0 
11 6 -4 -2 -1 -1 2 20 
-16 -2 -7 -7 -4 -2 -9 -49 
-5 6 26 7 3 2 1 1 
-6 8 4 -7 -6 -3 -4 3 
3 -2 -9 -6 -7 -4 -5 -26 
-2 -6 11 6 2 2 5 3 
9 -10 1 4 3 1 2 5 
-26 -24 -5 -2 -1 -3 -5 -10 
7 31 -5 -5 -2 0 1 12 
-17 -6 12 10 0 -2 -4 7 
7 -4 -32 -12 -4 2 8 2 
-12 -20 -5 -8 -6 -3 -11 -7 
7 1 -5 -3 -2 -3 -2 -8 
-2 13 25 1 -2 -4 -2 16 
-8 7 8 6 1 0 0 -2 
17 19 -10 9 4 1 -1 14 
29 -3 -12 -10 -2 1 7 29 
-13 1 -3 -9 -4 -3 -9 -5 
-8 -4 -1 -3 -3 0 16 16 
10 13 18 3 3 0 -6 20 
18 -12 12 9 3 0 1 -14 
5 -69 -32 -4 -4 -6 -5 -24 
-14 -1 2 -3 1 -2 -10 -3 
4 -1 -11 -1 -1 -1 9 1 
-15 -13 -6 2 3 0 1 0 
9 4 -6 -4 -3 1 -1 3 
-1 23 36 6 1 -1 9 1 
23 -1 15 10 0 -1 1 -7 
-22 -19 -13 -17 -5 -1 -4 0 
12 14 10 -3 -2 0 6 9 
2 40 -30 -12 -6 -2 -11 12 
8 11 0 3 2 1 4 -19 
3 11 33 10 0 -2 2 8 
1 6 -48 -4 -4 -2 4 1 
11 25 41 16 2 -3 -15 2 
-29 -26 -11 -18 -2 2 10 -30 
-11 -8 -25 -9 -6 0 -3 -5 
2 21 28 13 5 -1 -2 7 
0 -35 -14 -20 -8 -2 -5 -1 
-3 5 -36 3 2 -4 -9 -13 
16 53 23 4 0 -1 -4 9 
-14 -12 9 4 -1 4 11 0 
9 -12 -15 6 2 -1 -7 -12 
-8 -3 9 -3 -1 -1 1 6 
0 8 -7 -5 -8 -2 1 2 
-8 -20 15 -1 2 -2 -4 -1 
-5 -4 9 6 6 2 2 -4 
-3 4 28 -6 -5 -1 4 0 
-4 -8 -26 -3 -2 -2 -5 -8 
10 -3 -2 -16 -2 3 5 6 
1 -8 -13 5 -5 -4 -2 -3 
11 31 18 9 5 1 -1 16 
-17 -17 -57 -28 -14 -10 -8 -32 
3 -12 -1 15 5 -2 -13 4 
-5 2 25 -12 -5 2 15 -16 
8 14 19 12 4 -1 -4 15 
4 -7 25 7 2 1 0 13 
-7 2 -26 -5 -3 -1 1 -11 
4 -2 -32 8 -1 -4 -5 -4 
-12 -34 -16 -35 -17 -10 -13 -23 
9 17 16 0 2 3 8 50 
11 13 33 9 2 2 -3 -9 
7 12 25 16 6 3 -4 5 
-30 -16 -18 6 4 -1 0 -9 
-1 -23 14 -2 4 -1 -1 -6 
4 16 -13 -7 -5 1 2 14 
-9 -16 1 -5 -2 -5 -9 -3 
-11 -13 14 6 4 5 4 -19 
1 -2 -10 13 5 3 4 -9 
2 23 -11 2 2 0 -2 7 
-17 -9 -26 -26 -11 -7 -6 -13 
20 11 0 2 -6 -2 -2 18 
-12 -14 4 -2 1 0 5 -14 
-1 -16 -9 -11 -5 -6 -7 -10 
-15 -41 24 12 8 5 3 2 
14 20 -19 -7 -7 -2 0 7 
-5 -36 5 18 5 -4 -5 -18 
3 8 -33 -18 -10 -3 0 9 
4 4 3 -2 1 -2 1 3 
13 3 -1 0 -2 -3 -4 4 
-32 -10 5 -6 -3 0 -5 -18 
-4 0 14 8 4 4 6 0 
8 2 -9 -6 -5 -8 -17 1 
-5 12 -6 0 0 0 -1 -7 
14 8 2 4 1 -1 -5 11 
-10 -2 22 0 0 1 3 -22 
31 -22 -33 1 0 7 17 3 
-21 -4 -9 -2 5 0 -5 -3 
10 0 -29 -7 -3 1 2 -4 
1 2 4 0 -2 -2 -2 13 
13 1 -1 1 1 1 2 -16 
-4 -12 19 -3 -4 -5 -8 -8 
13 20 6 -1 -3 -2 -3 15 
-9 -11 -15 -3 -1 -4 -5 -20 
-20 60 12 0 0 -3 -5 10 
-8 6 -17 -2 0 5 9 3 
10 19 15 -5 -3 -5 -5 -6 
17 6 22 15 2 3 4 9 
-10 -1 -13 -8 -2 0 -11 -1 
-13 -45 -11 -8 -4 -4 -4 7 
5 0 -17 1 0 1 3 1 
0 -12 -20 -7 -5 -6 -8 6 
-11 5 19 5 2 5 22 -7 
6 3 -4 -1 -2 -7 -19 -19 
2 2 -1 4 0 -3 -9 -10 
-33 -25 3 -3 1 -4 -4 -9 
-12 -2 -19 -12 -13 -7 -2 5 
1 26 15 3 6 5 13 11 
-16 21 -31 -13 -4 -1 3 -3 
21 -18 0 3 2 -1 -18 -12 
-4 -8 -4 5 4 2 22 6 
-7 -2 13 9 -1 -3 -2 -18 
-3 -14 21 -13 -5 -7 -13 -5 
-4 17 -37 -8 -5 -1 12 22 
6 43 16 5 5 3 -3 -22 
14 2 -6 -2 -4 -2 -1 10 
4 2 12 12 5 4 -8 -7 
-39 -11 -6 -11 -8 -3 41 -11 
14 -8 19 7 1 -5 -20 -20 
-27 6 13 -9 -2 0 6 -4 
-14 -32 -45 -17 -6 0 -6 24 
11 8 6 0 1 3 -2 -1 
-4 9 -2 -2 -1 0 -5 10 
16 4 8 10 0 -2 4 14 
3 -12 -14 2 0 1 4 11 
7 29 42 14 2 -2 -16 -2 
-16 -17 -14 -10 -6 -7 -1 6 
4 -6 -66 -39 -14 -2 -8 3 
-1 2 18 4 1 -1 -13 -19 
1 8 25 11 2 2 28 -4 
11 -15 -10 -10 0 -1 -16 -3 
-24 -1 -25 -1 -5 -2 3 -33 
-5 -9 -22 -10 -1 -2 2 10 
-9 -15 11 11 -3 -5 -15 -24 
-31 -7 -9 -16 2 3 -1 3 
-5 -9 -1 -1 -1 -7 -25 -27 
-12 -10 -3 1 -4 -3 17 -15 
18 26 28 5 4 -3 3 9 
9 -19 -8 4 1 5 6 20 
19 9 5 5 5 0 -5 16 
-10 -1 10 5 0 -3 -7 -9 
37 -7 -6 -11 -5 -1 1 36 
-15 3 22 4 -2 -3 6 -35 
-4 -26 -38 -13 0 3 3 -4 
22 30 70 32 7 1 3 16 
-11 -41 -71 -17 -6 -4 -12 5 
10 31 -9 -20 -3 2 0 4 
-11 -4 18 1 -5 -5 -4 -5 
-7 6 -13 10 1 3 1 2 
2 6 -31 -12 0 1 10 10 
8 -21 11 -4 -5 -5 -1 18 
14 7 30 4 -1 1 14 -28 
0 3 -18 -2 -4 0 8 8 
-5 11 4 7 11 7 -2 -12 
-3 -7 -2 6 -4 -2 -6 -7 
10 8 -9 -13 -5 -4 15 43 
16 -7 -8 4 -2 -4 -5 14 
-30 -14 29 1 0 -2 -19 -37 
8 -18 -32 8 2 3 4 2 
-1 8 10 11 1 -4 -9 3 
-5 -15 -74 -45 -12 -6 -4 -16 
5 71 34 3 -1 3 -4 27 
4 18 -8 0 -2 -1 -15 4 
1 16 56 15 5 1 -5 -31 
-31 18 6 4 3 3 20 7 
29 -8 -14 -8 -5 -7 -15 -3 
-22 -59 -29 -7 -7 -4 1 2 
5 -14 -18 9 6 6 4 9 
6 -5 36 -4 -1 -3 -3 9 
-5 -21 -16 0 -1 -1 -7 3 
3 -9 -14 -9 -5 -2 -3 -6 
1 3 8 8 5 0 4 22 
-6 -71 -39 -5 2 -2 -8 -7 
7 -9 3 3 -2 -1 1 2 
-2 0 -6 7 0 -3 5 -4 
-4 10 -30 -20 -7 -3 -8 -12 
4 5 80 22 5 2 6 -10 
-3 -3 8 0 4 -1 -3 2 
-8 -29 -12 -12 -8 -5 -8 -10 
-4 -17 4 -5 -8 0 -5 -5 
7 18 3 1 2 -1 13 0 
-15 -22 -4 -12 -9 -6 -21 -17 
-12 25 21 7 2 -3 -2 -18 
5 -11 11 3 -1 -1 3 22 
4 19 8 -1 -1 0 -8 1 
-12 -8 -15 -4 -4 -2 2 -2 
24 -25 5 5 6 0 1 2 
-38 10 -2 -2 -1 1 0 1 
-11 -28 -25 -11 -5 -7 -16 -28 
-2 7 8 0 -4 -3 4 -9 
-16 -10 -22 3 1 2 1 15 
1 -8 17 7 5 0 7 0 
15 4 -9 -4 -3 -2 -1 -2 
-10 -9 28 9 0 1 4 2 
-1 16 -20 -18 -8 -5 -13 -4 
9 -2 -7 -8 -11 -2 1 -3 
-15 -23 -5 17 10 0 -6 -23 
10 -17 -20 -13 -1 3 -1 3 
2 59 30 12 2 3 12 3 
-2 -45 -13 -3 2 1 0 -4 
3 26 33 0 -5 -5 -7 21 
-1 28 4 -1 -2 0 -1 -2 
4 -37 -29 -6 -3 -7 -5 2 
-4 5 39 5 5 4 9 -9 
7 24 -3 0 -5 3 -2 4 
4 8 -18 -4 -2 -4 -8 5 
-10 -22 -9 -6 1 -4 -5 -2 
3 28 24 13 -6 -1 0 -1 
2 -68 -18 -21 -6 -6 -4 0 
-3 -35 -20 -6 7 6 7 0 
-4 -10 55 22 4 0 -7 -6 
14 -16 -39 -17 -7 -4 -5 4 
-2 3 -35 -8 -10 -4 -2 3 
5 43 63 17 1 1 3 4 
9 0 9 -6 6 5 3 6 
-3 9 -1 6 4 -1 -9 -3 
-8 45 4 -2 9 7 11 6 
10 -43 9 0 -6 -1 -3 9 
-6 14 -78 -20 -7 -6 -10 -16 
4 12 -17 16 1 -1 -3 9 
-1 -31 1 -20 -12 -7 2 4 
-20 -28 -15 0 1 -6 -9 -14 
-7 -30 -7 5 1 3 5 -12 
-14 33 53 28 6 0 0 -7 
-14 -40 -70 -36 -4 -4 -10 14 
11 2 45 14 -4 6 14 -31 
28 -12 16 18 3 -3 -12 20 
-33 -45 -102 -64 -17 -9 2 -3 
-1 18 76 41 11 6 -10 -2 
-13 7 -52 -22 -3 -4 1 -6 
6 33 61 17 0 1 1 1 
16 2 17 21 11 5 13 8 
-8 -11 -7 -12 -9 -5 -14 -15 
-10 -24 -5 15 1 -1 -6 16 
0 1 -73 -31 -9 -4 -5 -35 
16 17 26 -10 0 -7 -13 14 
-6 12 -17 -11 -7 7 35 -9 
5 14 19 18 1 -6 -22 -37 
3 36 36 2 -1 1 -3 0 
-4 -8 -30 -13 -2 -10 -15 58 
16 15 10 12 1 -1 7 -29 
-25 6 3 -3 -3 -4 6 12 
-2 -2 -11 -11 -8 1 6 -5 
24 -3 -45 -17 -11 -3 -4 -3 
-13 16 22 15 3 -1 -15 7 
21 17 -21 -18 -5 -2 -3 -19 
25 29 54 23 8 2 5 13 
-11 -10 -11 -12 -5 -2 -5 -15 
11 13 5 5 8 7 10 16 
-31 -14 -73 -6 1 -3 -4 -33 
2 -15 18 2 1 0 1 21 
15 -31 49 18 -3 -1 -1 -6 
-3 -24 -18 -13 -7 -8 -11 -32 
8 -3 -21 -9 1 3 6 25 
-18 15 16 2 -1 -1 0 -16 
5 -16 1 6 5 2 0 -1 
5 -35 -17 -13 -9 -7 -8 11 
20 6 22 2 0 0 -1 -3 
-15 -4 -10 -2 -3 -3 3 11 
-7 32 20 -4 2 1 0 -23 
-11 -1 -21 -2 -5 -3 -6 3 
8 3 5 6 4 2 4 20 
-15 -37 -20 -4 -1 -1 1 1 
-5 2 3 -4 0 1 -2 -26 
18 56 49 24 6 3 -2 -1 
-14 -17 -40 -32 -12 -9 -2 4 
-8 11 16 6 1 -1 -2 0 
6 19 4 2 -2 -1 3 22 
-16 29 1 -1 1 3 5 -13 
8 -3 2 2 -4 -3 -5 25 
15 15 12 -8 -1 0 3 11 
-60 -25 -5 5 3 -1 -4 -45 
12 -49 -29 -4 0 -4 -6 9 
4 16 4 -1 -2 1 -2 5 
-1 3 -11 2 1 -2 0 2 
10 13 7 -1 -2 1 3 6 
-6 -8 11 -2 -2 -2 -2 -7 
-35 -15 -18 -4 -3 -2 -3 -8 
-4 -1 3 -3 -2 1 1 -17 
8 -4 -10 -3 -4 -4 -3 -2 
8 14 2 -2 -3 0 -2 1 
9 -1 19 4 2 2 4 22 
-18 1 -3 -1 0 1 -2 -38 
-5 2 -13 1 0 0 -9 -11 
10 7 9 0 -2 -1 10 12 
-20 0 -2 -6 -4 -2 -6 -9 
-13 4 -18 -1 3 6 8 15 
31 -5 9 5 3 0 -4 -19 
-7 4 -5 -4 1 2 1 -2 
2 -3 10 -1 -1 -1 3 -19 
-11 -6 6 -4 -4 -2 1 -5 
21 4 10 2 0 0 4 35 
-14 3 -29 -12 -6 -6 -7 -18 
3 -12 -2 6 2 -1 -1 1 
18 36 10 -4 -3 -2 -3 18 
-19 -5 -18 -7 -3 -2 -1 -18 
3 0 10 6 4 -1 -5 -4 
2 -2 2 0 0 1 1 12 
3 -22 10 4 -3 -5 -7 -19 
-1 0 -22 -8 -4 -3 2 4 
7 -12 -15 -11 -8 -3 -3 19 
-22 -18 -8 -5 -3 -4 -6 -29 
-4 -13 10 -2 -4 -4 -2 7 
-1 7 4 6 -1 0 2 3 
-2 -1 5 5 1 -4 -5 -12 
19 8 11 2 0 -1 -3 8 
7 -21 -16 -6 -2 -1 -3 20 
-13 48 32 2 2 4 1 -14 
3 26 -9 -4 0 1 3 26 
-1 0 12 5 -1 -1 -3 -26 
-2 2 -1 2 0 -1 -3 -2 
-4 -18 -9 -13 -6 -4 -3 4 
8 -2 16 4 0 3 1 6 
4 11 -7 1 5 1 1 9 
20 -27 -12 -1 -3 -6 -3 20 
-27 1 0 2 -1 -2 -1 -18 
-17 0 13 5 2 1 0 -13 
12 -6 -3 -4 -1 -1 -1 11 
-10 -4 -10 -8 -4 -3 -3 -9 
10 -5 6 2 -1 -2 -2 -9 
-1 -1 4 -4 -2 -1 1 -6 
-17 0 -6 -1 -3 -1 0 -1 
18 11 -2 2 4 2 3 20 
5 -5 -4 -2 1 -1 -2 16 
0 -6 10 4 -2 -3 -2 -1 
-12 7 4 -6 -2 -1 -3 -14 
-16 9 5 1 1 2 0 -13 
-3 -15 6 6 3 2 2 2 
-11 -6 -9 -4 -3 -4 0 6 
4 2 -9 -2 -2 -2 -3 4 
-10 -6 -4 -6 -4 -4 -4 -16 
-6 -15 -8 1 0 0 1 5 
4 3 -10 -2 -1 -1 -3 -11 
2 3 -1 -3 -5 -1 0 9 
1 -7 -15 -3 -4 -1 -4 -7 
16 -3 -4 -3 0 -1 1 2 
-12 -3 -4 -2 -2 -1 -3 8 
8 0 3 -1 -2 -4 -1 -3 
-4 8 4 6 2 0 -2 -11 
-1 -2 2 -3 -4 -4 -2 17 
5 -13 -17 -7 -3 -2 -7 -28 
6 1 4 -1 -1 -2 2 1 
-11 -3 3 2 2 1 1 -7 
-3 -2 4 0 -3 -3 3 2 
-9 5 -11 -3 -1 -1 -2 -1 
-1 -6 1 5 5 4 -1 -2 
19 3 4 -2 -3 -3 1 27 
-9 0 -9 -5 -3 -2 -5 -29 
-5 -3 8 1 0 -5 -1 1 
-3 13 9 -1 -4 -1 -1 1 
0 -7 -18 -2 1 2 1 19 
4 -13 -10 2 2 2 1 14 
3 0 -4 -1 -2 -2 -3 -19 
-10 -4 -2 -2 -1 -1 0 -8 
-15 11 19 -2 -1 -1 -1 9 
15 6 -10 -2 -4 -2 -3 8 
0 -5 -4 -6 -2 1 1 9 
-4 0 4 -4 -5 -4 -2 -3 
-1 -9 -1 -1 0 -1 -4 -21 
-3 -1 1 0 0 1 0 -7 
3 1 5 1 -1 -2 1 15 
8 -2 -3 1 1 2 -3 0 
-1 9 -6 -3 -5 -3 -2 -20 
4 2 5 -1 -1 -4 -2 1 
-10 2 5 -1 -3 1 1 1 
5 -16 -11 2 5 2 4 23 
-18 -8 0 -2 -2 -4 -4 -10 
-3 3 -13 -1 0 2 2 5 
9 8 10 -1 -3 -5 -4 -21 
-16 -6 -4 -3 -1 -1 -1 -15 
3 6 3 -4 -2 -1 1 3 
9 -8 -4 -4 -3 -2 -1 16 
0 3 -6 -1 -1 2 -2 4 
4 0 1 -1 -3 -3 -1 7 
7 -2 4 -1 -2 -2 -2 -10 
-8 0 6 0 0 0 -3 -1 
-4 -8 -8 -1 -4 -4 -1 -6 
10 6 0 -7 -6 -2 -2 5 
1 -9 -8 0 0 -1 1 7 
13 4 1 3 3 1 3 36 
-22 -3 8 -1 -3 -3 -6 -54 
0 -8 -30 -12 -6 -3 -8 -16 
-5 -1 -1 -1 -1 -3 2 -4 
-13 -1 13 1 -2 -1 1 -4 
15 0 -2 -1 0 0 1 22 
-5 6 -3 -1 -1 2 0 -6 
-3 -2 0 -1 -1 0 -3 8 
-5 -10 5 3 2 0 -2 -18 
16 -10 -16 -4 -3 -5 -2 11 
-10 -1 9 3 -1 -3 1 -11 
0 3 -20 -6 -5 -3 -2 12 
-9 -1 -2 -3 -2 -4 -3 -29 
-24 -1 8 1 -2 -1 -3 -5 
9 2 6 5 2 -1 -1 13 
15 -4 0 -7 -2 1 2 8 
0 1 -7 -1 -1 -1 1 -12 
12 0 0 1 2 0 3 19 
-22 -11 -1 5 0 -4 -3 2 
0 9 -3 -2 -2 -1 0 -9 
13 -2 -5 -1 -5 -1 -1 7 
8 14 4 -2 -4 -2 1 21 
4 -10 -6 0 2 2 1 3 
1 -8 1 0 0 1 1 4 
-20 -7 1 -1 -1 -1 -3 -20 
-11 -2 1 0 0 0 -3 -13 
8 0 -3 -7 -6 -4 -2 2 
0 15 -2 -1 2 -1 -2 -6 
-8 -2 5 1 2 4 0 -5 
-4 -11 -13 -3 -2 -4 -3 9 
-6 -2 5 -2 -1 0 2 -25 
-4 -6 2 -1 0 -1 -1 -4 
5 6 -1 -1 0 -2 -1 17 
21 8 9 1 -1 1 -1 -4 
-44 3 -6 0 0 0 2 8 
-1 -6 3 1 -1 -2 -5 5 
3 8 5 -6 -3 -2 -2 -9 
4 18 14 0 -2 1 0 26 
21 1 1 1 0 1 -2 3 
-1 -5 0 1 -1 1 2 6 
-23 -12 -14 -5 -3 -3 -7 -27 
-10 -10 4 1 4 2 -2 -6 
3 -2 -6 2 0 1 -1 -6 
7 2 6 3 0 0 0 11 
14 3 10 0 -1 -2 -1 5 
-10 -9 -22 -6 -1 1 1 -7 
-20 -3 14 1 0 -2 -2 -4 
-22 -11 1 3 4 2 5 -17 
21 -2 -10 -3 -4 -2 -3 13 
-4 -6 0 0 1 1 0 -6 
14 10 8 -2 -1 -1 -1 20 
-15 -6 2 -1 -4 0 1 -11 
-7 -1 0 -2 0 -1 0 2 
-9 -8 -2 -4 -5 -5 -5 -17 
23 0 -14 -2 0 0 1 4 
-6 -2 -2 -1 -1 0 0 -6 
-5 -3 1 -2 -2 -2 -2 5 
8 -6 -19 -3 -4 1 1 23 
-1 -3 9 -1 -3 -3 -2 -13 
-5 24 6 -1 0 0 -1 -8 
-4 3 -2 1 1 0 7 14 
8 3 -1 0 -1 -2 -4 0 
13 1 2 -2 -2 -1 0 4 
-46 -21 -14 -4 -1 -2 -3 -4 
10 5 4 2 -1 -1 -1 -2 
-21 5 5 3 2 2 4 -9 
8 -15 -8 -8 -6 -4 -8 -2 
12 -5 4 1 -1 -1 -2 -2 
-7 -7 -15 -7 -6 -1 -1 0 
-4 -7 2 -1 1 0 1 5 
-17 -7 5 0 -3 -3 -4 -19 
9 -6 -8 -3 -4 -1 -3 -4 
4 -2 0 2 0 -1 -4 -15 
10 3 -3 -1 1 -4 -2 -3 
0 3 2 2 3 4 6 17 
1 -1 -2 -1 0 -3 -2 -26 
-4 5 8 -1 -2 -2 -2 0 
21 3 7 1 -1 2 1 17 
-34 -1 -12 -3 0 1 -2 3 
-4 -14 -6 -3 -4 -6 -4 -6 
21 3 -6 -6 -3 -2 -1 2 
-1 -10 3 1 -1 -2 -1 -9 
13 30 16 -1 -1 -1 1 12 
9 12 0 0 0 0 2 8 
-11 -22 -6 3 2 -2 -4 -4 
-2 26 8 -5 -3 -3 0 15 
-5 -12 -12 -4 -1 -2 -4 -20 
-3 6 -1 0 -1 0 0 6 
-10 -11 -14 -3 -2 -1 1 -6 
-9 -13 3 0 1 0 0 -4 
8 4 4 4 -2 -1 -1 22 
6 6 -10 -4 -2 -1 -5 -15 
-11 3 -2 -1 1 4 1 7 
7 -13 -14 -5 -5 -6 -8 -17 
6 -2 -9 -5 -4 -1 3 16 
3 0 5 -1 0 -2 -2 6 
0 6 2 1 -2 0 -1 -9 
7 6 7 0 -1 1 2 2 
-17 -7 5 -1 -1 -3 -5 -39 
11 0 2 -1 -2 -1 1 14 
-6 -4 -6 -1 0 -2 1 0 
-3 -3 1 1 -1 -1 0 -7 
10 2 -5 -2 -1 -2 1 -5 
1 1 -10 -8 -5 -4 -4 -8 
3 13 5 -4 -5 -2 -3 4 
-13 -10 -9 0 -2 0 -2 -10 
3 2 -1 0 1 1 -1 5 
-7 -16 -4 1 4 1 -1 2 
12 0 7 -1 0 -2 1 12 
-30 -3 -17 -1 1 -1 -2 -27 
5 20 -2 -3 -4 -3 0 0 
7 -4 -6 0 -1 1 -1 4 
-3 -9 -16 -3 -1 1 1 9 
-1 3 16 1 -2 -3 -4 -1 
1 -5 1 3 3 1 2 5 
8 -5 -9 -4 -3 -3 -1 3 
-16 5 6 0 -1 -3 -4 -35 
3 -4 -13 -5 -4 -1 1 11 
16 -5 0 3 3 1 0 0 
