#EMG
#4
#ID:4-21
3 4 13 4 3 -1 3 0 
8 4 9 6 -1 -2 2 12 
-14 1 -7 0 0 -2 -2 -10 
24 0 -22 -9 -6 -6 -5 8 
-26 -13 -22 -10 -3 0 1 5 
-17 -1 3 2 0 -1 -2 -18 
9 4 11 3 2 -1 1 -5 
-9 12 38 14 4 1 1 -7 
-1 -5 -9 -5 -5 -1 -2 5 
10 1 0 1 0 -2 -4 0 
-34 4 -1 -2 -1 -1 -3 -13 
5 -5 7 2 -1 -1 -1 7 
4 -1 -31 -11 -7 -5 -2 -6 
-15 0 -6 2 1 -1 -2 -4 
23 0 1 -11 -4 -4 -5 -4 
-26 -2 12 3 3 3 1 -7 
6 3 -10 -5 -1 2 -2 -12 
9 -5 -2 0 -3 -2 1 11 
1 -3 -6 0 -3 -1 -1 17 
0 -6 -13 -4 1 -1 -1 -6 
2 5 27 11 4 2 1 0 
12 0 -19 -10 -2 -2 -2 33 
7 2 12 4 -2 -3 -2 -20 
-6 -2 -9 -4 0 -2 -2 -9 
11 -3 5 1 -3 -1 1 18 
-12 3 2 1 -2 -1 -1 -13 
-4 -9 -10 -2 -3 -1 -2 1 
-7 3 -4 1 -5 -1 -2 -13 
10 -1 29 6 1 -4 -3 10 
2 -4 -21 -6 0 0 -3 -12 
-7 -18 -30 -7 -7 -4 -9 -18 
-8 -3 -18 -8 -2 -2 -1 0 
6 8 13 7 0 0 0 5 
-4 1 4 -8 -1 1 0 -1 
-6 -3 13 5 3 1 1 -14 
16 -8 -29 -11 -7 -2 -2 15 
-25 0 7 -2 -2 -1 -2 -32 
8 -1 4 3 -1 -3 -3 -3 
4 6 9 0 -2 -2 0 8 
3 -2 0 -1 1 1 2 9 
-1 1 22 9 4 3 0 -27 
-30 -8 -20 -9 -5 -4 -3 -7 
-10 -4 -15 -5 -4 -2 -2 4 
10 -4 0 2 0 -1 -2 16 
-5 -2 -11 -3 -1 -2 -1 1 
3 4 13 5 0 1 -1 -11 
3 -3 -3 -3 0 -3 -3 9 
-20 -7 -2 -1 0 1 0 -8 
11 4 1 1 -1 -2 -2 16 
-8 -6 -8 -6 -2 -3 -2 -28 
6 -3 -2 -4 -3 -3 0 13 
0 4 2 1 0 0 -3 -5 
33 10 -4 -1 -1 -1 1 37 
-8 -20 -7 -3 -2 0 0 -24 
-8 -7 -5 0 0 -1 0 -3 
-4 2 18 -1 -3 -2 -2 -2 
-3 -7 -14 -6 -2 -1 -2 4 
13 3 2 1 -1 -2 -2 27 
-5 3 2 3 1 -1 1 -13 
-4 -5 -4 -3 -2 -3 -1 -13 
-11 -9 -16 -8 -4 -5 -4 -7 
-2 5 13 6 2 4 5 19 
44 -1 -4 5 -2 -3 -4 18 
-1 2 7 -6 -1 -3 -6 -24 
-7 4 -11 -4 1 1 1 -5 
-6 -3 -2 -7 -2 0 -1 -8 
2 4 14 3 1 3 1 14 
-27 -1 10 6 1 -2 -2 -16 
-5 -9 -14 -6 -3 -1 -2 13 
24 -4 -4 -3 -1 -3 -2 -9 
-44 -4 -4 -1 -3 -2 -2 -11 
17 1 -8 -4 -5 -2 1 30 
-11 -1 8 -3 -3 -4 -5 -31 
-1 -2 -9 1 -3 1 0 7 
1 4 7 -3 -2 -2 -2 -2 
0 -5 -6 -1 1 0 1 -4 
-12 -7 -2 -2 -1 -1 1 1 
-3 3 5 3 1 -1 -1 4 
-4 1 3 2 3 3 2 4 
8 -6 -14 -6 -3 -2 -4 -9 
-7 -6 -5 2 -3 -1 -2 4 
5 4 5 -3 -3 -3 -4 2 
-5 3 -1 -3 -4 -2 -2 -14 
1 6 6 2 -1 2 4 17 
-4 -7 0 3 2 3 -1 -19 
-3 -6 -4 -1 -1 -4 -5 -13 
-5 4 8 8 -2 -2 -1 -5 
-6 -5 -4 -14 -2 0 2 14 
16 7 -3 -4 -3 -2 -1 -2 
-10 8 4 0 -3 4 0 7 
4 11 12 2 1 -2 -5 -1 
1 -2 2 7 2 0 -1 -11 
-7 -9 -17 -6 -4 -3 -4 3 
4 13 -10 -2 1 1 10 7 
19 -9 0 -6 -3 -3 4 23 
-4 9 -7 0 0 -2 -6 -18 
2 6 23 0 0 -1 -4 -2 
-12 -7 -20 1 -2 -3 -3 -3 
-17 -6 -13 -7 -2 -1 -3 -13 
7 -2 2 -2 -3 -3 -2 5 
11 -8 -4 -1 -3 -1 1 0 
3 2 1 1 1 -3 -1 5 
5 -5 1 -8 -4 -2 0 7 
-19 -3 -5 1 0 0 -2 -25 
-4 3 8 3 3 -1 -5 7 
-1 4 -3 -5 -4 -4 5 12 
-2 -2 -4 -3 -2 -1 3 -10 
-6 -9 18 6 0 -1 -7 0 
23 0 -8 -1 1 3 3 20 
-40 -3 4 -3 0 -2 -2 -51 
17 1 -6 5 4 4 -4 19 
4 -15 -7 -1 -5 -1 0 -30 
-16 -15 -18 -4 -3 -4 7 -19 
17 14 38 3 0 0 -8 25 
-9 -12 -16 -8 -6 -3 5 12 
-20 -8 -43 -4 -1 -5 -6 8 
-4 -7 15 -4 -4 1 3 9 
3 -3 -8 1 0 -3 -9 -14 
0 -4 0 1 -1 -1 -4 1 
-13 0 28 5 2 8 14 -6 
15 15 -10 4 0 -5 -8 -15 
10 -7 34 -2 0 3 1 7 
-17 -58 -61 -6 -5 -4 -5 -7 
3 3 9 -4 -2 -2 3 4 
7 11 -4 7 -1 1 -4 -1 
-1 10 -7 0 2 0 -3 -9 
8 24 52 1 -2 4 13 -7 
2 -48 -31 -2 0 -7 -18 1 
-4 21 28 3 1 -2 5 9 
12 -17 -64 -7 -6 -3 -2 -4 
-13 21 -5 -8 -6 -2 -1 -16 
7 13 25 3 5 1 0 6 
-9 -21 31 13 -5 -3 -2 3 
-16 28 42 4 15 0 2 1 
-2 -9 -64 -8 -7 -4 -10 -11 
0 2 28 -11 -10 2 8 4 
-5 -54 9 10 -2 -5 -8 -6 
18 84 37 9 3 1 2 9 
-11 10 -61 -35 -6 -3 -7 -7 
8 -8 52 23 7 3 2 13 
-19 -27 -62 -28 -5 2 7 16 
-57 -47 23 11 -4 -7 -11 -60 
7 20 38 11 8 3 1 -5 
7 1 -19 10 1 0 -1 -7 
-6 54 30 7 6 0 0 0 
13 -54 -53 -29 -10 5 7 34 
-3 -1 27 5 -3 -5 -7 -20 
-19 11 4 -5 1 -1 4 7 
3 -5 18 9 8 3 1 10 
32 -10 -29 -2 -7 -3 -4 -33 
-3 -1 32 7 -2 -4 -8 -3 
12 10 -27 -2 4 0 3 28 
0 20 51 22 7 0 -3 -25 
1 -29 -73 -29 -12 -11 -21 12 
-20 -13 -9 -3 -5 0 10 4 
15 18 41 7 3 1 -3 -8 
-28 17 -15 -1 -6 -1 3 -20 
-37 4 18 -9 4 6 11 4 
23 -23 -5 12 7 -1 -2 9 
-43 12 -24 -10 -4 -6 -6 2 
39 -1 -50 -29 -21 -10 -9 27 
7 14 39 21 -4 1 3 -16 
-55 13 17 -4 1 0 0 0 
11 -13 -29 -13 -10 -3 1 -17 
-17 -14 -26 -3 4 -1 -3 -5 
34 9 -5 11 6 -1 3 44 
47 -1 -3 7 1 -1 -3 4 
-2 6 -17 -5 -1 -1 -3 -7 
-5 3 6 -23 -18 -4 -6 -11 
-11 -12 21 6 0 -2 0 8 
5 -14 -2 8 8 4 5 0 
11 -9 3 3 -1 1 -1 -10 
6 14 -1 9 8 2 0 6 
4 -23 -46 -19 -11 -4 -1 -4 
-12 3 19 -1 -1 -4 -10 -3 
-11 -7 10 5 0 -1 -2 -40 
10 -9 -31 -23 -6 -3 -4 9 
-9 -9 12 10 -2 -2 -4 -8 
-10 -5 -13 -7 -2 -1 0 0 
40 22 6 12 1 1 -2 16 
2 11 20 8 11 8 8 -6 
-24 -6 -3 -13 -6 -4 -6 -33 
12 -10 -8 9 -1 -1 -4 2 
10 -7 -45 -22 -9 -3 4 44 
6 -12 -19 -9 -2 -5 -7 -21 
21 17 39 31 11 6 8 25 
5 -7 -33 -28 -2 0 0 7 
-22 -6 3 -9 -12 -6 -4 -31 
-9 6 -2 -2 -1 -4 -4 -1 
7 11 36 16 4 2 3 9 
6 -6 -22 -9 -6 -6 -6 14 
-11 -3 -31 -10 -1 -2 0 -15 
-18 -13 -2 -10 -5 -1 -3 1 
16 -10 22 4 2 0 1 31 
4 21 37 20 7 4 7 -11 
8 -7 -17 -11 -4 -6 -12 13 
-8 8 9 5 1 1 2 2 
-10 11 17 15 7 3 2 -8 
-8 -14 -14 -17 0 1 2 -13 
13 -13 -10 -2 -2 -1 -2 7 
10 -4 12 5 0 -2 -6 -18 
5 -12 -30 -17 -8 -2 1 13 
36 -3 0 9 -2 -2 0 5 
-33 -5 21 9 5 3 3 -19 
-2 -17 -33 -12 -6 -2 3 6 
-1 -1 -24 -12 -5 -4 -5 5 
2 10 25 6 -3 -5 -5 -34 
9 -7 -20 -2 -3 -3 -2 18 
-7 13 12 7 1 0 4 -2 
1 -6 -24 -12 -3 -4 0 6 
-21 4 34 14 3 5 -1 -15 
8 18 29 14 0 -5 -8 -10 
-6 -12 -49 -31 -5 0 5 8 
-20 -19 -21 -5 -4 -4 -4 -28 
1 -6 26 2 -3 2 15 2 
-10 -5 -9 -1 -2 -9 -26 -2 
12 2 15 16 5 -2 -3 -3 
-32 -44 16 -1 -1 -1 1 -8 
13 13 -29 -9 -4 -2 -3 25 
-11 2 -3 -10 -4 0 8 -9 
27 5 3 6 2 -2 -1 2 
14 35 18 12 3 1 0 -5 
-20 7 -7 -8 -2 -3 -5 -1 
-7 -6 19 -3 1 4 9 15 
-8 -22 -26 -4 -4 -6 -14 -16 
38 -12 3 -9 -3 3 21 13 
-30 -8 7 2 -5 -4 -4 -16 
24 17 23 2 3 3 6 23 
-13 -13 20 11 -2 -3 -9 1 
0 53 -27 -12 1 -3 -6 -5 
22 1 -6 1 -2 0 -1 24 
-29 2 1 -6 -4 1 13 -1 
22 -8 1 3 -1 -2 -2 18 
-12 -35 -41 -3 -4 -5 -4 5 
-7 -1 -15 -2 2 -2 -8 -9 
15 6 0 5 1 1 6 12 
-15 4 26 1 -3 1 -2 -10 
5 21 -1 0 1 3 7 19 
1 -23 -14 -9 -7 -5 -7 3 
8 -8 -10 4 -1 -5 -11 -6 
-20 -8 -8 -3 0 4 -4 -2 
-13 -12 12 -5 -4 -3 -5 -20 
-9 18 23 7 1 -2 -24 -12 
-1 -13 -28 -3 0 1 31 13 
-4 -2 4 -1 -1 -3 -7 -5 
-9 4 -3 -3 -5 -6 -7 -2 
3 -10 -12 -3 -4 -7 -9 4 
-3 -6 10 2 3 9 11 0 
-3 2 -3 0 -1 -4 -15 -25 
9 29 23 2 0 -3 0 15 
-6 -10 -31 -9 0 1 7 0 
3 11 -40 -1 -4 -6 -13 -13 
-15 -17 16 -9 -11 -4 10 -5 
3 -7 -7 -10 -2 3 -17 -13 
-8 -14 -29 -20 -9 -3 2 -13 
-6 6 12 0 0 2 -3 -4 
0 14 30 10 2 1 0 11 
-20 0 12 15 7 0 5 33 
18 34 91 26 12 6 15 -20 
-23 -62 -85 -41 -21 -13 -16 -32 
-8 -19 14 -2 0 3 6 -8 
8 20 -2 11 2 -3 -10 -7 
-3 10 7 -8 -2 -2 1 -2 
14 35 56 14 3 2 -6 10 
0 -6 -31 -10 -4 -2 4 -1 
-11 -34 5 5 -1 1 4 -21 
-17 -23 4 14 5 6 10 24 
20 25 26 18 4 -1 -9 11 
-20 -8 -69 -39 -7 -4 -2 -22 
6 -23 -19 -17 -14 -6 -5 -8 
11 -13 34 20 8 3 -5 9 
-1 -18 6 0 4 -1 -3 -7 
11 31 36 26 10 6 8 18 
3 -4 -29 -11 -3 -6 -2 25 
4 -15 -5 -14 -8 -10 -18 -25 
9 16 -11 -11 -6 -2 3 1 
-22 14 20 10 2 0 -1 0 
1 20 7 -10 -6 -3 -5 -34 
-2 5 -36 2 3 3 9 36 
-4 -26 17 14 3 -1 -1 -2 
2 5 -27 -27 -7 -6 -2 -2 
-12 -1 24 0 -2 -3 -4 -13 
-11 -16 -30 -18 -10 -4 2 -14 
-12 9 39 17 4 1 -1 -4 
-11 -1 -17 4 0 2 3 3 
-13 -1 -2 -6 2 0 -2 -2 
15 17 10 3 -2 -2 1 6 
-12 -4 -11 -6 -2 -2 -6 -5 
10 -3 10 2 -3 -1 2 7 
-2 -1 -4 -3 -5 -4 -4 -20 
-10 -1 -10 -1 -3 -3 -2 -4 
9 5 3 -6 -2 0 0 0 
-4 5 19 5 3 1 2 -4 
-3 -7 -15 -3 -3 0 -3 5 
3 14 1 5 1 1 2 -4 
-8 -5 -6 -8 -2 0 -3 -8 
17 1 6 5 -1 -2 0 8 
-21 -10 -17 -4 -1 -2 -2 -3 
21 -6 -4 -1 -2 -1 -1 2 
-12 2 5 -3 -1 2 0 -14 
6 4 2 3 1 -2 1 22 
1 6 13 4 4 2 -2 -13 
-9 -11 -17 -5 -2 -2 1 -6 
6 -2 -8 -4 -3 -3 -2 6 
4 -9 -3 2 -1 -2 -1 -6 
5 29 14 5 2 3 4 6 
-7 3 -4 -5 -3 0 -3 3 
-4 -2 -1 -4 -2 -4 -1 0 
-2 -5 -5 -1 -2 -1 -3 -7 
8 -12 -9 -3 -1 -2 -3 1 
-5 0 5 2 -1 0 0 0 
-4 0 -5 -1 -1 -2 -2 -4 
-1 3 9 1 2 2 0 -9 
6 -8 -9 -3 0 -2 -1 3 
-9 1 5 2 1 0 0 1 
8 -6 -2 -4 -2 -2 -3 10 
-5 6 -2 1 -1 -3 -4 -22 
-1 1 4 2 0 -1 0 2 
-6 2 0 -1 0 -2 0 -1 
-21 4 -12 -6 -6 -6 -5 -9 
-2 -5 1 1 0 -1 0 5 
5 3 11 5 2 1 0 3 
-2 -4 -8 -6 -6 -2 -2 7 
0 8 2 -1 -3 1 2 -10 
7 -16 -6 2 1 0 0 28 
2 -5 5 1 1 -1 -3 -33 
8 4 -2 -1 2 0 1 8 
0 -5 6 3 3 1 0 -5 
-11 -10 -7 0 -3 -2 0 6 
11 -9 -4 -5 -4 -1 -2 11 
-17 0 3 -2 -2 -2 -4 -10 
4 -5 -2 -2 1 -1 -2 -7 
0 4 -2 -3 -1 -1 -1 -3 
-4 -17 -8 0 -1 0 -1 5 
-4 2 9 2 3 -1 0 -3 
-8 -11 -15 -4 -2 -3 0 0 
16 4 2 -3 -3 -2 -1 13 
-5 1 1 -1 -3 -2 -4 -10 
0 1 5 0 -3 1 -1 -3 
30 -2 -13 -3 -1 0 0 27 
-38 -3 -4 -1 -1 -2 -5 -38 
-6 1 -11 -1 -3 -1 0 3 
0 -4 2 0 0 -1 -1 -4 
5 3 8 4 1 -1 -2 1 
11 9 -16 -3 -1 -3 1 7 
-9 -12 0 -5 -3 -3 -1 -7 
-3 -3 -6 -2 -2 -1 -3 -3 
-5 2 8 0 -1 0 -1 5 
6 -6 -13 -6 -3 -3 -4 0 
-13 3 8 -3 -3 -3 -5 -9 
-2 -18 -19 -3 0 0 1 -2 
-4 -4 0 0 1 1 0 2 
-1 -3 7 -1 -3 -1 -2 -3 
3 1 -1 -1 -1 -1 3 14 
0 8 -1 -4 -1 -1 -3 6 
-3 -15 -14 -2 3 2 -1 -12 
2 2 21 6 2 1 1 -4 
4 -9 -9 -5 -3 -1 -1 8 
14 4 -11 -4 -2 -2 0 -8 
-31 1 2 -1 -3 -2 -3 -6 
15 8 3 -2 -3 0 -2 8 
-5 -9 -1 4 5 4 1 6 
16 20 9 6 4 3 4 9 
23 8 5 -2 -4 -3 -5 2 
-17 -12 -2 -1 -1 1 -2 -29 
3 0 -1 -1 -3 -2 -1 8 
-7 1 -1 -1 0 -2 -1 7 
-9 -7 6 -3 -2 0 3 -7 
3 1 -1 -3 0 0 -1 16 
3 -3 -8 -1 -3 -4 -3 -5 
0 -5 4 -1 -3 -3 -3 2 
-2 8 2 -2 -2 -3 -5 -21 
0 -1 3 0 0 0 3 -1 
-9 -21 0 -2 1 -2 -1 -5 
-3 -9 -2 -1 -1 -3 -3 -6 
1 2 -3 -1 -3 0 -1 4 
-2 -8 -6 -5 -2 -2 -2 6 
11 24 11 0 -3 -2 0 -2 
-37 -2 -6 -4 -3 -2 -3 -6 
7 1 -11 -5 -7 -2 -2 2 
1 -16 -10 -3 -2 -1 -2 -5 
0 10 3 1 -1 0 0 4 
3 -3 0 -1 -1 -1 0 -11 
-10 5 3 0 -1 -3 -5 -8 
1 8 15 8 5 2 2 0 
-7 14 -6 -9 -9 -4 0 3 
-2 13 13 1 -1 0 -1 -6 
0 -2 -6 -1 3 -1 0 4 
4 3 11 5 1 -1 3 4 
-1 -17 -9 0 -1 -2 -4 7 
8 -11 -11 -6 -3 -1 -4 -2 
0 1 1 3 2 3 1 1 
-8 -1 1 -7 -4 -2 -2 -5 
-5 1 -1 -4 -3 0 0 5 
11 -9 -6 -2 -1 0 2 11 
9 -9 -10 -4 -1 -2 -6 -6 
25 0 -8 -2 -4 -3 -2 4 
-14 -17 -4 3 3 1 1 3 
-9 19 18 0 -3 -5 -8 -25 
-3 20 18 5 3 3 1 -4 
-5 -6 -4 -1 -2 3 2 3 
5 5 5 -4 -3 -3 -3 -10 
5 -6 -9 0 -3 -2 0 9 
-14 -12 0 -1 0 -1 1 9 
-6 3 -3 -4 -3 -7 -5 -13 
-1 -3 1 -1 -1 0 0 -4 
-5 9 12 2 2 4 4 5 
0 -4 -4 -3 -2 -4 -1 -2 
-4 -2 -10 -3 0 2 0 -1 
1 -5 -9 -4 -2 -4 -2 -4 
4 -10 -8 -2 -4 -1 -1 6 
-6 -2 4 -3 -3 -2 0 -15 
1 -2 -5 -2 -2 -1 -2 10 
14 6 -4 -5 -4 -4 -4 1 
-13 -11 7 8 5 3 1 -8 
-6 -9 -10 -4 -1 -2 1 3 
-3 2 -2 -1 -1 -1 -1 5 
-6 0 1 2 2 1 -2 -14 
2 10 -9 -6 -7 -5 -3 19 
3 -3 6 -1 -1 0 0 7 
-9 2 1 -2 -2 -4 -6 -43 
-15 -5 -3 2 2 2 0 -7 
8 1 6 1 1 0 1 2 
7 -10 -1 -2 -2 -1 0 14 
-4 1 1 -4 -5 -3 -3 4 
7 -2 0 -5 -3 -2 0 -1 
-4 3 -8 -2 -2 -1 -2 1 
-7 -1 -4 -3 -2 -4 2 -1 
-12 -6 -6 2 3 2 0 -1 
13 4 11 5 0 -3 -1 17 
-6 -7 -2 0 2 2 1 -13 
0 -2 -13 0 0 -1 -6 -1 
-4 1 -3 -4 -3 0 0 4 
1 -2 -8 -3 -1 -2 -1 -4 
-5 -2 -13 -7 -3 -3 -3 -8 
-7 -2 -2 0 0 0 -1 -7 
2 0 4 2 2 2 2 1 
-7 -3 -4 -4 -5 -3 -3 -4 
-5 -11 -5 -2 -1 -3 -2 -3 
1 -4 -8 -4 -2 -2 -1 0 
-8 -8 -6 -2 -2 -4 -1 3 
8 2 5 1 0 3 3 18 
18 -6 0 1 -2 -4 -7 -27 
-9 6 -4 -1 0 2 -2 -2 
12 -2 -2 0 -1 1 1 15 
-18 10 3 -1 -1 1 -2 -29 
10 -8 -1 -1 -1 0 2 17 
8 -5 -3 -2 -3 -5 -4 -8 
-32 -8 -4 -1 -2 -2 -4 -33 
6 -1 2 2 1 -1 0 10 
0 3 1 -3 -1 0 0 7 
9 2 8 1 0 -2 0 2 
-13 4 3 -1 1 -1 0 14 
-2 5 21 5 4 -1 -1 -5 
-10 -11 -17 -8 -3 -2 -4 -10 
-5 -8 6 4 2 1 3 7 
8 -6 -13 1 -1 -3 -3 -2 
3 7 0 -1 -1 -1 -1 -6 
-3 6 -3 0 -2 -3 -1 7 
8 6 -7 -4 -4 -3 -4 -5 
-5 3 -3 -6 -3 0 2 15 
11 -12 -20 -4 -2 -4 -7 -29 
-18 0 21 4 2 1 5 5 
4 -7 1 0 -1 -2 1 17 
2 3 3 -2 -3 -3 -4 -21 
-5 -2 -9 -2 -2 -1 -1 14 
16 17 5 1 -1 -2 -1 5 
3 4 -2 -2 -3 -3 -5 0 
-1 3 5 1 3 0 0 -14 
-2 1 2 2 0 2 -1 4 
15 -7 0 3 1 1 -2 3 
-24 0 5 -7 -4 -3 -3 -17 
14 2 2 1 -1 -1 3 23 
-4 -3 -9 -3 -3 -3 -5 -25 
-11 -2 -2 -1 -1 -1 -1 -5 
-1 -7 -5 0 -2 -1 -1 0 
7 7 8 1 -2 0 -1 3 
-5 -8 -7 -4 -2 1 3 13 
-4 -8 -1 -3 -5 -2 -2 -5 
0 -13 -4 0 3 3 2 -1 
6 -1 5 -2 -2 -2 -2 -1 
-4 -6 -1 6 3 0 1 10 
1 1 -9 -5 -3 -5 -3 -6 
14 7 -3 2 0 -2 2 25 
-13 4 6 2 0 1 -2 -32 
2 -16 -7 -9 -5 -5 -6 0 
-2 -9 -6 2 3 2 0 9 
-9 -1 4 -1 -1 1 -1 -6 
7 0 -1 1 1 -1 0 11 
0 5 3 1 1 -2 1 -1 
-13 0 2 -2 -1 -2 -2 -12 
5 -9 2 1 0 -1 0 6 
-4 -14 -18 -6 -5 -4 -2 -6 
-5 1 -14 -6 -4 -1 -1 -7 
-1 -4 -6 -4 -4 -1 -1 0 
-1 -3 -2 0 0 0 0 4 
-2 -7 -14 -8 -6 -5 -3 -5 
1 1 -5 2 -1 -4 -2 7 
-6 4 9 1 -1 -2 0 0 
8 5 7 3 2 -1 -1 -2 
-9 2 -7 0 0 0 -2 18 
-5 -5 -12 -6 -3 0 -1 -12 
11 -6 -8 -2 -1 0 -7 3 
-19 -18 -4 0 -2 -1 -1 -14 
9 -1 -1 -1 1 -1 0 8 
-2 5 7 1 -1 -1 -1 5 
-4 -4 -6 -2 -2 -1 -1 -9 
2 9 -6 -7 -5 -3 -2 1 
8 3 -2 -2 -1 1 -2 7 
-8 -8 2 1 -1 -1 -1 -4 
-1 5 2 -5 -1 -1 0 -6 
6 10 -18 -7 -4 -4 -2 5 
3 -8 5 -1 -1 -1 -2 -1 
-23 -4 -2 -5 -2 0 -4 -25 
-8 -10 -11 0 1 1 1 -4 
1 1 -18 -2 -2 -2 -2 -3 
-3 1 9 0 0 1 2 2 
5 4 5 -2 0 1 2 5 
3 3 -13 -4 -6 -4 -4 -3 
-9 8 7 2 1 -1 -2 -11 
-2 -1 4 0 1 -1 -1 -3 
2 -2 3 1 -4 -3 -1 3 
1 0 2 4 3 0 1 -1 
-7 -5 2 -2 -4 -2 -2 3 
-2 -9 12 1 1 -2 -3 0 
-2 -2 -19 -3 1 -3 -3 0 
10 -4 4 -1 -3 -2 -2 17 
18 3 2 1 1 0 0 -16 
-11 -4 -6 -3 -4 -2 -6 -14 
-5 1 4 -1 1 0 2 10 
7 -4 4 -1 -2 -2 -7 -15 
1 9 10 -1 0 0 1 0 
2 2 1 -2 -2 -2 3 1 
14 -6 3 1 0 2 3 30 
-14 1 -5 -3 -4 -2 -5 -44 
-12 -6 9 2 2 3 2 -3 
9 1 -15 -5 -4 -5 -4 0 
-2 -8 -3 -2 -3 -2 0 2 
0 1 2 -4 -1 -2 1 21 
-2 -19 -7 0 1 -2 -4 -13 
5 16 -7 -1 0 1 1 3 
-4 -2 2 0 1 0 -4 -7 
-8 3 4 2 -1 1 1 3 
8 -5 -8 -6 -5 -4 -4 5 
-2 -8 -5 2 0 -1 -1 5 
-5 0 9 1 -1 -1 -2 -14 
-3 3 -2 -1 -2 -2 0 3 
-6 5 2 2 1 -2 0 7 
-3 -3 -4 -3 -2 -1 -1 2 
-4 1 -11 -3 -2 -1 -4 -4 
-11 -5 -3 -2 -1 0 -1 0 
7 -2 -5 -5 -3 -3 -4 -3 
0 3 3 -2 -3 -4 1 -4 
5 -5 -16 0 0 -1 2 11 
6 9 -25 -5 0 -2 -4 -11 
-17 -12 -6 -5 -3 0 -1 -4 
7 -10 -5 0 -2 0 -1 -4 
-4 -2 10 0 -3 -4 -2 -3 
-1 -4 7 6 4 3 3 13 
-19 3 1 1 -2 -1 -1 -5 
-2 -5 -5 -4 -1 -3 -4 -2 
17 -4 11 -1 -5 -3 -1 13 
-12 -13 -9 -1 0 0 1 -23 
-9 -1 1 0 0 0 -2 -16 
-15 0 7 2 1 2 0 -2 
5 0 -7 -2 -4 -2 -3 1 
1 -7 7 0 0 1 2 14 
6 34 18 -1 1 1 2 0 
3 3 -7 -2 -1 -3 -1 -1 
-3 5 3 -3 0 -1 -2 -3 
7 1 6 2 -3 -2 -1 2 
7 4 9 2 -2 0 0 13 
-5 -2 -5 -1 -2 -1 -2 -5 
2 8 8 2 4 2 -1 -1 
-2 -10 -2 -3 -2 -1 0 5 
-2 -18 -15 -7 -6 -5 -4 1 
10 4 1 -3 -2 -1 -1 -5 
-7 -1 4 0 -5 -2 -1 -17 
-8 -6 0 3 1 1 0 -8 
-1 -4 0 2 1 2 -2 -3 
7 -2 -4 -1 -3 -3 0 16 
-22 3 0 -2 0 0 -1 -26 
44 17 6 -1 -3 -1 1 32 
-27 -1 0 0 -2 -6 -5 -40 
-10 -14 1 -1 0 2 1 -1 
-13 13 1 2 2 -3 -3 2 
2 1 -5 -2 -2 -1 0 3 
9 -1 -3 2 0 0 1 10 
-3 -7 0 -3 -1 -2 -2 4 
1 -3 -3 2 0 0 0 0 
-6 2 9 -2 -2 -1 -2 -4 
5 -11 -17 -5 -4 -3 -1 7 
-13 3 -1 -2 0 1 1 -16 
6 -5 -3 -2 -3 -2 -2 12 
-17 3 -2 -2 -1 -1 0 -8 
16 -3 -12 -6 -6 -3 -4 -4 
-1 2 -6 1 0 0 -1 -1 
-2 -11 -1 -2 -1 0 -1 1 
-5 -1 6 0 0 1 0 5 
-6 2 5 -1 -1 -1 1 1 
