#EMG
#8
#ID:8-58
-1 11 -9 -2 1 -2 -2 -17 
11 0 26 9 -3 -3 -1 5 
-12 7 -11 -1 1 0 0 5 
-18 -9 -43 -28 -10 -6 -5 -15 
7 -7 -4 3 2 0 -4 5 
-7 -16 -10 -6 -1 -3 -1 -5 
1 -6 12 8 0 -3 0 5 
2 -2 4 10 3 1 1 7 
5 0 -4 -7 -7 -3 0 19 
-8 -4 -12 -6 0 0 -4 -39 
-5 -4 23 11 -2 -2 0 2 
22 12 13 2 2 0 0 -4 
-40 -20 -13 -11 -7 0 -1 -4 
-5 -9 -5 -6 -1 1 -3 0 
13 -21 -17 -2 -4 -4 -3 -2 
3 1 3 7 -3 -4 -1 -5 
12 9 20 -4 4 0 2 2 
-6 0 -10 -3 0 1 0 3 
-5 9 -1 -7 -4 1 -2 1 
-8 -8 -5 1 -2 0 0 0 
15 4 8 6 1 -2 -3 7 
-2 -7 -13 -6 -2 -3 -2 -10 
17 6 6 5 5 2 1 3 
-9 -1 8 -7 0 3 3 7 
-3 9 41 10 -2 -2 -2 -20 
3 3 -17 -15 -4 -2 -2 25 
-21 -5 6 0 -3 -4 -5 -44 
-10 -3 1 0 0 -1 0 -2 
6 -9 -10 2 1 0 1 4 
-6 -1 12 0 -1 0 3 8 
3 -2 1 -5 -2 -2 -1 16 
6 11 15 5 5 1 1 3 
-13 -2 -40 -8 -3 -2 -4 -35 
2 5 9 7 4 2 1 9 
-1 6 3 0 -2 -2 0 4 
7 -1 14 0 1 1 -1 2 
4 -5 -12 0 -3 0 1 14 
-6 -4 -15 -13 -4 -4 -4 -13 
-4 -15 -15 1 2 2 1 3 
12 -4 2 11 0 -1 -3 -4 
3 36 12 -3 1 -1 1 -8 
-4 -12 -9 -8 -5 -4 -2 -4 
-13 -10 -5 -4 -6 -4 -2 -3 
-1 -7 -13 -5 -2 -2 -2 6 
2 -1 10 8 1 -1 -3 0 
-1 11 14 13 5 0 3 11 
2 13 -29 -24 -10 -4 -3 15 
-21 -12 -6 -1 -5 -5 -7 -55 
10 -8 1 -2 -2 -3 -1 5 
2 -5 2 7 -1 -1 -2 2 
-3 8 4 3 3 2 2 5 
1 2 9 10 2 0 0 15 
26 4 -17 -16 -3 -1 -2 8 
-12 -14 -21 -7 0 2 0 -15 
1 -7 6 1 -3 -2 -2 5 
-4 3 -10 -6 -2 -3 0 1 
-4 2 20 12 5 0 0 0 
2 -1 -15 -9 -3 0 -1 2 
3 -13 -9 -6 -4 -4 -5 9 
6 10 26 9 4 3 2 1 
-11 -8 -16 -1 -2 -2 -1 0 
4 0 4 3 -1 -2 -1 2 
-8 -6 -14 -14 -7 -2 0 -9 
-4 7 20 -2 0 1 2 -1 
-20 -5 16 11 6 4 2 9 
5 9 -2 -6 -3 -5 -8 -15 
-2 0 9 9 3 0 0 -2 
2 -5 0 -5 -4 -4 -2 10 
6 -6 7 0 0 1 2 15 
-7 4 9 3 1 -1 -2 -17 
0 -2 16 16 6 4 2 0 
-2 -3 -37 -12 -7 -3 -4 -2 
-2 -6 -3 -6 -2 -4 -3 6 
6 12 1 -2 2 1 1 6 
31 -5 6 4 -1 -1 -1 0 
-19 0 5 3 4 1 -1 -1 
-16 -28 -60 -22 -13 -6 -7 -16 
-1 6 13 -2 -1 1 2 2 
-11 15 -8 -2 1 0 -2 -14 
20 -1 28 8 -1 -1 -2 1 
-6 3 13 11 2 -1 -1 -15 
-10 -8 -23 -8 -4 -2 -3 -6 
-9 5 3 9 -1 0 1 -1 
7 -15 -11 -22 -4 2 1 11 
-10 11 20 6 2 2 0 -12 
9 -11 -11 6 -2 -3 -3 -3 
-2 10 33 8 4 0 1 5 
-7 -11 -53 -10 -6 -2 -1 -1 
11 0 -3 -6 -3 -2 -1 3 
1 8 13 5 -1 0 1 2 
3 -12 -7 -12 -5 -4 -3 9 
-7 5 10 12 -1 0 2 -3 
-16 -7 -16 -10 -3 -1 -4 -18 
6 15 -4 4 2 -1 -2 5 
-4 5 4 11 1 0 -1 -6 
-3 6 -33 -27 -6 -2 -1 3 
6 6 24 3 -4 -1 -1 4 
1 -21 -31 -6 -1 -2 -3 0 
1 2 -15 -2 -4 -2 0 7 
-10 -3 16 14 5 1 1 -7 
-22 -15 -18 -6 -5 -4 -6 -8 
0 -4 20 -2 -3 0 0 -1 
-3 1 10 -8 -3 -1 -2 -6 
9 -10 -16 15 0 -1 0 6 
10 25 -3 -22 -1 0 4 23 
-12 -15 2 6 1 0 -1 -24 
-2 -9 4 6 1 1 2 3 
8 2 -12 -19 -6 -4 -5 -12 
5 12 32 13 0 -1 -4 5 
-5 -5 12 -2 3 1 2 12 
0 -6 1 8 1 1 0 -11 
-8 -9 -26 -10 -6 -4 -4 -3 
-6 -23 -6 -7 -2 -4 0 6 
14 3 7 -3 -3 -3 3 28 
-3 10 0 2 0 -2 -7 -31 
13 7 40 11 3 -2 2 -9 
-16 -18 -18 -1 -1 1 0 -11 
-2 10 6 -3 -6 -6 -6 11 
-4 32 9 5 1 1 2 15 
4 -11 34 -9 1 0 -1 3 
5 -10 -16 0 -4 -2 -3 -8 
-4 -7 -34 -16 -7 1 2 -3 
5 -14 -26 -20 -10 -4 -2 3 
-8 8 25 10 5 1 3 -3 
11 -15 10 12 4 2 -4 16 
-6 -12 26 14 8 2 2 -21 
-14 -25 -8 2 -1 -4 -4 -5 
14 -11 -49 -21 -8 -3 -2 23 
3 -3 7 11 2 2 3 -2 
-6 12 19 -4 -5 -6 -11 -33 
12 -22 -10 -11 -4 1 9 19 
-26 -6 -17 3 -1 -1 -2 -5 
5 16 3 2 0 -1 -2 -12 
12 12 11 5 -2 0 2 23 
-11 3 0 6 5 1 -3 -10 
30 -1 0 -9 -6 -7 -12 15 
-4 -8 -11 2 -3 -3 -3 -12 
-14 -3 -7 -6 -1 1 8 14 
-5 2 -9 -15 -8 -1 -3 -30 
-13 2 22 13 -1 -2 -5 -6 
-5 16 -30 -12 1 1 -3 -26 
1 -16 2 3 -1 -4 5 24 
24 2 33 5 -3 -4 -4 37 
-31 -8 -35 -12 -6 -2 3 -26 
36 15 25 12 4 1 -4 -4 
-5 -10 -21 -8 -4 0 5 -16 
-5 5 -10 -13 -2 -4 4 22 
16 6 16 15 3 2 -14 -2 
35 -1 2 6 -3 -2 8 25 
-39 -3 -35 -32 -3 -2 0 5 
-51 -34 -1 -5 0 1 1 -48 
-8 28 2 1 -1 -3 -9 -3 
1 65 27 12 4 -1 2 15 
29 -2 -12 5 -1 -2 -12 -4 
16 17 -1 1 -2 -4 -17 5 
-6 -8 2 4 4 7 20 12 
41 -31 -12 -9 -7 -3 14 26 
-19 4 -5 2 -3 -4 -9 -8 
-10 0 7 -9 -2 0 -5 -13 
0 -15 -14 0 -1 -2 -7 -28 
-21 -25 -4 -2 -4 -4 8 0 
7 -6 20 3 3 0 0 -7 
16 -9 -48 -14 -6 -4 4 22 
-8 -9 14 -3 -1 -3 -7 -6 
-19 6 13 -2 -1 2 -5 0 
-1 8 1 9 3 -1 -11 -12 
-5 2 14 3 1 -2 0 10 
48 16 -6 7 -4 -1 9 7 
-68 -24 -24 -23 2 1 -4 -13 
5 -1 8 6 -3 1 -6 2 
9 5 31 1 2 1 3 -1 
-18 -20 -20 -8 -5 -5 -5 -3 
5 -2 1 4 -1 -3 -4 -7 
13 -3 21 10 5 0 1 -2 
-2 11 -25 7 2 -2 4 4 
-9 -11 0 -16 -1 1 6 6 
-10 2 23 5 -1 -1 -9 0 
8 -5 -32 -22 -8 -2 -1 -9 
7 -23 -53 -1 -3 2 2 -7 
-9 6 5 6 1 -2 -12 6 
6 16 12 -5 -3 -4 16 5 
1 41 25 20 7 3 0 5 
-5 -20 27 -3 1 0 -4 -13 
-4 -8 0 1 0 -3 2 6 
-11 3 12 17 2 0 -10 -8 
1 -18 -57 -46 -16 -5 1 -4 
-1 0 -13 -4 -1 -1 -7 -11 
9 31 15 -2 1 0 -1 10 
-12 -23 -22 4 1 1 -5 -7 
0 -11 31 16 4 1 5 9 
-1 13 -9 -3 -1 -1 2 -14 
6 2 11 3 1 0 -3 -5 
0 0 -41 -6 -5 -7 -7 -2 
-5 11 24 0 -3 -4 -6 -3 
0 13 -20 -14 -4 -5 1 5 
-4 32 91 25 11 7 10 1 
-15 29 -13 -13 -6 0 -1 -7 
-5 -5 0 7 3 2 -1 -5 
1 -19 -36 -16 -12 -7 -6 4 
-1 -3 34 2 -1 -2 -2 -2 
10 -26 29 -12 -3 3 3 1 
6 4 -60 8 -2 -2 -11 -3 
0 23 21 4 5 1 3 16 
-21 -36 -45 -6 -3 -6 0 -22 
6 -39 11 1 -4 -2 -2 -1 
9 15 -3 1 -1 0 3 7 
2 21 -3 -9 0 3 -4 -8 
-1 3 -24 1 -5 -3 -5 -7 
-3 -6 -2 -1 4 5 5 12 
7 -11 12 2 0 -5 6 -13 
-2 10 40 13 7 3 0 1 
-5 -8 18 13 0 -2 4 -5 
-1 43 -1 -18 -4 -4 -8 -6 
-2 -5 -16 -17 -6 -1 4 -21 
-12 -7 21 6 -3 -3 -3 6 
2 -18 -30 -7 -5 -5 -12 -11 
-7 -8 6 19 7 6 11 20 
-8 -26 -47 -31 -4 -1 -9 -8 
6 1 45 13 1 -3 -11 -20 
-11 -15 -54 -27 -12 -2 9 13 
4 -2 6 5 1 -5 -15 -11 
0 9 34 13 1 -3 -20 -27 
-1 2 0 -3 -3 -3 32 25 
-11 -5 9 1 0 1 -5 10 
-1 -2 -8 3 -3 -2 -7 -23 
-10 -6 -2 4 -3 -2 17 27 
13 -11 -21 -5 2 -1 -29 -23 
2 6 15 -8 -1 2 17 6 
1 -10 -9 -18 -8 -5 6 29 
-8 6 39 9 4 1 -4 -6 
12 4 -7 13 0 1 6 9 
-1 -4 -3 -3 0 -2 -2 3 
-9 -28 -36 -11 -1 -3 -30 -46 
-11 0 11 7 0 -3 -2 32 
-14 -12 17 20 0 -2 3 -17 
-8 -11 -29 -22 -1 0 3 21 
10 3 -16 8 1 0 -10 -28 
-5 14 24 -8 -1 -1 2 -9 
-6 -17 -32 -7 -5 0 8 -13 
8 -3 41 27 4 -5 -64 -8 
6 -20 -44 -18 -3 -7 14 -9 
-23 10 -7 -6 -5 -1 14 28 
-14 -12 -35 -7 -3 0 -19 -2 
6 2 -20 -17 -3 -2 17 -13 
21 11 31 10 -3 -1 -19 5 
-3 -39 30 0 1 6 16 12 
2 17 7 -1 1 -1 4 12 
-9 16 15 33 10 6 9 -7 
0 1 -50 -43 -11 1 28 15 
-57 -16 -14 5 -2 -3 -12 -35 
11 0 5 -5 4 -1 -3 54 
22 -4 -18 -7 -2 -5 6 -20 
-7 13 44 7 5 1 -1 13 
16 0 11 -8 -7 -4 2 -30 
-18 -9 -44 -20 -4 1 -3 -9 
10 56 51 30 8 1 -14 -7 
0 12 8 -1 2 5 25 31 
11 10 -2 0 4 -2 -5 -4 
2 -26 -42 -20 -13 -10 -25 -22 
0 -17 5 -3 5 10 6 9 
-19 15 25 25 1 -2 20 14 
16 3 -19 5 -2 -6 -27 -20 
-8 -60 -2 -11 -1 -1 1 -7 
-34 13 -54 -39 -12 -3 -4 -13 
-12 1 47 19 -1 -1 2 -27 
68 0 -5 17 7 -1 -5 43 
-38 -3 10 12 7 5 16 12 
1 -12 -22 -6 -3 -2 8 -9 
-1 9 -5 4 2 -3 -19 -2 
13 -28 -59 -24 -4 2 11 28 
14 7 30 1 -2 -3 -4 -12 
-5 9 6 30 4 4 -1 10 
29 -22 -5 -21 -4 -5 -7 14 
1 -28 -4 -4 -6 -3 -22 -27 
-8 11 24 33 6 5 21 -1 
-9 -34 -47 -40 -11 -4 18 38 
8 -19 -2 14 2 -5 -12 5 
-22 -52 -36 -11 -2 1 5 -14 
4 26 -22 -10 -8 -5 -8 -8 
15 18 -22 16 7 0 -5 -11 
-8 14 10 -1 -1 1 -4 -7 
-14 28 27 -1 4 2 4 -17 
14 24 -18 -9 -12 -11 -2 6 
4 -7 32 13 7 2 -3 0 
-13 -30 -69 -26 -9 -3 -7 -7 
-6 12 38 21 1 0 0 4 
1 25 33 -8 2 0 -4 1 
10 -19 -26 -23 -16 -5 7 3 
4 -1 30 19 9 2 1 12 
-19 41 13 0 2 -4 -9 -2 
11 -19 35 21 9 7 -1 -5 
-6 -15 -16 -16 -3 -4 0 0 
-13 2 -55 -25 -12 -4 0 -17 
13 -3 -1 8 -4 -1 2 14 
-3 6 -26 -20 -3 -3 -7 -2 
11 31 46 28 7 0 -2 15 
-14 -3 23 -1 -8 -5 -5 -24 
-7 13 -30 -13 2 2 6 19 
-3 -48 -10 6 1 -3 -4 -14 
-15 -9 -24 -13 -9 -5 -26 -19 
9 13 55 6 -1 -3 14 26 
11 -31 -36 15 3 2 -4 -4 
3 18 28 -14 1 6 14 20 
-14 7 -32 -6 0 -1 -12 -25 
1 -10 -19 2 7 -2 -13 -4 
-8 -13 6 -19 -10 -5 6 -2 
-1 -16 3 28 -3 -5 -21 -7 
-11 -20 -7 -37 -11 -2 8 -9 
9 -12 26 34 14 5 -8 -15 
-13 -1 8 -13 0 -1 3 9 
-4 14 -25 -21 -9 -7 -12 -14 
-6 13 112 69 18 6 9 -1 
5 3 -107 -67 -23 -11 -15 -13 
7 3 6 0 -8 -3 12 20 
-10 -4 -8 -16 -4 1 6 -1 
-9 -19 17 11 9 0 -5 -13 
3 19 -28 -16 -10 -1 7 12 
-7 11 8 9 -2 -1 -14 15 
-15 31 13 -15 -5 1 13 -16 
21 35 71 61 13 2 -2 0 
-6 12 30 7 10 5 25 32 
14 14 -29 -19 -2 -6 -31 18 
27 -63 -65 -34 -20 -8 -3 7 
-30 -27 -56 -40 -17 -6 1 -39 
-17 13 53 40 9 3 -13 -18 
3 -8 72 21 15 6 22 1 
10 43 45 45 9 4 -13 15 
8 -26 -96 -73 -12 -5 5 38 
-6 -21 16 -15 -20 -11 -16 -34 
7 28 36 27 7 5 44 51 
-16 5 44 16 12 0 -19 -48 
-43 2 -36 -13 -10 -7 -7 -21 
-10 -9 9 24 6 8 0 10 
6 -2 -22 -24 -6 -3 -9 -33 
2 2 31 11 4 1 13 19 
20 -1 -45 -10 -9 0 2 14 
6 -29 -28 -16 -2 0 6 -43 
11 -8 -28 -7 -6 1 18 -28 
-20 4 -9 5 -1 -5 -3 20 
-6 10 -9 -10 4 2 -1 -13 
13 1 -53 5 0 -3 4 18 
-6 1 37 39 2 1 -10 -21 
-4 -3 -38 -56 -12 0 3 -14 
32 -9 9 0 -3 -1 8 37 
-4 -21 26 8 5 -3 -28 -13 
4 9 -17 6 1 2 -10 -26 
-23 -28 4 11 3 -5 8 30 
-4 -21 30 -9 -3 -5 -11 -22 
-3 -16 -59 -17 -12 -3 1 -8 
6 -15 4 -2 1 -3 -11 -11 
-5 1 9 16 3 2 4 -3 
44 -6 62 17 1 -2 3 23 
-47 -6 -25 -17 -2 0 -2 -14 
-12 -15 -40 -33 -12 -6 -10 -9 
-9 1 -1 3 2 2 2 -6 
13 19 24 11 -2 -6 -7 10 
18 6 41 12 3 -1 -8 -3 
-10 30 -6 -4 -5 -3 -12 -12 
23 8 14 4 4 -2 -2 67 
-67 -21 -10 -2 -3 -1 32 -35 
5 24 41 5 -1 -7 -22 16 
-15 -15 -28 -18 -5 -2 2 -6 
13 -33 -25 1 -2 -5 -12 -20 
-1 14 5 4 2 2 -14 -3 
0 8 35 11 8 4 21 29 
-7 -6 16 -17 -9 -7 -4 -7 
-17 -54 -64 -43 -13 -2 -9 -39 
10 19 57 32 3 0 -3 23 
1 -17 28 3 0 0 7 2 
21 10 -7 26 7 0 -9 7 
-1 10 -35 -43 -7 1 5 -24 
4 2 -24 -5 0 -3 -3 -5 
15 -21 -32 -4 -12 -2 7 11 
15 -5 61 80 20 2 3 1 
0 9 18 -19 9 4 7 0 
-9 -7 -81 -49 -28 -11 -7 -11 
22 48 55 21 2 4 5 9 
-32 -12 -23 -29 -8 -4 -3 -16 
14 -7 12 31 14 7 7 -20 
-7 16 32 6 9 0 -8 6 
-11 1 -8 -7 -10 -2 5 14 
12 -2 12 -13 -9 -5 -2 14 
61 25 19 26 4 4 5 8 
-43 -11 1 1 2 1 0 -28 
-4 0 -27 -1 4 3 2 5 
-9 6 5 3 7 7 5 -3 
45 22 27 16 1 -2 1 35 
6 -19 -48 -18 -9 -6 -6 30 
-17 22 23 2 6 2 1 -34 
-23 -30 -3 -14 -1 -1 0 11 
-21 8 -5 -3 -5 -3 -1 6 
25 -2 6 5 -1 0 -2 6 
8 6 15 7 6 0 -5 -9 
-8 -8 -47 -33 -6 -1 2 -8 
-28 0 12 11 -5 -8 -9 -24 
-7 -15 -15 -8 -2 3 4 -8 
-17 -9 -5 -5 0 -2 0 -9 
17 16 -1 -1 -2 -1 0 8 
-8 6 12 27 -1 -3 -4 -3 
5 3 -37 -29 -5 -4 -2 9 
-4 -5 -10 -9 4 5 2 -8 
-27 -11 -6 -7 -8 -4 -2 -8 
-13 1 5 4 -2 -4 -2 -8 
21 10 27 18 7 2 2 3 
11 -12 14 10 0 -2 0 30 
9 -1 -39 -27 -7 -4 -6 -10 
-10 6 0 -2 -1 -1 -3 -10 
0 0 -8 0 1 0 2 5 
-6 -1 -11 -7 -4 -3 -4 -10 
2 8 5 5 3 1 0 -1 
-13 -1 -11 -9 -4 -1 -1 -3 
11 4 5 1 1 -2 -3 20 
-17 -2 -7 -4 0 0 2 2 
9 -8 1 7 3 0 -1 10 
-6 3 -4 -9 -6 -4 -3 -7 
-8 1 22 14 2 2 2 -9 
6 -4 -15 -5 -3 -4 -4 -8 
-4 7 -1 -18 -11 -6 -3 5 
-5 2 5 3 1 -1 0 4 
6 -2 -19 -3 -4 -4 -4 -16 
11 -10 -5 -8 -3 -1 3 31 
-21 3 16 12 1 1 -5 -60 
15 -9 -13 -9 -3 -3 -2 -2 
-3 -1 12 2 -2 -1 0 -11 
3 -2 -23 1 -2 -4 -2 3 
2 -3 5 -1 -1 1 3 11 
-4 2 11 6 2 1 1 5 
11 -5 5 -2 1 0 -2 5 
-6 6 4 -2 -1 -1 0 -8 
3 1 9 5 0 -1 -3 4 
-8 8 10 0 0 2 1 -10 
-4 2 4 3 2 0 0 5 
-5 1 2 -4 1 0 1 -10 
21 3 -2 -4 -4 -3 -2 25 
-9 -4 -3 1 0 -1 0 -13 
-6 7 -4 0 -1 0 -3 -11 
3 3 -18 -7 -3 -1 -1 -8 
-3 -2 -2 0 2 -2 1 1 
4 -2 1 -3 -4 -2 0 12 
28 0 0 -1 -2 -1 0 1 
-33 -4 9 2 3 -1 -3 -15 
5 1 -9 -1 -1 1 4 22 
11 6 -5 7 -3 -3 -6 -22 
-11 -13 -3 -14 2 2 1 -25 
11 -1 7 2 2 0 0 6 
-13 -2 10 6 3 1 -1 -10 
-6 -7 -4 -2 -2 -3 -1 14 
-6 -1 -8 1 -3 -4 -3 1 
3 -5 -9 -2 -2 -3 -1 -5 
-4 -5 -3 -11 -7 -3 -3 13 
0 0 -2 -2 -1 -1 -2 -8 
-5 2 3 1 -4 -1 0 5 
-2 -14 -10 -5 -1 -2 -2 1 
7 -1 -1 3 2 -2 0 2 
-1 8 9 -2 1 -1 0 2 
-9 -11 -3 0 -3 -1 -3 -5 
-10 -1 -6 -4 -4 -1 -1 -2 
3 -9 -21 1 0 -2 -3 -9 
13 5 15 -1 -2 0 1 16 
-1 14 -1 -1 0 -4 -4 -8 
-43 -2 4 2 2 3 1 8 
-17 -11 4 2 3 0 0 -29 
-5 -2 -10 -4 -2 -2 -2 -7 
-6 -4 5 4 -1 -2 0 0 
41 3 3 -3 -6 -5 -4 16 
2 9 10 0 -1 -1 1 4 
-29 -4 -20 -7 -3 -1 -2 -17 
19 -3 -1 -3 -2 0 1 10 
3 11 0 0 -1 -2 0 -13 
0 0 7 -1 -1 1 1 11 
1 -3 -12 -6 -2 -3 -1 -3 
-1 -4 -5 0 1 0 -2 -1 
14 -1 7 -3 0 -3 -2 15 
-12 -2 -6 -2 1 1 0 -25 
0 -3 -1 0 0 0 0 8 
-5 1 -3 0 -1 0 0 3 
1 -6 -3 -1 -2 -2 0 -2 
9 6 6 -1 -4 -1 -1 9 
5 -3 -3 -4 2 0 1 3 
-14 -11 -5 4 2 1 0 2 
-3 1 -19 -13 -12 -6 -6 -25 
4 -14 21 -1 0 2 2 24 
-10 -4 8 2 -1 0 1 -1 
-11 -8 -9 -4 0 1 2 16 
8 -21 -2 0 -2 -1 -4 1 
52 10 -3 2 -2 -4 -1 14 
-28 2 4 1 1 1 -1 -35 
6 0 13 1 -3 2 0 6 
-7 -2 -4 1 0 -1 0 2 
-2 6 -1 -1 -2 -1 4 5 
18 -1 -7 -2 -2 -2 -5 7 
-1 4 7 1 1 -3 -3 -2 
-2 2 6 2 0 0 -1 -11 
-7 0 -4 -3 -3 -3 -3 -5 
4 -11 -16 -4 -2 -4 -2 3 
-13 -1 3 -1 -1 0 0 -14 
-1 3 4 -1 1 2 1 4 
-7 2 1 0 -1 -2 -3 -9 
1 4 -9 -2 -5 -2 1 6 
20 9 4 -2 -3 -4 -3 14 
13 25 10 2 0 0 -2 -3 
-20 -37 -8 2 3 0 -2 -23 
-2 -7 -8 -2 0 -2 0 -2 
24 1 -1 1 -2 -1 3 2 
-7 -5 -6 -4 -2 -1 0 6 
-14 2 -4 -1 0 0 -2 14 
-7 2 7 2 -1 2 -2 -14 
19 -2 5 -2 -4 -3 -2 1 
15 -8 -11 -2 0 -3 0 16 
-9 22 10 0 -1 -2 -4 -20 
9 -14 18 0 6 4 2 3 
-21 -3 -19 -3 -5 -4 -3 -8 
-4 -4 -8 0 -1 -1 0 0 
-1 9 -1 3 3 3 2 3 
6 6 4 1 -3 -4 -2 9 
-15 -9 0 -2 0 -2 -3 -17 
3 2 5 0 0 -2 -3 -6 
-6 15 22 2 0 2 2 1 
-2 -4 2 2 2 2 2 4 
-7 -4 -9 -5 -3 -4 -2 -5 
4 18 2 3 1 -1 0 -7 
17 2 -21 -4 -7 -5 -5 2 
-13 -22 2 -5 -4 -1 -1 7 
-24 -4 4 -1 -2 -1 -1 -11 
-5 -4 0 -2 -2 0 -1 -15 
-4 -4 -6 -2 -1 -1 -1 -2 
7 -7 -20 -2 -2 -5 -3 -3 
10 12 5 3 1 0 1 15 
1 -4 9 0 1 3 -1 -10 
-10 -14 -22 -5 -2 -5 -4 4 
-3 2 -2 -4 -3 -2 -2 4 
-8 0 3 -1 -2 -2 -1 -6 
2 2 1 -6 -6 -6 -3 2 
-4 -6 0 -1 -1 2 3 -1 
-2 2 5 -1 -1 -2 -1 -2 
1 1 5 -1 2 2 1 -4 
-5 -2 -12 0 -4 -3 -4 0 
-1 9 6 -4 -3 -2 -1 -1 
3 4 -16 -6 -5 -2 -2 1 
-4 2 -6 0 2 1 1 5 
2 -11 -1 -2 0 -2 -2 9 
-6 -4 -4 -2 -1 -1 -1 -17 
-13 -4 8 -1 -1 0 -1 -1 
4 -4 5 -3 -5 -3 -4 -1 
-5 8 -8 -4 -1 -1 -1 -3 
17 -11 -1 6 5 3 3 3 
-55 5 0 0 -1 -2 -5 -7 
-6 -22 -17 -3 -2 -2 -2 -8 
10 5 17 4 1 3 4 26 
-14 -1 -3 -1 -3 -5 -7 -36 
26 12 -23 -7 -4 -4 -2 -2 
3 -9 0 3 4 3 4 28 
-25 -10 3 -1 0 -3 -6 -53 
17 5 -4 -1 -3 -2 -1 20 
11 0 5 4 1 -1 0 0 
-3 1 -6 -5 -5 -3 -4 -6 
5 -10 -8 -1 0 1 -1 12 
-2 35 38 3 0 2 2 5 
4 -10 -2 2 1 2 2 -4 
-3 1 -4 0 0 -2 -2 -7 
-1 -15 16 0 -1 -1 1 1 
-1 2 -29 -9 -6 -4 -6 -3 
-9 -2 5 0 1 1 -1 0 
2 -1 9 3 2 -1 1 -5 
4 5 -12 -3 -4 -4 -3 5 
-11 -13 -9 1 0 -2 -1 -2 
10 7 7 0 -3 -1 -2 -1 
0 -5 -8 -3 -2 -2 -2 -8 
32 7 2 3 3 0 3 21 
-20 -41 -38 -13 -8 -5 -7 -28 
7 10 7 4 0 2 -1 10 
-10 1 -2 -3 -1 -2 -2 -6 
56 5 7 -1 0 2 1 18 
-32 -8 6 3 2 1 -1 5 
28 10 6 -1 -1 -3 -2 6 
-7 7 -3 0 0 0 -2 -9 
-14 0 0 -2 -1 -1 0 -1 
12 1 7 1 0 0 2 7 
-2 -8 -2 -4 -5 -6 -3 -3 
1 6 6 2 0 -2 0 1 
-19 3 -11 -2 -2 -1 -1 -15 
4 -19 12 -9 -7 -5 -1 18 
-11 -5 -19 0 -2 -2 -2 -4 
-4 -3 2 1 1 0 1 0 
-15 -14 -15 -5 -3 -3 -2 -10 
8 6 3 0 1 -2 -3 1 
4 1 6 -2 1 0 0 3 
3 3 8 2 2 2 0 1 
-24 -13 1 -6 -5 -1 -2 -5 
60 -1 -7 1 4 2 4 25 
-55 28 23 -2 -1 -1 -5 -46 
1 0 -14 -3 -2 -2 -1 -5 
-20 0 5 3 1 -1 -2 -8 
13 3 -1 3 -1 1 0 8 
9 -6 -11 -2 -2 -2 1 16 
6 3 0 -2 -3 -4 -5 -4 
