#EMG
#5
#ID:5-21
18 1 5 6 5 1 -1 11 
-11 5 15 3 -1 1 0 -18 
-5 -4 -8 -3 -3 0 -1 5 
0 -5 -5 2 0 -1 -1 -5 
-4 7 9 2 0 -3 -2 4 
4 -3 4 3 -1 0 1 2 
2 4 -3 -6 -2 0 -1 13 
7 5 12 1 0 -3 -4 -16 
-3 -6 10 -2 -1 -1 1 5 
1 -1 -20 -1 0 -2 -1 -3 
5 -2 -6 -8 -4 -2 -3 -10 
-20 4 -2 1 1 0 0 5 
-10 -11 -6 3 0 -2 -4 -7 
2 3 14 1 -1 -3 -1 2 
-4 -3 -8 -4 0 -3 -2 -4 
10 -18 -23 0 -3 -2 -3 1 
1 5 -10 -3 -2 0 -1 6 
-14 -8 -3 -2 -3 -2 -4 -3 
-2 -2 20 9 1 -1 -4 -35 
-3 -1 -31 -20 -3 -4 1 -3 
15 1 1 -3 -7 -3 -5 16 
6 -6 -9 -3 1 2 3 16 
0 -3 8 0 -3 -3 -4 -15 
-3 -1 29 12 4 1 0 0 
-19 -11 -10 -4 -2 -2 -2 -15 
8 22 2 -2 1 0 1 11 
7 7 6 -4 -3 0 -1 15 
-6 7 23 8 2 4 2 -1 
-4 7 3 -1 1 -2 0 -2 
10 -6 -5 0 -2 -3 -4 -4 
3 3 -8 -1 2 0 0 7 
9 7 3 1 -2 0 -3 -1 
-11 2 17 5 0 1 2 -5 
-4 -4 0 -1 -3 1 2 -3 
-3 -1 -5 -7 -4 -2 -1 5 
8 7 -7 -2 -1 -2 -3 1 
2 -5 -4 -2 -4 -3 -4 -16 
0 4 15 1 2 1 0 2 
1 3 -3 -3 0 -2 1 8 
-9 -11 -10 -4 -5 -4 -2 6 
0 -11 -28 -8 -3 0 -1 1 
-8 2 6 0 0 -2 -3 -15 
-4 13 22 6 1 4 4 13 
3 -7 -20 -6 -3 -3 -3 -11 
1 -3 5 1 4 3 1 -2 
-4 -22 0 0 0 1 1 -3 
1 -1 -10 -5 -4 -4 -1 4 
1 0 10 5 0 0 -1 -7 
0 -1 0 -4 -3 -3 -2 6 
-6 3 1 1 0 -1 -1 -5 
10 -9 -21 2 -5 -4 -5 -6 
1 2 -5 -16 -2 2 1 19 
11 -3 -4 -6 -1 -2 -3 -29 
-23 -6 7 0 -3 -3 -3 3 
-7 -4 0 -3 -3 -2 -2 -15 
2 1 6 4 1 -1 -1 2 
-1 2 0 -1 0 1 2 -2 
16 8 -8 1 -1 -3 -4 -5 
-5 -9 9 0 3 3 4 5 
-3 -7 14 7 3 2 3 10 
0 0 -1 -5 -3 -4 -1 4 
5 -1 -16 -3 -1 -2 -2 -4 
3 0 -4 1 0 -2 -3 4 
4 -13 -24 -9 -7 -5 -3 -9 
-14 -3 0 -1 -5 -1 -4 -3 
-1 -8 1 -7 -6 -3 1 0 
3 -3 -10 -2 0 1 -1 -3 
-7 3 2 2 3 1 0 -4 
15 -7 4 0 -2 -2 1 30 
-29 -6 -27 -10 -1 -2 -4 -3 
-20 -8 4 -2 -3 -2 -3 -13 
6 10 -2 0 -4 -4 -5 -10 
-9 -7 0 7 6 4 1 11 
14 4 2 6 6 2 2 5 
2 18 -1 4 0 -1 1 5 
-16 1 0 -12 -4 -2 -2 -2 
3 6 -8 -3 -5 -4 -1 -3 
7 1 10 -1 3 2 1 -3 
3 -2 5 -1 -6 -4 -4 -6 
-4 -4 1 5 1 1 2 8 
3 1 5 -1 0 -4 -5 -10 
3 3 -11 -2 -3 -1 -1 -6 
-3 8 14 -1 0 -3 -5 -2 
-6 7 6 2 -3 -1 -1 -4 
-8 -10 -14 -1 -1 0 -1 5 
9 8 13 1 -2 -1 -3 -9 
-31 5 18 -7 -3 0 -2 -2 
0 -23 11 9 2 -1 3 -3 
-14 0 -2 -1 1 0 -2 -5 
9 -11 8 8 1 -2 -2 7 
13 7 5 -13 -2 0 0 3 
-1 3 13 -4 1 1 4 -2 
4 -3 -1 -3 -4 -4 -6 9 
-8 -9 -34 0 -2 -1 1 -4 
3 13 11 7 2 4 2 0 
-5 4 0 -2 -3 -3 -1 1 
7 -6 -25 -4 -1 -1 -3 -11 
16 6 16 2 2 1 7 8 
-8 6 -48 0 2 -1 -5 -16 
6 -26 -29 -2 2 3 3 18 
-25 -17 4 -1 -1 -1 -1 -39 
-33 -8 13 -3 -3 0 4 3 
28 -3 -17 -5 -4 -6 -6 10 
18 10 46 6 -2 -4 -6 23 
0 8 -5 -4 -3 1 3 1 
10 2 -8 0 -1 -1 -9 -2 
-14 7 2 0 -1 -1 1 -8 
-6 -8 -13 1 0 -4 -8 -9 
10 27 27 4 2 3 4 -8 
-12 -2 -15 -7 -6 -3 2 8 
5 -19 -6 -2 -5 -5 -8 -2 
3 8 -16 0 0 -1 5 -5 
-4 3 -10 -7 -4 -5 -13 3 
3 -26 -16 8 -1 -5 -25 -19 
-14 22 7 -13 -5 -1 8 9 
-30 -7 -12 -11 0 1 5 -23 
-7 0 -17 -11 -11 -8 -7 17 
-1 -15 -35 -8 -3 0 -6 3 
21 -20 -13 9 5 4 -3 -1 
20 0 1 -2 -6 -1 1 -11 
-4 -3 17 1 3 0 0 6 
-11 -11 13 -4 -2 -4 -8 -13 
17 -27 -41 14 6 4 -6 3 
-5 8 14 -5 2 5 26 10 
-2 -12 -16 -11 -5 1 -7 -10 
10 -31 20 -7 -6 -7 28 33 
6 23 28 8 6 -6 -24 -20 
-1 19 4 5 -2 -1 -21 36 
4 0 21 3 2 0 2 -18 
2 11 -11 3 3 4 2 -7 
-46 -6 3 -5 -8 -2 15 -2 
-8 14 2 2 3 -7 -20 -15 
13 4 5 3 2 3 -24 -22 
-10 13 13 -1 -1 5 32 59 
27 7 14 -2 -2 -5 -4 -24 
-3 31 20 15 4 -2 -2 -18 
-14 -14 -46 -19 -7 -3 -17 4 
0 18 35 15 6 -1 -18 -32 
22 9 -10 -21 -3 6 25 53 
0 -29 -40 -6 -10 -2 6 1 
4 36 21 13 5 -5 8 -12 
-1 20 59 14 0 -2 -21 -38 
-6 40 -7 -27 -6 2 15 26 
-3 -11 -33 -13 -7 -4 -8 -13 
4 4 17 10 7 7 8 17 
6 2 -19 2 -1 -2 6 -1 
-16 -24 12 12 -1 -3 -8 -34 
-2 11 15 -5 -3 -2 4 4 
6 -19 -29 -8 -6 -5 -4 3 
6 4 21 -1 3 5 -9 -24 
-6 -20 -25 -5 -6 -9 2 31 
-1 -6 -3 0 -2 -2 -10 -5 
-12 2 1 1 -3 -2 10 8 
15 20 6 -6 0 -1 -13 11 
-21 -3 64 6 -3 -2 -1 -9 
5 11 -2 5 0 2 -1 7 
-9 -12 -21 -4 -3 -5 3 -13 
-1 -16 -30 -25 -5 1 8 1 
4 -3 3 3 3 0 -4 -9 
-14 -22 -13 6 5 -1 1 -3 
-2 6 20 5 -2 0 4 -1 
-6 -6 -25 -3 -2 -3 3 -2 
7 -5 -6 -4 -3 -3 -17 -9 
2 -9 -1 -10 -4 -1 1 5 
3 -4 15 6 2 0 0 6 
-15 16 12 -1 -5 -3 -6 -7 
1 -13 -7 2 1 1 -2 -17 
5 -3 -4 0 -2 1 -2 7 
19 -3 -8 -2 0 3 18 11 
-26 -17 -11 -4 -7 -9 -12 -13 
-3 -8 -8 -1 -3 -6 -5 -3 
-3 17 27 -3 0 4 -2 -9 
-2 5 6 -5 -3 -3 4 15 
9 2 -30 -7 -1 1 6 2 
3 1 6 8 3 1 5 3 
-2 -4 -9 -1 -1 -4 -11 -15 
-18 5 28 -3 -5 -2 -1 11 
12 7 -32 -9 -3 -2 1 -12 
-10 -27 -4 9 1 -2 -2 1 
16 22 16 -10 -1 -1 -7 -5 
-8 6 9 8 2 1 8 2 
3 4 -1 0 1 1 2 9 
-4 -8 -13 -6 -6 -4 -11 -9 
-11 -27 -4 4 0 2 2 -3 
-9 -22 -62 -9 0 0 -1 -12 
-4 -4 -17 -1 -2 -5 -24 -9 
24 -3 4 6 -1 -3 0 0 
-22 -10 -8 -3 -3 -5 10 14 
6 14 -12 -3 -2 3 10 2 
1 7 22 5 1 -3 -15 -7 
-15 15 4 1 2 4 5 -10 
7 -6 -2 -4 -4 -4 -3 12 
16 5 15 5 2 1 -4 -2 
9 3 -12 -3 -1 2 18 21 
-17 -11 -11 -4 -2 2 2 -4 
9 10 8 -2 -2 -3 -17 -20 
-16 9 21 3 2 -2 7 -14 
10 5 -11 -5 -4 -6 -4 -1 
5 4 -12 -6 0 0 -3 -18 
-12 -7 12 1 0 1 10 -9 
13 45 47 28 6 -2 -21 2 
-15 -11 -28 -22 -3 3 13 2 
5 -6 3 -8 -4 -1 -12 -24 
-2 -12 1 -2 1 1 -4 -6 
-5 3 -11 3 0 -2 8 15 
-6 21 11 9 3 -4 2 -8 
-3 18 2 6 -3 -3 0 25 
16 2 -29 -13 -3 -1 -8 0 
16 -40 -12 -10 -5 0 -6 10 
-24 -13 25 6 -1 1 1 -16 
22 16 35 18 5 -3 -2 7 
10 -1 46 21 9 2 4 2 
-9 6 -69 -42 -10 -4 -7 -4 
-24 -7 26 -12 -7 -2 4 7 
-16 -18 -12 -2 3 3 7 12 
1 -1 26 23 1 -7 -6 -3 
0 -9 -16 -18 -7 -4 -10 -6 
12 -16 8 5 0 2 6 9 
-48 -11 -6 3 -1 -2 5 -32 
-6 16 -6 -6 0 0 -2 -10 
-5 -21 -23 -7 -6 -7 -20 4 
11 12 0 -2 -4 2 9 -14 
17 -3 12 5 0 -5 -16 13 
-2 -16 -34 -4 -3 1 8 7 
-8 -8 26 5 2 1 1 -20 
6 -17 -36 0 2 -4 -10 4 
4 -12 -20 1 1 0 7 16 
5 21 -10 -11 -6 0 0 -1 
-2 -2 16 3 -1 0 -2 -3 
-3 -5 6 6 -1 -2 -1 2 
4 32 -20 -6 -2 -2 -2 0 
-21 -28 -34 -23 -8 -7 -6 -11 
5 -17 -17 3 1 1 4 2 
-19 8 2 6 2 1 -5 -17 
23 3 6 -15 -5 -1 1 5 
10 -3 5 8 -1 -2 -3 -1 
-1 18 51 16 1 1 1 -8 
-15 -30 -15 -18 -4 -1 -4 -6 
-8 -2 -24 -10 -3 -2 1 7 
-7 13 17 -2 1 -1 0 -3 
-2 8 36 10 2 -1 1 -5 
7 11 26 18 8 3 1 5 
-6 23 -8 -22 -8 0 -3 0 
4 5 39 1 -2 3 1 6 
-3 -6 -96 -13 -5 -5 0 -1 
14 14 36 11 -2 -3 -6 5 
-8 15 14 1 4 0 2 -5 
-6 2 -8 1 1 -1 2 -1 
-5 -12 14 -2 1 1 0 -3 
4 -4 -16 -7 -5 -6 -11 -1 
-7 -16 -9 10 3 7 13 5 
-5 -9 -4 -3 -1 -4 -4 2 
7 14 9 -3 -3 -2 7 -7 
3 -12 -10 7 3 -1 -6 4 
-22 -32 -14 -7 -3 -5 -6 -6 
2 -3 -34 -4 -5 -3 -2 -3 
-5 1 10 5 2 1 -8 7 
-1 2 -16 -5 -5 -4 4 -11 
8 -2 20 1 1 1 -3 -1 
-2 4 17 5 3 2 6 5 
-10 -20 -2 0 -2 -1 -15 -2 
-4 8 8 -5 -3 2 14 -9 
2 -46 -35 -1 1 -1 3 -6 
-5 -8 -15 -4 -3 0 6 5 
10 -5 3 -1 -1 -2 -22 -10 
-1 -4 6 2 -4 0 -24 16 
-6 -33 -3 -5 -2 -1 28 15 
1 -15 3 -5 -1 -1 4 -4 
-8 7 7 -1 -1 -3 -2 -14 
4 -10 -11 -2 0 -1 -1 -4 
19 14 33 10 2 1 -3 -3 
-17 -5 -41 3 -2 -7 -20 -12 
-2 -15 -37 -15 -2 4 7 -3 
11 -1 6 -5 -3 -3 -8 32 
-6 23 18 15 2 2 1 -14 
4 3 -9 -18 -2 -4 -7 -22 
-9 1 6 8 1 -1 2 -15 
16 1 -32 -2 1 1 -1 4 
2 2 -1 -9 -6 -1 -6 -5 
-10 -10 -19 4 0 -2 -13 1 
4 -5 -3 1 -3 -17 -11 -21 
-28 44 47 8 0 2 9 20 
5 -3 10 -5 0 -1 -18 -50 
-11 -23 -42 -20 -9 3 28 28 
35 -11 11 -6 -7 -4 -31 -19 
-21 -18 -36 -4 2 -8 -5 32 
7 5 2 -2 0 -1 0 -22 
-36 0 22 21 6 5 16 -22 
0 -24 18 3 4 20 42 33 
-13 6 23 11 -3 -13 -32 -34 
3 -13 -22 -4 0 -5 -27 7 
-10 -57 -44 -19 -10 -10 9 -16 
-4 32 34 1 -1 1 -7 2 
18 -16 -28 -25 -10 8 50 24 
11 14 7 16 5 -3 -26 46 
-3 42 21 9 9 4 0 -13 
-57 -20 31 10 -4 -13 -12 -3 
0 -30 -47 -12 -5 2 5 -11 
-3 -11 -17 -17 -6 3 7 12 
45 19 39 10 -1 -2 20 52 
-2 8 40 9 6 0 -9 -3 
-20 3 -87 -12 -3 -4 -22 -27 
3 -43 29 8 0 1 12 2 
-2 -2 6 -5 -7 -2 -22 -15 
8 23 -7 -18 -2 3 20 11 
23 7 29 11 3 -2 -2 -15 
-25 11 -25 -7 -3 1 9 4 
10 -5 21 2 0 1 -18 1 
9 -45 -44 -1 2 -2 18 31 
13 15 16 8 3 4 -2 -14 
3 12 -3 -4 -5 1 3 18 
-17 3 50 9 0 -10 -24 -31 
6 -14 -13 -7 -1 -1 -5 7 
2 4 9 -9 -6 -7 -10 -17 
-4 3 12 2 2 0 10 6 
16 15 13 3 1 2 8 13 
-4 14 -5 1 0 2 -2 -15 
-4 -2 22 5 0 1 2 0 
12 27 -28 -14 -5 -6 -6 7 
-2 -9 -13 -15 -9 -7 -9 -21 
-16 -8 -54 -21 -14 -7 -5 -6 
0 20 -11 -7 1 4 5 4 
11 15 39 17 3 -1 1 -11 
39 2 -11 12 8 4 2 26 
-37 11 -15 -8 -5 -3 -2 -28 
-6 0 44 8 4 0 5 7 
-29 -19 -25 3 -2 1 -5 -34 
16 4 -19 -20 -4 -2 -3 15 
27 25 32 6 0 -1 -4 10 
-7 -23 -7 7 0 3 11 8 
-29 -3 24 -5 -1 -6 -18 -1 
-14 -9 -11 -3 -1 5 9 -13 
-14 -15 -4 3 2 -1 12 -3 
10 4 16 0 -1 -2 -10 9 
1 -15 -24 -11 -6 -4 1 -54 
-19 -11 -1 5 3 3 -4 -10 
8 3 8 9 7 3 -9 15 
-13 -1 -15 -9 -4 -2 5 -2 
23 15 2 0 1 0 2 17 
-19 -5 -22 -1 -3 -5 -5 0 
9 8 5 7 3 4 5 0 
7 -13 5 -8 -5 -5 -7 -2 
16 2 -21 -1 -1 -2 -15 7 
1 7 10 -2 -4 -3 -1 8 
7 -34 -27 -3 -2 -3 0 -9 
-7 -2 6 2 -1 -2 0 -10 
-8 -5 -6 -7 -4 -4 -2 7 
5 10 -1 -1 -2 -2 -2 4 
-8 3 0 -3 -3 -3 -3 -12 
6 -1 -5 -3 -2 -3 -7 -6 
-7 -4 8 1 1 3 7 3 
-16 2 7 1 0 -3 -1 1 
2 -6 11 7 3 2 1 6 
5 -14 -13 -8 -2 -3 -3 10 
-8 11 21 -5 -5 -3 7 14 
-1 29 -7 -3 -4 -2 -5 -7 
2 13 3 1 -1 0 -4 4 
1 8 15 5 2 3 5 8 
8 -10 -14 -5 -3 -1 -2 -7 
2 -10 1 3 1 2 1 16 
0 5 -1 -2 -2 -4 -9 -6 
3 -5 1 3 2 3 5 1 
-3 -2 1 -2 -2 -5 -4 2 
-7 -5 1 0 0 1 1 -11 
16 5 -4 -2 1 -2 -3 13 
-3 0 -2 -3 -4 -4 -1 -8 
-14 -9 -5 0 0 1 1 -4 
12 7 -10 -1 0 0 -2 -5 
-10 1 6 0 -2 1 2 7 
-2 4 4 0 -1 -2 -3 -12 
4 5 2 0 0 -4 -1 1 
-4 -20 -22 -6 -3 -3 -4 1 
1 2 7 2 0 2 4 -1 
-4 -7 5 4 2 -2 -4 -6 
7 -4 -25 -8 -2 1 -1 8 
-1 -4 8 3 -1 -1 -1 -8 
2 10 -5 -2 -1 -2 0 -1 
-23 -6 6 3 1 -1 -1 -4 
-5 7 20 5 3 1 1 -2 
6 4 -1 -7 -4 -1 -3 -2 
0 0 -5 -3 -3 -2 1 8 
-4 -2 0 -3 -2 0 -4 -30 
-1 0 1 2 -2 -2 0 7 
2 -7 11 2 -1 -2 -4 -1 
12 -3 -8 -1 -2 -1 2 11 
-6 9 -6 -7 -3 1 -1 -9 
9 -3 -4 -1 -4 0 2 17 
-9 -3 2 -1 -1 -3 -3 -32 
-10 -5 1 3 3 1 3 3 
5 -1 -13 1 1 0 -1 19 
-3 5 4 -3 -5 -3 0 4 
1 12 20 5 3 4 2 -3 
-9 -2 2 -2 0 0 0 -9 
0 -1 -7 -3 -2 -5 -2 0 
-3 4 3 2 4 1 1 2 
3 -11 -14 -5 -5 -2 -2 2 
-5 -2 9 -3 -1 -2 -3 -9 
6 -11 5 -1 -1 2 0 -1 
-7 -5 0 -3 -4 -3 0 -3 
0 -2 -12 -2 0 -3 -1 1 
1 4 -2 -2 -4 -2 -3 -9 
-4 8 11 1 -1 -1 0 4 
7 6 3 -3 -1 -2 -1 -7 
-5 -8 -9 -3 -3 -2 -1 -1 
-1 -3 2 -1 -1 0 0 8 
15 2 2 1 -2 -2 -2 -7 
-3 -5 -4 0 0 0 -2 -4 
-2 -3 3 2 -2 0 1 3 
0 0 -20 -4 -1 -2 -1 2 
5 7 -1 -5 -6 -2 0 10 
-26 -9 -10 -2 0 -1 -5 -40 
-6 2 -3 -5 -2 -3 -2 1 
5 2 2 0 -2 -1 -1 -1 
2 10 -4 -1 -1 -2 -3 -8 
-20 -18 0 0 3 5 5 6 
18 -16 -8 -5 -2 -5 -4 14 
-22 22 25 0 0 -2 1 -14 
-3 3 2 -3 -3 -1 -3 5 
14 -4 -9 -1 -3 -1 -2 9 
19 1 2 -1 0 2 2 1 
-19 -26 -21 -5 -4 -3 -5 -8 
2 -4 7 0 0 -1 -1 0 
-3 1 -2 -1 -2 -2 -1 3 
-4 -1 8 3 3 1 2 -1 
14 1 2 0 0 -3 0 -2 
-16 -5 -6 0 1 -1 -3 -6 
-1 -2 -1 -3 -2 -4 -6 -9 
-8 3 5 0 -2 -1 -3 -1 
3 -1 -6 -5 -2 0 -1 -4 
-7 -3 -10 -1 -1 0 -1 6 
4 25 24 8 5 3 3 1 
-2 -15 -10 -5 -2 -2 -2 6 
2 -3 1 -1 2 -1 -3 -3 
-1 -7 -3 0 0 1 2 3 
7 0 6 -1 -1 -1 -1 1 
1 -1 -11 -2 -2 -3 -3 -2 
-5 -13 -2 -2 -3 -2 1 -1 
7 -6 -4 -5 -2 -1 -1 -3 
4 2 -16 -5 -5 -4 -6 0 
-6 30 10 1 -1 -3 -3 -4 
-14 -20 6 -3 2 2 2 -2 
-12 -3 -1 -1 -2 -2 -2 -12 
8 2 -1 -2 -4 0 -1 -5 
-15 -13 1 -2 -3 -1 -2 -1 
11 8 3 1 0 -1 -3 2 
-1 -2 -3 -2 -3 -1 -1 7 
-4 -19 -8 -5 -4 -2 -3 -7 
3 -12 -16 0 -3 -4 -2 -2 
8 6 -7 3 3 4 1 4 
5 -20 -2 -4 -1 -2 -1 20 
-3 8 -1 1 -1 -3 -3 -31 
0 -2 -1 -3 -3 -1 1 -2 
-5 0 -7 -2 -4 -2 -1 -3 
19 9 7 -2 -1 -1 1 21 
-26 10 -4 0 1 -1 0 2 
1 -24 -17 -2 0 -1 -4 -18 
2 18 -7 -5 -4 -4 -3 1 
-4 -5 -3 1 0 0 -2 -8 
4 -5 3 0 1 0 1 6 
-7 1 -4 0 -1 0 0 -2 
3 -3 13 1 0 0 -1 6 
-1 6 2 1 -3 -4 1 -9 
-8 -1 3 -2 -2 -3 -3 -8 
5 -2 4 -1 1 0 1 6 
5 -6 -4 -4 -5 -3 -2 3 
-3 -2 10 3 0 1 1 -10 
-3 -9 -4 -3 -1 -2 -1 8 
-3 11 1 -4 -3 -3 -3 1 
-5 -6 -2 3 4 3 2 -5 
-3 -2 4 1 1 -1 -1 -7 
14 -2 -5 -2 -2 0 -1 12 
2 1 -3 2 1 -1 2 -4 
6 9 -3 -3 -4 -3 -2 0 
-14 2 7 -2 0 0 1 1 
18 -2 -1 -3 -3 -3 -2 -6 
-6 -6 7 -1 0 1 1 1 
0 -2 -2 -1 0 -1 0 0 
-11 0 -9 3 0 -2 -2 -14 
-4 15 12 -2 1 3 3 -2 
-6 -4 11 1 0 1 -1 2 
-8 -15 -20 -5 -4 -3 -2 0 
5 -1 -19 -6 -4 -4 -6 -2 
-1 -13 -6 2 0 -2 1 5 
-6 2 -2 -3 -1 -2 -4 -6 
-3 2 12 3 2 -1 -1 10 
6 17 14 -3 -2 0 -3 -2 
-6 -10 -10 -7 -3 -3 -2 -2 
0 -2 -5 0 -1 -1 -1 4 
6 8 1 -1 -3 -3 -4 -3 
-1 -8 0 -1 2 1 2 -6 
-4 -4 -5 4 2 1 1 5 
-4 12 2 -1 -3 -2 -2 -18 
-6 11 6 -2 -3 -2 0 6 
7 -13 -18 -4 -2 -2 -5 -20 
0 -7 -6 0 -1 0 1 13 
-1 1 -7 -2 -2 0 -3 2 
-1 0 -4 -2 -2 0 -1 -2 
-3 -7 2 -2 -3 0 1 7 
6 3 -11 -3 -3 -3 -3 2 
-3 3 10 2 1 1 3 4 
5 -9 -11 -2 -1 0 0 -4 
0 0 0 -2 -3 -4 -3 2 
-4 20 27 0 0 2 1 -1 
-1 -1 3 -1 0 0 1 2 
-1 -7 0 1 2 1 -2 -1 
3 -3 -10 2 1 -2 -1 -1 
-9 -14 3 1 1 3 1 -1 
2 -8 -7 -3 -1 -1 -2 5 
3 -3 6 0 0 -2 -1 0 
-9 -1 0 0 -2 -1 0 -10 
11 -5 -8 -5 -3 -6 -5 23 
2 10 10 1 2 1 -1 -16 
-3 -3 -4 -3 -2 0 -2 -1 
-4 0 2 -2 1 0 1 1 
-2 -3 -6 0 0 -1 -1 8 
1 2 -3 -4 -3 -3 -4 2 
-6 16 1 5 3 0 -1 -11 
-5 0 4 1 0 1 0 11 
-7 -10 -8 -5 -4 -2 -3 -20 
0 -9 -4 -1 -2 -1 0 3 
-1 -6 1 1 -1 -1 -2 -12 
5 7 0 -2 -2 -5 -3 7 
-1 -9 1 3 5 4 5 2 
2 -10 0 6 3 0 -2 -5 
-2 8 10 -6 -4 -2 -1 18 
-2 -1 -8 -6 -3 1 0 6 
-11 -2 -3 2 0 -2 -5 -37 
-1 6 -3 -2 -1 -1 -1 3 
-2 -20 6 1 1 0 1 -8 
-5 -5 -4 0 0 -3 -1 -3 
8 3 7 0 -2 -2 -1 4 
0 -3 -3 -2 -1 0 2 5 
-4 -5 -8 0 0 0 -2 -11 
2 22 -1 -1 -2 2 3 13 
-4 -2 0 0 2 0 -1 -14 
9 -1 -9 -5 -3 -5 -4 1 
2 1 5 -1 -2 -3 -3 -3 
0 -4 -5 -2 -2 -2 -1 5 
-3 -6 -8 -3 -4 -4 -3 -13 
-23 -3 1 1 0 -1 -2 -2 
10 7 -6 -5 -3 -3 -2 -2 
21 -2 -2 1 -1 0 2 37 
-14 9 -6 -2 -2 -4 -6 -46 
2 -5 4 -1 -2 1 1 -2 
-7 -11 -13 -2 -3 -1 -1 -5 
4 -3 1 1 0 1 -2 -9 
10 2 -2 -4 -3 -2 0 22 
-2 -8 -14 -6 -5 -4 -3 1 
-7 8 -4 -4 -1 0 -1 0 
-1 -12 -4 -6 -4 -1 -4 -16 
-3 0 4 1 -2 1 1 14 
-2 1 -5 -2 -1 -1 -2 -9 
-8 1 3 0 -1 -2 -2 -2 
-1 2 4 0 0 -2 -3 -14 
-8 -15 3 -5 -2 -1 0 22 
3 -4 2 -3 0 -1 -2 -13 
5 -8 -3 1 2 1 1 2 
-7 -6 9 1 -1 1 -1 -15 
7 9 8 -2 -3 -2 -1 13 
-2 -3 14 6 3 0 2 7 
6 -6 -1 -5 -3 -2 -3 6 
-12 -15 -12 -4 -2 -2 -4 -18 
8 -3 -11 -3 -3 -2 -2 17 
-7 -3 -6 0 2 -2 -3 -18 
-2 4 9 5 -1 1 1 -5 
-8 12 12 -4 -1 -3 -2 3 
0 -10 -15 -3 1 0 0 5 
4 8 1 -5 -5 -3 -2 12 
2 -4 -9 -1 -2 -1 0 -4 
6 9 6 -3 -1 -1 -2 -6 
2 15 -8 2 4 -1 2 7 
-15 -7 -8 -3 -2 -2 0 -13 
6 -13 -6 -3 -2 -1 -3 -7 
-4 3 -12 -1 -2 -1 -1 -2 
2 0 7 1 -2 0 -1 -8 
2 -14 -9 0 -2 0 -1 5 
-2 -1 -1 -1 -3 -3 -3 5 
-10 -11 -14 0 -2 -1 -1 -7 
1 -9 -6 -3 -2 -2 -1 -3 
1 3 5 1 -1 0 -1 5 
-7 -3 9 -3 -2 -1 0 -5 
9 -2 8 0 -1 -2 -3 23 
-14 1 -4 -3 -4 -5 -5 -21 
4 2 7 1 2 0 0 2 
2 3 -2 0 -2 0 -1 0 
-1 2 4 2 -1 -1 2 1 
-3 -3 4 -2 -2 0 2 4 
1 3 -2 -3 -1 -1 1 -7 
-11 -14 4 2 3 -1 -1 5 
-9 -4 1 -1 0 -1 -4 -10 
10 -9 -5 -4 -4 -3 -5 -1 
-2 14 14 2 -1 -1 2 10 
-1 -9 -13 -5 -3 -3 -3 -6 
0 -2 -9 -2 -2 -1 1 5 
-12 -6 6 2 -1 -1 -2 -21 
-2 1 6 1 1 3 -1 -1 
-4 -14 16 -1 -1 -1 1 1 
-6 1 13 3 2 2 -2 -2 
0 -19 -9 2 2 2 2 5 
3 -2 -1 -2 -2 -2 0 3 
0 3 -11 -3 -5 -4 -3 2 
