#EMG
#8
#ID:8-84
12 -11 -8 -3 -6 -5 -6 1 
14 5 -7 -4 -2 -1 1 3 
-25 -5 6 -3 -3 -3 -3 -10 
21 8 6 4 2 1 2 13 
1 -5 -4 -1 0 -2 0 -5 
-20 0 -12 -1 -1 -2 -2 6 
12 7 2 -2 -2 -3 -1 -9 
15 -4 -2 -3 -3 -1 -4 11 
-9 6 11 1 0 2 1 -6 
-7 -10 -18 -5 -1 -1 -2 -2 
-8 10 4 4 3 3 2 4 
-1 -16 -3 -3 -3 -2 -3 16 
4 0 1 0 -1 -1 -2 -33 
5 -5 -11 -4 -3 -3 -4 10 
11 7 0 4 5 6 7 10 
-6 19 23 -2 -2 -1 -3 -19 
4 3 -1 -1 -2 0 -3 5 
25 2 -2 -2 -1 -1 0 -1 
-68 -13 -9 0 -2 -1 -5 -12 
1 7 5 -1 -2 -1 1 -11 
7 0 -5 -1 1 0 1 19 
-8 3 4 0 0 -1 -3 -19 
19 -12 -12 -7 -6 -5 -3 1 
-4 -3 0 1 -2 0 1 -3 
-8 -7 -4 -4 -4 -4 -2 0 
0 -3 -6 -5 -4 0 -1 4 
7 8 2 -2 -1 1 2 19 
-3 -4 -13 -1 1 -2 -4 -17 
-3 -2 -13 -1 -2 -2 -1 -38 
2 -12 8 2 1 2 -1 -3 
-1 2 -4 -3 -2 -5 -3 0 
-4 -4 -8 -1 0 -1 -1 6 
1 -11 3 1 0 -1 -3 8 
10 15 1 4 7 4 5 5 
-30 -17 -4 0 -2 -4 -4 -13 
6 0 -4 -1 -2 -1 -1 -2 
8 4 11 0 1 2 1 8 
-15 -10 -19 -5 -6 -8 -7 -7 
-28 3 17 1 -1 -1 -1 -1 
-7 7 5 1 2 0 2 0 
-5 -8 0 -1 2 0 0 14 
-2 -13 -2 0 0 1 3 28 
9 9 1 -1 -2 0 -3 -56 
-12 -3 -22 -4 -3 -1 0 3 
-5 2 -7 -5 -2 -3 -4 -4 
-5 1 9 3 -1 -2 0 -1 
15 -7 -3 -1 -2 -2 -2 17 
13 -2 6 -2 -1 1 0 5 
25 3 -7 -2 -2 0 -2 1 
-30 0 -2 -4 -3 -3 -4 -18 
7 15 14 -1 -1 2 2 9 
-23 7 2 -2 -2 -3 -3 -17 
4 -5 -5 -2 2 2 4 14 
4 -7 -7 -4 -6 -2 -6 -12 
-5 6 -3 0 -2 -3 -1 -5 
-13 10 1 -2 0 -1 0 10 
-8 2 10 1 -2 -3 -1 -21 
-3 -12 5 0 -1 1 1 -7 
10 11 0 -2 -3 -1 1 22 
-9 -5 -2 2 0 1 0 -18 
19 2 4 -1 -4 -5 0 28 
-12 3 -1 -3 -2 -1 -3 -33 
42 5 -19 -1 2 1 3 28 
-70 -7 -6 -4 -6 -4 -8 -26 
-45 -11 2 -3 -4 -3 -3 -7 
21 0 19 -1 -2 0 2 13 
-12 -15 -10 2 2 0 -2 -7 
35 6 8 0 2 1 2 11 
2 -15 17 4 -3 -2 -1 2 
-23 -11 -10 0 0 -1 -1 11 
24 3 12 -3 -3 -1 -4 -21 
14 -11 -12 -3 0 0 -3 -6 
11 42 8 0 0 1 2 31 
13 3 -3 0 -3 -4 -2 -7 
-12 -9 20 0 -5 -3 -4 -14 
19 -17 -24 -6 -4 -3 -1 4 
17 7 11 2 2 2 3 14 
-29 -10 -41 -6 -3 0 -4 -1 
-14 -14 -4 -3 -2 -2 -1 -2 
6 1 4 0 0 1 1 11 
-6 -12 -21 -1 1 -1 -1 -12 
21 9 31 6 -1 -4 -2 6 
-60 4 -26 -7 -4 -4 -7 -9 
16 -4 6 2 1 2 1 12 
-21 4 -20 -4 -3 -1 -2 -7 
21 17 7 0 1 1 1 20 
-5 15 -24 -5 -3 0 -1 -15 
13 6 -6 2 0 -1 1 -5 
-18 -6 -4 0 0 -2 2 -14 
8 -4 23 0 1 -1 -7 7 
6 10 12 -2 0 -1 0 11 
1 -25 -12 5 4 4 4 7 
16 -31 -3 4 2 1 -1 -3 
-26 0 -12 -5 -3 -1 -3 -14 
-5 -19 11 3 -4 -3 -1 0 
-13 12 8 -1 -3 -4 -5 -2 
20 -22 -14 -7 -5 0 1 15 
76 -4 18 -1 -2 -2 5 7 
-40 -12 13 1 3 0 -1 -6 
-19 -8 -37 -6 -4 -1 7 -1 
-1 4 13 0 -1 -3 -10 -14 
3 -14 -29 -4 -3 -1 -3 -13 
26 -1 -1 0 -1 0 3 15 
27 0 14 -1 -3 3 2 23 
-27 8 11 -5 -6 -4 -3 -15 
-39 -22 -14 -1 1 -1 2 -15 
6 -5 -4 -2 0 -2 -1 6 
4 -1 -16 -1 -4 -9 -24 -16 
76 -1 -13 -5 0 0 0 23 
-63 10 2 1 2 3 15 13 
6 -2 -2 -3 -4 -3 -9 -11 
-8 9 9 -1 -2 0 3 -18 
-10 1 -2 1 0 0 -3 -5 
12 9 10 2 4 0 2 17 
-3 0 -10 -3 -2 1 5 -7 
-15 -1 25 1 -2 -1 1 -4 
-30 10 -6 -2 -3 -5 -9 -2 
5 25 9 2 -1 0 4 16 
8 -13 2 7 0 -1 -7 -9 
48 9 5 -9 -5 1 14 41 
-43 -4 -8 1 0 1 -1 -6 
4 -14 -13 -4 -2 -3 -22 -29 
12 -3 -3 -3 0 0 13 26 
1 0 -10 3 -1 -3 -3 -7 
1 2 9 2 4 0 1 -7 
7 -23 -8 -5 -2 -3 -1 -5 
-2 -3 -9 -3 -3 -4 -11 -11 
5 -12 10 -1 3 1 3 26 
-80 -4 -13 0 -4 -4 -7 -32 
-3 7 4 -3 -3 0 16 9 
6 6 10 3 2 -1 -16 -18 
-4 -12 -4 1 -1 -5 -4 3 
11 -11 16 2 4 6 9 -16 
-5 6 -5 -1 -5 -9 -46 -67 
9 63 -2 -2 -1 4 28 37 
-15 -5 -23 -8 -6 -7 -7 -8 
10 -2 47 -3 -5 -8 -3 8 
2 34 -4 5 5 4 -1 -2 
10 -29 -41 -10 -4 -4 -7 -14 
0 34 4 6 2 2 0 -17 
23 -18 4 -6 -2 0 4 4 
-10 -13 9 6 1 6 10 18 
-26 -36 -9 -5 -3 -6 -9 -18 
7 -11 -16 -1 -1 -1 -1 14 
10 -14 -10 3 2 0 -4 7 
2 24 11 -3 1 2 11 -4 
-2 11 8 1 0 -1 -2 -1 
-16 -26 -11 -12 -6 -5 -10 -17 
4 -5 -14 -2 -3 -1 3 -9 
-19 -14 -7 -5 -6 -8 -8 6 
35 -2 11 4 3 6 9 8 
-25 14 41 4 2 -1 -5 24 
1 -9 -4 -1 -1 -1 -4 -49 
6 -23 -26 -10 -13 -4 0 9 
-9 18 -5 1 -10 2 -2 -8 
-12 0 12 6 -17 -3 2 -2 
16 9 -16 1 -3 -1 -1 27 
-25 -45 -22 -2 6 -1 -1 -25 
-36 -8 11 -5 7 -4 -8 -6 
30 -3 1 -2 11 1 0 -17 
-2 24 11 3 8 1 0 14 
-4 9 -17 -5 -1 -3 2 -5 
1 -1 19 1 5 2 2 -3 
-12 -3 -20 -1 1 0 -2 -11 
12 8 45 6 1 -2 1 1 
9 16 -9 -8 -4 1 3 18 
2 -10 -12 -3 -1 3 0 -3 
7 19 -9 0 1 -4 -8 -20 
-11 -39 16 1 1 0 -3 -4 
-2 -17 -21 -8 -5 -3 1 11 
6 -6 0 -1 -1 -3 2 -3 
63 13 10 -2 -3 -1 2 35 
-42 27 -21 -9 -7 -2 -2 -42 
7 -5 6 0 -2 -3 -4 23 
-15 -17 15 8 -1 -3 -5 -31 
-4 -12 3 2 3 6 7 14 
51 -23 -29 -6 -5 -6 -1 10 
-36 -18 7 7 3 6 6 9 
17 14 15 -2 0 -3 -3 8 
-16 -16 -34 -5 -3 -2 -1 -14 
2 -4 -23 -2 -2 -2 -4 12 
21 11 16 3 -5 -4 1 -24 
-5 -4 21 -1 -2 -1 1 17 
-20 -5 -3 -5 3 3 -1 -18 
-9 18 -20 -3 -3 -3 -10 -21 
1 -44 14 -3 -3 1 16 31 
-9 -14 -5 8 2 2 -3 -7 
-11 3 -6 -18 -5 -3 -3 -18 
5 11 -1 -3 -1 -3 0 20 
64 20 18 5 1 -2 3 37 
-46 -15 4 2 -3 -4 -23 -95 
-17 16 28 8 3 3 -10 16 
11 2 -8 5 4 8 26 0 
-62 0 -8 -2 -1 -10 -52 -11 
13 -7 -17 -2 -2 -3 12 36 
1 10 1 5 1 -2 -5 -4 
-12 16 11 -4 0 1 -5 -6 
25 -8 -8 -1 -5 0 7 -16 
-10 3 -27 -12 -4 -3 -23 -5 
-31 -39 -14 4 -7 -6 1 -9 
18 7 6 -6 0 1 6 29 
-55 6 1 0 -1 -1 20 -8 
7 26 13 9 0 -2 10 14 
22 18 17 1 9 6 13 -24 
2 -50 -8 22 2 -8 -25 -7 
2 21 -46 -38 -8 -1 -6 -7 
27 -4 -7 -3 -2 -3 -10 16 
-13 -8 -19 -10 -6 -2 33 8 
-6 21 -7 5 -1 -5 -4 -36 
25 30 51 31 9 -1 -4 12 
2 -33 -51 -31 -9 -2 0 25 
-9 -39 20 -6 0 3 -1 -17 
-32 7 -38 -10 -1 -1 -12 -2 
44 1 -1 4 -1 0 31 50 
15 37 62 13 0 -2 -1 -66 
13 5 -81 5 -1 -4 -21 7 
-55 -49 21 -24 -8 0 21 -1 
17 15 -4 7 4 -1 -21 -23 
13 51 6 0 2 4 21 28 
4 -22 18 -4 -11 -9 -21 -19 
38 92 36 27 11 7 21 15 
-26 -19 -80 -36 -13 -7 1 -28 
-14 -18 -5 2 -2 -3 -12 -1 
-17 2 29 2 1 2 9 -5 
6 22 30 9 -2 -2 -8 30 
-9 -10 -14 1 0 -4 -4 -3 
-20 -6 -10 2 6 2 -3 19 
5 37 36 8 -3 -4 0 1 
-2 -2 3 -16 -2 -7 -21 4 
-2 -9 27 -3 0 4 -2 -27 
10 -28 -16 -11 -9 -6 -2 5 
-12 19 56 9 2 0 1 -3 
10 -28 -73 -3 -7 -7 -14 -12 
-4 34 53 10 5 3 -1 -9 
-5 -24 1 -8 -3 -4 0 6 
-20 -17 -34 -7 -3 2 0 -4 
22 -10 21 -3 0 3 6 7 
-6 -7 -21 -1 2 -2 -10 -4 
-15 -9 16 12 8 11 19 1 
17 9 -12 -3 -1 -6 -3 -11 
-12 -15 -46 -18 -8 -5 -15 -10 
24 -16 -16 -1 -1 2 -1 17 
9 52 28 5 2 0 -4 -1 
-12 -22 -5 8 -3 -1 3 15 
-2 -23 -1 -8 -4 -1 -2 1 
-17 -12 5 -7 4 1 3 -26 
1 49 2 1 -2 -1 -6 7 
-8 -22 -5 -22 -9 -4 -17 0 
9 22 16 11 0 4 16 1 
1 -24 25 24 6 -2 -2 33 
5 -19 -29 -16 -7 -6 -2 -8 
-3 -6 -24 -5 5 3 0 0 
-13 17 17 14 -1 0 6 -13 
-1 -7 -49 -30 -12 -2 4 26 
6 -1 18 6 -3 -5 -16 -21 
1 18 28 21 12 9 15 -2 
10 -38 41 43 6 -6 -6 18 
-34 -16 -67 -50 -9 -4 -6 -63 
14 -36 -56 -38 -18 -8 -7 37 
-14 -1 28 18 -4 0 -1 -34 
19 -1 10 0 2 -2 -3 1 
-1 42 117 32 13 4 1 -6 
-14 -37 -96 -59 -21 -17 -12 -18 
19 24 16 12 3 -1 -1 5 
-13 -15 -30 -31 -8 0 -5 -2 
54 4 36 45 2 -7 -30 1 
-62 26 20 5 12 12 37 -21 
-8 -14 20 2 -4 -8 -12 8 
-33 -9 -41 -12 -3 -2 -23 -14 
41 -10 -44 -17 -3 -1 -3 -63 
32 -11 1 -1 1 -2 3 45 
-25 -22 -32 -10 -8 -6 -7 -53 
27 28 36 4 8 4 10 25 
-40 -22 -16 -24 -19 -7 -7 2 
19 2 36 54 14 7 1 10 
21 12 -19 -29 -2 1 13 24 
-57 -27 0 -8 -8 -6 -10 -2 
1 56 53 35 16 10 11 -1 
9 -22 -48 -21 -11 -7 -15 -17 
-1 -7 -39 -24 -12 -2 -1 52 
30 -3 -6 -1 -3 1 0 -4 
1 -20 -3 4 0 -10 -19 12 
-8 7 51 25 5 3 -10 -45 
17 23 8 -4 -2 -7 -1 59 
14 3 -14 -8 -1 3 11 -9 
-38 -12 5 -2 -3 2 18 9 
28 0 -11 -4 -3 0 -6 -2 
12 0 -4 5 4 3 -8 5 
-23 -1 1 -3 -1 0 33 -14 
39 13 26 13 0 0 -25 15 
-17 -23 -35 -23 -8 -3 20 37 
-13 11 -12 8 5 5 3 18 
-27 -12 -14 -20 -9 -4 13 -81 
-19 -12 -3 4 -1 -9 -32 17 
31 21 23 22 10 7 9 -9 
-50 -10 27 3 4 0 -13 -27 
44 23 -10 7 3 0 -8 27 
-31 -21 -43 -36 -15 -5 5 -22 
3 8 29 5 -2 -2 -8 -8 
7 -40 -25 -19 -7 -8 -3 -16 
19 14 36 26 9 5 -5 26 
11 25 14 6 -1 0 11 -3 
-21 -31 -35 -27 -9 -3 -3 5 
16 -1 51 52 7 -1 2 -11 
-27 -26 -10 -46 -12 -5 -7 6 
12 25 48 27 5 0 4 11 
-22 2 40 -21 -1 1 3 18 
14 -10 -58 -17 -9 -4 -5 -12 
0 2 30 33 8 0 -7 3 
17 8 36 35 10 4 11 7 
-15 -7 -21 -23 -1 -2 -1 -12 
-2 -10 -15 -8 -3 -1 -2 -15 
-17 3 -7 -3 -8 -1 -3 9 
17 -13 -25 -21 -7 -2 10 19 
-10 18 28 27 5 2 -3 -48 
5 5 7 -5 5 0 -1 4 
-25 -6 -30 -10 -5 -5 -7 -10 
13 -7 -16 1 3 3 11 47 
-68 7 9 21 7 1 -2 0 
12 3 2 -9 -6 -3 -5 10 
5 -8 -5 -1 -4 -3 -9 -31 
-58 -5 -14 -14 -6 0 3 -11 
28 -4 -7 3 -3 -4 -5 13 
17 17 -8 -1 1 1 6 45 
-9 6 -7 -4 2 -2 -6 -43 
3 -18 -21 -15 -6 -3 1 -20 
11 -2 -4 6 -4 -2 -3 4 
-16 9 3 0 2 0 -1 -16 
91 1 10 1 3 2 2 29 
-39 -12 -27 -11 -3 -2 -2 -16 
14 -9 -2 10 -1 -1 2 -5 
-21 -2 4 -5 -2 -3 -4 -3 
6 8 0 -3 -2 -3 -5 -20 
9 -6 -3 -5 -1 0 1 0 
-1 -3 -7 5 2 -2 -1 10 
0 -2 -1 -4 -2 0 0 -13 
-9 -9 -13 -2 0 0 -2 8 
-8 -4 -12 -3 0 -2 0 11 
-1 -6 -15 -6 -6 -5 -5 -28 
3 -3 15 -3 0 0 0 -14 
-19 -22 -2 -2 -5 -2 -2 17 
4 -2 -1 -1 -2 -2 -3 -13 
5 6 5 4 2 1 2 13 
3 -8 2 -3 -3 -2 -2 0 
-5 -2 3 0 -2 -3 -2 7 
4 -12 -33 -9 -4 -3 -4 -11 
3 0 3 14 -1 -2 -4 5 
-3 9 -4 -15 -4 -3 -2 -10 
-3 4 2 -1 -2 -2 0 11 
50 -1 -3 -4 0 -1 0 -1 
11 8 17 3 3 -1 1 51 
0 -4 -5 6 -1 -2 -5 -53 
-17 3 14 3 2 2 1 4 
5 19 -8 -5 -2 -3 -2 -8 
-6 -12 -2 -2 2 -1 1 -5 
-11 -6 -18 -5 -5 -2 -1 12 
32 5 -7 -9 -5 -4 -1 35 
-36 -1 6 3 -3 -4 -7 -44 
-1 9 6 -1 -1 0 0 14 
-15 -4 -1 -2 2 -1 0 -8 
-8 4 -8 1 1 0 0 -3 
2 4 1 1 1 3 2 11 
8 4 -2 -6 -2 1 -2 -9 
1 -2 3 -4 -6 -2 -2 7 
-12 0 -5 -1 0 -2 -2 -2 
6 8 9 0 4 1 1 9 
-9 -3 -5 4 -4 -5 -3 -15 
3 -5 -13 -10 -4 -1 1 -4 
-5 6 10 -2 -1 1 0 0 
-10 3 -5 -3 -5 -2 -2 0 
-2 -9 -5 -2 -1 -1 -2 -5 
9 -6 5 1 -3 -2 -1 18 
-13 2 5 2 2 -1 -1 -26 
5 14 22 7 2 1 0 5 
0 11 -2 -3 0 -1 0 2 
7 13 -8 3 2 0 -2 1 
-3 -2 -6 -9 -6 -2 1 7 
8 -19 -4 3 -3 0 -3 11 
-1 -2 5 -1 0 -3 -1 -5 
-2 -2 -17 -1 -3 -3 -4 4 
0 10 0 1 1 0 -1 0 
-10 -3 -4 -5 0 -2 0 -4 
7 -6 -1 -2 0 -1 -2 4 
-4 -8 -5 -2 -1 1 0 -1 
17 -6 -10 -3 -3 -3 1 35 
59 2 6 -1 -2 -5 -5 -39 
-38 -17 -12 -7 -6 -4 -4 12 
-3 0 10 3 4 0 1 -13 
-22 -12 -6 -3 -4 -2 -1 -6 
-2 -8 -4 -4 -1 -1 5 31 
22 4 3 3 -1 1 0 -2 
6 10 13 2 0 -2 -2 -3 
3 -13 -17 -3 1 2 1 19 
-17 -7 -9 0 1 0 0 -26 
12 -5 -10 -5 0 -2 -2 -12 
-12 -2 11 0 0 -2 -1 5 
8 4 4 -6 -8 -4 -5 -9 
-12 -1 -12 2 3 0 1 19 
-1 -5 1 -2 0 1 0 -2 
16 8 -16 0 0 0 -3 0 
-2 15 18 0 2 0 1 21 
-24 3 1 -2 -3 -3 -6 -24 
-3 15 26 5 3 3 5 2 
-3 -23 -10 -2 -2 -3 -3 20 
-24 -8 -13 0 -1 -3 -3 -28 
-57 -3 7 3 -2 2 -3 -22 
0 0 -1 0 1 -1 0 1 
-18 4 9 0 1 1 2 -7 
22 -5 -5 3 -3 2 -1 2 
15 -3 -9 -4 -4 -5 -3 13 
1 6 -9 -4 -5 -5 -4 -9 
-5 -9 12 4 1 2 5 -3 
-6 -11 -14 -1 2 0 1 -9 
2 0 8 -3 -1 -1 -1 3 
-1 4 -8 -4 -2 -4 -7 4 
-2 -6 3 5 4 2 1 -3 
2 3 2 1 2 0 -1 -6 
-5 5 5 3 1 0 1 2 
6 -17 -11 -2 0 -5 -4 0 
-1 -15 23 -5 -5 -1 -1 -8 
31 -9 -7 1 2 2 0 -12 
-51 10 -9 -5 -3 -5 -5 -3 
18 0 13 1 1 5 6 10 
-34 -7 -20 -5 -5 -6 -10 -41 
-8 0 7 0 -4 -3 -2 19 
4 -6 4 -1 1 2 3 -21 
11 -8 -4 -1 -4 -2 -4 -5 
3 8 -3 0 3 3 4 6 
0 2 -8 -5 -3 -4 -4 -3 
17 0 -2 -3 -5 -2 -1 15 
-22 1 -16 -2 -1 -2 -1 -4 
20 3 8 6 2 1 1 10 
-19 4 -6 -6 -5 -4 -4 -13 
22 -8 0 -3 -3 -2 2 13 
-6 -2 -2 -3 -1 -1 -1 -16 
2 7 -5 -2 -3 -4 -2 4 
-9 -2 17 -3 -3 -3 -1 -4 
-10 -15 -10 -1 -3 0 -1 -2 
8 -1 6 -1 -1 -1 1 4 
-1 -4 -2 -2 -3 -5 -2 4 
-11 12 14 2 1 2 0 -7 
16 3 -2 -2 -1 -1 0 21 
-10 -14 -2 -1 -1 -1 -3 -22 
-5 -28 8 -4 -2 1 0 4 
1 -8 -7 -1 0 -1 -2 3 
3 -2 1 -4 -2 -4 -2 5 
37 8 9 2 2 3 6 22 
-82 8 -2 2 -1 -4 -8 -52 
2 3 6 4 0 -3 -1 0 
18 15 -18 -8 -5 -6 -5 12 
-22 -14 -6 -3 1 3 2 -19 
35 4 14 2 -1 -1 1 17 
-15 -9 -24 -6 -7 -5 -4 -9 
-3 11 25 9 3 1 0 13 
-11 -1 -20 -6 -8 -4 -5 -23 
19 2 -20 -2 -2 -1 -3 11 
-11 1 10 3 5 4 4 1 
9 -6 2 1 1 1 2 -1 
-14 6 5 -1 -1 -2 -4 1 
11 -14 -17 -4 1 0 0 2 
6 -4 1 -2 -2 -5 -3 -1 
11 -4 -5 -3 -2 -2 -4 -6 
-48 -10 1 4 1 3 3 -3 
1 12 -7 -2 0 -3 -2 4 
-6 -4 -18 -7 -4 -1 -1 -9 
9 -10 2 -2 -2 -1 -1 -9 
4 8 -8 0 -1 -5 -4 2 
13 10 18 -2 -3 0 1 7 
40 -5 0 -3 -2 0 1 19 
-20 -18 -13 3 5 2 3 16 
4 10 5 -2 -1 -3 -4 -34 
6 10 -1 -2 -2 -2 0 -2 
3 3 2 -2 0 -2 -5 16 
-11 -1 -11 -2 -1 -1 -2 -14 
6 -9 2 -5 -1 -2 1 22 
3 -3 2 0 -2 -1 -1 -1 
-3 9 -1 2 -1 -2 -1 -4 
-4 -13 3 -4 -3 -2 -1 -6 
-11 -1 -8 0 -1 1 1 0 
6 5 -10 -2 -1 0 -2 0 
-7 -5 -6 0 0 -3 -2 -1 
-6 -24 9 1 1 2 2 -6 
59 -3 -4 -2 -5 -4 0 10 
-31 -5 1 -1 -1 -2 0 26 
-21 -14 -18 -5 -2 -2 -3 -32 
-3 5 -1 -1 -1 -4 -4 -16 
4 8 14 1 0 1 2 12 
11 -9 -19 -6 -3 -3 -2 -6 
-7 -1 -1 0 4 1 1 2 
-12 3 23 4 -2 -1 0 2 
0 -6 6 -1 -1 -2 -4 -4 
2 8 -5 -2 1 -1 -1 3 
-4 6 4 -2 -3 0 0 -4 
20 12 -3 0 -3 0 3 17 
-32 -7 -7 -1 0 0 -5 -43 
1 -7 17 1 -2 -1 -2 -14 
1 0 1 -1 -1 -1 -2 0 
60 20 -24 -7 -2 -5 -5 1 
-1 -5 20 4 1 4 8 43 
-29 -6 -18 -3 -2 -2 -2 -45 
-8 -6 -1 -1 0 0 -2 -7 
2 13 18 7 1 0 0 3 
6 -15 -3 -3 -1 -1 -1 6 
8 -3 -5 -3 -1 -2 -1 3 
10 2 11 2 0 -1 1 8 
-19 -6 -9 -6 -3 -1 -2 -8 
-4 -6 -4 -2 -2 -2 -2 -1 
-4 -1 9 0 0 0 0 11 
-17 3 2 -1 -3 0 -1 -12 
-2 -8 -3 -2 -1 -2 -2 0 
-12 -1 -3 -1 -2 -4 -1 -6 
7 4 -3 -2 -2 -3 -4 -5 
-4 1 -8 -1 0 -1 1 2 
-20 -10 -3 -2 1 -1 -2 3 
56 18 4 1 1 -1 2 1 
-25 -7 4 -1 2 -2 -2 -18 
23 -1 -18 -4 -3 -3 -2 -10 
-49 -18 -8 -2 -1 -2 -2 -18 
10 16 -15 -7 -6 -5 -3 16 
26 2 4 1 -2 -1 0 18 
8 -1 2 -2 -4 -2 -3 3 
8 6 -7 -1 -2 0 0 -9 
-17 2 3 4 1 2 -2 1 
24 16 -4 -6 -4 -3 -2 5 
-19 -4 -3 -3 -2 -2 0 -3 
6 3 2 -3 -4 -3 -3 1 
-17 -7 7 -2 -1 -2 1 -1 
2 -2 5 7 4 1 2 5 
-13 -15 -4 -1 -2 -2 -1 -10 
-7 -6 -2 -5 -2 0 -1 16 
-18 -5 -4 -4 -2 -5 -7 -10 
-14 -5 -11 -5 -4 -3 -2 -3 
-9 9 1 1 3 0 2 -1 
-1 1 8 -1 -4 -1 0 -4 
-13 -1 1 -1 1 3 1 17 
4 -6 6 -1 -3 -1 -2 -4 
-9 3 11 -3 -4 -2 0 1 
15 5 3 -2 -4 -2 -5 -4 
-6 9 -14 -2 -1 0 1 -1 
3 -14 18 1 -2 0 0 2 
-6 -4 -29 -9 -4 -3 -5 -2 
-6 7 1 1 3 3 0 -7 
4 -3 -9 -1 -3 -3 -2 -2 
-44 -2 -4 -5 -2 1 1 0 
1 11 -2 3 2 -1 1 -5 
2 5 -2 4 1 1 1 -18 
-24 -2 -2 0 -3 -3 -1 -10 
14 2 0 0 -1 -3 1 3 
12 -1 5 0 -1 -1 -2 11 
-3 -3 6 1 1 1 2 10 
18 -9 2 -3 -1 0 -1 -15 
-8 5 -8 2 -1 -3 -3 -8 
-3 -16 -12 0 -1 0 0 12 
7 7 14 1 0 -2 -1 -10 
-12 -5 -7 -5 -2 -4 -5 -8 
8 0 -3 -1 -2 1 -1 12 
2 -1 -6 0 0 0 -1 -1 
-6 -5 4 1 -3 -4 -3 -3 
-4 2 -1 -1 -1 -3 0 2 
16 20 -4 -3 -5 -1 -1 -1 
5 -2 10 -2 -1 -3 -2 -3 
-4 -2 -11 -4 0 1 1 2 
25 -2 6 1 0 -1 -2 19 
-44 -11 -5 -1 -1 -2 -4 -12 
-3 -13 4 2 2 -2 0 9 
-12 -14 -12 -5 0 -1 -4 -14 
-8 4 -1 -2 -3 -2 -2 2 
15 -5 -6 -2 1 0 3 18 
-8 -11 -4 -2 -5 -2 -4 -55 
-8 17 4 4 2 -1 0 2 
6 5 -6 0 -3 0 -1 -8 
9 -6 -9 0 2 1 4 7 
-5 2 8 -1 -3 -2 -3 -4 
9 -17 -18 -7 -5 -3 -3 1 
-12 -8 -8 -7 -6 -4 -2 -7 
7 3 14 -5 -2 1 0 4 
-3 0 -14 -2 -1 -1 -2 -12 
-5 8 5 -1 -2 -2 -1 2 
3 -3 5 1 -3 -2 -2 2 
-3 -4 -5 1 0 0 0 2 
15 -4 6 -1 0 0 0 11 
10 15 -8 -1 0 -1 -3 6 
6 -14 -3 -2 1 3 5 14 
-6 -13 -9 -3 -2 -6 -8 -30 
5 3 -8 -4 -2 -1 -2 5 
-9 -11 -3 1 0 0 0 0 
-11 4 17 4 2 -1 -1 -1 
2 -2 -15 -4 -5 -1 -1 -10 
41 8 5 -2 -1 0 2 51 
-55 -18 6 -1 -2 -3 -6 -49 
3 6 -13 -4 -1 -1 0 2 
-1 -1 7 3 1 -1 -2 12 
3 10 15 0 -2 -1 -1 -10 
29 6 0 0 2 2 4 27 
-11 -2 5 1 -1 0 -3 -19 
3 -1 0 -1 0 -3 0 -5 
-11 -6 -7 -2 0 -1 -2 3 
7 -3 -1 0 -2 -3 0 8 
-13 3 12 1 2 3 0 -4 
20 5 -1 -3 -1 0 -3 -3 
