#EMG
#4
#ID:4-50
-15 -8 -12 -3 -4 -4 -3 -9 
-3 -1 -12 4 -3 -2 -2 -9 
-7 -2 6 -8 -2 -2 -1 10 
8 10 12 1 -1 0 -1 2 
0 -4 0 8 1 0 -2 0 
16 6 0 -6 -4 1 2 21 
14 9 25 2 -1 0 0 -17 
-21 -25 -35 -2 -1 -2 -5 -12 
-16 0 -26 -13 -2 -2 0 -6 
31 -1 -9 -2 -3 -4 -1 23 
-13 2 0 -3 -2 -5 -7 -23 
26 -2 8 2 -1 2 1 27 
1 2 -4 4 1 -2 -1 0 
-8 4 -13 -6 0 -1 -1 -25 
3 -15 -2 0 -1 -2 2 12 
-3 7 0 0 -2 -2 -1 -3 
7 1 6 5 2 -1 -2 7 
-9 -5 -3 -15 -1 -2 -2 -5 
-2 3 3 10 3 4 4 -2 
2 -9 -13 -1 0 -2 -2 6 
5 5 -30 -18 -9 -7 -5 -21 
-23 2 -12 -1 -6 -4 -3 -4 
-13 0 -2 -2 0 -2 -4 -20 
9 9 18 1 -1 -1 -1 6 
13 7 15 5 2 2 2 16 
-19 2 0 -3 -1 3 5 13 
22 6 -10 1 -2 -4 -9 -4 
11 -8 4 -1 -1 -2 -1 -9 
2 -4 -10 -5 -1 -1 1 11 
3 1 14 4 0 -2 -1 -8 
-7 0 -4 4 3 1 4 17 
0 13 25 14 1 1 2 -15 
-4 10 -16 -17 -3 -3 -4 -7 
-10 -12 4 -2 -2 0 -3 -3 
-1 3 2 4 1 1 1 2 
-17 -14 -29 -12 -7 -1 -1 -2 
-3 -13 2 1 -1 0 -1 2 
-1 0 9 6 0 -2 -3 -12 
-1 6 -2 -9 -4 0 0 8 
7 7 23 5 3 4 3 -7 
-7 -3 10 8 -1 -2 -2 2 
11 4 1 -4 -3 -3 -6 -11 
-6 -7 6 2 -1 -4 0 2 
0 -4 -4 -5 -4 -1 -1 4 
-2 0 17 7 0 1 -1 3 
7 -6 -24 -7 -1 0 2 16 
8 -2 -8 1 1 1 -2 1 
-20 1 -1 -1 0 -3 -2 -28 
0 -3 13 13 0 -4 0 0 
-2 6 12 -5 2 0 0 -3 
-4 -6 -17 -7 -4 0 1 -3 
10 6 6 1 1 1 0 19 
-14 -17 -5 -4 -4 0 -4 -20 
-26 1 -14 -4 -6 -6 -9 -22 
-20 10 12 -1 2 2 5 -5 
14 -21 5 4 1 -1 -2 5 
-3 8 13 -4 -2 -2 -1 6 
16 -9 -10 -1 0 3 3 15 
-3 -4 -5 -8 -7 -5 -10 -35 
-8 9 2 4 2 -1 1 14 
8 14 12 2 3 1 -2 -7 
11 1 -2 -3 -2 -3 -3 7 
-13 -12 0 6 -1 -1 1 -3 
16 2 9 -1 1 0 4 35 
8 1 -15 5 -2 -3 -5 -33 
-25 -1 -3 -12 -2 -1 -1 -5 
-2 -24 -25 -7 -4 -4 -4 -1 
35 7 -8 -3 -1 -2 -4 -4 
2 -4 5 -7 -4 -3 1 38 
-18 -8 -1 4 -1 -3 -7 -30 
-6 4 2 3 4 4 2 -4 
-6 -3 14 -2 -2 -4 -7 -6 
9 -8 -18 -5 1 2 3 19 
16 -10 -11 6 -2 -2 0 -1 
-9 -3 2 -2 3 3 1 -1 
-22 -6 1 -3 -2 -1 -3 -22 
-1 25 39 2 3 -1 3 18 
2 -12 -27 -8 -4 -5 -5 10 
10 12 0 1 -2 -1 2 -5 
-16 0 -1 -1 -2 -1 1 -8 
4 -5 -3 -4 -1 -3 -1 2 
-9 -14 2 0 1 2 -3 -35 
35 13 -7 -2 -4 -2 -2 21 
-11 -14 -16 3 -1 0 1 1 
0 -10 -20 -9 -3 -1 0 -1 
13 11 1 -1 -4 -2 2 24 
-17 -17 8 -1 -1 -3 0 -17 
-12 -4 -13 -3 2 -1 -11 -19 
22 -8 13 6 -3 -2 1 16 
-1 5 -1 -1 2 0 -2 -9 
-10 -27 -39 -14 -7 -3 -2 16 
-26 4 4 -1 -1 1 6 -4 
10 -7 -16 -4 0 0 -4 -1 
15 1 16 4 1 -3 -9 6 
1 -3 -7 1 2 0 3 -4 
4 -20 -2 -11 -3 -1 0 0 
12 -9 -20 -5 -3 -3 -4 -8 
12 34 25 2 -1 2 5 19 
-20 6 1 -1 -2 -2 2 0 
25 0 4 2 0 -1 -7 2 
-25 19 6 3 2 3 6 -18 
-1 -17 12 0 -1 -1 2 4 
5 4 -3 -3 -4 0 -5 -6 
5 15 3 0 -1 3 -8 40 
-31 -13 -37 -7 -5 -2 16 3 
-9 11 9 2 2 2 6 -5 
19 -1 -4 -2 0 -1 0 17 
3 2 -9 -4 -4 -5 -2 -17 
-24 -26 7 15 3 -4 -13 -11 
-3 29 -17 -12 -4 -3 -4 -7 
15 6 29 5 0 0 11 38 
2 7 -30 -17 -8 -5 -9 -21 
16 -6 9 -9 -6 -2 -3 8 
-5 -13 -11 6 3 -1 0 -34 
-11 0 20 10 6 1 -7 -6 
6 19 41 0 2 2 -2 4 
3 32 70 11 0 -2 12 10 
0 -23 -33 7 1 -3 -6 6 
-12 -12 -9 -22 -13 -5 1 -17 
0 -51 -71 -1 -1 -5 -12 -7 
15 47 56 28 15 5 -6 -2 
-13 -14 9 -33 -11 -3 -8 -7 
5 51 30 13 -2 2 5 -1 
-14 -8 1 4 1 0 7 -6 
20 -50 -76 -25 -12 -9 -13 -12 
-9 -48 -80 11 21 5 0 2 
7 -8 47 0 -19 -9 -14 -17 
-25 31 9 -5 -8 -5 -5 -2 
-23 -33 -31 -36 -18 -2 1 -9 
15 35 48 0 0 -1 1 32 
6 -14 1 17 11 4 -7 -9 
15 -44 -16 -7 1 -1 8 -16 
-15 7 18 21 5 2 4 -2 
26 -21 -19 -21 -14 -10 -3 18 
-9 -1 -9 3 2 -1 -5 0 
2 28 48 10 3 1 9 12 
-9 7 2 -3 7 3 -3 -4 
-5 -3 13 3 -6 0 3 -20 
13 -1 -29 0 4 0 -8 16 
2 1 -17 -6 0 -2 4 10 
33 10 35 13 0 1 -1 22 
-32 0 -7 -4 -7 -3 -3 -8 
-23 9 -2 -1 4 2 1 -44 
13 0 29 14 5 4 8 11 
-20 -21 -62 -24 -8 -7 -11 -5 
2 10 30 9 -4 -1 5 20 
18 3 -20 -3 -8 -7 -3 16 
41 16 7 -14 -3 1 4 10 
-49 -2 41 48 18 1 -4 -44 
-14 0 -42 -46 -12 -2 5 16 
-29 4 -4 -2 1 -1 -2 -70 
-9 -21 -34 -2 -9 -4 -6 18 
30 16 1 -8 -1 4 5 11 
11 -10 -4 10 -3 -5 -6 13 
-13 -1 5 -11 2 -1 -2 10 
-14 2 21 22 1 -5 -6 -27 
-9 13 -27 -21 -1 -1 -1 -28 
-10 -28 23 5 -2 4 5 -10 
22 -16 -14 2 -2 -3 -5 45 
-6 6 -26 -17 1 -3 -2 4 
33 -13 1 9 -2 -3 -3 17 
23 2 -2 16 6 0 -2 -19 
23 -2 2 -11 -4 -1 5 6 
-28 -17 -9 3 -6 -6 -6 31 
-4 10 38 26 5 1 -2 -20 
-25 -21 -103 -65 -16 -6 -9 -26 
-12 -5 24 8 4 1 2 6 
-16 9 -23 -11 1 1 0 -11 
-2 -3 3 -6 -6 -6 -4 20 
25 21 22 32 7 1 -2 1 
-22 10 1 -3 8 0 -1 -13 
3 -17 -7 -20 -13 -4 -2 -20 
-29 -20 -31 -13 -7 0 2 -2 
1 9 27 29 15 5 4 10 
-14 -13 -18 -12 -2 -3 -2 -3 
16 -2 -19 -3 -6 -3 -1 -1 
-8 -18 -22 -12 -3 -4 -7 -15 
-7 10 32 3 -1 0 0 2 
7 -24 0 15 3 0 -3 -9 
-6 17 9 -6 0 2 -2 -11 
18 3 -16 -14 -7 -2 1 20 
2 10 56 34 6 2 0 -9 
-2 -14 -54 -32 -9 -9 -4 20 
20 5 42 30 5 -3 -7 -23 
-12 -16 -73 -46 -6 -1 0 -2 
-2 14 36 8 2 1 -3 6 
4 25 30 3 2 4 4 -8 
-5 4 11 16 1 0 -2 23 
-34 -5 2 0 0 -3 -3 -39 
37 17 25 6 3 -2 0 41 
-2 -8 -21 -9 -5 1 0 -12 
-1 -23 -7 -8 -2 2 12 2 
-1 -5 -2 10 2 1 -10 6 
-38 6 -1 -3 1 -5 -9 -6 
-17 -15 56 34 3 -1 -4 -31 
-18 16 -28 -36 -5 -1 -1 -5 
6 -6 -16 -7 -4 -1 8 19 
3 10 26 2 1 2 1 -15 
26 15 11 9 -1 0 3 19 
2 2 27 11 2 -2 -4 -16 
7 6 2 -6 -6 -4 -5 4 
-3 -20 -23 -9 -5 -1 2 -16 
-3 0 -3 0 0 0 2 2 
3 -3 -5 2 1 3 13 -11 
21 7 19 3 0 -2 -8 23 
5 -21 -6 -4 -4 -8 -8 -6 
-6 10 -23 -14 -8 -4 -1 -26 
-22 -13 15 6 2 -3 -3 7 
4 -6 -13 5 -1 -1 1 -12 
-4 -4 -24 -6 -3 -2 4 -21 
-11 16 3 -4 0 -3 -8 25 
14 -22 -34 -4 -2 -1 -8 1 
-2 -7 6 0 -2 -1 4 -2 
19 13 31 -3 -6 -2 -4 22 
-11 -23 6 -3 0 2 0 -6 
-1 45 48 3 1 -2 -5 -14 
-6 -3 -23 6 5 4 12 19 
-15 -11 -29 -8 -4 -1 -4 -37 
9 15 15 -1 -1 3 13 44 
-7 -17 -6 -2 -2 -1 -1 -2 
-27 -14 -4 -6 -7 -10 -10 -33 
-13 -26 -30 -1 1 -2 -3 12 
6 -7 -33 -5 -4 -4 -4 -20 
-4 -17 -16 -4 -3 -1 -3 -2 
19 28 29 7 3 4 1 -3 
-11 0 -32 -5 -5 -7 -17 -13 
-23 -17 -36 -13 -6 -6 -2 -2 
5 -8 -7 -1 2 -2 -2 -6 
17 18 30 5 1 1 -30 -18 
18 12 35 7 4 0 19 7 
-21 4 -17 -6 -4 -3 -4 8 
-8 -9 -8 -3 0 -1 24 -1 
8 -2 7 4 3 10 6 -2 
19 7 21 2 3 3 11 31 
-19 -20 20 -4 -1 -3 0 -9 
8 2 -1 -3 -1 -3 -12 -1 
10 -33 2 2 -1 -3 1 17 
-18 9 5 -2 0 -1 -6 11 
1 8 3 3 1 -1 1 -3 
-12 -3 -13 -12 -11 -11 -10 -8 
-20 18 37 7 4 3 7 -5 
-9 -27 -57 -12 -6 -2 2 -7 
13 -1 0 1 1 2 -4 4 
2 1 19 6 -1 -7 -17 -37 
-1 -17 3 -17 -7 -7 -2 19 
-13 0 -13 -1 -2 4 4 -6 
15 -10 -9 8 1 1 -1 10 
-5 -67 -23 -1 0 5 2 3 
-9 26 3 -3 -4 -7 -5 -9 
8 -52 -5 -10 -6 -2 -8 1 
24 -10 -2 -7 -7 -8 0 19 
-10 8 18 14 1 3 1 12 
-8 14 -37 -27 -11 -4 -3 -35 
10 34 21 3 3 4 -4 16 
12 19 32 9 3 3 -2 -24 
19 29 12 11 1 -3 -9 32 
7 6 18 8 4 -1 7 14 
11 13 -4 -1 -1 2 8 1 
2 -2 2 0 2 1 -4 -19 
-20 15 25 -9 0 2 -1 7 
-19 -10 -26 -5 -7 -7 -11 1 
-2 23 15 6 1 -5 -5 -17 
-21 -25 23 1 3 1 1 9 
1 18 -10 3 4 3 -7 -24 
23 -9 -28 -5 -2 1 14 26 
-29 -12 0 -13 -5 -1 -15 -31 
16 9 28 0 -4 -5 -7 8 
11 26 -8 -6 -6 -1 7 30 
8 12 2 6 0 1 2 -7 
-13 1 4 10 4 3 3 -7 
21 30 17 1 -2 -3 -4 13 
-9 -12 -32 -22 -5 1 8 -13 
7 -8 6 12 0 -4 -8 30 
-4 -3 10 -6 2 0 -5 -1 
-3 -3 -17 -1 3 1 9 9 
-5 -6 12 3 -7 -9 -10 -9 
-2 2 -6 -1 2 1 3 -7 
0 9 28 13 6 3 6 27 
8 10 -30 -15 -9 -4 -11 -37 
16 5 -1 -1 4 -1 -1 19 
0 -13 1 3 -1 1 -1 -9 
5 -3 26 6 -2 -4 -1 3 
-10 -1 -42 -11 -3 0 -1 -20 
9 4 -15 2 0 -3 -3 -10 
-4 -1 12 -1 2 1 1 -10 
10 -10 -33 -7 -4 -6 -5 3 
3 22 -5 -4 0 0 0 4 
-1 -5 2 0 -3 -1 0 -21 
-12 -7 8 0 -1 -2 -6 11 
17 1 -13 1 -4 -2 0 -11 
-5 -2 3 -5 -4 -2 -2 10 
4 11 5 6 6 5 6 19 
7 -2 2 -9 -8 -9 -10 -23 
-8 17 -2 -4 -6 -4 -1 -5 
-5 -4 -7 2 -3 -3 -4 11 
-6 -17 -12 -2 1 -2 -3 -6 
-1 16 8 2 1 2 2 -3 
-5 -3 -2 2 0 0 0 -12 
8 -13 5 8 2 2 0 17 
-12 -5 23 6 -2 0 1 -8 
3 -10 -36 -17 -7 -4 -3 0 
-8 -7 -14 -3 -2 -1 0 -3 
-19 4 7 3 2 4 4 -7 
1 -7 -1 -1 -3 -2 -1 8 
-1 4 6 8 3 2 0 7 
0 4 3 -3 -1 -2 -2 -12 
-9 -15 -18 -1 0 2 6 32 
3 -2 9 -1 0 -1 -9 -58 
5 -3 1 3 -1 0 2 10 
-4 -8 -4 -3 -3 -5 -3 -4 
-3 -2 6 4 -2 -3 0 3 
-4 5 1 -1 1 1 0 16 
8 1 6 2 0 2 1 -4 
1 -9 -6 2 2 2 2 -9 
-1 2 12 1 -1 -2 -4 -15 
-1 -3 -16 -9 -4 -4 0 8 
-18 -11 -11 0 -1 -1 -1 -10 
5 -4 12 2 2 -1 1 42 
-7 -2 -17 -4 -4 -4 -6 -40 
25 18 -15 -4 -1 0 1 26 
6 -5 6 3 0 0 0 -5 
0 -1 -2 -3 -3 2 0 0 
-5 -11 -12 -3 -1 -4 -2 -6 
-4 0 9 2 -2 -1 2 12 
-9 1 -6 -1 -1 -2 -1 -10 
0 -6 -5 -1 -2 -2 -4 -12 
1 4 2 -1 -1 -2 1 5 
-8 -7 5 1 1 0 2 -2 
-8 -16 -7 -4 0 -2 0 -4 
-10 8 14 -5 -3 -3 -3 -16 
14 7 -5 -5 -6 -4 -5 0 
4 -3 0 -1 -4 -1 1 22 
-7 -6 4 0 0 -3 -3 -29 
7 1 2 1 -1 0 1 18 
-16 -1 5 1 1 1 -3 -25 
2 -5 -1 0 1 -3 -2 0 
42 0 -9 0 -2 0 1 37 
-18 6 -1 0 0 -2 -8 -50 
-17 -14 16 3 4 4 7 16 
7 7 -2 2 1 0 0 -13 
1 12 -1 -5 -1 -2 -3 14 
5 1 -12 -4 -6 -3 -2 5 
-2 -11 3 0 -3 -3 -2 6 
-11 -3 3 -2 -3 -3 -3 -17 
-8 1 10 8 5 3 3 18 
-26 4 0 -2 -1 -3 -3 -34 
-11 1 -9 -5 -2 -3 -3 -4 
-11 -1 -1 -4 -4 -1 -2 6 
38 14 -3 1 -2 -3 -5 12 
-4 -22 1 -3 0 2 0 7 
-1 7 -14 -3 -1 -4 -3 0 
-9 -7 -7 -7 -4 -2 -2 -14 
-11 -10 -3 -1 -1 3 4 -6 
-4 -11 -19 -1 -5 -4 -4 0 
2 -19 3 -1 -4 -1 -1 2 
2 -6 -10 -4 -3 -3 1 20 
-26 -5 -3 -4 -2 -7 -7 -46 
10 -3 -8 0 2 -1 0 10 
6 -9 2 0 3 0 -2 3 
-16 17 6 0 1 0 -2 -7 
-5 7 12 6 2 1 1 0 
-1 -5 -11 -3 -2 -2 -2 5 
6 2 -8 -4 -3 -3 -3 -5 
-2 -4 7 3 0 2 2 15 
-6 -13 -19 -8 -6 -4 -3 -22 
16 2 2 -3 -3 -3 -2 19 
26 12 -9 1 0 0 0 3 
-24 -12 -6 0 -2 -3 -1 -2 
-6 6 7 0 0 0 -2 -4 
7 4 -1 4 1 4 7 24 
-6 7 -1 -5 -3 -2 -5 -14 
20 -2 13 2 -2 -4 -4 6 
5 5 -24 -4 -3 -1 -1 -3 
-21 15 28 5 6 4 5 1 
-9 -3 7 5 1 0 2 12 
-5 7 4 -2 1 -1 -2 -33 
-14 -2 12 1 1 -3 -2 -1 
10 -4 -7 0 -2 -2 -4 -8 
-9 -10 -9 -5 -3 -2 -2 -6 
13 11 23 3 2 3 0 -3 
-54 -18 -29 -9 -8 -4 -4 -7 
5 -13 -21 -6 -4 -6 -1 -5 
-6 1 9 -1 0 -2 0 -1 
-11 -13 -11 -1 2 0 1 6 
33 -2 -9 -10 -7 -6 -8 -9 
4 5 -15 -4 -1 0 -1 -3 
-4 -5 -3 -2 -3 -1 -4 2 
-9 -1 -11 -2 -3 -1 -1 -2 
6 2 14 3 3 2 1 9 
-9 -1 6 2 1 0 0 -7 
3 5 5 -1 -2 0 -1 -2 
9 11 -9 -8 -2 -2 -6 -2 
-11 -19 2 2 4 3 3 -2 
9 12 -21 -2 -2 -2 -2 -1 
-17 -4 -1 -1 -1 -1 -2 -8 
-3 -5 -5 0 -2 -1 -2 2 
2 10 9 3 1 -1 0 5 
3 -4 -3 -2 -3 -3 -1 -3 
3 2 4 1 0 -1 0 7 
9 -4 0 1 2 -2 1 12 
-22 18 4 -9 -3 -1 -3 -17 
10 -12 -22 -4 -7 -4 -4 3 
2 -9 -21 -3 -3 -2 -2 -2 
-5 -15 5 -4 -6 -4 0 -8 
12 -5 8 3 -2 0 1 18 
-6 5 17 0 0 0 -1 -1 
0 9 -1 -3 -3 -3 -2 -4 
-1 19 -12 0 1 0 3 8 
-5 -12 13 10 8 5 -1 -23 
-1 3 -6 -10 -8 -7 -7 -14 
6 -9 9 2 2 -1 -2 -5 
-11 5 2 -1 -2 -1 -1 -9 
6 5 -2 -4 -3 -5 -2 17 
0 2 12 1 2 0 -1 4 
-7 1 4 0 -2 0 -1 -8 
8 -1 -7 -3 -2 -2 -1 14 
13 12 -4 1 -1 2 2 23 
-18 -14 13 -3 -2 2 1 -30 
6 -8 -2 -5 -7 -5 -3 18 
-8 -10 -19 -3 -3 -1 -3 -10 
13 -3 2 -1 -3 -3 -1 7 
-3 4 4 4 4 1 1 3 
0 4 6 0 1 1 1 2 
4 -7 7 0 2 -1 -2 -9 
-5 -7 4 -2 -2 -2 -1 0 
-7 -2 4 3 4 2 1 -4 
-1 -8 -23 -5 -3 -5 -4 -10 
4 -4 -8 -1 -1 -1 -4 -4 
-1 7 1 2 2 -1 0 -9 
-4 1 9 0 2 0 1 15 
0 -1 0 -1 -1 0 1 5 
-6 11 -11 -3 -2 -3 0 -10 
8 -4 -9 -4 -4 -3 -1 7 
7 6 3 -1 -3 -2 -1 0 
-13 -1 -5 -5 -3 -1 -3 -4 
-8 -23 -18 -4 -3 -1 -2 -12 
-3 -2 -1 -3 0 0 1 -1 
1 11 -12 -1 -1 0 -1 8 
11 9 12 -3 0 -2 -1 -3 
-7 -7 4 1 2 -1 -1 -1 
4 -8 8 -6 -6 -2 -3 5 
-1 -2 -9 2 -2 -2 -2 -16 
6 -14 -10 -1 1 1 1 7 
-1 6 17 6 2 0 1 2 
-4 1 -5 -1 1 -1 -1 -6 
2 0 -2 -7 -6 -4 -3 7 
-6 9 6 0 -2 0 -1 16 
5 2 0 -1 -2 0 -6 -25 
2 2 -3 1 -1 -2 -4 -4 
-3 -17 -10 1 3 0 -2 4 
-7 2 8 5 2 -1 2 2 
5 -1 4 -2 -1 -1 2 32 
7 -4 -11 -1 -3 -2 -2 -30 
-8 -14 6 -4 -2 -5 -3 -1 
1 3 -7 -1 -4 -2 -4 -19 
5 -4 -2 0 0 0 5 18 
0 2 -7 -8 -7 -5 -7 -1 
0 7 2 2 2 1 1 -2 
12 2 -13 -1 1 0 -1 -8 
-3 -1 -3 -2 -1 1 5 13 
-7 -12 -6 -2 0 -1 -2 -8 
-3 -3 8 -3 -3 -1 0 -5 
2 4 2 -2 -1 0 0 9 
-5 10 13 5 -2 -1 -2 -11 
-8 1 0 0 0 -1 2 12 
-1 -9 -3 0 -2 -1 -1 -4 
9 3 18 5 3 1 1 15 
-7 -6 -8 -5 -4 -4 -6 -30 
-6 0 0 0 -1 1 0 0 
6 10 0 1 -6 -4 -2 3 
-14 -13 -23 -5 1 0 0 0 
1 -1 9 -2 -2 -1 -2 -2 
-7 0 17 2 -1 -2 0 3 
5 -2 1 1 0 2 -1 4 
-16 -10 -11 -5 -4 -2 -2 -24 
17 2 4 -4 -1 0 -2 2 
-28 2 2 2 1 -1 -2 0 
6 -2 -9 -2 0 -1 1 25 
4 -12 -4 2 -1 -4 -3 -29 
-15 -4 -10 -1 -1 0 -1 -6 
9 8 9 2 5 2 1 8 
6 -1 0 -3 -2 -2 0 9 
-13 7 -1 -3 0 -1 -4 -11 
15 0 1 0 -3 -2 0 15 
-8 -13 7 2 -1 -1 0 -10 
-6 -5 -7 -2 -2 -2 -1 -9 
-4 -2 6 -3 0 -1 -2 2 
6 -7 -7 0 2 0 0 6 
1 3 5 -1 -3 -3 -4 -4 
-4 -11 3 3 3 2 1 -9 
-3 0 -4 -4 -5 -2 1 7 
2 5 -12 -4 -2 0 -3 -12 
-10 1 -17 -6 -2 -4 -2 -12 
-6 -2 3 -1 0 1 -1 -11 
34 5 1 3 0 -2 -4 7 
-33 -11 -8 -5 -4 -2 -3 -1 
13 -1 0 -1 -3 0 2 -3 
-20 -8 1 -4 -6 -2 -3 -10 
0 9 9 -2 -3 -3 0 -6 
4 -2 -3 -3 -3 -3 -3 5 
6 -6 -3 -1 -2 2 1 4 
0 -3 -11 -5 -2 -3 -1 4 
-4 -12 2 0 0 0 2 11 
3 2 -1 -1 -2 -5 -4 -11 
0 -2 -9 -4 -3 -1 -2 13 
-2 0 1 0 3 0 -1 0 
2 6 6 1 1 1 1 -2 
-5 -3 -15 -1 -2 0 -2 -1 
6 -1 -8 -3 -1 0 -3 -8 
-7 -9 -2 -3 0 -2 -1 -5 
-10 -1 7 -2 -5 0 0 13 
-1 -5 0 0 2 -1 -1 -8 
0 -3 16 0 -1 -3 0 6 
-24 -3 -14 3 3 3 2 -12 
11 -3 5 1 1 1 3 30 
-12 -6 1 -3 -2 2 -3 -38 
-7 -9 -20 -8 -6 -6 -1 0 
25 9 3 1 -2 -3 -1 14 
-4 -6 -17 -2 -3 -1 -2 5 
-8 5 -2 0 -3 -5 -2 -10 
18 7 -6 1 0 1 -1 -3 
4 9 -7 -2 -4 -1 -3 -7 
-8 1 -3 -5 -3 -2 -3 -13 
-1 -7 4 0 1 -2 0 35 
-4 1 5 4 3 0 -2 -10 
3 2 -3 3 4 2 -1 1 
-16 6 0 -2 -3 -3 -4 -15 
20 3 -2 -2 1 3 3 9 
-4 -11 2 -2 -2 -3 -2 -1 
9 1 -1 0 -3 -2 -6 2 
11 -5 -5 -1 -1 -1 0 13 
-8 -9 -1 -1 0 1 1 -14 
-13 -1 -7 -1 -2 0 -3 -28 
-4 -3 4 -2 -4 -3 -4 -13 
3 10 13 5 2 0 1 -4 
13 2 0 0 -3 -4 -1 25 
8 -13 -12 1 -1 0 0 7 
-29 0 3 -4 -4 -2 0 -5 
15 -11 -14 -1 -1 0 -2 -18 
-5 8 3 0 1 0 -1 0 
-7 -12 7 2 4 1 1 3 
0 0 -1 -2 -3 -2 -1 -1 
-9 0 -4 -1 -2 -2 -3 1 
11 1 -2 -1 -2 -1 -1 -2 
-29 0 -9 -5 -5 -4 -1 -2 
11 4 6 -1 -3 -3 -1 1 
5 3 -6 -3 0 1 0 5 
-30 -12 0 3 4 3 1 -22 
6 11 3 2 1 0 -1 -4 
-2 -2 5 -2 0 -1 -1 3 
-8 0 1 -4 -7 -6 -5 -11 
12 21 5 -2 -4 -3 -1 16 
-5 -8 2 -1 1 2 -1 -1 
5 -24 -23 -2 -3 -1 -1 -6 
-12 -4 0 0 1 -1 0 -3 
4 3 4 0 0 0 1 0 
6 -15 -20 -2 -3 -2 -1 22 
6 21 14 3 1 0 -3 2 
20 -28 -3 2 2 1 1 -4 
-26 -6 2 -1 -3 -1 -1 -2 
4 6 10 2 -3 -3 -1 11 
-2 -11 -15 -3 0 -1 -1 -13 
3 3 -6 -1 0 0 -1 5 
2 -2 7 -2 -1 -2 -5 -5 
0 3 2 -2 -3 -1 -1 -7 
3 -4 3 0 -2 -2 -1 14 
-25 11 6 -1 -2 -3 -2 -12 
-5 -8 -15 -3 -1 -3 0 -7 
5 11 2 -4 -5 -4 -2 2 
-9 -14 -9 -4 -1 0 2 10 
-3 2 -4 -6 -3 -2 -2 4 
-10 0 7 -2 -2 -2 -3 -27 
5 -1 -11 -1 0 -1 -1 3 
4 4 3 -1 -1 -2 -1 0 
-6 -3 2 -2 0 1 0 -2 
-2 -4 -10 -4 -4 -2 -2 0 
0 8 4 -1 1 -2 -1 0 
-1 9 12 5 2 0 1 0 
-10 0 -10 -2 0 -2 -4 -10 
6 3 4 -2 -1 -1 0 1 
0 -4 -5 -5 -3 -1 1 -1 
-7 -1 1 -5 -4 -3 -2 -8 
2 -1 3 1 0 1 3 10 
8 2 5 2 1 0 -2 9 
-8 15 -5 3 2 -1 -2 -5 
-1 -15 -13 -7 -5 -3 -4 -8 
-4 1 -2 -4 -4 -2 -1 -11 
1 -25 -8 -2 -1 0 -1 2 
-1 3 -3 -3 0 -1 -1 4 
3 8 1 0 -4 0 -1 2 
-2 -3 6 3 1 -1 -3 4 
1 -8 -5 -3 -4 -2 -1 19 
-17 -14 -23 -8 -3 -3 -4 -37 
2 -8 -12 -4 0 -2 -1 -1 
-3 -11 -2 0 -1 -1 -1 0 
12 9 -10 -3 -3 -3 -1 10 
0 4 9 5 2 1 2 3 
-4 -3 -1 -2 -2 0 0 11 
