#EMG
#1
#ID:1-1
-5 7 -2 -3 -4 -2 -2 -1 
7 2 1 6 0 -1 0 8 
-11 3 1 1 1 -2 0 -8 
0 3 1 0 0 -3 -4 -2 
11 -3 1 -1 -1 -1 -4 -2 
8 10 -7 0 -1 1 -1 7 
-13 4 5 2 1 3 -1 -8 
6 -9 -1 0 0 1 -2 -2 
-12 -2 -7 -2 -1 -4 -1 -4 
0 -5 -6 -2 0 -1 -1 -2 
-3 6 -7 -3 -2 -1 -2 2 
9 -4 -4 -5 -3 -2 1 -3 
-4 14 13 4 3 2 2 -2 
-2 -10 0 -2 0 2 6 -2 
-5 -2 11 2 -1 -1 -1 16 
-4 5 -8 -2 -2 -3 -8 -40 
9 -1 4 3 0 -1 -3 7 
1 -4 -8 2 0 0 1 22 
18 13 11 0 1 1 3 -6 
2 4 -7 -1 -1 -2 1 19 
0 20 11 1 -2 -3 -3 -14 
1 3 -6 -2 -3 -2 -2 -9 
-7 -6 -2 0 2 1 -2 -3 
7 -2 -8 -6 -2 -4 -1 14 
-28 -17 1 -1 1 4 4 -6 
9 -3 1 -2 -4 -4 -4 2 
-6 0 -3 -1 -1 -1 -1 -3 
10 -1 1 -1 -1 -3 -5 -4 
0 16 6 1 0 1 1 9 
-6 -1 -4 -3 -2 0 -2 -9 
-2 -3 -1 -2 -3 -1 -1 -3 
2 1 14 4 2 -2 3 11 
7 10 6 2 -1 0 -4 -5 
-11 -5 2 0 1 -2 -1 -8 
11 -6 0 -2 -3 -1 0 10 
-11 -3 -24 -8 -4 0 4 -24 
3 -7 3 1 1 -5 -14 7 
-3 -2 -2 0 -1 1 0 -9 
-17 3 -12 -5 -5 -4 -4 -1 
3 -1 14 1 2 3 6 21 
-4 -8 -8 -5 -2 -3 0 -28 
-6 -1 -13 -9 -4 -2 -2 -6 
1 2 -10 -3 -3 -4 -6 2 
5 4 9 3 -2 -2 -2 -2 
-5 -5 1 -3 -4 -1 3 3 
5 -1 2 0 1 1 0 6 
-8 -8 -10 -4 -1 1 1 -10 
-7 -9 -4 -1 -2 -4 -5 4 
9 -12 0 -4 -2 -2 -1 0 
-1 -1 7 5 -1 -1 3 2 
6 -3 14 -1 -1 -2 -4 2 
-12 -5 -2 1 2 0 -1 -2 
2 6 -4 -3 -3 0 1 4 
-11 -1 3 0 3 2 1 2 
48 0 1 1 -2 1 4 29 
-8 -1 1 -1 0 -3 -11 -8 
-3 -6 1 -2 -1 -1 1 -2 
-5 -4 7 2 -1 -2 -4 -10 
-7 -2 3 -3 -4 0 4 4 
0 -7 -2 0 -1 0 -1 0 
4 0 -2 -2 0 -1 -2 26 
-4 3 2 1 2 1 -2 -11 
8 7 -6 -2 -3 -5 -5 -6 
6 -4 -9 -2 -5 -1 2 -1 
-14 -2 5 4 3 0 -2 -8 
2 -7 -25 -10 -5 -3 -2 4 
-18 -7 10 2 0 -1 -1 -10 
1 -1 -3 -3 -1 2 2 10 
5 0 4 0 2 -1 -2 -8 
2 -1 -1 -2 -1 -2 0 6 
4 2 -7 -1 2 -3 -5 -17 
3 -1 1 -2 -2 -2 -1 4 
-10 -1 -7 -3 -2 -2 0 -6 
5 -1 -5 -1 0 0 6 9 
-15 -5 -2 -3 -2 -1 -14 -12 
-4 -4 7 -3 -2 -2 0 8 
-2 -3 -1 0 -3 0 0 -6 
1 -10 -4 -1 -3 -2 -3 0 
-12 2 -5 3 1 0 6 -2 
-15 -8 -1 -2 -1 -2 0 10 
-4 -12 -16 -8 -8 -7 -5 -24 
1 7 14 1 -1 -2 -4 -1 
5 19 0 1 0 0 -1 4 
-1 -2 12 3 0 3 3 0 
1 -4 5 0 -2 0 2 4 
11 0 -9 -2 -2 -1 -6 -8 
-13 0 9 -3 1 -1 0 -3 
1 12 -14 -3 -3 -4 -1 1 
-17 7 12 -2 -2 1 1 -3 
9 24 10 2 1 -2 -3 1 
3 -3 -6 -2 -3 1 3 23 
2 5 -6 2 4 0 -1 -14 
0 -9 -3 3 0 -1 -1 1 
1 3 2 0 -1 1 -3 0 
-5 7 -5 1 1 -2 3 -1 
-1 1 6 -5 -4 -4 -1 -13 
-4 -5 -8 1 0 1 4 -3 
-6 -12 1 -1 -4 -2 -6 2 
-14 -8 -7 -1 -3 -1 2 14 
24 -5 -3 0 -2 0 -5 -4 
-7 4 2 3 3 2 5 8 
1 -1 4 -1 0 -5 -3 -16 
-11 -11 -11 -2 0 1 -1 -2 
-2 3 -2 -1 -1 -2 -1 -2 
1 -3 -10 -6 -3 -3 -3 5 
-7 -9 8 3 0 2 -1 -2 
10 0 -2 -2 -1 -2 1 -8 
-15 2 6 2 1 -1 -4 -13 
2 -2 -9 -2 -2 -1 2 -9 
2 4 -4 -2 -2 -1 -1 6 
0 -2 -10 -6 -4 -2 -4 -13 
3 -3 3 1 -1 2 3 6 
-5 -5 -4 -3 -3 -3 -2 -8 
-27 -9 -15 -1 -1 -1 -9 -9 
-5 -1 25 4 1 1 3 -8 
-6 0 -8 -2 -2 -6 -12 -15 
19 -16 -8 -8 -9 -7 -11 10 
4 -4 0 -2 -3 -1 4 2 
-19 -18 -15 -6 -3 1 2 -23 
-27 -12 9 4 0 3 7 7 
5 5 -4 -2 -3 -4 -3 6 
-1 -8 -14 1 1 0 0 -9 
10 -6 2 -4 -4 -6 -5 5 
7 16 0 -1 -3 -2 5 7 
-12 -11 -4 -2 0 2 -3 -4 
-3 -2 -7 -1 -3 -6 -2 5 
0 7 5 1 1 -1 -1 2 
3 6 -2 0 1 1 -1 -2 
-6 3 -8 -1 -2 -2 -2 -1 
10 1 2 -2 -2 0 2 1 
7 -4 0 -2 -2 0 1 13 
-8 -5 -7 -3 -2 -3 -2 -27 
4 6 3 2 2 3 0 -4 
5 -14 -4 -3 -4 -4 -3 -1 
1 0 3 3 3 0 -3 -8 
9 3 -9 -3 -2 1 4 13 
-18 11 5 0 1 3 7 -3 
4 10 6 0 -3 -4 -15 -9 
-5 2 -9 -2 -3 -5 -5 -17 
-7 -9 6 2 2 1 0 3 
13 7 3 -1 0 0 7 21 
-17 -4 3 -2 -1 2 6 -16 
-11 -10 0 1 -1 -1 -9 -9 
13 8 8 -1 -2 -2 0 0 
6 -2 -3 0 1 -2 -6 15 
-11 -18 -13 -1 -1 -2 0 -26 
-2 7 22 -2 0 1 1 6 
-10 -14 -20 -7 -9 -6 -3 -1 
34 -2 -4 -3 -4 -2 -1 1 
-16 -4 -4 -1 1 0 1 5 
10 5 -6 -2 -3 -1 -1 -3 
-18 -6 3 1 1 -2 -3 -8 
-11 5 12 3 0 -2 -2 0 
7 -1 -5 -4 0 -2 3 11 
-11 -2 -1 1 -1 3 5 -9 
9 5 -21 -10 -1 -2 -5 4 
13 -2 5 4 -1 -1 -3 -9 
-35 -15 16 1 0 0 4 1 
-6 -5 -19 -5 -4 -6 -3 -6 
-2 -2 6 -2 -5 -4 -8 -8 
-5 3 5 1 0 1 -7 -9 
20 14 -9 -3 -3 -1 1 12 
-4 -6 -9 -3 -2 1 14 14 
12 6 1 -1 -1 1 4 10 
-24 1 10 -3 -5 -11 -25 -26 
23 11 -23 -1 -2 -3 0 13 
-6 -8 2 -3 2 2 -1 -13 
2 6 1 5 -2 -2 3 2 
-6 -18 -36 -8 -4 1 4 1 
19 13 29 3 4 4 2 -2 
9 -7 -1 1 -2 -4 -2 9 
3 8 -2 -3 -2 -2 -9 -1 
-12 -27 -24 -9 -3 -2 2 -5 
-9 0 -9 -1 -2 -1 0 6 
27 24 34 7 0 1 -24 -5 
-18 -19 -28 -13 -5 -3 28 11 
-3 7 -11 -1 -4 -5 -19 -11 
0 -11 5 -3 0 1 5 19 
-2 -3 0 0 -2 -4 -24 -41 
3 10 28 8 3 2 15 26 
3 -6 25 -1 2 -1 2 8 
-5 47 -16 -1 -3 -2 -4 -5 
-4 -20 -15 3 1 6 21 17 
12 -38 -1 -3 0 -4 -14 -17 
10 -9 -4 -1 -1 2 10 15 
2 5 53 15 8 0 -7 -19 
-6 0 -13 -3 -4 -1 2 -21 
-2 -8 4 -11 -3 -7 -15 24 
-19 -7 13 -1 1 0 3 2 
4 -34 3 -5 -4 -4 -3 -7 
-5 51 -16 -2 -3 -4 -7 0 
-7 -20 -35 0 3 6 9 -5 
12 12 16 -2 -4 0 4 -20 
-5 -22 -25 -6 -5 -3 -2 -9 
2 5 30 4 4 -4 -8 -6 
0 -4 -8 -3 -5 -3 -1 6 
-15 -10 -38 -6 0 2 3 1 
0 30 -8 -9 -4 -5 -8 -5 
2 7 -23 -8 -4 -3 3 19 
10 13 31 9 3 1 -12 7 
-16 23 2 -9 -10 -5 1 -17 
-7 -11 -52 -7 -4 3 13 9 
-11 -20 32 2 -1 -6 -24 4 
22 7 21 8 3 5 5 -10 
-8 0 7 6 6 2 0 3 
-7 31 31 -1 -4 -3 -2 9 
5 -7 24 4 2 2 5 -18 
-3 -32 -49 -7 -7 -7 -4 -9 
-4 -27 -13 -26 -11 -4 -9 8 
-1 -69 10 2 5 3 0 -13 
-12 22 -17 -7 -2 0 10 15 
2 21 3 26 1 -4 -11 -9 
-2 53 43 -6 -5 -3 -3 -7 
-5 -33 -48 -24 -12 -5 -6 3 
-2 -27 20 7 11 0 7 6 
2 -3 -16 22 0 -4 -9 -9 
8 -22 -43 -8 -1 0 3 14 
-11 18 -26 -21 -9 -4 -9 -20 
-10 -88 -58 -6 -6 0 1 4 
-21 -28 62 5 8 -3 2 -11 
1 -44 -53 -15 -4 4 4 -4 
6 34 59 37 9 3 1 25 
17 9 -38 -5 8 3 5 -1 
-7 5 -39 -42 -21 -10 -8 -12 
1 3 24 5 -4 1 0 7 
-3 5 -2 16 6 -1 1 -7 
-3 4 7 1 -5 -4 5 16 
6 -11 0 -21 -6 -2 -9 -27 
29 31 20 13 4 1 -4 -11 
8 23 -13 -4 0 -1 -7 15 
-22 -17 86 46 10 6 8 -22 
-18 11 28 -4 8 2 4 23 
-11 12 -76 -39 -13 -2 0 5 
10 -21 -22 -13 -13 -4 0 -17 
7 10 -5 2 0 1 2 15 
-7 -11 -11 7 6 4 -2 34 
-8 -10 39 7 -2 -2 -1 -10 
6 -7 -25 -10 -9 -2 -1 2 
2 5 -7 -31 -12 -5 -9 -16 
-10 91 88 37 9 4 -2 -2 
1 16 17 24 21 6 11 0 
-6 -33 -65 -36 -12 -7 0 2 
10 11 -16 -12 -9 1 2 1 
13 7 -9 -2 -4 2 13 29 
-7 -10 33 23 6 -6 -33 -57 
5 26 38 15 9 2 0 29 
-15 7 4 0 -4 -7 -6 -4 
-16 -29 -12 -8 -2 2 9 -8 
-11 -2 4 6 -2 2 -2 -6 
4 -16 19 14 2 -2 2 -11 
1 9 -31 -12 -1 -4 -13 -15 
-5 -15 3 8 2 5 7 3 
14 -2 -20 -18 -1 -1 12 29 
-15 -19 16 -7 -8 -11 -22 -18 
-17 3 -4 -3 -1 3 11 -13 
15 -9 -21 -4 -2 -4 -12 16 
-21 -43 12 13 2 4 7 10 
-13 25 18 4 5 5 7 5 
-17 12 -10 -7 -4 -4 -7 -5 
-20 -53 -34 -12 -3 -11 -25 -18 
-11 -9 -24 7 0 -4 -3 -19 
2 -9 -8 -5 -2 2 11 5 
11 -11 3 6 -2 4 8 11 
2 25 0 -16 -4 -3 -9 -3 
2 3 -3 3 1 -1 -6 16 
0 -7 -9 0 0 1 3 -11 
3 4 -6 1 0 1 -4 8 
-2 -12 -16 -6 -3 -4 -1 -16 
13 19 10 -2 -4 0 5 17 
-10 -4 -1 4 5 1 -3 -35 
15 -2 4 5 1 -3 -15 -10 
-10 12 15 -8 -7 -1 9 13 
-41 -38 -8 -3 -5 -7 -18 -43 
16 24 21 5 1 3 5 25 
10 -6 -24 -3 0 -2 -2 10 
9 0 -17 -13 -10 -4 -1 -40 
-1 -5 2 4 6 5 4 26 
9 -20 -1 1 3 -2 -11 -8 
-5 35 12 -3 -5 -5 -5 -7 
-4 1 -1 0 -3 -6 -30 -7 
11 17 30 2 -2 6 45 14 
-9 -12 -18 0 -1 -7 -10 7 
-2 4 -29 -5 1 2 11 22 
4 16 -2 1 4 8 29 -5 
22 20 16 8 2 -8 -21 45 
-16 16 1 -6 -5 -1 6 -16 
17 -10 35 0 -2 -4 -29 -16 
-9 -4 -3 0 2 4 27 26 
4 -18 2 2 -2 2 -2 -41 
-27 18 4 0 1 1 10 30 
6 -3 30 5 0 -7 -16 4 
8 32 -13 0 3 4 -5 -22 
-19 -57 -21 -11 -7 -1 4 30 
11 -21 -58 -17 -8 -1 -10 -39 
-5 10 19 2 2 2 25 26 
-11 -12 30 18 0 -5 -18 -6 
3 3 7 0 7 4 4 -8 
-10 21 11 0 0 0 -3 -3 
1 11 -21 -15 -5 5 9 5 
26 -34 6 -1 -2 -3 12 6 
-2 92 80 85 15 -2 -17 -6 
-23 -40 -63 -62 -7 0 2 -23 
-11 -23 -92 -48 -30 -17 -9 11 
-6 -6 13 -3 -2 1 3 -12 
22 16 -30 -17 -5 -1 -8 -20 
19 20 53 48 14 2 -12 17 
0 10 56 27 12 5 30 8 
3 -13 -75 -29 -9 -6 -36 -17 
-4 -6 3 9 1 5 9 5 
-8 7 3 -16 -3 -10 -31 -34 
-1 -17 -7 -1 2 7 18 12 
-13 25 34 9 3 0 3 11 
2 -11 -31 -15 -4 -4 -2 -11 
3 -10 12 9 -1 3 7 15 
-10 2 -12 2 0 -2 -4 -21 
-5 14 -2 13 5 1 0 -32 
2 10 -53 -30 -13 -9 -8 4 
12 5 12 3 -4 -1 9 1 
-1 -22 8 12 10 4 -4 7 
-21 -19 -44 -14 -3 1 2 -15 
21 -17 -54 -35 -14 -5 2 10 
8 4 20 6 1 -2 -2 1 
-16 -13 -10 -11 -3 -2 -10 -39 
24 -44 10 10 2 -3 -13 2 
-30 0 25 3 0 3 3 1 
6 12 2 3 0 2 5 17 
-4 -8 0 8 4 0 -1 -4 
11 -14 -43 -16 -2 2 8 18 
2 -24 -6 -8 -7 -9 -11 5 
-1 5 11 6 -2 -4 3 2 
-11 4 53 33 7 1 -3 6 
-2 22 9 -34 -8 -5 -5 -6 
16 -27 -77 -39 -19 -7 -9 -3 
-19 -2 2 6 4 5 8 0 
22 29 11 -3 -3 -3 -5 14 
-6 12 18 25 6 -1 1 2 
16 13 29 11 8 8 5 12 
-23 -31 -1 -1 -2 -4 -5 -42 
-11 -16 -49 -8 -3 -2 -4 -8 
1 -5 26 10 -3 -2 -1 23 
2 7 12 -2 -1 1 2 -12 
-11 -26 -32 4 2 0 0 18 
3 0 -8 -3 0 -2 -3 -12 
-8 11 -11 -12 -5 -4 2 -5 
-30 -3 2 5 1 -1 -2 -21 
23 15 22 -1 -1 -1 -1 1 
-11 -2 -12 -8 -5 -5 -4 -12 
2 -13 -20 -8 -5 -3 4 15 
-4 0 19 7 3 2 -3 -7 
8 13 8 13 2 0 4 13 
-21 -2 -2 -6 0 2 -3 -35 
-2 9 6 3 -3 -1 -6 -6 
-7 8 28 10 8 5 0 -21 
15 9 0 1 0 1 2 15 
11 -8 -6 -4 -3 -5 -3 9 
-3 -7 4 22 4 1 -1 -2 
-5 -4 -25 -22 -5 -1 1 0 
14 -13 8 -5 -3 -4 -5 -11 
4 -10 -10 -6 -6 -2 -2 -20 
-7 2 10 2 -1 2 2 -4 
3 -5 1 -2 -2 -2 -3 9 
3 3 -2 0 0 1 5 3 
-3 -4 2 -1 -1 -1 1 16 
18 24 -4 -1 1 -2 -3 -4 
7 8 12 11 5 2 0 5 
-13 -13 -16 -10 -4 0 0 5 
-12 9 26 3 4 2 -2 -13 
-6 -14 -21 -9 -2 -5 -3 -3 
4 -5 11 1 -2 -7 -5 8 
-9 -3 -11 1 -1 1 1 -7 
5 10 -1 -2 -4 -3 -1 11 
-1 -2 11 1 -2 2 -1 -3 
-3 -5 -6 2 1 -1 2 -2 
-6 -4 3 -4 -4 -5 -2 -3 
4 -11 -18 -9 -4 -3 -4 9 
3 1 -2 -5 -3 0 -1 3 
-2 3 5 5 2 2 1 -4 
1 3 2 -3 -5 -3 1 2 
5 11 7 5 1 3 3 7 
-2 -4 -6 -2 -3 -3 -2 2 
-1 -5 -19 -4 -5 -2 -1 0 
2 6 12 0 1 -1 0 -1 
3 -6 -1 -1 -3 0 -1 4 
-6 -8 -11 -4 -1 -1 -1 -6 
1 1 18 3 2 2 0 0 
-1 0 1 0 -2 -3 0 1 
5 -1 -5 -2 -2 -2 -1 9 
-14 -3 6 -3 -4 1 -3 -12 
0 9 -5 -3 -6 -4 -2 -1 
1 6 1 -2 -1 0 0 12 
-1 -3 -6 -3 -2 -4 -3 -10 
4 0 -4 -2 -1 0 3 16 
-8 -1 5 2 0 -2 0 0 
-19 11 22 -1 -4 -1 -4 -12 
1 -3 -7 -1 1 -2 1 12 
0 7 1 0 -1 -1 -3 0 
-5 4 -2 -3 -2 0 -1 -1 
7 3 2 0 0 1 -1 2 
1 -6 -7 -3 0 1 1 10 
-12 -1 4 -1 -1 -2 -4 -37 
-3 -9 -10 -6 -1 2 1 5 
-2 -5 -2 0 -2 -2 -3 -2 
10 18 -13 -1 -4 -4 -2 -3 
-6 -3 5 -1 -1 0 1 7 
4 -6 3 1 -1 0 -1 3 
-3 -5 -11 -3 -1 -1 -1 -6 
-7 -8 4 -1 -3 -2 -3 -3 
1 2 -7 -2 -3 0 -1 5 
0 0 1 1 1 -3 -1 -7 
0 -9 -4 0 0 -1 2 1 
1 0 -10 -7 -2 -1 2 -2 
-7 -2 6 4 2 2 2 3 
17 5 15 3 1 -1 0 -1 
4 2 -16 -6 -3 -1 -3 2 
-11 -2 9 1 0 0 -2 0 
3 -2 8 1 -1 0 1 4 
-1 -6 -18 -6 -1 -2 -2 -1 
7 14 -12 -4 -3 -2 -1 -7 
-18 -7 -3 -6 -3 -4 -8 -20 
8 4 -4 -4 -2 -3 -2 6 
-11 4 1 1 0 0 -1 -1 
1 -8 4 0 1 -1 1 -6 
-2 -8 10 2 3 2 3 13 
6 3 0 0 -2 -3 -4 -7 
-6 -9 7 -1 -2 0 -1 2 
-6 -9 -11 0 0 0 1 1 
-3 1 3 0 -1 0 -3 0 
-7 0 -1 -2 -1 -4 0 -9 
-4 -6 -8 -2 -2 1 -1 3 
4 -12 17 3 0 1 -1 3 
3 8 3 -1 -1 -1 0 -5 
3 -14 -5 -2 0 -1 -1 12 
-21 -8 3 -1 0 -1 0 -14 
-2 -6 -10 0 -1 -3 -3 -2 
15 2 -18 -1 1 -2 0 1 
-6 -4 -2 -4 -2 -1 3 12 
18 -10 -22 -5 -3 -4 -2 21 
-9 -5 4 -2 -2 -3 -4 -10 
-2 4 8 2 0 1 1 1 
1 1 -5 1 1 1 -5 -6 
12 3 0 -1 0 -1 4 11 
2 8 -2 -1 -1 -3 -2 10 
-5 -2 3 0 -2 -3 -1 -4 
23 3 -9 2 2 0 2 5 
-26 1 5 1 0 -1 -3 -12 
-6 -15 -23 -7 -4 -6 -15 -8 
3 -5 0 0 1 1 3 -1 
-2 -2 -2 -5 -5 -4 -3 -4 
7 4 -8 -1 -3 -2 0 -6 
-7 11 11 4 3 3 4 1 
4 0 0 -3 -4 -2 -6 -3 
-12 -16 -16 -8 -4 -1 0 -7 
-8 -6 19 -3 -2 1 0 -4 
-1 -4 -6 -6 -3 -4 1 -1 
3 -3 15 0 -1 -1 1 -6 
8 9 -9 1 0 -1 -2 5 
-10 9 -3 0 0 0 -3 -11 
-2 5 17 5 2 0 1 -1 
8 -6 -15 -9 -6 -6 -4 -3 
1 2 4 0 1 -1 0 15 
4 -6 -6 0 1 -1 0 -1 
5 1 -8 -3 -3 -2 -3 -3 
-15 -4 3 6 6 4 1 -13 
-3 -2 3 3 0 0 0 2 
5 -8 0 -6 -4 -2 -5 -4 
0 -5 -11 -4 -2 0 2 12 
-3 -10 -8 -7 -2 -1 -1 12 
-4 7 4 3 0 0 -6 -19 
16 9 33 10 6 4 3 10 
-6 -9 -16 -5 -5 -5 -2 -14 
2 4 3 -1 -1 -1 0 2 
-6 5 -6 -3 -2 -3 0 -6 
1 16 -1 -2 -2 -4 -1 5 
1 8 14 7 1 1 -1 -4 
-7 -14 2 0 0 0 -1 -1 
-10 -8 -2 -3 -3 -2 -3 -5 
-1 -14 -31 -6 -5 -4 -5 -3 
2 2 3 -2 1 1 4 1 
-4 9 0 -2 -2 -3 -5 2 
4 -25 -11 -1 -2 2 -1 -8 
-3 -6 -15 -8 -5 -4 -4 -6 
3 -2 -8 0 0 0 -1 0 
3 7 13 2 0 2 8 46 
-11 -17 -12 -7 -5 -6 -14 -62 
0 10 -14 -2 -1 -2 -2 3 
-4 -11 -12 -7 -5 -2 -2 -2 
7 3 -6 -2 -4 -1 3 9 
17 0 6 -2 0 -1 4 21 
-5 0 6 2 -1 -1 1 -3 
-4 4 8 1 -1 1 -4 -3 
-2 1 -5 -1 -1 -3 -5 -8 
-3 7 1 -2 -2 0 0 9 
-4 2 10 0 0 0 0 -13 
1 -1 -7 0 -1 -2 0 10 
0 -17 -15 2 1 -2 -1 -13 
-12 -9 7 0 -1 -1 -1 -2 
3 18 15 1 0 0 0 4 
3 6 8 2 -1 1 0 0 
-15 -4 -13 -6 -4 -2 -1 -9 
-4 6 -12 -4 -1 -5 -4 -1 
-3 -12 -9 -3 -4 -3 -2 0 
3 14 -17 -1 0 -2 -2 1 
-1 -10 10 -1 -3 -3 -5 -13 
2 7 5 -1 -1 2 3 15 
6 -5 6 1 0 2 1 9 
9 -1 9 1 2 -1 1 -13 
-25 -15 2 3 1 0 -6 -62 
-6 6 -9 -8 -6 -4 -1 7 
3 -2 -3 0 0 -3 -2 0 
-4 -13 1 -3 -4 0 0 8 
14 8 9 1 2 2 3 18 
-15 -10 2 4 1 3 1 -15 
3 2 15 4 3 1 -1 -1 
-2 -5 3 0 -2 -1 -1 2 
-4 6 -4 -7 -3 -2 -3 2 
1 18 -9 0 -3 -4 -3 0 
-1 0 -13 -4 -1 -2 -1 2 
-19 8 3 -1 -2 0 -1 -6 
10 2 0 -1 -1 -4 -2 8 
-4 -15 15 0 -2 -1 -3 0 
-12 -3 3 -2 -3 -2 -2 -9 
-1 -8 -12 -7 -2 -4 -1 3 
-1 1 -17 -4 -4 -2 -2 0 
23 17 11 4 1 3 2 13 
-10 -1 -12 -4 -4 -1 -2 -26 
-3 -8 2 -2 -1 -1 1 -5 
2 -6 2 1 0 -1 0 12 
4 -7 -7 -1 1 -2 0 6 
-3 4 -4 -1 -1 -1 -1 4 
6 2 0 0 -1 0 -3 14 
-12 -3 5 1 1 1 0 -16 
1 33 26 -2 -4 -2 -1 2 
3 -1 -20 -4 -1 1 4 -2 
-12 -16 2 -2 -1 -6 -5 -1 
0 -1 -17 -4 -2 -1 -2 3 
-3 -6 4 3 2 0 -1 -1 
4 -1 18 3 -1 -1 -1 4 
-6 -5 -14 -5 -2 2 3 -8 
12 -3 -7 -4 -2 -3 -3 -8 
16 1 -10 1 1 0 -1 3 
-26 -8 -1 0 -1 -3 -4 -4 
0 2 1 -1 -1 -3 -1 -2 
-3 9 9 1 -3 -4 -1 -1 
-10 -28 7 -2 -1 2 -1 -3 
5 9 10 0 0 -1 0 10 
-7 2 11 4 3 3 3 -6 
8 -2 -1 2 0 -1 -1 10 
3 -6 -11 -1 1 1 -1 12 
2 1 3 7 4 0 -2 -5 
-11 12 -9 -6 -2 -2 0 -5 
0 -2 1 4 2 -2 2 3 
-9 -9 -8 -2 -1 -3 1 2 
-13 -10 -4 2 -1 -2 -3 -18 
18 2 -1 -3 -3 -3 -6 10 
-10 -5 12 2 -1 -2 -3 -3 
-5 -9 -21 -6 -4 -4 -2 -10 
0 -7 -9 -7 -5 -3 0 7 
3 -1 9 5 2 2 2 -4 
-2 1 0 -3 -2 -1 -1 8 
-13 1 1 -1 0 0 -1 -14 
6 0 -11 -2 1 -3 -3 -12 
9 13 0 -1 -1 -3 -1 2 
-3 3 6 -2 -1 1 0 -3 
-5 -2 -9 -4 -3 -3 0 1 
0 -1 2 0 1 1 -1 3 
8 -7 -4 0 2 0 -2 5 
-14 2 -7 -5 -1 0 0 -10 
10 7 5 -3 -4 -1 -3 6 
1 10 20 1 1 3 4 15 
-29 -8 4 -2 -4 -3 -5 -19 
3 3 -4 1 -1 -4 -1 2 
0 -8 -2 -3 -1 -2 -2 -1 
19 -2 -10 -4 -5 -3 0 28 
-11 -11 -5 4 4 4 3 -15 
11 -10 3 2 -2 -2 -4 -9 
-10 -3 -5 0 0 -2 -1 -10 
3 -6 -7 -6 -4 -4 -2 5 
8 -2 0 -1 -3 -3 0 4 
-5 -6 -2 -3 -2 0 -1 2 
-3 -9 1 0 -2 1 -1 0 
0 4 7 2 2 3 0 -10 
4 -4 3 0 -1 0 -3 4 
-7 -4 -6 -4 -4 -2 2 0 
6 -1 -4 -2 -2 -2 -1 -1 
-3 1 -4 -3 -1 0 -1 -15 
-2 0 -10 -3 -3 -3 -2 -5 
3 -9 1 1 -2 -1 -2 4 
-6 15 -5 -1 -2 1 3 -1 
0 -9 -13 -2 -1 -1 -2 -1 
-6 -7 -7 -4 -3 -3 0 4 
7 6 -11 -6 -1 -1 -1 -4 
-6 5 14 -5 -4 -3 -4 1 
-7 -16 -10 2 -2 0 1 -2 
-1 -3 8 0 -1 0 -2 -2 
8 13 7 2 0 -1 1 11 
-5 -8 -2 -1 -2 -2 0 14 
-2 5 10 0 -1 -1 -5 -51 
-4 -3 -5 -6 -6 -4 -4 -2 
-14 -19 -2 -3 -3 0 2 2 
