#EMG
#4
#ID:4-96
11 9 1 2 -1 -1 -1 -3 
-4 12 14 2 0 1 0 2 
4 -14 -8 -4 -4 -1 -1 -8 
-19 -4 -5 -2 3 -1 4 15 
10 15 -10 2 0 -2 0 -1 
0 -11 -9 -4 -4 -2 -1 -17 
2 -3 -11 -4 -3 -3 -4 6 
47 11 5 2 1 1 1 7 
-3 -1 -17 -5 -1 0 0 23 
-10 0 12 1 -2 -2 -4 -11 
-8 -8 -5 -5 -2 -1 -1 -5 
-1 -4 -19 -2 -1 0 1 4 
5 -15 -7 -2 -1 -2 1 1 
11 -5 -12 -4 -3 -4 -4 4 
-5 -3 -3 -5 -6 -4 -3 -6 
1 7 5 2 0 1 1 0 
-11 16 9 1 0 1 0 -9 
-2 -6 14 11 1 4 1 2 
-7 -6 -9 -8 1 -1 0 -1 
-14 4 -2 -4 -4 -1 -1 2 
4 -6 -10 -5 -4 -2 -5 -11 
16 0 0 0 -2 -2 0 15 
15 -4 2 9 5 1 3 22 
-11 -3 4 0 -3 -3 -5 -44 
-3 -5 -1 -4 -6 -5 -2 -3 
-36 -4 10 4 5 2 2 11 
-2 -7 -15 -2 -3 -2 -7 -32 
-4 -4 7 1 2 3 5 10 
9 4 3 0 0 -3 1 0 
20 9 -15 -6 -5 -4 -4 0 
-10 13 18 6 4 2 3 11 
0 -5 -16 -3 -3 -4 -5 -9 
-2 -4 1 -4 -4 0 -5 4 
-2 15 -26 -10 -3 -3 -2 -1 
5 5 4 0 -2 -2 0 -2 
9 -4 4 -2 -6 -4 -5 2 
-7 -2 -1 -1 1 -3 1 2 
6 -1 2 1 1 3 2 -6 
-15 -1 -14 -3 -3 -2 -3 18 
-1 4 8 12 3 1 -1 -23 
1 2 -7 -13 -6 -5 -3 9 
-5 2 8 -1 -3 -2 -1 -2 
7 -6 -20 -4 -4 -4 -4 -40 
-26 3 7 -1 -1 0 1 23 
-32 -2 10 10 3 3 -4 -22 
3 3 22 5 1 2 3 8 
14 -20 -31 -14 -6 -2 -3 10 
11 -3 -2 2 2 -2 0 5 
17 -3 -8 -3 -3 -1 -2 8 
-16 -13 -5 -5 -1 1 -3 -5 
10 3 14 2 -2 -2 0 0 
0 -3 -18 -6 -4 -4 0 8 
-3 5 10 0 -1 -2 -1 -18 
5 -12 7 6 4 2 2 7 
4 7 28 2 -1 2 1 15 
1 -6 -15 2 -1 -3 -5 -11 
-13 0 -4 -10 -3 -1 0 0 
14 -3 -25 -1 2 0 -2 15 
-12 6 10 -1 -2 -3 -2 -24 
-10 -2 12 -1 0 1 0 10 
1 11 3 4 -1 -2 -2 -8 
8 -27 -8 -2 -1 -3 -6 -22 
-9 -5 -18 0 1 -2 -2 7 
5 2 -7 -5 -3 -1 0 -1 
-3 -9 -4 0 0 2 0 -1 
-26 4 6 -4 -4 -4 0 10 
0 1 1 0 -1 -3 -7 -17 
-3 -4 0 1 4 1 2 5 
-5 -13 -23 -4 -3 -1 -3 -10 
18 10 11 1 0 -1 -1 13 
-12 5 -33 -3 -3 -4 -4 -21 
-9 15 -4 -5 -4 -1 -1 -6 
46 3 3 -3 -3 0 4 28 
-21 7 4 3 3 1 -1 -13 
-8 -1 12 4 -1 -2 -1 -14 
0 -1 3 -6 -1 -2 -2 -7 
1 -15 -14 2 -1 -3 -2 5 
11 6 -11 -7 -6 -6 -3 -7 
4 -7 17 4 1 2 4 25 
7 -6 -8 -1 -1 -4 -2 3 
-6 14 25 -5 -5 -2 -3 -3 
-11 -5 -8 1 0 2 0 -11 
3 6 2 0 -2 0 -3 -7 
-2 3 -3 -3 -1 0 1 -1 
-26 -6 -4 1 -1 -1 3 6 
37 8 -6 -5 -5 -2 -2 21 
-37 -20 -14 -3 -1 0 1 -15 
6 -4 5 0 -1 0 -2 -8 
-5 -3 -5 3 2 1 1 17 
-3 -10 9 0 -2 -2 -4 -27 
10 0 -9 -1 0 1 4 16 
-1 -6 8 -2 -1 -4 -2 -4 
-6 -13 -11 0 2 2 -3 -10 
14 9 -5 1 0 -1 -3 -15 
9 4 9 0 -1 -4 -7 27 
19 25 41 9 3 3 -1 -12 
-89 -8 -24 -7 0 -2 -2 6 
-8 -26 -33 -7 -2 -4 -5 -12 
-9 20 18 3 2 -2 -5 -5 
-9 -12 -19 -4 -2 0 7 2 
21 -6 -9 0 1 0 -7 1 
10 -6 11 1 -1 -2 -2 0 
-4 -11 -10 -4 -1 -1 2 1 
14 3 -12 0 -1 -1 -3 12 
14 5 21 5 2 4 9 -16 
-26 -8 -5 -5 -5 -5 -7 0 
16 -1 2 1 -1 -1 2 7 
-13 7 8 1 0 1 0 35 
46 17 43 7 1 -1 -12 -48 
-66 9 -13 -3 -2 5 16 19 
-4 -3 -5 -4 -4 -8 -26 -34 
-5 -3 10 0 -2 -1 7 17 
11 5 -18 -7 -4 -3 -2 3 
35 2 5 1 2 3 2 3 
-9 -8 -11 -6 -6 0 12 4 
-50 -12 -4 -1 -2 -7 -7 -29 
26 21 19 2 1 0 -6 24 
3 15 14 8 5 4 8 -26 
-6 -15 -8 -9 -5 -1 8 -1 
4 -1 -20 -1 1 3 -1 -9 
-24 -24 -13 -7 -6 -2 6 -6 
18 19 40 3 -1 -5 0 9 
2 -4 -31 -2 -3 -3 -6 21 
11 4 -44 -10 -5 -3 7 -1 
-5 5 15 5 0 -3 -2 -14 
-7 2 -13 -2 -2 -1 -6 3 
22 -9 -13 -7 -2 -1 1 -4 
-15 5 18 4 1 -1 -2 -4 
0 29 37 12 3 -3 2 2 
-9 -18 1 -13 0 4 0 -1 
-10 -32 -20 -1 0 1 5 2 
18 16 -64 -16 -10 -6 -14 -7 
2 36 43 32 13 7 7 9 
1 45 14 -7 1 -1 8 0 
15 44 59 13 8 8 10 6 
-10 -74 24 1 6 -4 -8 -13 
7 -1 -40 1 -18 -5 0 4 
0 -30 3 -11 -5 -2 0 8 
-4 49 -19 -6 -8 -3 -4 -5 
10 9 78 18 5 6 3 -4 
-1 -31 -20 -3 7 0 0 5 
4 -30 -30 -29 -12 -9 -12 -2 
-2 1 51 8 -1 4 5 3 
9 -15 -18 0 1 -2 -6 26 
-9 7 9 4 1 1 3 -26 
-19 16 -5 16 2 0 0 0 
-9 -14 -17 -10 4 3 4 -21 
6 5 -41 -8 -7 -7 -5 5 
-8 -23 -18 -4 0 1 -2 6 
16 23 14 -1 1 1 0 9 
6 -6 12 2 -1 -4 2 14 
-2 38 38 8 4 4 -3 -16 
-7 -13 -39 -29 -11 -9 -11 -1 
-10 -20 3 18 8 2 -3 -1 
-6 -2 -56 -24 -9 -2 -3 -6 
27 15 -16 -5 -2 -2 -3 -41 
13 3 -8 -10 -6 -4 -6 21 
33 -15 19 16 2 1 4 1 
-24 -25 -4 0 0 -2 -13 -11 
-25 -21 -50 -25 -16 -7 0 40 
17 3 14 -3 0 -1 1 -14 
-8 -6 -4 1 -3 -4 -3 -2 
28 5 44 29 6 5 3 9 
-20 -16 1 -11 -1 -3 -6 -20 
-36 -8 1 -2 -1 4 1 -17 
-12 -19 -47 -20 -10 -8 -6 -22 
4 3 18 -4 -6 -4 -2 8 
-51 22 42 19 -3 4 6 -16 
-10 -12 -60 -13 -3 -3 -3 2 
-10 15 -8 -14 4 3 4 -5 
-6 -12 -7 1 3 -4 -5 -14 
16 -16 -14 9 3 0 2 20 
-6 6 11 -7 0 -1 -1 -1 
-5 1 -7 1 -4 -6 -9 -17 
11 20 27 6 2 0 4 8 
-5 9 16 3 2 3 3 3 
-9 -5 -3 3 2 -4 1 0 
10 -10 34 24 5 -1 0 22 
-12 -3 -50 -30 -10 -7 -10 -30 
39 -13 -25 -6 -6 -3 -4 17 
-9 -14 -14 -8 -3 -2 -5 -24 
46 -14 -13 7 -3 2 2 28 
-32 -20 -11 -7 -1 -2 -5 -8 
5 -8 4 1 2 -2 -2 0 
17 -1 13 4 2 0 -3 6 
-9 4 9 4 1 -2 0 22 
37 1 24 4 -3 -3 -4 -31 
-16 18 6 -2 2 0 0 -18 
1 -6 -8 -6 -4 -3 -1 13 
-26 -1 10 12 1 -2 -4 -11 
8 6 8 3 2 -3 0 41 
-16 -11 -9 -14 -1 -3 -1 -9 
3 0 36 4 -3 -2 -6 -5 
-9 -8 -39 -9 -4 0 1 -5 
22 30 11 3 1 -1 -1 14 
-42 2 4 -1 -2 -2 -3 -20 
-13 3 8 7 -3 1 2 2 
-26 1 -30 -8 -4 -4 -11 -7 
-2 -16 2 4 8 2 0 30 
17 -14 -8 -16 -9 -5 -5 -20 
8 0 -13 -8 0 0 0 -5 
-1 16 22 -2 2 2 -1 -8 
15 12 15 11 -3 -2 -4 29 
6 2 -29 -10 0 -3 -1 -3 
-2 -1 1 -3 -4 -3 1 -5 
-1 -9 8 -2 -3 -3 -4 -16 
-18 -5 -3 -3 1 0 3 -1 
22 8 3 8 2 2 4 22 
-23 -26 10 6 0 1 -2 11 
0 26 4 -7 -4 0 4 -31 
-4 -8 -19 -9 -6 -2 4 -10 
2 10 19 3 -2 -7 -11 5 
5 -2 4 1 2 1 5 -1 
-12 -1 17 4 0 0 -4 0 
18 28 12 -10 -2 -3 -4 -1 
-18 -7 -12 1 -2 1 0 -25 
-4 4 -17 1 2 0 1 0 
4 -16 -14 -6 -3 1 10 19 
-7 -1 3 5 1 -1 -4 -16 
-6 16 10 0 -2 -4 -6 -16 
14 -3 6 2 0 -2 -5 2 
-19 14 8 -4 -3 -1 8 -4 
-11 2 -15 -2 -5 -7 -17 -2 
18 -4 13 5 5 2 5 17 
-3 24 -3 -2 -3 -4 -1 1 
11 26 8 -8 -4 -4 -7 4 
-15 -24 -34 0 0 3 10 2 
8 -22 -1 0 -2 2 1 -2 
7 3 5 -2 -3 2 9 -10 
3 -14 28 3 1 -4 -28 13 
-5 -16 -19 -1 0 0 0 -10 
8 22 24 -2 -2 -6 -12 -10 
1 -33 -22 0 5 11 23 22 
-29 -26 23 1 -1 -1 -1 -19 
7 -27 7 -3 -2 5 6 10 
8 -47 14 2 2 -4 -12 5 
1 -12 -23 -10 -10 -6 4 -5 
26 -2 -32 -9 -5 -6 -12 1 
-25 29 22 7 6 5 1 -21 
1 -17 7 2 1 2 14 29 
14 1 6 0 -1 -1 -8 -20 
43 -3 -28 -7 -5 -9 -36 -16 
-5 -14 -31 -1 -2 -2 38 52 
-5 18 10 -2 0 8 10 -7 
2 6 -19 -7 -3 -10 -29 -5 
6 12 1 3 2 9 18 -3 
-11 -7 13 -1 -1 -6 -12 -23 
-11 -5 -23 1 1 -5 -19 3 
13 13 15 1 -3 2 2 6 
-10 -24 -4 -7 -5 -3 15 18 
19 56 -17 -6 -4 -1 -4 13 
-20 -32 -52 2 4 5 15 6 
-3 19 -6 0 1 -1 -13 -1 
-7 13 29 8 0 0 7 -3 
-16 -19 3 7 4 2 3 -20 
15 -15 -34 -25 -11 -10 -19 11 
-1 12 -6 2 0 -2 -6 -4 
1 2 38 3 3 1 9 5 
-1 64 58 17 1 2 -8 -3 
1 10 -12 -8 -6 -2 0 -1 
-3 -19 -22 -10 -4 -2 6 0 
8 -6 -19 -3 1 -1 -11 -1 
-1 -33 5 -1 -3 -1 -11 -4 
-3 15 22 9 -4 0 6 24 
-2 4 -1 16 4 -5 -2 -51 
22 1 -41 -23 -5 -3 2 2 
-25 -8 22 2 -1 -6 -19 -15 
-5 -29 -62 -9 -4 0 4 -21 
0 4 -9 -8 -1 -1 -5 29 
-6 8 44 24 7 2 2 -33 
-1 -17 -38 -13 -4 -1 2 -12 
-30 12 19 2 -4 -3 2 -7 
50 4 51 12 2 0 -7 -5 
-63 -18 -41 -6 -2 5 11 -2 
1 -13 -18 -15 -11 -9 -10 -17 
11 34 84 23 10 8 -1 5 
-18 -13 -34 -15 -9 -3 2 16 
-26 27 27 9 1 -3 -5 14 
-20 -1 -8 -5 -3 -2 4 -9 
-3 -4 -26 -11 -5 -4 -3 -17 
-6 -6 -1 -8 -3 2 7 8 
30 2 21 1 -1 1 -1 13 
7 -10 21 11 5 0 -1 8 
18 -6 8 10 2 -3 -6 -2 
-12 -6 -2 -10 -3 0 -2 7 
-1 -8 -2 3 0 -1 4 -9 
-10 20 11 6 4 -1 -5 -6 
5 15 -11 -8 -6 -2 2 -3 
-8 -16 -6 3 -1 -3 -2 10 
-9 -2 -7 2 -1 1 0 -14 
6 -14 -29 -9 -6 -2 -1 -4 
8 -5 13 9 3 0 2 1 
-7 -13 0 -6 -2 -3 -3 -4 
15 14 -24 -10 -5 -5 -2 18 
5 -43 -7 3 1 2 0 0 
5 5 4 1 2 1 1 -18 
-22 -3 12 6 0 1 -3 -10 
-8 -9 -16 -6 -4 -3 -3 -18 
21 -12 3 -6 -4 -2 -2 -4 
-7 8 3 -3 0 -1 0 7 
-1 1 9 -2 -5 -3 -3 -1 
-1 -7 -8 -2 -2 -2 -2 6 
-16 3 10 -3 -3 -2 -4 -16 
2 10 -3 -5 -4 -3 -3 1 
2 13 18 8 5 3 3 -4 
-6 -8 -7 -5 -2 -1 -2 6 
-24 0 -1 -2 -1 1 -1 9 
-2 -8 -1 -2 -2 -1 -1 -2 
-11 -8 -11 -4 -2 -3 -2 -12 
2 2 7 -1 0 -1 0 11 
21 2 -2 -1 0 -2 -3 12 
-4 -5 6 5 5 0 1 6 
-7 3 -1 -1 1 -2 -2 -8 
6 -5 -14 0 -2 0 -2 -2 
-3 12 12 2 -1 -1 1 -3 
14 -1 -36 -12 -9 -3 -4 8 
0 3 3 -2 -1 -1 0 8 
-4 -3 -2 2 2 -2 1 -11 
-2 -2 -5 -1 0 0 0 -3 
-8 4 6 -3 -4 -4 -2 3 
-19 -5 0 0 -1 -1 2 9 
23 2 6 3 -1 0 -3 2 
-1 -1 -14 -5 -3 -3 -2 1 
6 -4 4 0 0 0 1 2 
6 6 6 3 0 -3 -4 -9 
-4 -3 -2 -5 0 0 0 4 
7 13 10 5 1 4 2 7 
13 -5 -7 -7 -1 -2 1 -1 
-18 4 -6 -4 -4 -1 0 -15 
-4 8 4 0 -1 0 -2 0 
8 -7 -3 -3 -1 -4 -1 0 
2 0 2 3 1 -2 -3 -5 
4 -5 3 0 -1 0 0 2 
-9 -15 -20 -5 -2 -2 -1 -6 
7 -10 -21 -8 -4 -5 -3 0 
-9 -5 10 3 1 -2 0 2 
4 -6 -12 -2 0 -4 -4 -9 
-3 -3 -6 -1 -2 -2 -3 -4 
5 6 9 -3 -4 -1 -1 3 
-7 3 9 0 -1 0 0 -6 
0 -18 -19 -9 -5 -4 -4 -1 
3 7 10 4 1 -2 -1 1 
-7 -1 -9 -7 -2 -3 -1 -7 
-3 5 6 3 1 0 0 3 
66 5 16 4 -1 1 5 43 
-50 -2 0 -3 -1 1 -2 -26 
-2 -10 -7 -3 -4 -2 0 -2 
-9 -5 0 0 -1 0 0 -5 
8 3 -5 -3 0 0 -3 1 
16 -3 4 2 2 1 0 0 
4 9 3 2 1 -1 -1 0 
-7 -12 -26 -6 -1 -4 -3 -11 
-17 8 1 0 -3 -3 -1 -2 
9 -25 -16 -7 -5 -3 0 7 
-13 -8 -6 0 0 0 -2 -11 
9 9 8 3 -1 -1 -1 3 
-20 -9 21 3 3 3 2 -7 
-2 -9 3 2 2 -1 -1 -2 
2 -11 2 2 -1 1 2 -1 
-4 -3 7 -2 -2 -2 -1 -1 
-6 -7 -14 -8 -6 -4 -3 -11 
4 14 6 0 -4 0 0 4 
0 5 8 2 1 4 2 1 
15 5 2 0 -1 0 1 38 
1 0 -7 -3 -1 -2 -6 -40 
16 0 -5 -3 -1 -1 -1 12 
-70 8 -8 -1 0 -1 -5 -23 
-4 2 8 3 0 0 0 -3 
-12 2 -11 -3 -1 -1 0 2 
9 4 -7 -2 -4 -3 -3 7 
22 0 -1 -1 -3 -1 -1 7 
2 0 3 -4 -4 -1 -2 -11 
-10 -2 -11 0 1 0 -2 6 
-10 1 5 1 -1 -3 0 -4 
10 -5 10 1 -2 -2 -5 -2 
-13 -7 -3 0 0 0 -2 -11 
-3 2 3 4 2 2 3 2 
1 5 -1 -1 -1 -3 -2 2 
7 -2 6 -1 -1 -1 2 3 
-2 2 4 0 -2 -2 -1 2 
10 4 -5 -3 -4 -1 -4 -7 
1 -1 0 -4 -4 -1 0 0 
-2 25 7 -1 1 1 1 7 
-1 2 2 -2 1 -2 -1 -6 
-8 2 8 1 0 -2 0 8 
11 -4 0 0 2 2 2 23 
37 -13 -7 -1 -1 0 -2 -20 
-31 -10 -10 -2 -1 -3 -2 -8 
17 3 7 1 2 1 0 -3 
-53 -3 6 -4 -4 -4 -5 -3 
-1 -10 -9 -5 -2 -3 -5 -22 
-1 -10 -16 -3 0 1 -1 -7 
-3 -5 1 1 -1 2 2 6 
6 6 -3 -1 -2 -4 -3 -19 
1 1 -12 -3 -2 -3 0 22 
-7 5 10 1 -2 -2 -4 -18 
4 -1 -8 -2 -2 0 0 11 
3 -8 -10 0 1 0 -2 -10 
-5 -5 5 0 2 -1 1 12 
12 6 4 -1 -3 -2 -2 -3 
-7 -2 -4 -3 -4 -4 -2 6 
6 3 2 -2 -1 0 -1 -5 
10 -5 -1 0 -2 -1 0 22 
-3 6 0 4 2 0 0 -21 
2 -6 -6 -3 -2 -5 -6 -3 
-10 -9 -25 -7 -3 1 1 -3 
-9 -3 0 -6 -4 -2 -1 -5 
7 -5 -6 -5 -2 -3 -4 10 
19 -2 5 -2 -2 -3 -1 2 
6 -1 15 9 4 -1 -2 -4 
19 3 2 -1 -1 0 1 3 
-37 -10 -10 -6 -5 -4 -2 12 
-6 0 3 -1 -3 -4 -6 -20 
7 6 6 1 4 1 3 14 
10 6 5 3 0 0 0 1 
1 -12 -22 -7 -4 -3 -5 -15 
-6 11 5 -1 0 -1 2 15 
-12 -7 13 -1 -4 0 -2 -15 
-8 1 -3 2 0 -2 -4 -4 
8 4 1 -2 -3 0 1 5 
4 -7 -1 5 2 2 1 2 
15 2 -18 -7 -4 -5 -5 8 
-11 -1 -4 -3 -2 -1 -1 -11 
7 -6 3 1 0 -2 0 4 
0 3 -11 -4 -3 -4 -2 -2 
25 11 11 2 1 0 4 12 
-18 -3 -3 -5 -5 -5 -3 -16 
3 0 2 3 1 4 1 3 
-15 -11 -3 3 5 3 1 -10 
-5 -3 -15 -2 -2 -4 -1 -5 
-3 -1 -6 -3 -3 -2 -2 6 
4 20 17 3 0 0 -1 -3 
-3 5 0 -4 -3 0 -1 1 
-7 -6 -1 -4 -3 0 -2 -6 
-2 9 25 8 5 2 2 1 
-1 -13 -21 -10 -7 -5 -4 0 
-7 -8 5 -2 -1 1 0 -3 
-12 -4 -4 -4 -2 -2 1 -1 
0 -6 4 2 1 1 -3 -14 
-5 0 8 1 1 -1 0 -1 
-6 -5 -8 -3 -2 -3 -2 -3 
-11 -12 -30 -3 -2 -2 -3 -11 
-7 -9 -8 0 0 1 1 17 
2 -1 1 -1 -1 -2 -3 2 
1 -9 -3 -3 -3 -2 -3 -14 
5 2 15 -2 -2 -3 -2 -3 
-23 -13 -9 3 2 1 3 -2 
28 -3 -1 -1 3 2 3 23 
-14 10 4 2 -2 -2 -4 -29 
-3 -2 6 0 -1 1 1 5 
7 -2 -8 -6 -3 -2 -2 -5 
-2 -4 10 3 0 -1 1 -5 
2 -3 1 0 0 -2 -1 11 
-3 31 13 1 0 2 1 3 
-3 -11 -26 -7 -6 -3 -4 -10 
-7 4 7 3 -1 0 0 0 
-6 9 13 1 0 -2 1 1 
1 -9 -3 -2 -2 -3 -3 -5 
4 1 -2 0 -3 0 0 10 
-13 -1 -1 -3 -1 0 -2 -16 
12 -2 -4 0 -1 0 1 10 
1 -6 0 0 -2 -2 1 -4 
-3 12 10 2 3 -1 -1 4 
1 -6 6 1 2 7 6 -11 
43 -10 -10 -8 -3 -3 -2 23 
-49 -8 -7 -3 -3 -4 -7 -32 
-4 -4 5 1 -2 -1 -2 -1 
6 6 -4 -1 -1 -3 -1 5 
1 3 3 1 1 0 0 3 
15 0 7 6 2 1 1 32 
1 -9 -8 -7 -2 1 0 -10 
-17 4 4 0 1 -1 -3 -19 
-7 -1 -3 0 -1 0 1 11 
29 4 -4 -2 -3 -3 -4 2 
-10 -7 -2 -3 -1 1 3 6 
2 2 -2 -4 -3 -4 -2 5 
-5 -6 8 4 4 2 0 -5 
2 -17 -30 -10 -6 -4 -2 -5 
2 15 -3 -6 -4 -5 -3 -2 
6 -5 -6 -2 -4 -3 -2 -2 
-7 -2 -4 -2 -4 0 -2 -7 
-11 -13 -1 -3 -2 -2 -1 -11 
-8 1 -7 -4 -4 -2 -1 -6 
1 -5 -9 -2 0 -2 -1 5 
-10 -2 9 2 1 2 1 0 
1 4 4 1 2 3 2 2 
5 -5 2 2 -1 -1 -1 -3 
4 27 9 -1 -2 -4 -3 3 
-12 -6 -4 -4 -3 -3 -4 -3 
-6 2 3 2 4 0 0 -1 
0 1 10 2 2 1 0 -10 
-13 -9 -9 -1 0 -1 -1 -1 
3 1 1 -2 -2 -2 -2 -6 
-1 -2 -6 1 -1 -1 0 -5 
14 3 6 4 3 1 1 19 
7 -20 -18 -6 -2 -3 -9 -36 
-5 0 -3 -6 -3 -3 -2 -1 
5 2 7 -2 -4 -2 -2 13 
2 -2 -4 -1 -3 -3 -2 -12 
6 1 2 0 -2 2 2 11 
6 2 -6 1 -3 -3 -2 10 
-17 -17 -23 -8 0 0 -2 -29 
18 18 4 4 5 2 3 18 
-52 -5 -3 -3 -3 -1 1 -8 
8 -2 -8 -2 -4 -3 -5 6 
17 -4 4 1 0 1 0 18 
-22 -17 -7 -1 -4 -3 -6 -22 
12 -1 3 1 0 0 2 4 
-2 2 -10 -3 2 1 3 -2 
4 7 27 2 -1 0 0 7 
-1 7 -14 -8 -5 -3 -5 -16 
-8 -9 -14 -7 -3 -2 -2 16 
1 -3 -12 -3 -3 -1 -4 -17 
-6 2 4 2 1 0 -1 -14 
-3 -1 7 -4 -4 -1 0 11 
4 4 9 3 1 1 0 1 
-12 1 0 -1 -1 0 -1 -1 
-4 0 -8 -1 -1 -2 -3 -1 
5 1 1 0 -3 -4 -2 9 
4 0 -12 -5 -5 -2 -4 -13 
-23 -3 21 7 8 5 5 8 
-3 3 8 -3 -2 -3 -5 -8 
36 -3 -3 -2 0 0 0 2 
1 2 6 1 -1 -2 -3 11 
-3 -4 -3 -3 -3 0 0 -7 
6 2 -2 2 -3 -1 -2 0 
-11 8 7 -3 -1 2 3 4 
15 7 9 0 0 0 0 0 
1 -4 -3 -5 -6 -3 -2 -6 
20 2 -2 1 0 0 1 20 
-17 -4 7 0 1 -2 -2 -16 
4 3 -2 3 1 0 2 -9 
-3 12 -2 -1 0 -3 -4 3 
-7 5 -4 -3 -4 -1 -3 -16 
-4 -12 -11 -3 -3 -2 -2 12 
-6 -5 0 -2 -3 -3 -1 -2 
3 -3 -3 -3 -2 -2 -3 -4 
-8 -10 -6 3 4 2 3 2 
-2 -1 -1 0 -2 -2 -2 -4 
8 -2 3 2 2 0 -2 11 
-17 -6 4 -5 -4 -2 0 -4 
-5 7 -5 -4 -3 0 -1 -1 
1 -10 -10 -3 -1 0 -1 -7 
-2 -6 3 -2 -1 -1 -2 2 
-6 -5 -4 1 0 0 1 -1 
0 -3 -2 0 -1 -1 0 4 
28 3 14 4 2 2 5 30 
-36 -15 -22 -9 -5 -6 -10 -57 
19 -5 -9 1 1 -1 0 13 
-8 2 2 0 -2 -3 -1 -17 
1 -1 -3 -2 0 -2 -2 -3 
9 0 2 2 1 3 3 25 
2 -4 18 8 6 6 3 -1 
-5 10 -1 -6 -1 -2 -2 -2 
-23 -9 -8 -5 -2 -1 -2 -5 
-1 0 1 -1 -1 0 0 9 
-7 -3 -4 -3 -3 -3 -5 -12 
6 -4 3 0 -5 -1 1 8 
-6 1 1 0 -2 0 -4 -9 
-1 11 15 3 1 0 1 7 
11 -16 -14 -6 -5 -4 -4 -4 
2 -4 5 0 0 0 3 -4 
-16 11 11 -1 -1 -2 -1 4 
54 -5 -7 -1 -1 -1 -1 12 
-44 -4 -12 -4 -2 -3 -5 -21 
6 -2 -1 -2 -2 -1 -1 9 
-4 -8 -2 0 -3 -2 -3 -8 
8 1 2 1 0 1 0 5 
2 5 -5 -5 -4 -6 -2 -2 
1 -4 -6 -1 -1 -2 -3 10 
18 3 -2 1 1 -1 -1 -15 
-20 -11 -17 -5 -3 -1 -2 10 
15 1 -3 -1 -2 -2 -2 1 
-3 3 -7 -1 0 -2 0 2 
-5 -12 -13 -2 0 1 -1 -2 
-6 4 -1 0 0 0 3 12 
20 25 8 -1 0 1 0 -2 
-59 -10 -8 -2 -2 -1 -3 -15 
3 11 10 -1 -1 -2 -1 4 
-28 -5 -1 0 0 -2 -2 -17 
-10 -7 -7 -3 -1 -3 -3 -1 
23 -1 4 0 2 -1 -2 1 
-8 4 -7 -2 0 -3 -2 0 
-14 0 -1 -4 -2 -1 -2 -7 
10 -7 0 4 5 5 4 2 
14 5 -3 -2 -2 0 -1 -4 
-3 -12 5 1 -1 3 3 19 
6 -8 0 -5 -1 -2 -3 -24 
2 -4 4 0 -2 -2 0 9 
-5 -4 0 0 0 -2 -2 -9 
2 -4 3 -1 -2 -2 -2 -1 
7 3 -5 -2 -6 -4 -1 3 
-9 1 4 1 0 2 2 4 
0 -7 -1 -1 0 1 4 1 
0 5 -16 -6 -3 -3 -5 -8 
12 2 -9 -6 -3 -2 -1 1 
-58 -7 -5 -2 -5 -3 -2 -9 
-12 3 10 1 1 2 2 -2 
-7 -15 -14 -6 -4 -2 -4 -16 
6 7 2 1 2 2 -1 5 
