#EMG
#7
#ID:7-74
-2 -2 2 -2 -1 -3 -6 -17 
12 -1 -4 -3 -3 -1 1 4 
-1 2 3 -1 -1 -2 -2 -2 
2 0 -2 -6 -2 -3 -3 4 
-3 -7 -9 2 1 1 1 9 
4 1 3 1 -1 1 0 2 
29 2 4 -2 -1 -3 -3 -19 
-45 -1 -16 -5 -4 -2 -3 -6 
-3 -1 9 1 1 -1 -5 -19 
-4 -5 8 4 5 2 4 7 
4 0 -6 -3 -5 -2 0 5 
-16 -3 5 2 0 3 2 -1 
11 -12 -11 -1 -2 -3 -4 0 
-12 -4 -8 -5 -2 -2 0 9 
-3 0 -12 -5 -3 -3 -3 -30 
6 -5 5 -3 -3 -2 -1 0 
-14 -2 8 4 4 2 5 3 
10 -13 -9 -2 1 2 2 9 
-12 -1 -2 4 0 -1 -3 3 
4 10 17 3 -1 0 -1 4 
4 3 -5 -4 -3 -4 -4 1 
-4 3 8 1 -3 -2 -1 -11 
0 -8 -10 -2 1 1 0 22 
-2 -4 -4 -1 0 -3 -4 -7 
-4 4 6 0 -1 1 1 -5 
-6 2 -8 -2 -1 -2 -3 -7 
-8 2 11 -1 -2 -1 -1 -3 
12 2 1 0 2 0 0 16 
-10 -2 22 3 3 1 1 -6 
8 -4 -3 -1 -4 -6 -5 -10 
7 -9 -4 -3 -5 -2 -1 29 
11 13 -5 -2 -3 -5 -4 -26 
-24 -13 -4 -2 1 0 -1 -18 
7 -9 -18 -3 -1 -1 -3 -9 
-5 9 15 5 5 2 1 0 
1 -2 2 -4 -2 -1 1 13 
-1 1 -22 -9 -10 -9 -9 -7 
3 -2 8 6 1 0 0 -1 
-3 -6 -4 -2 -3 -3 -2 -1 
3 -5 -4 -2 -3 -1 -2 -7 
10 8 8 1 1 2 3 17 
-12 -1 -4 -2 -2 -2 -2 -2 
13 0 2 -2 -2 -1 0 -2 
11 -7 -8 -1 -2 -1 -1 12 
10 5 -8 -2 0 0 2 -1 
14 4 6 -2 -4 -2 -3 13 
10 6 -1 1 1 2 1 -26 
-17 0 8 0 2 2 0 -6 
17 -7 -18 -8 -3 -2 1 27 
-23 4 2 0 -1 -3 -4 -33 
4 -2 1 -1 0 -2 0 -5 
-14 -7 0 0 0 0 0 1 
-12 8 5 1 -1 -2 -2 -7 
7 -2 -6 -2 -2 -1 -1 9 
-9 -13 -12 -5 -4 -4 -4 0 
-4 -5 -10 -1 -3 2 11 -7 
10 -4 -1 2 -3 -5 -18 17 
-9 -10 -8 -6 -5 -1 -2 1 
-21 -8 -2 1 2 0 2 -8 
27 0 -8 -3 -2 -5 -10 1 
-14 -8 5 2 0 0 3 10 
-15 -1 -9 -1 -2 -2 -5 -13 
5 -5 1 -2 -4 0 5 -2 
13 -1 2 -3 -1 -2 0 19 
-3 -12 -12 2 0 0 8 -14 
18 -2 7 1 4 0 1 11 
-16 8 10 2 1 4 0 -3 
-1 1 13 -2 -2 -2 -2 -5 
7 5 -3 -2 -2 1 6 13 
9 18 27 4 4 1 -6 0 
4 12 -54 -7 -6 -7 -9 7 
-7 -7 -10 -7 -4 -2 6 4 
-14 -4 -5 -2 1 0 7 -7 
-2 18 17 0 0 -4 -6 -3 
-2 -27 6 -6 -4 0 6 1 
-9 10 20 4 2 -3 -17 -6 
5 -1 2 -5 -5 -2 6 -4 
1 -9 -24 -4 -5 -2 0 14 
-1 22 59 11 5 1 -1 -2 
-6 -24 -41 -11 -7 -2 4 -4 
9 4 21 12 6 4 -5 -6 
-8 -28 -34 -8 0 -1 0 -8 
-10 62 34 6 3 -3 -6 -9 
2 -21 -25 0 -4 0 0 0 
-2 15 -15 -7 -4 -5 -9 -9 
-10 -60 -17 2 7 5 6 -4 
13 -1 8 3 -2 -5 -11 5 
0 30 30 -2 0 0 4 2 
-27 -33 -8 1 9 3 -2 -7 
11 5 -12 -4 0 -1 0 1 
-17 -34 -4 6 1 -1 1 3 
3 21 4 -20 -11 -1 2 -5 
8 60 45 8 -1 -2 -5 -4 
0 -36 -17 0 -4 -1 8 14 
-7 4 72 35 22 10 6 -5 
-8 14 -34 -30 -13 -11 -13 -4 
-3 -20 31 24 -10 -8 -8 -2 
11 33 -20 -18 8 7 10 15 
5 -17 -59 -42 -30 -14 -11 -15 
-3 15 29 21 11 3 -2 -24 
-6 -21 -12 -4 3 3 4 -11 
-3 37 59 25 3 1 3 -2 
13 -4 -6 0 -2 0 -1 27 
6 -1 8 6 6 0 9 9 
31 -14 -15 -1 1 1 5 23 
-25 -25 -32 -15 -11 -7 -6 -47 
-6 0 -42 -15 0 1 -4 -4 
-4 -35 -11 5 3 -2 -1 11 
8 14 8 0 -2 -1 -5 -22 
2 14 8 2 -4 -4 -2 19 
-8 -20 -31 -22 -8 -4 4 -17 
-2 -5 6 13 3 1 -9 -6 
0 16 3 -10 -2 2 7 20 
28 9 12 9 4 -2 -6 18 
3 12 -4 0 -4 -5 -5 -13 
-6 -8 -11 3 3 2 4 0 
-10 -6 -33 -15 -3 -2 -1 1 
3 1 9 3 -4 -5 -11 -2 
1 2 2 6 3 2 12 10 
8 19 -22 -5 -5 -1 -1 6 
4 -14 -9 -7 -4 -3 -4 -18 
-15 -11 4 6 5 4 4 -9 
3 5 14 -3 -4 -8 -18 -1 
-9 -18 27 2 -1 2 5 -3 
-16 -3 -41 -5 -2 -4 -7 -11 
9 9 3 -6 -7 -1 1 18 
-29 -4 13 1 3 2 6 -28 
2 -21 -23 5 0 -4 -10 -13 
7 -25 -6 -4 -2 -1 0 -1 
-11 1 10 -3 -2 2 -4 -3 
14 -6 -28 -7 -5 -4 3 12 
-1 -1 6 4 1 1 -4 -6 
8 28 10 5 5 -1 -20 17 
1 -15 -28 -12 -9 -15 -19 -5 
0 -6 14 2 6 10 7 11 
6 -3 13 -2 -1 -5 0 25 
-16 -16 -23 -4 -3 -2 10 -13 
2 -8 8 5 2 5 16 16 
-3 -5 -20 -3 -5 -6 -20 -31 
-1 8 -6 -4 -3 1 10 18 
9 5 19 -1 0 0 -23 26 
-14 4 -2 -7 -8 -9 16 -11 
-20 52 11 13 7 4 2 -7 
0 22 6 -11 -3 -2 -4 -3 
-11 -7 0 -3 -2 -1 2 -26 
16 -3 13 3 4 4 -35 -20 
4 -22 -27 -5 -5 -1 3 18 
-22 -26 2 -4 0 -1 2 -30 
-4 12 24 7 1 0 8 2 
-3 2 15 1 3 3 0 -12 
5 -7 -9 1 2 -1 6 -3 
2 -15 4 6 -1 -5 -15 -7 
-8 -18 -6 -7 -4 -2 4 -7 
-10 -14 -33 -22 -7 -3 2 1 
2 -6 9 9 -3 -4 -6 11 
6 1 -23 -2 0 2 1 -7 
4 -4 55 12 0 0 3 9 
2 4 -14 3 -1 -2 -4 1 
-11 23 24 8 13 9 5 3 
-8 -28 -40 -3 -5 -3 -3 -4 
-3 9 4 -14 -7 -5 -2 -10 
6 2 8 -6 -1 -1 0 2 
2 -24 -2 -2 -1 -2 1 2 
0 19 34 13 -3 -3 1 0 
-17 15 13 -4 3 1 -2 6 
15 -3 -33 9 -4 -2 3 5 
-6 -18 -78 -38 -17 -11 -8 -21 
7 -2 11 21 9 8 9 22 
-15 -5 -14 -14 -4 -6 -5 -46 
-10 13 16 6 0 3 5 8 
17 -6 28 8 1 -1 -3 5 
-12 -2 -10 -9 -5 -4 -4 -2 
6 -9 21 23 9 5 3 6 
-15 18 -6 -5 -1 0 0 7 
-7 5 -2 -3 -2 0 2 -3 
6 5 17 -2 2 -1 -1 -9 
6 4 -24 3 3 0 -1 3 
9 -2 6 -7 -4 -1 -5 -11 
-6 -13 -16 -7 -3 -4 -7 6 
17 14 14 -1 1 1 7 10 
-12 -7 -5 0 -4 -4 2 22 
12 -11 -16 -12 -7 -8 -9 -21 
-11 -3 21 3 -1 2 5 -5 
13 -1 14 2 -1 1 -2 13 
-16 -3 -16 -7 -5 -3 -4 -10 
0 10 25 22 6 2 3 2 
4 -10 -12 -21 -7 -7 -2 10 
-9 -5 -10 -9 -4 -2 -10 -12 
6 2 1 4 -1 0 14 -5 
-21 -1 -11 -5 -4 -6 -20 -12 
-7 3 17 13 2 0 2 -5 
7 5 -11 -2 1 -1 -2 8 
9 2 -34 -18 -13 -3 3 1 
-13 -6 9 2 1 -2 -4 -11 
14 0 6 5 -2 -1 -5 6 
-10 0 -6 -6 -4 -2 -3 3 
-5 -8 2 -3 0 -1 -5 -1 
25 -8 -1 -5 2 5 12 13 
-38 -18 -2 4 1 -1 -6 -13 
-5 3 -35 -11 -6 -5 -3 -14 
0 9 -4 -7 -4 -5 -9 -2 
1 -5 -13 -8 -3 -2 2 12 
12 0 13 14 1 0 1 6 
0 -5 2 -12 -1 -1 0 -5 
-4 -1 2 -2 -2 -4 -12 -13 
-5 6 7 0 0 1 6 -7 
7 7 -1 2 0 -1 -2 1 
-11 -13 12 7 1 4 8 20 
28 -7 -14 -3 -3 -1 2 -3 
-3 -5 -1 -5 -4 -3 -12 6 
-10 -3 1 -1 0 -5 7 -21 
13 4 11 -1 -1 -5 -12 -11 
-8 16 1 0 1 4 28 21 
-8 3 4 9 4 -4 -15 -16 
-1 15 -22 -13 -7 -1 2 21 
-10 -7 4 -1 3 11 26 5 
-9 -1 21 1 -4 -9 -22 -4 
-14 -3 -14 -4 -4 -3 -4 -2 
22 -3 18 0 1 1 -8 7 
-5 38 24 5 2 -2 3 -11 
-8 -38 -46 -3 -3 2 4 2 
0 0 11 0 -1 -1 2 -10 
0 2 14 -4 -3 -3 -19 -11 
-14 -18 31 -3 -4 -5 2 0 
-1 4 -18 3 3 0 -9 -6 
-4 3 -14 5 1 -3 6 10 
1 15 0 -6 0 -3 1 -13 
-15 -84 -38 -13 -6 0 -4 -17 
20 -7 29 13 -4 -1 0 6 
1 -6 -10 -1 0 1 1 -7 
-12 -86 -79 -18 -6 -1 9 8 
-8 -59 -103 -24 -6 -5 -9 -3 
17 2 104 45 31 3 -18 0 
16 34 81 33 -8 6 18 24 
-1 -28 -63 -44 -20 -15 -17 -14 
1 54 8 -4 -10 -2 -3 -1 
-4 1 -71 -40 -26 -9 -2 -12 
-5 -28 67 24 24 6 5 2 
-4 53 9 6 -15 2 2 6 
9 8 30 16 6 -4 -6 -5 
-7 5 -1 -13 4 1 9 11 
-4 -2 -19 -12 1 -7 -11 -11 
3 -1 49 20 13 3 2 1 
7 10 0 12 6 4 1 7 
-14 0 32 24 8 4 -5 -29 
-2 5 -32 -31 -11 -2 3 13 
-11 -10 -25 -9 0 6 19 4 
7 21 9 4 -1 -2 -15 6 
1 14 31 9 2 1 12 44 
-7 -16 -48 -15 -11 -7 -10 -35 
7 19 6 -5 8 0 1 -4 
-8 5 -14 -21 -12 -3 -1 0 
1 3 26 8 1 4 3 10 
-6 5 6 -7 -2 4 5 -1 
-2 -15 7 13 -3 -4 -3 8 
35 14 28 17 10 4 4 10 
-53 -13 -22 -10 -4 -6 -7 -55 
-6 -3 -2 2 -3 -6 -8 0 
1 11 14 -3 2 2 -1 0 
-18 -14 2 3 2 -6 -9 -11 
5 -9 -29 -7 -4 -2 0 8 
-4 -11 4 1 4 2 5 14 
5 13 -7 6 -3 -4 -10 -21 
14 -14 19 -3 -4 -5 0 18 
-24 26 -20 -5 2 2 -2 -6 
-18 -6 -9 -8 -5 -3 -3 -42 
-2 -10 17 7 4 -1 -2 6 
7 21 32 0 -2 -2 0 -3 
26 -51 -48 -18 -8 -5 -7 16 
5 13 18 1 0 -1 0 0 
-15 -2 -21 2 -1 -2 -1 -8 
4 3 9 -2 -1 -3 -6 -6 
-2 -6 -1 -8 -6 -4 0 -1 
-2 -8 -27 -5 -1 0 1 4 
-2 -6 18 6 5 3 -1 2 
-11 -3 -8 1 2 2 1 -7 
5 -8 -24 -7 -2 -2 -5 -5 
1 9 7 1 -1 0 -1 3 
-1 5 5 -1 1 1 -2 3 
-8 6 3 1 -1 -1 1 -13 
9 10 2 -4 -3 -2 -3 4 
9 16 -9 -4 -5 -4 -3 5 
-5 -5 11 4 2 1 2 4 
-18 -6 -16 -3 -3 -1 -2 -8 
6 3 11 0 -2 0 0 -2 
4 -12 -6 -4 -1 -3 0 7 
3 0 -1 -5 -3 -3 -3 1 
3 10 -21 0 -3 -2 -4 -4 
-9 -15 2 -6 -3 1 2 3 
-2 -12 -5 -3 0 0 -1 0 
1 -3 5 -2 -3 -4 -2 -2 
-6 1 -4 -1 4 2 0 -4 
6 2 -6 2 2 3 1 6 
5 0 5 5 0 -2 -4 -8 
0 5 2 -1 -1 -2 -3 -2 
4 -2 1 1 -1 -1 -2 0 
-9 -8 -3 -4 -1 -1 1 0 
12 1 -7 -6 -4 -4 -1 -8 
-28 -6 -11 -1 -3 -2 0 12 
-3 19 10 1 0 0 -3 -27 
9 0 -6 -1 -2 -3 -4 0 
3 -4 -1 -1 -4 -3 -5 6 
1 -11 3 0 1 1 2 0 
1 -8 -9 -3 -2 -1 1 9 
-3 7 5 -1 -3 -1 -2 -6 
-2 0 0 0 2 2 1 14 
11 6 0 -1 -2 -2 -2 -9 
-6 -3 0 6 4 3 3 10 
5 3 -10 -4 -3 -3 -7 -7 
-10 -4 -4 0 -2 -3 -1 -2 
4 4 6 -3 -2 0 2 4 
2 -2 -1 -5 -3 -3 -3 9 
4 1 -4 -3 -2 -6 -5 0 
-5 0 1 -3 0 4 3 -12 
16 -5 4 3 0 -2 -4 -1 
-16 -22 0 -4 -6 -1 1 -4 
1 8 1 0 -1 -2 1 3 
-6 -6 -3 0 0 1 0 2 
7 -4 -3 0 3 0 -1 -4 
10 -2 -4 -2 -2 -2 1 28 
-13 1 2 0 -1 -3 -8 -55 
3 2 7 2 -2 -1 -2 1 
-15 -3 -3 -1 4 3 0 -2 
2 6 -22 -9 -4 -4 -7 -8 
0 -4 -5 -3 -3 -2 1 14 
3 6 -1 -2 -2 -2 -3 -2 
-6 4 0 -2 -3 -1 -2 -8 
0 8 2 1 1 0 -1 -2 
5 -6 -9 -3 1 2 1 14 
-9 -8 -14 -5 -3 -3 -1 -8 
6 7 1 2 -1 2 2 25 
-4 -10 -5 -4 -2 -4 -5 -35 
0 3 5 5 0 1 2 8 
5 5 2 0 1 -2 -1 13 
22 -5 -7 0 -1 -2 -3 -8 
-21 1 2 1 0 0 0 -2 
-4 5 13 6 2 1 0 -4 
-8 -7 -17 -2 -1 -1 2 0 
8 1 -3 -5 -3 -4 -2 -3 
-6 -15 7 3 2 0 0 7 
8 -4 -1 -2 -4 -4 -5 -13 
4 0 1 0 -2 -1 -1 5 
-11 1 3 -2 -1 -3 -1 -6 
8 -3 2 -2 -1 -2 0 -5 
-15 -4 -7 -1 1 -1 0 22 
-6 2 2 -1 0 0 -2 -23 
-1 2 -1 -3 -4 -2 -2 -4 
-2 7 -10 -3 -3 -1 -1 -3 
6 -3 1 -1 1 0 1 12 
4 3 3 -3 -1 -1 -1 -3 
-10 -2 13 5 0 0 -3 -5 
42 8 2 -1 -3 -3 -1 18 
-57 -11 6 3 3 3 1 -15 
-3 -6 -11 -6 -2 -3 1 7 
-13 6 -7 -4 -4 -3 -3 -20 
-4 0 -1 0 -3 -4 -4 3 
13 2 10 -1 -3 0 -2 -3 
-5 -7 12 2 3 1 -1 1 
-2 -6 -6 -4 -4 -2 -1 7 
-7 -27 -32 -6 -4 -3 -3 -3 
19 11 8 -2 -1 -1 0 8 
-13 -5 -4 -4 -2 -2 0 -7 
0 0 -4 2 1 1 0 -7 
-10 -7 7 1 1 2 1 -7 
5 -4 -4 -1 -2 0 0 -1 
13 -1 -5 -4 -4 -4 -3 19 
-8 0 -3 -1 1 0 0 -3 
1 -2 -3 -5 -5 -3 -1 2 
4 -4 -8 -4 -1 -2 -2 -6 
0 9 10 2 0 0 -2 -2 
7 -6 -4 0 -1 -2 -1 5 
-30 12 -1 -2 -3 -1 -1 3 
-2 -3 6 4 5 6 4 -8 
-9 -3 12 4 2 1 -1 -37 
-4 13 14 -4 -2 -3 0 5 
9 8 -2 -1 -1 -1 1 3 
6 2 5 0 -3 -4 -2 7 
-14 2 3 -2 -1 -1 -3 7 
4 -12 0 3 3 5 3 11 
-6 0 2 -1 -1 -3 -3 -19 
1 2 -8 -4 -4 -1 -3 3 
9 -1 -4 -1 -1 -3 -1 5 
1 10 11 3 0 1 1 1 
0 -10 -12 -5 -3 0 -3 0 
-6 -1 -3 -2 -3 -1 -3 -11 
13 6 -15 -4 -4 -2 -2 6 
-4 -9 -1 -1 1 1 0 4 
-5 8 20 6 4 3 1 -7 
5 -2 -2 -5 -2 -3 -2 0 
7 7 2 -3 -2 -2 -2 18 
1 10 -13 -1 0 0 -4 -23 
-4 -3 3 0 -1 0 -1 -3 
0 0 -3 -1 1 -1 -1 0 
-3 -7 -5 -2 -2 -2 -1 1 
5 -2 1 -2 -2 -3 -6 9 
-3 12 -5 0 3 3 2 -2 
10 -3 -13 0 -2 -4 -1 -2 
-9 -7 -6 -3 -2 1 0 -7 
5 -9 2 -3 -4 -3 2 24 
2 25 12 3 2 -2 -5 -35 
-12 -2 4 0 -1 -3 -2 2 
-5 -8 -7 -4 -2 -2 -3 -8 
2 -1 -5 -2 -2 -1 0 4 
9 -15 -1 -2 -5 -4 -3 16 
-3 -2 -8 -3 -3 -1 -1 -6 
3 -1 0 0 -1 0 -2 0 
-8 -2 0 -1 -2 0 -1 -11 
-1 -8 -4 -2 -1 -1 1 5 
-7 -3 4 0 -1 1 -3 -4 
8 -2 -5 1 -2 -1 0 18 
-13 1 -1 -3 -1 -3 -4 -29 
-8 -9 -5 -3 0 0 1 1 
20 3 6 0 0 -1 1 19 
-27 -11 -12 -2 -1 0 0 -4 
15 -6 2 0 -4 -2 -3 3 
11 0 -8 0 0 2 4 14 
-36 -12 -10 -4 -2 -3 -3 -29 
-2 0 3 0 1 1 1 -5 
-4 0 -2 -2 0 -3 -4 -20 
0 -5 0 2 -2 -3 -3 -1 
10 -1 11 2 -1 -1 4 11 
4 2 -3 -5 -6 -5 -3 11 
-13 -16 -8 1 4 1 2 -8 
0 1 2 -2 -2 -2 -1 3 
-1 6 -1 -1 -1 -1 -2 -2 
4 1 3 1 -1 -3 -3 -2 
0 8 -3 -3 -3 -3 1 7 
-2 2 -5 -2 -3 -1 1 -2 
0 -2 -4 0 1 0 0 5 
-2 -6 2 -4 -3 -4 -2 -11 
0 -7 1 -2 -2 0 0 4 
-4 -3 2 0 0 -2 -2 -2 
8 9 -1 -2 -6 -4 -4 -2 
-10 -10 -2 2 3 3 2 -7 
-1 7 -1 -2 -2 -1 -2 5 
1 2 -5 -3 -2 -3 -3 -2 
-9 -6 1 -1 1 -1 1 -2 
3 2 -6 -3 -2 -3 -4 -7 
-11 -9 4 -1 -2 1 0 4 
-4 0 -8 -4 -3 -4 -5 -4 
4 -5 -2 -1 -1 1 -2 1 
17 1 12 3 1 0 1 18 
-21 2 4 1 2 -1 1 -15 
6 -26 -13 -6 -7 -6 -5 -10 
-3 -1 -4 -3 -3 -2 -5 -11 
0 0 -2 -3 -3 -2 -3 -1 
5 10 4 1 -1 1 0 7 
-1 -6 10 1 1 1 1 28 
-4 1 -3 0 0 0 -2 -20 
-10 -5 -2 -4 -2 -3 -3 -11 
11 -4 -14 0 -1 -3 1 -4 
-1 1 -4 -1 -2 -1 -2 -8 
-16 -16 -9 -1 -2 0 -2 6 
2 13 3 0 -1 -2 -2 -10 
-4 -5 -3 0 -2 0 0 1 
3 4 5 -2 1 1 -1 -3 
12 -6 4 -1 -2 -1 -1 11 
-13 -3 -10 -1 -3 -2 -3 -18 
2 -3 -3 -1 -1 -2 -1 4 
-6 3 5 0 -1 0 -1 -5 
1 7 6 1 3 1 3 3 
-1 -7 -14 -4 -5 -3 -2 6 
3 -5 -14 -5 -3 -4 -3 2 
-7 -8 8 -1 0 -2 0 -6 
-3 -3 5 1 -1 0 2 2 
8 10 17 6 1 0 0 -1 
-10 -4 4 -4 -3 -2 -3 -4 
2 1 -13 -7 -6 -4 -3 -8 
31 13 -3 -2 -3 -2 0 30 
-9 -11 -8 -2 0 0 -4 -29 
-6 -5 -5 0 0 0 -3 -11 
7 -1 2 -1 0 0 1 11 
-30 -3 2 -3 -5 -2 -2 -19 
10 5 -10 -3 0 0 -1 12 
-6 -10 -8 -3 0 0 0 4 
3 -7 -4 2 3 2 1 -1 
6 12 1 -1 0 -1 -2 -1 
-1 4 6 3 0 -2 1 4 
-6 2 6 -1 -2 -2 -2 -6 
-1 1 -2 -1 -2 -3 -3 2 
-2 -8 -3 -5 -4 -2 -2 -4 
-12 -6 0 -2 -1 0 2 -2 
14 13 2 -2 -3 -2 1 8 
-8 5 1 -1 0 -2 -3 -13 
1 6 -2 -2 -2 -2 -2 -3 
3 -9 -14 -7 -4 -4 -3 1 
0 -13 3 -3 -5 -2 -1 2 
-8 -1 -6 -2 -4 -2 0 -6 
-11 -1 4 3 1 -1 -3 -4 
12 -1 3 -1 -1 -2 -1 6 
-1 -1 -6 -3 -2 -3 -3 -9 
-5 -1 9 -1 -2 3 4 13 
3 -6 -3 -1 -2 -2 -3 -18 
-10 -11 -8 0 1 0 1 4 
-5 6 -8 -4 -3 -5 -3 -7 
15 5 8 1 2 0 3 18 
-29 3 -16 -10 -7 -6 -7 -14 
-1 4 1 -3 -1 1 -1 6 
2 -3 6 1 1 1 0 2 
-2 0 -2 0 -1 -5 -4 -9 
7 -10 -3 0 0 2 4 14 
-5 0 8 3 0 -1 1 -7 
-3 -2 3 0 -1 -1 -1 5 
-3 -5 -13 -5 -3 -1 0 -7 
4 -4 1 -3 -2 -2 -4 -4 
1 4 1 -3 -5 -2 -4 0 
1 -2 1 2 3 2 1 -1 
-7 -4 -5 -1 -2 -1 -3 -8 
8 13 -1 0 0 0 -1 -2 
-13 -3 0 0 0 1 0 -2 
15 -5 -13 -1 -3 -3 -1 9 
-16 -8 -16 -5 -4 -3 -5 -14 
-4 -3 -2 0 1 1 1 -2 
4 2 2 -1 -4 -1 -1 16 
5 1 -2 4 3 -1 -2 -16 
-10 -2 21 -3 -2 1 3 17 
31 -5 -4 -1 0 -3 1 -1 
-21 -6 -2 -2 -1 -2 -2 -22 
1 -2 -2 -3 -4 -1 0 8 
-1 -3 -13 0 -4 -2 -5 -7 
5 -5 -1 1 2 1 2 5 
10 3 8 -3 -3 -1 2 4 
-10 -3 6 -1 -2 0 -3 -2 
7 2 7 3 2 1 0 2 
-12 -4 3 -2 1 1 -1 1 
-1 -5 -9 -4 -4 -4 -2 -1 
2 -3 -4 -3 -2 -2 -1 2 
11 2 -5 -2 -1 0 0 17 
-9 5 1 -2 -3 -3 -4 -21 
-7 -2 -1 -2 0 0 0 -11 
-2 -1 -2 0 0 -1 1 18 
13 3 15 5 -1 -3 -4 -20 
-6 4 7 -2 -4 -3 -2 2 
2 -5 -13 -3 -2 -1 -2 4 
-5 -1 1 -2 -1 -1 1 -2 
12 21 -8 -3 -3 -3 -3 13 
-12 -13 -1 2 3 2 3 2 
2 -8 -2 1 0 -2 -1 -5 
4 0 0 -2 0 0 0 18 
-39 -11 -3 0 0 -2 -3 -38 
0 2 -2 -4 -2 -2 -1 2 
9 -3 4 1 -1 1 1 24 
-14 -1 -5 -1 -1 -1 -3 -33 
0 -5 -1 0 0 0 0 5 
5 -5 -7 -3 -2 -3 -2 1 
4 10 0 -1 0 -1 -1 -7 
-6 -16 -16 -5 -3 -3 -3 -1 
-6 1 5 -1 0 -1 1 -2 
-1 -2 1 -2 -3 -1 -1 12 
5 7 -6 0 -1 -3 -2 -3 
-3 0 10 0 0 1 0 -6 
2 4 2 -1 -1 0 0 6 
-7 -7 -4 0 -1 0 -1 -6 
3 1 5 0 -1 -1 -3 -16 
-15 -6 -1 0 -2 0 -2 -4 
1 -12 3 2 2 -1 1 -2 
13 7 3 0 -1 -2 -1 12 
-11 5 -1 0 -1 -1 -1 -2 
2 4 -3 -2 -4 -4 -5 -6 
14 -1 -8 -3 1 -2 -2 4 
-4 -3 -4 -2 -2 -2 -3 -2 
-6 -7 5 0 -1 0 -1 -1 
6 9 -8 -2 0 -3 -1 6 
-10 -10 3 -2 0 0 1 7 
3 7 12 2 2 1 0 -12 
-1 -6 -8 -6 -4 -4 -4 0 
20 1 1 -3 -1 0 2 7 
-42 -5 -6 -4 -5 -3 -7 -31 
-6 -3 -13 -5 -3 -3 -2 -10 
-16 -17 17 1 5 5 6 -1 
6 6 -1 2 -2 -1 0 8 
7 -16 -1 1 1 1 -1 0 
-2 -3 -2 -4 -3 -3 -2 7 
0 3 -3 0 -2 -4 -2 -1 
-5 2 2 -1 -1 0 1 -2 
18 -6 -6 -1 0 -3 -3 23 
7 4 -6 -1 -4 -3 -5 -14 
9 -2 -5 1 -1 0 0 11 
-3 -9 -5 -4 -3 0 1 12 
-12 9 -7 -3 -3 -3 -1 -34 
0 -4 0 0 0 -1 -2 0 
-1 -5 -12 -4 0 -2 -2 -2 
-1 3 10 2 1 1 0 0 
-2 4 2 0 -1 1 -2 1 
1 9 12 1 0 0 1 8 
-1 -2 -2 -1 0 0 1 -3 
-11 -9 8 1 -1 -2 -1 -12 
9 6 -6 -1 -3 -1 -1 8 
-5 -6 -1 -1 0 0 1 -3 
3 3 0 -2 -3 0 -3 1 
-3 0 3 -1 -2 -2 -3 -8 
2 -1 -1 2 1 1 2 3 
-6 -8 -11 -3 -2 -2 -1 1 
0 1 -7 -3 -2 -1 -2 1 
-2 0 -3 -3 -1 -1 -3 -10 
11 9 -8 -2 -1 -1 -3 -3 
-4 0 -7 -7 -5 -3 -2 2 
-11 -13 -4 1 3 2 -2 -3 
-2 -3 -3 -1 0 -1 -1 -6 
-1 -5 3 1 1 -3 0 4 
