#EMG
#3
#ID:3-83
-6 -1 -4 0 0 0 0 -6 
-7 2 5 0 -2 -2 0 -11 
6 -4 8 0 -1 -4 -2 3 
3 10 9 3 0 -1 4 19 
-10 -1 0 -3 -1 -2 -3 -25 
-1 -3 3 0 -1 -3 -2 -11 
-1 -11 -13 -6 -3 -4 -5 -5 
-12 -9 -1 0 0 0 1 6 
10 -3 1 -1 0 1 3 13 
2 -11 -11 -5 -3 -2 -2 -2 
-4 6 20 5 3 3 4 4 
23 4 -4 1 0 -3 -5 -3 
-16 12 -9 -5 -4 -1 -2 -3 
-7 -12 -12 -6 -3 1 -3 -9 
12 4 -4 -1 0 1 1 6 
3 6 4 -1 -2 -3 -2 -7 
-6 -4 -10 -5 -3 -3 0 -2 
-8 4 -6 0 -2 -2 -1 6 
7 2 0 -3 -3 -3 -2 -2 
-3 -7 -1 1 -2 0 0 20 
-6 -7 -19 -7 -4 -1 -2 -12 
4 0 7 0 -1 -1 -1 6 
-13 2 22 10 9 5 3 -5 
6 -5 -10 -4 -2 -2 -1 -2 
1 1 7 2 2 1 1 18 
-7 -1 -3 -1 0 -2 -5 -25 
-5 -9 -4 -5 -4 -4 -4 -15 
-10 9 4 1 1 1 -2 -9 
25 2 20 -1 2 3 3 14 
-18 -5 -1 1 0 0 -3 -13 
14 -2 -4 -4 -2 0 0 12 
-13 -7 -2 -3 -1 -2 1 -20 
12 47 25 1 -4 -4 -6 -5 
2 0 -3 2 2 3 4 15 
10 -8 -14 -8 -6 -5 -5 5 
-16 -8 -6 -2 0 -1 -2 -20 
7 -8 -3 3 0 -2 0 3 
1 -9 -6 0 -1 1 0 4 
-15 4 -3 -2 -3 -4 -5 -2 
19 0 2 0 -1 1 2 54 
-38 -15 -12 2 4 3 -5 -71 
5 -4 3 -1 -1 -4 -2 5 
-3 -1 1 -3 -5 -3 -2 -8 
-5 -10 -15 -1 -1 -1 2 6 
-5 -5 -8 -3 -4 -4 -1 17 
0 3 -24 0 2 2 -4 -8 
15 22 10 1 2 0 -2 1 
1 11 -18 -7 -6 -4 -3 -15 
-8 -14 -6 3 -1 2 1 18 
6 20 27 2 2 7 16 -11 
-16 -12 0 0 -3 -9 -23 -5 
-6 -1 -8 -2 1 -4 -7 -10 
18 -16 -12 -5 -4 -3 5 47 
8 9 -8 0 -2 -3 -9 -34 
-9 -17 1 -2 0 6 13 5 
3 -6 10 1 0 -1 -12 -16 
0 16 5 -4 -2 -4 -7 5 
-6 -6 -4 -6 -3 -2 2 15 
9 -19 -29 3 3 4 11 -2 
40 3 6 -8 -5 -5 -11 -16 
-15 -9 12 0 -2 -4 -6 -3 
-11 1 25 1 -1 -3 -13 9 
8 3 -60 -8 -4 -1 5 -11 
-4 -9 8 2 3 8 9 6 
8 1 -14 -4 -3 -4 1 -7 
2 -7 -7 -4 -2 -3 -15 -13 
-6 51 72 11 2 -3 10 12 
-11 -41 -35 -2 -3 -2 6 5 
-10 -14 -40 -6 -4 -3 -7 0 
7 0 26 1 -4 -3 -20 0 
-9 2 4 -1 0 2 4 2 
1 4 5 -5 -5 -5 -3 3 
-6 -17 10 5 1 2 1 7 
8 -7 -9 -2 0 1 9 11 
-5 5 7 5 3 -3 -17 -11 
-41 -19 45 1 1 0 5 -11 
3 1 -7 4 7 11 12 15 
17 6 -21 -7 -8 -7 4 -15 
-1 -24 -10 4 0 -6 -20 10 
-13 -12 16 11 5 5 7 -11 
0 27 -9 -21 -11 -12 -17 2 
-33 8 -90 -24 -5 1 20 7 
14 7 26 -1 -1 1 -1 -7 
-2 -7 -18 3 -5 -2 -5 4 
-5 0 14 5 3 3 0 -6 
5 9 17 5 1 -2 -2 15 
-2 -16 -38 -7 -5 0 1 -7 
-13 -25 0 7 0 -2 -1 6 
8 13 27 -4 2 2 1 -26 
-1 -8 -40 -30 -16 -10 -9 6 
-24 1 31 4 3 8 18 2 
37 -5 -36 -4 -4 -3 -4 27 
-4 -21 -7 21 4 1 2 -28 
-7 -1 45 20 10 1 -4 -8 
-9 -15 -60 -41 -16 -6 -9 -7 
3 34 18 4 -4 -2 3 16 
1 16 35 3 0 2 5 -8 
-24 -43 -10 -2 1 4 4 -3 
14 -18 21 32 8 -2 -3 12 
-23 1 -31 -44 -5 -2 -9 -42 
7 -3 30 13 -1 -2 -2 22 
3 32 4 -4 3 0 2 -23 
2 4 12 -4 -8 -5 -6 14 
18 16 20 15 9 5 1 7 
-40 -31 -18 -4 -3 -4 1 -5 
-11 -7 -27 -8 -2 -2 -3 -9 
33 -1 -5 -1 -2 -1 -2 5 
-8 14 14 5 -3 -2 7 -36 
11 20 4 16 5 -5 -25 12 
2 4 5 3 8 4 11 8 
-20 -11 -42 -26 -12 -6 -7 -9 
11 -8 -20 -6 -3 -1 5 9 
5 48 10 -6 2 7 6 -2 
-6 5 36 18 1 0 -4 -5 
6 5 5 11 9 6 6 2 
-6 -40 15 -4 -3 -5 -11 -7 
-2 -13 -8 0 -2 -5 -7 -6 
14 -19 -24 0 -3 2 9 15 
-12 4 -36 -28 -7 0 5 2 
-7 40 16 3 -2 0 -3 -5 
12 -23 -26 -5 -1 -4 1 1 
2 8 58 7 -2 -1 -2 6 
-6 -24 -33 -13 -5 -5 -9 -22 
-4 5 3 -3 -9 -5 -2 15 
-9 -4 -17 -7 -2 1 1 -23 
3 10 22 12 3 -1 -8 11 
15 1 13 13 6 4 18 -4 
40 7 0 0 1 1 -2 25 
-56 -3 -13 -12 -6 -5 -7 -58 
-1 14 -16 -5 -5 -6 -6 2 
-10 6 25 7 1 0 0 6 
2 11 -2 -8 -1 1 -2 -16 
28 -17 -6 -7 -5 -1 14 40 
-7 -21 -11 -5 -4 -2 -7 -16 
-3 25 26 12 5 0 -5 -7 
-36 -10 -29 -1 1 -2 1 -3 
14 5 0 7 -1 -3 2 29 
4 18 3 -14 -6 -5 -13 15 
25 -34 -24 -10 -7 -3 -4 -16 
-4 23 14 3 2 -2 -9 -12 
-13 -6 3 -1 -3 0 9 19 
2 -7 9 4 1 -2 1 0 
21 1 2 6 -1 -2 -1 6 
-16 8 -10 -7 -2 -4 -10 -1 
8 1 9 -6 -2 -1 0 26 
3 -6 -3 9 1 -1 -1 -11 
-2 2 6 -4 0 3 3 12 
1 -8 -14 -3 -5 -3 0 -9 
7 12 7 4 1 -1 -7 -21 
-5 -18 -33 2 -2 2 6 19 
-28 -4 -10 -18 -7 -6 -21 -20 
17 3 17 11 0 -2 -4 -43 
-22 6 5 1 1 5 20 2 
1 19 2 -11 -3 -4 -5 -17 
-1 15 -35 -5 -1 -2 21 30 
-6 -16 -5 1 2 -2 -21 -8 
39 15 21 2 -5 -5 4 32 
7 -3 34 14 3 1 -19 -17 
-12 -5 41 10 8 1 8 6 
3 -11 -51 -39 -18 -5 -6 20 
-24 2 13 18 1 1 -17 -7 
58 2 -10 -17 -7 -6 5 22 
-4 2 44 29 11 1 -21 -28 
-7 7 2 14 9 -1 -9 29 
-23 -2 -30 -22 -5 3 15 -36 
-13 23 27 2 -2 -2 -19 3 
25 1 -45 -25 -14 -4 -1 3 
12 -5 9 11 6 2 10 16 
42 24 16 5 3 2 0 40 
-43 1 36 41 11 5 10 -22 
-3 29 8 -20 -6 0 4 11 
-24 -11 -68 -35 -15 -6 -3 -18 
12 -33 -7 -3 -7 -4 -8 0 
4 -25 27 2 10 6 11 13 
-20 -12 18 18 -3 -4 -9 -12 
5 1 36 22 12 5 18 7 
-12 -9 -62 -38 -13 -5 -12 -14 
2 -25 -27 -6 -5 -3 3 -9 
-9 -12 -6 3 1 1 2 -25 
-4 7 49 15 2 0 2 6 
5 -12 -16 4 -3 -7 -4 -14 
-17 -7 -26 -16 1 3 4 -9 
7 18 39 17 3 2 6 15 
5 10 -3 -7 -4 -2 -1 1 
-12 11 6 -13 -4 -1 -7 -18 
-9 -14 -11 -9 -6 -2 3 5 
-23 -25 -2 -1 1 0 -5 2 
0 -17 41 16 11 8 13 -1 
13 -3 21 3 -2 -2 -5 -7 
-9 6 -18 -21 -15 -9 -6 -7 
1 -8 -24 -13 -4 -4 -4 3 
-2 5 -10 -3 -1 -1 1 -5 
-6 -16 6 7 10 2 -3 -3 
-4 77 54 4 -2 -2 0 -2 
13 3 -31 -3 -4 0 1 0 
-19 22 0 1 1 0 0 7 
-3 -22 -20 5 0 -4 -7 -8 
-4 -41 2 6 0 0 3 -3 
-10 -2 -23 -10 -3 -6 -7 -6 
5 3 -44 -15 -6 -5 0 -1 
5 -2 -10 -5 -3 -2 2 27 
-7 -4 -29 -6 -1 -1 -6 -53 
-10 -16 24 10 4 3 8 -7 
7 -15 0 4 -4 -2 1 -2 
-16 12 -3 -3 1 -2 -1 -22 
6 -30 -50 -7 -3 0 5 11 
31 9 25 4 1 -3 1 13 
-49 -8 -8 -2 -2 -1 -5 -26 
3 -18 12 -5 -5 -4 -6 -1 
1 8 13 10 2 0 -15 13 
9 -31 -29 -16 -4 0 21 25 
-14 29 21 6 -3 -5 -8 -7 
5 -4 -46 -16 -6 -3 -9 -7 
-6 9 4 4 2 -2 -1 12 
1 -7 13 -6 -1 -4 -15 7 
-8 -16 -43 -9 -7 -2 19 8 
-10 -25 -8 5 2 4 8 -19 
-27 2 17 -1 -1 -2 1 -17 
4 0 -31 -14 -9 -7 -16 0 
6 14 18 13 5 3 -4 -4 
-18 16 11 -4 -2 -2 5 0 
29 18 20 7 5 5 16 27 
-36 -3 -19 -3 1 1 -10 -8 
18 -24 -16 -10 -3 0 7 17 
26 -12 30 22 8 3 6 -20 
-17 2 -10 -14 -8 -8 10 -35 
0 43 51 14 5 5 -18 -2 
-15 -24 -13 -8 -8 -1 28 5 
-14 17 10 29 7 1 -4 -28 
21 -45 -38 -28 -6 1 13 19 
-15 -3 -8 -10 -5 -10 8 -19 
-42 -9 17 2 1 -3 -25 -11 
-10 -6 -7 -2 -1 -2 -70 -61 
14 2 51 15 3 7 83 22 
9 6 -40 -15 -6 -13 -93 46 
12 10 69 34 14 6 7 40 
22 -45 -56 -50 -16 -7 10 114 
3 11 6 29 8 7 -44 6 
23 12 -29 -10 -1 10 50 -38 
54 14 25 -5 -5 -10 -66 78 
-39 -4 41 5 -2 -6 -2 57 
20 1 -45 -17 -8 -4 22 60 
-4 -15 53 14 3 0 14 -14 
-14 -1 -56 -14 -2 3 -15 -38 
30 22 30 15 1 1 13 -4 
-7 -24 -31 -19 -3 -7 -24 -37 
-15 13 51 31 5 0 16 -11 
7 -26 -51 -23 -6 -2 8 -29 
-13 1 63 -6 0 3 7 8 
-28 -29 -112 -23 -12 -10 -15 -26 
-12 0 14 -16 -5 -2 -12 -11 
12 -5 30 7 -5 -2 3 -6 
6 16 -48 2 5 2 13 -7 
3 30 96 37 17 7 -11 10 
-6 -19 -39 -18 -9 -3 4 -9 
6 0 -5 -12 -6 -5 8 6 
-1 -2 3 1 1 -5 5 -22 
-1 32 29 -2 -4 1 -10 3 
-2 6 5 12 4 1 6 14 
-6 -13 -11 -3 4 3 16 -21 
-7 -7 -20 -9 -7 -2 -5 -11 
1 11 -39 -5 4 -1 -14 0 
-11 -2 4 8 -10 -6 3 8 
10 -15 -24 -21 -5 -3 3 -12 
-42 6 -16 -6 -2 -2 -1 -2 
10 -7 -10 -7 -7 -7 -21 -61 
11 2 16 15 4 4 6 1 
-18 -3 14 9 2 -1 -3 -6 
-4 15 9 12 2 3 6 21 
44 -2 17 1 0 5 7 20 
-42 20 21 3 1 -3 -11 -29 
10 6 -6 11 3 2 5 23 
4 -23 -1 -2 -3 1 11 1 
-12 -4 -3 2 -3 -1 -5 -16 
16 -22 -13 -10 -2 0 1 21 
-7 4 26 14 5 1 0 -12 
20 0 -2 -7 -1 -4 2 16 
-28 -2 1 -6 -2 -2 2 15 
-2 -2 -30 -2 -3 -1 5 -14 
-13 4 0 0 0 -3 -8 -25 
8 -6 0 5 -2 -5 -7 -16 
-5 -15 -6 -12 -7 -6 -5 19 
13 -1 -21 -3 2 0 -17 -6 
-8 -2 -18 0 -1 1 9 11 
11 4 -16 -6 -4 -2 -2 -10 
-13 -4 21 8 2 -1 -1 3 
-19 5 -5 -5 -1 -2 -1 -12 
33 2 6 -4 -5 -4 0 6 
-5 1 -9 1 3 1 -4 3 
-14 -5 -5 -4 -4 -6 -7 -31 
7 -5 4 1 0 -3 8 11 
5 -2 -5 1 1 1 -3 -5 
-5 3 10 8 0 0 -3 -11 
2 11 21 -4 2 -1 -4 10 
10 -16 -51 -18 -8 -5 -1 12 
-23 4 14 3 0 -1 -4 -23 
9 3 21 0 0 -2 -7 -15 
-5 3 -9 -1 -4 -4 -5 10 
-4 -1 3 6 1 1 7 -13 
1 8 -15 -19 -7 -4 -8 10 
8 0 -4 5 2 2 3 3 
1 -3 4 1 1 -2 -1 -1 
-5 -12 15 7 5 2 1 -7 
3 -2 -1 11 0 0 -1 3 
-9 -3 -16 -17 -2 -3 1 -17 
6 -4 -3 -5 -6 -3 -2 9 
-30 0 5 -1 0 0 1 11 
-8 -8 -17 -5 -5 -3 3 -14 
1 7 11 7 2 0 0 -2 
-17 -5 11 7 0 2 2 -3 
28 -4 -11 -8 -7 -3 -5 7 
-14 8 14 2 3 2 2 3 
4 -7 -12 -6 -4 -6 -5 27 
0 -2 -6 2 1 -1 -3 -10 
-5 3 17 6 4 -2 1 -2 
-2 3 7 -1 1 1 0 -3 
4 -4 -21 -10 -3 -2 -1 6 
-1 -6 -8 -1 3 2 0 5 
3 -1 1 4 1 0 3 13 
6 -3 5 -4 -4 -4 -3 9 
-2 -3 1 6 -3 -1 -1 -13 
-5 -7 -24 -20 -6 -3 -4 -6 
7 11 -1 -3 0 -1 0 9 
27 12 0 8 1 1 0 17 
16 4 -10 -14 -4 0 0 23 
-33 -16 -2 5 -1 -3 -2 -38 
-4 -9 5 -8 -4 -3 -1 2 
-1 -8 1 -2 -4 -3 -3 5 
3 -4 -4 2 0 1 2 0 
12 5 5 6 1 -1 -3 1 
4 1 -11 0 1 1 -2 -12 
-4 -1 6 1 -1 -2 0 -11 
-28 9 -10 -4 -2 1 2 0 
-10 -15 -19 -2 0 -3 -2 5 
-23 10 6 1 0 -2 -4 -25 
-6 4 16 4 2 1 0 0 
-15 -16 -27 -11 -5 -5 -5 -16 
-3 2 -11 -4 -3 3 5 30 
14 -12 -9 -5 -6 -3 -5 -5 
-8 -10 -5 -5 -2 -1 -2 -5 
6 5 16 4 3 -1 1 -4 
12 26 14 14 6 4 3 2 
2 5 12 3 -1 0 2 5 
-5 1 -3 -5 -2 -1 -2 -6 
-2 -4 -1 -2 -3 -1 0 -4 
11 2 -2 -3 -1 -5 -3 -10 
-5 -2 1 -1 -1 -1 -1 -2 
-10 -2 0 4 1 -1 0 0 
18 11 18 13 3 0 0 28 
-7 -4 -16 -18 -7 -6 -8 -39 
0 -1 -40 -14 -8 -5 -5 -4 
1 -1 6 0 3 3 1 -8 
-3 -9 -5 -3 -3 0 -2 -1 
5 -15 1 5 1 -2 0 12 
-7 3 21 8 4 1 2 1 
12 6 -18 -8 -4 -5 -6 -4 
-8 5 8 -2 -5 -4 -3 -14 
8 -11 5 -1 1 2 3 9 
1 -6 -4 -4 -3 -1 0 3 
-7 -6 -12 -2 -4 -5 -4 -11 
-6 -1 -5 -8 -2 -1 -3 -12 
7 10 15 5 -2 -3 0 14 
5 -7 3 1 -2 -3 -3 -9 
-4 -4 -12 -4 0 1 1 2 
-25 2 3 -3 -1 -2 -4 -1 
4 -4 -7 -4 -6 -4 -4 3 
-6 -11 40 9 2 -1 1 2 
-7 -5 -34 -12 -5 -3 0 6 
12 1 -2 -2 -2 0 -3 -11 
-7 10 9 16 2 2 2 -1 
-4 -5 4 -9 0 1 -1 -1 
1 -8 -10 -13 -7 -4 -1 6 
6 2 -15 -1 -1 -1 -1 0 
4 5 3 -2 -1 0 -2 1 
12 11 6 9 1 -1 -1 4 
-4 -1 8 3 -1 -2 -2 -5 
-2 -13 -13 -11 -3 -1 0 5 
-2 -14 -11 -5 -5 -5 -5 -21 
-5 -2 -8 -2 -1 -2 -1 2 
-2 4 11 6 4 1 -2 -7 
-2 6 25 9 2 0 1 -3 
2 2 4 -5 -3 -3 3 24 
-19 -9 -21 -9 -5 -2 -5 -24 
6 5 2 -1 -1 -2 -2 -2 
1 -5 6 3 0 -1 0 -3 
-2 3 1 -3 1 -2 -1 6 
1 -3 -7 -2 1 -2 1 3 
2 1 3 4 2 1 -2 2 
25 3 1 -1 -5 0 0 -9 
-16 -12 -8 -8 -5 -2 -3 6 
5 3 1 6 6 1 -1 1 
2 -12 -3 1 8 3 1 -5 
11 -5 0 1 -2 -2 -1 20 
3 -1 -5 -4 -2 2 0 -26 
6 18 0 2 -4 -2 0 13 
-16 12 20 12 1 1 1 -11 
20 -6 -15 -18 0 -3 -4 -21 
-49 -4 0 -5 -3 -3 -5 -14 
-20 -2 -18 -4 -1 1 4 10 
5 -5 12 4 -1 -4 -3 -15 
-16 -5 12 8 0 0 1 -3 
8 5 -1 2 1 -1 -1 8 
16 -10 -5 -4 -3 -2 -2 -5 
-2 0 3 -3 -4 -2 -1 10 
-10 1 4 5 1 1 0 -4 
12 -6 -13 -6 -2 -2 -2 4 
-5 -3 -3 -2 -5 -1 -2 -5 
9 -6 -6 -4 -1 -1 -2 1 
-12 -4 -9 -4 -4 -4 -1 1 
5 4 2 0 -2 -2 -2 -1 
0 -4 0 1 0 -1 0 0 
-21 -2 -3 -7 -5 -3 -3 -11 
0 0 5 0 -1 -3 -2 4 
3 3 2 2 2 0 2 -6 
3 -4 -15 -3 -1 -4 -4 -5 
-7 -12 -42 -10 -3 -1 -2 8 
-8 -6 -5 -2 -1 -1 -2 3 
2 6 6 3 0 1 1 2 
1 2 9 0 0 3 0 0 
9 -10 16 0 -1 -2 -1 11 
-11 -12 0 -1 -1 -1 -1 -7 
4 0 8 4 -2 -1 -1 4 
1 2 9 1 2 0 1 8 
0 8 -9 -6 -5 -7 -4 -12 
-7 -2 -3 0 0 3 -1 -6 
-8 -4 1 1 3 1 2 -1 
-1 9 13 -1 -4 -1 0 11 
-24 -10 -11 -5 -5 -2 -5 4 
0 5 -9 -6 -5 -3 -3 -2 
3 2 -7 -2 0 -1 -1 0 
-2 -6 -4 -1 0 -1 0 0 
-4 -7 2 -2 0 -3 -1 -5 
0 9 -5 1 1 -1 -3 -16 
5 -5 7 0 -2 -1 -2 12 
-9 2 5 3 0 0 1 -8 
49 14 3 5 -2 -2 -1 19 
9 -6 -1 -10 -3 -1 -2 3 
-5 0 -16 -7 -3 -1 -2 -28 
15 -3 2 -1 -2 -1 -3 18 
-16 34 26 5 4 4 3 -18 
1 3 6 8 2 -1 1 10 
8 -15 7 0 2 1 3 6 
-35 -4 -9 -6 -4 1 -2 -11 
-6 -12 -6 -1 -3 -5 -2 8 
3 4 -3 2 -1 0 1 1 
-16 6 7 3 2 2 3 0 
15 -8 -6 -2 -2 -5 -5 -5 
4 -1 -4 -2 0 0 0 3 
-14 2 2 -4 -5 -4 -3 -10 
6 7 3 9 1 1 0 7 
22 8 -12 -16 -6 -4 -5 11 
-2 -7 -13 -7 -3 -1 0 8 
-1 0 -2 -1 0 -1 -2 -9 
2 -2 7 2 1 1 0 -1 
6 7 19 6 2 0 0 15 
-8 4 15 2 2 1 1 -16 
-5 -4 -6 0 3 2 1 -20 
-11 -7 -16 -5 -5 -2 1 14 
24 -6 -16 -4 -4 -7 -6 -19 
-49 -10 4 -1 1 2 1 -2 
6 8 9 4 2 2 3 7 
5 -5 5 -3 -2 -4 -5 -4 
-11 -3 -18 -4 -1 1 2 -4 
8 -9 6 2 0 -1 0 1 
-15 -22 -32 -4 -2 -3 -2 -5 
-10 -3 -17 -6 -4 -3 -2 3 
-3 6 12 3 -1 -2 -2 -1 
9 7 -8 -1 0 1 0 -5 
-8 1 7 -1 -1 0 -1 0 
16 3 -10 -4 -1 -2 -3 5 
-17 -8 7 1 -2 0 0 -9 
3 12 5 0 0 0 -4 1 
16 -5 -10 -2 -1 -1 -1 2 
1 27 5 0 -1 -1 -2 -5 
-9 -12 13 3 2 1 -1 -7 
-3 -8 -11 -2 -2 -2 0 8 
-3 -1 4 -3 -2 -1 0 13 
4 6 9 1 0 0 -1 14 
-5 -8 -8 -3 0 -3 -6 -39 
-4 -20 2 -3 -1 2 2 5 
-31 -14 -3 -1 -1 -2 -1 1 
3 -16 -19 -7 -3 0 -3 -4 
-2 5 -2 -3 -5 -1 0 16 
4 -11 -7 -2 -5 -3 -4 -3 
5 3 8 2 0 2 1 -2 
-8 -8 2 2 -2 -1 -1 -7 
-12 -4 -1 1 1 0 0 6 
6 2 7 3 1 -2 -2 -20 
1 4 -1 -2 -3 -2 -2 7 
2 -6 3 -4 -2 -1 0 1 
-6 0 -6 -2 -1 -1 -2 -8 
6 5 -12 -4 -2 -5 -2 1 
7 10 7 -2 -3 -2 -1 4 
-6 0 -3 -2 -1 0 -3 -11 
3 -11 4 2 2 1 3 12 
-4 -3 6 7 -1 0 -2 -6 
1 -6 -23 -9 1 3 2 -1 
-5 -5 -19 -10 -5 -3 -2 4 
15 1 1 3 1 1 -2 -12 
18 10 11 0 -4 -2 -3 6 
9 -3 13 6 -1 -3 -1 3 
-25 -8 -21 -4 -4 -2 -2 2 
-19 5 1 -2 -2 -1 -1 -19 
12 -5 -7 -4 -3 -2 -3 10 
-2 16 10 0 1 0 -1 3 
12 9 13 3 1 -2 -2 -8 
-3 -2 -17 -6 -6 -4 -1 4 
-12 0 -6 -4 -1 -1 -1 -2 
-2 -17 -19 -6 -5 -3 -4 -9 
-5 20 14 1 0 0 0 -6 
-5 4 2 0 0 1 -1 9 
1 -4 9 0 -1 0 0 -2 
-11 15 9 0 0 0 1 -2 
6 -20 -6 -1 -1 -1 -1 5 
-1 -14 -19 -10 -6 -4 -2 -12 
0 -4 -5 -2 2 2 2 11 
-7 7 6 4 3 -1 0 -2 
6 1 8 3 0 -1 -2 -5 
-7 0 12 4 2 -1 2 -3 
14 2 -5 -5 -4 -1 -1 -1 
-25 -9 -6 -1 2 1 0 13 
-8 -11 -9 -2 -2 -3 -3 -16 
4 4 0 -3 -2 -2 0 9 
-4 14 -1 -2 -4 -4 -2 -8 
24 -8 -8 -2 -1 1 2 2 
21 3 2 -2 -1 1 0 21 
0 1 2 1 -1 0 -3 -27 
-9 -6 6 3 0 0 -3 0 
-8 -6 -31 -11 -4 -2 0 -13 
2 -2 -3 -3 -2 -6 -4 -9 
7 -12 0 4 4 2 4 17 
-12 -1 -2 2 5 1 2 -4 
1 10 11 1 -2 -3 -4 -12 
-9 -4 -2 -1 -1 -3 0 -4 
8 8 -17 -4 -2 -2 -2 14 
4 3 7 -4 -3 -1 0 -3 
-6 -7 -7 0 -1 -1 -2 1 
-1 -14 -2 -1 -2 0 0 0 
-23 0 4 1 1 2 2 -15 
33 -1 -7 -3 -2 -2 -1 17 
10 -1 1 -1 -1 -1 -2 -7 
1 5 5 0 2 2 3 14 
-6 -20 5 -4 -3 -1 -3 1 
-20 -13 -22 -6 -2 -2 -3 -36 
7 -1 10 0 -1 -1 -2 -3 
-8 2 9 1 2 2 2 1 
20 2 -3 -4 -4 -3 -4 0 
-7 0 7 1 0 0 1 8 
3 -6 7 4 0 1 1 5 
-13 -2 -5 7 -1 -3 -3 -7 
-4 5 -16 -11 -3 -1 -1 3 
2 -6 -4 -2 0 0 0 3 
-2 8 2 0 0 -3 -4 -11 
-3 -3 -4 -4 -2 -1 -1 -5 
-1 7 5 5 0 -3 -2 -9 
-21 -5 -3 -1 -1 -1 -1 -4 
-1 -1 3 -4 0 -1 0 4 
-4 -2 0 2 2 1 0 -6 
3 -3 -13 -4 -1 -2 -6 4 
-9 -15 -1 -2 -2 -1 -1 -6 
2 20 19 -3 -7 -4 -4 10 
-4 17 13 -2 0 0 0 -6 
-27 -12 -8 -1 -1 -2 -1 2 
-6 9 9 -1 -2 -3 0 8 
0 -12 -11 1 1 0 2 6 
11 -4 14 -2 -6 -5 -5 0 
1 1 -11 -7 -5 -1 0 -10 
2 -5 -6 2 3 3 1 4 
-11 -8 -4 -5 -5 -3 -4 -7 
5 -6 -15 -5 2 -1 1 8 
2 6 15 6 4 2 2 19 
12 3 0 -4 -3 -4 -4 -14 
5 -2 8 -1 0 0 0 6 
-4 -3 -10 -1 -4 -2 -2 -9 
2 3 12 0 -1 1 -2 10 
-2 -1 -8 -4 -2 -2 -7 -26 
4 6 -7 2 1 0 -2 -10 
-9 -9 4 -3 -3 0 2 -2 
-4 -1 -1 3 4 2 -2 -17 
-6 2 8 0 0 2 2 9 
3 -16 -14 -4 -2 -4 -1 4 
-3 -1 -1 2 -3 -7 -10 -29 
2 11 -15 -3 1 -1 2 0 
-5 -6 12 -4 1 2 0 1 
-1 -13 2 0 -3 -2 -2 4 
-10 6 -18 -7 -1 1 -1 -1 
6 2 17 9 1 -1 2 12 
3 10 -6 2 -2 -2 -2 2 
-16 -2 -5 1 2 0 4 10 
20 -3 4 3 1 2 1 16 
2 3 2 0 -3 -2 -3 -3 
-2 -4 -12 -4 -3 0 -1 -4 
-6 -3 -13 -2 -2 -1 -1 -2 
-5 -6 -7 -4 0 0 -1 3 
1 0 7 -3 -3 -2 -2 4 
-1 0 1 2 -1 -1 1 5 
2 6 13 4 2 1 -2 -11 
-3 -3 -12 -7 -3 -5 -2 -1 
1 -6 3 -4 -2 -2 1 -9 
-4 -5 -21 -2 -2 -2 -3 2 
