#EMG
#7
#ID:7-50
3 1 -10 -5 -4 -2 1 5 
-6 -14 -7 -4 -1 1 1 -2 
8 4 -4 0 0 -1 1 -9 
-11 -12 0 -2 -3 -5 -6 -10 
-4 -1 -7 0 1 0 -1 1 
-3 -2 -7 -6 -3 -4 -1 4 
-2 2 -5 -1 -4 -3 -3 7 
2 0 4 -1 0 -1 0 -9 
12 -7 3 -2 -2 -2 -1 0 
0 6 7 4 1 1 0 4 
-10 -13 -24 -7 -4 -3 0 8 
-2 6 12 3 0 1 0 -27 
-8 -4 -2 -2 -1 -2 -3 -1 
1 0 3 0 -2 -2 -3 -5 
-1 1 4 2 2 1 0 -1 
-11 0 -11 -4 -3 -2 -1 0 
-1 -9 -5 -2 2 0 5 -10 
2 5 3 3 -2 0 -1 -2 
2 3 -7 -3 -1 -3 -4 -2 
-2 -1 2 1 2 1 1 4 
-9 7 9 1 -2 -1 0 7 
13 -6 -13 0 1 -1 0 9 
1 4 -13 -4 -2 -3 -5 -1 
9 10 5 -1 0 -1 2 23 
13 7 3 -1 -2 -2 -2 -16 
-8 -5 -3 -4 -4 -5 -7 14 
-7 -12 -4 4 2 3 1 -9 
5 -6 0 -1 0 -1 0 5 
-1 -1 0 0 -1 -1 -2 -3 
5 5 -4 -3 -3 -2 1 -3 
-21 -4 7 -3 -3 -2 -2 -10 
-12 -6 -2 0 -2 -2 -2 -2 
-7 -3 3 1 2 -1 -2 1 
-7 -3 -5 -2 1 -1 -1 -10 
2 -10 -17 -7 -4 -3 -4 -2 
11 0 -8 -1 -2 -1 0 8 
-10 -3 4 -3 -3 -2 -4 -14 
-13 -5 0 -2 0 0 -1 -6 
6 21 2 -2 -1 -2 0 -2 
-7 -6 -4 -1 1 0 0 -8 
6 1 -10 -1 0 -2 0 16 
-2 -3 -2 0 -1 -2 -2 -6 
-1 -5 -6 -2 -2 -1 -2 -9 
8 1 7 -2 -5 -2 -1 18 
-6 2 14 4 1 2 0 -16 
-3 -1 -10 -4 0 3 2 -1 
-9 -6 3 4 -1 -2 -1 6 
25 1 -19 -3 -1 -3 -2 -5 
-6 -20 7 3 2 2 2 5 
1 3 1 1 -1 -3 -3 -8 
44 5 5 -4 -4 0 1 23 
-62 -10 -16 -3 -2 -1 -4 -69 
-4 5 -4 -1 -2 -1 0 -4 
1 -2 10 1 -2 0 0 6 
5 -3 -7 -1 -1 -3 0 12 
16 2 20 5 0 -3 -1 1 
8 -2 -6 -2 -1 2 3 13 
-12 0 -5 0 0 -1 -2 -22 
1 -1 16 2 1 -1 -2 -8 
7 3 3 -2 -1 -1 -1 15 
-13 -4 -20 -7 -5 -5 -6 -6 
4 7 25 2 -3 1 1 11 
-9 -2 -3 2 1 -1 -1 -10 
-1 -1 -9 -3 1 1 -2 -6 
16 2 -13 -4 -3 -1 -3 15 
-22 -6 14 2 1 0 1 -26 
18 1 -12 -1 1 2 3 14 
-14 -6 0 -4 -3 -4 -6 -16 
-8 -2 -5 -3 -1 -2 -3 -1 
8 -5 -14 -6 -3 -3 -1 14 
-18 8 9 1 -1 4 12 -12 
22 3 4 0 0 -3 -13 19 
1 -3 17 2 -1 -3 -6 -2 
-2 0 10 4 1 0 0 11 
12 -9 -5 -3 -2 3 6 -7 
-8 -1 -4 0 0 -5 -11 23 
-15 5 -9 -3 -2 -6 -6 -62 
8 5 6 0 -3 -8 -12 0 
2 6 -1 -1 -3 -2 3 20 
-15 -5 -3 -6 -2 3 5 -52 
-3 -8 11 8 1 6 6 42 
13 12 14 -1 0 -1 1 -11 
-5 11 13 -2 -3 -6 -13 -4 
2 -24 -18 -4 -1 3 7 21 
-5 2 -9 -5 -1 1 -3 4 
10 -11 -30 -4 -5 -1 15 2 
13 -1 20 2 -1 -6 -19 5 
-13 -2 -5 -4 -2 1 6 -3 
33 -5 -3 0 0 -3 -7 0 
-17 5 27 -5 -8 -9 3 0 
4 -8 -56 -6 1 -4 -11 3 
-16 0 -4 2 -2 -1 12 -5 
2 7 23 4 1 -1 -3 15 
6 -32 -35 -1 3 1 -5 -6 
-19 -17 4 0 0 0 2 -24 
25 13 1 -4 -5 0 4 23 
-15 26 -19 0 0 0 7 -4 
6 6 25 6 4 -3 -16 9 
-32 7 11 -2 -1 3 16 -16 
1 8 25 -1 -2 0 -1 2 
2 19 19 2 1 -3 -5 4 
7 -13 -39 1 1 1 -1 6 
-7 -65 -60 7 1 -1 -4 -21 
3 -22 -30 -28 -9 -6 -1 11 
-4 34 25 6 4 5 2 -12 
-9 12 8 -14 1 2 0 -11 
-3 23 29 3 -11 -8 -7 3 
10 -75 -31 26 15 2 -1 9 
-12 -63 -46 -28 -23 -12 -5 -6 
6 24 0 -1 -5 1 2 1 
-2 -24 -44 -29 -8 -4 -7 2 
-2 16 1 -16 -5 0 -2 -2 
16 32 20 15 3 -2 -1 7 
5 11 30 12 1 3 3 22 
-3 11 4 5 0 -2 -3 -12 
2 5 -11 5 4 -3 -11 -5 
-2 -37 -29 -5 1 -2 3 5 
-4 -1 4 6 0 2 -3 -12 
-26 -7 13 -3 4 2 6 15 
9 8 -22 -8 -7 -4 -7 6 
-27 8 18 2 1 6 18 -40 
-15 -3 -7 -2 -3 -6 -23 17 
8 22 15 2 2 0 6 -2 
2 19 33 14 2 2 -3 10 
7 -13 -7 -17 -5 -7 -10 -3 
-4 10 -16 -9 -3 -1 0 -17 
14 20 11 -1 -2 -1 -5 19 
-4 43 31 12 1 4 5 -17 
12 5 19 10 7 4 9 25 
-12 -9 -9 -8 -3 -3 0 -18 
-7 -21 1 -1 1 1 -4 17 
12 16 23 8 -2 -4 5 -10 
0 -7 -50 -17 -8 -8 -18 1 
7 1 1 0 5 5 10 4 
-17 -18 4 0 -2 1 5 -12 
-5 -9 6 2 4 7 12 14 
-32 -46 -12 -1 -3 -7 -13 -16 
12 26 2 2 -1 -3 -5 20 
-13 -32 -56 -5 0 5 21 -7 
-9 27 2 -11 -5 -11 -25 -28 
15 11 21 4 2 2 0 8 
-2 -9 -30 -1 -4 -6 -7 -1 
-20 -1 47 1 2 -1 5 -13 
-9 9 -13 -4 -1 -3 -26 -35 
17 -24 -14 1 4 5 40 35 
-2 -36 9 -4 -2 1 5 -6 
-11 31 -19 -3 -2 -2 -7 8 
5 -21 -12 -2 -4 0 -5 -1 
5 3 18 7 1 1 -5 -16 
-27 -23 -1 -1 0 1 -3 -11 
17 -32 -14 -6 -5 -7 4 4 
-9 -5 19 -1 0 1 12 16 
-21 15 -21 -3 1 6 32 -59 
-4 -15 15 0 -9 -14 -27 0 
18 13 -13 -1 -5 -7 -22 -23 
-20 -2 5 10 4 -1 4 15 
-5 -46 -42 -15 -6 -7 -17 7 
-23 -39 -60 -20 -7 0 -7 -59 
6 -1 -18 -8 0 -1 13 20 
16 11 43 2 3 2 -4 -7 
-4 1 16 13 -1 -1 -5 10 
4 46 -3 5 2 4 9 17 
21 38 37 1 1 -1 -13 17 
-10 -53 -21 30 8 -2 4 -31 
-12 21 -17 -26 2 0 -10 1 
6 -34 -52 -32 -13 -8 -2 22 
-38 -12 8 2 1 2 2 1 
6 7 -3 -8 -6 -2 4 -32 
11 13 44 22 7 -5 -17 17 
-18 11 20 14 5 7 7 -9 
12 -16 -25 -6 -3 -3 -6 -12 
2 7 0 8 0 0 1 30 
-9 14 25 -16 -4 -1 -3 -6 
11 2 32 9 3 1 6 15 
11 19 1 9 1 0 -7 -8 
0 -4 -9 6 -4 0 1 2 
3 -10 -26 -23 -6 -3 -5 12 
18 16 15 7 2 1 4 -8 
-28 -7 23 -5 -2 -1 -4 -24 
-22 -8 5 -8 -6 -1 0 2 
13 6 -17 10 -2 -4 -8 23 
11 19 1 0 -4 -2 2 6 
1 13 25 11 7 0 -3 -11 
3 24 22 -4 3 3 8 19 
-7 -1 -6 -10 -7 -1 -3 -8 
16 10 -10 -4 -1 -2 -2 -5 
9 3 20 4 -1 1 3 -1 
-3 -39 -37 -15 -8 -6 -5 21 
7 -6 5 15 7 3 3 5 
22 6 27 22 5 0 8 12 
-28 -3 -24 -20 -5 -3 -5 -19 
11 -7 5 -3 -1 -1 3 10 
4 -37 -3 -4 -6 0 -4 13 
-1 -2 3 0 -2 -3 -8 -7 
2 -3 -16 4 1 0 1 -4 
18 38 8 6 1 -1 -8 8 
-17 -15 -13 -12 -5 -3 9 9 
-7 3 0 -1 -2 0 -2 0 
8 -15 1 3 -2 0 5 -1 
0 0 15 -3 2 1 2 -10 
-8 9 2 4 -3 -6 -12 -1 
0 -17 -15 -15 -7 -5 -19 -13 
8 11 17 2 1 4 10 30 
3 0 -26 -12 -5 5 13 9 
-45 23 16 10 1 -3 13 -51 
6 -16 -2 -5 -2 -6 6 35 
7 6 0 -2 -4 -10 -24 -10 
-5 -17 2 -3 -3 -5 0 0 
32 13 -4 2 -1 4 -1 9 
-40 7 -18 -3 3 7 24 -9 
12 -8 1 0 1 -5 -20 -24 
-4 6 -16 -4 1 2 5 3 
-9 -6 4 -3 -5 -4 -19 -17 
-2 9 64 11 4 3 6 -3 
14 -11 -72 -17 -5 -3 -17 -15 
-10 -12 -34 -14 -4 -2 9 8 
1 -4 40 7 0 -4 -10 -9 
23 -2 -64 -4 -3 1 19 24 
-29 56 44 3 1 5 -4 -11 
2 9 39 13 1 -4 -10 -3 
-9 -19 -52 -24 0 2 -1 -12 
3 33 -12 0 -3 -5 1 -3 
2 -10 7 1 -3 -4 6 7 
8 -1 -23 0 2 2 -15 -9 
12 -25 -23 11 -1 -5 -1 -2 
-19 -57 50 -3 -4 -3 -16 -26 
-4 34 33 -3 0 3 14 17 
11 -6 -50 -23 -10 -10 -5 -2 
12 4 63 20 15 7 -1 10 
8 -24 63 7 -28 -14 -15 1 
-10 -41 26 -1 20 16 18 1 
-9 1 -73 -26 -26 -11 -5 -5 
-12 -29 14 9 8 3 3 0 
8 61 9 -16 0 -7 -15 -7 
-1 37 23 22 -5 -6 8 13 
6 -9 32 11 12 7 -2 -6 
3 67 62 -3 4 6 12 5 
9 -76 -112 -21 -4 1 -21 31 
-29 -26 -12 -13 -11 -7 -8 -47 
21 -6 9 -5 3 4 15 16 
15 2 -18 2 -9 -6 -14 8 
-21 2 22 26 21 9 17 -26 
25 3 21 10 3 0 -2 39 
5 -3 30 10 -2 -1 -3 -2 
-29 -5 -29 -4 -5 0 3 14 
38 9 -18 -17 -2 0 -21 -13 
-17 -12 -42 -5 -7 -2 25 41 
5 12 45 8 1 -6 -2 -20 
2 19 -8 -5 -8 -8 -2 2 
-4 4 -21 0 4 3 2 8 
-10 -13 -38 -31 -13 -5 -4 -22 
8 -8 6 14 2 2 -2 -5 
-14 12 8 3 -7 -2 5 4 
26 -3 -28 -27 -11 -9 -5 -7 
-27 -33 -5 9 5 -4 -11 -4 
-18 7 -9 -8 0 -2 -1 -20 
11 14 -19 8 1 6 4 12 
-26 7 20 8 3 2 8 -16 
-5 15 4 3 0 -3 -6 5 
19 2 -21 -18 -9 -8 -9 9 
0 -6 23 5 -4 -3 -2 -8 
-19 -26 -32 1 2 1 3 1 
12 27 11 -3 -1 0 -2 -21 
-19 -6 15 7 2 -6 -10 6 
-13 -28 9 -6 -1 -2 2 -20 
-2 -9 17 0 -1 -1 0 -13 
9 -10 -68 0 -2 -3 -7 9 
-8 1 13 -1 -2 2 1 -3 
9 10 -19 -9 -3 -3 -3 1 
-10 -12 -4 1 -1 0 -1 2 
10 11 42 12 3 5 4 -3 
4 11 9 2 -2 -5 -1 -2 
5 -19 -40 -17 -8 -4 -4 -7 
-11 14 18 4 0 1 2 1 
11 10 23 5 1 0 0 3 
-4 -13 -28 -5 0 1 0 2 
4 12 12 2 -2 -3 -6 -8 
1 0 5 7 5 0 5 16 
4 -16 -23 -12 -8 -4 -6 -5 
-10 -9 2 -5 1 0 0 1 
10 1 -13 -1 -1 -1 2 12 
-22 1 2 0 -1 -3 -3 -31 
2 -18 -8 1 -1 -3 -5 -8 
2 7 1 1 1 1 3 20 
-1 -2 7 0 -1 0 -1 -14 
2 29 23 3 0 0 1 8 
9 7 -3 6 2 3 0 0 
-29 -1 -3 -4 -3 0 2 -9 
5 -7 -4 -1 1 -3 -1 2 
-5 3 -5 1 2 -1 0 -1 
11 0 17 -1 -1 -3 -4 14 
0 -3 -8 -4 -1 -2 -6 -2 
1 -1 -6 2 2 3 3 7 
-9 0 -2 -4 -3 -3 -3 -14 
6 -9 -7 -2 -3 -2 0 2 
0 1 -3 2 1 3 2 -5 
7 0 1 -5 -5 -5 -4 -2 
-2 2 -3 -4 -3 -2 -1 11 
-6 -2 6 -3 -5 -5 -3 -5 
-1 1 4 4 -2 -1 -1 -4 
-3 3 -14 -2 1 0 0 -7 
-3 -11 -1 -3 -3 -1 0 6 
-1 -5 4 1 1 1 -2 -4 
2 8 -6 -5 -5 -4 -1 9 
-3 2 12 1 1 -1 -1 -7 
-1 22 -2 -3 -1 -2 0 3 
-5 -6 1 0 1 2 1 0 
-1 -5 4 1 1 0 -2 -6 
-7 -5 -2 0 -1 -1 -2 -1 
5 -6 -5 3 0 1 0 4 
-1 10 5 -5 -4 -4 -3 -4 
-4 2 -7 -1 1 -1 0 -8 
-3 -3 -2 -5 -4 -3 -2 0 
3 -2 8 3 2 2 0 -5 
0 -3 -5 -4 -1 -2 0 2 
-7 -7 2 0 -1 0 -1 -8 
-3 -12 -18 -7 -8 -4 -4 8 
10 -8 -12 -1 1 -1 -1 1 
-1 -12 -8 0 0 -1 0 4 
-18 3 18 1 2 0 2 -15 
15 -5 4 1 -1 -2 -1 21 
22 0 -16 -3 -2 0 2 35 
-34 -1 -26 -10 -8 -7 -11 -69 
-2 -3 6 2 2 0 -1 6 
-15 1 3 -1 0 -1 0 -6 
2 -3 6 0 -1 -1 0 -8 
17 0 4 1 0 0 1 23 
11 5 9 1 0 1 1 0 
-9 -7 -12 -6 -1 -1 -3 -9 
-16 1 10 1 0 -2 -1 -4 
19 0 7 0 1 -2 1 18 
-5 -2 -3 -1 -3 -4 -3 -7 
3 1 -4 0 0 0 0 0 
-4 5 4 0 -2 -1 -3 -10 
-17 -10 -18 -4 0 1 0 -4 
0 -5 -5 -4 -3 -3 -2 7 
6 3 -1 -2 -2 -3 -3 -5 
-15 3 0 0 0 -1 2 -5 
1 1 7 -1 -2 -3 -4 -5 
4 1 -15 -2 1 -2 -2 6 
-3 -6 -6 0 1 1 -3 -8 
-8 4 2 -4 -5 -1 -1 -2 
1 -6 0 -1 0 1 0 7 
0 1 8 2 0 1 1 0 
-1 6 12 3 -1 0 0 -11 
2 -9 -11 -4 -2 -2 -2 1 
-2 3 14 1 0 0 0 -3 
-3 -1 -8 -5 -1 0 -3 -7 
-1 -4 2 7 3 2 2 -4 
11 4 -3 -5 -2 -2 -4 -1 
-22 -2 -8 -4 -5 0 1 0 
11 4 10 -3 -2 -4 -5 -10 
5 -11 -13 6 5 5 3 2 
-3 -7 6 0 0 0 0 4 
-2 -3 -3 0 -1 -1 -2 0 
-9 -6 -6 -7 -4 -4 -1 -12 
-5 4 4 -5 -3 -2 -4 -2 
-2 -19 4 -1 0 0 -1 -4 
6 8 0 2 0 -1 0 -2 
3 -4 3 3 1 1 2 21 
-11 -2 -19 -10 -7 -7 -8 -22 
-4 8 13 5 3 2 -2 -10 
2 2 7 -2 0 -1 1 8 
-2 -3 -2 -1 -2 -1 1 1 
2 7 -7 -2 0 -2 0 3 
2 4 -1 2 0 -1 -2 -2 
4 1 1 -1 -4 -2 -2 0 
1 1 -11 -3 -3 -1 -3 -2 
-2 3 7 2 1 1 2 0 
-8 -1 11 -2 -4 -4 0 11 
5 -13 -9 0 2 2 -1 -16 
-4 -7 0 0 -2 -2 -3 -4 
0 2 -5 -6 -5 -3 -3 6 
0 3 -5 0 -1 -2 -1 -1 
-4 1 4 2 0 2 0 5 
0 -8 -14 -6 -3 -2 0 10 
9 0 5 -1 -1 -2 -2 -9 
2 1 -3 1 3 1 2 10 
-9 7 15 -8 -5 -5 -4 -23 
-3 -2 -20 -1 1 1 1 0 
-4 -11 8 -1 -2 1 1 8 
-5 -4 -4 -1 -1 -1 0 -7 
4 -6 0 0 0 -2 0 11 
-1 -6 2 0 -1 -2 -2 -1 
-5 6 0 -3 -2 -2 -1 0 
1 0 0 -2 -2 -1 -2 -2 
0 -7 -21 2 1 1 1 4 
3 -3 -4 1 2 0 2 12 
4 -4 -5 -2 -3 -5 -4 -9 
-4 -1 -11 -3 -5 -2 -2 -11 
14 7 11 1 1 -2 -1 13 
-5 -6 2 2 1 1 1 -3 
-8 -4 7 1 1 1 2 4 
0 -4 -7 -6 -5 -4 -3 3 
0 -9 -8 -2 -2 -2 -2 -12 
-5 -6 4 0 -1 0 1 2 
7 -7 -2 -1 -5 -3 -4 -9 
-8 1 -4 3 -1 0 -1 -4 
-4 14 8 1 0 -1 1 5 
3 6 1 -3 -4 -3 -3 -6 
-2 1 4 3 1 1 1 4 
1 5 5 3 2 0 -1 -1 
4 -8 -8 -2 -3 0 -2 4 
-2 2 8 3 2 0 -2 -8 
-7 -8 4 -1 -1 -3 -1 -1 
2 6 0 -1 -1 -2 -2 -9 
-8 -4 -4 -4 -5 -4 -2 2 
1 -1 -7 -2 -3 -1 -1 -3 
-5 0 3 1 0 -1 -2 0 
1 -8 -22 -7 -3 -2 -2 0 
0 0 -5 0 0 1 0 -1 
2 11 5 2 -1 -2 -1 -3 
-3 -2 -3 -5 -5 -2 -2 -2 
-18 -27 10 1 3 0 2 -2 
-1 -5 0 0 0 -2 -2 -1 
-3 -3 6 1 -2 0 -1 -2 
4 6 5 -1 -1 -4 -1 3 
-7 3 0 -3 -1 -2 -2 4 
0 -11 -5 -2 -4 -3 -4 -11 
4 -5 -16 -9 -6 -5 -4 5 
-1 6 2 -1 1 1 1 -1 
-6 -6 -5 -2 -2 -2 0 -2 
-4 1 -10 -4 -4 -3 -2 -2 
1 4 3 1 0 -2 -1 -3 
-6 -9 -8 -6 -3 -2 -4 3 
3 -7 -6 2 0 -2 -2 -6 
-8 0 13 4 5 3 2 1 
1 -5 2 2 0 1 0 3 
-3 -2 -5 0 -1 0 -1 -3 
5 8 7 1 0 -1 -1 1 
0 -7 -19 -8 -6 -6 -4 -1 
0 0 0 0 -2 -2 -1 0 
-2 -4 -10 -3 -1 -2 -1 3 
5 9 16 1 -1 0 -1 0 
1 2 -11 0 2 0 0 2 
-6 -3 -7 -2 -2 0 -2 -6 
8 8 7 -1 0 0 1 9 
1 1 -17 -2 -2 -2 -4 -20 
-7 -20 6 1 1 -2 1 -1 
-3 -1 3 -2 -1 -1 0 -1 
1 8 11 7 2 2 -1 -2 
-10 -9 -18 -6 -4 0 0 2 
12 5 5 -4 0 -1 -5 6 
-6 4 -3 -1 -1 -2 -3 -24 
-3 -8 -3 0 1 1 2 2 
0 0 -2 -1 -1 -2 -1 0 
-2 15 15 6 -2 1 -1 -2 
-1 4 4 -3 -2 -2 -4 4 
0 3 -12 -6 -5 -2 -4 -3 
1 -4 0 0 1 -2 -1 -1 
-5 8 14 0 0 0 0 1 
7 10 7 1 -1 -2 -2 4 
-3 -5 -2 -1 -1 0 0 -4 
2 -5 -5 0 -1 -1 -1 4 
-1 -9 -16 -6 -6 -3 -5 -4 
0 -8 -6 2 1 -1 1 3 
0 -11 1 0 0 -1 2 6 
-10 -2 -1 3 1 1 0 -17 
5 5 4 -1 -2 0 0 1 
-1 -1 0 1 -1 -1 -1 13 
0 1 -21 -9 -6 -6 -5 -4 
-2 1 -2 -5 -4 -2 0 7 
5 -4 0 1 -1 -2 -2 -6 
-1 -1 16 2 4 2 2 0 
0 8 12 5 1 1 0 0 
2 -5 0 -4 -3 0 -2 16 
-9 -7 -4 0 3 2 1 -9 
4 0 -10 -2 -3 -3 -3 -5 
-3 3 -4 -2 -2 -2 -2 -7 
4 14 15 3 1 0 0 3 
-2 10 -5 -2 -2 -2 -1 9 
-7 -9 -1 -4 -2 -2 -1 -19 
6 6 -5 -1 0 -2 -1 11 
-5 -4 10 -5 -6 -2 -1 -3 
2 1 3 1 0 0 0 5 
-1 1 5 2 1 0 0 3 
-14 -6 -6 -4 -2 -2 -5 -19 
6 1 1 0 1 -2 -2 -1 
-3 -11 -2 -2 -3 1 0 -1 
-3 -2 -1 -1 0 0 0 1 
1 -5 7 0 -2 0 0 0 
0 -5 -4 -1 0 0 0 0 
-8 0 -3 -2 -1 -2 -2 -9 
-7 -5 -5 0 1 0 0 -8 
3 8 5 -2 -1 0 -1 4 
0 5 -6 -1 -4 -1 -2 -3 
-1 5 4 1 -2 -1 -2 0 
-1 -5 -15 -5 -3 -1 1 0 
0 -3 -9 -4 -2 -2 -2 -6 
3 12 -12 -3 -3 -4 -5 -11 
-4 -11 -11 4 4 4 0 -3 
-4 -9 13 -1 -2 0 -1 3 
-4 -10 -4 -4 -1 -2 -2 -5 
2 -11 -1 -3 -1 -1 0 6 
4 1 -3 0 -1 -4 -1 -1 
-16 4 -5 -1 -1 -1 -2 -6 
13 -19 7 1 1 1 2 9 
-5 -12 8 1 1 1 2 -3 
2 3 -4 -5 -4 -2 -4 -1 
0 -4 -3 -3 -2 -1 -3 0 
-7 4 -3 1 -2 -1 -2 -1 
2 0 2 1 1 0 0 4 
-2 -5 -5 -4 -1 -1 -2 -5 
-2 -2 -6 -1 -4 -2 0 0 
4 1 -2 -2 -2 -2 -3 7 
-6 1 -8 -3 -1 -2 -2 -7 
-2 5 5 -1 1 0 -1 5 
3 0 -2 -5 -4 -3 -3 -2 
-7 -2 -6 -3 -2 -1 -2 -6 
-4 -6 -9 -2 -1 1 0 -2 
-2 -6 -3 -4 -5 -2 0 2 
3 1 4 1 0 -1 0 4 
-1 -3 -2 0 -1 0 -1 -6 
-1 3 -2 -4 -3 -3 -4 2 
0 0 1 2 0 1 2 -2 
-4 -7 -15 -3 -1 -2 0 -6 
-4 4 2 -2 -3 0 0 -5 
1 3 8 3 -1 -1 -2 -3 
4 2 -7 -5 -6 -4 -3 1 
0 1 -9 -2 -2 -2 -5 -2 
-4 0 -3 0 0 -1 0 0 
1 -2 -12 -3 1 -1 1 0 
2 16 -15 -5 -3 -3 -3 -9 
-1 -2 2 -2 -3 -1 0 2 
-4 -4 -1 -3 -2 -1 -1 -2 
3 -10 -4 -2 -2 -2 -1 8 
-2 -3 11 2 2 0 -1 -13 
-10 0 -5 -4 -1 -3 -5 -4 
0 -6 -9 -2 -5 -4 -3 -2 
5 -5 10 1 0 3 2 0 
-2 1 13 3 1 0 0 5 
-2 10 18 2 2 -1 0 1 
-2 4 16 3 -1 0 -2 -2 
-6 -2 -10 -6 -7 -2 -2 -2 
-4 -7 1 1 3 2 2 5 
7 19 16 -3 -4 -2 -3 1 
-5 4 10 4 4 3 3 -7 
0 3 -1 -2 0 -3 -4 -3 
-5 -5 -18 -5 -6 -4 -2 -6 
9 1 -7 3 1 0 0 6 
-11 -18 6 2 4 0 1 -1 
-1 -3 1 -3 0 -1 -3 -4 
-4 -4 1 -3 -1 -3 -1 1 
4 -6 6 4 0 -2 -2 0 
2 0 -8 -4 -2 -3 -3 0 
-3 -3 -8 -2 -5 -2 -2 -3 
-2 -2 -2 0 -2 -3 -1 1 
-3 -14 -12 -3 -1 0 1 -3 
2 7 5 0 -1 0 -2 -2 
-2 1 -2 0 -1 -3 -2 0 
-8 -5 -16 -7 -2 -1 -2 -6 
-2 -2 4 -2 -2 -2 0 0 
7 11 10 4 2 2 -2 1 
-7 -17 -31 -8 -3 -3 -2 0 
-7 0 11 -1 0 -1 1 -7 
-9 -2 -4 -1 -1 -3 -2 -1 
-5 -6 -9 -4 -4 -3 -2 -12 
20 10 17 8 2 2 2 14 
-10 -2 -1 -2 1 -1 0 -23 
-6 -11 -6 -1 1 2 -3 0 
-1 13 13 3 -2 -1 1 5 
-4 -3 2 2 2 0 0 -2 
4 -9 -9 -4 -2 -2 -2 5 
3 -3 -12 -2 -2 -1 0 -3 
-3 -2 -4 -2 -3 -2 -2 2 
-1 0 5 0 1 0 -2 -6 
7 0 3 0 -2 1 -1 9 
1 -9 -16 -5 -5 -2 -1 0 
-2 -5 -9 -2 -2 -1 -2 -3 
-9 -8 -10 -6 -5 -3 -2 -5 
2 2 0 1 0 0 -4 3 
0 9 16 1 1 1 1 -2 
-1 -1 5 -1 0 0 0 0 
-9 -2 -11 -4 -3 -3 -3 -8 
0 2 0 -3 -3 -2 -2 1 
1 -2 -3 -3 0 -1 -3 -2 
-3 -4 -2 -3 -1 -2 -1 1 
0 8 15 2 1 2 0 -4 
4 7 14 2 -1 1 0 4 
-5 -7 -10 -3 -6 -3 -2 -3 
-2 -6 -5 -3 -4 -3 -3 -1 
-2 4 5 -1 -2 -1 0 -2 
4 6 -5 0 1 -1 -2 1 
-2 2 5 2 2 1 0 -1 
-2 -5 -17 -5 -2 -2 -1 -4 
-2 -2 4 -3 0 0 0 2 
0 -1 4 0 0 -1 -3 1 
1 -3 -9 -1 -1 -1 -2 -2 
1 0 1 -4 -3 0 -1 0 
2 8 -16 -1 -1 -2 -5 -7 
-3 10 3 -1 1 1 1 1 
-1 1 -2 1 -2 1 1 0 
-2 -6 2 -1 -2 -3 -2 -5 
-2 -4 -3 -1 -3 1 -1 0 
1 -4 4 1 -2 -4 0 -1 
-2 -10 5 -2 -1 -1 -2 -3 
-5 -2 -10 -2 -1 1 0 -7 
