#EMG
#7
#ID:7-47
-6 5 -11 -4 -1 1 -3 -9 
-14 -2 -6 -4 -2 -1 2 0 
3 -8 2 -2 -3 -3 -2 1 
7 -12 -18 -5 -1 -1 3 3 
-3 -2 11 1 -1 -3 -4 8 
-6 -14 1 3 3 0 -1 -19 
-4 8 -11 -1 -1 0 -2 -2 
-7 6 3 2 -1 0 3 0 
5 -3 -6 -3 1 -1 -2 -5 
15 41 22 3 -2 -2 -2 9 
7 0 -4 -2 -4 -4 -2 -12 
-8 -1 11 -2 -3 -3 -2 2 
4 -2 1 4 2 1 -2 -6 
-11 0 7 1 0 1 2 3 
1 -4 -1 1 2 -2 -3 0 
3 -2 -9 -6 -3 -2 -1 14 
-7 -5 10 0 1 0 -1 -19 
-2 -11 -20 -5 0 -1 -4 1 
-8 -5 13 0 -1 -2 -1 10 
6 -11 -27 -6 -7 -4 -3 -7 
-2 -5 -3 -6 -2 -5 -3 -1 
-13 -3 -22 0 1 1 -1 -9 
19 -1 -4 -3 -2 -1 -2 18 
4 1 3 -1 -3 -2 -3 7 
-26 -1 -2 -3 -5 -1 0 -12 
14 10 8 1 -3 -1 0 2 
10 -14 8 1 1 2 4 18 
-41 -3 -3 -1 1 -1 -6 -44 
3 -3 -2 -5 -3 -3 -1 5 
-11 11 9 0 -2 -2 -2 0 
-6 4 -23 -4 -2 -4 -4 -14 
2 -8 1 -1 1 -1 4 12 
5 -11 -6 -3 -1 0 2 2 
-9 -7 5 0 -2 0 -2 -6 
-14 -11 -29 -6 0 0 -1 -26 
9 -7 -4 -3 -2 -3 -1 8 
9 7 -7 -3 -2 -2 -1 1 
-2 -7 -11 -1 -1 -2 0 8 
-4 1 26 4 -1 1 0 0 
-2 -11 -3 0 0 3 4 -5 
-7 10 1 0 0 0 -3 -4 
10 -4 8 -1 -1 0 -1 6 
-13 -3 4 -1 2 -1 -3 -3 
-2 -2 16 8 4 0 1 -1 
9 -5 -8 1 1 -2 -3 7 
-7 0 1 0 -1 -1 0 -5 
-4 24 6 -3 -2 -3 -1 -9 
2 5 5 -1 -1 0 0 1 
5 -7 -15 -2 -3 -2 -2 4 
-6 -10 1 1 2 1 0 0 
0 8 0 -2 -1 -2 -1 -3 
7 -10 -10 2 -2 -1 -4 -1 
0 12 -9 -3 -2 -2 2 4 
-11 -2 1 0 -2 -5 -4 -9 
20 0 -5 -3 -3 0 0 -1 
-19 16 10 -2 -4 -3 -5 -3 
5 -7 2 -2 -4 -3 -1 -1 
6 0 -2 -1 -1 -3 0 0 
-6 -8 -4 5 3 1 -1 -17 
3 3 7 -1 0 0 0 7 
6 -12 -9 -5 -3 0 0 3 
11 3 1 0 -2 -1 0 -4 
-7 -15 -5 -1 -1 -1 -1 2 
16 7 -2 -4 -3 -5 0 7 
-10 -1 11 4 4 0 -4 -13 
-5 -3 -5 -1 -4 -3 -2 -7 
5 -6 -1 2 -1 -1 -1 7 
-7 33 1 -2 0 -1 1 -1 
-11 -9 -5 0 2 2 3 0 
8 -8 -17 -4 -4 -4 -6 5 
-4 -2 2 -1 -1 0 0 -1 
-18 -5 -8 -5 -2 -1 -4 -15 
-2 -7 12 1 -1 -1 0 -4 
13 -5 -4 0 0 3 4 56 
-16 -2 3 -3 -3 -1 -1 -48 
18 0 -6 -1 -1 -1 -4 -21 
2 20 2 0 -5 -1 3 4 
-9 -12 -8 -2 0 -3 -8 -12 
18 -3 11 -1 -4 -4 -3 42 
4 -36 -24 -7 -2 -2 -3 -21 
17 15 -3 -4 -4 0 -4 -9 
2 5 0 -5 -2 3 16 13 
8 15 3 0 -2 -9 -6 -3 
-40 -7 0 1 0 -3 -5 -23 
-2 -15 -12 -3 -3 -3 1 10 
0 19 -2 -3 -1 -2 -6 -15 
-12 -26 -25 -2 0 7 10 5 
29 19 54 5 0 -1 -1 25 
4 -15 -25 6 5 0 -2 -11 
-7 7 27 -4 0 4 0 -7 
-14 12 -38 -4 -4 1 7 -10 
-9 -25 -12 -15 -8 -8 -7 10 
-3 -1 17 1 0 -4 0 -1 
7 -6 35 4 1 -2 -5 -3 
-3 16 23 3 1 6 19 12 
-10 -8 -2 0 1 -9 -33 -10 
-9 17 7 -3 -3 0 -4 -37 
-6 -16 -36 -9 -4 -2 -5 -12 
-8 59 32 11 8 4 8 17 
14 12 -31 0 -1 3 13 -19 
15 8 15 -2 0 -2 -8 20 
-31 9 -17 0 0 -1 0 -22 
-9 -43 11 6 -2 0 -5 -16 
3 -22 -15 -4 -3 0 3 22 
-13 12 -48 -8 -1 -1 2 18 
16 -11 -7 5 2 1 3 -22 
9 8 0 -3 -4 -5 -8 4 
-6 7 33 8 5 0 -9 5 
1 44 4 -2 -6 -5 -3 0 
-15 -5 76 29 14 7 9 10 
-12 -55 -80 -37 -9 -14 -28 -12 
1 55 22 -11 -6 3 9 8 
-9 -9 35 9 0 2 5 3 
26 -12 -21 -8 -5 -6 -15 12 
15 47 -20 2 2 1 -4 -16 
-9 3 21 8 3 5 9 -5 
1 -35 28 -5 -5 -1 0 22 
-11 44 -25 2 0 -3 -1 -3 
0 -26 -9 -11 -11 -3 -3 2 
17 -7 23 35 4 1 5 19 
-12 -37 -75 -51 -8 -6 -5 -19 
-5 -27 13 -17 -16 -11 -9 -28 
-18 2 29 10 3 -3 -6 -22 
-3 -33 -21 1 9 6 12 19 
0 -19 -5 15 2 1 -1 -16 
12 -17 -7 -4 -3 -5 -7 11 
7 58 69 39 10 4 -2 6 
-14 -54 -67 -40 -12 -7 -3 -13 
9 3 24 0 -6 -2 -5 2 
-26 -13 -23 -21 -4 4 7 23 
1 -48 6 15 -2 -3 -2 -24 
-1 42 22 14 5 8 6 2 
-27 -13 -2 1 5 5 0 5 
3 12 -10 -5 -5 -3 4 -17 
0 -6 33 7 3 -6 -17 13 
-19 -3 -22 -9 -3 -5 0 -16 
5 12 -6 0 -4 -3 -7 -15 
18 31 30 6 1 6 18 19 
7 25 -25 -23 -6 -6 -10 17 
3 -18 -27 -13 -5 -3 -7 -8 
16 36 19 14 2 3 10 30 
5 6 14 24 5 -1 -8 3 
-18 -43 -8 -26 -1 4 9 2 
6 33 -10 -2 -5 -2 -4 4 
-18 -5 20 7 3 1 2 -11 
-4 22 -13 1 2 0 2 4 
19 10 -36 -9 -5 -5 -8 17 
17 2 43 3 0 2 4 2 
-13 -21 -12 2 0 -2 -9 -30 
-14 -13 -19 -12 -1 0 3 -11 
-3 -11 36 7 -1 0 10 14 
19 8 -28 -5 -2 -7 -11 14 
6 -15 7 6 3 0 4 -20 
-2 7 -12 -12 -9 -5 -9 0 
-11 8 -8 1 4 5 9 -5 
-2 -18 3 5 3 2 10 -4 
12 21 -7 -8 -4 -3 -4 14 
-13 -23 -35 -4 -2 -1 -5 -13 
-24 -15 8 0 -1 0 1 -16 
4 -25 5 1 -2 -9 -18 2 
-9 74 18 0 0 6 18 -6 
8 2 2 2 3 3 -6 -3 
21 27 -28 1 0 -2 -2 18 
6 -12 14 -2 -1 2 -4 -35 
2 -61 -37 -13 -8 -6 1 17 
-18 -26 5 -1 -3 -3 -10 -1 
-11 18 26 -1 0 -1 0 -36 
3 -54 -12 -1 -4 -6 -3 3 
1 25 9 16 9 3 5 20 
-8 29 10 -7 -2 -1 -10 -14 
4 4 -23 -10 -7 0 3 15 
12 20 -4 8 2 3 5 15 
7 11 15 -2 1 -7 -15 2 
-2 -17 6 -9 -5 -1 4 11 
-1 35 -3 7 0 4 4 -15 
-18 15 13 -3 0 1 2 5 
8 15 -5 12 4 4 -1 -1 
-4 3 -40 -9 -3 -6 -7 -12 
4 11 9 4 1 -1 0 0 
-19 24 -4 -15 -3 0 1 -7 
-5 -3 -3 -4 -2 -3 -8 -8 
13 10 -1 2 -1 -2 5 7 
-5 -35 0 -8 -2 -4 -2 3 
-8 8 -4 25 -1 -4 -4 7 
-7 -34 -54 -32 -8 -7 -3 -11 
1 -17 -33 -14 -4 -2 -1 -10 
-4 -18 -14 -1 -3 -2 0 -19 
8 17 31 4 6 6 3 -10 
-6 -17 -24 -4 -8 -3 -3 -5 
-10 -40 47 18 6 -1 8 47 
33 -19 -16 -4 -2 -4 -23 -50 
-22 35 -6 -7 -6 -1 16 20 
-14 14 14 -2 1 -2 -11 -20 
-9 -14 -4 -5 -1 4 10 31 
18 -6 32 23 6 3 7 -4 
1 -16 -7 -4 -1 -2 -11 -9 
15 -10 2 1 0 -3 -4 25 
6 25 33 7 1 0 -3 -7 
-6 6 -8 -8 -1 -2 0 -3 
-6 -7 -2 -1 -6 0 -1 -11 
-19 0 10 2 2 1 5 3 
30 2 3 1 2 0 -7 -28 
-11 -6 -6 3 -2 -2 -4 9 
-22 -22 5 12 4 0 -2 8 
9 -5 -5 -7 -5 -3 -3 -4 
-3 25 17 1 -2 1 3 -29 
8 0 -22 -30 -11 -3 4 47 
-13 -5 -2 5 0 -2 -5 -30 
-17 -7 10 5 -1 3 4 -10 
-15 -13 -7 3 -6 -9 -10 -15 
34 -13 -4 -1 -1 0 3 28 
-4 -25 -7 -4 0 0 0 -5 
11 18 25 14 2 -1 -3 -2 
-14 16 16 -6 -3 2 0 -11 
-13 -42 22 8 1 -3 1 4 
21 57 -20 -10 -5 -2 1 23 
-2 -2 26 5 5 7 5 -8 
11 -9 -55 -12 -5 -5 -7 8 
-10 -17 -5 -2 -2 0 0 -5 
19 -23 -23 -1 -1 -3 -3 19 
-1 2 -11 -9 -5 -5 -3 -15 
3 11 15 2 2 -1 -2 -19 
-18 16 -7 4 3 0 -1 -16 
-7 -5 14 2 2 2 4 25 
25 1 -9 -14 -5 -2 -8 -18 
-35 -27 -5 2 1 0 6 37 
-6 8 -9 -8 -6 -6 -10 -36 
-23 -2 -6 -7 -2 -6 -5 -11 
14 -7 14 9 0 -3 -1 39 
12 -1 -12 0 2 -1 -5 -8 
-10 -6 1 -5 -4 0 9 -6 
9 -2 0 -6 -1 0 6 8 
-23 -10 1 -3 -4 -4 2 15 
18 8 11 8 4 0 -7 -36 
-17 -24 -3 -8 -4 -1 -4 45 
22 0 -18 -9 -1 0 -4 -31 
-8 0 15 2 -2 3 16 6 
-10 -42 -34 -8 -6 -6 -11 -1 
-22 8 20 5 3 -3 -12 7 
-11 -16 8 -7 -6 1 4 2 
14 -18 -17 1 -5 -5 -11 20 
-5 14 37 3 3 3 -7 -9 
1 23 31 5 0 1 21 -10 
5 -6 -15 3 0 -1 -13 -2 
1 -19 -13 -7 0 0 7 -15 
9 -1 26 4 1 0 2 18 
27 70 -26 -8 -5 -1 -3 -2 
-21 -4 35 15 4 -6 -13 -33 
-7 -21 -27 -10 -3 -7 -10 6 
6 12 -33 4 2 4 16 9 
2 1 6 5 1 0 -5 -5 
-9 -25 -9 -20 -6 0 10 9 
-2 -31 90 28 7 -1 -7 -17 
-9 -73 -57 -35 -17 -10 -5 -1 
9 12 -12 -2 -5 -5 0 7 
-28 -57 -38 3 2 4 -2 -18 
15 5 4 -7 4 4 0 -5 
7 57 25 19 -2 -4 -3 5 
5 -15 -8 0 5 10 9 14 
5 -47 22 -3 -5 -8 -16 0 
-8 59 18 45 31 13 6 -36 
-16 34 -73 -85 -50 -19 -6 -2 
1 12 1 35 13 0 -9 -8 
38 31 -83 -24 -17 -5 3 26 
-5 70 -45 -11 -9 -1 0 2 
17 51 -18 -15 -7 -5 -9 2 
-6 -96 10 10 1 0 3 -20 
-22 -51 20 -35 -8 0 2 5 
14 12 23 23 10 8 15 23 
-6 -1 14 15 9 -1 -5 -31 
-8 -42 -26 -5 -5 -5 -15 -1 
-2 19 37 27 9 3 13 13 
65 -21 -29 -21 -16 -11 -15 27 
-32 -33 16 18 11 10 19 -63 
14 19 14 -23 -6 -11 -22 13 
-2 33 20 13 4 1 8 -3 
-6 -11 -36 -19 -16 -8 -12 8 
-16 1 58 27 16 11 7 -11 
-4 -5 -32 -7 -3 -5 -2 -17 
-12 27 -48 -28 -5 -4 -9 -26 
1 -32 -20 -15 -8 2 14 25 
-2 -2 19 10 2 -2 -7 2 
3 5 -3 -6 -8 0 0 -18 
-24 6 39 17 4 -3 -4 11 
-1 -13 -5 -3 0 1 0 -20 
-19 -33 -44 -18 0 4 6 41 
0 10 8 3 -5 -2 1 8 
5 10 -4 19 7 1 -5 -43 
-9 57 19 -4 -10 -5 -3 -9 
-23 67 -11 -1 2 0 -1 7 
15 51 20 1 2 2 0 4 
1 -4 -19 -8 -4 0 3 18 
-29 -36 -27 -10 -9 -8 -9 -22 
18 -29 21 14 6 1 1 4 
-10 -16 -10 -8 -1 2 7 20 
13 -3 8 3 -3 -8 -11 -6 
-14 -17 0 3 1 0 -2 -9 
14 -19 25 8 6 1 -3 5 
-18 4 -37 -8 -5 -5 2 6 
-13 -4 6 5 3 3 1 28 
-15 9 -5 -10 -1 -5 -9 -31 
4 -16 3 10 4 1 0 3 
-2 5 -5 -4 -2 0 -3 -8 
5 4 29 4 0 -2 1 7 
-11 -44 -51 -9 -5 -3 -2 3 
13 4 3 0 -2 -1 -3 16 
-6 -8 16 -4 -3 -1 -3 -15 
19 2 -11 -6 -2 1 0 -9 
-13 -15 8 0 0 -2 -2 -6 
13 -9 -2 2 -1 -3 -4 1 
-12 -7 3 3 3 2 3 -6 
-7 -11 -12 -1 -3 -2 -2 -12 
1 11 36 6 2 0 -2 5 
-4 3 6 0 -3 -2 -2 -2 
-9 -8 -5 -6 -1 0 -2 -15 
4 14 2 -6 -3 -2 1 0 
-1 -27 4 4 2 2 1 1 
3 -1 -6 1 3 -2 -5 4 
-5 -2 5 1 1 1 1 3 
8 0 -5 -4 -2 -3 -3 -3 
0 7 -15 -4 -4 -2 -3 -1 
-4 -28 3 -1 1 1 2 0 
-12 -15 -4 -7 -5 -7 -4 -1 
0 -10 -22 -2 -2 -1 -3 -5 
-13 8 6 2 1 -3 -1 -1 
9 19 12 -1 -3 -1 -1 0 
2 4 9 -2 -3 1 -1 2 
3 8 6 -1 -5 -2 0 2 
-7 -4 -9 -4 -1 -2 -2 -2 
7 7 2 -1 -1 0 0 -1 
3 -13 -14 -5 -1 -1 -1 4 
-1 3 14 3 3 3 1 4 
15 5 10 2 1 0 -2 20 
-8 -7 4 6 2 -2 -5 -20 
-5 41 5 0 2 3 2 -2 
-1 -5 9 2 2 0 -1 -1 
-9 -1 -6 -6 -2 -1 -2 -1 
4 -18 -14 -4 -5 -6 -2 3 
13 -8 10 4 2 -2 0 30 
-27 -40 -7 -6 -1 0 -1 -28 
-12 11 6 3 -3 1 0 -23 
-2 17 2 -5 -3 -1 0 0 
-8 -5 -3 -4 -4 -5 -5 -9 
18 5 0 4 2 2 0 11 
3 9 -8 -4 -2 -1 -1 8 
6 0 2 -1 1 1 2 4 
-2 -23 -5 0 0 0 -4 -7 
1 4 9 -1 -2 0 -1 -4 
-2 1 2 -3 -2 -2 1 -7 
1 0 -15 -2 -2 -1 0 5 
5 2 0 -2 -1 -2 0 9 
1 7 -6 -1 -2 -2 -2 -2 
-5 1 10 5 4 0 1 1 
-3 -3 -19 -2 -4 0 0 -2 
0 -11 10 0 -3 -2 -4 -7 
-3 1 -22 -4 -5 -3 -3 -2 
0 -5 -4 -3 -4 -3 -3 0 
2 1 6 -1 -1 -1 -3 3 
-5 -10 -8 2 -1 2 -1 -12 
3 11 4 3 4 2 -1 5 
0 1 11 -1 0 -1 1 4 
-2 3 2 1 0 0 -2 -5 
-2 1 -3 -1 -1 0 1 -2 
-5 4 1 -2 -2 -1 2 0 
8 -2 3 1 1 -2 -4 0 
-2 0 5 2 3 5 3 -3 
-6 -7 -2 -5 -6 -5 -4 -6 
3 -10 -22 -5 -4 -3 -1 13 
-9 5 2 -3 -3 -3 -4 -21 
6 4 -4 -2 -3 -4 -2 9 
6 10 -5 0 -1 -3 -1 1 
-1 12 -9 -5 -2 -1 -3 -8 
-2 -17 0 4 1 3 1 10 
-2 -3 7 -1 -3 -5 -4 -2 
-6 -15 -17 -5 -1 2 2 -5 
4 -15 5 0 0 1 1 16 
-3 2 4 -2 -2 -1 -1 -20 
0 5 1 0 2 1 -2 -3 
0 -8 -4 -2 -4 -4 -5 -3 
-1 -1 -7 -1 -4 -2 0 4 
-2 -3 -8 -2 -2 -1 0 20 
-8 -9 6 -4 -1 -2 -6 -37 
5 8 11 2 -3 0 -1 3 
3 -2 -7 -1 2 1 1 -13 
-45 -6 4 2 2 2 0 -25 
-6 -3 -6 -3 -3 -4 -1 7 
0 0 -5 -1 -1 -1 -2 3 
-6 -4 7 0 2 0 -1 -10 
15 1 -3 -4 -4 -2 -1 10 
1 0 2 0 -1 0 1 11 
-13 -3 -5 -4 -3 -3 -6 -12 
6 8 4 -4 -7 -2 0 5 
12 5 -3 3 2 -2 1 6 
7 13 1 0 -2 0 1 7 
-12 -6 -11 -4 0 0 3 3 
6 3 13 0 -1 -2 -3 -4 
11 -5 -13 -4 -1 -3 -5 -16 
-1 1 16 8 2 1 2 14 
-17 -21 -29 -12 -9 -7 -7 -21 
-6 3 -5 0 -2 -4 -3 -7 
1 12 17 0 1 2 4 14 
-1 -8 -6 -2 -2 -3 -3 -8 
7 2 11 2 1 2 1 13 
-11 -1 0 -1 -2 -2 -1 -3 
15 -2 -10 -3 -5 -3 -4 0 
-9 14 16 -5 -2 1 0 10 
-4 -4 13 -1 -2 -1 -1 -10 
4 1 -4 2 3 1 1 14 
-11 -2 -2 -4 -4 -5 -4 -12 
-2 -10 -13 1 0 1 -2 -6 
7 4 4 3 0 0 0 2 
-3 6 9 0 -1 -2 -2 -6 
2 -5 -7 -2 -2 0 0 9 
4 -9 -2 1 -1 -4 -2 -4 
-4 19 24 4 3 2 2 -2 
-1 -2 -8 0 0 -1 -2 2 
-1 1 -4 0 -4 -2 -2 0 
-5 -10 -7 -6 -4 -3 -1 -6 
7 1 3 3 2 -1 2 9 
-2 0 8 -1 -2 -2 -3 -4 
6 8 -1 1 1 -1 -3 -1 
-8 -9 -8 -3 -2 1 2 -5 
1 -14 -6 -2 -1 -2 0 5 
-11 -11 -5 -5 -2 -3 -2 -2 
5 -6 -2 -2 -3 -2 -3 0 
8 12 2 0 -3 -5 -3 3 
-3 4 2 2 3 3 5 2 
1 -13 6 5 1 0 -4 -2 
-4 -1 8 0 -3 -1 -1 -5 
-8 -7 -6 -3 2 0 -1 -5 
6 3 -3 -3 -4 -6 -3 -3 
-3 4 3 -1 -1 -1 0 3 
-3 17 3 4 2 2 -1 4 
2 -12 -16 -4 -3 0 -3 4 
7 -11 -12 -6 -5 -3 -4 1 
-7 16 9 0 -2 -1 -3 -20 
-2 -3 -2 -4 -3 -1 1 9 
3 -10 0 -2 -2 -2 0 -16 
0 0 -6 1 -1 0 -1 0 
-3 -14 -16 -3 0 2 4 5 
-4 -19 -5 1 -1 -2 -1 -4 
-5 5 -11 0 -4 -3 -3 1 
15 -27 -12 -1 -3 -2 -1 10 
-2 1 -6 -6 -2 -3 -5 -14 
-4 -5 -7 -4 2 0 -1 -3 
5 -7 0 2 0 0 1 0 
1 -10 -22 -4 -2 -3 -4 -7 
1 -2 -3 -1 -2 -2 2 7 
4 -4 2 -2 -3 -3 -2 6 
-1 4 25 3 -1 -3 -2 -1 
-15 -1 -9 -5 -4 1 1 -11 
1 -4 -7 0 -1 -3 0 5 
2 4 5 1 0 0 1 2 
3 10 14 4 0 -2 -2 -6 
-11 8 4 2 2 1 -2 -1 
2 -3 -5 -5 0 1 1 4 
-3 -8 -14 -2 -2 -5 -1 10 
10 19 -7 -3 -1 -1 -2 -18 
0 4 15 0 -1 -1 2 5 
-11 0 8 2 0 0 -3 -32 
-13 -10 -37 -12 -8 -3 -3 -2 
-7 -3 -7 -4 -1 2 0 8 
0 -3 3 -4 -3 -2 -3 -2 
-5 1 -3 0 0 -1 2 6 
-1 -3 12 1 -2 -2 -4 -7 
2 -5 3 0 -2 -2 -2 -2 
0 3 -1 -2 -1 -2 -3 -1 
6 -1 2 2 0 0 1 6 
-7 3 7 1 -1 -2 1 -5 
-3 -1 -14 -3 0 -3 0 7 
3 12 7 -1 -3 -3 -4 -9 
2 8 -1 -2 -4 0 0 11 
-7 -9 -12 -3 1 0 0 -5 
-7 -7 -13 -2 -1 0 0 -4 
3 -1 -4 -1 -2 -2 0 2 
3 -4 -4 -4 -5 -4 -2 -1 
4 -1 3 -3 -1 -1 0 1 
-8 -3 8 2 0 -1 0 -5 
-11 29 18 1 0 1 1 -5 
5 -5 -4 -1 -1 0 -1 4 
4 12 10 -2 -3 1 -3 -3 
-5 -25 -17 -1 0 -1 1 1 
-11 -6 7 1 1 0 2 9 
5 -14 -7 -5 0 -4 -4 -15 
0 -2 11 -3 -4 -3 -1 2 
-3 -8 -18 -6 -3 -5 -3 2 
-4 -11 -5 0 1 1 -2 -4 
13 7 6 3 0 -2 0 11 
1 -4 9 7 4 2 2 -3 
9 6 12 -1 -3 2 4 32 
-21 0 -10 -4 -4 -4 -6 -25 
2 5 -2 -5 -3 -3 -4 -3 
-2 9 8 1 3 -1 -1 -9 
-4 3 -1 -1 0 -2 0 0 
20 10 8 5 1 1 2 29 
-2 1 3 -3 -1 2 2 3 
-4 -12 4 0 -1 0 -1 -2 
5 -4 -5 -4 -2 -3 -1 -2 
1 -17 -14 -1 0 -3 -2 -4 
-7 15 0 2 1 2 0 -6 
-3 3 5 -1 -1 -1 -3 5 
-5 -9 -7 -6 -3 -3 -5 -18 
6 -1 -19 0 -1 -3 -5 -8 
-8 -8 1 2 -1 0 2 2 
-4 -10 -11 -1 3 1 0 -3 
5 11 15 5 1 0 -2 1 
-6 -12 -13 -7 -3 -1 -1 -6 
-10 -4 6 1 0 0 -1 -2 
20 -25 -18 -2 -2 -3 -2 18 
-3 22 1 1 -1 -4 -4 -28 
4 11 12 2 2 2 2 -2 
-3 -2 6 0 -1 -2 0 12 
1 -2 -7 -1 0 1 0 -2 
-8 -7 -12 -6 -6 -3 -4 -18 
0 -2 5 -1 -3 -3 0 13 
30 5 -8 -3 -1 1 2 -3 
-14 2 11 2 -1 -1 -1 -14 
1 6 10 1 -1 -1 1 8 
-12 -13 -9 -3 1 1 2 -2 
-5 -5 -5 -2 -5 -6 -4 -4 
17 11 6 -2 1 -2 -1 8 
3 0 -2 0 0 0 -1 2 
3 -16 -10 1 0 -1 0 -8 
-9 3 6 0 2 0 0 3 
-5 13 2 1 2 1 1 -5 
-11 -13 -2 -5 -3 -1 -2 2 
4 7 -5 0 -1 -3 -2 1 
-12 -5 -16 -3 -2 -4 -4 -16 
-6 2 -4 -4 -5 -2 -2 -3 
5 2 2 -2 -2 -1 0 10 
-7 0 7 -2 1 2 -1 -12 
-8 -22 -13 0 0 0 -1 0 
7 10 6 -5 -3 -3 -2 -6 
-10 -15 -11 0 3 1 0 3 
2 9 2 1 1 0 1 0 
-2 -7 -2 -1 -2 -2 -3 4 
-7 -11 -11 5 2 2 2 -6 
11 22 1 -7 -5 -1 -2 -1 
-11 -6 19 1 0 -1 1 0 
0 -1 -9 -3 -2 -1 -1 -4 
-5 -7 -9 -4 -3 -3 -2 -1 
-9 -2 4 4 1 1 1 -8 
16 0 -5 -4 -4 -1 -1 21 
-26 -3 -8 -4 -4 -3 -5 -27 
-6 -8 -8 0 4 3 1 -8 
-2 -9 -2 -1 -2 -4 -2 0 
1 1 1 -2 -2 -3 -2 -5 
5 4 6 -2 -2 -2 1 19 
7 7 -3 -2 -3 -2 -1 2 
-9 -8 -2 -2 -1 -2 -2 -6 
10 0 -11 -1 0 0 -2 3 
0 0 -5 -1 0 -3 -1 -1 
-12 -4 -5 0 -1 0 -1 -4 
7 6 4 -3 -2 -2 -2 -1 
-15 -10 5 3 1 1 0 -10 
3 -8 3 0 -3 -1 0 0 
5 -11 -5 -2 -3 -5 -3 5 
-6 9 2 1 -1 -1 -2 4 
-4 -9 -21 -9 -7 -4 -8 -20 
11 13 -3 -3 -4 -2 -2 11 
-8 -28 -11 -3 1 -1 -1 -11 
-4 -14 -16 2 2 1 2 -13 
-4 4 5 -2 -2 -2 0 3 
-1 3 11 2 0 -2 -2 2 
-12 -1 -2 -5 -6 -1 -1 8 
3 2 6 2 0 0 -1 3 
1 2 7 -1 -1 0 0 -7 
8 -3 5 1 -1 0 -1 13 
4 19 10 1 -1 -2 -2 -1 
-1 0 8 1 1 -2 0 5 
-2 2 5 0 -1 1 -1 10 
-4 -2 0 -5 -2 -3 -2 -14 
-2 10 -8 -3 -1 -4 -2 -2 
2 -4 -1 -1 -2 -1 1 11 
12 8 3 -1 -5 -6 -5 -8 
-7 -5 -6 1 4 3 1 -4 
-11 4 -12 -2 -1 1 0 -6 
14 8 6 0 0 0 -1 7 
0 -6 -5 -3 -3 -6 -3 5 
5 -2 3 2 -1 -1 -2 2 
3 2 9 2 0 0 0 0 
-7 5 6 -4 -4 -3 -4 -12 
-5 -1 14 0 2 3 2 -1 
-9 -10 -12 -1 1 -1 -1 -5 
21 -6 -9 -4 -3 -5 -2 31 
-19 -8 1 -1 -1 -1 -4 -32 
-11 -2 -7 -2 -3 -4 -3 -3 
12 0 -5 -2 0 -1 -2 -7 
7 7 10 0 0 1 1 16 
-1 -3 -9 -2 -1 0 -2 -7 
-4 5 7 3 0 0 0 -4 
-6 3 2 -2 -2 -2 0 2 
0 1 -2 0 -4 -3 -3 -3 
1 5 -1 -2 1 0 -2 8 
-4 2 -4 -1 0 2 1 1 
-4 0 8 2 -1 1 1 1 
-2 2 0 -4 -3 -3 -4 -8 
-11 -20 -29 -6 -4 -3 -2 3 
