#EMG
#0
#ID:0-28
-4 -1 2 5 1 0 -3 -12 
-10 -7 -42 -22 -10 -5 -4 -2 
-4 -3 4 -4 -3 1 2 1 
-3 -6 -21 -8 -4 -1 -2 -2 
-4 3 6 -1 -1 -1 1 4 
6 8 29 19 9 2 -2 5 
2 -8 -8 -11 -4 -3 -3 9 
-13 -3 -4 -2 -5 -1 -2 -26 
3 4 7 16 2 -3 0 6 
5 1 6 -13 -1 0 -5 -22 
-6 -2 -2 -4 -3 -2 -1 5 
5 -4 5 7 3 0 -1 4 
3 -6 -5 -1 -1 -1 -1 -2 
-1 -6 -13 0 -4 -4 -3 -1 
-9 -4 -7 -5 -3 -3 -2 -2 
8 6 13 4 1 1 -1 1 
-4 -4 -21 -10 -5 -1 -1 2 
1 0 -5 -4 -4 0 -3 9 
-11 5 11 4 3 1 2 -7 
8 -3 -12 4 0 -2 -2 8 
4 3 6 -6 0 0 -2 -1 
-1 1 18 5 0 1 2 1 
-2 -2 -10 -1 -1 0 -1 -7 
-3 4 19 3 0 -2 0 3 
-4 -8 -2 7 -1 -2 -1 0 
-2 -7 -19 -22 -5 -2 -3 -1 
-2 5 14 4 1 -2 0 -4 
12 -4 0 -4 -3 -2 0 8 
3 4 -3 5 1 -2 -2 0 
-3 -3 6 5 1 1 1 -1 
10 3 3 4 2 0 -3 -9 
-2 -1 -17 -8 -5 -2 -2 -3 
-6 -3 -36 -12 -5 -3 -1 -2 
5 7 25 9 2 0 0 -2 
-12 -10 -4 -5 -3 -3 -1 4 
-3 -13 5 3 1 -1 -1 -10 
0 4 6 -3 1 0 0 5 
-4 -1 -3 12 3 -2 0 3 
13 2 11 -4 -4 -2 -4 3 
-15 0 0 -10 -2 0 -2 -6 
-13 -12 -22 -17 -9 -3 -2 12 
4 1 10 7 1 -1 0 -5 
-10 -1 -15 -1 2 1 0 -1 
-4 0 14 8 0 -2 2 3 
1 6 9 4 5 2 0 -5 
0 -11 -22 -12 -9 -3 -4 -3 
-4 1 2 0 -1 0 0 0 
-9 3 -7 -7 -2 -1 -1 -1 
-1 -1 2 -4 0 -2 0 1 
-3 2 4 3 0 0 -2 0 
7 8 15 20 2 1 1 3 
-5 -3 -29 -31 -9 -2 -4 0 
-4 -2 19 8 0 -2 -1 -5 
-6 -7 -8 -9 -4 -1 -1 2 
-9 -1 5 0 -1 -1 -2 -4 
6 1 7 13 4 0 1 2 
-1 -11 -14 -9 -4 -3 -3 1 
-4 -3 -15 -7 -1 0 -1 -13 
0 -15 -17 -4 -1 -2 -2 5 
-4 5 25 10 1 0 0 7 
-9 -2 -18 -10 -2 -1 -2 -11 
11 -8 12 9 0 -3 -2 10 
-13 6 -7 -13 -3 1 -1 -11 
14 0 3 8 2 -2 0 24 
2 0 -16 -9 -5 -2 -2 -20 
-10 -5 -4 -3 -3 -2 -2 -3 
-2 -1 -2 -1 2 -1 1 -5 
0 -2 -7 5 0 -4 -4 0 
0 1 14 1 -1 0 1 -4 
1 1 -4 -6 -3 0 -1 0 
6 -1 15 3 3 -1 0 5 
-6 -6 -24 -7 0 2 -2 -13 
0 5 8 7 0 2 -1 3 
-9 2 3 -2 -1 -1 -2 -4 
9 4 28 17 1 -3 -1 7 
1 6 -20 -14 0 -1 -2 -13 
3 -9 -3 -9 -5 -2 -2 2 
-8 5 16 5 -1 2 -1 7 
-2 6 -2 -4 3 0 -1 -20 
-5 -3 -4 6 -3 -3 -4 -13 
4 -3 -8 -3 -2 -2 -1 5 
-7 4 12 -3 -3 -1 -2 -6 
-3 -4 -5 -1 -4 -3 -3 -2 
-4 -3 9 0 1 0 0 3 
-3 -1 0 5 1 0 -2 -3 
-2 0 -34 -3 -1 0 -1 -3 
1 -9 -12 -7 -4 -2 -3 1 
5 -4 -5 -5 -2 -1 -1 16 
-6 0 2 -3 -2 -4 -3 10 
-15 4 -13 -12 -4 -2 -2 -34 
2 -11 -11 -4 -4 -3 0 3 
5 4 11 3 0 -1 -1 3 
2 23 19 14 6 2 1 3 
7 -7 5 -3 -6 -2 -3 14 
-17 -7 -23 -10 -4 -3 -4 -10 
0 4 15 3 -1 -4 -1 -10 
0 6 -9 0 -1 -5 -4 -8 
4 -15 -3 -2 4 -1 1 9 
-7 -14 -16 -6 -2 2 0 1 
-3 -16 3 -3 -4 0 -1 -3 
17 1 12 1 1 -1 0 4 
-6 -2 11 3 -2 -2 -3 1 
1 -4 6 2 2 2 3 4 
-13 1 -15 -4 1 -1 0 7 
23 -9 -3 -1 -1 -2 -1 20 
-8 6 30 1 -2 -3 -2 -13 
-1 28 -13 -5 -1 1 -2 5 
14 -4 -12 -8 -4 -3 -3 -19 
-13 -15 -6 1 -5 -2 -1 4 
2 5 5 4 2 -2 0 3 
4 19 -1 2 2 -3 -1 -6 
6 -15 8 1 0 0 0 1 
-8 -14 -30 -10 -2 0 -2 -15 
1 -3 -8 -4 0 1 6 3 
0 2 23 5 2 -3 -4 9 
3 11 -28 3 0 -2 -4 -9 
-6 -14 22 0 2 1 2 7 
-27 -53 -26 12 -1 1 -1 -15 
3 -14 -18 -20 -5 -2 -7 -2 
8 6 2 -2 0 3 8 24 
-24 -8 6 -1 -4 -6 -15 -46 
11 5 -1 7 -1 -3 4 17 
3 -2 8 1 2 1 3 -21 
-27 -8 -9 -7 -1 -1 -3 8 
13 19 21 2 1 0 4 10 
5 66 12 9 6 1 -2 -2 
-12 -41 -26 -7 -4 0 -3 -9 
9 -39 2 0 -5 -4 -1 0 
-19 23 2 6 2 1 -6 -21 
37 14 -21 -2 -3 0 2 25 
3 -9 2 -10 -3 -3 0 6 
-23 15 29 15 2 0 -1 4 
-9 -3 -15 -14 0 1 3 -15 
18 -8 11 2 -1 -3 -11 -19 
11 28 -5 11 1 2 9 29 
-12 -21 -18 -11 -7 -3 2 -34 
6 4 4 9 2 -1 1 14 
-4 0 5 -17 -5 -3 -8 -4 
10 20 11 2 -4 -2 4 4 
-3 8 -14 14 1 -1 -1 1 
-15 -13 -15 -9 -3 1 1 -3 
-6 -12 0 -22 -5 0 -2 -6 
-20 4 4 -2 -4 -5 -6 -14 
11 9 7 1 -2 -2 -5 -14 
-4 18 19 8 0 -1 5 0 
-4 32 11 6 5 1 4 4 
-37 -15 12 6 1 -1 -3 -32 
9 -9 -22 -17 -3 1 -5 23 
5 0 -8 0 -2 -3 9 6 
-16 0 9 4 -1 -1 -10 -23 
-12 -12 34 -2 -3 1 6 3 
26 11 -7 -5 -2 -3 -23 7 
-12 1 -17 -12 -7 1 9 -19 
-18 -26 -19 13 -1 -2 2 25 
15 18 2 -16 0 -1 -9 -5 
16 -18 6 -6 -4 -5 9 10 
13 -9 2 -2 -2 -1 -5 -12 
-1 -9 2 11 3 3 -3 -22 
12 4 -10 4 1 0 -2 13 
-16 21 -5 -4 2 -1 9 8 
-8 30 10 -3 -5 -7 -17 -11 
-3 -4 -4 -1 1 2 9 10 
-5 -4 -34 4 -6 -6 -16 -23 
-12 -6 -4 -15 0 5 5 3 
13 -14 4 1 -5 0 8 42 
-12 -1 -1 -10 -2 -3 -16 -28 
27 17 6 3 2 -4 3 14 
-6 15 19 15 1 1 0 -16 
41 -7 -10 2 0 0 -16 -10 
-21 3 15 -6 -4 0 20 43 
13 2 -16 -2 -3 -3 -2 -7 
-7 5 22 12 7 7 15 -4 
-12 5 -8 -2 -3 -5 -10 5 
15 -11 13 -2 -1 1 -7 1 
-4 -8 2 -6 -5 0 16 16 
-16 -5 -8 4 -3 -6 -12 -13 
-3 -7 -9 -11 2 0 -2 -4 
-3 -20 -57 -9 -1 -2 -2 6 
-3 17 -2 0 -1 -2 -5 -5 
19 -13 21 2 1 3 10 10 
5 -26 -21 4 2 1 10 17 
24 -5 13 2 -2 -5 -7 -3 
-3 20 11 7 2 4 -1 -3 
-23 -40 -1 -13 -3 -2 -9 -38 
-8 12 20 4 0 -2 6 20 
8 5 19 0 0 0 -8 -6 
9 -10 -40 -15 -6 -4 -2 1 
-7 2 10 12 0 -3 -1 -19 
-12 -18 -7 -18 -7 -8 -16 -29 
5 -4 -12 -5 4 2 7 21 
2 3 32 9 2 -1 0 9 
-11 1 -1 2 0 -4 -7 16 
-1 -28 18 1 -1 1 3 -13 
5 -22 -31 -14 -10 -2 3 -3 
-3 -3 -3 4 -1 -4 -13 -1 
21 9 -16 -9 -3 2 3 11 
-7 16 -5 3 -1 -2 0 6 
-1 -17 41 -3 -5 -7 -10 -6 
-8 -45 -17 -2 -1 2 8 31 
1 32 9 -7 -5 -5 -20 -26 
6 12 -25 7 0 2 2 12 
-20 -10 -44 -5 -9 -4 9 -10 
-13 -24 -17 8 1 -6 -22 -47 
11 31 49 -16 -6 -2 18 52 
-24 -16 -26 -8 -2 -3 -15 -9 
8 21 25 11 3 2 2 -13 
-3 -13 -44 4 0 -6 -7 18 
4 -15 -14 -16 -5 1 -1 -18 
-3 -8 20 2 1 0 -8 -19 
-3 3 5 -5 -1 -2 -5 13 
-14 -3 17 5 -2 -3 5 -30 
2 9 -20 12 3 2 9 22 
-5 -6 15 -11 -3 -4 1 2 
0 -14 -8 5 2 0 -9 -24 
-7 18 -25 -16 -2 0 0 -4 
-5 -7 0 4 0 -2 -5 -2 
-48 0 -14 -7 -6 -9 -17 -54 
3 7 10 -3 -2 0 2 7 
-3 -4 16 -5 1 -3 -4 -2 
18 -38 -23 23 3 4 -2 -33 
-3 -9 33 -11 1 5 21 15 
5 29 -28 -12 -6 -9 -9 24 
-9 -48 6 0 4 5 0 -9 
-3 -1 2 6 -1 -3 -7 -11 
15 -10 -25 9 2 -1 -2 17 
-9 -1 28 3 -1 3 11 8 
24 25 25 0 -1 2 12 49 
-13 -7 -32 -27 -10 -8 -19 -26 
3 -20 15 14 0 4 16 16 
-4 -7 1 -5 1 -2 -12 -2 
4 2 8 12 2 -1 -13 -7 
-12 15 -38 -23 -7 -1 29 29 
3 9 5 3 1 1 -9 4 
-5 -12 13 8 3 7 12 -10 
-4 2 26 8 0 -4 5 -3 
-13 2 -9 -9 -3 -3 -19 -10 
22 -16 -17 -8 -7 -6 5 19 
-33 35 -2 9 4 0 -3 -58 
-9 10 14 -11 -6 -3 2 6 
4 15 41 -5 1 0 -2 6 
1 -3 -27 -6 -6 3 0 2 
6 -7 2 -4 -3 -2 0 -2 
-8 -20 -27 -10 -4 -3 -4 6 
3 9 38 9 6 -2 -11 -31 
4 -25 -44 -5 -1 -2 -3 -5 
-4 -7 -8 2 5 1 -6 -15 
7 -3 -10 -10 -5 -3 -3 -6 
-7 -1 -80 10 2 1 9 0 
10 43 45 18 6 1 -5 1 
-2 -12 -35 -25 -12 -5 -4 -3 
-1 29 11 -4 -2 4 3 0 
10 9 -4 5 3 0 3 7 
-3 13 33 7 3 -2 -1 -3 
9 40 -34 -5 -3 -1 9 11 
3 4 40 -2 0 -3 -13 -6 
8 20 -1 6 -6 0 0 8 
10 16 -6 -11 2 2 1 4 
0 -26 46 9 1 -1 -8 4 
3 6 -16 -6 1 1 2 -6 
0 -6 5 4 6 0 1 12 
2 14 -25 5 2 -2 2 -13 
3 -6 -21 -4 -3 -5 -10 0 
5 4 31 1 -4 -3 6 -9 
-12 33 -8 6 2 -6 -15 -8 
-4 8 14 13 1 2 10 18 
-8 -10 -56 -31 -8 -2 0 -2 
-6 -14 -3 7 0 -2 1 -3 
1 -36 10 -10 -5 -4 -6 -8 
2 6 31 2 3 2 3 11 
6 -31 -17 11 2 2 -2 -4 
21 38 -33 0 0 -1 -12 -3 
-1 -5 33 14 2 4 21 12 
-10 -9 -5 -35 -7 -8 -13 -21 
4 -3 24 4 -3 0 -1 11 
13 20 -10 11 4 4 8 15 
-4 1 -26 -5 -2 4 18 19 
2 66 29 2 0 -3 -23 -28 
-3 36 34 10 4 5 43 45 
8 -6 7 7 3 -1 -3 42 
2 7 5 10 7 -1 -9 -33 
-19 -44 10 11 -1 0 3 4 
-5 1 -18 -22 -11 -4 -11 -13 
12 -29 -41 9 -3 0 5 -34 
-46 -39 18 -13 0 -2 0 20 
-12 5 -51 -13 -12 -5 -13 -40 
11 6 44 34 21 0 0 1 
-1 -4 72 -4 2 3 12 26 
-2 -34 -58 -27 -14 -4 -15 -45 
-2 20 23 -12 -10 0 6 12 
-11 -4 -36 -5 -5 -5 -18 -22 
-11 -16 25 -3 0 0 1 -2 
19 50 2 4 2 0 0 11 
-4 -37 18 9 8 3 1 12 
13 12 29 13 6 0 -2 26 
-43 -6 -59 -17 -7 -11 -22 -85 
9 -3 -6 -21 -9 -1 21 18 
-3 -13 -15 -4 -7 -2 15 7 
-2 -4 21 -1 -1 -2 -25 -16 
-5 -2 -41 8 3 -1 2 6 
-11 -7 16 -5 4 -1 -11 -17 
11 -23 -74 0 -5 0 2 -14 
2 -33 -62 -21 -7 0 0 -8 
-14 2 28 18 -4 -1 3 20 
19 43 47 6 6 1 -7 -4 
6 1 -5 8 -1 -3 -2 18 
-4 7 -13 -8 -6 0 -1 -7 
5 7 36 19 17 3 2 -8 
7 -15 -25 -24 -2 -10 -17 9 
6 -13 -52 24 -10 1 -4 -18 
-4 5 36 -20 -1 3 5 35 
-15 -44 -37 -28 -7 3 6 -11 
-21 16 95 23 7 3 3 21 
15 16 35 -2 3 -4 -3 29 
46 31 -23 -4 -2 -2 -5 11 
10 45 58 55 8 4 6 -15 
4 -7 -75 -34 -17 -4 7 7 
-28 10 37 -7 4 -3 -30 -6 
6 1 -40 -20 -5 0 11 -10 
-2 5 70 37 10 1 -9 9 
16 -10 -19 9 -2 -1 -2 -18 
-13 -1 4 -19 -4 -5 -13 -18 
-2 -15 18 29 8 1 8 22 
-12 -22 -87 -27 -9 -7 0 28 
17 0 60 15 3 3 6 0 
-7 10 -17 -4 0 0 -8 -12 
6 -52 -24 -17 -18 -9 -6 -14 
-1 6 38 8 1 4 5 32 
3 -31 -56 -31 -2 0 -12 -3 
-42 33 47 30 -3 -1 24 13 
16 3 -19 -18 3 -4 -16 6 
7 -8 -59 -27 -8 -3 5 15 
-3 15 52 47 16 2 -13 -40 
12 -18 -22 -25 3 1 11 24 
-40 -12 63 24 2 0 -3 -25 
-3 16 -13 -14 -3 0 -3 -1 
3 -27 -38 -3 -11 -9 -8 15 
-2 9 7 -10 9 3 -4 -24 
-7 3 54 22 -2 2 7 9 
-11 -24 -54 -45 -9 -1 -1 -2 
-12 -6 -11 10 -6 0 6 3 
1 -9 9 22 3 -3 -27 -19 
27 9 17 18 12 3 23 20 
0 24 31 -4 1 -1 -8 -70 
-23 -26 -65 -46 -26 -12 -13 1 
18 -8 3 -15 -5 0 -2 16 
-26 8 -18 13 2 2 12 -13 
26 -39 7 -13 -2 -5 -11 7 
0 16 7 21 15 4 16 10 
-4 -17 14 -22 -9 3 3 5 
24 -2 3 -1 -5 -4 -10 5 
2 -12 10 2 -2 1 17 -14 
-39 -14 4 7 5 -2 -10 2 
2 -9 -16 9 1 -3 12 23 
-26 -16 -7 -13 -4 -2 -2 -40 
9 11 -12 2 -3 0 -4 25 
21 15 6 -6 -7 -4 -10 -16 
-13 7 -22 -14 -6 -2 5 -23 
-16 -16 -4 0 -1 -1 -2 -18 
32 26 13 4 6 2 5 42 
-13 -18 34 -1 -2 -2 7 -7 
13 -34 -67 -24 -11 -1 -1 18 
-2 10 21 1 -7 -1 -17 -21 
-42 -1 -10 -17 -2 0 7 -12 
28 13 28 38 14 1 -18 -16 
4 -7 12 9 4 0 32 66 
14 38 3 -5 9 3 -7 -2 
-7 -8 29 26 2 -5 5 -4 
-13 -25 -52 -20 -22 -3 -20 -28 
-18 1 13 9 5 4 8 -20 
2 7 -21 -9 -3 0 10 -15 
0 -11 -2 -17 1 -8 -16 -26 
-3 15 14 7 4 1 9 12 
3 -10 -24 -16 -10 -8 -13 -18 
32 5 44 21 7 6 11 -2 
-84 -8 -59 -15 -6 -7 -24 -19 
6 22 48 1 6 0 20 45 
-3 -18 -72 -23 -22 -5 -11 -35 
-19 -31 -23 -10 -4 -3 -10 19 
64 15 9 -1 -4 1 0 -7 
4 10 16 9 9 2 8 32 
-2 28 58 33 18 5 2 -3 
4 -54 -37 -16 -7 -5 -3 -4 
10 27 29 6 -1 7 15 23 
-29 8 -49 -33 -14 -5 -16 -22 
36 3 28 15 9 4 11 -6 
-17 0 14 12 1 -1 0 14 
-3 -5 6 16 2 -3 -4 -5 
16 -5 -7 -7 1 4 8 1 
12 31 9 -10 -9 -4 -14 -15 
7 10 9 6 3 -2 -20 -3 
-11 -5 -25 -6 -6 -3 4 -21 
5 -28 -41 -14 1 0 -3 -10 
-5 -5 49 20 6 5 10 17 
-26 -2 -55 -23 -10 -6 -7 -20 
8 -25 -9 -7 -5 1 7 8 
28 -11 -14 12 4 1 -2 17 
-10 1 3 -4 1 -5 -9 -65 
-15 6 -7 0 -4 1 13 67 
6 7 11 5 4 3 12 9 
-35 1 14 2 -8 -9 -13 20 
10 23 11 30 11 3 18 -4 
-6 3 -21 -25 -4 -3 -12 13 
-3 -9 -14 -12 -10 2 -4 -60 
23 -13 -3 -2 -4 0 -3 57 
-6 15 10 3 0 -1 -14 -21 
-15 30 26 9 3 -1 22 18 
-19 22 -7 -16 -7 -8 -27 -19 
-15 -12 -19 1 -1 3 14 -2 
60 -26 -2 2 0 0 -8 33 
-1 23 1 -2 -2 -1 14 -13 
3 -9 9 -6 -5 -9 -7 44 
-18 -14 44 53 14 6 6 -26 
-6 2 -42 -62 -18 -6 -14 -5 
14 -5 23 9 1 1 -1 18 
15 -3 -51 -8 -8 -6 -7 14 
14 28 25 19 5 3 0 -24 
-27 6 32 50 12 0 3 6 
2 -33 -96 -73 -29 -6 -14 -19 
-19 43 59 29 6 6 2 -7 
-10 -4 -46 -53 -14 -7 -2 -31 
-6 -8 5 -4 -9 -2 -4 1 
24 -15 -54 -8 1 -10 -7 -10 
22 -7 -18 1 -5 -2 -4 11 
-28 25 35 5 11 6 1 2 
-2 -25 -15 -30 -15 -11 -5 11 
11 4 -9 12 1 4 -1 -15 
-11 -7 39 -11 0 4 3 5 
9 3 21 -7 -4 -9 -9 7 
6 6 -40 -10 0 6 14 9 
-4 -16 30 13 3 -3 -6 -14 
22 19 13 -2 -1 2 0 -7 
4 -2 6 3 0 -3 -1 7 
-12 -6 -14 2 0 -3 -12 -18 
-19 -8 36 12 7 0 3 -18 
8 -18 -12 2 2 -3 -3 8 
-4 -7 -14 -9 -6 -1 3 -25 
6 -3 -7 -8 -1 -2 -7 11 
1 14 21 14 5 5 -2 -10 
-16 -22 -36 -18 -9 -7 -5 -17 
10 10 -16 5 -3 -1 -1 -1 
-14 -5 -11 -2 -1 0 -3 9 
-4 18 12 2 2 1 -1 -5 
-7 -13 5 13 2 -5 -3 2 
-3 -17 -53 -30 -12 -4 0 -3 
-2 -3 40 11 7 4 0 -3 
-10 -1 -13 8 -2 -3 -3 -1 
8 4 -8 -16 -1 1 3 9 
-2 -3 5 -4 -4 -1 4 -4 
-18 -11 -2 -1 -2 -2 -7 -8 
2 10 5 8 1 1 -1 -1 
-1 0 26 6 5 0 5 6 
-3 11 7 10 3 0 -1 -5 
5 -3 4 -6 -8 -4 -3 3 
-9 -1 11 -2 1 3 1 1 
0 -3 -19 5 -1 -2 0 -3 
1 -6 -1 -10 -3 1 -1 -2 
-2 -4 -5 -4 0 2 3 6 
-4 1 19 15 5 1 2 -13 
6 -8 -27 -16 -5 -3 -5 11 
-1 -1 7 7 0 -3 -3 -20 
-4 0 5 0 -1 0 3 5 
12 5 1 -3 1 -1 -1 41 
-42 -18 -9 -3 -2 -3 -4 -40 
10 -1 15 5 -1 -2 1 15 
-5 -2 -30 -7 -2 -2 -4 -4 
0 0 5 -1 -3 0 -2 -4 
-5 -4 -6 -1 -1 0 -1 3 
-5 3 10 4 1 1 -3 2 
-3 3 4 2 0 -3 -2 -12 
2 0 4 -4 -5 -5 -1 -5 
1 -8 -1 -1 -4 1 3 3 
-2 -5 1 -3 -2 -2 -2 -8 
1 2 10 17 0 0 -3 7 
-7 -8 -27 -27 -5 -3 -2 -10 
4 -5 -16 -9 -5 -2 -4 1 
-7 -1 -4 0 0 -2 0 4 
2 -1 11 8 2 0 0 -2 
-6 0 -4 -2 0 -1 0 -6 
3 1 1 -2 -1 -2 0 4 
4 -2 -6 2 0 -1 -2 3 
-3 1 4 -2 -3 0 -3 -5 
-4 -1 -6 4 -1 0 -2 -8 
5 -2 1 -1 2 0 1 7 
0 4 3 2 0 -2 -2 -3 
-2 -2 -3 -6 -3 -2 -2 -3 
-4 -5 -10 -6 -6 -3 -3 -3 
1 2 7 3 0 -2 1 0 
-2 -3 7 3 -1 -2 0 -1 
-1 2 7 -3 3 1 -1 -3 
-3 -7 -29 -10 -3 -1 -3 -4 
3 5 9 3 -1 0 -1 0 
-1 -4 0 -3 -4 -2 -3 -3 
0 3 8 5 2 0 1 1 
-1 3 -1 -6 0 1 1 -2 
-2 2 3 1 1 0 -1 -2 
2 3 5 -2 -1 -1 1 0 
-5 -8 -8 -1 -1 1 -1 -3 
0 -5 8 6 -1 -2 -3 -3 
-2 -4 -4 -1 -2 -1 0 -1 
-1 -1 -3 -2 -2 -1 0 0 
-1 1 -5 -6 -2 -1 -3 -6 
-1 3 12 6 2 0 -1 -2 
-3 2 6 2 2 2 0 3 
2 -8 -11 -1 -4 -5 -3 -3 
-4 -4 3 -6 -3 -1 -1 -1 
-1 1 -1 2 0 -1 0 0 
2 -1 4 3 0 -1 -1 0 
-5 0 1 0 1 3 -1 0 
3 0 -4 -5 0 -3 -2 -1 
2 -4 -11 -8 -5 -1 -1 -3 
2 1 14 7 1 -1 -2 -6 
-1 -3 -14 -6 -4 -2 -3 -1 
-4 -4 -14 -4 0 0 2 5 
1 0 20 10 2 -3 -2 -2 
-5 -9 -24 -17 -7 -4 -2 2 
-3 -3 -3 -1 -2 -1 -1 2 
3 3 0 2 -1 1 -1 -2 
-6 0 -5 0 -4 -3 -3 0 
-3 -4 2 1 0 1 -1 0 
-1 -1 4 -3 -1 -2 -3 -6 
4 0 -8 -2 -2 -2 -3 3 
2 3 17 3 2 1 0 0 
3 6 -8 2 0 -1 -3 0 
-1 -3 -9 -9 -3 0 0 -2 
-3 -2 -10 -4 -2 0 0 -3 
0 -2 -4 -5 -3 -2 -3 -6 
2 4 9 0 -1 0 -1 -1 
-4 -2 2 0 -1 -2 -1 0 
-5 -8 -18 -8 -5 -1 -4 -3 
-5 -8 -10 -2 -1 -2 -1 -1 
-1 2 -4 3 -1 -2 1 6 
-6 -1 4 -1 -3 -2 -2 -2 
10 1 17 12 -1 1 0 4 
2 6 -9 -14 -1 -2 -1 6 
11 2 5 1 1 -1 -2 -6 
-5 2 -1 -1 -1 -2 -2 0 
-4 0 -8 0 -2 -2 -1 -1 
6 5 16 16 5 2 0 -4 
1 -3 3 -3 -1 -1 -1 2 
-1 -9 -9 0 -2 -2 -5 -2 
-5 -3 3 -5 -1 -2 -1 -3 
-2 0 -2 -2 -2 0 1 -3 
0 -2 -8 -4 -4 -4 -3 -7 
-3 0 -4 0 -1 0 1 -3 
2 0 3 -4 0 0 -1 1 
-5 -7 -13 -3 -3 -2 -1 -1 
-7 0 8 1 -4 -1 -3 -2 
-2 1 1 -1 -1 -1 -1 2 
-4 -5 -5 -6 -4 1 -3 -5 
2 0 1 4 -3 0 1 5 
-9 -7 -12 -4 -1 -2 1 -1 
-2 -4 -4 -2 -1 -2 -3 -1 
-3 5 10 1 0 -1 1 -2 
2 -1 24 11 3 -4 -3 1 
-10 -8 -61 -26 -5 -4 -1 -3 
3 4 4 0 2 2 2 -2 
-2 1 -3 -2 -2 -2 -2 0 
-8 -1 6 -1 0 -1 1 -1 
-1 4 20 12 1 -1 0 1 
0 -2 -12 -5 -3 -2 -4 -1 
-3 -2 -15 -7 -3 -1 -2 -1 
-3 -1 0 0 -2 0 -1 -1 
0 1 14 2 0 0 -1 -2 
5 6 14 6 3 0 -1 -2 
-5 -4 -3 0 0 1 -1 -3 
-2 -4 -16 -10 -3 -3 -1 0 
3 -2 0 0 -1 0 -1 -1 
-1 2 16 7 0 -1 -1 0 
2 1 -5 -4 -1 -3 -1 -2 
-5 -3 -13 -5 -3 1 -1 -6 
2 1 10 2 2 0 -1 2 
-3 1 -3 -1 -1 -2 1 2 
23 -9 -1 -1 -3 -3 -1 11 
-8 1 1 -1 0 -2 -1 -9 
2 8 27 11 4 1 -1 -4 
-5 -12 -35 -14 -8 -2 -2 -2 
-2 -3 -3 -4 -2 -1 -1 -3 
-1 -2 1 -3 -4 -3 -3 -2 
2 -1 2 0 -2 -3 -2 1 
0 0 13 3 0 0 -1 -8 
-8 1 2 2 0 1 -1 -2 
2 0 8 5 1 0 -2 2 
-4 -1 -5 -7 0 -1 -3 -4 
10 -7 -11 -12 -6 -3 -2 -3 
-18 -6 -15 -2 -2 -1 0 -6 
8 -4 0 -4 -2 -1 -2 2 
-3 1 14 9 3 1 2 -2 
5 2 -2 2 0 -2 -2 4 
1 4 6 0 2 1 -3 -4 
-2 8 20 9 2 0 -1 -9 
-12 -8 -11 -4 -4 -2 0 -1 
0 -3 -18 -7 -3 -2 -3 -5 
-5 0 5 0 -1 0 -1 -3 
-4 0 -3 -2 0 0 -1 -1 
3 2 -3 2 -2 -1 -3 0 
-6 -5 -7 -3 -1 -3 -1 -1 
1 -2 7 4 -1 -1 1 1 
0 -7 -28 -12 -4 -1 -1 -1 
0 -2 7 -1 0 -1 -1 2 
-2 4 7 9 0 1 -2 1 
