#EMG
#4
#ID:4-82
-9 -19 -15 -14 -1 0 0 -11 
-14 -2 0 -5 1 0 1 4 
16 -3 -4 -5 -5 -4 -5 -2 
9 1 2 0 3 4 4 24 
-15 -1 -12 -2 -3 -4 -9 -29 
12 -1 3 1 -2 -3 0 13 
11 -2 -5 -4 -3 -2 2 34 
-5 3 10 3 -2 1 -2 -27 
-1 -3 1 -1 0 -2 -3 5 
-11 -1 -14 -3 -2 -3 -1 -3 
-33 -10 -4 -6 -6 -6 -7 -9 
0 -1 -20 -6 -3 0 -2 12 
30 7 5 1 -1 -1 2 5 
-12 -3 -8 -1 -1 0 -3 -21 
29 0 -3 1 -1 0 2 0 
-16 1 14 0 0 -4 -2 8 
-5 3 0 -1 -4 -1 -2 -3 
-1 9 7 0 0 0 2 15 
8 3 1 0 0 -1 -4 -32 
6 -5 -4 -3 0 0 -1 8 
-5 1 -5 -1 -4 -2 1 17 
-21 -11 -15 -5 2 0 -3 -41 
-29 -3 -14 -3 -2 0 0 -6 
17 7 5 2 2 -1 -2 22 
-16 -6 0 -1 -1 -1 -2 -14 
4 0 4 -2 -2 -4 0 19 
-9 1 7 1 0 -1 -2 -14 
-7 -1 -2 -3 -2 -3 0 -2 
28 2 -11 -1 -1 1 0 10 
-28 -7 4 -1 -2 -2 -2 -2 
12 -4 -17 0 -1 1 0 0 
-60 -17 -12 -9 -5 -7 -6 -15 
-15 -2 -2 -1 -2 -1 -3 -26 
4 -8 -8 -6 -3 -1 -2 -3 
-14 0 -4 -8 -2 -3 -2 2 
21 -3 2 8 -1 1 3 10 
-27 -3 -13 -4 -3 -3 -3 -28 
-32 3 5 2 -2 -2 1 -6 
10 2 4 0 1 0 -3 -5 
12 1 4 0 -1 -2 0 1 
-6 -5 -3 1 0 0 1 10 
15 4 7 3 1 2 0 -7 
-22 4 0 -2 -1 -2 0 2 
15 -11 -10 -5 0 1 0 2 
1 -1 6 3 -2 -4 -1 4 
-7 -5 -13 -9 -3 -3 -1 2 
5 -4 3 3 -1 -1 1 11 
-19 -3 -13 -7 -4 -4 -6 -23 
3 8 10 3 3 3 2 2 
22 -8 -5 -3 -3 -5 -8 3 
-6 -2 -3 -3 -1 0 0 -6 
4 9 25 6 3 2 3 24 
15 -2 -10 -2 -1 0 -2 -28 
19 5 1 2 0 0 0 19 
1 4 10 0 0 -1 -2 -2 
3 -9 -1 0 0 -1 -2 10 
-32 -2 -2 -2 0 -2 -1 -14 
-1 4 5 -2 -2 1 2 16 
-9 -7 -2 3 -2 -3 -6 -13 
-2 3 -2 0 1 0 -1 -2 
6 -4 2 -3 -2 -1 -1 4 
10 7 1 2 0 -1 0 -8 
-23 -1 3 -3 -2 -2 2 0 
-11 -15 1 -1 -1 0 -4 -14 
-9 1 -2 0 0 0 2 -2 
20 -3 -2 -2 -2 -4 -6 -11 
5 0 12 -4 -2 -1 -7 -5 
-14 10 -9 3 -1 2 3 -7 
13 5 4 -3 -2 -1 3 23 
-20 -9 -3 -1 -2 0 3 17 
-6 -4 -6 -2 -1 0 -1 -15 
39 15 8 0 -2 -2 -1 31 
-15 -12 -6 -8 -4 -5 -5 -29 
-9 -13 -4 4 3 0 -14 -8 
14 -6 10 3 0 0 -1 5 
-15 4 9 -1 -1 0 5 2 
-15 -4 -18 -7 -3 -2 -9 2 
13 3 -15 -4 -3 -2 2 -1 
1 -14 -9 -2 -2 1 0 1 
-7 -9 4 -2 -3 -2 0 -29 
7 4 -10 -1 -3 -4 -10 6 
-21 -3 -9 -6 -2 -1 2 -11 
21 3 -4 2 2 1 6 34 
-28 2 -8 -2 -3 -5 -7 -22 
1 -9 8 -2 -1 0 8 -2 
-2 -5 -2 1 -2 -3 7 6 
-18 3 -9 -5 -1 -4 -15 -15 
28 1 17 -1 -5 -2 2 6 
-4 -28 -40 1 2 1 0 -11 
-3 3 10 -5 -3 -1 -6 10 
3 -2 -8 -1 -3 -4 2 6 
-1 -5 -6 -4 1 -2 -16 -31 
3 14 9 4 2 5 11 28 
-5 1 17 4 1 3 1 -9 
4 -1 -24 -4 -3 4 14 -9 
-4 -1 2 -2 0 0 1 15 
19 -3 13 2 0 0 3 15 
24 3 2 -1 -1 -4 0 1 
11 -16 8 -4 -4 -3 -14 -16 
-40 0 -13 -1 0 -1 3 -10 
11 11 3 -8 -6 -6 -12 -29 
12 1 -11 -2 1 -2 -5 22 
6 -6 3 0 -2 -6 -13 12 
18 14 -2 3 1 6 2 23 
5 16 12 -3 0 0 18 29 
-23 -19 -20 -3 1 0 -4 -57 
-17 1 -2 0 -1 -2 16 22 
-16 -12 11 1 -2 -7 -11 -10 
-18 3 -10 3 5 6 10 6 
3 13 -3 -4 -3 -4 -5 3 
-17 -14 14 2 4 3 -2 -20 
6 -12 2 -3 -6 -5 -6 1 
24 27 -16 2 -1 2 4 9 
-8 4 6 -6 -4 0 2 3 
1 7 13 5 1 -2 -2 -11 
3 25 -32 2 -1 -3 -8 -4 
7 7 78 27 11 -1 -10 4 
-25 -70 -71 -36 -14 -7 -3 -5 
7 0 15 -11 -4 -1 -5 13 
38 63 52 -1 0 -2 0 -4 
-17 -57 -25 6 -2 10 15 8 
8 39 96 12 2 -2 0 2 
4 3 -82 -19 -12 -19 -39 -7 
3 -76 -96 -7 0 10 41 19 
-7 39 -3 6 5 2 -1 -4 
4 0 47 3 -9 -1 3 9 
-20 49 -23 -15 -6 -3 -1 -11 
5 8 49 15 6 -3 -11 -4 
5 -8 -20 -22 -14 -10 -15 2 
-27 -10 -60 -5 0 -2 -5 -4 
-3 13 79 17 6 1 2 -16 
-1 -27 -62 -7 -2 -3 -2 16 
-33 -2 27 2 3 0 -1 -46 
21 8 -14 3 -2 -1 -2 18 
9 7 27 19 5 4 4 9 
3 -5 -3 -13 -4 0 -3 -2 
12 -49 -83 -34 -12 -6 -8 26 
11 38 36 11 6 6 14 20 
30 -22 -37 -7 -4 0 -5 -10 
-29 -1 17 10 -2 -3 1 -34 
37 20 21 1 0 -1 -1 13 
69 4 9 10 3 -3 -10 -6 
-42 -16 -3 3 1 0 17 33 
-8 -5 -11 -2 4 2 -19 -3 
-26 -6 -18 -12 -7 -8 0 0 
-39 0 -8 -2 1 1 13 -6 
7 -3 23 24 6 2 -5 -61 
-7 -3 25 -2 -2 -3 -7 3 
-11 -17 -11 -22 -11 -4 -10 -16 
61 -4 -18 -1 -3 -1 -2 28 
-91 -35 -55 -24 -11 -8 -3 -2 
-2 12 7 7 3 2 8 10 
-6 5 27 15 3 -1 -4 -11 
2 -6 -9 -14 -12 -11 -16 31 
23 -10 -25 -26 -3 1 2 8 
21 -3 27 2 3 3 9 15 
-3 2 -8 2 1 -4 -12 -23 
-81 4 9 23 5 0 -3 -29 
-2 20 5 -15 -1 -1 9 -1 
22 -1 -6 -13 -16 -8 -9 7 
4 2 66 21 10 5 4 19 
-10 -33 -66 -36 -13 -7 -10 -35 
34 8 50 28 6 5 6 13 
-6 -4 12 1 -1 -3 1 -9 
2 0 -65 -21 -1 -1 -3 -5 
4 3 23 22 9 8 5 15 
4 -21 -39 -13 -6 -6 -4 -11 
-6 4 -2 -3 -3 -2 -1 -12 
-8 1 24 22 3 -3 -5 4 
-37 0 -2 -6 1 3 1 -5 
5 -3 -21 -13 -8 -4 1 2 
3 16 4 0 0 1 0 -5 
-28 5 3 -6 -5 -6 -5 -11 
5 -14 -2 -4 -4 -5 -10 -6 
9 -3 26 18 3 3 2 17 
-32 5 -26 -22 -4 -3 -5 -15 
-4 -2 25 7 -2 0 2 7 
8 14 21 2 4 1 1 -5 
7 2 -19 0 0 -3 -3 -14 
6 -12 -3 -1 -4 -4 -1 32 
65 6 9 14 2 1 0 19 
-25 9 -10 -22 -6 1 12 37 
18 -9 23 3 0 5 2 -12 
0 -7 -18 -7 -1 -1 -2 -19 
5 0 -19 -6 -2 0 5 -5 
3 3 46 36 6 2 0 2 
-23 6 -30 -25 -4 -4 -8 -4 
-4 -15 -12 0 -3 0 3 12 
-11 13 14 -5 -3 -7 -9 -15 
-5 -1 16 12 10 8 8 -8 
12 14 3 8 0 -2 2 11 
15 6 14 6 3 3 1 -4 
-6 -14 -4 -4 -1 -3 -4 -3 
53 -4 -42 -23 -6 -1 2 13 
2 -6 9 2 -3 -4 -6 -14 
16 0 21 13 0 -1 -1 2 
-5 21 -1 -8 0 1 -8 -4 
-16 9 43 19 9 1 1 -28 
6 -19 -5 -17 -5 -2 2 13 
1 -8 -15 -2 -2 -2 1 7 
-1 0 2 -1 0 1 3 3 
-2 0 10 0 -5 -11 -29 -28 
4 3 28 14 4 4 13 8 
1 -15 -46 -12 1 -4 -7 -18 
-31 -20 -22 -14 -9 -1 -1 -4 
5 -7 -6 -2 -1 4 20 20 
-1 3 16 8 1 -5 -11 -28 
4 16 16 3 -1 3 -1 14 
20 -3 6 5 2 -4 0 25 
-62 -1 -5 -7 -5 -4 -8 -46 
-6 -6 -22 1 0 1 2 12 
-11 10 71 6 2 -1 -9 -2 
-1 -7 -44 -5 -3 0 11 6 
16 7 -6 -3 -3 1 4 6 
-23 -13 1 -2 -1 -6 -20 -4 
-13 19 22 1 -2 -4 -11 -29 
-1 -18 30 1 -1 1 11 1 
-8 -6 -38 -1 0 2 -18 -8 
-5 0 0 -1 -3 2 35 13 
21 -7 -11 -1 -2 -6 1 17 
-34 -13 -1 3 1 0 -10 0 
8 0 -10 -7 -5 -1 5 -7 
-21 -6 19 1 2 -2 0 -7 
-6 -12 -28 -6 -3 -3 -26 3 
37 15 -17 2 3 4 -6 2 
-3 -52 -1 -4 -2 -7 -17 26 
10 59 36 6 3 12 27 53 
10 24 -25 0 1 4 26 -5 
-2 16 27 -2 -1 -3 -2 -21 
33 32 -10 1 1 -2 -6 9 
-7 -29 -7 4 5 5 2 9 
4 -10 -8 2 2 5 -5 29 
-1 -15 8 -1 -3 0 19 -19 
-18 -8 -13 -4 -3 -2 17 21 
15 30 12 -3 -4 -5 1 -1 
-28 -6 -23 -9 -6 -5 -21 -30 
17 -3 0 2 0 1 -5 -23 
-20 13 25 2 -2 -4 -22 26 
14 -14 3 0 -5 -7 15 -56 
10 53 106 17 7 1 7 -7 
-15 5 -68 -26 -7 -3 -26 -8 
4 -8 38 7 -2 -1 -2 -5 
-2 -25 -2 -2 -3 0 -19 -4 
-4 -21 -28 -4 -2 -2 -23 18 
1 7 31 10 4 0 45 38 
-9 -34 -39 -6 0 1 11 -10 
-6 -13 -3 1 0 -1 -32 13 
-5 -27 -42 -4 -8 -13 -25 -10 
0 3 6 -4 0 6 -21 26 
-1 -9 -20 -5 -1 1 21 -1 
19 30 14 4 3 -4 -15 -3 
-29 -72 -20 -6 0 3 5 -6 
-3 19 38 7 1 -6 -14 -24 
7 26 17 6 0 2 2 -9 
-5 8 -45 -7 -5 -3 -7 4 
2 -3 6 -4 -1 1 19 -40 
-26 -30 10 3 -3 -7 1 -3 
30 35 16 1 -1 1 1 -23 
-20 -1 2 0 -1 -1 -4 -20 
5 -3 -30 -8 -4 -1 7 30 
20 11 35 5 0 1 29 -11 
-18 0 59 21 7 -1 -13 9 
-20 -12 -45 -22 -2 1 4 -4 
12 16 27 2 0 2 13 6 
-10 -14 -48 -16 -7 -3 -30 -29 
5 -7 0 0 -1 2 33 -4 
27 3 26 14 3 -2 -28 10 
-4 26 16 10 6 4 4 -14 
-15 2 -4 3 0 -2 -6 35 
4 -6 -55 -12 -8 -10 -12 -19 
-10 -4 0 -9 4 6 0 -19 
-40 1 -15 -7 -8 -6 12 7 
21 2 28 11 -2 0 -8 13 
2 -14 -31 -9 -2 -4 -23 -27 
2 -17 20 12 -3 3 37 44 
16 10 -51 -36 -10 -7 -12 1 
-23 -9 -38 -20 -10 -6 3 -24 
-5 -11 -3 -7 1 3 -13 -23 
6 -1 -1 0 -2 -5 -4 -4 
-8 -20 14 12 2 2 -1 -5 
24 -1 -13 -2 0 1 15 58 
-10 8 -10 13 3 0 -13 -8 
45 18 23 -20 -4 -7 -7 3 
-21 -13 -5 -7 -8 2 9 2 
-16 -21 -24 -8 -4 -5 -17 -19 
43 -2 7 -2 0 -1 4 11 
-33 2 -7 5 -1 -1 3 -7 
9 12 24 8 4 3 -3 2 
14 6 10 8 7 1 -1 0 
-16 -5 -2 -2 -1 1 6 3 
0 -7 -31 -11 -6 -7 -15 -13 
13 0 3 2 0 1 4 -17 
-28 -1 -4 1 -2 -1 -6 -24 
9 1 3 -3 -2 -1 4 18 
-4 -5 -7 0 0 2 3 20 
-18 -10 -21 0 -1 -5 -5 -37 
17 21 14 4 1 -3 -12 -25 
-22 -2 -12 -6 -3 0 11 25 
-3 3 12 3 -3 1 9 5 
16 0 11 1 -1 0 1 1 
-8 -6 -5 0 1 0 -3 -10 
-3 3 -9 -7 -2 -2 -4 -4 
-7 -10 -7 0 -2 -3 -8 -13 
9 1 -30 0 -2 -4 -1 1 
-25 -11 -29 -9 -3 -1 -5 12 
6 5 11 0 -1 2 0 -22 
7 -1 -6 3 1 -2 0 6 
-5 0 7 -3 -2 -4 -2 3 
10 -1 -1 0 -3 -3 1 -1 
-12 -11 -13 -8 -5 -4 -3 11 
-8 -3 0 2 2 3 -3 -16 
6 7 14 2 -1 0 2 5 
6 -4 4 -2 -3 -2 1 7 
-6 1 13 2 1 -2 -1 -9 
-2 -4 -8 -4 -7 -5 -5 -7 
-11 -6 3 1 0 1 2 5 
21 -12 -15 -2 -2 -2 0 22 
-3 -1 -15 -7 -3 -5 -4 -8 
-7 14 19 3 2 1 2 -6 
9 8 17 12 3 -2 -2 7 
-9 0 -2 -10 2 2 2 -1 
0 -5 14 3 1 -1 -1 -3 
11 -6 -8 -4 -3 -2 -4 12 
-13 -8 -12 -8 -4 -4 -3 0 
-5 0 -8 1 1 -1 2 -19 
8 -4 -5 -7 -6 -5 -5 14 
-23 -3 -2 0 -2 -1 -2 -20 
-1 7 15 2 1 2 2 6 
3 10 16 5 1 0 -2 -7 
-7 -2 -11 0 1 0 1 -6 
-3 -5 -12 -1 -1 -3 -2 3 
5 1 -5 -3 -2 -1 -1 0 
-13 -2 -1 -3 -2 0 -1 10 
28 7 -12 -1 -3 -4 -3 -13 
-3 -1 2 -3 -2 -3 -3 -4 
15 -6 -10 -1 1 1 2 24 
-17 -11 -18 -3 -4 -3 -5 -41 
-6 1 2 -1 -1 0 0 3 
3 -4 -9 -4 -2 -2 -1 -8 
5 -1 0 -1 -1 -2 -1 -6 
-9 2 18 7 1 3 5 15 
9 -1 4 -3 -1 -1 -3 16 
1 5 -6 0 -2 -3 -6 -15 
-7 2 11 2 2 2 4 5 
-1 -2 -7 -5 -3 -3 -1 -6 
-19 -12 -5 1 3 2 0 -2 
-1 -1 3 3 1 2 0 11 
18 4 12 4 1 2 -1 -1 
-15 -7 3 0 -4 -6 -4 -14 
-3 -6 5 -4 -2 -1 1 2 
2 -3 0 -4 -4 -3 -3 -2 
-5 4 3 0 -1 -1 -1 -5 
14 7 13 -1 -3 -1 -1 23 
-3 8 5 -1 -3 -3 -4 -13 
-3 -6 -29 -6 1 1 1 1 
-10 -10 -16 -6 -6 1 1 -1 
7 2 2 0 -1 -1 -2 8 
-14 -3 -6 -1 -2 0 -1 -21 
-1 -1 8 0 -2 0 -1 -13 
-3 0 -7 -2 -2 -2 -3 -2 
19 19 7 1 0 1 0 13 
-38 -13 -7 -1 0 -1 -4 -33 
-7 -2 6 2 0 -1 -2 -12 
-7 -4 -4 0 0 0 0 1 
3 -2 -2 1 0 -1 -2 -2 
4 2 5 0 -1 -4 0 8 
5 1 1 0 -1 -2 1 13 
-15 -1 6 -1 -1 -3 -3 -11 
-7 -9 -9 2 6 7 4 -4 
7 -2 -4 -4 -3 -1 -2 8 
-4 -1 -1 -1 -1 -2 -1 0 
18 -3 -7 -5 -2 -5 -3 5 
-11 -1 3 0 -2 -2 -3 -31 
5 2 -2 -4 -2 -2 -1 9 
19 3 7 2 1 2 0 5 
-38 0 -3 1 -1 -3 -4 2 
6 -12 2 -3 -2 -2 -3 0 
9 21 -6 -5 -2 -1 -1 12 
4 -6 -12 -5 -4 1 3 27 
-3 -3 2 -1 -2 -2 -7 -54 
1 -11 1 4 0 1 1 3 
-10 4 3 4 1 -1 0 -3 
10 -3 -8 -4 -3 -1 1 16 
14 -5 -4 -4 -2 -2 -1 19 
-8 -4 -8 -4 -4 -3 -2 -6 
24 -1 2 -1 -4 -4 -5 7 
-19 -9 -1 3 1 4 2 -2 
30 -6 -5 0 0 -2 -1 1 
-50 -3 -2 -3 -5 -7 -4 -7 
-7 -5 0 0 1 -1 -1 9 
-12 1 0 1 0 -3 -3 -20 
34 4 -3 -1 -1 2 2 15 
0 1 0 -1 2 0 -1 3 
-4 -6 -3 1 -1 1 1 -8 
-7 -6 1 1 -1 -5 -2 21 
-11 -5 0 6 7 6 2 -39 
24 12 4 0 0 0 0 12 
-12 9 21 5 1 2 4 -1 
12 2 -9 -3 -1 -2 -3 -5 
-16 14 9 -4 -3 -2 0 11 
10 5 3 -2 -3 -2 -4 -4 
-3 -4 0 2 2 2 2 5 
-11 1 5 2 2 1 1 -6 
0 -5 0 -4 -4 -3 -5 -2 
-14 0 1 0 -1 -2 -1 -4 
13 -3 -7 -7 -5 -2 -1 15 
-8 15 -9 -3 -2 -2 -4 -31 
-30 -5 1 1 3 4 3 -9 
4 6 -7 -1 -1 -2 -4 -3 
-8 -6 -4 -3 1 -2 -2 -7 
1 -6 0 -2 0 -2 -2 3 
-18 -1 2 0 -1 -2 -1 -2 
19 4 -3 0 -1 0 2 14 
23 -1 -10 -2 -1 -2 -2 3 
-35 6 22 5 2 1 -2 -20 
-2 -10 -9 1 5 1 1 -3 
9 -4 -2 -2 -1 -2 -1 0 
4 -9 -5 -1 -5 -5 -4 7 
9 5 4 -2 -2 -4 -2 -10 
-2 4 -1 0 -1 -1 -2 6 
13 2 -3 -1 -4 -5 -5 8 
-18 2 16 3 0 -1 0 -11 
13 -3 3 -4 -3 -2 -3 14 
-2 6 -11 -4 -8 -4 -5 -15 
-8 -11 -17 -8 -3 0 0 -4 
4 3 -4 -1 2 1 -1 -4 
-3 -19 19 1 -1 -2 -1 2 
0 -6 6 -1 -4 -1 3 18 
6 -10 1 2 1 1 0 -3 
-6 -2 -4 -3 -6 -2 -4 -9 
53 2 -7 -1 -1 -1 0 10 
-31 -4 -11 -5 -5 -3 -4 24 
-3 0 -1 0 -1 -3 -2 -24 
15 -3 -1 -1 2 0 2 1 
-28 -2 -25 -11 -8 -6 -5 -48 
-3 -2 9 3 1 0 -1 1 
-11 0 6 1 0 1 2 8 
-2 4 -3 -1 -1 0 -3 -2 
6 6 10 2 0 -1 2 24 
16 2 2 -2 -4 -4 0 2 
-14 2 9 2 0 1 0 -22 
10 8 3 -1 -1 1 2 11 
-3 -2 7 1 -2 -1 -1 12 
-1 4 -7 -5 -3 -1 0 -1 
4 -4 -8 -4 0 0 0 5 
-1 -2 10 1 1 1 0 0 
-10 -9 -21 -3 -3 -2 -2 -4 
11 18 6 -1 -2 -2 -1 2 
-3 -8 -12 -5 -6 -2 -3 -6 
-14 -2 -5 -4 -3 0 0 -5 
-9 -5 -2 3 1 1 -2 -3 
23 23 3 1 2 -3 -2 -4 
10 -9 -1 -1 -1 0 0 14 
-22 -11 10 2 -1 -2 -1 -3 
-4 -2 2 -2 1 -1 -1 -18 
1 -9 -3 0 -2 -2 -3 1 
11 13 22 3 1 0 -1 16 
-5 -8 -32 -7 -3 -4 -5 -32 
-2 5 -2 -5 -4 -3 -1 7 
-6 -12 2 0 1 1 1 0 
1 -3 4 4 2 1 4 11 
3 1 -3 0 1 0 -1 -3 
-14 -2 -9 -3 -3 -2 -2 -4 
13 -8 -6 -6 -2 -1 1 16 
-5 6 1 1 0 0 1 4 
26 -10 0 1 -3 -1 -1 20 
21 1 2 2 3 -1 -3 -12 
-24 -14 9 3 0 2 1 -9 
-3 -9 -23 -8 -5 -5 -5 -5 
-3 -7 -2 -3 -1 -1 -2 12 
5 -11 -2 0 -2 0 0 1 
30 -4 16 2 -1 -2 -1 -8 
-53 -7 -6 0 1 -1 -1 -9 
-14 0 2 -3 -1 -2 -1 -12 
3 0 -2 -3 -5 0 0 20 
-3 1 -1 0 0 -2 -3 -15 
10 3 0 -2 -3 0 -1 3 
-3 -4 -14 -6 -1 -5 -3 4 
-14 6 3 -2 -1 0 0 -3 
-1 -14 -19 -4 -3 -2 -3 14 
4 2 6 -1 -2 -4 -4 -8 
-1 -1 -1 2 -1 -1 -1 -16 
-22 3 0 1 1 0 -1 1 
-10 -8 -17 -6 -3 -3 -3 -4 
2 2 3 -3 -2 -3 -5 -12 
30 0 -7 -3 -3 1 2 25 
-36 -5 -4 -3 -1 -2 -6 -9 
-11 14 18 3 0 -2 -1 -12 
5 6 -7 -3 -6 -3 -3 3 
1 -4 17 5 4 0 1 5 
19 -6 -6 -4 -4 -1 1 4 
-20 -11 -10 -1 2 3 -1 0 
26 4 8 4 3 2 2 22 
-21 -6 -12 -2 -2 -1 -1 -23 
4 -9 -14 -3 -2 -4 -2 3 
3 4 8 4 1 -1 -2 -14 
3 1 2 3 1 0 1 2 
10 1 -1 -3 -2 -3 -5 -3 
-23 -3 4 0 1 -1 0 -1 
3 1 -3 -4 -3 -5 -2 2 
24 5 6 -2 -5 -3 -1 28 
-27 2 -3 3 3 1 -1 -24 
15 -3 -13 -4 -2 -5 -8 -38 
-4 -2 5 0 -2 -1 0 3 
-13 -16 -16 -4 -1 2 -1 -4 
2 21 -3 -8 -8 -2 -1 13 
62 6 3 -2 -1 -2 0 19 
-27 -5 -7 -1 2 0 -1 3 
-23 -8 3 1 1 0 -2 -49 
13 25 -2 -1 -4 -6 -4 3 
-9 -12 -4 -1 2 3 3 -2 
2 -3 -5 -2 -2 -2 -2 2 
3 0 -2 -3 -2 -3 -1 5 
-3 -7 -3 -4 -1 -4 -2 -3 
-13 6 16 7 0 0 1 8 
20 -1 -8 -4 -4 -1 -2 15 
-10 4 0 -1 0 -1 1 -4 
-16 -17 -13 -4 -3 -3 -4 -19 
-11 4 0 -2 -2 0 2 1 
7 1 4 1 0 -1 0 22 
23 0 -14 -3 -3 -1 -4 -33 
-32 -3 9 1 -1 1 0 6 
26 -1 2 0 -1 -2 -1 16 
-68 12 -2 -2 -3 -3 -3 -27 
-20 0 0 -3 -3 -2 1 1 
23 -11 -5 -3 -2 -3 -3 2 
-24 -10 -3 -2 -1 3 1 -1 
27 -9 12 2 -2 -2 -2 -7 
0 -4 -3 -2 -2 -2 1 10 
-14 -12 0 -4 -2 -3 -2 -9 
-6 -3 1 2 1 0 2 -1 
9 -2 -6 -4 -1 -4 -3 -6 
-8 -6 0 1 2 -1 -3 -1 
22 32 -13 -2 -2 -1 -1 14 
-19 -1 -14 -5 -3 -3 -5 -17 
-2 -2 4 2 -1 1 -1 -15 
0 -2 -7 -8 -5 -3 -3 3 
-2 -3 5 3 1 0 1 8 
-5 -5 -6 -3 -2 -2 -2 8 
6 2 0 -2 0 0 -1 -13 
-2 -3 -5 2 3 0 -1 -2 
-6 -1 12 2 0 0 2 0 
20 1 -2 -3 -2 0 -1 34 
-6 0 0 -1 -4 -2 -1 -24 
20 -12 -7 -2 -1 -4 -1 15 
-41 -5 3 -1 -1 -2 -3 -23 
-8 -6 -5 -4 -4 -4 1 6 
7 -4 -6 -2 0 2 1 10 
1 -6 7 2 1 1 2 5 
0 -9 -2 0 0 1 0 -4 
5 7 8 0 0 0 0 1 
61 7 -4 -2 -6 -3 -4 10 
-33 6 10 6 3 2 0 -14 
27 -18 19 -2 -2 -3 -1 28 
-7 -4 -18 -9 -7 -3 -2 -7 
6 -5 -2 -2 1 -2 1 7 
-17 -3 -8 2 5 1 -1 -19 
5 0 1 -4 -2 -1 1 -8 
-3 6 4 -2 -2 -4 -4 -13 
-7 -5 4 1 2 0 2 16 
0 -4 -14 -6 -6 -4 -3 -3 
26 5 2 2 0 2 2 14 
-27 -6 -1 2 2 -1 -3 -22 
-16 3 -1 -4 -4 1 -1 0 
1 0 0 -2 -3 0 2 -4 
20 -8 -17 -1 -1 0 -1 12 
0 -1 14 3 0 -2 -4 -12 
-14 -3 -4 2 1 -1 -3 -9 
5 2 -3 -7 -6 -4 -3 8 
-9 -4 9 -1 0 1 -2 -2 
7 -8 -13 -2 -1 0 0 5 
0 -10 -18 -7 -4 -4 -5 -17 
-48 -1 12 2 0 2 2 -2 
-37 -8 -14 -5 -2 -3 -4 -22 
-6 5 2 -1 -1 -1 -2 -7 
3 -2 4 3 3 2 1 -3 
25 -8 4 -6 -4 -2 0 27 
-14 0 9 4 -1 -3 -2 -14 
29 1 -4 3 4 4 0 8 
-46 -3 -3 -6 -2 -2 -1 8 
19 0 -13 -3 -3 -2 -5 -6 
-4 -3 -10 -4 -1 0 -1 -4 
5 0 6 0 -1 -3 1 0 
8 13 3 3 1 -1 1 6 
14 7 8 1 2 3 1 5 
-7 5 10 -3 -3 0 1 -16 
4 -6 -16 -4 -4 -4 -3 -5 
-5 -13 -17 -4 -3 0 1 -3 
6 0 -6 -5 -5 -3 -2 4 
-8 5 -3 1 0 0 -2 -3 
-13 4 28 3 0 2 2 10 
-3 -3 -7 -6 -4 -5 -3 -18 
-16 2 -2 -3 -2 0 -1 -24 
14 2 -6 3 3 0 -1 12 
8 -4 -2 -2 -2 -1 -3 -4 
1 0 18 4 -1 3 0 8 
46 0 1 1 -3 -2 0 6 
-43 -6 -1 -2 -2 -2 0 -7 
-6 -3 -4 0 0 -1 0 1 
9 4 3 2 -1 -1 -2 -4 
