#EMG
#2
#ID:2-64
-6 0 -17 0 2 0 1 7 
-44 -11 -5 -2 2 1 -2 -17 
8 0 2 1 -2 -3 -4 6 
3 2 7 2 0 2 1 10 
-10 -5 3 -4 -2 -1 2 11 
7 -9 -3 1 -2 -3 -4 -29 
2 -3 -2 -3 -2 -4 -2 -3 
-5 13 3 -2 -4 0 -1 -8 
8 0 1 -1 2 0 -1 -3 
4 -14 -7 3 0 2 2 21 
17 -18 -3 -5 -5 -1 -3 2 
-8 8 -5 -3 -3 -4 -3 -9 
1 5 -7 -1 -2 -2 -1 18 
10 5 11 1 1 -3 0 -1 
4 -6 -9 -4 -1 -1 -3 -11 
0 -5 -6 -1 -2 -2 1 20 
11 3 3 2 -3 -2 -3 -7 
-6 6 -1 -1 -1 1 1 5 
-1 -2 -2 6 -1 -1 -2 -5 
15 1 3 -10 0 -2 -4 7 
-21 -10 -33 -11 -7 -4 -3 1 
8 -3 -6 -6 -3 -2 -3 -2 
-1 -5 17 5 4 2 3 3 
0 5 -11 6 0 -3 1 8 
3 -1 23 1 -3 -6 -5 -9 
-29 -8 -17 -6 1 -1 0 -13 
-6 -3 -1 -4 -2 -3 -2 -1 
-7 16 19 3 1 0 2 5 
6 15 13 5 3 1 0 -9 
11 -6 0 2 0 0 0 6 
-16 13 0 -4 -1 -2 -5 -12 
-4 6 9 2 -3 0 0 -14 
4 -2 23 4 -1 1 1 23 
25 8 -4 2 -1 -1 1 -2 
11 -6 -12 -6 -4 -1 -3 -2 
-8 -20 -7 1 -1 0 -1 -17 
-10 2 -5 -4 -1 -1 -1 -3 
14 6 14 2 -2 -3 -1 11 
8 -4 -9 -3 -2 0 3 29 
-3 -1 1 2 -1 -3 -4 -26 
7 -7 3 -2 -2 2 1 1 
-2 -6 -27 -8 -5 -7 -11 -6 
-14 -7 -8 -3 4 4 6 -2 
3 -5 1 10 1 -2 -1 10 
-4 -1 -8 -14 -4 -2 0 2 
4 1 10 2 0 1 1 3 
9 3 6 -1 -2 -2 -5 -22 
2 12 4 -1 0 0 0 9 
0 -8 -12 0 -2 -3 -3 -11 
-31 -8 -7 -3 -3 -3 -1 9 
-13 -6 -1 1 0 -2 -4 -20 
-1 1 -3 -2 -1 0 2 7 
3 -1 -1 0 -1 0 -2 -5 
6 0 4 1 0 -1 -2 -17 
-1 11 19 -3 -3 -2 0 2 
-15 -9 -4 -4 -1 0 -3 -7 
1 0 3 1 -2 -3 -3 5 
-11 -12 -8 0 3 6 6 -4 
-9 -8 -3 2 0 -2 -2 -10 
12 -12 -8 -1 0 -3 0 8 
-16 -5 -5 0 1 1 0 -22 
10 12 2 -1 -1 -1 1 2 
3 5 -1 1 -2 -2 -1 4 
12 -6 -4 0 -2 -1 -2 6 
-10 -4 -12 1 1 0 0 -6 
4 -8 8 1 -2 -2 1 16 
-23 -4 -6 -3 -3 -1 -4 -19 
14 -2 -4 -8 -6 -4 -6 -6 
5 1 5 5 0 -1 -1 -3 
-9 5 3 -7 -3 -3 -5 1 
20 -7 -10 -4 -4 1 3 29 
-15 8 -6 -6 -3 -2 -3 -21 
-8 -17 5 -4 -6 -3 -4 5 
-6 1 -1 0 -3 -3 -4 -2 
7 5 12 7 3 0 -1 2 
-15 -11 3 0 1 2 1 -7 
7 2 -10 -2 -2 -1 3 26 
29 -5 -9 2 4 2 -2 -23 
-22 -3 -1 -7 -6 -6 -4 -16 
2 2 -2 2 0 0 1 -7 
-2 -8 -13 -1 0 0 -1 2 
1 -3 10 1 -1 1 2 12 
5 -6 -10 -8 -4 -3 -1 5 
20 -9 -14 -1 -1 -2 -2 28 
13 4 -9 0 -3 -4 -3 -16 
-17 -5 -14 -6 -3 -3 -4 -8 
12 -1 -2 -4 -3 -3 -4 -2 
-4 -1 7 2 0 3 2 5 
13 16 20 3 1 0 -1 0 
-12 2 -14 -4 -3 -2 0 6 
-5 -4 -10 -2 0 0 -1 -10 
26 22 13 -1 -1 0 6 16 
-19 1 0 6 3 2 -2 -16 
-2 1 1 -13 -6 -3 3 -7 
-18 -10 15 4 3 2 -4 -14 
-5 -4 -9 -2 -1 -1 -2 -2 
0 -3 7 0 -1 -1 -3 5 
9 -9 11 7 2 1 7 22 
9 8 -1 2 -2 0 -1 -7 
-12 -14 -12 -10 -7 -4 -3 -4 
-9 -15 1 0 3 2 3 6 
-1 -12 -1 2 1 1 1 1 
2 19 10 0 -3 -4 -5 4 
-15 6 8 2 0 -1 -3 -9 
-24 11 0 -4 -2 -1 -2 -40 
20 -1 -22 0 -1 -1 1 23 
7 -4 15 2 1 -1 -2 -20 
-34 -4 -24 0 -3 -3 1 -7 
-4 1 -7 -19 -3 -4 -4 15 
16 13 13 3 1 -1 -1 -5 
-21 -20 -29 -5 -2 -1 -2 -9 
10 0 9 3 5 4 -1 4 
-7 -2 5 4 2 0 6 4 
-4 3 1 -1 -4 -5 -10 -2 
13 -11 -8 -6 -4 -3 -3 17 
-19 -21 -10 3 3 2 -4 -17 
-6 -11 -12 2 1 0 -1 -6 
-10 2 7 -3 1 -1 -1 -17 
-2 1 3 2 -2 -3 3 -5 
12 18 5 -3 -4 -6 -3 26 
12 4 9 1 -2 -2 -3 5 
-48 0 -2 -4 -4 -3 -7 -18 
-7 -2 -5 2 2 0 5 20 
8 -18 -5 -7 -4 -4 -3 -21 
10 -33 -31 -2 -2 -2 -1 8 
17 -5 2 0 -2 -3 -4 6 
-8 2 -3 -3 -2 -1 1 12 
-2 -2 -6 -5 -2 -3 2 -2 
-6 11 15 9 3 3 2 -10 
-8 -14 -18 -14 -2 0 -2 -7 
8 -4 24 6 4 4 2 3 
0 -15 -44 -10 -6 -4 5 7 
9 -3 -13 -5 -4 -6 -11 -6 
-2 -8 -2 7 2 1 2 5 
-3 28 7 2 1 1 7 0 
-6 0 18 5 3 0 -13 -25 
-6 6 3 -3 -4 -4 7 -2 
-3 -17 -1 1 0 -1 -4 2 
11 -5 1 4 -1 2 5 10 
0 -18 -40 -10 -2 -6 -9 -26 
-3 15 18 -2 -3 0 -1 5 
23 12 4 -5 -2 2 6 19 
-23 -14 -26 -7 -4 -4 -4 -30 
12 6 22 8 2 2 2 20 
-4 19 54 9 -1 -2 -4 -4 
-15 -25 -60 13 3 -5 0 -5 
10 -9 -35 -11 -1 2 0 11 
11 2 -13 -18 -13 -4 -7 -2 
7 30 -2 1 4 6 9 14 
5 17 45 0 -3 -6 -9 -20 
-8 -17 -23 3 -2 0 -2 -15 
2 -6 23 10 4 3 16 25 
-11 -9 -30 -9 -2 1 -2 4 
1 12 11 5 -1 -4 -4 -19 
-4 36 9 7 3 -5 -13 -9 
16 -29 -26 -24 -12 -3 7 20 
2 3 -6 1 -3 0 -3 -23 
-12 -6 7 -10 -6 -3 0 30 
4 12 23 9 2 0 -2 -11 
-15 6 -31 -13 -5 -4 -5 -10 
9 -1 8 4 -2 -3 -4 9 
-11 -27 -30 8 6 4 2 -8 
12 44 -2 -15 0 0 4 11 
-15 14 52 8 -1 -3 -5 -9 
-4 -17 -9 2 2 -1 -3 1 
8 3 -11 -11 -5 -1 -1 -11 
-13 -7 6 -4 -1 3 6 16 
13 13 32 13 4 -3 -3 -11 
-10 -15 -50 -18 -8 -6 -6 -10 
17 17 25 17 4 5 7 10 
15 14 31 -6 -5 -3 -1 7 
-11 -7 -35 -5 1 3 2 33 
-2 2 38 12 5 1 2 -19 
-20 39 9 -5 -3 -3 -7 -15 
2 26 35 2 -3 -5 -11 2 
-9 51 -25 -7 -4 0 -1 -4 
9 -11 14 6 3 0 0 20 
-3 -7 9 5 2 0 -3 -16 
-3 -30 -22 -19 -4 1 6 1 
-9 3 26 9 1 -1 -10 -14 
12 15 16 4 3 -1 1 8 
-3 -15 -28 -17 -8 -5 -2 -7 
-13 -18 -3 2 -6 -4 -5 -8 
2 1 -2 5 2 1 4 -5 
-2 -26 3 -11 -5 -2 -3 -6 
-2 -15 35 12 4 -1 0 2 
-6 -10 -54 -9 -3 -4 -7 0 
-3 -10 2 -1 0 3 5 -3 
2 -8 -19 -5 -4 -1 1 8 
3 12 26 0 -1 -1 0 -11 
-3 -13 -36 -3 -3 -3 -5 -3 
-6 -10 6 0 0 -3 -5 1 
1 10 -21 -7 -5 -5 -2 -19 
-6 -12 -31 -12 -6 -4 1 13 
-4 -14 21 4 1 -1 -3 -1 
-1 16 34 6 3 -1 3 -13 
2 0 3 4 -3 -4 -7 10 
-11 3 -34 -19 -5 1 1 -2 
10 7 -16 -7 -5 -1 -3 -5 
-4 -1 19 1 -2 -1 -4 10 
-12 -7 -20 -4 1 3 6 -5 
19 -11 -4 9 3 2 1 14 
2 0 11 6 0 -2 2 -1 
-6 5 -7 -3 0 1 0 -8 
15 13 3 -1 -3 -3 -4 -2 
-36 20 20 2 -2 -5 -12 -9 
-6 -19 6 0 -1 3 13 0 
15 21 16 3 1 -3 -5 7 
-1 -6 11 -3 -4 -4 -9 -2 
-22 -36 -4 -5 -1 -1 -5 -12 
9 -5 -18 -6 -4 0 6 7 
-8 -9 0 0 -2 1 0 5 
-7 -3 -13 -5 -6 -3 3 -7 
26 9 -1 -3 -2 -1 -7 1 
1 11 14 10 4 2 4 -5 
7 -17 4 1 -1 -4 -3 11 
-27 -6 -14 -3 3 3 5 -8 
7 12 18 1 -2 0 -1 0 
7 4 15 2 1 -3 -2 -6 
-25 12 -16 -4 -4 -2 -5 -1 
3 3 8 -4 -2 -2 -8 11 
13 -4 -36 -2 -3 -4 -2 6 
-9 -14 3 -3 -2 1 -1 -4 
0 -23 10 9 3 2 6 7 
-7 -20 -8 -17 -9 -8 -4 -30 
0 13 12 -1 4 6 13 22 
0 -7 -24 -2 -2 -6 -9 -9 
3 -12 -19 -4 -5 -7 -5 -8 
1 17 13 15 5 1 -3 18 
5 7 15 -3 -2 2 13 -18 
-7 1 -5 -4 -1 -5 -17 7 
15 19 26 3 1 2 1 3 
-21 -19 -19 4 -2 -3 -19 -45 
-10 -38 -43 -18 -5 -1 1 13 
-7 -21 -34 -11 -8 -3 7 -12 
7 -2 19 4 3 2 7 27 
15 17 73 12 4 -1 -2 21 
-22 -9 -29 -8 -4 -3 1 -11 
16 3 12 2 2 2 -29 4 
-4 -16 -13 -6 -5 1 36 10 
6 20 6 4 3 0 1 19 
16 62 36 11 7 -2 -14 -1 
-4 27 16 5 -2 0 7 8 
-1 4 -14 -7 0 -3 -13 -37 
-16 -17 -32 -10 -5 1 10 3 
2 -5 18 11 1 2 -21 -35 
-11 -20 -28 -26 -9 -8 19 20 
0 13 11 11 7 3 -9 -35 
19 0 -13 -7 -2 -4 8 -8 
8 2 -11 0 -1 -3 -32 12 
-10 -4 10 6 0 0 10 15 
-24 -11 -16 -5 1 3 2 -32 
10 -14 -1 0 -4 0 10 15 
7 -2 5 2 -2 -6 -4 7 
7 6 55 18 5 0 -3 0 
15 -12 -59 -34 -12 -3 11 44 
-30 -7 -33 -7 -4 1 -16 -16 
-1 13 26 24 4 -2 13 4 
-8 12 -23 -17 -4 -3 -5 -8 
9 3 17 25 5 -2 -24 -31 
14 27 -7 -7 0 0 10 2 
-8 1 3 -21 -7 0 15 9 
11 12 -5 12 2 0 -11 30 
-20 -23 2 -17 0 1 -11 -16 
1 11 30 18 6 1 8 -17 
-13 -47 19 8 2 -1 4 12 
5 4 0 10 1 1 -7 -16 
-9 13 2 -25 -9 -5 4 7 
40 -3 9 9 -1 -5 -9 33 
-9 -16 -52 -19 -5 1 6 -23 
-8 -14 -4 5 -3 -5 -4 10 
5 3 32 7 3 3 3 -33 
-6 -22 -46 -5 -3 -3 -8 -13 
0 20 25 -5 0 1 4 3 
-8 -24 -15 1 1 -1 3 -7 
8 2 -25 -5 -4 -3 -4 4 
-4 -5 8 -7 -4 -2 -6 3 
2 31 7 22 8 1 1 -25 
-10 2 14 -8 0 0 -5 -15 
-6 -14 -5 19 3 -4 -5 4 
-8 37 -24 -14 -3 -3 2 10 
-9 -12 -5 8 -5 -2 2 12 
11 -8 -50 -38 -10 -2 -1 -12 
7 20 39 9 -6 -3 1 11 
-13 -6 15 0 4 1 1 -6 
33 -28 -42 -8 -6 -6 -12 -23 
-23 -17 8 6 4 1 4 -3 
8 -5 1 11 -1 -2 -2 14 
-20 -5 2 -16 -4 2 -2 -22 
-1 4 42 2 1 1 -2 10 
1 -11 -28 -3 -4 -3 -6 -17 
6 23 5 -1 -1 0 9 13 
2 0 21 23 9 4 7 2 
-7 -2 -37 -25 -7 -2 1 9 
10 -5 30 5 -1 -1 -3 1 
-13 21 -5 3 -2 1 3 2 
4 1 -22 -14 -2 0 -6 9 
-10 -1 36 3 -6 -6 1 -8 
-4 -7 -15 8 5 0 -5 -2 
-12 -33 -39 -18 -5 -2 -6 -15 
4 -21 -4 3 -1 0 8 17 
-10 -10 -14 -4 3 4 0 -15 
6 20 40 9 1 -2 -6 0 
-8 -15 -4 6 2 -2 -9 -21 
2 20 14 -4 -4 0 4 18 
-3 -5 -36 -2 -3 -6 -3 -2 
14 1 -10 3 0 0 4 0 
11 -41 -23 -9 -1 1 -2 7 
-2 27 16 2 -3 -2 13 -7 
-21 -9 -14 -3 -2 -6 -12 5 
-10 19 9 -6 -5 -5 4 -11 
5 -16 -21 1 1 -3 -7 6 
1 -25 -2 6 -1 0 -6 -7 
-8 5 -15 -24 -8 -1 6 -10 
14 16 27 6 -1 0 -2 8 
-6 -13 12 -2 -2 -1 -2 4 
-3 -16 5 5 -1 -6 -11 -24 
11 -3 18 5 1 1 5 12 
-15 -27 -17 9 6 5 5 -8 
-9 1 -13 -13 -5 -2 4 -2 
3 -23 -6 -3 1 1 -5 1 
-3 3 22 8 0 -7 -21 -14 
-3 8 12 -3 -3 -4 -4 -8 
1 -7 11 4 1 -1 -3 14 
-3 61 4 -10 -7 -3 0 0 
11 37 2 -1 1 7 9 19 
-17 -9 -5 -3 -1 0 3 -22 
-1 1 2 0 -1 -1 0 4 
7 -4 5 8 2 2 -9 3 
0 -32 3 -4 -3 -1 -1 -8 
-4 26 -39 -12 -7 -3 -2 14 
4 28 -25 -6 -2 -1 0 -1 
4 6 0 -10 -5 -3 -7 0 
12 24 15 10 3 -2 10 19 
0 -18 34 18 10 5 6 2 
-7 29 -33 -13 -8 -5 -1 -6 
-4 -33 -16 -14 -7 -3 -2 0 
-5 -62 -19 -9 -7 -6 -3 -3 
11 21 55 30 12 4 -2 6 
-12 -28 -64 -39 -14 -11 -10 -8 
-4 -9 -24 11 -1 -5 1 8 
-11 63 24 10 4 7 7 -5 
5 24 -43 -13 3 1 1 -6 
17 -6 45 10 -1 -2 -15 1 
-12 -26 -52 15 3 3 12 5 
22 -9 -59 -35 -4 -4 -5 -3 
-12 -27 -56 -23 -9 -4 -6 11 
13 26 99 77 15 8 6 -3 
-28 -53 -15 -68 -11 -2 -5 -12 
-15 -12 10 17 -6 0 11 -1 
-15 3 84 38 13 6 7 -7 
21 24 63 53 21 0 -4 5 
-5 6 -20 -25 -10 -4 -1 -4 
-15 -58 -85 -50 -36 -13 -19 -28 
-15 -12 22 -13 -12 -4 -8 14 
-11 -14 -1 -4 -4 2 7 -8 
13 29 107 97 34 10 -4 11 
24 29 20 -11 17 4 0 -3 
-11 -39 -108 -76 -38 -16 4 -16 
16 16 13 11 9 4 16 9 
19 3 -21 -19 -7 -5 -17 26 
-28 22 40 38 12 0 -5 -28 
32 17 46 29 8 2 -3 -4 
-15 -16 -7 -28 -3 0 12 15 
14 7 -38 -18 -13 -6 -5 -4 
8 -9 -3 5 -4 -2 2 12 
9 8 8 7 2 2 -2 -4 
-16 4 -50 -9 -7 -3 -13 -22 
-12 -16 -29 -30 -7 0 2 -12 
14 -22 13 20 4 2 -3 36 
2 -16 -33 -21 -4 -7 -8 -19 
9 13 -5 -12 -6 0 -6 2 
-10 -35 -8 40 3 -3 -1 -9 
-5 10 -6 -20 7 2 8 5 
-1 2 -50 -27 -28 -4 -1 14 
0 -34 -13 -4 -1 2 1 -4 
-1 8 60 16 3 1 2 -7 
9 -5 -25 3 -1 -6 -4 -6 
-20 -13 30 20 9 0 -5 -15 
-24 64 8 -11 -3 -5 0 5 
2 17 2 -6 -2 -3 -2 -10 
18 12 15 9 -1 -1 -1 12 
7 -37 6 7 6 2 -4 -14 
-3 4 -7 -12 -6 -2 -3 9 
-16 -2 2 3 3 3 -2 -14 
-12 -9 -22 -1 -2 2 11 15 
-22 -12 1 2 2 1 2 3 
-13 -19 -18 0 -1 -3 0 -5 
11 3 16 -1 3 -1 -3 1 
-10 1 16 -6 -5 -1 -7 -19 
20 15 12 6 3 3 4 20 
-8 -12 -3 -4 -1 -1 0 -11 
-11 -8 -4 -5 -8 -5 1 -30 
18 22 35 17 4 1 -2 -6 
-4 13 -15 -6 -2 -3 -5 -6 
-8 -32 1 -7 -1 1 0 2 
11 -4 -15 0 -5 -4 -1 14 
-24 -2 -5 -9 -2 2 -1 -12 
0 -3 5 2 -1 -1 1 0 
-1 -4 6 -2 -1 -3 -6 -7 
-3 -1 1 -2 0 1 3 10 
-4 -10 -5 1 0 0 -2 1 
-6 10 20 7 2 0 -1 0 
8 -3 0 9 2 -2 -1 1 
2 -5 -19 -21 -5 -2 -1 3 
-3 -2 -13 4 -3 -5 -4 2 
1 -6 5 7 4 2 2 10 
22 17 16 1 0 1 2 -18 
-1 -21 -18 -8 -6 -4 -4 -15 
-13 -4 22 7 1 -1 -2 0 
-7 -4 -15 -5 -4 -1 -2 -3 
0 -4 4 -3 -2 -2 -7 -9 
6 10 9 6 4 1 3 7 
-4 -5 10 -1 -2 0 -1 -4 
7 15 17 5 0 -2 3 7 
-15 -7 -23 -10 -4 -3 -3 4 
0 8 4 -3 -4 -1 -4 -22 
2 -7 12 10 4 1 -1 8 
-6 19 -2 -5 -2 0 -4 -12 
-4 -9 -19 -8 -3 0 1 6 
-12 7 5 1 4 0 1 0 
5 -8 -3 -4 -4 -1 -1 4 
2 -2 8 2 -2 -1 -1 0 
1 -6 10 -1 -4 -3 -2 3 
-8 -1 -3 4 1 1 -1 7 
-1 8 9 3 5 1 0 -1 
7 5 15 7 2 0 1 3 
0 3 -12 -6 -3 -1 -2 -2 
-4 0 -12 -4 -1 0 0 -5 
-1 -4 -5 2 2 -1 -2 0 
-4 -5 5 -9 -5 -5 -5 -4 
-7 3 -13 7 4 1 1 -5 
7 -7 1 -2 -4 -2 -2 20 
-10 -10 -15 -9 -2 0 -2 -7 
24 -3 -6 9 8 4 2 9 
-9 -13 5 -2 -5 -5 -6 0 
-5 -13 -2 0 3 2 0 -9 
1 -19 -8 -1 -5 -4 -3 4 
-12 -11 7 -1 0 0 1 -3 
16 8 -5 0 0 -3 -1 16 
0 2 5 -1 1 -1 -3 -8 
6 4 2 0 -3 -4 -3 -16 
-16 0 -6 -5 -2 -3 -4 7 
4 12 21 2 4 6 4 7 
-7 -1 4 0 -2 -3 -2 -9 
0 2 1 0 0 -1 0 4 
4 7 -25 -3 -3 -4 -4 -10 
-4 -4 -8 -4 -3 -1 0 -1 
7 4 2 1 -2 -1 -1 2 
0 8 1 -4 -3 -2 -1 -1 
3 7 -24 -5 -3 -2 -5 -2 
-5 -6 5 -1 -1 -1 -2 -7 
0 -3 3 1 -2 0 0 5 
25 13 1 -1 -3 -3 -2 3 
-15 -18 -3 0 2 1 0 -7 
-4 -11 20 0 -1 -1 1 -1 
8 10 -3 1 2 0 3 25 
21 3 -10 -6 -5 -5 -10 -31 
0 8 4 -2 -3 -3 -2 -4 
-6 -9 4 -1 -1 -2 0 0 
7 6 10 2 0 1 1 6 
-15 25 13 1 1 2 5 10 
-12 -4 9 0 -1 -2 -5 1 
3 -4 -15 -5 -3 -1 -2 -5 
-11 3 -3 -1 0 -1 -2 -5 
-6 -3 5 1 0 -1 0 3 
-6 -10 -10 -6 -1 1 0 -6 
2 5 -15 -3 -4 -2 -1 8 
-7 -10 4 -3 0 -1 -1 -6 
-5 -6 1 0 1 1 -4 1 
2 7 5 -1 -1 -1 -1 -1 
0 1 7 -5 -4 -4 -5 -3 
-2 -3 -20 -5 -3 -2 1 -8 
-7 -15 -8 -1 1 -1 -3 2 
7 -4 -1 -1 -1 -1 3 14 
20 2 10 6 3 2 0 -9 
5 -19 -25 -7 -6 -6 -7 0 
-11 -6 6 -6 -3 -4 -1 3 
6 1 14 1 -1 -2 -1 0 
2 -6 -13 -4 0 2 1 0 
-1 1 9 4 3 4 3 -2 
8 1 -7 -3 -1 -1 6 26 
-9 -10 -2 -5 -4 -5 -6 -28 
4 16 -5 -2 -1 -4 -3 -4 
-4 5 3 -1 1 -1 0 -2 
-3 -1 1 4 0 0 -1 -7 
-1 5 -5 -3 -1 0 1 12 
1 -19 -16 -2 -1 -4 -5 3 
-18 -5 13 -3 -2 0 -1 -3 
7 -2 -3 0 0 -1 -1 2 
3 4 1 0 -2 -1 0 0 
-14 -17 4 3 1 0 -1 -5 
8 3 -3 1 -2 -2 -2 -2 
-11 12 -8 -8 -4 -3 -5 8 
8 -9 -9 -1 1 3 -2 -12 
3 2 0 0 -1 -1 -1 3 
-1 2 2 0 -2 -3 -2 6 
-16 -9 -8 -2 -1 1 -1 -20 
7 7 2 0 1 -1 -1 0 
-33 1 2 0 -2 -1 0 2 
-7 6 -16 0 -1 1 1 -5 
3 -7 -3 -3 -4 -3 -3 -5 
5 -1 4 0 0 -1 0 -1 
5 -2 3 -1 -3 -3 -2 -5 
-2 -2 2 -3 -4 -3 -4 2 
-5 -4 -14 4 4 2 2 -1 
-1 8 5 1 4 3 6 19 
9 2 9 -1 1 -2 -5 -17 
14 11 12 -4 -5 -3 -1 14 
-19 -12 -11 -2 -4 -3 -2 -11 
-5 -5 0 -6 -4 -3 -5 0 
-8 -4 -8 -2 -2 -1 2 5 
-1 -4 -4 1 0 0 -1 -3 
5 -6 -1 -2 -5 -2 -3 -4 
-9 2 7 4 2 3 1 -2 
-6 -8 -4 -4 -2 -1 -1 11 
16 -4 1 -5 -3 1 -3 2 
-1 8 8 -1 -2 -3 -2 -9 
-4 -13 -22 -5 -4 -5 -3 -2 
-4 -1 2 1 0 1 2 -5 
9 1 3 0 0 -3 0 2 
1 -3 8 1 2 1 0 3 
-2 7 5 -2 -4 -2 -4 -5 
7 -3 -2 -1 1 2 1 2 
-14 -15 -14 -1 -1 -1 4 2 
15 -3 -9 0 0 -2 -3 -23 
-12 -11 8 -2 -1 -1 -3 -10 
2 -2 8 -2 -7 -4 -1 9 
-5 -4 -14 -3 -2 -2 -4 -14 
3 6 -2 -3 -1 -3 0 14 
1 -13 -6 3 2 0 0 7 
0 16 11 1 -1 1 -1 -7 
-11 2 4 -1 -2 -1 0 0 
-3 -3 -6 0 1 2 0 -1 
-2 0 7 -2 -3 -1 -2 -5 
8 -12 -25 -4 -1 -2 0 18 
-4 3 6 3 0 -2 -5 -26 
-1 6 6 1 -1 -2 -1 5 
6 0 -9 -5 -4 -2 -2 -3 
6 2 -2 5 6 2 6 7 
13 -12 -8 -6 -5 -5 -6 26 
-22 -3 8 -1 -3 -3 -7 -24 
12 2 7 1 -2 -2 -1 4 
-3 0 -8 -4 -3 -1 -4 -19 
4 12 4 -2 0 0 2 2 
-14 1 12 2 3 2 2 7 
-4 5 -12 -4 -2 -2 -2 -1 
-3 -2 -2 -4 -3 -5 -4 -4 
-15 -2 6 -2 -1 -1 0 -10 
6 -5 -6 -4 -2 -1 2 9 
4 0 -3 -1 -1 0 0 19 
-13 -4 -9 -2 -2 -2 -6 -34 
-6 2 9 0 0 -2 1 7 
9 5 -4 -2 -2 -2 -3 -15 
6 1 -5 -1 -2 -2 -2 3 
0 20 10 -3 -4 0 0 4 
15 -7 -6 1 -2 -1 -1 -7 
-34 -4 -3 -5 -4 1 -1 -3 
-10 -14 8 6 5 1 3 0 
3 -11 3 1 0 -1 -2 -2 
7 -4 -17 -1 0 -1 -2 -16 
8 2 3 0 -2 -3 0 16 
6 5 -2 -4 -5 -4 -4 -14 
-8 -1 1 -1 -1 1 0 7 
-5 12 7 2 -1 2 0 0 
5 -5 1 -1 -1 0 -3 0 
-9 -6 -2 -2 0 0 1 -5 
1 3 1 2 -2 -1 -1 -3 
-8 -5 8 1 0 1 -2 -1 
14 -1 -9 -1 -3 -2 -1 5 
-3 11 -2 -3 -3 -3 0 -7 
-8 -7 1 1 0 -1 1 6 
6 -3 3 0 1 0 -2 -3 
-3 -7 -12 -1 2 2 0 2 
-3 5 -3 0 0 -1 0 -3 
8 -3 -9 -5 -3 -2 -3 8 
-11 -2 -2 -1 0 -1 -1 0 
-17 19 14 0 0 -2 -1 -18 
16 -27 -10 -6 -5 -2 -5 10 
22 -3 -6 -2 -2 0 -2 1 
-35 -5 -7 -2 -1 -1 -4 -7 
-1 -5 0 -4 -3 0 -1 2 
-3 10 12 3 1 1 1 -3 
-5 -5 -15 -5 0 -1 -1 5 
17 2 10 1 0 0 1 2 
-4 -19 -15 -7 -6 -5 -5 -11 
-18 2 0 1 1 0 0 -6 
-3 6 4 0 -2 0 -1 5 
4 -6 0 -1 1 1 0 -6 
1 1 -17 -4 0 -1 -3 5 
10 6 4 -1 -4 1 0 5 
-3 1 11 -2 -3 -2 -2 0 
-15 -12 -16 -1 1 2 2 -8 
20 -6 7 3 1 2 2 9 
-5 2 -2 -1 -1 -3 -2 -6 
-12 -15 -7 -3 1 0 1 -1 
0 9 5 -4 -4 -3 -3 -2 
-3 9 -2 1 -3 -2 0 -4 
-3 5 -1 -5 -2 -2 -3 0 
-6 -3 11 2 -1 -1 -2 -7 
