#EMG
#3
#ID:3-38
-3 -8 1 -2 -1 -3 -1 6 
-6 13 11 2 0 1 1 0 
29 2 -12 -3 0 -2 -3 20 
7 0 1 -3 -5 -4 -2 -4 
6 -6 -4 -5 -3 -2 1 3 
5 -5 -5 -3 -2 -3 -3 17 
-9 8 4 0 -1 -2 -2 -39 
-11 2 -4 1 0 1 0 -2 
3 -2 0 -1 1 1 0 4 
-4 -3 -8 -1 -1 -2 -1 -3 
-5 -6 -2 1 1 2 2 2 
-2 0 -9 -2 -4 -1 -1 5 
-18 9 9 -2 -1 -1 1 -3 
5 5 0 0 -1 -2 -5 -15 
-2 -14 2 1 -2 -1 -2 1 
-1 1 -3 -4 -3 -2 -4 -7 
-18 -14 -8 3 4 2 1 -2 
-1 -11 -13 -1 1 -3 -3 -6 
11 5 -7 -5 -5 -2 -1 10 
6 1 3 0 2 1 1 4 
9 -3 1 -3 -4 0 -2 7 
-4 3 5 2 3 0 0 -12 
-28 -5 -7 -3 -2 -4 -4 7 
-1 1 0 -3 -1 -1 0 5 
-5 -5 -10 -2 -2 -1 -3 -18 
-3 -1 5 -1 -2 0 0 9 
11 2 5 4 3 -1 0 -2 
-8 0 5 3 -1 0 0 -3 
-1 2 8 3 4 2 1 11 
-6 -5 11 1 3 3 1 -5 
1 -4 -9 -2 -2 -1 0 -3 
-8 -1 -12 -4 -2 -3 -4 -11 
-6 6 -4 0 -2 -1 -3 2 
4 9 3 0 0 -2 2 6 
1 8 4 -4 -3 0 -3 -20 
-8 -16 -2 0 0 -1 -2 -13 
2 -1 -14 -1 -5 -5 -3 -3 
-16 -16 -16 -8 -8 -4 -5 -22 
1 5 0 1 0 -1 1 0 
-4 2 -1 2 1 2 1 15 
9 -3 -10 -7 -5 -5 -4 -6 
-4 -7 0 3 2 1 -2 0 
3 -11 3 -1 -3 -3 -1 2 
-2 2 3 -1 0 -1 0 -4 
2 0 5 1 1 1 1 12 
3 -3 2 -1 -1 -3 -1 1 
-6 -1 0 3 2 3 0 5 
0 -4 -8 -2 0 1 -1 0 
7 -5 4 -2 -2 -2 1 4 
-38 3 -9 -4 -4 -5 -6 -13 
2 2 5 -3 -4 -3 -1 -4 
1 8 2 -1 -2 -2 -4 -7 
10 -5 -17 -7 -4 3 5 31 
10 -2 7 1 -2 -1 -5 -17 
16 1 -15 -4 -1 -2 -1 15 
-7 -3 -12 0 0 -2 -1 -4 
-13 -6 13 0 0 -2 3 0 
17 -4 -3 -1 -2 -3 -4 24 
-10 -7 -13 -7 -5 -4 -4 -25 
-2 -1 1 1 1 1 2 6 
-15 -2 7 3 2 0 -1 -16 
7 1 0 -1 -2 0 2 10 
9 12 16 3 1 -3 -2 12 
-18 -1 -13 -6 -2 -1 -2 -18 
31 14 0 -3 -4 -5 -5 3 
-46 -13 -10 -5 -4 -1 -2 -11 
-4 0 -14 -1 -2 -1 -2 -29 
13 5 17 -3 -6 -4 1 20 
-3 -5 17 2 0 0 -4 -20 
18 -2 -27 -3 -1 -1 2 20 
0 2 9 -3 -2 -1 -1 -5 
-15 -14 -9 -4 -3 0 5 -11 
21 4 14 1 1 -2 -2 12 
9 -11 -3 -2 -3 -3 -3 -6 
-11 -4 14 2 2 2 3 10 
0 7 -17 2 3 -2 -4 -7 
-8 -4 9 -4 -1 2 -1 -19 
17 8 -12 -2 -2 0 4 25 
-21 -7 13 5 1 -1 -3 -36 
-1 -5 -2 -4 -1 2 4 -3 
-7 -4 -5 0 -2 -6 -26 -15 
6 9 2 -4 -1 -4 2 2 
-19 -4 16 -1 -3 3 11 4 
17 -4 6 2 1 2 -7 7 
-25 -5 -12 -3 -1 -3 -3 -15 
4 11 23 1 0 0 -4 -1 
28 1 -1 4 3 -1 -2 28 
-21 -25 6 -6 -1 2 7 1 
14 -5 -38 -7 -4 0 4 -7 
11 2 31 7 3 2 -1 8 
6 -7 -39 -4 -3 -2 -5 -4 
15 30 18 5 0 -2 -1 4 
-20 -45 -55 -12 -8 -1 3 -4 
-18 23 20 15 5 0 -18 -1 
28 -6 -25 -21 -6 -5 3 26 
-6 -23 -5 -2 -2 -5 -16 -54 
7 7 10 6 2 1 7 14 
-13 -14 -13 -3 -2 4 9 -10 
0 -8 -12 -5 -3 -2 -6 3 
-1 22 -7 0 -2 -3 -1 11 
10 19 13 -2 -2 0 9 5 
-30 -16 3 9 -1 1 0 -11 
-4 -14 -12 -12 -5 -4 -1 14 
3 -22 10 -7 0 2 5 8 
-20 17 21 -2 -1 0 -3 -8 
9 2 -38 7 0 1 2 10 
-18 -9 -23 -16 -3 -3 -5 2 
6 0 8 3 -3 -1 6 2 
23 29 9 20 5 2 3 15 
6 -36 11 0 -1 -3 -3 -11 
-14 -8 -61 -21 -2 4 3 -10 
-12 -2 8 -1 -7 -4 -5 -6 
7 24 33 3 3 1 1 -3 
0 -12 -20 -17 -13 -8 -3 -10 
2 -17 65 23 5 -5 -2 9 
-11 -20 16 1 3 1 6 -17 
-6 -22 6 3 -2 1 3 -1 
10 52 -6 2 7 1 -2 0 
3 -20 45 14 4 2 -3 0 
17 8 -66 -19 -7 -1 -1 26 
-22 -52 -4 1 1 -7 -4 -23 
-5 -43 25 -10 0 1 0 -18 
3 26 27 25 3 2 2 1 
18 -8 25 9 5 -1 1 11 
-6 -6 -54 -22 -10 -1 -4 9 
0 38 53 6 5 5 3 6 
-8 12 7 15 11 1 4 -14 
3 -16 -24 -5 -9 -5 -9 6 
4 9 -9 -13 -7 -3 -3 2 
12 -3 16 -4 -1 4 7 6 
6 25 -4 1 -1 -1 -4 -2 
-25 21 6 1 0 -6 -14 -8 
-19 -14 18 4 1 0 3 0 
9 -17 -65 -20 -8 -4 -4 5 
7 10 2 -4 -2 2 4 1 
3 15 13 1 -2 -3 -8 -1 
-3 5 -1 -2 -3 -4 0 -12 
-5 -15 -1 0 -1 -5 -2 2 
-14 50 19 -5 -6 -1 -1 8 
34 -12 -5 -4 1 1 -3 -10 
-15 2 -10 3 0 -1 -1 -4 
8 6 5 4 1 -3 0 3 
-11 9 -5 -17 -10 -1 -3 -7 
-15 -1 -8 1 1 2 4 7 
3 -5 -8 3 -2 -3 -3 0 
-7 14 -21 -8 -3 -1 -5 -13 
9 3 5 3 0 -2 -2 11 
-18 2 -8 12 3 1 3 -4 
18 -3 4 -11 -1 -2 -5 -2 
-61 -25 9 3 -1 1 3 -27 
28 -25 3 -3 -1 -3 -2 2 
-4 -2 -21 -2 0 3 7 -2 
8 -6 1 8 1 0 -3 9 
18 -6 11 2 0 2 2 5 
-10 -24 -31 -4 1 -3 1 -24 
16 57 35 6 -3 -8 -10 -27 
-30 4 -15 -10 1 2 7 8 
16 6 9 2 3 2 -2 15 
-11 -29 -25 -5 -5 -5 -19 -15 
7 -10 -1 1 -1 -1 13 29 
7 21 37 14 1 -1 -8 -6 
12 -14 -61 -30 -9 -6 -2 13 
2 28 -2 1 0 1 10 -17 
-8 -2 18 2 3 5 -4 -6 
24 18 1 -4 1 3 21 16 
-22 -6 2 7 -3 -7 -11 30 
-42 -1 15 3 4 0 -2 13 
52 -25 -37 -11 -6 -4 -25 -28 
-71 -14 11 12 1 -5 21 14 
27 11 19 -3 0 -5 -11 13 
-27 -36 -10 -6 -5 -3 15 -17 
-40 -5 -69 -22 -2 -1 -1 24 
-11 -24 -15 -10 -3 0 -14 -43 
36 -40 -37 -2 -3 -2 3 -10 
-1 -5 24 13 3 1 -15 9 
7 5 17 14 8 3 12 27 
6 2 -51 1 -5 -6 -17 -9 
-14 -1 0 -7 -5 -4 -3 -6 
23 26 -5 2 -1 1 -2 0 
-5 -33 32 11 -7 -6 -7 -15 
6 6 -39 -39 -10 -2 -2 7 
-13 7 34 18 8 8 8 -10 
12 9 13 -3 -2 -3 -1 0 
-13 -11 -21 -4 -1 -2 3 1 
2 15 31 10 2 -3 -14 5 
1 44 3 4 2 1 4 -5 
-5 -1 -18 -14 -9 -2 7 12 
-1 -6 12 2 4 3 0 -1 
-8 -4 33 7 0 2 5 -2 
-3 14 -16 -11 -3 -2 -4 -9 
3 -27 -6 5 -5 -4 -7 -1 
-5 32 44 13 4 1 2 3 
12 -8 -63 -28 -8 -6 -9 -8 
-4 -25 -14 10 1 -5 -5 -7 
-12 9 4 -12 5 8 1 -4 
-18 18 12 -9 -9 -7 -4 -15 
10 8 27 16 7 7 4 -4 
0 20 20 7 1 -3 0 -3 
15 -6 -31 3 1 0 -4 1 
-2 5 -26 -11 -3 0 0 1 
12 1 20 -1 -2 -2 -2 2 
-2 -37 -21 -3 -8 -5 -2 -4 
-12 -13 28 -8 -7 -4 -6 -2 
-1 -13 8 -1 -1 0 1 -3 
-3 -19 4 6 2 -1 -1 -4 
-8 5 9 6 -4 -1 0 0 
-4 38 21 -15 -2 -2 -2 -7 
-14 -19 -28 -4 -2 0 1 5 
7 0 -4 -8 -6 -4 -6 -11 
-9 -4 25 5 5 4 5 2 
1 -6 -4 6 1 -5 -5 6 
3 15 -1 -4 -1 -1 -3 2 
1 -5 -15 6 1 1 2 16 
21 1 0 0 -1 2 0 12 
-20 -74 -50 -11 -6 -2 5 -24 
-1 -9 -19 2 -1 -3 -2 -1 
0 11 39 0 1 -4 -6 -2 
-1 -7 -29 -9 -5 -1 -3 17 
8 2 -1 9 2 2 -2 -13 
-2 74 76 7 -2 -2 -1 -7 
-7 -8 -25 -19 -8 -3 -8 -4 
-7 -9 22 -1 0 0 3 -13 
12 12 27 18 6 2 0 11 
17 -15 -40 -15 -3 -4 0 5 
10 28 31 9 4 3 1 18 
-8 5 -18 -3 -4 -1 -5 -20 
-13 -16 -28 -10 -6 -5 -19 -21 
7 -9 -3 0 -4 -4 7 34 
-6 -13 -12 1 -2 0 9 13 
12 -5 -2 -2 0 1 -10 1 
-6 10 13 4 0 -1 21 2 
-5 -3 -15 1 -1 -2 -20 -16 
-12 -14 12 9 1 0 14 13 
-22 10 -2 -13 -2 -3 18 -72 
14 6 -21 -10 -4 -4 -18 -4 
-4 -10 -2 -3 -1 4 -2 -4 
4 8 32 5 3 5 -6 25 
13 9 -3 36 6 -3 -7 -18 
-5 -1 -57 -50 -7 -6 20 -26 
-43 -14 -6 -20 -14 -7 -28 2 
21 21 94 77 22 9 1 -27 
-29 -6 -54 -66 -13 -2 9 42 
-13 3 -6 -5 -3 3 -12 -8 
84 -11 20 -18 -7 -2 27 54 
-15 -31 -19 5 -4 -6 -2 -54 
90 14 46 14 12 6 12 56 
-76 -16 10 29 1 -3 -8 10 
17 -23 -23 -18 -4 -7 -13 -31 
8 -28 21 31 7 -1 12 -10 
-20 15 -64 -27 -4 1 -9 -17 
26 -4 10 -15 -9 -1 4 6 
-55 2 41 28 8 6 3 -20 
13 15 -18 -21 -10 -8 -9 28 
-24 -36 -52 -17 -9 -9 -22 -25 
-3 -9 52 22 11 6 6 13 
-5 -6 10 16 2 -2 4 -5 
-12 -8 -26 -32 -5 -3 -12 -29 
-2 54 70 17 5 5 9 -9 
21 39 29 -1 -5 -2 -4 37 
19 51 -19 8 4 2 6 -20 
6 20 4 -5 -2 -3 -4 0 
-24 -15 12 -9 -8 -4 -4 9 
39 17 23 10 -1 -2 0 13 
-21 -49 -33 -10 -2 0 -7 -15 
-11 4 -5 -15 -4 -1 0 4 
-6 -11 -13 2 -4 -3 -4 -3 
16 8 9 10 0 -4 -11 -6 
-12 4 0 -1 -4 -4 0 -3 
-7 -13 -50 -29 -8 -5 -5 -7 
13 -7 47 21 6 3 7 13 
0 -14 -31 -17 -7 -1 -4 -9 
1 6 -5 9 6 5 3 7 
-7 -8 -23 -16 -7 -3 1 -3 
-16 3 13 13 10 0 -5 2 
17 2 9 5 -1 -4 -1 -10 
4 2 23 -3 -4 0 1 3 
-22 -8 -8 11 0 -3 2 13 
5 -6 -34 -40 -12 -4 -2 -15 
7 -38 -5 9 4 1 -3 17 
39 32 9 4 4 0 5 10 
-52 2 -30 -5 -3 -1 -2 -24 
12 -4 12 21 7 3 -2 11 
-51 -25 -20 9 -5 -5 -2 -29 
20 -16 1 -16 -1 0 2 9 
7 -9 -63 -29 -14 -6 -1 6 
-23 30 15 12 1 2 0 5 
20 32 -13 -4 1 -2 1 -6 
-25 -17 8 6 0 0 -1 -1 
9 24 18 3 -1 0 -3 -5 
25 -20 -2 -4 -4 -2 1 -8 
-5 -6 2 3 3 2 1 12 
-8 -2 -4 0 -5 -5 -4 -12 
6 -5 2 -6 -2 -3 1 19 
-1 -13 -6 3 -1 -1 -6 -10 
-7 -1 -7 -3 1 1 -1 0 
9 4 -20 1 2 2 0 -3 
12 6 17 1 -1 1 -1 2 
11 -16 -60 -8 -8 -7 -5 6 
-13 5 3 -5 -2 -2 0 -31 
-18 -4 4 -6 -2 -1 0 -6 
12 -15 6 3 1 -1 -4 -1 
-9 8 27 7 -1 -2 0 2 
4 -14 -10 -3 1 3 1 10 
-3 -6 -12 2 2 1 0 2 
23 -10 -3 3 -2 -3 -8 11 
-22 -6 -1 -10 -4 -2 -3 -24 
7 9 5 -5 -5 -3 -1 3 
-18 -3 -8 -1 1 -3 -2 -7 
-3 38 26 3 2 2 11 1 
2 7 17 8 -1 -1 2 -5 
9 0 -3 -5 -2 -2 0 10 
-1 -3 9 -1 -5 -2 -2 -4 
-6 -11 9 -1 1 1 1 -2 
0 -12 -7 -1 0 -3 -13 4 
-10 3 5 -3 -4 -2 0 5 
24 -4 2 2 -1 -3 -2 -6 
-21 -11 -14 -6 -1 0 -7 -14 
-6 -6 -11 -6 -2 1 3 3 
4 -2 -3 2 3 0 2 19 
-4 4 5 -5 -2 -2 -3 3 
-6 -4 -2 3 -2 -4 -7 -18 
-6 7 17 8 6 5 7 13 
13 -1 -12 -3 -1 -3 -1 16 
-12 2 -18 -2 -4 -3 -4 -25 
0 11 13 6 7 5 1 3 
-2 -11 -6 -8 -2 -3 2 8 
4 1 -16 -6 -6 -2 0 19 
3 -4 3 -3 -3 -4 -9 -7 
10 -1 6 -3 -2 -3 -3 5 
-25 0 -8 0 -2 -2 -1 -22 
-2 10 -3 -1 0 2 0 12 
-6 6 5 0 2 1 0 13 
-19 4 -8 -8 -4 0 1 -8 
22 -3 6 4 0 -2 -2 8 
-12 2 12 4 1 2 -1 -22 
-4 -9 -1 0 -1 0 3 12 
19 -11 -16 -9 -3 -2 -5 -8 
6 5 8 -1 -3 0 -1 11 
-21 6 -8 -3 -4 -5 -5 -20 
-5 -4 0 -3 -1 -1 0 4 
13 1 0 4 0 -3 -3 6 
-11 -4 -9 -5 -4 -5 -2 -10 
8 7 21 2 -1 -1 -3 -3 
-10 -13 -18 -6 -3 -1 -1 -9 
-4 -6 -3 -5 -4 0 -4 -1 
-1 -2 -2 1 0 -1 0 6 
4 -5 4 0 -1 2 -4 -12 
-5 -63 -21 2 4 -1 0 1 
24 2 -4 -1 1 0 1 6 
-10 -7 -10 0 -1 -2 -2 -14 
0 -16 -9 -5 -2 -2 -1 -5 
1 6 4 0 -1 -2 0 -1 
-4 -13 3 2 2 2 1 10 
-7 -5 11 3 0 -2 -3 -22 
-2 -8 -9 0 2 0 -1 -5 
-4 16 1 -3 -5 -3 -2 -2 
14 6 -2 0 -4 -4 -2 15 
-19 18 5 -3 -3 -2 -4 -18 
-9 -4 11 3 -1 -3 -2 2 
40 2 -11 -4 0 2 0 -1 
-34 12 16 0 -6 -2 2 13 
-9 -13 -8 -1 -3 -1 -5 4 
3 0 -7 -5 -2 -1 1 -16 
-3 5 4 -2 0 -1 2 -5 
-7 -16 -4 4 1 0 -1 -7 
11 -4 12 4 0 0 3 17 
-17 9 7 -1 0 -2 -1 -3 
1 14 0 2 1 0 2 17 
-14 -2 -11 -4 -3 -2 -8 -47 
1 2 1 0 0 -1 -2 -5 
8 -14 -8 2 1 -2 -1 3 
-11 1 -2 -3 -2 0 -1 -5 
3 3 -2 -4 -4 -4 -1 1 
15 18 8 3 0 3 4 5 
-8 -16 -7 -7 -2 -2 -1 -1 
-18 6 1 1 0 -1 -1 -2 
7 0 3 3 2 1 1 0 
18 4 -6 -4 -5 -5 -3 9 
5 -34 -18 -1 -1 -4 -2 6 
-17 6 21 5 2 2 0 -8 
-1 -16 -5 -2 1 0 1 -4 
4 -6 -6 0 0 -1 0 -2 
-51 21 5 1 1 -1 -2 -1 
-8 0 3 -5 -6 -5 -3 -14 
2 4 5 0 1 -3 -4 13 
4 -29 0 6 8 7 4 -6 
-18 5 0 -1 -3 -2 -2 -1 
4 0 8 0 1 -1 0 0 
4 8 2 -4 -3 -1 -3 -6 
7 1 -1 -8 -5 -4 0 11 
25 0 -4 -1 -2 -1 0 6 
12 12 0 2 2 1 1 3 
-26 -25 -4 -6 -3 -2 -2 -11 
-7 9 -13 -4 -3 -4 -3 0 
20 8 4 1 0 -1 -1 -11 
-18 4 7 0 -2 0 -2 -4 
38 1 -13 -4 -2 -4 0 14 
-40 -2 7 -5 -6 -4 -6 -13 
-2 9 5 2 5 1 -1 -2 
11 -45 -15 -1 -1 -2 1 15 
-12 -4 -3 2 0 0 1 -21 
7 -2 -6 -3 -3 -2 -2 2 
9 13 3 -1 -2 -3 -4 -6 
-11 7 -7 -7 -6 -3 -5 2 
-6 -3 8 1 3 2 1 4 
-1 6 4 -2 -1 0 0 0 
2 -22 -2 -1 -1 1 1 4 
4 5 -5 0 -2 0 -1 0 
-8 1 -11 -1 0 -2 -2 -3 
11 2 -2 -3 -1 -3 -3 4 
23 -32 -32 -5 0 2 0 -2 
-17 9 -2 -4 -5 -7 -7 -10 
2 4 -1 2 1 1 2 6 
-6 -10 -3 0 2 -2 0 -4 
9 11 5 2 -1 0 0 3 
-3 -14 -4 -1 -2 -4 -6 -13 
-13 -8 -14 -8 -6 -2 -1 -1 
-8 8 10 -2 -3 0 0 2 
-2 -3 -10 -7 -6 -4 -4 -5 
9 9 4 1 0 0 1 13 
-13 12 19 2 -2 -2 -3 -8 
-6 -18 -17 -3 -1 1 0 -27 
-1 3 16 1 -6 -2 1 3 
-6 -11 -21 -2 1 -1 -1 -7 
7 -5 -9 1 0 -2 -1 7 
19 -4 -5 -3 0 -1 0 7 
-31 5 5 -1 -1 -1 -2 1 
-2 -12 0 -3 -5 -3 -4 -27 
4 5 -1 -1 -1 -2 -2 0 
11 6 2 1 -2 -1 -1 8 
10 -2 0 3 2 0 0 1 
-2 0 9 0 0 2 2 7 
-2 -4 -13 -5 -5 -4 -3 -5 
2 35 21 5 1 0 -1 0 
-2 0 -16 -3 -1 -2 -2 -10 
40 -1 -5 4 3 2 4 9 
7 17 1 -1 0 2 0 -4 
-10 -9 -3 -2 -2 -1 -2 4 
1 -8 -2 -4 -2 -3 -3 -6 
-4 7 -2 -3 -3 -2 0 3 
42 -1 -1 -2 0 0 -3 11 
-34 1 8 6 4 0 -2 -1 
6 -2 -15 -4 0 2 2 9 
-5 -3 1 -5 -4 -2 -2 -4 
-15 -13 -14 -2 -3 -3 -3 -3 
0 -12 -7 -5 -5 -4 -2 5 
2 5 6 2 -1 0 0 -5 
-3 7 3 -1 -4 -3 -5 6 
-8 2 3 -3 -1 -4 0 11 
9 1 4 2 2 -1 0 -3 
-16 -11 -4 -1 -1 -1 0 -6 
-5 1 -1 -3 -2 -3 -1 0 
-8 -6 7 -1 -1 -1 0 -4 
12 -2 -8 -1 0 -2 0 -1 
-7 -14 2 -3 -2 -1 -1 5 
0 7 12 3 3 3 4 -3 
-7 -7 -5 -2 -2 -1 -3 -8 
3 -1 0 -2 -1 -1 0 2 
7 -4 -2 0 -2 -3 -1 5 
-15 -6 -2 0 0 1 -2 -5 
-36 13 4 3 0 -1 -3 -8 
-3 -10 -18 -2 0 -1 -1 -6 
-11 -1 7 -1 -2 -1 3 3 
-8 -11 -12 -4 -4 -4 -4 -16 
17 -3 2 0 -2 -3 -3 8 
-3 -3 4 1 0 1 1 17 
4 17 23 9 3 0 -4 -32 
-5 -23 -20 -5 -1 0 1 6 
-14 -10 8 -1 1 -2 -1 -3 
17 -3 2 -6 -7 -1 -1 -1 
3 6 -1 -2 -2 -2 0 7 
2 8 18 2 -2 0 -1 5 
1 2 -10 -2 -1 -1 -2 0 
3 -14 -7 3 6 3 0 7 
-47 52 21 -2 -2 0 -1 -9 
-34 8 -2 -2 -2 -3 -3 1 
-2 -8 2 -2 -2 0 1 -7 
7 5 7 1 -2 -2 0 4 
15 -18 -11 -3 -1 -2 -3 8 
9 6 2 -3 -3 -4 -2 -2 
-3 3 6 1 0 2 2 2 
-15 -25 -5 -3 -1 -1 -3 -10 
7 -7 0 -2 -3 -2 -3 -1 
-16 9 -5 -2 0 -2 0 -5 
30 -8 0 -1 -2 1 0 6 
16 12 -2 -1 -7 -4 -4 10 
-7 -18 -11 -1 3 3 1 -12 
10 -2 -3 0 0 -1 -1 1 
-18 -7 3 -4 -5 -3 -2 -6 
-8 7 -3 -5 -5 -2 -1 -1 
22 5 -7 -1 -2 -3 0 20 
0 -23 0 -1 -2 1 1 -12 
39 -11 -6 0 1 -2 -1 -10 
-32 -2 0 -5 -5 -4 -3 -20 
11 -5 3 0 -3 -3 -3 6 
2 6 -7 -4 -2 -3 -2 -2 
4 -4 -5 2 2 0 -2 2 
2 -2 -2 -1 -1 -2 -2 -8 
2 -8 -16 -3 0 -1 1 4 
-11 7 -4 -3 -3 -3 -4 9 
-16 3 -4 -3 -2 -2 -1 -6 
3 2 6 1 0 0 -2 1 
-2 -5 -13 -4 -1 -1 1 1 
14 15 2 -2 -5 -1 -3 4 
-7 3 4 1 2 1 1 12 
-3 1 -2 -2 -1 -3 -2 -19 
1 -5 13 5 1 1 1 -2 
8 8 5 -1 -1 0 0 8 
-4 5 -10 -4 -3 -5 -7 -18 
-1 -22 15 3 1 3 2 19 
-15 8 6 1 0 1 -2 -11 
-8 -4 -2 -4 -3 -2 0 -5 
-10 -1 -1 2 1 1 0 3 
8 4 3 1 1 -1 1 5 
-46 -38 -33 -12 -7 -9 -5 2 
11 -5 -3 -1 -4 -2 -5 -16 
2 -2 -8 -3 -2 -3 -1 6 
-11 -2 -2 -4 -3 -1 -3 -11 
6 2 6 3 2 1 3 9 
-4 -4 1 -1 -1 -3 -4 4 
-3 2 -4 -4 -3 -3 -2 -4 
-6 8 1 -1 -1 -2 -6 -37 
7 9 -4 1 -1 -2 -3 -4 
2 1 1 0 1 2 3 3 
11 12 -3 -1 -2 0 0 2 
1 12 5 0 -2 -1 -1 12 
0 -10 -12 -2 0 0 -2 -5 
-17 -10 -8 1 2 2 1 -2 
-3 -7 -1 -1 -2 -1 0 -2 
-16 -13 0 0 -4 -4 0 -2 
16 16 17 0 -2 -1 -2 -1 
-5 -5 2 0 2 -1 -1 3 
-19 -9 4 0 1 1 2 -6 
19 -14 -23 -4 -1 -2 -2 9 
7 11 0 -3 -2 1 1 6 
-13 -2 3 1 -1 -2 -3 -20 
-3 -47 -2 -2 0 -4 -3 9 
-3 -1 -4 -3 -2 -1 -3 -5 
6 2 -7 -2 0 -1 0 9 
-8 -3 -4 -3 -1 0 -4 -17 
1 -1 -10 -5 -4 -2 -1 -2 
-1 -4 0 1 2 2 1 3 
6 2 -3 -2 -1 -2 -3 3 
7 -8 -8 2 2 -1 -1 9 
6 9 3 0 -2 -3 -1 -16 
31 6 -7 -5 -3 -3 0 2 
-4 2 -4 -4 -3 -4 -2 -10 
8 -14 -10 3 2 1 1 7 
-5 9 -3 -1 0 1 2 4 
11 6 -8 2 2 2 3 26 
9 -1 3 2 2 -1 -2 -20 
1 -4 7 -4 -4 -2 -3 4 
2 -7 -3 1 -1 -1 -1 -9 
-14 -11 -5 -3 -1 -4 -2 -4 
-5 -4 6 0 0 0 -1 3 
-7 -6 1 -2 -1 -1 2 2 
-8 11 0 -1 -2 -2 -3 -2 
-2 -5 3 -1 -1 -3 -4 -9 
-1 2 -17 -6 -2 -3 -2 -1 
10 8 3 -4 -2 -2 -2 9 
-14 6 3 2 0 -1 -2 -22 
-6 2 2 -1 -2 -2 -2 -4 
3 -5 11 6 3 2 1 10 
45 10 -1 -1 0 -2 -1 -8 
-8 5 5 -3 -4 -1 2 10 
0 4 -3 -2 1 1 0 6 
-12 -4 13 0 -1 -2 -3 -22 
2 -14 -18 -4 -3 -2 0 12 
1 16 -7 -4 -1 -1 -5 -20 
-13 -12 -2 3 1 2 1 -7 
7 -6 4 0 -1 -2 0 9 
-24 12 4 4 3 1 1 -6 
20 -24 -16 -4 -3 -4 -5 3 
-1 10 0 -4 -1 -2 1 13 
-50 -14 -11 -2 -6 -3 -3 -36 
-6 -5 4 -2 -2 -4 -1 -5 
-5 -1 -4 -2 -1 1 0 10 
-3 -1 -2 0 0 0 1 -6 
19 -5 -16 -4 -3 -1 -1 16 
14 -3 4 -2 -3 -1 1 18 
-2 -2 -4 -3 -2 -1 -3 -26 
12 2 -2 -1 -2 -3 0 9 
9 12 9 -1 -1 -3 -1 4 
-28 3 -14 -6 -7 -6 -5 0 
-3 1 4 3 4 3 3 4 
-9 22 4 1 1 1 -3 -8 
-9 -5 3 -3 0 0 3 10 
19 5 10 -1 -2 -2 -3 -17 
-8 -6 6 -1 0 -3 1 8 
-2 -22 -12 -1 -3 -4 -3 -10 
6 13 2 -1 -3 1 0 2 
8 9 1 0 -1 -1 -3 4 
-3 10 10 2 1 -1 -3 6 
-2 -3 -10 -2 -1 2 -2 -7 
8 -4 0 3 3 3 2 20 
-21 -16 -5 -2 1 -1 -4 -36 
-51 28 13 2 0 1 -1 -4 
0 -2 0 -3 1 1 0 18 
4 1 -1 -1 -1 0 -2 -22 
-10 19 14 1 -1 0 3 14 
