#EMG
#3
#ID:3-75
-6 -6 -11 -5 -4 -2 -3 -8 
0 0 -3 -1 -1 -1 -2 -5 
15 8 -1 -2 -4 -3 -2 25 
-5 -1 -2 -2 -2 0 0 -22 
1 -7 10 0 -3 -4 -2 -3 
-11 -3 -14 -5 -3 0 -1 -6 
2 0 -6 -4 -3 -1 -2 9 
7 2 -2 -1 -3 -2 0 4 
2 10 9 6 2 2 -1 -6 
-2 5 12 -1 -3 -3 -2 -3 
1 3 -8 -2 -3 -1 -1 2 
-7 -9 -4 4 5 3 3 0 
-4 0 -8 -3 -4 -3 -1 1 
-8 2 15 3 0 -1 -1 -11 
5 2 1 -2 -2 -2 -4 0 
6 9 1 1 -1 -1 0 11 
15 -7 -12 -5 0 -1 1 19 
20 -3 -12 -1 -3 0 1 2 
-28 -5 7 1 -1 -3 -2 -41 
5 3 -2 -5 -3 -3 -3 8 
4 -5 -8 -3 -2 -1 -3 -1 
3 -1 -9 -3 -1 -4 -2 1 
8 3 -2 -1 1 0 1 6 
12 2 8 1 -1 -1 -3 -2 
-5 0 -2 2 1 0 0 -12 
-3 -4 -9 -6 -2 -1 -2 -6 
2 -8 8 2 0 -1 0 -9 
-15 -2 1 0 -1 0 -1 -4 
0 -2 7 5 1 1 3 2 
-1 0 2 1 0 -2 -2 -3 
-16 -3 1 1 0 2 -1 0 
-1 -2 -4 -5 -3 -1 0 -5 
7 0 3 -2 -1 0 1 -3 
-6 -3 11 3 2 1 2 19 
4 -5 -10 -5 -6 -3 -3 -7 
1 5 -7 0 -3 -4 -3 -12 
-1 -4 0 -2 -4 -2 -1 -11 
-14 2 5 -1 -1 1 1 -4 
40 -6 -11 -3 1 -1 1 22 
-7 -4 -2 -2 -3 -4 -5 2 
-8 1 -5 -4 1 1 -1 5 
-3 -3 -9 -3 -2 -2 -3 -17 
-2 0 10 4 1 2 1 6 
10 -1 -3 -2 -1 1 0 -2 
-1 -9 -13 -5 -2 -3 -4 -5 
-10 -2 5 0 1 -1 -1 -1 
2 6 0 1 -1 0 0 12 
-1 -7 -6 -3 -1 0 -2 -10 
3 2 3 -1 -1 -3 -3 5 
-6 0 -3 1 2 0 -4 -3 
-7 -6 -11 -6 -4 -4 -4 -27 
-1 -12 -6 -1 1 2 3 6 
1 1 -1 -1 -2 -1 0 3 
-10 -4 -16 -5 -5 -3 -6 -11 
-6 5 13 1 -1 3 1 3 
-5 -7 -19 -3 -4 -2 -4 -3 
-15 -7 -2 0 -1 -3 -3 -18 
12 -5 1 -1 -1 0 1 7 
-33 4 4 0 3 2 1 1 
18 12 5 -3 -3 -1 -2 7 
4 4 2 0 -2 0 -1 11 
8 5 9 -1 -2 0 -1 -5 
3 1 6 -1 -3 -2 1 8 
4 -2 -6 -4 0 1 1 24 
-18 -3 -6 -3 -4 -5 -9 -44 
-5 -8 -6 -3 -1 -1 0 4 
17 7 11 0 -4 -4 -4 0 
-5 -5 8 6 4 2 4 6 
8 -1 -5 -2 -1 -3 -3 -5 
-1 1 -4 0 -1 -2 -2 -8 
-10 -2 -6 -2 0 -2 0 18 
-2 2 10 -2 -2 -2 -2 -30 
3 8 -3 0 0 3 -3 4 
8 -5 6 0 -2 -3 2 8 
-3 -5 -6 -3 -1 0 2 2 
-8 6 -1 1 -1 -2 -1 24 
1 3 -8 -2 -4 -3 -9 -8 
-8 7 16 -1 -2 0 3 -9 
-14 -33 -56 0 5 6 -1 5 
5 -6 6 1 -4 -6 -5 -13 
10 -1 -7 -1 0 4 20 3 
-20 -3 -8 -1 -1 -6 -27 -8 
7 9 9 -3 -6 -3 2 -5 
-9 -7 1 0 2 -1 -6 -3 
-4 -3 -17 -3 -3 -3 4 21 
-13 12 -1 -1 -1 3 3 -27 
4 8 10 2 2 -1 -3 6 
-8 1 10 -2 -1 3 6 -5 
-21 -12 22 0 -2 -4 -4 -14 
10 -1 -4 -3 -1 -2 -1 5 
-2 3 10 1 -2 -5 -7 -11 
-3 0 -14 -3 -3 -3 -15 -20 
-3 -12 5 -2 2 3 13 23 
0 8 -13 4 2 1 2 6 
-13 -10 36 -1 0 2 6 -8 
4 2 1 -2 -2 -5 0 -4 
7 9 0 3 1 1 -6 -8 
6 2 -1 -4 -3 -5 -15 13 
9 -11 16 3 1 1 -3 -4 
0 -28 -50 -8 -5 -2 11 30 
-9 -1 -13 -5 -3 -3 -12 -29 
3 -11 -14 -5 -2 -4 0 -2 
1 12 -35 4 0 -6 -25 7 
14 -5 35 -1 1 4 15 -4 
-5 3 12 -4 -6 -3 -2 14 
0 -10 -15 4 -2 2 10 4 
-9 22 -9 -3 2 -2 -8 -4 
-4 -2 3 -4 0 2 -3 -17 
7 4 2 3 0 1 10 -3 
1 8 35 7 0 -3 -5 3 
-4 -20 -44 -15 -6 -3 1 -3 
0 14 -3 1 -1 -2 -8 9 
-4 -17 1 -10 -5 -2 -5 -6 
3 16 23 9 4 4 6 9 
2 -8 -3 -7 -3 -4 2 -2 
9 -21 -36 1 2 -1 -2 0 
-6 11 20 9 3 1 1 5 
-29 7 -5 -22 -9 -5 -8 -7 
11 3 27 1 -4 2 8 -3 
-3 23 21 8 9 1 -3 -3 
13 -5 27 13 -2 0 -5 36 
-9 -8 3 -12 -3 -2 0 -42 
-34 46 40 1 -1 0 -3 -4 
7 8 1 4 -7 1 4 24 
-4 2 7 15 10 -2 -5 -48 
10 -13 -12 -12 -3 0 3 20 
13 -9 0 2 2 -2 2 1 
-1 8 -17 -5 -3 -3 -3 -9 
-8 -7 8 6 4 4 2 15 
2 -12 -28 -8 0 -3 -3 5 
4 -3 -22 -11 -14 -5 -1 -5 
-17 -5 7 -6 -7 -2 -3 -3 
11 4 -27 0 3 -6 -3 6 
10 -8 -5 8 -5 1 2 3 
-7 -3 16 7 4 2 1 8 
12 17 -21 -12 -11 -8 -7 -17 
-2 10 -7 -12 -4 0 -4 -1 
-4 2 10 6 2 0 3 -1 
5 8 2 -2 -2 1 7 6 
-26 -31 1 -1 -2 -2 -4 -8 
2 2 -8 -5 -3 -2 -5 -4 
2 -6 4 4 2 0 0 7 
3 -8 -31 -1 -1 1 -1 -4 
7 -7 23 10 3 3 6 24 
27 1 -33 -17 -8 -8 -11 -10 
-50 -14 9 -5 -4 1 -7 -53 
2 -13 -32 -6 -1 -2 1 7 
6 4 8 -5 -2 -2 0 -12 
-7 4 0 0 -1 -2 -3 13 
-17 5 0 0 -1 -1 1 20 
18 -5 8 3 -3 -7 -7 -20 
-1 16 9 6 4 2 3 4 
-11 23 7 -4 -5 -5 -16 11 
13 -5 -7 1 0 1 5 -4 
-2 -13 -8 -5 -1 3 7 11 
-7 -2 0 2 3 -1 -4 -24 
12 -27 -28 -9 -4 -2 3 30 
1 17 -17 -1 -3 -8 -14 -39 
-8 11 30 2 -3 1 2 5 
-9 -7 -2 2 -2 -3 0 -20 
-11 -7 5 -4 2 4 -2 -13 
3 1 17 5 3 1 10 18 
0 -3 -15 0 2 2 -18 -13 
2 0 5 -2 -2 -3 9 6 
-32 0 -10 6 2 2 8 -6 
15 -12 7 0 -1 0 -1 -2 
-2 -9 -9 -3 8 3 8 14 
9 -4 -3 0 -3 2 -13 31 
-2 5 3 -3 -5 -2 8 -16 
79 1 -19 -5 -4 -5 -13 2 
-27 -4 11 4 -1 -1 14 0 
-36 2 -5 5 0 -4 23 25 
0 -22 9 -7 -1 -1 3 13 
7 7 -23 -8 -3 2 29 4 
19 2 -10 -1 0 -4 -40 17 
14 6 25 0 2 -3 -13 -9 
-10 27 -18 7 0 -7 2 -39 
-38 -16 16 -3 -2 -3 -1 1 
0 -9 -15 -2 2 4 14 15 
-58 -4 -5 1 0 -4 -25 -44 
19 42 30 14 5 4 10 13 
-27 -1 40 13 8 8 -5 10 
-26 -12 -79 -37 -12 -8 5 -20 
61 4 -20 -12 -7 -3 -14 13 
3 53 28 5 -1 4 5 17 
-14 1 16 18 5 1 -3 0 
11 3 10 -1 -1 0 2 -6 
7 -13 6 3 -1 0 3 2 
-2 -44 18 -9 -5 -5 -8 -6 
-8 1 -24 0 -3 -1 4 3 
12 26 22 10 3 0 -7 -5 
4 5 3 -9 -4 -2 10 4 
-6 -1 25 7 -2 -3 -9 -4 
5 -6 22 4 5 1 -3 16 
0 -22 -27 -19 -9 -4 -3 -17 
-3 9 11 0 1 1 12 -9 
0 -8 -1 5 2 5 -1 -2 
1 7 8 -4 -6 -3 0 12 
9 21 49 -2 -4 -2 -2 -11 
0 -6 10 -1 -1 -2 -3 -5 
-7 0 -12 -5 5 -1 -5 -1 
-1 -12 -26 -8 -12 -3 -3 -3 
-3 -3 44 14 2 1 2 0 
4 -3 -60 -12 -8 -5 -9 -2 
-1 -24 -18 -5 0 -4 -5 -4 
-4 -8 -8 -3 -1 -3 -7 -6 
11 -4 19 9 3 -2 1 -1 
-18 -2 -6 -10 -5 -3 -5 -5 
7 7 7 5 3 2 3 -1 
-24 -7 -26 -13 -3 1 0 -11 
-1 -13 -31 -2 -5 -4 -3 -2 
-2 -38 15 5 2 -1 -1 6 
10 -17 5 -8 -6 -5 -6 2 
-2 -11 -1 -2 2 0 -4 -5 
-1 10 -3 7 2 -2 2 -2 
-12 -3 5 1 -1 -2 -8 -13 
22 -5 -19 3 -2 1 -1 12 
-22 9 -2 -5 -2 1 2 9 
-4 -18 -7 -13 -6 -6 -4 -29 
17 8 20 0 -1 2 0 20 
-7 6 1 -3 -1 0 1 -1 
20 -11 -25 2 -1 -5 -9 -2 
-23 11 1 4 0 1 6 12 
19 28 9 -2 1 0 -3 19 
-28 -27 5 5 -2 0 -3 -62 
-7 1 -17 -15 -5 -5 -7 -5 
-13 5 21 4 -3 1 3 6 
28 0 9 16 6 2 6 22 
-3 -9 -32 -21 -5 -1 1 7 
2 10 -18 -4 -2 -5 -4 0 
4 -1 16 6 -1 -2 -7 -4 
-6 6 -30 -5 -2 0 4 -6 
-2 1 -2 6 0 -3 -2 22 
8 -11 11 5 0 2 13 -2 
6 -11 -8 2 2 2 3 1 
-3 32 30 5 4 1 0 -15 
-12 -14 -35 -9 -7 -5 -4 -5 
2 18 -16 -4 -2 0 0 -5 
8 -2 12 5 2 2 -3 7 
-10 -14 -20 -2 -2 -2 6 -8 
1 5 16 2 0 -3 -13 -28 
13 19 -11 -3 -3 -4 6 31 
-11 -27 -16 -3 -3 0 -3 -24 
-19 -19 18 1 3 4 16 -4 
-2 -2 -22 -19 -6 -5 -21 -5 
-11 -10 8 11 1 -2 6 2 
13 -1 -14 -14 -5 -4 -3 3 
-1 -14 -22 -2 -5 0 2 13 
4 -11 -11 -7 0 -3 2 -39 
-63 -6 11 -3 -2 3 7 5 
7 6 16 21 8 3 -29 20 
-14 1 7 -10 -5 0 29 15 
27 -8 -10 -12 -9 -8 -25 21 
-25 -3 -7 8 -1 1 -17 -22 
35 26 15 -9 -1 -1 -1 -5 
-42 3 30 30 4 5 16 -54 
53 -4 -29 -39 -5 1 38 52 
-10 -8 32 -2 -1 -9 -26 -19 
-5 33 -22 15 3 3 7 -10 
-22 -15 -24 -19 -9 -12 -36 -19 
-11 22 38 26 5 5 30 -12 
25 1 -20 -24 -3 5 20 20 
-24 -25 -17 -17 -12 -9 -11 -28 
17 -5 -15 -3 2 2 -16 28 
-27 0 22 5 -4 -6 -14 3 
6 8 11 7 2 0 -5 13 
3 -24 -3 -4 1 -2 3 12 
27 16 -24 -11 -2 -3 -12 19 
-20 -30 12 16 7 6 0 -25 
34 6 17 3 -1 -6 -17 1 
-4 4 -2 4 2 0 9 8 
-9 15 -7 1 1 3 2 -15 
-8 -7 24 -15 -6 0 -10 -8 
12 1 10 12 2 1 15 9 
-12 -3 9 0 0 -2 -3 -1 
3 -35 3 0 -2 -5 -10 2 
2 11 -24 5 5 4 5 13 
18 2 -17 7 -4 -1 -16 -16 
-5 -11 -16 -20 -4 1 8 9 
12 5 -3 -4 -2 -6 1 -4 
-19 2 8 1 -3 0 2 7 
1 -12 4 6 3 0 3 -7 
6 25 15 7 3 2 1 12 
-8 -41 -25 -15 -6 -3 -8 -25 
14 32 30 18 7 5 4 7 
-7 1 9 -1 4 1 -3 -5 
3 -9 -4 1 -4 -3 6 4 
5 13 -10 -3 -5 -5 -9 2 
-27 4 -13 12 3 3 8 12 
-27 -23 -23 -15 -8 -5 -7 -43 
1 -5 3 -1 -2 -1 -2 -6 
-2 12 8 2 1 1 4 -3 
37 1 1 3 -2 -4 -10 6 
-25 4 17 -5 -2 -4 1 -1 
-13 -23 -28 -5 -2 -1 -2 -10 
-11 24 27 7 5 2 1 21 
45 19 -6 -4 -4 -2 -3 4 
-1 -9 -4 -8 -2 1 2 -32 
-3 3 13 4 -1 -1 0 -10 
5 8 -12 -6 -4 -5 -8 -6 
-21 -13 -10 -10 -7 -7 -1 -1 
25 -4 -1 -4 -1 -4 2 13 
-18 50 13 6 2 1 -1 5 
1 3 -2 -7 -4 -1 0 -16 
-22 -22 -27 -8 -5 -2 0 -2 
22 1 5 1 -1 1 3 27 
2 -9 6 2 -1 -5 -3 11 
10 -14 0 -3 -1 -1 -4 14 
-17 -1 6 2 4 1 -3 -6 
5 -5 -13 0 -1 0 -4 -3 
-46 -8 1 0 -1 -1 2 0 
7 -4 4 0 -2 -1 -4 -7 
-11 -12 -16 -6 -2 -2 -4 -14 
6 11 1 1 0 1 -2 -7 
20 -11 -11 -6 -5 -3 0 8 
-16 -4 9 0 -1 -1 0 -16 
-7 4 1 0 -2 0 -2 11 
18 -4 -4 0 1 2 1 13 
6 1 -6 -1 0 -2 -3 -12 
-7 8 8 1 -1 -1 0 0 
30 -17 -13 3 4 1 5 -3 
-31 -3 -14 -10 -6 -4 -2 24 
2 -6 1 1 0 1 -5 -29 
1 12 12 3 2 1 4 9 
-8 -2 -10 -6 -6 -6 -6 -7 
7 3 0 -2 -2 0 0 15 
17 -11 3 -8 -6 -2 2 48 
-14 -17 -14 -5 -3 -5 -10 -46 
-10 3 15 11 2 0 2 -4 
8 1 -5 -10 -1 1 0 -1 
9 -1 -6 -1 0 -2 0 1 
4 -10 -13 -4 -2 -1 -2 9 
-9 -4 -5 0 -4 -2 0 -2 
-7 3 6 5 1 -2 -1 -7 
3 -11 -33 -8 -3 -4 -3 -4 
-5 -2 10 4 2 2 0 3 
6 0 -9 -5 -1 -2 -1 -3 
-10 -8 -2 -3 -5 -2 -4 -5 
3 7 4 2 -2 -1 -1 -5 
-3 3 0 3 4 3 0 -1 
-7 -2 -27 -10 -4 -4 -1 5 
18 3 6 4 2 2 2 6 
-23 -13 -2 1 -1 -2 -3 -33 
1 -5 -7 -6 -9 -8 -4 2 
-11 -5 4 2 0 1 -2 -1 
7 3 4 3 2 0 2 -6 
1 4 5 1 -1 0 3 3 
6 8 10 0 -1 -1 0 10 
-2 -5 -8 1 3 4 -1 -8 
-10 2 10 6 4 1 2 1 
9 -4 -4 -2 1 -3 1 13 
1 -5 -3 -2 -4 -3 -2 -6 
6 11 -3 -4 -5 -4 -5 2 
-7 -5 -8 1 1 -1 -3 -8 
21 -2 8 -2 0 -1 1 13 
-25 8 -5 -3 -3 -2 -3 -32 
3 -1 14 0 0 -1 -1 3 
-51 9 4 0 -2 0 -1 -8 
2 -3 2 2 2 3 1 -18 
2 -14 -3 0 0 1 1 18 
-25 0 7 3 -1 -1 0 -24 
16 0 -14 -12 -7 -4 -4 -7 
-7 0 -1 -1 0 -2 2 4 
-2 2 -3 -2 -3 -1 -2 6 
3 -5 0 0 0 0 -2 -6 
7 -4 12 4 0 1 1 1 
-1 1 10 -2 -4 -1 -2 -7 
10 0 -9 1 2 0 -1 28 
10 -8 -1 -1 -2 -3 0 14 
-2 24 2 -5 -5 -3 -3 -11 
-4 3 -1 -2 -1 -3 -3 3 
-7 -7 -15 0 1 1 1 -8 
6 1 6 0 -1 0 0 16 
3 -17 -9 -2 -3 -3 -5 -3 
-8 0 5 2 2 0 1 -3 
6 -2 4 -4 -4 -2 -2 3 
19 6 0 0 0 -1 -1 -2 
-38 -15 1 0 2 2 3 9 
-44 -15 -11 -4 -2 -3 -5 -17 
4 2 -4 -5 -4 -5 -3 -29 
3 -4 8 0 0 -1 0 1 
18 -2 -8 0 -1 -1 0 -4 
10 -3 -16 -4 -4 -3 -2 13 
-11 -4 -3 -4 -4 -4 -1 0 
-18 3 4 -4 -1 -1 0 -7 
9 -5 6 1 0 -2 2 1 
2 -3 3 -3 -3 -2 -2 -1 
12 -5 -4 -1 -2 -2 -2 -2 
-1 -8 -10 -3 -3 -3 -3 -1 
11 3 -6 0 1 0 2 18 
0 -3 1 -1 0 -2 -4 -19 
-3 0 5 0 -1 1 0 2 
-8 -9 -6 -4 -4 -2 -1 2 
-10 1 -4 -1 -1 -2 -1 -8 
0 1 -3 0 -2 1 1 3 
8 -3 11 -1 -2 -1 3 32 
-13 8 1 -3 -1 -3 -5 -36 
49 -15 -16 -3 0 -1 0 3 
-14 7 9 0 1 2 3 1 
6 -5 -17 -3 -2 -2 1 3 
-10 -6 5 -3 -2 -1 -2 17 
1 2 -1 -1 -3 -3 -3 -21 
23 2 -5 -3 0 -3 -2 6 
-14 -6 4 3 1 1 0 -14 
2 -7 2 -2 -3 -3 1 11 
-3 -14 -13 1 -1 1 -2 -5 
1 2 -3 1 0 -2 -1 0 
-7 5 11 -1 -2 -1 -2 -1 
11 18 10 6 3 -1 -1 0 
-16 -34 -11 1 6 6 3 -5 
-6 -1 3 1 -2 -3 -1 0 
1 -5 -13 -4 -1 -3 -3 -1 
-2 -7 6 -1 -1 -1 1 0 
4 18 8 -3 -6 -5 -3 9 
7 -1 -7 -1 1 0 0 7 
0 3 0 -2 0 -2 -4 -18 
62 9 -20 -6 -5 1 2 11 
-42 4 16 1 0 1 3 17 
-19 10 0 -1 0 1 1 -32 
16 -5 3 -4 -5 -6 -4 3 
13 1 -12 -2 -2 -2 -2 13 
9 -1 2 -3 -6 -2 -2 -3 
-2 -3 0 0 -1 -3 -2 6 
-11 1 1 -2 0 1 0 -1 
-19 2 -2 -1 1 -1 -1 -7 
3 6 8 1 0 -2 -1 -3 
-7 -5 0 1 -2 -1 -2 5 
2 0 -14 -1 0 -1 -3 -17 
-18 -4 -7 -5 -4 -5 -5 -9 
-8 -2 -3 -2 2 0 -1 -7 
9 -3 0 -2 -1 0 0 11 
-5 -3 0 4 3 1 1 -3 
-14 -2 5 0 0 1 -1 -1 
5 3 5 0 -3 -5 -3 -5 
9 -5 -11 -5 -4 -2 -1 4 
-1 5 0 0 0 0 -1 4 
-20 -14 -1 -2 -3 1 0 -6 
5 2 0 -2 -1 -4 -3 0 
-21 -6 -10 -3 -1 0 -1 -2 
-12 -18 -9 -2 -1 -2 -3 -6 
1 3 0 4 3 2 3 -1 
13 -6 -12 -2 -2 -2 -2 -7 
-22 13 5 0 -1 -1 -1 7 
20 -13 -10 2 4 4 1 14 
-33 -14 -6 -5 -4 -3 -3 -15 
20 -2 -4 -1 -2 0 1 25 
13 4 9 2 2 -2 -5 -18 
1 6 9 -3 -3 -1 -1 -1 
1 15 0 -1 -2 0 0 -1 
-9 8 13 3 2 -1 -1 3 
17 -3 0 -2 -4 -2 -1 4 
-23 4 4 -2 -3 0 -3 -6 
0 -4 -10 -6 -3 -2 -1 4 
1 2 5 -5 -6 -4 -6 -12 
-1 -11 -6 -1 2 4 3 0 
-9 -1 6 2 1 -1 -1 -1 
1 -3 1 -1 0 -1 0 -3 
-11 7 -3 2 -2 -1 -2 -3 
14 8 -3 -4 -4 -3 -1 9 
-24 8 -11 -6 -2 -3 -5 -12 
-11 4 12 0 0 0 -1 5 
5 4 -14 -2 0 4 4 22 
0 -18 -5 1 -1 -2 -4 -35 
19 28 11 1 -1 0 3 4 
14 4 -1 1 -1 -2 -1 3 
-3 2 -2 -1 -1 -1 -1 -5 
-3 -8 4 0 1 0 1 10 
6 -13 -15 -4 -1 -1 -1 2 
-1 2 -4 0 -1 -1 -2 -12 
0 -2 2 -5 -2 -1 0 -2 
-10 0 2 0 -1 -1 0 0 
-4 -6 2 0 -1 -1 -1 -10 
5 -1 -7 -2 0 -1 1 9 
-14 -9 -4 -5 -3 -4 -2 -12 
6 -1 5 0 -2 0 -4 1 
9 14 4 2 -2 1 -1 4 
3 -12 -7 -1 -3 -1 -2 13 
-10 -9 -1 1 1 2 -1 -27 
-4 3 10 -4 -4 -3 -1 1 
9 13 13 -1 -3 -1 2 20 
-39 -15 -2 2 3 4 1 -16 
7 5 5 0 0 -2 -2 -13 
-37 -15 -8 -1 -4 -3 -1 -1 
-13 -13 -5 -2 -2 0 -2 -5 
17 2 -5 1 -1 -1 -3 3 
13 12 -1 -3 -6 -3 -3 5 
-4 -4 -2 -1 0 2 -1 -2 
4 -31 -10 -2 -3 0 0 0 
14 8 -1 -4 -3 -3 -1 10 
-4 0 2 3 0 1 -1 -13 
13 3 1 -2 -2 -2 -1 5 
-1 -1 3 -3 -2 -1 0 -6 
5 -15 -11 -4 -4 -2 -1 6 
-8 -6 -2 -5 -3 -2 -3 5 
10 -5 -14 2 3 2 3 -5 
-9 -15 0 0 -2 -2 -1 -13 
2 7 12 1 1 2 -1 -1 
0 -11 -19 -6 -4 -4 -2 3 
17 16 5 1 -2 0 0 11 
9 13 -2 -4 -4 -4 -7 -19 
-10 -24 -8 5 8 8 6 -10 
-18 -9 -2 2 1 -1 -2 -7 
49 4 -1 -1 -1 0 1 28 
-47 -18 -2 -2 1 -3 -3 -12 
0 9 16 -5 -6 -6 -1 2 
12 -2 -10 -3 -3 0 -1 -11 
-7 -5 13 3 0 0 -3 -10 
9 -1 2 2 0 1 2 8 
-5 -5 2 0 0 -1 -3 -6 
-4 -5 -16 -5 -1 -1 0 7 
-14 7 -11 -4 -1 -2 -1 -3 
0 1 -5 -2 -3 -3 -2 -10 
-1 0 6 -1 -2 -2 -3 2 
5 -8 -2 1 1 1 1 6 
-13 2 3 -4 -2 -2 -2 -8 
10 12 -1 1 2 0 0 13 
-8 -9 -1 1 -2 -3 -2 -10 
-1 16 18 -3 -4 -3 -2 2 
-1 -19 -5 -7 -3 0 0 22 
-9 -12 -6 1 3 1 -1 -27 
8 4 -5 -5 -4 -4 -3 -1 
-12 -5 2 -1 -3 -2 0 -7 
-4 -7 3 -1 -3 -5 -3 3 
15 8 0 -5 -5 -1 1 17 
-8 0 -12 -4 -3 1 -3 -12 
32 0 0 3 1 -2 1 3 
-30 -20 -3 -3 -2 -4 -5 -20 
3 4 9 1 1 2 3 16 
-5 7 -8 -2 -1 -3 -3 -14 
-2 7 7 -1 -2 -1 -1 8 
3 11 7 2 -2 -2 -2 -5 
-7 -4 -5 1 3 0 -2 -9 
-4 -6 -3 -3 -4 -3 -1 3 
7 -6 -13 -2 -1 -2 -3 6 
50 2 -18 -5 0 -4 0 2 
-27 -20 -14 -7 -5 -4 -6 2 
8 13 8 1 -3 -1 1 0 
-20 5 -1 0 0 -1 0 -10 
5 -5 -17 -5 -2 -3 -2 -1 
17 -12 3 -3 -3 -2 1 7 
-11 -2 -9 -5 2 0 -3 -3 
-5 -3 15 1 -1 -3 -2 2 
-4 -1 1 0 -3 -2 -2 -5 
16 6 -1 -1 -2 -1 1 2 
-14 -2 5 -1 -1 0 0 8 
-18 -7 -7 0 0 1 1 -14 
-9 6 6 0 -1 0 -2 -17 
-6 -1 -11 -5 -4 -2 -3 5 
14 -3 -5 2 0 -2 0 3 
-7 -17 5 -2 -1 4 3 16 
-10 -3 0 0 1 1 -1 -2 
-8 7 5 4 0 0 -1 5 
21 0 -9 -1 1 0 2 -18 
-11 4 -6 -1 -2 -4 -5 -7 
-7 -5 -17 -4 -5 -4 -3 -3 
9 -14 2 2 4 2 3 3 
0 7 7 1 1 -1 -2 4 
4 -5 -15 -5 -1 -2 -4 -13 
5 -1 10 -1 -2 -1 1 -2 
-2 -1 -14 -4 -4 -5 -3 -1 
-5 -10 -17 -6 -7 -3 -3 3 
7 2 3 4 5 5 2 0 
-15 7 2 1 -2 -1 -2 8 
1 2 -2 1 -1 1 0 -9 
-13 -6 2 -5 -2 -3 -2 5 
13 6 8 1 -4 -6 -4 -4 
-9 -4 -2 3 2 2 0 -3 
-5 4 2 0 1 1 0 0 
17 -2 -7 -4 -4 -2 -1 0 
1 -7 -4 -1 2 5 2 22 
-9 -5 12 -1 0 -1 -2 -24 
53 9 5 3 1 2 3 16 
-12 -1 -12 0 -1 -2 -5 -22 
-1 1 15 2 0 0 0 0 
-2 -9 -10 -3 -3 -1 1 22 
-3 6 8 0 3 4 2 -19 
0 2 9 1 1 1 3 3 
-5 -4 -14 -2 -3 -3 -4 -15 
3 2 1 0 -1 -2 -2 6 
-6 2 -5 -4 -3 -5 -5 -1 
4 -3 3 3 0 -2 -1 7 
-17 12 12 -1 -2 0 0 0 
-2 6 3 0 1 1 1 -7 
10 4 1 1 -4 -4 -1 38 
-13 -14 -12 -4 -4 -2 -2 -30 
23 -5 -8 -1 1 -1 1 10 
-9 -7 1 -3 -4 -2 -2 -7 
31 3 6 -1 0 0 1 5 
-21 0 13 4 1 0 1 11 
-3 -3 -17 -4 -4 -3 -1 1 
-10 -2 -15 -3 -1 -1 0 12 
-25 -14 4 -3 -2 -2 -5 -21 
9 5 -1 -5 -5 0 -1 6 
0 -3 -5 -3 0 -2 -1 -2 
-13 -4 4 0 2 -1 -2 -10 
-4 7 -6 -5 -6 -6 -7 -30 
