#EMG
#4
#ID:4-61
0 -6 2 0 -2 -2 -3 14 
-13 0 4 2 0 0 -2 -12 
10 2 1 -5 -4 -4 -5 4 
-2 5 -1 -4 0 -1 0 1 
-7 -3 1 -1 -5 -4 -2 -22 
-9 0 6 1 0 -1 0 5 
-13 0 -2 -3 -5 -2 0 2 
11 -5 1 -1 -1 -2 -3 3 
2 -1 -3 -2 0 -1 0 1 
-16 -7 -10 -1 1 1 0 1 
13 1 2 -1 -3 -4 -5 -2 
29 -1 -5 0 -1 0 1 30 
-22 -7 6 3 1 -1 -2 -34 
-22 -7 -15 -3 -3 0 -2 -12 
21 -5 -4 -5 -1 0 -2 -3 
4 0 9 4 -2 0 -1 -2 
4 2 -10 -2 -1 -1 -2 29 
4 1 -11 0 0 2 1 -3 
-14 2 1 -1 -2 -2 -4 -27 
-6 -5 2 -3 -1 -1 -2 -8 
4 -1 -5 -3 -2 2 0 3 
5 1 7 2 -1 -1 -1 7 
-9 2 -3 -1 0 -1 1 7 
-15 -6 -6 -4 -4 -5 -4 -11 
-1 10 9 5 3 4 4 -2 
0 -8 -21 -8 -3 -2 0 13 
-5 -3 1 0 -3 -2 -1 -19 
-10 -1 4 1 0 -1 -2 -9 
12 0 9 -1 -2 -3 -2 0 
2 1 -7 -1 -1 -1 -4 -5 
-12 -6 7 0 1 3 2 3 
-9 -2 -5 -5 -3 -1 -1 0 
-7 -6 -9 -4 0 -1 1 -9 
20 5 13 0 -3 -3 -3 11 
-23 9 9 4 2 1 2 -20 
26 -11 -11 -3 -6 -6 -6 21 
-9 0 7 0 0 0 -1 -5 
15 -2 7 -1 0 0 0 5 
4 0 -4 -6 -5 -2 -1 1 
-7 5 5 2 1 2 3 2 
7 -7 -9 0 -2 -4 -4 8 
-13 -3 0 -1 1 0 -1 -3 
5 -3 -5 0 0 -3 -1 10 
1 4 1 -2 -1 1 1 0 
-5 -1 2 1 0 0 1 -2 
-5 0 -6 -1 -1 -2 -2 -10 
-4 -4 -16 -6 -5 -2 0 1 
2 4 -4 -3 -1 1 -1 16 
-21 -6 -5 0 -2 -2 -5 -25 
-5 4 15 5 2 1 4 2 
-18 -6 -3 -3 0 -4 -3 -12 
2 -7 1 0 1 -4 -4 -18 
5 -3 -13 -6 -4 -1 -1 11 
4 -5 -3 -1 -1 -2 -1 0 
-7 2 -1 -2 -1 1 0 11 
-11 0 1 2 2 1 3 -7 
18 -4 0 -4 -5 -4 -7 -9 
-7 1 1 0 -1 -3 -3 -9 
10 -2 0 -2 1 1 1 21 
-19 3 0 1 -2 -2 -3 -16 
14 1 -5 0 3 1 3 12 
-2 -9 -17 -8 -4 -4 -2 1 
7 3 8 1 -1 -2 -2 4 
-1 1 -2 0 -1 -1 -1 -1 
-4 2 -2 -2 -3 -2 -2 -1 
0 0 10 1 -1 0 -1 -2 
17 -1 0 1 -1 1 1 23 
-5 0 -2 -1 -1 1 -4 -21 
-28 -9 -5 -1 -1 -3 -3 -3 
-1 -8 6 4 3 3 3 9 
-6 -7 0 -1 -1 -1 -1 -2 
20 -11 -15 -5 -7 -6 -7 -22 
-5 1 3 -3 0 2 2 4 
0 -2 0 0 3 1 1 12 
-9 -2 0 1 -2 -5 -2 -8 
-2 -1 0 0 2 3 5 3 
-7 -3 -3 3 -1 -4 -6 -22 
5 6 -4 -3 -2 -2 -4 -5 
-7 0 3 1 1 0 0 -4 
-5 -1 3 -2 -3 -3 -3 4 
13 -5 -12 -3 -3 -1 0 13 
-15 9 5 2 0 0 2 -7 
4 -15 -13 -2 -3 -3 -7 -20 
-19 -6 -2 -3 -1 -3 -2 9 
13 1 4 0 0 -2 -1 27 
-6 0 4 0 -3 -2 -2 -23 
-1 1 4 1 2 -1 0 0 
-10 -1 0 -2 -1 -1 1 -8 
-2 -5 -5 -1 -2 -1 1 0 
5 -3 -9 -2 -4 -2 -4 7 
11 5 1 2 1 2 0 14 
6 -5 2 1 -2 -5 -4 -6 
-6 1 -11 -4 -1 -1 -1 -3 
10 -3 1 0 -1 0 3 5 
-12 -1 1 -1 -3 1 0 -1 
2 2 -7 -1 1 -2 -2 -1 
17 3 1 -2 -3 -3 -4 -3 
7 -6 -2 1 1 1 1 17 
1 -6 2 -2 -2 -3 -4 -1 
-26 0 -2 -2 -3 -3 -1 -35 
11 6 10 1 1 0 -1 2 
-6 -5 -21 -4 -5 -3 1 -22 
0 7 5 0 0 0 -2 8 
14 7 45 7 3 3 -2 24 
-6 -10 -51 -8 -6 -4 -4 -1 
-15 -3 12 -2 -1 0 1 -8 
12 -8 22 -6 -4 -1 1 -2 
-8 -17 -39 -4 -4 -2 -1 -7 
-6 4 15 1 -1 0 2 -3 
-9 -6 -1 1 -1 -4 -11 -1 
-2 9 4 0 -2 -3 6 -7 
11 20 7 -2 -2 -3 -2 10 
-6 1 4 -4 -1 2 6 -3 
2 2 -2 -3 -5 -1 -8 -12 
8 3 3 7 3 2 6 14 
3 -2 -33 -4 0 -1 -7 16 
-8 -11 -3 0 -2 -7 -9 -46 
0 7 10 -3 -1 2 8 7 
-14 12 6 -3 -1 -1 2 -2 
11 -10 13 -1 -2 -1 -3 -10 
0 2 6 0 0 2 8 11 
7 -1 -11 0 1 -2 -9 -4 
-12 -10 0 1 -2 -1 6 1 
-2 7 -15 -3 -2 -3 -16 0 
-1 1 1 -1 -1 0 4 7 
-2 -1 4 -1 -1 -1 2 4 
33 -4 -23 -3 0 -4 -9 -5 
-29 -8 14 2 0 4 18 -1 
-7 -8 -12 -4 -2 -5 -9 -4 
0 7 12 3 1 1 1 23 
-9 -19 -28 -7 -6 -5 -8 -15 
28 -5 1 1 2 4 7 19 
-4 -12 -16 -1 -2 -2 -8 -5 
6 6 -13 0 -3 -1 3 6 
-19 9 -1 0 -1 -1 -6 -15 
-10 -5 15 -2 -2 -1 2 5 
4 15 0 1 0 1 -1 -12 
3 -21 -17 -2 -2 1 0 -14 
0 1 -4 -1 -2 -3 -6 17 
-6 -4 -3 3 2 3 -1 -8 
-4 -8 14 1 0 0 6 1 
-4 4 9 0 -3 -5 -9 -18 
-6 16 20 -1 0 2 6 -10 
-2 27 25 3 2 0 -5 17 
-2 -11 -33 -3 -1 -5 -6 2 
-6 12 -13 -4 2 2 3 1 
-14 -29 -65 -17 -8 -4 -7 -7 
-2 7 11 3 1 -1 3 -12 
10 7 31 7 2 0 2 6 
4 31 31 -2 -2 -5 -8 6 
9 7 -26 -3 -4 -4 -3 0 
-6 29 57 2 -2 -2 1 -5 
5 3 -21 -6 -6 0 -2 17 
0 -19 -52 -3 -5 -4 3 -2 
-11 -8 8 -12 0 0 2 -31 
-3 -30 -45 -2 -10 -12 -23 -3 
-10 30 15 -9 -10 0 14 0 
-10 -74 -4 -2 2 -1 4 -3 
10 35 47 -1 0 -2 -1 6 
-1 -19 -18 14 10 10 16 11 
-6 9 -33 -29 -10 -8 -11 -3 
-2 -2 12 1 -7 -4 2 0 
9 10 48 15 5 1 0 12 
12 2 -31 -11 -3 -6 -8 7 
24 -9 16 10 2 0 -2 2 
-30 -5 27 4 6 4 8 -2 
12 -6 -16 -10 -2 -2 -1 48 
2 9 10 8 -2 -3 -5 -58 
-1 -20 -9 1 8 4 6 6 
7 -3 -17 -11 -6 -6 -14 -6 
-10 -5 -4 11 3 3 10 14 
-17 -14 -24 -15 -6 -6 -8 -13 
23 -1 -4 2 -1 -4 -4 3 
-28 28 30 15 7 7 3 -42 
-19 -4 -5 5 1 4 0 -23 
19 -5 -13 3 -1 -4 4 10 
-12 10 19 6 4 0 -4 -1 
32 -6 -42 -20 -7 -5 9 77 
36 25 46 20 4 1 -6 -57 
-90 -22 1 -10 -5 -2 -2 -34 
-19 -8 -47 -32 -22 -8 -3 13 
13 9 12 10 7 1 -2 4 
1 -15 -21 -16 -1 2 0 10 
2 6 28 20 8 1 4 16 
-31 4 17 9 4 -4 -9 -41 
-13 -9 -37 -14 -9 -4 -4 -17 
-20 -14 -17 -10 -10 -6 -6 1 
20 24 13 -1 6 8 6 8 
1 1 18 17 8 5 1 13 
18 -2 10 10 2 -2 -5 -2 
-8 1 7 9 7 -1 -1 10 
19 -15 -21 -16 -9 -4 2 30 
-4 6 32 -5 -1 1 1 -11 
-17 -17 -49 -20 -10 -5 -5 -2 
17 4 12 0 -4 -1 -5 -1 
-10 -3 18 6 2 3 6 -11 
11 -2 2 5 5 1 -2 -4 
-18 3 44 12 2 1 -1 -2 
-9 -5 4 6 -1 -5 -5 0 
-17 -22 -51 -33 -14 -10 -7 15 
-11 17 65 32 11 4 4 -25 
15 4 -17 -24 -7 -3 -3 8 
-11 -7 -27 16 3 0 0 -9 
35 9 -13 -15 1 2 2 23 
-13 -11 12 5 -7 -2 0 15 
-9 8 -14 -11 0 -3 -7 -31 
-7 1 0 3 1 -1 -3 2 
15 5 28 11 4 2 1 -8 
-2 -27 -41 -8 -8 -6 -7 18 
19 10 -3 1 0 -1 -4 -16 
-6 -3 4 -6 -3 -1 -3 -6 
-4 -4 -5 2 1 1 0 5 
-31 4 -19 -12 -2 -4 -2 -21 
-5 -4 18 13 2 0 -2 -35 
11 -3 22 6 0 -1 -1 10 
-19 -11 -34 -19 -6 -1 -2 -2 
33 -2 17 3 -1 1 0 -8 
-24 -9 -26 -21 -7 -4 -3 23 
-21 8 -21 -12 -4 0 6 3 
14 8 23 7 1 -1 -1 -6 
18 0 6 4 0 -3 -11 -6 
-6 4 25 20 8 3 4 -5 
40 -13 -30 -16 -7 -5 -5 20 
-18 7 20 1 -3 -3 -3 -7 
-10 -9 -13 -8 -2 -3 -4 -7 
-24 -9 -12 -5 -3 0 0 18 
4 -5 -10 -3 -1 -2 -4 -18 
12 -14 -15 -3 -3 -5 -2 -4 
1 8 4 5 4 5 3 13 
17 -3 3 2 -1 -4 -7 -3 
-18 -15 4 2 3 6 6 7 
0 12 12 4 2 0 0 1 
-1 7 14 2 2 -1 4 1 
11 8 -20 -12 -6 -3 -1 5 
6 -10 -15 -7 -3 0 -2 4 
-2 -17 -16 0 -3 -2 -4 -9 
-2 2 9 5 3 1 -5 4 
-9 7 3 8 1 1 1 0 
3 7 -9 -3 -1 0 7 14 
-11 14 9 1 -3 -3 -6 -57 
-1 3 -6 -8 -3 3 7 9 
25 -14 1 3 2 -1 -9 4 
-19 -11 -7 3 3 1 -3 -6 
16 6 6 3 0 1 6 12 
9 29 -18 -6 -3 0 1 20 
-6 8 17 3 1 0 1 -34 
-2 -4 -5 -6 -6 -7 -3 1 
4 -3 4 7 7 5 -5 11 
7 -8 1 -4 -3 -2 5 1 
13 -1 9 -3 -7 -3 -3 11 
7 12 27 1 -2 -2 5 4 
5 18 -23 -5 -5 -5 -16 24 
-16 -17 -9 -4 -2 -1 -4 -10 
17 28 2 6 3 3 8 17 
-7 -10 -23 -8 -2 2 5 -16 
9 2 4 0 -1 0 8 24 
-14 -8 -3 -3 0 1 -4 -15 
1 -15 17 6 1 -2 12 -12 
-14 17 6 0 -2 -3 -10 -16 
-4 -2 -15 -7 -4 -2 8 1 
3 -14 -19 -3 -3 -10 -27 -3 
0 12 35 1 -3 4 8 -11 
-19 -16 -9 -4 -2 -3 -11 -11 
2 -12 -27 3 -3 -5 -3 -28 
-7 27 67 5 2 2 14 -8 
11 7 -23 -6 -4 -8 -36 16 
-4 -31 -1 -1 2 7 47 28 
-6 10 13 0 -3 -4 -18 0 
-3 -2 17 2 2 -1 0 -22 
-7 6 -23 -7 -3 -5 1 14 
-1 27 43 5 1 1 -17 -8 
-12 -19 -17 -2 1 2 1 -4 
6 -22 -24 -2 -1 4 11 21 
32 -36 -6 2 0 -5 -3 -4 
-22 40 1 10 4 -2 -22 -30 
-22 -43 -42 -19 -11 -7 18 15 
6 -10 -4 -3 3 0 -6 -5 
-15 -13 -9 1 -5 1 1 33 
40 -5 17 -1 -5 -4 -2 -3 
45 54 57 16 8 6 -4 10 
-18 -13 -37 -9 -7 -9 -7 -22 
-21 -14 51 6 3 0 2 -12 
-3 -22 -42 -17 -5 -2 2 18 
-2 30 15 -3 1 1 1 17 
-24 -13 -51 -7 -2 0 4 5 
6 41 53 13 5 3 -2 1 
-7 1 -12 -4 -3 -10 -12 -2 
-8 -34 -19 -1 3 5 8 -25 
13 35 24 -3 -6 -3 0 18 
-14 6 -36 -7 -3 -3 -4 4 
12 4 27 14 2 0 -6 3 
-13 -3 -4 -12 -4 -5 -3 -16 
1 2 19 8 2 4 2 5 
-18 -11 6 -6 -3 -4 -1 -14 
17 3 14 -1 -1 -4 -4 4 
9 -14 -15 6 3 0 0 5 
6 -23 -50 -16 -15 -6 -14 1 
-25 -2 -5 -4 1 4 12 19 
-17 -15 1 -2 -1 -1 -1 -26 
16 3 48 26 9 3 0 -2 
-17 -19 -36 -20 -7 -7 -10 4 
8 1 -17 3 -1 1 -2 -18 
8 -7 -5 5 -6 -8 -5 21 
-4 -27 -31 -21 -10 -9 -11 -8 
14 17 35 0 3 1 6 3 
0 -11 -36 -12 -10 -3 -1 2 
-12 -2 0 4 -1 3 3 -7 
-14 10 4 9 2 2 0 -8 
24 -2 -5 5 4 -2 -3 6 
12 -2 24 -1 -1 -2 -1 -6 
-47 -5 -7 11 5 3 6 1 
15 16 29 -1 -2 0 -4 -24 
-4 -16 -31 -11 -3 -1 5 9 
-10 -49 -31 -16 -9 -5 -6 -5 
8 2 -25 -13 -5 -4 -5 -26 
-11 -15 9 5 2 0 0 17 
-6 26 35 25 10 5 6 14 
10 19 10 2 3 1 1 -7 
7 -17 -18 -12 -6 -1 1 18 
-8 -3 -12 -3 -4 -3 -1 -4 
9 -14 9 2 -1 -2 -3 5 
-2 16 7 1 2 1 0 -17 
4 34 7 -3 1 3 1 6 
19 8 0 -2 -2 -3 -1 12 
-12 -2 -8 -6 -6 -1 1 -15 
9 3 11 5 1 2 0 4 
8 -8 0 0 0 0 1 3 
-3 -21 -27 -12 -5 -3 -5 -2 
-2 -8 -2 -2 -3 -3 -2 -7 
6 9 9 10 6 0 0 -4 
-2 -20 -33 -9 -4 -2 0 -6 
-7 -14 -10 -10 -5 -1 0 9 
-21 -5 3 0 -2 -3 -3 -14 
5 0 -9 1 1 0 -4 -17 
1 -2 -3 -4 2 0 -1 -2 
-4 4 11 -1 -2 -3 -1 1 
-2 -6 5 1 1 3 0 -6 
-9 -7 -9 -4 -2 -2 0 9 
3 8 6 1 0 0 0 1 
-9 1 9 4 2 1 -2 -9 
5 -4 -8 -6 -6 -4 -4 -4 
-5 0 -24 -6 -1 -1 0 23 
-4 -13 5 -4 -4 -4 -4 -34 
-3 12 10 2 2 0 2 0 
3 6 10 0 3 4 1 8 
1 -7 -4 -1 0 1 1 7 
4 6 10 1 0 -1 0 8 
1 1 -3 0 0 -2 -1 -4 
-2 0 -3 0 1 -4 -1 -7 
18 -3 -1 -3 -5 -2 0 15 
-2 -14 2 3 1 -2 -2 -1 
-1 13 -9 -1 -1 2 3 -5 
9 5 -5 0 -4 -5 -5 -4 
-8 -4 -5 -2 -1 0 0 -11 
-2 4 -5 -2 -3 -2 -1 -2 
0 2 17 0 2 0 1 10 
-1 -2 -19 -3 -5 -5 -4 -7 
0 -4 -2 0 -1 -2 -3 2 
1 2 10 -1 -1 -1 0 3 
-12 -8 -3 -4 -3 -3 -4 -13 
3 2 3 1 -1 -2 0 -1 
-15 -7 9 4 2 0 1 -3 
-3 -1 -6 -1 -1 -1 1 6 
-2 -8 -1 -1 -2 -2 -3 -4 
15 0 -22 -3 0 -4 -1 8 
-17 -10 -7 -2 0 4 1 -12 
4 -3 -8 -6 -3 -3 -5 -10 
0 -4 0 0 -3 -1 -2 -10 
-10 30 23 0 0 0 1 19 
2 8 -3 0 -1 -1 0 -19 
13 4 -8 -3 -3 0 0 6 
-40 -16 -7 -6 -6 -4 0 -5 
-8 -6 -3 -1 0 1 -2 -25 
-11 5 -5 -5 -3 -1 0 -1 
-5 6 11 4 2 1 0 8 
11 4 1 -1 -2 -3 -1 0 
0 4 6 0 -3 0 1 0 
0 0 3 -1 -5 -7 -7 1 
2 -11 -5 2 2 4 4 4 
11 -11 -17 -6 -1 0 0 13 
-8 -6 0 -2 2 0 -1 -10 
7 8 4 2 -1 -1 0 3 
-1 2 4 -1 -5 -3 -3 -3 
7 5 2 1 -1 -2 -1 5 
-2 -19 -1 -2 -2 -1 -3 -6 
2 5 10 1 1 -1 -1 16 
-15 -8 -15 -4 -1 -2 -2 -9 
2 4 2 -1 1 -2 -3 -8 
5 0 -7 -3 -2 -2 -2 5 
9 -5 -2 -1 -1 0 0 11 
-26 -2 5 -2 -2 -4 -6 -26 
-9 -1 -6 0 -2 2 -2 -8 
7 -8 -4 0 -1 0 1 15 
-16 3 0 -5 -4 -3 -3 -18 
13 -6 -7 -4 -3 -2 0 9 
2 -17 -21 -5 -3 -5 -5 2 
-6 6 6 -1 1 2 2 -2 
-2 0 -4 -1 -1 -1 -1 -2 
5 7 15 -1 -3 -3 -2 3 
6 -8 -10 -2 0 1 1 -2 
5 21 -3 -1 -1 -3 -3 -3 
-12 -13 -6 -2 0 1 1 -7 
17 0 -8 -3 0 -3 -1 8 
9 2 13 0 -1 -1 0 15 
-7 -9 -4 -1 -4 -7 -5 -6 
-10 -1 -9 3 1 -1 -3 -13 
-6 -2 -8 3 2 1 1 2 
-3 2 1 -1 1 -2 1 1 
-7 -9 -17 -3 -3 -1 1 7 
16 1 9 -1 0 -2 -2 2 
-11 -11 -15 -5 -2 0 0 -7 
30 7 23 9 5 3 4 23 
-21 -7 4 -2 -2 -2 -5 -19 
2 -3 -19 -4 -3 -1 1 19 
-3 5 4 -2 -4 -3 -5 -24 
11 1 3 -1 -4 -2 -2 7 
1 -3 -3 -2 0 -2 -1 -12 
8 -14 -11 -2 -1 -5 -4 1 
6 3 4 -1 2 2 4 22 
-15 8 7 -1 -2 -1 -3 -10 
-1 -18 5 3 2 3 0 -12 
-11 2 -12 -8 -6 -5 -4 -6 
-1 -10 -5 0 1 -2 -1 8 
-11 -4 -5 -3 0 0 0 -2 
16 1 -4 -1 -2 0 -1 8 
-7 0 16 1 1 1 0 -19 
3 -4 10 0 -3 0 1 10 
-11 -7 -14 -3 -1 -2 -3 -11 
-2 -3 9 1 0 0 1 17 
0 -1 4 2 0 0 -1 -11 
-4 6 -4 -2 -3 -2 -1 -5 
-9 -4 3 1 -2 -2 -4 -14 
7 4 1 0 -4 -2 -3 1 
-1 -4 -20 0 2 3 1 8 
-3 3 11 -1 0 -3 -2 -12 
0 3 -7 -5 -3 -3 0 0 
-31 -8 -2 1 -2 -3 -4 -13 
2 10 3 0 -2 -2 -1 1 
-1 11 -3 -2 -1 -2 -2 -1 
-1 11 17 -1 -1 -2 -1 -4 
-6 -15 -38 -9 0 1 -1 -7 
2 -3 0 -3 -2 -3 -2 6 
3 -2 2 2 0 3 4 49 
10 -8 5 -1 -2 -4 -6 -24 
-1 5 11 2 2 2 1 10 
-5 9 1 -2 -4 -3 -4 -24 
-9 -20 1 6 7 5 3 13 
-5 2 -21 -5 -5 -1 -1 -21 
8 -5 -6 -4 -3 -3 -2 11 
0 1 18 2 -1 -2 -1 7 
-3 4 -22 -6 -4 -6 -5 -15 
-6 -21 -7 1 1 -1 1 9 
-1 13 3 3 0 -2 0 -15 
3 -8 -6 1 1 1 0 4 
-6 9 0 1 -1 -2 -2 -18 
0 -14 -13 -3 0 1 0 11 
6 -15 11 -2 -2 -1 0 5 
-1 -3 1 -1 -2 -1 0 3 
4 -2 12 -1 -4 0 -3 -4 
0 8 -14 2 0 0 -1 5 
4 6 6 2 3 4 3 0 
-8 -4 -4 -2 -2 -1 -1 -2 
6 -4 3 -3 -2 -4 -3 -4 
-12 4 1 -2 -1 -2 -3 -9 
13 0 -5 -5 -6 -2 1 18 
-1 -3 -6 -1 -1 -1 -3 -16 
0 -6 -20 -5 -4 -6 -3 -4 
-3 5 -4 -5 -5 -3 -1 12 
-11 -7 8 4 1 3 -1 -5 
11 0 9 -2 0 -1 -1 9 
-5 -5 1 -4 -3 1 0 -3 
1 11 14 2 -1 1 1 5 
4 5 -6 -7 -3 -4 -3 -3 
2 4 2 -1 -4 -3 -2 4 
-7 -8 2 -3 -1 -1 -2 -11 
-2 -4 -6 -5 -3 -1 0 2 
2 -1 -1 -2 -2 -2 -1 -4 
0 4 7 2 2 1 -1 -2 
-5 -12 -23 -9 -7 -4 -3 -2 
-3 -14 3 0 0 1 1 -15 
-1 2 -4 0 -2 -1 -2 -4 
-2 3 1 0 -2 0 0 4 
14 3 4 0 -1 -2 -3 -5 
-1 2 -4 -3 -3 0 -2 3 
10 5 0 -3 0 1 0 9 
-20 -33 -1 7 5 4 3 -24 
5 3 -16 -4 -2 0 -1 0 
-1 3 7 0 1 1 -1 -3 
6 6 1 -3 -1 -1 1 16 
-3 -1 -5 -6 -4 -5 -2 -10 
18 5 9 3 0 0 2 9 
-16 0 1 0 -1 -2 -3 -11 
-2 -16 -8 -5 -2 1 2 7 
-6 5 -4 -6 -4 -5 -7 -17 
2 11 24 3 0 2 1 2 
1 3 8 -1 -1 -1 1 3 
10 17 8 2 0 -1 -2 10 
-10 -1 -16 -7 -4 -4 -3 -10 
-11 -9 16 6 4 1 -1 -2 
-10 -5 2 2 1 1 -1 -2 
-13 -9 -10 -2 -1 -3 -1 -19 
10 2 3 -1 2 2 0 17 
0 -5 -6 2 4 1 0 6 
-4 3 19 -1 2 1 1 -11 
-40 -18 -4 4 4 -1 -1 -20 
21 3 -6 -6 -5 -5 -3 17 
-10 3 0 -1 -2 -3 0 -10 
14 -18 -11 -4 -3 -5 -3 7 
1 42 15 2 -2 0 -2 -11 
-1 -2 5 2 -2 1 2 5 
-22 -3 8 0 -1 1 -2 -16 
3 0 -14 -2 -3 -2 3 15 
1 -4 3 -3 -4 -3 -6 -12 
-3 4 -6 -3 -2 -3 1 7 
-3 -2 -7 0 4 3 0 3 
-6 6 -4 -1 -1 -1 -1 -9 
12 -11 -16 -4 -3 -3 -2 9 
-14 -2 -7 -1 1 1 0 -5 
-3 1 -3 -1 -2 -1 0 -2 
8 23 7 2 -3 -1 0 9 
-2 -21 -20 -5 -3 -3 -2 -11 
-6 -6 8 4 3 3 1 3 
22 -4 -24 -8 -4 -4 0 1 
-12 -3 -8 -3 0 -3 -3 -14 
6 10 5 2 -1 -2 -2 9 
2 -10 1 0 0 2 2 14 
-8 1 4 -1 -1 -2 -5 -28 
5 -1 3 1 1 2 2 7 
3 -13 2 -1 -2 -2 -4 5 
2 4 4 1 1 -2 -2 -4 
2 2 -1 2 0 -4 -2 4 
0 -10 -17 -3 -2 0 -2 1 
-5 -10 -11 -5 -4 -2 1 0 
9 -1 -5 -4 -5 -3 -3 8 
-15 -4 -3 -2 1 0 0 5 
-7 -5 3 0 0 -2 -2 -11 
7 2 7 2 -1 -3 -3 2 
2 8 4 -2 0 -1 -2 4 
-12 0 6 1 3 2 1 0 
5 -22 -18 -3 -2 -3 -3 -2 
2 7 -3 2 3 -2 -1 -2 
-4 2 -14 -5 -8 -5 -3 -5 
4 7 -4 -1 -5 -3 -5 -1 
-7 2 -2 -2 -1 -1 0 11 
28 9 23 5 3 3 3 3 
-9 -21 4 -1 -2 -4 -3 -18 
1 -4 1 -6 -5 -3 -2 -1 
8 8 4 0 0 -1 -1 8 
-5 5 0 1 1 2 -1 -3 
-6 -4 4 1 0 1 2 4 
10 -6 -4 -5 -7 -3 -3 11 
-1 -1 -4 -4 -2 0 -3 -26 
-22 -6 -1 0 1 0 0 -7 
-6 20 6 -1 1 0 2 -3 
4 -7 -12 -2 1 0 -1 -1 
-8 3 4 -3 1 -3 -4 -2 
-1 3 2 3 3 1 2 5 
4 -5 -14 -4 -1 -1 -2 15 
-4 7 11 2 0 0 1 -18 
15 -2 -8 -5 -4 -1 0 25 
-14 -4 3 -2 -3 -2 -5 -34 
1 3 1 0 0 -1 1 4 
5 0 3 -3 -3 -2 -3 1 
-8 3 -3 -2 -1 -1 -3 -4 
-9 -5 -10 -4 -2 -2 -1 5 
-2 9 15 -3 -2 -2 -1 -6 
-9 2 -6 2 1 1 -1 -4 
3 -1 2 -2 -4 -3 1 8 
-15 -4 1 -2 -3 -2 -3 -11 
16 1 1 1 0 0 2 1 
-6 1 -9 -3 -1 -2 0 0 
-4 -9 -7 -2 -1 -2 -3 -6 
6 -4 -5 -2 0 -1 -1 -6 
-8 -2 2 4 1 0 -1 -3 
-2 -1 -3 -5 -3 -2 0 0 
-2 -1 -2 0 0 -3 -1 -7 
0 1 -5 -2 -2 0 -1 0 
7 -2 8 1 -1 2 2 18 
7 1 17 2 0 3 1 -6 
-15 -8 -5 -6 -4 -6 -1 -16 
8 -6 -2 -3 -3 -5 -3 1 
-6 -3 -19 -4 -1 -2 1 0 
-1 0 0 1 -1 -3 -1 7 
1 6 16 5 2 4 2 7 
2 11 -6 -3 -5 -2 -5 -4 
-22 -29 -8 -2 2 4 1 -15 
-3 -8 3 -1 1 -3 -1 1 
-8 -1 7 -2 -3 -1 -2 -8 
-4 1 8 -3 -1 0 0 10 
4 12 0 0 -2 -3 -4 -5 
6 11 9 2 2 -1 -2 18 
5 -36 -12 -3 -2 -5 -5 -19 
11 -3 1 -1 1 -2 -1 7 
-2 -3 -10 -10 -6 -7 -5 -9 
-5 -3 -2 -4 -3 0 1 2 
5 28 -3 0 -2 0 1 22 
4 -2 -8 -3 -2 -2 -3 6 
0 6 -14 -5 -5 -4 -7 -27 
