#EMG
#6
#ID:6-14
-9 0 -1 1 2 2 1 3 
1 -8 -1 3 -2 -1 0 -16 
-2 -1 -6 -7 -3 -2 2 13 
6 -1 -11 -7 -6 -5 -7 -13 
13 5 15 6 2 2 2 4 
-48 -6 -25 -8 -4 -3 -2 -10 
10 -4 2 -2 -2 -2 -4 18 
4 -10 -32 -14 -5 0 -1 -7 
-10 -2 -3 -4 -1 -2 -3 -16 
18 5 15 10 3 2 1 1 
-25 3 14 8 5 3 4 -2 
2 -2 -9 -1 0 -4 -3 -2 
-8 -6 7 3 0 -2 -4 -5 
12 6 2 -11 -2 -2 -3 4 
-11 -7 -23 -5 -10 -4 0 1 
-10 11 13 5 2 2 0 -4 
-2 -1 1 5 -4 -2 -2 2 
19 3 9 -2 2 1 1 14 
-14 -4 1 -7 0 -1 -5 -16 
2 -4 -14 -4 -3 -5 -3 9 
3 -6 -10 -8 -1 -1 -1 12 
-20 -9 3 5 0 -2 -3 -33 
22 10 5 4 3 0 -1 10 
4 -6 -10 -3 0 1 0 0 
-13 2 0 -3 -2 -3 -1 -6 
24 -4 4 3 0 1 5 45 
-27 -8 -8 -7 -3 -2 -2 -12 
-2 4 14 4 -1 -3 -3 -35 
-8 -4 -4 -5 1 2 1 -3 
0 3 9 5 -3 -4 -2 2 
16 6 17 16 8 2 4 16 
-10 -1 -10 -15 -4 1 2 6 
-11 -4 -25 -3 -3 -3 -4 -6 
-4 0 18 10 3 -1 -3 -19 
-7 -4 -38 -21 -7 -5 -6 -1 
6 -8 0 6 -4 -5 -5 5 
7 7 -1 -2 1 0 1 2 
3 -6 10 2 -3 -2 -1 -1 
3 -2 -1 1 4 3 3 12 
-32 4 22 9 5 3 1 -27 
11 -3 -21 -6 -2 -3 -3 7 
4 2 -11 -10 -5 0 -2 5 
1 -7 7 -4 -2 -2 0 -18 
5 5 4 6 1 0 -2 10 
6 -3 -5 -10 -1 0 0 10 
-13 -2 2 3 1 1 0 -29 
11 -1 5 0 -3 -3 -2 0 
5 1 11 5 0 -2 -2 5 
-8 3 17 4 0 -2 -2 -24 
0 1 -18 -12 -6 -1 -1 14 
-1 -1 18 6 1 1 3 1 
1 -3 -14 -2 0 -2 -2 -4 
-3 -10 -5 -5 -11 -9 -8 -13 
-3 1 -14 -14 -4 -2 -1 0 
6 0 5 7 5 2 0 -6 
-2 3 10 1 -2 0 5 34 
0 1 3 1 -1 -2 -4 -21 
35 7 -16 -5 -3 -3 -3 0 
-31 -18 -21 -5 -6 -2 -1 10 
23 6 -5 -4 -3 -2 -2 8 
-5 0 14 5 1 5 3 -19 
22 11 11 14 1 -4 -4 5 
1 5 8 -10 -5 -2 1 0 
7 -10 -19 -11 -7 -4 -5 1 
12 10 -7 3 4 2 1 10 
-9 7 10 2 4 2 1 12 
-5 -10 -8 0 -3 -1 -3 -25 
-4 -7 -6 2 -2 -2 -2 -5 
19 9 48 -9 -4 -2 1 14 
-16 -22 -42 -5 -2 -4 -2 0 
11 10 -5 -3 -2 -4 -4 -3 
-6 -4 4 3 3 3 3 -5 
-5 2 -2 0 -2 -2 0 2 
-15 10 -1 -1 -3 -4 -6 -8 
30 0 29 6 -3 -1 0 -6 
-1 4 -16 -11 -2 -2 -3 3 
-13 -14 -28 -8 -5 -2 -2 0 
-7 1 0 -2 -2 -1 -1 2 
16 1 6 3 1 -1 1 36 
-1 1 15 0 1 -1 1 -52 
4 -7 -14 -1 -3 -3 -5 19 
4 -7 2 -1 -2 0 -2 0 
-17 6 1 2 1 -1 -4 -26 
26 -5 3 -1 0 2 5 37 
-14 -10 -7 1 0 -2 -6 -20 
11 5 14 0 -1 -1 -1 -13 
-8 -2 -26 -3 -2 -2 0 2 
16 4 -22 -10 -6 -4 -4 25 
-18 -22 -11 8 5 3 3 -30 
-3 13 7 -3 -3 -2 1 5 
-20 -10 4 -5 0 -1 -3 -11 
3 4 -5 -2 -4 -3 -7 6 
5 -5 -6 0 -2 0 2 14 
-9 -5 8 5 4 3 2 -7 
1 22 -6 -7 -7 -6 -6 1 
-24 -21 4 12 4 3 1 -10 
-5 0 6 -17 -8 -5 -3 -1 
-8 -10 1 0 -3 0 3 -5 
10 10 2 1 2 -1 0 30 
8 20 -13 2 -1 -1 0 -18 
-13 3 4 2 1 1 -2 12 
15 2 -2 -3 -4 -3 -2 2 
-5 -11 -5 -1 4 2 0 -16 
-12 5 9 6 5 6 8 -3 
53 -3 -2 -1 -1 0 2 35 
-10 -4 -17 -7 -5 -5 -6 7 
-8 -8 2 1 -2 0 -1 -5 
-13 -6 17 -4 -3 -3 -10 -7 
-19 15 -2 0 1 -1 -4 -10 
27 -3 0 2 1 2 2 5 
-50 0 -8 -4 -3 -3 -8 -51 
-1 -5 -8 -1 0 -3 3 17 
-22 0 -1 2 0 1 4 -22 
0 -7 -6 -1 -1 -2 -6 20 
11 12 9 -1 0 1 4 -18 
-26 -19 -11 -10 -5 -4 1 37 
-18 10 9 3 -2 -6 -19 -39 
-21 -16 1 2 2 4 -1 6 
-3 0 -20 -6 -3 -2 -1 4 
3 6 5 1 0 0 2 8 
0 4 -9 -5 -6 -3 -3 -21 
-8 -18 21 5 -2 -1 3 -12 
5 -4 -13 -12 -4 -3 -8 13 
3 -19 -10 -1 1 -2 -9 -29 
-10 13 7 -1 0 0 22 13 
7 -2 -23 -4 -1 -1 -15 -19 
6 -1 -12 7 2 3 4 21 
-12 5 26 -3 0 1 7 -19 
2 -12 -44 -3 0 0 -2 3 
-10 -12 14 3 1 0 -4 -6 
11 -5 8 1 -3 -5 -13 9 
-5 5 -2 -7 -4 -5 0 5 
13 7 13 6 3 2 0 21 
-8 -5 6 1 -3 -4 6 -7 
-9 -14 -16 -11 -6 -4 -4 3 
8 2 -4 -1 -3 -2 -19 -23 
-8 2 15 -4 -4 -1 1 12 
5 5 -16 -4 -5 -4 3 -11 
-10 -20 -11 4 2 4 6 14 
3 -1 -16 -6 -6 1 26 14 
8 -2 2 4 -2 -6 -17 -3 
0 19 15 6 5 2 -12 -5 
5 22 6 -8 -3 -3 0 -5 
6 8 -3 6 -3 -2 2 -3 
-10 3 -1 -11 3 3 3 -11 
-4 -10 -29 0 -3 0 11 13 
6 -2 33 10 2 0 -8 -3 
3 -4 -61 -6 -1 -6 -19 -5 
4 1 0 5 0 1 13 22 
9 24 58 -3 -4 -1 -5 -2 
-10 -17 -19 -4 0 0 15 14 
-6 -26 -21 -1 -2 -1 -11 -10 
1 -6 23 4 0 -4 -7 -7 
2 3 -1 -7 -1 -1 1 -1 
9 -13 -7 12 5 0 0 -8 
-3 -6 7 -13 -2 1 0 -2 
5 -4 5 -7 -4 -4 -3 10 
-6 11 -6 14 4 2 -2 -6 
8 0 24 -5 -1 0 -1 -1 
-8 -8 46 -10 -7 -3 3 -2 
1 -15 -34 -6 -3 0 0 -7 
-1 -5 -24 -5 -4 -4 -2 0 
-1 8 35 11 6 4 8 4 
-10 15 20 5 -2 -3 -4 -10 
-5 -18 -32 -7 -7 -2 2 -6 
0 -2 35 12 -1 -2 0 -4 
10 -11 -50 -3 2 -6 -9 -2 
-5 -22 -26 -21 -5 1 -8 -8 
-8 22 -15 3 -3 -1 10 7 
-8 -27 11 -7 -3 0 6 2 
-5 10 22 18 2 -2 -6 -37 
8 5 62 17 10 3 3 3 
-22 -52 -35 -30 -11 -6 -13 -6 
-4 -4 -25 -6 0 0 12 20 
6 22 33 33 6 -2 -7 1 
3 -16 -74 -33 -4 -2 2 -4 
22 -8 37 12 -5 -1 -1 3 
1 -13 -50 -39 -5 0 6 10 
-9 -12 13 5 -16 -4 -2 -5 
-16 36 16 4 11 2 -1 -20 
1 0 19 37 10 2 -1 -15 
13 5 -17 -18 3 1 -1 2 
-38 5 -5 -25 -10 -6 -9 -25 
33 8 28 35 6 2 4 43 
-1 20 -42 -44 -17 -8 -4 11 
-12 16 55 36 8 2 0 -18 
8 -6 -25 -15 1 1 5 25 
-6 4 31 9 0 0 -6 -9 
20 23 48 25 11 -1 -6 11 
-10 -55 -74 -44 -25 -17 -17 -18 
12 9 14 -10 1 3 -6 7 
-38 6 -9 11 2 -3 -4 22 
-5 4 31 11 4 2 1 -48 
7 3 -25 -7 -1 0 7 10 
7 -15 0 6 1 0 -2 -10 
-6 -10 23 12 -5 -3 5 -19 
-17 -23 -69 -39 -7 -3 -6 8 
-1 0 7 9 3 0 -10 4 
16 3 -2 10 0 -1 11 8 
11 13 0 0 1 -3 -10 4 
-34 19 60 29 14 7 12 4 
-2 3 -48 -27 -8 -1 -3 -13 
-4 -8 -3 -2 -6 -9 -32 -2 
-31 -2 -3 1 0 4 11 31 
3 -10 10 -4 -5 -6 -1 -52 
9 8 16 16 2 -3 0 12 
-57 6 -5 -8 0 4 24 -1 
38 -4 -22 -15 -9 -4 -4 6 
-10 0 7 8 2 3 -1 0 
2 6 6 17 0 -2 3 6 
19 6 -6 -26 -5 -3 6 7 
9 -1 -6 3 0 -3 -8 -25 
-11 -6 -1 6 6 4 2 16 
6 -4 8 -9 -2 1 -9 -11 
9 0 -26 -4 -1 -5 -16 -1 
19 -7 2 -1 0 -2 5 17 
3 -2 10 11 3 0 1 -1 
-41 -6 -19 -12 -5 -4 3 -22 
3 -9 15 -1 -3 2 13 21 
-7 6 -18 -8 -3 -1 -13 -26 
23 6 5 0 -2 -4 -15 13 
10 8 14 10 4 0 0 3 
13 -5 -11 -6 -4 -2 1 -7 
-39 2 2 10 2 2 1 8 
-12 -4 3 -14 -1 0 -7 6 
7 18 -24 2 2 -7 -12 -16 
-10 -23 -19 -6 -1 -1 -2 0 
18 7 5 -8 -1 0 6 6 
24 11 3 3 0 1 -5 4 
27 28 27 12 2 0 11 30 
-28 -26 -36 -5 -1 4 0 -22 
8 -1 -13 -11 -4 -5 6 -2 
15 -4 -20 -8 -3 2 35 6 
6 5 31 8 2 2 -3 -17 
7 -15 19 5 -1 -12 -39 -12 
-59 10 -44 -16 -10 -13 5 -17 
-18 -19 -11 -2 -2 3 6 12 
-20 -25 26 0 -1 2 -2 -4 
16 19 1 -1 -3 1 16 16 
26 25 12 3 1 1 -18 -16 
-1 -16 0 3 0 -4 0 15 
-19 19 -24 -2 1 7 7 1 
-3 8 27 -4 -2 -7 -8 -9 
16 -11 -38 -18 -8 -3 -5 2 
-7 9 30 -8 -5 -2 -7 -9 
5 -1 -3 14 3 3 -1 7 
12 -20 -5 -2 0 2 13 26 
-8 -49 -6 5 1 2 0 -26 
-10 -54 -99 -45 -19 -10 -10 -9 
1 -26 -2 10 1 -2 -4 7 
19 34 13 2 -1 1 1 -26 
-22 -9 28 19 7 5 10 31 
-15 16 12 -13 -4 1 -4 1 
7 1 3 -12 -3 -1 -6 -30 
7 24 -1 16 2 0 2 -19 
35 -8 29 6 -3 -4 -4 10 
-20 7 -35 -22 -10 -6 -6 -14 
-6 8 11 13 5 3 4 7 
-4 -3 13 -3 -1 3 7 15 
-49 -16 -15 -9 -2 -2 -3 -3 
-31 6 5 9 3 -2 -9 -40 
19 -2 10 3 -2 -3 -5 -14 
-7 0 5 4 1 -5 -6 -6 
3 -13 -14 -7 -2 -3 1 -6 
19 8 17 14 2 0 -1 28 
-12 4 23 1 3 3 3 6 
-10 -7 -10 -4 0 -1 3 -2 
9 13 3 -3 -1 0 -3 0 
-2 -1 23 13 5 0 -4 -5 
0 -8 -8 -7 -4 -6 -7 -2 
-6 -8 -10 -7 -1 2 7 21 
4 -6 -2 -4 -2 -2 0 -7 
10 4 -1 7 1 0 -3 0 
-8 -1 -13 -12 -7 -3 -3 -2 
8 5 -6 -2 -1 -1 -1 -7 
16 3 12 1 -2 -1 -5 11 
8 6 -5 3 2 -3 -3 -13 
-5 -7 2 -2 -2 -2 -3 8 
20 2 6 3 0 -1 3 9 
-14 -2 -6 -4 1 0 3 0 
5 11 8 -2 -2 -3 -4 -27 
-13 -4 5 -1 0 1 1 5 
-7 -8 0 -2 -2 -2 -6 -31 
26 14 1 1 0 -2 -2 12 
4 -4 -6 -1 -1 1 2 15 
-6 1 -9 -3 -2 -1 -2 -6 
-5 0 -7 -4 -2 -3 -1 5 
2 -1 6 1 1 1 -3 -10 
-4 3 16 7 4 0 4 8 
10 -4 -13 -7 -4 -3 -2 4 
-4 0 -6 -5 -2 -2 -4 1 
1 16 -3 2 -2 -3 -1 -1 
12 -5 -17 -3 0 -1 -3 -2 
14 -13 -6 0 0 -3 -2 -2 
-10 1 3 2 -1 0 0 -2 
6 1 7 -1 -2 -3 -3 -2 
3 3 7 4 -2 0 -1 11 
-2 4 -3 -4 -4 -4 -4 1 
-5 2 -11 -2 1 1 -1 7 
-7 -9 0 -4 -4 -1 -1 -21 
-4 0 4 3 1 0 -1 12 
33 2 4 -1 -3 -4 -1 0 
-17 -13 -8 -3 -6 -3 -1 3 
-6 1 9 2 0 0 -1 -32 
-5 -4 -23 -5 -1 -2 0 -5 
-11 6 14 0 1 1 -2 -6 
8 15 -8 -3 -3 -2 -3 4 
6 4 -2 1 -1 0 -1 1 
7 -1 6 -3 -4 -4 -4 -6 
-12 -3 11 3 2 1 2 2 
-6 9 3 2 3 2 0 -7 
-4 -4 4 -2 -1 -1 -4 9 
12 -4 0 0 -3 -2 -1 -3 
19 25 16 0 -3 0 2 13 
-44 -13 1 0 -3 -1 -3 9 
-15 -8 -23 -4 -2 -2 -4 -30 
6 -3 0 0 2 -1 0 5 
-19 -18 -10 -2 0 2 0 1 
8 -1 4 1 -1 -1 3 0 
-12 -8 3 -4 -3 -4 -3 13 
-7 -4 -14 -3 -3 -2 -4 -33 
-12 -2 -2 2 0 -1 0 -8 
-2 -3 -8 -3 -2 -3 -3 -9 
-6 14 0 3 4 2 2 2 
9 6 14 -3 -3 -2 -1 10 
-10 -5 -2 -2 -2 -2 -4 -9 
6 -4 1 -2 0 -2 -3 -7 
16 -2 -14 -3 1 1 2 18 
-6 -7 4 2 1 -1 0 4 
-7 -13 -11 -5 -4 -3 -3 1 
9 -2 1 0 -3 -2 -2 3 
-5 -14 2 1 0 -1 1 -6 
-9 0 6 0 -1 0 -1 5 
-5 6 -6 -5 -1 0 -1 11 
5 7 6 -1 -4 -3 -5 -12 
0 4 8 2 0 2 0 3 
8 -6 3 4 1 -1 2 -1 
1 -2 1 -1 -3 -3 0 4 
-2 -2 -2 -3 -2 -1 1 -5 
10 2 2 0 1 -2 1 16 
-25 7 3 -1 0 -1 0 22 
30 -6 -8 0 1 -2 -6 -47 
-5 3 -25 -7 -3 -5 -6 -11 
-16 -2 9 -4 -4 -1 2 -4 
16 4 -7 -3 -3 -3 -5 9 
-1 -1 -2 -1 -1 -1 1 7 
-4 4 12 2 2 4 6 22 
48 0 -4 -2 -3 -6 -10 -4 
8 -4 11 -1 -2 1 4 18 
-17 -3 0 2 4 -2 0 -32 
9 -7 -2 -3 -4 -3 -3 0 
-15 3 3 0 -2 0 2 1 
3 1 -4 1 -1 0 -2 -3 
-6 -8 3 -2 -4 -2 -1 15 
44 -1 4 -4 0 1 1 4 
-15 -4 -1 0 -1 -1 -2 4 
-11 3 -6 -5 -3 -1 -3 -21 
8 -1 -11 -6 -5 -5 -2 28 
4 -3 -13 0 0 -3 -2 -10 
2 -3 5 -4 -3 -2 -1 3 
2 4 5 1 1 0 1 -2 
-20 1 -2 0 0 2 -2 -6 
-10 1 6 4 -1 0 -1 -4 
-4 4 2 1 -2 -1 -1 -4 
5 -17 -8 -4 -5 -3 -3 5 
0 4 -5 -2 -3 -3 1 3 
-12 -6 -7 -5 -4 -4 -4 -4 
-9 -13 -2 1 3 0 -1 -11 
19 27 -3 -2 -2 -2 -2 4 
-47 -9 4 0 2 3 2 -7 
-7 -5 3 -1 1 0 -3 -6 
1 -5 0 5 2 1 1 0 
-5 -12 -12 -7 -6 -5 -4 -3 
0 -13 -19 -3 -3 -2 -3 -9 
-15 -3 3 1 0 1 2 -2 
19 7 -1 1 3 3 8 2 
12 -8 1 2 0 -4 -4 -4 
7 -2 7 -1 -2 -3 -2 -7 
-15 -6 0 -1 -2 -1 0 -10 
23 3 -9 -3 -2 -3 -4 -4 
-11 13 -10 0 -1 -1 1 2 
9 10 7 -2 -2 -3 1 8 
-4 0 -4 -1 -1 0 0 -8 
12 -2 -6 -1 -1 -1 0 22 
-39 -16 5 -3 -1 -2 -3 -24 
-6 -3 -4 -4 -4 -4 -5 -5 
-1 -1 6 1 0 0 -1 5 
-4 9 -5 -3 -3 0 0 3 
1 -10 -3 -1 -3 2 2 0 
10 4 0 -3 -2 0 0 2 
-7 -6 2 -1 0 -1 -1 6 
-10 -22 -4 -5 -5 -5 -4 -25 
2 10 -4 1 2 0 2 -14 
2 2 -1 1 -1 -3 -3 5 
2 3 5 -3 -2 -3 -1 4 
-9 1 4 1 0 0 -3 3 
-7 -1 -6 -3 -2 -3 -4 -13 
2 -5 0 5 1 -1 1 2 
4 6 -14 -3 -1 -2 -3 15 
-18 -1 12 -6 -5 -4 -4 -31 
-6 -4 -6 -1 1 0 0 9 
2 2 0 -4 -3 -1 -1 -5 
5 2 -2 -3 -3 -2 -3 -1 
-6 1 -4 1 2 1 0 7 
42 -7 3 1 2 -1 1 10 
-63 1 14 0 1 2 4 -7 
9 -13 -10 -6 -4 -3 -6 -19 
-5 3 -5 3 1 2 1 3 
-5 1 6 0 -1 -3 -4 -14 
17 4 -4 0 -3 -1 -2 2 
-2 -3 2 1 0 1 1 -1 
-12 -24 -8 2 2 1 3 9 
5 -12 0 -1 0 0 -3 -7 
57 8 12 4 2 0 -2 11 
-20 -14 -10 -4 -4 -2 -1 -5 
20 3 -7 -3 -4 -3 -3 6 
-11 5 5 0 -1 1 2 20 
-13 -12 -18 -3 1 1 0 -30 
11 0 2 2 1 -1 -3 -4 
32 10 -3 -3 -1 -1 -1 10 
-52 0 2 -3 0 0 1 -5 
-7 2 11 1 -1 -1 -3 -3 
0 0 -12 -3 -3 -2 -2 -10 
-16 4 3 -1 -2 -3 -5 -28 
7 2 -14 1 -1 0 3 12 
-5 0 -1 -4 -2 -6 -4 -7 
-2 -2 -13 -4 -4 -2 -1 11 
-4 6 10 1 0 0 0 4 
10 -12 -4 -1 -3 -1 -1 -6 
1 0 -7 -1 -1 1 0 15 
10 8 0 -1 -2 -3 -3 -4 
-16 -7 8 2 -2 -1 -1 -5 
-3 -1 -3 0 -1 0 0 -7 
1 -1 -1 1 -1 -3 -1 8 
-3 -2 7 3 3 1 3 21 
8 16 4 0 -3 1 -2 -29 
4 -7 -5 -3 -4 -3 -3 -14 
-49 0 5 -1 -3 -2 -2 -9 
-5 2 1 0 1 -1 -2 2 
-6 -6 -2 -2 -3 -2 -1 14 
6 3 -8 -4 -3 -5 -4 -3 
38 7 -2 -4 -2 -1 -1 1 
-10 2 8 1 1 0 0 1 
-10 -5 -10 -2 0 0 1 -7 
0 10 10 2 1 0 -1 4 
32 5 -1 4 5 2 0 9 
-12 0 -11 -2 -3 -1 -1 -15 
18 1 -4 -1 -2 -4 -3 15 
9 5 3 -2 -2 -3 -1 -1 
-11 -10 -3 -1 -2 -3 -4 5 
-6 -5 12 2 2 2 2 -5 
-5 1 -5 -2 -2 -2 -3 -1 
-5 -4 -2 -2 -3 -2 -1 2 
6 -2 -11 -3 -3 0 0 1 
14 0 7 1 1 -1 -2 3 
4 -12 -9 -3 -2 -1 2 18 
-14 -7 1 -2 0 -1 -3 -20 
-10 -4 9 -3 -2 -1 3 4 
4 0 -2 -2 -4 -3 -6 -17 
1 6 0 0 1 -2 -3 9 
-1 4 1 -1 -2 0 -1 2 
-2 2 -4 -1 -1 -3 0 -3 
2 12 2 1 1 0 0 5 
11 -35 -7 1 4 5 5 5 
-47 8 4 -1 1 0 0 -6 
-2 7 -10 -3 -4 -4 -6 -7 
1 6 12 1 -1 0 1 11 
2 17 -3 -4 0 -1 -2 -5 
16 -7 5 2 0 -1 0 16 
3 -7 2 -1 0 -1 -4 -28 
-11 7 0 0 -1 -1 -2 -13 
-1 1 0 -4 -1 -3 -3 6 
3 -3 -2 0 -3 -1 0 2 
-6 -1 -25 -9 -9 -5 -6 6 
19 -4 7 -5 -5 -3 -2 26 
-3 5 4 1 0 0 -1 -23 
-63 -8 -1 -3 -2 1 1 -28 
13 -4 9 -1 -1 -3 -3 -3 
6 -5 -4 -3 0 -2 -1 7 
-12 -3 -9 -5 -4 -1 1 18 
45 2 2 -2 -1 -2 0 21 
-6 11 -15 -2 -1 -5 -4 -16 
-18 -9 2 0 2 3 2 -8 
0 3 1 -4 -2 -2 0 1 
15 0 -2 1 2 1 -2 -4 
-8 -2 -2 2 0 1 1 11 
1 0 -10 -1 -3 -3 -2 -3 
-4 1 5 1 -3 -2 -1 -5 
-21 -14 -2 0 0 0 2 21 
-10 -10 -5 0 0 0 1 -8 
-4 1 -3 -3 -4 -4 -2 -10 
-14 -1 1 -2 -3 -1 -1 -10 
8 0 -7 -5 -3 0 -1 11 
18 -5 -3 -2 -3 -4 0 20 
-15 -5 -1 0 -1 -2 -1 -13 
-1 2 -5 -3 -2 -2 0 1 
37 5 -12 -6 -6 -5 -4 0 
-61 5 -1 -1 -3 0 -2 -26 
-6 -13 -8 0 1 2 -1 -15 
-2 0 2 -3 -2 -2 -1 1 
2 12 14 1 0 0 -2 -7 
15 -8 3 1 -1 1 1 15 
-4 -6 -7 0 -1 -2 1 9 
-10 -7 -4 -2 -5 -5 -7 -24 
-5 -4 2 0 0 0 1 8 
14 3 6 0 -1 -1 -1 -4 
-1 -1 -9 -3 -3 -3 -1 -3 
-4 -2 8 2 1 2 1 3 
5 1 -2 -1 -1 -3 0 -5 
2 0 3 -2 0 1 2 21 
12 -6 -4 -3 -7 -4 -5 -9 
2 3 -6 -1 1 1 2 16 
-19 -8 -6 0 -3 -4 -6 -39 
-28 -7 8 4 4 3 1 6 
-20 3 5 1 -2 -1 -2 -14 
2 -4 6 -1 -2 -2 -1 1 
-6 5 -14 -4 0 -2 0 7 
19 5 7 0 1 -3 -1 1 
10 -5 4 0 1 1 0 8 
-13 -9 -7 1 -2 0 -1 -4 
6 -5 -4 0 0 0 -1 -2 
5 -16 -8 -4 -1 -1 -1 -4 
-7 -2 -7 -3 -1 -2 -1 16 
8 2 -11 -2 -3 -5 -5 -17 
4 2 -18 -5 -1 -1 0 0 
12 13 -2 -1 -5 -1 -2 0 
-4 -6 1 -1 0 -1 0 -1 
-12 -1 -3 -3 -4 0 0 9 
14 -12 6 -3 -4 -4 -6 -5 
-8 3 1 -6 -4 -4 -2 -4 
12 2 2 0 -2 0 2 8 
-7 -6 -15 1 1 -1 -1 5 
-9 6 10 1 0 1 1 -30 
5 5 0 0 0 -1 0 1 
35 0 2 -1 -2 -1 -2 14 
-22 8 0 -3 0 -2 -3 -12 
-4 -10 2 0 -2 -1 2 11 
1 -11 -7 -3 -2 -2 -4 -11 
8 11 -8 3 0 1 0 10 
-10 5 11 -2 0 -1 -1 -24 
21 -3 -4 -4 -2 -2 0 13 
-33 -5 6 5 2 -1 0 -10 
-6 2 3 -2 -3 -3 -2 1 
2 -7 -3 -1 2 1 -1 4 
-22 -9 5 -1 -1 -2 0 -2 
14 1 3 -1 1 1 2 10 
-10 1 4 -3 -2 0 -4 -12 
12 -7 -2 -1 -2 -2 1 21 
5 12 5 -1 -3 -1 -4 -29 
8 -6 -15 -5 -4 1 3 17 
-18 -1 2 -2 0 -1 -1 -11 
17 3 0 -2 -2 -1 -3 -8 
2 -9 -9 2 3 -1 4 24 
-2 -6 -20 -4 -4 -4 -6 -17 
2 7 -12 -5 -4 -4 -3 -10 
4 0 4 -4 -3 0 -1 2 
2 10 -1 -3 -2 1 -3 -1 
-5 -9 -2 1 1 -2 0 3 
-6 8 5 3 2 1 2 -3 
30 -2 7 3 0 1 0 -4 
-38 -10 1 -1 0 -1 -4 -7 
3 2 -8 -2 1 -2 -2 2 
-10 -2 6 1 -3 -1 2 0 
-18 -3 4 2 3 1 2 -5 
31 -3 -15 -8 -6 -4 -5 18 
-1 5 11 3 1 0 0 -15 
-10 -18 -3 -2 -1 -4 -2 -6 
-7 -4 -4 -7 -6 -3 -4 -3 
-2 -6 2 3 1 1 2 13 
6 0 4 -3 -2 -2 1 -2 
12 3 6 0 0 -1 1 30 
-1 4 -1 -1 -2 -1 -5 -17 
35 11 -3 2 0 -1 1 28 
-15 -1 -6 -7 -5 -2 -5 -9 
6 -8 7 1 -2 0 1 -13 
5 -1 -1 -1 0 0 -1 12 
-7 4 6 2 1 1 3 -4 
-6 -1 8 1 -1 0 -1 0 
8 -3 -14 -2 0 -2 -2 8 
-11 9 -13 -1 -1 -2 0 -1 
10 3 1 -3 -3 -4 -7 -20 
-51 -5 1 -3 -1 -1 -3 0 
-9 4 -1 -3 0 1 -3 -9 
4 -1 -4 0 -2 -3 -2 0 
-13 -7 16 2 -1 1 5 3 
21 6 3 1 -1 -4 0 10 
-7 -6 -15 -4 -3 -4 -3 -3 
-14 -3 -7 -5 -6 -4 -6 -9 
-13 -12 -4 2 3 4 5 8 
19 -6 -2 -4 -5 -4 -7 -15 
-3 6 5 2 3 3 0 -8 
10 -3 1 -2 -3 -4 -2 6 
-15 -6 7 -3 -4 -5 -2 -8 
4 -2 5 -1 -3 0 1 7 
-6 -1 -3 -2 -2 -1 1 -6 
7 2 8 4 3 -1 1 -2 
7 8 -15 -3 1 0 -4 7 
3 -8 -4 -2 0 1 1 10 
-9 -4 2 -2 -1 0 -3 -32 
1 -7 5 1 -1 0 1 10 
