#EMG
#6
#ID:6-89
-6 -9 -5 -1 -3 -3 -2 7 
-6 -6 3 0 0 1 -1 2 
6 3 4 5 0 -1 0 4 
17 7 -2 -8 -6 -4 -4 6 
-13 -11 -11 -3 -3 -2 -2 -12 
-14 1 2 -3 3 2 2 -1 
-5 -11 -19 -3 -7 -3 -2 2 
15 2 2 -8 -5 -2 1 19 
-4 -1 -6 -2 -1 -3 -3 -34 
6 0 -16 -7 -2 -1 -1 -1 
-1 3 12 8 2 0 1 13 
4 2 10 5 1 -1 -1 -15 
-12 -7 2 0 -1 -1 -2 4 
9 6 3 -2 -3 -3 -3 3 
-10 2 -7 -6 -5 1 3 11 
-10 2 -2 1 0 -1 -6 -48 
5 0 5 1 -1 -3 -1 -2 
-16 -5 0 2 2 0 0 -1 
-8 -5 -7 -2 -2 -2 -1 4 
2 3 6 -4 -3 -1 -1 4 
5 -8 6 3 2 2 2 12 
-1 -5 1 3 -1 -2 0 1 
-3 7 -3 -2 1 0 -2 -8 
5 1 13 7 3 3 2 13 
-1 -1 5 -1 -2 -3 -1 -3 
2 5 -14 -5 -3 0 0 8 
3 -1 6 -3 -2 -2 -3 -3 
-10 -12 -10 -2 2 0 1 -1 
5 13 10 0 -2 -1 0 3 
7 -2 0 -2 -4 -3 -1 12 
-14 -4 -13 2 3 0 -2 -25 
-4 8 -11 -6 -5 -3 -3 9 
2 -24 -16 -4 -2 -2 -4 -4 
-9 10 9 -2 -1 1 2 -4 
5 0 -5 -1 -1 -2 -1 6 
8 -3 6 3 0 -3 -3 16 
-5 -8 -6 4 2 -2 -1 -27 
5 -11 -24 -7 -2 -3 -1 0 
-28 -13 -2 -1 -3 -2 -1 0 
47 8 3 -4 -5 -1 0 18 
-18 -4 -44 -11 -7 -4 -3 -5 
-8 -6 1 -2 -1 1 -1 -16 
17 -3 5 2 -2 -4 -3 17 
1 3 -12 -14 -4 0 -1 6 
4 16 14 1 0 1 1 9 
-1 -12 6 9 3 2 2 -1 
1 -6 3 -1 1 0 0 -3 
-15 -7 -9 3 -3 -4 -3 -11 
11 12 9 0 -2 -2 -2 15 
-12 14 7 1 1 4 1 -9 
3 6 17 -2 -2 -2 -2 -10 
-18 3 9 3 1 0 -2 -11 
-7 1 -9 -7 -4 -2 -3 -15 
8 -6 16 7 -1 -5 -3 17 
-2 -7 -19 -15 -2 3 1 -6 
-2 -1 0 2 1 -3 0 -6 
-9 4 -10 0 -2 -1 0 7 
-3 22 13 -7 -1 1 3 7 
-5 2 12 5 0 0 -1 -6 
5 -5 7 3 1 -1 3 -1 
-6 18 24 0 -4 -5 -6 -13 
-2 -2 -5 8 4 3 -1 -7 
-13 -16 -11 -9 -5 -5 -3 6 
-4 9 7 3 1 1 0 -7 
22 -8 5 2 0 0 0 11 
-1 -13 -30 -10 -6 -6 -2 -3 
10 7 -3 3 -1 0 1 9 
-20 -14 -1 -1 -5 0 0 -26 
34 -7 3 10 3 3 2 10 
-27 -1 5 -11 -1 0 -1 12 
-10 4 -11 3 1 1 -2 -25 
8 -3 5 0 0 0 2 13 
4 -6 7 4 1 1 0 -7 
14 -5 -9 -3 -4 -4 -4 16 
10 -1 -10 -9 -9 -7 -4 7 
-12 12 19 2 1 0 0 -12 
-12 -6 -5 -2 -1 0 1 -9 
-2 -2 9 6 3 -1 1 -4 
0 -33 -30 0 0 -2 -4 -1 
1 16 -5 0 0 -2 -3 3 
-7 3 5 -10 -1 -2 0 11 
-7 -8 -6 -1 -5 -3 -4 -15 
3 -12 -5 -1 0 -2 0 4 
3 -9 -19 -3 -2 -3 -2 -6 
-8 9 14 2 2 -1 3 13 
-27 -1 -2 -3 -2 -3 -4 0 
-2 22 16 4 0 -2 -2 -21 
6 -13 0 2 2 1 2 21 
-20 0 -15 -4 -3 -2 -3 -6 
11 0 -11 -2 -3 -2 2 -14 
2 7 16 -1 -1 -2 -2 2 
-11 -3 -21 -8 -3 -6 -5 -1 
24 -12 -27 -14 -3 -1 3 29 
-35 -5 13 6 4 3 0 -48 
-8 2 23 12 2 2 2 4 
15 -20 -26 -9 -6 -4 -5 -2 
-30 -28 -10 -2 -2 -3 -1 -3 
28 6 -28 -12 -6 -6 -6 22 
18 8 -2 -5 -3 -3 2 10 
4 -1 14 8 3 2 2 -9 
-7 3 4 14 -1 -3 -5 -13 
-8 -3 -21 -15 2 2 0 7 
-8 -6 11 4 3 2 2 -1 
-1 -5 -14 -6 -1 1 0 11 
15 3 19 5 -2 0 -2 1 
14 11 -12 -6 -2 1 0 1 
14 10 -5 -11 -7 -4 -3 20 
-27 1 -2 4 -2 -2 -4 -18 
7 26 10 2 2 2 1 -1 
-18 -6 32 6 -2 1 2 -7 
-2 2 -25 -8 -3 -2 -11 -6 
-7 5 4 -2 -3 -2 2 1 
12 -24 -19 -6 -1 -1 -2 21 
6 22 31 4 1 -2 -2 -25 
-22 -7 12 -2 -2 -1 -4 -11 
-5 -21 -12 -4 -4 -5 -8 0 
-30 10 -6 1 -5 -2 0 -9 
25 -12 -2 -9 2 1 7 11 
-9 -6 0 12 2 -1 -3 -5 
1 12 -2 -9 -5 -4 -4 -10 
20 5 9 1 -1 -1 2 11 
-13 -10 -19 1 -2 -3 -4 -15 
-2 30 22 5 0 1 7 0 
8 14 7 2 -1 -1 -10 2 
8 -16 11 -1 2 1 -1 -17 
-4 3 -40 -2 -2 0 3 12 
-8 -12 -26 -4 0 -3 -10 -6 
20 16 20 8 4 2 7 18 
-21 -20 -22 1 1 0 -3 -11 
-7 -17 13 -6 1 2 -1 -13 
47 1 -21 -6 -2 -1 1 20 
-31 12 -28 -12 -5 -1 -1 -35 
6 22 -9 -2 0 -6 -10 -11 
-9 -11 7 7 2 1 9 7 
12 -1 10 -2 -3 -2 -1 22 
2 -19 6 -1 -1 -1 1 -1 
0 11 8 -2 1 2 5 -3 
56 30 2 5 -3 -4 -20 0 
-25 -24 4 -5 -2 -2 8 -12 
-26 -19 7 6 2 0 -17 -1 
-29 -25 9 4 -1 0 2 0 
7 15 -13 -14 -8 -6 -1 12 
4 -5 3 -1 -1 4 0 -2 
17 11 6 3 3 6 5 -8 
5 5 16 6 -1 -1 0 -18 
-25 -9 -12 -14 -4 -3 -6 3 
-18 4 7 2 -1 -2 -3 -14 
18 6 -2 -2 -2 -2 2 26 
1 -2 25 -3 -3 2 -3 -1 
8 1 30 6 -2 -2 1 1 
-2 9 -10 -8 -3 -4 0 -11 
-4 -1 3 0 -1 0 0 6 
-21 -19 -24 -10 -5 -9 -10 -23 
-12 11 22 12 3 5 2 21 
-2 -19 -11 -5 -1 1 2 -1 
4 -9 7 1 -2 -4 3 -5 
-30 -15 -24 -6 1 3 7 10 
23 -18 -24 -3 -7 -9 -13 -6 
-24 16 14 5 1 2 -2 -22 
1 -17 -31 -6 -2 1 5 -8 
10 7 -6 -5 0 3 10 9 
17 -5 14 9 -1 -4 -16 3 
11 5 -13 -6 -5 -4 -6 -11 
-15 1 51 -4 -2 -4 -8 -16 
3 -13 -27 -10 -3 -2 0 0 
-8 10 3 0 -4 1 6 -3 
1 6 9 -1 -1 -3 -8 -9 
-5 11 -6 5 4 3 17 27 
15 24 22 3 -1 -1 -36 -19 
-31 -14 -18 -2 1 1 23 -4 
-1 -16 -25 -14 -7 -10 -5 11 
-2 -15 -10 1 -1 1 -3 -21 
-5 6 0 -1 -1 2 -3 19 
13 19 -3 11 6 2 21 18 
-1 -5 8 -2 1 3 -1 -23 
-6 -11 -19 -9 -4 -2 -8 0 
3 9 32 3 0 -2 -5 -14 
2 -2 6 -1 -1 0 -6 5 
20 3 3 21 6 1 14 22 
-43 1 6 -25 -9 -10 -16 -34 
1 7 5 6 3 4 17 9 
0 11 -2 -7 -2 1 8 -16 
-13 -13 17 1 -1 -5 -31 5 
27 1 -8 10 1 -6 -20 7 
-11 0 -20 -10 -2 -3 26 9 
-20 -30 -19 -4 -2 2 -12 -32 
7 -2 5 -1 1 5 10 2 
4 -24 -16 1 -2 1 15 18 
10 21 9 0 -2 -6 -12 2 
17 6 -1 -6 -1 -5 -7 7 
-6 7 -12 -11 -9 -4 -6 -5 
9 8 -16 3 4 5 29 28 
5 6 7 4 2 1 -4 10 
-5 -22 16 -5 -5 -8 -12 -4 
-8 3 -4 -5 -5 -2 10 -8 
-19 -5 -27 -7 -3 -7 -32 -22 
21 -22 -22 1 -3 1 22 7 
-3 -7 17 3 1 -5 -33 15 
6 19 -4 0 -1 0 6 4 
-6 -8 -10 -2 -6 -1 7 -8 
2 -1 2 -1 5 4 7 0 
6 -8 9 0 -3 -4 -17 -15 
-17 -26 -8 8 1 2 1 -5 
13 -22 -32 -10 -1 4 11 12 
-3 8 -6 -7 -5 -9 -13 0 
-5 15 13 7 3 3 1 -5 
3 -10 3 -1 1 -1 -6 10 
12 -17 -1 4 -2 0 -5 -6 
-8 -19 2 1 0 0 18 0 
-14 -5 15 -7 -1 -2 2 1 
-3 20 -9 3 -2 -4 -8 -7 
-7 3 31 4 0 0 9 17 
0 9 -10 -7 -4 -2 -9 -16 
0 34 -5 -3 -3 2 11 -6 
-2 -12 75 24 8 4 4 4 
-4 1 -21 -28 -7 -5 -14 -8 
-3 -13 22 0 -6 -5 -9 -10 
-8 -19 -17 2 2 0 19 -5 
3 9 11 6 2 -2 -3 15 
-12 -22 -53 -11 -8 -5 -7 -13 
1 -7 -6 -10 -7 -5 -20 -18 
5 2 -25 -9 -6 -5 5 11 
6 15 11 -4 -1 -2 -3 1 
3 -7 -1 10 2 1 1 8 
11 -3 14 12 4 5 5 -2 
-30 -28 -44 -24 -3 2 2 -7 
-6 7 -1 -3 -1 0 2 -9 
-4 -25 7 6 2 4 6 1 
8 82 53 11 5 2 -6 1 
-5 -8 -27 6 7 0 -4 14 
-7 -14 -39 -21 -5 -3 -2 -5 
5 39 29 18 7 2 5 -3 
-16 -33 -79 -25 -14 -9 -8 -12 
24 -1 36 19 0 2 5 -4 
-8 -13 -80 -41 -6 -5 0 -11 
-4 -6 25 -2 -6 -3 -3 2 
27 -8 13 16 8 4 0 12 
-17 -27 23 -2 -4 -6 -13 -5 
4 -24 -38 3 1 -1 3 8 
12 46 118 54 16 5 -4 4 
-11 19 -15 -23 -1 0 3 24 
10 -2 -24 -24 -12 -4 -3 0 
4 38 -48 6 -5 -4 3 -3 
7 10 8 -9 -3 -2 -10 16 
-13 -37 -6 -2 -6 3 6 -3 
-2 41 31 21 8 4 -1 10 
-6 -7 59 14 7 2 8 -6 
-5 11 -61 -29 -9 -7 -3 11 
21 -2 30 20 0 -2 -21 -58 
41 -14 -53 -26 -4 -3 24 48 
-33 -37 -37 -21 -12 -8 -6 -23 
-5 54 57 38 11 6 7 -19 
8 -9 26 1 3 -2 4 32 
-18 -12 -52 -17 -7 -1 -11 -57 
22 33 35 -8 -11 -2 -2 23 
2 35 17 34 6 0 -12 -6 
15 -23 -52 -45 -5 0 7 14 
4 7 103 62 8 0 12 12 
-40 -5 -47 -48 2 -2 -4 -10 
-16 -46 -36 -46 -24 -9 -11 -26 
-4 13 64 40 11 6 13 45 
2 8 -8 -16 -3 -2 -12 -21 
19 -14 42 46 7 1 -6 -8 
-11 -22 -18 -20 3 0 0 -3 
-2 36 -4 3 -3 -3 -7 -7 
11 26 23 9 3 -2 -5 20 
-5 4 3 -7 -1 4 26 23 
-5 8 6 1 0 -3 0 -40 
-8 -21 -40 -9 -6 -5 -20 -27 
16 -1 2 8 -1 -3 31 54 
15 0 51 12 1 -2 -9 -11 
32 -16 -10 -3 -8 0 14 22 
-57 1 16 -12 -4 -3 0 -20 
-16 -24 -42 -7 -5 -5 -33 -13 
21 -21 5 1 -3 -4 -3 4 
19 -5 -6 -3 3 4 23 51 
-2 -2 25 18 3 1 -3 -30 
10 10 17 10 6 4 -17 2 
13 17 -16 -4 -4 -2 4 -2 
53 -28 -15 -21 -9 -8 -18 -18 
-9 29 -5 12 5 3 1 31 
-21 11 15 -9 -1 0 19 -5 
2 -12 4 -4 -3 1 -17 -6 
-5 -21 -52 -21 -7 3 21 21 
-20 -28 -19 -6 -5 -6 -7 -35 
2 -24 -6 -5 -6 -6 -21 -9 
-3 15 26 17 5 4 -19 -1 
-16 18 21 10 3 -6 24 -13 
12 -8 -24 -11 -4 -11 -47 4 
-24 5 -10 -3 -2 2 13 -23 
-6 -4 -11 -7 -3 -1 8 -1 
-5 2 7 -3 4 5 -8 23 
-14 -19 -24 -10 -6 -4 8 -5 
10 7 4 -1 -1 -2 12 -16 
-2 -16 -10 12 3 1 3 36 
-17 6 22 -4 -3 -6 -19 -24 
6 -5 -37 -6 -2 1 24 28 
30 10 11 9 3 1 -20 -4 
-28 -8 -19 -9 -3 1 17 -15 
-19 7 4 2 4 7 18 -25 
1 0 31 9 1 -6 -20 -8 
-6 -28 -56 -17 -6 0 15 -1 
3 -7 -10 -2 -5 -10 -27 26 
-7 10 -8 11 3 -2 -24 -13 
31 -4 23 -6 -2 4 32 33 
-25 -6 4 -3 -1 -2 -14 -20 
29 12 7 0 2 0 13 30 
-13 -15 -10 2 -2 -4 -18 13 
15 -8 -17 -4 -1 4 25 45 
2 15 42 6 5 -1 9 21 
-28 -32 -94 -7 -10 -8 -22 -41 
11 0 30 0 -2 1 7 16 
-6 6 -15 -25 -7 -4 -7 -29 
-1 6 -28 0 1 5 9 -1 
-1 9 20 5 -1 -1 0 -16 
-9 -13 11 13 9 1 -5 -5 
-13 -34 -37 -12 -7 2 2 -11 
4 82 98 15 1 3 2 4 
3 4 -1 -3 5 7 7 -4 
-2 -9 -48 -15 -12 -4 -7 -1 
-22 -19 -35 -14 -6 -6 -3 -21 
27 3 59 14 9 5 -2 15 
-14 -7 -14 12 4 -1 4 -24 
-4 -18 8 -12 -8 -6 -8 -5 
15 20 20 7 6 8 13 18 
-14 -24 -44 -14 -16 -12 -9 -3 
10 16 30 -10 -1 -1 1 -24 
0 -11 -41 -19 -5 -2 -7 -38 
31 15 29 16 2 -3 -6 16 
0 -28 -29 1 -3 -6 -11 -11 
6 -3 6 4 -3 0 0 -27 
-46 21 16 6 2 0 3 -6 
-17 -28 14 3 3 -2 -7 17 
-42 25 -36 -1 3 7 6 -52 
-6 -3 7 -8 -4 -3 -4 18 
15 4 6 8 4 2 10 15 
2 -12 4 7 -1 -4 -9 -18 
-9 -37 -26 -12 -2 -3 3 24 
9 -4 5 -4 -4 -2 -4 -12 
12 12 -2 1 1 -3 -2 6 
4 7 8 2 2 -1 0 -7 
8 -9 2 -7 -6 -4 -5 2 
-11 -6 -7 -4 1 1 -1 9 
13 -1 8 7 -1 -3 5 7 
-7 12 5 2 1 0 -8 -5 
-5 -16 -31 -13 -5 -3 -5 -13 
4 2 9 -3 -6 -3 1 7 
1 -7 10 6 5 5 4 12 
-31 -6 -6 -3 -5 -5 -3 -18 
9 -12 -3 -1 -1 -4 -5 -6 
2 13 20 3 3 4 2 17 
9 4 0 -1 0 0 -1 -2 
-3 3 -15 -6 -6 -3 -4 -3 
4 -14 -10 -7 -6 -3 -4 4 
6 -4 -1 -4 -3 -4 2 31 
-20 2 0 3 1 1 -4 -39 
-2 -2 -1 3 4 3 0 -8 
-5 2 8 6 1 0 -1 -1 
-4 -4 -23 -10 -4 0 -1 1 
7 10 12 0 0 -3 -1 12 
-2 -2 -8 -2 -4 -4 -2 -10 
4 -6 -27 -13 -9 -3 -1 5 
1 1 7 1 -2 -1 -2 -3 
-3 -9 -9 -5 -5 -4 -4 1 
-4 5 4 1 0 -1 -3 -13 
0 4 14 5 5 1 1 7 
0 -2 3 2 -3 -2 -1 -5 
-2 1 -11 -1 1 -1 -1 -2 
0 1 4 -1 0 0 0 0 
-3 -5 -3 -3 -1 -2 -3 1 
-4 -10 -9 -1 0 -4 -2 -6 
-3 -5 3 1 0 -3 0 -1 
8 3 -3 -1 -1 -1 1 1 
1 -4 6 0 0 -3 0 11 
2 0 3 1 -1 0 -2 -8 
16 -2 -4 -2 -3 0 5 41 
1 -4 -6 -3 -3 -5 -7 -14 
11 0 -1 -2 -2 -2 -3 -19 
-7 4 4 0 -2 -3 -2 1 
-1 1 -4 -2 -3 -2 -2 -2 
47 1 -4 -2 0 3 6 33 
-26 -6 3 -2 0 -2 -4 -11 
-1 -3 7 1 3 1 -3 -10 
-7 -4 -5 -7 -6 -1 -2 -2 
1 -1 0 1 1 1 -1 -8 
6 4 7 0 0 -1 -1 2 
-2 1 3 3 3 -1 0 0 
-10 -3 -1 -1 -1 -2 -5 -8 
-6 5 6 -1 -1 -1 -3 -4 
-8 -15 -4 0 0 2 0 0 
-8 0 -7 -2 -2 -1 5 5 
4 -3 -1 0 2 1 1 -5 
-14 1 -1 -1 -2 -4 -8 -9 
-4 -2 0 1 1 3 12 3 
7 2 2 -2 -5 -5 -6 -4 
-2 -2 -3 -3 -1 -2 -2 -7 
-19 -20 -4 4 4 4 -3 -6 
-4 -1 -3 -6 -4 -3 -6 1 
5 26 14 0 0 1 1 1 
4 10 9 1 -1 0 2 12 
-8 -6 -5 -5 -4 -2 -3 -23 
11 -7 -12 -6 -3 2 -1 20 
-22 -20 -3 0 1 0 1 -32 
8 -10 10 0 2 -1 0 40 
20 8 -4 2 1 -1 0 -8 
-37 0 8 2 -1 -4 -5 -6 
6 -7 -6 -2 -4 -3 0 7 
-23 2 -5 -1 -1 0 1 -2 
11 -6 -1 2 1 1 1 -2 
14 6 5 4 1 -2 0 -14 
-5 -10 -15 -8 -6 -4 -7 3 
7 -7 -12 -5 -2 -2 -3 -19 
-26 5 -2 -4 -2 -2 2 15 
0 0 3 1 -1 0 -2 -8 
-1 1 -6 1 -1 -1 0 6 
4 -4 -5 -2 -2 -4 -5 -16 
-6 7 3 -2 -1 0 2 1 
1 3 -2 -1 -1 -1 1 1 
-3 -4 8 3 1 1 0 4 
-3 0 3 2 -2 -1 -3 -8 
5 2 -4 -2 -2 -1 1 23 
-8 8 -5 -6 -2 -3 -6 -40 
11 -11 -15 -1 0 1 -3 4 
-3 6 7 -3 -1 -1 -2 -8 
-4 0 0 -3 -3 -1 -1 -2 
13 2 0 0 0 0 0 19 
0 2 -2 1 0 -1 1 -8 
21 -1 1 1 -2 1 -2 6 
-33 -8 -7 -5 -3 -5 -6 -13 
-2 -25 -5 0 0 0 0 -1 
-5 23 4 -1 0 -1 -1 -3 
-3 1 -2 0 -1 -1 -1 -4 
-4 2 2 0 1 1 5 3 
13 -10 -21 -4 -4 -3 -5 0 
-2 3 4 -3 -5 -3 -5 -12 
-9 -14 0 2 3 3 2 2 
4 0 -14 -4 -3 -2 -2 -6 
10 2 9 2 0 -1 3 11 
-54 -5 -8 -2 -4 -3 -3 -3 
-5 -10 -8 -6 -7 -8 -7 -9 
11 10 -7 -4 -7 -4 -5 -11 
-18 -7 8 0 3 4 3 -2 
32 -7 8 -2 -1 -1 1 32 
-7 -2 -4 1 0 0 0 -9 
-55 -13 -9 -2 -1 -1 -4 -2 
-5 7 -1 -1 -1 0 -3 -10 
3 1 7 0 0 0 0 -6 
-7 -1 -5 -1 -1 -2 0 -2 
12 -7 5 3 4 1 3 9 
2 6 -1 -3 -2 -3 -1 -8 
2 -5 5 -2 -3 -3 -4 0 
1 0 -23 -4 -2 -1 -2 -10 
17 33 35 3 -1 0 2 8 
-1 11 2 0 -1 -2 0 9 
-2 -12 -3 5 5 2 1 -8 
-1 13 9 1 2 0 1 6 
3 -5 -14 -5 -6 -4 -6 -12 
-9 -9 -1 -5 -3 2 0 12 
5 -3 -5 -3 -2 -3 -2 -5 
-2 -1 0 0 -2 -1 -1 -1 
3 8 12 2 0 0 2 3 
6 2 1 0 -2 -2 -2 0 
18 -4 -4 0 -2 1 3 29 
-38 -8 1 1 4 1 -4 -53 
3 -4 -1 1 -2 -3 -2 -3 
-3 -2 -7 -5 -4 -2 -2 0 
50 23 7 3 3 2 1 11 
-22 1 0 -2 -1 -3 -3 1 
3 -2 0 2 3 3 1 -6 
-16 -6 2 3 1 0 -1 4 
2 -1 1 -1 -2 -3 0 -1 
27 1 -10 -4 -1 -1 -3 -4 
-1 -7 -1 -3 -4 0 2 4 
12 4 3 0 0 -4 -4 -13 
-19 -7 -6 -3 -2 -1 -3 -8 
1 7 9 -1 -5 -3 -2 7 
6 -4 -12 -4 0 -1 -1 19 
-14 9 10 4 2 0 2 -18 
-13 -5 -13 -3 -2 0 -2 -13 
-8 -6 5 -1 -1 0 0 9 
11 0 2 0 1 -1 -3 -4 
10 -5 -2 0 -1 -1 -1 10 
-15 20 1 -7 -5 -1 -1 -15 
8 -6 -8 -2 0 -1 0 3 
-5 -12 -3 -2 -4 -4 -3 -5 
5 -1 0 0 -2 -4 0 11 
-9 -14 1 0 -1 -1 -3 -4 
7 0 -1 -1 -3 -1 0 7 
-12 4 20 2 3 6 6 3 
23 -6 -14 -6 -4 -2 -4 0 
5 -8 -4 -3 -2 -1 0 12 
-51 -5 -3 -6 -5 -3 -3 -26 
0 -8 -6 0 0 -1 -1 -4 
3 4 2 -1 -2 -3 -2 4 
15 3 -1 1 0 1 1 15 
-4 -14 -1 3 4 4 5 17 
-14 -4 -9 -2 -4 -4 -4 -18 
-10 -3 -5 -4 -2 -1 0 2 
-1 -13 -3 -1 0 0 -2 6 
7 3 7 0 -1 0 2 9 
4 -3 -1 -3 -1 -1 -1 -1 
0 -11 -2 -1 -1 0 0 1 
-7 13 9 1 -1 -1 -1 -9 
8 8 2 -6 -8 -4 -3 0 
3 -9 -12 0 1 2 1 5 
-2 23 9 -2 -3 -3 -1 -5 
-17 -10 0 -2 -1 -1 -2 -11 
15 2 -2 -2 -3 -4 -4 5 
2 17 6 1 -2 -1 -3 -6 
-9 -12 1 0 0 0 3 3 
-3 -12 -9 -3 1 -2 0 -7 
10 13 17 5 3 -1 -1 0 
-17 -8 -28 -10 -5 -1 -1 1 
18 -3 -6 -3 -2 -1 -2 11 
-1 -3 0 -1 -4 -3 -5 -13 
-3 -14 -12 -4 -4 -2 0 -3 
-3 -4 5 -1 -1 -4 -1 -8 
-10 -7 -4 0 0 1 1 4 
7 -2 -5 0 -2 0 -1 1 
-15 15 10 4 3 3 4 27 
-51 6 -7 -5 -5 -5 -9 -56 
-5 15 5 0 -1 -1 -4 -8 
-14 -10 -6 0 -2 -3 -1 -5 
12 -4 2 -3 -1 -1 -1 0 
34 -6 -1 3 1 2 3 21 
-8 -6 0 3 -2 -2 -4 -8 
-8 10 -11 -7 0 -2 -1 -8 
6 -4 -8 0 -1 1 2 9 
12 -7 6 -4 -5 -2 -2 6 
-53 -7 -16 -7 -4 -4 -6 -26 
2 -2 3 0 0 0 3 9 
0 -7 -3 -2 -2 -1 -3 -10 
3 2 13 4 2 2 2 7 
16 -8 -4 0 1 0 1 6 
4 4 0 -2 -3 -3 -3 -2 
-10 4 -4 -2 -2 -5 -4 -7 
5 -8 -11 3 4 2 2 3 
12 12 3 0 1 3 2 25 
-13 4 10 -1 -1 -3 -4 -29 
8 -9 -1 -2 -2 -4 -4 -5 
2 -7 2 0 1 1 1 4 
10 12 -8 -1 -1 0 0 0 
0 -3 -2 1 0 3 1 7 
-5 -7 -10 -2 0 -1 -4 1 
20 -6 -6 -5 -7 -7 -2 2 
-7 -5 -2 -6 -7 -2 1 15 
3 -1 3 0 -2 -1 -3 -24 
-3 19 11 -2 -4 -1 0 3 
-8 6 -7 -2 -2 0 -1 2 
48 -4 3 -2 0 0 1 12 
-40 -1 -2 -1 -1 -1 0 7 
-1 -6 -3 1 1 1 3 -13 
13 2 -12 -3 -1 -1 0 24 
4 -3 -16 -3 -3 -2 -1 2 
5 -6 -4 -3 -2 -3 -2 -13 
-7 -9 -5 0 -1 -2 -3 -13 
-5 0 -2 -4 -5 -4 -5 -5 
-7 -8 3 0 0 -3 -2 -10 
15 4 -3 2 2 0 0 9 
-17 -34 -8 -1 0 3 1 1 
-4 2 7 -1 -2 0 0 -8 
-16 -9 -5 1 2 -1 -3 -15 
-1 -3 8 2 -1 -2 -3 8 
0 6 0 1 -1 -2 0 7 
3 -8 -11 -3 -3 -1 -3 -13 
36 -6 0 -1 -1 -2 -1 12 
-8 4 9 -2 -1 0 0 -6 
13 -5 -13 0 2 -1 -1 1 
30 10 7 0 -1 -4 -2 18 
-72 -5 -1 -5 -5 -6 -7 -32 
14 5 -6 -2 -1 1 1 11 
6 -2 -6 -4 -3 -3 -3 2 
-3 -5 -4 0 2 -1 1 -7 
2 -5 6 7 4 5 2 4 
-3 -14 -2 -2 -2 -3 -2 2 
-21 -38 -14 -5 -5 -3 -3 -14 
-8 1 0 0 0 -4 -2 0 
-3 1 8 -1 -2 0 0 -3 
-6 -8 -1 -1 -1 0 0 1 
21 9 -6 -1 -1 -4 -2 1 
-1 9 6 1 -1 0 1 10 
-6 4 14 2 -2 -1 0 -15 
8 -12 -20 -5 -4 -4 -4 -1 
39 23 2 -1 -1 2 -1 17 
-22 -12 -3 -2 -3 -1 -2 7 
-4 -7 -5 -4 -1 -3 -1 2 
12 2 12 4 1 1 2 13 
-31 8 3 0 -1 -4 -5 -35 
-10 -4 5 2 2 1 1 -6 
12 15 12 0 3 2 0 7 
4 -3 -24 -8 -3 -5 -4 6 
-1 -2 -5 -3 -3 1 1 2 
0 -4 1 1 0 -1 -2 -5 
-12 0 -9 -5 -5 -4 -3 -4 
3 -3 -2 -1 1 0 -1 -5 
4 6 12 4 2 -2 -1 12 
-15 -34 -17 -1 0 1 -2 -17 
13 14 1 0 0 -2 0 4 
-11 -2 -1 -2 -4 -3 -1 -5 
-1 -4 -1 -2 -1 0 0 -2 
