#EMG
#1
#ID:1-29
-2 -4 2 -2 -2 -2 1 3 
0 11 -3 0 -1 0 0 -8 
-29 -3 7 1 -1 -2 0 -12 
9 -5 7 -1 3 1 -1 6 
-7 1 15 1 -4 -2 -2 -5 
4 16 12 0 -3 -4 -1 8 
-10 -14 -13 -9 -6 -5 -5 -37 
8 8 4 1 -1 -2 0 4 
-11 -12 -15 0 3 2 2 1 
-2 2 -16 -1 1 0 -5 -15 
4 2 0 -2 -2 -1 -1 19 
-9 -9 -7 -5 -4 -1 -4 -10 
13 0 -13 -4 -1 1 -1 1 
-5 -13 -12 -1 -1 -4 -3 -8 
-9 -5 21 3 2 3 2 15 
4 4 -2 -1 -2 -3 -3 -7 
-4 -10 -6 -3 -1 -3 -2 2 
2 -11 -12 -6 -3 -2 1 -3 
8 5 5 0 -2 -3 -1 11 
-2 -2 -3 -2 -6 -3 -2 1 
-12 1 -4 3 1 1 2 1 
3 9 11 0 -1 0 -4 -3 
9 -6 -14 -1 -5 -2 -3 -5 
-22 0 -5 -4 -4 -4 -4 1 
2 2 3 -2 -1 -2 -2 5 
-6 3 8 0 -5 0 2 -7 
16 0 5 5 3 1 4 45 
-17 -5 -12 -4 -3 -2 -6 -54 
1 8 7 -1 -3 -1 -1 -1 
-13 -6 -1 -2 -3 -1 -3 -3 
11 0 5 -2 -1 0 -1 2 
11 1 -8 -2 -1 -2 -1 8 
-9 -1 9 0 1 1 0 -8 
5 0 0 2 -1 -3 -2 -10 
-12 -1 -14 1 1 2 3 3 
13 -22 -13 -1 -2 -1 0 3 
-1 -3 6 -2 0 -3 -2 -4 
0 -1 7 2 0 -2 -1 2 
-9 -2 0 -3 0 -2 -4 -8 
6 -4 -6 -4 -1 0 3 10 
7 -4 -5 -2 -2 -2 -1 1 
-30 -6 -4 -4 0 -1 1 5 
-8 2 5 0 0 -1 -2 -38 
7 6 14 2 0 -1 1 18 
3 5 -14 -4 -2 -5 -3 -1 
9 -2 3 3 2 0 0 -6 
2 3 0 -2 -3 -2 0 2 
0 6 7 0 2 -1 -2 20 
-4 -1 5 -1 0 2 -2 -11 
6 10 11 1 2 0 1 8 
-5 8 5 -2 -1 -1 -1 -3 
19 -8 -17 -1 -3 -2 -1 -5 
0 9 -17 -3 -2 -1 1 13 
1 4 -1 -3 -1 -3 -4 -12 
-3 4 14 0 -2 1 1 7 
-5 1 -3 0 -1 0 -2 -7 
4 12 8 1 -2 -1 0 -3 
-2 -10 -18 -2 -2 -2 -1 2 
-4 15 4 1 -1 -1 -1 -4 
-7 11 -5 -3 -1 -3 -3 -5 
12 3 1 0 -4 -1 -3 4 
-30 5 3 -3 -2 -1 0 -4 
-9 -14 -13 -3 0 -2 -3 -3 
7 -5 3 -1 -3 0 1 6 
-18 -2 3 -2 -2 -4 -4 -22 
7 1 3 1 0 0 -1 4 
-6 -14 -27 -3 -3 -3 -1 1 
-9 4 17 -3 -2 0 0 -7 
4 -6 -8 -1 -1 0 -1 2 
5 0 -6 0 -1 0 2 1 
4 -7 3 0 1 -1 0 4 
-4 1 10 3 1 0 -1 1 
0 0 -14 -3 -2 0 0 0 
11 -6 7 3 3 0 0 8 
-9 -3 -11 -4 -3 -2 -6 -41 
5 10 2 3 -1 -3 1 7 
-4 12 22 4 2 3 3 8 
8 12 -11 -3 -2 -2 -5 -2 
20 -5 5 -1 -1 0 -2 7 
-21 1 -7 -4 -3 -1 2 29 
-8 5 12 3 3 -1 -3 -35 
-13 -9 -16 -8 -5 -3 -8 -9 
4 -12 -3 -6 -4 -3 -1 5 
7 -7 -4 0 -3 0 -2 -4 
1 -7 -1 3 1 2 3 14 
10 5 -3 4 2 2 4 5 
1 -2 0 -3 -6 -4 -11 2 
-6 9 -8 -1 2 0 1 -12 
4 -19 -2 -4 -2 -3 -9 0 
-2 3 8 0 1 -2 1 -6 
-2 14 11 -4 -1 0 8 12 
-9 -15 -9 -1 -2 0 -5 -15 
1 -2 -15 -4 -2 -3 -4 9 
1 -13 2 -3 -1 1 4 4 
-3 2 3 3 4 -1 -10 -9 
5 -10 1 -4 1 1 7 32 
-38 -15 -1 -1 -4 -5 -3 -36 
-2 9 8 -10 -8 -7 -9 -19 
1 -3 -29 -2 -3 0 3 12 
9 -3 10 -1 -1 1 1 -8 
7 1 -19 -4 -2 -1 0 18 
3 20 19 15 7 2 2 -4 
-1 26 25 -5 -5 -3 -2 -4 
-1 -13 -33 -5 -3 -1 -10 -9 
-1 -25 -20 -3 -1 2 16 7 
-2 15 15 4 -1 0 -5 -7 
-1 -24 -7 4 4 -1 2 5 
-2 8 1 -2 -1 0 0 -4 
-7 -9 -7 -6 -4 -1 -3 -20 
7 -19 -12 -10 -5 -1 3 21 
-5 5 10 4 -1 1 8 -5 
0 -11 -2 -2 -4 -4 -4 -2 
-2 -5 10 -1 0 -1 1 -4 
2 2 17 8 7 5 -7 7 
-13 -4 -19 -7 -8 -6 -11 -27 
4 2 15 1 -1 0 -3 8 
8 -4 -33 -4 -9 -8 -2 2 
0 -48 -20 -4 -1 0 2 5 
11 0 -13 0 3 -1 -3 2 
0 1 11 2 -3 -2 3 22 
-8 33 40 6 3 4 -4 -27 
-8 -10 0 9 -1 -4 -2 -10 
-4 -7 -4 -9 -1 -1 -5 9 
5 -5 -36 -12 -3 -3 -2 -4 
14 -13 2 -4 -3 0 2 19 
-9 10 32 -2 -2 -1 -1 -13 
4 9 24 29 6 3 -2 5 
-8 -14 -4 -22 0 2 23 25 
9 22 -11 -7 -1 -5 -13 3 
5 8 -35 -8 -7 -6 0 20 
-2 -15 33 11 3 4 8 -19 
-4 -4 -32 -3 -2 -7 -13 -11 
-4 24 26 3 -4 -2 -2 -2 
2 -8 -3 14 1 -3 -2 1 
3 19 -44 -25 -7 2 3 7 
10 18 -12 -6 -4 -2 -6 -19 
-7 -6 22 8 9 8 10 10 
3 -6 33 10 0 -3 -5 9 
-4 20 -27 20 3 -4 1 -9 
-4 9 -62 -43 -13 -9 -16 -21 
1 5 -16 -14 -5 0 2 8 
3 -23 6 7 21 6 7 2 
17 53 71 21 -20 -8 -2 25 
-22 -13 20 9 5 3 0 -9 
-6 -25 -44 -16 -14 -8 -4 1 
-2 -5 24 13 7 3 0 -17 
20 -55 -1 -19 5 -3 -1 16 
-12 54 4 -14 -5 -4 -4 -30 
0 0 72 52 12 4 4 16 
-10 1 -52 -26 -7 -2 -3 -23 
-11 -39 -14 -14 -2 0 -2 8 
-10 3 25 19 1 0 -4 -13 
-18 -19 -17 10 10 3 1 -2 
27 39 -16 -18 -11 -5 -6 18 
-7 -15 -11 -2 -1 -2 0 -13 
9 -27 -13 0 -4 -2 0 16 
8 27 23 -5 0 -1 -1 -18 
-7 39 53 61 14 0 2 1 
-2 -50 -94 -90 -27 -10 -3 -4 
-7 -25 29 0 -5 2 -4 -9 
5 9 24 -2 1 0 -2 -8 
5 13 -1 -7 -6 -1 -5 -7 
-3 1 -8 19 14 2 2 8 
25 -11 41 21 6 3 7 3 
-33 -26 -47 -19 -13 -5 -8 10 
-18 -42 -15 -15 -2 -4 0 -4 
-2 10 35 19 5 2 1 -8 
6 -9 -34 0 0 2 2 -1 
25 1 9 -1 0 5 19 -1 
12 3 -8 -18 -11 -12 -20 4 
1 16 20 3 1 -2 -4 -8 
-8 -6 24 12 1 -1 6 16 
6 1 -5 -3 2 2 -1 1 
-6 -25 -41 -18 -8 3 9 -2 
-5 8 31 14 1 0 -2 -1 
-15 -22 -12 -4 2 1 1 -6 
12 -41 -4 13 0 -3 -3 11 
-25 -51 14 -24 -6 -4 -4 -12 
6 53 -14 3 2 4 1 6 
1 -12 -22 -6 -5 -2 -6 -6 
0 16 19 -2 -3 -3 -6 -3 
-1 -1 1 4 -2 0 2 -10 
-7 -34 8 14 7 4 5 10 
-3 71 30 11 11 2 3 4 
12 -24 -74 -26 -10 -8 -9 4 
-2 -24 -14 -1 -3 3 4 -11 
-18 13 7 -2 -1 -6 -4 -3 
13 0 48 15 5 5 10 2 
8 -11 -5 7 3 -2 -15 10 
-30 16 -8 -2 -4 -5 -5 -5 
-1 -31 -9 -7 -2 1 0 1 
-1 -77 11 -2 -4 -5 -8 -3 
-5 5 -6 -20 -6 -3 6 -2 
12 -1 -16 -3 -4 -2 0 4 
-6 8 1 3 -3 -4 -7 -5 
9 36 -18 2 -1 -2 0 -16 
3 -6 -10 0 -1 -2 -3 -5 
7 4 -15 -5 -4 -2 3 26 
0 -17 -5 -1 -2 -3 -7 -36 
-27 -17 11 -6 -4 -5 -7 -12 
5 19 26 8 1 -1 -4 1 
8 32 -39 -8 -4 0 15 29 
-9 -61 16 4 4 1 0 0 
-7 -14 -28 -7 -6 -4 -2 -5 
-3 19 40 7 3 -2 -5 7 
-11 16 11 0 3 1 3 -6 
3 -13 -7 -4 -5 -3 0 14 
20 -7 -19 0 -2 -5 -4 14 
-17 7 1 0 3 3 12 -3 
3 7 11 -4 -3 -4 -18 -21 
2 0 -15 -10 -3 -4 -7 12 
-13 -24 14 0 -1 -2 -15 -17 
-5 10 -23 -5 -4 -5 2 -12 
3 -3 11 1 1 3 7 -11 
-6 1 14 -5 -4 -7 -4 -1 
18 7 -5 5 2 3 2 -3 
-18 -15 -13 -7 -3 -2 -15 -5 
-3 -1 4 -1 0 1 3 8 
-8 15 -10 8 1 -1 -4 -39 
7 27 16 -9 -5 -2 3 -8 
-13 -19 -19 2 2 -3 -12 -1 
4 26 12 -3 -2 1 5 -1 
10 20 1 1 1 0 -19 2 
-4 23 6 5 -1 -1 6 20 
-8 -17 -28 -12 -6 -3 4 -9 
-1 22 18 -4 -5 -2 -9 -9 
-5 1 -8 -2 -1 2 14 -1 
-12 -32 -45 0 -1 -7 -20 -9 
6 -3 20 0 -1 1 1 3 
-3 -17 -1 3 3 0 2 -11 
13 31 0 0 -2 -4 -4 -1 
2 35 -7 -5 -2 0 1 11 
2 -15 0 6 5 1 9 4 
3 -5 -41 -10 -3 -4 -12 -11 
-8 -22 23 2 -2 0 6 5 
-13 -22 -25 -3 -4 -2 17 24 
7 -1 7 -2 -6 -5 -16 6 
1 23 4 4 2 3 10 -9 
-4 9 -22 -6 -2 -2 1 9 
-11 -14 28 -2 1 -1 -8 -15 
17 27 35 18 2 3 4 -3 
-3 -30 -22 -17 -7 -9 -19 -10 
3 10 -9 -11 -3 -1 14 16 
-1 14 12 12 3 2 1 -20 
24 14 36 0 -3 -1 3 29 
-8 -19 15 7 0 0 -8 -21 
-5 -9 -34 -6 -2 -3 -24 -22 
-1 30 -14 9 5 2 20 30 
-1 -18 -2 -21 -12 -4 -4 -10 
-18 -6 16 4 0 2 10 14 
2 2 -4 -5 -3 1 0 25 
6 -4 19 4 1 -2 -4 -8 
1 32 -32 3 5 3 2 -2 
4 -15 -19 -2 -1 -3 -4 -6 
-10 -13 7 -2 -4 -6 -4 -15 
34 -2 39 2 -3 -2 -11 2 
-36 -30 -27 -6 0 -1 8 -18 
-2 13 21 3 1 0 -4 -7 
9 2 -6 3 -1 -4 0 3 
2 28 8 -9 0 6 1 -3 
-6 -21 13 2 4 -3 -11 -22 
15 64 13 15 1 -1 1 25 
-14 -17 -7 -20 -7 0 4 15 
-5 -30 -32 -14 -8 -6 -2 -24 
-1 -16 17 1 2 0 0 -2 
-12 -28 4 1 0 -2 0 6 
7 16 -3 5 0 -5 -1 -10 
0 -35 -11 -7 -4 -2 -6 -17 
-6 -9 -3 -2 -4 -2 2 -8 
5 24 -1 3 -1 -2 1 6 
0 9 11 2 -1 1 5 4 
-9 -2 -19 1 1 -2 -8 7 
2 8 13 1 -2 -4 -1 -5 
-17 -23 1 2 1 3 4 -3 
8 -7 -9 0 10 6 2 4 
-29 -1 -34 -21 -12 -7 -3 -8 
33 22 4 0 -3 -3 6 60 
19 31 63 14 8 5 -4 -42 
-19 -13 -30 -13 -6 -5 -4 -5 
-2 -12 34 22 4 1 -1 -14 
-16 9 -35 -23 -6 -5 -4 -1 
-16 -17 -26 -11 -11 -3 3 11 
1 -9 12 -1 -3 -4 -8 -10 
14 6 26 2 2 3 2 15 
-2 2 11 16 2 -2 -4 -19 
-2 0 15 6 6 2 1 14 
-1 -8 -15 -19 -11 -4 1 -11 
-8 -9 -16 -6 -3 -3 -1 15 
0 -9 -3 0 1 1 0 -7 
5 -5 -19 -10 -4 -4 -4 -2 
8 -8 -10 9 2 1 1 7 
-2 -2 4 0 2 0 -1 -7 
-12 0 -22 -3 -1 -1 -3 -9 
5 -11 -9 -10 -6 -3 0 5 
-1 -3 25 16 6 3 1 0 
2 7 -13 -7 1 0 1 7 
6 1 -17 -9 -4 -3 -4 -11 
1 -23 -14 -5 -1 0 1 6 
-2 15 12 -1 -2 -3 1 -1 
-4 3 14 8 2 1 -1 -1 
-3 4 5 2 -1 -1 0 2 
-3 -5 -7 -8 -2 -2 -3 -4 
0 4 8 5 -2 0 -1 -2 
-4 3 -1 1 0 0 2 -2 
0 -8 -14 -6 -3 -3 -2 -2 
-5 -4 -9 -5 -2 -2 -3 -8 
0 1 16 7 0 -1 -1 -2 
-3 -6 -28 -12 -4 -1 -3 1 
28 17 4 -3 -3 0 -1 14 
-25 -26 -3 1 1 0 -2 -19 
0 -1 7 -1 0 -3 -1 2 
-3 6 6 1 -1 -1 0 -6 
-6 5 12 1 -1 0 0 -3 
16 -1 -3 2 1 -2 3 21 
1 3 -17 -5 -2 -2 -5 -19 
-7 6 -3 3 -1 -2 -1 -1 
-8 -10 -19 -7 -3 -5 -3 -18 
18 5 7 3 1 3 4 23 
-20 -14 -8 -5 -4 -3 -5 9 
13 4 10 5 1 0 -1 -31 
-6 6 6 1 1 1 1 14 
8 -4 -19 -5 -2 -4 -3 -2 
8 4 11 0 -2 1 1 6 
0 3 15 3 1 3 1 11 
-14 -18 -33 -6 -3 -2 -4 -9 
-3 -1 2 -4 -2 -3 -1 -9 
-3 2 -2 0 0 0 0 -8 
-6 -1 15 6 1 -1 -2 4 
7 3 -2 -3 -2 -1 0 -2 
-5 -4 -10 -8 -6 -5 -6 -2 
-12 -9 -4 5 8 6 6 1 
5 -3 3 -1 -1 -3 -4 -1 
-1 6 14 3 0 -2 -1 -1 
1 6 0 -1 -1 0 -2 1 
4 5 15 -1 -2 0 -2 -1 
-2 -7 -10 -2 -1 -1 0 3 
-6 -6 -11 -5 -6 -4 -3 -2 
0 2 -2 -3 -4 -4 -3 -1 
3 -2 -4 1 0 -2 0 -2 
0 -7 -3 -4 -2 0 -2 2 
-4 -5 -7 -3 -4 -2 -3 -2 
-4 13 9 2 0 1 0 -5 
2 2 -5 -2 -1 -2 -2 -1 
-5 0 -5 -2 -1 2 0 -2 
0 1 14 3 1 1 2 -1 
4 4 -1 2 -1 -2 -1 1 
-2 -11 -20 -8 -3 0 -1 -4 
-6 -3 -4 -5 -3 -2 0 -1 
-2 3 7 3 -1 -1 -1 0 
-13 -13 -4 -3 -3 -4 -2 -3 
4 8 7 1 -3 0 -2 1 
0 0 0 -5 -1 1 1 1 
-3 2 -31 -6 -2 -1 -1 -1 
-13 -22 -4 6 4 4 1 -11 
32 -3 -5 -8 -5 -5 1 17 
-23 -1 2 0 -1 -3 -2 -23 
-5 -7 25 2 1 -1 -1 -2 
8 5 0 -3 -2 -2 0 15 
-12 3 -1 1 -1 0 -2 -34 
0 -1 -13 -1 -1 -3 -3 6 
0 -4 1 -2 -1 -3 -1 -1 
11 -2 11 -2 -3 -1 0 -1 
-9 -9 -1 1 -3 -2 1 14 
12 3 -13 -3 -2 0 0 3 
-13 -1 4 2 0 2 1 -9 
-7 -4 -9 -1 2 0 2 7 
2 4 6 0 -2 -4 -3 -1 
11 11 13 4 1 2 3 17 
11 8 24 4 3 -3 -3 -15 
-40 -18 -35 -7 -2 -2 -3 -18 
-6 2 0 0 -1 0 -2 4 
3 -5 3 -2 -2 -2 -1 5 
3 2 -6 -4 -4 -2 -3 2 
11 12 16 2 1 1 1 4 
-10 4 6 2 0 -1 -2 -12 
-14 -8 -18 -5 -5 -2 -3 5 
16 -2 3 -2 -1 -2 -3 2 
-5 -5 -5 -2 -2 -2 -2 -6 
-2 -11 -5 -3 -2 1 0 4 
-1 1 11 2 0 -1 2 -3 
1 -1 -9 -5 -4 -2 -2 17 
-9 -3 -3 1 1 0 -1 -29 
6 2 6 4 0 -1 -3 1 
-14 -5 0 -3 -2 -1 -2 -2 
-8 -5 -9 2 2 3 1 -9 
19 7 12 -1 -2 -4 -1 38 
-14 -9 -1 -5 -1 -4 -1 -22 
1 -9 0 3 1 1 -2 -9 
-28 3 -6 0 1 -2 0 -4 
10 -5 5 0 -3 -2 0 7 
-4 7 -7 0 -3 -3 -1 4 
-2 -1 -12 -5 -5 -4 -5 -3 
-1 12 2 0 1 3 1 3 
1 5 -9 -3 -1 3 0 -5 
-11 -8 0 0 2 1 -1 0 
5 -1 -4 -1 0 -1 0 -5 
4 -1 12 1 -1 -3 0 -2 
-8 1 -1 -4 -5 -4 -3 -8 
7 4 -11 -4 -2 -3 -4 -1 
4 -10 -9 -5 -3 -2 0 2 
-1 1 -4 -1 1 -1 -1 0 
2 -4 -7 0 1 -1 -2 0 
-1 -16 -8 -5 -3 -2 -1 4 
-11 1 -1 0 -2 -2 -3 -15 
-6 -13 -7 -3 -2 -1 -2 3 
18 30 -5 4 1 2 -1 -3 
2 0 -4 0 -1 -2 -1 10 
-9 -4 1 -2 -1 -2 0 -24 
-38 -12 -4 -1 -4 -1 0 -6 
19 -13 7 0 0 -3 -1 6 
-6 0 -8 -2 -2 -2 -2 -7 
6 7 12 2 3 1 4 18 
12 7 4 -2 -1 0 1 0 
-7 -9 5 0 1 0 1 4 
1 6 0 -2 -3 -3 -4 -3 
6 -8 0 0 -3 0 -2 7 
9 -5 -8 -2 -2 -3 -4 2 
-15 1 1 -1 0 -1 -1 -10 
4 6 0 1 1 0 -1 -2 
0 2 -4 -4 -3 -1 -3 -2 
7 5 1 3 -1 -1 -1 -2 
11 -2 -1 -1 -1 -1 -1 3 
23 3 3 -2 -2 -1 0 23 
-13 -1 -7 -4 -5 -4 -6 -23 
0 -2 3 0 0 -1 0 -2 
-9 0 -1 3 3 2 1 -1 
2 5 10 3 0 1 0 -1 
11 8 -2 0 1 -1 0 10 
2 -21 -12 -1 0 1 0 -2 
-10 3 1 -1 -2 -2 -1 -9 
-3 -6 0 -3 -3 -3 -1 1 
15 22 4 -2 -1 -2 -4 -5 
-1 -6 -6 1 -2 -1 -2 -5 
-3 -1 9 -4 -1 3 3 1 
-9 -4 4 2 -2 -2 -2 -4 
-1 4 -3 -5 -3 -2 0 9 
2 8 3 0 -1 -1 -5 -20 
-6 -4 -5 -5 -6 -4 0 26 
5 -7 -4 -2 -1 2 -2 -31 
-1 0 1 2 3 0 0 11 
5 9 7 0 -2 0 0 7 
-3 1 3 0 1 -2 -1 0 
-7 -3 -12 -4 -3 -1 -2 1 
-2 -8 -2 0 0 -2 -2 6 
4 7 -8 -1 -1 -3 1 1 
-5 -8 -7 -2 -3 -1 -1 -11 
11 -1 -7 -4 -2 -1 -1 8 
-36 -12 0 -1 -1 0 -1 -9 
-1 -5 3 1 0 0 -3 -1 
4 -11 -9 -6 -5 -2 -3 -3 
5 -13 -21 -2 -1 -2 -2 -3 
-1 -22 -6 -3 -3 0 1 9 
3 -3 5 1 2 -1 2 8 
2 2 1 1 -1 -5 -6 -10 
-12 5 6 0 0 -1 0 1 
4 -8 -10 -5 -6 -5 -2 -8 
3 3 1 0 -1 -2 -1 5 
2 -21 -16 -3 -2 -1 -1 -14 
-11 0 10 1 0 0 1 -3 
5 1 0 2 0 0 -1 2 
3 9 4 -2 -3 -2 0 15 
-11 7 -10 -2 -1 -1 -2 -12 
-3 -5 -3 0 -2 -3 -2 1 
-3 -2 0 -4 -3 -2 -3 -3 
-3 -5 -5 -2 -1 -1 -1 -1 
-7 0 0 0 -1 0 -2 9 
-4 7 -7 -2 -2 -1 -3 -11 
3 11 4 2 3 1 0 4 
13 -10 -22 -8 -5 -4 0 5 
5 2 -2 1 0 0 -2 -3 
-4 15 15 1 -2 -3 -2 -12 
-4 -2 1 -2 -1 -3 0 -3 
-4 2 9 1 0 -2 -2 -6 
-3 0 2 0 -1 -1 -1 -4 
-3 -1 5 7 5 3 1 0 
11 4 2 2 -1 -1 -1 2 
-7 -2 -2 -2 -2 -3 1 6 
1 3 -2 0 -2 -3 -2 0 
-5 -12 0 -4 -2 -1 -2 4 
-2 7 6 2 0 2 -1 -3 
-3 -3 -4 -1 -2 -1 -2 -4 
-3 7 8 1 2 5 6 30 
4 35 -7 -4 -3 -6 -6 -31 
1 -1 -4 -1 -1 0 0 -1 
-4 -5 -2 -4 -2 -2 -1 -7 
7 7 9 -1 -1 -2 2 6 
-2 -11 -3 -2 -2 -1 1 7 
4 3 -3 -4 -3 -3 -2 1 
-8 23 12 11 7 4 4 1 
28 14 7 -2 -2 -2 -3 -9 
-21 -31 -19 -8 -6 -4 -1 4 
-1 -3 5 0 1 -3 -1 -7 
-1 2 3 -2 -2 1 -3 -4 
-1 -10 1 1 -1 -1 -2 -1 
5 -8 -5 -2 -2 -2 -3 2 
6 8 8 5 0 1 0 0 
3 5 -9 0 1 1 -4 0 
-7 4 4 -6 -4 -4 -3 -3 
16 -2 6 0 1 1 1 6 
-14 -10 -3 -1 2 -1 -1 -7 
1 0 5 0 -3 -3 -2 -7 
-6 -4 0 1 1 -1 -4 -9 
-5 8 11 0 -2 1 2 4 
7 -1 -6 -1 -4 -1 0 7 
-3 -18 1 -7 -6 -3 -2 0 
-12 7 -1 -5 -4 1 -2 -12 
-5 -4 0 -1 1 0 0 8 
6 3 -3 -2 0 0 -2 -9 
-9 -11 4 -2 -1 1 -1 2 
-4 9 -1 3 1 -3 -3 -6 
-14 -13 -27 -9 -5 -4 -5 -21 
-5 -10 -12 -2 -1 0 -1 -7 
-1 10 5 -2 -4 -4 -1 -1 
14 -2 -3 -1 -5 -2 0 4 
1 -5 3 2 2 1 2 8 
16 0 -5 3 4 0 1 10 
-11 -13 -9 -4 -5 -2 -5 -25 
0 -9 -19 -5 -2 -2 1 13 
3 -2 3 -1 0 -1 0 1 
-1 -2 0 0 -2 -2 -1 2 
-1 4 -1 1 1 0 -2 -9 
-2 -6 4 2 1 0 0 8 
-4 2 7 1 -2 -1 -3 -4 
-1 -9 -18 -5 -2 -2 -2 -4 
2 -6 -6 -4 -2 -2 -2 6 
-12 -4 -5 -3 -1 -2 -1 -5 
2 -1 -1 -2 -2 -4 -4 3 
-12 -8 1 1 1 1 0 3 
0 -1 12 -1 -1 1 -2 3 
5 -2 -6 -1 -2 1 0 4 
-3 -3 13 0 -1 0 1 -5 
0 6 4 -1 -1 -3 -2 -1 
-5 -8 -13 -5 -1 -2 0 -4 
-2 -7 7 2 1 -2 -1 -1 
6 3 -10 3 0 3 3 3 
-24 0 -4 -8 -4 0 2 4 
3 -17 12 -4 -2 -2 -1 1 
-6 -4 -9 -4 -1 -1 -2 -6 
-2 -4 -9 -4 -3 -2 -4 -6 
5 -2 1 -1 -1 0 -3 2 
-6 6 2 5 0 1 1 -2 
19 2 -5 -5 -3 -4 -3 -11 
-34 -18 -2 -2 0 -2 -5 -17 
-3 -3 2 1 -2 -3 0 1 
16 8 -7 -3 -1 -2 0 8 
-23 4 7 2 2 -2 -3 -38 
14 14 4 0 -3 -1 -2 10 
-3 2 -16 -9 -5 -4 -3 3 
2 -9 -19 -3 -4 -3 -4 -7 
4 9 -6 -3 -4 -2 0 6 
13 5 -4 -1 -1 1 2 26 
-10 3 9 -1 -4 -3 -4 -32 
6 6 1 1 0 -2 -2 9 
-9 -17 -1 1 0 0 -1 -1 
0 -5 -7 -6 -5 -6 -1 3 
6 -5 1 4 1 1 1 8 
-5 3 -5 -1 -2 -1 -1 -5 
9 12 8 6 3 0 1 11 
1 14 1 -3 -3 -1 -3 -7 
0 -4 -3 -3 -1 -2 -1 4 
-7 -2 6 0 -1 0 -1 -12 
-9 -11 -14 -7 -4 -5 -2 1 
2 -5 3 3 2 1 1 -2 
2 2 -1 3 -1 0 -3 -1 
-4 -8 -11 -6 -4 -2 -4 -5 
-14 -4 7 4 2 2 0 -2 
14 1 -1 -3 -3 -4 0 1 
-11 -8 -3 -2 -1 -1 -1 -10 
-1 -2 -2 0 1 0 -1 10 
-7 -2 2 -2 -3 -1 -3 -7 
-7 1 -2 -2 -2 -3 -2 -10 
3 -5 2 -3 -3 -1 0 14 
0 3 -8 0 -2 -2 0 0 
-10 -9 -9 -5 -4 -4 -3 -3 
-8 -6 1 2 1 1 1 1 
2 0 3 -1 -1 -3 0 -5 
-2 0 9 0 -1 1 0 -1 
10 -4 5 0 -1 -1 0 19 
-10 -9 -11 -3 -3 -3 -5 -42 
-7 -5 3 2 1 1 -1 -8 
-5 6 15 2 -1 1 1 -2 
1 -2 -7 -3 -1 -1 0 1 
17 -3 5 2 2 0 1 12 
-5 -4 -8 -5 -5 -6 -6 1 
-4 5 -2 -1 1 1 1 -5 
-5 -7 0 -1 -1 0 0 -6 
-10 9 -10 -4 -2 -2 -3 6 
5 1 1 2 1 0 2 20 
0 -18 -15 -4 -2 -4 -4 -16 
1 5 5 0 -3 -1 -2 3 
-4 -5 2 -1 -1 2 0 -2 
7 5 3 1 0 1 0 9 
-4 7 7 0 -3 0 0 2 
1 4 0 -1 -1 -2 -1 -1 
3 -8 -4 -2 -2 -3 -2 8 
-12 -1 1 -1 0 -1 -1 -12 
-1 6 7 0 -1 -1 0 -3 
-7 11 -4 1 1 2 0 -2 
-5 3 2 0 1 0 -3 6 
-4 -4 5 1 0 0 0 -4 
