#EMG
#1
#ID:1-83
13 -5 8 0 1 -1 3 19 
3 5 -5 4 2 2 1 -4 
-4 0 -10 -4 0 0 -1 -6 
-2 0 10 2 0 -2 0 10 
-1 -5 -12 2 1 4 2 -1 
14 10 18 5 0 -1 0 6 
-8 -8 1 -1 0 -2 -4 -5 
-5 2 -6 -3 -2 0 -1 5 
-3 -7 4 0 -1 -2 -2 7 
0 5 19 6 2 2 0 -7 
-20 -6 -13 -5 -3 -4 -3 -16 
5 4 8 2 3 1 0 9 
-3 -14 -31 -6 -6 -3 -2 3 
-1 -1 0 -2 -1 -2 -2 -2 
-4 13 -1 0 -1 -2 -3 -3 
1 3 -4 -3 -2 -3 -2 8 
-2 -4 10 0 1 1 -1 -19 
-4 -6 -13 -3 -1 -1 -2 0 
-17 -5 -4 -2 -3 -2 -1 -8 
0 4 -4 -3 -2 -1 2 3 
-3 9 13 5 3 1 2 18 
10 -7 -5 -4 -4 -3 -5 -15 
30 5 1 0 3 1 1 8 
-15 -5 2 -3 -4 -3 -5 -1 
-15 -5 4 -3 -3 -4 -2 -12 
-4 5 5 -2 -1 -1 2 12 
17 -7 -9 0 -1 -2 -3 9 
5 0 -2 2 1 3 0 -3 
11 8 3 -4 -1 -2 -1 3 
-5 14 -3 -3 -3 -2 -2 1 
-11 -3 -2 -3 -2 0 -1 -6 
-5 2 16 4 2 3 2 4 
-8 -15 -33 -9 -1 -3 -2 -7 
-2 -1 2 0 -4 -3 -1 4 
-10 -3 7 2 1 -1 -2 0 
0 9 1 -3 -3 -2 -3 -4 
1 -11 -9 -1 3 0 0 -5 
2 -7 14 3 -4 -2 -3 1 
-14 -7 -4 0 1 1 -3 -29 
3 7 -2 -2 -2 1 -1 1 
3 9 17 3 -4 -2 -3 -6 
28 -3 -10 -4 1 1 1 38 
-11 3 2 -1 -2 -1 -3 -10 
3 -15 -10 -1 1 -1 2 1 
-16 -2 19 0 -1 -1 -1 -9 
4 1 -7 -3 0 -1 1 7 
-6 -6 -7 -1 -2 0 -1 -11 
2 -5 -21 -5 -4 -4 -3 -5 
8 1 2 0 -2 -3 -4 5 
-17 -12 4 3 3 1 0 -16 
2 -11 -13 -8 -3 -2 0 7 
-7 5 7 0 -1 0 0 -8 
1 6 13 3 1 2 2 5 
0 8 -37 -2 1 2 0 13 
-20 -17 -22 -9 -7 -3 -3 -40 
9 0 5 -1 1 0 0 10 
15 -2 2 -6 -4 -4 -2 4 
-16 -2 9 2 -2 -3 -1 -17 
-1 12 8 2 -1 -1 2 23 
-4 -18 -11 -3 -2 -5 -5 -3 
10 -2 -4 2 1 2 -1 -18 
-7 -3 1 -4 -1 -1 0 5 
12 5 5 -2 -2 -4 -3 10 
-2 -6 -1 -5 -4 -4 -2 -11 
-16 -5 -6 2 1 -2 1 -1 
-9 1 -5 -3 0 0 -2 -22 
10 6 -2 -1 0 1 2 11 
-7 -4 -2 0 -1 -2 -1 3 
11 7 15 3 -2 -2 -1 31 
-7 -6 -18 -8 -5 -2 -2 -25 
14 0 -1 -2 3 -1 0 5 
-11 -3 -2 2 1 0 3 -14 
-26 1 -8 -2 0 1 0 1 
4 9 12 -3 -2 -2 -2 5 
-3 3 5 -1 -4 -3 -1 -6 
3 -14 -9 -1 -3 0 -1 10 
-2 -2 -10 -1 0 2 0 -10 
1 -2 10 0 1 -2 -1 -8 
-1 7 -14 -4 -2 -3 -2 1 
-4 6 1 0 2 0 0 -4 
-1 -12 11 -3 -3 0 1 3 
-4 -7 4 3 1 1 -2 0 
1 1 11 2 3 1 3 9 
11 8 0 1 1 0 1 21 
-6 -14 -27 -7 -4 -4 -8 -31 
3 -3 7 5 5 4 6 3 
-6 -22 0 -1 -1 -2 -3 3 
-4 4 -6 0 -1 -1 0 -1 
19 15 -10 -6 -2 -5 -5 9 
-26 -9 -11 -4 -4 -3 -6 -30 
3 15 9 -2 -3 0 0 -4 
-5 -16 0 -2 -1 1 3 3 
13 20 -8 -3 -5 -6 -9 -7 
8 -10 -19 -5 -5 -2 3 10 
-4 -3 5 4 5 3 -4 3 
0 -14 11 2 -4 -4 -4 -1 
-16 -20 -11 1 -1 -1 1 4 
-15 0 9 -2 -1 -3 -4 -26 
-6 -4 8 3 -2 1 6 -4 
18 4 -14 -7 -6 -4 1 31 
-13 -1 -2 1 1 0 -5 -22 
0 -21 13 2 -1 2 -1 21 
-2 -2 -6 -5 -2 -2 -8 -12 
-1 23 6 1 1 2 5 -21 
-2 19 20 1 -2 -1 1 12 
-1 7 8 -1 0 2 8 24 
-11 -20 -13 -3 -6 -8 -15 -47 
-2 -19 13 2 3 1 -1 -1 
-27 -22 10 -3 0 -1 2 2 
-3 7 -3 -5 -2 -4 -8 -12 
5 7 -4 0 -4 -1 7 14 
-18 -3 8 -5 -2 -2 1 -1 
20 -1 7 -3 -4 -3 -8 -4 
-13 13 17 5 3 0 -3 -7 
-10 -12 -17 -1 0 0 4 8 
7 4 -22 -5 -1 -1 -1 1 
-9 -5 11 6 1 2 3 -11 
17 27 -37 -10 -7 -7 -5 20 
3 -5 1 -1 -5 -3 -2 -17 
2 -1 -8 1 1 0 -7 -4 
-1 26 7 13 3 0 0 0 
8 3 -21 -23 -5 -2 1 20 
2 -4 9 3 3 2 -1 15 
-3 15 -3 -5 -1 -2 -6 -7 
2 -16 -10 1 -2 -3 1 4 
-1 10 41 5 2 -1 -4 -14 
-4 -11 -63 -18 -9 -3 0 8 
4 17 34 2 -1 -1 -4 9 
6 -16 -45 -9 -5 -3 -2 20 
11 34 22 19 5 -1 -1 -2 
3 10 46 -7 -3 0 2 16 
0 -17 7 23 2 0 -7 -17 
-5 -21 -11 -22 -1 0 4 2 
0 -31 -16 -6 -2 -1 4 2 
3 4 30 8 1 -1 -17 -26 
-3 -2 -28 -6 -4 0 23 35 
11 -57 39 0 -6 -3 -1 -28 
-10 1 -16 13 7 2 -2 10 
-1 4 1 2 1 -2 2 3 
-4 -14 -11 3 -1 -3 -12 -19 
-9 14 19 7 -1 -1 0 -11 
1 -14 -32 -30 -6 2 6 9 
-3 -45 25 -9 -8 -4 -7 -2 
3 -7 -26 -8 -4 -1 1 -5 
-3 23 -25 1 4 1 4 12 
-12 -12 72 25 3 2 0 -21 
-2 28 19 -3 7 1 7 19 
-1 -12 -84 -10 8 -1 -5 -11 
-3 5 17 11 -12 -3 -1 6 
18 -15 -58 -40 -22 -9 -8 -38 
-3 8 -9 24 0 -1 3 5 
-13 28 83 -26 -6 -2 -1 -8 
-10 36 -67 -16 -6 -4 -5 -3 
35 -40 -34 -2 2 -2 -5 40 
-27 39 -6 1 -3 -3 -4 -27 
7 22 16 26 11 6 5 -7 
-7 -27 61 24 8 2 1 -3 
-3 12 -48 -46 -13 -1 3 18 
13 -15 -59 -9 1 -1 -4 3 
-2 -13 15 -24 -13 -5 -4 4 
17 12 19 12 5 4 -3 30 
5 -4 -34 -1 -2 -4 -7 -76 
-5 42 70 39 14 4 5 15 
-21 5 -39 -8 -4 0 0 -17 
-6 -3 -82 -13 -7 -4 -3 -6 
-8 -9 27 22 1 0 0 2 
-10 24 35 -16 2 7 7 8 
30 -16 -17 6 -1 -2 -3 18 
-9 2 -16 -13 1 0 -6 -50 
4 5 16 17 -1 -2 0 17 
-9 -34 10 -6 -8 -2 3 13 
-16 8 -7 8 0 -3 -5 -38 
3 -35 -28 -30 -4 0 8 7 
20 -14 24 21 10 0 -13 -2 
-21 -10 44 6 -2 -2 2 8 
-5 0 -11 -10 -13 -4 -7 7 
3 13 1 -5 2 2 2 -1 
-17 -14 6 -3 0 2 6 -5 
44 -21 -30 -4 -4 -8 -5 15 
-1 -6 34 27 11 3 0 -7 
-1 4 -9 -14 -7 -3 3 31 
-29 13 -24 -4 -4 -2 0 -3 
10 -22 -25 -1 2 -5 -8 -16 
-5 -6 14 -13 -4 -2 2 10 
9 -1 -9 10 -6 -2 -6 -11 
-42 6 13 -17 -6 -5 1 4 
12 -5 -46 -16 -5 -3 -1 24 
9 -24 14 2 -3 -6 -17 -13 
-8 22 41 24 9 4 7 7 
30 -9 24 12 4 -8 -10 -4 
-22 -2 -51 -12 -4 4 5 -21 
21 -10 -25 -5 -9 -3 2 33 
3 -16 5 -5 4 2 -6 14 
-1 20 26 11 3 2 4 -12 
7 15 8 -2 2 -3 2 -7 
-2 9 9 2 1 -1 -1 1 
27 12 1 0 0 0 5 24 
-6 -3 -2 -4 -6 -6 -14 0 
0 -27 -5 0 -4 1 2 18 
-20 -6 -7 -7 -4 -2 -2 -53 
-3 -12 11 0 -1 -1 4 -9 
6 4 4 27 5 4 8 13 
7 22 -54 -31 -5 -4 -11 -3 
-1 -31 -2 -4 -2 -1 4 13 
-12 20 -22 -3 -2 -6 -7 -18 
-11 -25 -16 -4 -4 0 -1 -12 
-9 -3 10 9 0 -3 -2 -9 
-17 19 19 0 6 5 8 3 
-9 3 6 -1 -3 -4 -8 -13 
22 -4 12 -1 -2 1 3 13 
-18 14 20 8 0 -2 -4 -13 
-7 10 15 -2 3 2 -3 -9 
-5 -5 -41 -9 -6 -4 -3 -13 
4 -8 -14 -3 2 3 4 12 
6 1 5 1 -4 -3 -6 12 
4 6 19 5 4 2 -1 -30 
-14 1 10 -3 -4 -3 -2 -3 
-6 28 31 3 2 3 8 -2 
18 -5 -29 1 -3 -3 -7 -8 
6 6 2 -2 -2 -2 1 14 
-1 -11 14 0 0 0 -6 -26 
-17 21 -27 -7 -3 -3 10 27 
13 -23 17 2 -1 0 -3 -2 
6 12 -10 -2 -5 -3 -4 11 
6 1 25 4 4 2 1 -10 
-19 -19 4 1 -1 -1 -4 -1 
-19 -14 -24 -9 -3 -4 2 -9 
6 7 -14 4 0 6 5 4 
-2 -11 28 3 2 0 -1 5 
8 17 33 -4 3 3 -3 22 
-4 -4 7 1 -1 0 1 -7 
10 -11 -5 -1 0 -3 -5 4 
-15 -4 -6 1 -1 -1 12 15 
2 24 15 -3 -2 -1 -1 -11 
6 6 6 -2 -5 -1 5 8 
-16 1 -6 0 -2 -2 12 11 
10 17 0 -5 -2 -7 -16 4 
8 -5 8 -3 -3 -4 -19 -15 
-17 -9 2 -4 -6 -3 16 1 
-36 -25 -19 -7 -4 -5 -13 -22 
-5 1 -2 -3 -2 4 13 7 
3 -17 8 -1 -2 -6 -9 5 
21 0 6 -8 -4 -2 -5 -22 
-47 -14 -11 1 0 3 1 -14 
-7 -22 -6 -4 -5 -5 -4 -15 
-4 15 -24 2 0 0 -9 -8 
-6 -2 30 13 10 6 18 -3 
14 -13 -36 -13 -7 -6 -9 14 
2 9 -11 -9 -5 -8 3 19 
-7 -2 -1 4 2 2 7 0 
-1 10 3 5 2 -1 -14 -14 
18 -11 3 -4 -3 -7 -20 -27 
-15 14 33 21 16 12 33 32 
6 -51 -42 -12 -5 -10 -34 -10 
-13 -5 -14 -11 -3 0 12 22 
14 30 26 2 -2 -2 -1 24 
3 -14 -25 -4 -4 -2 -4 -16 
-2 1 -17 1 2 -3 -5 -10 
15 -6 6 3 1 3 7 32 
-6 15 -14 0 2 3 7 5 
10 2 -12 -7 -4 -4 -18 -20 
0 9 -1 -1 -2 0 17 11 
-9 -3 -22 -4 -4 -4 -29 -12 
7 13 12 2 -1 -2 19 5 
17 9 5 5 0 -1 -10 2 
-3 -5 -27 -10 -4 -2 0 -26 
-18 -33 10 3 4 3 8 4 
9 16 -3 2 -1 -8 2 29 
-7 33 47 5 3 7 8 4 
0 6 14 2 -3 -4 -5 -16 
18 16 -12 4 0 3 5 -8 
5 -7 20 -2 -1 -3 -8 -1 
0 -29 -73 -18 -10 -8 -10 -1 
-2 3 -38 0 -1 0 10 -4 
-7 -14 -27 -6 -1 -1 -5 -20 
-16 -12 10 1 -2 -2 -10 -16 
0 -9 31 12 3 2 -1 -11 
8 10 -2 -13 -8 -6 1 39 
-26 -16 18 7 5 3 0 -13 
10 1 -25 -13 -5 -1 2 -5 
-2 -29 -31 4 2 -2 -5 7 
-13 -35 69 7 3 4 6 -2 
16 11 -34 2 -4 -5 -8 3 
-9 12 -8 -13 -2 0 8 12 
2 31 -29 -1 2 0 -9 -13 
4 22 42 13 1 1 10 2 
-5 0 13 -10 -7 -4 -8 -9 
0 -15 2 8 4 5 -2 -9 
6 1 -11 -2 -8 -7 -6 -3 
-12 2 -11 -9 5 4 6 -2 
13 3 -6 -2 -2 -1 2 6 
-22 -25 -19 -5 -3 -6 -14 -30 
3 17 31 -10 -1 0 9 37 
-5 -2 -4 8 -1 -2 -3 -4 
-3 22 17 4 3 -1 6 -14 
9 -5 5 6 0 -1 -13 26 
-29 -9 -29 -13 -5 -4 -7 -28 
-9 9 -6 -3 -3 -1 4 2 
38 23 56 22 9 5 -6 20 
16 -7 -14 20 3 -1 5 1 
-21 -24 3 -27 -12 -9 -8 -21 
0 6 -34 -3 -2 0 3 1 
-10 -20 -53 -18 -7 -4 -4 28 
-2 6 29 6 1 0 -4 -5 
16 -6 7 11 5 8 8 2 
-20 -17 13 -2 -1 -3 -4 -28 
-22 5 -13 1 -3 -5 -4 5 
8 -3 -5 -2 3 -1 2 2 
4 1 10 4 0 -1 -1 -2 
10 9 -13 -10 -9 -3 -4 6 
0 -6 15 -5 -3 -4 -1 -1 
1 10 -11 -4 -1 0 1 5 
-11 -8 5 -3 -3 -1 -1 -5 
10 0 -5 1 -2 -1 -5 3 
10 0 6 -2 0 -6 -9 -17 
-16 4 6 -6 -2 1 5 -8 
10 0 13 4 -1 -2 -3 11 
-4 -9 -17 -3 0 -1 -1 -8 
-8 9 -13 -4 -1 1 -4 -13 
0 -6 3 -5 -3 -1 1 9 
-3 -3 -5 4 4 0 -4 -24 
5 1 -1 -3 -1 0 2 13 
-4 -6 14 -4 -4 -2 -2 -9 
21 -4 -2 -2 -2 0 -2 8 
0 13 11 0 1 0 -2 2 
1 3 0 5 6 2 0 -7 
0 -3 -13 -4 -4 -3 -1 12 
-12 -5 -4 -4 -3 -5 -4 -38 
2 -4 -11 -2 -3 -4 -3 4 
-2 -4 11 2 -1 -2 -2 4 
-2 -10 -16 -8 -5 -2 -2 -4 
2 7 -1 -2 -1 -1 0 5 
-7 -11 6 5 1 2 2 2 
-4 -3 -10 -3 1 -3 -4 -8 
-11 1 19 2 -1 -1 -3 -6 
3 2 -1 -4 -3 1 -1 1 
-1 1 -6 -5 -3 -3 0 1 
3 -2 -2 2 0 0 0 2 
-3 3 -2 -2 -2 0 1 -5 
-2 -3 -21 -5 -3 0 0 4 
6 1 6 0 -2 -2 -2 3 
2 2 -8 -4 -5 -3 -3 -3 
-8 -5 -8 -4 0 -1 -2 -5 
1 -3 4 2 -1 0 1 10 
14 3 6 0 1 -2 -1 1 
-9 1 -7 -3 -2 -2 -1 -7 
-6 0 1 -5 -1 0 -1 -3 
22 -1 4 2 3 5 3 25 
-20 -3 -12 -5 -2 -3 -4 -13 
6 0 9 6 5 2 3 16 
7 5 -19 0 -2 -5 -2 -17 
1 -6 12 -4 -3 -4 1 5 
-3 -14 -3 -1 1 2 0 -1 
9 3 -5 -3 -2 0 -3 13 
4 -8 -9 -5 -5 -2 -5 -11 
-11 -1 -6 0 -1 -2 -3 -12 
-3 -1 -9 -5 -4 -2 -1 -2 
-20 -3 10 0 0 -2 0 -3 
18 3 10 1 -1 1 1 7 
-5 7 -2 2 -2 -1 -2 -10 
-9 -10 8 -4 -1 -2 -1 3 
1 -1 -1 -3 -2 -5 -2 -3 
-5 6 5 1 1 -2 0 3 
-3 2 4 0 1 0 -1 -12 
6 3 -2 -3 -3 -1 0 5 
5 0 -7 -1 -1 -1 -1 -6 
-10 -9 -12 -6 -3 -1 -1 -3 
-5 -6 -11 -6 -5 -3 -1 18 
-10 6 5 6 4 1 -2 -33 
-6 -10 -1 -5 -2 -1 -1 -5 
6 -6 -3 -4 -8 -4 -4 11 
-1 1 -10 -2 -1 1 0 3 
-5 4 6 0 -2 -3 0 0 
19 7 -2 -1 -1 -1 -2 -6 
-12 -1 3 1 0 1 -2 0 
-1 -5 9 6 1 -1 -1 -9 
3 -2 1 -3 -2 -2 -2 8 
-6 -19 -2 0 -2 0 -1 -10 
-5 2 6 5 3 -1 -1 5 
-3 0 -4 -2 -2 0 0 -8 
14 25 8 5 4 5 4 9 
-13 -2 -12 -5 -7 -4 -7 3 
8 -4 1 4 3 -1 -1 0 
-7 -9 -6 -6 -4 -4 -2 -3 
6 -12 -10 -4 -2 0 0 1 
-1 8 15 2 1 0 3 4 
10 0 -3 1 -2 -2 -1 7 
-15 1 -10 0 0 -2 -1 -19 
6 7 2 -2 -4 -3 -4 8 
4 7 6 1 2 0 -1 -5 
-12 -21 3 -3 -1 -3 2 -8 
1 8 8 2 4 2 2 21 
15 -4 3 0 -2 -1 -3 -3 
-2 -6 -6 -4 -2 -1 -3 -4 
-4 2 2 0 2 0 -2 -1 
-7 2 1 4 5 2 2 8 
-7 -11 3 -4 -3 -2 -2 5 
-3 -1 -7 -5 -3 -3 0 -11 
-4 1 -14 -7 -2 0 -1 -6 
6 8 -1 -5 -3 -2 -3 -7 
-23 15 7 5 3 0 1 -5 
2 5 22 4 0 -1 -1 0 
1 1 -4 -2 -3 -2 -4 0 
-9 -8 -8 -4 -1 -2 -3 -10 
4 -15 2 -2 -3 -1 1 6 
3 -6 -8 -5 -2 -3 -2 -4 
-13 -4 -9 -2 -3 0 -2 -9 
8 1 8 1 1 0 0 -3 
10 0 -13 -3 -1 -1 -2 1 
-7 -7 -12 -1 -2 -1 -1 4 
-3 -10 -3 -4 -6 -4 -4 -15 
-1 -5 -4 -2 -3 -2 -1 -9 
-14 -16 -7 -2 -3 -1 1 2 
-22 2 1 4 2 0 -1 -11 
4 9 12 -4 -1 1 0 8 
11 3 1 1 2 -2 -3 6 
-1 3 -10 -5 -3 -4 -3 -7 
4 -2 -10 -5 -6 -3 -2 10 
-4 1 -2 3 -2 0 1 5 
-5 -13 -8 -10 -7 -3 -3 -9 
-2 -3 -3 0 -2 -1 -1 -2 
16 3 -2 -2 -1 -1 -1 1 
-2 0 -6 0 -1 -2 -1 10 
-6 0 6 2 -2 -1 -4 -14 
5 10 -5 -2 -1 -2 -2 -1 
2 -7 -10 1 2 0 1 17 
4 -1 4 0 0 -3 -6 -30 
1 20 3 -2 -3 1 0 3 
2 -1 4 1 2 0 -1 4 
-17 -9 -3 -3 -2 -2 -2 -11 
-1 8 2 1 4 2 0 5 
3 1 -1 1 0 -4 0 1 
-4 3 1 0 0 -3 -1 -10 
1 -3 -4 -3 -4 -3 -2 -1 
-5 -1 2 -1 0 -1 -2 -1 
-6 -3 -9 -1 -1 -1 -4 -7 
1 0 -3 1 0 0 -3 11 
1 -7 7 1 0 0 -1 -5 
3 -1 -4 -4 -3 -2 -2 -3 
-2 -7 9 4 3 1 3 8 
-5 -5 -5 -2 -1 -1 1 -5 
-10 3 -11 -3 -2 0 -3 -1 
-10 -3 0 -3 -5 -3 -4 -12 
11 -7 -7 1 4 2 1 3 
-11 0 4 0 -1 -1 1 11 
7 0 -2 -1 -2 -3 -4 -38 
-2 -17 10 2 0 0 2 11 
-7 4 -6 -2 -3 -2 -2 -1 
10 4 4 -2 -3 -4 -2 -4 
-4 -2 -4 0 -1 1 1 7 
7 0 -8 -3 1 -1 -1 14 
1 4 9 1 -3 -2 -1 -14 
-7 -10 -4 -3 -3 -1 -3 0 
0 5 2 1 0 -3 -2 0 
-7 -2 -6 3 3 0 4 -1 
-3 -8 6 -3 -3 -2 -3 10 
-3 -1 -8 -3 -1 0 -3 -9 
4 1 -3 1 2 1 0 9 
-1 0 2 -1 -4 -1 -2 -5 
2 1 -7 0 -2 0 -1 1 
-9 -16 -10 -3 0 -1 -2 -6 
3 -4 -2 -1 -2 -2 -2 0 
-3 -2 -9 -1 -2 -2 -3 -5 
-3 -1 2 -1 0 1 0 -5 
1 2 -15 -3 -3 -3 -3 -3 
-1 1 7 -4 0 0 -1 1 
9 -3 -19 -5 2 -1 0 -2 
-10 -18 9 2 -1 -1 1 19 
2 1 -3 0 -3 0 -2 -4 
-2 1 12 1 0 1 1 -6 
5 6 1 -3 -3 -3 -3 1 
0 -3 -12 -6 -3 -2 -3 -2 
1 6 5 -1 1 0 1 2 
3 2 -3 -1 -2 -3 -4 5 
-2 3 3 -3 -3 1 -2 1 
-3 1 -9 -5 -2 -3 -2 -5 
-2 2 -2 -2 -2 -1 0 2 
-3 9 3 -5 -3 -3 -4 -7 
14 18 6 -1 -2 0 -3 2 
3 -2 2 -2 -3 -1 -2 -4 
-2 -11 -9 1 -1 -2 -1 -3 
5 12 -2 1 0 0 0 4 
-7 -10 6 -1 0 -1 1 2 
3 -1 -1 -2 0 -3 -2 -1 
0 0 -3 -1 -1 -1 -2 -5 
3 -8 -10 -2 -3 -1 -2 21 
-4 3 -4 -2 -5 -1 -2 -20 
3 -3 0 0 1 -2 0 20 
-17 -3 -1 -3 -4 -1 -2 -21 
5 -1 -1 1 -1 1 1 9 
-9 -9 6 1 1 2 0 0 
-4 6 0 0 0 -2 -1 1 
12 1 2 1 -1 -1 0 -3 
-9 -6 -7 -3 -4 -5 -1 -12 
-3 -10 -2 0 -1 -1 -1 3 
1 4 1 -2 -1 -1 0 -13 
-8 5 10 3 1 0 1 7 
-2 -9 3 1 0 1 -1 -7 
-5 -8 -15 -3 -2 1 -2 3 
-1 -10 -5 1 -2 0 -1 -9 
-8 -6 9 1 0 0 -1 -3 
-1 0 4 -1 -1 -3 -1 8 
0 3 7 3 2 -1 -1 -2 
5 36 -33 -8 -3 -3 -4 6 
-13 9 8 -1 -2 0 -2 -32 
-11 -7 6 -4 -4 -1 1 -5 
4 -10 1 0 0 -1 0 4 
-13 -9 -4 -3 -3 -2 -3 -6 
6 -15 -13 -4 -2 -3 -1 8 
-12 0 -7 1 1 0 0 0 
-3 5 -21 -11 -6 -2 -3 -9 
0 -8 15 3 0 0 1 -5 
-2 -11 -20 -9 -5 -4 -4 12 
2 -6 -2 -5 -2 -1 -1 -12 
-12 2 -4 -1 0 -3 0 8 
8 -6 2 0 0 -2 -3 -16 
5 -7 4 -1 -1 -2 -2 4 
-1 2 2 3 0 -3 1 -7 
-1 0 6 2 0 0 -2 -1 
-11 -6 -2 -4 -3 -1 -1 1 
3 7 0 -1 -2 1 -1 -6 
11 1 0 2 0 2 -1 0 
4 2 0 3 3 -1 2 17 
2 -4 1 0 0 -1 -1 -24 
2 13 12 2 4 0 1 11 
1 -5 -6 -1 -1 -1 -2 0 
-9 -8 3 -8 -5 -1 -2 -3 
-9 8 1 1 -1 -1 -1 12 
-24 -7 -10 -7 -5 -5 -5 -40 
-6 11 15 0 1 1 -1 -3 
16 8 -2 -1 -2 -1 0 4 
-1 -11 -7 -2 -2 -2 0 -1 
1 -3 1 -2 -2 0 0 4 
0 -6 -10 -2 -1 -2 -3 -1 
2 -7 -5 -1 0 -2 -3 -6 
-1 1 6 -4 -5 -1 -2 0 
10 -1 -4 -1 -1 0 -1 11 
-8 -8 -4 -2 -5 -2 -1 -4 
5 -1 10 3 3 2 1 4 
-3 0 -16 -5 -3 -3 -2 -5 
3 1 9 3 2 -2 -1 9 
5 13 -3 -4 -3 -4 -2 5 
-9 3 -2 2 1 -1 -3 -12 
8 1 -11 -2 -2 1 -1 15 
19 4 1 -3 -2 2 1 -17 
-29 -18 1 -2 -1 -2 -4 -3 
-3 -1 4 -2 -3 -2 -1 -6 
-5 -11 6 -1 0 0 2 3 
24 -6 -14 0 -2 -3 -6 8 
1 -6 -1 -1 0 0 1 0 
-10 0 3 4 1 -1 -4 -4 
2 3 13 3 3 0 -3 -1 
-10 -3 -2 1 0 0 1 12 
-2 14 10 -1 1 2 1 -3 
8 4 -2 -3 -2 -3 -3 0 
-3 -10 2 2 2 0 3 5 
-3 17 9 6 4 4 1 3 
-9 -12 -14 -3 -4 -3 -2 -9 
7 7 -1 -1 -1 0 2 4 
2 4 3 -3 -4 0 -3 0 
-18 -6 8 -5 -5 -4 -4 -8 
4 -4 -4 1 0 1 0 -3 
-14 -3 -3 -3 -3 -1 0 3 
18 -1 9 4 0 -1 1 10 
-16 -5 -5 -1 0 -1 -2 -16 
9 -1 -1 -5 -2 -2 -2 -8 
-12 -4 -14 -1 -3 -1 -2 -16 
2 5 6 3 0 -1 -1 -1 
5 -3 -8 -2 0 -1 0 9 
2 -1 3 0 -1 -2 -1 8 
4 -1 8 1 3 0 1 -2 
-10 -13 -18 -8 -4 -5 -2 3 
-4 19 4 4 1 -2 0 5 
3 -7 5 -2 -3 -1 -4 7 
15 -10 -7 -7 -7 -5 -4 -5 
-9 -7 2 0 1 1 2 -6 
9 1 -4 -3 -1 0 0 1 
-3 4 0 1 -1 -1 -1 -2 
-2 -8 -4 0 0 -2 0 1 
-4 -3 -3 -1 -2 -1 -2 -7 
-5 -14 -3 -1 0 1 0 1 
3 6 1 -1 -1 -2 -1 -3 
1 -1 -4 0 1 0 -2 4 
-1 -7 0 -2 -3 -2 -3 -7 
-6 -1 -5 -3 -5 -2 -1 4 
1 2 -10 -2 0 -2 0 1 
-2 -10 -9 -4 -2 0 1 3 
-8 7 0 1 1 0 1 -8 
6 -1 -3 2 2 -1 -3 3 
0 11 -23 -8 -5 -3 -2 -8 
-6 -2 4 -2 -1 0 0 0 
-6 -3 -4 -2 -3 -2 -4 -7 
7 -1 7 0 2 1 1 12 
-9 -11 -7 0 -2 -3 -2 9 
-6 -3 1 3 2 4 2 -22 
-7 3 -2 -1 -3 -2 -3 4 
12 -11 0 -2 -5 -4 -4 -3 
4 -11 -5 -3 0 -1 0 9 
