#EMG
#6
#ID:6-98
-6 -1 13 6 5 5 3 1 
9 -5 -7 -5 -5 -5 -2 3 
0 -3 2 0 -3 -2 -2 6 
-8 0 1 -2 0 1 0 -7 
21 5 -24 -5 -7 -2 -4 -3 
-31 -3 11 -1 -2 -2 -2 0 
12 -4 -4 -1 1 2 5 24 
-2 -4 -11 -6 -2 -3 -8 -19 
-2 3 6 1 -1 -2 -1 -10 
6 -2 -13 -1 -1 2 0 13 
-8 7 14 4 4 5 2 -10 
-2 0 15 2 0 1 -1 -3 
-7 -5 -19 -3 -1 -2 -1 -1 
3 1 14 -1 -1 -3 -2 -6 
-12 1 -9 0 0 -1 -1 -11 
-3 -3 -2 -1 -1 1 2 8 
-7 2 3 0 -1 -2 -5 -1 
-1 -2 0 1 2 -1 -2 -5 
4 4 14 3 1 -2 -1 -6 
-5 3 -4 0 0 2 1 5 
6 -1 -5 -3 -3 -3 -1 9 
-6 2 6 2 1 0 2 3 
3 -3 -5 -1 -1 1 -2 -14 
-11 1 7 5 1 0 3 24 
1 -1 -4 -4 -1 -2 -4 -21 
11 1 8 -1 -1 -2 -2 -2 
-8 -11 -22 -5 -5 -5 -1 -6 
-6 0 -1 -1 -5 -5 -3 3 
-5 -7 -8 -1 4 1 3 -5 
2 0 12 6 2 1 3 8 
-11 1 10 2 1 -1 -3 -7 
19 -10 -25 -7 -4 -5 -6 -16 
-12 -7 -11 -3 -2 -2 -5 -1 
4 6 -6 -6 -7 -2 -4 -6 
-8 -5 6 3 1 3 3 10 
-1 8 8 4 2 2 5 30 
17 2 3 -4 -4 -5 -7 -22 
-9 -5 -9 -4 -3 -3 -2 1 
1 0 -1 -1 -3 -2 -3 -3 
-5 0 7 2 0 1 2 -3 
2 2 -4 -4 -2 2 2 26 
-30 -3 -5 4 5 5 0 -5 
5 0 10 -3 -2 -3 0 0 
-10 -3 3 3 0 0 -2 -17 
-12 -5 -3 -5 -4 -3 -4 -23 
17 -9 -10 -4 -2 -4 -2 10 
-5 3 -7 -4 -4 -1 -4 -17 
-11 -6 -1 1 3 -2 -2 -6 
11 5 21 7 2 3 4 21 
13 1 0 -5 -5 -3 -4 1 
1 -4 -3 -2 -3 -1 -2 1 
13 -3 -4 -7 -6 -5 -4 5 
-15 0 1 -2 -2 1 3 7 
5 -5 -5 1 0 -2 -2 -5 
-2 4 12 2 1 -2 -2 3 
-2 1 -16 -3 -4 -1 -1 -3 
10 -5 -6 -1 1 0 0 1 
1 -1 -3 -4 -4 -2 -2 2 
-32 -5 -6 -3 -2 -4 -4 -19 
9 3 11 1 1 0 2 14 
-15 0 3 0 0 -3 1 -15 
0 3 9 0 -2 0 0 0 
11 -6 -26 -2 -1 -1 -2 -6 
-4 -1 -9 -4 -4 -3 -5 -2 
-12 -4 2 1 -1 -1 -1 1 
-1 4 -5 -4 -2 -1 -2 -6 
-6 -3 4 0 -1 0 1 2 
-5 -2 16 4 2 0 -1 2 
6 -2 -17 -4 -3 -2 -1 -8 
-3 -5 -2 0 -1 -4 -1 -1 
-5 -1 11 -1 -2 0 2 -1 
6 -2 -5 -2 1 0 -2 7 
21 -2 3 4 2 1 1 15 
-2 16 -3 -1 0 -2 -3 -23 
10 1 19 -1 -2 -2 0 4 
-9 -19 0 -4 -2 -3 -3 -8 
-1 13 -22 -1 -1 -1 -3 4 
-12 15 -3 -5 -3 -4 -3 -5 
-7 4 -7 -3 -2 0 -1 -10 
6 -4 6 -2 1 0 -1 7 
4 -13 11 -2 -1 -1 0 6 
-3 -23 -3 -1 0 -2 -2 -3 
14 6 -27 -5 -3 -6 -4 10 
-3 5 3 2 0 0 0 -6 
-20 -2 8 -4 -3 -1 -2 -13 
10 0 5 0 0 1 1 6 
10 2 4 2 0 0 3 -9 
-2 -5 -9 1 -2 -1 -1 -8 
-32 -14 -10 -1 -3 -2 -3 0 
-16 -11 -8 -1 -2 3 3 -23 
7 -10 3 0 0 -3 -5 17 
-8 1 -29 -5 -3 -1 4 -11 
-4 -14 7 1 3 -2 -10 -15 
-19 -1 11 4 4 3 5 12 
5 -25 -40 -6 0 -1 -9 -13 
8 4 14 0 0 0 5 5 
4 27 -1 -3 -4 -3 1 3 
8 20 -2 -2 -2 0 4 1 
-10 -1 18 -1 -2 -3 -7 1 
40 3 12 3 2 2 2 5 
-8 9 4 -5 -2 -6 -14 -20 
-5 -9 -4 -1 0 -2 -1 -1 
8 4 10 2 1 3 -1 5 
9 0 -12 -3 -3 -3 -13 10 
-3 1 2 0 -2 -1 7 -4 
2 -12 6 0 0 1 -1 -7 
-2 -11 -11 -7 -4 -4 -2 19 
-24 -3 -5 -4 -4 -5 -2 -41 
2 -6 8 0 0 0 -3 2 
-5 -28 -20 -3 -1 1 6 18 
1 6 8 -1 -1 -3 -2 -2 
10 -10 -4 -1 -1 -4 -13 -11 
-21 -7 9 -1 -3 -5 -2 6 
15 4 -6 -2 -3 -2 -6 17 
54 8 16 1 -2 3 8 11 
-19 -14 -14 1 4 4 4 -2 
11 14 12 6 3 6 9 22 
1 -2 -17 -9 -5 -5 -4 -1 
0 20 13 5 3 5 7 16 
-19 6 10 -1 -2 -6 -15 -18 
13 29 -8 -4 -3 -2 0 -12 
5 6 -8 -3 -2 -2 -4 -6 
-32 -3 6 -2 0 -2 4 -10 
-2 -13 -17 -6 -4 -2 -10 4 
-11 -9 10 2 -2 1 15 15 
14 3 -8 -1 -2 -4 -16 4 
-21 -8 -5 -3 -1 -7 -22 -30 
4 7 5 2 -1 1 12 -20 
-27 -19 -24 -8 -2 0 -3 -19 
0 -9 16 4 3 4 -1 -5 
3 -2 -19 -3 -4 1 0 27 
-2 -4 18 5 4 3 10 17 
2 -2 -5 1 -1 -1 1 -6 
8 -6 -14 0 -3 -3 9 2 
6 -3 24 4 1 2 3 19 
10 -25 -43 -8 -5 -6 -13 -17 
0 -20 -3 -7 -5 -1 18 18 
-18 -17 0 2 2 -1 -15 -11 
2 -7 -7 -3 -3 -5 2 -10 
-14 1 0 -4 -6 -4 -7 13 
11 0 -7 4 5 3 -6 -5 
-7 7 21 3 -3 1 23 15 
-4 -26 -69 -16 -9 -8 -13 -24 
-10 18 4 -2 1 3 2 -2 
-6 -17 -30 -1 -3 -3 -13 0 
3 18 14 0 -3 0 9 -4 
-9 -1 17 4 3 2 -2 -11 
3 18 16 4 2 -1 4 4 
-1 -19 10 -2 -5 -5 -1 0 
15 12 -1 -5 0 -1 -7 -9 
-1 21 28 5 -2 0 -9 11 
-22 -21 -21 -9 -4 2 28 2 
10 18 20 4 1 2 8 -11 
-5 -17 -19 1 -3 -4 -11 -10 
-13 11 29 4 1 0 -18 -22 
3 7 7 -5 -4 -2 0 22 
3 -7 -47 -7 -1 -4 -14 3 
-16 5 -15 -4 -5 -3 5 -5 
10 0 -8 2 4 2 15 -5 
12 9 18 6 3 3 -5 12 
5 -2 5 -1 -1 0 0 4 
-8 -10 12 -3 -1 -4 -6 -8 
3 34 23 1 0 4 16 20 
-6 -43 -13 -6 -3 -4 -20 -5 
-11 -12 -37 -4 -1 1 21 -9 
1 12 32 0 -3 -4 -9 -2 
-9 -2 -15 4 3 0 -4 -34 
1 -48 -3 -4 -5 -3 3 1 
2 40 7 -2 -2 -7 -34 -8 
-5 -2 5 2 0 1 12 -6 
-2 -7 -7 -6 -6 -2 13 15 
6 69 32 13 7 -2 -10 -12 
-8 22 9 -4 -6 -3 0 1 
-8 -13 -74 -25 -9 -5 -10 -2 
2 -2 -5 -7 -3 0 1 14 
-5 5 -18 2 4 2 8 -3 
1 -52 9 13 -1 -2 -13 -13 
-9 21 52 -1 -1 0 -2 21 
7 -12 -9 19 5 -1 -1 -1 
-2 -18 -66 -25 -7 -4 2 -1 
-8 1 15 -12 -19 -7 -3 -3 
10 13 13 -1 7 6 10 8 
-45 -18 -28 -10 -5 -8 -14 -42 
5 10 83 28 9 4 10 -6 
18 18 35 23 13 4 -2 10 
-5 -33 -62 -25 -11 -4 7 -9 
8 19 35 27 8 0 -5 22 
-5 18 -15 -9 0 3 0 -10 
-9 -26 13 -10 -9 -3 -4 3 
6 -24 -39 -8 -4 -5 1 1 
7 -4 19 21 5 -1 -4 -2 
-4 4 -51 -26 -8 -4 -2 1 
4 -25 -47 -14 -7 -4 -14 -10 
5 16 26 9 -1 1 3 8 
-8 9 -53 -8 -7 -6 -11 -9 
3 -15 68 36 9 8 9 36 
2 0 -61 -33 -11 -9 -6 -40 
-4 12 38 36 10 1 -9 -7 
16 -35 -18 -37 -9 -4 -3 6 
-19 -3 -13 11 -3 0 9 -13 
-1 -9 -39 -51 -5 -1 3 19 
-5 -4 8 -6 -7 1 -6 -7 
17 -17 95 53 14 0 -7 -3 
-2 -18 -28 -16 1 3 10 1 
7 15 -5 6 -3 -6 -3 5 
16 21 -5 -9 3 1 -6 -5 
-7 5 -8 -6 -8 0 8 13 
0 1 -17 4 1 -5 -16 -20 
-18 -58 -4 -22 -1 2 22 13 
-34 25 63 48 -2 -2 -6 4 
-5 1 -81 -64 -8 -3 5 -12 
16 21 20 1 -5 -4 -4 28 
5 18 54 39 13 3 -3 5 
6 -9 -30 -18 -2 -4 -8 -5 
-11 -3 15 14 5 4 23 1 
-3 18 14 -5 -4 -5 -3 5 
-31 2 21 17 -3 5 4 -16 
86 -18 -66 -47 -4 -3 -5 20 
-29 -3 1 -14 -7 -3 -21 -13 
-28 -18 -22 -15 -7 -5 4 -4 
-1 33 67 54 19 9 -11 -21 
-17 3 15 5 7 4 16 1 
-2 -20 -55 -30 -14 -6 -10 -3 
18 -2 25 3 -6 -8 -5 2 
10 6 -21 -14 -3 -2 -14 -7 
-4 6 43 22 5 -1 12 51 
-11 20 40 25 7 -1 -4 5 
-31 -2 -37 -23 -6 0 -10 -20 
39 -5 2 -6 -4 -5 -7 18 
-10 -27 -15 -8 -2 4 6 -7 
30 0 -6 2 -5 -2 -1 -18 
6 13 -3 1 1 1 16 36 
-32 2 0 0 3 1 1 -1 
-10 -4 2 13 -2 -3 -11 -35 
26 2 10 -20 -5 -3 3 24 
-21 11 -25 3 1 4 -9 -51 
5 32 -2 -9 0 -3 10 6 
-15 5 8 3 0 -4 -9 3 
7 14 -2 12 7 3 0 12 
32 2 52 9 -2 -4 -5 -7 
-8 -5 -24 -14 -3 3 -13 -11 
48 -11 -5 -4 -1 1 21 8 
-49 3 -6 -3 -3 -4 -20 -37 
12 -11 8 -1 -3 -5 -2 15 
-16 -5 7 9 3 -3 -9 -6 
-3 3 2 -7 -3 -4 -3 -12 
4 -7 0 -7 -5 6 20 -8 
0 -5 -11 1 1 -3 -2 4 
7 3 -5 4 -2 -1 4 -15 
5 0 3 -7 -4 -5 -9 38 
-28 -1 23 6 5 1 -1 -58 
-8 -28 -10 5 3 3 21 3 
32 54 18 -4 -3 -4 -6 -7 
-23 -54 -31 -7 -2 1 20 -27 
-7 3 10 -2 2 6 27 38 
-3 -9 -42 -7 -7 -10 -40 -24 
-6 -16 52 10 2 -6 -9 -10 
-2 94 -64 -21 -12 -6 7 -16 
-11 -46 -19 -13 -8 -7 -24 1 
13 0 5 -3 -2 2 14 25 
-2 -15 91 27 5 1 20 17 
-21 -30 -60 -15 -4 -3 -23 -17 
9 -31 -28 -5 -2 -1 0 -1 
-17 10 6 19 6 2 -8 -15 
-1 -15 4 14 7 0 2 13 
-12 -7 -51 -38 -8 -3 -14 -11 
20 -1 18 8 -2 -1 0 18 
3 48 80 34 16 6 7 -8 
10 -19 -125 -32 -3 -5 -3 16 
-1 -36 -29 -29 -36 -21 -24 -29 
-5 -13 -44 -17 -9 -2 8 26 
20 -6 41 45 4 -6 -11 -2 
-28 53 25 -6 18 15 17 -10 
7 9 48 1 7 1 -7 0 
8 -9 -21 -22 -14 -12 -6 11 
34 -21 -2 -1 -6 -4 -6 4 
-21 5 -9 1 2 5 7 -10 
-14 -33 -7 19 9 1 4 66 
-54 28 23 3 1 -1 -6 -69 
22 10 14 -5 3 4 3 12 
12 -19 -39 -15 -10 -7 -1 9 
-37 18 40 11 5 6 2 -11 
20 4 -13 16 3 -5 -7 0 
16 26 -12 -24 -8 0 -1 -7 
-17 -4 -33 -18 -12 -5 -3 -7 
9 1 34 33 12 4 -2 -11 
6 2 4 2 3 1 9 28 
-21 -17 -16 -22 -5 -1 -2 -16 
9 -5 14 6 -4 -4 1 -1 
9 13 26 18 7 1 -10 -10 
9 -9 -5 -2 -1 0 6 5 
-43 -17 -31 -23 -9 -2 -3 -16 
20 4 15 11 0 0 4 25 
0 -6 -4 0 4 -2 -10 -13 
-45 3 -7 -7 -2 0 0 6 
-6 -19 1 -5 -6 -1 1 -9 
4 -14 -5 2 1 1 -1 1 
-5 -1 5 -5 -3 1 1 -15 
27 9 18 11 5 4 4 22 
-3 -1 -13 -8 -2 -2 -2 0 
-6 3 11 2 -1 -1 -5 2 
11 -1 11 0 0 -1 3 -7 
2 -4 -3 0 1 -1 -2 -4 
-7 -12 -28 -12 -5 -5 -7 -4 
3 5 -3 -7 -8 -6 -8 -12 
-2 2 11 8 5 8 7 8 
1 -6 0 4 6 2 0 1 
6 0 0 -4 -1 -2 -1 6 
-20 -7 -7 -2 -3 -1 -2 18 
-1 -3 7 3 -1 -3 0 8 
9 21 18 3 -1 -2 -5 -15 
-5 -12 0 0 0 0 -1 0 
7 0 -5 2 0 -1 1 4 
-1 1 7 1 0 -1 -2 -12 
6 3 1 0 0 -1 -1 -2 
0 4 8 1 -1 -3 -1 5 
8 -1 -19 -12 -6 -1 -2 2 
-21 -6 -11 1 -2 1 0 -12 
14 -3 -10 -3 -4 -4 -4 7 
-1 -17 -8 -3 -2 -2 -3 6 
-4 -1 8 3 0 -1 -1 -9 
2 2 6 -3 -3 -2 0 12 
-3 5 7 -2 -2 -1 -1 -16 
-4 1 -7 -4 -3 0 1 3 
-5 -11 -11 -3 0 -1 -1 -12 
2 -3 2 -1 0 -1 -1 5 
4 -3 -4 -2 -3 -2 -1 8 
-6 2 -23 -2 0 0 -1 1 
4 5 -6 -2 -2 -3 -2 -9 
2 7 15 5 2 1 0 -1 
-5 -9 -7 -2 -1 -1 -2 9 
9 10 -16 -3 -2 -1 1 -3 
-13 3 -4 -4 -5 -5 -4 -3 
-8 -12 -5 -1 -2 -1 -1 -15 
5 0 -8 -3 -4 -2 -2 0 
3 -1 7 -3 -1 1 1 -4 
-37 -19 -6 -1 -1 -3 -7 -17 
-9 16 18 -2 -4 -2 -2 -13 
-1 6 -8 -1 -2 -3 -1 0 
2 -4 -2 -1 -1 0 0 24 
12 -3 1 1 -1 0 1 2 
-2 -9 -5 0 1 0 -1 -2 
-7 -4 3 -1 -1 -1 0 -4 
2 7 10 0 1 -2 -1 -4 
2 -11 -10 1 -1 -1 0 -3 
-1 -6 -6 -2 2 0 -1 5 
15 8 -3 0 1 0 -2 3 
-14 -2 -2 -2 -3 -3 -2 -12 
12 -2 7 -7 -6 -1 -1 8 
4 19 1 -2 -4 -4 -4 1 
-8 -7 -1 -1 1 1 1 -3 
-7 4 10 1 -1 -1 -1 -2 
3 3 2 3 2 0 0 0 
4 -3 2 -2 -3 -1 0 2 
12 -10 3 -1 0 0 -2 -3 
-21 -5 -6 -3 -5 -4 -4 -5 
10 5 -4 -1 -1 0 1 10 
-9 2 14 3 0 0 0 -10 
6 -2 -19 -5 -4 -5 -6 -2 
5 -6 -3 -2 0 -3 -3 -18 
4 -2 -3 6 5 5 4 10 
-20 -9 -1 -5 -3 -2 -3 -20 
-1 -14 -17 -8 -5 -3 -1 -1 
5 3 3 1 -1 1 1 6 
-7 -7 -6 -5 -6 -4 -3 -10 
5 -12 -13 0 1 0 1 14 
-9 -9 16 3 3 3 4 10 
-1 -8 -7 0 0 -1 -4 -2 
4 0 0 -2 0 -2 -2 -4 
-2 -7 -3 -5 -5 -2 0 1 
-3 6 13 2 -2 0 0 3 
3 11 0 -2 -1 -3 -1 4 
-5 -8 1 1 0 2 2 -10 
19 6 -4 0 0 0 -2 11 
-29 -1 1 -2 -1 -3 -3 -2 
-13 2 -1 -3 -2 0 -2 -20 
-4 -5 -10 -5 -1 -1 3 8 
25 -6 -7 0 -2 -4 -2 13 
8 13 0 -1 -1 0 1 -18 
-3 2 1 1 -1 -2 0 7 
2 0 4 -2 -2 -2 -1 15 
-13 0 -2 -1 -1 0 -2 -24 
1 2 6 1 0 1 0 3 
3 -16 -4 -2 -1 0 1 9 
1 -1 -1 -3 -4 -4 -6 -13 
-2 14 -6 -2 -3 -2 2 7 
7 9 0 0 -1 -4 -2 -5 
17 -8 0 0 0 1 0 -2 
-17 -2 1 -1 -1 -1 -2 -8 
0 2 5 0 -1 1 0 -1 
-12 -18 -5 0 3 1 0 -7 
3 2 -1 -3 -3 -2 -1 5 
6 2 -2 -2 -3 -3 -3 -1 
-3 -3 -3 1 1 0 -2 -2 
3 15 2 -2 -5 -3 -2 14 
6 -26 -7 0 -2 -2 -5 -10 
-1 -1 -3 -2 -3 0 -2 -12 
-11 -6 -12 -6 -6 -4 -2 0 
0 11 0 -1 -4 -2 -1 -4 
-6 5 0 -2 -4 -3 1 5 
-1 5 4 1 0 -1 0 0 
34 -1 2 0 -2 0 -2 33 
-19 -9 -1 2 -1 -1 -6 -42 
-3 4 -7 -5 -4 -2 -2 4 
-1 -2 -1 -1 0 1 1 -1 
2 3 -5 -1 0 -3 0 7 
3 -8 -3 -2 0 -2 0 10 
-6 10 12 5 3 -2 -3 -6 
-3 1 -1 0 -1 1 2 -8 
5 -1 -4 -4 -2 -1 -2 -1 
-2 -1 4 -2 -5 -1 -1 3 
-8 -6 5 0 0 0 0 -7 
10 6 0 -1 -2 -2 0 21 
-22 -5 -1 2 2 1 -3 -33 
5 9 -5 3 3 0 1 10 
4 16 13 5 1 3 2 -1 
7 -9 -6 -3 -3 -2 -2 5 
-13 -14 -14 3 4 1 0 -5 
9 4 0 -3 -14 -3 -3 -9 
-4 -5 -1 -3 -10 -1 0 3 
-1 -2 -2 0 -4 -1 -5 -6 
-6 2 3 -1 0 -2 0 0 
6 2 13 3 8 0 2 47 
-12 -7 -18 -5 2 -1 -6 -31 
-11 -2 4 -1 0 -1 -1 -5 
4 1 -1 -4 -1 -2 -2 4 
-1 -9 -1 1 5 1 3 4 
0 -2 -2 -3 -3 0 0 9 
0 4 -3 0 0 -3 -4 -4 
-1 5 8 -1 1 0 -1 -6 
-4 -7 -3 1 1 2 1 4 
3 4 -4 -3 0 -2 -2 -7 
-5 -25 -22 -8 0 -1 -2 -14 
-6 6 9 0 0 -2 -1 -3 
3 8 -5 -4 -1 -2 -5 -1 
-5 -15 -7 -3 1 0 0 8 
8 4 5 -2 -3 -2 -1 6 
2 -6 -25 -5 -4 -1 -1 0 
-9 -11 0 -3 -1 -3 -2 -14 
7 8 -1 2 2 0 0 8 
-4 8 7 -1 -3 -2 0 2 
12 1 3 1 -2 0 0 -13 
-23 -11 -1 -7 -7 -5 -6 -6 
-9 -3 -3 0 1 1 2 -7 
11 9 15 6 3 3 1 25 
-10 -4 -2 1 -1 -4 -2 -8 
5 1 -6 0 -2 -3 -2 -16 
4 1 6 -2 -5 -4 1 16 
-13 -7 -4 -1 0 -2 -2 -24 
3 0 2 0 -1 1 1 11 
4 -2 -6 2 2 1 -1 -2 
-3 -1 -5 -1 -1 -3 -3 -1 
2 2 2 1 -1 0 1 4 
-1 2 8 0 -2 -3 -4 -3 
-14 -3 -11 -2 -2 -1 0 -10 
13 -1 -2 -2 -2 -1 -1 1 
1 1 -2 -1 -2 -3 -2 0 
-7 -1 1 -4 -1 -1 -1 -5 
5 0 5 1 1 0 0 0 
0 14 3 -1 -4 0 -1 11 
-10 -6 4 -1 -3 -1 -1 -5 
10 1 4 -1 -1 -1 2 21 
-12 1 -4 -1 1 1 -2 -19 
3 -5 -8 -3 0 -2 -1 -6 
6 17 -5 0 1 -1 -3 -4 
18 -3 17 0 -4 -1 -1 11 
-21 -10 -11 0 -3 0 0 5 
-1 -4 -2 0 1 0 1 -6 
4 4 -4 -2 -3 -1 0 9 
-9 4 -2 2 2 -1 -3 -25 
6 -4 -3 0 1 -1 0 2 
-3 -3 14 -3 -3 -1 -3 10 
-2 -7 4 -1 -1 -1 0 -3 
-5 -2 -8 -2 -2 -2 1 8 
11 -2 8 -2 -1 -1 -1 0 
-8 -1 -5 2 -1 -1 0 -7 
5 0 4 0 -1 1 -2 11 
-8 -8 -14 -3 -2 0 -1 -9 
1 7 8 -1 -1 1 -2 -4 
-1 -4 3 5 6 4 2 1 
-10 -6 -9 -4 0 -5 -4 -14 
-12 -5 -10 -3 -1 -2 0 1 
15 -1 -2 -2 -2 -4 -6 -3 
-20 -9 7 -4 -3 -1 -1 -5 
-2 2 -2 -1 -4 -3 -2 -4 
-12 2 3 2 -2 -2 -1 -3 
12 -11 -7 -3 -1 2 1 5 
2 -2 -9 -4 -2 -1 0 0 
-3 -10 -14 -3 -3 -3 -3 -8 
-19 2 7 -1 -2 0 0 1 
4 7 0 -2 -5 -3 -1 15 
-8 -4 -5 -1 -2 -4 -4 -18 
-1 0 -3 -3 -3 -2 -4 -13 
9 -2 -2 -1 -1 1 0 5 
-2 0 0 3 0 0 2 -2 
-15 -1 -2 -5 0 1 1 10 
12 -6 -1 -3 -1 -2 -3 -3 
0 -4 0 -2 1 -1 -1 -5 
-9 1 -4 -2 -1 -4 -2 -8 
12 11 8 6 2 1 0 10 
-2 -9 -1 0 -2 2 1 1 
-2 -1 -10 -3 -3 -3 -2 1 
5 -3 -3 -4 -4 0 -1 -3 
-5 -1 -7 -1 -1 0 -1 -9 
-1 2 1 -2 -2 -2 -1 2 
4 -3 4 0 -1 0 1 -3 
-4 -2 -7 -5 -4 -3 -2 1 
1 -9 -4 -4 -3 -2 -3 -4 
-1 14 -7 -1 0 0 1 1 
1 -10 -4 0 0 0 -1 13 
-7 -2 2 -1 -1 -1 -2 3 
4 2 -3 1 -1 0 -2 -5 
-18 -2 6 0 0 -2 -1 8 
-7 2 4 0 -1 0 1 3 
-3 1 3 1 1 0 -2 -30 
7 -7 -8 -3 -5 -3 -1 2 
5 -2 4 0 0 -2 -1 1 
2 2 -2 1 -1 -2 -3 -3 
-4 -1 0 -1 -1 0 0 5 
12 5 -2 1 -1 0 -2 24 
-14 -10 -15 -4 -1 -1 -4 -43 
-8 -9 -15 -5 -4 0 1 2 
13 -5 -8 -3 -1 -5 -3 -7 
-4 3 6 0 -1 -3 -4 -2 
-2 -1 4 1 1 3 2 9 
-4 -4 -3 -1 -3 -3 -5 -9 
-1 7 -2 0 0 1 0 0 
-4 2 1 -4 0 0 1 -4 
3 3 5 -1 -4 -3 -4 3 
2 -7 5 -1 -1 -1 1 -12 
15 -2 0 2 1 1 1 3 
-21 -2 -3 -1 -5 -9 -7 0 
4 21 4 8 8 4 2 2 
5 7 0 0 1 1 0 -4 
-4 -4 0 -3 -3 -3 0 6 
-3 -3 9 4 2 2 5 7 
8 -11 -4 -4 -6 -5 -7 -1 
-1 -1 1 0 0 -2 -4 1 
-9 -4 6 -2 -2 -1 0 5 
6 10 -2 -4 -4 -1 -1 -9 
-16 -12 -3 0 0 1 1 11 
4 6 0 1 0 -1 0 -10 
0 4 -1 -3 -3 -1 -3 2 
3 14 -3 -2 -2 2 -2 -3 
1 -3 -2 -2 -3 -2 -2 7 
-1 -4 -14 -3 -3 -3 -2 0 
-5 2 -3 -3 -2 -1 -1 -6 
0 6 -3 0 5 1 0 -4 
-7 -11 0 -5 -5 -1 1 4 
23 -1 -8 -2 -1 -2 -4 -16 
-5 -2 2 2 -2 -1 -1 8 
-1 -3 -5 -2 -3 -3 -2 -10 
2 3 14 1 0 0 0 0 
5 -4 -11 -3 -3 -2 -1 20 
-46 -2 -6 1 1 -1 0 -17 
4 7 3 0 -1 -1 -2 -6 
1 6 3 1 1 -3 -3 -4 
-7 -2 8 0 -2 0 0 2 
13 -5 1 -1 1 0 0 7 
-3 -8 -4 0 -1 -2 -2 -1 
-2 -2 -5 -2 -2 -1 -1 -4 
4 4 -4 -1 -2 1 -3 1 
3 -7 -7 -2 -2 -2 0 1 
-7 -10 -3 -2 1 0 -1 -6 
15 -2 -5 -3 -2 -1 -4 7 
-8 2 7 0 -2 0 1 1 
-4 2 12 2 1 -1 -2 -13 
0 -9 0 -3 -3 -2 -2 -1 
-1 -1 -3 -3 -2 -2 0 0 
-1 -5 -5 -3 0 -1 0 6 
-1 3 2 -3 -1 -1 -3 1 
9 10 -1 1 1 -1 0 7 
-12 -5 8 2 0 1 1 -29 
-8 -3 4 -2 1 -1 -2 -5 
8 -4 -5 -4 -4 -4 -2 3 
3 -6 -6 -2 -1 -2 0 6 
0 1 -6 -1 -2 -3 0 4 
-6 5 1 1 -1 -1 -1 -6 
-2 -8 -3 0 0 0 -1 2 
-6 -3 0 -2 -2 -1 0 -2 
-2 12 2 -3 -4 -1 -1 3 
0 3 4 0 0 1 -3 -4 
3 7 1 0 0 -2 -3 -1 
-7 -11 -6 -5 -3 -2 0 -7 
0 -11 -9 -3 0 -2 -2 -2 
-8 1 6 3 2 0 0 1 
32 2 -6 -4 -4 -3 2 16 
-51 -8 -5 -4 -3 -3 -5 -49 
1 1 4 2 0 -1 1 3 
-1 0 1 -2 -1 -2 0 -4 
-5 -1 -4 -2 0 0 0 2 
5 0 -10 -1 -2 0 0 22 
5 -10 -4 -3 -4 -4 -5 -6 
-6 -1 -2 -4 -2 -2 -3 -11 
-3 0 4 3 3 2 3 4 
4 -10 4 1 0 2 1 0 
-9 9 3 2 -1 0 0 -2 
4 -1 -10 -3 -2 -2 -3 4 
