#EMG
#8
#ID:8-1
0 4 4 11 -1 0 0 0 
1 -2 6 -1 -1 1 2 0 
-4 5 3 6 -2 -3 -1 -7 
1 4 -2 1 2 -3 -4 -1 
0 -5 -13 -26 -8 -3 -1 0 
-4 -9 -3 0 0 -1 -3 -3 
-2 3 0 -1 -2 -1 0 -3 
0 3 4 5 2 0 -1 -1 
0 0 -2 8 1 -2 -2 -1 
0 12 11 -4 -2 -2 -2 -4 
-1 -18 6 4 1 -1 -2 2 
-3 -8 -12 -9 -1 0 0 -2 
1 -2 3 3 0 0 1 -1 
-2 -9 -15 0 -3 -1 -4 -3 
0 10 2 0 0 -2 -2 0 
0 -1 -4 -14 -5 -1 0 0 
-4 1 8 14 4 0 0 -5 
-1 -4 0 -6 -2 -2 0 -1 
2 7 4 -2 -2 -1 -1 2 
-4 -8 -5 2 -4 -1 0 -2 
-1 2 2 7 3 -1 0 -2 
-2 -4 2 -3 -2 -2 -1 1 
-1 1 -7 -6 -4 -1 -1 1 
2 6 7 -2 -1 0 -3 1 
-1 -4 -2 0 0 1 0 0 
-4 1 -4 -4 -5 -2 -1 0 
1 7 10 0 0 -4 0 -2 
0 -1 1 0 -1 -1 -1 -1 
0 3 8 7 3 1 1 1 
4 0 3 1 -3 -1 -1 13 
-1 8 -15 -9 -3 0 -4 -3 
-1 1 1 1 1 1 -2 -1 
0 -4 -3 0 -1 -4 -2 -3 
-2 -9 -2 -2 3 1 1 -4 
-1 -3 -11 -9 -3 -3 -1 -3 
1 0 1 1 0 -1 -1 1 
-3 -2 -5 -3 -3 -2 -3 -3 
-2 -1 -1 4 1 -2 -2 -6 
-2 -7 -2 2 0 0 -1 -2 
-1 0 -6 -4 -1 1 1 -3 
3 -1 1 1 -1 0 0 4 
1 0 5 5 3 0 -3 5 
-5 -17 -4 -10 -2 -1 -2 -2 
-2 -3 0 -2 -3 0 -1 0 
-1 4 2 1 0 1 -1 0 
0 -1 2 -5 -2 -1 0 -2 
1 3 2 8 0 -1 0 -2 
-4 -9 -9 3 1 0 -2 -2 
-1 -4 -6 -9 -9 -4 -2 -3 
-3 3 -2 -1 0 -2 -1 -4 
-4 -2 -5 -2 -3 -1 -2 0 
0 -1 1 3 3 -1 0 -1 
1 -3 24 10 6 5 3 2 
-1 -7 -10 -15 -6 -2 -1 -1 
-2 2 1 3 0 0 2 -2 
1 -1 2 -2 1 1 1 6 
-1 -1 -9 -2 -2 -3 -4 -3 
0 2 5 6 3 1 0 -3 
-1 1 -3 -5 -2 2 0 -1 
-2 11 -11 -13 -9 -5 -3 -5 
-3 -5 -3 -1 0 -2 -1 -1 
-3 -3 -2 3 0 -2 -1 -2 
-1 -1 -9 -10 -2 -2 -4 -3 
0 5 8 -3 1 -1 1 0 
0 7 -7 -6 -4 -2 -1 -3 
-1 -9 6 3 2 0 1 -2 
0 -9 5 6 3 0 0 2 
-4 -6 -7 -8 -6 -4 -3 -3 
-5 -3 -4 -1 1 0 -3 -1 
1 2 0 0 0 2 2 -1 
0 6 -1 -4 -4 -3 -1 -2 
0 -13 2 16 4 0 1 2 
2 3 5 -14 -5 -1 -2 -1 
-10 0 -8 -3 -4 -4 -3 -5 
11 -5 5 27 5 3 -1 2 
-1 -4 -3 -29 -1 0 2 -1 
-9 -5 -8 1 -12 -6 1 -8 
3 5 4 11 5 1 -4 1 
-5 20 0 -15 1 -1 3 -4 
-3 -6 -4 4 -6 -2 -6 -4 
8 -5 -2 7 2 -1 -3 7 
-4 -1 -6 -20 -10 -2 0 -5 
-1 0 -4 7 0 0 2 1 
1 1 2 5 2 1 -15 -12 
-13 -7 -9 -19 -9 -3 11 -2 
8 4 0 12 -1 -3 -1 -3 
-3 -1 -2 -10 0 0 1 0 
1 7 -1 -8 -5 -4 0 0 
0 0 -3 5 4 1 -7 -11 
0 -13 8 16 0 -2 0 15 
-5 -16 -17 -7 -8 -4 0 -13 
-3 3 6 -10 -1 0 2 -2 
3 15 -4 3 -1 -3 -10 -11 
5 5 -3 -9 -1 -1 7 26 
-6 -8 0 -1 -1 -3 -5 3 
-8 -10 -6 3 -2 -1 -3 -11 
1 -2 -1 0 4 5 8 -16 
-1 -2 -4 -2 -1 1 -9 2 
6 13 20 0 0 -1 8 17 
-2 -1 -8 1 -6 -7 -1 11 
1 1 8 0 5 -3 -9 -3 
-6 0 -10 -10 -11 -4 -6 -21 
-3 2 1 11 0 -4 -6 -21 
7 -2 1 -12 0 7 10 11 
-4 4 1 2 -1 -5 -3 5 
0 3 -9 -5 0 -2 -2 -1 
0 -4 6 12 8 5 -4 -4 
-4 2 1 4 0 -2 0 -9 
-1 -9 -20 -16 -3 -3 -2 9 
-3 3 19 11 3 -2 1 -11 
0 -7 7 4 0 3 2 7 
-1 3 -23 -34 -9 -4 -3 0 
-2 0 8 9 2 1 1 0 
-1 -9 -13 -12 0 -1 -1 -2 
-1 3 1 8 3 -2 -3 1 
-3 0 13 25 6 0 -1 -7 
0 -12 -6 -3 -6 -1 -2 12 
-4 0 1 -1 1 -2 1 -13 
1 0 -4 -11 -3 0 0 3 
-1 -4 -2 9 -4 -4 -5 -8 
0 1 2 -14 -2 2 8 1 
-3 -4 2 8 -3 -4 -10 -9 
-6 -14 -20 -31 -10 -7 -3 2 
0 3 2 2 2 -1 -1 1 
-1 1 16 29 6 2 0 0 
1 2 -3 -8 2 1 -5 1 
1 7 0 5 -7 -4 0 -3 
8 -2 0 21 -1 -3 -4 2 
-15 -10 -5 -24 -5 -1 2 -2 
-5 -15 -35 -41 -10 -3 0 -5 
-1 6 1 -16 -5 -2 -4 -4 
1 -4 8 13 -8 -3 0 5 
10 5 1 4 1 -1 -9 -2 
0 7 -10 9 2 -1 8 3 
-6 -4 -7 -4 -1 -3 0 -3 
1 4 4 3 5 2 -2 8 
1 2 6 -7 -2 1 -3 -3 
-8 -34 6 1 4 3 0 -1 
2 -6 -10 27 -5 -4 -5 -1 
-12 -29 -4 -38 -5 1 4 -8 
0 -8 -12 8 2 0 -1 2 
-12 -4 6 -4 4 1 -4 0 
8 13 4 -3 0 2 8 2 
-8 -3 -13 -11 -9 -8 -13 -12 
2 6 -2 2 1 0 7 10 
1 16 24 46 6 -1 -2 -11 
-4 -7 -14 -31 1 3 -8 0 
1 8 2 24 -5 -4 -2 2 
1 0 -3 -7 10 2 -2 -8 
7 14 9 7 -5 2 10 12 
-3 -4 10 -4 0 2 -3 2 
7 1 0 -5 -3 -6 -5 -9 
-9 1 1 -5 -2 0 -1 1 
-6 0 7 39 12 5 9 -5 
2 -6 7 -15 2 -2 3 9 
0 -1 -16 -32 -4 2 -7 10 
2 -6 2 10 -5 -6 3 2 
3 9 0 -15 -6 -2 -6 -4 
-7 -4 -9 7 -6 -3 -9 -2 
-1 5 6 10 8 1 9 3 
3 -5 -1 0 -5 -1 -5 10 
-1 -5 -16 -26 -5 5 5 -11 
-4 -5 3 10 3 -12 -20 -6 
2 5 4 18 7 1 9 7 
-6 2 0 -10 -3 0 -1 -5 
1 -2 0 -8 -10 -8 -9 -2 
-1 11 0 6 -5 -1 0 10 
1 2 3 0 2 -4 -2 -1 
-7 9 -23 -8 -6 -1 3 -25 
3 -15 -11 -13 2 5 4 1 
-4 -13 -6 -1 -3 -4 0 -10 
-12 -16 -46 4 11 7 -1 -6 
1 -21 -9 -8 -11 -1 -2 2 
-4 20 0 -14 8 -10 -8 -3 
-1 10 -43 -10 -33 -5 1 -3 
-1 0 54 -8 38 11 1 -4 
-7 -31 -83 -23 -28 -15 -4 2 
-1 -26 10 28 18 4 1 4 
-1 0 11 -49 -6 3 1 1 
5 -7 76 56 4 -1 2 5 
4 21 29 -6 15 6 8 2 
3 1 -12 8 -19 -11 -10 1 
-4 -7 -8 15 13 1 0 -5 
-6 -3 -23 -30 -19 -6 -3 -11 
4 8 19 21 -1 -6 -8 6 
0 -6 -9 -22 -15 -3 0 2 
0 5 24 25 9 5 5 -6 
-2 5 -24 -9 -15 -10 -6 6 
-10 -7 11 2 5 2 -3 -24 
5 15 11 0 4 0 -4 5 
-2 -8 -3 8 3 0 3 -2 
2 1 -19 -28 -14 -2 8 31 
0 3 10 6 3 -5 -8 -3 
1 5 17 4 0 6 7 -1 
-6 -8 -7 1 6 -3 -5 -4 
-5 2 -2 4 -12 -2 -3 -3 
0 0 -5 -17 1 0 3 28 
10 -7 -16 -17 -4 -5 13 -8 
-7 -3 -4 -9 -2 2 -10 -23 
-1 7 6 35 9 7 -7 -1 
-4 2 9 -1 6 -2 3 -1 
-3 -4 -13 -1 -14 -5 -8 -2 
-1 -63 -12 -39 -8 1 1 3 
-11 -2 -3 7 -4 -6 1 -18 
-4 -8 2 16 0 0 -8 -5 
2 9 31 38 20 9 8 7 
5 14 -47 -39 -20 -7 -2 2 
-1 10 13 0 -6 -4 -5 -7 
4 4 3 5 3 1 2 -1 
-4 2 -66 -45 -8 -7 -3 5 
-8 -4 40 41 0 -5 -6 -4 
6 7 13 27 12 4 9 -2 
9 26 10 3 4 4 4 7 
-5 18 59 2 -7 -1 -6 -6 
13 28 42 -2 4 2 5 8 
1 -17 34 33 3 3 7 16 
4 -3 -18 -11 3 1 -1 -2 
-4 -13 22 23 11 1 -3 -1 
0 5 -33 -20 -25 -7 -2 10 
-1 -9 -12 -31 6 -4 1 -9 
-7 -5 -18 32 -10 -5 -8 -14 
2 1 19 -39 4 2 2 18 
-3 5 -8 40 12 3 8 -9 
-1 4 -24 -30 -6 -4 -5 0 
-5 -28 -24 -11 -17 -9 -15 -1 
-3 -7 -52 20 3 -2 2 -9 
11 5 28 -2 1 1 4 5 
-19 -20 -16 -22 -2 2 -3 -9 
4 -1 12 -6 6 5 8 -1 
9 13 21 41 0 -1 -7 3 
-9 -1 -17 -38 -19 -7 -8 -4 
10 -2 -21 7 -2 -9 -4 -11 
-2 7 21 -2 1 2 13 17 
-11 -25 -13 -14 3 5 -5 -9 
2 -8 2 18 13 3 -4 -2 
-9 7 -4 0 0 3 11 17 
8 4 13 11 -3 -11 -13 13 
-2 11 -2 -12 -7 -4 -2 -6 
2 0 0 -1 8 0 -3 -3 
-1 -4 -4 -23 -12 0 5 -13 
-6 2 7 10 5 2 -8 -29 
4 -5 -12 -6 -9 -4 -1 13 
-12 -6 -17 0 2 -6 -15 5 
14 3 -3 14 0 3 10 -4 
-8 -4 -10 -32 -9 -4 -6 -20 
-9 -10 -6 -5 -6 -5 -1 -9 
3 3 9 17 12 8 14 11 
-2 6 -10 -11 -5 -4 -12 -25 
4 -7 -3 -7 -6 -4 0 19 
-7 2 3 -8 -8 -4 5 -6 
2 12 16 29 11 3 -4 -17 
-5 -8 -26 -41 -20 -5 12 21 
3 9 16 3 2 -4 -18 -9 
-8 -17 -7 -12 0 -2 -4 1 
-6 -3 -15 -8 -5 -4 3 -20 
5 5 0 1 3 3 -3 7 
-11 18 -7 13 5 -1 2 -25 
-2 -29 10 17 6 3 4 7 
0 20 27 -3 -7 0 -1 -5 
-2 -6 -14 6 3 3 -5 -9 
0 -11 4 -10 2 1 7 4 
4 22 13 -2 -9 -5 -7 4 
-4 -12 -54 -6 -4 0 2 3 
-1 -33 28 25 9 2 1 8 
-3 -22 -12 -19 -16 2 5 10 
-7 -11 -11 -27 -15 -5 -5 -15 
1 6 -13 -4 -10 -8 -2 9 
1 13 10 1 -3 -8 -10 -2 
5 7 -8 11 12 6 7 4 
4 14 22 18 5 1 -2 -2 
-7 -20 -2 1 3 -1 1 1 
3 12 15 -13 -5 -4 -7 -1 
-5 -10 -29 -5 -5 -3 -1 -4 
1 19 13 4 0 1 1 -10 
5 -3 17 3 6 4 5 12 
-1 0 4 7 2 -1 -5 -3 
-5 1 -3 3 0 -2 0 0 
2 11 -15 -4 -1 -4 -3 -2 
-3 -3 6 1 0 -2 -2 0 
-4 -5 -15 -8 -2 -2 -5 -8 
-3 -3 6 -11 -8 -5 3 -3 
6 -3 -11 4 3 0 -5 4 
-8 -14 7 4 2 3 2 -6 
0 19 -15 -7 -7 -4 -4 -5 
3 2 2 2 5 -2 -3 1 
-2 2 17 0 -1 1 0 2 
-6 -20 4 0 1 0 5 9 
7 -1 -18 -12 -2 -4 -4 2 
-3 3 11 9 1 -1 0 -3 
-1 -4 -6 -12 -2 0 -3 -3 
3 4 -10 3 1 -1 -2 2 
-5 -4 -2 -4 -6 0 0 -3 
1 -22 30 4 3 0 5 2 
-4 -2 -11 -6 -6 -6 -7 -3 
0 15 1 2 -2 -2 -6 -6 
-2 -11 3 -4 4 2 2 7 
0 -2 -4 4 0 2 -1 -4 
-4 1 -20 -6 0 -3 1 -7 
0 2 9 -9 -9 -7 -7 -10 
1 8 2 11 1 -1 0 -2 
-3 5 -19 -15 1 1 -3 1 
-3 -28 1 -9 -5 -1 -1 2 
2 6 0 8 1 -1 -1 -1 
-7 5 7 2 -2 -1 -4 -8 
6 15 -1 -1 -3 1 0 7 
-3 2 -1 2 5 -2 -3 1 
5 3 -10 -3 0 -1 1 -1 
-1 -15 22 11 1 1 1 4 
-7 1 -4 2 -1 0 -1 -6 
-1 0 -9 -1 2 0 0 -5 
2 2 -7 -21 -7 -2 -4 4 
-4 1 -39 -8 -2 -3 -8 -7 
-4 -19 9 -1 -3 -1 4 0 
-3 -7 -6 -2 -1 0 -2 -7 
-2 2 11 15 3 -2 -2 -1 
1 2 -4 -5 3 0 0 -1 
2 3 3 0 -3 -2 -1 3 
-4 3 -4 4 -6 -4 -1 -2 
1 -2 11 3 8 3 -4 1 
3 -2 -3 0 0 3 4 6 
-5 -8 -27 -34 -20 -7 -6 -1 
0 0 -5 0 0 -2 -2 8 
0 -1 3 -3 -3 -2 0 -3 
-1 -12 14 14 5 2 1 -3 
-2 4 4 18 5 0 -2 -3 
2 7 0 -3 -2 2 2 1 
3 18 -6 -2 -2 -2 -3 -7 
2 6 23 4 -1 0 2 11 
-9 -7 -18 -15 4 0 -1 -7 
-5 -8 -10 -5 -14 -7 -6 -5 
-3 -6 -6 3 5 2 3 3 
1 8 1 -8 -5 0 -1 -8 
3 9 10 4 -1 1 -1 1 
2 8 5 2 4 1 1 3 
-2 -11 1 3 -2 -2 0 -5 
-3 3 -6 -4 -4 -3 -4 -7 
3 4 11 6 1 -5 -10 -3 
-3 -13 -21 -16 -4 -1 6 13 
-5 -8 -1 1 -8 -4 -3 -3 
-3 -5 -8 -11 -2 -2 -2 -6 
2 12 4 10 2 -2 -1 -2 
1 8 14 13 7 3 0 -6 
-1 -2 -3 -6 -2 0 -1 0 
-3 -5 -4 2 -1 -3 -5 1 
-1 5 10 3 -1 -2 1 -4 
-7 -24 -28 -1 1 -2 -1 -1 
-5 -30 -13 -5 1 1 -2 -2 
0 2 -8 -23 -12 -3 0 2 
-2 -7 -4 8 0 -2 0 0 
1 6 4 -3 -1 -1 0 -2 
3 9 5 3 0 0 1 0 
-3 0 1 4 0 -1 -3 -4 
-2 2 -2 3 1 0 -1 -7 
4 -4 1 -1 -2 2 5 10 
-7 -13 -16 -20 -6 -2 -4 -7 
-3 -9 -10 1 -4 -3 2 -1 
0 1 9 -4 3 2 3 1 
0 7 8 6 1 -3 -4 -6 
3 7 10 3 1 -1 1 2 
0 -5 -5 2 -2 -1 -2 0 
2 2 -1 6 0 -2 -2 4 
-2 0 3 0 1 -2 -2 -5 
-3 -2 -15 -14 -4 -2 0 2 
-6 -33 -15 -2 -7 -4 -2 4 
0 -6 -2 -4 -3 -2 0 1 
1 4 4 -2 1 1 -1 0 
0 2 2 6 3 -3 0 -3 
-1 6 -10 9 2 -2 -3 -4 
-3 -19 -4 -13 -6 -2 2 5 
-1 -6 -12 -11 -3 -1 0 3 
2 11 -2 8 2 -4 0 -1 
1 10 14 3 3 0 0 -2 
1 10 0 3 -1 -2 0 -2 
-4 -5 3 2 0 -1 -3 -8 
0 -7 6 0 -1 1 3 5 
-3 6 1 -1 1 1 -1 -5 
-1 -6 -9 -10 -3 -3 -1 3 
-2 -1 9 9 0 -1 -1 -5 
-1 2 4 2 -2 -1 -2 -6 
-1 -4 -1 0 -2 -1 1 4 
-2 5 -8 -12 -4 0 -4 -6 
3 1 1 0 1 1 4 11 
0 3 -3 4 -4 -3 -3 -4 
0 1 3 -4 2 0 0 2 
1 4 9 10 -1 0 -1 2 
0 5 6 -3 -1 -1 -3 0 
-1 8 6 0 -4 -1 -1 -3 
1 0 5 -3 2 -1 1 4 
-2 -10 -15 5 -1 -2 -3 -4 
-2 -4 -9 -9 -5 -3 -2 -7 
-3 2 3 6 -1 -2 -1 -2 
-3 -5 -11 -10 -7 -4 -5 -4 
1 2 8 -4 1 0 2 5 
-2 3 -1 0 0 -2 -2 -3 
-2 -1 -1 -4 -1 -1 -2 -1 
-1 -3 1 10 5 1 -2 -10 
1 -1 4 -2 -1 0 0 4 
-2 -6 -9 -3 -6 -3 -3 0 
-2 -3 -4 -5 0 -2 0 3 
-1 5 5 3 -2 -1 -2 -2 
-3 3 -3 -2 -2 -2 -1 -8 
4 12 18 17 5 2 2 -2 
-4 -11 -11 -10 -3 0 2 3 
-5 -22 -26 -30 -10 -8 -9 -4 
0 0 21 2 0 1 0 -2 
-4 2 -5 1 -1 -1 -2 -3 
1 -12 8 12 3 1 2 0 
-1 5 2 3 0 -3 0 -2 
-2 -1 -7 -1 1 0 -1 0 
1 2 1 3 -2 -3 -2 -1 
-2 -1 -18 -30 -6 -2 -5 -5 
1 2 11 -2 -2 0 2 4 
-4 -5 0 7 2 -1 0 -4 
-2 -5 2 3 -1 -3 -1 0 
0 4 7 3 -1 -1 -5 -4 
4 10 1 6 0 -1 -2 -1 
2 10 1 2 1 -5 -6 -5 
-7 -31 -7 -22 -3 0 1 3 
-4 -3 -13 0 -7 -2 0 -1 
-3 -1 -2 -3 0 0 -1 -4 
1 3 4 8 1 -1 2 8 
2 9 -1 -2 -1 -3 0 -3 
0 0 1 -2 0 -2 -2 3 
-1 3 5 13 5 1 0 -5 
-2 -9 -10 -17 -6 -3 2 6 
-4 -18 -21 -14 -7 -2 -5 -5 
1 1 8 3 -1 1 1 1 
-2 -18 5 5 3 0 -1 -3 
-1 -2 -2 2 1 2 -2 0 
-3 9 4 1 3 -1 -1 -4 
1 2 5 13 1 -1 0 -3 
3 7 -2 -7 -2 -3 -2 7 
-1 -10 -18 -15 -8 -5 -1 1 
-3 -10 -1 -6 -4 -1 1 1 
-1 3 -3 0 0 0 -2 -6 
-1 -7 15 5 0 0 0 -1 
0 3 -1 3 0 -1 1 -4 
1 13 1 3 -1 -1 1 -1 
-2 -3 3 -2 -1 0 -2 1 
-6 -11 -16 -7 -5 -6 -3 -3 
-1 0 -3 -7 -2 -2 -3 -4 
0 -5 -3 1 2 -2 -2 0 
-1 7 4 -1 0 0 1 -2 
-2 -1 -6 -2 -2 -2 1 1 
-2 1 -5 3 -1 -2 -4 -7 
0 5 -5 1 0 -2 -1 3 
2 -2 8 0 -1 -2 -2 -1 
-1 11 -9 -8 -6 -5 -4 0 
-5 -30 1 6 1 1 1 4 
-2 3 4 3 -2 1 -1 -2 
-1 4 -7 -5 -1 -2 -1 -2 
0 4 -6 7 4 3 2 0 
-1 6 21 0 -3 -2 0 -4 
1 6 0 3 -4 -1 -2 1 
-4 -13 -5 -8 -4 -2 -3 -5 
-5 -4 -10 -4 -4 -4 -1 -4 
4 12 5 1 -1 1 0 -1 
-1 3 5 1 1 1 -2 -2 
0 -5 -2 3 2 -3 -1 3 
1 1 5 -2 0 0 0 -6 
2 0 -8 -3 -1 1 3 20 
-1 -3 -8 -16 -2 -1 -4 -3 
-5 -7 1 2 -2 -2 -1 -2 
1 6 -2 -1 -1 -1 -1 -2 
-5 -1 -7 5 1 -2 -3 -7 
1 10 7 1 -1 -2 -2 1 
2 11 9 3 0 1 3 4 
-5 -20 4 4 4 2 -1 -6 
-3 0 -3 -6 -6 -1 0 1 
-3 -7 -14 -3 -3 -3 -2 -4 
-4 -11 -12 -8 -4 -6 -5 -2 
3 11 6 2 -2 -1 -2 1 
-5 -4 0 1 0 0 -1 -9 
1 3 7 4 0 0 1 -1 
-1 3 4 2 -3 -2 -1 -2 
-2 7 -28 -8 3 -1 -2 -4 
3 -5 0 5 3 3 1 -2 
-3 -7 -9 -13 -6 -2 -1 4 
-6 -11 -8 -7 -1 -4 -4 -5 
-2 2 -1 -4 -5 -1 -3 1 
-2 3 -5 -2 -1 -3 -2 -6 
3 4 10 9 1 1 1 -2 
1 3 -1 -1 2 0 0 1 
-2 7 11 2 -3 -1 -2 -4 
0 -10 7 2 4 4 4 4 
-4 -13 -13 -11 -7 -2 -6 -1 
-4 -3 -3 -7 -1 -2 0 -3 
0 -1 5 -1 -3 -3 -2 -2 
1 14 -3 1 -4 -5 -3 -2 
1 -4 4 6 3 -1 2 -3 
-2 1 -1 4 1 2 0 -5 
2 -1 1 4 -2 3 2 9 
-2 -2 -12 -11 -2 -2 -3 -4 
-4 -9 -9 -9 -6 -4 -4 -2 
-1 4 1 -3 -1 -2 -2 0 
-4 -3 5 1 2 -1 0 -1 
-3 -3 -18 -2 -4 -4 -6 -5 
-2 -3 17 3 0 -1 -2 -5 
-5 3 -11 5 1 0 3 7 
4 -11 3 1 -2 -1 -2 -2 
-4 -7 -6 -7 -4 -3 -1 0 
-1 8 1 0 1 -3 -4 -6 
3 3 -4 -1 -3 0 -3 -4 
-2 2 10 2 3 1 2 2 
1 -2 6 8 1 2 2 0 
-4 -6 -6 -3 -4 -1 1 -2 
-1 -6 -5 -8 -6 -3 -4 0 
-1 6 -6 -4 -3 -2 -3 2 
0 8 4 -2 1 -1 -3 -3 
0 1 6 11 5 1 4 3 
2 4 3 4 -3 -3 -3 -6 
-3 -9 6 -2 -4 1 -1 5 
-4 5 -2 -11 1 0 -2 -8 
0 0 0 -1 0 -3 0 5 
0 -1 1 -1 -1 -4 0 -3 
-3 -1 -2 -2 3 -2 -3 -5 
-1 1 4 -1 -3 -4 -3 2 
-1 9 -2 1 -1 -1 2 -1 
-9 -18 -11 -11 -7 -2 -3 -5 
-4 -10 -12 -8 -2 -4 0 0 
-2 -12 -4 -3 -5 -2 -1 1 
-1 12 -7 -2 -2 -4 -5 -7 
5 8 7 7 3 3 -1 1 
-1 0 -3 -1 -2 0 0 -5 
4 5 -1 2 -1 -2 1 10 
0 5 -10 -9 -1 -1 -4 -3 
-1 -10 0 0 -4 1 0 -2 
-4 -3 -1 0 1 1 0 -3 
-2 2 2 1 2 -2 -1 -9 
1 -2 -7 -18 -3 -1 1 -1 
1 3 6 4 2 -3 1 8 
-1 -4 -13 0 -1 -3 -5 -7 
-5 -6 -5 1 -3 -1 -3 -3 
-3 -11 1 8 3 0 -1 3 
3 -8 9 -7 1 3 2 0 
0 0 -3 4 -2 -2 -3 -3 
-1 2 -1 -5 -2 0 0 -1 
-1 -15 1 2 -4 -4 -5 1 
-4 4 -2 2 6 -1 -2 -3 
0 -1 -1 1 -1 -1 2 10 
-4 -23 5 -5 -1 1 1 -2 
-1 1 3 3 0 1 2 -4 
0 8 1 3 0 -2 -3 -3 
0 11 2 -1 1 -2 0 2 
-5 -21 -5 -13 -6 -3 -5 -5 
-3 -10 -6 1 -2 0 0 1 
1 -1 -4 1 -3 -2 -2 -1 
-3 1 1 -4 1 0 1 0 
1 11 6 5 1 -2 -1 -2 
-6 1 2 -1 0 -1 1 -6 
5 3 -2 -1 2 0 1 17 
3 8 -4 -4 -4 -5 -4 7 
-3 -2 -21 -12 -3 -1 -1 -3 
-4 -11 -2 0 -1 -2 0 -3 
-2 -1 -6 2 1 2 -2 -9 
-1 0 1 -2 -2 1 1 -4 
2 5 3 4 0 -3 -3 4 
4 13 9 15 1 -1 -2 0 
-2 1 -19 -18 -3 -7 -3 -6 
-7 -17 -5 -24 -14 -1 -2 -5 
-2 -5 -1 5 0 -1 -3 -3 
2 -2 -2 -1 0 1 0 0 
-2 2 7 10 3 -1 -2 0 
0 -10 12 9 6 2 0 -1 
6 9 5 0 0 -2 -2 6 
-3 -14 -21 -5 -7 -4 -5 1 
-2 -7 -5 -10 -3 0 -1 -4 
-3 -1 -9 -6 0 -3 0 -5 
-1 3 10 5 0 0 0 -3 
2 5 1 2 3 0 -1 1 
0 3 9 0 -3 -2 -2 -8 
1 0 1 7 1 1 -3 -5 
-3 -14 -4 5 3 1 3 7 
-1 3 3 -16 -8 -3 -3 -2 
-4 -6 -7 -3 -5 -2 -1 -1 
2 -1 14 6 3 1 0 -3 
-3 1 1 -3 -3 -3 0 -3 
-5 -3 -6 0 2 2 -1 -11 
2 -6 0 4 3 1 1 2 
2 7 3 -3 -3 -3 -1 2 
-2 0 -17 -5 -2 -4 -4 -6 
-1 -2 2 -15 -3 -3 -3 -2 
-4 -2 -2 -10 -6 -4 -3 -2 
-3 -4 -7 3 -2 -3 0 -1 
-2 -1 4 5 3 2 0 -2 
-1 4 0 3 -1 -2 -4 -7 
2 3 1 0 0 0 -1 4 
0 -2 -5 -8 -1 -1 1 4 
-2 -5 -7 0 -4 -2 -2 -5 
-2 -8 5 -1 0 1 0 0 
-2 4 -9 1 -1 -1 -1 -1 
-1 1 -1 1 -3 -3 -4 -5 
2 6 13 1 2 -1 1 1 
3 3 -4 7 -1 -1 -2 1 
-5 -15 -10 -5 -7 -4 -2 -3 
-1 -3 4 0 2 2 0 -2 
-2 -3 -10 -9 -5 -2 -3 -7 
1 -1 1 0 -1 -1 1 10 
