#EMG
#9
#ID:9-0
2 4 8 2 -5 0 -4 1 
-4 -17 -2 -9 10 2 5 -9 
-4 -2 -8 -7 -1 -2 1 4 
-1 0 4 8 -4 3 2 3 
0 3 6 19 11 0 0 -3 
1 0 2 -4 -3 -4 -6 -2 
-3 0 2 3 -1 3 4 -3 
0 2 -4 -4 1 -5 -7 -1 
-5 -1 -3 -4 -10 -3 4 -4 
0 -1 7 9 0 4 1 9 
-2 2 -3 -5 -2 -2 -4 -5 
4 4 5 1 3 0 -2 0 
-11 -7 -6 -4 3 -1 0 -10 
2 -3 -20 1 -13 -3 -3 4 
4 5 1 -17 4 1 0 6 
-4 -2 -4 -3 -7 -4 -2 -9 
0 7 1 5 2 0 -2 5 
-1 -1 5 -2 1 -7 -2 0 
1 0 -2 4 -5 0 -2 -2 
-3 -7 -9 -9 -6 -3 -5 -4 
-4 -15 -1 -4 2 3 7 5 
0 5 5 6 1 1 -3 -6 
1 6 3 9 -7 -6 -8 2 
-4 -6 2 -24 3 0 3 -1 
1 -3 -13 -5 -7 -6 -5 -6 
-4 -5 2 4 -1 -3 0 -5 
-6 0 3 9 0 1 2 -3 
3 -11 -6 0 8 3 -5 2 
0 0 4 -10 -6 -3 -2 0 
0 1 2 -7 1 0 4 0 
-2 -1 -3 -5 -5 0 2 -2 
-4 18 -22 11 3 -1 -4 -4 
2 3 8 4 1 2 2 1 
0 3 -5 -13 -7 -4 -3 1 
-5 -10 -9 -6 -10 -3 -6 -6 
3 5 3 5 3 0 0 1 
1 5 -1 -7 -11 -4 -2 0 
-4 -1 5 19 10 0 2 -3 
-4 0 -7 -15 0 -3 1 -3 
1 -9 5 6 -6 -1 -1 5 
-2 3 3 0 7 2 0 -6 
-6 -4 -6 -3 0 -1 -3 0 
6 -4 -1 -2 -7 1 1 1 
-2 -10 1 0 1 -1 1 2 
-5 -8 3 3 -6 -5 0 -12 
0 0 -5 -26 -6 -1 -2 2 
-2 -3 3 11 3 -6 -6 -2 
-1 -1 0 -5 -7 -2 1 -5 
-2 8 -16 -1 3 -1 -2 2 
1 -1 0 0 3 1 -3 -8 
2 -8 14 -9 0 -3 -1 7 
0 1 12 5 -6 0 7 1 
-2 -3 -10 -8 4 -3 -8 -1 
-3 -6 -2 12 2 1 2 -5 
2 10 -1 -12 -3 2 -3 1 
-1 -1 -5 -3 -4 -5 -3 0 
-1 -3 5 5 -3 2 -2 5 
0 3 -2 1 -2 -4 0 1 
2 0 7 6 3 -1 -2 -2 
-4 -2 5 -5 1 1 2 -3 
2 0 -1 -3 2 1 0 2 
3 -1 -2 6 -3 -6 -9 0 
-1 0 -9 -1 9 3 6 1 
-4 -11 -3 -1 -5 -6 -6 -1 
-3 1 5 -11 -1 -1 5 -1 
-3 -8 -5 -2 -3 1 -2 -5 
-3 -3 0 8 -2 -8 -7 -6 
1 9 7 2 10 1 3 0 
-2 -18 -4 4 -8 -1 -5 -5 
-2 -3 11 8 8 3 8 3 
-4 -18 -18 -4 2 -1 -5 -3 
0 -2 8 4 -2 -5 -4 -9 
-3 -4 -14 -8 -5 -1 2 4 
1 -2 -3 -2 2 2 1 1 
-2 4 -4 -1 5 1 -2 2 
-1 -8 2 7 -2 1 -3 -1 
-5 0 -3 -4 0 -1 -5 -3 
4 -1 -6 -9 -3 -3 0 1 
0 4 3 0 0 0 2 0 
-1 4 2 3 -1 -2 -4 -2 
-1 4 0 -3 1 3 -2 -1 
-3 -3 4 4 -6 -4 3 6 
1 3 15 6 14 0 -2 -1 
-5 -22 5 4 -2 0 -4 0 
-2 -1 0 -13 -3 -1 3 -6 
-3 -4 -14 -5 -10 -6 -8 0 
2 13 -10 1 -6 -1 2 2 
-1 5 -3 8 7 4 1 -3 
0 12 14 -3 -1 0 -2 -2 
-2 -5 4 9 9 5 4 -2 
-1 -3 2 12 -3 -3 -4 -4 
-4 4 -5 -13 -6 -4 -3 3 
-3 -1 6 15 20 1 3 -2 
1 -3 11 6 -10 -1 -2 -1 
-3 -4 -4 -5 7 3 0 -3 
-3 -7 -12 -5 -5 -10 -7 -1 
3 -2 -3 -15 -11 1 5 6 
-2 3 -1 0 2 -3 -6 -8 
-4 -6 -1 7 -2 -2 1 3 
0 -5 -3 -6 4 1 -3 -3 
0 -14 7 10 2 0 0 2 
4 17 -18 -21 -6 -4 -1 3 
-2 -3 5 7 -5 -1 -3 -4 
1 3 1 12 6 0 3 2 
-10 -4 -7 -13 -11 -6 -5 -7 
8 4 -3 -3 1 2 -1 -2 
0 7 1 -3 2 -4 -2 5 
-2 -7 13 4 -9 -3 0 -1 
-1 4 12 24 14 3 2 -3 
-3 -8 -9 -20 3 -3 -2 -2 
-4 2 -13 -13 -9 -1 0 -3 
0 2 9 -8 0 -4 -7 -5 
-1 -1 -5 -8 -11 -3 -5 -2 
-2 -7 8 2 -1 1 -2 -4 
2 1 0 10 4 1 0 6 
-1 4 -11 -7 -1 -1 1 -4 
-5 -1 -8 -10 -7 -2 -3 0 
4 3 -2 8 3 -1 -3 -2 
-2 -5 -3 -5 -17 -2 -1 0 
1 3 -8 -2 11 5 4 -2 
-1 2 -1 -11 2 -4 -5 4 
-6 0 -9 -5 -11 -5 -4 -6 
-1 -1 20 11 -7 -1 1 -1 
0 -2 -6 7 6 -1 1 -6 
3 -3 -1 2 3 1 2 3 
-2 -3 -3 -7 -6 -1 -1 1 
0 -6 -8 -6 -1 -4 -9 -7 
0 6 4 5 -6 3 7 0 
6 6 9 12 14 -2 -3 -2 
-3 -6 -3 -2 0 -5 -3 0 
-5 -8 -12 -12 -12 -3 -3 -6 
-1 4 -3 2 5 2 -2 0 
0 -4 3 4 -2 2 6 4 
0 -4 7 6 -7 -3 -3 3 
-1 8 -2 12 6 -2 -1 -6 
-1 -6 -8 -23 -7 -5 -6 1 
-1 -1 0 -20 -17 -5 2 -4 
-2 2 2 11 9 2 0 -5 
4 -4 -8 -7 -6 -5 3 6 
2 -2 -1 1 -16 -6 -5 8 
-6 -6 -4 3 6 0 3 -4 
-4 -1 2 4 4 0 -7 -8 
-1 8 -1 3 6 -1 -6 -10 
-3 -28 8 -3 -12 1 5 3 
0 4 -9 -4 -1 -2 -1 3 
1 -5 -3 0 0 -4 -3 8 
-4 -5 6 -6 -3 1 3 -4 
2 14 -4 -2 2 -1 -3 0 
-2 -1 -8 -2 4 -2 -1 -9 
-6 -12 11 2 -12 2 -6 -9 
1 1 3 0 20 1 5 6 
0 2 -10 8 5 -7 -4 1 
2 6 3 -8 -13 -3 -4 -2 
3 4 -5 4 2 -2 -6 5 
-1 -2 -14 0 -7 0 -2 -8 
-5 -4 5 -5 10 6 5 -1 
1 3 2 5 2 -2 3 2 
0 -6 4 0 -3 0 2 6 
-1 -20 7 1 -2 0 -7 0 
-6 -7 -14 -13 -4 -2 -2 -8 
1 3 11 1 0 1 1 -3 
-3 0 -2 9 3 -3 -2 4 
5 19 4 6 1 -1 0 -2 
6 5 6 -9 3 2 -3 -2 
-6 -9 -8 10 -5 -1 0 -1 
2 2 -3 -13 -3 -2 -1 -2 
-5 -1 -7 -6 -17 -4 -1 -3 
0 6 12 41 15 -4 -3 4 
2 1 -20 -60 -13 9 4 3 
-2 6 -3 20 12 -1 -9 -3 
-5 -12 6 8 2 -1 12 -6 
5 -4 -9 -15 -16 -6 -2 5 
-9 1 15 65 13 4 -6 -6 
-5 -5 -9 -63 -11 -2 19 3 
-5 -10 -22 -46 -10 -6 -15 -4 
4 5 14 55 8 -3 -5 -7 
6 9 -1 -33 6 1 3 6 
-2 -2 6 21 -10 -5 -1 -3 
6 9 18 50 12 5 -2 0 
-15 -10 -23 -72 -23 -5 -1 -9 
-1 -10 1 26 9 0 3 4 
8 6 -9 -14 -3 0 -1 -1 
-4 -14 -1 13 -1 1 2 1 
-4 14 14 27 14 2 -11 -7 
-1 1 -6 -18 -14 -7 3 -5 
-4 -6 -4 7 2 0 -2 -6 
3 3 -3 -6 -1 3 3 11 
-1 -9 -5 -7 1 2 -1 3 
-2 -3 0 1 7 -1 0 -3 
0 -5 -8 5 -12 -4 -1 1 
-2 5 -16 -27 -18 -8 -5 -14 
1 13 6 8 6 -1 -1 -1 
-2 -8 -2 -3 -4 2 1 -2 
1 -6 4 5 3 2 1 7 
-6 -3 -9 8 -13 -4 -7 -2 
-3 -9 -5 -25 1 -1 6 -4 
0 2 2 6 -2 -6 -9 -1 
-11 -12 5 10 -2 0 -2 -9 
6 2 -2 -20 -1 -3 -13 3 
-1 0 -6 -4 -6 2 15 1 
1 3 -4 8 3 2 0 0 
0 4 3 -2 -3 0 4 8 
-3 -7 -5 -11 1 -7 -3 7 
2 3 3 9 -2 -1 -7 -4 
1 4 -14 -8 -2 -2 -5 -5 
6 22 1 7 2 1 -1 2 
-20 -5 -3 8 3 3 4 -9 
-3 -27 6 -22 -2 -2 -11 -2 
-5 -6 10 25 -4 0 12 3 
12 2 -14 -22 -3 -8 -21 -1 
4 24 8 12 2 -2 7 2 
-2 -3 -17 -13 0 -1 1 -2 
-8 -21 -12 -9 -19 -12 -11 -5 
-16 -9 3 -34 1 5 4 -3 
12 4 26 85 16 1 0 5 
-8 -3 -17 -62 -7 0 14 4 
15 0 21 10 -3 -3 -10 -7 
-14 0 -11 3 3 -4 -3 -8 
8 4 0 -43 -1 2 5 12 
-9 10 11 26 3 -3 -13 -11 
-3 4 -3 15 6 5 11 11 
2 -8 7 15 3 4 18 -5 
0 4 -5 -20 -3 -8 -22 -5 
2 -3 2 13 4 4 -7 0 
3 -3 -13 -23 4 4 12 6 
-11 0 9 21 3 -11 -10 -7 
1 -24 12 14 -21 11 13 0 
4 3 -15 -25 12 4 4 11 
-9 -2 -2 21 -9 -12 -23 -19 
4 2 -17 -47 -8 -1 19 12 
-10 -1 -6 7 -2 -8 -19 -27 
-2 -11 7 20 -10 -3 10 20 
2 -2 15 4 15 7 -1 4 
5 -2 -6 -4 9 4 10 6 
-3 -3 -1 -10 -7 -11 -15 -2 
-6 5 4 5 -11 -2 5 -23 
14 11 -1 -14 7 1 3 26 
-10 -6 -8 11 -8 -9 -18 -11 
-13 27 -16 -10 -11 -7 -6 -31 
16 9 17 18 27 11 12 34 
-8 10 -21 -15 -16 -7 -5 -1 
16 1 -5 11 1 5 -2 8 
-8 -13 -12 -10 4 0 4 -6 
-10 0 -3 13 8 -5 -7 -24 
1 15 7 3 -9 -4 0 -1 
7 -5 -3 4 19 8 5 9 
-5 -30 -16 -60 -19 -8 -1 3 
-1 -4 2 -1 -14 -6 -5 -2 
-9 -4 12 63 22 4 -3 -8 
-2 -15 -10 -25 -11 -3 -1 -10 
8 0 -34 -54 8 8 6 15 
-4 -11 -1 -17 -36 -20 -11 -13 
-15 -2 -34 6 7 0 -2 -6 
9 16 29 6 4 3 -7 0 
-8 -9 -3 13 -3 -4 -2 3 
21 -2 -24 5 -5 1 3 3 
-12 4 35 -63 -6 -4 -9 -10 
-31 13 25 26 2 -1 5 -12 
23 -13 3 5 -11 0 -1 13 
-13 19 8 -21 10 1 5 -12 
17 -10 5 16 -19 -11 -15 6 
-21 -4 9 18 7 4 2 -12 
10 5 3 -4 4 3 1 6 
-22 -9 5 40 0 4 15 -6 
21 1 -1 -8 10 -3 -15 8 
-5 -10 -12 -24 -19 -7 -13 -25 
-9 -1 0 2 1 -4 5 29 
11 4 -5 -10 -4 -4 -4 -2 
-14 -10 -5 -11 3 8 23 5 
10 7 -7 21 -2 -9 -10 1 
-10 2 3 0 4 -1 2 -16 
7 2 6 10 7 3 -3 12 
-6 -7 -11 -33 -26 -2 5 -1 
16 12 1 14 17 12 15 23 
-2 -24 15 15 5 1 -2 0 
-10 -5 -17 -23 -7 -14 -18 -18 
2 17 4 20 -4 0 6 -5 
10 -7 -10 -11 1 -5 -1 25 
-7 3 -5 3 -15 -4 -5 -6 
-2 7 -4 14 7 0 -2 -8 
2 -4 18 -24 -1 6 1 2 
13 -17 -17 1 1 0 5 17 
-11 -3 -15 4 -8 -8 -7 -13 
-6 -4 13 32 2 -2 -7 -18 
2 5 -5 -11 13 -3 -6 -2 
-7 -25 -20 -24 -19 -11 -9 1 
5 4 11 6 -14 -4 -1 2 
11 1 7 -12 7 10 10 14 
-1 -7 -3 10 10 4 9 9 
-10 -11 -14 4 -8 -8 -12 -7 
2 26 11 16 17 -1 -1 -2 
-4 -16 -6 -19 -19 -7 -9 -4 
0 6 -6 5 0 -1 0 0 
-3 4 4 -12 -1 -2 -2 -11 
-4 7 6 5 0 2 0 -9 
7 -3 1 1 1 6 2 15 
-5 -21 -8 -10 -3 -6 8 -15 
0 -2 20 13 0 2 -7 -5 
0 -2 -8 -6 9 3 -1 -5 
-2 -4 -11 -5 -9 0 3 2 
-8 -6 -9 -4 -6 -8 -5 -2 
4 27 28 18 1 -2 -7 -6 
-2 -16 6 -3 9 11 13 5 
-5 -13 -10 7 -2 -5 -9 -2 
0 2 -2 -24 -7 -11 -8 -12 
-3 6 -6 -3 -15 5 4 -7 
0 8 -3 21 20 7 -5 5 
10 15 19 3 8 -1 6 14 
-4 -12 -12 10 -4 4 5 -3 
-3 1 2 -7 -1 -2 -3 -5 
3 7 3 -23 -14 -9 -8 -1 
-8 -2 15 -1 -6 -1 4 -2 
14 15 20 18 8 0 -10 0 
-5 -6 -8 -9 0 -3 6 5 
-11 -1 -5 12 -1 -2 6 -7 
-9 -8 -2 -6 4 -2 -5 -5 
3 -6 -4 -8 -12 -5 0 -3 
5 0 -1 -2 3 4 -1 -3 
-7 -9 -5 -8 -3 -9 -5 -4 
3 3 -6 9 1 -4 -3 -3 
-6 -9 -3 16 -5 14 1 1 
-1 12 -15 -23 3 -1 3 3 
-2 6 -10 8 1 -5 1 -5 
-2 -3 -16 -20 -5 -5 -7 -6 
-1 -1 10 4 -8 -9 -10 -6 
-2 -2 -3 15 -8 -3 -1 7 
-6 7 -4 -16 8 9 6 -9 
9 0 -13 4 -6 -5 -4 -2 
-2 0 -4 1 13 3 2 16 
-2 -17 -3 -4 -7 -11 -7 -8 
10 -1 -1 -13 -9 -2 1 2 
-5 2 1 5 3 6 0 -5 
-3 -1 -8 -10 5 -1 3 -6 
1 0 -14 0 -3 -4 -4 -1 
2 -5 8 -5 -5 3 1 5 
-4 -7 -6 9 5 -2 -8 -3 
-5 -3 14 -14 -4 3 2 -3 
-7 0 -8 0 3 1 4 -3 
-1 -34 22 11 1 -4 -4 0 
-6 -3 5 -5 -4 -3 -5 -3 
1 -2 -9 -4 -8 -5 1 0 
7 -3 13 0 8 1 0 -2 
-12 9 -10 1 -14 -3 1 -5 
-2 -5 -11 -12 4 -1 -4 4 
-9 -3 2 21 -3 -3 -2 -2 
-1 -5 -8 -27 -11 -5 -8 -9 
6 20 -7 -2 -6 -5 -4 -2 
1 7 -5 -12 -4 2 3 1 
-3 2 -8 2 3 -2 -6 -4 
-5 -5 7 4 -6 -1 4 -3 
2 -5 -4 9 3 -6 -7 4 
-1 -3 6 -3 -8 -3 1 -5 
3 -3 -7 -3 -2 -8 -7 1 
-9 0 -3 3 -4 4 2 -3 
0 10 3 -4 15 7 5 0 
0 1 2 5 -10 -2 1 0 
0 -8 2 4 3 -1 0 0 
7 3 6 9 0 -2 -4 1 
-1 -14 -20 -10 -7 -8 -4 -7 
0 21 17 1 -6 9 8 9 
-4 2 -11 -27 7 1 -2 -7 
-4 -7 -1 5 -12 -8 -3 -6 
7 -2 7 9 10 5 2 9 
1 8 12 34 7 -2 4 -3 
-7 -3 -5 -33 -11 -3 -5 -8 
12 -6 -10 -9 -2 -1 1 5 
-7 1 -4 8 -3 -1 0 -3 
-3 -4 4 -7 9 0 -1 -3 
1 6 4 14 8 6 2 1 
1 4 2 6 8 3 -4 -3 
3 -7 0 -10 -13 -8 -8 1 
-19 -12 -9 -8 -3 -4 3 -8 
3 16 2 21 0 1 0 2 
-5 -3 0 -29 2 0 1 1 
8 0 -7 -2 -13 -3 -5 -3 
-1 16 -9 -4 4 -11 -13 -8 
1 -16 20 5 -11 3 6 5 
-1 6 3 7 16 2 2 1 
-3 0 0 7 -2 -3 1 -3 
1 -3 -15 -19 -4 1 -6 -8 
-1 4 -1 4 2 -7 -4 0 
-5 -8 4 12 -10 1 -1 -1 
-11 -5 9 4 10 12 9 0 
10 -4 -4 -1 5 -2 -6 3 
-4 -7 -11 -3 -5 -3 0 -5 
0 1 13 1 -3 -2 -2 2 
6 9 1 2 3 0 -1 -4 
-2 -17 -20 -1 -12 -5 -1 5 
-2 -28 5 -14 6 6 2 3 
-5 -6 -18 -1 -7 -3 -3 -3 
-2 1 6 9 5 2 0 -1 
4 -1 5 0 -3 -1 0 -2 
2 5 -8 1 4 -6 -8 -5 
-4 24 -15 4 -15 -5 -4 4 
-3 -16 -10 -23 -11 -1 2 3 
0 -2 2 -1 5 1 -2 -4 
-4 1 -9 -10 -10 -1 1 3 
-1 1 0 -3 3 1 0 -3 
4 10 4 8 0 -5 -2 2 
1 7 9 6 -1 -1 -4 -1 
-7 -2 -5 -12 -18 -2 -1 -3 
-3 -10 -4 -14 5 2 5 -2 
-6 -1 -4 3 2 -4 -6 0 
2 -11 9 -4 4 1 2 1 
2 6 7 16 8 -1 -4 -5 
3 -1 8 6 1 -2 1 8 
-17 -29 0 -2 -5 -5 -3 -9 
1 -1 3 -5 -20 5 -3 2 
0 2 -15 -29 7 -4 0 0 
-4 -10 7 3 0 -2 -3 -3 
5 18 10 4 6 2 2 -1 
-4 6 -6 1 -2 -3 1 -3 
-4 -12 -9 2 -14 -1 -1 -2 
-5 -4 5 -2 4 0 -2 -4 
0 -3 -2 -1 4 -1 0 1 
-3 4 -6 -5 -1 -3 0 -3 
4 8 2 16 11 3 1 -6 
-6 -2 -14 -30 -24 -3 -6 -7 
-8 -1 -13 -9 9 0 1 2 
-2 -6 1 -3 -1 0 4 -1 
0 8 -2 1 -2 -6 -4 -1 
4 -4 13 20 6 -2 -4 0 
4 1 -1 -3 -2 4 0 -6 
-7 -14 5 -14 -4 2 0 14 
-10 -4 -3 1 -3 -5 -5 -5 
8 2 6 0 9 3 4 2 
-2 -3 0 -6 1 -4 -5 -2 
1 0 -2 11 7 -1 -1 -2 
2 9 0 3 -8 -3 -7 -1 
-5 -15 -4 10 5 5 5 -4 
-2 -2 -8 -20 4 10 8 3 
-2 -2 -11 -2 -7 -11 -6 -2 
-3 -1 -2 -8 -4 -2 -4 -1 
-1 10 -5 -1 -11 -8 -6 -6 
9 4 3 16 2 -3 -5 0 
-9 -7 14 5 4 5 5 -2 
-6 -17 -1 0 -3 3 3 -7 
4 -3 -7 -6 2 -3 0 1 
2 4 -2 -2 -13 -3 -2 5 
-1 0 -5 -8 -2 -3 -3 -4 
-1 1 -1 -5 -2 -4 -5 -1 
2 -4 13 31 1 6 5 3 
-2 -3 -10 -32 0 -1 1 -4 
-4 -5 -17 -10 -11 -10 -6 -10 
0 1 6 6 3 4 4 4 
-3 3 -5 1 7 1 -3 -3 
-1 -5 -8 10 -7 -5 -9 -5 
9 36 -3 1 5 0 6 5 
-8 -12 -8 -4 -6 -4 -5 -1 
-3 -1 -6 2 7 4 5 2 
-6 -8 -6 -10 -5 -6 -6 -3 
8 19 -1 3 -2 0 -1 -1 
3 -12 28 4 2 1 1 -4 
-3 -11 -3 -2 -5 -5 -4 1 
5 6 -1 0 1 5 8 6 
-2 -9 -2 4 5 2 3 -3 
1 8 -2 -2 3 -2 -5 2 
-6 0 3 -4 -6 -6 -5 -4 
-3 -5 -1 4 -2 -4 -1 -5 
-3 -15 -2 0 -14 0 3 3 
12 3 -5 3 11 4 2 4 
-15 -3 -7 -21 -4 -5 -5 -10 
0 7 3 3 -15 -10 -6 -4 
-1 6 -5 11 18 6 0 3 
1 -12 8 -9 -3 1 2 2 
1 -5 -1 -13 -12 -5 -5 0 
-2 0 4 30 7 2 -1 -2 
-5 -15 -11 -37 -13 -5 0 -3 
-3 -3 -8 -4 5 -2 -5 -5 
0 4 -1 4 4 2 1 1 
-1 1 12 7 -1 1 -1 0 
-5 -8 4 7 7 3 -3 -5 
-2 0 -12 0 -1 0 5 -7 
0 0 -3 -6 -4 1 0 3 
-10 -6 -4 4 0 -3 -3 0 
-8 -1 -4 -1 -2 -2 -3 -12 
2 11 1 -3 0 -1 0 2 
0 3 -1 13 -1 0 -2 -2 
3 0 5 -7 10 5 4 -6 
13 2 17 0 -4 -2 4 15 
-15 -1 -9 -7 -3 -5 -6 -11 
8 -1 0 -4 -10 -2 -1 -1 
-3 0 -4 -2 3 -2 -3 0 
-2 6 -5 1 -4 -4 -9 -9 
-3 -13 -4 5 -5 2 2 8 
-5 6 5 -4 -5 -1 5 -7 
4 -2 -11 -1 -10 -1 -3 6 
-2 -7 6 1 10 0 -3 -2 
3 8 -3 -1 -8 -4 -1 -1 
-8 -4 -5 -1 2 1 -2 -4 
-5 9 -1 -7 2 -1 -2 -7 
0 -5 8 17 -6 1 3 7 
7 4 -8 -35 -18 -2 3 0 
-1 -11 -12 -5 1 -6 -8 -2 
-1 -2 -3 -12 -7 -2 -1 -3 
-3 -4 -2 10 6 0 -2 1 
0 7 2 8 -7 -6 -5 -5 
-8 -6 0 3 -1 4 1 -10 
-1 -7 0 -1 2 1 0 10 
8 -2 -6 -7 -4 -5 -3 1 
-5 -1 -5 -2 3 0 1 -1 
1 -10 6 2 -4 -6 -3 0 
-6 -3 7 7 0 -2 -1 -3 
-7 -6 -9 -8 1 0 -4 -3 
-7 10 17 12 -1 2 -1 -3 
3 5 6 10 -6 2 3 4 
0 -6 -25 -41 -6 -5 -4 -9 
-3 -9 -4 2 2 -4 -2 5 
4 2 3 10 4 -5 -1 -1 
-2 0 -5 -9 -4 -4 -7 -4 
5 5 16 19 -5 5 6 4 
-6 12 -6 -11 16 4 2 -11 
4 0 1 5 -1 -2 0 10 
-1 -2 -1 -5 0 -5 -5 -4 
2 -1 -1 -1 -1 -5 0 3 
-5 -1 -1 -4 -11 -5 -1 -7 
-6 10 -4 5 2 1 1 -8 
15 -42 10 12 3 7 6 11 
-12 -3 -5 -10 13 2 2 -1 
-5 -4 -5 -10 -19 -6 -8 -6 
-2 -8 0 4 9 -2 1 -1 
4 13 -4 -8 -5 -6 -2 8 
-5 3 1 12 0 -3 -7 -14 
11 -4 7 2 4 7 12 14 
-3 -7 -8 -5 -3 3 0 -2 
-5 4 -9 -5 11 2 -1 -4 
0 -4 2 7 -9 -3 -3 0 
-2 7 2 -7 -8 -7 -9 -5 
0 -6 -5 -9 -1 -4 -1 -3 
3 28 -4 1 -3 5 3 -1 
-1 -6 16 1 7 7 4 2 
-4 -7 -18 -20 -14 -8 -3 1 
2 -10 1 5 -6 -2 -3 -1 
-7 4 1 -1 2 -5 -5 -7 
11 29 -3 -5 -7 -9 -2 4 
-12 -11 4 15 -4 8 4 -2 
-2 2 -2 2 15 2 -2 -4 
0 -7 -4 -14 -11 -7 -3 -1 
0 6 -1 3 -3 3 0 -3 
5 0 0 -9 5 -2 0 -1 
-9 -14 -8 15 -5 -7 -9 2 
-7 -7 3 -20 -3 3 8 -7 
0 -15 -10 0 12 0 -4 3 
2 3 6 3 -6 -2 -1 -8 
1 -1 -1 -2 1 -1 -3 3 
5 3 -1 6 5 1 0 2 
-7 -8 -2 0 -7 -5 -7 -8 
0 -3 -9 -2 -3 -3 0 1 
-7 -18 -5 -5 -7 -1 1 3 
-7 -7 -4 -2 3 3 1 -2 
0 -1 2 -10 -5 2 0 1 
-2 4 2 9 6 -5 -6 -4 
2 8 2 -3 -12 -6 -1 -2 
-7 25 7 10 0 -3 -3 -9 
2 -17 -26 -24 -11 2 2 6 
2 1 2 -1 1 -5 3 3 
-3 -4 4 -11 -6 2 -2 -3 
-2 -1 1 5 3 -3 -6 -4 
-3 5 5 21 -4 -5 0 5 
1 8 16 0 -5 4 1 -3 
13 15 -8 -11 0 -4 0 5 
-9 -8 -8 4 -6 -7 -3 -5 
-10 -7 -5 -2 1 1 0 -5 
0 -8 -3 -2 6 4 3 4 
-4 3 4 3 8 -1 -4 -7 
9 5 -7 0 -3 -5 -8 5 
-6 -18 -3 -1 -6 -3 0 -2 
-2 22 -8 -4 1 -1 -3 -4 
2 1 -4 -16 -7 -1 -2 -3 
-7 -20 -1 3 -3 -1 2 6 
0 13 8 11 10 5 -1 -5 
10 4 1 -1 -4 -4 -2 -1 
-7 -10 -5 -8 -10 0 -1 1 
-1 -1 -1 -5 -11 -4 4 2 
-1 -2 -2 6 10 -3 -2 -2 
-7 -12 6 11 6 3 -4 -12 
12 7 -5 -2 2 0 4 7 
-9 -6 -2 -4 -11 -4 -4 -9 
-1 -8 1 -2 0 2 1 2 
2 -3 -2 6 3 3 -2 3 
-5 1 -2 -15 -1 -1 2 -3 
8 1 -10 3 7 1 -2 1 
-7 0 18 -2 -9 -6 0 -3 
-1 -9 -5 1 -11 -9 -8 -3 
1 2 6 6 4 1 -1 -7 
1 -3 -5 -7 -2 3 3 9 
2 1 0 -9 -6 -3 -4 -7 
-9 0 -7 2 -1 0 -4 -7 
8 0 9 12 1 1 2 11 
-8 -3 -5 -5 1 -2 3 -6 
0 10 -8 7 -2 -3 -3 -1 
2 -9 6 -23 2 -1 -2 3 
-9 -8 -1 11 -1 1 -2 -9 
8 6 1 -9 11 5 2 13 
