#EMG
#7
#ID:7-11
-2 -3 -1 -9 1 0 0 -1 
-2 4 -1 -5 -4 -2 -4 0 
-3 -7 -6 0 -1 -2 -4 -2 
-2 6 -1 -4 -2 -4 -2 -2 
0 -3 -1 0 -2 1 -2 -1 
-1 2 0 3 -1 -2 -1 -1 
0 -9 0 -1 2 2 -2 -1 
-1 3 0 -2 2 1 0 -2 
-3 -15 -5 -1 0 -2 0 -1 
0 4 1 0 -2 -1 -2 0 
0 2 -1 -2 -1 -2 -1 0 
0 0 1 0 0 -2 -2 -2 
-2 -4 -4 -2 -2 -2 -1 -1 
0 7 7 -1 -3 1 -1 -1 
-1 -1 -3 4 6 1 -1 -1 
0 -3 -4 -11 -3 0 -3 -2 
-1 1 -3 -3 -4 -2 -3 0 
-1 -5 -4 -2 -2 -2 -2 -3 
-2 2 2 1 -3 0 0 0 
0 2 1 3 0 -3 0 0 
-3 -18 10 3 1 1 1 0 
-1 0 -2 -2 -3 -1 0 -1 
-1 -6 -5 -4 1 0 -1 1 
-2 -3 -2 -1 0 -1 -2 -2 
1 4 1 -3 -5 0 -1 -1 
-2 0 -1 -1 2 -2 -1 -3 
0 2 -2 0 -2 -1 -2 -2 
1 -11 6 -2 -2 1 0 1 
-2 0 -3 -4 -2 0 -1 -1 
0 -1 -5 -4 0 0 0 -1 
-1 -4 -3 -4 -4 -3 -2 -2 
2 13 7 2 3 0 -2 -2 
0 2 -2 3 0 -2 -3 -4 
-3 -8 -8 -4 -3 -3 -3 -1 
-2 4 7 0 -3 -1 0 -1 
-4 -8 -7 -2 -3 0 -4 0 
1 1 -1 0 0 -1 0 0 
-1 3 0 3 0 1 -1 -1 
-3 -6 -2 5 -4 -2 0 -1 
-1 0 -9 -7 -3 1 1 0 
-5 -17 -1 1 2 -1 -1 1 
-1 -8 -2 0 -1 -2 -1 -1 
0 -1 -2 -5 2 -1 0 0 
0 -3 1 4 0 -2 -1 -1 
-1 11 -6 -2 -2 -2 -2 -3 
0 3 -1 3 -2 -1 -2 -2 
0 -5 -6 -5 -1 0 -2 -3 
-4 -1 -4 -1 -3 -3 -3 0 
2 6 -3 2 -1 -2 -2 -1 
0 -1 1 -7 -2 0 -2 -2 
2 14 13 2 -1 -1 -1 0 
-1 3 6 -2 -1 -1 -2 0 
-4 -8 -6 -2 0 -1 0 -1 
0 1 -2 -1 0 0 0 0 
1 -7 -3 -2 0 0 -1 -1 
-2 -1 -4 -2 -5 -3 -3 -2 
-1 2 4 3 -2 -1 0 -1 
-3 -9 0 -5 -1 -3 -1 0 
-2 0 -7 -2 -3 -2 -1 -1 
-3 0 1 6 0 -2 1 -1 
-1 1 -6 -10 -1 0 1 0 
-6 -15 -6 4 -9 -4 -3 -2 
-1 4 0 5 -3 -2 -3 -1 
-1 -6 0 -1 2 0 -1 -2 
1 6 1 7 1 1 -1 -1 
-3 -8 -24 -25 -8 -5 -3 -5 
0 0 8 3 0 -1 1 1 
0 -1 -9 -13 -2 -3 -2 -2 
-2 3 -3 -2 2 0 0 -2 
-1 -3 10 27 3 1 0 0 
-3 -7 -9 -6 -3 -2 -2 -4 
6 -3 20 12 9 4 4 5 
0 -5 -11 -21 -12 -5 -4 -5 
1 1 -8 4 -1 -1 -2 1 
-10 0 -1 0 3 0 0 -3 
-3 -16 4 10 3 0 1 -2 
4 1 2 0 2 0 0 2 
-3 0 0 -6 0 2 0 0 
0 -3 -1 1 -3 -2 -6 -1 
-2 2 -13 -11 -5 -2 3 2 
1 -6 5 5 -4 -3 -4 0 
-1 3 -1 -11 -4 -3 -1 -3 
3 6 -7 0 3 0 5 4 
-1 0 5 5 1 0 1 2 
-6 -6 -6 -5 -8 -4 -2 -1 
5 10 9 8 6 3 2 2 
3 8 -6 -8 -1 2 3 10 
-4 -8 4 14 -4 -4 -5 -7 
-3 -2 -1 -5 0 -2 0 -3 
-2 2 -7 -12 -3 0 1 2 
-5 -15 -4 -3 0 -2 -1 -7 
2 2 -2 -2 -1 1 1 5 
-1 5 3 5 -3 -3 -2 1 
-3 3 2 -7 -1 0 -3 -4 
-1 -5 -10 -19 -7 -4 -4 -4 
-2 10 4 13 1 -1 -2 -3 
-4 -7 -11 -19 -5 -3 -3 -1 
1 6 9 11 5 0 0 0 
0 -6 3 11 1 -1 -2 -5 
0 5 -14 -8 -3 -1 -3 -1 
-2 -3 -2 -12 -2 -1 -2 -2 
0 1 3 7 -3 -3 0 -1 
-1 -8 2 -6 0 0 0 -3 
1 -2 -3 -9 -10 -7 -5 -3 
1 0 5 18 3 1 4 -1 
2 -5 -10 -9 -4 -3 -3 -1 
1 5 15 20 10 2 -2 -2 
-7 5 -9 -20 -7 -2 -2 -1 
-2 -3 -1 10 0 -1 0 -5 
0 -12 0 -17 6 3 1 2 
-3 -8 -13 -8 -10 -3 -3 -3 
-2 -6 -9 12 -2 -2 -13 -6 
0 -2 -4 -30 2 3 13 4 
-12 5 10 30 -3 -9 -12 -14 
13 8 0 -4 4 4 7 9 
2 -7 0 -11 -6 -4 -1 1 
0 0 13 25 7 1 -2 2 
-13 -10 -14 -4 -5 -2 -5 -10 
3 1 8 -10 -6 -3 -3 3 
2 1 9 19 8 2 6 -1 
1 -4 -12 -36 -11 0 -6 -4 
1 -2 3 15 -4 -5 1 2 
-7 1 -4 3 -1 -2 -5 -5 
0 -8 -3 4 0 -1 2 1 
1 -8 -2 -35 7 3 -2 1 
7 8 -1 37 3 0 3 3 
-12 -21 -5 -41 -7 -6 -3 -5 
0 4 2 17 -3 -4 1 -3 
-3 -3 -5 -4 0 4 20 -1 
-1 6 0 -7 2 -11 -33 -3 
1 -1 0 18 4 0 6 -3 
5 31 -6 -6 -2 -3 -5 -2 
-7 -2 -16 8 -5 -3 -3 -3 
-4 -15 11 -6 2 5 11 0 
-1 7 9 10 0 -2 -2 -8 
-6 -43 -17 -23 -5 0 2 13 
7 12 -16 24 -2 -4 -10 -2 
-1 9 -15 -31 -4 0 5 0 
-5 -9 25 -4 1 0 -5 -7 
-7 -17 -24 0 -7 -2 2 -7 
-1 3 11 20 9 1 -2 1 
3 -21 23 -8 -3 3 4 1 
0 5 -21 3 -6 -3 -3 -1 
2 16 22 9 10 4 -2 -5 
-5 -19 -11 -3 -4 -4 -5 0 
-1 1 19 -36 -7 4 7 3 
1 8 -30 6 -14 -7 -5 -2 
-1 10 16 5 5 3 1 0 
-1 11 17 30 4 -4 -8 -7 
5 20 -14 -21 -6 -4 -4 -2 
-6 -7 0 3 1 2 5 -2 
7 -4 -3 -16 1 0 2 5 
-5 9 26 -3 -1 -3 -5 -7 
3 12 -24 -4 -6 -4 -2 2 
1 -7 17 31 6 2 2 3 
-5 6 -3 -21 -7 -2 -4 -7 
2 3 -15 -6 -2 1 -3 -1 
2 -8 15 11 5 3 5 6 
-1 3 -1 -3 -1 0 0 1 
-8 -16 -11 -1 -2 -5 -3 -7 
0 2 -4 -10 5 1 -3 2 
-3 -4 -13 -3 -14 -4 -1 -2 
-2 -1 4 -8 -9 -3 -3 -9 
9 12 3 9 2 4 9 23 
-9 -2 2 -1 -2 -8 -7 -7 
-10 -4 -6 7 7 1 -3 -21 
5 4 -1 3 7 -3 -1 12 
-4 8 0 -23 -12 -4 -6 -10 
-3 -16 -2 -4 -6 -4 -2 -4 
-4 -5 4 12 0 3 3 -3 
5 -1 14 -13 5 -4 -3 9 
-3 3 42 14 3 -1 -5 -3 
5 7 12 23 1 -1 3 7 
-6 -12 -16 -37 -2 4 -2 -12 
-1 6 -8 -19 -7 -3 -1 1 
0 1 -4 8 2 2 4 1 
-3 -10 -4 -13 -8 -7 -7 -1 
8 12 10 31 8 -4 -1 3 
4 -6 8 34 7 5 2 4 
-8 -17 -22 -66 -3 1 -2 -6 
-7 0 4 41 -8 -4 0 -10 
23 1 -9 -25 4 1 1 12 
-17 -13 -22 -19 -10 -6 -8 -8 
0 -8 1 59 11 2 0 -4 
3 -3 -16 -96 -15 -3 3 3 
-7 -2 -3 59 -2 -6 -7 1 
2 8 10 38 14 8 12 3 
-16 -10 -14 -50 -11 -3 -9 -12 
0 -2 -2 54 3 -2 -5 2 
1 1 11 2 3 5 4 2 
4 3 -32 -53 -15 -7 -8 -1 
1 13 11 24 10 4 1 -3 
1 -7 3 -1 7 6 5 3 
1 1 -6 -5 -6 -8 -5 1 
-4 -8 -4 13 6 3 -2 0 
1 1 -6 -12 -6 -6 -4 -11 
7 4 9 -10 -1 2 11 10 
-12 -11 -11 -6 -8 -4 -4 2 
-11 -7 5 5 3 -1 -4 -6 
4 -7 -9 -14 -6 -5 0 -3 
-1 10 0 19 0 2 -3 4 
2 -5 15 7 12 1 -1 -9 
1 -9 -7 -19 -14 -5 -2 14 
1 15 10 7 -2 -2 0 1 
-7 -23 -3 4 3 0 -6 -26 
0 -17 -53 -18 -3 3 11 15 
-8 -6 -2 -2 -7 -8 -14 -20 
2 8 10 12 -7 -9 -5 8 
-3 6 -8 -17 2 2 1 -4 
0 10 18 7 -4 -3 0 5 
3 20 28 -7 0 2 0 -7 
-2 -11 -28 7 5 3 1 -1 
3 26 15 -22 -12 -4 -8 -6 
2 26 62 5 1 1 1 0 
-4 -8 -76 2 -7 -9 1 -7 
-1 -13 68 16 1 8 4 3 
-1 -21 -31 -10 -2 -1 -2 12 
-1 14 22 6 -1 -1 -2 -4 
-5 -32 -43 -20 2 -1 2 -3 
7 36 5 9 -2 1 -2 -1 
-5 -17 6 -2 -4 -1 2 -4 
-3 -2 33 -26 -9 -2 2 2 
2 10 -8 10 -7 -8 -7 -5 
-6 -18 -14 7 5 -1 -3 -1 
4 18 -6 5 6 1 5 5 
-4 -7 -11 -4 -1 -1 -4 -4 
10 40 85 18 11 8 4 4 
-7 -22 -23 -19 -7 -6 -4 -2 
12 12 30 15 2 1 1 4 
-5 -14 -37 -16 -3 -5 -5 -3 
-1 -1 -7 3 -3 1 -1 -6 
4 1 -4 -1 3 -1 0 -1 
-8 -10 8 10 0 -3 -6 -5 
-6 -11 -18 -8 -4 0 8 6 
4 -2 11 2 3 4 4 9 
1 -5 -3 -9 -6 0 -8 -7 
0 2 -13 -1 5 0 7 8 
1 10 1 7 4 -1 -8 -4 
5 -4 -10 -14 -6 -3 -2 -4 
-6 -17 -3 4 2 -1 4 5 
-6 -8 -23 -18 -6 1 -4 -8 
-7 -7 -8 -1 -5 -4 -3 -6 
-3 -4 19 26 4 1 1 3 
-1 -7 -14 -36 -7 -5 -5 -5 
0 9 21 11 3 2 -1 -4 
3 5 -29 5 6 -1 -3 -2 
-4 -5 -7 -14 -2 -2 -2 -3 
1 4 -10 9 -4 2 1 0 
-5 -11 -12 -3 -13 -9 -6 -2 
-1 -9 -17 -10 -3 0 -2 -4 
2 4 13 -2 3 0 -2 1 
1 22 -8 12 -4 -3 0 -3 
-1 -11 7 -26 -4 -1 -1 1 
-2 -8 -8 1 -2 0 -1 -3 
-2 2 4 1 -1 -1 -1 -3 
-1 11 7 5 3 0 0 2 
-1 -14 -10 3 -1 0 -2 -2 
0 10 -3 4 0 -2 -2 -3 
-7 -15 -3 -13 -3 0 1 0 
-2 -2 -8 -3 -3 -4 -1 -2 
0 4 -5 6 1 -2 -2 -1 
-1 -6 8 -1 2 2 1 0 
0 3 -8 -3 -3 0 -2 1 
-2 -7 -17 -1 -3 -1 -3 1 
-4 -17 6 3 2 0 -2 -2 
-4 -7 -14 -3 -2 0 1 -1 
2 4 -1 -4 -5 -3 -1 -2 
-1 -6 0 1 1 -1 0 -1 
0 12 0 -4 0 0 -3 0 
-2 -1 -19 -7 -3 -2 -2 -4 
-3 -16 11 3 -1 -2 0 -1 
-3 -4 -6 -4 1 -2 0 -2 
-2 4 -3 6 -1 -2 -2 0 
0 -2 11 3 -3 0 -1 2 
-2 6 -2 -4 -3 -2 -2 -2 
0 4 8 -1 -1 0 -2 -1 
0 6 -6 0 -2 -1 0 -2 
0 -9 6 -1 -1 -1 2 0 
-2 -3 -9 -8 -3 -3 -3 -2 
-1 2 5 2 0 0 1 -3 
-2 -7 -4 1 -3 -1 -1 -3 
0 2 -2 2 -1 1 -1 -2 
-1 -8 2 -4 -1 1 0 0 
0 -2 7 -2 -3 -1 -2 0 
1 5 15 3 1 1 0 0 
-2 -7 0 -2 -7 -4 -3 -1 
1 4 -2 -1 0 -3 -3 -2 
0 0 -3 -4 -3 0 -1 0 
0 21 -16 -3 -1 -3 -2 -2 
-2 -8 10 0 2 2 1 -1 
0 10 -10 -2 -1 0 0 -1 
-2 -20 10 -2 0 -2 0 -2 
2 3 -6 0 -2 -2 -1 -1 
0 -4 10 2 1 -1 -1 -1 
-2 -3 -9 -2 -3 -2 -1 0 
-1 6 -9 0 -2 -3 -4 -2 
-1 -2 6 -1 -2 0 -1 1 
0 2 5 1 0 -1 -1 -1 
-1 -4 2 -3 1 1 0 -2 
-2 -2 -5 -4 -4 -2 -1 -1 
-2 -8 0 0 4 2 1 -2 
0 4 -8 -6 -1 -2 -3 0 
1 7 6 6 0 0 -2 0 
0 0 11 0 0 1 2 0 
-3 -17 -4 0 0 -3 -1 -2 
-2 -2 0 -1 -4 -1 1 -3 
-2 -3 1 0 -1 -2 1 -1 
2 0 -4 -1 0 -1 -3 -1 
-1 8 6 1 0 -2 -2 0 
-1 10 -4 2 0 -5 -4 -3 
-4 -9 -4 7 3 1 1 0 
0 10 2 -13 1 -1 -1 -2 
-3 -7 -4 -2 -5 -3 -1 -1 
-1 1 -4 -1 -1 -1 -2 -1 
-1 4 -2 -2 -2 -2 -3 0 
-1 -3 0 6 1 1 -1 -1 
-1 -1 2 -2 -3 0 0 1 
0 -7 6 2 -2 0 -1 0 
0 -1 -1 -4 0 2 1 0 
-6 -13 -3 4 -2 -2 0 -1 
0 -8 -9 -14 1 0 -1 1 
-4 -2 -1 1 -8 -5 -3 -3 
0 3 -3 -4 -1 -1 -2 -1 
1 2 -21 -4 -3 -3 -2 0 
0 6 11 6 3 1 2 0 
-2 -13 1 -2 6 3 1 0 
-6 -26 -1 -5 -3 -2 -2 -2 
-2 0 -11 -2 1 0 -3 -5 
-4 -3 -5 0 -2 0 0 0 
-1 -2 -4 -5 -1 -2 0 0 
0 3 -3 0 -4 -2 -2 -1 
0 0 4 0 -1 -2 -1 1 
0 0 -2 -2 -1 -2 -1 -2 
-1 7 -8 0 -1 -2 -2 -1 
-4 -31 18 2 2 0 2 0 
-1 3 8 1 -1 3 3 0 
-2 -29 11 7 7 4 3 1 
-1 -8 -6 -1 -1 -1 -1 -2 
0 16 -6 -4 -4 -3 -4 -1 
1 4 -1 -6 -4 -4 -3 0 
-2 -2 1 0 -4 -4 -1 -2 
0 -2 1 -2 1 0 1 0 
-1 -6 -8 -1 -3 -1 0 -2 
-2 -1 0 1 -4 -4 -3 -1 
0 10 -5 -1 -2 -2 -3 -1 
-2 -3 -1 -7 -1 -1 -1 -2 
0 12 -8 -6 -3 -4 -2 -4 
-3 -10 -1 -2 0 -1 -2 0 
-1 6 1 -1 -2 -1 -1 -1 
1 8 -6 2 0 -2 -2 -1 
-3 -8 2 -6 0 1 0 -1 
2 8 13 3 1 0 0 1 
0 8 10 0 -4 -2 -1 -1 
-2 -1 -2 -4 -1 -4 -2 0 
1 5 -8 -4 -4 -2 -2 -1 
-1 1 -7 0 0 -1 -1 -2 
1 6 -12 -4 -1 -2 -3 -2 
-1 -1 0 0 -4 -1 -1 -1 
0 4 4 2 1 1 1 2 
-3 -6 -2 -2 -1 -1 1 -1 
-1 5 -7 -2 -5 -1 -2 -1 
-2 2 2 1 0 0 -2 -1 
0 -2 -5 -1 1 -1 -2 0 
-1 -6 -1 0 -2 -2 -3 -2 
-3 -6 -2 1 -2 0 0 -2 
0 -2 0 1 5 -1 -1 1 
-1 2 0 -4 -5 -1 0 -1 
0 10 -5 -2 0 -1 -2 -1 
-4 -5 -4 -1 -4 -2 0 -1 
-3 -27 2 -3 -1 -1 -2 -2 
-1 12 -8 -2 1 -3 -3 -1 
-1 3 10 0 0 0 1 -1 
1 5 8 -1 1 -2 -2 0 
-2 -5 5 2 -2 2 3 0 
-2 1 0 -4 1 -2 -3 1 
-4 -12 -13 -2 -4 -4 -2 -3 
0 6 -11 -3 3 -2 -2 0 
-2 -2 -3 -2 -1 0 0 -2 
-2 -4 -1 -1 -2 -2 -2 -1 
1 4 -1 -4 -1 1 0 -1 
-1 1 -3 2 0 -2 -1 -2 
2 5 -4 -4 -3 -1 -1 -1 
-1 -6 -2 2 -1 0 -1 -1 
-1 0 -9 -9 -5 -4 -3 -1 
-2 -11 7 1 -2 1 2 0 
-1 -5 -5 -5 -4 -1 -2 -3 
-1 1 4 4 -1 1 1 0 
1 -6 5 2 0 -3 -1 -1 
1 -3 -2 -2 -1 1 -4 -2 
-1 8 5 1 -1 -2 0 -1 
0 11 -4 -3 -3 -2 -2 -1 
-2 -9 -2 -1 1 3 0 -1 
0 -14 14 -1 0 1 1 0 
-4 1 1 1 -1 -1 0 0 
-1 -5 -10 -6 -2 -1 -2 -1 
-2 -3 -4 -2 -1 1 0 0 
-1 -1 -8 -3 -2 -2 -2 -1 
0 3 -3 0 -2 -2 -2 -2 
-1 0 7 3 0 -2 0 0 
-1 -6 3 -6 -2 1 -1 -1 
-2 -4 -8 -2 -1 -3 -2 -1 
-1 -2 -2 -1 4 2 -1 0 
-2 -4 -1 4 0 -1 -1 0 
-3 -3 -3 -7 -1 -2 -2 -1 
2 8 -5 -4 -5 -4 -3 -3 
-2 -4 0 -1 -1 -2 -3 -2 
-2 1 -5 -2 5 1 -2 -1 
0 -13 9 9 0 2 0 0 
-3 -8 -3 -1 -2 -2 -1 -1 
-1 -10 1 0 -1 1 0 0 
-2 -8 -6 -4 -5 -4 -2 -3 
-2 3 -7 -2 -3 -6 -4 -3 
-1 -2 -4 -5 -3 -2 -1 -2 
0 5 2 1 0 -3 0 0 
0 1 -9 -2 -2 -2 -1 0 
2 6 3 2 -1 -1 0 0 
-2 -2 -2 -4 -2 0 -2 -1 
1 5 -6 -3 -1 2 0 -1 
-1 2 1 1 0 1 -1 0 
-3 2 -5 -4 -3 -3 -1 0 
0 -1 -1 7 4 0 0 -2 
-2 -4 -5 -5 -4 -5 -3 -2 
-1 -3 3 -6 -3 -3 -2 -4 
0 9 -18 -2 -2 0 -3 -2 
-2 -24 10 4 2 1 1 2 
-3 -1 -4 -1 3 -1 -1 0 
-1 -1 1 2 -1 -2 0 -1 
-2 4 -3 -1 -4 -3 -1 -1 
0 12 -2 -1 -2 -1 -2 -1 
-3 -8 -6 1 -2 -1 -1 -2 
-3 -11 -4 -7 -2 -2 -2 -1 
-2 -3 2 1 1 -1 -1 -1 
1 5 1 1 -1 -1 -1 0 
1 3 -3 -3 1 -1 -1 -1 
2 4 24 3 0 -1 0 0 
-3 -5 -2 1 -5 1 1 -2 
-5 -11 -4 -1 4 0 0 0 
0 6 -1 -1 -4 -2 -1 -1 
0 0 -5 2 1 0 -2 -1 
-3 -11 -2 -3 -1 -1 -2 -2 
-1 11 -1 -4 -3 -3 -2 -3 
-1 -3 12 0 -2 0 2 1 
-3 -10 -2 2 0 -1 -1 -2 
0 2 2 1 2 0 0 -2 
0 1 -5 -2 -3 -2 -1 -1 
-2 2 1 1 0 -2 -1 -1 
-2 0 -6 -5 -5 -3 -2 -3 
-2 11 -3 -5 -4 -2 -2 -2 
-5 -15 -17 -9 -4 -5 -4 -4 
-2 0 -2 -4 -3 -2 -3 -2 
-1 -5 1 2 1 -1 -1 0 
2 5 -1 -1 1 -2 -2 -1 
2 10 2 0 -3 -1 -1 -1 
-2 -2 -1 1 0 -1 0 -2 
-1 2 -10 -2 -3 -1 -2 -2 
1 1 0 -2 3 0 2 1 
-2 7 0 -2 -4 -2 -1 0 
-2 -6 -5 -1 0 -1 -2 -2 
2 -2 8 1 1 1 2 -1 
-2 -7 5 5 1 -2 0 -1 
-1 -3 1 -1 -1 -1 1 0 
1 15 4 -1 -1 -1 -1 0 
-2 0 -14 -7 -4 -1 -3 -3 
-2 -13 -1 -1 -3 0 1 -3 
-3 -3 2 0 -2 -2 -2 -1 
0 -5 -4 -2 0 0 -1 0 
-1 1 2 0 -5 -1 1 -1 
-1 1 1 -2 -1 -1 -2 1 
1 4 -4 -2 -1 2 0 -1 
-1 -2 2 7 -2 -1 -1 1 
0 10 -12 -5 2 -1 -4 0 
-2 -13 -8 -5 -5 -2 -1 -2 
-2 -1 -1 -1 -4 0 -2 -2 
-2 -1 -1 -4 -2 -4 0 -2 
0 4 2 1 0 -1 -1 -1 
0 4 1 0 1 -1 -4 -1 
-2 1 1 -3 1 -2 0 -2 
2 24 0 -2 -3 -3 -2 -1 
-7 -20 8 4 5 1 3 -1 
0 -29 21 3 -3 1 0 1 
0 -10 -6 -2 -3 -3 -1 0 
-1 -1 -10 -5 -1 -1 -1 -2 
1 0 1 0 -3 -3 -1 1 
0 11 -2 1 1 -3 -1 -2 
0 7 -1 5 1 0 -2 -2 
0 -5 5 -5 -2 -1 -2 -1 
-2 -3 -25 -8 -5 -4 -3 -3 
-3 -1 -3 1 1 -1 0 0 
0 3 -1 -2 -2 -1 0 -1 
1 -3 -4 -3 -1 -1 -3 -2 
0 0 6 2 0 -1 -2 0 
0 6 -6 -5 -1 -3 -2 1 
-1 1 4 3 2 -2 -1 0 
-1 -4 -3 2 0 -1 0 0 
-1 -12 1 0 -2 0 0 -1 
0 4 -3 -3 -1 -2 -3 -2 
-1 -2 -1 -2 1 -2 -3 -1 
-2 3 10 1 -4 1 -1 -1 
0 3 2 -2 2 -1 -2 0 
0 9 -6 0 0 -1 0 -1 
0 -3 -1 -3 0 1 -1 -3 
-3 -19 -7 1 1 -1 1 -1 
0 -10 11 2 -1 1 1 -1 
-1 3 -3 -5 -1 -2 -1 -1 
-1 1 -2 -2 -2 -2 -1 -2 
-2 -3 -1 0 -1 0 0 -2 
-1 13 2 -1 -1 -1 -2 -2 
-3 -12 -11 -3 -4 -3 -2 -2 
-2 0 -3 -7 -1 -1 -2 -1 
1 -2 -10 -1 -2 -3 -1 -1 
0 -12 11 0 -2 -3 -2 -1 
-2 1 -4 0 -6 -3 0 0 
-2 1 0 1 1 0 -1 0 
-5 -8 -1 -3 -1 -1 -2 -2 
-1 2 -8 -1 0 -2 0 2 
0 0 5 -1 1 0 -1 0 
0 -5 2 0 -1 0 1 0 
1 4 0 -2 -2 -2 -2 -1 
0 -5 17 2 -2 2 2 0 
-1 3 4 0 0 -2 -2 1 
-2 -4 -4 1 -1 1 1 0 
-3 2 -3 -2 -2 -1 -1 -2 
-2 -8 -1 -3 -3 -4 -1 -1 
1 7 10 0 1 0 0 0 
1 3 2 -2 -1 -2 -1 -1 
-2 -11 -4 0 2 0 -1 -2 
0 5 3 4 -2 1 1 0 
-2 -1 -4 1 6 1 -1 -2 
-2 -4 -4 -4 -5 -2 -2 -3 
-2 4 3 -3 -2 0 -2 1 
-1 15 -15 -6 -2 -1 -3 -1 
0 -4 -5 -3 -4 -1 -2 -2 
-2 2 0 2 2 2 0 1 
-2 2 -4 -5 -4 -3 -2 -1 
0 2 -6 -2 -2 -3 -2 -1 
-4 -1 -2 0 -2 0 1 -1 
1 0 -1 -2 -2 -2 -2 -2 
-1 4 -1 -1 -1 -2 0 -2 
0 -11 9 3 3 2 0 0 
1 -13 12 2 0 2 1 1 
-3 -3 -10 -7 -2 -4 -2 -1 
-2 -4 0 0 0 -2 -1 -1 
-2 5 -9 -2 1 -2 -1 -1 
-1 3 -2 2 -3 -1 -1 -3 
0 -3 1 -2 -3 0 0 0 
2 0 2 -1 -2 0 -1 1 
-2 0 -3 -1 -4 0 -2 -2 
-4 -5 -8 -5 -3 -3 -4 -2 
-1 -2 -2 0 -2 -2 -2 -1 
-1 -2 -2 -2 -2 0 -2 -1 
-1 -3 -5 1 2 -2 0 -3 
-1 6 -9 -3 -1 -2 1 -1 
-2 -4 0 -2 -2 -2 -2 -1 
-3 -12 2 3 0 -1 -1 0 
0 -3 -6 -6 -2 -1 -1 -1 
0 9 -3 -3 -2 -3 -3 -3 
-3 -4 3 1 -1 -1 0 -3 
-2 4 -2 1 -1 -1 -1 -2 
0 1 -2 -2 -5 1 1 -1 
0 -1 -8 -2 1 -2 -3 -1 
0 -17 43 9 2 4 2 4 
0 -4 -2 -4 3 -3 1 -3 
-3 1 -6 -2 -3 -3 -2 -1 
-2 -2 0 0 -1 0 0 -1 
0 10 -9 -4 -3 0 -1 -2 
0 8 -19 -4 -4 -3 -1 -2 
-1 -8 7 0 2 -1 1 0 
-3 -6 -3 -3 -1 -2 0 1 
-2 2 -7 -2 -2 -1 -2 -2 
0 5 1 -3 -3 0 -1 1 
-2 -2 -10 -3 -3 -3 -3 -1 
-2 -4 0 1 -3 -3 -1 -2 
-2 3 -10 -1 -1 -1 -1 0 
-2 -2 4 -1 0 2 -2 0 
-1 -6 -2 0 -2 -2 -2 -2 
-1 -5 1 -2 0 1 0 -2 
-3 -8 -5 -4 -4 -4 -4 -4 
0 1 -1 -1 -1 0 0 -2 
1 6 17 3 0 0 0 -1 
0 14 -5 -1 -2 -1 -1 -1 
-2 -1 10 1 1 -2 0 1 
-1 -5 5 -1 -4 0 0 -1 
-3 -3 -8 -2 -1 -3 -3 -5 
-1 -4 -3 0 1 0 0 -1 
-1 3 -5 0 -1 -3 -2 -1 
-2 -3 2 1 -1 0 -1 -1 
-1 5 11 2 2 1 -1 1 
-3 0 -8 -4 -3 -2 -4 -4 
-1 -1 -7 -2 -3 -1 -1 0 
0 -4 0 0 0 0 0 -1 
-1 5 -8 -3 -2 -2 -1 -1 
-1 -8 1 1 -2 -1 -2 -1 
0 0 -2 -1 0 -2 -3 -1 
1 25 -11 -6 -1 -2 -2 -4 
-3 0 -2 -2 -1 -1 1 1 
-1 -9 -1 1 0 -1 0 -1 
-2 -2 -6 -2 -1 -1 -3 -1 
-1 0 2 1 -1 -3 -2 0 
1 3 -4 -2 2 -1 -3 -4 
1 1 5 2 0 -2 -1 1 
