#EMG
#7
#ID:7-19
-2 -3 -11 -7 -3 -3 -4 -4 
-4 -6 -3 -4 -4 -1 -2 -3 
-1 -15 1 4 -1 1 1 1 
-1 -8 -7 0 3 0 1 -1 
0 0 1 3 3 2 2 -1 
-1 -5 -2 -4 -5 -2 -1 -1 
-1 2 1 -2 -3 -2 -2 -2 
-4 -1 -6 -1 1 -1 -2 0 
0 -9 1 2 -5 -3 -1 1 
-3 1 -18 -8 -3 -4 -3 -3 
-1 -18 14 4 1 1 0 0 
-1 -2 -6 -1 -4 -2 -2 -4 
-1 2 -5 -7 -3 -1 -2 -1 
1 -3 -3 2 -1 -2 -3 -1 
-1 4 -1 -3 -3 -1 -1 -1 
0 1 2 -2 1 -2 0 -1 
0 -4 6 5 3 2 1 1 
0 -3 -4 -5 1 -3 0 -2 
-1 -10 -3 -6 -2 0 0 1 
-1 -3 -2 0 1 0 -1 0 
-1 5 -3 -5 -1 -4 -2 -2 
-2 -4 4 2 2 0 1 0 
0 8 -8 1 -5 -2 -2 -2 
-2 -4 -3 -1 3 2 -1 -2 
-3 -22 5 -7 -2 -1 0 -2 
-1 -4 -1 2 -3 -2 -1 -1 
0 1 -6 -2 -1 -2 -2 -1 
-1 -1 1 -1 -2 1 0 0 
-2 8 -7 -3 -5 -2 -3 -4 
-2 -13 8 5 3 0 1 0 
-3 2 -5 -4 -7 -4 -2 -3 
-1 -1 -3 1 -2 -2 -2 0 
0 1 -1 -4 5 0 2 2 
1 0 -5 -5 -6 -1 -1 -2 
-2 3 -2 0 2 -2 -1 -3 
0 2 4 1 -2 -2 -1 -1 
2 8 23 13 2 0 0 2 
1 4 -4 -7 -5 -4 -1 -2 
0 -5 -12 -16 -6 0 -1 -1 
-1 0 4 -2 -2 -1 0 -1 
0 5 -2 0 0 -3 -1 -1 
-1 6 2 4 1 0 -1 -1 
-3 3 6 5 1 -1 0 -3 
-2 0 -3 3 4 0 -1 2 
-3 -23 -1 -16 -9 1 -1 1 
-3 -4 5 10 -2 -1 -2 -1 
0 2 -6 -5 1 0 0 -1 
0 -5 0 -2 -4 -5 -2 -2 
0 6 -3 4 2 -1 -1 0 
-1 -3 1 -1 0 -1 1 1 
1 1 5 5 1 0 -1 1 
-2 14 5 -12 -3 -1 -1 -2 
-6 -8 -14 0 -3 -3 -4 -7 
-2 -5 -2 -2 -2 -2 -3 -2 
1 8 4 4 3 -1 -2 0 
-1 1 -2 -3 -1 1 -2 -1 
-4 -2 -9 0 -6 -3 -2 -3 
0 -8 -6 -2 0 1 -1 -1 
-3 -11 -5 1 2 0 1 0 
-2 -4 -8 -7 -3 -2 -2 -2 
-1 0 6 2 -1 2 0 -1 
-1 14 -12 1 -3 -4 -3 -2 
-1 1 3 0 -4 -2 -1 0 
0 -9 -8 0 1 0 -2 -2 
0 -1 -6 -2 -7 -2 -1 -3 
0 4 -2 0 0 0 -2 -1 
-1 1 -4 -7 -3 3 1 0 
-3 -7 -7 2 -3 -3 -3 -3 
1 13 4 2 4 1 0 0 
0 -6 5 -6 0 1 -1 0 
-2 -1 1 -2 0 -3 -2 -1 
-2 -5 -1 0 -3 -1 -1 -1 
0 4 -4 -5 1 -3 -2 1 
0 -1 3 2 1 -1 1 -1 
-1 2 0 0 -2 -2 -1 1 
-3 -7 -4 0 0 -1 -1 -3 
-1 1 5 -1 0 0 -1 -1 
-3 -9 2 -1 0 0 -2 -1 
0 10 -11 -4 2 0 -2 -1 
0 -5 11 1 -3 -1 -1 0 
-3 -6 -2 -1 -2 0 0 -1 
0 2 8 5 4 0 0 0 
2 5 1 -8 -1 -2 -2 -2 
-2 -2 -13 -1 -9 -5 -3 -3 
1 3 4 4 1 0 -1 0 
-2 0 -2 -3 -3 -3 1 -1 
-4 -15 -3 -2 2 -1 -1 -3 
-2 0 -3 -4 1 -2 0 0 
-2 -8 -6 -2 -3 -2 -3 -3 
-3 0 -3 1 -1 2 -3 0 
-1 1 5 5 -2 0 -2 -1 
-1 2 0 2 -1 -1 -1 1 
-2 -2 -6 -6 -1 0 -1 -4 
2 4 -4 -4 -6 -1 -1 -1 
-2 3 -8 -2 -6 -4 -3 -3 
0 1 19 4 -2 -1 1 1 
1 -2 -6 -1 3 -1 0 -1 
-2 -10 2 -5 -2 -1 1 -1 
-1 -7 -8 -3 -1 -1 -2 -2 
0 4 -1 2 0 -1 -1 -2 
-2 -2 -1 -1 1 0 -1 0 
-2 0 -4 -4 -1 -1 0 -2 
1 2 -2 2 0 -1 -4 1 
-1 1 0 -3 0 -1 0 -2 
0 -4 -4 -4 -2 -1 0 0 
-2 -2 -15 -6 -5 -2 1 -5 
0 -14 8 5 3 -1 -2 0 
-1 -2 -6 -4 -1 1 2 -3 
-1 -1 -4 -4 -2 0 -4 -1 
-2 -3 -4 0 -2 -1 -1 -2 
-1 8 2 3 1 -2 -5 -3 
-3 -13 2 0 1 1 0 1 
-3 -16 5 5 0 -1 1 0 
-3 -2 -5 -6 1 -1 -5 -2 
0 3 -5 -4 -2 1 9 1 
-1 5 -4 -2 -2 -1 -3 -4 
3 -2 7 0 -2 -5 -4 0 
1 1 9 5 1 -1 -4 0 
-4 -10 3 1 0 0 0 -1 
1 -1 -6 0 4 2 0 -1 
-1 3 -4 -5 -6 0 0 -1 
-1 -3 -6 -4 -4 -4 -3 0 
2 6 16 0 -4 -1 -12 0 
-2 5 2 3 -1 -2 7 -2 
-5 -2 -3 -3 -2 -4 -5 -6 
-2 -10 3 3 1 -1 0 2 
-2 -2 -7 -3 -1 0 -1 -5 
0 1 -4 -4 -2 -2 -6 -4 
-3 3 -2 -2 -2 -3 -5 3 
2 0 -4 -3 -1 0 6 0 
-4 -14 -7 -5 -2 -4 3 2 
-5 -9 -7 5 -3 -1 -6 -3 
-1 9 -9 -11 -2 2 4 -5 
-1 8 4 -2 -7 -3 -4 -2 
-4 -8 -1 5 4 2 5 -10 
2 -17 11 -3 0 -3 -4 8 
3 -9 6 11 3 -1 3 1 
-7 6 -11 -2 1 -2 -6 -14 
1 -12 -1 -2 -4 -3 -3 5 
0 -1 -25 4 -1 -3 -4 -3 
-1 8 12 15 4 2 3 3 
-3 7 -21 -39 -12 -6 -4 -5 
-1 -6 -6 6 -2 -1 0 -1 
2 13 15 3 2 -1 -1 1 
1 12 -13 -7 -3 -3 -5 -3 
3 -16 28 24 5 6 4 4 
-1 11 -6 -20 -7 -4 -4 -2 
0 6 15 4 -5 -5 0 0 
0 -6 -24 -2 4 0 -2 -2 
-1 -20 36 18 6 3 1 2 
-1 -6 -12 -18 -6 -3 0 0 
-2 -11 -1 3 -1 1 -1 -2 
5 27 53 10 -3 -2 1 2 
-7 -2 -59 -9 2 -2 -3 -3 
3 5 43 9 -2 1 1 3 
-2 -2 -24 -5 -9 -7 -10 -2 
-8 -16 -24 1 4 6 8 -1 
-1 1 -14 -42 -8 -3 2 -1 
2 14 13 16 3 -3 -4 -1 
-2 5 -13 -15 -2 -2 -5 -5 
2 18 -5 6 -3 -7 -3 2 
0 -22 14 13 1 0 -1 -1 
-4 -12 -22 -8 -2 1 1 -3 
-2 -2 12 2 -1 -1 -2 -3 
4 -6 -15 -7 2 1 -1 14 
0 9 1 7 1 -4 -10 -5 
2 0 1 -1 -3 -4 8 11 
1 3 -2 -2 2 0 -5 -2 
-11 -24 -1 -5 -4 -4 -5 -19 
6 9 -7 -2 -4 0 3 15 
1 -2 19 14 3 2 -1 -3 
-1 20 -10 -12 -1 -5 1 -3 
-3 -5 -20 -12 -9 -5 -6 -3 
0 3 -1 7 -4 -4 -5 -5 
5 10 -19 0 1 -2 -1 1 
-6 -22 39 3 6 6 7 2 
-1 -8 10 3 -3 -2 -3 1 
0 11 8 8 4 -1 0 -7 
-2 -1 -9 -10 -11 -2 -3 -5 
0 -8 7 -10 -8 2 6 4 
-1 6 11 0 -1 -5 -6 -5 
-4 -19 10 1 2 1 1 -1 
0 11 17 6 6 -2 -1 -4 
-1 8 -4 6 2 -4 -4 -2 
-3 -5 5 -10 -2 2 -2 -7 
2 11 -1 1 -3 1 5 3 
-3 1 -17 -15 -8 -4 -6 -7 
-2 -20 -20 9 1 -2 -2 1 
3 9 10 4 2 0 2 5 
-2 -9 -12 -1 0 0 -6 -3 
-4 -9 -10 1 3 -1 1 4 
-4 -9 3 -25 -4 0 3 -2 
-1 4 -2 15 -2 -4 -7 -6 
3 -1 -7 7 4 2 2 1 
0 -11 -15 -15 -1 2 -3 1 
-2 1 -17 -4 -17 -9 -6 -8 
3 -4 -3 -6 9 3 -7 -6 
-12 2 5 3 -4 -2 11 9 
-3 0 5 24 9 0 -10 -6 
0 -1 -4 -4 6 4 7 4 
-5 -9 -8 -12 -13 -5 -1 -3 
5 3 -3 9 4 1 -8 -9 
4 5 -12 -20 -7 -4 4 -6 
-2 -11 21 19 5 1 0 0 
-2 -15 -7 -1 0 -2 -1 -1 
1 7 4 -1 1 0 2 4 
-5 -2 -9 -14 -5 -4 -7 -5 
0 13 -17 -18 -2 -2 -11 -7 
-6 -8 -5 3 -2 -2 3 -4 
-2 4 4 2 -3 -3 -8 -3 
0 2 6 11 -1 2 21 23 
12 17 8 6 4 0 -9 -4 
-9 -22 1 2 -1 -3 -5 2 
-5 5 -3 -19 -4 -2 1 -13 
4 -2 -1 2 -5 -2 -8 2 
-6 5 -5 5 -1 2 7 3 
0 12 -22 -8 0 -2 1 1 
-1 0 32 -1 -2 -5 -8 1 
-5 -22 -4 6 6 2 10 -19 
10 10 33 11 4 4 8 29 
-6 -4 -7 -12 -8 -2 -7 -7 
-5 -13 -39 -1 -5 -5 -3 -5 
-5 1 21 1 5 5 -6 -3 
-4 -4 -29 -14 -6 -3 -2 -1 
-4 -21 -29 4 1 0 4 -5 
9 15 33 6 5 3 3 8 
-6 -2 -34 -10 -8 -4 -10 -8 
-9 -13 -14 -4 -6 -5 0 -11 
8 7 31 1 -3 1 3 12 
1 11 26 14 7 2 1 2 
-9 -18 -83 -36 0 1 -6 -7 
0 21 86 22 -14 -3 1 -5 
-2 -18 -27 -29 10 0 0 0 
-1 -11 -5 23 -11 -1 -1 -1 
6 30 86 16 16 1 4 6 
-5 -6 -41 -29 -17 -7 -5 -6 
3 21 20 7 0 -1 0 3 
-8 -11 -79 -24 -9 -8 -7 -7 
-4 -7 -5 17 2 -3 -4 0 
-4 -22 -52 -26 6 2 -2 -7 
7 26 52 13 0 3 1 2 
-3 -2 -14 -3 1 -1 1 1 
-3 -9 14 -7 -3 3 3 0 
0 -5 -8 6 -4 -4 -5 -3 
-3 1 -7 4 -2 -4 -3 -5 
1 7 7 -6 2 2 2 -8 
-1 -10 -5 2 -5 -6 -5 20 
1 3 20 16 8 4 9 -5 
-5 -8 -20 -13 -4 1 -9 -16 
8 -3 13 3 -3 -5 5 10 
-7 6 11 5 2 -1 -12 -16 
2 -7 -13 -2 2 1 10 22 
0 7 6 5 -1 -2 0 -3 
-7 1 4 -7 1 -1 -7 -13 
9 -5 -7 -1 -2 1 8 12 
-6 2 7 3 4 0 -7 -5 
0 3 1 -14 -12 -2 -1 -2 
-4 -24 12 1 -5 -3 1 0 
3 11 11 3 7 -2 0 -3 
-4 -7 -7 2 -6 -2 -6 -10 
3 3 -1 14 6 3 6 10 
-1 -3 -17 -19 -1 0 -5 -2 
-5 -5 16 6 -14 -6 -3 -6 
2 -1 -4 1 11 2 1 2 
-1 -4 -7 -4 2 -1 2 -1 
0 10 21 10 7 3 2 5 
0 2 -20 -12 -15 -7 -5 -6 
-2 -2 -1 -1 2 3 -1 -3 
-4 -11 -10 5 0 -2 0 0 
-3 0 -1 0 -4 -5 -4 -5 
1 -5 1 -2 5 6 3 1 
1 3 3 0 -3 -1 -4 -1 
-2 9 -26 -11 -7 -5 -6 -3 
-3 -13 -6 6 4 0 1 1 
-1 4 -7 0 -2 -2 0 -4 
-3 -14 -1 0 -2 -3 -1 -1 
1 14 8 0 1 -1 -1 -1 
-2 4 -12 -11 -6 -4 -5 -2 
-3 -5 3 3 -1 0 0 -1 
-1 2 -7 -1 0 -3 -4 -4 
-1 -8 6 2 0 0 0 2 
-3 -8 -5 -4 -8 -2 -3 -1 
-1 6 -1 -4 2 -4 -2 -2 
1 17 -8 -5 -3 1 -1 -2 
-3 -10 8 -1 0 1 0 0 
-3 -3 -5 -8 -7 -2 -2 -2 
-3 -7 -4 1 -1 -1 -2 -2 
1 -2 8 3 4 1 -2 -1 
-1 -4 -6 3 -2 -2 0 0 
1 5 5 -9 -2 0 0 0 
-3 1 -7 -1 -4 -2 -1 -1 
-3 -17 -7 -4 -2 -4 -4 -1 
2 -2 2 -1 -4 1 -1 0 
2 6 3 -2 -1 -1 -1 0 
1 -8 14 3 1 -1 -1 -1 
-6 -10 -16 -6 -9 -5 -3 -3 
-1 2 -7 0 0 -1 0 -2 
0 -12 -2 -6 -1 -1 -1 0 
-3 -3 -13 -5 -1 -2 -1 -2 
0 8 5 7 3 0 0 -1 
-3 -8 -4 -3 -1 -1 -1 1 
-1 11 9 -1 -3 1 -1 0 
-1 -1 -5 0 0 -2 -2 -3 
2 17 -1 3 1 -1 -2 -1 
-4 -27 5 3 9 3 2 1 
-2 -3 -3 -9 -6 -1 -3 -1 
0 -1 1 1 -1 0 -1 -2 
1 3 3 -3 -6 -1 1 1 
2 11 2 -2 -2 -4 -2 -2 
-3 1 1 7 1 -2 -2 -2 
1 -2 -14 0 3 -1 0 -1 
-5 -23 0 -9 -6 0 0 -3 
-1 0 -2 -1 -6 -2 -2 -2 
-1 -9 -3 -2 2 0 2 -1 
1 21 7 0 -5 -3 -2 -2 
1 7 6 3 3 -2 -1 -3 
2 8 2 0 -1 -1 1 1 
-1 -8 -3 -2 -3 -2 -1 1 
-4 -19 -5 -3 -3 -1 -2 -2 
0 1 0 -9 -6 -3 -2 -2 
-3 -2 4 -2 -2 -1 -1 -2 
1 11 -7 0 1 -3 -3 0 
-1 2 1 -1 -3 0 -1 -2 
1 -2 0 2 6 1 1 1 
-1 7 -7 3 -3 -2 -2 -3 
-3 -12 10 9 6 5 4 -1 
-1 -7 4 -7 -9 -3 -2 -1 
-2 -11 17 4 2 1 1 0 
-1 0 -6 -5 -2 0 -2 0 
1 0 -6 2 3 -2 -4 -3 
-1 5 -1 1 2 1 0 0 
0 5 -5 -2 -1 0 0 -1 
-1 -3 -7 -2 -2 -3 -3 -1 
2 22 -1 -3 -3 -3 1 1 
-3 -10 -6 1 1 -1 -1 -2 
-2 1 -7 -2 -4 0 -2 0 
-3 -6 -3 -2 -2 0 -2 -2 
1 10 -2 -2 0 -4 -5 -2 
1 4 0 -7 -2 1 0 -1 
-2 -1 -6 1 -2 -2 -4 -1 
-4 -8 1 -1 -1 1 0 0 
-3 -14 -3 1 -4 -4 -2 -1 
-1 -2 14 4 3 0 0 -1 
0 -9 -6 -2 -3 -3 -2 -3 
0 6 7 1 -1 -3 1 2 
0 -6 -7 -6 -3 1 3 -2 
-2 -6 -4 -1 -1 -2 3 0 
-2 9 -10 -2 -2 -2 -3 0 
-1 0 -1 -7 -5 0 -1 -2 
-3 -8 -4 1 3 -1 -2 -2 
-1 -4 2 0 -3 -1 0 3 
1 2 2 3 1 -1 -3 0 
0 4 -8 -6 -2 -1 -2 -3 
-1 -6 14 4 3 2 2 -2 
-1 2 -6 -1 -3 -1 -2 -3 
1 25 -2 4 2 -2 -1 -1 
-2 -13 -2 -6 -9 -1 0 2 
-4 -6 -5 -7 -3 -1 -3 -2 
-2 2 -1 -2 -4 -3 -3 -1 
-1 -5 -2 0 1 1 1 -2 
-2 3 -3 5 3 -5 -2 -3 
1 15 -4 -2 -5 -4 -3 -2 
-2 -8 2 -3 0 0 0 -1 
-2 1 15 4 -2 0 -1 0 
-1 -5 -2 -9 -4 0 -1 -3 
-4 -11 -12 -11 -7 -4 -5 -4 
1 6 -2 -3 2 -1 -4 -1 
0 -5 -1 3 1 -1 0 -2 
-1 -2 5 4 1 -1 -1 -2 
0 7 5 1 -1 -2 -4 0 
-1 6 -5 -1 -1 0 6 0 
-5 -7 -3 -3 -1 1 1 -1 
-1 -18 -6 -2 1 -1 -2 1 
0 -4 -2 -1 -1 0 -1 0 
-2 0 -5 -1 -2 -2 -6 -4 
-4 -21 -6 -4 -1 -2 -3 -1 
0 3 8 -1 1 2 2 -1 
-2 -3 4 3 -1 -1 -2 0 
-2 -5 -6 0 -2 -4 0 -2 
0 25 -5 -4 -3 1 0 -2 
-2 -3 -7 -2 0 -3 -5 -3 
-1 -2 1 0 -1 -3 -1 0 
-1 -5 -9 -7 0 2 0 -1 
-4 -11 -6 -2 -5 -3 -2 0 
0 5 1 1 1 1 3 0 
-1 -4 -6 4 5 1 1 0 
-1 3 -6 -12 -12 -5 -5 -1 
2 0 5 -2 -1 -3 -3 -2 
4 14 19 2 3 1 -2 -2 
-2 -2 0 -2 -2 1 4 0 
-3 -12 1 1 2 0 -2 1 
-2 -4 4 0 -3 0 -1 -1 
-2 3 -6 -1 -1 0 -2 -1 
1 -1 -1 0 -2 -1 -1 0 
-2 4 0 3 0 -1 -2 -3 
1 -6 -2 -2 -5 -5 0 0 
0 1 4 -2 4 3 0 0 
-7 -18 -8 -1 -4 0 1 -2 
-1 0 -2 2 -1 -2 -3 -2 
-2 -4 0 -4 -4 -3 -2 -1 
0 5 -5 2 -5 -4 -3 -1 
1 1 1 -1 3 -2 -3 -3 
1 7 9 5 3 0 1 1 
-3 -15 4 1 4 1 0 -1 
-7 -11 -23 -11 -8 -8 -3 -4 
-2 -1 -4 -1 -1 -1 1 -1 
0 2 0 0 1 -2 -3 0 
0 7 -7 0 0 -1 -2 -2 
-2 -2 2 2 -1 0 0 0 
0 0 3 -5 -2 -3 -3 0 
2 12 -4 -1 -1 -1 -3 -1 
-3 -19 -4 -7 -6 -2 0 1 
-4 -5 -2 2 -2 1 0 -2 
-2 -4 -5 0 -2 -1 0 -2 
-1 0 5 3 3 0 0 0 
0 7 2 -2 -1 -2 0 -3 
0 1 3 1 2 0 0 -1 
0 10 7 0 3 -3 0 2 
-2 -9 -10 -1 0 0 -2 -2 
-1 -2 -3 -2 -3 -1 0 0 
1 1 0 -3 1 -3 0 -1 
0 3 -9 -6 -8 0 -2 1 
-1 -10 12 1 -1 0 1 0 
-2 1 0 7 2 1 0 0 
1 -1 4 2 3 -1 -4 0 
-3 0 -3 1 -2 0 -1 -3 
-2 2 -2 -4 -1 -1 -1 -1 
-1 2 -4 -1 -1 -2 -3 -2 
-2 1 -6 1 -1 -2 0 0 
-2 -14 9 3 2 0 -1 0 
-4 -21 -6 0 -4 -3 -2 -3 
1 6 1 -1 1 -1 -1 -2 
-2 1 -5 -7 -8 -1 1 -2 
1 -1 1 -1 0 0 0 0 
-1 1 0 -1 -6 -2 -2 -1 
-3 -5 -10 -1 0 -3 -3 0 
-2 12 -9 -4 -6 -3 -2 -3 
-1 -7 -4 -2 -2 2 -1 -1 
-2 0 -4 -2 -1 -2 -1 -1 
-3 -8 -4 -7 -3 -1 -1 -2 
-2 -10 0 1 -5 -2 -3 -2 
1 10 -3 -1 1 -4 -2 -1 
-2 1 0 3 4 -1 1 0 
0 8 -1 -7 -9 -4 -2 -2 
-3 3 0 0 -1 0 -2 1 
-5 -8 -3 -4 -2 -4 -3 -3 
-5 -18 3 3 -1 0 -1 -2 
0 4 3 1 2 -1 0 -1 
0 4 -3 -2 0 1 1 -1 
0 -9 4 1 0 -1 0 0 
-3 10 -5 -5 -2 -1 -2 -2 
0 1 14 7 0 2 1 1 
0 -2 0 -2 -3 -1 -2 0 
-1 9 -5 -2 0 -1 -3 -2 
2 7 -5 -6 -4 -3 -1 0 
0 -3 -3 -1 2 -1 -2 0 
0 -6 1 5 3 0 0 -1 
2 16 0 -4 -4 -3 -3 -1 
0 -2 -1 -1 -3 -2 -2 0 
-3 -6 -4 -8 -3 -1 -4 -1 
-1 -7 -4 4 4 1 -1 -1 
-1 18 -1 -8 -13 -3 -3 -4 
0 -1 -3 2 10 3 1 1 
1 0 -4 -4 -2 -1 -1 -1 
0 -2 -3 -4 -2 -1 -1 -2 
0 -17 10 4 0 -2 -3 1 
2 0 -3 -4 -5 -4 -3 -3 
-1 4 0 -2 -1 0 -2 -2 
-3 -2 0 -4 -2 -2 -3 -2 
-2 -4 -10 -1 -1 -2 -1 -3 
1 9 0 -1 -2 -2 -2 -1 
-1 -25 -3 7 3 0 3 1 
2 6 20 5 2 3 2 2 
-4 -4 -11 -14 -8 -2 -2 -2 
-1 -5 -2 1 0 -1 0 0 
-2 8 -6 -3 -3 -3 -4 -3 
-2 -8 -8 -4 -5 -2 -3 0 
1 4 11 13 7 2 1 1 
0 1 -3 -6 2 2 0 -3 
2 14 15 4 -5 1 0 2 
1 2 0 -3 -1 -1 -1 -1 
-2 -5 -4 -2 1 -1 1 -2 
-3 -5 -7 -4 -5 -2 -3 -4 
-1 0 -3 1 3 -2 -1 1 
-1 -5 -2 -2 -3 -2 -2 1 
3 24 -10 -4 -5 -3 -5 -3 
-4 -37 4 8 1 2 2 1 
-3 -9 -8 -12 -8 -1 1 -2 
0 4 1 2 3 -2 -1 -1 
-3 -8 -2 -3 -3 -1 0 -2 
-1 5 1 0 -3 -4 -3 -1 
-3 0 -2 2 -1 -1 -4 -1 
-2 8 -4 -6 -1 -1 -2 -3 
0 8 1 2 1 -1 -2 0 
0 2 0 -2 -5 1 -1 0 
-1 -1 0 -1 3 0 0 -1 
-3 -1 -4 -1 -4 -3 -3 -3 
-2 -8 -2 2 1 -2 -2 -1 
2 13 -3 -6 -1 0 -2 -2 
-1 0 -1 -5 -4 -4 -2 -3 
-3 -11 -7 2 1 -1 2 -1 
-3 0 5 0 0 1 3 1 
-3 -2 -4 -3 -1 -1 -2 1 
-1 -4 -6 3 -4 -2 -3 -3 
1 10 -4 -9 -5 -4 -2 -3 
-3 -10 -8 -4 -3 0 -1 0 
0 10 4 -1 3 -2 0 -2 
1 6 6 13 3 1 0 0 
-2 -5 3 -7 -2 0 0 -2 
-4 -7 -9 -3 -3 -5 -3 -1 
-3 1 -2 -4 -1 -3 -1 -3 
-1 8 -12 -7 0 0 0 -2 
-3 -35 12 13 4 2 1 0 
1 -7 3 1 3 3 1 0 
-1 -1 -4 -7 -4 -3 -2 -1 
-2 0 -4 2 1 -2 -2 -2 
1 10 -1 -2 -3 0 -2 0 
-2 1 4 6 0 -1 0 -1 
-1 -7 -8 -8 -7 0 1 1 
-1 -7 7 -2 -4 -5 -2 -1 
-1 -2 -6 -2 3 -2 -2 -2 
-1 -2 3 -3 -5 1 -1 -1 
1 5 2 4 3 0 0 -1 
-5 -23 7 -1 -6 1 3 0 
-2 1 0 -2 1 1 -4 -2 
1 0 -3 -3 0 -2 -2 -2 
-1 5 8 -3 -7 -2 -2 0 
-3 -6 -9 -5 -2 1 -2 -2 
-1 2 2 3 2 -2 0 -1 
-1 3 3 -3 -2 1 0 -2 
-1 1 -3 4 0 -3 -5 -2 
1 2 9 -2 3 0 0 1 
-4 -11 -13 2 -1 1 1 -2 
-1 -6 -7 -4 -2 -3 -1 -1 
1 -6 1 -1 1 1 1 -1 
-2 3 -3 -3 -3 -4 -5 -2 
-1 -3 -10 -5 -6 -1 -1 -1 
0 -8 8 -6 -2 3 1 0 
-2 1 -5 0 -2 -3 -3 1 
0 -4 -4 -2 -3 -3 -1 -3 
-1 -2 -1 -3 -1 -3 0 -2 
-4 -16 2 1 -1 -1 -1 1 
1 4 0 -3 -3 0 -1 0 
2 4 -1 8 3 2 2 2 
-2 -2 -4 -10 -3 -2 -2 0 
-3 7 -6 2 -1 -5 -3 -4 
-1 0 3 3 7 0 0 -1 
-3 -7 -9 -4 -2 0 -1 -2 
0 12 14 2 -8 -2 -2 -1 
0 6 -2 -1 5 1 -2 -1 
-3 -6 -7 -5 -2 0 -1 -4 
-2 9 -9 -3 -1 0 -3 -3 
3 7 -2 1 -1 0 -2 0 
-2 2 -3 -7 -7 -3 -2 -1 
-3 -4 -3 -3 -6 -2 -2 -1 
-1 2 -1 -5 2 -2 1 -1 
-1 -3 3 5 4 1 -1 -1 
0 1 -2 -4 -4 -2 -2 -1 
-2 -6 -3 -1 1 0 1 -1 
-1 -3 3 -5 -3 -1 0 -1 
-2 -5 -4 1 -1 -3 0 -1 
-1 1 -2 2 -1 -4 -3 0 
-2 -5 3 -9 -7 -1 -3 -2 
-1 -5 -3 -3 3 2 -1 -1 
0 0 1 -2 2 -2 1 -2 
0 12 -13 -5 -4 1 -1 0 
-3 2 -4 -4 -1 -2 0 -2 
-3 1 0 2 -3 -2 -3 -3 
-3 -6 1 0 -2 -3 -3 -1 
2 6 1 -2 4 0 -1 -2 
-1 -5 -4 4 0 -1 -1 -1 
0 7 -5 -5 1 -1 -1 0 
-2 3 -2 1 -1 -1 0 0 
-3 -3 -4 -7 -3 -3 -2 -2 
1 12 33 3 0 1 3 2 
-2 -1 3 5 0 -1 -1 -2 
-3 -8 -1 -3 -3 0 -1 -1 
1 -1 0 2 1 -1 -1 -2 
-2 0 -17 1 0 0 -2 -2 
3 -4 13 4 3 -1 -2 0 
-2 -2 6 -6 -5 0 -2 -2 
-5 -20 -2 2 -1 -3 -1 -1 
0 6 -8 -3 -3 0 -2 -2 
1 -2 -6 -2 0 -1 0 -3 
-1 -5 2 3 1 -2 -2 2 
-2 -1 3 3 0 1 1 -2 
-2 -9 -6 -3 -3 -2 -2 -3 
-3 -3 -5 0 -1 -1 -1 -3 
-1 2 4 -6 -1 1 0 -2 
-1 0 -3 3 -1 -2 -1 -2 
0 -2 3 1 1 -2 -1 0 
-1 -6 -4 -10 -9 -2 -5 -2 
0 3 -5 4 2 -1 -1 -1 
-1 1 1 2 2 1 -1 0 
-4 -6 -9 -8 -9 -3 0 -2 
-2 -5 -2 -1 1 -1 0 0 
-1 -13 -2 -3 -1 1 0 1 
0 -1 4 3 1 -1 -1 -1 
-2 2 -17 -2 2 -3 -5 -3 
-2 13 -10 0 -3 1 1 -2 
