#EMG
#8
#ID:8-10
1 -10 9 -4 -1 -1 1 2 
-1 -2 -19 15 7 -2 0 -1 
-2 -4 -2 -32 -9 1 0 2 
-4 -5 -2 12 -6 -4 -2 -3 
0 10 1 -3 -2 -1 -2 -3 
1 -3 -8 -3 0 -1 -2 0 
2 14 0 4 3 -1 0 1 
-2 -10 20 5 5 2 1 -1 
-1 3 -4 -2 0 3 -1 0 
-3 -2 -7 -11 -8 -5 -5 -2 
-1 -8 6 9 1 -1 1 0 
0 9 0 2 -2 -3 -2 -3 
-1 4 0 5 5 -1 1 3 
0 -6 8 -9 -6 -2 -2 1 
0 -6 0 -3 -3 3 -2 -1 
-4 -2 -17 -14 -5 -5 -3 -4 
2 2 14 4 -2 0 0 1 
-1 8 -2 3 -4 -2 0 -1 
0 1 10 18 11 1 1 -3 
-4 7 -23 -16 -4 1 -2 -3 
-5 -9 -9 -1 -5 -3 -3 -3 
-1 1 0 -3 2 0 1 -2 
-1 0 7 18 3 -4 -2 1 
3 6 6 10 6 4 0 -2 
1 4 -3 -11 -5 -2 -1 -3 
-8 -30 -12 -8 -11 -6 -4 -4 
-1 0 1 6 3 1 0 1 
0 -4 -2 0 -6 -6 -2 1 
-1 0 4 1 2 1 0 -2 
1 6 9 -1 2 -1 -2 1 
1 -3 -6 2 -1 -1 -1 11 
-1 -5 4 -19 -7 -4 -3 -3 
-2 3 -7 -8 -10 -3 -2 -3 
-1 -3 -2 1 5 2 0 -4 
-3 -7 -2 -4 -4 -2 -3 -6 
0 1 3 6 2 0 -2 -1 
0 9 1 3 3 -1 0 0 
2 16 8 8 2 0 1 1 
-8 -10 -21 -27 -10 -4 -2 -6 
-10 -27 -11 2 -7 -5 -4 -3 
0 1 -2 -5 2 -1 -2 -2 
1 5 2 1 0 -1 0 -1 
4 9 9 9 4 -1 -2 -1 
0 3 -4 -4 -1 -1 0 0 
-3 -5 -2 -1 -1 -3 -3 -6 
3 14 -5 9 5 3 -1 2 
-7 4 -18 -9 1 -1 -4 -7 
-3 -12 -13 -13 -13 -3 -3 1 
0 -5 14 0 4 2 2 0 
-1 0 -2 -6 -2 0 -2 -2 
3 3 0 3 -3 -2 0 3 
1 10 8 12 4 2 1 -2 
-2 -9 -11 8 3 -1 -2 -2 
-6 -19 -5 -15 -8 -3 -2 -3 
-4 -11 4 -1 -5 -2 0 -3 
-3 -3 4 -2 5 1 -1 -1 
0 4 -6 4 0 -1 -1 -1 
0 2 -10 6 4 -1 0 -5 
-2 -8 4 4 -7 0 1 4 
0 -2 -6 -6 5 -1 -1 0 
-3 3 -9 -9 -5 -2 -4 -4 
-5 -19 8 -3 -4 -1 1 0 
0 2 2 3 -2 -4 -2 -4 
2 7 4 0 -1 0 -2 1 
-1 -24 10 3 0 1 1 5 
-3 -3 -11 -10 -6 -2 -2 -5 
-3 -1 -7 -1 -1 -1 -1 -1 
-3 -3 14 2 1 -1 -1 -1 
1 -6 -5 0 -2 -5 -4 -1 
0 7 6 6 4 -2 -1 -6 
2 2 1 -4 -3 0 -1 0 
0 -7 2 -6 -10 0 2 2 
-2 6 -4 -10 -1 -1 -1 1 
0 2 -1 -2 -2 -1 -2 1 
-2 -6 -9 -5 0 -3 -2 -5 
0 4 -1 3 0 -2 -1 -3 
6 9 5 4 1 1 1 8 
-4 -10 2 -1 -4 -1 0 2 
-2 3 -10 -4 3 -3 -4 -2 
2 1 -5 1 -1 -1 -2 0 
-4 -8 -2 -5 -1 0 0 -7 
1 6 -2 0 1 -1 -1 0 
0 -1 2 0 -1 -2 -2 -1 
-2 5 -19 0 0 -1 -3 -7 
-1 -9 31 12 6 2 3 5 
-1 -9 -16 -15 -14 -1 0 1 
-5 -11 -5 -9 -7 -3 -3 -3 
-3 -3 -7 -6 0 1 0 0 
0 15 -3 0 -4 -4 -2 -3 
3 15 14 6 8 2 -1 -1 
0 -6 19 11 6 5 5 2 
0 -4 5 8 1 -3 -1 6 
-1 4 -5 -6 -4 2 1 0 
-3 -8 -9 -13 -11 -6 -5 -3 
-2 8 -7 -8 -3 -3 -5 -4 
-1 4 -1 -6 -1 -3 -2 -3 
-1 -6 0 2 1 3 -2 -1 
-2 0 5 9 10 1 1 -2 
4 12 10 0 0 -3 -2 2 
-4 -24 -2 7 5 3 4 2 
-1 -3 -12 -4 -7 -4 -2 -3 
-2 2 -3 -2 -1 1 -1 -3 
-1 -6 -4 -7 -2 -1 -2 -2 
1 28 -5 -5 -3 -3 -3 -1 
-1 6 -4 -4 -1 -2 -2 2 
-2 -2 3 10 -1 0 0 -3 
-1 -6 -9 -3 -2 -2 0 4 
-3 1 4 -3 -5 -2 -2 -2 
-4 1 -9 -9 3 -1 -1 -4 
1 -4 0 -3 0 -2 1 3 
1 5 6 7 0 -3 -4 -5 
0 -4 2 3 -2 0 0 0 
0 -5 3 -8 -7 -1 -2 -2 
-4 -13 -1 -7 1 -1 -1 -1 
2 4 -5 3 -4 -3 -2 -2 
1 9 6 5 0 -1 -2 -6 
-5 -11 -6 -9 1 -2 1 1 
1 5 -8 4 -10 -2 -1 3 
0 -5 -1 -5 -3 0 1 -4 
-5 -3 -8 -7 1 -3 -1 -3 
-1 2 -4 0 2 0 -1 -3 
0 16 4 5 -2 -5 -4 -3 
0 1 7 8 8 4 3 2 
1 -5 -1 6 -5 -1 -2 1 
-5 -7 -12 -30 -12 -3 -4 -5 
-2 -3 -4 -5 0 -4 -4 -1 
0 7 1 2 -1 -1 -3 -1 
0 -11 10 19 10 1 1 -1 
-1 -1 -9 -16 -6 -5 -5 -2 
-3 -7 -9 -10 -5 -3 1 -4 
-1 5 2 4 -3 1 1 -2 
-2 -3 1 0 3 2 -3 -2 
-4 -2 -4 2 4 0 1 -1 
3 0 7 18 6 2 -1 3 
-3 -2 -7 -17 -5 -3 -1 -2 
-3 -11 -4 -24 -11 -4 -3 -4 
1 6 12 38 2 -1 1 -4 
0 -2 0 -3 6 7 3 -1 
-2 1 -8 -5 0 -3 -4 0 
0 3 3 -17 -10 -4 0 -1 
-2 -2 -2 4 1 -5 -5 -1 
5 10 7 10 1 2 2 6 
-5 -14 -4 20 5 -1 -2 -5 
1 12 -3 -6 -4 3 -1 7 
-1 -42 -8 -10 -12 -3 1 4 
-4 -9 5 7 -2 -2 -1 -3 
-1 1 1 -5 2 1 1 1 
1 3 2 8 -3 -3 -2 0 
3 9 -1 9 4 3 1 -1 
-8 -16 -16 -23 0 -5 -4 0 
-2 -25 7 2 -4 3 4 2 
2 5 -2 -9 -3 5 1 -3 
-3 14 6 8 7 -3 -2 -9 
-1 2 -3 -10 -10 -1 3 -5 
1 3 -14 -12 2 -2 -2 -3 
-1 -1 2 15 4 -3 -2 2 
2 8 7 -1 3 4 0 -2 
1 3 -1 -4 -5 -5 -2 0 
11 28 2 -2 -6 0 3 23 
2 1 -1 -6 -4 -4 -2 -1 
2 -2 -9 -3 1 3 1 12 
2 10 -1 2 -3 -8 -3 -3 
-2 7 -13 6 13 7 2 -3 
-5 -26 -17 -17 -19 -14 -11 -6 
2 17 -6 -2 8 2 -2 -4 
-6 -39 3 5 -3 4 0 -3 
-3 -6 -2 -2 -6 -1 -1 -3 
-4 6 4 8 5 -5 -2 0 
-6 -7 -21 -16 -9 -3 -5 -11 
-1 15 10 11 0 -2 -2 -1 
-3 -24 7 -6 0 -1 0 -7 
-2 -3 3 2 3 4 2 1 
1 12 8 10 -5 -1 -1 6 
-5 2 -10 -10 1 -2 -2 -5 
0 9 -6 -13 -8 -6 -4 -3 
-6 -28 -3 -9 -3 0 2 0 
-6 -12 3 18 3 -2 -1 -8 
4 8 6 9 5 1 1 6 
-5 -9 -1 -11 -9 -6 -4 -7 
-2 0 3 10 9 3 -3 -2 
-2 4 -6 -16 -5 0 2 -2 
2 -2 14 27 -1 -1 -12 0 
-3 -5 -20 -21 -6 0 15 -7 
0 15 -34 -29 -9 -8 -6 -1 
2 -11 18 22 -1 -3 1 12 
0 6 -3 -9 -2 1 -5 -6 
0 -4 -5 11 3 -1 -4 -1 
0 21 -4 2 5 3 4 -4 
-1 -11 -17 -7 0 0 -4 -7 
-5 -17 7 -3 -1 0 0 2 
-1 -2 4 2 -4 0 1 -4 
-2 -7 8 12 9 3 -1 -2 
-3 -5 1 -24 -8 -4 -6 -5 
-5 -8 -6 14 -5 1 1 -7 
1 -3 22 -3 10 4 2 7 
-3 -4 17 14 3 1 2 -1 
-3 -12 -20 -3 -1 -5 -4 0 
0 -6 -1 -19 5 3 5 0 
-1 0 7 29 -1 -2 -5 -4 
-1 15 -20 -3 -12 -6 -7 -6 
-4 -10 -3 -30 -6 -1 1 -1 
3 14 -7 -1 -3 -5 -2 -4 
3 5 6 -6 -1 0 -3 1 
0 -11 0 -2 -1 -3 -3 4 
-1 6 3 11 -2 0 -1 -3 
1 10 -3 4 2 -6 -1 0 
1 11 6 -15 -6 0 -6 -4 
2 -14 29 20 3 3 4 1 
0 -3 -17 -17 -12 -3 2 13 
0 7 -10 -11 6 -1 -13 -4 
-2 -21 2 -11 -6 3 11 -5 
0 -3 -4 3 -1 -5 -3 0 
4 17 11 11 3 0 -7 -2 
-2 3 -5 6 1 0 3 3 
-5 -8 5 7 1 -3 -6 -3 
-5 -5 -19 -19 -12 -2 -2 -9 
-2 -7 -6 0 -1 -5 -2 -3 
2 6 15 12 1 2 4 1 
-4 -1 -16 -28 -8 -8 -8 1 
3 29 -8 18 2 -2 -1 1 
1 -2 16 10 2 3 2 -5 
-2 -8 -5 -20 -9 -1 -9 2 
0 19 -8 14 -1 -2 -1 -1 
12 -4 10 4 5 -2 5 -9 
-3 12 5 -5 3 3 -1 15 
-3 -7 -4 0 1 2 -7 0 
-4 2 3 11 -1 -6 2 -12 
-1 -18 3 -17 -4 0 1 13 
-1 -6 0 12 1 -3 0 -11 
-3 -10 -5 -9 -6 -4 -4 -12 
-3 0 -5 3 -5 0 -3 4 
0 -9 -4 1 6 3 -3 0 
0 2 0 -8 -5 -3 0 -5 
-3 -1 -17 -10 -7 -5 -3 3 
-3 -4 10 4 6 1 -4 -14 
-2 3 -15 1 -4 0 1 1 
-5 -8 -13 7 3 3 0 4 
-1 -10 5 -16 3 -7 -1 -7 
-1 -7 -4 2 -3 6 5 7 
-13 -19 -5 -13 -6 -4 -6 -11 
1 8 4 -6 -7 2 -1 -7 
6 32 12 9 2 2 6 4 
-2 -13 8 5 -10 -11 -7 -2 
5 1 68 22 27 15 6 6 
4 18 48 15 -6 -5 -6 -5 
-10 -43 -68 -31 7 0 2 0 
2 5 -4 -6 -8 2 3 2 
1 26 -10 13 3 1 -2 2 
1 -12 -15 -4 1 -8 0 5 
-4 -2 15 7 -4 -2 1 -1 
-3 -5 -15 -5 9 -2 -2 -1 
3 -5 -10 -7 -18 2 4 1 
-1 11 -18 -3 5 4 2 0 
0 7 28 -2 1 -2 0 0 
-2 -29 14 8 -4 -2 -2 1 
-2 2 -1 -13 -12 -2 -3 -8 
-5 -2 -2 -1 -5 -4 -2 -2 
-1 -2 1 -5 -2 3 8 1 
8 4 -18 10 8 5 0 16 
-4 2 1 -13 0 -5 -9 -7 
-3 -5 -5 -7 5 4 4 -18 
2 3 -25 0 -5 -5 -16 -9 
0 -2 20 0 0 1 18 24 
-2 -1 -19 13 7 -2 -10 -7 
0 -1 5 -29 -11 2 18 13 
-4 -2 -5 3 -11 -3 -16 -27 
-4 2 -6 -10 -5 -6 -10 -6 
0 1 -10 3 -1 -6 -13 -2 
-5 -1 0 -7 5 2 25 7 
0 -20 18 -8 -7 -4 -12 8 
-6 -5 -18 -2 3 -1 -1 -16 
-12 -10 -45 -15 -6 -4 2 4 
4 -14 2 15 3 -5 -16 -9 
-6 14 -9 6 -1 4 11 0 
6 17 -7 -32 -6 -7 -13 -2 
-3 11 19 35 -2 0 4 -6 
-3 -6 3 -12 -7 -1 -6 -1 
4 -6 15 -12 -8 -6 4 10 
-2 -15 -11 1 1 -6 -8 -11 
3 25 23 -12 0 3 12 3 
-3 2 -42 24 -8 -8 -16 -8 
5 0 1 37 15 1 4 4 
-4 -2 6 -40 -9 -2 1 -2 
-4 -9 -25 -59 -22 -8 -4 1 
6 43 18 23 19 1 -6 0 
0 -13 41 34 5 7 16 7 
-8 7 -19 -2 -19 -13 -16 -9 
4 -7 -5 3 20 4 4 7 
2 -13 2 -73 -17 -4 -9 0 
-2 14 -3 34 0 -2 5 3 
6 21 15 36 28 15 11 4 
-5 -20 16 -27 -24 -11 -8 -5 
-3 3 2 48 5 -1 -5 -9 
6 -17 -4 -36 3 2 3 14 
-1 9 -15 42 8 2 -1 0 
-11 -39 -28 -55 -7 -1 0 -6 
-16 -46 -12 0 -15 -8 -5 -11 
-7 -10 -28 -41 -14 -5 -3 0 
-5 -18 -4 2 -8 -3 -10 -9 
13 18 25 59 21 2 9 14 
7 17 -7 -17 -2 -1 -7 -6 
-20 -3 9 -7 1 4 5 -13 
-4 -10 -1 9 0 -2 5 11 
-8 0 2 24 6 -4 -19 -15 
0 -10 -3 -72 -20 -2 6 17 
3 -1 -11 37 8 -7 -17 -13 
-1 1 11 6 14 10 11 -3 
0 -2 -1 -7 -12 -2 -16 -15 
6 -3 7 25 8 6 14 8 
-3 9 5 -3 5 -6 -4 3 
3 9 16 -8 -9 -3 0 -4 
3 1 -3 12 7 12 17 5 
7 8 0 15 5 -10 -9 25 
-11 -13 -25 -34 -19 0 -1 -25 
-7 -12 2 4 -1 -2 -10 -10 
4 9 2 -2 1 -2 0 23 
-6 2 -4 1 2 0 4 -20 
4 -7 11 6 -1 -4 -1 6 
-1 -10 -29 -14 -7 -3 -2 -17 
9 35 43 20 5 8 15 -4 
0 -16 19 -14 0 -2 -7 9 
1 19 -9 12 -2 3 9 7 
-5 -6 -14 -33 -17 -9 -10 2 
-1 -1 -27 4 3 -6 -4 -6 
-8 -15 -4 17 4 4 7 13 
5 18 -6 1 6 1 -12 -7 
4 -8 24 -2 7 1 2 10 
-7 -6 -49 -35 -30 -15 -5 -10 
5 17 35 35 15 15 1 -6 
-1 -11 18 -30 -7 3 9 9 
-5 9 -27 4 1 -4 -4 -7 
4 -5 22 22 33 8 4 8 
-7 -11 -20 -4 -12 -9 -9 -20 
1 -5 12 13 3 -1 1 4 
-1 -2 -18 -48 -34 -9 -3 0 
-3 -10 12 11 18 2 1 -6 
0 9 -8 9 -2 0 0 0 
-6 -11 8 4 11 2 0 0 
2 10 5 7 0 -4 -1 1 
0 -2 -4 -5 -11 -2 0 0 
1 7 3 14 1 -1 -2 -4 
4 13 6 -6 -9 -5 -3 3 
-2 -5 -4 3 7 0 -2 -5 
-5 -8 -20 -19 -15 -2 -3 -3 
-4 -8 -18 -4 1 0 3 -4 
2 -2 58 11 0 -2 -3 -1 
0 -2 2 -10 -1 4 4 7 
-6 -6 2 3 -5 -5 -2 -4 
4 0 1 4 -2 -2 1 1 
-3 -7 -34 -11 -3 1 0 -7 
2 7 9 13 2 -3 -6 2 
-4 -6 13 3 -6 -1 1 -9 
-5 -8 -35 -12 2 -1 -4 -2 
3 16 -21 -3 -2 -2 -1 3 
1 0 14 9 4 -1 0 7 
-3 -18 -7 0 -1 1 0 -3 
-6 -12 -2 -9 -5 -5 -7 -2 
-2 4 -19 -32 -6 -1 -2 -2 
3 15 13 15 4 1 2 -1 
-1 -1 -19 -6 -5 -3 -8 -2 
-2 -6 3 14 0 3 8 -4 
0 -9 -5 6 4 -1 -4 11 
-5 -14 1 -15 -2 3 -1 -13 
-1 1 4 1 -6 -5 4 11 
2 9 4 0 -3 -4 -7 -4 
0 8 11 7 -1 -1 -1 -5 
-3 -17 -17 -3 4 3 0 -3 
-5 -7 -7 -14 -8 -3 -4 -7 
-4 -7 10 3 -1 0 0 0 
-2 -5 -14 1 4 1 1 -1 
-2 3 10 -3 -9 -4 -1 -3 
0 3 0 -1 3 -1 -4 0 
2 18 6 -4 2 -2 -1 -4 
-3 -21 1 1 1 1 1 -1 
0 6 1 7 2 -2 -3 -1 
2 14 8 0 4 4 8 1 
2 17 16 1 0 2 -5 -1 
-2 -11 -16 -16 -9 -5 -5 -6 
-5 -1 1 8 -5 -3 -2 -6 
-2 3 -2 -5 0 1 -1 -2 
2 3 -2 2 2 -2 -2 1 
-1 -3 7 8 4 2 3 -1 
1 4 16 -3 -3 0 -1 4 
1 -11 -42 -6 -2 0 2 1 
-8 -19 -10 -2 -3 -1 1 4 
-4 -9 -13 -7 -6 -7 -12 -9 
-4 2 -7 4 0 -3 0 -2 
1 4 1 -13 -4 2 -5 -1 
3 -7 8 1 1 -1 -2 -2 
-6 -3 -38 -3 -3 -3 -1 -2 
-3 -14 -8 9 9 1 4 3 
-2 -4 20 3 -1 -3 -3 -1 
-6 -9 -11 -22 -9 -3 -6 -9 
0 9 0 1 -15 -5 -1 9 
2 5 3 6 2 -4 -7 -3 
-1 5 6 4 2 -1 -1 0 
-6 2 -9 1 -2 -2 -4 -6 
0 1 10 1 0 2 5 -1 
0 -1 -8 -4 -4 -1 2 0 
-2 -2 14 -2 -3 -1 -1 -1 
-2 -10 -1 4 0 2 0 2 
-1 17 5 5 2 -1 -2 -8 
0 -6 6 1 0 0 2 10 
-6 -5 -26 -13 -6 -8 -5 -8 
0 2 -17 -9 2 3 0 -1 
0 -9 21 3 2 0 2 2 
-4 -1 -9 -1 -2 -1 -2 -4 
0 3 15 15 4 3 1 -2 
0 -1 -2 4 1 -3 0 -2 
-1 -4 -7 -9 -4 0 -5 2 
3 16 -4 -8 -4 -1 7 -1 
0 -2 -2 -1 -4 -2 -6 1 
-1 -10 24 7 0 1 6 3 
-3 -3 7 5 -3 -1 -1 -3 
1 -10 -8 -3 4 0 -2 -1 
2 -15 3 1 -4 0 2 1 
-2 -5 -11 -21 -9 -5 -5 -4 
0 6 -10 1 -2 -6 -3 -2 
5 39 -24 -6 -6 -5 -7 -2 
-10 -24 -8 2 -5 -3 -2 0 
0 0 -11 8 1 0 -1 1 
0 -8 2 -9 3 3 5 1 
-1 10 6 3 -3 -2 -4 -4 
-2 -7 -11 -14 -1 -4 -3 -2 
0 4 0 1 -3 -4 -4 0 
2 15 3 1 -1 -1 1 -2 
-6 -28 -17 -4 1 0 -6 -5 
0 6 -3 -3 -4 1 8 2 
-5 -21 -3 -5 -2 -3 -2 -1 
2 9 11 2 3 0 -1 -4 
-1 -3 4 2 3 1 -1 -1 
1 10 7 7 2 -2 -6 -4 
5 17 15 10 3 -2 -3 7 
-9 -8 -25 -10 -5 -4 1 3 
2 2 0 -20 -11 -2 0 2 
-2 7 -13 -4 -2 -4 -3 -3 
2 11 19 3 -2 0 2 0 
0 -5 2 10 0 -3 -4 -5 
-2 -1 6 4 0 0 0 2 
3 11 10 3 1 1 0 -1 
0 12 -12 -2 -5 -5 -5 -11 
1 1 -9 -4 -6 -3 -2 1 
-5 -10 -10 -18 -6 2 5 2 
-3 -18 -2 2 -6 -3 -6 -4 
-1 3 -1 1 4 0 1 -1 
-2 -10 1 2 -1 -1 -3 -3 
2 -1 12 12 5 1 -1 0 
-1 -1 5 3 2 -3 -3 -6 
-1 3 0 2 -4 0 -6 -6 
5 3 5 0 3 -2 5 18 
-5 13 3 -21 -12 -3 0 -4 
-3 -22 -6 -8 1 4 3 2 
-3 -2 2 1 -1 0 -1 -5 
2 12 8 5 -1 -1 -5 -7 
-1 11 1 10 4 -2 -5 -7 
2 13 13 8 3 1 3 6 
-5 -22 3 0 -2 2 4 2 
-6 -26 -1 -17 -8 -3 -2 -2 
-3 -9 -3 0 -1 -3 -3 -2 
-1 4 4 3 -1 -2 -4 -10 
1 -1 -6 6 6 3 2 7 
0 10 -1 -1 1 -1 -2 -3 
0 -11 4 5 3 2 -1 -3 
-2 8 7 4 0 -2 0 -3 
-2 -6 -14 -17 -6 -2 -3 1 
-4 2 -14 -9 -4 -2 -6 -10 
-1 -9 -10 1 4 -2 -3 -4 
-1 10 -9 3 -4 -2 -2 3 
-1 -34 61 11 0 1 5 3 
-4 -5 -10 -7 -2 1 -2 -4 
0 2 10 12 5 0 -2 -1 
-1 -8 -13 -13 -1 -1 -3 1 
-3 3 -7 -15 -10 -3 1 -8 
1 1 -16 -1 -2 -3 0 -5 
1 -4 21 6 1 0 1 6 
1 10 11 11 7 -1 -2 2 
0 5 -20 -8 -3 -3 -4 -2 
-4 -7 -6 -5 -1 1 2 -4 
-1 4 -7 1 -3 -2 1 6 
-3 -7 -1 -7 -4 -1 -1 0 
1 1 -3 5 4 0 -4 0 
-1 9 3 -2 -2 0 -3 0 
-4 -11 -9 -5 -4 -3 -1 -2 
-1 -4 -8 -8 -2 -3 0 2 
1 4 -7 -2 -3 1 -1 0 
3 6 5 5 1 -1 1 5 
-3 -30 1 0 0 1 0 -5 
-6 -20 -5 -9 -4 2 -1 -1 
-3 7 -16 -1 -2 -6 -3 -6 
1 -6 5 6 3 2 2 3 
-3 -7 -14 -14 -5 -4 -5 -4 
4 22 13 4 1 0 0 -3 
-3 6 8 -1 -2 -4 -5 -4 
-3 -12 -2 3 -1 0 0 -4 
1 8 0 3 0 -1 2 2 
0 1 -3 -3 -3 0 -3 -2 
-2 -3 -6 -4 2 -1 -1 -3 
0 5 7 1 2 2 1 5 
0 4 1 2 3 -1 -5 -7 
-1 -9 -27 -13 -5 -1 1 1 
1 16 -8 1 1 0 -1 4 
-2 -14 5 8 -3 1 1 -1 
-2 -12 -16 -4 -8 -5 -6 -6 
1 8 6 2 2 -1 -1 4 
2 5 -22 -13 -11 -3 0 -1 
-1 2 -10 -9 -1 -2 -5 -3 
2 9 2 3 -2 -1 -1 6 
-1 -6 16 1 -1 -3 -7 -3 
0 2 -1 4 1 2 3 -2 
0 -5 13 1 5 -1 2 -3 
-4 -6 9 -4 -1 -1 1 -1 
-3 1 -1 4 2 2 1 0 
0 3 5 -4 0 -3 -9 -3 
-4 6 -19 1 -2 0 2 -2 
5 17 0 -3 4 -1 0 8 
-3 -7 4 -4 -2 -1 0 -4 
-1 7 -8 -4 -2 0 1 -4 
-4 -22 3 5 2 0 -1 3 
-1 8 11 3 -2 -1 -1 -6 
3 8 -16 11 -3 -2 1 4 
-6 -8 -15 -27 -7 -5 -8 -5 
0 -5 -3 1 2 -2 2 4 
-4 -8 -4 -6 -3 -2 -1 -4 
0 -5 8 7 -3 -2 -3 -4 
1 -2 8 11 5 1 1 0 
0 14 1 -2 -5 -2 -5 -5 
3 15 13 6 12 0 -2 1 
-7 -22 -14 -19 -18 -5 2 -5 
2 -10 18 -1 -1 -2 0 1 
0 -5 2 -4 -5 -3 -4 -2 
1 11 6 10 2 0 -1 -5 
1 14 6 4 6 -2 -4 -1 
-2 -14 -7 2 1 0 1 3 
-1 5 5 -1 -2 -3 -3 -4 
2 12 -20 -4 -3 -2 -6 -7 
-12 -53 -10 3 4 3 3 2 
-6 -14 -15 -9 -15 -3 4 0 
4 10 -4 -8 7 2 -1 2 
-6 -24 -16 -15 -13 0 2 1 
0 10 -5 -5 -3 -4 -6 -7 
2 10 10 14 8 1 -1 -3 
-2 -2 0 6 -1 0 -1 -2 
-1 7 3 -1 -2 -3 -1 -3 
-3 -7 24 4 8 3 0 -5 
-1 -1 -4 -5 -3 3 10 14 
1 7 -3 -2 -6 -3 -2 -6 
-4 -11 0 -3 -1 -1 -1 0 
2 6 3 2 -1 -4 -4 -3 
-2 0 3 6 2 -1 -3 -4 
-1 -6 -1 1 -4 -1 -4 -1 
3 28 -11 -5 -3 -4 -3 -9 
2 2 7 4 0 -2 1 7 
-2 -31 -10 -6 -8 0 -3 1 
-1 -1 14 -9 -3 0 1 -1 
-6 -23 -9 -7 -5 -2 -2 -1 
3 21 -4 -2 -2 -2 -2 -1 
1 7 8 9 4 -2 -2 -6 
-2 5 3 9 1 -2 -1 -3 
2 -2 14 7 1 1 1 4 
-1 -9 -25 -11 -7 -2 3 3 
-9 -19 -15 -7 -3 -5 -5 -7 
-2 -5 1 -2 3 2 1 2 
-4 -9 -9 -4 0 -1 -2 -2 
0 7 6 2 0 -2 -4 -1 
3 -3 3 6 2 -2 -1 0 
1 15 -10 3 0 -1 -6 2 
-4 -16 15 3 2 -1 2 -1 
-1 -14 -12 -14 -10 0 4 3 
2 11 2 -5 1 0 0 2 
-1 -3 -2 -4 -3 -2 -3 -6 
0 4 -8 -7 -1 2 -1 -2 
5 45 4 3 -11 -3 -6 -2 
-6 -15 4 4 3 2 2 1 
0 -5 19 6 0 -5 0 1 
-2 -5 -16 -6 -4 3 1 -1 
-2 12 -10 -8 1 -2 -2 -3 
0 -2 -1 -10 -3 -2 -1 -1 
-4 -8 -9 3 1 -1 0 -3 
6 3 16 4 2 1 1 10 
0 -1 4 -3 -1 -2 -3 -2 
0 -8 -12 8 1 0 1 0 
1 -7 -3 -12 -5 -2 -1 8 
-3 -2 4 7 2 0 -3 -3 
0 -8 2 6 6 1 -2 -2 
0 14 9 -8 -2 -4 -2 1 
-3 0 0 -4 -3 1 3 0 
-2 -16 1 -4 1 -2 -5 2 
-2 -12 0 1 -2 0 3 1 
0 12 4 2 -3 -1 -4 -5 
0 -12 -6 0 -7 -1 -1 -3 
1 1 26 4 8 0 1 1 
-7 -38 -4 -3 4 4 2 -4 
-1 4 5 4 -3 -5 -2 0 
-1 8 -4 -1 -3 0 -1 -1 
1 4 3 -4 -2 -1 -1 -2 
4 4 -2 4 -4 -3 -3 1 
0 4 5 -3 3 3 0 -4 
2 2 9 1 -3 -2 2 9 
-3 -4 -20 -2 -3 -3 0 -5 
-3 -1 4 -3 4 -1 -3 -3 
