#EMG
#8
#ID:8-18
1 -5 17 -1 -4 0 -1 4 
-3 -6 5 6 2 3 -1 1 
1 20 22 0 3 1 -1 0 
0 1 15 -6 -3 -2 -1 -1 
-2 -23 -18 1 -4 -3 -2 -7 
-3 2 -16 -2 -4 -5 -7 0 
2 5 10 2 -9 2 1 4 
-4 1 15 9 24 6 6 -3 
3 8 6 -7 -4 -2 -3 -8 
-5 -16 -25 -9 -8 -4 -3 5 
6 23 -2 -5 -4 -5 -6 -1 
-14 -10 3 5 -4 -1 -2 -10 
0 1 21 2 -2 0 2 2 
-8 5 -12 2 5 -1 -2 -8 
3 -20 -2 2 3 -1 2 4 
0 -5 -16 -8 -8 -6 -2 0 
2 11 43 5 5 0 -1 -4 
2 6 -1 1 -5 1 1 -3 
-2 -4 -17 -5 -1 -4 -2 -1 
2 20 1 2 1 -4 -5 -4 
-8 -14 21 2 -2 2 5 6 
6 -5 9 -6 5 -2 -4 -5 
-4 -2 -9 2 -4 2 3 -2 
5 3 6 -2 11 2 0 1 
-2 2 -26 -5 -6 -2 -4 -1 
9 6 3 -1 2 -1 2 3 
-10 2 20 1 0 -3 -3 -6 
-2 -16 -9 -4 -15 -5 -5 2 
4 11 -20 -1 3 3 5 0 
1 -22 20 6 2 0 3 7 
-1 -5 11 3 3 0 1 -6 
-2 3 -4 -7 -8 -6 -3 1 
-2 -4 -11 0 0 -4 -5 -6 
-1 8 -19 1 -7 -2 0 1 
4 -11 -33 -13 -3 -3 -4 1 
-5 -13 -4 -8 -9 0 2 -1 
-5 -8 14 3 3 -1 -2 -3 
2 5 -11 2 -4 -1 -1 0 
-5 8 1 -1 9 -1 -5 2 
2 -11 -4 -5 -7 -2 0 -4 
2 0 -5 -1 -2 -1 1 2 
-14 -8 -3 4 -1 -2 -2 -4 
-7 -13 20 6 1 0 3 -4 
3 2 -15 -3 -7 -2 0 2 
0 10 20 0 5 0 -2 -2 
0 -3 -46 -10 -1 -3 -4 -1 
0 -11 -7 -3 0 1 1 1 
-6 1 15 -3 -2 -5 -4 -1 
1 -8 8 4 0 0 1 3 
-4 -17 0 -5 -1 -1 -3 -8 
-3 -4 7 7 1 2 3 7 
0 -1 0 6 2 -2 0 -6 
-1 -3 -2 -3 -4 -2 -1 3 
7 11 24 -9 -3 -8 -6 -5 
-4 2 -6 1 -16 -3 -1 -4 
8 7 8 4 10 5 0 4 
-4 7 -1 1 4 -1 -1 -2 
-6 -6 4 -2 -6 -3 -4 0 
-2 1 -27 -15 -9 -4 -1 -4 
4 5 -5 0 -4 0 -4 -1 
-7 22 -21 -7 -3 -4 -1 -4 
-1 -2 11 6 -1 1 2 1 
3 11 -11 -6 3 -3 -2 -2 
2 4 6 -3 -8 -1 -2 -4 
1 3 -37 -12 -3 -2 -3 -1 
-4 -9 1 4 1 0 2 3 
0 -3 30 9 5 -2 -3 -2 
-3 -3 -24 -7 -5 -2 -2 -2 
1 -4 9 1 -10 -1 0 -8 
5 7 21 7 16 5 4 8 
2 2 2 -3 0 -3 -3 -4 
-2 -5 8 7 2 -4 0 -2 
-4 -19 -7 -7 -9 -2 -2 -4 
-6 -5 -19 -16 -2 0 1 -9 
-1 2 18 0 3 1 4 3 
-3 0 3 4 -2 -1 -4 0 
4 5 6 2 5 1 5 9 
2 0 3 -4 -10 0 -2 0 
0 2 1 3 1 0 -3 2 
-1 21 -9 -2 -2 -3 -3 -1 
-3 -29 14 3 3 0 0 -2 
0 6 0 3 3 0 0 1 
-2 1 -11 -2 -12 -4 -4 -3 
-3 -2 0 -7 12 2 3 1 
1 -3 -12 -3 -3 1 0 2 
-1 6 9 4 -2 -9 -4 -3 
2 -3 3 -1 -3 -1 -2 -3 
-3 -14 6 4 0 0 1 4 
-4 -11 1 3 -1 -2 1 -2 
-4 -8 -7 -4 1 -1 -3 -6 
3 11 1 0 2 -2 -1 9 
0 1 11 -1 -3 1 2 -6 
-3 0 -12 -4 -1 1 -3 -3 
-2 0 7 5 0 -5 0 3 
-3 1 5 -6 -1 2 -1 -5 
-1 -7 -25 1 0 0 -2 1 
-3 1 5 2 -4 -2 -1 -6 
2 17 -3 -2 1 2 4 7 
-2 -19 -5 -2 -5 -3 -4 -3 
-2 -4 11 0 -3 -3 -4 0 
-3 -11 -16 -4 -3 -1 2 -3 
-6 -8 -26 -9 -5 -2 -3 -6 
-1 3 -7 1 -2 -3 -5 -3 
5 5 35 3 -4 -3 0 3 
-5 -18 -67 -5 4 -1 -5 -1 
-6 -6 2 -2 -1 3 8 -6 
5 12 8 -2 -5 -3 -11 4 
-5 -10 5 -5 -2 -1 4 -9 
0 -3 -1 -1 2 -7 -6 -5 
-8 -8 -6 1 -3 1 -2 -1 
-7 4 -8 8 9 4 2 -5 
5 -7 2 -2 2 0 -5 -3 
3 -15 7 -17 -8 -1 2 10 
5 -16 3 5 -2 -1 -4 -6 
-13 -6 6 7 0 -3 4 -2 
-3 10 -17 1 -2 1 -1 0 
2 28 45 0 3 1 0 1 
6 8 36 8 -1 0 -1 -1 
1 -23 -19 -12 -5 1 3 4 
-14 -10 -8 5 -1 -3 -5 -10 
11 12 24 12 -3 0 7 6 
-1 8 7 1 2 -3 -12 1 
-7 -8 -16 2 -6 -3 0 -12 
16 27 -3 -18 -7 -4 -3 4 
-9 7 45 9 -3 -1 0 -9 
-8 -36 -89 -8 2 -3 -3 6 
-1 -4 0 -23 1 2 3 -3 
5 -7 -21 -1 -16 -11 -2 -5 
-11 4 2 -25 4 5 -1 -4 
-3 8 22 14 1 -2 -11 -9 
0 3 14 39 5 3 9 11 
1 -6 -14 -12 5 5 2 -3 
3 5 2 -56 -15 -5 -7 -2 
-4 4 -29 10 -14 -8 -1 -9 
4 11 15 5 4 -4 -6 1 
-3 -24 21 60 26 9 6 5 
-10 -34 -57 -68 -20 -7 -5 -6 
11 29 18 -15 2 3 -1 -1 
-4 -9 5 3 -1 2 4 -3 
-8 -4 -13 4 -7 -4 -2 1 
0 12 -15 29 8 -1 -14 -8 
-4 3 28 6 4 5 8 1 
1 4 -9 -17 -4 -5 -21 -27 
4 -5 9 -11 -3 -6 15 53 
-4 -5 -8 14 1 1 -2 -6 
-2 -4 4 -2 -4 -5 -2 -6 
4 9 9 12 9 6 3 5 
-8 -5 -20 -28 -9 -5 -15 -28 
7 10 15 24 -4 -8 4 4 
-1 -4 1 1 -10 4 1 0 
2 1 -16 -9 16 2 4 9 
-7 6 2 -14 -9 -1 -1 -13 
7 -7 3 18 2 3 5 12 
-5 7 1 -2 10 -1 -4 -19 
3 14 27 -14 -20 -1 2 5 
-7 -21 -22 -1 5 3 0 -8 
0 11 19 11 1 -9 -11 -4 
-2 -5 45 18 4 3 6 4 
-4 1 -77 -38 -25 -14 -7 -2 
5 -12 41 21 14 5 0 2 
0 14 11 -8 7 11 6 -3 
2 -27 79 4 -20 -6 1 10 
2 4 6 48 24 -4 1 2 
-8 -14 -92 -58 -37 -1 -3 -12 
-9 -4 25 23 1 -9 -4 -2 
9 25 2 11 15 13 3 9 
-4 -26 22 -44 -13 4 10 -4 
-10 -14 -38 -2 1 -6 -6 -6 
7 13 10 22 11 -2 -2 5 
-6 -10 -65 -4 5 -3 -1 -3 
8 20 3 22 8 -1 -2 4 
0 -23 38 9 6 2 -1 1 
-5 -5 -17 -7 -9 -5 -3 -3 
-2 -4 -22 -7 0 -4 -6 -8 
0 -6 -12 -8 -9 -2 -9 7 
1 23 9 1 -2 -4 5 6 
3 0 9 5 1 2 -3 -14 
7 -6 2 -11 3 -1 7 26 
-2 -12 -3 9 7 1 -6 -7 
0 20 12 -6 -12 -7 -8 2 
-8 -19 -18 -10 1 -2 -5 -18 
-2 4 -19 -7 -1 0 16 17 
1 -1 7 6 1 -4 -26 -10 
1 16 7 -12 2 -5 0 4 
7 2 -12 4 -7 -3 7 11 
-1 -7 -13 -19 -2 7 2 -4 
-6 -4 7 11 4 1 6 -1 
-13 4 10 -1 3 8 0 -7 
16 23 -31 -13 -12 -12 -8 -1 
-7 -17 1 0 -6 -5 0 -9 
11 15 -12 -5 -7 -4 6 18 
-16 -4 31 11 8 3 -9 -26 
-6 -18 -36 -22 -6 -1 3 8 
8 9 3 56 10 -1 -5 -4 
-14 -22 -24 -83 -35 -10 -7 -14 
21 32 6 15 9 0 2 10 
-25 -27 -28 6 -6 -3 -3 -13 
5 2 -30 -7 -1 -6 -12 -2 
-3 4 30 9 24 6 11 -3 
-12 -15 -80 -19 -25 -9 -10 -9 
6 19 22 1 14 4 2 15 
-14 -18 -13 -6 -6 3 3 -15 
0 23 -88 24 -2 -11 -9 -5 
1 14 40 34 8 0 0 2 
2 -21 11 -46 11 15 8 3 
-4 26 -5 9 -7 -7 -7 -6 
-3 -9 -5 -8 -4 -4 -5 -10 
14 26 55 20 4 2 9 13 
-2 -28 0 -12 -7 -4 -6 -1 
1 17 21 -10 -4 -3 -9 -2 
-9 -4 18 23 -4 3 13 4 
-3 -1 -17 -20 3 -2 -8 -13 
1 10 32 47 9 1 6 6 
3 6 14 -22 -12 -4 0 2 
0 -19 53 -2 3 3 -1 -1 
4 -23 3 -6 -5 -1 10 1 
4 22 24 15 -1 6 -5 -15 
17 -8 -6 -5 -5 -14 -16 0 
-15 -6 -6 8 0 6 34 30 
1 -5 1 0 8 6 -2 -4 
-7 -3 -4 3 -2 -2 -5 -1 
6 0 5 4 -4 0 -12 -10 
9 8 -4 -7 -4 -2 -6 -10 
-11 -13 -18 -18 -5 -1 11 12 
4 5 8 26 3 -10 -17 0 
-11 3 -2 6 4 4 13 7 
-2 -14 -20 -31 -13 -6 -5 -27 
-2 -9 -1 0 -4 -4 -5 10 
8 0 0 1 0 7 1 -9 
1 -6 -9 2 -4 -2 -6 28 
-19 -8 1 2 4 2 20 -18 
9 3 13 -6 -1 -10 -25 -4 
-13 -7 -14 -5 -9 -6 4 -19 
-1 -13 -14 -19 11 -3 -5 12 
0 -2 8 15 2 6 -3 -6 
16 6 -7 3 -3 -2 3 7 
11 58 22 -6 -1 0 3 17 
-16 -27 16 7 12 -5 1 -22 
-1 -17 -55 -7 -16 2 -15 -1 
-5 7 30 -9 6 1 1 -10 
-7 -27 -83 -30 -15 -6 -3 6 
0 21 11 -1 14 1 7 3 
8 6 93 38 14 1 -7 6 
-7 -24 -47 -11 -13 -4 -3 -7 
3 25 -6 6 -1 -10 -2 5 
-5 -12 16 5 -6 5 5 -11 
0 -16 -18 -11 -4 -8 -8 7 
-3 -6 -53 0 -11 6 1 -1 
-8 -15 35 -15 9 -4 -3 -9 
-3 -1 -8 0 -17 -2 0 -3 
4 3 9 -9 -2 -1 -4 3 
-2 12 29 21 3 -3 1 -3 
-3 -9 -10 11 13 4 1 -1 
0 -7 -2 -24 -11 -3 -4 0 
0 10 23 10 1 -1 -1 0 
-10 -20 -28 -14 3 -1 4 -7 
-2 -11 -2 11 -4 1 3 6 
-8 9 8 -14 -4 0 1 -16 
2 10 -9 -5 -2 -5 -6 3 
-3 2 -2 7 1 -3 -4 -6 
3 -14 -9 -2 -7 -2 2 4 
0 8 5 -3 -10 -4 -4 -2 
-1 10 -51 -7 5 -2 -3 -5 
-5 -20 2 -4 -8 -3 -5 -1 
-2 -6 -14 -5 5 3 5 -8 
-1 -10 -16 -1 -1 -1 -1 0 
3 0 -14 -7 -5 -6 -5 -2 
0 31 22 0 4 -3 -1 8 
-3 -1 17 6 -9 -3 -1 0 
0 -8 -24 -9 0 1 -1 -10 
-3 -4 -12 -6 1 -4 -3 6 
4 15 27 3 -1 -4 -2 0 
-8 -23 -42 -9 -9 -6 -6 1 
-4 -13 -13 3 2 3 6 -3 
-1 -7 35 9 -2 6 7 0 
-3 -7 0 0 2 -7 -13 -12 
6 36 22 -3 -8 0 5 5 
8 -3 -26 -14 3 0 -4 1 
-9 1 5 -2 -4 -5 -1 -5 
-7 -42 19 9 2 3 3 -2 
2 4 18 5 1 0 2 7 
6 16 4 2 -4 -1 -3 -8 
3 4 18 6 6 -7 -10 7 
5 2 -21 2 -7 2 10 9 
-3 -14 -15 -39 -2 8 2 -6 
-5 -9 13 0 0 -2 3 0 
1 -9 -14 2 -3 -2 -4 -5 
-1 9 -10 9 1 -3 -5 -1 
1 4 50 18 4 0 -1 -1 
-5 1 -5 -4 -5 -2 -1 1 
-2 1 -17 -7 -6 -5 -8 -19 
5 10 4 -2 4 6 13 15 
-13 -4 -10 -4 -6 -2 -6 -8 
-1 -9 -1 -19 -4 -5 -3 2 
-3 -1 7 3 0 -1 0 -6 
4 12 -5 -1 2 0 -3 -6 
1 -8 -7 7 2 -2 1 4 
-3 15 28 12 4 0 -4 0 
2 -11 39 5 2 7 7 1 
-11 -15 -24 -3 11 6 1 -9 
11 13 24 4 -6 -4 1 19 
4 6 -4 -13 0 -3 -3 -1 
0 4 -19 -11 -11 -2 1 7 
-3 7 3 -9 -4 -7 -9 -6 
-12 -22 2 13 4 0 -2 -13 
2 3 -5 11 4 -1 -4 0 
8 24 15 4 6 4 12 8 
-7 -16 -6 0 3 1 -3 -11 
2 3 -16 -3 -8 0 0 0 
-15 1 -13 -12 2 -1 -3 -5 
1 -7 -16 -3 -2 -4 -5 2 
-3 2 6 -4 -5 -6 -3 -3 
5 4 -7 -1 0 -2 -4 -6 
-4 -26 4 11 3 3 3 1 
-6 7 12 5 0 0 -2 -5 
5 18 13 3 -2 -1 6 5 
-10 -13 -39 -10 -4 0 -5 -5 
7 -5 1 0 4 4 4 9 
1 2 4 -9 -7 -2 -2 6 
3 2 -4 -7 -5 -3 -7 0 
-5 2 27 8 0 -5 -6 -6 
-14 -8 -40 -12 -12 1 5 -9 
4 -8 -6 0 7 3 2 3 
14 -1 6 -3 -4 -2 3 8 
-10 7 14 8 9 1 -1 -6 
7 22 18 13 -7 -2 -5 2 
-5 -13 -20 -16 2 -1 -1 1 
-5 -25 36 9 0 3 0 -3 
6 -5 -21 -6 -5 -2 -4 0 
2 5 2 2 -4 -2 1 5 
2 20 8 2 -1 0 -3 -2 
-3 10 -30 -4 1 -1 -1 -6 
-4 1 17 -5 -3 -1 0 -2 
3 -29 -9 1 -1 1 5 12 
-3 -7 0 -8 -11 -3 -8 -4 
-6 -16 2 0 9 -1 -5 -6 
-3 -6 4 4 -2 -6 2 3 
-6 10 -11 -6 -3 -2 -5 -12 
-3 -15 -17 0 -3 -1 -2 3 
-4 4 -12 -12 -11 -5 -4 1 
-8 -5 -32 -13 -3 2 0 -23 
15 10 11 12 3 -4 2 18 
-15 -4 5 3 13 4 2 -7 
0 -10 -10 -9 -7 -3 -3 0 
0 4 1 3 2 -2 -4 -3 
10 34 23 6 0 -5 -3 -4 
-11 -45 0 12 3 -1 -7 -6 
11 30 -4 -2 -3 9 16 5 
0 -7 3 -9 1 -2 -3 2 
-8 -10 1 -11 -4 -4 -6 -3 
6 16 -9 1 0 -3 -5 -2 
-7 -3 1 -1 -3 -6 -6 -7 
5 7 11 9 -1 0 2 5 
3 20 -14 2 3 2 -6 -4 
-10 1 25 2 -3 4 10 -4 
-2 -4 -4 -12 -3 -2 -2 1 
0 -10 -21 -15 -4 -6 -5 2 
-6 -2 1 2 -3 -4 -4 -5 
9 3 -1 3 1 -1 0 0 
-2 1 3 10 0 -1 -2 0 
6 29 5 8 3 -4 -4 4 
-23 -47 6 -3 4 1 1 -12 
2 -3 -12 -5 -12 6 8 1 
-5 -23 -14 -3 -4 -3 -3 0 
-1 -5 -4 -13 0 -2 -2 -3 
1 3 3 -1 -9 -5 -5 0 
1 11 -10 2 0 -5 -4 0 
-3 3 3 7 0 0 -1 -4 
3 1 14 7 0 4 1 -5 
3 23 6 5 2 0 -1 0 
2 -21 8 -11 -8 -4 -6 3 
-16 -17 -37 -18 -3 2 3 -6 
2 -16 -10 -4 5 -3 -1 6 
-4 4 8 -4 -2 -2 2 -6 
10 16 -2 7 1 -4 -5 1 
1 10 12 5 -1 -2 -6 4 
-8 1 1 7 -3 0 0 -10 
13 7 10 10 5 4 4 1 
-8 -17 -36 -20 -11 -5 0 9 
-4 -17 2 -16 0 -2 -3 -7 
-4 -3 -8 0 -2 1 0 6 
1 3 2 -1 -2 -4 -7 -4 
2 15 9 4 2 -1 -4 -4 
8 46 7 10 -1 0 0 0 
-6 -16 -18 -8 -5 -1 -3 -5 
3 -6 -2 -2 0 2 4 17 
-20 -15 -19 -13 -10 -6 -3 -9 
-2 -7 -4 -8 7 -6 -4 -1 
11 11 22 8 1 0 0 2 
-4 0 -35 -8 -5 -4 -4 -11 
4 4 5 13 9 4 2 -4 
-8 1 27 5 -6 -3 -4 -6 
3 -13 -26 -4 -9 -3 8 15 
-7 -18 -18 -8 4 -1 -3 -9 
0 5 -19 -6 -1 -5 -4 0 
-4 -31 -6 -2 0 -4 -4 -3 
-2 10 23 3 4 3 0 -5 
1 -6 4 1 -9 -3 -2 -7 
-1 22 28 6 0 4 7 8 
-4 -9 -34 -2 2 7 5 -8 
4 -16 -13 -9 1 -3 -4 0 
1 0 -2 -1 1 -4 -3 9 
-1 1 25 1 -1 3 -2 -11 
6 -7 13 9 -3 -2 2 5 
-5 2 28 6 2 5 0 0 
-10 -30 -71 -14 -3 0 1 0 
6 -1 18 -5 2 -4 -4 -2 
5 23 -20 -16 -12 -8 -7 4 
-3 -1 7 6 0 1 0 -4 
-4 -2 26 7 2 0 4 3 
-4 -8 -20 -4 -3 -1 -1 -2 
13 13 2 -3 0 0 -3 3 
-13 -11 -6 -6 0 -1 -2 -3 
-1 8 13 0 -2 -6 -3 -3 
2 7 -10 0 -8 -3 0 0 
-3 6 21 3 -7 -2 -1 -5 
-1 -18 -23 2 1 -2 -2 1 
-12 -7 43 0 1 2 2 0 
10 -8 -14 -4 2 -2 -2 -3 
-1 13 -11 -12 -5 1 -2 -2 
-2 6 -13 -3 -8 -6 -2 -3 
-1 -2 24 4 -1 -2 -2 0 
-3 -14 -8 4 -1 -1 -3 -11 
5 -23 10 13 10 5 5 11 
-2 6 -9 -9 -1 -3 0 -2 
3 5 4 -9 -5 0 -2 -4 
-4 11 -4 -2 -4 -2 -1 -2 
-4 -6 1 5 5 -2 -3 -1 
-9 6 7 3 2 1 -1 -6 
0 -29 -12 2 -4 0 3 -1 
3 -3 -5 1 -1 3 0 5 
1 21 14 3 4 -6 -2 12 
5 -8 -4 -10 -6 -2 -5 5 
-3 4 -14 -5 -2 0 1 -4 
-4 1 7 6 4 -2 -6 -3 
4 9 -17 4 -2 0 9 -4 
5 5 5 2 -2 2 -3 1 
-1 3 0 10 11 4 -3 -14 
1 -6 1 -6 -1 0 8 25 
-4 1 22 -2 -10 -8 -7 -7 
-2 -20 12 2 8 3 3 -1 
10 -5 -35 -10 -7 -4 -2 1 
-17 4 42 4 -2 -2 -3 -15 
1 -2 -29 -3 2 4 2 6 
0 -6 19 8 -3 -2 2 -5 
3 8 0 -8 -4 1 1 16 
2 -10 -24 -12 6 -6 -5 -4 
-7 -2 -4 -1 -6 -2 -7 -7 
3 4 -11 -1 -3 1 6 1 
-10 3 0 2 -1 0 3 0 
8 6 -4 3 -3 0 -2 -3 
6 20 8 5 3 1 -8 -8 
-7 -20 -32 -6 -1 -2 5 9 
-6 -10 -8 -13 -7 -6 -8 -6 
0 0 -10 -4 -5 0 -3 -3 
-5 -6 1 -1 -5 -3 -3 -7 
11 4 -4 -1 -5 -4 -5 -1 
-7 -11 43 3 0 2 5 -1 
2 8 7 2 2 2 1 5 
-9 -38 -7 1 -2 -3 1 1 
0 13 10 -6 -9 -3 -5 1 
4 17 -4 -3 -1 -4 -3 2 
-2 2 0 9 2 2 0 -7 
-8 -9 -20 -1 2 3 -1 -6 
4 4 19 -1 -6 -1 -1 1 
-1 3 -7 4 2 2 -1 -3 
-4 -6 -12 -5 -2 -3 1 -4 
1 -1 -3 -9 -2 -3 1 6 
-6 19 -11 -1 -5 -7 -10 -13 
3 7 8 5 -1 1 1 1 
-8 -31 -32 -3 11 5 1 -2 
-1 4 26 3 -3 -2 -1 2 
1 -16 -8 -7 -2 0 0 3 
1 3 5 -7 -1 -4 -4 -2 
5 9 7 -3 -8 -6 1 4 
0 -1 -1 4 2 -3 -4 -6 
-12 -1 28 13 9 6 4 3 
11 -9 5 3 -9 2 1 -2 
-10 -26 -24 -17 -5 -4 -6 -7 
-4 -10 -16 -9 -1 2 2 0 
4 16 27 5 4 -2 0 1 
-3 6 -15 -1 -2 -2 -4 -2 
-3 -23 34 19 8 5 1 -4 
-1 -7 -10 8 -4 2 7 2 
-4 -3 -23 -15 4 2 -3 -5 
-4 -1 -11 -5 -1 -5 -4 -1 
7 26 -8 -3 -5 -6 -2 4 
-1 3 9 -6 -4 -2 -4 -4 
1 9 0 3 1 0 1 8 
-9 -17 -2 -3 -8 0 4 -1 
10 6 13 -10 -7 -8 -8 -2 
-3 -4 -7 -7 -4 -5 1 0 
-3 12 1 2 1 1 -5 -9 
-5 2 3 4 6 4 -2 -6 
11 3 27 6 -8 -4 2 13 
-11 -17 -50 -10 0 -4 -4 -5 
2 -5 1 -2 -8 0 -2 -3 
4 10 6 4 13 0 -3 2 
-6 -4 -6 -6 -6 -1 0 -11 
4 -6 32 -1 2 0 -4 -4 
-9 -12 -15 -2 -4 -5 3 5 
4 7 1 -2 -5 1 5 5 
-15 5 -21 -1 1 -1 -5 -7 
13 10 18 -1 -1 -3 -3 4 
-3 0 -9 3 1 -3 -5 -8 
-1 18 6 -5 2 -3 -6 -11 
3 -1 19 -1 -2 2 11 11 
-13 -14 -43 -2 -2 -2 -5 -6 
1 -8 -1 1 3 -2 -1 1 
-2 -11 -14 -7 -11 -4 -5 -4 
6 2 35 4 5 5 -1 -3 
0 3 -4 0 8 3 3 1 
4 5 29 2 -5 -1 3 -2 
-5 -16 -34 -10 -4 -6 -4 -4 
-3 3 -10 -8 -6 -5 -6 -3 
0 -20 19 3 -3 1 3 3 
-3 11 -28 -2 5 1 -4 -3 
4 14 7 -3 -7 -2 2 6 
11 -11 -15 -2 0 -2 -5 3 
-8 9 -14 -3 2 0 3 1 
-1 1 -1 -1 -2 -2 -2 -3 
-6 -14 -10 0 -2 -3 -5 -4 
-5 -10 2 5 5 3 1 -7 
3 2 20 9 -6 4 8 6 
2 2 4 -2 8 0 -3 0 
-5 -4 -1 2 3 -2 -2 -5 
0 10 -16 -11 -3 -6 -5 -1 
0 -1 55 11 -4 0 -3 -7 
-3 -9 -19 1 -3 1 3 1 
0 5 6 4 2 0 5 4 
2 8 3 0 1 0 0 3 
-1 6 -12 -8 -2 -4 -5 -1 
3 1 1 0 -2 -3 -4 -3 
-4 7 23 12 1 1 -3 -5 
-1 -21 -18 -13 -8 -3 3 4 
-5 10 22 0 2 0 -3 -3 
1 -3 -4 -6 -3 -2 0 -2 
-2 -16 -17 -9 -14 -6 -4 -1 
-1 22 -2 9 8 -5 -8 -8 
2 -14 5 7 5 3 3 -3 
-3 -15 3 -5 -6 1 1 4 
0 -8 14 0 6 2 3 0 
-10 -7 -29 -8 -7 -2 -4 -6 
6 8 -10 -4 -5 -7 -5 -1 
1 22 15 10 -2 -4 -3 -3 
-3 -16 -50 0 3 2 2 2 
-8 -16 1 -14 -11 -2 2 0 
-3 0 -19 -6 -4 -2 -4 -9 
-6 -11 -9 -4 -3 -2 -1 -4 
8 14 14 2 3 1 -3 2 
-2 7 2 7 2 1 1 -3 
3 13 27 -1 -1 -3 -7 -1 
-1 -5 2 -1 0 3 9 0 
3 -8 2 -3 1 0 -1 3 
-4 -5 -1 1 -4 2 4 3 
2 8 -12 -11 4 -3 -4 2 
3 10 -1 4 5 -2 -9 -3 
6 7 27 5 -2 0 1 1 
-18 -2 13 14 4 3 6 -9 
9 5 -30 -12 -12 -4 -2 10 
-5 -42 2 -11 -5 -5 -3 -3 
-4 -1 -14 -4 -4 -3 -3 0 
10 25 10 2 3 0 -5 -4 
-4 0 14 11 2 2 3 1 
0 7 -6 0 -1 -2 4 9 
-13 -15 -12 -3 -4 -7 -10 -18 
-1 -26 0 -2 0 2 0 4 
-4 -7 -19 -9 9 4 2 -2 
1 4 2 -8 -9 -5 -2 -3 
-6 0 13 2 5 3 3 -5 
8 5 2 7 1 -4 -6 -2 
-14 -9 6 7 -3 4 3 -2 
4 3 -4 -9 -5 -6 -2 -1 
-2 -5 -11 -10 -7 -4 -3 -5 
-1 1 -4 -6 -1 -2 1 3 
7 2 8 10 3 -2 -5 -4 
-5 7 -4 4 2 0 -4 -5 
-4 10 -19 -5 -6 -5 2 -3 
-3 -3 31 7 1 5 7 3 
-2 -19 -40 -6 -1 -3 -2 -1 
-2 7 12 -1 -5 -4 -4 -3 
2 5 -14 -8 -1 1 -4 5 
-8 -18 -21 -6 -6 -5 -3 -2 
-9 13 27 5 -2 0 3 -5 
4 -27 -38 4 11 7 4 5 
10 -1 23 0 -14 -5 -4 6 
3 4 -18 -11 -4 -2 -4 1 
-3 -3 10 -3 -3 -2 -1 -3 
3 30 4 4 -2 -2 -5 -12 
-8 -13 -7 6 5 2 5 8 
4 5 -14 -10 -6 -2 -2 4 
1 -13 -16 -9 -7 -6 -5 -4 
-4 10 -4 -3 -4 -5 -7 -5 
2 16 5 3 1 3 3 -5 
-7 -4 12 5 -2 1 -1 -7 
2 -7 16 -1 0 1 0 1 
-4 -4 -14 -9 1 1 3 5 
-9 -1 11 -6 -1 -4 -5 -4 
1 0 -19 3 -3 -5 -4 -1 
4 23 -3 -2 -6 -3 -2 -1 
