#EMG
#0
#ID:0-92
5 -10 -2 3 0 3 4 3 
32 -9 -1 -10 -11 1 -1 9 
-24 -6 -21 -6 -8 -4 7 11 
4 -11 6 4 -6 -6 -8 -6 
-17 7 21 13 -1 -8 -8 0 
4 3 -13 3 2 -1 1 7 
12 -4 14 -17 -6 -4 -9 4 
0 -2 1 7 7 6 5 2 
-3 17 -18 -3 0 -2 -10 -2 
3 0 41 3 3 1 5 11 
3 10 -11 18 1 0 -1 1 
2 8 -1 -27 -6 0 8 10 
0 8 24 -5 -3 -5 3 -11 
-17 -17 -31 -9 -4 -7 -6 0 
-2 -16 -7 3 -6 -5 -2 -11 
-2 9 13 11 0 0 -10 -8 
37 -4 -3 -17 -1 4 2 31 
-8 8 8 -1 6 6 2 -19 
12 4 12 12 -3 4 -6 -15 
21 14 -8 3 2 2 2 26 
-13 -20 -3 4 -6 0 4 -18 
7 -7 2 -1 -2 -4 -4 0 
1 33 -4 -16 -3 -2 2 5 
-5 11 0 1 3 5 -1 -1 
-12 -23 0 -1 -3 1 -14 -27 
-2 -6 5 1 0 4 8 4 
-1 7 1 11 3 -1 -5 13 
-7 -1 -11 -18 -8 -15 -18 -40 
-8 -21 -11 20 4 -1 8 13 
24 19 -12 -34 -5 -1 0 21 
-31 -18 15 0 8 4 7 -39 
-25 -16 -6 -2 -2 -2 -4 8 
2 7 -4 15 4 -4 -13 -10 
-4 -5 -7 -7 -7 -3 5 -13 
12 -5 -7 5 -4 -3 0 14 
33 4 -7 -3 -3 -2 -1 17 
-42 -7 36 -8 -8 -5 4 -30 
-10 6 4 10 3 -2 -1 -33 
9 1 1 1 0 -3 4 11 
1 -18 -11 3 -5 -5 -8 10 
12 9 -4 -2 -3 1 7 13 
-10 5 -8 -2 -4 -3 -3 2 
6 17 37 6 -1 1 -2 -18 
-6 -16 -19 0 -7 -8 0 9 
-9 6 -19 -12 5 5 -10 -6 
1 0 -10 7 2 8 0 3 
35 13 17 12 0 4 0 65 
-25 13 34 -4 1 -1 0 -78 
-1 8 -1 -11 1 -3 7 12 
10 0 -1 -7 -4 -6 -1 -1 
-2 -12 -31 -8 -3 -3 -1 12 
21 4 15 13 4 4 12 22 
-1 0 -15 2 -5 -7 -22 -16 
-22 -1 2 8 -2 -2 1 -23 
23 -14 -21 -17 -6 -11 3 8 
-2 -6 25 5 4 5 -7 20 
-21 -3 -15 -8 8 2 13 -28 
-11 -5 6 9 1 -6 -19 -12 
1 -6 -13 -8 3 2 -13 2 
-11 22 -4 -2 0 2 11 -26 
-2 -5 23 24 -7 0 -12 9 
12 7 -27 -17 -6 1 12 10 
-12 4 5 -4 -1 -3 -5 -25 
5 -21 -46 -10 0 -4 -8 17 
17 18 11 10 -1 -1 13 28 
16 -9 -3 6 1 1 -9 -33 
-27 -25 -23 2 -2 -4 5 1 
-4 9 8 -7 -9 -3 -6 12 
-1 13 -14 -10 -6 0 1 -11 
53 2 32 8 5 9 -12 44 
-53 3 0 -7 -3 -3 10 -63 
-10 3 0 4 0 -5 -1 8 
-3 -19 -7 -21 -5 -9 -11 -15 
-18 -11 34 -6 -4 -7 7 -8 
-12 -9 32 34 10 7 2 2 
33 49 24 -10 0 1 -1 14 
-1 -1 -11 -2 -1 6 -11 -10 
-6 -2 -10 -3 -5 -2 17 10 
-10 -7 -12 -6 -2 -6 -13 47 
-37 -61 4 17 5 1 3 -59 
15 10 -7 -11 4 2 -18 -2 
26 5 -9 -10 1 2 24 55 
-29 1 -13 -2 -2 -2 -10 -26 
-3 -6 -24 -11 0 -6 -2 -31 
7 10 31 11 0 -8 -2 30 
-33 -41 -44 -14 -5 -4 -9 -33 
24 11 43 -2 -7 1 13 6 
-6 -15 -36 -1 -8 0 -3 16 
-7 10 16 -9 -2 0 3 -6 
-19 3 -1 5 5 2 -9 -9 
33 4 -11 4 5 3 0 11 
-12 13 26 2 -2 1 12 -16 
17 -38 16 -8 -8 -5 21 34 
1 14 26 8 -5 -12 -41 -19 
-1 -19 -38 -16 -7 1 -1 0 
19 2 15 11 5 6 0 10 
-33 16 -29 4 4 7 5 -18 
66 25 79 4 1 2 4 23 
6 -10 -13 -6 1 1 -9 -22 
-9 15 28 5 4 -1 -2 14 
13 8 18 13 4 -1 6 26 
-33 -28 -38 -23 -2 -4 -6 -25 
-7 65 18 11 0 -6 1 -26 
2 0 -2 -17 -7 -2 -11 4 
1 -54 -58 -5 -5 -5 -10 -11 
4 28 56 33 9 10 29 33 
-31 -8 -41 -8 -8 -5 -21 -18 
14 -10 -16 -28 -9 -4 6 24 
13 16 18 0 -1 -1 -4 -27 
-39 5 -44 4 2 -5 14 28 
34 2 6 5 3 1 5 53 
5 17 42 -3 -2 1 -2 -40 
-48 -3 19 15 -2 2 -3 -1 
16 -57 -60 -12 -7 -1 -4 -8 
-4 9 30 -5 -3 2 1 -1 
-10 -10 -45 3 4 3 10 35 
1 -4 23 -2 -1 -9 -17 -61 
-9 29 -11 4 -2 2 -1 -13 
18 -23 -37 -8 -1 5 19 24 
8 -25 -8 -5 2 -4 -17 -16 
23 3 -10 -17 -5 -12 7 29 
-10 5 20 15 5 -1 -26 -14 
13 -19 -12 -11 -5 -1 19 27 
-36 0 -3 15 -1 4 -6 -41 
24 4 -23 -9 1 5 -4 31 
-20 8 16 21 -2 -6 13 -15 
-3 -37 16 -13 -6 -5 -14 10 
-13 6 -16 -3 -3 -6 -16 -15 
-9 23 -1 0 3 1 -14 -41 
10 -5 9 1 0 3 21 37 
3 15 -18 -2 -2 -1 1 22 
29 -18 16 4 3 -1 -3 15 
-18 2 10 10 -1 -1 5 -17 
-31 -5 -6 -18 -10 -3 -22 -24 
16 1 3 12 1 -1 -15 5 
-14 9 -7 -19 -4 1 35 8 
-5 3 -11 8 6 -2 -51 -2 
-29 -18 -6 -24 -3 -7 61 22 
-9 1 -8 -20 -10 -9 -12 -59 
-7 -7 -13 27 2 4 0 -2 
-3 -2 38 19 -1 3 -6 -3 
16 7 -63 -23 -6 0 -17 -20 
-12 36 30 4 2 -1 19 7 
12 -11 18 -8 -2 -3 -35 -13 
-1 -26 -65 -26 -6 -1 30 19 
-2 -12 12 24 3 -7 -8 20 
-27 -4 34 13 5 0 -29 -63 
21 19 6 27 3 10 71 80 
-14 2 45 -30 -8 -6 -1 31 
-24 -2 -5 -12 -3 2 -23 -38 
16 -50 -10 1 0 1 1 11 
-5 14 3 -3 -4 -7 -30 -8 
6 -19 25 8 -5 -2 18 -1 
11 9 -10 3 4 1 24 13 
-17 1 -17 -22 -5 -9 -36 -18 
1 2 -5 -7 -1 -6 -6 -9 
30 -5 -16 -13 4 1 20 26 
-25 7 1 9 -2 -2 -19 -45 
25 20 -24 5 4 14 5 -8 
-17 -16 -5 0 -5 2 -34 -19 
-10 -13 -56 -8 1 8 21 8 
4 -33 35 -2 -3 -11 -7 21 
-3 13 25 0 0 -2 2 0 
14 16 -57 -8 -5 -5 -5 2 
-15 -21 -14 -12 1 -2 -14 -13 
8 21 -2 7 3 6 -1 10 
-1 -19 11 12 12 3 16 10 
-8 21 -1 -11 7 6 -2 -15 
4 14 14 2 -13 -4 0 3 
-7 -35 0 -5 -8 -8 -18 -13 
13 2 48 -4 -11 -1 16 15 
-3 -19 3 27 19 8 16 16 
-12 40 49 26 -18 -7 -9 -24 
11 0 -38 -34 -1 -6 -7 4 
-3 7 -40 16 16 6 3 1 
4 -6 109 -13 -19 -7 -4 13 
1 11 -22 24 16 7 -7 -24 
15 15 73 -37 -6 -6 -15 9 
-6 10 -61 4 -4 -6 4 12 
7 -13 -17 -13 -1 -2 13 25 
-23 -33 -9 18 8 -10 -10 -21 
8 40 20 3 -21 0 5 -5 
-7 -19 -6 -44 3 3 13 11 
-7 -3 8 25 0 0 7 0 
7 -35 -48 0 -7 -9 -24 -27 
-20 -35 -16 -35 11 4 18 27 
51 27 72 40 -4 5 11 61 
-17 -15 -82 24 -6 -7 -20 -54 
30 12 36 -23 -5 -2 8 26 
-3 28 2 19 8 1 -11 -28 
8 -21 -15 -38 -5 -3 3 10 
-21 -26 10 -16 -11 -1 7 29 
-16 -19 8 23 10 9 -9 -39 
-12 -10 5 3 2 1 -2 2 
-49 -2 -11 24 -5 -12 -18 -43 
25 0 -10 32 10 1 18 33 
-13 -12 -34 -65 -8 -5 -5 -4 
5 36 4 3 2 5 1 -7 
2 5 25 16 5 5 -4 -12 
67 43 19 -10 -4 -4 -13 -15 
-39 -40 -33 9 -10 -12 -10 21 
2 -19 20 4 -2 0 -16 -16 
7 -18 -26 -51 -10 -3 5 -3 
-16 -7 -10 -19 2 7 21 10 
88 37 44 -1 6 8 3 101 
-82 -12 4 23 3 15 41 -65 
10 22 -30 13 -10 -10 -35 -7 
33 19 2 -34 -3 -10 -40 -46 
-71 -17 -3 25 10 10 -60 -4 
93 -29 -10 -40 -18 -9 80 106 
-49 -14 -22 1 -3 -5 -27 -89 
14 20 24 5 3 -1 24 63 
-15 18 -8 10 0 -4 41 -7 
22 16 14 20 5 3 -30 20 
6 -20 30 13 4 -1 63 45 
-27 16 -37 -14 -6 -9 -19 -79 
-75 1 -43 -11 -3 -2 41 0 
-1 -3 12 -21 -12 -6 -5 -28 
-15 2 -1 2 -2 3 22 17 
7 -29 27 26 8 5 -36 10 
29 16 -27 -18 -2 0 8 -19 
-6 -35 -18 9 5 -6 -34 -10 
-7 17 7 5 -5 -4 -63 -65 
-15 -18 -20 -23 3 8 22 64 
33 22 30 2 -2 -7 38 -11 
12 -7 -32 5 -4 -10 -17 -15 
17 -7 -12 -17 -9 -5 -7 -5 
-16 4 -23 1 0 2 -13 -10 
33 6 6 1 2 2 -5 29 
-35 2 -28 12 0 1 -14 -27 
-1 -38 -41 -19 -1 4 10 15 
-20 -2 -13 20 -9 -10 17 4 
9 14 17 5 -5 2 -7 -7 
-9 22 -6 9 9 10 -9 22 
3 31 37 5 -3 -5 -21 -52 
-10 2 -2 -6 1 0 7 -5 
-3 -11 9 -16 -2 2 -18 -3 
-14 -10 10 1 3 -8 5 11 
13 -12 -67 -6 -5 1 10 25 
-24 30 -17 -14 -6 -9 -22 -33 
5 -8 25 6 3 3 5 -3 
21 0 -33 -28 -18 -2 -7 21 
-8 -2 7 -7 7 1 -1 -21 
15 15 46 12 10 10 27 43 
-2 -52 -46 4 -9 -11 -23 -27 
3 -5 -18 7 -1 2 -6 -7 
-21 -20 -10 -20 -16 -14 -9 13 
7 3 5 4 11 6 4 10 
6 12 8 8 14 11 6 -4 
8 -15 -4 38 2 -4 -13 6 
-15 9 39 2 0 -1 1 7 
-3 -29 -15 -22 -18 -9 -7 -33 
-19 27 42 22 12 5 5 1 
14 3 -28 -9 1 0 7 71 
11 1 -18 -4 4 3 10 -38 
-20 -10 5 24 0 -6 -20 -34 
34 -9 -22 -14 -18 -11 -15 -24 
-12 32 50 13 6 8 -1 -15 
-21 -30 8 4 -4 3 3 35 
-7 30 -4 -7 -2 6 14 23 
-9 17 13 23 2 -3 -8 -50 
20 -15 -7 -19 -5 -3 7 32 
30 7 12 17 13 12 11 46 
-2 -11 9 -9 -7 -14 -19 -88 
-13 -19 -15 6 1 -4 -3 32 
6 18 -6 10 -1 -3 -1 0 
-8 12 -13 -38 -5 0 -4 -18 
5 1 14 6 -5 -3 10 61 
5 19 -5 -17 -7 -3 -2 -7 
-1 -24 1 16 7 0 -21 -77 
-21 22 15 8 -1 -6 -8 21 
13 -6 -5 -1 4 8 11 25 
-8 -2 23 -22 -9 -8 7 7 
6 8 1 2 -3 -6 -8 -16 
-18 -4 6 12 4 7 -6 8 
7 -26 4 -19 -8 1 5 14 
-7 8 -20 -4 0 0 -13 3 
-19 2 3 -17 -1 -4 4 -23 
-3 -8 -1 21 -6 -7 0 42 
21 7 37 -5 -1 -3 -1 -40 
0 -4 -34 8 4 -1 5 8 
-23 -9 -24 -33 -14 -2 -1 -12 
15 16 18 6 6 0 3 23 
-23 -6 -19 -1 2 -3 -4 -32 
10 4 7 -5 -7 0 5 19 
31 3 -18 9 3 -1 -4 -23 
-18 8 17 6 0 4 -4 1 
7 -8 -5 -5 -4 -1 -4 7 
8 16 13 -4 1 4 0 -10 
-31 -21 -7 4 0 3 2 7 
15 -34 -28 -8 4 -2 3 -16 
-29 -8 -1 -3 0 -11 -20 -12 
20 -1 1 -2 -5 -7 11 31 
-18 0 20 5 3 3 6 10 
-6 1 7 -10 -8 -6 1 -34 
-20 0 -4 3 4 1 -14 10 
16 -16 -4 3 -6 -7 -6 5 
3 -8 8 1 -9 -9 -12 -18 
-31 -19 0 -1 2 -2 4 -8 
25 -29 -22 3 1 2 -1 15 
-6 18 44 15 0 2 -3 -4 
14 4 3 -36 -4 -5 0 7 
-9 -11 -17 -8 -9 -7 -2 -1 
-8 8 0 1 -2 -2 2 -23 
-15 8 5 3 0 2 1 10 
12 28 16 21 5 6 1 3 
14 -1 3 2 3 8 4 26 
-3 2 -38 -16 -3 -1 -2 -6 
-19 -16 -6 -7 -6 -3 4 -11 
-16 -10 3 0 -5 -6 -19 -8 
22 13 -14 -3 0 -5 3 -4 
9 14 2 3 0 4 4 11 
13 2 -5 2 5 3 5 35 
-32 22 12 1 4 1 -4 -23 
-7 -32 -12 -3 -7 -8 -13 -18 
-25 -6 8 -5 -6 -4 5 -8 
30 -4 -11 -16 0 -3 -4 -4 
10 -4 12 15 3 1 11 13 
7 20 12 14 6 1 -3 -17 
-5 -3 -29 -9 -6 0 7 7 
-11 -24 15 0 1 -7 -9 50 
-18 -8 -24 -7 -16 -6 -2 -49 
2 -14 -22 -6 -1 -7 -7 -7 
-1 -6 -3 -2 -3 -1 4 11 
0 15 15 -3 1 0 1 -7 
12 3 10 2 10 3 5 22 
7 16 9 15 5 7 -1 6 
23 -23 5 -7 -1 -6 -6 7 
-55 -19 -42 -13 -11 -8 -7 -26 
0 -14 -7 -5 -3 -4 -2 10 
3 29 22 0 3 3 0 -18 
19 13 15 9 6 -1 -3 15 
-1 19 12 3 2 5 -1 -14 
8 18 1 2 3 9 20 47 
3 -23 -55 -18 -20 -14 -7 -25 
-23 -1 35 -8 -3 3 -1 -8 
-1 -8 4 3 -4 -7 -7 -10 
-10 5 -22 1 4 4 -3 5 
22 35 41 13 4 4 3 18 
3 3 -7 7 5 -4 4 52 
-29 -10 -18 4 0 4 5 -90 
11 -18 -10 -25 -18 -15 -25 -9 
-15 -2 11 -4 1 2 1 -7 
-3 -9 -19 -3 -6 -3 -1 -15 
8 6 15 8 8 6 -2 18 
28 7 8 11 8 4 2 10 
-18 -7 -10 -14 -2 -2 -7 10 
10 -12 -22 2 -5 2 25 -4 
-22 -12 24 -15 -10 -7 -12 2 
-1 -7 -2 0 -4 -1 3 -11 
-17 -1 -3 -1 -1 2 0 -5 
5 4 -2 8 5 -2 -3 5 
25 -1 -40 -10 -1 -2 4 -22 
-9 -25 13 14 -1 -4 -1 19 
-10 -6 12 -22 2 2 -2 -7 
-11 4 -16 -3 -6 -3 -12 -5 
3 -3 -11 3 5 0 -4 -9 
-8 -3 11 -3 -9 -4 -5 4 
17 1 4 15 -2 1 3 4 
-15 1 10 4 -5 -3 5 -12 
0 -1 -10 -37 -9 -5 -5 14 
12 3 -24 10 3 -1 -4 -8 
-16 -18 0 1 -4 -7 0 4 
-13 14 20 -2 4 1 -6 -24 
4 -13 -20 10 2 2 9 40 
3 8 7 -15 -4 1 0 -60 
-51 -34 -18 -14 -10 -5 -16 -11 
14 0 6 3 1 -4 -5 3 
8 2 18 13 8 3 2 0 
-3 3 -31 -6 -3 -5 10 7 
36 -4 2 2 -4 0 1 45 
-40 -8 13 6 0 -2 -8 -62 
10 7 13 -1 2 2 -1 17 
-2 1 -10 -7 -2 -5 -8 -15 
6 -5 5 -1 4 -1 0 -5 
-4 0 -7 0 0 -2 -7 7 
1 1 8 7 1 3 13 -4 
-13 2 12 -7 -10 0 0 13 
6 -1 -13 -1 -2 -3 1 5 
42 -2 -5 -10 -3 1 0 -26 
-40 -13 4 -1 -6 -6 1 -11 
-28 -4 16 16 6 3 -3 1 
15 25 -16 18 11 4 0 -7 
10 -27 5 -28 -9 -4 -7 51 
6 -1 0 1 -1 -5 -10 -42 
2 0 -7 -5 -3 -3 1 8 
2 14 -2 4 -4 -1 2 -23 
-16 22 1 3 6 -1 -2 3 
-3 -3 -7 -6 -4 -5 -10 -1 
11 -3 4 0 -1 -4 0 29 
7 5 6 1 3 2 1 -6 
29 5 20 18 -1 5 2 19 
-26 10 -23 -34 -10 -3 0 -36 
-18 -19 0 6 -4 -1 0 -3 
8 12 2 -4 -5 -7 4 10 
-8 -6 -16 0 -3 -3 -9 -9 
20 4 -2 13 8 1 -3 13 
19 33 10 -4 -6 6 4 0 
1 16 13 2 3 4 -3 3 
-2 -22 -19 -2 2 2 4 -9 
-25 -6 -24 -6 -5 -3 -2 -5 
14 -31 14 9 15 1 2 2 
-27 -7 6 12 -4 -7 -6 -25 
7 17 -10 -31 -5 -1 -2 7 
10 8 30 6 1 4 4 10 
-6 -4 -26 -6 -2 -4 -8 -15 
4 -3 2 -4 -5 -2 4 2 
3 14 15 12 -1 0 4 23 
-9 -9 -1 0 -3 1 -12 -1 
-12 5 -9 -13 -1 -6 4 -11 
3 -23 -7 -18 0 -6 -1 6 
1 -2 -13 10 -3 -3 5 30 
-3 2 -1 -17 1 -1 -3 -41 
-29 -1 6 5 -6 -1 -4 -2 
5 8 10 5 4 6 5 1 
3 24 -22 -4 -6 1 0 -12 
20 -11 -14 9 -4 -1 0 21 
-1 13 21 -10 1 -1 -7 -2 
-14 0 -1 -8 -7 -6 -4 -18 
-19 -8 7 7 8 -7 -8 4 
15 5 11 3 -9 -7 3 15 
29 2 -23 -8 -4 -2 1 27 
-13 2 4 1 1 2 2 -27 
-15 -12 -16 -1 0 -3 1 -8 
2 -1 -13 0 1 3 1 6 
11 -7 -2 -4 0 1 -4 4 
-5 2 -2 -6 -1 -3 -5 2 
9 -4 -3 3 -5 -2 -4 -5 
3 3 15 8 -2 -5 -1 3 
-3 -9 -11 3 -1 2 6 19 
-14 -5 15 7 -1 -2 -4 -31 
-6 15 4 -3 0 0 3 0 
-16 -21 -8 -7 3 1 -7 -15 
23 -2 -5 -2 1 -3 -3 5 
19 6 -9 4 2 0 -2 23 
23 -32 -12 -6 -3 4 3 16 
-33 -1 9 9 -3 -1 -3 -7 
-7 -3 -30 -26 -1 -3 -6 -19 
0 -7 16 14 -4 -8 -5 6 
2 4 -12 -27 -9 -3 -4 -14 
29 19 15 12 2 -1 5 19 
-12 1 9 6 3 3 2 -19 
4 4 -31 -22 -3 -1 5 23 
-23 -20 -4 12 -1 -4 -20 -34 
7 -6 3 2 -6 -5 -1 2 
-4 -3 -13 2 -1 -3 0 -18 
-7 -7 12 5 1 4 3 5 
11 52 36 8 6 7 8 -4 
-13 -37 -22 -18 -3 0 -3 19 
3 -10 21 8 -4 -2 -1 -7 
8 -17 -37 -12 -5 -5 -5 -4 
-5 -7 -8 -2 1 1 0 -7 
3 7 -5 -1 3 6 3 5 
9 9 18 8 -4 -4 -1 7 
-1 -6 -4 -14 -5 -1 -1 7 
-7 4 8 4 -4 -3 -4 -13 
20 3 -23 0 -1 0 -5 -7 
-24 1 15 6 0 3 -6 4 
-9 -5 -7 -10 -5 -2 3 0 
15 -13 1 7 3 -4 3 17 
4 14 5 3 1 0 6 -14 
-3 1 2 -14 -2 -2 0 -3 
-1 3 17 -2 -1 0 -3 -2 
2 -19 -15 -7 1 -3 10 34 
-8 2 6 5 3 3 5 -24 
4 13 2 8 3 -1 -13 -2 
5 4 -6 4 0 1 -2 -5 
-13 6 11 -3 -3 -4 0 2 
0 7 21 -1 -6 -10 -6 -13 
-4 -8 -11 -2 0 1 11 6 
4 3 -15 6 2 1 -3 0 
-14 2 -15 2 4 6 -3 -11 
1 8 28 -18 -8 -5 -6 3 
-15 -36 -22 0 -2 -5 -5 -16 
9 7 -5 4 3 -1 0 10 
-36 -16 13 -2 -3 -3 -4 -59 
35 28 26 23 10 7 8 63 
14 -7 -14 -16 1 -3 5 3 
-14 -14 13 -11 -4 -1 3 -4 
5 -3 -3 8 2 3 -1 3 
-3 -20 -15 -8 -2 5 -1 53 
-10 -1 -16 4 -6 -2 -8 -90 
5 10 8 12 0 -1 -1 3 
-7 1 24 -24 0 -3 -2 -6 
3 -4 -13 0 -9 -6 -2 12 
-15 0 0 -4 -3 0 -4 5 
1 -9 0 11 -3 -3 -2 -2 
-5 -10 13 -8 -2 -5 -5 -13 
2 -4 -24 7 7 0 -1 -1 
13 16 19 -3 0 -1 1 22 
-2 -5 -13 -11 -1 -4 -7 -42 
-6 3 -7 6 -2 -4 -4 6 
-8 -20 -21 -13 -4 -7 -2 9 
-9 1 8 11 4 2 3 0 
12 7 1 0 0 2 1 20 
11 10 -5 3 0 3 -2 10 
-12 11 -9 -5 1 1 -1 -42 
20 4 30 -8 -7 -7 0 21 
-12 0 -2 11 -4 0 1 4 
7 -8 -16 1 -7 -2 4 -16 
3 -2 21 -3 -3 -1 -1 0 
-32 -1 0 11 3 2 2 22 
4 17 4 -14 3 2 2 7 
-18 -19 -36 -7 -4 -3 -1 -12 
6 -2 -15 -3 -4 -6 -7 -23 
12 -3 -7 -6 -2 0 5 10 
-12 6 13 7 5 4 1 -3 
-5 -13 14 3 0 -1 -1 12 
-5 3 0 -3 9 0 -2 10 
10 3 -25 -10 -16 -5 1 -1 
1 -19 -2 7 -4 -5 -8 -4 
6 25 49 5 -3 3 0 0 
-2 -11 4 4 -1 6 -1 -12 
-12 27 -5 3 2 -3 -2 14 
-26 3 -6 -2 4 -4 1 -14 
12 -6 -14 -17 -3 -4 -9 18 
5 10 16 6 6 0 2 1 
-7 -34 -9 5 0 0 2 4 
24 -19 -7 -25 -11 -2 -5 -15 
-25 4 17 7 -3 -3 0 0 
-23 -4 -17 18 -2 1 6 -23 
-3 5 9 -22 -1 0 -15 -11 
26 6 -4 3 1 -1 -3 14 
1 -14 -18 2 -9 1 1 7 
-4 -7 -29 -2 0 0 1 24 
-1 2 39 2 6 -2 -3 -51 
0 -12 -13 -5 -1 1 -1 24 
7 -5 -8 8 1 -3 -3 -17 
6 4 -15 -10 -6 0 2 4 
-1 -5 -12 9 -2 -3 -2 4 
1 8 16 -8 3 -2 -7 13 
32 6 5 6 6 -1 7 8 
-51 -9 -2 -12 -1 -7 -5 -13 
7 4 11 19 9 0 0 -9 
0 4 6 12 -7 4 5 -20 
-2 -11 -25 -15 -11 -10 -5 3 
-9 -5 -13 -5 -1 -3 2 -2 
31 2 3 -1 -3 1 2 45 
-16 2 -11 9 2 2 0 -49 
0 -1 -10 -19 -1 3 -6 -7 
4 -8 8 -6 -7 -1 -6 -5 
-14 -16 -32 -3 0 2 4 10 
10 -14 8 1 -3 -2 -1 -5 
17 3 -5 -1 -2 -3 -5 36 
0 -8 20 4 -1 -3 -8 -27 
-5 1 5 3 -4 3 -2 1 
5 7 -2 -5 -2 -7 -5 -42 
-21 -5 0 -8 -1 -2 2 -9 
18 -4 4 7 -4 -3 3 -5 
12 7 8 0 1 1 2 15 
-14 1 -5 -3 -1 -1 -8 5 
-4 3 -3 1 2 -2 -3 -4 
1 -7 -19 -12 -4 -2 0 13 
-25 -3 2 5 1 1 1 -25 
-5 -19 -6 -7 -7 -10 -2 22 
-6 -4 8 5 5 -4 6 -8 
19 2 1 -4 -10 2 -5 35 
-4 1 -13 -12 1 0 -6 -35 
-16 -11 -9 2 2 3 -1 15 
0 24 2 28 -1 5 -3 -11 
8 15 24 -21 1 2 1 -3 
6 5 -8 -11 -1 -6 1 8 
-26 -1 -5 8 3 2 0 7 
-4 -13 -10 -8 -6 -1 -4 -8 
16 9 11 8 4 0 4 4 
-21 -15 -14 -4 -4 -7 -8 -11 
24 22 -12 -4 3 -4 6 11 
8 -13 8 -1 3 5 5 79 
-40 0 11 1 0 -5 -13 -101 
11 -1 -14 -2 -4 -6 -1 14 
17 10 -1 -3 2 1 -2 5 
2 -2 -14 -1 3 5 10 0 
9 2 11 2 1 0 -4 15 
-6 9 15 9 3 0 -3 -15 
-22 -16 -16 -15 -5 -3 -5 -3 
21 11 14 -3 -1 -4 -2 -21 
19 8 10 12 1 0 4 26 
-16 -37 -11 -2 -4 -7 -2 -21 
12 14 13 -5 -6 3 4 21 
-33 -7 -25 -18 -7 -3 -1 -21 
3 2 -6 1 1 -3 5 26 
6 -3 -7 2 1 3 -1 -4 
16 10 25 28 13 4 8 26 
5 13 -6 -26 -1 8 -5 -61 
-47 -24 -8 -12 -14 -8 -4 -26 
27 34 6 -3 -3 0 -3 38 
-3 1 -5 -6 -2 -4 -2 -6 
-3 9 35 29 9 2 -8 -7 
12 -11 -18 3 3 3 -1 12 
15 1 -4 -14 -4 0 4 10 
-25 -1 23 10 5 -1 -1 -7 
23 -12 4 5 2 -7 0 -5 
-21 -29 -38 -15 -6 -7 -8 -17 
-5 4 -2 1 -2 -4 4 4 
7 14 -1 -7 -3 -1 -6 3 
-12 -12 10 5 -1 -1 5 15 
-1 34 13 8 3 4 2 2 
27 2 -9 -3 -2 5 -8 21 
