#EMG
#1
#ID:1-25
-5 -7 -10 12 2 -2 -2 -2 
31 22 -10 -4 0 -1 7 32 
-26 -15 0 4 -6 -4 -18 -20 
-2 -3 -9 -16 -3 -2 3 1 
-9 4 11 4 0 -1 -2 -7 
1 9 -4 12 7 -2 -1 -7 
13 -17 -12 -8 -7 -3 0 -4 
5 11 0 -5 -5 2 6 13 
-4 -10 0 -1 -2 -2 -3 -11 
-4 -8 2 -3 1 -1 -6 -6 
3 15 -10 5 4 -2 2 21 
-5 -11 -12 -9 -1 -3 -9 -12 
7 16 -2 -6 1 1 4 3 
-5 -12 9 8 -2 -1 -5 -8 
4 10 9 -4 -1 -1 6 19 
-1 -7 -21 -1 -1 -1 -5 -19 
-3 29 7 -2 4 7 7 -2 
7 18 -10 -11 -5 1 -6 4 
-8 -13 3 2 -4 -3 6 -12 
12 9 12 -4 -1 -6 -11 11 
1 -2 19 10 3 1 -3 -1 
-3 -11 -13 -14 -2 1 4 -6 
13 4 -4 -14 -5 -1 9 17 
-25 -7 6 8 1 1 -2 -8 
0 6 -12 -4 -2 -6 -9 -42 
-5 -2 11 1 2 6 6 4 
-7 -1 2 2 1 -8 -16 -15 
6 -15 -11 -4 0 0 4 19 
5 0 20 5 -1 0 -4 13 
-6 -16 -29 -7 -6 -3 -2 -11 
4 27 13 5 6 5 4 0 
2 -7 -7 0 1 0 2 16 
-5 2 14 4 -8 -2 1 -24 
10 1 5 -1 -5 -4 -5 9 
-12 -25 -8 -7 -4 -3 -4 -28 
1 9 -3 1 2 2 2 4 
-1 -5 -1 -2 9 0 -7 10 
-3 3 11 13 -17 -4 -1 0 
8 -4 -4 -13 3 -1 -1 19 
1 0 -15 -4 -1 -3 2 -20 
1 -8 -18 -2 -5 -5 -2 8 
-8 0 11 -17 -5 0 -4 -8 
-2 -5 -11 6 0 -4 -5 -4 
-4 4 12 6 -2 0 3 -5 
10 6 13 4 3 -1 -2 16 
9 -13 -32 -11 -3 -4 6 13 
-5 34 16 12 1 4 -5 -13 
8 -17 -9 -8 -2 -5 -3 1 
-6 1 -7 -3 -3 0 -3 -15 
6 5 16 0 2 3 12 6 
0 -9 5 0 0 -3 -15 14 
-5 8 2 -5 1 -3 -6 0 
-3 3 -10 -2 -9 -2 2 2 
4 -10 -9 -3 -1 -5 -21 -14 
-3 7 5 2 2 4 26 1 
2 4 17 7 0 0 5 0 
6 -31 -23 -12 -7 -4 -13 16 
-13 16 13 -8 2 0 -11 -20 
-1 -13 -18 -1 -3 -3 1 -13 
0 5 -5 11 11 1 1 16 
-10 1 -5 -1 -14 1 7 -33 
7 -2 -8 -5 -1 -6 -4 9 
-2 2 -7 -4 -2 0 1 0 
2 -6 4 1 0 -1 -3 -1 
-4 20 9 8 6 0 -2 12 
-5 -1 5 9 2 -2 3 -2 
-4 -10 1 -1 -2 -2 -2 -7 
-4 -13 -6 -12 -7 -3 4 0 
-1 -2 9 1 2 -1 -6 -2 
1 5 -2 1 2 0 -3 20 
-4 -9 0 13 6 2 11 -26 
-8 14 1 -4 -7 -1 -4 -3 
-1 6 -13 -10 2 -3 1 8 
0 -9 24 -12 -1 0 4 -1 
10 -6 -4 2 -2 -2 -19 -15 
-4 17 0 5 -3 -2 1 -10 
-6 -28 -9 -1 0 2 4 -3 
3 6 13 27 5 1 12 10 
-2 -7 4 -38 -7 -5 1 27 
-9 -1 -12 5 -5 -3 -8 -19 
3 -9 5 5 7 -1 -6 16 
-9 -21 -25 0 -13 -5 1 -27 
4 24 -8 3 0 -1 -6 -5 
3 0 -1 -11 1 -3 -4 -1 
-13 3 5 -6 -7 -3 0 6 
1 4 -10 0 3 1 -14 -11 
-1 5 7 -11 -2 -2 11 3 
4 -8 -2 -3 0 1 1 32 
-3 1 20 24 2 1 -10 -47 
-8 -1 -2 -16 2 -1 20 14 
-5 -1 -15 -2 -6 -4 -12 2 
11 7 21 9 1 2 2 3 
-2 -9 -23 0 2 -1 -9 6 
-1 2 7 4 1 -4 3 -3 
-2 -17 0 2 -2 -3 -4 11 
-5 -14 4 -4 -5 1 13 -8 
5 11 8 -7 -3 -3 -17 -7 
-11 0 3 -6 -1 0 -12 -12 
13 -12 -22 0 -4 1 13 25 
11 8 34 3 -2 -5 -10 -6 
-18 3 -33 -9 0 2 10 2 
-6 -15 25 2 1 -1 -5 -1 
-2 -14 12 10 5 4 0 -6 
-1 -7 -8 -8 5 -1 -10 2 
7 24 -15 -15 -13 -4 3 -26 
5 6 8 7 0 0 10 26 
-11 -38 -32 2 1 -1 -6 -16 
1 8 30 17 -2 -6 -2 9 
0 -3 15 -36 -2 -1 3 16 
1 5 -37 -8 -1 -5 -24 -25 
-4 -2 -15 -14 -1 3 3 0 
-10 -15 -36 0 0 3 8 18 
9 5 25 8 3 0 6 -6 
-18 14 2 -4 -6 -1 2 -8 
2 0 30 10 4 1 -5 4 
2 -12 -1 -12 -2 2 -7 -8 
-1 34 -14 2 -3 0 11 11 
7 -5 27 -2 -2 -4 -10 -1 
4 29 5 17 -1 -3 -4 24 
-12 -4 -13 -19 -12 1 -1 -34 
13 -8 12 2 4 3 5 14 
-12 11 -19 -4 -1 -2 -1 -7 
-1 -20 -8 -6 -5 -5 -6 4 
-9 -14 -4 6 1 -2 19 -7 
4 8 2 12 3 -3 -6 2 
12 1 -39 -3 -1 3 4 12 
-4 8 53 5 -3 -1 2 33 
-2 -6 -32 2 0 -5 -21 -80 
-10 -36 -39 -15 -3 -5 -1 4 
-6 -14 16 8 10 2 3 7 
-7 16 0 -11 -21 -2 -8 -11 
9 -3 -5 -4 0 -1 -1 24 
-2 -5 17 1 -1 -1 3 1 
-5 -8 -10 -19 2 -2 -4 -10 
0 7 -2 3 4 -1 1 -13 
-2 1 -29 -5 -7 -4 -1 18 
7 -8 40 -3 -2 -2 2 4 
-13 12 11 19 0 0 -4 3 
-16 -12 -37 -2 0 -4 -4 -35 
17 13 13 -7 1 4 2 6 
11 -8 -58 -2 -2 -3 -4 26 
-24 -5 52 15 -1 -1 6 -6 
5 -4 -18 -20 -4 -2 -10 -19 
4 1 5 24 8 -1 4 22 
-26 -5 -24 -24 -9 -2 -2 -7 
27 -14 22 21 -3 -1 -7 26 
-18 4 -1 -7 4 2 6 -49 
1 2 -13 3 -2 -3 -16 14 
-9 -27 5 4 0 3 12 -13 
52 52 61 -8 6 1 1 5 
-25 8 -6 7 -1 0 -3 -7 
5 -14 -37 -24 -5 -3 1 9 
-11 -8 26 0 -6 -4 -9 -19 
-1 32 -59 -7 2 -4 7 0 
25 -3 35 20 0 -6 -4 8 
0 12 29 -19 -7 -3 5 20 
-16 -13 -22 1 3 4 -6 -8 
-5 17 -36 -11 -8 -3 -1 -26 
5 -8 -2 11 4 1 -1 12 
-17 10 12 -4 -3 -1 8 -1 
7 1 19 -2 -4 -6 -66 -10 
4 -3 -13 5 -1 3 55 59 
-10 -32 -55 -15 0 -4 1 -45 
-12 31 46 -11 -11 -2 -6 -9 
7 -23 -5 -3 -9 -4 0 -2 
-13 -34 -21 -4 -4 -2 -31 -19 
25 24 8 8 0 2 20 23 
-8 -13 -6 5 6 -1 -3 -8 
1 18 3 9 3 -2 14 -2 
2 -3 4 -5 -6 -2 -5 12 
-4 -11 -1 8 8 1 3 14 
-9 1 -22 -2 -3 4 -11 2 
-6 -7 6 -35 -6 1 17 -7 
5 -13 5 2 4 4 -4 -20 
-9 16 13 -3 -3 -9 -17 12 
7 -6 -8 10 2 5 15 0 
-4 -3 10 19 2 -3 -8 2 
-2 -26 -35 -7 6 2 21 4 
-14 0 13 -8 -16 -8 -27 -34 
10 2 28 11 4 -3 0 17 
2 7 -39 2 12 0 6 -2 
-8 -13 36 -15 -19 -5 -12 -10 
0 -20 -11 1 0 3 14 31 
-5 -6 0 -4 0 -5 -4 -26 
11 0 24 8 -3 2 7 23 
-12 6 -45 -8 5 -1 -18 -57 
7 5 5 4 -3 -4 0 38 
-9 -4 -27 -5 0 0 -8 -30 
-9 -6 18 -2 -6 -3 1 -18 
5 11 11 9 8 0 -1 17 
2 4 -13 -5 -9 -2 -2 -4 
4 14 18 -23 0 -5 -12 12 
1 10 19 6 -1 -2 8 20 
-3 -12 20 11 -5 8 10 -11 
8 10 -44 -17 -4 -6 -8 -3 
-21 -35 14 11 2 -5 -7 -15 
6 -10 -33 -15 -4 1 4 38 
-9 4 -2 12 7 -2 -10 -49 
8 24 29 20 9 10 11 2 
4 -10 -13 -10 -14 -4 -1 12 
-10 22 27 1 -1 -4 -2 -18 
-1 -28 -19 -24 -10 -4 -5 19 
-5 -3 -6 -12 -2 1 -7 -19 
-1 1 5 13 4 3 11 5 
8 21 10 0 2 4 1 10 
4 2 1 0 -1 -9 -9 1 
-15 -20 0 29 3 1 18 6 
39 14 2 -20 -3 -2 -17 16 
-25 -5 -19 9 0 -6 -11 -56 
-12 -3 8 19 -6 -2 0 37 
-10 -5 15 13 5 1 0 -51 
-14 11 15 43 0 -3 -6 -19 
28 3 -54 -20 -12 -4 15 33 
-1 15 8 -19 -7 -7 -5 6 
12 -19 15 -7 -5 -3 -6 6 
-6 -4 -12 -1 1 3 10 33 
5 14 -10 18 0 -4 -11 -41 
1 -9 0 0 -2 4 9 -6 
5 -9 -6 -21 -4 -6 -12 15 
-5 -12 -9 -30 -5 -3 -1 -27 
-9 -23 -13 14 2 -2 0 15 
11 -1 22 -10 0 1 -2 5 
-17 -1 -7 2 4 3 0 0 
9 -6 0 -5 -5 1 8 4 
-16 -7 10 -13 -2 -1 1 11 
5 19 -15 12 0 -3 -1 7 
5 -7 -15 -9 -2 -1 -1 -5 
3 1 10 3 -2 -2 -3 -4 
-5 4 8 8 7 3 3 6 
-12 -19 -24 -36 -18 -5 -9 -27 
-8 -3 14 9 4 0 0 14 
11 6 -4 4 1 0 4 -12 
6 2 24 -8 1 -1 0 -1 
-5 -14 -28 32 3 -5 -5 5 
-2 4 1 8 -4 -4 0 -3 
-25 -8 -21 -1 -15 -5 -6 -15 
9 0 4 -11 -2 -1 -2 23 
-1 -6 -2 14 9 1 -9 -27 
3 -3 -8 -3 0 2 -2 6 
-1 5 -1 3 4 3 10 25 
-5 -3 2 -1 1 0 -2 -12 
-3 12 18 8 -2 1 -3 -17 
3 -2 -5 -18 3 -1 -7 2 
3 -10 -22 0 -2 -1 1 39 
-14 -4 10 -5 -6 -5 -5 -67 
2 -6 -7 -2 4 1 3 7 
-4 -14 4 -5 -3 -1 -6 -14 
-10 8 15 -11 0 2 3 0 
18 0 -6 17 -2 -1 1 7 
-22 29 10 -17 7 3 0 8 
17 3 -5 -16 -10 -5 -1 8 
-13 -8 -3 2 3 0 -1 3 
3 1 -13 2 1 2 -6 -16 
3 -21 2 -7 2 -1 2 -1 
-5 11 -7 6 -8 -3 3 9 
-10 4 7 -4 4 -2 -5 -6 
14 4 8 -1 -6 -1 -1 -4 
-2 -8 -12 -9 -6 -2 5 11 
-6 -2 4 -1 1 1 -3 -10 
2 -6 -6 0 -3 -4 -5 -7 
-13 -4 -3 3 4 2 4 11 
2 -1 -6 -7 -4 -5 -6 1 
0 2 4 -7 0 -2 2 1 
5 31 20 5 1 0 -4 -18 
-4 0 2 1 1 0 1 16 
1 -14 -21 -4 -4 -1 -1 -1 
-3 3 9 -5 3 1 0 2 
1 -3 3 8 3 0 -2 -11 
-2 5 8 -3 -6 1 1 1 
2 -12 -4 -6 -8 -3 -1 8 
-8 5 -3 0 1 -1 -1 -4 
-1 -21 -20 -6 -8 -3 -3 -8 
4 13 20 -16 -4 -4 0 10 
-2 2 -5 1 3 0 -2 -1 
-4 -4 -12 -10 -10 -5 -4 1 
1 -4 3 9 5 -3 -1 -8 
-3 -9 -5 9 2 0 0 5 
-1 -3 3 6 1 -2 -2 -4 
3 2 3 -1 4 2 2 5 
-2 -6 -3 2 -1 -1 -1 -8 
-1 -5 -12 -4 -2 -2 -1 2 
0 4 12 0 -5 -2 -3 0 
0 -4 -9 1 4 1 1 6 
-3 11 5 -3 -7 -2 -3 3 
-1 0 -2 -10 -4 -2 0 0 
0 2 -8 3 2 -2 -1 -4 
0 3 15 -7 -7 -3 -2 -2 
-3 -13 -19 -11 1 -2 -1 -5 
-5 0 -13 2 1 -3 -3 0 
1 5 19 3 -2 -2 0 4 
-2 -2 1 3 2 1 -2 -8 
0 3 7 2 -3 0 0 -1 
0 -1 -10 1 2 -1 0 3 
1 -8 -3 -3 -2 0 0 14 
-9 -1 0 -7 -4 -6 -1 -22 
1 -5 -3 5 3 -2 -1 2 
0 -3 9 3 0 0 -1 0 
-1 -8 2 2 -2 2 0 -2 
-1 -3 -5 -2 1 -1 -2 7 
-2 -1 -4 -1 1 -2 0 -2 
-6 -5 5 -10 -6 -2 -1 -9 
-2 -3 -23 2 -5 -3 1 -2 
3 5 9 3 2 0 -3 6 
-5 -20 -8 -12 -5 -3 -6 -7 
-4 6 -15 -3 0 -1 1 0 
-1 -4 -1 -8 -1 -1 -1 -2 
-2 -9 0 1 -2 2 3 -2 
-5 -12 2 2 4 -3 -4 -4 
3 3 -3 1 -11 -1 -1 3 
-6 -4 -12 -2 -2 -3 0 -6 
-2 -3 -2 -10 -1 0 2 -5 
4 1 -2 0 -3 -2 1 11 
0 4 4 9 6 2 1 1 
2 -1 0 3 3 -1 -4 -8 
0 -9 -1 10 0 -1 2 9 
1 27 3 -7 -2 -1 1 -3 
-2 -23 -7 -4 -1 -3 -2 20 
-4 3 0 -3 -4 -2 -4 -22 
0 6 -4 4 5 -1 -2 -5 
2 6 13 1 -4 -1 0 2 
1 1 -4 -3 0 -1 0 -5 
1 0 3 -4 -6 -3 -2 6 
-3 -13 -9 -1 -5 -2 0 0 
-1 -11 -2 3 1 0 -2 -4 
0 7 4 1 0 -1 -2 -6 
-1 -1 2 -3 2 1 0 -3 
0 2 -3 -1 1 -2 -2 5 
-4 1 2 1 -2 0 -1 -2 
-1 -4 2 -3 -2 -2 -4 -5 
-1 -16 -3 -3 -3 0 0 9 
-3 2 3 1 0 0 2 -13 
1 -3 -2 3 0 -1 -4 1 
-2 -5 9 -11 -7 -2 -1 -5 
0 -5 -14 -4 1 -3 -3 8 
2 12 4 -1 -2 0 -1 3 
-3 -3 12 4 3 1 0 -6 
-2 4 -25 0 -2 -2 -1 -1 
0 -1 9 1 -3 -1 0 2 
1 14 3 0 1 -4 -5 3 
-1 3 6 2 1 -1 -3 -21 
-1 -2 7 6 1 -1 3 0 
-4 -6 -14 -3 4 0 -1 -1 
1 -2 2 -7 -10 1 -2 0 
0 -5 -6 -2 0 0 -1 4 
0 1 3 -4 0 1 0 -1 
-8 4 1 3 2 -1 -2 -6 
1 -4 6 1 -1 -1 -1 0 
2 -1 -10 -2 -1 -1 2 1 
-2 4 1 6 2 1 4 5 
2 7 0 -1 -4 -3 -10 1 
0 -2 4 -3 -3 -3 -3 -4 
-3 -3 -9 -3 0 -3 1 0 
-3 -13 -10 -13 -7 1 0 -4 
2 -2 1 2 0 -1 0 4 
-3 0 -14 -9 -4 -1 2 -3 
1 -5 1 1 0 -2 -2 -5 
-3 3 5 10 2 0 -1 4 
0 -4 6 -1 1 -1 -1 -5 
-1 -5 -10 -9 -3 -4 -2 -3 
0 3 -1 -4 -6 1 3 1 
-2 -6 -3 0 2 -1 -3 -5 
0 4 -2 -3 -5 -1 -2 -3 
-2 -9 -15 -2 -5 -5 -3 -4 
-1 1 -9 -2 -4 -1 -1 0 
-4 -5 15 -1 -1 -3 -4 -4 
2 7 3 0 0 0 -2 -3 
-5 -7 3 2 1 -1 -1 0 
0 -4 -10 -3 -1 0 -2 -1 
1 5 3 7 -2 1 -1 -4 
-2 -3 -3 -9 -4 -2 4 -1 
-3 15 13 1 3 0 -1 -2 
-5 -28 -29 -2 -2 -4 -4 1 
-1 -2 0 -1 2 -3 -1 -3 
-1 -10 -1 3 -1 -2 1 0 
0 -4 2 5 -2 1 -1 0 
2 11 8 -12 -5 1 -2 2 
0 -2 1 -2 0 -2 -4 17 
-2 3 -9 1 2 4 5 -11 
-5 -14 9 3 5 -2 -4 -8 
-3 -5 3 5 1 -1 -1 2 
-2 -3 -11 -9 -9 -6 -3 -7 
4 18 18 -1 5 1 -1 13 
3 -3 -2 2 -2 1 1 4 
0 3 11 -4 -4 -1 1 -3 
-1 -4 -15 2 2 -1 -2 8 
-4 -10 -7 -5 -4 -3 -1 -10 
-3 -7 -18 -5 -3 -3 -2 -3 
-3 -8 14 0 -2 -1 4 3 
-1 -8 -11 -4 -3 -4 -9 -7 
4 32 1 0 -3 -1 0 0 
-3 -2 -2 -5 -4 0 0 -3 
1 6 -8 1 0 2 0 0 
-3 3 2 2 2 1 1 -5 
-4 -14 -4 -3 -3 -4 -4 -2 
0 -2 -4 -2 6 0 0 3 
-1 1 -5 -5 -8 -2 -1 -1 
-3 1 5 3 0 -3 -1 -7 
-1 -3 -5 -2 -3 -2 -4 -4 
2 10 0 4 0 1 2 11 
-2 4 7 2 -3 -2 -3 -21 
4 -2 4 1 1 -1 0 -2 
1 -11 -11 -11 -13 -2 -1 4 
-15 -5 4 2 1 -2 -4 -6 
0 -2 -1 2 0 -2 0 6 
2 17 12 2 0 1 0 1 
-2 1 6 9 3 -1 -2 -3 
-1 -11 0 -3 -2 -2 -1 -2 
-2 8 -8 -7 0 -1 -1 3 
0 9 1 3 0 0 0 -4 
1 -2 1 -1 1 -1 -1 3 
1 -10 -1 -3 -3 -2 -1 -1 
0 7 10 -5 2 -1 -2 2 
-1 -11 -7 10 6 4 2 -2 
-3 -6 -3 -13 -9 -3 -3 -2 
2 3 4 3 2 3 3 -1 
-4 -8 -8 -1 0 -4 -3 -2 
-2 -6 2 -4 0 1 3 3 
-2 0 -2 2 0 -2 -3 -2 
0 -11 -6 -2 -4 -3 -4 -2 
3 7 3 -1 1 0 0 1 
-5 -13 -15 -15 -12 -4 -3 -3 
-4 3 9 9 4 2 0 0 
3 -7 -12 -2 0 -2 2 16 
-6 1 4 2 0 0 -5 -36 
-2 2 -9 -3 -3 -1 0 -1 
-3 -5 -3 -3 -4 -3 -2 -1 
1 4 3 -1 -1 -1 -1 -1 
-1 -7 -9 -2 -5 -3 -1 10 
-2 -9 12 4 4 -1 -2 -4 
2 29 4 -3 -1 0 4 -1 
2 7 5 10 7 1 1 -4 
2 0 -6 -24 -18 -4 -2 4 
2 15 1 -4 -1 -2 -2 -3 
0 -5 4 5 1 -1 -4 3 
1 -3 -3 0 1 0 0 -2 
-2 -1 11 9 5 2 1 4 
-4 -6 -8 -2 -5 -1 -2 1 
-2 -7 -3 0 8 -1 0 -2 
-2 3 -1 -4 -6 -1 -1 -5 
-1 -7 -7 -1 0 -2 -2 0 
-1 -2 -1 1 -2 0 0 1 
-4 -15 2 2 1 2 2 -2 
-1 0 -9 1 -4 -4 -4 -6 
1 -5 -4 -4 0 2 1 5 
2 0 4 -5 -1 0 -2 -1 
1 -4 -5 3 -1 -3 -3 -2 
-3 -1 7 -4 -4 -1 -2 -2 
-6 -26 -22 -3 -2 -4 -1 -4 
1 -3 9 5 0 2 2 -1 
1 25 4 3 -3 -1 -1 -1 
-3 -3 0 -3 0 -2 -2 -1 
-1 5 3 -7 -8 -3 -2 0 
1 10 -1 -4 2 -2 -3 0 
0 -16 -9 -3 -6 -1 0 1 
1 1 7 -5 0 -1 -3 -4 
-1 -12 1 7 -3 0 0 1 
-4 -7 -5 -8 -1 -3 -1 -3 
-1 1 3 -2 1 0 -1 -2 
-3 4 -9 0 -3 -4 -1 0 
-2 -6 -7 3 4 0 -2 -1 
-3 -2 -7 -4 -2 0 0 0 
-3 -12 -1 -3 -2 -1 -4 -3 
0 0 7 2 2 3 3 -1 
2 14 4 0 0 -2 -1 -1 
-2 0 1 -3 -2 0 -1 1 
0 -4 -7 -2 -3 -2 -1 -2 
0 -5 -10 -4 -4 -1 -3 -3 
4 22 14 9 1 -2 -1 1 
0 8 0 -5 -3 -3 -2 -1 
-2 -1 -4 -3 1 0 -1 -1 
0 -2 -6 -5 -4 -2 -2 0 
7 48 18 15 8 5 3 5 
-8 -18 -28 -11 -6 -5 -4 -10 
0 -4 -4 -4 -5 -1 -2 0 
-1 -11 -7 -2 0 -3 -1 -2 
-4 -7 4 -3 -1 1 -1 0 
1 -3 0 2 -1 0 2 1 
1 4 9 -1 -1 0 2 -1 
0 3 2 -1 0 -3 0 0 
-1 -14 -10 -7 0 -1 -4 -3 
0 5 4 7 -3 -1 -2 12 
-10 -14 -4 1 -3 -5 -4 -27 
-2 -2 5 2 1 1 -1 2 
-1 -2 7 7 6 -3 1 2 
1 2 -11 1 -4 0 1 -2 
-3 -17 -16 -17 -5 -2 0 9 
1 21 15 7 7 -1 0 0 
-4 -11 -14 -16 -14 -3 -3 -6 
-1 5 10 9 6 1 -1 1 
3 2 1 5 0 0 0 1 
-2 -1 -6 -9 -8 -2 -3 -5 
1 -26 0 13 18 5 1 2 
-2 -6 0 -9 -6 -3 -1 -8 
-3 2 -4 -4 -5 -4 -3 2 
-2 -14 -1 3 -2 1 0 -2 
-3 3 -2 0 -1 -3 -3 -4 
-2 1 3 4 1 -2 -2 -1 
-3 -7 16 2 1 1 1 2 
-2 -11 -16 -3 -1 -1 -1 -1 
-5 -8 -6 -5 -7 0 -3 0 
-3 -8 -6 -7 -1 -2 0 -1 
-4 -2 -5 -11 -8 -7 -4 -2 
0 4 0 -2 -3 -1 0 1 
-4 -9 -1 -3 -5 -2 3 -2 
2 3 6 7 4 -1 -2 1 
5 18 3 7 5 1 0 2 
-2 -11 -11 -4 -5 -1 -1 -1 
0 -2 -10 -9 1 -1 -1 15 
-5 -5 -1 -4 -7 -3 -5 -26 
-1 5 -3 2 1 -1 -1 2 
-4 -14 -11 -4 -4 -1 -4 -7 
2 4 8 2 -1 -1 0 4 
1 2 10 2 0 1 0 7 
3 14 3 0 1 1 0 3 
-3 -2 -7 -4 3 0 0 -9 
-3 -4 -7 -8 -12 -5 -1 -6 
-1 16 2 1 1 0 1 6 
-3 -18 -2 0 0 0 -1 -5 
2 9 11 1 -2 -1 -3 7 
-3 -9 -4 -2 -3 -3 -2 -4 
5 16 1 5 4 4 1 0 
-1 -3 -6 -3 -2 0 -1 5 
0 0 -5 -3 -3 -2 -1 -1 
-2 3 1 -2 -3 -3 -1 -5 
-1 -10 -1 4 2 -1 0 2 
-1 -1 -1 1 0 -1 -1 -1 
1 5 -4 -9 -4 1 2 -1 
-3 -8 -5 2 0 -1 -2 -5 
-3 -3 -7 -3 -2 -3 0 0 
1 0 0 4 3 -1 -2 -2 
3 2 2 -12 -10 -2 -2 2 
0 9 10 2 1 0 -1 -1 
-2 -13 -7 -4 -2 -1 -1 0 
-2 -2 -8 -3 1 0 1 -3 
-4 -1 1 3 -1 -4 -2 -1 
-1 15 0 -1 -2 0 -3 -4 
-2 -2 -1 1 -1 -3 1 1 
0 -4 1 -2 -3 -1 -2 0 
-2 -2 -2 3 1 0 -3 0 
3 6 -1 -2 -1 1 0 -3 
-1 -1 -7 -2 0 1 0 -3 
-2 -3 -2 -5 -4 -4 -1 1 
2 1 4 2 0 -1 -1 -1 
-1 -2 4 5 6 -2 -1 -1 
0 -7 -12 -3 -3 2 -1 -1 
0 17 12 -4 -5 -5 -3 -2 
4 47 9 7 4 4 3 4 
-2 -9 -5 -1 0 -1 -2 -1 
-2 4 7 2 0 -2 -5 -4 
-1 -7 -4 9 2 5 0 -1 
-4 -17 -2 -12 -7 -3 -1 -3 
0 6 -5 -1 0 -2 0 2 
2 -2 1 -4 -2 -4 0 3 
-3 -21 -9 -9 -3 1 -5 -2 
-6 -22 -10 -4 -2 -4 -4 -6 
-3 -13 -3 3 0 3 3 1 
-3 -4 0 -3 1 -2 -2 -2 
-4 -5 -8 -2 -5 -4 -4 -3 
1 2 4 3 1 2 -1 1 
1 11 4 -4 -4 -2 -4 -3 
4 5 -5 5 -3 0 2 2 
0 -4 4 1 4 1 3 -1 
-3 -1 1 -5 -10 -1 2 1 
-2 -4 -3 -8 -2 -2 -2 -1 
-1 -1 -3 -6 -4 0 0 0 
-3 9 10 10 4 -1 -1 -1 
-4 -18 -7 -6 0 -4 -4 -4 
-3 -1 -5 -9 -5 0 2 0 
-5 -8 3 5 0 2 -2 -2 
2 -9 -4 2 -1 -4 -2 -3 
-2 -1 5 9 6 -2 -5 -3 
4 25 9 3 0 1 2 2 
-1 -5 -2 -6 0 -3 -4 3 
-1 -7 -4 -7 -2 1 0 -1 
2 3 -2 3 -1 0 -4 -1 
-1 -10 -9 -9 -2 -3 -4 -3 
-1 5 9 -4 1 0 0 0 
-2 -1 -8 -3 -6 -5 -1 2 
1 9 11 0 -2 0 2 -1 
-1 -14 -8 4 3 2 1 -1 
-1 3 4 -3 -6 -3 -2 -3 
-2 -13 -11 -6 -3 -2 -3 -5 
-3 -12 -2 -1 -1 -1 -1 -4 
-1 2 -1 5 -2 -4 -2 -4 
1 -2 -12 -10 -3 -1 3 14 
-7 -11 -2 4 1 -1 -4 -30 
5 25 12 11 2 2 3 4 
-1 1 2 -7 0 -2 -3 -3 
1 -2 -4 -4 -4 -3 -3 -1 
0 4 5 0 1 -1 0 8 
-4 -23 -5 2 4 -4 -3 -3 
-2 -4 0 2 -9 -1 -2 -1 
-3 -2 -3 0 -1 0 0 -4 
1 3 -7 -5 3 -1 -1 7 
-2 -1 1 -2 0 -1 -3 -4 
-2 8 4 2 0 -2 -1 4 
-5 -23 4 3 -1 1 -1 -4 
