#EMG
#0
#ID:0-55
-18 -11 -6 -5 1 0 -4 -4 
5 17 0 -13 0 0 -2 18 
-8 -14 12 13 -2 -2 7 -18 
19 23 -8 9 0 -2 -2 26 
0 -3 2 -8 -1 -1 -5 -18 
-8 -24 -34 -9 -2 0 3 17 
28 -12 -14 -7 -2 -2 7 -13 
-4 8 31 6 -1 -2 -4 -28 
-12 24 -6 4 0 1 2 -10 
-1 -8 9 0 -3 -5 -5 7 
2 10 -3 0 5 4 -2 5 
-6 -9 55 14 2 -3 1 7 
-1 -11 -65 -13 -5 -5 -4 -10 
2 -2 43 -6 -1 -1 7 -2 
9 -8 -1 0 -4 -3 -6 31 
-40 5 -1 9 1 -1 -5 -55 
-2 -33 -23 -18 -5 -2 -3 6 
3 4 -7 12 0 0 -6 16 
-2 -2 -20 -9 2 2 13 -32 
21 2 -8 -7 -1 0 -5 26 
-29 -7 13 -1 -1 -1 8 4 
-18 3 -11 3 -1 -3 -3 -55 
2 12 24 -8 -3 -3 -9 6 
2 -17 -20 6 0 -1 2 8 
7 13 36 2 2 0 0 -2 
0 0 -15 -3 -1 1 -1 15 
-11 28 39 2 0 0 -9 -10 
-11 -40 -31 -7 -3 -1 13 -5 
-6 -11 11 3 -2 0 4 -3 
39 3 -23 3 -2 -2 -9 3 
-11 -6 -3 -14 -3 -2 2 12 
-3 -5 -3 -7 0 0 -15 15 
3 1 3 5 -1 -4 5 3 
16 -10 7 3 0 -2 3 -23 
-20 1 -19 3 3 4 2 -3 
15 11 4 -9 -3 -4 3 -2 
2 1 -7 -11 -5 -3 -4 7 
3 -1 6 6 -1 -3 -6 16 
11 17 20 7 0 0 -6 -2 
-10 -11 -5 -5 0 -1 2 -4 
9 17 3 15 2 -1 -2 -5 
-14 -8 4 -14 -6 -3 -3 0 
9 3 -9 -5 -1 1 0 17 
-7 19 18 1 -2 -3 -3 1 
11 -5 -8 -4 1 1 -3 -9 
-25 8 25 7 3 1 -4 -22 
9 -22 -41 -3 -7 -7 4 34 
24 37 4 -2 -1 -2 -3 1 
2 17 16 2 3 4 8 1 
-19 7 -25 -10 -3 -5 -12 6 
13 2 20 3 0 -1 -9 -17 
-10 -18 -31 -14 -5 -4 3 -16 
-4 -24 -1 -3 -3 -1 -3 9 
6 14 24 10 -2 -2 4 3 
-4 14 -6 1 0 0 0 5 
-1 -18 -14 -4 -2 1 -4 17 
6 10 17 7 4 1 1 -7 
-4 -17 -13 -26 -5 -3 -5 -2 
10 -19 -7 14 -1 -3 -2 -8 
-21 6 8 5 0 2 3 0 
-28 -13 -4 -4 -4 -5 -16 -22 
4 2 -8 -3 1 3 16 29 
3 -5 -8 -5 -4 0 7 9 
-4 -17 -5 5 2 2 2 5 
-13 12 9 2 0 -4 -16 -20 
7 -25 -63 -17 -6 -4 -8 5 
-22 4 20 4 2 2 5 4 
0 -2 7 3 -1 0 7 2 
1 -5 -9 -12 -3 -1 2 1 
-3 -14 12 8 3 -1 1 5 
11 32 4 8 -1 0 -6 -21 
-14 -6 11 -14 -4 -4 -4 8 
16 9 16 -4 -4 0 -2 -2 
-20 -15 -11 4 5 2 3 9 
-16 -11 -28 -12 -5 -5 -10 -42 
19 -15 -6 2 0 0 -1 -6 
13 36 -2 -7 -5 -3 1 -3 
3 -11 10 15 0 -1 1 3 
-9 -9 -8 -5 1 -2 -8 -2 
-3 13 14 0 -1 2 2 11 
-3 -34 -44 -8 -4 -7 -13 -26 
5 3 10 -3 -2 1 5 20 
-17 -19 19 1 -1 -3 -2 -27 
12 11 -11 -4 0 -1 -7 9 
-13 -6 9 9 -1 -3 3 9 
-1 11 0 -10 0 -1 0 0 
6 9 0 -4 0 0 -6 1 
-13 -10 13 -3 0 -2 -11 -12 
-8 -7 14 2 -6 -2 10 15 
6 3 5 -1 -3 -1 3 -9 
0 0 13 3 0 -1 -10 26 
9 10 -2 3 -3 -3 -7 -33 
7 -15 -47 2 3 0 5 30 
-6 3 30 -5 -4 -2 2 -16 
-6 -15 -19 -21 -5 -2 -2 9 
-3 10 31 4 2 0 4 0 
17 -9 -53 -6 -3 -2 -6 10 
-12 20 31 10 4 3 -1 -20 
-11 -5 29 -6 -2 0 2 -3 
1 8 -1 15 2 3 -10 4 
-4 -12 2 -5 -4 -1 12 -5 
5 -41 1 -3 -3 -4 -13 0 
-3 35 31 3 3 1 13 3 
2 -10 -2 2 2 0 -14 20 
-23 -11 -1 -9 -4 -4 -8 -50 
1 18 2 3 1 0 2 2 
-14 -31 -18 14 -2 -1 -6 -4 
10 3 -8 -16 -5 -2 14 10 
8 12 -19 3 0 1 3 15 
3 -4 4 -19 -2 -2 -17 -39 
-13 -10 -7 20 1 0 15 5 
-1 3 -16 -2 -4 -3 1 2 
-9 -1 28 -3 1 0 -13 -2 
8 30 7 13 0 0 15 11 
17 2 -21 -19 -5 0 3 2 
-10 -36 -31 -3 0 -3 -18 -10 
-14 9 2 -3 -3 -1 14 -8 
-17 -19 -11 8 1 1 0 51 
-6 -7 -4 -14 -5 -4 -14 -81 
-12 20 -6 14 0 -2 10 -13 
11 -9 -5 -12 -4 -3 -9 13 
-4 -9 -16 3 0 -4 -15 -9 
11 0 -22 -10 -2 -1 18 30 
-13 -30 4 -3 3 2 -26 -24 
14 5 28 13 4 5 31 25 
10 -7 -10 -1 -3 -1 -3 -8 
-3 -2 -15 -7 0 -2 -4 22 
-14 15 -5 -2 -2 -2 -7 -15 
1 3 19 -3 0 -3 -10 11 
20 25 15 2 1 0 2 4 
2 -1 -5 12 0 1 9 -14 
27 12 -14 -20 -2 -3 13 60 
-29 -6 3 10 1 -2 -7 -42 
7 1 9 -11 -7 -3 -12 -20 
-19 14 3 11 1 0 0 -14 
12 -9 -6 -7 -1 0 18 17 
3 8 2 0 2 -1 -14 -4 
-8 23 21 9 -2 -1 13 7 
13 -4 -3 -2 0 -3 -23 -4 
-4 3 -5 2 -3 -1 6 -7 
10 -8 -19 4 3 3 -5 17 
-4 -13 -6 -10 -2 -2 4 -6 
-6 3 21 13 0 -4 -9 4 
-1 14 15 3 -4 -2 3 -6 
7 11 -36 -2 2 0 0 8 
-19 -31 10 0 -4 -2 2 -27 
13 -3 -21 -10 3 2 -9 8 
-1 0 24 2 2 1 2 -11 
0 21 -2 -6 -7 0 18 10 
1 -9 -49 5 3 1 -2 29 
-3 0 17 3 -2 -4 -7 -22 
-2 -12 -41 -10 -4 -6 5 -20 
-15 -45 12 2 -1 -5 -22 -3 
11 8 -5 5 1 1 1 24 
-29 -11 31 -1 -4 -1 1 -33 
37 12 -10 -6 -1 -2 -1 31 
0 -4 -5 -3 -5 -6 -19 -15 
-2 2 6 2 0 3 11 -2 
7 1 17 -10 -3 -1 24 26 
-8 -2 3 4 -2 2 18 0 
-5 6 -7 -3 1 0 -5 0 
14 -13 -3 6 0 -2 -12 -32 
-20 -11 -30 -1 2 1 -1 10 
-10 47 38 3 -3 -4 -6 4 
1 20 6 2 -1 1 8 -5 
-6 -21 -33 1 -2 0 -9 4 
20 -38 1 -17 -7 -6 5 16 
-16 21 -1 -7 1 2 -6 -8 
-9 11 24 8 2 -1 4 0 
24 20 -13 -5 -3 -5 -5 7 
-3 -5 -15 -13 -3 -4 -12 -15 
-9 -14 6 -2 -2 -1 -9 7 
-4 -10 -19 12 -2 -3 13 -40 
6 2 -46 -5 2 0 -11 16 
-6 -1 21 10 -2 1 21 10 
2 55 -32 -6 2 2 -4 6 
18 -19 10 -10 -1 1 -3 4 
-48 12 21 2 -1 -1 -5 -19 
32 24 9 -3 -1 0 -7 28 
-26 -38 4 7 0 -3 -8 -53 
-1 -5 -18 9 0 -3 -4 14 
3 -18 20 5 0 -4 -13 10 
-13 -15 -26 -21 -4 -1 6 -31 
-3 -11 22 13 3 8 20 7 
47 13 -31 -8 -2 -20 -95 6 
-45 0 3 -15 -12 -8 70 -36 
-4 -8 -9 0 1 -3 -18 8 
-16 -58 -33 -2 -9 -1 -3 -18 
7 10 -50 -7 1 1 -19 -15 
2 17 35 -4 -5 -7 -17 25 
8 -11 -15 6 4 0 -3 13 
18 26 20 -3 4 4 1 -7 
-33 -36 0 -15 -9 3 18 29 
-10 -14 -3 -1 2 2 -7 -41 
-2 1 -30 2 -2 -3 20 25 
2 -24 10 2 -3 -7 -25 -9 
-18 10 50 -5 -1 2 3 0 
8 -1 -26 -10 -3 -1 -17 -16 
14 12 27 16 1 5 20 26 
-48 -25 -49 -10 -1 -5 2 7 
29 39 4 -5 -1 3 33 21 
-11 -6 9 -2 0 -1 -11 -19 
13 -6 21 7 0 0 -29 -12 
-5 8 -2 5 -1 -3 0 -15 
-13 -3 -8 2 0 3 10 5 
5 -17 23 -6 -2 2 10 27 
10 11 -54 -2 -3 -10 -37 -13 
13 13 8 7 1 2 45 13 
-18 -31 26 -2 0 -1 7 -2 
26 8 76 3 3 2 -10 20 
-17 -9 -7 3 -4 -4 1 -11 
15 -17 -8 3 1 3 2 18 
2 7 40 -6 -4 -8 -22 -41 
-8 -7 2 -7 -3 0 34 10 
-1 3 4 -3 -5 -4 -49 -4 
-19 26 31 -1 2 2 11 3 
-3 -66 -40 5 0 3 27 2 
12 7 5 -4 3 6 10 13 
-19 -5 26 -5 -6 -5 -11 -25 
7 -9 -42 -9 -5 -4 -20 -20 
-5 -36 16 1 2 -3 12 38 
11 27 -75 -2 0 -3 -24 -43 
-16 2 -40 6 1 0 11 -37 
-2 -15 35 -25 -9 -6 -15 4 
-1 -10 -46 -3 -3 7 27 19 
-4 11 39 23 9 -7 -21 -2 
3 25 13 2 1 1 -6 5 
14 -4 24 13 1 1 4 -3 
-14 25 -85 -46 -7 -8 -15 -43 
-9 -12 -33 3 -5 1 8 28 
-16 -50 63 18 18 1 7 -26 
16 -19 -28 -24 -33 -16 -13 67 
-6 15 22 19 -2 -4 0 -57 
-6 -13 -61 -17 -3 -6 -21 -25 
5 8 25 20 3 7 21 15 
17 15 -52 -55 5 3 0 9 
-12 -18 -6 18 -3 -6 -6 12 
1 36 51 -23 6 2 0 -10 
-18 6 -20 6 -20 -4 4 -16 
14 0 35 43 10 0 -2 14 
4 20 11 -29 -2 0 -10 -32 
3 1 11 33 10 8 -14 19 
16 16 20 7 2 3 37 42 
-6 69 -1 0 -2 -4 -4 -20 
27 11 38 -18 10 6 -6 15 
-13 -22 8 7 -17 -14 -34 -61 
1 30 -20 -19 1 7 22 24 
-6 -25 0 12 1 1 4 -15 
10 -25 57 18 7 4 -2 37 
-29 2 -4 8 2 6 21 2 
48 -24 -37 0 -6 -12 -77 -12 
-16 7 27 32 6 1 59 15 
8 -7 -77 -55 -3 3 11 -25 
-10 0 -15 1 -5 2 20 5 
-46 -12 5 -17 -1 -7 -44 29 
1 -67 5 -8 -1 -2 -19 -60 
6 30 37 24 1 5 4 16 
-41 -46 -44 -27 -9 -4 16 24 
-14 -1 8 1 -9 -17 -27 -57 
-1 34 -8 -6 5 8 -8 15 
-3 34 49 5 3 1 0 -12 
-8 -37 -1 8 -2 -5 14 53 
30 -13 -46 -38 -11 -3 -1 -10 
-1 1 -8 12 10 1 -29 -12 
21 -19 -31 0 -24 -7 63 48 
22 2 21 12 9 5 -45 -12 
66 33 -3 -14 1 1 -13 24 
3 33 4 7 -9 -7 15 22 
-32 -65 -29 -3 -2 -7 -46 -44 
6 -3 -14 11 0 -1 4 16 
-9 39 -3 -2 7 8 20 -25 
9 -10 8 -6 -1 3 -27 -9 
-8 4 8 14 3 4 2 13 
24 -2 -4 -11 -10 -20 -36 -6 
-16 6 -33 -17 2 13 17 3 
1 -19 -32 4 3 -1 5 7 
-16 0 33 12 -5 -6 0 -10 
19 9 -2 -9 2 6 -5 -9 
5 15 9 17 3 5 23 36 
-23 23 16 7 3 -3 28 -9 
-7 -21 -31 -11 1 -6 -14 2 
10 68 11 -27 -16 -7 -23 -31 
-18 -31 8 14 2 6 34 45 
-4 -6 27 -4 -6 -2 -10 -28 
-15 -26 -3 4 1 -6 -30 -29 
9 -6 -17 7 5 -1 30 31 
-16 26 20 -6 -15 -6 8 -17 
11 -9 -15 13 9 2 -1 24 
10 34 -2 -20 -5 6 8 23 
-20 -59 -23 7 9 -3 -10 -17 
-6 -28 -30 -16 -14 -11 -15 -63 
-3 0 -1 -1 3 1 -17 3 
-11 -4 1 29 17 6 12 33 
-1 13 16 -20 -5 5 11 -9 
-8 7 40 43 1 -1 4 19 
-3 -3 -39 -8 3 0 -4 6 
6 45 -4 38 -6 -7 -6 -34 
43 0 37 -26 6 7 20 39 
9 -18 -13 10 9 5 18 40 
-33 -13 -21 -23 -15 -19 -53 -111 
-29 -15 48 -7 -3 -5 16 73 
-15 13 -44 11 -3 2 -7 -43 
15 -3 15 -12 1 -2 -10 -5 
13 1 36 12 -1 7 40 81 
5 -3 -11 6 -1 -6 -7 -46 
-7 5 -8 -32 -8 -1 3 -49 
-7 -13 -20 -35 1 1 7 11 
-24 0 29 13 -1 -1 -18 -11 
30 -40 1 21 -1 -2 2 -2 
-31 -52 23 -15 -11 -8 -5 13 
8 -8 -33 7 4 2 -5 9 
-13 4 -21 -9 -8 -2 10 19 
-4 9 8 -17 -3 -4 -20 -68 
5 -13 -22 13 3 2 12 24 
-17 -14 0 3 0 -3 -3 4 
3 20 34 -7 0 -2 -8 -23 
11 11 -28 -11 -3 0 -3 2 
3 -2 20 15 8 4 8 47 
-11 14 9 -4 -6 -5 -8 -28 
1 2 -34 -20 -1 3 -4 -16 
4 15 38 19 2 2 10 30 
7 5 -24 10 -5 -5 -7 -11 
-6 12 33 7 0 -1 7 27 
21 -13 -18 -9 -7 -5 -3 -5 
-27 14 1 -13 3 1 -3 -18 
-9 -3 -28 -12 -11 -7 0 -12 
5 6 11 2 0 -2 -2 -4 
8 -7 -3 1 -1 -2 -3 2 
-8 7 -11 6 1 1 8 10 
2 -7 18 19 8 1 -3 21 
-26 -17 -15 -18 -4 -1 -11 -37 
19 4 -9 -8 -9 -6 0 -9 
-11 -9 52 10 2 2 6 33 
13 -4 -38 -1 -5 -3 -6 -7 
3 13 26 6 2 1 2 -3 
5 36 -13 -4 -2 0 -7 28 
7 28 2 -8 3 3 -5 3 
0 5 -16 10 0 2 6 -27 
-2 -7 72 -19 -5 -5 1 16 
-7 -15 -31 -2 -3 -3 -6 -10 
16 -11 -18 -8 -5 0 6 22 
-26 -4 15 7 1 -1 -7 -13 
4 9 -18 9 1 -1 -3 -4 
4 -15 16 4 4 3 4 -1 
4 -16 -10 -1 -3 -2 -7 -2 
11 50 28 -16 0 -2 4 19 
-1 -22 -47 10 -2 -3 -1 -3 
-10 -21 28 -21 -8 -5 1 -7 
1 -22 -20 -4 -3 -2 -13 6 
-10 14 9 5 1 0 6 -16 
-8 9 3 1 1 0 6 -18 
5 -4 -5 13 7 4 2 37 
3 4 -14 11 1 -3 -13 -12 
-1 -29 15 -12 -7 -5 -7 -21 
-8 -16 -32 -23 -7 -2 10 40 
2 -2 41 9 0 -2 -9 -6 
-12 6 -37 -10 0 -1 -6 -61 
35 -24 -13 -3 0 1 -6 15 
-29 -8 20 6 -2 -3 5 -2 
4 23 0 -3 -2 -1 6 12 
1 10 12 1 -6 -4 -3 6 
-2 -36 -25 -2 0 -1 2 11 
-4 3 18 8 2 1 -9 -39 
12 -6 -16 -4 -2 -4 -4 46 
-23 -30 8 -20 -10 -7 -6 -74 
-8 -10 3 8 2 -1 -12 11 
25 13 -36 0 -1 3 13 24 
-39 -9 1 8 3 -1 6 -27 
10 11 -1 -20 -3 -2 4 11 
-6 -17 -1 4 -1 -1 -6 14 
4 3 0 -6 -3 -5 -7 -31 
22 9 -26 1 0 2 14 -1 
-13 -3 12 6 1 1 -1 23 
2 8 5 -2 -1 -2 2 -15 
-9 -9 -15 -4 -6 -5 -12 -5 
11 -3 -5 21 0 -1 -2 14 
1 16 33 -38 -4 0 3 17 
-19 -2 -13 -4 -1 -3 1 -8 
9 2 -2 20 2 -1 -1 42 
-2 -17 -1 -14 -4 0 1 -35 
-11 38 21 8 0 1 -4 -9 
17 39 10 3 1 1 0 25 
-10 -34 -11 -8 3 2 -1 -30 
5 2 22 0 0 -4 -6 14 
11 -12 -25 1 -1 -3 12 22 
-9 -2 4 -4 -2 -2 -1 -16 
0 -8 -8 2 1 0 0 0 
-13 -4 -9 -16 -1 -1 -5 -12 
13 6 9 7 0 -1 -5 4 
-10 -9 1 6 -3 1 2 13 
5 11 35 10 6 4 -3 1 
-8 -7 -53 1 1 -1 1 -23 
0 -17 33 -12 -11 -9 2 56 
-6 -4 -29 -5 1 3 1 -51 
-13 26 17 -4 -3 -4 0 -16 
1 -8 -6 1 -3 0 -7 7 
11 -7 -18 17 5 2 0 7 
-4 27 -27 -8 -3 2 2 -11 
-13 -22 -43 -30 -8 -6 -2 12 
-4 -8 37 12 2 2 2 17 
2 -5 -41 -5 -2 -4 -6 -33 
11 -1 6 -7 -8 -3 -6 25 
-5 10 2 13 0 -4 4 -5 
0 24 13 -10 -5 1 5 7 
-12 -42 -28 4 4 2 -7 -19 
14 -13 -13 -3 -1 -3 2 21 
-21 -17 -28 -6 -3 -2 -8 -21 
-5 26 20 -5 0 -1 1 -12 
3 -24 11 3 -2 -2 1 0 
0 27 3 -6 -1 0 2 21 
30 1 13 10 2 1 -4 -36 
-41 -27 -29 -24 -9 -8 -13 -31 
-2 -20 -14 5 -1 -1 -3 -5 
7 16 23 13 1 -2 2 12 
-11 -2 -4 -6 4 2 -5 7 
21 -2 -17 -12 -5 -4 1 -14 
5 6 12 12 2 1 8 27 
-18 -2 0 -7 1 -2 -3 -34 
12 19 29 7 -4 -3 -1 22 
1 31 15 11 2 0 -4 2 
-11 -13 -77 -20 -8 -4 -6 -11 
10 5 5 12 1 0 4 23 
-11 -2 -3 -9 -2 -3 1 -30 
12 -6 -2 7 2 0 -3 13 
4 7 45 10 1 1 2 5 
0 15 26 6 8 5 0 16 
-15 -26 5 -24 -10 -7 0 -51 
5 55 26 18 2 1 -4 22 
24 8 -7 -39 0 0 0 -7 
-51 -29 5 6 -1 -3 -3 -33 
-6 0 -7 -5 -2 0 -3 14 
12 -21 -12 1 -2 -2 2 19 
-1 8 -5 5 -2 4 2 -16 
4 14 7 -2 1 -1 3 27 
-1 -14 -1 -13 -11 -5 -4 -1 
-12 -17 6 2 2 -2 -5 -15 
12 -5 -47 -15 -5 -4 -5 15 
1 0 35 9 2 -1 2 12 
11 31 -20 3 2 5 9 23 
-3 -11 -11 0 -2 -3 -16 -25 
-15 2 16 12 0 -3 -6 -18 
17 -11 -16 -20 -1 4 -4 2 
0 -1 -4 20 6 0 9 15 
-10 -45 -19 3 -2 -4 -6 1 
9 87 68 -3 -3 -2 1 4 
-1 -10 -34 -6 -6 -4 -9 -1 
49 -20 20 10 8 7 1 12 
-49 -30 -24 10 -2 -1 2 -25 
-2 18 -10 -8 -3 -3 -5 -4 
5 4 9 13 -5 -3 5 -9 
0 5 17 -3 -2 -1 0 17 
16 21 3 15 2 2 4 14 
-2 -13 -29 -5 -3 -3 0 -25 
-1 -11 -4 -15 -6 -2 -7 41 
-27 -36 -41 -7 -1 -7 -4 -81 
6 -3 10 -9 -3 -1 -4 2 
-16 -31 -26 11 1 0 2 6 
3 8 15 -24 -1 0 5 -18 
-3 4 22 13 -2 -2 -5 44 
13 5 -3 -10 -2 -2 1 11 
-14 -44 -33 0 -1 0 -1 -20 
-8 -3 -1 9 -3 -3 -1 -40 
0 9 -20 -9 -1 2 -8 2 
-4 9 58 -11 0 3 6 -4 
8 -4 18 9 -1 1 4 22 
11 17 13 14 2 -1 -10 38 
-32 -3 -7 5 3 3 0 -97 
8 -28 -26 -10 -4 -3 5 19 
4 15 -2 -12 -1 -1 -1 24 
-3 -26 -12 -6 -6 -3 5 -30 
16 35 11 -9 0 -3 -9 33 
-15 -1 3 15 4 2 -3 -13 
28 5 47 19 -1 -1 3 15 
-44 -28 -34 -20 -1 -5 -1 -25 
14 28 16 8 -1 -3 1 31 
3 15 -11 -8 -3 0 2 -15 
-23 -25 -31 -22 -8 -5 -3 -9 
6 9 0 12 0 0 -7 14 
5 -31 19 3 -3 -2 -4 -7 
-14 -3 -50 -25 -6 -2 3 7 
6 -2 12 21 8 5 -3 14 
-9 10 -1 11 -6 -8 -5 -46 
19 17 -13 -17 -2 3 7 66 
-34 -23 -11 -5 -7 -13 -14 -49 
9 28 52 29 14 13 11 16 
3 6 -29 -16 -3 -3 0 -2 
-12 -9 17 15 -2 -2 -1 13 
17 -12 12 18 -2 -2 0 11 
-12 -13 -5 -27 -5 -2 -6 -20 
-2 8 -6 7 5 3 7 19 
15 3 8 0 0 -3 -6 -7 
3 -15 -31 -11 -6 -4 -8 12 
-2 7 15 9 -1 -3 9 8 
6 -2 10 5 2 3 0 3 
-15 -14 -25 -12 -4 -4 -8 -7 
4 11 3 8 5 0 -1 2 
41 77 31 17 6 3 8 37 
-24 -43 -14 -5 -5 -2 0 8 
-7 -7 -14 -23 -6 -3 -5 -71 
-11 -16 -20 -4 1 1 1 1 
0 -6 -41 13 -4 -6 -4 -5 
5 12 7 -50 -9 -4 -2 -2 
8 -1 -4 9 -1 -2 0 32 
3 -21 -1 -9 0 2 2 -26 
-9 -15 7 3 -5 -4 -5 9 
-1 -10 -2 11 -1 -4 -7 -66 
-18 -16 -50 -10 -5 -5 -6 -2 
8 8 17 -8 0 1 3 7 
-15 -31 -24 -14 -3 -2 -8 21 
13 -6 13 10 1 2 7 -13 
2 10 5 -5 -1 -2 1 14 
3 1 9 11 -1 0 1 0 
5 -6 -19 -20 0 0 -4 3 
-36 -39 13 14 -5 -3 -12 -62 
-8 -4 -3 3 1 -2 1 -2 
15 17 16 24 6 6 15 32 
-10 -36 2 -34 -7 -5 -21 -22 
12 9 -13 1 2 1 1 27 
-6 -4 0 1 -2 -1 -5 -22 
-13 -4 -12 -13 -6 -2 1 -4 
-10 44 39 12 2 -2 -7 -19 
11 -6 -15 -7 5 4 3 15 
-2 -6 3 3 0 1 3 13 
-3 0 1 2 -2 -4 -2 9 
-5 4 -19 0 0 -1 2 -17 
4 8 -14 -16 -2 -3 -5 -9 
1 14 11 17 3 1 -1 12 
6 -10 2 -15 -3 0 -2 -19 
-21 -16 -10 7 1 1 2 5 
12 -7 16 2 -4 -6 -2 5 
25 2 6 -5 5 9 2 31 
-28 -9 22 19 3 -3 0 -42 
-16 -40 -23 -19 -9 -8 -5 -4 
17 -1 11 18 1 0 1 78 
-18 2 5 -17 1 2 -2 -90 
16 16 29 19 4 -1 -9 22 
-4 22 33 -13 3 3 12 -14 
4 29 -14 -1 -6 -4 12 11 
-22 -2 -3 11 1 -2 -10 28 
23 5 8 -16 -5 -5 -10 -8 
2 -10 -33 14 3 1 3 -17 
-14 -11 10 -2 -2 -2 -6 -12 
-1 18 26 5 -2 -3 2 13 
-3 -2 -45 -24 -4 0 -4 -6 
13 -9 -40 -14 -9 -6 0 15 
-39 39 -14 -4 3 1 -4 -19 
16 -23 -14 2 -5 -3 -1 17 
-10 -21 0 9 0 -2 -20 -11 
50 3 6 2 0 2 34 66 
-43 -11 14 4 -2 -4 -12 -66 
-14 -4 13 14 4 1 4 25 
-2 -9 -24 -37 -9 -3 3 6 
-7 5 -16 -2 -1 -3 -16 -34 
16 -12 -27 -1 2 2 6 12 
8 -1 21 8 -2 -4 0 -3 
10 17 -33 20 3 2 2 15 
-24 -45 25 -14 -6 -5 -7 -16 
15 11 4 -8 -4 4 -1 2 
10 0 -17 10 12 0 9 -8 
-13 -15 15 -19 -4 -2 -2 22 
-6 -11 -2 4 0 0 -5 2 
14 -15 -32 4 4 -3 1 -51 
-15 4 44 3 -13 -2 -9 35 
11 -15 -30 -32 -6 -1 7 -51 
-43 -16 16 0 -1 -7 -8 14 
29 4 25 0 -3 -1 -11 -11 
-8 -18 -11 -4 1 3 6 -23 
-1 9 15 23 6 1 -1 13 
9 31 -28 -13 -12 -7 2 -21 
0 -23 18 -13 -4 -1 -3 31 
-4 4 -39 -9 -5 -3 2 -13 
10 15 20 9 3 3 -2 21 
-15 25 32 15 3 2 -6 -34 
-1 8 -15 -7 2 -1 2 36 
-6 10 -20 -20 -2 3 4 -25 
13 8 8 10 -7 -7 2 45 
10 -4 5 4 3 2 -10 -17 
0 -27 2 13 1 -2 8 16 
-20 -14 -2 -15 -8 -5 -7 12 
-13 -22 -11 -2 2 -1 -4 -27 
-1 -7 9 -17 -4 -2 0 4 
7 10 21 17 5 4 -1 -18 
21 30 -20 7 5 2 2 31 
11 -6 11 -13 -6 -8 -8 -29 
-11 -35 -20 3 2 1 4 1 
5 5 -7 -10 -2 0 -3 13 
-8 18 33 4 3 1 3 6 
-14 17 -21 -1 -1 -3 -1 -9 
18 8 -11 -1 -4 0 0 -14 
-13 15 49 1 0 -2 0 5 
14 43 -7 -7 -2 -6 -10 -11 
-18 2 -7 -3 -4 0 11 23 
8 9 3 4 4 -2 -16 -11 
6 7 -15 3 0 -1 2 3 
-20 17 -21 -3 -2 -1 0 -3 
14 6 7 4 3 4 -4 10 
