#EMG
#0
#ID:0-57
2 -3 9 23 2 -2 -2 -10 
8 -15 -8 -30 -1 -2 -8 2 
-4 -2 15 -9 -2 0 9 6 
-10 -14 -10 3 -1 -2 -1 -28 
-26 12 -2 5 1 -2 -5 -1 
18 -4 8 3 -1 0 12 11 
-9 1 -1 9 2 2 -4 1 
5 14 7 5 0 0 -7 -18 
-24 -15 -15 -18 -1 -1 10 0 
28 28 39 15 0 -4 -10 -4 
11 12 -6 -11 -4 -2 -4 18 
-5 -9 -12 5 1 -2 -6 -4 
10 4 30 2 -3 -2 -5 -3 
-29 -10 -15 3 5 3 11 6 
9 23 26 11 1 -3 -8 -33 
-11 -56 -48 -25 -6 -3 7 11 
8 31 21 10 0 -1 -7 -2 
-31 -9 -25 -12 -4 -3 -1 -4 
29 -13 17 11 -2 -2 -5 17 
-23 16 -1 4 -1 -1 -16 -17 
21 -17 -15 1 0 2 25 48 
-12 -5 -6 9 -1 -5 -3 -44 
-7 -3 3 -2 0 2 2 5 
-2 -10 2 -1 -4 -3 -14 -6 
-11 8 5 -12 -4 -2 2 5 
23 17 8 1 -2 -1 2 1 
-11 0 3 9 3 1 3 22 
12 10 -8 -10 -1 0 6 1 
17 -5 -23 7 1 -2 -9 -8 
-22 -4 27 4 0 -2 -5 -11 
-6 -20 -25 -40 -5 -4 -2 0 
8 13 7 8 2 2 8 10 
3 6 -4 -3 2 -1 -12 9 
20 -10 -13 7 0 -3 9 -30 
-10 -37 -21 2 -5 -3 -7 -4 
-7 15 8 0 2 2 9 38 
-4 9 6 0 -2 -3 -6 -59 
-7 -6 4 -7 -3 0 -4 6 
16 20 -10 3 -3 -1 0 19 
1 -11 -2 -3 -1 -3 -4 -40 
8 32 -27 -6 -3 -6 -3 12 
-5 15 7 10 0 3 -3 3 
-18 -3 -12 -12 -5 -3 -2 -18 
2 -11 -1 -1 -1 -1 2 19 
12 23 -9 -11 -3 -1 -4 6 
-7 -22 20 14 4 2 -4 -22 
13 -16 -41 -9 -1 -4 -6 20 
23 4 -2 -1 -6 -6 6 7 
-45 -19 14 5 -2 -3 -12 -47 
-3 -8 22 -9 -5 -3 4 -15 
-11 40 -3 17 7 4 4 -2 
16 -11 -1 -12 -3 -5 -15 -4 
11 9 6 3 -4 3 39 30 
-15 -7 12 4 -1 -2 -15 14 
2 -3 2 0 -1 0 -2 -26 
-7 14 11 7 0 -1 -2 5 
-1 -16 -4 1 2 2 -3 -15 
9 26 -14 -7 0 -2 0 6 
-6 -10 10 15 1 0 1 4 
2 -10 -22 -14 -4 -1 4 14 
15 -11 8 0 -2 -4 -10 13 
-22 -14 -21 -11 -1 -1 1 4 
3 5 -3 6 1 -1 -7 -20 
-1 -1 24 36 4 1 13 18 
-19 -3 -17 -50 -6 -6 -15 -28 
10 -1 -12 -2 -2 -1 -4 51 
12 7 18 -8 -1 -1 5 -14 
-14 0 0 2 -3 -2 -10 -45 
-9 -23 21 12 1 4 25 30 
1 0 6 2 -1 -2 -12 15 
-8 31 -13 -6 -2 0 -4 0 
14 52 22 -2 -1 -1 -1 -5 
14 -16 -21 2 0 -3 -4 5 
-3 11 0 -1 0 2 1 -19 
-11 3 7 -1 1 -2 0 -4 
-4 -2 -35 -15 -7 -6 -7 19 
1 -2 -8 13 2 1 -4 -48 
-9 -5 -2 -7 -1 1 2 14 
16 -13 -51 -13 -6 -5 8 0 
-2 -7 -3 2 1 0 -2 32 
-22 -1 16 22 1 -1 -2 -9 
-14 -7 -17 -13 2 3 9 -3 
36 -31 4 -17 -12 -11 -9 5 
-7 0 20 13 4 3 1 -2 
7 3 1 -12 -5 -3 -10 9 
7 -2 -13 14 -3 -4 12 -12 
-19 21 29 3 6 6 4 9 
10 -21 -13 0 0 0 2 23 
-30 4 6 6 -1 -2 -12 -51 
-5 -23 -8 -16 -4 -5 -5 -28 
-10 -36 10 0 -3 -5 -9 7 
6 49 31 3 -2 0 5 21 
3 -12 -22 -4 0 0 -2 -7 
12 7 28 -9 -4 -5 1 -1 
-55 -16 -5 9 0 1 -9 -18 
31 -22 6 -3 -2 0 2 -2 
3 8 -7 -4 -4 -5 -5 10 
0 -12 -20 13 2 1 -5 -8 
0 9 -11 -38 -2 -2 4 9 
-28 -11 -16 -8 -2 0 4 -38 
29 16 6 0 -2 0 2 36 
-6 -49 -24 4 0 1 -5 10 
-10 -3 14 3 1 0 -5 -53 
5 -26 -14 -7 1 0 7 17 
-7 21 5 10 -1 -2 4 4 
10 5 23 5 1 1 -4 16 
24 17 10 2 2 3 9 22 
-20 -39 -34 -4 0 1 -3 -4 
37 0 22 3 1 2 5 -39 
-21 -3 -39 -29 -6 -6 -8 21 
4 13 -4 15 0 -2 -5 -9 
-5 -10 -6 4 -1 -2 -6 -23 
8 -7 4 11 -1 0 3 41 
5 15 -20 -26 -3 3 19 28 
15 -13 8 15 -1 -1 -15 -30 
-5 -12 6 -9 -1 -3 4 2 
-34 8 -20 -2 1 0 -10 -7 
10 26 0 6 -2 -2 -5 -18 
-7 -3 3 3 3 1 6 42 
-25 23 -2 -4 -2 -3 7 -54 
9 -22 -31 -22 -3 -3 -6 43 
2 -7 15 24 1 -1 -11 -55 
20 15 -2 -5 1 1 11 18 
-40 -25 -15 -3 -3 -2 -12 -23 
13 20 -3 -10 -1 -2 1 25 
-1 1 27 6 3 -2 -6 6 
-12 -23 -41 -11 -3 -1 7 -27 
15 17 3 2 0 0 11 44 
-25 -14 7 0 0 0 -11 -53 
13 11 14 14 0 4 7 15 
-3 28 10 -4 1 0 -6 -4 
7 -13 14 -6 -3 -1 -6 14 
-19 -6 -9 -4 -1 3 -1 5 
35 8 -35 -5 -2 -4 -12 -13 
-34 -30 10 7 -3 -1 12 31 
-4 5 39 1 3 2 2 -24 
8 5 12 10 2 0 -10 0 
-19 -4 -4 -7 0 0 -10 -20 
30 54 69 25 5 2 6 29 
6 -5 -64 -22 -6 -4 -3 22 
-24 -8 -8 0 -3 -5 -5 -39 
20 -7 -7 -11 -5 -3 6 6 
-6 18 -6 4 2 -1 -14 -22 
4 -24 18 4 0 -1 1 14 
38 19 14 -8 -2 1 27 35 
-79 -34 -21 22 -3 -5 -7 -21 
12 -16 -38 -20 -5 -3 4 1 
10 8 9 9 -2 -3 -23 -28 
-15 3 -28 -26 -7 -7 -7 12 
5 -3 18 7 0 0 5 0 
3 -7 4 5 -2 -1 0 0 
-6 12 -6 10 2 -1 -5 -6 
16 -1 16 15 -1 1 -1 34 
-10 -1 -9 -7 0 -1 2 -35 
3 -12 8 -6 -6 -4 -10 13 
8 -21 -36 -10 -2 -2 -14 -26 
-20 2 58 4 0 0 16 9 
29 -14 8 5 1 1 15 26 
-46 -46 -40 -3 -6 -6 -9 -1 
-14 -3 -10 -15 -6 -4 -1 -21 
-2 -17 -12 17 0 -1 2 -3 
-1 5 27 -39 -5 -5 -9 10 
8 -1 -18 5 1 3 13 -29 
6 21 -9 8 -1 -3 -7 13 
-14 -10 -9 -12 -6 -4 -14 -26 
10 -7 -28 -5 0 -1 2 20 
-9 10 16 -4 0 0 4 -2 
4 20 -15 15 -2 0 1 0 
8 15 36 -3 1 0 2 16 
10 -3 -56 -12 -5 -3 1 15 
-25 -12 21 8 -6 -7 -17 -29 
-6 -3 19 -28 3 4 5 11 
6 -44 -43 -4 -5 -6 -11 -31 
-34 16 7 10 1 0 4 -23 
33 14 -13 16 1 -2 -9 15 
9 -36 -7 -21 -8 -6 4 13 
-15 1 -5 6 -1 -2 1 -4 
-4 5 -7 -10 -4 -1 0 14 
-14 21 -6 15 3 4 18 -18 
4 18 70 5 -1 -5 -17 -12 
4 -22 -19 -16 -2 2 -3 13 
2 18 -36 -9 -4 -4 -8 -40 
9 -19 17 3 1 -2 -6 25 
-12 0 -15 5 0 5 20 -3 
33 26 28 9 0 -3 -5 31 
-10 -31 44 15 0 -1 -5 3 
-21 7 -31 -22 -1 1 -15 -16 
-4 -42 -2 -15 -6 -2 9 13 
7 16 -4 10 2 1 7 23 
3 -13 41 7 -1 0 7 -34 
2 -33 -14 -11 -7 -7 -54 -3 
18 34 4 19 2 1 60 -20 
-19 -19 -12 3 3 -3 0 1 
-50 19 76 5 1 -1 -10 -29 
25 -20 -7 -17 -1 -2 -28 25 
-42 15 -7 9 0 -3 36 -29 
1 -15 -19 -6 1 1 -13 -11 
21 -18 -16 -15 -4 -2 -24 19 
-5 -19 -43 2 2 4 20 -9 
-14 -19 22 8 5 5 5 15 
38 24 22 -22 -5 -5 -46 14 
-44 -48 -39 8 -6 -6 -10 -53 
10 35 24 7 0 5 43 17 
33 22 -21 4 1 1 -7 15 
-42 -9 56 0 4 1 -29 -55 
37 7 -40 -5 -1 -1 3 31 
37 13 65 37 1 -1 49 54 
0 58 -36 -54 -6 -2 -9 -39 
-9 -28 -39 2 -1 -4 4 -6 
9 13 -1 11 4 2 -17 14 
-21 -14 -23 -10 0 1 11 -21 
3 -16 27 22 0 -4 -25 -2 
-17 -4 -46 -6 -6 -2 8 3 
0 68 5 -20 -3 2 17 5 
-5 -31 0 -4 -3 -3 3 -8 
10 -43 -17 5 1 2 -25 15 
-2 17 -27 -2 -2 -6 -23 -22 
10 -35 -4 3 3 5 17 -20 
-14 28 43 -7 -3 1 35 21 
6 8 -16 -6 -7 -7 9 28 
19 -9 -14 9 7 6 12 -11 
20 29 19 24 4 1 6 40 
-25 -44 -67 -57 -11 -6 -56 -49 
-2 -1 9 3 1 2 8 -8 
-7 -6 11 -4 -5 -6 14 15 
-20 19 28 6 4 3 1 -35 
9 -23 -37 11 -4 -8 -23 39 
1 10 30 13 2 3 4 -26 
3 5 -1 -6 -6 -2 4 11 
22 19 32 -6 1 -1 -16 22 
-40 -7 10 14 3 3 -2 -25 
3 -8 32 6 -7 -6 -7 9 
-11 -56 -26 -11 -6 -8 0 14 
18 18 -6 -6 0 2 29 16 
16 5 21 1 -4 -5 -10 -6 
-25 -24 7 30 0 -9 -36 -10 
-4 19 21 -64 1 9 28 25 
-14 -78 -27 15 -1 -3 -10 -25 
10 16 19 2 6 0 -3 -16 
-1 -1 -27 16 2 -1 -27 -1 
14 -15 14 11 -2 2 33 40 
-16 -29 -11 1 -8 -4 -9 -20 
-22 15 -47 -34 -5 -4 -7 -33 
11 23 -75 -3 -4 0 -8 -10 
-22 12 10 9 1 -5 -9 -21 
-11 -7 -54 -38 -12 -7 4 28 
23 43 65 16 13 5 3 25 
-10 -28 -8 -37 -2 1 -1 -13 
-12 -20 -39 8 -14 -1 0 -27 
42 29 -6 2 0 -5 -5 32 
-41 -5 -17 0 2 -5 -3 -19 
-4 30 20 -20 -3 -2 -7 -13 
19 -30 9 30 4 2 -7 -12 
-7 32 81 2 4 3 10 50 
13 37 37 69 4 -2 -11 -29 
-8 9 5 -75 -6 2 24 -23 
7 5 8 17 -3 -4 -24 2 
53 39 24 22 3 0 14 44 
-17 -51 -66 -46 -17 -8 -21 -46 
-11 -9 24 26 1 -6 9 15 
-15 29 47 30 6 6 -7 -22 
-6 -56 -25 -7 7 1 30 20 
4 12 42 -20 -9 -2 10 -9 
31 31 -12 26 3 -3 -30 3 
22 -31 -14 -16 -2 -3 29 39 
-5 -1 -27 22 4 -1 -19 -31 
49 28 1 -24 -11 0 6 66 
-61 -19 29 28 3 4 14 7 
17 35 -62 -23 7 6 0 37 
-6 9 12 -10 -11 -11 -12 -72 
13 -21 -47 7 -2 -3 4 40 
58 41 48 -59 7 6 3 -41 
8 52 -4 60 -7 0 0 32 
-17 3 29 -1 6 2 -34 11 
-48 -24 -14 -29 -5 -3 38 -113 
-37 -24 -61 19 -8 -10 -45 62 
34 14 27 -8 3 -9 -18 -97 
-57 -3 -52 -43 -7 6 58 64 
80 15 66 48 3 1 -25 86 
-31 6 27 25 -1 5 19 -55 
-11 -48 -21 3 4 -11 -36 -25 
5 28 -3 5 -11 -11 -51 -27 
-12 15 19 19 3 8 27 61 
-4 -10 -51 -12 -7 -4 31 0 
-3 -29 -3 -48 -2 0 -1 7 
7 1 46 43 9 8 12 -16 
3 43 -23 21 5 0 -40 -2 
35 -26 25 -12 9 13 66 54 
-4 2 16 -4 -5 -7 -21 -35 
-27 -40 -31 -20 -5 0 6 6 
-31 -29 -18 -14 -2 -2 8 -12 
38 -11 -18 17 0 -1 -34 -16 
-25 13 6 8 2 5 14 12 
-11 -16 -3 -43 -12 -13 -7 -25 
-6 -26 -63 -1 -6 0 -13 8 
12 -1 0 6 -1 -5 -12 -5 
-5 7 4 4 1 1 11 12 
10 -16 -32 -5 -1 -3 -21 -16 
2 -2 -5 -29 -5 -3 14 0 
-19 -39 -35 -3 3 -8 -24 23 
-21 -1 -54 -33 -30 -6 17 -16 
7 7 29 23 9 6 0 -3 
-14 -30 -26 -3 4 2 0 -16 
-2 48 71 -3 -8 -9 -10 -14 
-9 -35 -31 -6 10 -2 -4 3 
-2 -23 -64 -21 -18 -5 0 -12 
-9 -25 17 12 -4 -7 -2 14 
15 20 5 10 3 7 -2 2 
14 22 14 -49 -3 -9 2 6 
-51 -29 12 7 -13 -6 -18 -29 
19 13 34 -22 1 2 12 39 
-6 -8 -15 4 0 -3 -1 -2 
-6 27 64 44 15 9 -3 -15 
24 -5 -18 51 3 1 -2 33 
10 23 54 -16 -7 -5 -6 -54 
-44 44 32 2 -1 4 7 -21 
22 -12 3 17 9 2 -1 9 
-8 0 -14 -60 -1 -4 -13 -16 
4 8 10 45 4 -1 -4 23 
79 60 7 -14 5 12 21 52 
-81 -12 17 36 -4 -8 -25 -92 
37 30 -7 -5 -5 -2 15 72 
18 -21 -53 -39 -6 -5 -13 34 
11 -10 60 10 -4 -4 -5 -59 
3 -21 -31 -8 2 6 21 41 
-36 3 5 4 2 0 5 -17 
8 8 52 8 4 0 -11 -27 
-7 -17 -37 33 1 1 6 61 
5 11 37 -18 -11 -9 -24 -31 
10 0 14 8 6 2 1 -36 
-22 -12 -26 -4 1 0 6 3 
-4 -16 5 -21 -6 -7 -11 16 
-6 -16 -14 -10 -7 -4 0 2 
51 41 25 31 7 3 6 47 
-32 -36 -55 -23 -11 -9 -7 -40 
3 -18 -43 -20 1 3 -4 27 
-17 -6 27 16 -3 -1 6 -61 
7 -9 20 2 -1 -1 -10 -4 
-34 -6 3 -8 3 2 6 -19 
-23 -21 -8 -2 -3 -5 -10 2 
27 4 -47 -23 -5 -2 8 60 
-19 -47 11 -1 1 -1 0 -4 
15 4 -3 24 9 4 6 -11 
-18 -9 58 -5 -5 -6 -15 -23 
-2 14 6 -16 -1 0 3 15 
-7 19 -6 20 3 6 11 1 
14 -2 -59 -8 -4 -8 -7 0 
-7 13 36 7 -1 -2 -6 -12 
3 30 8 -3 5 9 5 16 
32 -11 -2 -13 -9 -4 4 30 
-20 0 20 2 -1 2 7 24 
4 -14 -27 -13 -8 -7 -9 -17 
-24 -23 0 7 -1 -3 -8 -33 
-35 4 0 -11 -2 -3 12 -14 
62 13 46 8 1 3 -11 23 
-26 -22 -56 15 0 -3 0 -23 
9 1 10 -22 -3 0 9 39 
-2 -20 -20 6 3 0 -11 -16 
-30 13 35 5 -1 0 -3 -29 
53 -1 -31 4 2 -1 0 22 
-9 18 20 11 -1 2 16 40 
7 10 -11 -19 0 -1 0 9 
-36 2 -38 -3 -5 -9 -18 -93 
-3 -15 -8 5 2 2 2 34 
-9 -13 -34 -1 -1 1 3 9 
4 11 12 -8 0 -1 -3 -8 
7 -9 -8 -4 0 2 9 35 
-3 32 -7 1 2 0 4 34 
8 11 26 14 1 -5 -15 -62 
-14 7 -10 -4 0 -1 -3 -19 
0 -47 -29 -5 -4 0 -1 12 
-12 -7 7 0 0 -4 -2 -1 
23 5 14 -1 -2 0 4 19 
-6 11 6 7 4 3 -1 -14 
-16 11 12 1 -1 0 -3 -19 
-9 -45 -6 -7 -8 -7 -3 14 
5 -8 -20 15 0 0 0 -6 
8 -3 -28 -35 -4 -4 -5 -5 
-1 3 32 -1 -6 -3 1 11 
-25 -12 -26 -5 -1 -1 -4 -26 
-20 2 -6 -3 -4 -2 -1 33 
6 -5 3 3 -2 -6 -23 -15 
17 6 -1 7 6 4 24 45 
11 18 5 -1 -2 -1 0 -23 
-26 -19 14 -19 -3 -4 -6 -28 
23 3 -22 -4 -7 -4 2 24 
-12 0 10 -1 2 1 -3 5 
16 4 -10 9 -1 1 0 -17 
11 27 38 6 4 2 2 5 
-18 -6 5 -6 -3 -1 -1 3 
2 -14 4 -10 -6 -7 -9 -21 
-20 16 26 5 2 3 5 4 
33 -31 -35 -17 -7 -4 -3 -26 
-3 0 14 17 5 3 0 9 
9 -6 -14 -1 0 0 -5 5 
-31 -3 9 2 1 -1 7 -9 
10 4 -14 1 0 0 1 36 
-38 -33 3 -2 -1 -3 -4 -65 
17 70 12 0 -4 -3 -6 31 
-2 -11 -20 -6 -2 -1 -4 -8 
11 8 -14 4 0 1 5 18 
2 -11 -27 3 -3 0 5 27 
3 10 21 -3 4 2 -3 -32 
0 -12 3 5 -4 -5 0 13 
-25 -9 -13 -1 -3 -2 -3 -28 
3 -7 -23 4 3 0 -5 20 
1 -5 31 19 1 -3 -2 0 
-18 4 -16 -43 -9 -3 -5 -14 
52 -23 -11 -7 -1 1 7 51 
-48 -8 -10 -8 -5 -6 -4 -62 
9 -5 -18 -1 -1 -1 -1 29 
2 7 -24 15 0 -2 -5 -20 
-3 -31 38 6 0 1 5 36 
2 30 42 -3 0 1 -4 -17 
-8 -5 10 2 3 2 1 7 
-14 -25 -31 0 -7 -6 5 -29 
11 13 10 2 -3 -6 -5 38 
8 -23 15 2 2 1 3 13 
-19 -2 -6 -3 0 1 -2 -30 
10 4 23 5 4 2 -1 24 
-21 26 -33 -11 -3 1 -1 -28 
9 -7 13 15 0 -1 3 10 
3 5 -31 -31 -10 -4 -2 16 
12 3 23 6 -4 -2 -5 -22 
-15 10 -11 -5 -1 -5 -3 -3 
-5 -32 4 -1 -1 -1 -1 -4 
6 -11 -8 3 2 -1 3 16 
14 8 15 4 1 3 2 5 
-12 2 -34 8 6 1 -3 -28 
6 20 -5 -26 -6 -2 1 11 
2 -7 -20 -3 -4 -2 -3 -12 
-12 -23 -3 -5 -3 -3 -5 -6 
-2 17 11 5 2 3 6 -11 
3 1 -4 3 -1 1 -1 15 
17 15 45 11 5 4 6 6 
-16 -3 -7 -14 -7 -6 -9 -23 
-3 -3 12 5 3 3 2 35 
19 13 -12 1 -6 -3 1 -30 
2 11 7 -4 -2 0 2 -36 
-2 -1 -11 -3 -5 -6 -9 9 
2 -4 10 1 3 2 -2 8 
3 13 3 1 2 1 9 21 
-10 12 -19 2 1 1 0 -12 
27 19 27 17 5 2 4 20 
-7 -18 -54 -30 -8 -7 -8 -38 
-8 18 19 5 3 3 0 8 
3 -9 -31 -3 -7 -3 1 19 
1 20 -1 -3 5 3 0 -2 
-5 13 -23 12 -2 -2 0 -11 
18 -13 34 5 -1 -3 -5 14 
-15 9 -9 -10 -3 1 -2 -18 
10 -5 -4 -1 0 1 6 69 
2 4 4 -7 -4 -2 -5 -66 
-21 4 -16 -3 -5 -5 -6 -16 
3 -19 4 6 0 -3 1 -5 
-8 -13 -18 -9 0 1 -1 10 
-16 -8 27 4 3 3 5 9 
18 26 -2 2 0 0 0 -12 
-3 1 17 8 -2 -3 -4 20 
16 -2 -1 -23 -5 -3 1 5 
-24 4 -25 -7 -7 -7 -18 -55 
-22 -13 -2 3 -2 1 13 9 
-8 4 -16 0 -2 -3 -3 10 
-10 7 1 8 4 3 -2 -12 
10 -4 18 2 -1 3 7 15 
13 0 -12 -8 -1 -2 -14 23 
-34 -11 -19 -5 0 1 -9 -50 
-9 -28 -4 1 -7 -4 13 -8 
-4 -25 7 -10 -8 -7 -12 6 
16 9 9 9 3 -2 -2 7 
-10 -38 -8 -1 1 0 2 1 
-6 -64 -6 6 2 3 -8 -13 
-2 -9 36 -2 -4 -1 6 11 
1 9 -10 -7 0 -1 1 -8 
29 -10 -6 7 -6 -5 -5 18 
-12 3 -14 -2 -5 -4 -10 -24 
-2 45 -11 -24 1 0 0 -9 
2 -25 -20 -12 -7 -4 -4 14 
16 15 9 11 2 1 1 -4 
-8 37 20 2 -4 -1 -2 13 
1 -6 -14 4 1 1 2 5 
4 60 10 9 5 4 -4 -24 
-4 -1 20 -5 -1 2 11 23 
5 -6 -33 -7 -1 -4 -3 -1 
19 7 11 10 -2 1 5 16 
-11 -36 -21 -11 -6 -7 -13 -11 
4 6 14 0 1 1 2 4 
-30 5 27 2 3 4 2 -24 
56 -14 -22 -8 0 1 2 52 
-33 -14 -14 -1 -3 -1 2 3 
-16 14 -12 -11 -7 -6 -8 -50 
-11 0 9 0 -3 -5 -4 -11 
-7 -19 5 6 0 0 3 11 
14 -6 -2 3 4 2 -2 -28 
-25 -23 13 0 0 -1 -8 39 
16 19 -12 -11 1 0 10 0 
-22 -11 11 2 0 -2 5 7 
-3 -6 -20 -1 -3 -1 1 -18 
0 -6 25 9 4 0 2 -7 
5 -16 26 10 2 0 -18 11 
8 26 -11 -14 -6 -6 2 3 
3 9 -32 -1 0 0 4 21 
-16 3 -17 -3 -3 -2 -1 -26 
6 11 4 4 -3 -2 -4 1 
9 4 -12 5 0 -1 -3 5 
-7 20 -1 14 -1 -2 -2 -21 
-4 -14 13 -31 -4 -1 -1 -2 
-1 1 -34 -13 -4 -5 -4 -52 
-27 -14 21 5 -1 -2 -6 -10 
34 -3 11 7 0 0 1 24 
-3 -4 -24 17 2 -1 1 10 
10 7 25 -9 4 8 10 16 
-41 -38 4 -12 -9 -6 -4 -20 
10 0 2 -6 -4 -6 -6 -20 
-4 -5 -6 8 -2 -2 3 -4 
3 7 -3 -1 -3 -4 -11 12 
22 -27 16 11 3 2 1 16 
-15 -29 -19 -2 2 3 5 -5 
-32 -10 -22 -16 -8 -5 -7 -28 
12 -2 -17 5 -3 -5 2 10 
29 1 3 -4 -3 -3 -8 35 
-15 -2 13 -6 -2 -1 -3 -35 
27 18 7 5 4 3 4 10 
-36 -2 -26 5 4 2 -1 -13 
6 15 12 -4 0 3 9 9 
7 -12 20 -8 -7 -8 -3 -12 
-8 9 -20 8 0 -1 1 19 
5 -3 6 -34 -7 -5 -4 -6 
-14 41 -30 6 2 2 -5 -19 
9 -44 -12 11 2 1 -6 27 
19 -31 4 -2 1 4 4 0 
-8 -21 -40 0 -4 -7 5 46 
-27 11 10 4 2 2 -7 -61 
4 -1 -2 -17 -6 -5 -3 27 
-14 -2 -31 -2 -5 -6 -6 -10 
13 -46 20 9 2 3 2 12 
23 -7 9 1 1 0 5 -21 
-31 7 -1 -3 -3 -3 -2 8 
15 -24 -2 -12 -3 -2 1 20 
-4 10 -11 -3 -3 -2 -4 -13 
-3 -7 6 17 1 0 -4 11 
3 25 16 -9 -3 -1 -7 -5 
-4 -53 -14 -1 1 0 7 30 
17 -3 0 -9 -1 0 -2 -38 
-20 -20 -7 4 -3 -3 8 -2 
11 0 -17 -10 -1 -3 -4 13 
-20 39 28 -14 -4 0 0 -30 
6 -3 -10 16 -3 -5 -7 5 
9 -7 7 -7 2 -1 -2 19 
-7 19 25 10 6 6 3 12 
4 29 44 4 -4 -2 2 -7 
6 20 -12 -2 -1 0 0 10 
-19 -19 -26 -6 -4 -3 -3 -18 
-25 -8 -12 2 0 -1 -2 -10 
14 22 16 -1 -2 -2 -2 -3 
-9 29 22 9 2 3 3 -13 
19 -4 -29 -3 -1 -3 -3 70 
-1 -7 6 -3 -1 -3 0 -84 
-14 3 -26 5 4 2 -5 -4 
10 -6 20 -6 -4 -3 1 15 
-20 0 -16 -3 -1 -3 -4 -22 
31 -25 20 0 0 0 1 28 
8 54 26 13 8 4 -6 -1 
-9 5 25 -1 -3 -4 11 -9 
19 14 -31 -5 0 3 4 5 
1 31 3 5 -5 -6 -7 19 
-3 -19 -3 -15 -5 -4 -7 -15 
-32 -44 -22 -4 -1 2 -1 -6 
-14 -5 17 14 2 1 -1 15 
-6 8 8 1 -3 -2 0 -36 
13 -3 -29 -9 -3 -5 -2 5 
2 -26 -37 -20 -4 -4 -5 -2 
-6 -6 -6 4 -3 -1 -2 2 
-13 1 7 -1 -1 1 3 11 
16 9 12 5 2 1 2 23 
-3 8 31 -2 1 1 -3 -13 
-25 -6 64 -1 -4 -2 -6 -45 
-5 0 -47 10 1 1 8 20 
-16 -16 -14 -25 -8 -7 -12 -24 
-8 2 10 5 1 5 15 5 
26 16 8 1 0 -3 -6 -4 
-18 -21 29 -10 -2 -1 4 34 
14 -16 -6 0 -5 -5 -3 -7 
-4 -6 -2 13 0 0 -2 -27 
-8 0 24 0 1 -2 -14 -12 
-8 -10 -38 -2 0 1 0 13 
-6 11 -21 6 -4 1 4 5 
11 -2 -4 -14 -4 -4 -5 16 
9 -33 -41 -18 -9 -9 -3 -19 
16 37 38 -5 -3 -2 -5 5 
3 -4 10 12 2 2 1 6 
-11 3 -24 1 -2 0 -2 -19 
-24 0 -21 -1 2 1 3 0 
-1 -1 17 -2 -1 -2 -11 -25 
-2 5 15 -5 1 -1 3 -3 
0 13 -38 0 0 -3 -4 17 
9 1 -5 -13 -3 -1 0 14 
-15 -16 -15 -1 -2 0 3 -35 
-5 -9 -35 5 -2 -1 -1 4 
28 10 21 7 -1 -1 -5 15 
