#EMG
#6
#ID:6-35
-4 -2 6 13 0 -2 -14 -2 
-9 -12 -17 -16 -1 -5 -6 -17 
4 20 28 6 1 2 -6 4 
-2 -1 -21 -5 -5 -7 -2 -1 
-13 -8 0 -4 -3 1 -8 -16 
10 -6 0 3 -3 -2 -1 9 
21 4 -2 11 1 2 -10 12 
-38 6 -11 -9 4 -5 7 -27 
16 -6 13 8 -3 4 -4 -4 
13 6 -20 -1 0 0 6 17 
-1 26 3 -10 -4 -3 -7 -11 
8 -14 10 6 1 -1 -9 9 
3 -6 -20 5 7 2 6 4 
-3 15 33 -6 -2 0 -25 -24 
1 -8 -8 7 3 3 36 8 
16 -9 -13 -5 -1 0 -16 15 
-13 0 4 2 -3 -4 10 -22 
9 -4 2 7 2 2 1 11 
-14 -4 -2 -5 2 -2 -3 -1 
22 -9 6 1 -1 -2 -3 2 
-7 -12 -7 2 -1 -2 -7 28 
-20 1 3 -5 -3 1 34 -13 
12 -7 8 3 -3 -9 -34 -13 
4 7 -14 -2 6 2 3 1 
-1 -20 -25 -13 -17 -11 -12 -12 
-14 -15 -11 1 -1 -2 4 11 
-2 14 20 5 -3 -1 -10 5 
3 -8 -8 1 -5 0 5 0 
-20 -1 13 -18 2 -5 -8 -19 
4 12 -43 -4 -2 -1 2 26 
-10 -9 -12 -13 -3 -1 -7 -48 
-1 -4 -9 0 0 -3 -16 5 
7 4 30 13 2 3 18 1 
-1 0 8 4 -1 -2 -7 -2 
-5 -2 -2 -5 -4 -6 -2 14 
1 10 -1 -7 -2 0 5 -2 
-3 -20 11 0 -1 -4 -11 -9 
17 1 -7 -3 1 0 -6 6 
-18 -18 -7 -1 -5 -3 -8 -18 
8 5 7 0 0 3 25 13 
16 12 2 3 3 1 2 6 
8 -15 -8 4 2 0 -7 -22 
-44 -2 0 -1 -2 -1 -5 -10 
-2 0 10 -7 -8 -2 -5 -4 
14 -1 5 9 5 6 -2 7 
-3 12 9 -17 -7 -8 -12 6 
8 14 -13 2 2 2 12 11 
-7 -15 -7 -19 -3 -2 0 11 
-1 -8 -1 10 1 -1 -16 -30 
-5 26 15 1 -2 1 16 1 
7 -12 -6 -1 -4 -2 1 15 
-14 6 0 2 0 -4 2 2 
1 -9 -25 -3 -2 -1 -4 -14 
0 5 3 1 -3 -3 -10 1 
6 7 1 0 1 1 8 11 
8 1 3 -2 -2 -2 -7 -3 
-17 -1 -3 -4 -2 -2 0 -1 
0 7 -7 4 0 1 4 -2 
7 -25 7 1 -6 -4 3 8 
-19 -8 -3 2 0 -3 -13 -14 
-8 4 -5 -2 6 -1 -5 22 
-6 4 2 -11 -12 -3 -2 -34 
16 -20 -23 -2 1 3 13 25 
-5 4 31 1 -2 -8 -35 -61 
-8 -2 3 5 8 5 14 21 
22 -12 -17 -5 -1 -2 2 14 
-8 8 8 -18 -3 1 6 -3 
-6 -12 -32 2 1 -3 -14 -4 
8 24 36 4 -8 -5 -1 5 
-6 -28 6 6 3 0 -4 -3 
-1 12 -42 -5 -2 -1 -8 -13 
7 0 -22 2 3 3 1 12 
2 0 42 1 0 1 8 -15 
-11 -14 -10 -3 -1 -2 -4 28 
15 -4 2 -1 -5 -8 -46 7 
-42 -10 -13 -11 1 7 73 -11 
21 12 -18 -6 -8 -6 -16 -5 
-42 -46 6 8 3 -2 -23 -20 
1 -3 -14 -7 1 6 19 14 
23 13 41 -4 -6 -6 -10 25 
-17 -10 -8 -2 -1 0 -5 -12 
17 25 -5 5 5 -1 -2 -14 
-15 -13 -11 8 -2 -3 1 2 
16 14 19 7 4 5 16 36 
3 -43 -31 -13 -5 -1 11 -20 
-17 22 -15 -6 -1 -9 -31 -27 
-2 -19 26 3 1 0 -1 -10 
1 -1 -14 -3 -6 -3 4 2 
10 4 4 8 6 4 -4 9 
-4 -46 12 -15 -1 0 18 11 
-14 -20 -34 9 5 -2 -29 -46 
2 -2 18 12 -6 1 -4 2 
-3 -14 -38 0 -8 -6 -1 -12 
16 21 14 -14 5 7 -2 10 
-5 21 37 5 -1 -3 27 25 
6 -40 0 -6 -4 -6 -8 -18 
-3 62 -21 1 -4 -3 8 21 
21 6 -3 9 0 1 7 0 
-9 26 67 0 -2 -2 -19 6 
4 4 20 10 3 0 -11 4 
-3 -11 -21 -17 -3 -3 -3 -41 
-13 13 -25 5 -6 -2 16 -3 
4 -11 -18 1 -4 -1 -6 -12 
-8 16 6 -3 -4 -5 15 51 
25 26 36 13 6 1 -12 2 
-41 -30 -10 -14 -3 -5 -35 -7 
9 -14 13 3 -1 6 74 12 
6 23 -8 -6 4 -2 -61 -33 
-4 -37 -15 4 -2 3 34 22 
-6 -35 16 5 -7 -8 6 -4 
0 6 -23 -5 0 -8 -58 -15 
-17 15 -7 5 7 2 -24 26 
-8 -17 5 -3 -6 3 25 -32 
11 2 -31 -10 -6 -3 -5 -5 
-10 19 26 1 -2 -3 -10 -12 
15 20 -10 0 9 0 -8 -8 
-25 -91 -64 -8 -5 -2 -6 19 
18 55 52 10 0 5 24 11 
-3 13 -85 -9 -3 -2 2 17 
-1 -11 56 -21 -6 -8 -19 -21 
-10 8 -2 -19 -7 -11 -27 -9 
-10 -22 9 14 -2 1 5 -13 
29 8 -22 -5 2 3 42 7 
11 -32 -37 5 -2 5 31 17 
0 17 9 0 2 -4 -16 -36 
-10 -6 16 -12 -7 -9 -18 8 
-20 -36 16 12 4 5 3 -3 
-4 -21 -40 2 3 2 14 -16 
38 94 47 2 -1 8 17 63 
-2 16 -35 3 1 -1 -16 -29 
-10 -36 12 -1 -2 -3 -18 -23 
-10 -28 -39 -21 -14 -10 26 -2 
-3 6 34 -1 1 2 -9 5 
17 12 -38 -3 2 4 5 0 
-8 22 54 4 3 1 -1 -15 
-18 5 12 22 2 0 -22 16 
-19 -27 -4 -43 -17 -12 3 -9 
7 15 50 4 1 -2 -1 62 
19 5 19 23 14 6 -11 -54 
-9 -62 -59 -9 -16 -8 -9 -14 
-1 38 -2 11 9 1 1 -9 
7 6 -19 -10 -6 5 15 26 
6 21 -36 -14 -2 -4 -4 19 
1 7 71 14 3 -4 -22 -24 
5 11 56 17 7 3 19 4 
-8 -31 -58 -22 -13 -6 -22 -29 
-9 -6 5 4 -5 -2 25 40 
16 -12 9 19 7 6 -1 9 
-17 3 -56 7 19 3 -2 -23 
24 44 63 22 -16 -3 13 17 
-22 -30 -10 -7 -10 -4 -4 -35 
-1 2 3 -25 1 -1 2 -1 
-3 -13 -5 -20 -6 -7 -23 8 
-7 -11 13 25 12 7 3 -12 
15 26 -6 0 -2 -2 4 12 
4 2 15 -6 -1 1 13 20 
-20 -8 3 11 -3 -3 -22 10 
-3 -40 -13 -8 9 3 -2 -41 
3 2 3 -2 -5 -1 -7 12 
-11 -10 -67 -1 5 -1 11 -16 
20 23 28 -7 -8 1 4 10 
-24 -17 -14 -16 4 3 -3 19 
7 -4 -23 -2 -12 -10 -20 -18 
3 24 1 17 -6 -2 35 5 
-29 -51 -35 4 -4 -6 -2 -5 
32 4 -8 15 9 -1 -15 43 
-15 -5 -17 -4 6 3 5 -50 
-9 19 6 -55 3 4 -30 -18 
-9 -1 19 20 -1 -1 -51 -36 
54 -40 2 -23 -1 -5 19 -10 
-68 -21 -7 38 -8 -10 15 65 
-20 21 34 11 1 3 -12 -39 
-35 -15 -42 -34 -6 1 27 41 
-16 13 8 12 -2 1 -61 -52 
44 9 19 4 4 -9 -25 -9 
24 -2 12 -16 -10 18 118 91 
30 0 7 15 4 -20 -57 14 
-27 19 1 0 3 2 -28 0 
5 4 -5 -30 -5 5 -9 60 
-16 30 -3 18 -5 -9 48 -55 
10 4 2 -8 5 15 -32 -56 
12 -14 -38 -2 -5 0 80 45 
-6 2 4 -16 -4 -4 -22 -33 
-4 -28 -17 -4 -3 -6 -26 11 
7 -20 4 14 4 8 24 19 
-11 -5 20 4 1 -8 5 -26 
-5 17 2 -7 7 14 21 3 
0 -8 -4 11 -3 -10 -55 -9 
4 -5 16 -8 -6 0 28 7 
-10 37 38 20 9 3 1 10 
-9 -21 -28 -40 -15 -3 -12 -60 
9 17 47 17 5 5 -33 -13 
6 -22 -38 -10 -21 -21 11 17 
-19 -39 1 2 7 0 5 -8 
13 1 14 -16 -8 3 13 19 
2 -11 30 3 4 -5 -24 -8 
4 53 -25 -9 -16 2 23 14 
-4 -10 43 1 -2 0 -1 -2 
2 13 -64 0 -16 -17 -10 9 
-25 -37 -14 -38 -4 -1 -20 -32 
18 10 22 11 17 10 19 36 
3 25 3 -4 -4 1 -4 -19 
0 7 -1 46 2 -5 -6 13 
-5 -31 -14 -17 -2 0 8 26 
-6 -15 -14 -30 1 -6 -21 -44 
-21 5 0 19 -8 -5 -3 -38 
4 -6 43 41 13 5 5 37 
-7 10 -39 -7 -2 2 4 19 
-7 -6 31 14 3 0 1 -22 
14 -6 -81 -52 0 -4 -7 40 
8 -7 19 32 -8 -5 1 -39 
-16 14 -7 26 -1 -2 0 15 
5 8 -3 -31 1 1 -31 18 
21 9 11 7 -3 -1 28 7 
-13 -6 2 -14 2 0 3 2 
31 13 -15 -4 0 -1 -3 27 
-54 -15 14 33 1 -1 -2 -71 
31 10 -12 -14 -1 3 -6 37 
-5 -16 3 -29 0 -7 -4 -22 
2 7 -2 13 0 -3 -10 4 
19 -6 -2 -3 -6 -1 10 49 
-22 1 3 -2 -4 -6 -15 -51 
-24 -14 -21 -24 -3 1 18 -16 
24 14 16 12 5 -1 -11 25 
14 6 -1 23 2 5 8 -9 
-14 -20 -18 -17 -9 -9 -13 -14 
-11 0 16 -6 4 3 -1 18 
9 6 -17 -8 -5 -5 -2 -32 
5 -8 25 6 4 2 6 35 
-7 -5 -5 11 6 3 2 -3 
-4 1 7 -16 -9 1 -5 -14 
2 -14 -21 -9 -5 -4 -8 -7 
-4 14 -9 -1 -1 -3 2 3 
-7 -11 5 5 -5 -4 -5 7 
14 0 -18 -15 -1 -4 2 29 
0 22 27 3 1 -1 -14 -41 
-19 -21 -27 7 -3 -2 1 -21 
4 6 20 12 1 3 7 28 
0 -4 -39 -17 0 -1 -9 -12 
-8 11 8 -4 0 -3 2 -6 
10 -26 4 -5 -4 -3 -8 12 
-21 45 20 9 6 4 14 2 
4 -30 -25 -1 -2 -3 -7 -15 
1 4 41 1 -1 2 3 12 
-17 -3 4 4 1 -2 -10 -68 
23 -1 -20 -16 -10 -4 -3 55 
11 20 18 8 9 5 6 -5 
5 -6 -24 -3 -5 1 3 29 
2 -3 -3 -11 -4 -5 -1 -28 
-11 -20 -33 -9 -3 -2 -5 -5 
8 11 23 3 -1 -1 -2 12 
-5 -7 -11 2 1 0 0 -13 
0 23 8 3 2 2 5 27 
3 -7 11 0 -2 -2 0 -18 
-1 -5 -9 -4 2 0 -7 -7 
-22 -23 -3 12 -2 -1 -2 -13 
-7 -6 -22 -4 -2 -4 -15 -9 
-7 9 25 5 0 4 6 -12 
-9 -40 -38 -10 -7 -7 -11 -22 
12 19 17 0 1 0 -18 7 
1 0 -27 -6 -2 -3 22 1 
8 -20 -25 -2 -3 -3 -4 -11 
4 30 58 5 1 1 7 18 
-7 -16 -26 -2 -3 -5 -10 1 
2 -6 -2 11 -1 1 -1 -13 
7 -1 6 -15 -1 -3 -6 -2 
7 8 4 4 6 2 5 4 
-20 -19 -34 -10 -12 -8 -4 -8 
8 13 30 2 5 3 -8 12 
-10 -6 -6 4 -2 -2 2 3 
3 -11 -4 1 -2 3 13 9 
-23 7 29 9 8 3 -4 -8 
2 -33 -28 -11 -7 -4 8 -18 
-14 -4 -2 -1 -2 -9 -36 -51 
-10 7 4 -6 -1 -2 8 23 
18 35 56 16 7 4 14 6 
7 -9 -75 -24 -13 -4 0 16 
5 -3 16 -3 -4 0 -3 2 
-11 7 -12 -4 -5 -6 -7 -19 
11 -4 -5 -1 -3 -3 3 11 
13 12 17 1 3 2 1 11 
-2 0 2 4 5 2 2 12 
-7 -9 7 11 1 1 -12 -17 
-3 -8 -12 -13 -4 0 8 0 
1 2 18 2 2 -2 -4 2 
-15 -15 -36 -12 -7 -4 2 -2 
12 -5 24 16 9 7 11 27 
3 -17 -34 -2 -7 -5 -13 -50 
-10 6 15 3 -1 0 5 12 
7 -8 6 6 1 -1 2 4 
-13 -14 13 -2 1 -2 -18 -10 
10 5 -18 -6 0 1 17 31 
4 -1 21 6 -4 -2 -7 -7 
-2 14 5 -2 -3 2 9 10 
2 8 -7 -7 -2 -3 -8 -9 
3 -2 -16 1 -6 -3 0 -6 
-5 18 9 -4 -1 -7 -12 -13 
-9 -9 6 7 4 3 1 10 
6 1 -4 -7 -10 -3 -3 -1 
-9 -19 -6 -14 -3 1 11 -1 
-3 13 -4 -5 -3 -5 -9 10 
3 13 4 16 -1 -2 -2 -5 
-7 -2 -10 8 4 -1 -11 -38 
-1 -17 -20 -13 -5 -5 8 6 
-4 0 8 1 -2 -1 3 14 
0 15 18 0 -1 -4 -19 -14 
4 -12 16 7 3 6 23 36 
1 7 -8 -12 1 2 -11 -21 
-7 -8 -4 9 3 -1 5 -14 
6 9 -6 -5 -6 -4 -5 -3 
3 14 9 -2 -1 -1 0 13 
-1 -3 -2 4 3 2 6 4 
-10 1 14 8 1 -1 -10 -18 
-8 -25 -46 -14 -7 0 2 -1 
-5 7 4 -8 1 -6 -3 -24 
-8 -11 9 1 -4 0 1 9 
3 -21 -15 16 6 2 -2 -10 
-2 -1 36 5 4 4 9 -13 
9 -11 -42 -15 -10 -7 -7 11 
0 11 36 18 8 2 -2 -3 
-3 -17 -6 -6 3 1 1 24 
8 5 -1 -1 -6 -4 3 3 
0 21 29 6 6 5 -4 -8 
-13 -13 -30 -24 -13 -12 -10 -9 
13 18 29 5 -3 -1 -2 16 
-11 -10 -29 -8 3 2 4 -15 
3 19 27 6 4 1 7 8 
-1 3 6 2 -4 2 -2 8 
-2 -13 -11 -5 -7 -8 5 -13 
3 10 45 4 2 1 0 6 
-11 -23 -70 -19 -16 -11 -12 -11 
-2 4 18 26 6 4 0 -17 
8 -4 -25 -42 -8 3 -2 15 
4 19 17 14 4 0 1 5 
1 0 16 -6 3 6 6 11 
1 -3 29 6 7 -6 -11 -2 
-13 -24 -51 -8 -15 -6 0 -6 
-7 1 -6 -19 -6 -2 1 -4 
3 -6 16 18 4 -1 -5 11 
5 22 -38 -13 -4 3 4 0 
-1 2 19 7 5 3 2 0 
-4 2 -11 8 5 -4 5 -12 
-5 -12 4 -5 -8 -10 -30 -7 
2 16 45 6 3 0 -5 -17 
-15 -7 5 -6 2 -1 2 2 
-4 -19 -50 -10 -12 -8 -4 1 
8 8 -5 15 12 7 15 15 
-8 -28 -17 -25 -19 -6 -2 -2 
11 18 26 9 6 1 -12 6 
-6 -6 -1 2 0 0 3 -4 
1 7 -1 -17 3 1 2 -1 
1 -1 -11 16 10 -1 -5 2 
7 0 6 10 -4 7 10 8 
-8 -21 -4 -14 -7 -1 -7 -9 
-4 -2 -49 18 0 -3 2 -7 
-4 -4 -12 -26 -9 -5 -8 -7 
1 2 -7 -4 2 -1 0 28 
0 4 17 2 4 2 1 -14 
-2 -6 -1 4 -7 2 -1 -8 
3 -2 -1 8 1 -3 -1 15 
-5 -1 -10 -8 -1 -5 -5 -24 
2 -15 -14 -15 -10 -3 2 15 
7 37 31 2 -1 -1 4 -3 
-15 -17 -42 -12 -5 -3 -5 -2 
1 -3 11 2 -6 -3 -1 0 
1 6 5 -4 4 0 -4 -5 
2 5 11 10 3 5 5 7 
-2 1 11 -7 -6 -4 -4 -4 
1 4 -15 -12 0 2 1 -6 
-3 -5 -13 6 0 0 0 0 
-2 2 20 -3 -1 -3 -2 1 
3 -4 23 15 5 4 1 -3 
1 11 -5 -2 0 -1 1 -3 
-1 -10 -28 -14 -5 -3 -2 1 
-2 -11 -9 -3 2 -1 -2 9 
4 3 -8 2 2 1 1 -6 
-3 -2 13 5 -12 -4 -3 -15 
-1 5 18 4 7 6 3 3 
-6 -10 -2 -3 0 -4 -1 -5 
10 3 -4 8 5 0 3 21 
-8 -5 -7 -11 0 -2 -4 -4 
-2 4 3 8 -3 -3 -4 -5 
-7 -19 -28 -13 -9 -6 -5 -5 
1 3 24 15 7 3 1 4 
-1 -4 -22 -17 -1 -1 -1 2 
-1 7 19 -3 -1 -5 -3 -1 
1 5 -24 -12 -2 0 -17 4 
15 6 8 3 0 2 23 -6 
-3 3 3 -10 -4 3 12 -1 
7 4 -11 -4 -3 -6 -34 -16 
-13 -2 10 7 -3 -2 40 12 
-20 -8 -14 2 -1 0 -13 -18 
3 5 2 6 1 2 -4 8 
0 9 11 4 3 1 15 5 
14 -4 -3 -5 -4 -2 -39 -22 
-14 -3 10 2 -2 1 28 13 
-12 -4 1 6 -3 -6 2 -9 
-6 6 1 9 1 1 -6 11 
29 2 3 -14 -1 0 12 -2 
-1 -8 -6 -9 -3 -2 -10 -8 
9 -6 -5 19 1 -2 -30 1 
-24 0 -14 3 -2 2 17 6 
-33 -21 -17 -33 -5 -4 -7 7 
9 0 -5 0 4 -3 -11 -5 
-1 -5 -5 3 -3 1 15 4 
10 -20 -9 -2 -4 -2 -49 -26 
0 -1 7 4 -3 1 51 17 
-4 -3 14 8 5 -1 -2 -8 
4 -17 -27 -11 -12 -4 -2 11 
-4 -32 -31 -3 -9 -7 -3 -16 
-6 -4 3 6 1 3 -12 -13 
3 10 -7 -19 -6 -7 -21 -13 
-8 1 -4 22 4 -3 -8 12 
13 -5 8 -5 -2 -3 38 19 
-25 5 3 5 2 5 3 -20 
6 6 -10 -3 -4 -3 -7 1 
1 14 26 2 5 -2 -41 -17 
-18 -3 -4 3 -1 -7 31 7 
15 4 -4 -10 2 1 -7 34 
-14 -1 -2 6 1 7 1 -25 
11 -11 2 -18 -5 -3 1 -10 
6 13 10 12 8 5 -12 8 
7 -10 -8 10 -1 0 1 -2 
4 -1 -28 -16 2 2 4 22 
-32 -7 26 -18 -14 -9 -4 -26 
10 -5 13 19 3 2 3 12 
-17 -8 -8 0 -8 -9 -18 -24 
6 -7 -12 -31 -5 2 -2 5 
11 9 -9 16 11 2 12 14 
3 15 16 -7 3 4 1 0 
0 2 15 3 -3 -2 -3 1 
5 -13 -10 3 -3 -5 -6 45 
-16 -4 -4 -1 0 -1 -5 -78 
26 6 -3 -8 -6 4 17 -1 
-8 16 12 -2 2 -6 -36 6 
-9 -14 10 13 -6 -3 23 -5 
-27 8 -7 1 -2 -1 36 13 
16 38 6 6 4 4 -11 61 
17 0 -6 -1 2 -3 -10 -46 
8 7 10 -21 -5 -3 -9 -16 
2 -6 -24 -6 -1 1 -10 -1 
-8 -8 0 14 4 0 -4 9 
0 6 -42 -26 -6 -2 7 -24 
-15 4 58 9 -2 -3 -10 -10 
7 -26 -1 -3 -1 -2 -27 -21 
-6 -11 -6 -14 -2 6 46 54 
13 1 8 14 -1 -3 -9 -20 
0 -7 -26 2 -3 5 -28 -25 
-26 5 -2 -6 -6 -12 39 42 
-30 -34 4 -1 0 -3 -20 -21 
12 21 12 4 -3 0 3 6 
-5 -49 -20 -15 -3 2 13 6 
25 13 30 14 4 3 -20 -26 
-18 14 -5 4 -1 -3 -14 -30 
12 -20 -16 -11 1 -1 10 36 
9 14 -20 -4 1 -2 -10 -3 
8 4 42 -5 0 2 2 25 
-12 -1 -2 -7 -5 -7 -9 -35 
-13 -3 -21 29 6 1 -8 4 
3 17 43 21 -3 -3 2 8 
-3 -22 -22 -17 -5 0 1 2 
9 20 -65 -27 -7 -1 3 -21 
-12 -18 75 13 -1 -8 -4 8 
8 71 -38 29 -3 2 2 2 
-2 -19 46 -27 -2 -2 7 16 
-5 -30 -51 -5 -1 -5 -20 -26 
-9 -13 -13 -9 -6 0 4 1 
-8 -15 -5 4 -1 -3 6 -10 
3 20 -1 10 -1 -2 -5 13 
11 6 4 -19 1 1 2 1 
-4 -4 24 29 3 4 2 -4 
-3 0 2 -26 2 -1 0 4 
10 1 -30 10 8 4 -2 0 
-5 -5 48 16 7 -1 -8 -15 
-7 9 -55 -43 -22 -4 1 -18 
-8 -17 7 -9 1 -1 1 12 
0 19 15 13 4 5 6 26 
-1 -15 -35 7 10 -6 -1 -3 
-5 2 -4 -12 -13 -5 -13 -19 
-1 1 -4 -13 -8 -3 -1 -2 
-1 4 -25 2 3 -1 -4 -2 
3 15 21 -2 -4 4 6 21 
2 -4 4 4 9 5 -2 26 
2 -15 -12 14 -2 -5 12 -16 
-14 -40 -58 -53 -9 -6 -1 -13 
7 10 7 0 -6 0 2 19 
-12 -4 -1 -8 -1 -5 -16 -25 
-6 -12 0 5 7 -2 -9 -3 
12 23 49 29 3 1 -1 8 
-3 -19 -19 -9 -1 -6 -6 -10 
-1 -9 -20 -23 -12 1 14 19 
9 4 16 12 3 3 10 25 
4 13 28 15 4 2 -1 -15 
5 -2 4 -10 -5 -3 -10 -5 
-17 -11 9 19 9 -3 7 6 
-9 -3 2 -3 -8 -5 3 -40 
6 3 -16 -5 -5 -2 -23 6 
-2 9 27 37 1 0 5 -8 
5 -3 8 -25 3 2 8 15 
-4 -6 -15 -23 -4 0 -4 6 
4 -10 -1 15 2 -1 3 -2 
10 -2 10 -3 -3 -4 -37 -5 
1 -1 -4 14 0 -2 52 -10 
16 4 -6 -9 -1 -3 -8 4 
-27 -1 -10 -1 1 -1 3 2 
-1 -30 2 10 1 2 -7 -25 
14 9 -2 10 1 -1 -10 38 
-5 2 14 13 -3 -4 -5 -46 
20 -1 -24 -1 -3 1 7 3 
-22 0 4 -17 -7 -7 -6 3 
-1 5 21 20 0 1 -1 0 
2 2 -14 -14 3 0 5 6 
-4 -11 -4 5 -5 -5 -12 7 
10 13 4 -7 2 3 13 8 
-1 10 20 20 2 -5 -13 -34 
-3 3 -39 -39 -14 4 2 10 
-1 7 13 9 -1 -6 -16 -14 
-2 7 11 -4 -3 -3 13 14 
3 -4 9 15 6 -1 -18 -7 
-1 -6 -16 -8 -3 0 16 24 
-2 12 3 -11 -1 1 4 -25 
-3 0 -8 -19 -7 -4 -13 -4 
-13 -18 -13 -3 1 2 -7 32 
-9 -6 18 14 0 -3 -16 -37 
-9 -8 -24 2 2 6 23 2 
12 -4 3 2 -3 -5 -15 -19 
-7 21 17 -8 1 8 43 3 
5 -2 6 1 2 -6 -28 32 
27 3 -12 -10 -6 -2 1 14 
-2 -10 6 -6 -2 1 10 -11 
0 -9 -11 -3 0 -1 -22 -10 
2 9 41 28 3 0 2 2 
-12 -19 -12 11 -1 -1 2 -13 
-3 10 1 -6 -2 -1 1 2 
2 18 -26 -18 -7 -6 -13 -13 
-5 0 27 29 3 -1 0 5 
-4 -11 -26 -45 -7 -6 0 -2 
-5 9 11 7 1 2 0 12 
1 -13 -10 14 10 0 0 -7 
0 0 1 -11 -13 0 10 1 
15 -3 18 17 7 2 -16 16 
-17 -2 -24 -18 -6 -11 -6 -2 
-9 -26 -6 -20 -6 -5 -17 -29 
-2 -14 6 10 8 2 17 -2 
-9 9 20 8 -1 -2 9 -5 
10 -3 -12 1 -2 1 6 12 
26 -12 -4 -7 -1 -2 1 20 
-23 -12 -23 -7 -4 -6 -29 -34 
5 9 4 -1 -1 3 8 3 
-10 -11 20 10 3 1 8 -10 
-3 -2 -30 -34 -10 -1 7 15 
8 -1 -10 -2 0 -3 -6 8 
-5 10 13 5 -3 -4 -3 -2 
-1 2 -17 -2 -3 0 10 -5 
-8 4 -15 -34 0 0 -21 -11 
-5 -14 -4 -15 -2 -3 -1 4 
-9 -6 -4 15 5 -2 -26 1 
2 5 16 16 1 3 33 -4 
-4 -1 3 -7 -13 -7 -1 -10 
-2 3 -15 -3 4 2 16 5 
12 4 -8 -6 3 0 -12 11 
2 2 13 1 1 0 -12 -6 
-5 -6 3 9 0 -3 -2 9 
8 4 10 -5 -9 -4 8 -3 
-27 -10 -4 5 1 0 3 -14 
15 2 -14 -21 -5 0 -13 2 
-8 -1 -7 0 -1 0 -7 -12 
-2 1 11 8 3 0 2 14 
13 -5 8 13 2 0 10 11 
-10 -8 -5 -18 -5 -6 -26 -25 
0 -12 -46 -14 -5 2 30 4 
1 12 44 6 7 3 -9 5 
-7 -5 -19 0 -7 -3 6 -7 
-16 -11 -2 7 -6 -4 -1 2 
15 26 32 4 -1 -3 -11 -3 
12 30 -15 -14 -4 0 1 0 
-16 -12 -20 0 -3 -3 -6 -34 
1 12 31 11 6 5 10 10 
-7 -6 -13 -16 0 -4 -28 -15 
-9 -6 -17 6 -3 -3 6 8 
3 2 6 -12 -5 -1 1 10 
-5 7 -18 -3 -2 -5 0 -6 
9 -1 38 44 4 2 0 6 
13 -8 -31 -34 -1 0 -14 -2 
-25 -5 -1 -8 2 3 2 -1 
5 -2 5 8 0 3 11 -4 
-4 -5 -13 -8 1 -2 -10 2 
-6 -16 -2 5 -6 -4 -7 -11 
13 27 25 1 1 1 15 26 
-6 -15 -49 -1 3 1 -16 -4 
-2 15 45 8 -1 -1 24 0 
-1 -6 -17 5 -4 -1 -5 6 
6 2 -9 -8 -2 -7 -4 5 
-8 8 12 -4 -2 -3 -7 -14 
9 -10 -9 5 5 1 -2 -16 
-16 3 -14 1 4 -1 -2 0 
5 -14 -14 -14 -9 -2 -1 -4 
-9 -5 6 1 0 -2 1 2 
