#EMG
#5
#ID:5-56
5 -8 -7 0 3 -6 -1 2 
19 19 -5 -13 -1 1 -7 4 
4 -16 -4 14 -4 -1 7 7 
-7 -1 -2 -5 -3 -2 -2 -55 
0 8 -2 -1 3 1 -13 21 
2 -6 -6 -5 -6 -6 -7 3 
3 3 13 7 5 8 10 21 
2 -5 2 7 -1 -5 -15 10 
-35 -7 -34 -40 -7 -12 -43 -26 
27 -11 2 6 -5 -2 13 8 
-21 6 9 8 3 1 -11 13 
8 0 2 -8 -9 -3 10 -34 
1 -2 7 17 3 6 1 1 
-10 0 8 5 2 -6 2 -2 
-5 2 -13 -4 1 4 -12 -1 
30 0 -7 2 -8 -4 -14 26 
-35 -11 0 3 0 -3 9 -43 
-9 -4 -5 -4 0 5 6 -4 
0 -6 21 2 -3 -5 2 2 
-9 7 3 6 5 1 -12 0 
17 3 -21 -16 -2 4 10 -7 
34 1 13 17 1 2 -8 59 
-39 8 32 -5 1 -2 -4 -45 
-7 -9 -40 -16 -7 -7 -2 -11 
-14 6 6 13 2 2 7 -6 
2 8 1 -5 2 -2 -16 -6 
-1 -4 -6 1 7 0 -18 7 
24 2 -7 -10 -11 -1 18 59 
-1 -2 -5 -5 -5 -4 -1 -30 
-19 18 1 12 3 -2 -11 -24 
5 -8 2 3 -1 -1 1 2 
-7 15 30 2 4 -4 -6 19 
-11 -6 -3 14 0 4 -1 0 
-8 2 6 -23 -2 5 10 -24 
-21 -19 -23 -1 -6 -6 -1 24 
30 -2 7 7 2 1 8 9 
17 -7 -8 2 -3 -2 -9 7 
-7 3 2 -11 -2 -1 2 -11 
42 13 3 -1 3 5 14 27 
-70 -8 0 18 2 1 -39 -84 
27 -2 -1 -22 -3 2 34 89 
-29 -14 -7 -3 -4 -6 0 -29 
-2 0 -10 8 -6 -1 9 -18 
13 -5 6 -31 -4 -7 -8 -5 
8 7 5 22 5 2 -28 13 
0 -9 -5 8 2 2 -7 -1 
-8 -19 -2 -24 -10 -8 -3 4 
-9 -10 -6 10 3 4 16 10 
-11 6 5 -6 0 -6 -5 -26 
18 -3 3 -9 -4 3 7 36 
-45 -2 8 13 4 3 -17 -85 
50 4 -11 0 -3 -9 -12 29 
-24 -9 -19 -4 0 -3 -4 -8 
24 -15 4 1 -7 0 -2 0 
11 -1 -7 -17 -1 2 10 23 
-81 5 11 5 3 7 15 -8 
15 -9 -6 -1 -1 -4 -11 6 
-13 -2 -17 -8 -7 -3 0 -46 
0 -4 0 9 -1 -9 7 4 
31 4 -3 -19 -2 3 8 39 
12 -6 13 2 0 -4 -19 -22 
-47 -14 -27 -5 -1 0 16 -12 
21 2 3 3 -3 -1 -4 13 
11 20 -5 0 0 -6 -24 -9 
12 15 12 -12 -2 5 24 -6 
12 9 23 30 11 11 17 19 
-15 -7 -28 -21 -8 -14 -8 14 
-2 -5 22 10 1 3 -3 2 
11 13 -4 -9 -2 -1 -13 -5 
3 6 -2 9 1 -5 24 15 
-17 4 -4 -2 2 5 -22 -16 
11 -12 -5 -14 -7 3 66 9 
-17 -3 -4 4 -4 -10 -25 -27 
-10 1 -17 1 5 2 -8 23 
8 6 20 -5 -4 -2 -4 -3 
19 -5 -16 14 -1 4 -2 8 
-15 2 17 6 -1 -4 4 29 
9 -13 -24 -9 -4 -5 -3 -25 
-20 -12 -1 -1 0 -2 -25 -12 
30 2 11 -6 0 0 9 -11 
-12 -8 0 -2 -2 -6 -52 16 
-26 -33 -18 8 -3 -1 3 -38 
57 33 38 34 6 4 5 87 
-61 -21 -40 -48 -5 -6 -18 -43 
23 -19 -27 -14 -9 -7 5 -3 
-8 6 30 -6 -1 -3 -6 -7 
-22 -11 -23 23 4 0 -7 -26 
48 20 20 20 3 -1 25 46 
-23 19 4 -5 1 5 16 -32 
-2 -14 15 -13 -8 -7 -30 29 
14 -16 -64 -13 0 -1 3 -15 
-29 -2 9 -2 -3 0 -9 -22 
-15 3 -24 -6 2 5 -2 -14 
15 -1 21 15 -3 -9 1 24 
14 37 0 6 5 4 15 6 
-43 -85 -50 -30 0 -8 -21 -38 
12 10 23 3 -10 9 61 17 
19 10 8 -1 -3 -14 -52 4 
-27 -19 -15 -5 2 -3 -2 -26 
9 -3 43 9 5 1 -17 35 
4 12 17 -1 7 -2 -11 -19 
-7 -4 -13 -8 -4 7 16 -1 
11 9 30 -9 -3 -9 -5 -7 
-2 20 -8 11 -1 4 -3 22 
-14 -27 -52 -3 1 -1 -50 -28 
34 47 39 18 4 1 29 -12 
6 -18 -19 -32 -7 5 27 20 
1 27 42 10 -3 -9 -2 -21 
20 19 26 17 2 -3 23 31 
-59 -21 -81 -17 -1 3 3 -29 
3 -15 35 13 4 2 -5 0 
13 3 -16 1 -10 1 1 18 
-16 -12 12 -10 -9 -17 -28 -55 
-4 13 -2 12 4 3 22 19 
-3 -43 7 -8 -7 0 16 22 
-4 23 19 9 7 0 1 -11 
-12 -29 1 14 5 9 19 6 
33 -12 -20 -20 -8 -11 -33 13 
-2 -2 -23 -9 -10 -11 -18 11 
-43 2 6 -1 3 4 21 -26 
8 -8 -27 -10 -5 -8 0 13 
1 7 4 -3 0 3 1 14 
25 18 -2 3 0 2 -4 -3 
-31 -13 8 7 -4 -8 -23 -46 
5 4 0 -45 2 -6 -17 9 
-8 4 16 16 -3 -4 -16 -15 
-2 8 -28 -4 -2 3 23 19 
30 4 -10 2 3 1 -6 -1 
-9 -5 11 14 4 3 -1 -9 
2 2 27 -6 -2 4 -11 32 
-8 -10 9 -6 -6 -5 -32 -67 
-1 -6 -27 -5 -1 -5 40 33 
12 34 20 18 -1 5 14 43 
0 -25 -2 -10 -4 -9 -21 -36 
-18 17 8 13 1 -1 -11 -46 
26 -3 27 -6 3 6 8 10 
9 -17 -17 0 -2 4 -35 15 
-13 23 47 24 8 2 12 1 
-40 -25 -29 -43 -16 -7 7 -11 
15 33 -13 12 -4 -15 -15 30 
-2 -8 33 20 2 3 7 -22 
-3 -10 -6 -27 1 5 15 -8 
-3 5 -3 11 8 4 2 -2 
9 -6 -44 -5 3 -2 -15 23 
-17 -25 0 -6 -33 -11 9 4 
14 12 28 1 7 6 22 8 
6 -11 -17 -3 9 -2 -9 -5 
8 -1 -18 -21 -18 2 -3 -9 
6 3 -24 6 9 -2 -5 19 
-20 -4 1 22 2 -1 0 6 
-6 21 10 -27 2 -8 -18 -50 
29 13 18 10 9 7 -22 37 
-17 1 -15 -20 -13 -16 9 -8 
11 -21 -20 -17 -7 -3 12 32 
15 26 9 34 4 10 -2 11 
-10 -15 17 -4 3 1 10 -29 
-37 15 26 31 -5 -10 -2 -9 
-33 -21 -69 -10 -16 -7 -1 -23 
43 35 36 -7 11 8 21 73 
2 -36 7 29 2 0 -3 -36 
25 -28 -29 -15 9 0 1 0 
-56 -15 0 2 -8 -5 -17 -22 
31 34 24 -33 -7 0 12 22 
-6 30 4 -8 3 0 -4 -21 
-22 -33 -14 8 1 3 -11 -23 
4 -24 -43 -14 7 -1 7 5 
-12 -97 -11 17 -2 5 7 -3 
4 14 51 -8 -19 -14 -17 15 
-20 48 0 1 15 2 26 -13 
38 61 34 9 4 7 -2 6 
-27 -42 8 19 -12 -4 10 -10 
-7 -14 -45 -11 8 5 -29 59 
-20 -30 -4 5 -3 4 38 -53 
-7 -9 4 -17 5 -3 -23 -78 
25 22 30 14 -3 -9 -12 4 
-9 28 -13 -37 -18 -8 -8 -3 
39 32 -3 16 6 5 10 46 
19 -15 -40 -10 4 4 0 57 
-18 7 35 22 0 6 5 -57 
0 -8 -46 2 1 -8 1 -45 
15 -6 15 -25 -6 6 9 44 
15 -8 -10 -1 -7 -9 -63 -19 
11 31 23 30 10 5 18 48 
-21 -18 -9 -20 9 19 79 30 
34 5 -43 -20 -11 -18 -60 -34 
1 18 53 9 1 7 45 42 
-20 -28 -77 -55 -16 -13 -24 -20 
14 31 67 36 9 2 -5 -18 
-1 -10 -8 2 3 3 -29 61 
-19 -9 7 -13 -15 -7 48 -63 
-22 1 -24 -13 7 -1 -19 15 
-1 20 -18 2 1 -5 -11 -19 
-4 -12 41 19 4 2 -2 -28 
21 19 -1 -3 -3 -1 -73 51 
-5 13 2 7 3 -4 17 -28 
-40 -58 -55 -25 -21 -10 -40 -28 
-31 57 46 30 11 1 1 27 
83 -18 -10 -6 6 15 -68 -32 
-75 -16 -20 -25 -19 -30 81 51 
-14 -1 30 7 5 4 -6 -2 
-7 -7 -3 -26 -8 -5 41 -4 
3 -4 11 29 1 -7 10 19 
53 32 -36 -28 -4 -2 -115 -40 
13 -4 -13 8 3 1 30 38 
13 18 32 -23 1 3 -27 -50 
-31 -4 -63 10 -8 -1 24 8 
51 32 53 10 -2 -1 -24 31 
-7 -45 -25 -13 2 -4 -50 -19 
1 -4 0 42 6 7 -42 -11 
-83 -21 17 -35 -5 -12 6 -17 
-41 -70 -15 11 -3 -3 -49 -74 
34 6 -5 -9 -3 -1 -10 9 
-7 -1 11 43 10 11 32 -11 
31 8 40 26 -4 -7 40 31 
-1 42 -34 -43 -1 2 -56 -1 
-6 7 31 42 6 0 71 9 
-27 -68 -92 -95 -47 -23 -25 -37 
14 13 -12 -11 5 -6 2 -3 
5 10 71 35 6 3 -1 9 
2 -22 -15 19 14 -2 -6 -11 
3 18 0 -15 -19 -1 1 21 
-3 -9 -38 -54 -28 -12 -15 -7 
-2 -20 -10 -6 11 3 46 23 
-2 35 22 16 -24 -8 -19 -16 
-3 -1 27 2 45 -1 16 28 
-17 -3 -28 -14 -40 -10 -2 -33 
-7 -25 -27 9 -9 -4 19 -22 
-20 -1 5 -1 -5 -1 -1 -6 
18 17 2 -13 4 0 -11 6 
0 -12 12 15 12 10 20 84 
4 13 8 45 24 4 -19 -39 
-10 28 -15 -71 -26 -2 70 -11 
22 -26 -42 25 -7 -7 -17 -3 
-20 -15 4 16 16 13 28 15 
-21 -7 -6 -30 -8 -6 -18 6 
-12 -6 -49 16 11 10 36 38 
1 9 43 5 8 -3 -48 -65 
9 -3 2 0 -1 -3 92 65 
-6 -14 -30 18 -2 -2 -53 -19 
15 3 30 6 -1 -7 -34 7 
-1 -8 -55 -29 -2 8 -22 -8 
9 0 46 7 4 3 48 24 
-52 9 29 -1 0 19 70 11 
20 -21 -23 -20 -4 -15 -12 15 
14 -3 12 -2 -11 -4 9 14 
-9 39 55 14 14 -3 -85 -67 
1 -31 -49 18 -6 4 50 0 
-31 -12 56 1 9 -2 -34 80 
36 12 6 1 -6 -8 54 -52 
-7 9 -17 3 6 2 -30 -35 
-8 15 19 -23 -12 1 -31 4 
-7 6 -17 31 10 0 -31 -39 
-30 -25 -23 -55 -16 4 63 49 
43 14 -6 1 6 -1 -85 -46 
46 24 6 33 0 -7 94 71 
-4 12 -5 -4 -4 -4 -54 -49 
22 -11 25 34 8 7 66 72 
-30 3 -20 -24 -1 1 4 -75 
13 7 4 -12 -7 -5 10 93 
33 -21 18 -12 -3 8 -19 -96 
5 29 29 33 11 3 -54 3 
-26 -24 -68 -28 -10 -10 26 29 
24 -22 54 41 -5 -4 -25 -14 
-20 4 -19 -31 -4 4 17 -4 
-21 20 -30 -20 -1 3 -24 8 
22 8 42 12 11 4 -68 -15 
-16 -4 7 1 7 4 -27 -25 
14 24 29 16 2 5 90 71 
-29 -13 0 7 -2 -11 -27 -35 
13 -16 -7 12 -2 4 -10 12 
-11 -5 -49 -55 -16 -10 29 -14 
-13 -35 -14 6 -1 -9 -39 -33 
63 -3 -3 -3 13 14 57 73 
-20 51 0 32 -5 -4 13 -22 
21 15 1 -16 -10 -4 -31 -23 
-63 -52 -50 -17 1 -5 -51 7 
17 10 66 14 -5 -3 8 -12 
0 -1 9 -9 6 -2 11 13 
-4 13 -5 5 13 5 1 -3 
2 -34 15 -2 -8 -7 -43 9 
-21 20 13 -2 6 10 42 21 
-15 -8 37 10 -15 -6 -14 -4 
4 -33 -66 -19 2 -2 -3 -20 
22 22 66 34 -1 -1 12 38 
-12 -8 -39 -9 1 -8 -53 -72 
-10 -15 -18 -20 8 12 79 1 
26 29 70 18 18 5 22 19 
5 -13 -78 6 -9 -1 4 -11 
-12 -5 2 -31 -27 -21 -21 5 
-19 20 -10 -32 1 -3 -36 -7 
9 12 -61 5 -12 -4 7 -16 
-27 15 6 1 14 0 9 -8 
-20 -7 -23 27 -1 4 16 16 
33 18 17 -8 -1 1 -13 -28 
-20 -29 29 -2 -5 -8 -15 15 
-48 -55 -19 -20 -6 -8 -5 -34 
-6 31 -19 -12 -14 -10 -20 1 
3 -7 3 38 6 5 5 22 
-11 -5 -21 -16 1 7 21 62 
59 18 -27 7 -5 -10 -3 -15 
-24 -17 11 5 -10 -4 -27 -54 
-34 -11 -18 -5 -3 -3 9 2 
18 -3 5 -3 -2 -4 -28 -6 
23 8 13 -10 3 0 21 59 
-4 10 3 -7 14 4 -2 -41 
-6 -24 -16 21 -5 -7 -11 -49 
-3 12 3 -24 -10 -1 -28 2 
-10 14 24 1 3 6 15 -3 
-22 -12 -24 -14 -11 -7 -11 -7 
-24 6 25 4 3 -12 -20 22 
-16 -21 0 -2 -5 -6 -25 -45 
9 15 -3 -18 -5 2 8 21 
5 6 26 24 11 5 23 2 
-6 -19 -5 -3 -5 3 -4 6 
-37 3 1 24 11 -3 -10 -39 
23 11 2 -11 -8 12 16 -3 
27 6 1 6 -2 -14 -18 61 
0 -17 -32 -16 -4 -9 -18 -13 
24 0 16 6 1 3 18 35 
-16 -4 0 3 2 4 -4 -57 
-24 -37 11 8 -2 6 5 69 
48 34 3 -3 1 -3 4 10 
-22 -9 6 4 -1 -4 -11 -15 
-8 -18 -25 6 -2 -5 -16 -25 
25 -4 12 -33 -2 0 4 30 
-51 -1 7 2 -9 -8 -6 -69 
7 -38 18 1 3 9 15 14 
18 -35 2 -6 -6 -9 9 41 
-9 7 1 43 11 4 -7 -61 
13 9 -5 -47 -10 0 7 42 
24 21 -16 6 0 4 0 0 
-41 12 18 14 1 -4 -13 -81 
-10 -15 -20 -3 -8 -10 -6 70 
7 -5 7 25 11 8 10 12 
12 4 -23 -20 1 0 1 -26 
10 27 0 1 -5 -5 -7 30 
12 8 -6 5 1 3 -8 -23 
0 -10 9 -28 -8 -2 0 9 
8 9 -4 3 -6 -4 16 28 
7 10 3 3 6 0 21 5 
-17 -4 -25 -3 2 1 -3 32 
19 -10 24 6 2 -3 -2 -64 
-8 -2 -29 1 -7 -2 -21 -6 
-37 5 32 -12 0 -1 -14 -5 
7 -7 -3 -10 -5 3 11 -45 
37 -7 4 20 9 -1 2 76 
-39 -16 -30 -29 -13 -4 2 -42 
-8 4 -6 25 6 6 -3 -20 
-8 -1 12 -20 -5 -4 -4 -21 
5 -11 -20 14 -3 -4 -6 38 
14 -6 5 -8 -2 -2 -3 0 
11 4 10 -8 2 7 8 41 
3 6 3 12 5 -2 -33 -47 
17 1 -36 -9 -5 -4 20 11 
-27 13 21 6 0 -4 -3 -15 
54 -1 3 -3 -6 -3 0 27 
-11 15 3 10 12 5 1 -26 
-2 16 18 1 -10 4 10 -2 
33 -12 -15 -5 -6 -12 -18 35 
-21 18 28 9 8 7 -6 2 
-19 -19 -29 -9 -11 -11 11 -27 
-30 -59 -8 -8 7 6 -1 -2 
-7 9 20 -3 -1 2 8 -15 
20 4 4 9 4 2 -4 12 
3 -15 -25 -15 -8 -2 2 -5 
-1 1 -5 -12 -3 -9 -12 8 
-23 0 17 17 0 0 4 4 
11 -25 -43 -26 -6 -5 -10 -16 
8 15 38 16 9 14 9 5 
-1 34 -3 4 3 2 4 -10 
21 5 9 -2 4 2 -5 -1 
7 3 -5 -4 -2 -3 -18 -11 
-6 -16 -17 7 -9 -4 12 -21 
5 -9 -2 8 5 -3 -12 6 
3 8 -3 6 -3 4 9 17 
-11 -1 2 2 -7 -4 1 10 
-6 12 16 0 3 1 -1 -8 
-1 -6 -17 -26 -6 -9 -35 -43 
21 -24 -19 13 -4 -9 -5 20 
-30 -2 7 -8 -2 -1 4 -3 
-1 -13 -24 -3 -6 -7 -16 6 
11 2 12 3 -2 3 11 4 
1 10 12 4 10 7 8 -23 
2 -6 -23 4 -12 -5 0 -7 
5 -2 21 0 1 -1 4 50 
13 5 7 1 8 10 7 1 
8 3 -16 -13 -9 -7 -4 -1 
2 -4 -6 3 3 -4 0 -10 
-11 -13 0 -3 -1 3 9 -8 
12 -23 -31 -10 -5 -3 -16 44 
-29 5 10 -4 4 2 -6 -1 
-16 5 8 0 -1 0 1 -40 
10 25 34 -2 0 -1 -2 2 
-35 -10 -41 8 -7 -3 1 -27 
27 -9 26 -29 -11 -4 -6 54 
-16 4 -10 3 3 4 10 15 
39 14 -11 1 2 1 -11 11 
-17 3 29 1 2 -3 15 10 
-29 0 1 13 6 3 -2 -39 
15 5 -1 -2 -2 1 2 13 
-13 -10 -23 -23 -4 -2 -4 -11 
30 27 29 29 -3 0 5 34 
-11 -25 -16 -8 0 1 21 -24 
-12 -2 0 -6 -4 -8 -8 28 
-13 -16 12 8 -3 -5 -9 -32 
-7 -6 -2 -16 -1 -3 -11 2 
-12 14 -1 -6 -4 3 13 13 
25 16 13 12 4 -1 -10 6 
-17 -30 -16 -3 -2 1 1 -9 
-16 8 16 -2 -1 -3 -17 -21 
20 5 -14 -1 -9 -4 3 23 
-10 -10 1 -20 -1 1 -2 -23 
5 14 -4 10 0 0 4 5 
2 -26 10 -6 0 0 0 20 
11 -15 -19 5 8 4 -11 -50 
-11 -15 -24 -4 -7 -7 -7 0 
-2 -6 3 -3 -4 -1 2 2 
0 4 -12 2 -1 -1 8 -6 
11 26 31 2 1 2 -3 8 
12 11 -16 7 4 4 8 8 
-2 -1 53 0 0 -3 7 24 
-7 -4 -8 -12 -2 -2 -3 -16 
11 4 -4 24 2 -1 -2 36 
-28 -2 -7 -14 -1 1 -2 -80 
33 -2 -7 1 -1 -8 -2 55 
-5 7 -6 -8 -1 1 3 -13 
-11 -35 -15 6 1 1 4 3 
15 -9 7 -1 -5 -4 -10 10 
-26 0 -2 23 5 6 3 0 
-15 -10 -15 -32 -7 -6 14 -28 
-18 8 -23 -11 1 -8 -15 -7 
52 10 24 7 -6 2 15 19 
-52 -7 -18 -32 -13 -12 -5 -23 
-36 17 -1 33 9 8 -5 10 
-18 -3 8 -7 3 0 -4 -61 
5 -13 -6 2 -4 -8 -6 13 
10 2 -23 -6 -2 -2 -1 7 
18 -3 3 3 -5 -2 3 11 
-8 13 31 3 5 7 -3 31 
-26 38 -25 -2 -3 -6 8 -59 
29 -13 -14 0 2 9 -3 19 
-13 -4 -9 -8 0 -3 9 5 
-3 1 29 9 -6 2 6 33 
19 -7 -3 -3 -4 -5 1 36 
4 0 -15 -5 0 -3 -14 8 
14 23 39 9 3 3 2 -68 
-27 -7 -43 -7 -4 -7 -1 4 
-25 -23 -1 11 -2 0 -6 16 
-16 -11 5 -26 1 0 2 -17 
10 -22 -3 13 -1 -4 -12 5 
31 23 9 -1 3 -4 -20 -30 
5 -6 -5 -2 -1 4 21 13 
-44 11 17 8 6 3 17 35 
59 -3 -16 -6 -4 -3 -16 -53 
26 -37 -40 6 -17 -15 -7 -2 
-22 10 -10 -14 6 1 -18 -18 
11 -4 -7 14 0 2 4 -2 
-10 1 14 -9 -3 -2 7 36 
4 1 2 2 3 1 19 15 
0 -10 9 7 0 3 -24 -20 
27 -5 11 1 -2 -3 -3 10 
-73 -33 -24 -15 -9 -5 -2 -16 
10 6 9 -1 -2 2 -10 -26 
8 2 21 5 0 -5 13 23 
7 2 -20 -2 1 2 -14 -22 
0 -7 -7 13 2 -2 6 7 
0 8 0 7 6 7 1 30 
3 -11 25 -15 -8 -13 -17 -43 
-21 -6 -31 -36 -13 -6 -6 -48 
-2 -4 -2 4 -5 -6 -9 -4 
-10 0 9 -4 -1 1 20 -16 
14 14 -9 6 6 5 6 33 
8 4 16 10 1 1 1 6 
12 11 9 10 5 5 5 30 
-47 -17 -9 -12 -3 -2 -12 -50 
-20 -25 -23 -31 -19 -10 -6 -59 
-24 -5 -15 6 -7 -11 -6 15 
3 -3 -8 6 1 3 -7 6 
14 10 19 14 8 -1 3 11 
-1 2 7 6 3 1 3 18 
10 28 2 -6 -3 0 11 -25 
15 35 -3 15 10 7 -31 3 
-2 -5 5 -27 -12 -9 21 35 
-48 -12 8 3 -5 -1 8 -5 
6 15 6 7 1 0 -17 -8 
15 0 5 -10 -3 2 30 8 
13 15 12 2 2 2 -10 5 
21 6 1 1 3 -7 -37 32 
-36 8 21 24 10 1 38 -35 
-2 -24 -32 -27 -16 -5 -2 -1 
-1 0 34 -13 -4 0 -3 0 
-14 -11 -16 6 2 2 8 -12 
33 2 -32 2 2 -3 -21 -7 
-7 0 15 4 -4 -6 2 3 
6 -8 -28 -1 -1 -3 -5 -4 
4 13 19 4 0 1 4 -4 
20 -9 3 -1 0 3 1 24 
-12 9 15 -1 3 0 2 29 
5 -3 -17 5 -2 -1 -9 -54 
-12 -17 6 10 -5 -4 6 11 
-20 12 -16 -14 -5 -4 -12 -9 
10 -3 3 -6 -1 0 8 12 
-5 6 -4 10 3 1 -4 -6 
0 38 27 5 9 8 8 6 
25 -49 9 5 -2 -2 -4 53 
2 75 30 4 4 -6 -21 -63 
8 -13 -25 -23 -20 -9 8 -19 
-8 -13 -29 -14 -4 -1 7 7 
-41 1 16 0 -2 0 -7 3 
32 -14 -14 13 6 8 22 23 
0 7 14 16 8 -3 -39 30 
1 -11 -5 -36 -9 -3 -2 -36 
-13 1 2 -6 -2 4 17 5 
-28 -25 -18 -9 -5 -5 -4 18 
12 3 -2 1 0 -1 9 4 
-21 -9 24 16 4 1 -3 -4 
25 1 -23 -11 1 2 -2 5 
-81 -25 -1 -3 2 -1 -11 -45 
5 -15 -8 -6 -5 -5 1 19 
-4 -16 15 11 0 1 -8 -38 
26 -6 -10 -19 -3 -3 -4 -21 
4 6 4 6 -4 -3 -3 8 
-26 0 -16 0 -4 0 -6 -23 
-10 -27 2 14 6 4 21 26 
73 7 6 -15 -4 -5 -16 11 
-38 -23 -30 -6 4 -1 9 15 
-20 -18 4 3 -8 -3 5 -33 
29 27 4 -2 0 0 -4 14 
-23 5 -6 13 5 -1 3 4 
30 -5 7 -7 -3 -6 -32 21 
-13 9 -32 3 4 3 26 -37 
8 -7 7 -13 -4 -7 -10 14 
-21 -1 -1 9 -4 -3 4 3 
20 4 -6 -18 -1 4 23 10 
16 29 43 25 3 -7 -55 27 
13 11 -38 -15 -5 -2 -1 -38 
-37 -23 4 -18 -11 -6 -4 -39 
25 -4 1 0 -6 0 12 5 
-9 -5 -2 -3 5 7 10 3 
20 15 -1 8 3 -3 -6 38 
30 53 51 22 16 7 -5 62 
-52 -34 -70 -24 -17 -12 -6 -94 
24 -10 -5 -28 -18 -9 12 46 
-35 -12 -37 -6 -3 -1 -10 -12 
-6 2 14 8 0 0 5 -3 
17 4 21 19 8 4 -2 8 
2 11 1 2 5 -1 4 2 
-1 -1 -6 -1 -1 0 -4 -3 
-3 2 23 7 7 5 13 -7 
21 -13 -40 4 -9 -12 -14 27 
-26 -28 -6 -24 -12 -10 -12 -52 
38 9 6 -2 -1 -1 3 32 
-48 -20 -20 0 -1 -1 -5 -56 
12 19 42 10 1 1 -6 8 
12 27 10 6 9 10 24 22 
13 -12 2 2 0 -2 -14 23 
-42 8 -2 -3 -7 -4 8 -60 
35 -25 -12 -20 -8 -10 -27 6 
-13 -4 5 1 -2 0 19 22 
-5 9 9 -1 3 2 18 -8 
7 -9 -11 2 -5 -7 -18 -1 
-13 -6 15 13 5 8 13 0 
5 33 3 2 6 3 -11 -12 
3 6 7 -24 -3 6 14 27 
19 -24 -6 4 -9 -12 -1 6 
-23 -6 -17 -8 0 -1 7 -37 
-1 -15 1 3 0 0 -2 12 
-16 4 13 17 -1 -5 -12 -25 
-2 3 41 -2 4 7 2 54 
16 -14 6 2 0 0 -4 -17 
-4 -16 -26 -1 -2 -3 1 -20 
7 -5 -19 0 -1 -5 -7 -17 
2 -2 -19 -3 -2 -1 4 65 
7 18 36 14 5 10 31 -12 
-16 2 -5 -1 7 -4 -18 -52 
-3 -28 -16 -17 -4 -7 -16 22 
-3 -10 -20 -9 -14 -13 -9 -40 
-2 32 6 -1 1 4 1 24 
-16 -10 10 1 2 2 -2 -21 
-34 33 -2 9 6 2 19 18 
30 -5 -17 -6 -3 0 -14 -6 
-9 -4 24 -10 -6 -4 1 26 
-1 -10 -12 -4 -2 -4 0 -4 
0 12 0 4 0 -1 -15 -13 
-3 -1 -9 2 1 -1 4 -11 
4 5 4 9 1 -4 -4 12 
-6 -16 12 -2 -3 5 3 82 
17 2 20 20 5 0 -11 -83 
24 7 -45 -53 -11 -8 3 -3 
-17 -14 -17 -3 -8 -8 -1 3 
11 9 10 8 1 1 6 1 
-13 -14 2 10 -3 -5 -7 21 
3 -3 9 14 9 9 14 5 
-27 1 -15 -4 -3 -4 -15 1 
9 1 6 -2 0 -2 -20 -25 
37 3 -11 -12 -1 -3 20 17 
2 -3 -5 -2 -10 0 -6 -21 
-19 -13 7 -4 2 7 15 12 
