#EMG
#9
#ID:9-84
-3 5 6 -10 -14 -5 -3 -11 
12 -8 -1 -4 -4 -8 -1 6 
4 -3 -5 -6 1 1 -3 3 
17 -3 6 10 1 3 -12 23 
-42 0 -9 -2 -2 -2 9 -40 
-2 -11 -13 -2 -2 1 -14 -6 
4 5 25 -4 -7 -3 -7 -8 
-5 -16 -11 7 -2 0 8 8 
8 2 -8 -12 0 -2 -4 13 
4 0 22 12 1 0 4 -3 
0 -11 -32 -10 -1 -5 -7 20 
-7 2 -9 -1 -5 -4 -10 -25 
10 7 23 8 5 3 1 5 
-6 6 2 2 5 0 -3 -14 
1 -8 -20 -5 -3 0 3 1 
-1 -1 8 -5 -3 -3 27 33 
0 -4 -3 3 -1 1 -10 -14 
3 0 -3 -7 -4 -2 -11 -8 
24 4 12 10 0 0 4 -10 
-40 -2 -2 -8 -1 -2 0 -3 
16 4 2 -6 -5 -3 4 4 
-11 0 0 6 -2 -2 2 0 
-5 5 17 -13 -1 0 0 5 
2 -11 -34 -10 -5 -4 -21 -16 
7 6 19 17 9 6 13 4 
8 -12 -20 -21 -15 -3 -6 25 
-9 13 -19 8 2 -5 2 -7 
5 -6 14 -2 0 -2 -16 5 
-7 1 -7 -1 -1 -2 4 -12 
5 11 12 -2 2 -2 2 -8 
-10 -4 0 8 -1 0 6 -8 
8 -3 -12 -7 -2 -1 6 7 
1 1 5 3 2 -2 -12 -2 
-8 -1 1 2 3 1 0 -3 
-3 -9 -15 -7 -2 2 0 8 
26 4 -2 -15 -3 -1 -8 6 
-27 -6 -9 -5 -6 -2 3 -20 
-2 -10 -1 -1 -4 -3 3 -10 
2 11 18 5 3 -2 5 4 
-4 5 -13 -3 -1 0 -4 3 
13 -10 -6 1 3 0 -2 -1 
3 7 4 -3 4 -2 -5 13 
10 -16 2 4 2 1 0 5 
-26 2 24 5 5 3 -4 -26 
3 9 0 -1 -3 -3 -4 2 
4 -18 -31 -2 -4 -4 13 9 
-9 -3 3 -4 -6 -1 -6 2 
2 4 -1 1 -1 -2 -17 -1 
6 -6 13 -3 -2 1 15 3 
12 1 11 9 2 5 2 -1 
-11 -1 -9 2 -7 -1 2 -10 
-11 -1 4 -21 -8 -3 4 11 
-8 -11 3 8 -1 -4 -3 -3 
-4 -6 -5 -2 0 -5 -15 -14 
10 0 -3 5 4 0 1 -1 
-8 -4 -1 10 3 -2 -5 -13 
13 26 19 -7 0 4 1 45 
-15 1 3 -5 -5 -1 2 -36 
-2 -8 9 -2 -5 -4 -7 -12 
11 2 -19 2 3 2 18 17 
-6 0 -6 -4 1 -5 -10 -8 
9 0 7 9 0 2 -8 2 
-13 -9 -12 -24 -1 -2 -6 -7 
5 1 -1 2 -3 3 -9 5 
6 2 -5 -7 -1 -2 -3 -3 
-19 1 10 12 2 -3 -3 -8 
0 5 4 1 -4 -1 8 2 
4 -12 -6 6 4 1 -5 -8 
-19 -22 -27 -14 -9 -4 -4 1 
4 11 5 -10 -5 -3 -4 11 
2 -5 0 3 -3 -1 -1 -3 
-5 2 8 -1 -1 -3 -5 -14 
14 -6 2 7 7 1 13 15 
15 4 -7 -9 1 1 7 2 
-22 -4 -1 2 0 -2 2 -18 
3 13 18 4 3 -1 -2 -2 
-15 -4 -27 6 -3 -2 -4 -23 
2 -5 1 -9 -7 -5 -7 12 
3 4 22 1 -3 -3 0 8 
7 -1 4 7 1 4 -3 -3 
2 6 -9 -6 -9 -1 -1 2 
6 -5 15 -1 4 0 -1 2 
-19 2 -19 -3 0 -2 1 -4 
-1 -6 23 8 -1 1 0 1 
5 1 -9 -1 4 6 2 15 
-20 -4 -17 -1 -2 0 -7 -15 
12 0 -8 -3 -5 -4 3 6 
-5 -13 -6 -7 -2 -2 4 1 
-2 5 8 0 -6 -2 -8 11 
-1 -1 -4 6 1 0 -10 -6 
7 -7 -10 -11 0 -6 10 -12 
3 4 4 -7 -2 -7 -18 10 
-8 8 2 -4 -2 -4 17 -34 
-2 10 -3 -2 1 -2 3 15 
7 11 16 13 2 4 -2 3 
-1 -19 -25 -10 -4 -5 6 1 
2 -6 -8 1 7 -4 -13 0 
-2 -4 0 1 -8 -3 4 2 
-5 -8 2 2 0 1 3 -2 
-1 10 10 3 -3 -1 -14 -19 
5 -4 -10 -3 -4 -1 -7 12 
-24 -14 -20 -5 -4 5 5 -8 
3 1 -1 -6 2 -1 -9 1 
-4 -9 6 -6 -11 -3 6 8 
2 -6 -1 1 2 -2 -5 -11 
6 -2 4 0 8 1 2 8 
17 -9 -17 -7 -6 -4 -8 12 
-11 -12 -11 5 -1 -5 1 -3 
-7 -15 2 -3 -7 -6 -4 -12 
-8 -2 -4 -5 -8 -6 -7 -4 
7 2 7 1 4 2 0 -8 
15 8 1 -2 0 0 14 -1 
4 18 14 3 1 -2 -16 30 
-20 -20 -8 -4 4 -2 -5 -22 
-9 4 1 3 -2 1 -2 -2 
11 2 -13 -7 -1 3 -4 -4 
-17 -9 8 3 -3 0 3 1 
9 13 12 -10 -1 -3 2 6 
4 8 -3 -2 1 -4 -1 9 
-6 -7 7 12 2 -2 1 -2 
-4 -4 -14 7 3 -4 -1 -13 
7 4 5 5 -11 2 3 10 
-11 -11 -37 -27 -3 2 -10 -9 
-3 5 4 12 0 1 0 -10 
-8 -12 -13 -14 -2 -4 -7 -17 
6 17 18 9 0 -2 7 14 
0 1 17 5 -1 2 -5 20 
6 -1 8 3 5 4 -17 -26 
-16 3 -5 -10 -3 -2 18 0 
14 0 1 2 -3 -2 -6 3 
-35 -13 5 4 -3 -2 2 -2 
1 -2 -17 -5 2 -3 0 4 
5 -12 13 5 -3 1 -6 -17 
0 2 -15 -10 -5 1 4 4 
-1 1 2 0 -5 -4 1 -7 
4 -2 16 5 -1 -4 11 -1 
4 4 -28 -4 2 -3 -4 21 
0 2 -23 -10 1 -3 -5 -15 
-6 3 23 8 3 0 -11 -14 
11 5 -12 -11 -6 1 7 6 
-36 7 25 15 1 0 -26 5 
7 -7 3 -5 -3 0 30 5 
7 -4 -20 -2 -2 -2 3 21 
-12 10 10 7 3 2 -9 -35 
29 -2 -13 -12 -7 -3 11 14 
-34 -11 2 -4 0 -2 -13 -34 
-6 -8 3 0 -3 -8 -11 21 
5 -7 -2 -3 2 5 15 17 
5 -20 -8 -2 -1 -4 -13 -5 
17 2 13 15 1 -4 -2 15 
-2 1 -12 -3 -3 2 3 -3 
-22 -13 -16 -14 -6 -7 -11 -23 
0 17 13 0 -3 1 1 -7 
-1 -3 -8 -1 -1 1 -9 -13 
2 15 19 -2 -4 -1 4 -13 
40 18 24 13 4 1 3 58 
-41 -10 -12 -22 -2 2 -26 -53 
-6 0 -11 3 2 0 10 -7 
9 -3 21 10 5 3 34 22 
-13 26 -10 -14 -8 -3 1 4 
36 -21 -14 10 0 -6 -16 -1 
-3 -7 1 0 1 -3 12 51 
-21 27 28 -1 1 -10 -17 -35 
-8 -12 -32 -3 -2 -6 -17 -5 
6 -11 15 0 4 5 44 17 
-9 -8 -5 -18 -10 -10 -37 -7 
14 -9 -19 7 -3 0 16 -39 
-32 -5 5 5 -9 2 28 14 
0 13 -2 1 3 5 -4 -7 
3 -28 -10 -7 1 3 3 -2 
13 -8 -9 -13 -4 -1 -16 6 
-30 -26 -37 -13 -5 -4 -12 -18 
5 24 42 0 2 3 -13 -33 
3 4 -9 0 -1 0 29 39 
-15 -2 7 12 5 -1 -38 -5 
6 1 -2 -3 2 2 50 -16 
14 -10 -24 0 -6 -10 -38 -7 
-1 0 34 15 1 2 21 68 
8 -17 -26 -11 -7 1 41 0 
-7 -6 1 -7 -5 -6 -26 -14 
31 13 -8 -5 -6 -5 6 55 
-15 36 34 6 2 -2 -33 -105 
-8 -27 -27 1 -2 -6 15 27 
0 6 -1 0 -2 -4 -22 8 
-11 -17 -10 1 -4 -1 12 -14 
-2 -11 -7 0 -1 -1 -46 -10 
5 26 57 15 1 4 46 8 
7 51 -14 -9 -1 3 3 17 
-46 -23 -2 -14 -7 -9 -10 -5 
11 -6 -64 3 6 2 17 -45 
-3 -9 19 1 -2 1 -10 11 
39 21 13 11 10 3 -2 -11 
8 11 -1 -24 -10 -3 0 4 
-2 14 31 1 -9 0 21 79 
3 -28 -46 -1 -2 -2 -18 -32 
-9 -12 37 10 1 0 15 6 
-24 0 -14 5 7 0 3 -12 
8 -28 -9 -5 6 -1 -33 -39 
-1 25 3 0 -14 -2 17 9 
-3 -32 -21 -14 -10 2 -18 1 
29 -4 -18 10 6 2 39 -14 
9 24 -3 -10 0 -5 13 55 
-1 -11 -28 -18 1 -1 -15 -24 
4 -3 10 9 1 -1 1 3 
-10 6 -22 9 1 8 -87 -80 
0 -9 13 -3 5 12 81 46 
12 0 -8 -8 -3 -5 -11 54 
-21 12 24 1 0 -2 -43 -57 
1 7 64 23 7 1 44 50 
-2 7 -14 -24 -14 -7 -44 -34 
-24 -7 -15 -5 -4 4 3 -17 
-14 -4 -39 -6 1 -5 -15 -27 
5 -17 5 -2 1 3 35 59 
-6 10 -21 -9 -13 -12 -32 -47 
-14 1 -15 1 2 4 12 -11 
-7 8 14 -6 -1 -6 -15 -12 
14 -23 17 8 -5 2 7 2 
1 -18 -44 -14 -4 -6 -12 -8 
4 42 31 4 -9 -3 -12 23 
-19 -51 -43 -4 10 -1 9 3 
-2 35 26 34 0 -1 5 23 
-17 -74 -30 -32 2 2 11 25 
25 53 66 24 17 4 -1 21 
13 -23 -65 -45 0 -4 -12 -72 
-50 14 36 16 -3 -6 -9 38 
0 19 29 15 0 3 8 -64 
-26 -23 -91 -9 3 8 -11 -16 
9 17 90 45 -2 2 -7 40 
18 -25 -35 -50 1 -6 22 5 
-12 16 29 11 -7 -7 -22 17 
7 -4 -31 -22 -4 -8 6 -14 
7 -24 -14 -23 -6 -2 13 15 
33 16 -16 3 -13 -7 -24 1 
-5 34 49 40 29 9 18 -16 
-22 -17 -82 -56 -10 -2 -1 -22 
5 5 33 51 -4 -4 -19 -10 
26 8 21 -3 7 -5 1 13 
-13 27 -65 -10 -10 -3 -6 6 
-60 -58 77 18 -7 -10 -33 -62 
49 -1 -33 -12 -12 -2 2 115 
-17 4 -5 -11 -1 12 29 -7 
-3 -2 -13 23 -3 4 13 -10 
29 19 51 7 -7 -10 -22 8 
-19 -31 -8 -2 -3 0 -41 32 
-5 -37 -30 -17 -3 -1 88 -58 
52 0 37 -25 9 3 -16 20 
-86 21 64 47 4 -1 -19 -48 
6 -31 -37 -21 2 -9 16 -10 
-3 15 19 -6 -6 -12 -85 -23 
52 2 22 2 1 4 20 47 
-9 -19 -8 -4 2 -3 -22 -20 
10 7 9 -2 -8 3 46 28 
-92 23 -1 2 -1 4 -62 -119 
70 -3 12 4 2 2 -39 22 
0 -11 29 -8 1 0 43 57 
-10 11 -11 18 0 -1 13 -23 
47 12 -42 -36 -9 8 12 40 
-37 -12 26 48 -1 -12 -50 -95 
26 2 -41 -19 1 4 -21 65 
32 31 34 7 12 2 -70 -26 
6 17 21 -22 -3 4 92 58 
-59 -81 -44 5 -11 -13 -47 -33 
25 8 -26 3 -3 -9 29 28 
-33 7 -28 -56 -5 0 7 -64 
25 -13 1 14 5 3 -39 34 
-13 14 -15 -21 -5 -2 -13 -7 
7 24 -22 18 -2 -2 6 5 
-22 -13 50 19 -1 -9 -22 -15 
-15 6 -8 14 8 13 8 -19 
0 -7 -68 -60 -20 -10 60 26 
28 -50 0 5 -4 -4 -4 -24 
-25 21 1 -3 -4 -4 17 14 
-8 -3 -7 28 8 -5 -68 -45 
-36 3 11 7 3 0 40 31 
21 -30 -39 -23 -4 3 -15 -6 
18 16 17 2 2 0 7 -15 
-9 -63 -49 2 4 -11 -33 -29 
-21 0 -22 -26 -10 -11 12 35 
32 29 1 10 5 4 11 16 
12 15 0 49 11 1 11 5 
-19 -52 -65 -51 -19 0 2 15 
-16 4 47 0 -14 -9 -62 -32 
17 -25 -46 -19 -17 6 47 10 
-26 31 -32 -48 9 5 16 -8 
0 14 -8 79 -4 -9 -9 10 
-1 10 69 4 3 11 -3 8 
-7 -22 -4 -26 -3 -9 -36 -21 
-11 5 -20 8 -4 -10 -15 -12 
29 -41 -9 7 11 -2 3 50 
21 16 14 54 -5 0 27 -8 
-20 51 8 -73 -23 -11 -55 -95 
3 -62 -40 -8 2 12 55 28 
-4 66 86 11 -5 -3 20 -8 
16 -3 -83 -35 -1 -8 -14 62 
21 -28 5 43 3 -2 9 -30 
-48 16 60 3 24 5 -30 -43 
-14 -21 -24 -75 -29 -1 39 33 
19 50 16 7 20 9 9 6 
-8 -32 -40 9 -13 -5 -27 13 
15 -24 -21 5 -2 -6 30 16 
47 25 53 -9 14 10 20 -20 
-60 5 -26 24 -5 1 7 -36 
10 25 57 10 23 -1 -11 -14 
13 16 8 35 -14 4 76 66 
-17 -12 -16 -19 0 -3 -23 -10 
23 -43 -7 -10 0 -14 -19 -13 
2 5 3 -7 13 6 10 46 
6 7 10 28 -7 -2 -28 13 
36 42 0 -34 -16 -7 -20 -2 
-35 -39 43 -14 8 1 33 -64 
-10 -7 -30 47 3 11 -17 -11 
-16 -16 27 -23 -11 -11 22 27 
26 -22 -31 -9 -4 -9 -20 -10 
-7 26 -13 1 4 6 -10 -8 
-17 -61 13 15 1 3 -15 31 
-4 38 27 -33 -3 -8 -46 -70 
-2 -21 -71 13 -11 -9 65 61 
5 14 5 2 6 5 -10 -7 
40 -15 -26 -14 -10 -10 -63 21 
46 -113 -34 53 3 14 24 11 
-20 -20 -27 -16 5 0 -10 7 
5 -11 12 -6 -11 0 -3 -19 
-31 127 8 -3 3 2 49 -1 
-3 122 -6 -4 -8 -9 -26 51 
-1 52 43 23 7 2 -7 -52 
1 23 -28 -10 2 4 -16 -14 
-23 57 10 14 0 -7 3 22 
-7 -24 -8 -24 -21 -12 -17 -12 
7 46 51 23 5 2 -18 -52 
24 19 37 14 22 12 -9 38 
-8 -22 12 -6 -6 -7 19 -14 
12 14 -23 6 5 13 51 41 
-13 -68 -27 7 -4 -2 -63 -28 
40 36 35 33 -12 -21 66 -9 
-1 -57 -15 -27 10 16 45 39 
-12 47 5 -9 -3 -18 -42 -41 
10 11 37 5 16 9 4 29 
-49 -18 -64 6 -32 -12 -7 -19 
-3 -3 4 4 6 7 -7 -17 
-3 54 30 -7 3 5 -1 -12 
63 62 18 28 10 1 16 88 
-34 -59 -41 -25 -1 -12 -55 -89 
-1 65 13 -19 -15 -5 16 17 
-10 0 24 -2 -5 1 -29 -50 
-22 -8 -23 -22 -4 -6 -1 11 
33 27 59 1 7 6 13 63 
-6 13 -10 13 1 -5 -21 -52 
17 -49 15 19 1 10 20 23 
-49 2 -40 -53 -10 -4 1 -25 
12 18 11 24 -1 3 1 21 
31 -18 6 14 4 2 -17 31 
-3 13 -2 -17 1 4 42 34 
-20 -19 11 6 -8 -17 -17 -47 
-6 -13 34 28 10 2 -26 -2 
26 9 10 -24 -8 9 7 13 
27 -19 -90 -37 -4 -2 -26 7 
-25 -8 6 25 -1 -8 10 8 
4 24 45 -18 9 3 19 -8 
-22 -52 0 18 9 -5 -17 -30 
-5 -40 -25 -9 -15 -5 -12 17 
1 16 -1 -9 -5 1 -20 -10 
-7 22 19 5 -7 -4 0 -24 
24 36 -4 -19 7 5 4 26 
4 -22 -21 10 4 2 33 64 
-16 -29 31 10 7 6 -25 -59 
1 -28 -82 -44 -22 -5 -1 30 
-12 -15 23 29 -2 -12 -13 -25 
-7 17 3 -16 4 4 -51 -52 
5 27 -28 17 0 -8 12 -2 
16 1 21 -4 5 13 62 97 
-17 -37 -11 19 -2 -6 11 -27 
-8 -17 40 19 2 1 -6 -13 
4 -37 -1 -9 -11 -19 -8 22 
-31 7 -17 -3 5 4 -34 -104 
-6 2 3 -23 3 -7 -16 -22 
-8 -65 -32 14 -8 6 66 35 
-11 7 -15 -5 5 3 -12 28 
31 -28 -70 -10 -14 -8 23 40 
-14 47 35 4 16 11 -22 -47 
-10 9 23 14 2 -5 -38 -22 
-13 -40 -41 -16 -5 3 30 -45 
-9 -2 26 24 4 -14 -53 -7 
11 4 5 27 7 9 29 35 
-16 19 -30 -41 -19 -18 -36 -63 
5 7 7 -33 3 17 27 46 
6 -6 80 39 26 1 9 12 
-17 -52 -4 -20 -53 -27 -28 -25 
8 20 -5 12 7 2 7 37 
14 26 65 39 18 14 11 34 
-8 -20 -74 -17 -9 -5 -2 -55 
-2 7 -43 -23 7 -2 -2 10 
-17 -10 -47 -66 -10 -11 -10 -16 
-2 2 -19 6 -6 6 -2 26 
25 47 -2 -26 12 25 12 49 
3 6 -12 -4 -5 -6 14 -14 
-32 12 41 19 7 -6 -9 -49 
8 -43 -18 -1 -7 -11 -19 -22 
5 -11 1 -19 -15 2 7 78 
14 18 2 -25 2 4 -26 -33 
-9 -2 56 15 0 5 35 -5 
17 -9 -35 -15 -4 3 6 -23 
2 5 1 23 -1 -8 -15 7 
-20 8 -10 0 -1 1 18 3 
-26 -25 -3 9 -7 -11 -28 -26 
8 33 15 -8 0 -3 17 48 
6 -32 24 -11 -9 -6 -9 -22 
-5 -12 21 12 10 9 30 11 
36 27 -12 -6 2 -3 -16 7 
-19 -23 41 18 -6 -4 -32 -26 
36 -36 6 -14 -3 0 29 36 
-24 4 -49 -2 0 3 -10 -23 
2 0 51 19 2 6 6 6 
-12 30 44 11 4 0 -13 4 
11 -6 -103 -21 -14 -6 -6 -21 
-4 -20 -8 6 -2 -3 -4 17 
-8 19 6 1 12 7 2 -6 
-25 -35 -6 13 0 -7 7 -45 
-6 0 2 -7 -7 -8 -18 23 
16 -11 11 6 -6 0 17 25 
2 -27 -6 -5 -4 -1 -23 -32 
11 21 1 -2 2 0 17 24 
-37 -5 19 12 -4 -5 1 -18 
6 -7 -30 1 4 -2 -4 18 
16 15 14 0 -3 -1 0 20 
-13 -4 -13 6 0 1 0 -16 
-13 11 -4 -2 1 1 -4 -31 
38 11 25 2 0 -8 -6 45 
7 -12 -29 -12 -2 0 7 21 
-11 19 65 14 -4 0 0 -28 
-22 -37 1 3 0 2 -11 -19 
-13 -5 -3 -1 1 2 5 16 
-22 -23 -6 2 -3 -10 -2 -32 
17 3 -16 -17 -4 -4 -6 28 
-2 19 5 6 -3 -4 -5 -13 
4 -3 -6 -14 -5 4 -19 -11 
-16 -14 -26 -2 -1 0 22 8 
3 -1 -27 -2 -2 -4 -6 -11 
-20 15 17 -6 2 -5 1 -29 
25 9 2 0 -1 -4 4 35 
9 9 -21 -2 -4 -2 -9 -25 
-3 -18 -13 -11 -6 -1 0 7 
1 -3 14 11 2 5 4 11 
-1 -5 3 -5 -1 -1 5 -13 
2 -26 -4 -13 -10 -4 -6 3 
-10 3 -11 10 -3 -6 -1 24 
19 25 -1 14 4 3 -6 -22 
-14 3 -1 -24 -10 -2 1 -13 
2 15 1 15 7 4 -8 5 
4 2 -13 -9 -8 1 -2 -22 
-10 5 3 1 -1 0 -3 -1 
-2 22 26 6 3 0 4 -6 
-12 -20 -2 7 5 -6 -7 -4 
9 -10 -20 -31 -11 -5 4 11 
-2 -8 1 -13 -7 -1 3 18 
-3 0 7 7 -3 -3 1 -18 
0 -10 -23 -5 1 -10 -15 1 
1 25 24 12 1 -2 -1 -23 
-12 0 -16 -6 0 1 0 -3 
30 -13 -4 -3 -4 0 -1 1 
-16 18 14 2 0 2 1 21 
1 7 -2 9 4 4 2 -8 
3 12 -1 -7 5 -6 -6 17 
-9 -9 -2 8 1 -2 3 -4 
2 14 15 3 4 7 -8 34 
14 -8 -3 2 -3 -7 4 -38 
6 5 6 1 4 5 0 -6 
-13 -12 -22 1 2 -2 -1 -18 
12 8 -2 -10 -11 -7 -1 -4 
-11 -10 -3 5 0 -1 -2 35 
8 0 4 1 -3 -5 2 4 
-14 -8 14 10 10 0 -5 -17 
5 0 -14 -35 -9 4 5 5 
8 6 -5 13 -1 -3 -6 1 
-18 -9 -13 -11 -12 1 5 -7 
-15 -13 7 -3 -5 -2 -2 -27 
11 7 5 6 4 -2 2 13 
14 -6 -11 -3 3 3 -1 12 
2 0 -5 -1 5 -2 -4 -16 
-2 16 30 11 0 -2 -4 -4 
4 -12 -50 -5 1 -1 -4 -9 
-6 6 58 -10 -4 0 -1 -8 
-4 -17 -2 2 -4 -2 -3 14 
-1 -16 -29 -7 -2 -1 0 21 
-10 4 0 2 -1 -3 -3 -57 
4 5 5 12 8 2 1 18 
3 -1 -14 -7 4 1 0 -1 
-7 -6 14 0 -8 -2 5 6 
9 -6 18 2 0 -1 0 22 
-6 -9 -21 -1 2 -3 -8 -19 
-7 10 13 1 0 2 -3 -15 
14 5 -9 -5 -4 3 -4 14 
-8 -5 15 28 8 1 2 29 
-34 -38 -23 -50 -21 6 -3 6 
1 -9 -15 -3 -9 -9 -7 -33 
5 0 -17 -7 -4 -7 1 -5 
-5 0 13 4 0 -4 1 3 
-13 8 5 14 8 -2 0 -18 
10 -5 -13 -11 -8 -1 -1 28 
0 -3 -2 3 1 9 1 -5 
7 -8 -1 -6 -4 -1 -2 -14 
9 3 -21 3 1 -5 1 -2 
-20 -6 0 -8 2 0 1 1 
0 6 5 8 6 -2 -2 -5 
3 1 6 -5 -2 0 -1 -3 
-1 8 19 9 1 0 -3 0 
2 -4 -14 -1 -2 -3 -3 8 
-18 6 2 1 2 3 -2 3 
26 -3 -3 -14 0 -1 2 6 
11 2 -5 -4 -4 -3 -1 -12 
-8 -8 9 7 0 -5 0 -7 
-9 0 4 7 0 -4 0 -13 
-7 -27 -13 -1 -9 -2 0 -6 
5 -24 5 6 -2 -1 -4 10 
-13 -3 1 -5 3 6 2 -4 
1 16 -6 -1 -2 -3 3 11 
-5 -13 20 -5 -4 -4 3 -1 
-16 -4 -48 -5 -1 -6 -15 -32 
5 5 23 3 -1 -1 -2 1 
3 5 9 -1 -5 0 3 3 
11 16 -10 7 5 4 2 16 
-10 7 1 -5 1 1 1 -8 
12 10 12 8 0 -1 4 29 
-8 -15 -20 -12 -1 -4 -7 -38 
-8 1 28 -3 -3 -2 0 0 
4 0 5 1 1 0 2 3 
5 1 -1 9 1 1 -3 8 
10 -7 -3 -2 0 -1 3 8 
-1 -15 -18 -9 -6 -1 -4 5 
-31 3 16 3 1 2 -2 -4 
4 -2 -10 -3 -4 -1 4 -7 
-6 9 7 4 2 3 1 6 
-2 -12 -9 4 0 -4 -4 -13 
12 9 5 -11 -16 -3 1 14 
-7 6 -11 -3 1 -6 -4 9 
1 -20 -10 -6 -3 -2 -6 -27 
-7 7 -8 0 3 2 -2 1 
1 -6 -13 -2 -1 1 2 14 
5 5 6 3 -2 -2 -1 -11 
0 2 -14 -8 -6 -4 4 12 
-10 7 1 0 -2 -3 -9 -19 
1 -6 -3 2 4 -4 -1 9 
-2 -3 -9 -11 -3 0 -1 8 
1 2 -1 1 -1 -8 -4 -18 
-6 1 -19 -4 -3 -3 1 32 
7 10 31 11 8 3 0 -54 
-6 -2 6 0 -1 4 7 0 
0 0 5 -6 -3 0 -3 14 
4 10 4 -2 -3 -1 4 2 
13 3 -14 1 5 -1 1 18 
-13 2 3 -1 -2 0 -5 -7 
-24 -10 -5 -6 0 2 -7 -8 
4 -7 6 -2 1 0 -4 -7 
6 4 -6 3 -3 1 4 12 
4 -5 -10 -1 -3 -8 -7 -12 
4 6 7 3 -3 0 0 9 
-4 7 -8 -4 -3 -5 0 -14 
0 -2 8 0 -3 0 16 9 
-2 -2 -6 -4 -4 -7 -14 -2 
1 1 2 -2 1 -5 -3 6 
1 -2 1 2 2 3 0 2 
-11 -7 -12 -4 0 -3 -7 -21 
-3 1 6 0 1 2 5 -6 
6 -4 -4 -4 0 -2 9 10 
0 0 -4 -1 -8 -5 -12 -16 
-3 4 -3 -2 0 -2 -1 13 
8 -21 8 2 2 4 -5 -5 
-1 14 -5 -5 -1 5 1 1 
-8 -13 6 2 -4 -4 2 -2 
-1 -4 -5 -2 -3 3 -1 7 
0 2 -3 0 -1 1 2 -8 
7 -3 7 2 0 -3 3 26 
1 14 2 -2 2 -1 1 -12 
-6 1 -3 8 6 -4 -8 -9 
0 -5 -6 -10 -11 3 1 -4 
1 0 -1 1 -2 -2 -4 -1 
0 4 0 -2 0 1 -3 13 
-3 -9 -2 -7 -1 -3 -4 -9 
-1 10 8 6 3 -1 2 -4 
1 -3 -14 -3 -4 -4 -2 2 
1 6 11 3 4 1 3 -4 
1 3 3 0 3 1 -1 7 
-5 -10 -6 -2 0 -1 -1 0 
-4 -7 4 -2 -2 -3 -11 -8 
1 0 -2 0 2 -3 0 -3 
-2 -4 -6 -3 -7 -3 -3 8 
0 4 7 5 -2 -2 2 1 
3 -2 4 -5 -5 3 9 -4 
-2 -6 0 -5 -2 -3 -7 -7 
-1 -4 -3 -3 -2 -3 -3 5 
-3 2 -6 -1 -1 -4 -1 -1 
0 3 4 1 0 1 -2 -1 
2 0 -5 -3 -1 3 3 3 
-5 -3 -3 -4 -5 -3 -5 3 
-2 3 1 0 2 2 -3 -25 
-4 -5 -13 -1 0 0 -6 -2 
-2 10 0 -4 -2 0 -3 -6 
3 -12 -1 2 1 -2 2 9 
0 -4 -9 -1 0 -2 2 6 
-1 1 -3 -2 -3 -2 -4 -9 
-5 -8 4 -1 -4 -2 -3 -3 
