#EMG
#2
#ID:2-52
9 -12 -2 22 0 0 4 0 
10 6 -5 -32 -5 -3 -2 6 
-28 6 -1 -6 -1 0 -2 -23 
1 -19 -12 4 0 0 0 -2 
5 1 -5 -4 -2 1 -5 26 
-11 2 -4 3 -2 -3 11 -28 
5 1 15 4 0 -3 -1 5 
1 -4 -11 -2 -1 -4 -10 -2 
-6 7 13 -2 -1 2 7 -4 
5 -13 -18 0 1 -1 -18 15 
25 21 14 1 1 2 8 -7 
-29 -3 -14 -3 -3 -2 -10 5 
0 -3 -7 -8 -2 -2 11 -7 
4 -6 5 4 -1 -1 -10 13 
1 -8 -1 0 -2 -2 6 1 
3 7 15 6 0 0 -10 4 
-1 7 3 -2 0 1 -6 17 
-5 -7 -38 -8 -5 -4 3 -48 
5 -2 37 -2 1 0 -1 1 
17 8 -24 2 -3 -2 4 9 
-30 0 19 -5 -2 -2 -9 -14 
9 9 19 30 4 4 25 39 
-7 -8 -29 -38 -7 -4 -12 -26 
-10 -1 14 7 -2 -1 2 29 
4 -2 -7 -6 -2 -4 -4 -57 
1 -6 3 7 1 -1 -19 -8 
-5 -3 -11 4 2 2 13 15 
-1 -12 -3 -4 0 -2 -3 5 
2 -22 -12 -2 -3 -2 -3 -7 
-16 2 16 3 -1 1 -2 -1 
-11 -8 -6 4 0 1 -3 2 
17 -8 -18 -11 -3 -1 -4 -3 
-10 -6 12 7 -2 -3 7 11 
3 10 -9 -8 -1 -2 -6 -12 
6 -18 -4 7 -1 -2 3 12 
-18 7 23 6 2 0 -2 -11 
7 -2 -18 -2 2 0 -5 7 
10 3 -4 -10 0 0 -2 5 
-15 4 -3 10 -3 -1 -1 -14 
27 6 7 -5 -3 -4 -4 11 
-5 -19 -16 -3 -2 -2 3 -3 
-2 -4 23 -2 -1 0 -3 6 
0 -6 -17 7 -3 -2 -7 -2 
3 -11 0 -15 -3 1 3 4 
3 -1 5 -2 2 1 -10 -26 
9 -2 -6 -3 -1 -1 -7 25 
-23 1 7 10 -3 -3 12 -34 
-3 1 0 7 1 2 4 -4 
6 15 -8 -4 -4 -6 -11 18 
-11 -6 19 -1 0 2 11 -13 
23 -1 -27 1 0 -1 -11 26 
-11 6 13 0 -1 -1 13 -21 
9 7 10 0 0 -1 5 19 
-19 -2 -5 -2 1 1 -5 -50 
5 8 14 -6 -1 -2 -14 14 
-36 -2 -2 -3 1 0 1 -2 
28 9 -10 5 -1 0 -6 13 
-7 -14 -10 -1 -2 -3 2 -7 
3 6 11 4 2 4 5 21 
0 1 8 -3 0 -2 -12 -51 
-7 -5 16 1 -2 -2 -14 6 
16 7 -6 2 -1 -3 22 11 
6 4 -1 0 2 2 12 35 
-21 -17 -12 -5 -6 -6 -12 -23 
-11 3 2 6 1 0 -6 -14 
18 4 -16 -6 -2 -5 -20 -4 
20 1 24 -4 -2 0 20 10 
-8 0 -13 0 -1 -2 -20 14 
-2 -4 -21 2 -1 -1 8 -3 
10 5 16 2 0 -1 -11 -6 
-3 -4 -12 -9 -3 -5 -15 -10 
7 22 -18 7 0 -2 -2 3 
1 -3 29 -7 -1 3 23 1 
-5 -2 -7 9 0 -1 -2 30 
-15 -24 -26 -19 -5 -4 -11 -31 
14 -3 -17 -3 -1 0 4 5 
0 20 13 -4 0 0 8 5 
-20 -29 -5 -8 -4 -1 3 -12 
-2 -16 33 7 4 0 -9 -5 
-19 -2 -11 13 -3 -5 -5 8 
26 -6 -13 -23 -1 1 12 -8 
7 -2 -14 -5 -9 -5 19 33 
-11 6 9 9 -1 0 -12 -13 
0 -11 -1 -1 -1 1 4 -11 
3 26 17 15 -1 -4 -12 7 
-4 -19 -11 -5 3 5 13 -1 
3 24 1 -11 -3 -7 -25 -31 
8 -13 -11 -1 -2 1 24 7 
-10 -11 17 -2 -2 -4 1 -1 
1 26 33 5 -1 -2 -2 6 
-18 -13 -63 -21 -3 -3 -1 28 
16 4 3 0 -1 -3 -45 -63 
-11 -18 18 11 -2 -2 10 -2 
-24 -3 -15 -9 -2 -3 10 2 
24 -1 -7 -4 -4 -2 6 13 
-8 17 9 -18 -3 0 -3 11 
-10 -7 -21 13 1 0 -3 3 
6 -34 31 10 -2 0 -15 -5 
-11 6 -21 -1 -2 -3 7 -16 
7 10 42 5 2 3 8 22 
0 -27 -41 -22 -7 -3 -4 -25 
-2 5 -13 1 -3 0 -5 32 
4 -1 7 -3 0 -2 1 -41 
-5 -7 -5 26 2 1 8 10 
4 -4 6 -30 -2 -1 -1 32 
4 21 -15 -9 -4 -4 -23 -66 
-10 -18 -22 -8 2 2 -6 -6 
-2 5 -9 13 1 0 15 13 
16 0 5 -6 -2 3 9 11 
-13 18 -16 -4 0 -3 -1 20 
-12 -22 25 10 0 -3 -12 -34 
-17 5 -3 -11 -4 -5 6 -3 
8 -11 -5 7 0 -2 -11 -15 
-3 19 -23 -6 3 5 28 17 
19 45 20 32 0 0 -5 31 
-13 -1 21 8 2 2 15 8 
0 13 -10 -26 -3 -2 0 -7 
-5 -28 25 20 5 -2 -20 -21 
23 59 15 6 -1 1 11 34 
3 -25 -24 -19 2 5 -2 -3 
-16 -11 -34 8 -3 -5 -4 1 
0 2 36 3 0 0 -8 -3 
-16 -19 3 -8 -3 -4 -56 -56 
-4 0 6 -4 -3 1 80 64 
0 8 -8 10 -2 -3 -12 -16 
19 -33 1 -11 0 -2 4 23 
5 -6 -8 31 1 -3 8 4 
-9 -23 -14 -45 -4 -7 -17 -10 
-22 -16 -4 -7 -2 0 2 -10 
32 10 -12 1 -8 -4 7 32 
-18 3 11 -5 0 -1 -1 -20 
25 -29 -42 14 1 -3 -19 -11 
1 79 62 15 3 2 2 11 
-9 10 1 -3 -3 1 -17 -32 
-11 -35 -12 -16 -7 -4 12 20 
8 30 6 5 1 -2 -20 -2 
-3 -35 8 3 3 0 -1 0 
-8 13 -6 -8 -5 -5 -6 -22 
7 -25 -27 -4 4 3 14 26 
-39 -13 1 0 1 0 -3 -11 
1 -5 -13 19 -1 0 -14 -27 
10 -7 15 -4 1 -3 22 54 
11 2 14 -2 -1 -2 14 23 
2 7 11 6 -2 -1 -19 -63 
-15 -25 -49 5 -2 -3 -5 8 
14 1 86 2 2 1 -10 -32 
6 19 12 5 -2 0 13 10 
24 18 -14 0 1 -3 -2 29 
-16 2 32 14 0 -3 -6 -13 
-4 8 -55 -37 -13 -5 -4 -7 
10 -24 -55 -12 3 2 5 23 
-3 37 99 -25 -9 -4 -13 -21 
-4 -12 -52 -20 -4 -2 1 29 
-14 2 -14 16 7 2 -9 -37 
-19 -20 -22 -24 -11 -4 2 32 
10 35 -17 37 4 6 7 -35 
34 21 -4 -2 -2 -6 -4 24 
-37 -32 -16 -20 -1 -3 -19 -13 
-6 0 64 -2 -5 -3 -1 -1 
18 -19 -37 -6 3 2 -20 19 
-34 -14 -8 -13 -6 -5 17 -29 
39 40 -1 7 4 2 1 32 
-5 49 18 14 -5 -5 -11 -65 
-3 -34 -3 -33 -4 -3 -38 13 
-3 4 -9 -8 -5 -2 19 -9 
-13 -3 35 17 5 1 9 19 
-8 10 -34 -10 -4 -3 -4 -24 
-16 -3 -48 -8 -10 -11 -20 -22 
28 9 15 2 1 3 -26 19 
-15 -10 -7 2 -3 -6 2 -38 
-27 4 27 16 8 7 55 12 
23 -12 -20 -8 0 2 -29 12 
-27 -2 5 4 0 -2 4 -12 
13 -27 -40 -2 -8 -2 -12 10 
2 9 21 -2 -1 -3 -8 -3 
4 -5 -8 -1 -5 -7 8 30 
5 16 13 15 10 8 13 -17 
-13 -34 -16 -11 -4 -3 -11 -7 
4 -14 14 -7 -5 -4 -13 -4 
13 6 9 10 6 5 -12 9 
-25 -16 0 10 -1 0 19 -36 
4 12 0 4 2 -1 23 -2 
-1 -30 -8 -6 1 2 1 24 
-7 12 -12 6 0 -1 -3 -12 
19 -20 -9 -20 -11 -6 -12 20 
-5 9 15 10 2 3 -3 -1 
-9 -21 -27 8 -1 -2 -17 -3 
-30 -4 13 -5 0 -4 25 -3 
0 2 -16 -23 -7 0 -13 -8 
2 10 -7 6 -4 -9 10 1 
11 -5 -9 2 6 4 -16 18 
-27 -19 1 4 -10 -6 15 -37 
7 23 11 13 4 -3 -81 -19 
17 -19 -16 -9 -3 4 64 54 
-17 9 -12 -12 -1 0 6 -48 
-19 -24 -12 -8 -6 -8 9 1 
23 9 29 13 3 -1 2 25 
5 -7 -18 -3 -4 1 -24 -3 
-34 -9 -8 -23 -4 -4 14 -4 
8 19 -42 3 0 -1 -25 13 
19 33 87 -1 -2 1 9 -13 
-26 -21 -25 -2 -1 -2 -3 37 
-12 22 8 20 1 -8 -19 -76 
22 19 4 -33 -5 0 -5 24 
-4 8 -12 10 2 -4 23 -5 
-1 7 20 7 1 2 -31 -40 
-8 -29 -11 -34 -9 0 16 23 
10 3 -18 21 2 2 10 20 
9 9 -2 11 4 6 15 10 
0 -7 -33 -23 -8 -12 -69 -58 
-12 -31 8 -9 0 4 67 50 
-7 -6 46 13 -2 -4 22 20 
15 -19 -52 -15 -1 4 16 17 
-37 -16 -27 7 1 -4 4 -3 
26 12 15 16 6 4 -18 -12 
5 -3 4 3 -4 -3 12 -7 
-12 -25 14 -24 -1 -3 0 18 
14 17 19 -14 -3 1 -13 -3 
28 24 -61 26 2 3 -12 13 
-30 -43 38 -5 1 3 9 2 
-6 8 -23 5 -6 -8 -18 -11 
-7 3 -9 -3 2 0 2 -6 
43 -4 -5 -6 -1 3 -17 10 
18 -14 16 8 5 4 -27 -4 
-12 -26 -1 13 0 3 36 -13 
-16 36 17 -14 0 -2 27 8 
11 -10 3 4 -4 -3 -53 2 
4 -2 -26 14 -2 -4 14 12 
4 -15 3 -11 1 -1 -16 19 
-2 7 48 6 1 4 18 -49 
1 39 2 -16 -7 -9 -23 -11 
-6 7 5 6 1 6 -1 -7 
-20 3 0 -4 2 4 3 10 
13 2 7 13 5 3 -52 22 
-2 -13 -48 -14 -6 -10 30 2 
-11 42 95 1 -1 -1 26 5 
4 -5 -47 30 -3 -3 0 -14 
8 8 -40 -28 -1 2 -32 25 
-22 -26 36 -10 -3 1 1 -15 
8 -28 -29 0 5 5 10 -2 
-11 -14 -17 -5 2 -4 -27 -11 
-3 7 29 37 0 -4 -1 -7 
11 -4 -62 4 -2 -2 33 21 
-3 -1 7 15 10 5 5 -18 
-8 -25 59 -42 -10 -3 -74 -16 
-16 -67 -17 33 -4 -6 71 4 
16 49 47 -5 3 2 -1 41 
-10 5 -30 -34 -2 -3 -7 -23 
-13 -17 -12 30 2 -3 1 -14 
36 8 -17 -35 -11 -1 -29 58 
-4 22 19 14 -5 -6 29 -15 
6 60 29 4 4 2 -11 -23 
-26 -59 -19 -14 3 -2 13 19 
13 -8 16 11 3 -1 -25 -30 
17 11 5 19 3 10 56 57 
16 4 -49 -26 -8 -5 24 14 
-42 -21 20 9 -10 -16 -3 -31 
-4 -5 1 -33 5 4 15 -6 
-24 -42 -24 -21 -6 -7 -51 -24 
-2 -63 -6 17 6 4 1 15 
36 54 -5 -9 -4 5 26 31 
-8 33 44 4 6 -3 -3 -6 
-24 -64 -36 6 -11 -5 -27 -38 
-29 -19 -24 -18 -14 -11 -22 10 
33 41 -20 4 1 10 26 37 
-13 10 25 1 -4 -7 3 -50 
6 11 4 7 7 2 -19 -40 
27 48 11 15 6 4 17 52 
-8 -12 -3 -7 -3 -8 -67 -24 
-13 7 -15 6 -2 -1 11 2 
-9 -2 -20 -9 1 0 11 17 
4 14 30 -6 1 5 -3 -17 
-3 25 15 6 -1 2 -15 -36 
14 -10 -30 2 -1 5 26 37 
-15 1 0 -5 -1 -9 -34 -35 
13 -34 -5 -8 -3 1 -3 22 
-16 -2 11 -13 -16 -14 12 -11 
-17 23 50 12 3 2 -7 -49 
12 18 -3 4 4 2 -16 23 
0 2 -13 9 -4 0 7 -12 
16 15 -40 18 27 2 20 3 
-7 -21 80 7 -19 2 12 30 
-4 -24 -60 -39 -8 -5 -17 -8 
25 58 63 29 14 7 12 28 
6 -5 51 -5 -6 5 13 20 
-18 32 -41 16 9 -6 -23 -17 
-1 -12 70 -12 17 17 26 31 
-15 -45 -46 11 -18 -14 -22 -30 
20 -8 -44 -4 1 9 31 71 
-18 28 -19 -17 1 -3 -14 -85 
17 -7 12 10 -9 -6 -1 27 
-29 15 -48 -36 -22 -12 -6 -18 
10 -1 56 1 -1 2 -24 51 
5 -31 -82 -23 -4 -6 29 -36 
5 12 -20 23 7 -4 -7 1 
-7 -62 -29 1 -10 -8 -11 -45 
15 20 24 3 1 4 11 33 
27 12 11 -13 -1 5 -4 54 
-31 2 14 33 8 4 18 -29 
-6 -26 -4 14 -1 -4 6 45 
-1 -6 27 6 -5 -1 -1 -86 
5 -22 -43 -25 -5 -13 -53 33 
4 -2 -16 -17 0 4 25 -56 
-8 5 30 24 11 8 -43 -14 
-34 7 -46 -31 -4 -6 6 12 
4 -12 -8 22 -5 -3 14 5 
-3 -37 -20 -5 -5 -2 -53 -37 
-13 8 -1 -19 -7 -6 63 21 
24 -21 -25 1 4 0 3 20 
-20 -17 -2 -12 -3 -1 -3 -25 
-32 -12 20 -7 -10 -2 -8 -15 
3 1 1 7 14 8 7 -11 
-11 9 -17 -14 -8 -8 18 -17 
17 -15 17 6 -5 -7 9 18 
1 -1 36 10 0 -2 13 38 
10 15 10 -3 4 7 -17 -30 
-16 -8 -33 -14 -12 -6 -12 -12 
5 2 -11 -9 -5 5 10 22 
-3 23 23 6 4 -6 -14 -20 
20 1 -36 2 6 3 -2 30 
-1 -24 8 -2 -3 -1 -7 -18 
-12 8 32 9 0 3 -1 -14 
13 9 2 -13 -2 -1 4 27 
0 -16 -40 -17 -7 -9 -1 0 
-13 3 -44 9 6 -2 -4 -28 
-13 -18 -15 -11 -2 2 -3 -5 
6 4 3 31 -4 2 16 28 
8 15 14 -4 -4 -6 -10 35 
4 -6 -42 -7 0 2 -6 -42 
-9 -20 48 21 5 -1 -3 -39 
10 -16 -49 -45 -5 -5 -3 17 
-6 2 40 8 -6 -3 -9 -35 
-16 -9 17 16 1 1 3 16 
6 -14 -28 -10 -3 -2 2 10 
10 36 48 11 4 2 -1 -4 
-14 -23 -53 -6 0 2 -3 -15 
-10 2 20 -20 -5 -4 3 14 
12 13 -20 5 -2 -5 0 23 
1 -17 -3 -2 -4 -2 -2 2 
-1 7 5 -8 -3 -4 -10 -46 
-16 0 22 25 0 4 -1 30 
2 4 -33 0 2 -4 8 -51 
2 -18 8 6 -3 -2 19 21 
16 3 21 -13 -3 -4 -24 -10 
-28 -48 -21 -11 -4 -10 -14 -20 
-2 20 12 -1 1 1 -2 16 
-4 -11 -26 -14 -7 -7 -2 -6 
-23 6 -16 -3 -2 -1 8 -5 
17 20 4 -2 2 2 -4 6 
13 -11 10 11 0 3 6 30 
-32 -2 -33 -6 -1 -5 -17 -65 
16 -31 34 -4 -1 -4 -5 47 
-24 6 -31 -5 -6 -6 -5 -49 
9 3 13 3 2 3 3 8 
13 4 -8 18 7 3 8 41 
-30 6 17 -16 -6 0 -2 -35 
28 -6 17 -14 -8 -5 -5 -19 
-14 14 -24 1 2 2 5 12 
13 7 0 2 0 -1 -6 6 
10 -5 1 6 -1 -1 1 16 
17 10 17 -5 2 5 1 33 
-34 -8 -6 8 -7 -5 -2 -38 
7 10 35 -2 4 2 -8 18 
-11 5 -22 -8 -3 -2 10 -19 
8 -14 0 7 1 1 6 16 
-2 -13 -10 -18 -1 -2 -8 -5 
-2 8 25 -6 -5 -2 7 15 
3 -11 -3 -1 -2 -4 -7 14 
10 6 -17 -8 -4 -1 3 0 
-2 -4 -11 7 1 0 -2 -13 
-7 -23 5 -2 -2 -3 -4 -20 
-4 23 -7 2 1 3 3 14 
13 21 2 -15 -2 -5 0 -2 
0 13 4 5 0 4 0 29 
3 -7 3 -3 -5 -2 1 2 
12 30 -12 9 3 2 0 -1 
-21 -11 5 -4 1 1 2 -17 
24 -3 -6 0 -4 -7 -4 9 
-35 3 3 0 0 1 -1 0 
12 8 11 1 0 -1 2 31 
9 -3 -3 9 2 1 -2 -28 
-24 -15 6 -8 -1 1 1 -8 
23 2 -2 1 -7 -7 -9 21 
-5 -8 4 5 8 1 2 7 
-24 -2 -14 2 -9 -2 -10 -79 
11 -9 0 -10 -2 -1 4 23 
10 15 20 9 0 0 -2 -10 
-8 -1 -7 -14 -9 -7 -4 -9 
-7 -15 -19 5 0 -2 -1 29 
-1 -7 -10 -4 1 0 -3 -2 
-9 20 8 5 1 3 4 4 
6 13 2 -9 0 -3 -7 -13 
-4 3 9 10 -1 0 3 10 
6 -7 -7 -4 -4 -3 -2 7 
-4 1 -18 -9 1 -1 -1 -9 
-12 -7 16 9 1 3 -1 -9 
35 10 9 -9 -1 0 2 19 
-12 -7 -6 3 -1 -2 0 18 
1 9 4 -2 -4 -3 -7 -57 
-7 -14 -9 -8 -1 0 1 -9 
4 -5 6 -7 1 0 1 13 
8 -5 7 -1 1 1 2 24 
0 13 -6 0 -3 -4 -2 0 
-7 -23 -8 -5 -2 -2 -6 -16 
8 -13 -1 4 0 -2 6 39 
-7 8 15 5 3 1 -5 -36 
-25 -9 -26 -1 -3 -1 -2 -5 
-6 -6 19 3 -1 -1 -1 -12 
1 9 12 7 2 1 1 21 
1 -4 -2 -2 -4 -4 -8 -27 
0 -12 -20 -10 -2 -3 -3 9 
10 10 -7 7 0 -3 0 -2 
-9 -3 10 -12 -4 -2 -3 2 
-1 11 -8 0 -2 2 3 8 
0 -3 18 -6 -3 1 3 3 
3 2 -13 4 1 -3 -1 17 
2 11 7 7 1 -1 0 -30 
7 -1 -1 -1 -2 -3 -1 10 
-15 7 -6 -1 0 -5 -1 6 
20 -1 9 3 0 1 -1 3 
3 -4 1 7 2 2 2 26 
-4 -17 -16 -9 0 2 -2 -26 
-20 2 1 5 -2 -2 -3 5 
0 -16 -11 -8 -3 0 0 1 
-23 3 22 0 -3 -1 -4 -15 
5 3 -20 3 1 -1 2 7 
36 -11 28 -4 -1 -3 -1 41 
-22 9 8 -6 -4 -2 -3 -40 
1 21 -8 5 4 2 0 -7 
-9 -24 -19 -11 -3 -5 1 12 
0 5 -2 2 0 0 -1 -10 
9 13 0 1 -4 -3 -1 3 
0 -8 9 -6 -4 -2 -2 -12 
-9 14 6 8 -2 1 -4 -2 
11 9 -6 1 -1 1 2 -1 
-7 -14 -9 -16 -6 -6 -4 5 
-1 -23 -11 11 2 0 4 6 
-5 15 12 -4 0 -2 -5 -17 
10 -8 -14 -3 -1 -1 1 8 
-6 -9 -5 1 0 1 2 11 
2 19 17 -6 -3 -3 -8 -21 
-2 9 1 1 -2 0 0 8 
-1 -12 -10 -1 2 -2 -1 -24 
0 -6 -8 0 -1 2 0 16 
-9 -9 -11 -4 -1 0 2 27 
-19 -5 13 6 -1 -4 -3 -25 
10 15 -15 0 -2 0 -3 6 
-8 2 17 4 1 0 -1 -38 
7 5 3 4 1 -3 -3 0 
3 -2 -13 -7 0 2 4 24 
-10 -22 8 2 -1 2 0 -14 
3 -18 -18 -19 -4 -1 -1 -2 
-9 -5 -18 1 -2 -5 -5 -15 
10 16 33 2 -1 0 1 11 
-4 -15 4 7 4 2 5 4 
6 4 9 3 1 1 -1 -12 
-11 -13 -18 -10 -6 -5 0 26 
-10 -10 -2 1 -1 1 0 14 
1 -12 -23 -9 -5 -7 -3 -11 
-7 12 8 3 0 0 -3 -7 
8 -4 -7 -5 -2 -2 -5 11 
3 2 6 3 1 0 -2 -5 
-15 9 8 -2 1 1 1 -16 
11 -4 -26 7 2 0 1 22 
-12 4 10 -3 -4 -3 -1 -33 
25 -33 -31 -17 -7 -7 -4 34 
-7 23 4 -10 -6 -5 -3 -23 
4 -6 -5 7 2 2 -2 5 
-8 -12 0 5 2 1 -1 -9 
3 -9 -14 3 1 5 4 6 
2 18 28 -4 -2 -1 -3 -15 
-21 -6 7 -10 -8 -7 -4 10 
20 0 2 6 2 0 -3 2 
-9 10 8 0 -3 -5 -2 -22 
1 -6 -10 3 3 0 -2 10 
1 12 19 4 -1 1 2 2 
13 -5 -5 -12 -4 -2 0 19 
-29 11 7 5 5 2 -2 -41 
0 -3 13 6 2 0 0 18 
-1 -2 12 0 -2 0 0 -7 
-1 1 -28 -2 2 2 7 13 
13 9 2 -6 -6 -4 -5 -16 
-9 0 -2 -4 -2 -3 -4 -8 
-11 -1 3 2 -2 -4 -4 -2 
3 7 8 6 -1 -1 -2 -5 
17 -1 -1 3 3 3 1 7 
-7 -36 -22 -4 -2 1 1 14 
10 24 5 0 1 1 -1 -10 
-16 -3 -12 -5 -3 -2 -2 -18 
-12 4 10 -2 -5 -5 -4 3 
3 -16 -15 -2 -2 -3 1 27 
2 -18 -12 1 -1 -2 -4 -14 
-12 -11 -4 -1 3 4 -2 -19 
-4 -5 6 0 1 -2 -1 1 
9 7 4 -1 -2 0 1 10 
-8 -3 -14 -4 0 -3 -1 -1 
3 6 9 0 -1 1 1 -5 
4 -3 -25 -1 -4 -4 -2 8 
-6 -6 18 -2 -1 -1 -4 -19 
-5 3 -6 -4 -2 -3 -3 6 
3 1 3 -1 -1 -1 -1 12 
2 8 10 4 -1 1 4 -9 
3 26 -7 2 1 3 -2 -19 
-6 -15 0 -4 -4 -2 -2 9 
-1 -11 2 -1 -3 -3 -3 -6 
-11 -6 -14 -5 -3 -1 -3 7 
2 3 -2 -4 -2 -2 -1 6 
6 -4 1 -6 -2 -3 -2 -12 
18 15 -3 2 2 2 5 14 
-25 -19 -5 4 -1 -1 -5 -10 
-7 11 -12 -8 -1 -3 -1 -9 
0 11 30 2 -4 -4 2 13 
2 -7 16 -3 -4 -1 -3 -8 
8 7 6 -5 -1 -1 -6 2 
-4 -9 -14 6 2 2 -1 9 
-2 -12 -16 -7 -3 -1 -3 3 
-4 5 3 -1 2 0 2 -6 
-1 -5 6 -4 -2 1 -1 -12 
0 9 11 1 -2 -1 -3 -5 
7 4 -23 -2 2 1 5 18 
-31 -32 -15 -3 -2 -2 -5 -20 
6 -9 5 -1 -1 -1 1 19 
32 8 -11 -2 -1 2 7 -1 
0 2 -12 -2 -2 -8 -7 13 
-19 -4 22 -1 -1 -2 -1 -38 
0 -9 -19 -4 -2 -1 0 -13 
3 3 7 -2 -1 -4 -5 7 
-13 -10 -3 -4 -3 3 1 -2 
7 3 -7 5 0 -3 -2 17 
-9 9 -1 3 -2 -1 -3 -1 
21 -32 10 0 -1 -2 -1 9 
-32 -1 -14 -2 3 3 -3 -44 
-1 -3 -18 -8 -3 -7 -7 5 
5 7 9 2 0 0 2 11 
-9 -6 13 1 -3 -3 -2 -8 
7 -1 -14 -7 -2 1 0 9 
1 6 10 -1 -3 1 -3 -2 
4 2 -23 -8 -3 -4 -2 4 
-14 -7 5 2 0 1 2 -1 
7 -1 -2 1 0 -2 1 1 
8 11 -3 2 0 1 2 21 
10 19 10 0 3 3 0 -7 
-18 1 -8 -3 -3 -4 -6 -13 
17 4 11 4 -1 -3 -2 10 
6 13 2 -2 2 1 4 28 
-27 -14 3 -6 -4 -4 -1 -35 
-8 1 -23 3 2 3 1 0 
-9 -9 7 5 -1 -2 -5 -13 
19 2 7 -1 -3 -2 -6 2 
1 -11 -1 0 1 0 3 25 
-11 -2 -14 -14 -2 -1 2 -20 
-2 -8 -18 -5 -5 -7 -5 -6 
6 -5 -8 -5 -5 -3 -2 7 
-21 0 5 1 2 -1 -7 -22 
16 27 11 7 1 0 3 32 
3 -10 -26 -4 1 4 6 -9 
-12 -5 8 -5 -4 -4 -2 -20 
16 -17 1 -6 -6 -4 -4 7 
-7 2 -9 -5 -4 -2 -3 5 
-4 9 14 2 -1 -1 -3 -5 
-4 -1 1 7 3 2 1 -10 
9 -6 -25 -4 0 -1 2 18 
8 -13 18 1 0 -2 -2 5 
-28 -14 9 -2 -1 -1 -1 -29 
-4 -10 -15 0 1 2 1 13 
-3 -12 -6 -8 -7 -2 -5 -11 
1 19 2 2 -1 0 -4 -7 
3 -35 -6 -4 -1 -2 -1 14 
-9 -12 -7 0 1 -1 4 8 
19 10 18 2 0 -1 -1 0 
-5 -8 -14 -3 -3 0 1 -31 
4 4 -18 -2 0 1 -1 39 
3 4 12 -5 -5 -4 -7 -9 
5 21 0 4 2 -2 0 5 
-4 -12 -6 -2 -2 0 -1 6 
12 25 25 8 6 3 1 -4 
-19 11 -23 -8 -6 -4 -2 12 
4 -11 0 0 -2 -1 -3 -2 
-7 8 2 0 -1 -2 -3 -7 
14 8 5 1 0 0 -2 0 
4 1 -27 2 0 2 7 5 
-5 4 53 3 1 -1 1 -13 
-8 -21 -28 -3 0 3 -1 -6 
2 5 4 -4 -3 -4 -3 10 
-18 -7 1 7 0 -4 -7 -37 
2 -9 -26 -15 -6 -6 -9 -4 
5 2 12 3 1 1 6 35 
-7 -5 -21 -13 -8 -5 -4 -33 
-5 -24 -6 -4 -2 -2 0 -4 
-6 -16 -2 -2 -2 0 2 8 
-8 -5 7 0 -3 -3 -5 -12 
7 7 0 6 2 2 0 5 
-12 -9 5 -5 0 0 1 17 
-6 15 -20 1 -2 0 -2 -38 
2 -6 7 -6 2 -1 0 4 
9 11 17 5 1 3 5 20 
4 -5 17 0 0 -3 -7 -31 
2 14 2 3 1 2 -2 1 
-7 -5 -7 0 0 -3 -5 -6 
-9 -4 -1 0 -1 1 0 -9 
