#EMG
#2
#ID:2-2
-10 2 -11 8 2 -2 13 -7 
9 9 4 8 -5 -3 -1 5 
-15 -3 13 4 1 4 9 -19 
8 -4 -8 5 1 -2 -9 6 
-3 5 28 -6 0 -5 -14 -15 
1 -2 -25 0 3 -1 -10 0 
18 -26 -16 -14 -7 -4 -10 28 
-15 9 15 8 2 0 27 15 
-4 -8 1 2 -4 -1 -35 -74 
-10 -8 17 9 3 4 29 31 
10 -7 -2 -12 -3 -5 -14 4 
-15 2 8 3 -1 -2 -2 -5 
-11 -7 -18 -5 -1 2 8 32 
-1 10 40 7 4 3 -25 -21 
-11 -11 -43 5 1 -1 6 -12 
10 10 -9 -14 -5 -3 10 42 
9 -1 -8 -1 0 4 7 -27 
-12 -8 -11 -16 -3 -11 -30 -15 
10 9 14 19 -2 -4 -7 -2 
-23 -8 17 11 3 -2 -10 -10 
6 -4 -21 -18 -6 -2 -2 29 
-2 0 -5 11 -1 1 19 -2 
15 -6 -1 -29 -3 -4 6 11 
-1 17 20 19 2 2 -9 -13 
-5 -10 0 -7 -3 -3 -10 -5 
0 -4 2 -2 -2 0 20 10 
-16 7 8 2 0 -2 -7 -11 
13 -13 -21 -7 0 2 1 3 
10 7 -2 17 5 3 10 46 
-8 -16 -28 -11 -9 -4 -16 -63 
-8 -1 9 -6 0 3 9 28 
10 0 8 -7 -1 -8 -13 -66 
-10 5 -9 5 -1 -3 -7 -1 
13 1 7 11 4 9 17 34 
-21 -20 -8 9 -1 -2 -23 -27 
-2 -20 -35 -27 -6 0 17 14 
-1 -2 14 -3 -1 -4 4 4 
8 8 2 -11 -1 2 11 16 
2 3 8 16 0 -2 -15 -49 
4 -27 -4 -8 -5 -1 -3 12 
-19 -13 -14 -2 0 0 -1 -15 
5 -3 -3 -7 -3 -6 -13 10 
-24 8 -8 -20 3 11 39 -7 
28 -5 -3 21 -5 -14 -40 -4 
-1 -11 -8 -7 -2 2 14 43 
-7 -1 9 -9 -4 -3 -5 -53 
11 2 -3 6 2 0 -4 48 
-31 4 20 -9 -1 -2 -2 -55 
10 1 -12 16 2 4 -1 -10 
-5 3 1 8 -2 -9 6 12 
-3 -15 -17 -24 -8 -9 -23 -3 
-9 -8 -6 7 0 1 28 25 
3 2 10 -1 -3 -5 -13 -12 
21 -4 -13 -3 6 9 8 15 
-27 3 8 17 -2 1 26 3 
19 -15 4 -10 0 -5 -37 27 
-23 -1 -5 5 -3 -8 2 -59 
-5 6 -35 -10 -4 -2 -20 -14 
1 -23 33 -3 -2 -2 28 29 
7 17 0 19 4 6 -11 29 
-9 5 8 -17 -4 -6 6 -40 
17 1 -12 -31 -8 -5 -8 16 
7 -21 -13 -2 2 4 -21 -23 
-22 11 -10 -6 0 1 30 -11 
13 -5 11 16 6 4 -1 25 
-13 -1 0 8 -1 -2 -5 21 
10 11 5 5 0 -4 -42 -38 
13 3 -17 -25 -9 3 56 45 
-11 7 9 -2 0 -5 -17 0 
0 -8 -2 9 0 0 20 -3 
4 27 20 12 2 -5 -29 2 
-12 -14 -20 -11 -2 -1 -18 -22 
18 24 7 1 -1 5 20 23 
-16 -11 -8 3 -2 -4 6 2 
-1 1 24 -6 -2 -1 2 22 
-3 -7 -19 10 3 5 1 -28 
13 10 19 -5 -1 -3 -4 21 
-6 8 -5 11 1 4 10 -12 
25 7 -29 -16 -5 -6 -11 68 
-41 -19 10 1 -3 -8 -26 -80 
-10 -29 -4 5 0 2 -20 -19 
1 7 -13 -9 -3 0 30 31 
-5 1 -10 -15 -1 1 17 -18 
6 -13 -7 -1 -1 -3 -10 19 
-7 6 -2 14 2 2 -11 2 
-4 0 16 21 3 2 -14 -27 
1 3 -20 -19 -7 1 15 10 
0 -21 -15 9 -4 -8 -15 -12 
0 20 12 -16 1 3 16 13 
26 -25 10 21 1 3 -6 -33 
-10 14 16 -4 6 4 4 -16 
-4 0 -11 -7 -6 -3 16 48 
-4 -14 -3 8 2 3 10 -8 
6 4 4 -18 -2 -9 -23 0 
16 34 1 3 1 3 -29 -8 
-1 3 35 17 0 -2 61 33 
-18 -11 -33 -20 -10 -7 -6 -12 
3 -2 24 -9 3 1 -3 9 
-3 -40 -37 33 -3 -1 5 -17 
-4 15 27 -16 4 6 -13 -2 
20 38 -6 -4 -4 -8 -20 21 
-25 -20 -5 22 2 -4 -14 -31 
-1 -30 -21 -29 -10 -10 10 25 
-1 15 -8 -33 2 4 -6 -25 
15 0 1 11 -1 6 4 42 
-11 -16 -20 8 2 1 1 -46 
2 5 7 -8 0 -1 1 3 
-4 11 -4 -8 -3 -5 -1 -23 
-19 -30 36 22 -7 -5 -8 -6 
39 25 -31 -35 -7 1 28 45 
-11 6 15 30 3 -2 8 -16 
7 -23 0 4 1 -2 -15 -18 
-11 -20 18 21 14 4 -8 -24 
-19 -6 -22 -30 -20 -3 -12 8 
-19 -65 -66 -23 0 -3 2 -19 
6 20 12 2 0 -2 -8 28 
-1 -16 15 12 -3 -9 -15 -31 
-12 -6 73 69 12 7 29 31 
4 19 -18 -25 -2 1 -6 -6 
-1 32 -22 2 0 -5 -7 3 
-7 -9 -48 -24 -6 -1 8 -33 
3 22 25 -10 4 -1 -9 31 
-14 11 17 -16 -6 -2 0 -13 
-9 0 -10 41 8 8 2 15 
32 -20 4 -36 -5 3 11 25 
3 1 -6 -17 -8 -9 0 -8 
-9 -29 12 13 2 -4 6 -36 
10 3 31 7 0 0 -14 -17 
-1 5 -24 -14 -2 4 18 18 
-13 -2 -1 -4 -2 -3 -16 -27 
0 -2 8 13 3 2 22 21 
3 0 22 0 -6 -7 -12 -3 
5 12 0 -4 -4 -3 -5 -5 
-23 13 -3 3 1 -2 -55 5 
13 13 3 8 3 8 92 27 
-4 -6 -3 -3 0 -1 -14 -16 
16 13 9 -9 0 -4 13 38 
-45 -18 -12 -6 1 -2 -3 -27 
5 15 12 19 -2 -3 -69 -42 
-13 -13 -1 -12 -2 6 55 44 
-2 7 8 12 2 0 -1 7 
24 -19 -43 -2 3 1 -28 11 
2 15 -16 -15 -13 -6 -21 -38 
0 -10 1 -3 0 -8 0 -19 
-6 2 -18 -4 -3 0 16 -12 
8 6 22 -2 -4 0 8 6 
-10 3 10 28 16 8 -41 33 
18 -22 -14 3 -10 -5 7 19 
-12 -4 -14 -16 -1 2 26 1 
-4 -9 -20 -8 -7 -8 23 8 
1 8 28 14 3 1 5 18 
-32 2 -7 -18 0 2 -48 -71 
22 -16 10 9 -8 -9 -9 5 
2 27 48 23 5 11 47 5 
-13 -6 -54 -3 -4 -12 -54 -2 
35 17 -14 -48 -8 1 -21 0 
-17 -8 15 9 -3 -1 43 13 
6 16 -18 0 3 0 -29 -21 
-21 6 4 2 -9 -3 67 16 
-2 -18 -7 20 3 -1 -32 73 
-39 7 -30 -39 -9 -10 -15 -65 
18 31 48 0 2 -4 -18 21 
-37 -28 -20 -25 -7 -2 -27 -31 
16 -10 -21 0 -5 -14 -29 -18 
2 10 -4 -3 4 5 72 62 
4 -6 7 10 0 -3 17 27 
-3 -24 -6 -22 -1 -2 -24 -17 
5 3 19 29 1 2 8 -25 
-7 -13 -46 -51 -3 3 -43 -7 
-9 -39 -4 26 -13 -12 -4 3 
43 9 27 1 1 2 19 -8 
-58 -15 14 20 9 5 40 -45 
7 -19 -76 -44 -14 -9 -20 -3 
7 20 -12 -23 1 5 2 -2 
5 1 34 11 4 0 19 12 
26 11 -4 26 6 3 -1 27 
-16 30 15 -11 -13 -9 -37 -26 
3 -26 -26 8 -2 -6 -7 -9 
-3 5 16 11 7 3 -3 1 
15 34 2 -26 11 6 6 2 
-10 -8 -31 3 -29 -10 -18 -4 
5 1 1 25 3 3 48 13 
-19 -22 -26 -46 -7 -7 2 12 
7 -4 76 30 11 1 1 1 
-10 -15 -10 -2 7 0 -35 -21 
11 18 17 0 -1 7 47 4 
27 61 -28 -2 -6 -7 -19 16 
-29 -13 2 -15 -5 -9 16 -17 
-5 -12 38 32 -2 -4 -44 -56 
-7 -8 -35 -19 2 4 -13 4 
-3 0 14 1 -2 -1 -11 -15 
35 12 -26 -16 -11 -2 44 84 
4 -15 22 30 8 0 -7 -30 
-28 -9 -25 -27 -1 -9 -14 -32 
2 4 26 24 1 6 15 11 
7 -18 -22 -17 -19 -9 -24 -3 
8 26 13 15 18 18 0 10 
-14 -26 26 1 0 0 32 55 
-7 15 7 -6 -4 -8 -5 -53 
3 -11 17 9 0 -1 -16 -11 
11 21 1 24 12 5 1 24 
-14 -11 31 -16 -5 -5 -13 -24 
-17 -28 -26 -15 -7 -3 -2 -33 
22 36 -25 4 -3 -2 -18 1 
5 -35 14 2 5 5 28 22 
10 9 5 17 0 1 -32 -9 
6 -24 -40 -51 -16 -8 -6 35 
-14 11 -31 -5 -5 -3 29 -14 
18 25 17 19 1 -6 -5 42 
-13 -1 0 -25 -10 0 -11 -62 
19 -7 -15 12 10 5 -5 24 
3 13 66 -23 -13 -6 2 40 
-31 -38 -47 33 1 -9 -10 -58 
34 33 30 -5 4 0 -3 26 
-16 -31 -68 -17 -5 -1 5 -30 
-26 15 38 20 -4 6 -5 -15 
16 15 42 -41 -3 -2 14 41 
-5 13 -21 28 4 -6 -26 -36 
-5 -8 15 41 -4 0 -1 2 
5 3 -43 -18 6 3 -16 65 
13 24 -8 -29 -7 -10 12 -100 
6 19 -25 -25 -4 4 -53 22 
0 -6 84 16 3 -7 34 -7 
-41 -29 -25 17 2 2 -2 -24 
4 13 -12 -3 6 25 27 32 
-6 -13 -6 -32 -12 -33 -97 -60 
-11 27 27 24 8 11 83 74 
44 -7 30 -15 6 0 -6 -7 
-30 -34 10 38 -3 -4 -39 5 
7 4 -30 -19 -4 6 58 -2 
-6 15 13 -17 -9 -6 -46 -27 
-24 -6 -15 16 5 -7 5 -19 
6 2 -3 -19 -1 -5 -5 30 
3 -9 -13 3 4 15 14 11 
-2 14 -2 6 -1 -6 -28 35 
8 -12 3 -26 -11 -10 36 -25 
19 17 8 49 8 -5 -31 -25 
-22 -16 -11 -24 -5 3 9 -3 
-11 -9 -16 -19 -7 -2 3 -19 
22 -6 -19 7 5 4 -14 23 
-13 -1 16 -5 0 -8 6 2 
8 -11 -5 -1 -12 -1 23 19 
24 18 21 9 18 20 1 1 
-8 7 12 25 9 0 -9 -15 
-18 -8 3 -11 -10 -6 8 4 
21 -7 -4 8 6 0 12 28 
-8 17 4 -28 -3 -7 -19 43 
-27 -30 -1 3 2 -2 -8 -96 
19 -10 -28 -18 -10 4 11 6 
-10 4 9 12 0 -10 -15 -21 
-39 -39 -38 13 -6 -5 -4 33 
-16 11 9 -6 0 -3 -5 -27 
13 -13 5 2 2 -2 5 19 
11 -12 -7 -11 -1 1 5 4 
5 -5 -15 -3 -4 -3 -5 -13 
-2 7 3 24 1 8 7 17 
-11 3 6 -63 -8 -5 -6 -22 
-20 -8 6 11 0 0 1 8 
20 -5 6 11 5 1 0 8 
10 4 -24 -18 -9 1 1 -14 
-20 6 2 14 0 -2 -9 16 
0 20 23 15 1 -2 11 58 
-10 -9 3 -7 -5 -8 -20 -101 
9 -8 -32 -13 -4 1 2 46 
3 4 -6 -1 1 2 8 14 
-9 1 -3 -2 0 -1 -14 -17 
7 9 16 23 -1 -1 3 -7 
-12 3 -2 -2 -7 -6 -1 -2 
-7 0 11 8 5 0 -10 -8 
-12 2 16 13 5 2 3 -4 
13 -1 -3 -12 -3 -7 -5 -3 
12 0 -4 -12 -5 -3 -4 21 
-3 8 -7 1 -2 2 10 -7 
-3 -15 -10 4 0 0 2 -7 
8 -3 7 -13 3 2 -3 5 
-17 12 -11 2 -6 -2 -1 -7 
8 4 -8 5 2 1 -2 2 
-29 -17 -11 -4 -3 -1 4 17 
7 2 -3 0 1 -3 -10 -46 
4 3 33 0 -2 -4 -3 26 
3 -11 -58 -3 0 -1 -1 -14 
8 15 22 -1 -3 -1 4 7 
19 -10 -4 7 -1 1 6 9 
-10 -7 -4 -5 -2 2 -4 -44 
-10 0 11 3 0 -5 -12 -5 
2 3 0 3 -1 -2 7 2 
7 -15 -16 -8 -6 -6 -6 7 
-12 9 17 2 1 0 -1 23 
-2 7 1 1 -1 1 1 -22 
21 -21 -13 -5 -1 -4 -8 -15 
-33 4 1 -1 0 4 7 44 
4 -9 0 3 2 0 -12 -55 
3 22 4 -8 -4 -6 0 16 
-1 -6 -15 -11 -2 -1 7 5 
4 -3 9 -1 0 1 -15 -24 
17 -7 4 1 2 1 22 61 
-30 2 8 16 5 2 -6 -50 
3 8 5 -9 -8 -7 -7 -14 
6 3 -4 -3 -5 -2 3 9 
-11 6 -9 6 11 5 0 15 
9 -19 27 4 3 8 10 5 
5 -22 -61 -22 -13 -11 -11 -13 
-23 -1 5 6 -1 -2 0 -13 
11 -2 4 5 -3 -5 -7 9 
-1 9 17 7 3 1 6 30 
-4 14 29 7 5 6 1 -20 
4 -4 -27 3 1 -2 -2 27 
15 -23 -31 -17 -1 -3 -1 -18 
-24 -12 -2 -9 -13 0 -2 -10 
32 6 11 -7 1 -2 -5 7 
-12 -10 3 0 3 -2 -1 -10 
-1 -4 -3 -5 -4 -3 -3 5 
21 -9 -2 2 4 1 5 40 
-29 5 6 23 6 2 -3 -49 
-1 8 12 -17 -6 1 2 18 
3 -15 -20 -5 -1 -1 -1 26 
4 5 8 0 -1 3 7 -5 
-20 -18 -22 4 0 -7 -13 -16 
23 -2 -2 2 -3 -1 3 26 
-27 -7 -9 -18 -11 -7 -9 -45 
3 9 1 7 3 -1 -2 13 
5 18 11 3 1 4 12 14 
-2 1 -1 2 1 0 -1 -19 
2 18 26 2 -1 -2 -1 12 
4 3 -18 5 7 7 18 24 
0 -25 -10 -6 -1 -3 -20 -36 
-18 -24 -5 -22 -11 -6 -2 3 
-10 -1 -8 4 -4 -1 -7 -14 
3 4 15 8 1 -8 -8 -11 
3 11 12 -2 -4 -3 6 22 
10 22 13 11 4 1 1 -8 
2 -10 -14 -5 2 6 4 12 
9 -6 -3 0 1 2 2 -8 
-22 -24 -6 -16 -8 -7 -9 -3 
4 -6 -6 0 -1 -3 -3 -5 
-5 0 2 -7 -3 -1 -1 -5 
-1 -12 -11 -13 -4 -4 -6 3 
2 26 20 28 5 4 8 19 
-7 -14 -25 -16 16 6 2 -3 
-1 1 3 -26 -29 -8 -2 -2 
7 2 -18 -2 -6 -7 -10 -2 
0 -18 10 0 -3 1 2 6 
1 8 10 20 2 1 1 -11 
-9 6 1 14 13 3 4 21 
9 12 19 2 6 5 -2 -32 
0 4 -16 -9 -5 -6 -1 18 
3 -22 -23 0 -6 -2 -2 -23 
3 -8 -18 -18 -4 -5 -3 8 
-10 -1 8 -2 -8 -6 -4 6 
-24 1 17 7 5 5 -1 -27 
19 8 -17 -4 -5 -2 -3 36 
-7 14 3 -3 0 -2 -2 -14 
1 -35 -9 -4 -1 -2 -2 36 
-2 -3 -12 -2 0 3 3 -44 
-13 1 6 -1 -8 -6 -7 -4 
12 7 7 7 2 0 2 -7 
-21 17 7 2 -2 -2 -1 27 
4 -17 -18 -4 2 3 8 -22 
-6 -3 -4 0 2 1 -7 -2 
23 3 18 9 3 -3 -7 -4 
-19 -10 -18 -19 -5 -2 -1 -9 
3 4 -18 -7 -6 -4 1 25 
3 13 24 18 3 -2 -4 -11 
-5 -6 -14 -21 -5 3 -1 -10 
10 4 -1 -5 -2 -8 -9 -5 
4 7 3 -10 -4 3 5 19 
-4 -14 -12 0 3 2 5 -4 
-6 1 16 9 3 0 -3 -9 
-2 3 4 15 1 4 3 -10 
14 30 48 8 4 0 -2 15 
-14 -9 -16 -20 -12 -11 -13 3 
-29 -32 -30 -11 -11 -7 -2 -8 
8 -2 -12 -2 -2 -4 -1 -5 
0 6 -3 2 0 -1 -1 14 
11 7 40 19 3 3 6 3 
1 13 0 9 3 3 0 -3 
0 -1 -2 -2 0 1 0 -3 
-1 -13 -28 -1 -2 -1 -2 10 
-2 -1 -18 -23 -9 -5 -2 -6 
4 -7 5 3 2 -3 -2 -2 
-8 1 -7 1 4 6 3 -6 
2 -2 14 0 -4 -2 -3 12 
7 6 -5 4 3 2 2 -4 
-27 -15 2 12 6 0 0 -10 
10 0 11 -8 -14 -3 4 30 
-4 -16 -26 -34 -13 -9 -12 -42 
-1 -4 8 5 0 1 1 -3 
10 8 -11 -4 1 0 0 10 
2 0 0 10 0 -5 -7 0 
-16 -8 -2 -1 5 4 3 -4 
2 3 19 -4 -2 -3 1 -4 
8 6 -2 17 1 1 3 -1 
0 -22 1 0 2 0 -1 -1 
9 7 5 -3 -4 -5 -7 11 
5 -4 -11 -4 -1 0 -1 -3 
0 11 10 7 5 6 8 44 
-2 -2 3 -9 -6 -7 -8 -66 
-10 -11 7 7 1 -4 -4 20 
9 18 -3 -5 2 5 0 -14 
2 3 -5 -1 -3 0 -3 2 
-5 1 6 -3 1 -3 -3 9 
11 -7 -7 1 -3 -2 1 8 
-33 -9 -5 -2 -4 0 2 0 
-10 0 -5 -3 -1 0 -3 -16 
4 8 3 -5 0 0 0 5 
-4 -9 5 3 1 -1 2 -7 
10 6 9 12 6 4 5 27 
-4 -7 -18 -10 -7 -2 1 -25 
-5 -17 -3 -16 -15 -12 -13 -17 
7 2 7 4 -2 -2 -4 11 
-16 -7 -15 -4 -7 -3 -5 -32 
2 -4 19 6 4 -1 -3 5 
4 19 -1 6 3 4 6 13 
4 10 -1 3 2 4 2 -11 
-13 -3 19 6 3 -3 -1 35 
-8 -14 -30 -21 -11 -6 -5 -38 
-3 -3 -13 -9 -5 -8 -6 -4 
-6 4 -4 -3 -2 -2 -1 1 
-3 -4 7 8 3 1 1 -5 
11 5 7 4 -2 -1 -3 10 
0 -1 8 -3 2 7 8 47 
-5 -10 -5 5 3 1 -2 -70 
-4 -19 11 12 -2 -6 -4 -7 
-3 -9 -34 -43 -9 -5 -1 -1 
-5 -1 -1 0 -5 -4 -4 -7 
2 1 6 5 -2 -1 -3 18 
15 7 -4 -7 -3 -2 -3 3 
7 2 12 10 3 -5 -5 -4 
-10 7 7 14 6 6 5 1 
1 6 -20 -32 -12 -7 -3 12 
-4 5 2 -2 -3 0 1 -7 
-10 -3 10 6 5 4 -1 -4 
-5 -10 -13 -2 1 -3 1 -7 
-4 -2 3 11 3 -3 -7 4 
15 7 -5 -7 -2 0 3 8 
-6 19 1 7 1 1 1 -10 
3 -6 3 -3 -1 1 1 -14 
-2 -16 -14 -6 -3 -5 -2 12 
5 1 -4 -10 -5 -2 2 16 
8 3 14 10 2 2 3 -1 
9 5 -3 -6 -4 -1 -2 -5 
-20 -10 -13 -7 -3 -2 -1 16 
-10 -1 -4 -4 -2 -4 -9 -43 
10 -2 12 7 0 0 2 26 
-3 0 -3 4 -1 1 -4 -23 
9 3 6 1 2 2 2 4 
6 11 6 -1 1 4 6 15 
-2 -17 -15 -5 -2 -2 -2 21 
-17 -6 -5 0 -1 -2 -6 -24 
0 -14 -11 -12 -9 -8 -2 -2 
-10 -2 4 3 -1 -1 -3 -7 
-2 7 5 0 -5 -3 2 1 
9 3 -4 3 4 3 2 20 
-2 14 7 15 9 6 3 -5 
14 9 -4 -17 -4 0 0 3 
-21 -23 -21 -11 -6 -7 -6 -11 
-9 -5 -5 -8 -3 -3 -3 8 
4 3 5 3 1 -1 0 -4 
-6 -1 5 9 3 1 -3 -2 
-1 4 10 6 0 1 2 -17 
28 14 10 0 2 -3 -3 17 
2 -13 -22 -5 -6 -1 3 21 
-4 -9 -8 -1 -2 -5 -8 -34 
6 9 14 -4 -3 -1 0 5 
4 8 7 6 4 3 5 -4 
2 8 5 2 -1 -1 -3 16 
-23 -18 -22 -7 -3 -3 1 11 
6 -11 -14 -8 -4 -3 -14 -25 
4 -1 9 4 0 1 1 6 
5 -1 3 -4 -1 -2 -1 -9 
-2 -2 7 5 2 6 6 6 
15 13 12 5 3 -1 -2 -2 
-36 -13 -3 10 -3 -2 -3 -10 
-4 -9 -10 -6 -6 -6 0 -13 
-2 2 -2 3 -2 -4 -6 -5 
-1 2 1 -1 4 2 1 15 
13 2 -4 2 9 5 6 5 
-8 8 18 9 -7 -2 -6 -14 
-2 1 -26 -6 -5 -6 -3 7 
6 -10 -9 -14 -5 -3 1 4 
-15 1 0 -1 -3 -5 -7 -21 
2 3 2 0 5 4 -1 -1 
13 13 17 3 4 6 6 6 
-10 -12 -14 4 -1 -5 -7 8 
3 -17 -1 -6 -8 -3 -4 -2 
0 -4 2 -3 -3 0 5 28 
-7 -3 -10 -13 -5 -9 -11 -59 
0 4 14 10 4 2 5 4 
12 1 -13 -10 3 2 5 12 
-24 3 -1 3 0 -2 -2 -14 
23 -5 -15 -2 0 -2 -3 8 
-38 -6 -6 -8 -6 -4 -2 -11 
10 9 -4 -6 -3 -4 -3 -1 
0 -15 3 -1 2 -2 -3 -4 
5 -8 -6 5 -1 -1 -2 13 
0 9 12 -3 2 6 8 26 
-2 -9 -12 -2 -1 -1 -2 -67 
11 -5 -15 -6 -5 -7 -8 19 
-12 -9 10 -1 -2 -5 -2 1 
10 5 2 3 -1 -2 -2 5 
-7 -4 -3 -2 -2 2 5 23 
-2 6 -8 -1 2 3 -1 -15 
-6 -9 8 -4 -2 1 -1 31 
4 -1 -19 -4 -5 -1 -3 -49 
-25 -9 -11 -2 -2 -1 -2 1 
16 -1 12 2 1 -3 0 -19 
-2 -7 -12 -3 -1 0 3 35 
-6 -2 2 -1 0 -2 -12 -50 
0 0 2 0 -2 -2 3 30 
-14 -16 -12 1 1 0 -6 -32 
-3 9 26 5 4 -1 9 8 
8 -13 0 10 5 2 0 -3 
-3 0 -8 -6 -5 -5 -8 -12 
0 -6 -10 -4 -1 0 2 16 
-17 13 15 0 -1 -1 3 -16 
10 1 -5 5 6 -4 -4 14 
-9 -1 6 2 -6 -3 -2 7 
-6 8 8 -9 -5 -3 2 14 
15 -7 -20 -6 0 2 -1 -26 
-23 1 1 -4 -3 -4 2 13 
18 -19 -8 -5 -4 -5 -3 8 
-5 -7 2 4 2 1 3 15 
1 1 -2 1 -1 0 -4 -33 
-10 3 11 8 2 1 3 7 
25 2 -22 -7 -2 -1 -6 4 
4 -8 4 3 -2 0 5 -12 
10 8 3 -10 -4 -1 -4 19 
-10 -5 17 7 -4 1 3 16 
3 1 9 1 3 2 0 -26 
-21 8 -3 1 1 1 -2 1 
-2 -11 -6 2 -1 -3 -4 -8 
16 10 7 -3 -4 -2 -1 -9 
5 12 -6 2 0 -3 -5 12 
-4 -1 -10 5 -1 2 0 -6 
-32 -4 3 -13 -5 -5 -2 5 
-2 -4 -12 -4 -1 -2 -3 -20 
-7 5 9 0 -2 -4 -1 5 
9 9 13 9 7 3 0 -4 
-3 1 -7 2 -1 0 3 5 
4 -25 20 3 -3 -4 -2 12 
-12 1 -16 -8 -4 -4 -2 -4 
0 -6 -10 -20 -8 -4 -5 -12 
2 9 -2 3 1 0 -3 2 
-2 6 -1 0 3 4 2 7 
19 7 7 -1 2 4 10 45 
-13 -2 20 8 -3 -4 -6 -34 
-11 -16 -47 -25 -8 -6 -3 -6 
4 8 1 -5 -2 -7 -7 -3 
-6 -17 14 7 -1 2 1 14 
11 17 -1 -5 2 0 1 16 
19 -1 22 10 4 3 1 10 
-25 -4 -48 -15 -4 -3 1 -15 
1 -9 1 0 -3 -4 -4 10 
-3 -13 -14 -9 -6 -7 -5 -27 
-2 4 12 8 1 0 -4 -14 
14 3 3 -1 0 1 1 15 
-5 -2 2 6 1 2 3 -4 
-11 4 4 2 3 1 6 -5 
4 -19 -13 -2 -8 -8 -12 3 
8 6 3 -13 -5 -4 -3 2 
-3 2 -2 -3 -2 -4 -6 -21 
-9 2 5 3 1 3 5 15 
7 9 -6 8 7 5 8 7 
16 1 6 1 0 2 8 29 
-16 -14 -18 -11 -11 -9 -13 -22 
3 -18 -3 -10 -1 -3 -4 -12 
-1 12 10 3 -1 -3 -1 -5 
6 4 3 3 0 1 2 9 
11 11 3 3 5 2 2 11 
9 3 -2 6 3 0 -3 -3 
-10 -29 -17 -20 -7 -4 -1 13 
2 14 -3 4 -2 -3 -4 -4 
-1 -20 -6 -1 0 -2 -3 -23 
22 14 6 2 -2 -1 0 8 
-18 -6 5 9 3 4 9 11 
-18 -6 -4 -7 -2 -2 -6 -24 
5 17 7 4 4 0 -5 -20 
0 -10 -8 -2 -10 -4 -2 13 
13 16 6 -7 1 1 -5 -1 
4 -1 -1 0 0 1 6 3 
-19 -5 11 7 2 0 2 14 
-3 -18 -9 -10 -1 -1 -6 -27 
-2 -2 -6 6 -7 -6 -4 19 
-10 -12 -6 -4 -6 -5 -9 -45 
3 12 5 -5 1 2 1 3 
7 3 -4 -3 -3 1 3 27 
5 7 10 -1 2 2 2 -18 
-7 8 -8 3 0 -1 -5 15 
-1 4 1 -2 -7 -2 4 5 
-7 4 7 -6 -1 -6 -7 -2 
-16 -1 -8 3 4 4 3 -8 
11 6 13 7 3 1 -3 3 
-10 -3 -25 -15 -5 -2 6 19 
19 7 -4 -1 -3 -6 -11 -4 
-13 -30 -1 -9 -7 -5 -5 -21 
7 12 5 4 2 0 0 4 
-8 0 6 -1 -4 -3 -6 -11 
-2 3 3 11 7 7 7 7 
19 9 24 5 6 -1 -1 8 
-23 -16 -49 -19 -13 1 -1 16 
