#EMG
#9
#ID:9-33
13 16 -1 8 -2 7 24 -15 
15 11 0 -11 6 -2 8 28 
-62 -17 6 -17 -11 2 -4 -17 
12 6 19 -4 0 -3 2 0 
-6 11 0 13 -1 -6 -4 3 
-1 3 11 14 6 4 -6 -26 
10 -23 -21 0 4 -1 -1 12 
8 35 29 -9 -2 6 4 6 
-29 -26 -26 -11 -3 -8 -26 -18 
-2 18 13 16 2 0 11 3 
4 -30 -13 1 0 -1 -2 4 
-10 6 4 3 -2 1 -1 -20 
16 1 16 9 -2 -3 2 25 
-10 2 -32 -23 -5 0 -17 -11 
9 -4 10 6 7 -2 -9 -31 
9 -20 -12 9 6 -2 12 13 
-14 -9 8 -14 -11 -2 8 -15 
-15 -13 -21 7 -2 0 -21 -9 
21 6 11 1 2 -2 2 9 
-12 -11 -27 -19 -13 -5 -8 7 
-24 -11 -15 10 0 -1 -2 -8 
8 -17 5 -11 -2 -3 -7 -5 
7 19 -9 -17 -3 -2 1 4 
-8 -9 -19 8 -2 -5 -10 -3 
21 11 2 8 4 -4 -3 19 
-21 -9 30 1 0 1 -4 -24 
3 13 -26 5 -4 -2 8 17 
-4 3 -5 1 -2 0 -7 -16 
11 3 -3 -15 -2 1 15 17 
-19 13 26 9 3 -3 -8 -14 
13 -9 -22 6 3 3 -2 -16 
-4 9 39 -22 -11 -8 2 -18 
-25 -7 -16 7 6 1 -7 0 
8 6 10 17 5 -1 -4 21 
-14 -6 -9 -12 -11 0 7 11 
-1 14 -5 -1 5 5 -7 -11 
5 -21 -1 -11 -8 -2 18 13 
5 10 -2 -14 -7 0 9 10 
-5 7 -10 17 4 -5 -22 -29 
-4 8 10 13 5 1 3 9 
14 -13 -16 -13 -1 -2 2 -10 
4 5 -4 8 -3 -2 5 18 
3 -8 -21 -11 -6 -3 3 4 
4 4 -1 -1 0 1 -1 -1 
-19 11 -32 4 2 -1 -6 -13 
13 -25 15 7 2 1 -7 13 
-14 16 14 -24 -10 -5 -13 -25 
19 -12 11 10 4 -1 0 2 
-1 0 13 26 1 4 -1 -3 
-53 -5 -49 -39 -6 -4 -7 -43 
4 -9 13 2 0 0 2 13 
3 -11 -44 -7 -6 -3 12 9 
1 -2 8 5 -2 -4 -18 -12 
26 12 18 17 -2 1 28 29 
1 -11 -14 -3 0 -1 -25 -5 
1 4 -8 -13 0 -2 7 29 
0 16 -2 -11 0 -2 23 -6 
-4 -12 2 12 -2 -1 -12 14 
-6 -2 -20 -15 -2 -4 0 -24 
10 -8 8 7 -2 0 -2 -13 
19 4 -10 -12 0 -2 -7 10 
-33 -16 -10 19 3 -1 -11 -5 
-7 14 -5 -21 -8 0 26 22 
0 -5 -19 -13 -5 -4 -53 -17 
-14 14 12 0 0 2 59 -16 
34 6 14 -4 -1 3 31 42 
-2 -9 -3 25 3 -6 -11 -19 
-18 12 -8 -5 -6 3 35 24 
14 6 -8 -10 1 -4 -67 -28 
-20 -9 8 -10 -5 -9 -80 -49 
32 7 12 7 6 12 98 95 
-14 -19 -3 7 3 -6 -77 -76 
-35 -7 5 7 2 11 70 35 
0 3 -5 -6 -5 -7 -9 -29 
-14 -6 1 -14 2 2 -26 11 
11 -19 -54 13 0 -1 11 -13 
23 -4 33 4 -4 -1 -1 48 
0 20 -9 18 3 0 -32 -45 
-3 8 -40 -25 -5 -3 -8 -21 
1 18 37 15 -3 -2 51 50 
-25 -12 13 -5 -2 -7 -98 -87 
3 23 -4 -6 -1 5 71 41 
23 -2 42 23 8 0 -53 5 
-13 -14 -15 -19 0 6 21 0 
20 6 -21 -8 -5 -9 -41 -23 
3 -9 24 -7 -2 0 18 18 
-10 -10 22 20 7 4 -21 -32 
8 19 7 -8 5 6 9 29 
-9 -28 -32 -6 -11 -11 -10 5 
-13 -2 -24 -11 0 2 22 -33 
-30 -13 -4 4 -4 -10 -24 -19 
11 7 -12 -4 3 5 7 19 
2 12 -2 0 4 10 4 11 
3 -30 -11 -2 -1 -4 -23 17 
5 9 10 -11 -3 4 45 34 
-9 7 -6 5 -8 -8 -17 -67 
1 -21 -7 -25 -9 -6 15 42 
18 -1 1 15 8 8 -21 -14 
-6 17 2 -2 -2 0 3 -19 
-5 3 17 -1 -2 -5 3 3 
-3 -11 -27 -1 -4 -8 9 33 
16 22 26 -10 -4 -8 -50 -41 
-16 -23 -45 -13 0 -7 -10 13 
-4 1 -2 2 -3 -3 -18 27 
3 33 71 22 12 10 2 -30 
-10 -28 -42 -3 4 -15 3 -9 
-9 1 17 -2 -13 4 -46 -31 
16 -14 28 18 -8 -7 23 10 
1 -9 9 -25 8 10 -2 4 
2 -4 -35 -7 -6 -3 1 19 
-1 -27 -28 0 5 -4 14 0 
3 20 32 29 6 -4 -39 -11 
-61 1 12 12 -1 5 12 4 
9 20 24 -5 1 5 -16 -12 
29 -3 -79 7 7 -4 14 0 
-14 55 44 -31 -14 4 16 17 
18 -38 4 16 18 0 2 -22 
-14 -15 39 16 -27 -13 -23 -31 
-17 -22 -34 -58 -2 9 18 25 
17 14 39 14 8 -5 -18 -33 
-2 -29 -65 21 -2 -16 -7 -3 
3 12 18 -4 1 14 17 14 
6 -4 44 46 -10 -9 5 15 
-5 5 -35 -12 -3 5 3 0 
-3 -2 16 -30 -2 -11 -13 -41 
10 19 -5 16 -8 1 10 62 
28 80 7 -10 8 12 44 -11 
-24 3 36 16 4 -5 -32 -58 
-7 -21 -47 16 -5 -8 -40 -14 
-10 22 -7 -29 -9 -2 47 32 
-2 -8 35 10 2 -8 -32 -40 
8 -29 -31 19 -1 -5 13 54 
9 35 17 -53 -9 13 15 -24 
3 2 20 10 9 -7 -38 -14 
8 -16 47 16 -10 -2 -11 27 
-17 21 -46 1 14 7 -12 14 
21 -49 -6 -28 -19 -13 42 0 
7 -27 2 23 7 4 -13 6 
13 -17 -41 -26 -7 -2 1 -21 
-31 -13 30 -11 1 -6 -28 -23 
3 -21 -34 0 -9 -12 0 37 
23 -7 -40 -43 5 -5 1 3 
-25 4 19 59 -9 0 7 -40 
76 -25 -34 -43 -10 5 32 69 
-10 46 9 -23 2 8 22 -39 
-33 21 23 54 8 -3 -31 -54 
-25 -49 36 24 -11 -7 42 75 
-11 -18 -60 -76 -10 -2 40 -49 
33 30 3 17 -5 -3 -22 34 
-31 -9 -5 -14 7 10 1 32 
83 20 0 2 13 0 -11 -25 
-80 -47 6 -17 -15 -19 0 -28 
-28 30 45 10 2 12 42 -11 
10 -76 -68 -12 -13 -6 55 18 
-43 31 17 2 5 1 -128 -61 
86 -10 -1 -12 1 4 82 56 
45 43 -14 16 6 -5 -36 -17 
-25 -62 59 -14 -3 3 -81 13 
-14 24 -36 -19 -5 -9 44 25 
-26 -36 -17 25 11 17 -50 -55 
-4 35 -23 -4 -9 -17 -32 48 
57 15 52 48 3 5 -9 -22 
-59 -14 -13 -51 -11 -10 -82 -58 
-35 -58 -27 15 -7 0 62 61 
-2 6 34 17 10 5 -25 -75 
31 25 -39 -30 -8 -7 26 70 
-22 -35 13 -8 -2 -2 33 -3 
11 67 6 26 -2 0 -24 -7 
-13 -20 -8 -3 -1 -2 -48 -15 
-24 32 10 -34 6 4 25 -29 
-5 -12 -7 -6 -18 -9 16 22 
-20 -19 10 39 1 -5 -20 -9 
19 21 46 16 23 11 -8 5 
-7 1 2 -5 -18 0 22 -6 
17 8 -61 -26 3 9 -13 -18 
-9 28 35 20 9 -5 -45 -36 
-8 -9 8 -2 -9 -4 -17 44 
24 23 38 -18 13 0 82 19 
-1 -3 14 5 2 14 25 55 
25 8 -20 1 3 -10 -14 -52 
-11 -5 7 17 3 5 32 4 
8 -31 -55 0 -17 4 -21 -19 
-17 -18 -18 -40 -11 -17 -8 32 
1 4 -12 -22 -1 -1 16 -17 
18 11 -34 -2 -21 16 39 92 
-25 -3 23 16 14 -18 -78 -71 
3 -15 -57 34 -13 -14 -7 -51 
13 12 38 2 12 -5 -7 12 
-13 -13 -45 -38 -10 8 35 -2 
-5 -15 -51 -14 -19 -6 -27 18 
-5 -5 14 16 12 -3 -8 3 
-6 -3 -14 -1 -10 -6 0 0 
6 19 64 41 30 12 7 49 
-6 68 -4 -24 13 14 39 -52 
-2 -82 -16 33 -10 -13 -2 71 
1 17 -7 -2 -5 8 -4 -28 
-40 1 -83 -11 -3 -9 -80 -84 
31 8 5 -3 -5 7 100 71 
-1 -49 58 55 7 0 -7 -8 
4 16 82 35 19 10 -9 67 
22 8 -51 -56 -25 -17 -85 -67 
-14 -5 2 9 11 7 42 70 
-15 20 -24 -34 -5 0 -7 -75 
6 12 -31 -42 -1 10 30 38 
-37 -28 25 47 8 -18 -19 -7 
-61 -48 10 34 -3 -11 -33 -65 
68 26 58 1 14 27 110 46 
-10 -25 -89 -8 -4 -10 -16 -1 
-24 -35 -19 -14 -8 -9 -15 -27 
29 -14 -43 -17 -5 -10 -65 31 
-13 36 -16 -15 2 19 49 -24 
-21 17 90 22 11 -8 -99 -103 
10 -37 -3 -11 -12 5 127 86 
-25 -18 -23 15 -2 -18 -73 -48 
8 17 -22 -20 -1 2 -1 42 
31 17 -8 -7 -6 4 -21 17 
-18 -13 54 7 -1 -13 -8 -47 
6 35 17 2 11 12 16 25 
20 -4 -50 -25 -20 -2 3 8 
-8 46 12 -3 6 -15 -10 -22 
20 -7 -47 -8 -12 5 16 60 
-32 -1 14 21 -4 -5 -38 -114 
4 23 39 0 -2 -9 -31 12 
34 29 7 -39 -1 12 25 22 
-13 -58 -7 -7 -5 -9 -13 -55 
2 48 14 10 18 12 25 33 
-7 -23 -24 -9 -23 -22 -19 -12 
-7 12 70 -1 -9 -1 34 44 
4 17 25 11 50 15 24 9 
17 -9 -26 -39 -80 -8 -9 19 
-20 -31 12 2 26 -17 -71 -55 
-9 -30 -1 41 -5 20 39 34 
14 11 -65 -48 -6 -10 -6 11 
-7 -79 35 29 22 -3 -28 -2 
20 51 -13 15 14 29 61 52 
-26 -82 2 -24 -7 -25 -20 -46 
9 5 29 10 -42 -1 -15 -13 
10 28 1 -8 19 7 5 4 
-29 -42 -26 0 10 0 -25 -32 
-12 -34 38 -14 -10 -11 -14 -6 
0 40 39 -3 2 5 -4 15 
7 12 -61 1 2 -4 10 -10 
21 45 81 19 14 6 5 66 
11 7 -72 13 25 20 32 -12 
-29 -20 45 4 0 -10 -33 -53 
17 -8 -6 -59 -36 -13 3 7 
10 9 26 29 12 0 2 -6 
-16 -16 -41 -23 -11 -1 -5 56 
10 47 52 35 11 7 25 0 
-23 -1 -33 5 20 -10 -33 -23 
18 2 11 -15 -12 -3 -14 -8 
-15 -22 -60 -48 -4 0 1 -30 
27 2 12 54 6 3 26 49 
-23 -4 19 8 -4 0 0 -14 
-18 -3 -2 -33 -11 -7 -4 3 
27 13 -29 -4 -10 -4 -9 1 
-41 -18 -22 43 7 -2 -38 -43 
50 -28 -6 -36 -8 2 42 60 
8 27 14 -21 -5 -2 -1 -12 
19 -4 16 41 4 1 -13 3 
-28 8 31 -17 5 -5 -3 -20 
6 -27 -42 3 3 -1 -12 -27 
-17 -2 -5 11 -2 5 19 64 
-8 6 -1 -1 -7 -5 -6 -77 
14 -4 -22 -27 -9 -2 -22 -18 
-23 -15 -18 -6 2 -1 22 28 
3 5 44 1 5 1 5 -6 
-14 -1 -22 12 -8 -4 -14 -3 
14 24 -26 -16 0 4 11 18 
-12 19 45 22 14 0 -4 -23 
-8 -32 -55 -22 -17 -7 -14 15 
1 4 -10 18 -2 -7 1 -12 
19 7 33 6 -5 7 16 -9 
-15 22 -9 -2 3 4 -2 17 
23 8 19 28 9 -7 -14 -12 
-40 -10 -35 -29 -14 -10 -3 0 
8 -28 -31 -34 -4 1 20 23 
6 12 26 13 4 2 -3 -4 
0 -4 -14 -8 -3 0 -6 -14 
10 1 8 3 3 1 8 -6 
-10 -10 -24 0 -3 1 -6 0 
-3 -15 13 6 -3 -4 -5 -2 
-28 11 9 -5 -2 0 8 -22 
23 22 10 -13 -2 1 -13 51 
-13 -50 -10 9 5 -8 -2 -33 
-5 -11 -8 -33 -25 -4 -10 10 
10 6 -5 1 0 2 10 -23 
-31 -9 20 8 -1 -9 -13 -29 
7 9 -10 -11 4 2 1 29 
9 4 2 16 6 -3 2 8 
7 0 0 -15 1 1 -5 -21 
13 8 -7 10 -6 -3 4 43 
6 19 30 5 -2 -1 1 -19 
-1 8 8 10 3 -2 -7 -16 
-31 -3 7 0 -1 3 -2 -2 
7 11 22 11 12 8 10 11 
7 -15 -60 -26 -5 -4 -3 19 
8 -1 -17 12 -4 -8 -18 -4 
-12 -13 0 3 1 -2 12 -6 
2 25 14 -8 -3 -2 0 -4 
20 -11 32 33 6 5 6 30 
-19 -23 5 -23 -2 -6 -4 -44 
-6 1 -23 -10 -8 -6 -18 3 
8 -9 -12 1 -2 0 -1 -27 
-4 17 0 4 5 8 5 11 
-1 8 -9 1 -2 -8 -1 5 
8 -23 -2 2 -3 -6 -16 -21 
-4 -2 5 -7 -7 -1 4 15 
-8 -20 -7 -7 -4 -1 2 27 
-5 -5 -14 5 5 8 11 -11 
-11 -14 -8 -9 -6 -7 -4 -27 
18 -3 5 9 -3 -7 -5 19 
-15 -6 -8 -12 -5 -1 -20 -11 
7 29 21 10 7 2 25 8 
0 -15 -10 7 -1 3 -4 5 
4 5 13 -7 1 -1 2 -1 
-16 18 14 8 -4 -2 -17 -23 
-23 -3 -2 -19 -5 -2 7 14 
25 -4 -26 3 6 1 -4 -12 
3 -3 -11 3 -1 1 0 1 
13 10 12 -6 -1 -1 6 -8 
6 -2 -23 0 0 3 -6 2 
-14 4 -3 -2 -1 -4 8 22 
-4 -31 -23 -14 -4 -2 -2 -11 
4 15 7 -1 0 -2 2 25 
5 -4 9 13 -4 -2 -6 -49 
-13 3 1 -2 -5 -4 -7 1 
-11 -11 2 11 1 2 -1 -17 
-3 -5 -16 -5 1 0 6 1 
9 -2 0 -7 -1 -2 -4 15 
5 -26 -6 -5 -1 -4 -6 -7 
8 13 12 4 7 3 7 40 
-41 -8 -22 1 -4 -7 -3 -58 
1 -25 20 -4 -5 1 -7 -1 
-2 19 -6 -5 -3 2 5 7 
11 6 -2 -1 -2 -3 -4 -8 
21 0 4 -3 1 0 8 20 
1 10 22 7 6 -4 -11 -3 
-8 -18 -24 4 -1 -2 -6 -7 
-3 -15 -2 -10 -6 -3 -3 25 
8 4 -2 4 1 0 0 -26 
-20 7 -33 -4 0 4 8 16 
17 26 33 1 -2 -3 4 -17 
-32 -10 22 2 -4 -2 -11 -23 
-11 -13 -8 -8 -4 0 0 13 
3 0 4 4 -2 -4 -4 12 
1 9 0 0 6 3 3 -2 
-14 -12 -16 6 -5 0 0 4 
3 -17 26 5 3 -6 -9 -21 
5 3 10 1 2 5 -2 -11 
-2 -12 -8 -12 -6 -4 -4 11 
4 17 -1 -5 -1 -4 1 -3 
20 7 -8 0 -3 2 5 12 
-25 6 45 9 5 2 -8 -21 
-5 -21 -16 -7 -2 -3 -1 -9 
-5 -18 -22 4 -2 -4 -1 9 
3 4 -3 -7 -6 -4 -1 8 
13 14 -10 -4 -1 -3 4 0 
-2 23 23 7 3 2 3 24 
4 11 44 13 10 8 7 -16 
4 -7 -45 -12 -14 -11 -10 13 
-21 -16 -9 -21 -8 -5 -6 -29 
-34 -4 2 1 -3 -1 -4 -1 
2 -5 -22 -5 3 0 1 9 
-1 25 10 8 8 6 10 -1 
29 12 2 4 1 2 3 39 
12 -10 60 5 -7 -2 -2 -4 
-17 -1 -48 3 6 -3 -4 -19 
-11 -16 8 -28 -15 -7 -10 -14 
-11 -12 -19 -2 -2 -5 -11 -28 
14 24 30 13 4 7 7 14 
1 3 13 3 2 4 6 16 
6 -3 1 -3 1 -4 0 -22 
4 19 -13 -5 0 1 5 39 
-6 0 -12 2 -4 -6 -4 -20 
5 8 17 -4 -7 -3 -6 7 
-14 -1 -11 -5 -4 0 -2 -6 
5 -13 5 4 0 1 2 9 
0 10 -12 5 5 2 -1 -18 
4 23 13 15 8 6 10 42 
-2 -32 -8 -5 -2 3 4 -13 
-25 -5 -23 -25 -17 -18 -17 -43 
6 -27 -26 -17 -4 -3 -3 9 
7 -10 13 -1 -6 -4 -4 -16 
13 25 29 15 10 6 9 36 
9 9 11 14 7 4 5 12 
-4 -3 -39 -8 -8 1 1 -8 
-1 -4 6 -10 -2 -4 -8 -13 
-8 -2 -25 -11 3 -1 -2 21 
-9 -7 5 2 -13 -8 -11 -21 
18 2 5 8 4 -1 3 16 
-25 -12 -15 -6 -3 -1 -6 -41 
0 3 4 0 0 0 1 8 
1 -3 2 1 5 4 7 6 
2 1 -2 4 2 2 -4 7 
4 -13 -38 -17 -17 -6 -2 20 
-8 -7 58 15 5 0 -6 -37 
-5 -24 -50 -9 -2 0 5 -14 
33 36 15 1 1 -2 -2 8 
-41 -17 -23 -11 -12 -6 -8 -12 
-18 5 12 12 6 -6 -9 -18 
5 -5 -2 -10 -13 3 3 16 
-11 -8 -1 -4 1 -3 1 -5 
27 1 -18 -1 1 -2 0 7 
-15 11 -8 3 -1 0 -1 7 
3 4 23 12 9 5 -1 -5 
-5 15 7 2 -3 -2 -3 -8 
-15 1 -4 -6 1 3 4 14 
-4 -25 -37 -20 -8 -9 -7 -7 
17 8 -4 -8 -8 -10 -7 -1 
-6 -21 -10 -4 -1 -1 -2 -4 
14 -1 12 2 4 -2 1 -3 
6 7 6 8 3 6 3 6 
2 -1 -13 0 2 0 2 7 
-11 12 33 -1 1 3 -4 -16 
17 4 1 15 8 7 4 30 
-41 2 -18 -8 -12 -8 -2 -33 
2 -15 9 -10 -7 -5 -3 -6 
-2 -7 -10 2 -3 -6 -12 -2 
10 20 19 2 2 -2 -1 4 
16 9 6 1 1 3 6 21 
2 27 10 14 8 4 8 2 
-5 2 1 7 8 2 0 19 
-17 -25 -7 -16 -13 -6 -5 -29 
15 -2 -1 3 1 0 -1 8 
-12 10 2 -8 -2 -3 -2 -13 
-12 -11 -10 -1 -3 -2 -2 -5 
19 12 22 3 3 -3 -3 -9 
0 -3 -12 -1 -1 0 -2 15 
16 5 19 19 14 5 -2 11 
-19 -2 -12 -19 -7 -2 1 6 
-24 -36 -47 -4 -6 -7 -7 -57 
16 4 7 11 5 2 10 24 
-2 -9 -1 -13 -9 3 0 -2 
23 53 3 6 8 -3 -1 10 
-34 -9 10 -6 -9 -3 -3 -22 
1 1 -27 -25 -2 -4 -4 12 
-5 -14 7 13 0 -2 2 -24 
-5 -13 -17 -1 -3 -2 -4 -20 
20 9 5 4 1 0 2 20 
2 -6 15 11 1 -1 -3 1 
-3 0 32 -11 -2 0 0 18 
-5 -5 -10 1 -5 -3 0 -6 
-3 -10 0 5 2 -3 -3 -11 
-9 -13 1 -7 -5 0 -2 -5 
1 0 -10 0 1 2 3 9 
-7 -8 3 9 5 2 0 -9 
17 0 -12 -14 -3 -2 -1 16 
-20 2 3 -13 -15 -5 -1 5 
-15 -12 -29 -7 -2 -3 -7 -22 
4 11 7 -6 -6 0 4 10 
-4 -12 7 4 6 3 3 -23 
18 6 5 8 3 1 -3 11 
6 -31 -30 0 -3 -4 -3 12 
-13 19 10 -15 4 2 1 -19 
1 -9 -1 -6 -20 -8 -5 10 
4 -4 4 -2 -2 -3 -2 -16 
4 3 5 2 0 -4 -7 15 
12 -15 -13 -1 0 -1 4 3 
2 9 -5 1 5 2 3 9 
-3 10 5 8 1 -2 -1 -9 
5 41 32 7 6 9 8 12 
-9 -36 -56 -13 -15 -15 -20 -42 
-4 8 2 -5 -2 -4 -5 -5 
-6 -23 3 -3 -3 -2 -3 4 
8 11 11 5 3 -1 5 7 
8 2 12 5 2 5 3 0 
0 26 19 4 2 2 2 7 
8 16 6 11 9 4 6 3 
6 -11 -27 -28 -9 -1 -3 -11 
-19 -26 0 2 -13 -7 -7 3 
-29 -11 -10 -9 -6 -8 -6 -24 
5 -4 7 4 2 2 3 17 
-7 -1 3 3 2 -2 -2 0 
16 7 -8 3 1 1 8 9 
7 3 19 12 8 2 -7 10 
12 24 36 -4 -5 1 3 6 
-15 7 -45 -15 -9 -9 -5 -19 
-1 -11 27 5 -2 -5 -15 -20 
9 2 -14 -11 -4 4 3 10 
-10 -2 -17 -4 -2 -6 -3 -5 
-5 -11 7 3 0 -3 0 12 
-35 -4 9 5 5 3 5 -8 
8 20 1 -6 0 0 0 -12 
2 -28 -27 -6 -6 -7 -9 -12 
-7 15 34 9 -1 0 2 23 
16 -11 -21 -3 3 1 5 40 
-1 -14 15 4 4 2 -5 -60 
-3 8 -22 -8 -10 -8 -6 0 
-20 -7 -14 -2 -4 -8 -7 -15 
11 3 21 1 1 6 5 10 
6 3 1 2 3 -2 6 42 
8 2 -18 -8 2 4 1 -24 
-16 -21 16 9 -11 -5 -14 -37 
-3 -8 -5 7 -5 -2 -3 -7 
4 -6 -20 -10 0 -1 6 19 
-2 -2 5 5 1 0 -3 -12 
16 -28 11 -5 3 -5 -3 29 
6 11 -32 -13 -5 -2 -1 5 
-10 2 -1 1 -11 -2 -1 -2 
-2 1 -14 -7 -1 0 2 0 
-10 -8 -3 2 -1 -1 -7 -13 
6 10 16 5 4 0 0 19 
56 29 12 12 10 7 7 20 
-58 -42 -36 -12 -4 -7 -9 -50 
-15 -7 -9 -7 -7 -4 0 -1 
-3 -11 -3 -11 -5 -2 -3 4 
-11 -5 -13 -3 -5 -3 -4 21 
23 20 22 13 6 5 4 14 
15 9 1 5 0 2 5 16 
-3 -13 -18 9 11 12 9 -18 
-8 -10 40 -24 -12 -13 -17 -21 
-6 -16 -26 0 -6 -6 -3 17 
-2 2 -11 -7 -2 -3 -3 -8 
-12 10 4 2 -1 -1 -2 -16 
3 7 -5 5 6 4 2 3 
7 5 39 2 -2 3 6 13 
-1 -13 -41 -11 0 -1 3 13 
14 -6 -1 -14 -7 -4 1 -16 
-37 -9 -16 -5 -5 -7 -5 -8 
10 6 13 4 -4 -5 -9 -30 
6 -6 8 12 5 4 2 10 
10 45 7 5 1 1 5 32 
-10 -15 -2 -4 1 0 -1 -20 
-12 2 -2 1 3 3 -4 4 
8 1 12 15 6 0 3 0 
-15 -11 -7 -22 -11 -7 -12 -19 
1 -4 -32 -1 0 -2 2 9 
3 14 22 4 6 2 1 10 
14 -10 -12 -2 -1 -3 0 12 
-11 -18 -6 -19 -8 -8 -2 -30 
10 6 -11 -1 3 2 1 23 
5 0 8 3 -3 -4 -9 -8 
-20 1 -15 -2 2 4 0 -7 
20 -2 38 18 2 1 5 22 
-7 -1 -9 1 -3 1 1 -19 
9 -19 -16 -16 -8 -2 1 0 
1 5 -3 -3 -4 -1 -3 -14 
-20 -19 -11 5 3 1 3 23 
13 56 76 22 10 7 4 -23 
-7 -5 -43 -15 -2 -2 -10 1 
17 3 -4 13 -4 -4 1 5 
-32 -14 17 -3 -7 -5 -6 -11 
1 -15 -2 -4 -3 -6 -2 19 
0 2 -1 5 0 -2 4 -15 
-7 9 10 -7 -1 1 0 -4 
14 -4 -25 8 3 -2 0 21 
3 -5 -16 4 2 3 -1 -15 
-33 4 12 -13 -11 -6 -6 3 
15 -29 -17 -5 -4 -5 -4 -27 
-9 10 9 4 -1 0 1 -8 
4 0 10 3 -1 -1 1 16 
17 -11 -36 -2 4 4 9 17 
0 37 46 -1 8 5 4 4 
-14 -21 -15 10 -1 -1 -11 -1 
0 -11 -24 -8 -8 -6 -4 -19 
1 4 13 -2 -6 -5 -5 -57 
-11 6 19 -1 1 -4 -4 11 
6 -4 -29 -3 0 -1 -2 -9 
-6 3 11 11 2 -1 -3 12 
8 -10 -15 -9 -3 5 8 24 
-10 -9 -4 -3 -1 5 3 -4 
-1 7 6 -15 -15 -8 -4 -2 
-9 -22 -16 1 -4 -7 -4 -11 
-2 -3 1 4 2 -4 -2 7 
-6 12 2 2 2 2 -2 -1 
7 7 -10 2 3 2 3 3 
5 12 42 3 1 3 8 33 
-10 -9 -23 2 0 -1 -1 -21 
8 5 12 1 0 -1 -10 -9 
-4 -13 -16 -9 -5 -5 -5 -12 
-3 9 -19 -5 -2 -2 -3 -16 
15 21 38 16 7 6 9 44 
-4 -8 -5 -5 -4 -2 9 8 
5 -5 14 -8 2 -2 -8 -28 
3 -5 1 1 -6 -4 -6 3 
5 -1 -15 -16 -7 -8 -6 7 
1 3 0 -8 -2 1 2 -21 
-8 -11 10 14 0 -3 -3 6 
-3 -12 -28 -3 2 2 1 -2 
-1 0 23 9 2 4 3 2 
15 1 -2 -12 -7 -6 -9 -19 
6 8 0 -3 -1 3 5 22 
-21 -20 -12 -3 -1 0 -9 -40 
7 7 12 7 3 -2 1 21 
-18 -20 -47 -7 -1 0 3 11 
5 13 17 0 4 4 0 -8 
-11 -8 -7 -3 -4 -1 0 32 
3 16 26 9 1 1 -5 -2 
-6 -15 -6 0 -1 -3 -5 -57 
0 10 34 11 1 0 1 -2 
24 -12 -50 -24 -5 -4 0 3 
-43 -14 -23 -15 -7 -3 2 4 
3 17 33 7 1 -1 -2 16 
42 4 -10 2 0 1 0 23 
-45 -25 16 -1 1 -1 -5 -39 
22 3 -1 7 -2 0 1 15 
-4 0 -9 2 3 0 3 -10 
3 5 -8 -4 -3 -2 0 -7 
5 9 -6 9 1 -2 -7 -16 
