#EMG
#2
#ID:2-74
4 -39 -4 3 3 0 -8 -9 
3 6 -11 5 -6 -1 15 22 
-1 -15 -19 -16 -8 -6 -27 -25 
-4 15 27 4 1 2 17 22 
12 -4 -15 4 -2 0 -5 -21 
6 -8 -21 -9 -6 -7 -7 -1 
-17 -20 6 7 1 -1 2 2 
-20 10 -31 -31 -8 -6 -17 10 
-19 4 7 4 1 0 10 -56 
5 -15 11 8 -1 -1 1 25 
16 17 14 -5 0 4 13 23 
-12 -13 -25 6 2 1 -1 -21 
3 -4 20 6 -3 0 -11 13 
-7 9 -23 -24 -2 -1 -2 -10 
-10 -5 -3 -6 -1 -1 6 4 
12 1 -1 0 -4 -2 -15 -13 
3 27 48 19 8 7 27 14 
-17 7 -1 3 -1 -3 2 5 
29 24 8 4 1 1 4 26 
-17 -17 -12 -4 1 -2 -7 -23 
18 23 -19 -19 -11 -10 -7 3 
-18 -21 11 6 4 5 2 21 
-24 4 20 5 2 -1 7 -64 
23 9 7 -5 -1 -2 -8 17 
4 15 -5 11 -2 -5 1 6 
-9 2 4 19 -4 -5 -9 -19 
2 3 -22 -26 -3 0 2 21 
6 1 6 4 0 2 11 17 
-9 -14 0 -4 1 -1 -14 -35 
15 3 1 -3 -2 -2 6 16 
-5 3 14 14 1 1 -7 -5 
12 -2 -2 -4 -2 -3 0 10 
-14 -7 -22 -15 -3 0 5 9 
-1 -14 0 7 0 0 -7 -17 
-3 -6 4 -3 -2 0 5 7 
2 -2 -2 -4 -1 0 0 -13 
-2 0 7 9 0 -1 -13 6 
6 1 4 -8 -1 -3 1 1 
10 0 0 1 -2 -2 -3 15 
-6 -17 -12 -10 -1 -1 19 -40 
-14 9 -10 -5 -5 -4 5 44 
-8 -15 -1 -5 -2 -5 -13 -60 
9 -5 11 -1 -2 -4 3 16 
-14 -22 -7 -1 -6 -4 -18 -12 
-3 14 18 16 7 6 -4 -26 
4 1 6 -12 -6 -2 7 27 
8 -7 4 22 2 -7 -16 13 
13 36 30 -6 4 5 23 -8 
4 -11 -11 -7 -1 -4 -22 -28 
-4 11 1 16 1 3 5 39 
0 -2 2 6 3 2 2 -8 
-1 -14 -6 -13 -4 -3 -3 10 
3 0 2 6 -2 -1 -10 -4 
18 14 10 0 2 4 5 20 
-6 -7 -15 -1 0 -1 0 -35 
-3 -6 -14 -2 0 -4 7 17 
5 2 -1 3 -4 -4 -11 -13 
-21 -13 4 -8 -2 -3 -16 16 
-28 -16 -35 0 -3 0 5 -50 
9 0 -4 -8 -6 -1 -3 2 
3 3 11 4 0 -5 -4 3 
7 -8 -21 -8 -4 -5 -11 -7 
-16 -13 -5 -16 -5 -2 5 30 
-16 0 5 7 0 -1 -11 -17 
-3 -2 -12 4 5 4 -1 -23 
0 -1 -10 -8 -3 0 16 11 
0 -20 -1 -16 -9 -5 -13 23 
-11 -18 -22 3 -3 -6 5 -4 
-9 -12 -5 5 2 1 5 2 
11 13 17 -14 2 2 -5 -7 
3 -7 -19 -9 -4 -1 -3 -16 
-2 8 6 15 -1 0 -14 10 
19 34 10 -4 2 1 25 16 
1 -4 -12 -3 -2 -4 12 -20 
3 -7 7 1 -2 -4 -14 10 
-6 8 6 4 1 -1 -9 -11 
22 -3 53 -10 -3 -2 4 34 
-15 13 -25 9 1 0 -13 -32 
-12 1 3 -5 2 3 25 4 
-5 -17 -23 -2 -4 -6 -4 5 
-3 -25 -2 -7 -8 -6 -21 -7 
-5 -12 26 7 -3 -1 7 12 
9 9 -11 -6 1 0 -2 -7 
0 6 7 -5 -2 1 0 -1 
0 -16 -8 -1 0 0 -4 4 
-13 -1 -14 -3 -6 -5 -14 -23 
2 27 22 10 1 1 -6 -6 
4 -2 15 8 2 0 18 38 
14 -6 -41 -22 -7 -5 -2 7 
-12 46 14 7 6 3 6 -28 
22 -8 -5 -10 -7 -4 -8 33 
5 -10 16 20 4 3 -2 -20 
-5 0 -19 -17 1 1 0 5 
-23 11 -9 12 4 -1 6 1 
4 6 -3 -7 1 1 2 -4 
8 0 12 -10 -3 -1 1 10 
2 30 22 14 1 1 -50 -33 
15 -26 29 0 -1 2 44 27 
12 5 14 13 1 -1 5 -6 
-10 -21 3 -5 -4 -3 -12 8 
-20 -38 -17 -6 1 3 14 -22 
15 41 23 13 4 1 -15 48 
2 -10 24 4 -2 -3 -6 -55 
-10 4 -44 -8 1 -2 4 -18 
-14 -6 -18 12 -2 -1 11 0 
3 -26 -18 -22 -5 -1 -7 8 
-8 2 2 17 -1 -5 -20 27 
2 38 9 -31 -3 5 18 3 
8 16 -12 7 0 -2 8 8 
1 -22 1 10 -1 -2 -15 -14 
5 -15 -13 -26 -3 0 22 16 
-3 -43 -4 -4 -2 -2 -6 -15 
-5 3 25 13 1 3 -2 12 
4 -9 -64 -20 -7 -4 -4 -19 
4 -3 50 5 -1 -4 1 3 
-5 6 -26 4 2 1 -3 -11 
-1 -22 -9 0 1 3 18 -2 
6 5 4 -5 -6 -4 -19 -12 
-30 6 -14 17 3 4 1 -12 
3 -25 -15 -23 -3 -2 -6 20 
-10 1 17 -3 -5 0 14 -5 
8 16 -8 -3 4 -1 -12 -7 
-12 11 -13 -12 -5 -4 18 14 
37 34 38 14 1 1 -10 4 
-56 -60 -21 -1 -1 -3 -5 -17 
24 -2 33 0 -2 2 11 47 
-29 -29 -52 -11 1 -3 0 -35 
-12 10 19 8 -3 -2 -18 -28 
35 39 2 -11 -5 -3 10 46 
0 -15 -1 6 0 -4 -2 -26 
12 -26 -9 -6 0 1 -11 13 
-21 -14 -20 3 -2 -2 5 -6 
6 18 54 21 0 -3 -12 1 
-3 -8 -63 -48 -8 -5 6 22 
16 36 9 9 0 -4 -37 -63 
2 -7 35 5 0 2 25 15 
-17 -9 -4 -1 1 -2 -10 18 
-18 -20 -31 10 -4 -3 4 -34 
-3 1 24 6 2 1 -9 2 
24 18 -39 6 1 4 0 37 
-10 4 -21 -16 0 -1 0 -23 
-6 -34 40 6 -1 -2 0 0 
-2 16 -13 0 3 4 -1 -6 
-8 12 38 12 -7 -6 -10 24 
16 -15 4 -9 4 8 23 16 
-35 8 -47 -12 -9 -13 -22 -36 
4 -7 12 1 -3 -3 14 26 
-22 0 1 2 1 -3 -11 -14 
5 -20 -21 -6 -3 -5 -9 -8 
2 15 22 2 2 10 -7 5 
-3 -7 -15 -3 -2 -4 14 3 
2 9 6 -19 -2 -2 -7 -31 
11 17 -7 6 2 5 8 0 
-13 -62 -21 -3 -3 -6 -6 24 
-5 5 -16 -27 -4 4 -15 -16 
8 -10 -11 -1 -2 0 0 13 
-12 -23 -17 4 2 -2 10 -9 
34 55 51 9 4 6 17 7 
0 -8 -13 -3 1 0 -1 28 
-10 -43 -7 13 -1 -6 -14 16 
-21 29 -5 2 -4 1 -25 -73 
-12 -17 -9 -30 1 2 37 11 
26 -22 -8 -1 -6 -10 -24 12 
-8 0 46 6 1 3 -12 -24 
-2 23 -27 1 -8 -4 15 0 
-8 10 14 -12 -6 -8 -31 -6 
4 -11 4 7 -2 0 24 1 
-11 13 21 30 9 3 -7 4 
-6 -26 -54 -22 -3 -3 26 25 
5 22 24 12 -2 -1 -55 -41 
22 9 18 2 -3 -1 2 38 
2 -15 -33 -8 0 3 23 4 
8 -17 -2 -14 -11 -13 -11 -28 
-5 20 25 22 7 7 -11 -2 
-46 7 -4 5 1 1 61 27 
6 -13 -53 -48 -1 -1 -8 -9 
-29 -8 24 15 -2 -2 -14 4 
12 -33 -26 8 2 6 -6 16 
36 9 -8 -5 0 1 37 23 
-13 23 28 21 -2 -5 5 -34 
28 -17 -15 7 4 5 18 23 
-4 16 86 -2 -2 -3 -51 -4 
-14 -21 -37 -14 -1 3 69 31 
-2 6 -4 -8 -6 -6 3 -16 
28 31 16 -2 2 -2 -32 14 
-4 14 -30 22 -1 -2 21 -17 
-4 22 -31 -7 -2 0 -45 8 
4 -1 28 -39 0 1 12 15 
-10 19 -22 40 -4 -7 -24 -30 
-2 -42 80 -22 -3 -1 38 25 
-3 24 -11 43 1 -3 -42 -43 
17 12 -31 11 0 0 -3 24 
-11 8 56 -22 6 2 0 -8 
12 11 -46 -25 -8 -5 8 18 
-25 -42 -22 -30 -6 -5 -23 -36 
17 21 64 44 8 3 -37 16 
2 26 -39 -18 -7 0 56 -15 
-23 -73 -23 12 -3 -7 0 -22 
19 -3 -8 -3 5 2 -12 -14 
-18 -31 -32 -20 -12 -5 -1 42 
-24 0 -6 -7 5 0 -21 -31 
18 12 -12 -1 -3 -6 27 -3 
1 36 14 8 2 -1 -22 47 
12 -39 -26 0 5 4 -10 -29 
-14 -30 53 4 -2 -2 2 11 
4 20 -34 16 6 10 -3 42 
-23 2 21 -2 -2 -7 22 -60 
-35 -50 -30 -12 -7 -12 -43 -30 
9 44 4 3 -1 0 20 47 
2 27 -1 -4 1 -2 -12 -60 
1 -21 18 -17 -3 2 -13 10 
19 40 -7 8 2 7 -1 -11 
-12 -4 -13 6 -1 -8 -1 11 
-13 -43 35 -17 -1 -2 -23 -10 
-22 -21 -68 -24 -8 -1 -10 -29 
17 3 62 2 0 -4 25 -7 
3 -74 -24 9 -8 -3 -32 -3 
6 37 -36 -25 4 13 8 5 
18 16 17 10 -5 -12 28 18 
-30 -2 -7 -4 0 -2 24 7 
12 23 46 -10 -3 -2 -23 -13 
-15 -14 -34 5 -1 -5 -6 -31 
0 22 -34 -1 -1 5 -12 -11 
8 1 -9 -9 -3 4 22 50 
6 13 -30 -14 -1 -1 -1 -30 
-24 -82 -38 5 -6 -9 -11 -3 
-12 -12 15 -24 -2 -4 29 -32 
-3 27 68 31 -1 -5 -1 -4 
33 -14 -45 -6 -2 6 -6 41 
-12 24 -24 24 4 7 36 -3 
14 -14 26 -15 0 -7 -34 26 
3 11 -35 5 -4 1 9 9 
3 -3 61 -9 4 1 -9 -8 
-1 24 35 -2 3 -2 14 34 
-20 -60 13 43 2 1 -18 -30 
23 52 -23 -10 3 8 7 -14 
-12 -38 29 -6 -23 -18 -2 13 
8 -8 -27 -3 3 5 2 83 
-25 -10 38 7 4 1 -11 -95 
25 -17 16 13 0 -8 -15 38 
-7 38 -18 -18 0 6 32 -5 
0 -22 -13 -4 -3 -11 -13 -7 
0 24 -18 3 -7 1 4 5 
7 61 49 -14 7 7 -1 12 
-26 -12 -39 -18 -11 -5 -10 -25 
1 -7 15 2 -3 -4 -2 -22 
1 30 35 11 7 7 -4 39 
-14 -57 -67 -17 -8 -9 -5 -57 
-1 -32 3 28 11 2 -6 6 
0 32 -9 -13 0 0 4 -16 
34 -8 0 -5 -5 4 10 89 
-14 -13 0 12 5 -4 -59 -60 
-2 -17 -48 -24 -7 -2 11 -9 
11 39 7 -4 -3 -5 8 -13 
-13 13 -1 12 8 4 -7 46 
-38 -29 11 24 -14 -8 11 -14 
-7 13 -16 0 8 3 -22 -52 
50 19 6 3 -8 -5 1 19 
5 3 -2 3 3 -2 -23 -20 
-35 -10 -17 -22 -9 -2 65 -16 
34 23 18 44 18 7 -56 -3 
2 28 7 -25 -8 4 43 90 
-35 8 9 -19 -9 -17 23 -72 
-6 -17 -21 -14 2 -1 15 3 
-28 2 16 1 -1 1 2 52 
19 -7 -8 9 6 1 -3 -12 
8 -18 5 11 0 -6 -52 -43 
-21 14 -51 -15 -8 0 2 8 
4 -13 8 -12 -5 -3 22 -4 
-13 -16 -20 3 -8 -8 -37 -24 
5 9 12 0 0 4 8 2 
24 -17 5 3 10 4 -3 20 
1 29 76 20 -8 -4 -9 -4 
-10 -14 -7 8 2 6 12 -13 
-9 -3 6 4 9 0 -4 -17 
21 30 7 11 -3 -1 -6 26 
-9 -22 -42 -36 -10 -13 1 -6 
-5 32 17 7 3 8 4 -5 
-1 1 70 -21 -12 -7 -5 -3 
11 9 9 45 16 4 -13 1 
4 22 -10 2 5 11 23 27 
-29 -56 -7 10 -2 -15 -22 -53 
10 -21 -37 -6 -2 1 -5 11 
14 4 17 -38 -7 -5 -8 13 
-31 5 26 13 -2 0 3 -29 
6 -11 -2 9 2 4 14 50 
0 -1 -49 -24 -4 1 -2 -4 
5 4 -30 -12 -8 -6 -8 9 
7 -17 -25 -17 -3 1 12 12 
6 6 31 -5 2 -3 -12 5 
-6 3 -14 -16 -2 -5 -5 -26 
-21 10 -17 19 -3 0 4 -21 
13 -2 1 1 6 4 -1 6 
-9 4 11 0 -4 -1 -2 -1 
7 -5 9 2 4 5 9 38 
5 -12 -11 -11 -5 -3 -2 1 
9 6 -5 2 -3 -6 -2 3 
-4 2 -5 -15 0 2 2 -38 
8 9 54 13 -4 -6 -3 15 
1 -39 -41 -16 0 -2 1 -13 
-12 -11 -15 3 -1 -1 -13 14 
-19 0 -15 6 -1 -6 -3 -43 
2 -8 -38 -8 -4 1 4 -1 
-1 2 58 -3 -3 1 -2 16 
-5 -2 -2 14 1 -3 8 -10 
-1 2 -7 -2 0 2 0 4 
4 -3 -13 -15 -8 -7 -2 5 
1 -5 -26 -15 -1 -1 -9 -14 
1 -8 -11 3 -3 -2 1 27 
-3 3 28 -1 -1 2 -5 -25 
12 14 -16 28 3 1 7 60 
-17 4 -19 -48 -8 -5 -12 -45 
14 8 5 28 2 -1 1 -19 
-3 -22 -27 -22 -7 -2 0 18 
-7 13 11 1 0 2 -3 -16 
7 16 -4 0 -5 -4 -2 12 
28 8 16 -10 5 4 0 30 
-47 -6 29 27 -1 -5 -7 -56 
7 3 -19 -24 0 4 8 -8 
-11 -1 -5 13 4 1 -3 -8 
5 11 18 -3 -1 -4 -6 -17 
6 -6 -2 -10 -4 1 6 47 
-15 -18 1 5 -2 -3 -10 -24 
16 0 10 10 1 0 5 22 
-2 14 -19 -19 -6 -1 9 1 
-4 -7 -11 2 1 -1 -5 8 
-11 -9 3 5 0 -1 4 -18 
10 9 14 2 3 0 -7 11 
-17 -22 -12 -8 -2 -3 -7 6 
7 -9 -25 -12 -5 -3 -7 -37 
4 3 -9 -6 -3 -3 0 28 
13 -6 -11 11 -3 -1 1 4 
-18 -1 30 -9 0 -2 1 -15 
10 6 -20 1 1 -2 -5 -3 
7 -26 -8 17 0 -1 0 18 
-1 13 -1 8 5 5 8 19 
-5 -8 -22 -14 -2 -3 -10 -53 
-3 14 7 2 -5 -7 -2 27 
2 -3 3 4 5 4 0 -12 
-10 -9 -5 14 -2 -1 1 2 
10 -23 13 -22 -2 0 -1 13 
7 13 -1 8 0 0 -1 35 
-16 3 6 -1 -3 0 -4 -33 
-4 -8 -1 -3 -2 -3 -6 -52 
0 12 -4 3 1 3 -4 -8 
14 -9 -2 -7 0 -4 -3 22 
-13 2 -2 3 0 -2 2 -9 
13 -5 -1 -3 -5 2 2 7 
-2 11 0 -1 0 0 1 22 
-13 -13 2 11 1 -4 -6 -28 
16 4 -21 3 -5 -2 6 25 
-22 -12 16 -20 -4 -5 -14 -40 
44 2 -9 11 -2 -3 -1 29 
21 15 50 3 3 6 17 34 
-23 -3 1 -6 -2 -1 -18 -29 
-1 4 -7 -1 0 -1 0 2 
-12 -8 -15 -3 -4 -5 0 -15 
1 15 -10 -5 -5 -3 -6 -13 
8 5 -2 -18 -1 1 7 21 
-5 7 30 2 0 0 1 -6 
-13 -17 -22 -6 -3 -2 -4 -1 
-1 -11 -18 9 -7 -3 -2 -4 
-3 13 16 6 3 0 1 1 
0 -9 -25 0 -2 -2 -4 17 
-16 4 25 11 6 2 6 10 
-3 -5 -3 0 5 1 -13 -25 
-8 -18 -18 -6 -5 -1 0 -1 
-10 0 -7 1 1 0 2 -2 
12 13 6 2 -1 0 3 20 
-4 -13 1 5 -3 -2 1 -8 
5 15 16 7 1 1 -3 -13 
9 16 -11 -12 -6 -6 -4 -1 
-33 -13 -2 1 2 2 2 9 
18 -9 -3 -13 -4 1 -5 -18 
-17 -12 -10 -3 -3 -2 4 19 
2 8 15 8 2 2 1 23 
10 3 -12 -10 -6 -3 -1 -14 
5 8 4 -4 8 0 3 14 
4 -11 -1 3 -10 -1 2 -5 
-9 -7 -20 9 0 -2 -5 12 
25 4 8 -14 -5 -4 -9 -10 
-14 -2 0 5 3 2 0 -23 
13 7 7 3 1 -2 -2 12 
-22 -11 -10 13 1 2 5 -9 
-2 -11 -21 -25 -4 -2 0 10 
-2 -4 4 -2 -6 -6 -5 -8 
-8 3 -16 -5 1 -3 -7 -8 
0 -4 8 -5 -4 1 2 6 
-10 -31 -26 -5 -2 -6 -7 -35 
7 4 14 14 1 0 3 14 
-11 4 -14 -14 -5 -1 -3 9 
18 5 8 -4 2 3 5 28 
-26 7 5 8 5 -6 -15 -68 
-5 -6 -9 -6 -4 3 3 10 
7 -10 12 4 0 -2 3 1 
5 2 -22 -5 4 1 13 0 
2 27 70 14 3 6 -1 23 
-5 -19 -51 -2 -4 -1 -3 -6 
10 2 6 -10 -2 -1 0 -12 
0 -6 7 -10 -6 -4 -9 12 
-12 0 -13 3 2 -1 3 12 
4 10 13 7 1 1 -1 1 
0 -6 22 5 2 1 5 -1 
17 12 -2 -4 2 1 -1 12 
-23 4 -26 22 0 0 -6 15 
-14 -11 -14 -22 -12 -9 -1 -43 
4 -7 -16 1 0 -2 -2 24 
-1 6 25 -6 -5 -2 -4 -30 
19 4 -13 1 2 5 8 20 
-5 -3 7 1 2 1 0 18 
2 -10 -14 7 -2 -4 -1 22 
3 -7 -13 -4 -1 -1 -2 -41 
26 29 24 -11 -7 0 9 9 
-34 1 2 -6 -3 -10 -17 -2 
3 15 4 4 -1 -2 -3 -18 
-4 -20 6 9 5 0 -5 9 
-7 -8 3 2 -4 1 5 -4 
14 10 -2 1 2 2 2 -4 
13 17 25 6 4 5 2 14 
-47 -21 -54 -21 -12 -8 -5 3 
-12 -12 3 -11 -9 -8 1 14 
1 2 6 -6 1 -3 -21 -65 
-13 -7 -1 7 -1 -3 -7 -13 
11 13 15 8 4 2 1 -2 
5 -1 6 4 1 0 -2 10 
16 5 -10 0 6 6 11 23 
-6 15 36 -2 -8 -1 3 -12 
16 1 -15 -5 -2 -3 -5 2 
9 -8 -24 -11 -5 -1 4 9 
-3 -3 19 4 4 0 2 44 
-6 8 -16 8 3 -5 -11 -59 
-2 1 26 -12 -1 4 4 6 
-4 7 9 6 4 2 -3 -6 
-4 -3 -25 -5 -6 -1 2 26 
7 -14 -12 -1 -2 -2 -2 -18 
17 18 20 13 -2 -1 -3 -19 
-24 8 -43 -7 2 -2 6 8 
0 -32 -1 2 -2 3 2 -35 
-29 -15 -27 -25 -9 -13 -15 1 
-4 0 27 16 1 0 4 3 
5 -1 5 -4 -2 -1 -22 -7 
14 12 11 8 5 3 7 10 
-3 -14 -17 -10 -4 -1 5 39 
-18 -4 -25 -9 -1 -4 -11 -45 
4 -24 -12 -13 -14 -9 4 27 
-18 3 -11 -7 -5 -4 -2 -37 
12 -8 14 5 3 4 -2 -1 
-2 1 0 5 1 -3 -3 -5 
6 -11 -5 11 7 7 2 4 
4 -10 -9 -20 0 4 8 21 
34 -4 14 5 -11 -6 -2 22 
-56 -22 -14 -3 -6 -8 -10 -69 
-4 -1 0 3 -2 -3 -4 -20 
7 5 21 7 2 -2 -1 21 
2 13 0 2 6 5 5 11 
7 -4 -3 -5 -4 1 13 23 
9 -7 43 13 0 -5 -15 -12 
-7 5 -56 -11 -3 -2 0 -3 
-10 -6 -17 -1 -2 2 -3 -3 
9 4 26 0 2 -1 -2 -3 
-5 23 1 4 1 -2 3 8 
-9 -20 28 -7 -5 0 0 -23 
0 -5 -18 -12 0 -2 -1 -1 
16 7 -7 11 3 1 -1 25 
-1 -1 1 -1 2 3 4 -16 
4 12 24 9 -4 -6 -9 19 
-7 9 4 11 4 4 16 -10 
-23 -13 -25 -8 -1 -1 -10 -30 
0 4 13 -7 -2 -4 -7 -11 
1 -5 -14 -6 -3 -6 -7 -8 
-25 -3 11 -4 -1 0 1 -10 
17 4 4 0 -1 0 3 34 
-9 7 -2 4 0 2 1 -25 
-3 -42 -27 -9 -6 -6 -3 10 
2 -1 -10 -14 -2 -2 1 6 
-10 -1 23 10 -5 -2 2 13 
4 -3 -4 -13 -5 -3 -7 -4 
-3 14 20 9 6 4 2 0 
2 -17 -20 -7 -6 -5 -5 2 
-4 -1 -12 10 0 1 4 -3 
-1 -25 -26 -35 -6 -4 -7 -6 
11 16 29 15 3 -3 -3 16 
-2 6 -17 -7 -8 2 0 -10 
9 12 5 -5 0 0 3 38 
1 -4 12 7 1 4 2 -47 
0 -2 -25 -1 -3 -4 -5 -1 
-3 10 18 11 6 1 -2 10 
9 -9 -8 -8 -5 -5 -4 -3 
-14 -7 -12 -2 -2 1 4 14 
-5 -4 -11 -26 -8 -7 -5 -12 
-3 -1 8 6 1 -2 -1 -18 
0 5 -2 0 1 2 14 9 
-1 19 15 10 7 -2 -10 -4 
-15 -21 -4 2 -5 -4 -3 -12 
-8 -5 -14 -12 -2 -1 -1 7 
3 -2 -12 -18 -5 -5 -7 -10 
-1 -1 8 13 2 3 6 3 
-4 5 -12 -18 1 3 9 7 
15 6 20 6 -2 -2 -2 13 
-10 -1 -2 3 0 2 -5 -2 
20 -10 -17 -8 -7 -5 -2 -3 
-11 1 0 30 10 4 0 16 
-8 -9 23 -23 -16 -4 -4 -17 
12 2 -24 6 3 1 -2 11 
-21 9 7 -1 -4 -2 1 -15 
22 -1 -2 -10 -6 -6 -7 9 
-7 -5 -4 7 6 -1 -3 -14 
15 6 -1 -2 0 0 3 12 
-7 1 -1 6 -1 -2 -7 -1 
-1 0 21 7 3 3 6 14 
-10 1 -1 -2 2 -4 -3 -26 
4 -5 -16 1 -3 0 -4 -8 
1 -4 -5 -3 1 -1 1 20 
-4 4 -10 -4 -1 0 -1 -3 
1 -1 -9 5 4 1 -1 4 
-12 -8 7 -22 -6 -5 -10 -27 
2 -4 -10 9 5 0 5 3 
7 4 9 17 -3 0 1 14 
1 6 10 -29 0 3 1 17 
-18 -17 -21 2 -4 -5 -8 -37 
9 9 -1 -10 -4 -1 0 8 
-23 6 -2 -1 -2 0 -1 0 
22 -2 13 10 0 -3 1 1 
10 13 18 3 4 3 4 30 
-2 -6 5 0 -3 -2 2 -24 
-5 2 8 0 0 1 -2 9 
-14 0 -21 5 1 -2 -9 -51 
14 -1 4 -9 -2 2 -3 13 
-29 -12 -1 12 -1 -2 0 1 
2 -11 -4 -24 -10 -4 1 -3 
-17 -2 -12 4 1 -2 -5 -3 
11 10 4 14 3 -2 5 7 
-1 -6 -1 2 -2 -2 -1 17 
11 -3 -1 -9 -2 -3 -6 -22 
-9 -15 -11 9 -4 -2 -2 29 
9 2 -4 -24 -3 -3 -4 -13 
-11 -5 -5 -1 -1 -2 3 31 
-9 0 3 7 6 1 -2 -30 
16 11 3 9 -3 5 4 11 
-4 0 8 5 -2 0 -4 -5 
12 -10 4 -2 1 -1 3 26 
1 9 -7 -16 -10 -4 -7 -22 
-2 -2 -1 2 3 -4 0 -1 
-9 -5 -5 4 4 2 0 7 
14 10 14 -8 -1 0 -4 -19 
1 -31 -36 7 -4 -5 -2 3 
-6 13 38 7 3 2 3 -3 
-2 -24 -26 -19 -7 -5 -3 6 
6 -1 0 12 -1 -1 -1 4 
13 12 9 3 0 -1 -4 -54 
-12 -4 -10 -6 -2 -1 1 25 
-6 6 22 6 2 0 1 14 
2 1 1 1 3 1 2 -26 
-5 -9 -12 0 -4 -4 -5 16 
8 2 -23 -11 -3 -6 -3 -5 
-10 -1 -1 15 -1 -3 -2 -9 
-11 4 20 15 4 2 0 11 
2 0 4 -41 -6 -1 6 13 
-5 4 24 20 0 0 -4 2 
-5 2 -3 3 3 -3 -4 -32 
1 1 -9 -1 -9 -1 -2 -2 
-1 0 3 7 0 0 -1 17 
-4 14 1 2 4 1 2 -12 
19 -18 -36 -12 -7 -3 0 10 
-39 -27 3 -10 -4 -5 -9 -23 
0 12 17 14 7 3 4 15 
16 -3 -15 -14 -7 -7 0 10 
-22 8 19 3 2 2 2 -24 
19 -9 -21 -9 -2 -6 -8 -5 
-14 -3 2 12 2 3 4 9 
14 -9 -5 -3 -1 3 5 33 
-11 1 0 -10 -7 -5 -5 -22 
1 3 -2 -5 0 1 -2 -7 
-4 6 6 0 -4 -6 -2 -1 
4 -2 -6 -2 -1 2 -1 -8 
8 11 18 9 4 1 2 15 
-5 -4 -29 -7 0 0 2 6 
1 -4 -5 -9 -12 -4 -4 -4 
-5 -2 0 1 2 2 1 -7 
-6 -4 -6 -3 -5 -4 -4 -1 
4 5 29 6 2 -6 -2 14 
-1 -7 -44 -12 -1 0 -3 -27 
-6 2 -11 -15 -3 -2 1 -4 
-14 -7 15 15 -4 -1 -3 4 
2 0 3 -6 -1 1 0 0 
5 0 21 10 0 -1 -1 6 
-2 0 -14 4 -6 -4 2 22 
-3 0 -23 -31 -2 -2 -8 -38 
-1 -7 -10 3 -4 0 3 -9 
-1 4 13 11 8 2 -1 1 
8 16 -2 -16 -2 -3 -5 3 
-6 2 20 21 2 2 5 27 
1 -12 -38 -5 -6 -1 -2 -5 
21 7 32 6 -3 -1 0 22 
-47 4 -13 -3 -5 -10 -10 -34 
5 -11 -2 -1 7 1 3 7 
0 10 1 -10 -12 -2 -4 -23 
-4 -3 -26 1 5 -1 -1 7 
12 -3 30 6 5 5 4 6 
1 9 4 -4 -4 -5 0 -1 
