#EMG
#3
#ID:3-97
0 -11 10 1 1 6 9 22 
9 9 9 3 0 -6 -16 3 
-21 -11 -15 -4 1 1 -21 -49 
7 1 3 1 -7 -6 12 15 
-3 -19 -9 -9 -4 -2 12 -12 
-3 -9 4 5 -2 -1 -16 16 
1 14 40 9 5 2 -4 0 
-14 -17 -34 -7 0 2 -28 -10 
-1 -3 -19 -6 -5 -4 33 -1 
-3 -10 -16 -9 -3 -3 4 12 
14 -3 8 -10 -7 -9 5 2 
3 2 1 6 0 0 -11 -6 
-6 11 5 2 4 2 -15 -7 
-2 -1 6 22 7 14 -16 4 
13 12 -9 -16 -1 -4 31 42 
1 1 -8 3 -5 -5 -21 -46 
-7 4 16 -8 -7 -9 -12 -4 
-4 -11 -3 3 0 2 8 -7 
2 13 13 6 1 1 -3 5 
-2 -8 -14 5 1 0 4 21 
-2 4 6 6 2 2 -43 -22 
7 -1 1 -15 -7 -10 20 11 
-20 2 -26 -11 -1 2 2 -9 
0 -6 9 -5 -2 -3 -10 -2 
6 8 16 8 2 3 2 -10 
2 8 4 10 3 1 -28 12 
-36 -28 -18 -7 -2 1 50 0 
3 -3 -9 -6 -2 -5 -36 -22 
2 -8 14 1 -2 -3 12 11 
4 -5 -4 -3 -3 -5 -6 -2 
2 5 1 9 1 0 0 -5 
-5 20 24 14 5 8 30 21 
8 -8 -21 -11 -4 -2 14 41 
-18 -9 -11 -5 -4 -18 -45 -73 
4 11 -6 -4 -4 0 -18 -4 
0 -21 2 -10 0 3 13 0 
8 6 1 1 -1 -3 -5 -3 
-8 -6 -11 -2 1 5 3 7 
21 -2 8 9 1 2 30 2 
-26 -7 -14 2 -2 -4 31 6 
-9 10 15 6 -3 -4 2 -9 
14 3 -19 -12 -5 2 13 16 
0 -1 7 1 1 3 -13 -26 
-8 4 11 1 -3 2 0 18 
-17 -1 -20 2 -3 -5 -22 -14 
-1 5 6 -8 -1 -1 2 -17 
7 -7 -11 5 -1 -2 -2 30 
16 26 21 1 1 0 3 5 
-6 0 -5 1 3 1 12 -1 
-2 -11 -6 -3 -3 -2 -4 -10 
4 3 -15 -14 -3 -4 -22 8 
-16 -2 -1 -1 0 -3 -18 -23 
7 5 5 -5 -5 -4 3 21 
3 -17 -4 5 4 10 27 -10 
3 2 0 5 -3 -4 3 -9 
1 -2 -3 8 -2 -6 -2 17 
-2 5 11 -15 0 0 -19 -10 
-12 1 -14 7 -4 -4 33 34 
-10 -4 25 -5 -3 -3 -9 -4 
6 -12 -15 -5 0 -3 -40 -35 
9 -5 1 6 -1 3 22 10 
-4 5 9 -2 2 1 -1 16 
0 -7 -21 2 1 -3 -6 -27 
-1 -6 -5 -2 -4 -2 -17 2 
-9 -28 -7 1 0 -2 26 -18 
2 -3 -2 -14 -3 -3 -5 18 
-2 -1 -15 -10 -8 -8 -34 -16 
1 -9 12 6 2 4 -15 38 
3 1 -19 -6 -5 -1 27 -65 
-24 -18 1 2 3 1 3 -10 
16 -2 17 1 -5 -3 10 13 
-7 -2 -3 -2 0 3 -16 -22 
-7 4 -14 2 3 -6 -12 27 
5 0 24 2 -2 0 1 -7 
-3 -4 -11 -15 -5 2 7 13 
9 -2 5 -8 -4 0 14 10 
-2 -2 -21 5 1 1 4 -11 
12 6 -1 -6 -2 -2 2 6 
-6 17 -1 -4 2 5 12 1 
-4 -28 -6 -11 -6 -10 -11 -18 
-2 -10 6 -2 -5 -1 8 0 
-8 -2 -10 2 1 4 10 20 
10 -16 7 9 2 0 -32 -1 
5 10 2 4 3 2 17 39 
-19 6 7 -1 -2 2 -8 -50 
8 -7 -18 -5 -3 4 0 -8 
-10 10 18 8 0 -1 18 8 
1 13 -21 -1 2 -2 8 -5 
22 0 13 -21 -5 -5 -41 31 
10 10 0 7 -2 -1 -4 -8 
-13 1 1 -7 0 2 -11 -13 
-1 5 9 27 1 0 34 7 
-5 -11 -1 -2 1 3 14 -1 
-8 4 -1 -12 1 -3 -75 -52 
17 -10 -12 -11 -10 -7 28 35 
0 -2 11 -3 -2 -3 -5 -29 
9 3 15 12 2 2 2 46 
-6 6 -12 -1 -1 -4 -5 -22 
-12 -4 -8 5 1 2 -19 -36 
-13 4 -18 -23 -5 -6 -5 -8 
21 -13 -4 -7 -4 -6 -18 23 
-8 14 8 18 -1 3 22 -3 
-6 -7 6 -20 -4 -6 -14 0 
0 -6 -20 -3 -4 -1 4 -8 
-4 18 24 17 6 9 6 12 
-1 -12 -9 -8 -4 -11 -22 -11 
12 -2 2 9 0 -2 4 -1 
10 -2 -6 -8 3 6 15 34 
4 4 9 -3 -1 -3 3 -1 
5 -17 -10 -2 -1 -2 5 9 
-2 -10 -4 3 -3 1 7 0 
1 1 0 0 -1 -3 -34 -1 
-19 12 -12 15 3 3 4 -20 
2 -7 10 -37 -10 -5 19 20 
1 -12 20 21 3 1 -5 -3 
1 -12 -12 -15 -6 -3 -28 23 
0 -1 -11 -13 -6 -3 18 -50 
-10 -6 -13 13 7 -6 -16 36 
-22 6 12 -10 -4 3 -6 -58 
13 2 9 -4 -2 -5 2 -6 
-30 -16 -14 -7 0 -1 -30 -17 
5 -10 -10 6 -1 -1 2 9 
1 -11 0 -2 -1 0 6 24 
2 6 11 9 5 5 16 -11 
-9 -3 2 -12 -5 -3 5 -18 
7 3 -28 -6 -1 -2 -14 2 
-3 3 8 13 5 -4 -15 4 
-8 -4 -2 -2 0 2 28 -11 
9 3 -5 19 3 3 9 18 
-5 23 23 -14 -5 -4 -5 11 
3 -23 -42 -11 -1 -2 1 -28 
8 9 -6 -7 -4 1 7 16 
-14 11 22 6 0 -9 -23 -11 
9 7 12 13 0 2 24 2 
-12 10 -7 -16 -2 9 48 2 
-2 -5 10 12 2 -7 -49 -20 
10 -11 -30 -6 -2 3 23 40 
-6 -9 17 10 -2 0 3 -34 
-5 12 9 -8 -4 -6 -22 34 
2 -11 -18 0 2 2 5 -31 
-9 -3 -1 -4 1 -3 -13 10 
-14 20 8 0 0 1 12 -15 
5 -17 -17 4 -4 -4 4 5 
-5 0 14 5 2 3 1 17 
6 2 9 7 -3 -7 -25 -2 
3 -8 -23 -36 -7 -8 -31 -24 
-11 24 18 -6 -2 0 20 9 
-1 -8 -4 4 -6 -10 -50 -47 
8 -11 4 14 5 11 66 33 
-8 -21 5 1 -4 -11 -19 8 
10 -5 -12 0 9 4 -29 -2 
-20 -10 -3 -24 -6 2 -1 -2 
16 3 9 -1 -7 -6 -34 7 
8 -2 -9 8 2 -1 13 -11 
4 13 -12 3 2 -3 -12 -21 
-8 -6 -14 0 -2 1 44 60 
-3 -10 7 -13 -1 -4 -44 -37 
16 16 11 6 1 7 19 30 
-23 5 -4 9 -5 -7 -10 -11 
-5 -15 -9 -19 1 5 -3 -16 
6 6 6 -2 -1 0 -14 -11 
22 -2 12 11 2 5 -25 -8 
10 3 -14 -3 -6 -6 30 43 
-28 2 21 4 -1 -4 1 -14 
-4 -14 -9 -2 1 1 7 -24 
0 10 -2 -14 0 3 -43 -19 
21 -7 -6 8 -1 0 -12 2 
10 3 -17 7 -4 -6 31 -5 
-4 0 -7 -13 -1 2 22 32 
-8 -2 14 0 -2 0 11 -17 
-11 -10 -4 -16 -3 1 -9 -16 
24 8 13 12 3 -5 -45 11 
-38 -3 -17 -8 -2 -1 42 1 
7 -12 -27 2 -5 -10 -46 -18 
4 -12 38 14 5 5 50 34 
0 -14 -23 -17 -1 7 2 3 
-6 -12 -20 -13 -13 -18 3 -26 
-16 -25 -12 -2 -1 0 15 15 
4 16 -11 11 1 -2 -19 -22 
-10 23 35 12 0 2 -31 24 
2 -17 1 6 3 -2 -92 -28 
15 -7 -9 -8 -3 -2 52 49 
-16 -19 -24 -19 -7 -1 -8 -2 
9 11 22 9 -1 -5 -33 -36 
-20 2 -12 -12 -2 12 103 28 
-16 -2 -7 12 4 -5 -21 -4 
16 5 5 -14 3 -8 -46 -36 
-21 9 -29 -10 -8 -4 66 80 
-10 -15 32 12 3 -5 -53 -75 
0 4 11 -3 -4 0 -9 27 
8 36 8 16 -2 0 3 -10 
-24 -22 1 9 5 0 -108 -68 
41 38 -19 -10 -3 10 94 83 
-10 18 -5 6 -6 -3 16 8 
3 -17 21 5 6 -1 -81 -56 
28 32 -3 -35 -7 2 48 89 
-23 -25 -26 -6 -5 -7 -44 -94 
-4 -30 5 29 7 4 6 -12 
2 -2 -10 -45 -8 -10 -35 14 
8 -10 -17 20 0 2 -78 -115 
33 -23 13 2 -2 -4 79 122 
-22 -5 -14 -25 -2 -3 14 -24 
-16 8 7 18 -4 -12 -45 -11 
-24 -12 -18 0 -4 -7 12 -24 
20 21 -11 6 0 -1 21 30 
1 9 44 18 6 5 -35 -3 
-17 -3 22 -21 -6 4 -20 -25 
15 -23 -35 -39 -10 -12 37 63 
-26 35 -29 10 -7 -1 -29 -80 
21 3 -52 -29 -6 -3 61 54 
3 11 -9 -11 0 0 38 23 
-3 5 5 18 6 5 10 -4 
-14 -44 40 -8 -6 -13 -59 -38 
3 -26 -23 16 3 5 -10 3 
-11 -26 20 -4 0 4 0 37 
6 30 29 28 5 6 34 -26 
10 -6 7 7 5 13 -92 -57 
4 32 29 6 -9 -18 97 45 
9 -27 -19 15 3 7 56 34 
8 -29 -30 -23 -12 -10 -7 -1 
-47 -37 -22 -8 -6 -10 -34 -45 
-1 13 7 8 3 2 -54 -27 
20 16 9 13 13 9 12 23 
-15 -3 30 -6 -4 5 63 -8 
17 58 16 23 1 -6 -53 14 
19 -4 3 -36 -5 5 47 23 
-20 24 31 40 7 -1 -11 -19 
-4 -4 -27 -7 -3 -2 -24 -1 
-6 -70 -41 -13 3 3 -7 2 
15 12 107 30 5 0 -49 -24 
7 -9 -10 7 -3 2 21 9 
21 50 100 22 13 3 -70 -59 
-14 58 -67 -24 -4 -5 121 56 
-17 -45 -70 -12 -7 -2 -38 0 
17 19 38 -10 -22 -3 17 -36 
-17 -18 25 4 -5 -10 -22 -19 
16 -7 -18 -11 4 7 -15 16 
-20 7 -10 13 -2 -2 -20 -24 
25 14 -55 -6 19 -1 36 52 
4 4 -19 0 -21 -7 29 30 
-8 15 28 -9 6 4 -22 -27 
-20 -4 -16 7 -2 -4 -45 -66 
12 27 -32 -23 2 -2 12 10 
7 17 -29 17 6 5 -8 6 
15 25 21 26 9 10 73 56 
-17 14 7 -73 -35 -22 -13 62 
-8 -7 -25 1 5 8 48 -85 
-13 -39 -10 -3 5 -6 -3 16 
30 45 10 5 -1 2 -31 14 
14 36 -33 26 10 -3 -55 -30 
-38 -39 1 -32 -24 -15 -5 -2 
-30 -22 -37 -24 1 -7 10 45 
6 -11 13 -4 -6 -1 -5 -33 
4 -12 31 2 11 2 8 3 
-6 -11 -18 -15 -9 -1 -64 8 
13 -34 2 27 9 13 54 27 
4 3 1 -5 1 4 42 27 
7 33 33 18 14 -3 8 8 
-22 -30 -37 13 -15 -3 -15 -39 
9 12 8 -4 -2 1 -36 -8 
-42 -14 9 -14 -10 -10 -26 5 
42 -3 20 20 2 9 55 3 
-23 -2 -18 -12 3 -7 -38 -40 
46 21 -10 -1 1 -5 -11 18 
-29 -56 21 13 -7 -3 -62 -61 
-8 -5 -26 -3 7 19 65 50 
-1 -6 26 27 5 -3 -6 22 
7 12 -11 -18 -8 2 32 9 
2 8 26 15 5 -9 -45 -26 
-14 -27 -46 -31 -14 -3 -23 -72 
8 -40 4 6 -3 2 52 51 
-16 -5 9 -10 1 0 35 10 
28 33 -2 7 -7 -9 -50 28 
4 -4 -6 -12 0 2 35 71 
-9 9 6 -5 1 1 1 -82 
-30 -19 19 35 3 -9 -115 -113 
-33 -25 2 -21 -3 2 108 75 
3 -28 -16 -30 -16 -13 8 60 
2 21 -17 7 5 -9 -81 9 
-7 -5 10 -7 2 7 -44 -67 
20 11 21 -6 -4 -6 16 29 
21 -1 10 29 3 4 -49 21 
-24 17 10 6 -4 -7 45 23 
-31 -17 36 0 -7 -2 23 -26 
17 -33 -80 -20 -2 -6 -27 -22 
-36 -30 -23 -1 -5 1 -44 -70 
22 21 55 37 14 11 84 55 
5 -11 -51 -32 -12 -17 -89 -21 
-11 7 25 -6 3 11 28 45 
-2 13 37 13 5 -2 -19 -56 
14 -12 47 15 2 3 -40 -24 
5 48 -20 -12 -3 13 84 41 
22 0 -3 -3 1 -13 -88 -20 
-69 -23 15 5 5 4 24 -8 
15 30 -19 -29 -8 -5 -41 18 
-1 21 -21 -4 5 1 36 10 
1 -11 36 27 -1 -1 12 -4 
27 92 48 -13 -14 2 3 -10 
-15 -15 -39 -18 4 -14 -41 -14 
11 -15 33 8 -3 8 49 47 
3 31 -34 8 7 4 -9 -23 
-8 -6 -14 -8 0 -14 -15 -7 
-5 6 5 -4 -19 4 23 -2 
4 0 -22 -10 -5 -8 -8 0 
-11 -30 60 6 11 12 -15 -35 
8 36 -32 -12 -13 -9 25 9 
7 -5 -24 13 8 10 12 32 
-2 -23 63 10 18 0 -3 -13 
-17 -13 -4 -6 -1 5 -18 -6 
5 -54 -72 -8 -2 -7 -7 -11 
7 67 9 7 3 -2 -49 -15 
-29 -12 -10 7 17 7 28 38 
20 -41 14 7 -21 -7 6 25 
-1 19 -41 -18 -6 -2 -31 -98 
-13 -22 -11 -9 5 2 35 -4 
-5 4 32 -14 -23 -12 -1 8 
-5 0 -39 7 5 -4 14 -31 
5 -2 82 1 13 2 11 32 
0 -32 -49 -2 -35 -19 -4 6 
0 -62 -95 -7 2 2 -4 -4 
-9 60 9 -11 -5 1 26 -14 
2 -10 25 14 4 2 21 31 
-11 -6 49 -1 1 1 -49 10 
-3 -41 -43 -2 3 -1 43 -18 
-5 -3 35 -6 -21 -9 12 14 
6 -14 -64 -20 3 -7 -67 -25 
-21 -22 -25 5 3 6 7 -4 
21 8 -41 -1 -12 -6 -12 51 
-18 19 -3 -9 1 -4 -4 -107 
4 10 32 33 11 11 19 31 
4 -70 -16 -3 2 -2 -40 -16 
-18 24 40 -30 -6 5 45 18 
-5 11 -54 -5 3 -19 -52 24 
-18 -27 -27 -17 -5 2 14 -49 
13 6 59 41 26 7 -25 38 
8 -2 3 -21 -26 -4 -6 -41 
-1 -41 -8 -11 -7 -1 4 32 
5 38 23 -3 0 -1 -15 -26 
13 16 13 -4 9 4 23 15 
21 -2 20 0 -3 4 36 75 
-2 3 -16 -2 -6 1 13 -62 
-12 -14 16 5 -4 -5 -27 7 
18 4 11 6 2 4 7 -16 
-3 46 -1 21 31 4 -42 6 
11 -52 -16 -47 -31 -3 60 49 
2 2 28 17 3 0 -3 3 
-7 11 -3 -1 -2 9 39 -6 
-11 -5 -3 -4 4 -4 -56 43 
24 17 21 12 8 -6 -78 -51 
-21 26 -12 6 11 15 76 42 
-11 9 28 -13 -4 -19 -42 -39 
20 40 -24 0 -19 8 100 41 
-27 -8 3 -11 14 20 89 63 
-19 -36 -10 5 -16 -26 -42 -6 
-4 -4 -20 -13 4 1 6 -48 
30 -15 17 -7 -2 -5 63 46 
0 17 24 38 12 1 -62 -61 
23 -9 -30 -11 -11 -6 62 94 
10 12 7 -6 -8 -9 -78 -54 
-67 -9 -4 3 2 -1 -26 -52 
8 11 5 -3 4 -1 10 -6 
60 14 -4 4 -4 3 52 57 
9 -2 -19 -16 -8 -6 2 -15 
1 -1 17 -14 -12 -14 -35 -13 
-16 -20 -46 13 -2 -11 -44 -27 
12 -8 39 13 2 -11 -128 -128 
-61 14 -5 -26 -7 11 127 95 
-10 -3 -4 11 0 -10 -59 -23 
-34 -2 19 -7 2 8 -47 33 
16 -12 -5 -29 -5 -7 3 -22 
0 -22 -22 -20 -15 -19 -86 -38 
-6 21 -63 -41 5 0 27 -28 
35 -13 75 101 5 0 -60 1 
-17 6 1 -16 -5 5 82 79 
0 22 -21 -33 6 3 -4 0 
-10 -85 17 26 7 5 -25 -16 
14 -37 -45 -26 -3 -6 32 8 
-13 10 21 28 22 6 3 -29 
7 -17 -24 4 -30 1 39 42 
8 -32 17 -23 -11 -12 16 23 
-2 34 9 -30 -13 -4 13 -38 
-16 -47 -11 1 3 6 -31 -9 
5 -7 17 31 16 5 3 5 
9 21 -20 16 5 -4 18 -12 
-10 15 5 -2 3 5 13 13 
-17 14 -48 -11 -14 5 8 12 
6 -21 -7 -6 2 -5 10 9 
2 23 19 17 4 3 -20 -30 
18 8 -26 -15 3 2 35 44 
-5 9 26 16 5 0 -1 43 
-6 -37 -20 -1 2 -2 -4 -42 
1 19 -21 4 -6 -6 -43 -21 
-15 -20 5 17 10 -1 4 -20 
-27 1 -19 -55 -19 5 -20 -4 
24 -10 15 24 -11 -11 8 2 
10 12 42 2 2 2 -8 -3 
30 2 -25 -6 1 -8 7 34 
-33 -6 35 10 -3 3 19 -9 
-12 10 -20 -13 -3 -6 4 -8 
-4 -11 -1 18 1 -2 -9 -25 
20 -4 -29 -30 -9 7 45 58 
-9 8 32 3 3 -11 -84 -70 
7 2 5 8 8 9 23 4 
2 3 3 -3 11 2 -18 -4 
-2 7 -7 7 -7 1 6 15 
9 7 -1 -8 -5 0 15 91 
2 -8 3 12 8 3 3 -75 
2 5 9 3 -5 -1 -26 -18 
-22 -9 -20 -1 1 -1 67 27 
9 -16 -13 4 -1 -4 -13 -27 
12 4 -17 -24 -5 -3 -7 52 
2 19 34 16 4 10 15 42 
-7 -29 7 -15 3 -1 -34 -49 
2 -6 -10 16 -2 -7 3 -20 
-12 -20 11 6 -3 1 14 54 
6 3 -31 1 2 0 -21 -73 
-17 -1 -5 -9 1 3 -17 32 
5 -5 6 1 0 0 22 -16 
-9 5 -10 -10 -1 2 -11 -8 
7 11 12 3 3 -1 -1 0 
4 3 15 19 2 1 -2 17 
13 -5 -5 -16 -2 3 15 72 
-8 7 -36 -6 0 11 34 -22 
-22 2 16 5 1 -7 -3 -64 
23 3 6 -8 -3 -8 -8 -7 
-9 -1 -2 18 14 1 -18 -40 
4 6 -12 -10 -15 1 32 63 
-9 -29 5 -15 -16 -7 -14 -3 
-5 14 8 -6 2 -1 -2 1 
12 -6 -14 8 2 1 8 -2 
-4 7 15 15 3 -3 -30 -3 
-13 0 13 0 -3 -3 -3 -32 
0 15 -5 -2 -4 -6 -16 -10 
11 -4 0 0 2 3 6 -2 
-6 -23 3 -32 -8 -9 -19 -2 
-8 8 -6 11 0 3 6 30 
38 -8 4 -1 -5 0 -5 9 
-30 -4 -13 -6 -1 -4 -4 -37 
2 27 23 5 2 -1 9 -1 
4 -12 1 -16 -9 -4 -19 29 
11 16 -3 -5 2 -1 25 3 
2 -8 -19 5 -3 3 7 1 
1 11 7 -9 -4 -9 -24 -4 
-2 -24 -29 -6 -2 1 4 1 
-3 0 13 3 5 2 -10 -7 
17 13 10 -2 -5 -1 10 38 
-16 0 11 19 4 0 -7 -20 
-1 9 -8 -3 -1 -6 -45 -36 
-12 -35 -24 -11 -12 -14 3 -3 
14 23 26 6 5 5 26 32 
9 4 11 3 6 4 -5 -8 
1 0 19 7 1 0 -3 12 
-22 -10 -26 1 0 -1 -8 -22 
1 10 -7 -10 -7 -5 -9 3 
-8 -19 7 3 3 -2 -7 -18 
-18 -4 -13 -1 -5 7 19 7 
2 13 -6 -5 5 -2 20 26 
2 -6 -8 -1 -12 -7 -10 -43 
-2 -6 -20 -21 -9 -9 -16 1 
-3 -12 -16 7 6 3 19 9 
-6 14 21 0 -2 5 -32 7 
2 -14 -9 0 -1 -2 14 1 
-6 3 -6 13 11 1 -2 -15 
14 2 8 -29 -9 -1 10 21 
13 -4 -4 6 -5 -6 -25 -3 
-26 -11 -13 -23 -7 -5 -22 -33 
10 1 -3 4 0 7 22 18 
-19 11 1 1 3 -6 -2 -8 
15 1 17 -3 -6 -7 -13 27 
6 -11 -6 8 0 -1 0 -9 
3 4 -1 -1 0 1 4 32 
20 11 -6 0 -4 0 -33 18 
-25 3 4 -15 -1 -7 10 -100 
-10 -34 -16 3 -8 -3 -4 -2 
-24 -16 -6 -6 -8 -6 -5 4 
15 -3 5 -1 5 2 4 16 
-20 2 3 -3 -1 5 9 -14 
3 4 -21 1 4 -2 -10 31 
11 14 35 6 3 -1 -28 -52 
5 -11 -17 4 -9 -4 22 19 
-9 -14 -4 -22 -15 -4 -1 7 
-5 -2 5 5 -1 -1 0 -21 
0 0 -4 -3 -3 0 -1 30 
7 5 1 10 5 6 35 6 
22 10 19 5 6 3 4 9 
-39 -1 9 1 -2 0 -9 -14 
-11 -3 -22 -4 -6 -7 -4 -12 
-18 -11 3 2 1 2 10 -19 
7 10 -24 -1 2 2 0 9 
18 6 20 -1 2 1 12 21 
24 22 -3 3 0 -3 -1 7 
-28 -21 -3 -4 -2 -2 5 4 
-10 -13 -12 1 -5 -5 -8 -1 
4 12 -8 -28 -3 -6 -9 7 
13 -8 0 6 -1 -2 5 -10 
15 6 -10 -9 -2 1 -20 1 
-10 4 8 11 6 2 1 -7 
2 20 27 12 3 9 21 4 
3 5 -23 14 2 -8 -35 -5 
8 2 30 -7 -5 -6 14 -4 
-12 -3 -22 -4 1 -3 -2 5 
4 11 -10 -2 -1 0 -12 -26 
20 -1 10 -9 -6 1 18 64 
-4 10 13 8 0 -5 -29 -91 
12 12 -34 -3 -4 0 10 30 
-37 -39 8 -1 -1 -2 -14 -43 
14 6 3 -1 5 7 10 17 
-23 -16 -22 2 -7 -12 1 16 
15 13 36 -15 -9 0 -1 -16 
9 9 -8 14 11 -2 5 8 
-12 -2 2 -18 -15 -2 11 -3 
7 9 -12 -1 -1 -2 -1 6 
-20 3 -8 6 1 3 1 4 
7 -17 -5 -5 4 7 -16 10 
-9 1 4 14 0 1 24 -28 
5 3 -30 -26 -3 -4 -17 14 
4 4 7 1 -7 -10 -4 0 
-45 -5 -9 -3 -1 0 -8 -30 
-5 -24 -1 -5 -11 -9 -6 1 
19 8 -5 -2 0 6 1 19 
-17 -6 1 10 6 0 1 19 
12 9 13 -15 -4 2 0 10 
-18 -9 -9 -7 1 -7 -4 -16 
14 8 16 11 5 6 -1 -17 
-15 -25 -11 -14 -9 -6 -11 11 
21 4 3 22 -3 -2 20 40 
-12 3 -7 -14 14 4 -22 -32 
9 24 5 -23 -23 -7 5 19 
4 -6 19 4 10 7 9 -4 
-5 -2 -17 -15 -14 -14 -38 -20 
-3 -7 -9 11 7 1 4 12 
-5 -9 7 13 11 1 -2 7 
-3 5 -8 8 7 3 1 -23 
24 23 15 1 -11 6 11 42 
-31 -25 7 -15 -10 -10 -38 -64 
-7 -11 -19 -10 -7 -3 26 7 
2 -3 15 4 -3 -3 -10 -1 
10 -1 -19 4 3 0 6 -9 
13 20 5 7 -4 1 14 27 
-6 -10 7 8 4 3 -8 -24 
-26 18 -12 -4 0 3 -7 -24 
9 -24 -17 -5 1 -5 3 23 
2 6 26 -1 -9 -1 11 11 
9 -10 -19 -11 0 -7 -11 -2 
5 -2 9 8 6 -1 1 8 
-3 -1 -11 1 -4 -3 -2 1 
2 9 12 -1 -3 1 14 11 
-35 -27 -8 0 5 0 0 10 
23 23 -3 -6 -3 6 -3 -21 
18 14 7 14 12 4 1 -14 
23 -35 -19 -5 -4 -3 0 54 
-31 9 -2 0 -4 -4 -7 7 
-21 -15 7 4 1 -5 -9 -50 
-23 -4 -18 -13 -6 -6 -5 -25 
22 -3 -7 -2 2 4 15 28 
15 -14 -4 11 5 6 1 18 
-4 -18 -16 1 -5 -4 -13 14 
6 2 10 -18 -9 -2 6 -15 
-14 0 -26 -4 -1 -5 -15 -5 
1 15 21 8 7 -1 -6 -27 
15 -1 5 -8 -7 1 8 19 
-9 -1 1 -2 -6 -5 1 -14 
3 5 -23 -17 -7 -2 -19 3 
-10 -3 10 6 7 8 30 -3 
18 12 13 3 -2 0 -3 -4 
-31 -12 -11 -4 0 -5 -16 29 
18 2 7 9 -2 0 42 -44 
-15 17 -16 -10 -6 -5 -9 16 
-2 -11 3 5 -1 2 22 19 
12 11 5 6 5 6 6 -7 
-11 -4 25 14 10 -1 -11 8 
4 -37 -44 -32 -22 -16 -14 -19 
-5 -30 -35 -10 -4 -4 0 1 
1 0 22 0 1 0 3 4 
-15 9 17 18 6 7 -3 -1 
15 21 1 4 3 3 1 -4 
-3 -9 -2 -4 4 -4 -46 10 
8 -9 10 12 8 4 32 -1 
-30 15 -4 -15 0 -3 -18 11 
40 11 2 6 -13 -7 -15 -45 
-4 -13 -16 -5 -7 -8 -3 22 
7 3 6 -2 -1 -1 3 1 
3 12 5 6 6 4 -5 -5 
-1 -4 19 0 4 1 1 32 
-5 4 1 5 1 1 33 -16 
16 -8 -5 7 4 3 -35 9 
2 0 -12 -16 -4 -1 36 34 
-9 -1 21 11 0 1 -10 -42 
6 24 2 -13 0 -4 -1 -17 
-18 -35 -10 -6 -7 -13 -18 -14 
-2 -27 -16 -13 -6 -4 8 2 
-17 -1 20 22 8 9 21 21 
-2 17 5 3 -1 -2 -4 13 
4 7 17 5 4 5 -12 1 
16 -7 -58 -4 -2 2 12 -33 
-15 -21 15 -6 2 1 3 -13 
-5 -15 -1 -28 -24 -12 -11 -19 
4 0 -14 -1 2 5 11 29 
