#EMG
#3
#ID:3-43
19 1 -3 3 0 3 9 18 
4 -5 -13 -5 -2 -3 -10 -30 
-15 -3 -1 6 3 -3 -9 -4 
-4 17 22 -2 0 4 -1 5 
3 1 0 1 -2 0 15 4 
0 3 13 0 0 1 -1 56 
3 6 -8 -4 -4 -3 -3 -82 
-14 -10 -4 0 -3 -3 -12 -2 
-6 -9 -9 -2 -2 -1 -6 -7 
5 5 20 -3 -1 -1 6 -5 
14 -9 -18 4 -1 0 6 23 
-33 10 19 20 -2 -6 -9 2 
19 -7 -14 -33 -2 0 1 -9 
-32 -2 9 4 -1 2 10 1 
7 -4 3 -6 -4 -7 -18 7 
-4 -8 -29 -8 -1 -2 0 -7 
9 2 13 17 0 0 1 18 
-18 5 -3 4 1 4 -5 -7 
22 -3 7 -6 -4 0 8 22 
16 0 -19 -9 1 2 1 -16 
-15 -10 -6 1 -3 -3 7 -17 
5 5 -15 -4 1 0 -20 4 
-9 -2 10 -5 -1 0 2 9 
-2 -4 -1 4 0 0 2 17 
7 5 5 -2 1 0 -4 -5 
8 -11 -20 -8 -5 -5 3 -7 
5 9 5 0 -2 0 4 23 
-23 -2 9 -1 2 1 -1 -19 
5 -3 6 6 2 0 -3 0 
28 -3 1 -5 -4 -3 -1 16 
-2 -5 -1 1 2 -2 -7 -12 
-27 0 -4 -8 -2 -2 6 4 
-6 -15 15 8 -1 1 2 -16 
4 2 13 4 2 -2 -7 -9 
-4 -1 2 0 3 0 0 17 
1 8 8 10 -3 -1 -4 -30 
12 6 -31 -7 -2 -4 -4 17 
-12 -11 -13 -6 -5 -4 6 4 
-4 -2 -6 0 -2 -1 -7 -19 
11 -4 6 -9 -2 -1 6 20 
-9 1 -14 -3 0 -1 -5 6 
-1 -1 1 3 -2 -5 -6 -44 
3 15 2 -11 -1 -1 1 9 
4 -4 -6 -6 -3 -3 -2 13 
3 2 7 4 0 -1 -3 -12 
1 -5 -12 -3 -4 0 15 15 
-27 -7 -12 0 0 -1 -13 -5 
17 11 30 2 0 1 -2 -2 
0 -1 -22 -8 -1 -3 -6 -4 
-8 6 16 8 1 2 13 27 
14 5 9 -2 0 -1 -10 -21 
-14 -17 -22 -5 -4 -4 3 6 
-4 -1 1 4 1 -1 3 26 
-5 -3 -20 -11 -2 -2 -9 -42 
-2 -11 6 4 -1 0 0 -4 
-8 -14 -2 3 1 2 -10 -2 
-8 11 16 4 0 0 2 9 
-8 -9 -10 -13 -3 -4 -6 -13 
-9 5 5 5 -1 0 4 5 
-9 -16 -25 -13 -4 -5 -6 -17 
-15 -2 10 4 1 0 2 -4 
-8 -8 -6 0 0 -1 3 9 
2 8 -7 -8 -2 -3 -15 -8 
14 17 10 3 1 0 1 41 
11 1 4 0 -1 -1 -1 -40 
-10 -4 -11 -4 -1 1 -3 19 
11 -2 -7 3 -3 -2 2 -21 
-18 -4 2 -1 -1 -1 7 5 
-16 -4 -7 17 -1 1 9 9 
38 12 4 -37 -2 -4 -3 38 
-18 -12 -13 -1 -1 -5 -10 -69 
10 -1 -1 -4 0 -2 4 1 
-5 -2 -13 -4 -2 -2 -6 -8 
-4 1 4 13 1 1 8 6 
7 3 7 5 1 2 5 33 
5 -9 -18 -10 -4 -5 -9 -35 
1 9 0 0 -1 0 -7 -10 
-6 -2 10 6 -1 0 -3 35 
5 5 6 -2 -1 1 5 -20 
15 21 16 11 4 4 16 6 
-1 12 3 -16 -4 -4 -13 15 
-4 -1 -12 -3 -4 -5 -18 -16 
9 6 16 3 -1 0 19 18 
-5 -2 8 3 0 0 -3 8 
-1 -9 -20 -5 -2 0 6 -9 
-6 5 23 2 -2 -5 -15 -19 
-2 -13 -23 -4 -5 -1 4 43 
-4 8 19 2 -3 -2 -12 -36 
5 7 3 -11 1 -1 3 -2 
6 -11 -3 9 0 -1 -1 -9 
2 -10 -15 -2 -3 -4 -2 7 
-22 -10 -5 -7 -2 -2 0 30 
-9 5 14 8 2 1 -2 -23 
-5 -10 -1 4 -1 0 1 -38 
12 6 15 -5 0 -1 -1 11 
-6 -10 -30 0 -2 -1 -7 -2 
13 -3 14 2 -2 -2 -14 7 
-14 -3 -16 -8 -3 -1 16 -3 
-12 3 -2 -8 -5 -1 4 -5 
4 -8 -6 -7 -1 -3 -6 -8 
6 -3 -2 7 3 2 14 5 
-5 6 15 5 1 -3 -15 -3 
12 1 -11 -4 -2 -4 -9 20 
-24 -3 6 15 -1 2 6 7 
-10 -7 -1 -24 -1 -1 -10 -35 
8 2 -2 2 2 3 9 -3 
-3 -4 -6 6 -1 0 4 0 
-3 -3 11 1 -2 -5 -19 19 
-7 -16 0 3 -4 -3 10 -21 
-10 8 -5 2 2 2 1 3 
-12 9 6 1 2 0 -2 -4 
10 -3 -4 -5 -3 -2 -4 10 
-2 12 1 -7 -1 -2 -4 17 
7 12 -2 1 -2 -2 0 -11 
4 -8 0 0 -3 -1 -1 19 
3 -13 -4 1 -2 0 -2 -26 
-10 -2 -1 -2 -6 -4 0 11 
1 -7 -4 -4 -2 0 4 0 
-9 4 1 5 4 -2 -10 8 
16 -3 -13 -7 -4 -1 9 -4 
-11 -6 13 0 -2 -6 -22 -38 
11 -3 -46 -2 -1 -1 -3 3 
-2 -8 1 -5 -4 -2 2 21 
-7 0 11 12 2 2 4 -29 
-6 -16 -27 -21 -2 -1 -1 19 
0 -2 15 5 -3 -2 -2 9 
-26 -4 -14 -22 -2 -1 -2 -28 
13 2 3 6 0 -1 0 21 
6 1 -1 11 -4 -1 5 5 
12 -4 -11 -1 -2 0 2 -4 
-6 -20 35 3 -2 -2 -4 -17 
-3 -4 -10 -7 2 0 -1 -2 
11 1 -2 8 4 3 -1 38 
-20 10 17 -4 -2 0 5 -53 
5 0 -10 5 -1 -3 -9 -6 
0 2 -17 -11 -1 -4 -4 -6 
9 -4 -8 7 1 -2 -1 10 
3 -1 11 -3 0 0 13 23 
5 10 -13 0 -6 -6 -15 -8 
-17 -11 5 -6 -2 -1 -2 1 
5 -2 -5 16 -1 -2 -12 -32 
-23 -1 -5 -28 0 2 20 29 
-2 2 1 11 -1 -2 5 -10 
4 0 -6 -2 -1 -1 -5 -23 
36 -2 12 2 -2 -4 5 35 
-39 -10 -1 4 3 -2 -14 6 
-15 -7 -16 -7 -3 0 2 18 
8 11 6 -1 -1 -3 -4 -29 
-11 10 -11 -7 -3 -1 0 -7 
1 6 34 13 3 2 -5 11 
12 -5 -41 -24 -6 -5 -6 -15 
-10 2 3 5 0 3 2 -14 
5 3 1 -2 -3 -4 -9 -5 
18 -1 0 -3 -2 -1 10 13 
-16 -10 -2 3 3 1 -3 2 
2 3 4 -1 1 -2 7 8 
-5 -1 -6 -14 2 4 -5 -17 
6 -7 -27 -3 -9 -6 -16 -1 
37 0 39 13 4 2 10 15 
-74 18 -15 -5 -2 -5 -8 -27 
31 -14 3 0 -4 -2 9 36 
-8 -5 -7 4 2 -2 -11 -58 
11 5 14 11 0 1 0 4 
29 3 10 -7 1 2 9 26 
-22 -15 -19 -23 -10 -5 -1 2 
7 8 6 1 1 -3 -10 -21 
-14 -6 -8 0 -3 -2 -2 -11 
15 21 9 0 -2 0 3 4 
-13 -2 31 10 5 5 10 10 
21 -5 -24 -2 -2 -2 -6 10 
-22 13 20 0 4 2 -21 1 
2 -11 -6 3 -4 -1 28 -6 
39 4 6 1 0 -1 -3 10 
-36 23 10 14 0 -1 -12 -17 
-20 -43 -31 -13 -1 -2 -11 -28 
19 10 37 2 -3 -1 34 63 
-6 21 -4 7 3 1 -17 -33 
29 9 -3 1 -1 2 7 1 
-11 -3 -20 -12 -1 -6 0 13 
14 -3 -4 -12 -6 -3 -18 -4 
-14 -1 -2 15 6 1 -2 1 
1 -7 29 0 -2 -3 -26 -4 
17 7 -22 -6 -2 1 44 8 
-14 -81 -33 3 0 -4 1 23 
-10 53 63 -2 -5 -2 -17 -19 
-3 -20 -25 5 -3 -3 4 24 
-13 2 -38 -37 -5 -2 -14 -19 
6 12 23 8 0 0 6 -2 
-24 -13 6 -6 -2 -1 10 -5 
0 -45 -7 2 -2 -5 21 -28 
4 37 6 5 -5 -1 2 11 
-8 -16 -11 4 7 7 -29 -9 
12 -20 -38 -6 -2 -2 16 19 
-27 -31 35 2 3 0 -15 -3 
12 -9 -29 28 0 -5 14 14 
-8 -10 13 -29 -10 -5 2 -56 
-22 -2 21 4 -1 -1 -47 -2 
15 -40 -20 -10 -7 -4 3 11 
2 -35 -16 2 2 2 -14 -9 
-6 21 -31 -6 -4 -5 -36 -20 
-10 -28 -13 6 0 0 1 -16 
20 78 28 0 1 0 3 26 
14 -27 34 -6 -2 -1 -5 1 
-12 -7 -23 8 2 1 -10 -1 
-4 -10 -15 -2 0 -1 11 17 
1 -5 -22 13 10 10 16 9 
-2 2 34 -2 -6 -5 18 32 
-4 3 -11 -8 0 -4 -15 -41 
-7 13 38 0 -7 -5 1 -16 
8 8 -38 -16 -2 -2 -7 5 
3 56 50 21 7 5 15 10 
-9 -47 6 -4 2 2 10 21 
5 23 -11 -6 2 0 -23 -6 
-20 -18 33 0 -7 -3 37 -22 
16 57 -49 11 -2 -1 0 9 
9 -8 16 -17 -1 1 -9 2 
1 2 -22 2 4 -3 7 9 
-34 -21 3 -2 -14 -6 -10 -11 
33 -4 -42 -26 -6 -1 -9 -10 
-2 76 19 6 4 3 21 6 
-26 -40 -36 -14 -13 -5 21 28 
7 -40 9 -1 7 -4 -21 -36 
-22 -19 31 -10 -15 -7 -16 -29 
22 16 -45 16 -2 -3 14 35 
11 36 39 5 7 4 16 5 
14 5 -41 -5 6 0 -11 -1 
-38 -13 7 -10 6 5 -1 3 
-4 -43 -4 5 -1 -1 7 30 
-11 -23 -40 6 5 4 -9 -23 
21 20 18 -3 -9 -7 11 24 
14 30 83 28 13 8 12 -9 
-23 -22 -112 -35 -12 -10 -18 7 
2 -6 36 -7 -7 -5 -20 -20 
7 25 -4 7 0 7 58 15 
-54 -18 -4 -12 -6 -16 -27 -8 
28 29 8 12 5 4 26 -8 
17 -11 -24 -2 0 10 44 16 
-1 15 -2 -18 -6 -5 -35 1 
20 -3 -21 12 4 1 23 26 
-7 -2 39 -5 -4 -2 -14 -1 
7 0 -24 -6 -7 -11 -55 -25 
-29 11 1 8 5 1 -66 -9 
-7 -14 -17 0 -3 9 65 -12 
27 -2 45 8 -6 -14 -26 18 
-36 -27 -27 -16 -10 -6 -4 -7 
22 14 8 9 6 2 -69 28 
-29 -17 -38 -18 -8 -10 22 -11 
-2 -1 24 -14 -3 4 -46 -22 
7 8 22 43 2 -3 55 1 
11 -1 -1 -33 -1 2 -34 49 
-30 2 -55 -3 -2 0 -11 -60 
37 12 18 8 -4 -6 -51 10 
-60 -15 4 5 6 7 6 -53 
16 8 -1 15 -2 5 88 82 
16 -22 43 9 2 -11 -65 -58 
-15 -35 -12 -14 -10 -4 34 -27 
-17 9 -7 -19 1 -9 -19 9 
11 -7 -26 18 -5 -5 7 -26 
4 -8 -21 -30 -4 -3 0 24 
-1 -20 3 0 -1 0 6 11 
-5 -13 37 9 1 3 -4 1 
-22 -2 -70 1 3 -1 -4 -38 
37 -1 -24 15 -3 -2 -24 40 
-11 54 20 -3 3 6 2 -5 
11 0 -39 -14 -3 1 18 7 
-5 -9 -10 0 0 -3 -10 -17 
-6 -5 66 5 2 -1 -10 -5 
3 -10 -32 -8 7 0 34 11 
18 -8 -9 -8 -9 -5 -9 15 
-19 7 -1 -15 -6 -4 -6 -18 
21 -6 66 11 6 2 -6 -3 
-58 -8 5 5 4 2 12 17 
58 -14 -26 19 0 -3 -22 31 
-25 1 -3 -35 -3 -6 6 -86 
1 17 11 9 -3 4 -13 -27 
16 38 19 21 3 5 17 12 
9 -3 -29 -29 -9 -2 7 -28 
-2 -15 35 14 8 -1 5 17 
6 29 -35 3 -14 2 -10 7 
1 31 -44 4 4 5 11 -11 
-5 -20 14 -20 -14 -14 -6 16 
2 53 24 -1 -2 0 12 16 
-9 31 -76 -14 -6 3 -4 -4 
-9 -62 68 1 -11 -3 -6 -6 
16 85 -16 -14 -4 -11 -7 13 
-17 -32 15 24 10 4 -42 -27 
16 -36 -18 -8 -2 -5 60 12 
-12 -8 -15 -10 -6 -4 -7 12 
16 18 11 2 10 7 32 51 
-9 16 45 -1 -12 -10 -14 -57 
-16 4 41 2 6 2 -29 -22 
7 -22 -112 -16 -8 -2 61 26 
19 -17 68 11 8 2 -9 11 
1 -3 -35 -11 -4 2 -3 -6 
10 -4 13 4 -3 2 42 49 
-18 1 12 19 13 -3 -33 -72 
-11 37 -24 -10 -10 1 -23 4 
31 -3 -3 3 -3 3 59 40 
-32 -47 -1 -13 0 -9 -39 -19 
28 -4 32 -16 -4 -3 -21 24 
-39 -31 -15 37 7 9 6 -26 
3 -22 -5 -9 -2 -9 -14 7 
-1 -16 -4 -5 -8 1 -32 -21 
31 29 14 8 3 2 10 39 
-24 -12 -3 2 1 -7 -17 -82 
0 -1 16 -2 -1 2 38 50 
10 14 -35 7 9 5 63 55 
-22 -13 -22 -7 -6 -11 -59 -82 
2 -20 18 -8 -6 -3 -8 -27 
12 -4 18 3 -3 1 -24 29 
15 49 -10 1 1 -6 -27 7 
12 -15 29 2 -3 -2 22 18 
-29 13 -49 -7 1 -3 -7 -57 
7 -15 -25 3 0 8 -2 44 
-48 -14 -9 -12 -5 3 61 -36 
23 -23 21 10 5 -13 -70 9 
9 -7 -12 -9 -4 -2 22 11 
20 -12 21 12 1 3 14 25 
-15 7 20 34 8 3 7 -17 
-19 10 25 1 1 12 -37 -43 
26 -13 10 1 4 -8 41 52 
-44 0 -81 -33 -12 -10 -22 39 
-35 -32 32 -5 -6 -8 -10 -65 
-22 10 -27 10 -4 4 74 49 
26 -1 -7 5 2 5 -24 34 
-26 31 31 15 2 -8 -46 -52 
14 -29 -8 -40 2 -9 -36 -19 
28 5 -29 16 3 12 20 42 
-17 -33 -11 -1 2 -1 -7 -72 
11 9 -4 -50 -8 -10 47 45 
26 49 3 14 2 3 -27 2 
-41 -34 -2 31 0 -7 -70 -41 
-16 -14 2 -17 -9 3 24 83 
-8 -18 -11 22 4 -3 -24 -65 
30 10 -22 -13 0 1 48 64 
-21 -25 -45 -52 -8 -4 -27 -45 
15 63 46 38 2 1 11 23 
-2 -22 -62 -37 -6 0 -1 -55 
-12 17 88 20 -3 -8 -85 -31 
4 12 -30 -20 -13 -6 74 22 
10 -29 -15 -15 -5 -2 -6 18 
-25 -22 -26 9 -3 -6 4 -22 
6 7 -11 12 11 8 -6 12 
-7 -31 9 -19 2 -6 9 10 
-8 3 -10 7 -20 -1 -27 -25 
4 7 -8 4 -1 5 -36 8 
-11 -5 29 -4 -7 -9 10 -8 
0 44 37 20 13 8 -7 -15 
26 25 46 9 3 -2 5 4 
2 -2 22 20 8 8 -16 -10 
11 -28 -6 -11 1 -4 9 29 
12 20 34 15 -12 1 9 -15 
-12 -4 -17 -18 5 -4 -7 -6 
19 10 13 0 -7 -2 28 4 
-19 -9 32 6 7 1 -8 -4 
33 2 -3 10 -2 -3 10 23 
-60 -7 -7 -11 10 -1 -19 -26 
11 -7 2 -7 -17 -7 14 -6 
-2 -15 -64 -1 7 4 28 49 
-3 13 29 -8 -5 -1 -14 -15 
23 -10 -31 -4 -9 -1 3 -1 
-8 12 30 17 9 3 8 -22 
20 -7 -26 -6 -2 4 -4 33 
-1 -1 -18 -9 -2 -5 -2 -23 
-21 8 20 5 6 -1 -1 -22 
-7 20 16 -11 -3 -1 -1 9 
23 -27 -25 -1 -5 -4 1 6 
-27 7 26 5 -1 -4 -12 -3 
3 -9 -18 -7 -4 0 -1 0 
25 4 42 15 7 2 -4 7 
-31 1 -33 -9 -13 -5 -5 -16 
21 -25 -23 -7 1 0 5 30 
-32 1 5 -2 2 1 -18 -38 
-5 -19 -38 5 -5 -1 53 14 
8 19 14 -23 -6 -8 -6 11 
-17 10 47 13 3 -2 -1 -31 
9 -19 -21 -30 -12 0 -4 16 
-2 15 -8 5 3 2 -33 -36 
21 -19 -13 9 -1 -2 22 30 
-30 9 4 -4 -1 -3 -8 -23 
12 -2 5 17 6 1 14 24 
1 -9 41 -16 -7 -3 -17 -23 
-11 -23 -1 0 -4 -3 -7 -4 
8 9 -13 2 8 3 -7 12 
-10 -7 -14 -2 -4 -2 2 -10 
8 0 5 -3 15 0 8 25 
-18 -10 -16 13 -10 2 -19 -42 
28 20 29 13 5 2 23 3 
-5 -9 -34 -7 -4 -2 -5 17 
-16 6 10 -8 -3 -2 2 12 
-13 6 11 -4 -2 -1 1 -6 
19 -5 -6 9 2 -3 -40 -13 
-1 19 -11 4 3 0 37 -10 
-8 -36 -9 10 3 -4 -19 26 
38 21 8 5 -2 6 10 14 
-13 8 -16 -15 -6 0 -6 2 
1 3 -15 10 11 5 -7 -4 
5 -3 -10 -2 -15 -14 -12 5 
-23 -3 10 -7 -2 -3 -16 -38 
6 -12 -4 -7 -2 -2 8 10 
11 -5 5 7 -1 5 7 12 
-11 23 -2 -5 3 3 10 27 
-12 -5 -37 2 -1 -6 -27 -82 
-17 -7 17 -1 -4 -3 8 4 
1 -4 14 -13 -7 -8 -5 -6 
2 -5 -1 10 1 3 4 1 
-3 -3 8 0 -1 -3 2 48 
12 0 10 1 1 5 5 -19 
-7 47 38 4 6 4 -5 4 
18 -6 -26 -10 -7 -4 -19 -18 
-3 -11 -5 4 1 0 15 13 
-34 -19 -20 -5 -5 -6 -2 1 
31 -1 9 -2 -3 -6 -6 26 
-19 15 21 10 10 8 6 -16 
-2 -8 9 -17 -8 0 -4 -8 
11 4 -35 -2 -3 0 2 13 
-6 -14 31 -2 1 1 -4 -10 
-3 7 -5 4 -2 -4 -1 -6 
7 -16 3 2 5 0 15 18 
-5 3 -19 0 0 -2 3 2 
-6 -20 -6 -2 -3 -5 -12 -38 
-5 -9 -7 -4 -4 -4 4 0 
-3 13 -6 -3 -2 -4 -14 -2 
23 -12 2 -1 0 -1 5 29 
-16 25 15 -4 -3 -2 3 9 
11 -5 6 5 2 2 2 -26 
-27 21 2 -6 -1 2 6 -11 
-7 -14 -12 -6 -5 -8 -10 -12 
-2 -7 5 4 2 0 -8 0 
5 1 3 0 -2 0 4 14 
-3 2 6 -4 3 0 -5 8 
23 -8 -7 -7 -7 -3 0 7 
-22 -7 6 3 0 0 -3 -4 
-2 2 -24 4 -3 0 7 7 
7 2 20 -14 -2 0 -4 -8 
-21 -12 -2 0 -1 -5 -11 -10 
-8 -5 -17 -7 -7 -3 7 -13 
14 5 14 3 1 -1 -1 -9 
7 -1 3 7 3 0 2 39 
-3 -3 -45 -18 -3 -3 -5 -40 
3 -3 20 -1 1 -2 -18 -9 
-1 3 -15 3 0 2 37 20 
-18 -16 20 3 -6 -3 -2 20 
-18 20 8 3 2 1 -5 -15 
3 -21 -29 2 1 -2 1 -5 
11 -10 -14 -18 -4 -3 -13 -12 
6 4 -11 2 -2 -4 -9 -3 
1 11 -2 2 -3 0 14 21 
23 -1 0 0 -2 0 -2 25 
-26 -2 19 -4 -1 -1 -9 -41 
-11 -8 -14 17 4 3 -7 -13 
23 -8 35 -18 -4 -3 2 15 
-9 -6 -41 -3 -5 -3 -6 -8 
-1 -2 -1 -18 -8 -4 -7 -17 
2 0 -6 9 3 -4 -8 -10 
3 12 7 8 2 2 14 -10 
11 12 6 -1 0 -3 1 52 
-16 12 -6 -6 -4 -3 -3 -1 
0 5 21 -1 -1 1 0 -4 
-4 -10 -14 24 4 3 -2 17 
12 4 -18 -27 -6 0 -5 -27 
-2 -20 11 -8 -6 -10 -2 18 
2 11 -19 -4 1 2 10 -18 
-6 5 33 10 5 0 -14 13 
17 0 17 12 -2 -4 14 2 
-16 -6 -36 -5 -2 -2 10 14 
22 30 8 -3 -7 -4 -1 -3 
2 -20 -21 -9 0 -1 -4 -16 
-28 0 17 4 1 2 -5 -17 
19 9 4 10 8 2 -5 16 
8 -5 35 7 -3 1 -6 18 
-19 -4 -9 -19 -10 -6 -3 -33 
7 2 -5 -1 -3 -1 10 26 
1 22 8 10 1 2 -3 -29 
-24 -40 -29 -9 3 -5 -8 -21 
1 5 -13 1 0 -2 -1 11 
14 -1 30 1 -1 -2 -6 -9 
-1 -6 -7 -3 6 2 -1 7 
7 8 -2 1 -7 0 -4 4 
-11 2 27 3 6 4 10 10 
21 -18 -37 -11 -6 -2 15 5 
-1 10 6 2 1 -2 -17 -3 
3 0 -15 -3 0 -1 -8 -14 
3 2 7 4 -1 -2 3 25 
-10 12 2 6 6 2 -2 0 
22 12 19 -2 -1 1 2 9 
-21 -24 -42 -29 -10 -3 3 -2 
-16 -9 -26 3 0 -3 -5 -6 
14 11 53 6 0 -3 -9 -14 
-14 -12 -6 4 -3 1 -4 -13 
3 11 21 10 5 -1 1 7 
5 -1 5 5 3 3 2 -1 
11 -15 -24 -6 0 1 -16 58 
-15 -14 -5 4 -5 1 33 -62 
-14 -7 13 -8 1 -2 -10 -27 
8 11 -2 -4 0 0 4 -8 
-6 3 1 7 1 -1 -4 -2 
0 -5 2 0 0 2 -7 30 
10 17 5 9 3 0 2 1 
7 14 -21 -4 1 -2 0 1 
-19 -2 0 -6 -12 -6 -1 -3 
-23 -26 -24 -21 -12 -11 -15 -21 
0 -4 -5 0 -2 -2 -3 -30 
-2 6 18 4 -2 -3 -10 16 
0 4 -8 13 7 2 6 2 
-7 -23 -9 2 6 4 -4 1 
22 22 -5 -4 2 2 12 56 
-1 0 2 -4 -5 -2 0 -32 
-5 1 -10 -9 2 3 1 -30 
-14 -9 5 -4 -8 -6 -6 -3 
18 2 -25 7 7 4 -5 2 
6 8 40 2 -2 1 8 43 
-18 -10 -25 -15 -7 -11 -4 -33 
5 4 -1 -5 0 -2 1 25 
4 -11 12 3 -3 -3 -5 15 
3 -3 -21 2 1 0 10 -22 
1 8 11 2 0 1 -5 0 
16 0 7 6 1 2 0 14 
-23 -2 9 -13 2 4 4 -4 
-5 -21 -19 0 1 -3 -12 -15 
-11 -2 4 5 -8 1 -5 0 
9 5 4 2 -1 1 11 2 
22 2 8 7 1 -1 2 37 
-36 -15 -38 -19 -6 -7 -15 -62 
21 -14 9 14 6 2 2 15 
-3 25 5 -20 -4 -1 -5 19 
-19 -17 -15 -2 -5 -4 -2 -43 
0 4 27 12 6 3 4 5 
11 -12 -40 -10 -3 -4 -26 -21 
-3 -1 2 -3 -4 0 29 27 
0 -12 20 7 -2 0 -5 -1 
-4 -12 -29 -2 -2 -1 0 6 
-9 14 25 1 4 2 -2 -6 
1 -4 -4 4 1 0 -14 -9 
-14 3 -13 -5 0 -2 -3 -10 
12 24 39 10 5 6 4 20 
-11 -24 -50 -21 -7 -5 3 -3 
-3 -9 6 -4 -1 -4 -10 -11 
-5 -8 -8 5 -3 -4 1 -9 
5 13 25 1 -4 0 -5 21 
-2 17 4 4 5 4 7 0 
10 3 -10 8 5 -2 -5 4 
5 7 11 -1 -5 3 5 30 
-18 -29 -22 -13 -5 -8 -14 -57 
7 35 -12 -1 3 1 5 8 
-12 -5 18 -9 -10 -7 -9 -18 
8 -4 -2 7 2 -1 4 17 
11 -3 1 -7 -3 0 1 14 
-16 -12 -6 3 -2 1 5 0 
12 3 17 18 6 1 -16 8 
-27 7 -16 -14 -1 -1 4 -37 
-12 -5 -2 -15 -11 -5 9 -23 
23 -4 17 14 2 -3 -5 -7 
-7 -14 -22 -20 -3 5 3 9 
15 -11 -4 -8 -5 -3 -9 -14 
-21 19 -2 -2 -2 -2 -8 15 
-4 -12 -6 -3 -2 -1 7 22 
5 -3 9 5 2 -1 0 -12 
-3 -2 -19 0 1 -3 -9 -20 
19 3 -21 2 4 0 2 41 
-3 13 32 8 3 -2 -7 -27 
-35 -9 -6 -6 -10 -3 -5 -34 
-1 -15 5 -13 -6 -7 -2 4 
23 18 14 6 3 0 -1 10 
-17 -11 -9 -4 -1 2 8 19 
7 3 -8 8 3 -4 -18 -8 
-8 -5 14 9 3 2 11 12 
-10 -27 -23 -1 -6 -4 -9 -44 
31 11 14 -8 -5 -2 -5 -4 
-21 -12 -23 -7 -4 -3 -1 6 
5 8 2 -1 2 2 -4 -1 
-7 -10 5 3 2 1 4 17 
14 15 18 4 3 2 4 23 
4 30 -26 -3 -2 -3 1 -13 
14 -10 6 -17 -12 -6 -1 0 
-6 0 -34 -5 -3 -2 -2 -17 
-27 -20 8 -5 -4 -1 -3 -19 
26 9 8 9 3 2 2 34 
1 23 15 1 5 3 -2 13 
-10 7 21 0 -1 -1 -8 -2 
-1 0 -31 -8 -4 -1 -2 -15 
-14 -35 14 -15 -12 -1 7 9 
-2 5 -41 -2 -4 -2 -6 -14 
21 -13 11 -1 -2 0 -5 13 
-1 20 46 5 7 0 -5 33 
-2 -19 -9 18 5 2 2 -25 
-12 -18 -30 -23 -9 -5 -1 -37 
-8 4 5 -3 2 1 -1 -8 
2 -3 -2 4 -3 -5 -4 1 
20 32 14 8 7 4 2 27 
-7 -21 -2 -9 -1 -2 -3 -12 
-4 -15 -6 10 -2 -5 2 7 
-3 0 -3 -6 -6 -2 3 -14 
0 -5 -9 -3 -2 -3 -7 -6 
-2 7 10 8 2 0 10 13 
-3 -31 -3 1 3 3 4 7 
