#EMG
#4
#ID:4-7
-2 -8 -13 -10 -1 0 -4 -5 
-1 0 4 11 0 -2 -7 -11 
-2 0 -4 -12 -1 -1 -2 2 
4 2 4 4 -3 0 3 -3 
-14 0 9 14 5 1 -4 12 
-2 -4 -11 -21 -5 -5 -3 -17 
-3 0 11 33 0 1 -2 -1 
17 4 -3 -14 -3 -3 0 -3 
-4 -6 2 7 1 0 9 5 
-5 1 0 -3 0 3 -15 15 
-4 4 -2 -4 -7 -5 -2 1 
11 -17 -2 -15 1 1 4 0 
-25 -9 -19 -17 -10 -5 -15 -23 
-9 -3 -7 6 3 -4 2 16 
14 -5 -4 -2 -3 -4 -3 -11 
-6 10 9 19 1 1 4 -3 
4 1 -7 -10 -3 -4 -7 -3 
-10 -6 9 3 1 0 0 -13 
0 -2 3 -8 -8 -5 -3 12 
8 5 1 1 -1 -2 0 5 
-19 -2 -13 -5 1 -2 1 -11 
4 -2 -9 -2 -5 -1 -3 22 
-6 -5 -15 13 -3 -3 7 -30 
-11 -5 8 -16 -5 -3 -3 -4 
11 0 14 3 1 0 -2 2 
20 8 -2 -5 2 1 5 3 
-32 0 5 3 4 0 -9 6 
-4 -9 -22 -3 -4 -5 -5 3 
-2 14 2 -1 -4 2 -1 -17 
9 -2 3 -8 -6 -2 2 10 
5 -3 7 1 3 5 17 2 
7 7 2 6 5 -2 -14 -17 
-7 -10 -16 5 -2 -5 -3 10 
-6 -4 0 -37 -10 0 1 -17 
2 -2 -3 12 3 0 0 11 
-1 -3 0 18 2 2 6 -12 
8 -2 9 12 5 2 2 -3 
-4 -4 -21 -25 -3 -5 -5 -7 
3 -1 13 -7 -1 -1 -1 -6 
0 2 1 3 4 0 1 39 
10 7 17 -6 2 1 8 -37 
-5 -8 -4 18 -6 -7 -13 -12 
-6 2 -7 -2 -1 -4 -6 -1 
-11 3 -1 -3 1 3 2 9 
24 2 6 5 0 2 -14 -2 
-12 4 11 -15 2 -1 18 10 
10 -7 -25 17 0 -4 -15 -4 
-7 7 18 -9 -2 2 13 -2 
-3 -13 -26 -11 -3 -4 -10 3 
12 5 6 23 3 -2 -7 4 
-11 0 6 -26 -9 -1 9 -6 
11 4 -1 7 2 -6 -13 0 
-2 -7 -6 -16 -3 1 1 16 
-31 -7 6 31 6 5 -2 -14 
5 0 -5 -16 -3 -1 5 11 
-3 -3 -3 -6 -8 -5 -5 -6 
6 2 9 -2 -1 -1 8 18 
-7 1 6 1 -3 -4 -8 -11 
10 1 1 17 3 2 1 -4 
-9 -1 -6 -9 0 0 -9 1 
0 -5 -5 1 -5 -3 2 -8 
2 2 1 -18 -1 3 19 -3 
-9 0 12 19 5 -8 -22 -13 
8 -8 -27 -47 -18 -4 9 8 
-6 -3 8 1 2 -4 -17 3 
-14 0 1 13 4 3 -2 -1 
-2 -2 13 -10 0 2 -2 -9 
-3 3 -6 32 -1 -4 2 -8 
-21 -5 -10 -26 -3 1 5 7 
20 2 -9 -8 -1 -3 -11 -11 
7 0 10 7 1 1 -1 11 
-4 1 1 17 5 3 3 17 
7 -1 -1 -4 -5 0 1 -19 
-5 3 15 3 -2 -4 -8 -2 
6 -5 -31 -16 -5 -1 -1 1 
-1 -15 -5 6 -2 1 -9 -1 
12 8 20 17 4 1 12 17 
-22 -8 -5 -20 -6 0 12 1 
12 -4 -15 16 -6 -7 -9 10 
-23 -8 -5 -7 4 -2 4 -30 
7 -13 -15 -10 -8 -7 -24 1 
13 12 32 12 5 3 9 -4 
-29 -18 -35 -13 -7 -5 1 38 
8 5 -2 7 3 -1 -5 -65 
-14 -3 -5 -4 -2 0 10 -9 
25 -6 -11 -17 -3 1 4 17 
4 8 9 -14 2 1 -9 6 
-11 -5 3 17 -1 -4 -4 5 
16 0 -6 -16 -6 2 7 27 
-35 -8 -9 21 0 -3 -17 -50 
5 9 20 0 5 2 4 -12 
-10 -7 -10 -16 -4 -3 10 -7 
-1 -2 -3 -3 -2 -2 -7 -7 
-2 0 1 22 5 -1 -8 22 
5 5 -9 -20 -8 -2 0 -14 
-2 -6 15 6 1 1 1 1 
-18 -1 8 -6 0 -4 2 -6 
12 -3 -14 10 3 0 -12 19 
-9 3 15 19 3 -2 7 -34 
3 1 -15 -29 3 1 -2 9 
-22 -5 -23 -3 -17 -3 -4 -7 
22 -7 -13 -16 -1 2 -1 -4 
-1 4 -23 -3 1 -3 -4 4 
4 -5 28 6 -5 -4 -5 10 
34 2 6 11 12 9 11 30 
-38 -19 5 13 -8 -8 -11 -29 
32 14 11 -1 5 8 22 9 
-75 11 20 12 -4 -9 -46 -49 
12 13 -24 6 6 9 26 27 
12 12 9 -9 -6 -6 7 33 
12 -5 15 9 -1 -1 -5 -17 
26 19 -1 -41 3 4 9 31 
-20 -20 -21 10 -10 -8 -24 -52 
25 2 10 -2 6 5 7 20 
-20 10 0 10 2 -1 1 -5 
15 -2 -6 -9 -6 -4 -1 9 
-26 -12 20 13 -4 -4 -4 -4 
5 11 -23 -40 -3 -3 -28 -18 
3 -21 -11 -2 -6 -4 21 29 
13 2 -3 22 9 11 28 -6 
1 -7 14 20 -3 -15 -24 13 
-30 -30 6 15 -5 -10 -19 -32 
-8 14 30 -32 5 10 21 38 
8 -3 11 6 -4 -4 -7 -4 
10 26 1 8 2 5 -25 -36 
23 1 -1 -14 2 2 46 46 
-26 -11 -2 10 -8 -8 -12 -3 
19 4 -11 -3 2 5 7 29 
0 6 28 -10 0 0 7 -29 
12 -20 -43 -24 -6 -5 -22 37 
-57 2 -1 28 -5 -9 -13 -33 
-26 -4 -4 -17 -8 0 4 -24 
1 4 -10 -4 11 7 13 15 
-3 6 10 11 -8 -2 -6 -23 
5 4 -9 -4 -3 -1 9 48 
5 -7 -7 11 2 -4 -19 -66 
-6 -8 -14 -33 3 1 11 8 
8 2 -14 7 -7 0 -2 -7 
5 -10 10 -8 -3 1 -8 -18 
5 6 -18 -22 -2 -3 -41 13 
26 -9 -9 14 4 4 50 42 
-10 2 12 -1 3 3 8 -28 
-4 11 9 20 1 -8 -22 -14 
8 -18 -2 -2 2 5 17 16 
6 6 -16 -22 -4 -7 -24 -10 
4 -8 -26 14 3 1 -10 3 
2 -3 6 -30 -4 0 -35 2 
-28 -9 -5 10 -6 -12 33 -44 
-20 -11 3 -3 -6 -2 27 6 
10 4 18 12 -1 -3 7 12 
6 -9 -24 -17 0 1 -15 -16 
15 2 7 7 -2 -1 -8 -9 
9 -3 -7 -19 -10 -7 -18 25 
-12 7 56 25 15 7 5 -26 
13 -5 -72 -17 -1 -2 15 18 
-10 17 79 17 2 0 -15 16 
-4 -8 -62 -31 2 -2 -2 -23 
-11 -22 -8 26 -8 -2 -2 15 
24 34 96 19 11 5 -2 -14 
-9 -1 -66 -7 -3 -7 5 25 
-7 23 108 26 22 3 -15 -15 
17 2 -94 -29 -33 -12 -5 12 
-24 -79 -85 -18 -3 -7 -1 -11 
6 -25 17 -8 0 0 3 -12 
-13 -3 10 27 -21 -10 -10 36 
5 20 14 15 19 8 6 -51 
-27 -6 -6 -73 -23 -6 3 3 
11 26 -11 45 13 5 4 0 
16 0 33 16 -4 0 -23 -7 
-37 5 31 -2 13 10 33 23 
37 2 19 -28 -9 -3 -1 7 
35 -10 -25 -13 -5 -4 -13 42 
-20 -12 -30 -20 -6 -1 7 -22 
3 4 20 -1 7 4 1 13 
3 -12 23 62 8 -1 -5 -13 
2 5 18 -16 -2 1 8 15 
-4 7 -8 64 8 6 5 33 
-28 -12 -17 -42 -16 -17 -32 -59 
-30 -11 4 -20 4 5 2 -33 
3 16 12 15 5 9 16 2 
-20 -13 -43 -22 8 8 15 -8 
3 -19 -11 43 -8 -10 -45 14 
19 27 22 -28 -5 -2 19 -8 
-18 6 -17 -15 -6 0 8 27 
19 -26 -32 -6 -4 -8 -10 21 
34 20 18 -22 4 -4 -8 -66 
-1 13 20 83 12 5 -10 12 
-33 6 9 -35 -6 -2 -1 -25 
0 -12 -13 -21 -3 1 31 6 
21 -8 2 13 -2 -11 -35 43 
-54 -8 -18 9 0 -1 -14 -46 
0 -5 23 4 3 4 8 -7 
16 1 -1 9 -7 -4 -3 35 
45 -13 -29 -43 -9 1 27 5 
-9 11 9 -18 6 3 -25 -8 
36 -15 10 41 -7 -8 18 27 
-15 6 14 1 -5 -6 -19 0 
-30 -9 -19 -14 -5 0 1 -38 
3 -32 -23 -10 6 0 9 30 
-15 12 22 5 -3 4 -14 -26 
-8 13 13 -4 -8 -11 -6 2 
-9 0 -28 -17 4 5 26 -11 
5 -7 -12 12 -2 1 -3 -15 
14 -14 -28 10 1 -5 16 54 
1 44 26 -10 2 3 -14 -11 
-23 10 -12 -16 -4 2 3 -26 
33 15 25 10 -1 -3 12 15 
10 7 -25 -9 4 2 -13 4 
-8 3 -9 38 -1 -2 15 -3 
-46 5 32 -40 -5 -7 -35 -30 
51 34 -35 29 4 2 11 9 
-56 -31 80 -7 -3 -2 -7 -6 
21 -1 -11 -1 4 10 24 -29 
8 -17 -19 0 1 -10 -38 42 
-19 1 3 -15 -8 -5 12 -11 
-3 -3 -23 -1 0 -3 -16 -17 
-9 -15 6 -12 -3 3 -35 13 
8 20 28 24 0 5 89 32 
7 -10 -54 -15 -9 -8 5 3 
-44 13 -13 -3 -2 -1 -14 -52 
-1 6 35 -13 3 -3 -6 37 
-9 -20 -40 3 -2 3 16 -7 
4 7 3 -8 -3 1 -16 6 
-30 -37 -26 -4 -9 -10 -2 -12 
14 25 0 -17 5 1 19 -31 
0 5 30 11 -9 -2 -22 32 
-37 14 4 6 -2 -6 7 6 
11 23 0 -3 -1 4 -13 -28 
22 -8 -2 -8 9 3 2 -15 
-30 -35 -10 26 6 4 2 22 
12 10 12 -18 -18 -5 -11 -12 
7 5 -11 3 2 -2 1 28 
8 -11 -9 -6 -5 -12 -8 -17 
22 -6 5 -7 3 2 -1 39 
-16 -14 -26 33 7 3 2 -39 
2 -2 13 -40 -11 -6 -43 -34 
-14 -21 -17 -11 -5 1 50 21 
-4 1 36 11 -1 -6 -10 -13 
12 13 -18 20 11 2 3 36 
0 3 11 9 -5 1 -5 -9 
-10 16 16 -8 2 -6 -17 -39 
-2 -17 -55 -24 -24 -10 -5 1 
1 -14 23 -10 0 -3 2 -1 
10 3 -7 5 -1 -5 -6 70 
-14 5 28 21 -4 -2 -1 -84 
-3 4 -9 8 16 6 14 8 
-18 -18 -8 -7 -8 -10 -17 -10 
43 -5 -18 1 -22 3 17 23 
-14 -14 -8 -22 -2 -9 -29 -21 
28 29 -36 -19 -5 -2 -24 0 
-26 -5 26 7 -10 -8 5 -7 
5 25 -17 7 14 3 20 12 
8 -13 3 -6 -4 -2 -4 30 
-9 4 6 13 8 3 -8 -45 
17 7 -4 9 17 16 -1 18 
5 -7 28 -17 -6 -1 16 9 
-5 16 -4 -31 -16 -7 -12 -2 
8 13 16 26 12 -1 4 15 
-14 -21 -17 -6 3 -8 -11 -16 
-2 -13 3 20 -2 2 4 11 
1 -10 -25 12 -5 2 -7 -27 
-10 -4 29 -5 0 0 7 -6 
11 -2 -17 -19 -3 -1 3 11 
9 17 18 -23 17 3 0 -2 
-4 -17 -48 32 0 -5 -10 3 
4 14 25 10 -3 3 9 52 
-3 -2 4 -12 -6 -3 -5 -18 
-38 -27 -48 8 -1 -10 -19 -82 
1 -3 15 -36 -4 1 -1 9 
17 -10 6 -4 -1 0 2 -10 
17 13 11 1 -2 6 16 74 
-2 1 -15 7 0 2 12 3 
-18 -19 -3 7 -2 -11 -25 -22 
11 -9 -3 0 -8 -7 -14 -26 
-24 3 8 -20 -3 2 1 4 
27 -1 -2 9 1 1 8 10 
-6 -5 -2 -1 7 5 7 21 
-5 1 -5 -14 1 -1 3 0 
20 8 19 24 6 7 3 -13 
-9 -8 -20 -36 -17 -12 -5 29 
-3 -2 5 -3 6 3 0 10 
-2 -3 2 3 -3 -4 -2 -21 
-3 -5 2 -3 -1 0 0 -14 
2 16 4 19 8 2 3 23 
12 -7 4 9 1 -2 -6 1 
-16 -2 -19 -15 -11 -7 -7 -10 
1 2 10 11 13 7 4 6 
2 4 -18 -26 -20 -6 -6 -16 
-2 4 -1 3 1 -1 6 24 
-5 13 30 17 1 6 2 -1 
1 10 9 -13 5 1 -3 -13 
1 -13 -27 18 -1 -2 -2 7 
-6 16 22 3 0 1 -3 4 
-9 -15 -16 4 9 0 1 -9 
6 3 -3 -14 -18 -5 -7 -10 
-2 8 -1 6 5 -1 2 -19 
-2 -18 -22 -4 -7 1 1 9 
-8 8 -5 -31 -2 0 -1 -9 
13 2 -3 5 -5 -4 1 48 
0 -20 5 0 2 -1 0 -19 
-3 -2 2 2 -1 -4 -7 -34 
2 -5 -1 2 3 2 6 26 
-8 -7 1 4 -1 0 0 -6 
3 0 -1 -2 -1 -1 -6 -11 
1 -5 7 -13 -6 -2 -1 21 
-7 -9 -7 11 -3 -6 -3 -21 
22 1 -6 -11 -3 -3 1 4 
-5 27 19 20 14 4 -1 4 
-4 -11 -11 -22 -14 -4 1 -4 
-4 5 14 2 -1 4 -3 4 
-9 -8 5 9 -5 -4 2 -4 
6 -18 -33 -18 -4 -5 -9 -4 
-13 5 7 10 2 -2 1 -17 
-13 -9 -10 7 -2 -6 -5 -10 
19 -8 7 -19 -3 -1 -7 -14 
-11 -6 -10 6 -1 1 -1 -17 
0 1 0 1 4 0 6 24 
9 6 0 0 -1 -1 -7 -20 
-23 13 12 9 0 2 4 8 
9 -17 3 -12 -3 -3 -4 6 
-17 -6 -18 5 8 2 2 -9 
7 4 4 -5 -13 -4 1 25 
-3 -3 -11 6 -3 -4 -3 -27 
-21 7 27 1 1 0 -5 -9 
5 -10 -17 -3 -2 -5 -4 4 
2 0 3 2 2 4 3 7 
-11 -12 -2 -17 -9 -7 -7 0 
-3 -6 -14 -2 -3 -3 1 -25 
11 3 10 -1 9 7 7 15 
-18 -4 2 11 -2 -7 -10 -23 
10 -12 -19 -3 -11 -7 -4 5 
-3 -3 -11 -13 0 0 0 5 
-2 3 9 3 -3 -3 -5 -6 
-4 -5 -7 -2 4 4 10 15 
-10 -9 -6 5 2 -4 -12 -15 
13 11 3 7 1 -3 -1 23 
12 -6 0 -15 -10 -2 8 8 
-30 -7 -15 -3 -3 -6 -4 -15 
-5 10 5 5 3 1 3 -5 
4 -8 3 -8 1 1 -1 9 
6 -2 -6 3 -3 -2 -8 -9 
3 11 15 6 10 5 5 13 
-3 -2 -5 -9 -9 -2 -5 -10 
2 9 4 1 -2 -4 5 30 
-4 -1 1 4 -6 -10 -15 -59 
6 -12 -15 -13 -4 -2 -1 16 
-6 1 -15 -1 2 0 -2 -15 
-5 4 13 5 2 4 1 -2 
6 4 8 2 -2 1 2 13 
-9 9 13 17 12 3 3 34 
20 0 2 -12 -5 6 7 -41 
-46 -24 -37 -11 -14 -11 -2 -14 
6 -3 -14 -15 -2 -10 -8 24 
-3 2 6 -8 -6 -5 -8 -42 
22 4 0 12 7 0 4 36 
4 13 30 6 6 5 1 -1 
-9 -3 4 4 0 7 1 -11 
8 -7 2 -5 -6 -4 5 31 
-27 -11 -13 -9 -1 -5 -12 -39 
24 4 7 1 -4 -1 -1 -9 
-30 -1 -3 -2 -1 -5 -10 -3 
14 -3 -8 -5 -7 -3 8 0 
-1 15 10 7 1 -3 -3 2 
-2 -23 -24 -21 -7 -3 -2 0 
21 4 20 6 1 3 4 4 
-1 6 -7 -7 -4 0 -1 5 
-4 -8 -3 2 2 -3 -4 -5 
13 9 -4 6 5 1 2 8 
-8 -7 -7 -7 -5 -1 -5 -20 
4 -11 0 8 0 -3 2 58 
-11 1 5 -2 -3 -3 -10 -74 
0 4 0 -2 -3 -4 -1 11 
2 -17 -9 4 1 2 3 -2 
12 9 -5 -10 -5 -3 -1 -1 
-8 -3 2 -9 -3 0 4 24 
-7 -10 -2 -4 -6 -8 -8 -14 
1 6 2 3 1 -1 -3 -4 
4 5 15 5 7 3 -1 -17 
-3 5 11 7 -1 5 8 38 
-16 -23 -23 -10 -3 -1 -5 -34 
-2 -4 -6 3 -2 -5 2 16 
1 2 13 -8 -3 -2 -5 -24 
7 -5 -2 3 1 -5 -3 3 
5 14 15 6 3 -1 1 16 
2 8 -1 0 -3 1 2 0 
-2 -4 -7 2 1 -1 -5 -11 
2 1 -4 -8 -5 -2 -1 17 
7 -4 -1 9 1 2 1 26 
-21 2 5 -8 -3 -3 -3 -67 
2 -3 -14 -27 -17 -6 -5 6 
-4 0 4 11 6 1 2 18 
5 13 5 -6 1 3 -1 1 
1 -10 0 14 15 0 0 6 
14 10 8 8 -8 2 2 17 
-32 -12 -14 -10 -4 -3 -3 -48 
-4 -5 -16 -9 -2 -4 -4 7 
11 4 3 4 -4 -3 0 17 
-12 1 -3 2 5 -1 0 -15 
22 7 15 2 1 0 -2 16 
3 9 13 10 8 8 9 -14 
-6 -5 -8 -1 -4 -2 1 30 
19 -7 -20 -21 -5 -4 -2 -21 
-31 -11 -9 -3 -2 -3 -5 -7 
-7 3 6 1 -2 -4 -8 -21 
8 8 4 4 -1 1 1 13 
-1 -9 6 10 6 2 -1 -2 
7 -2 -8 -4 1 1 3 20 
5 -14 -7 -1 -1 -6 -6 -15 
-19 -1 -13 -14 -8 -2 1 1 
-5 -15 0 -11 -6 -7 -10 -11 
2 8 -3 -1 0 2 3 -3 
-8 1 6 1 -2 -1 -1 12 
13 -1 4 2 6 4 1 2 
-2 11 6 5 3 2 4 13 
-8 0 -4 0 -7 -1 -1 -4 
-4 1 9 -4 -3 0 -1 1 
-1 -10 -20 -7 -9 -8 -7 -15 
2 1 1 -6 0 1 -1 3 
12 2 9 8 3 -3 -1 12 
2 8 4 2 -1 2 1 -1 
-4 2 7 -2 -3 2 2 7 
-14 -6 -6 4 6 2 0 -3 
12 3 -1 6 9 -2 -5 -8 
-6 -7 -12 -4 -12 1 3 -7 
3 -1 -4 2 0 0 5 11 
-2 7 5 -6 -6 -9 -12 -5 
5 8 0 -5 -3 -4 -1 2 
0 -5 -2 6 4 0 -1 0 
31 5 10 10 -2 3 1 34 
-64 -18 -29 -16 -10 -3 -3 -52 
-12 -4 4 4 0 -1 -3 5 
3 -1 -3 -5 0 -1 -1 -5 
7 11 -1 -2 0 -1 -2 -7 
16 -3 7 6 2 0 3 14 
-6 -5 -6 -8 -4 1 0 2 
5 4 -4 9 9 2 -1 1 
-32 -5 -9 -18 -8 -4 -2 23 
14 -7 -16 -3 -10 -7 -6 -51 
-10 0 4 -3 -1 1 0 -8 
15 3 7 2 0 -2 0 13 
-19 -3 6 6 10 4 -1 -16 
-2 13 13 7 4 0 1 14 
16 -7 -7 -6 -5 -2 2 4 
-7 -11 4 2 3 0 3 1 
-9 -11 -20 -20 -11 -4 -8 -25 
3 -5 -7 2 1 -1 0 -5 
0 1 -8 -12 -6 -6 -3 12 
-27 -5 2 6 -2 -5 -7 -9 
15 5 19 8 7 1 2 -2 
22 7 -2 -2 -5 3 3 20 
-30 -21 -24 -2 -5 -4 -1 -14 
2 0 1 -13 -3 0 0 1 
7 -9 -3 2 -1 -3 0 5 
-6 20 8 3 4 0 -1 3 
9 -9 6 6 0 0 -2 4 
-1 -1 -7 -10 -9 -5 -4 -11 
-1 4 9 13 8 2 -2 11 
2 -13 -12 -8 -6 5 11 8 
13 11 19 6 2 -3 -7 -8 
-23 -17 -36 -15 -7 -6 -4 -5 
10 -3 4 -2 -1 -4 -3 1 
-32 0 3 11 1 0 -2 -13 
31 9 9 -2 0 1 1 3 
-10 -6 -1 5 0 -6 -6 -2 
1 5 -4 -1 -3 1 4 23 
7 -2 6 -8 -2 -2 -2 -26 
-16 -15 -22 -5 -5 -1 0 -5 
18 10 14 1 2 -2 -2 4 
-13 -5 -7 -5 -4 -4 -4 -17 
6 1 16 14 8 -2 0 19 
-2 6 1 3 -2 4 1 -5 
-1 -25 -18 -11 -9 -3 4 0 
-12 -8 -13 -19 -9 -7 -6 9 
12 -5 0 11 6 -4 -5 -14 
-6 5 3 -4 -8 0 -1 0 
5 23 19 9 6 5 0 3 
13 2 5 4 -2 0 2 -5 
-4 -6 -3 -3 2 0 -2 26 
-3 3 -11 -8 -3 -5 -3 -4 
-8 -7 4 0 -4 0 -1 -18 
4 -5 -8 -7 -2 -5 0 -9 
7 6 3 2 -1 -2 -2 5 
-3 0 9 5 4 2 3 3 
3 -7 -28 -9 -2 0 1 9 
-8 -10 -6 -1 3 0 -5 -19 
-10 -1 16 0 -7 -3 -1 -15 
28 0 -30 -8 -3 -1 -1 31 
-23 0 14 0 -2 -1 0 -8 
-2 -3 -1 1 4 2 0 8 
11 -5 4 5 6 -2 -3 2 
-20 -9 -3 -18 -10 1 1 -20 
6 2 6 9 1 5 9 41 
5 -9 -16 -2 -5 -5 -16 -67 
-9 2 -1 -4 -4 -2 0 7 
8 3 2 10 6 -3 -1 6 
14 6 3 -4 -2 0 -1 -7 
-20 1 10 4 -1 3 3 17 
-17 -2 4 -1 1 2 2 3 
-9 -12 -25 -1 -2 -6 -7 -16 
1 -1 -2 -8 -7 -5 -5 0 
14 11 9 5 1 1 0 2 
5 0 -9 -6 0 2 -1 0 
-8 1 10 2 4 1 2 24 
-5 -5 3 0 -3 -6 -10 -49 
10 -3 -4 -9 -5 -3 4 10 
-24 -11 -15 -1 -6 -2 -5 0 
2 1 12 2 2 -2 2 -5 
-2 -3 -3 0 1 -1 -2 11 
24 3 15 5 9 2 2 -1 
-2 -6 -29 -15 -7 1 3 7 
-12 3 15 15 0 2 -1 -24 
4 1 -5 8 -2 -2 1 0 
-19 -4 0 -23 -9 -5 -5 -1 
22 16 8 -2 0 1 5 38 
-19 -15 -11 -2 2 1 -4 -9 
-6 4 1 3 0 0 -3 -64 
-8 -1 4 11 4 2 8 11 
14 1 6 -3 -5 -5 -6 -1 
9 15 7 -2 -1 -1 4 13 
5 3 1 -2 -1 -2 -1 14 
-1 -10 1 -2 -2 1 0 0 
-28 -6 -9 -1 1 -2 -3 -14 
4 5 -4 -6 -3 -3 -1 5 
0 -2 3 0 -1 -2 -7 5 
2 4 -3 1 -6 -5 -6 -5 
4 -6 5 3 1 4 5 0 
12 3 14 7 8 0 0 -6 
-21 -8 -19 -11 -5 4 5 17 
-1 -1 -10 3 0 -3 -9 -2 
5 1 4 1 -5 -5 -2 -7 
12 0 -3 -9 -4 -4 -3 1 
-12 7 28 1 4 3 1 -4 
-2 4 5 5 4 5 5 17 
1 -7 -2 -1 -2 0 1 -3 
0 11 -3 -4 -8 -2 -4 -5 
10 -10 -16 -6 -2 -5 -2 20 
-16 5 3 2 -2 -1 -5 -17 
7 1 -5 -1 0 1 1 10 
18 10 10 0 -1 2 2 1 
-20 -12 -11 -2 -2 -1 0 -1 
5 -8 -12 -3 -4 -3 -2 11 
17 2 -10 -11 -3 -1 -2 -7 
-29 -5 -5 2 -1 -2 -4 -9 
9 7 6 1 -2 -3 -3 -1 
2 -5 -5 -4 -2 0 1 -6 
-5 11 18 11 8 3 0 9 
-2 -16 -28 -12 -9 2 1 13 
13 3 3 4 -2 1 3 -18 
-18 -12 -14 -5 -5 -8 -3 3 
-13 -4 6 -12 -8 -9 -8 -32 
-7 -1 3 13 6 0 0 4 
11 -2 6 2 5 1 -1 4 
-6 -1 -13 -3 -6 -2 -3 -5 
3 1 7 8 8 6 10 19 
8 -3 6 0 1 -1 -3 -13 
7 -7 -2 -4 -4 -2 -3 -10 
2 17 -19 -17 -4 -2 -2 -5 
-4 -12 -10 -1 0 -2 -5 -1 
-22 -4 2 -1 -1 -2 0 -8 
0 0 1 5 3 -3 1 22 
5 1 6 3 0 0 1 -8 
3 5 -4 -3 -6 -2 -2 -8 
3 6 16 2 1 2 3 11 
-6 9 -20 2 6 -2 -4 -5 
4 -1 3 -20 -12 2 4 4 
-7 -8 -17 0 -6 -7 -8 -4 
-2 -8 0 -4 -3 -3 -2 -7 
-4 -1 9 0 2 0 -3 1 
-6 -3 3 -4 1 -3 -1 -2 
-10 2 0 2 6 4 2 -4 
14 -1 -11 -4 -9 -2 -6 8 
1 -14 -15 -9 -8 -5 4 -1 
-12 -8 1 4 -1 -3 -1 2 
-2 1 8 1 -4 -2 -1 -3 
-5 0 1 2 4 -1 -3 -6 
2 16 6 -2 -2 0 -2 5 
16 -15 6 9 5 6 6 7 
1 -1 -14 -12 -2 -1 -4 32 
-1 -8 -10 5 2 -2 -3 -63 
2 -6 -3 -14 -14 -4 -2 15 
-21 0 7 8 2 0 2 -12 
0 9 12 7 0 2 -2 7 
-1 3 -9 -6 -1 0 2 16 
-4 -13 -3 6 13 7 2 -1 
10 -9 -5 1 -10 -4 1 5 
-8 2 5 -1 -6 -5 -4 -14 
0 -1 0 -3 -3 -4 1 11 
-3 6 5 2 0 0 -2 -7 
-1 6 12 9 7 2 -2 -5 
20 -4 -24 -10 -4 -1 3 7 
-32 -11 -3 -8 -4 -5 -9 -30 
-6 -7 -1 4 -3 -1 5 10 
-4 -5 -4 1 4 -4 -5 -5 
3 4 8 3 -2 -6 -5 -13 
3 8 8 4 -3 4 6 23 
24 4 13 -3 3 5 9 5 
-18 -12 -14 1 -2 -6 -14 -20 
2 -4 -10 -7 -5 -7 -3 -10 
-15 -5 0 -1 -3 -3 -4 12 
-5 0 0 -4 -5 -6 -7 -6 
