#EMG
#8
#ID:8-81
-1 1 0 -19 -3 2 6 27 
-1 7 -7 2 0 1 -6 -23 
17 9 54 13 3 0 -7 21 
-22 -32 -31 0 2 2 16 -5 
2 6 16 11 -3 -1 -5 34 
0 1 -18 -13 -6 -5 -2 -50 
-11 1 -1 2 0 -1 2 3 
16 0 -18 2 1 0 -19 -10 
2 3 18 -3 2 -1 -21 9 
-10 -6 1 -15 -8 -2 21 12 
-10 -38 -18 9 1 -1 -18 -14 
-1 12 47 -13 -7 -2 1 -35 
23 -2 -27 0 0 1 8 92 
-22 1 -7 10 2 -2 -21 -58 
7 -22 -17 -14 -7 -1 17 32 
2 23 27 15 7 -1 -13 -22 
-1 -2 0 -1 0 -1 4 -9 
5 -1 -11 -3 -6 1 -1 -3 
-6 -3 11 6 -1 -1 -1 11 
14 -9 -8 -11 -2 4 -4 28 
4 12 1 11 -1 -4 13 -46 
-25 -16 -15 -4 1 0 -2 9 
-5 -4 0 10 2 -2 -9 -9 
-3 37 13 -11 4 3 5 7 
-8 -20 -4 3 -3 -4 3 -6 
5 -3 -1 -4 -4 -2 -8 9 
1 -1 -22 -17 -7 -1 -7 -1 
-4 1 19 9 0 2 29 -15 
-13 2 -11 4 1 1 0 12 
10 7 9 -6 -3 -6 -10 -14 
-6 -20 2 -12 3 1 0 -7 
1 0 2 -4 -7 -2 13 9 
-34 -4 -3 11 -3 -4 -17 -17 
-15 1 1 12 4 -1 0 -13 
5 -12 -2 10 0 1 -7 -1 
-5 -7 -13 -35 -8 -6 -8 -18 
12 -3 -20 -4 2 3 -4 -4 
29 -6 59 21 0 -5 11 49 
5 17 9 -11 2 0 12 -26 
-20 -10 -20 5 -6 -5 -10 -18 
0 -6 4 2 0 -3 -3 -15 
25 8 -18 0 1 4 6 24 
8 8 -4 -10 0 1 -2 12 
7 -16 16 9 -1 -3 8 10 
-10 11 0 -2 -1 -2 3 17 
2 0 19 7 -1 1 -10 -24 
-4 4 1 -2 -6 -2 -3 -13 
-1 -3 -25 4 0 -1 -11 3 
4 -5 10 -16 -3 0 -4 0 
-6 7 -29 -2 0 3 14 11 
-3 2 9 -10 -5 -10 -18 -3 
4 3 -11 -4 1 1 5 26 
18 -9 4 13 0 -5 -5 -24 
-9 -2 -3 4 4 2 -6 -10 
-31 -4 -11 -17 -7 -5 4 22 
-21 -2 -17 -5 -3 -3 -5 -9 
13 -4 -30 -5 -3 -4 9 -16 
-6 -28 38 -3 4 3 -10 -14 
12 -4 -16 14 0 -1 -16 16 
-19 -13 -20 -20 -5 -2 29 16 
-14 -2 -1 -3 -5 -4 -8 2 
4 -2 -48 -7 -3 -2 -6 -25 
-7 16 54 25 7 4 17 13 
5 6 27 -9 0 0 -18 -9 
17 14 0 -10 0 4 -4 2 
-25 -2 -34 -11 -3 -3 8 10 
13 0 33 5 -7 -6 -3 19 
5 11 23 19 3 0 -13 -58 
-8 50 18 16 8 9 11 26 
23 -47 -27 -10 -3 -1 -7 -26 
-8 -14 -27 -7 1 0 11 60 
4 4 12 -10 -3 -3 -39 -18 
-29 -8 7 -2 0 -3 34 -13 
20 20 17 15 2 -3 -4 20 
0 3 -55 -26 0 2 -4 -27 
11 4 17 13 -3 -6 -12 4 
-17 -18 -12 -2 -3 1 -6 2 
8 14 12 7 -1 -3 -20 13 
-11 -35 -15 -26 -1 2 44 -7 
20 16 11 9 -1 -5 -50 -17 
-24 -18 -13 -1 -1 -2 -63 -50 
18 28 11 9 4 10 100 55 
38 2 -24 -1 -5 -6 -19 -2 
-40 -1 -6 -22 0 6 21 -29 
0 -51 5 19 -5 -7 6 41 
-29 27 7 -10 -3 -6 -50 -13 
29 -28 11 28 2 2 26 16 
-31 11 -23 -4 -2 3 33 -59 
36 1 -2 -2 2 -2 -75 -35 
-12 9 35 2 -5 2 75 97 
-20 4 -28 -8 -5 -6 -31 -6 
23 -52 6 6 -2 -7 -9 17 
-19 12 11 -4 4 5 15 -2 
24 3 -11 4 -1 -3 -37 -43 
5 27 23 -6 -1 -4 -27 -4 
-5 -10 15 20 1 -3 -15 24 
-4 41 14 0 0 -2 9 -13 
4 -15 -25 -19 0 1 -2 -2 
-21 7 -11 6 -6 -2 18 -7 
17 -13 -2 -3 -2 1 12 20 
-15 -8 -53 -9 -2 0 4 -32 
-6 10 -3 2 0 -3 -22 -30 
3 3 -11 -16 -1 0 -9 -34 
-8 28 14 3 6 1 9 31 
14 -12 -7 8 -3 0 1 35 
7 -4 -9 -1 -3 2 -2 -21 
-1 18 42 12 6 1 1 0 
2 -7 -17 -14 -10 -7 -8 10 
-6 7 -9 -7 -2 0 22 -8 
3 -13 18 14 0 -4 -31 -19 
2 -17 23 6 9 3 7 10 
10 -2 -20 9 -6 -3 -38 12 
9 -11 12 -22 0 3 78 31 
-22 -2 -21 -5 -3 -3 -14 -26 
6 3 5 4 3 0 -2 -25 
5 21 4 18 8 4 20 52 
5 -29 -59 -27 -3 -4 -18 3 
6 11 61 2 -2 3 -6 -20 
-40 17 -50 -9 -9 -8 2 -38 
-8 -44 -3 -14 -4 -2 -7 11 
23 24 27 9 1 4 16 30 
-26 -11 -20 -15 -3 -4 -8 -7 
24 23 8 12 1 -3 -12 88 
-12 20 11 3 -4 5 8 -65 
-16 -40 -30 -11 -7 -9 -13 -40 
3 -23 38 9 -3 9 10 11 
8 23 8 7 4 -1 -5 16 
8 3 -2 -2 3 4 -2 -30 
12 2 32 22 -1 -2 -45 62 
-6 -9 -33 -38 -9 -12 25 -30 
-11 -8 11 -1 -3 2 -3 -8 
11 -15 -31 -24 0 -2 27 34 
-10 30 10 18 -9 -5 -44 -62 
-6 -12 -8 19 4 -1 10 25 
5 -1 43 -15 0 6 3 6 
-18 4 8 6 -3 -6 -4 -38 
6 -3 43 -8 -8 -2 14 32 
22 44 -6 21 16 6 -3 30 
-12 -27 -25 3 -6 6 4 -42 
3 -2 12 -24 -8 -7 -3 20 
-15 0 13 2 1 -3 4 -23 
8 13 -4 1 -6 -1 10 68 
-7 -12 -25 -8 1 -2 -10 -35 
-3 -19 -22 3 4 0 -17 -43 
-2 -9 -6 9 3 7 23 30 
-19 19 13 9 -2 -5 -20 -16 
17 19 17 -31 2 -3 -3 25 
4 1 -27 10 -11 -7 9 15 
-1 31 -4 -18 2 -2 -10 -31 
0 -38 1 0 0 3 23 -12 
-9 2 7 22 -4 -5 -11 -5 
-2 4 -32 -31 4 2 -8 -23 
1 -13 6 -3 -9 5 8 23 
1 -6 -24 -13 -3 -11 -15 -1 
-23 -11 6 28 -7 -4 -14 -36 
3 -38 12 -5 0 -3 1 48 
-11 -7 -3 0 1 -4 -27 -48 
1 18 -50 -14 -6 4 -5 13 
-5 -21 23 -22 -5 -7 8 -2 
6 20 0 22 7 5 0 3 
-4 -33 17 8 3 -8 -1 4 
-4 -4 -18 -8 -5 1 -20 -36 
-5 -18 -9 10 4 -6 -11 -16 
21 8 -8 -9 4 7 37 25 
-28 12 10 18 9 -2 -40 -10 
-4 -34 -41 -43 -25 -6 72 11 
14 6 -3 33 2 0 -5 10 
-27 -5 -23 -13 -1 -9 -40 16 
33 -10 -2 -4 -6 1 24 -14 
-17 19 29 17 6 -4 -70 -32 
-7 -9 -5 -21 -8 -1 70 59 
13 10 21 5 -3 4 -18 -36 
-12 -7 -49 24 10 2 35 -37 
-12 -13 6 -20 -3 -1 9 64 
12 19 -33 -12 -8 -3 -13 -23 
-25 -2 6 44 8 -6 -14 -34 
31 15 65 -15 -11 -3 -37 14 
15 4 14 6 11 13 46 -50 
-8 -8 -18 1 2 -2 -10 19 
8 12 16 -9 -2 9 73 33 
-9 -9 -19 17 -6 -2 -4 -20 
1 3 -30 -38 -4 -16 -22 -18 
-29 -18 22 -12 -6 -2 -96 -46 
-1 4 -36 -3 -3 -4 54 37 
14 20 36 22 10 8 20 27 
-11 -12 -13 -21 -8 -8 -21 3 
-19 -7 -22 8 -1 5 21 -92 
3 -17 -1 28 1 0 -15 46 
-26 -5 -26 -57 -14 -11 0 -7 
14 35 51 26 3 2 -10 0 
9 -2 -14 -19 -1 0 -35 -36 
66 26 56 31 3 1 -29 6 
-3 -16 -19 -12 -1 2 109 55 
-28 -9 -8 -26 -4 -5 15 -10 
-11 29 -34 12 -2 -2 0 19 
-14 -5 8 2 -1 -8 -26 -10 
13 15 1 -9 -16 -1 -29 11 
-4 -17 3 2 7 2 -34 -59 
26 23 20 -7 3 -1 22 24 
-16 10 12 -4 -5 -4 1 -13 
15 2 20 -5 13 4 -6 10 
-21 -7 -104 40 2 -2 3 -8 
18 -23 55 -6 -4 3 -2 37 
9 11 42 9 -4 -11 -10 -33 
-27 -41 54 3 3 -3 -20 -37 
17 5 -47 13 -7 2 -14 33 
14 16 25 7 7 3 15 0 
-35 -37 -8 -10 0 3 32 -8 
0 36 -30 -14 -16 -9 -4 -6 
33 -39 62 22 8 1 11 25 
-42 9 -24 18 10 0 3 -24 
18 20 -5 -20 -20 1 -47 9 
-17 -35 -10 11 4 0 21 -34 
6 16 88 15 3 3 -10 13 
0 7 12 -16 1 1 6 1 
-15 -12 -37 35 7 5 -6 -20 
42 25 -11 5 6 5 -16 14 
-57 -56 -36 -41 -23 -15 -21 -30 
40 -4 47 6 3 1 6 13 
-33 19 -2 -28 0 -4 -12 -44 
31 1 19 7 4 9 -8 52 
-19 19 -26 21 -1 0 23 -30 
-16 -10 14 0 0 -5 0 2 
5 0 -20 -24 -6 -3 8 17 
-11 8 -37 -37 1 -3 -14 -9 
57 39 47 51 2 4 25 36 
-26 -4 46 5 -7 -4 -5 -4 
27 -16 -23 -17 -5 -6 -17 -54 
-47 22 -36 15 -3 -1 15 -17 
49 -39 -7 -55 1 -6 -50 68 
-26 -15 -128 -25 -5 3 37 -18 
23 -21 7 -41 -19 -13 -1 1 
-1 19 57 23 9 9 16 -17 
40 -9 -26 6 3 -7 -9 16 
-37 5 -7 18 -3 0 -7 -31 
11 6 25 2 6 -2 17 50 
-29 -14 -41 -53 -10 -5 -44 -23 
15 -5 64 63 7 4 -4 -5 
39 -31 -28 -44 -14 -10 11 63 
-12 24 15 13 -1 1 -13 -71 
-13 -4 -28 -4 5 1 35 31 
-9 -5 4 3 -11 -7 29 37 
-6 -11 25 41 0 -4 -33 -30 
-48 22 -33 -34 2 6 7 36 
62 -68 -2 28 -12 -8 -50 11 
-39 34 -19 -19 15 8 -37 -68 
10 -24 -29 -18 -20 -10 29 -21 
35 13 2 -17 6 1 -50 15 
-14 -31 -29 34 -2 -9 9 2 
-45 6 37 1 3 10 42 15 
41 21 32 25 12 0 -54 -62 
-11 6 11 33 0 -5 -13 -6 
-23 -6 4 6 5 13 91 55 
-9 -4 -17 -6 -8 -12 -59 -5 
20 8 6 -6 5 10 12 45 
-9 -17 -14 -5 -1 8 20 -55 
11 56 0 -7 -3 -6 -24 -24 
-48 -20 -5 -21 -6 5 79 7 
11 -9 3 -13 9 11 0 27 
-4 -9 -12 -14 -12 -14 -16 8 
-7 2 16 22 -8 -15 -58 -49 
21 22 9 -6 6 9 49 10 
24 12 39 -8 -6 -7 1 28 
-16 -4 30 19 10 7 14 12 
-12 -1 -24 -33 -3 -1 -9 -20 
20 2 17 30 10 5 -8 -21 
-30 4 -18 -7 -6 -5 16 36 
5 -24 -20 5 -3 1 23 12 
7 -1 6 10 8 -1 -8 1 
-3 17 46 -11 -9 -5 -27 -14 
1 8 -3 12 18 3 10 26 
11 18 -13 11 14 20 -20 29 
-1 5 -44 -15 -2 -8 21 2 
-12 -53 -11 -9 -14 -8 -32 -23 
-12 -9 -27 -34 -16 -6 -6 -19 
-2 -14 -41 6 2 -5 11 19 
-3 10 26 21 16 5 -17 -31 
1 10 -22 -26 -15 -10 2 26 
-4 -9 5 -6 2 4 1 -25 
-9 -31 -38 8 -7 -4 -13 -30 
11 9 35 -1 4 7 18 57 
2 3 -13 11 0 -9 -21 -24 
-23 -8 -28 8 -13 -6 -17 -66 
-1 6 -1 -63 5 0 4 -6 
0 19 63 70 -10 1 8 -9 
-1 -10 -17 -26 -8 -6 -14 18 
-21 17 -10 4 -6 -4 5 17 
7 -4 32 7 11 6 11 2 
-8 -20 -50 -44 -2 -6 -12 -25 
3 12 44 28 9 11 2 0 
8 0 -21 5 -1 -6 -9 -15 
17 8 22 10 -4 5 25 58 
-10 -15 -3 -42 -7 -8 -11 6 
-43 -29 -72 2 0 -2 -17 -57 
35 6 54 3 2 1 -1 14 
-9 -12 -11 5 -4 -6 -2 24 
8 13 13 0 -8 -1 16 22 
-8 2 -14 -10 2 0 9 -34 
-18 -12 -7 18 4 -3 -24 24 
10 21 -23 -7 -10 -4 19 -48 
-12 -10 -10 -26 -8 0 1 6 
-10 -26 -32 -11 -13 -5 -3 11 
14 15 -16 -3 8 6 15 13 
-7 -12 10 0 -1 -7 -4 12 
-6 11 47 46 6 2 -20 -14 
4 -6 -62 -41 -5 -5 3 -45 
-5 -19 -13 -4 -12 -5 -9 29 
21 32 25 -3 -2 -3 -17 -8 
-25 -15 1 8 8 3 6 -30 
4 7 35 9 1 1 2 38 
-15 -8 -40 -27 -8 -5 2 -22 
-4 -8 33 10 2 4 6 22 
-5 2 -53 -26 -7 -5 -13 -48 
42 22 48 17 1 -3 -18 44 
15 -25 6 -21 -6 -4 43 4 
-19 21 -2 20 9 7 -2 -26 
2 -29 8 -23 -12 -9 -6 16 
0 14 29 3 -2 4 7 -1 
4 29 14 14 -1 -2 -19 -4 
-2 -55 -24 -4 -4 -5 5 29 
-14 -31 11 4 -6 -10 -8 -23 
-7 -8 -14 7 7 3 -9 -22 
29 -3 -3 -13 4 2 -7 3 
-6 13 31 11 2 -2 28 6 
-5 -2 -54 -10 -11 3 -6 18 
0 -19 -25 -27 -9 -8 1 11 
-10 1 15 8 1 -3 -13 -13 
16 2 -9 -6 -6 -3 -11 -1 
8 20 5 4 4 2 8 13 
0 14 44 0 5 5 9 -11 
-8 -16 -19 6 0 3 -4 16 
-11 0 18 21 -3 -2 -12 -31 
21 2 -12 -2 7 6 22 30 
0 10 -2 0 -4 -3 4 14 
7 -6 -9 -14 -4 -6 -17 -10 
-9 1 24 3 -1 -2 -3 -9 
2 -2 -12 -3 -1 1 -3 9 
-26 9 -7 -2 2 1 -6 -3 
31 -3 19 6 8 3 0 -34 
-27 -7 -17 -37 -22 -4 10 -3 
1 12 12 12 -3 -2 5 24 
-17 -25 -23 -1 -2 -8 -21 -40 
-22 -4 30 10 0 0 -2 6 
8 -21 -29 -4 3 -7 -14 -14 
7 4 8 -11 5 3 10 23 
-1 5 -11 2 4 2 -1 -7 
1 3 3 8 -8 2 5 16 
-29 -8 4 -6 -1 -2 0 -9 
19 0 1 -7 -1 -4 -2 -15 
7 -6 -7 -3 3 -3 -7 -2 
-8 22 8 7 5 0 -1 -9 
5 -13 -7 0 -1 2 5 34 
-10 6 31 4 1 4 -6 13 
18 25 18 -9 -2 1 -1 -19 
-25 -28 -9 -4 -14 0 28 -1 
-5 2 -15 8 -5 -12 -26 -18 
27 7 -1 -4 2 -1 -13 -5 
-12 -8 -9 10 1 1 -5 29 
-8 11 23 -4 -2 0 34 24 
9 7 7 0 2 -2 -5 -15 
2 -5 40 25 7 2 6 -1 
-3 -12 -71 -38 -9 -3 -4 -5 
-14 -8 -70 -24 -10 -3 -18 2 
-20 -14 23 -4 -2 -7 -4 -38 
-11 7 11 -2 -4 -5 -1 1 
5 3 18 15 4 -2 3 4 
-2 10 -12 5 5 0 -11 11 
22 6 -16 3 3 7 9 -6 
-5 7 9 -5 -1 -2 0 13 
-11 -5 -5 -14 -6 -6 -9 -54 
16 -7 5 3 -6 -5 -5 -7 
5 1 -19 -3 0 2 -3 10 
-9 -12 -11 -5 -8 -2 5 12 
5 -1 1 -2 -4 -1 10 15 
-5 12 41 9 10 4 -4 4 
8 -5 0 9 4 -1 -6 17 
16 -8 -70 -20 -12 -7 0 -35 
-24 10 24 5 -5 -5 -7 -14 
-9 -32 -17 -2 -1 1 2 2 
-6 16 31 12 2 0 5 13 
17 -3 -4 -3 6 1 -5 1 
18 10 14 5 0 6 10 21 
-33 -11 -12 2 -1 -3 -22 -32 
4 -17 -52 -26 -1 -1 14 0 
-6 0 10 -4 -2 -7 -11 -7 
3 -4 -16 -11 -9 0 6 9 
7 17 35 10 7 7 4 22 
-12 -2 -6 4 -10 -3 -6 -6 
-13 -3 -4 4 2 -5 -7 -27 
3 -4 -2 8 3 4 -1 8 
1 -12 -11 -10 -2 -7 -4 0 
1 12 -5 -3 -5 1 0 3 
-7 -13 0 -4 -2 1 3 12 
-4 -2 4 -3 -5 -7 -9 -19 
1 14 15 -6 -3 -2 -8 -6 
26 -7 -10 2 -4 -1 6 49 
-23 16 26 5 3 -1 -2 -23 
5 -21 -4 -1 -1 -1 6 16 
5 2 -1 11 5 1 -11 -15 
-5 -1 -7 -8 -1 -3 -5 -7 
9 -5 -18 0 -2 4 1 9 
8 -2 -12 -7 1 2 2 12 
-5 5 -10 7 -1 -5 -4 -31 
20 19 49 25 3 -4 -11 -15 
-4 -6 -44 -23 -8 1 11 33 
-20 -4 13 20 4 -4 -2 -22 
24 -5 -19 -11 4 6 7 50 
-3 -1 5 2 -5 -1 9 -24 
-7 8 12 3 -1 -3 -13 -18 
7 4 17 7 4 1 -1 14 
-4 -11 -21 -16 -6 -5 -1 9 
-29 -12 -33 -31 -3 -1 -16 -60 
26 6 16 4 -3 0 5 16 
-5 -1 -7 1 -5 -5 -4 12 
-6 -10 8 -1 -2 0 0 -15 
-6 3 -1 1 2 1 -1 4 
-8 -5 11 -3 0 1 -3 -13 
11 9 -4 0 3 3 3 1 
1 12 42 11 2 1 5 8 
4 -6 -5 10 8 -2 -3 5 
-1 -9 -32 -8 -14 -1 -2 -11 
-4 15 37 -1 2 0 2 -3 
-7 -25 -12 -4 -2 -6 -1 -2 
22 7 20 -3 -7 -1 3 -11 
-16 4 7 3 5 -1 0 16 
-22 -5 5 4 3 0 -1 -26 
5 5 -25 2 0 3 -1 -18 
10 -25 -54 -11 -2 1 -6 15 
-11 -7 25 -3 -5 -6 -6 -1 
5 16 -10 -9 -4 -3 0 5 
-10 -19 -7 -1 0 -2 -2 -8 
11 9 18 8 2 3 5 28 
4 3 -36 -5 -1 -1 -1 -10 
1 -1 -4 1 0 1 1 -11 
-4 21 31 3 -5 -2 -6 -14 
-17 -26 -14 -6 -2 2 0 6 
-2 -22 -26 -19 -9 -6 -6 -12 
6 12 20 0 -2 -4 -9 11 
12 5 -3 -2 -3 -1 13 26 
-15 8 -2 0 2 1 0 -26 
-22 -5 21 18 8 3 6 -5 
25 -22 -45 -23 -1 -2 -11 13 
-47 -10 -19 -21 -8 -1 -12 -48 
25 9 19 16 3 -4 3 26 
-12 1 6 -4 -3 -3 -4 -3 
19 11 10 14 5 3 5 7 
2 -3 -6 4 1 -1 3 9 
-10 -5 -5 -19 -5 3 3 11 
11 29 50 22 0 1 -5 -21 
-18 -27 -28 -16 -11 -10 -2 -1 
-1 -11 -12 0 1 -3 -2 3 
-11 1 11 2 -4 -6 -6 -8 
10 -1 -20 -4 2 1 2 16 
-3 18 22 9 1 3 6 10 
10 6 8 4 8 10 1 10 
5 0 2 0 -9 -5 -2 -62 
0 -37 -54 -17 -13 -15 -11 9 
-7 1 16 -3 -4 -7 -8 -31 
6 -7 2 2 -2 -2 1 14 
-3 19 27 16 9 7 3 19 
5 9 8 3 3 2 2 -7 
4 -11 -21 -1 -2 -1 0 6 
9 17 12 3 -1 -2 -2 3 
-7 4 30 1 2 -3 -2 16 
-6 -10 -10 -2 5 2 -1 -22 
27 8 -8 -8 3 3 2 35 
-46 -14 -22 -7 -5 -4 -2 -33 
-3 -7 -8 -9 -9 -8 -7 -1 
7 1 9 5 4 0 0 12 
-5 3 7 4 0 4 3 -13 
33 4 3 -2 -2 -1 5 57 
-22 -8 -19 -7 -1 0 -6 -46 
1 -1 6 2 2 -4 -2 -11 
-16 -12 -12 -3 -7 -7 -9 -9 
14 0 -2 0 -1 -3 -3 -10 
19 7 -6 -1 2 0 -26 29 
-16 14 26 7 5 11 41 6 
5 -5 -13 -8 -6 -8 -6 -4 
-4 -14 10 0 -2 -4 -6 -5 
4 -1 -9 7 7 3 5 18 
9 -3 -6 -10 -7 -6 -11 4 
-14 -10 -8 -7 -1 -4 -3 -5 
-2 11 36 13 6 3 5 -41 
2 0 -31 -3 -7 -5 -1 29 
13 6 28 -8 -4 -1 -5 -14 
-18 -5 -20 -15 -8 -2 3 -3 
2 0 7 6 -4 -3 -10 5 
-5 11 22 7 4 4 12 -13 
6 -3 2 9 4 -3 -8 20 
14 6 19 15 8 5 4 7 
-3 8 -9 -12 -6 -1 4 -28 
3 -15 -34 -28 -12 -4 1 34 
-18 0 4 1 -1 0 -5 -34 
4 -4 0 1 -1 -3 -4 -1 
0 17 -7 4 5 1 2 15 
-7 -18 -1 3 4 -3 1 4 
6 16 18 -3 4 5 0 10 
-25 -25 -19 3 -11 -12 -19 -56 
-3 -3 -22 2 -2 -3 12 24 
0 2 6 -26 -9 -3 -4 -11 
-1 3 -1 1 0 -3 -5 6 
-1 3 14 4 3 2 3 3 
11 -5 -24 -5 3 5 -5 2 
-40 -17 -9 10 -5 -3 0 -29 
7 -6 -21 -7 -6 -3 1 34 
-15 -5 5 -3 1 -4 -5 -11 
3 -4 -5 -7 -5 -6 -4 -9 
27 15 17 14 11 8 8 25 
-12 -1 6 -9 2 1 -36 -11 
-22 -1 -19 2 -10 -3 41 -21 
-9 -32 0 -12 -9 -10 -13 -21 
-8 4 4 4 -1 -2 -5 -17 
10 2 1 3 1 -1 4 19 
17 16 7 8 11 5 -3 27 
-11 -18 -1 -5 4 5 -1 -4 
7 8 -28 -18 -9 -4 -3 28 
-42 -16 -14 -6 -8 -10 -8 -56 
5 -3 12 8 1 1 -4 18 
-4 4 3 6 0 -2 2 -2 
4 6 10 8 5 1 -6 1 
14 8 -11 3 -1 5 9 10 
2 2 32 6 2 1 0 11 
7 -3 5 -7 4 4 -5 11 
-21 -6 17 -10 -9 -10 -3 -40 
8 -2 -16 0 -4 -5 -1 -2 
0 -7 3 -3 -3 1 0 1 
8 17 2 1 0 -2 -5 15 
8 -7 22 15 11 8 8 -4 
15 -7 -12 -9 -5 0 8 32 
-14 -13 -13 -23 -7 -2 -7 -22 
-44 -6 -15 -3 -2 -6 -6 -19 
-5 1 -2 1 -2 -3 0 -18 
1 0 3 8 3 1 1 -3 
15 7 1 9 4 6 0 16 
10 9 3 1 -6 -2 3 18 
-22 -2 -17 -13 4 -2 -4 -44 
-2 -20 -5 -1 -10 -11 -28 16 
3 2 -7 -2 0 0 20 7 
0 -5 -1 -1 -4 -2 0 -9 
11 13 13 6 3 4 -2 36 
5 -2 -7 -6 3 5 13 -23 
-5 0 -15 3 4 -9 -21 0 
-1 -4 3 -19 -21 -7 -4 -10 
8 -12 -2 0 -3 0 0 1 
-8 9 -10 1 2 -3 2 -3 
7 -12 -5 1 1 3 0 1 
4 32 46 9 13 7 12 8 
1 -26 -24 -5 -13 -9 -8 0 
-5 -12 -14 2 -7 -6 -1 -6 
4 -3 5 -22 -2 -4 -5 -8 
-10 -6 -19 -6 -4 -8 -13 -4 
5 19 21 7 3 1 9 21 
-19 -1 0 2 2 2 5 -9 
13 2 -9 9 -1 0 -3 21 
-4 -18 -32 -15 -3 -5 -16 -53 
-38 -1 -5 -9 -6 -4 -2 13 
-1 -8 -8 -4 -2 -1 4 2 
-2 7 4 1 -2 -2 4 8 
10 15 10 7 3 0 -2 25 
8 -14 -16 1 5 6 4 -16 
-3 7 34 23 8 2 -5 -12 
-6 -13 -22 -34 -17 -7 -12 15 
-12 -4 -14 2 0 -6 -3 -27 
7 6 3 -4 1 1 2 4 
-4 11 4 -5 5 -1 0 3 
6 14 33 18 8 7 4 7 
5 -13 -21 11 -1 5 7 3 
6 -5 -26 -26 -9 -10 -7 -10 
-14 -20 -19 -15 -7 -1 -1 -15 
-6 9 4 7 -1 -1 -3 -5 
4 -2 19 4 1 1 1 10 
0 10 14 18 11 6 3 -2 
22 16 9 2 -1 6 4 20 
-8 -1 -29 -14 -3 -4 -6 14 
-8 -39 6 2 -10 -7 -4 -59 
-7 0 -8 -8 -1 -4 -11 7 
4 -2 -15 -11 -6 -5 17 -2 
-7 6 -3 3 5 4 3 -2 
16 11 5 1 4 4 6 48 
-1 -1 11 11 0 3 -7 -41 
8 5 -2 -2 0 0 -1 11 
-21 -28 23 -2 -10 -4 -3 -19 
4 -2 -15 -4 -4 -8 -8 10 
8 -1 9 1 -4 -2 -1 9 
-2 10 2 -2 4 1 0 7 
0 -4 0 13 6 -2 1 -22 
15 6 -17 -9 -7 4 0 12 
-16 -9 -1 -4 -7 -7 5 14 
4 -5 9 -6 -8 -6 -1 -2 
-1 0 -32 -3 0 -2 -8 -14 
-6 3 16 9 5 -2 3 2 
14 10 5 7 4 4 2 9 
-1 -5 -16 4 4 6 1 2 
-4 -3 7 -11 -6 -5 -5 1 
6 12 17 3 1 2 1 -36 
4 -3 -16 -4 -3 -3 -1 6 
-5 3 27 10 1 -2 -8 -10 
-6 -3 3 -3 4 4 3 12 
23 6 5 9 2 -1 7 23 
-21 -24 -69 -43 -12 -12 -13 -21 
