#EMG
#5
#ID:5-7
-18 18 -17 -4 -3 1 -5 -19 
-19 -5 10 14 5 3 12 22 
12 2 -2 4 0 2 -4 -54 
22 1 20 -3 1 -4 -16 25 
-8 -29 -7 8 -3 -3 14 18 
0 4 13 0 0 3 2 -35 
-4 5 -15 -9 -4 -6 -7 -4 
8 -6 18 -3 -3 2 -8 11 
-18 1 -16 -12 -1 0 21 -5 
19 1 10 22 2 0 -11 16 
11 -2 -17 -21 -9 -4 -7 -15 
-20 7 16 23 5 -5 -21 15 
-8 -5 -10 -13 -10 -3 26 -37 
8 -2 0 -3 -1 -3 -13 10 
7 15 1 -3 2 -4 -8 -16 
-17 -5 -19 -10 4 9 29 5 
1 -11 25 11 -3 -4 -18 14 
-19 -12 -14 3 1 -2 0 -32 
7 16 -4 -19 -4 -3 -11 17 
3 -5 26 17 0 3 39 27 
4 3 -1 7 5 -2 -23 -6 
12 -9 -2 -13 -3 2 8 0 
-11 -4 -15 -1 1 -2 -8 2 
-7 0 9 2 -3 -4 -13 -17 
-1 5 8 25 3 2 2 0 
26 6 -28 -26 -8 -3 -9 -6 
-9 -9 -3 10 -1 -4 8 10 
12 12 26 -19 -5 -5 -4 11 
2 1 -29 16 0 1 4 -3 
-21 -8 13 6 0 2 -11 0 
13 -15 -15 -6 -1 4 5 -11 
-8 3 4 21 1 -11 -18 -10 
0 4 24 -13 4 4 -3 24 
-9 2 -14 -9 -5 -4 6 -20 
-3 -5 10 3 -2 3 20 8 
18 5 2 10 0 1 0 27 
-10 6 10 -3 3 1 -15 -16 
4 1 -9 1 -2 -7 -13 11 
-20 -10 5 -1 -2 3 -3 -20 
-3 -8 -29 1 3 1 22 12 
0 -1 17 1 -4 -4 -4 -8 
-2 -3 -17 -14 -2 -1 2 -9 
-2 7 15 14 4 1 -17 12 
4 5 24 2 0 1 0 -3 
22 -15 -30 -7 -1 2 14 37 
-43 -12 14 14 1 -2 -20 -1 
8 11 4 4 2 -2 13 -9 
-3 2 13 -4 1 -2 -1 -14 
-5 7 -2 -10 0 -1 -2 29 
21 8 7 12 -1 -2 -11 -19 
-2 -16 -14 -10 0 2 11 0 
-9 3 2 -12 -1 0 -3 3 
6 2 -9 2 -3 -2 -6 -8 
2 -1 0 -7 0 -3 8 10 
-17 -1 11 19 0 -2 -10 -13 
-12 -6 -9 2 -3 0 -8 -12 
-11 -10 -11 2 -8 1 1 -19 
9 12 3 -31 -2 1 -5 7 
26 1 15 16 -4 -3 1 61 
-25 -12 -24 -6 -2 -4 -7 -69 
-3 4 24 10 0 -1 0 -13 
-18 -2 5 3 -6 0 4 26 
9 11 -22 -1 0 -3 0 -57 
16 8 -32 -54 -6 -2 1 47 
-10 -20 -11 -9 0 0 -1 -19 
-18 14 -2 29 0 1 8 -4 
-11 5 16 -17 0 0 -23 2 
0 -11 -27 -3 -9 -5 10 18 
-3 6 -1 -7 2 -3 -7 -44 
19 4 8 2 6 2 4 61 
-38 -19 -10 4 -2 -2 0 -75 
18 7 15 11 -3 2 0 -6 
-28 -7 4 -13 2 -1 4 25 
33 0 -1 6 -1 -7 -31 -19 
-4 -6 -15 -13 -6 -3 22 28 
-7 -3 11 -15 -1 -1 -5 -7 
-1 -18 0 22 0 1 2 -8 
0 -11 -11 -15 -2 -2 -10 -26 
22 3 -4 1 6 -1 -14 39 
-5 -4 14 2 -5 4 30 -10 
7 -19 13 -1 -4 -7 -6 18 
9 10 9 17 6 8 16 -16 
4 -6 7 -10 -7 -12 -21 19 
-1 7 9 8 9 2 -3 -7 
-5 9 -32 -11 -6 1 0 8 
-5 -13 -11 -2 -6 -3 2 -25 
17 9 7 2 3 0 -1 13 
-9 17 9 7 -1 0 -13 -1 
3 -1 -2 -10 5 0 9 21 
-7 -14 -16 1 -4 -6 2 -19 
-11 14 -23 -20 -5 0 -12 8 
3 -18 -14 -2 -2 -2 -24 -36 
-1 29 30 10 -1 -3 13 -13 
-38 -13 -27 -17 0 1 5 1 
32 5 32 22 2 3 7 21 
-16 -11 -30 5 5 -1 -33 19 
13 9 -14 -20 -8 -7 2 -37 
7 15 20 3 -1 -2 15 7 
-34 -18 0 4 -1 4 3 -12 
1 -3 -25 -21 -4 -1 17 0 
4 -3 16 6 0 1 -12 -2 
2 -3 -4 11 3 -2 0 7 
-4 -3 -7 -41 -4 2 9 -13 
-9 14 19 24 3 -2 -8 30 
-12 -13 -7 -3 -6 -6 -12 -41 
42 -7 0 5 2 0 4 17 
-42 -24 -16 -10 -4 2 -15 -9 
0 -6 -20 6 -5 -2 -1 -13 
27 12 4 -10 -5 -2 -5 49 
-14 -3 -3 9 1 -3 -25 -14 
7 -2 3 5 -2 -7 10 -30 
4 15 37 1 2 4 10 5 
-11 -33 -27 -5 -3 -2 -1 11 
-6 7 14 8 -1 4 -2 -2 
14 -7 4 26 2 -6 -15 3 
-4 1 0 -19 -8 -4 -11 -12 
-3 19 39 24 4 1 41 20 
-10 6 -17 -33 1 -1 6 -7 
11 -21 -56 -25 -8 -3 -1 0 
8 -12 21 14 -1 -5 -2 -1 
-7 5 -25 -17 -2 2 -14 19 
-41 -10 0 10 -4 -6 -17 -35 
32 25 27 19 4 2 23 -4 
-11 -19 -37 -24 -1 -3 -4 17 
15 14 26 16 2 1 -2 -22 
7 22 -13 -12 -3 -7 4 24 
-45 4 9 -3 10 2 -9 -20 
-5 -2 -4 2 -8 -3 -36 -32 
8 -3 -17 18 4 3 43 46 
0 4 -7 -24 -8 -3 -2 -8 
2 9 2 4 0 1 6 12 
15 1 -3 -3 0 -8 -10 -11 
-24 0 7 7 5 3 -3 -16 
6 -2 0 -16 -6 -7 -11 -7 
10 -7 -5 3 -3 1 14 39 
-28 -11 -3 1 0 3 -3 -41 
-22 -37 -37 -16 -4 -5 -1 0 
33 2 35 -1 1 4 4 2 
-24 -2 -21 2 -5 -4 -7 -4 
15 7 41 9 0 0 15 22 
8 20 -32 14 -4 -3 -34 -7 
-1 -34 -13 -58 -3 4 17 2 
0 -1 -12 10 -5 0 34 1 
23 1 0 -2 1 -7 -12 19 
0 -15 20 3 -2 0 -4 1 
-11 22 -9 13 3 5 -7 4 
23 -5 39 -1 -5 -14 -21 -6 
-6 18 -18 -18 4 6 22 57 
-5 11 8 11 2 -3 -20 -88 
-17 -22 -3 13 -3 -2 7 -11 
4 -22 -36 -14 -1 1 -22 2 
4 13 56 14 3 1 -23 -1 
12 12 -18 -22 -7 0 70 41 
-5 15 -2 17 2 0 -9 1 
15 3 38 34 6 1 -3 -19 
1 11 -36 -47 -7 -4 9 12 
-14 0 29 -9 1 3 -23 -13 
13 11 -24 10 0 -3 3 6 
-22 0 25 6 -4 -6 -3 9 
19 15 -10 36 13 10 -2 -9 
-6 -7 24 -16 -3 -5 -1 -17 
-15 3 -12 -17 -6 -2 19 32 
-22 -35 0 0 1 4 -6 -19 
9 8 -65 -20 -3 -4 -32 -10 
24 38 1 -27 -2 4 28 57 
16 -22 24 54 2 -4 -25 -29 
-3 0 29 -9 -1 -1 8 3 
-6 -6 -25 -14 -3 -4 1 -35 
-24 -18 -26 5 0 -5 -36 -4 
3 -10 6 -16 1 7 15 10 
-21 -1 -1 10 1 1 0 -9 
26 19 31 -1 -2 -10 15 47 
-7 -9 -26 -4 -3 -2 -32 -33 
5 -22 -19 -12 -1 3 5 47 
23 11 -11 -2 -4 -7 19 -37 
-32 -18 33 27 6 3 13 -18 
-13 -24 -25 -20 -1 2 -40 -20 
-7 21 45 -2 -10 -8 39 29 
36 -1 -31 -21 1 -1 -16 -26 
-20 -6 -6 9 -3 1 20 8 
31 6 31 16 0 -5 -22 8 
3 14 -17 3 7 4 5 -9 
-36 10 0 -10 -2 -4 -9 -9 
40 -7 -4 17 -1 0 -5 11 
-48 -18 -4 4 -2 1 21 1 
34 -16 26 1 1 1 -14 17 
-4 23 -29 -13 -3 0 3 -19 
-14 -31 -12 -37 -10 -8 3 -19 
16 27 23 23 -1 -2 -25 -5 
-14 -26 -28 -12 -3 -4 15 -4 
2 -5 2 1 -1 1 -22 37 
7 -2 -4 9 4 9 37 -14 
8 0 -1 7 -3 -9 -17 -20 
-63 0 -3 -13 -4 -5 -21 -18 
43 -5 1 -3 0 5 1 17 
-22 3 17 22 -1 0 -15 -9 
32 -16 -19 -7 -1 0 42 59 
7 19 -37 -30 -8 -2 -18 -10 
-29 -1 33 -9 -3 -12 -22 -57 
-16 -8 -13 11 -8 -6 -5 -2 
8 -7 9 7 10 5 16 -3 
0 4 5 9 -3 -6 -12 -13 
20 3 -27 -14 -6 3 12 52 
6 1 -1 6 -3 -6 -9 -7 
-31 5 27 1 5 2 -5 -68 
20 -8 -35 -1 -3 -2 8 -5 
-13 -11 -5 -6 -3 -6 -19 0 
5 -3 8 1 1 0 2 30 
27 46 24 19 10 4 25 38 
-25 -33 -4 -22 -11 -3 8 -19 
-24 34 31 4 10 7 2 -21 
-9 -43 -57 -14 -19 -11 -3 9 
8 3 6 1 -3 -8 -14 24 
-6 -9 -11 21 11 7 -1 -28 
0 12 25 -9 0 4 30 20 
-17 -16 -21 -7 -1 -4 -29 -6 
6 4 14 15 4 -1 9 43 
-33 -18 -7 6 -16 -7 -9 -56 
-10 -3 -19 0 1 -1 -12 -48 
18 32 62 9 9 5 11 10 
-7 -34 -67 -23 -10 -6 -23 -23 
21 0 12 -13 5 5 23 42 
-16 -15 7 9 -1 -6 -5 11 
9 2 45 16 -8 5 15 -7 
-8 -12 -65 -13 -6 2 -8 -34 
-4 24 47 13 10 -5 1 28 
3 -17 -13 4 -10 -8 -15 -9 
-3 -8 4 4 6 -1 10 13 
16 8 24 -2 -1 3 -1 7 
0 -16 -4 10 -3 1 -12 41 
26 10 -3 11 0 2 6 -40 
-11 13 10 -20 -4 -3 -20 -16 
-27 -27 27 3 2 0 3 -8 
22 -26 -29 -16 -4 0 -7 -11 
-10 52 26 24 6 2 3 57 
6 -15 -11 6 10 5 22 -4 
1 36 23 -21 -10 -8 -7 4 
1 19 -18 16 3 3 4 34 
20 0 28 8 -2 -3 1 -53 
-7 -7 -41 -10 2 -5 -14 -7 
2 -4 18 -10 5 7 -10 -8 
14 7 8 -18 -9 -7 8 5 
-44 -26 -34 1 -8 -5 2 38 
3 -13 11 25 3 4 -2 -73 
16 56 11 4 0 -7 6 42 
-6 27 0 5 9 4 -13 -50 
2 -38 -29 -6 0 8 19 22 
18 -11 -27 -47 -18 -14 -15 5 
-37 -27 50 -14 -8 -5 -4 -12 
8 17 -41 1 -7 -2 -20 -34 
8 38 29 -10 7 -1 6 17 
-16 7 -30 -6 10 13 28 34 
10 14 -5 10 -3 -1 -17 -22 
-10 -17 5 8 8 -1 5 0 
12 -23 16 0 -11 -5 -25 10 
1 6 -9 -29 -7 -6 19 18 
14 -13 -31 19 0 0 -4 6 
-7 5 62 12 4 2 -9 39 
3 -22 -32 3 1 7 7 -48 
-39 7 9 -27 -11 -15 -22 -23 
3 2 -2 9 8 8 5 16 
-2 -26 -18 -15 -9 -3 4 4 
6 -6 -9 -27 -17 -10 -18 -20 
-2 0 16 30 3 3 3 18 
-31 -43 -34 -21 1 -6 -7 -33 
14 7 0 2 -11 2 -10 12 
-13 -3 10 -24 -3 -4 11 30 
-5 -15 -29 -11 -2 3 -29 -58 
18 5 -8 25 -6 2 22 53 
-11 -11 17 -6 -4 -14 24 -34 
10 -18 -24 -18 2 -7 -16 14 
-9 0 20 27 7 3 24 11 
15 -5 -23 -32 -18 -6 -28 39 
-37 19 21 -1 3 -1 -19 -83 
-3 -8 -9 -5 2 6 24 6 
7 5 5 40 11 -2 -93 -17 
7 2 11 -9 -8 -6 84 37 
18 17 2 5 6 2 11 8 
13 9 -13 -19 -1 4 -10 -1 
11 -2 1 -9 -7 3 31 31 
11 8 9 7 7 6 -82 -52 
29 -1 -1 -6 -10 -9 32 69 
-60 6 18 18 4 -6 -30 -94 
11 -8 26 4 4 8 25 47 
-6 -7 -17 -7 -7 -12 2 -26 
8 -6 8 -4 3 4 1 27 
36 26 -1 14 -1 6 -8 44 
-27 2 5 5 -1 -7 -33 -78 
-6 -15 -12 13 -3 7 81 24 
-10 5 -6 -14 10 9 -26 15 
31 -11 -13 -1 -5 -10 -3 -19 
-22 14 22 6 -5 4 -62 -12 
-18 17 14 -42 6 -18 -42 -29 
-20 15 7 7 -3 10 86 17 
12 -16 8 90 -9 -13 -17 66 
24 -4 -17 -37 -2 8 76 3 
-50 -19 19 3 0 3 -27 -18 
18 -10 -51 6 2 -7 -51 -89 
-6 -14 21 -13 -1 2 -5 33 
9 -5 -58 1 3 -4 24 31 
26 25 45 1 10 9 16 10 
-21 -30 -2 13 5 2 -39 -30 
-20 -2 -5 -56 -28 -3 6 6 
26 3 -24 22 5 -4 13 30 
-3 2 -16 22 -10 -6 -31 -54 
2 10 13 -14 27 2 0 16 
-8 13 -13 -48 3 3 2 -10 
-3 -40 -49 17 -8 -6 -4 9 
-6 -13 -29 -10 -23 -8 12 5 
0 -1 -7 -14 10 -5 -27 -6 
2 33 38 28 -28 -6 19 7 
-8 7 -2 -43 -17 -6 -5 -10 
7 -8 7 44 36 11 -2 9 
-5 -4 -31 -14 -36 -9 -11 -9 
-11 -11 -22 -60 -5 0 -1 0 
5 -14 10 10 -4 -7 1 -7 
-8 6 -9 4 6 0 -5 -7 
15 14 22 33 -2 0 -3 21 
-7 16 41 21 24 9 19 15 
44 30 -26 -34 -4 -2 -7 4 
-2 1 20 26 5 -1 -4 -21 
-2 7 -9 18 7 -4 -14 -12 
8 -34 -34 4 -14 2 14 24 
-22 8 45 19 15 2 -8 -38 
-17 2 7 -19 -10 1 -26 -14 
22 9 -9 -39 -4 -3 21 38 
-40 -11 -5 48 10 -5 4 -21 
19 11 40 4 2 3 57 74 
33 -21 -70 -33 -13 -2 -19 -39 
-40 -17 10 -2 -2 -1 -30 0 
2 10 -8 -15 5 -2 -9 -47 
-10 -10 -20 -13 -6 -2 -43 -48 
-1 19 0 12 2 9 55 59 
-14 -9 24 -1 -5 -14 -15 27 
17 3 -15 -7 -2 -9 -64 -73 
-18 8 41 10 0 9 -5 44 
9 5 -2 -5 -9 -15 -1 -11 
5 -6 21 -13 -1 0 11 -53 
-6 -16 -34 24 8 4 -8 42 
-6 33 -7 -11 -4 -1 -35 -15 
-18 -19 -12 -3 -1 0 -21 6 
47 -3 7 5 -7 7 92 71 
-67 -18 -13 -38 6 2 -12 -58 
40 6 1 26 15 -3 6 0 
2 -30 -10 -22 -17 -12 -15 8 
-34 22 20 24 -3 -2 -20 -22 
3 -23 3 2 4 0 16 67 
-6 1 -1 -6 -3 -3 -48 -31 
24 18 4 -11 5 12 25 4 
-35 -28 -30 -6 -4 -2 40 -27 
35 0 -10 3 1 -4 35 37 
-3 11 47 2 0 -3 -25 -15 
4 3 -37 -31 -4 2 0 15 
33 27 36 27 4 12 -74 38 
-8 -6 -40 -9 -10 -10 56 -34 
-58 -19 -10 -19 -6 -18 4 -22 
8 -12 7 11 0 0 2 -3 
36 11 29 3 11 13 -72 16 
-1 9 -7 11 -3 -3 73 -18 
-25 -12 -35 -9 -8 -10 -76 -23 
-2 -11 32 18 4 1 48 15 
-72 -53 -38 2 -9 -5 -7 -59 
59 47 25 -9 9 6 -53 51 
-13 -5 -12 -8 -9 -5 19 4 
-19 -27 25 4 5 1 31 -8 
30 54 -28 1 1 -3 26 2 
4 -20 34 25 6 3 -10 15 
-37 -22 13 -25 -5 7 11 -22 
1 45 44 29 11 -9 -60 -22 
34 -15 -25 -37 -10 1 2 59 
8 -13 29 27 6 7 71 -48 
-10 13 -9 0 -4 -4 -24 14 
9 5 -82 7 -11 -3 47 21 
-31 -42 49 27 5 -9 -37 -56 
-10 18 -32 -29 2 4 -80 17 
53 2 13 13 -1 8 66 38 
-35 1 -15 -31 -3 -3 -49 -24 
19 -2 -42 -2 -3 -1 -73 -61 
-28 39 42 1 -8 -7 95 100 
49 -19 0 -15 6 -1 -7 18 
-3 -15 -33 -10 -17 -5 -24 -14 
-5 -5 -27 12 -4 -8 6 12 
-5 -11 30 -39 0 -4 -84 -91 
-18 31 27 11 -4 8 42 42 
-3 -68 11 -5 10 -5 49 -29 
-31 21 37 38 2 4 23 -3 
14 -12 -39 9 -4 -5 -22 6 
-11 -22 -49 -30 -8 -4 -7 -17 
8 -22 -5 -7 -1 0 -24 27 
-7 -13 -75 -19 3 -13 8 -25 
15 43 112 11 -12 4 -8 21 
-1 -10 -58 -87 -29 -4 5 -15 
-9 -2 -12 33 8 -8 -16 -3 
4 -21 -44 -41 -9 4 33 9 
-8 -23 7 4 0 -3 -13 4 
-1 4 45 79 29 5 15 7 
-12 17 10 -35 -16 -3 -17 -8 
-24 -14 -16 30 36 1 -1 -41 
13 -12 -96 -82 -70 -17 -15 10 
-29 5 22 37 3 9 18 -20 
10 25 37 34 19 4 -12 10 
36 23 38 -2 -13 -1 14 56 
-3 -1 -23 44 42 10 -5 -29 
-12 -8 0 4 -19 -16 -16 -33 
-10 24 20 11 -9 2 -7 6 
-14 4 1 -41 -13 -1 13 3 
-24 -42 -16 35 22 5 -1 37 
10 3 -4 -10 -2 -7 -1 -9 
11 16 39 21 20 11 -9 -6 
-3 14 18 -41 -7 -1 23 -43 
16 -33 -12 27 -2 -1 6 23 
5 -10 -3 -12 0 -6 -18 -5 
2 -4 -14 -10 -11 -3 8 22 
24 7 16 5 -8 3 -6 21 
-5 18 -47 -46 -1 -9 15 -89 
27 -31 16 11 4 1 -3 38 
-6 3 6 -24 -8 -6 -17 -36 
-14 16 -9 -5 -3 -2 -8 -4 
-17 -14 9 -38 -2 2 4 -1 
21 10 14 -6 6 4 -3 8 
-2 -2 -12 -42 -7 -5 9 26 
7 -3 36 55 8 5 -13 20 
-2 1 -16 4 4 -3 -13 -18 
-3 25 24 13 12 8 14 -5 
-12 -9 -41 -15 -16 -2 -2 -8 
13 -12 -10 5 -3 -7 3 45 
7 4 22 30 9 8 -7 -1 
-60 4 10 20 7 2 5 -23 
4 -21 -29 -35 -8 -1 -1 -23 
3 6 25 12 -8 -2 6 27 
4 -1 5 20 2 -3 0 4 
-8 -13 -18 -4 -1 -2 -8 -6 
17 22 9 -19 9 7 3 23 
3 -20 -34 -36 -7 -6 -6 -10 
-28 17 26 19 2 -2 -11 -43 
13 -11 -29 -2 -2 -2 7 10 
-5 -19 -13 -2 -10 -4 1 34 
-9 -14 5 -1 2 -4 -5 -50 
-16 1 9 9 5 3 2 20 
13 4 -30 6 -8 -4 -4 -6 
-14 -13 13 7 -5 -1 1 3 
-25 -5 -5 -9 -1 -4 -17 -38 
12 13 7 -5 2 5 10 43 
13 -30 -12 15 -12 -5 -7 -33 
-17 12 13 4 -1 -1 9 -6 
-7 25 16 -3 4 4 5 15 
-4 -30 -39 -36 -16 -11 -20 -24 
4 15 21 8 7 1 6 16 
4 6 26 25 7 3 14 31 
17 3 1 -7 -5 0 -12 -29 
25 23 25 26 10 5 3 33 
-29 -26 -26 -7 -10 -8 4 -11 
6 14 15 -26 0 -2 -11 -35 
-16 -11 -12 -9 -6 -4 5 -3 
15 -20 -2 8 7 -2 4 75 
-15 25 23 9 -7 3 1 -55 
-16 -6 -41 -11 0 -5 -24 -41 
7 -4 16 -20 -8 0 9 14 
-4 -4 -3 38 11 1 -13 -56 
6 -6 -14 -4 -4 -3 8 48 
-16 14 12 13 8 6 -5 -39 
12 -15 -2 -3 -5 -3 7 27 
-10 -1 -2 -4 3 2 10 -4 
-15 6 23 -39 0 -1 1 12 
9 -20 -41 5 -5 1 -2 -18 
-17 3 15 39 8 4 -8 32 
-13 1 -3 -49 -15 -8 -1 -33 
24 1 -7 -2 7 -1 -4 45 
-22 8 19 6 1 0 1 -2 
19 28 14 12 3 1 9 -12 
-7 -19 1 -15 -6 0 -3 53 
-8 0 -19 -5 -2 -2 -4 -58 
32 2 15 15 0 -5 -5 10 
-4 -2 -22 19 5 2 7 -19 
-16 16 22 -11 -12 -8 -22 0 
9 8 -5 -9 1 3 16 3 
26 22 12 20 12 -3 -13 26 
-6 -28 2 -22 -9 5 9 -7 
8 -10 -41 18 -5 -5 4 1 
-2 8 10 -3 -2 -1 -4 12 
-5 -11 1 11 4 4 15 5 
17 18 11 -13 -5 -10 -23 6 
-27 16 9 0 3 6 -8 24 
3 -35 -23 -12 -4 -2 7 -32 
4 10 -10 -4 -8 -7 2 -15 
-8 -5 -4 -8 0 -2 -14 -13 
-5 -6 11 6 -4 2 18 5 
27 13 -1 -3 8 -4 -11 63 
-15 -11 1 1 -3 1 -4 -1 
3 3 -6 -6 -15 -4 9 -13 
-10 -13 -34 -16 0 -7 -16 -52 
-23 14 25 -14 3 6 3 1 
24 5 12 29 2 -4 3 25 
9 10 -15 -3 3 3 -4 34 
16 16 -4 -2 0 -3 10 -4 
-17 -55 -16 -11 -8 -8 -6 -24 
-19 -25 -27 -3 -5 2 -10 17 
-5 -4 2 -5 1 0 6 -43 
17 6 8 8 -2 -1 1 15 
17 2 1 -5 4 0 -3 17 
22 17 16 -6 -5 -2 -7 -2 
-27 -10 -15 2 3 1 8 18 
9 -15 -25 -8 -2 -4 -4 3 
-13 2 7 15 -5 0 5 -1 
-15 0 -23 -10 1 4 3 -15 
12 1 2 -10 -4 -3 -12 0 
-8 -6 37 13 13 3 7 1 
8 2 -33 1 -17 -6 -38 -29 
21 -6 2 -12 0 1 21 31 
-67 -20 -28 -26 -5 -10 -7 -38 
5 8 -4 -9 -6 -6 -7 -31 
5 -32 21 20 7 4 9 10 
-4 2 4 14 8 -4 -5 1 
17 17 4 6 -14 4 13 39 
15 -2 1 -23 -3 0 -8 1 
-31 -14 -66 -27 -4 -6 -4 -9 
10 -3 3 7 1 2 4 -5 
12 2 15 16 10 -3 -4 6 
-2 8 1 3 -3 2 -3 0 
11 14 4 13 2 2 5 14 
-13 3 18 -2 -6 -3 -4 -46 
-6 -8 -43 -27 -10 -11 -18 -6 
-12 -27 -13 -8 -6 1 1 39 
2 30 27 24 4 -1 -10 -62 
-21 -3 0 -20 -7 -2 12 13 
7 13 27 22 5 2 -2 -1 
22 -13 -23 -23 -3 -3 -8 7 
-35 2 7 -11 -1 2 13 29 
-4 19 -5 5 -3 -4 3 -26 
7 -28 4 9 0 0 -9 9 
7 8 -2 11 3 0 10 -11 
13 1 4 -17 -3 1 5 24 
-1 2 -11 -5 1 3 -6 -13 
-5 2 10 13 3 -2 -5 -7 
-5 -15 -33 -20 -13 -8 -4 11 
2 7 28 38 4 1 -8 -17 
2 -20 -34 -20 -5 -1 10 45 
-6 22 24 7 3 2 -6 -55 
4 18 15 6 10 2 -4 4 
-19 -5 1 -5 -3 -2 -8 -43 
-10 -5 12 -4 -16 -5 -12 19 
10 2 -26 5 6 9 14 4 
7 -7 20 -2 -12 -10 -6 -47 
19 2 3 18 5 -2 19 76 
-2 -1 -21 -15 3 2 -3 -15 
9 -19 -11 -19 -11 -7 -11 5 
-14 -5 17 22 7 8 4 -17 
19 9 11 -19 4 -1 -3 -4 
-16 -14 -5 -9 -9 -5 -10 -9 
8 19 29 7 1 2 10 21 
2 0 -24 -16 -1 3 6 33 
-14 -6 0 12 -3 -2 -6 -55 
4 7 15 12 -2 -6 -12 -15 
-7 -5 -16 6 7 1 4 10 
-8 -9 -5 1 -8 -4 1 -4 
12 17 -4 -9 4 4 2 33 
5 -13 4 -8 9 7 -4 7 
-10 -10 -5 21 0 -5 13 13 
-14 10 1 -21 -6 -12 -26 -67 
-1 -11 -8 5 -9 5 31 16 
1 5 -15 -4 -2 -7 -18 -11 
14 4 12 -2 0 -2 -4 30 
-3 8 15 16 8 13 19 21 
27 13 -16 6 5 2 -26 3 
-55 -37 18 -39 -15 -14 16 -66 
-13 -5 -4 6 -12 -9 -7 9 
-25 3 -7 -8 -7 -6 -6 -8 
24 2 6 -5 -1 1 -5 2 
29 18 -5 14 11 6 4 41 
-5 13 11 -7 5 4 2 -26 
-10 19 20 17 5 1 4 -4 
20 6 -5 -24 -7 6 14 83 
7 -4 12 17 -7 -9 -16 -75 
-19 -11 -16 -22 -7 -9 -8 -40 
13 -8 8 25 3 -1 -1 12 
-22 11 -1 -4 -1 -3 3 -5 
4 9 15 4 1 5 6 27 
24 -11 -7 -10 -4 4 8 35 
-6 -11 -4 0 6 4 -7 -6 
-29 -13 -16 9 -3 -15 -13 -23 
-12 -8 -15 -13 -9 -1 -4 -6 
10 17 8 -4 -2 -6 -7 -12 
3 -16 0 -2 -2 0 6 38 
-14 -7 -24 -23 -8 -8 -10 -51 
-6 2 6 9 5 4 3 14 
19 -8 0 8 1 3 5 29 
2 5 -15 -18 -11 -6 -5 -24 
-4 -3 12 2 7 4 2 -6 
-2 -10 -7 -1 1 0 2 22 
1 0 6 -3 -2 -5 -1 3 
-12 -14 -14 -15 -1 -2 -4 -3 
-31 -15 -16 -19 -8 -9 -14 -59 
16 13 11 5 1 0 0 20 
3 8 13 16 7 2 2 1 
13 4 0 -5 -1 4 7 5 
6 -1 13 12 2 3 6 76 
