#EMG
#4
#ID:4-30
-5 22 19 12 1 3 8 7 
-3 -18 -44 -18 -5 -4 -1 4 
-22 0 9 14 -1 -1 -3 -12 
-6 -14 4 3 -2 -1 -4 -2 
10 9 17 11 5 2 -2 3 
-5 -15 -21 -29 -6 -3 7 6 
-1 11 -14 -20 -6 -3 -3 0 
-10 -13 -17 6 -3 -4 -1 -13 
5 -5 11 -4 -2 -3 -3 8 
7 10 24 18 7 5 -1 -1 
6 11 -19 0 -4 -2 -3 1 
7 -3 20 -18 -1 2 3 9 
-14 0 2 -5 -4 -1 0 -11 
-7 -12 6 1 -2 -4 -2 -3 
-1 -10 -11 3 0 -1 -1 -6 
4 6 24 15 3 2 0 13 
12 -3 -13 -16 -3 0 4 -1 
-21 -23 -5 5 -1 -1 -3 -12 
-10 -4 16 -7 -1 1 0 7 
4 2 -12 6 3 -1 2 0 
0 -10 -7 -6 -5 -3 -3 -1 
2 22 17 1 2 0 0 0 
9 -3 0 4 -1 1 0 -1 
-21 9 27 12 5 3 0 -18 
6 8 -7 -9 -4 -1 -2 4 
-4 -4 12 -1 -6 -3 -2 16 
6 11 9 -26 -4 -3 -6 -30 
-10 -19 -16 0 -3 -4 -3 -6 
-8 -5 5 8 0 -4 -2 -2 
7 1 -16 0 -1 -1 -3 2 
11 45 10 6 2 2 -2 10 
-23 -23 -1 -9 -7 -2 -4 -5 
-1 -8 -15 -6 -1 1 -1 0 
0 5 -12 -7 -1 -1 1 -6 
1 -12 5 9 1 -2 1 5 
11 15 6 10 2 -2 -6 -6 
9 20 3 4 -1 0 5 12 
-12 1 16 -6 -3 -3 -6 1 
-9 -24 -27 -1 0 -2 -2 -10 
12 6 6 5 -5 -5 -5 10 
-7 -16 2 -24 -7 -1 2 -7 
20 18 4 12 0 1 0 14 
-29 -25 -8 -6 -1 -2 -4 -10 
1 5 -3 8 1 0 1 -5 
1 -15 -20 -4 -2 -2 -5 1 
-1 17 -7 -3 2 -1 2 -2 
-3 -8 4 -5 0 -3 -1 4 
4 5 1 -2 -1 0 0 13 
-1 -4 -9 -12 -6 -5 -6 -26 
-15 -13 1 11 0 -1 -2 -8 
2 -1 23 1 -4 0 5 6 
-2 1 -25 -14 -2 -1 -1 -2 
5 6 6 5 1 -3 -2 7 
1 -8 -6 0 -2 -1 -4 -8 
18 5 3 -6 -1 -2 -5 -3 
-28 -3 -2 -2 0 0 4 1 
-3 1 14 14 1 -2 -4 3 
6 8 -11 -9 -1 -2 -2 -8 
-13 -10 -24 6 -4 -4 -1 5 
15 3 56 7 2 3 5 0 
-9 -37 -26 2 2 -4 -7 0 
1 -2 11 -2 1 1 4 -10 
-10 -9 2 -1 -1 -2 -4 2 
2 8 9 -9 -3 -4 -9 -8 
-7 -6 -2 11 0 1 12 0 
10 -4 -1 13 0 0 -2 3 
-4 -8 -5 -21 3 0 1 4 
-1 -17 -30 -5 -5 -7 -7 -16 
12 11 -28 -12 0 1 -3 13 
-16 -5 2 -1 -2 -2 -4 -12 
17 22 -18 -1 0 2 0 0 
4 26 41 7 1 -1 -1 18 
-10 4 9 -5 -2 -1 0 -40 
-7 -5 -8 0 0 -1 -2 2 
3 -7 11 -12 -6 -1 1 0 
-6 -23 -34 1 -1 0 0 -7 
17 0 0 4 0 0 -1 18 
-4 -5 6 7 -5 -2 -3 -2 
-20 -11 5 -14 1 -2 -5 -3 
9 -12 -11 4 0 -1 6 1 
1 -12 -20 -4 -5 -5 -8 5 
-24 1 2 -5 -1 -2 3 -19 
10 -2 -8 -2 0 0 3 10 
-5 2 18 -5 -4 -6 -3 -14 
8 19 -18 -11 -2 -2 -4 -1 
-1 -28 -3 -2 -1 -1 -7 7 
-15 -5 -13 16 0 -1 2 -3 
-1 -2 15 0 -1 0 -2 1 
9 22 -3 -10 3 2 -1 8 
-5 2 -4 11 2 1 1 -5 
2 1 15 5 -3 -4 -2 -2 
-6 -23 -15 -20 -1 0 2 0 
-8 -14 1 10 0 -2 -7 -11 
-3 -5 -1 -4 -1 1 2 10 
7 3 2 -2 -4 -2 -4 -3 
1 10 3 13 4 4 3 15 
-18 -1 20 -1 -2 -3 -4 -7 
18 -1 4 -3 -2 -3 2 1 
-7 -9 -18 5 -1 -2 -2 2 
6 6 -10 1 -3 -2 0 -2 
-20 -23 6 11 1 -1 2 -2 
12 26 -23 -24 1 0 -1 3 
2 10 31 -1 -6 -7 -6 -3 
3 2 -33 -13 -2 0 -1 -6 
-5 14 -2 25 -1 -1 -2 -3 
13 8 1 -5 -2 -5 6 19 
-2 -7 10 -2 -2 0 -2 -8 
-3 19 -1 -4 -1 0 -1 3 
-7 -9 -8 9 4 1 -2 -7 
25 8 35 -10 -2 0 -9 14 
-3 -7 -14 -1 -5 -4 5 -20 
-52 -19 -42 -13 -6 -1 4 -36 
5 1 14 -8 -4 1 1 5 
-4 12 11 4 -1 -3 -6 -17 
13 17 2 -10 1 3 -4 11 
-13 -59 -43 3 -6 -9 -8 3 
6 20 36 -19 1 4 3 -6 
-25 -13 -44 6 -8 -3 2 15 
-6 11 25 7 -2 -2 -6 -4 
22 10 17 2 0 1 -4 -11 
2 18 -51 -18 2 0 3 33 
-7 -4 35 28 0 -2 2 -46 
3 24 -74 9 5 2 12 8 
29 16 -26 -25 -1 -3 -23 -15 
-46 -13 43 38 -2 -1 0 23 
19 -16 -54 -54 -5 -1 18 6 
-15 -22 22 16 -2 -1 -4 18 
-11 16 -5 19 5 2 -4 -7 
12 0 -20 8 -1 -4 -1 -42 
-3 -10 25 -26 -8 -4 -13 5 
-2 -21 9 -9 -5 -6 -23 -31 
13 44 20 14 8 9 22 33 
8 -37 -13 8 -2 -4 19 40 
-5 16 -15 -16 -5 -3 4 -47 
25 12 73 16 4 2 -1 27 
-13 7 3 -14 -1 2 -6 15 
18 53 -35 7 2 5 -2 -20 
-28 -43 -40 1 3 -4 4 -4 
11 31 -6 2 -4 -4 -6 -12 
8 0 8 -16 -5 -4 8 15 
-22 -3 43 -8 2 2 7 -4 
24 21 -12 -8 -4 -2 -15 23 
-5 -8 -18 -5 -2 -2 3 5 
1 65 8 3 0 0 0 -10 
2 -7 6 -7 -4 -2 -8 -8 
-10 6 73 33 3 3 -9 -3 
-6 -15 -37 5 7 6 10 14 
-6 -31 -31 -33 -11 -12 2 -26 
15 32 32 -7 -2 -2 -4 -3 
-5 -24 -46 -2 1 0 -21 -8 
-6 -3 27 2 1 0 28 8 
1 -32 -6 8 -3 -5 -6 7 
6 -12 -11 -4 -1 -2 -5 -7 
-18 8 -12 -10 -4 -5 1 14 
4 -4 -24 -8 2 0 -12 18 
-32 -14 16 13 -3 0 -4 -65 
10 -30 -8 -3 3 -3 -13 -4 
3 36 16 2 1 5 33 34 
6 -23 -20 -6 -1 -3 -5 -19 
7 2 5 7 -2 -2 -4 23 
-9 -1 50 8 3 -1 -25 -48 
7 2 -23 3 1 1 22 22 
2 -20 -5 -22 -5 -7 -5 26 
-9 -33 23 8 -2 -1 8 -31 
5 -1 -12 -18 -8 -6 -16 4 
1 -23 -18 26 6 2 -2 -9 
-1 23 67 -2 5 5 1 6 
-10 -25 -69 -22 -8 -11 -14 -5 
-9 6 14 26 7 -5 7 11 
1 -40 -69 0 -19 -2 -8 -11 
-31 -2 10 -16 -1 2 -3 -31 
11 4 17 13 1 0 1 19 
-8 -34 -79 -39 -14 -9 3 3 
16 8 -34 16 16 3 -5 22 
-5 5 51 22 -7 -4 -7 -47 
19 29 -16 -17 -5 2 4 46 
-27 -81 10 3 -1 -3 2 -49 
11 35 104 28 15 3 -2 16 
-23 -52 -7 1 -2 -8 -8 -14 
-5 -3 100 25 -25 -2 -2 18 
12 16 -38 15 3 5 -1 -1 
10 -24 -26 -54 -6 -1 2 -1 
-6 -53 -91 8 5 -4 0 -19 
-3 -34 44 12 11 -1 5 16 
-28 2 -51 16 -20 -11 -8 -2 
5 7 83 -17 9 5 1 30 
15 19 -24 -20 3 7 4 4 
7 7 -24 58 2 2 0 -4 
10 13 3 -25 1 -9 -13 0 
-29 -17 -35 -45 -26 -10 -7 -54 
12 42 33 -5 16 10 11 72 
12 -8 0 33 6 -1 -4 -57 
3 35 56 1 4 13 13 18 
0 1 -17 39 -6 -12 -13 1 
2 -3 -39 -33 -7 -5 -10 -5 
-12 2 -32 -38 -3 1 5 2 
10 -12 -10 -8 -4 1 13 55 
-4 11 3 -10 2 -2 -10 -38 
2 -11 -22 -3 -19 -14 -8 -11 
3 -9 -6 -6 7 1 23 13 
-10 11 -9 -27 -4 2 -11 -7 
-31 1 33 14 -5 2 26 16 
15 23 19 9 -5 -3 -16 -36 
19 2 -22 -47 0 -8 -27 -30 
-19 -5 37 -2 6 2 25 51 
12 31 -24 -20 0 -2 -31 -29 
19 -20 -34 21 0 3 14 60 
42 17 56 43 -4 -9 -6 -2 
-15 -24 -59 -36 -5 -1 -18 -23 
-53 -16 9 32 8 3 5 -69 
-14 -2 1 -40 -10 -5 11 -10 
2 -5 18 -27 3 5 -2 28 
14 49 55 10 1 -1 0 -1 
45 74 50 24 -6 -5 -1 33 
-26 -14 -21 -10 10 10 -11 -26 
-14 -29 -43 -16 -18 -9 10 19 
28 -1 6 13 5 3 2 61 
-23 -16 9 -10 5 1 -38 -63 
17 24 -8 5 -12 -8 43 29 
-29 64 47 -18 5 5 16 -17 
-30 -41 -42 12 -10 -11 -12 -43 
57 23 -34 -1 -1 -3 -13 36 
-26 -1 5 12 3 -1 -1 14 
-42 -81 -87 -2 4 3 -13 -26 
1 19 34 -15 -2 -7 8 -4 
1 -41 -38 3 0 1 7 21 
-12 -19 19 9 -1 3 -14 -28 
3 55 -8 11 8 0 -7 3 
33 11 2 -9 -4 12 18 24 
-14 -41 -2 5 -2 -9 1 3 
6 16 29 -7 -11 -4 -21 -26 
5 7 -40 -15 -1 0 6 8 
-22 -7 -46 20 -2 -8 -22 -64 
-10 0 76 -4 9 5 6 30 
17 5 -1 17 -7 6 26 25 
4 -14 -3 -18 1 -11 -29 2 
-9 -28 7 18 18 5 11 -3 
1 -14 -68 -22 -16 8 7 -8 
-12 -26 -52 -16 -7 -14 -31 -19 
10 2 22 4 11 11 24 24 
10 1 -6 1 0 13 2 3 
-7 -7 -11 16 2 -13 -7 -22 
-1 -12 -31 -3 0 -2 -4 6 
0 9 47 4 -5 3 -4 7 
3 2 -11 -1 8 2 10 1 
11 40 18 -8 -8 2 8 13 
-6 3 -15 -9 -8 4 6 13 
-2 -14 51 14 28 -8 -16 -4 
2 24 -3 10 -39 -8 -19 -57 
2 -10 52 -29 -2 6 12 8 
4 0 18 40 24 -4 -7 2 
-19 -54 -95 -53 -24 -5 -7 -5 
8 17 63 36 34 -3 4 25 
-10 -33 -43 -12 -18 -1 1 3 
9 26 24 -64 -23 3 6 15 
-3 6 23 56 3 0 -1 -38 
-5 -7 -20 -38 -12 -7 -2 5 
8 2 -1 29 2 -3 11 27 
-4 5 19 13 21 5 -10 -27 
2 32 35 -48 -7 3 2 15 
4 -18 -30 -23 -15 -10 -5 8 
-11 0 22 7 3 2 3 3 
-14 -16 -7 29 1 0 -5 -18 
0 2 -17 -5 -3 -2 -1 26 
-3 8 -8 -8 0 2 -2 -58 
-7 -15 -16 -33 0 -4 -5 0 
8 -23 9 16 2 -2 0 17 
-2 -14 -37 -22 -7 -5 -5 -20 
-16 2 -7 -9 0 1 -2 26 
10 -14 7 27 4 -2 -6 -29 
6 -8 1 -19 -6 -9 -11 -19 
-2 6 -3 35 5 5 10 29 
-8 0 37 6 0 5 9 15 
-24 0 -17 0 5 -4 -10 -37 
-24 -9 -27 -22 -11 -7 -14 -35 
5 11 14 23 7 -1 0 23 
15 9 15 6 -12 -5 -7 -25 
-11 -7 -6 -18 -6 -2 1 26 
15 9 33 26 6 6 13 7 
3 -1 -64 -23 -4 -2 -2 -9 
-7 -5 -14 -9 -1 -6 -3 1 
9 -11 -4 8 11 0 2 17 
-8 3 5 13 -12 1 1 -1 
5 2 -20 2 -3 -2 -1 -11 
2 -11 -1 -4 4 5 1 19 
-1 14 7 -4 -5 -2 -5 -7 
-3 -15 -13 8 10 2 8 17 
-3 -3 10 -11 -19 -6 -9 -24 
5 -5 -2 -3 4 4 1 3 
-4 -1 8 11 2 -2 -4 -3 
2 8 10 2 8 -4 1 28 
-10 -23 7 -16 -23 0 1 -39 
1 10 19 5 5 0 -1 2 
5 9 -19 -5 -5 -4 -3 -2 
4 66 9 -6 6 4 5 7 
4 2 23 22 2 -2 0 13 
2 7 -1 1 5 -1 -2 -8 
-2 -4 0 7 -4 2 3 3 
3 -6 7 -12 -2 -2 -2 -2 
-7 7 -8 5 4 -2 -5 -24 
9 -3 -16 -17 -11 -5 -4 -1 
-6 -5 11 2 4 -1 -1 7 
-5 -6 26 -3 -5 1 -1 -7 
3 -2 -2 -2 -1 0 0 3 
-3 -7 -27 2 2 -1 0 7 
0 -5 26 -4 -9 -2 -1 -5 
6 -3 -12 -7 -3 2 0 19 
-13 9 22 15 12 -4 -5 -46 
2 -17 -29 -11 -11 1 2 5 
4 4 -8 6 1 -3 0 10 
-5 -2 9 5 -1 1 -1 -18 
-8 -9 -14 -1 1 -5 -1 14 
10 9 10 3 -5 2 1 17 
-5 -12 -30 -6 -1 -2 0 -3 
0 3 34 4 2 -5 -1 -11 
0 -12 -30 -3 1 2 -2 13 
4 -9 0 3 4 -3 0 1 
1 2 -9 -1 -5 1 -1 3 
-1 -2 -26 0 -3 -4 -4 -8 
5 11 26 2 0 2 5 25 
-9 3 4 -1 1 1 1 -31 
2 17 -1 3 0 0 -6 -12 
-4 -16 1 -8 -3 -4 -6 -9 
6 11 20 5 -1 1 4 10 
1 -31 -8 0 3 0 -2 17 
-24 -13 -8 -15 -3 -3 -1 -21 
-1 20 -20 2 0 -1 -3 -11 
-4 -29 -8 -10 -2 -3 -2 4 
3 18 7 -4 -12 0 2 8 
2 -6 -4 1 3 -2 -2 0 
-3 -19 -27 2 6 -1 -1 -6 
5 18 44 -1 -6 2 1 6 
-5 4 11 16 5 -2 -1 -4 
5 -24 -7 -25 -8 0 0 3 
-3 -11 -41 -2 -1 -3 -4 -8 
2 6 -11 3 3 1 -1 3 
-5 6 15 2 4 -3 -3 -8 
1 1 2 -2 -6 -5 0 3 
-1 -8 -1 -1 -3 0 4 11 
-4 -4 -16 -3 0 -3 -1 -13 
-4 4 -1 -1 1 -1 -4 17 
0 4 -2 4 2 -2 -2 -24 
3 5 17 -1 -2 0 -3 0 
-2 -9 -8 -7 -4 -3 -4 0 
-1 14 3 2 -1 -4 -1 0 
3 -2 -11 1 2 4 2 8 
-11 -32 -13 -13 -18 -5 -4 -6 
3 25 30 10 4 3 3 14 
2 -4 -16 -22 -10 -4 -4 -15 
-5 -18 -12 3 7 -1 -4 -1 
-10 -1 16 -1 -5 -1 -1 -4 
0 -11 -42 -10 -7 -5 -1 4 
-5 -1 11 -3 -5 -4 -3 1 
4 9 10 4 -5 -3 -3 5 
8 22 4 -1 2 -1 2 -2 
-3 -2 7 2 -1 -2 -4 -7 
-2 6 7 5 7 2 0 -5 
-1 2 3 -1 -2 -1 -2 -1 
2 2 4 2 3 -1 -1 4 
-2 1 -4 2 -6 -1 0 -2 
-6 0 9 -19 -8 -4 -4 -5 
-3 -10 -6 4 3 1 0 3 
-1 2 -7 -3 -1 -3 -2 2 
0 3 9 10 13 0 -2 -2 
-2 -6 -16 -3 -17 -1 2 -2 
-2 -5 9 3 2 -1 0 4 
0 -18 -32 -10 -4 -3 1 13 
-10 -1 8 -16 -9 -5 -8 -37 
3 16 -3 9 5 2 0 3 
-4 -15 -14 -6 1 -1 -2 -3 
0 -13 25 6 -2 4 1 2 
1 -7 -9 1 1 0 1 15 
-6 -23 -7 0 1 -3 -5 -21 
-2 -8 -1 -2 -8 -1 -2 -1 
1 3 -3 0 2 -2 -1 -5 
1 -2 7 -7 -7 -2 1 9 
-2 -8 -12 5 7 1 0 3 
3 11 7 -5 -4 -2 -2 2 
-2 11 5 10 10 0 -1 -4 
1 -4 -6 0 -10 -1 2 -1 
-1 -5 -3 6 11 -2 2 3 
2 8 2 -8 -16 -4 0 -1 
1 4 -4 -4 -6 0 -2 -2 
0 6 11 5 3 2 1 -1 
-3 -17 0 0 5 -1 -2 -1 
3 33 11 8 5 1 1 4 
-6 12 6 2 -2 -4 -2 -9 
1 8 11 -2 2 1 0 3 
0 4 -20 4 -1 1 0 2 
-8 -24 -2 -7 -3 -5 -4 -6 
0 2 -11 -8 -7 -1 -1 -2 
2 -13 -31 -2 4 0 0 0 
-5 -1 -1 -2 2 3 -1 -1 
0 -4 2 -6 -4 -2 -1 -1 
-6 -11 9 5 2 -1 -3 -4 
-2 -17 -6 -2 -2 -3 -4 -1 
5 9 15 7 -5 -2 -1 0 
0 10 43 7 15 1 -2 0 
-1 -13 -36 -17 -12 0 1 6 
3 2 9 -2 -1 -4 -2 12 
-6 -7 -18 -4 -1 -1 -2 -20 
-15 -2 -8 2 2 -2 -1 -3 
1 1 17 2 -1 -4 -3 -2 
-5 -16 -5 -4 3 0 -1 1 
8 30 7 5 -7 -3 2 13 
0 -13 -28 2 4 1 -2 -4 
-4 -6 -12 -7 -4 -1 -2 -6 
-5 -7 17 -1 -5 -3 -1 0 
1 1 -6 -4 -3 -4 -3 1 
-1 -3 -1 0 -4 -4 -2 -9 
1 14 -2 5 4 -2 -4 0 
1 10 -4 -1 -1 0 2 -6 
0 2 9 8 2 4 2 2 
2 -1 -13 -14 -6 -1 1 1 
0 -2 5 -3 2 -1 0 0 
-3 0 16 6 -6 -3 -2 -5 
-4 -7 1 -2 5 0 -1 -1 
2 9 -13 -4 -7 -3 -2 5 
4 -4 12 12 7 -1 0 -2 
3 28 6 1 -4 1 0 6 
0 3 20 0 -2 -1 -1 -18 
-2 -26 -25 -4 2 2 2 14 
-6 0 -12 -7 -6 -5 -4 -34 
2 -4 4 4 1 0 -1 5 
-3 -10 -11 -7 -5 -3 -3 5 
1 -10 10 9 4 -1 -3 1 
3 7 2 -10 -5 1 -1 8 
2 25 -15 1 4 -2 0 -5 
-2 -7 3 8 4 0 -1 1 
-3 -20 -11 -4 1 -2 0 -7 
-9 -7 -4 -13 -5 0 -1 7 
-8 -11 -2 -4 -2 -2 -4 -10 
-1 0 -1 -9 -3 -1 0 3 
5 13 8 8 1 -2 -3 -5 
2 -6 0 0 -4 -3 -2 0 
1 -5 -8 5 4 2 0 0 
0 -13 -21 -26 -14 -9 -3 14 
-5 0 -11 3 -3 -1 -2 -19 
2 0 32 -6 -2 0 1 -18 
0 -5 6 5 3 1 0 -2 
-10 8 -2 3 0 0 1 3 
-2 -11 1 -4 -4 -1 -2 4 
4 19 11 4 1 -2 -1 11 
0 -3 -5 -6 -3 -3 -3 -5 
2 1 -13 7 4 -3 -4 -5 
0 16 31 -12 -12 3 0 4 
-1 32 -19 8 7 3 1 1 
-2 -6 -17 -11 -6 -4 -1 1 
-3 -19 -20 0 -3 -2 -2 -3 
1 4 -5 -7 1 -2 -2 0 
-5 -18 6 6 3 -1 -1 -1 
-3 -2 4 -4 0 -1 1 -1 
0 -3 -6 2 0 -3 -3 -6 
8 31 37 16 7 -1 0 3 
-3 -23 -23 4 -2 1 2 2 
-6 -6 -12 -19 -10 -2 -3 -3 
-4 -3 29 -4 0 -3 -2 -2 
-5 -15 -26 -4 -5 -3 -2 -2 
1 4 0 5 2 -1 0 2 
1 4 3 7 2 -1 0 -3 
1 0 -1 -4 1 3 1 -1 
-3 -4 -8 -1 0 -1 -1 0 
-2 -21 0 -15 -12 -3 -2 9 
6 0 -13 2 1 2 1 13 
-6 -1 12 -6 -5 1 -4 -27 
3 22 -2 4 6 1 0 4 
-10 -25 -6 -1 2 0 0 -4 
3 3 12 2 -3 -1 -1 11 
4 9 9 -4 -1 -2 -1 6 
-3 5 -25 0 -6 -2 0 -10 
4 3 9 1 5 0 -1 4 
-4 1 0 0 4 0 1 -7 
-1 -8 -16 2 -8 1 1 2 
-2 -4 21 -5 -4 -2 -2 -4 
-1 -6 -9 0 -5 -7 -2 0 
-3 -1 7 -14 -1 -1 -1 7 
0 3 -16 2 0 -1 -1 -20 
-3 -22 21 0 -1 1 1 7 
0 -6 -17 11 8 1 -1 -3 
-5 -4 7 -16 -9 -4 -3 -9 
2 0 -7 -13 -6 -1 2 18 
0 8 5 -3 -1 -4 -3 -6 
2 14 10 6 4 -1 -1 -3 
-1 -1 -26 5 -1 -1 0 -6 
-4 0 16 -5 -1 -3 -2 2 
0 -11 -2 -1 0 -2 -1 11 
-1 13 -6 -2 -4 -1 -3 -13 
2 5 -5 6 2 4 1 -1 
-5 -12 3 2 14 -3 -2 3 
2 8 -12 -4 -17 -2 1 -6 
-12 -35 -33 -11 -8 -4 -4 5 
0 3 26 2 0 -2 -2 -5 
0 16 -6 4 8 -2 -2 -5 
1 -10 -5 3 -6 -1 1 5 
5 8 9 -4 5 2 3 1 
-2 2 24 8 -3 1 0 -8 
-1 -9 5 -7 -9 -4 -1 2 
-1 -3 -13 1 5 1 -1 7 
0 7 -6 -5 -3 0 -4 -23 
-3 -3 9 8 6 -2 0 -1 
2 2 -1 2 -1 -1 0 1 
-2 -1 -1 0 0 -2 2 2 
1 -3 16 -2 -3 -1 -1 1 
4 15 -5 -5 1 -1 -1 2 
-2 -6 -1 1 -7 0 0 0 
-6 -12 -30 -10 -2 -5 -3 -7 
-2 -10 -3 -2 -6 -3 -4 2 
-4 0 1 7 8 -2 -5 -6 
0 -24 -23 -8 -14 1 -1 2 
-1 2 28 6 14 2 -1 -6 
-9 17 11 -6 -9 -2 0 3 
-1 -14 -15 -5 -5 -4 0 0 
-1 18 6 9 5 -1 1 -1 
1 -4 2 -4 0 -1 -1 -2 
6 6 -19 -1 -2 1 0 4 
-4 -8 3 0 2 1 -1 -3 
-4 -14 -18 -8 -3 -1 -2 0 
-1 -14 -8 -4 -3 -2 0 17 
-1 7 5 -2 0 -2 -3 -22 
0 6 -13 0 -5 -4 -4 -1 
-2 -2 2 -2 7 -1 -5 -12 
-2 2 25 0 -4 -1 -2 3 
0 -14 -5 3 4 1 2 13 
-1 -5 8 -5 -2 2 2 0 
2 9 19 7 -2 1 1 3 
2 0 -27 -9 -4 -2 -3 -8 
2 1 3 4 4 -4 -1 3 
-2 -8 -2 -17 -12 -3 -1 -5 
-2 9 -1 12 12 -2 -4 3 
-6 -7 6 -2 -14 0 0 -3 
1 -28 -5 -5 0 -2 2 1 
0 5 -28 -3 0 -1 -2 12 
-1 -1 11 -9 -2 -1 -2 -17 
0 1 -7 8 2 -3 -1 -9 
-9 8 8 2 -1 1 0 10 
-3 -6 -5 5 -1 -3 -2 1 
0 2 -31 -1 -3 -1 -1 2 
-5 -10 10 -5 0 1 0 -1 
2 9 -16 -7 -8 -4 -3 -1 
0 -5 -4 0 -1 1 -1 -4 
0 11 -7 0 -4 -1 1 4 
-5 -12 4 -2 4 -2 -2 -7 
1 7 8 8 8 -1 -1 1 
2 -3 -2 -4 -10 1 1 -3 
-4 -17 0 -4 -2 3 -1 2 
-3 3 -8 -1 -1 -3 -4 -2 
-2 -9 -8 -4 0 -1 0 -5 
1 11 7 9 4 3 3 -1 
-3 -8 12 -4 -1 0 1 1 
-1 -6 -10 -5 -2 -2 -2 12 
-6 7 1 0 -2 -1 -6 -37 
1 8 2 5 6 1 0 11 
-3 -5 -5 -2 -6 -4 -3 -18 
-3 -11 -1 -1 2 -3 -5 -3 
6 2 0 -2 -3 2 2 11 
-7 1 14 4 -1 0 0 0 
4 21 10 -4 -2 -2 -3 4 
2 -1 -11 2 -2 -1 -1 -5 
5 4 23 1 -1 1 1 3 
-8 -13 6 -3 -2 -2 -2 -3 
2 8 -3 -7 -1 0 0 8 
1 8 13 3 2 -1 0 -9 
-3 -8 -17 -4 -6 -4 -4 4 
0 -2 13 -4 0 -2 0 10 
-6 -17 -8 0 -1 -2 -2 -24 
-2 8 -8 -8 -4 -1 0 -7 
-13 -14 -8 -11 -1 -3 0 -11 
2 -7 -9 -4 -3 -2 -4 2 
0 -2 4 9 0 -2 0 9 
3 5 -4 -15 -6 1 1 6 
0 0 4 5 -3 -1 -2 6 
-3 -10 -7 -5 0 -3 -1 -12 
4 5 9 4 6 2 2 9 
-3 -6 -28 8 6 -3 -5 -10 
-8 6 39 -11 -13 0 1 8 
-3 0 1 -3 -1 0 -1 -10 
-2 -9 -3 -4 -6 -2 -2 -1 
4 7 28 5 4 0 -2 4 
5 6 -4 17 16 4 3 0 
3 -23 -31 -8 -15 -5 -3 17 
-7 11 31 1 2 -1 -3 -33 
-2 2 4 7 -3 0 -2 -2 
-3 -48 -4 3 -2 -4 -1 4 
0 -1 -9 4 2 -1 -1 -5 
-1 -9 -16 -10 -6 -4 0 14 
-1 -3 -4 -5 -5 -1 -2 -12 
2 8 -6 9 3 -2 -3 -4 
0 4 1 -13 2 2 -2 -5 
-3 -11 5 -4 -7 -2 0 12 
1 9 14 3 4 -1 0 0 
-3 -6 -20 -5 4 -1 0 6 
-3 5 -8 -5 -6 3 -1 -8 
5 6 2 1 3 -1 -2 1 
-7 -16 -42 -5 -4 -3 -3 -6 
-4 21 17 -5 0 -2 -3 -3 
1 4 -7 1 4 -2 0 -1 
-1 -9 -1 0 0 2 -2 1 
5 -2 6 -1 1 0 1 4 
4 -24 -64 -8 -9 -2 0 28 
-13 -8 45 8 1 -3 -8 -62 
