#EMG
#0
#ID:0-39
1 -5 5 -2 -6 -3 29 20 
6 -13 -8 2 -2 -5 3 13 
-2 3 3 15 3 7 21 7 
9 -1 -24 -4 -2 -5 -10 14 
-7 -18 10 -21 -8 -3 -22 -9 
11 12 27 28 4 -1 -7 5 
6 -2 -39 -54 -7 -2 -26 -18 
-40 -12 19 10 -1 0 37 16 
-8 16 13 12 2 0 3 -24 
9 4 -2 1 0 -1 -13 8 
-7 -9 43 9 -4 -1 19 7 
25 15 -8 4 -2 0 13 7 
-22 -16 -28 -10 -2 -3 -12 -8 
-3 7 15 -2 1 1 9 7 
-12 -5 -35 -7 -3 0 -23 -11 
-3 1 4 -21 -2 0 -6 -2 
12 -23 -6 1 -4 -5 18 31 
1 -19 -19 0 -6 -4 -5 -8 
-10 17 13 28 7 7 19 2 
14 -4 -13 -34 -2 -7 -23 4 
-6 -6 27 14 3 2 -11 -7 
-8 13 5 -28 -6 -4 -3 -6 
16 1 -30 0 -1 -3 -1 -2 
-18 6 3 35 5 6 16 9 
22 5 -12 -1 3 -2 -15 -6 
-28 -2 -3 -13 -5 -6 -25 -22 
-6 -20 0 8 1 2 28 24 
-2 -8 5 -1 -6 -3 -14 -55 
13 -9 -30 -3 -5 -5 -19 15 
6 -1 -3 3 0 5 49 14 
-4 1 -11 -11 -3 -8 -38 -9 
8 -7 4 -4 -2 -4 8 25 
11 36 -39 -35 -5 3 21 12 
-4 4 -1 8 -1 -1 -5 -8 
-11 0 -2 16 3 -3 -13 -20 
-9 1 12 -4 2 0 -2 17 
4 -1 7 -10 -4 -3 -1 -24 
1 0 -17 -5 -1 1 -2 14 
2 1 8 -14 -3 3 17 -9 
24 6 -3 3 -3 -5 -18 28 
-28 -11 -5 11 2 1 4 -39 
5 -8 31 7 1 -3 -7 41 
-8 -21 -13 -2 1 1 -17 -55 
-1 11 -6 -15 -3 4 29 -13 
1 -14 8 12 -3 -6 -26 17 
0 -6 13 -4 -3 -2 30 -3 
-10 -15 -8 4 3 -2 -10 10 
25 -12 8 6 1 -3 -15 0 
7 3 -15 -8 2 6 -3 -20 
-28 33 5 11 3 1 -5 -8 
-2 3 2 -13 -2 -2 -3 4 
-1 8 -6 8 0 1 -8 5 
-6 -10 10 -21 -2 1 21 10 
2 -19 8 3 -3 -6 -33 -16 
5 10 -26 -5 -3 2 17 18 
12 19 34 15 0 0 3 -5 
-31 8 28 7 4 -2 -4 -2 
-8 -11 -46 -14 -7 -7 -10 -17 
2 -4 12 -2 2 3 -5 5 
9 -1 6 -4 -3 -3 -2 -4 
34 11 20 7 -2 -5 -28 0 
-2 2 10 17 -1 3 45 8 
-16 -14 -24 -14 -10 -6 -8 7 
-16 -2 -16 -1 1 -4 -12 -2 
4 25 10 14 2 0 0 1 
17 -21 -23 -39 -5 -2 -13 -1 
0 -2 29 8 -1 -2 -14 -3 
-8 7 -19 -12 -6 -6 1 -23 
-2 -26 -10 4 -1 -1 18 15 
2 1 -30 5 3 2 -16 -16 
-15 5 20 10 -2 -4 -7 -21 
-11 -31 5 -12 -1 2 31 18 
25 7 -2 9 0 0 -1 34 
-1 -1 14 3 4 4 -17 -40 
1 4 -3 -5 -1 -2 15 7 
-18 -5 7 7 0 -1 -24 13 
-17 -19 -25 -17 -4 -4 12 -10 
6 -21 -19 1 -5 -5 -15 18 
3 10 3 3 -1 1 -7 -20 
21 1 2 30 4 -6 -17 53 
-16 4 -23 -40 -6 2 14 -71 
5 -12 -3 -23 -6 -8 -29 -14 
-21 -7 -26 5 3 1 38 28 
4 8 -15 4 -1 3 4 -5 
-12 -4 -11 -5 -1 -2 -20 15 
33 -5 18 17 -3 -3 6 9 
-26 -1 -2 -1 -1 0 -5 -18 
-3 5 -6 -13 1 5 5 -7 
9 -6 3 19 1 3 -9 11 
-28 -2 -2 -9 -4 -2 36 10 
18 1 1 8 0 -4 -36 11 
-18 0 0 -21 -5 1 29 -28 
0 -17 -16 -9 -4 -2 -10 37 
4 6 -10 1 5 1 10 -50 
11 8 53 -4 -4 -2 16 28 
-15 -4 -48 0 0 -3 -14 -11 
14 14 24 -8 -1 4 -6 -1 
-14 0 -8 34 1 -6 30 16 
29 -3 7 -5 -3 -3 -19 -8 
-9 -14 9 -11 -2 0 2 -6 
-26 -14 22 -16 -3 -2 18 17 
3 12 -23 -14 -1 4 -22 -9 
-3 -9 17 5 1 -2 3 -20 
31 4 9 20 3 0 -10 15 
6 3 -15 -4 2 -3 -31 14 
-11 2 20 -15 -7 -2 72 2 
1 4 -12 -13 -5 -6 -28 -3 
10 -5 -2 -1 -1 -3 9 18 
-9 10 6 12 -2 -6 -24 -49 
9 3 10 16 7 7 12 34 
-8 3 -35 -14 -4 -1 -7 -12 
0 3 13 9 5 4 -7 -3 
16 10 8 4 -7 -10 21 5 
-2 6 7 -13 6 13 -33 -9 
13 -17 -3 5 -10 -19 31 2 
-3 34 15 4 -2 1 15 35 
-46 -10 -35 -17 0 0 -12 -62 
20 -1 -30 -27 -6 -1 -10 38 
6 6 0 9 7 5 -14 -22 
6 -5 11 3 -6 -4 8 -6 
12 17 -2 22 8 3 1 3 
-5 -1 26 -13 -6 -11 -54 31 
-21 -26 -13 0 -3 4 3 -49 
4 -25 -25 -7 -1 -5 2 -4 
4 0 6 14 2 -2 6 -19 
21 20 38 15 3 -4 -39 0 
-24 -21 6 -15 -2 4 38 54 
-15 5 -12 -8 -2 -2 -34 -26 
2 -13 5 7 -3 3 42 -5 
-1 7 6 12 3 0 6 -14 
-15 -5 20 6 1 -5 -32 -7 
17 1 5 -10 2 3 14 14 
-8 10 1 17 -1 0 -26 17 
9 0 2 -6 -3 -7 27 -24 
-7 -7 -13 -2 -1 -1 18 2 
-27 -36 -15 -12 -4 -5 -31 -17 
38 -1 19 -5 -2 0 -8 38 
-16 -4 5 26 5 -4 4 -25 
13 22 11 -47 -12 -1 19 47 
-40 -17 -1 1 -5 -7 0 -29 
2 1 -2 -1 -1 2 -7 12 
5 -2 -27 6 1 9 12 1 
-21 -8 15 17 1 -5 -33 -27 
27 1 -30 -34 -6 -4 -18 1 
-13 8 -11 -11 -8 -2 22 0 
-11 3 -3 -1 -1 -5 -6 32 
22 9 -14 20 3 2 2 -42 
22 3 46 19 4 8 -10 -6 
-20 -14 -22 -36 -7 -9 -2 3 
5 19 12 18 -4 -2 6 -13 
3 -48 -39 -4 1 6 -6 35 
-16 42 42 9 2 1 34 -19 
-23 2 -29 -5 -5 -5 -21 -35 
-5 -8 -11 -6 0 7 -10 -17 
2 21 9 -3 3 -5 18 31 
-15 -23 -25 -10 -1 0 5 -3 
19 -12 27 21 -2 -4 -2 20 
-24 -12 -15 -42 -4 4 10 0 
12 6 -38 20 2 1 -1 6 
1 -17 10 5 1 0 -12 -24 
1 16 14 3 -4 -9 6 3 
14 0 18 2 -3 1 0 5 
0 11 -27 11 2 1 11 -6 
0 2 33 -7 0 0 -7 40 
-3 -26 4 12 0 5 7 -1 
-12 15 -12 -4 -4 -8 -39 -46 
19 -13 -13 -4 -3 3 8 14 
-14 2 -12 18 -5 -9 28 29 
2 -3 3 -25 3 2 -13 -20 
-12 -45 -37 0 -1 -5 -1 12 
1 8 60 7 -10 2 -8 -18 
13 -8 -21 -13 -5 -5 -13 10 
7 9 29 39 11 7 22 -7 
-3 -12 -74 -39 -10 -12 -8 29 
-32 5 42 12 6 1 -17 -84 
1 -2 -44 11 5 1 -7 4 
11 8 16 0 4 1 6 15 
7 12 9 19 1 3 -6 0 
15 3 -9 -36 -16 -6 27 88 
-31 31 -4 -38 -4 -2 -14 -99 
10 47 -2 22 13 3 -22 6 
-6 -2 -50 -1 -9 -2 19 -3 
5 -3 84 5 1 -8 -24 21 
11 -1 -43 10 -1 -1 -3 3 
-19 -26 -20 -18 -12 -2 27 4 
3 -12 52 0 -9 -7 -17 -22 
-32 2 -53 -30 -4 -6 -11 -11 
17 5 46 23 6 1 14 24 
-4 -4 -60 -22 -4 4 10 -17 
0 2 67 37 5 -8 -13 21 
18 2 -46 -30 -13 -3 6 -20 
-21 2 37 22 0 -2 -10 -17 
1 -1 30 -10 6 -1 3 23 
7 3 -46 -11 3 6 14 1 
7 2 11 57 11 6 -53 -22 
1 -10 5 -24 -14 -8 29 29 
-3 -2 -4 20 4 -2 -15 17 
-17 -10 6 -52 -16 -8 2 -44 
24 -25 -24 4 6 7 7 56 
-24 1 -12 40 -8 -17 -41 -60 
4 21 -7 -21 -5 -4 -13 24 
-33 -32 5 32 8 3 4 1 
33 12 -41 -46 -5 -3 -2 41 
-25 -18 -5 -3 7 10 39 7 
32 -11 -44 -37 -19 -19 -21 -4 
11 37 49 36 9 5 -54 -18 
-17 -1 17 -12 -3 -5 46 -24 
-3 -29 -4 -88 -4 10 30 2 
-17 14 51 77 6 -4 -18 -39 
7 -16 -51 -71 -12 1 17 33 
24 -24 -51 18 -4 -16 -62 16 
33 23 38 19 4 3 50 52 
-5 30 -4 -4 7 10 -7 -34 
27 30 20 -15 10 5 47 1 
-91 -15 0 32 -11 -17 -101 -125 
62 -13 -34 -6 -8 0 66 56 
-41 -40 -19 -16 -4 -7 -27 38 
0 22 49 14 11 5 -46 -6 
13 -31 -19 2 -4 3 105 32 
-39 20 20 11 7 7 -28 -24 
18 -2 33 -1 -2 -2 -8 0 
6 6 -9 -5 -3 -4 21 -3 
-4 -44 -23 -13 1 1 6 -7 
-7 -4 19 18 -1 -6 -77 -14 
-10 -7 -39 -5 -3 6 92 27 
14 -3 20 1 0 0 -34 9 
-26 18 38 4 2 0 13 -17 
11 10 -12 13 3 5 -4 14 
-14 -14 -17 -23 -9 -5 -18 -30 
-1 -1 -14 20 -5 -8 -33 8 
-15 23 41 -10 -3 5 57 -22 
10 13 -3 -13 4 2 -39 -10 
8 -6 18 9 0 1 32 22 
-21 -14 -30 1 -10 -13 14 8 
29 6 35 11 7 -1 -27 14 
-28 11 -14 -4 1 2 -10 2 
9 -19 -30 -21 -11 -6 -11 -37 
-18 -6 -6 11 -2 1 13 -1 
9 18 7 -3 4 2 -9 15 
23 12 28 3 -5 -10 -6 -1 
5 16 -26 17 12 10 6 10 
1 -3 43 -3 2 7 34 21 
-12 -22 -24 -15 -17 -13 -28 -24 
5 -12 -16 -7 -2 -1 -8 -22 
-2 10 50 6 -11 -9 -18 -1 
1 -31 -80 -21 -2 2 3 2 
-1 6 20 7 16 4 -5 -8 
9 10 -2 21 -5 7 17 21 
-5 -14 -5 18 16 -6 -8 -3 
6 4 39 -8 0 1 5 8 
1 38 -10 12 -6 5 9 6 
-4 -24 -46 -28 -3 -9 -9 -7 
-1 11 19 -19 -10 -3 -8 6 
3 29 17 23 -5 -8 -4 -8 
-3 -14 14 19 6 3 -2 4 
15 -7 7 39 8 -2 2 10 
-5 -8 13 -53 -1 2 6 21 
-3 -9 -55 -12 -2 -5 -1 12 
-17 -21 -10 -25 -6 -4 -16 -47 
37 3 -7 -13 -5 -5 -1 15 
-34 -17 -7 9 0 -2 1 -34 
11 4 15 -1 0 0 -12 -16 
-9 -3 -2 -5 5 5 13 39 
8 -11 -20 -2 1 -6 -12 9 
7 -1 7 4 -6 1 10 9 
12 -1 7 2 -5 -3 2 -1 
0 -1 -13 9 -1 -2 -19 -23 
-12 -5 12 -17 -6 -6 -6 -6 
-16 -15 -25 0 -2 1 -7 -33 
0 10 10 14 4 -1 25 36 
8 -11 -15 -16 -3 -1 -4 18 
-16 3 30 17 0 1 -2 -14 
8 -15 -15 -47 -6 -3 0 19 
-6 -5 -15 16 -4 -3 -6 -25 
-4 7 8 11 5 0 4 5 
15 26 13 12 1 -1 5 23 
-10 -10 2 13 -1 1 -10 -27 
7 23 4 -13 3 3 -2 -3 
-21 -18 9 -8 -4 -2 -6 -11 
-29 -28 -38 -4 -7 -5 -1 -1 
27 13 16 11 2 1 7 37 
-23 -19 -41 -21 -6 -4 -10 -55 
11 2 6 7 -3 -5 -2 7 
-11 -12 4 -2 3 4 3 -10 
10 4 -19 -7 -5 -2 -6 12 
-1 9 8 -1 -2 -1 -3 23 
-3 22 21 26 7 3 2 -10 
8 -8 -17 -12 -4 -2 7 12 
-2 -14 10 -15 -4 -3 -2 -7 
0 2 6 20 1 1 0 30 
9 6 6 -5 -1 -2 3 7 
7 -1 5 8 2 -2 -15 -48 
-19 -1 -31 -13 -2 -1 3 -19 
-3 4 -3 -8 -1 -1 2 8 
1 -11 -10 -3 0 1 -1 -18 
8 -8 16 -9 -4 -6 -8 -3 
-3 -7 -14 9 0 -1 -4 -3 
-14 0 25 10 2 -1 3 -7 
40 -1 -8 -3 4 2 1 19 
-5 5 22 -5 1 3 21 83 
-11 7 -10 13 -2 -3 6 -103 
-29 -24 9 1 -7 -8 -12 -4 
-4 -2 -14 -3 -1 -3 -6 12 
15 5 -4 -8 1 1 -5 -5 
7 -12 25 7 2 1 2 40 
8 1 5 8 -1 1 7 -19 
-10 -15 -18 0 -2 -2 -3 3 
-19 -7 -16 -35 -12 -5 -16 -19 
1 -8 -4 11 -2 -2 2 16 
6 3 3 11 3 1 -2 -10 
-11 -13 -18 -9 0 -1 -1 11 
-1 3 24 5 0 -1 -7 -45 
0 18 -4 10 0 3 2 17 
1 -1 -1 -5 -1 -2 -1 11 
11 2 -1 -7 -4 -3 -3 24 
-33 -8 -11 -3 -4 2 0 -48 
9 -2 -8 -8 0 -5 -17 -16 
-5 0 5 11 -3 -4 -4 -10 
-37 -9 -8 -17 -7 -1 3 1 
19 -8 -14 7 2 0 -10 18 
0 11 34 22 0 1 9 27 
6 -5 -55 -41 4 3 -10 -8 
-12 7 30 1 -2 -5 -3 -34 
23 9 -31 -11 -4 -1 11 17 
-7 0 21 30 4 -3 -8 -9 
3 -9 -22 -19 -7 -3 9 7 
1 -6 -5 6 0 0 -7 -5 
1 12 14 9 3 1 2 17 
-5 0 2 -3 0 -1 7 15 
-4 -3 14 14 8 4 -1 -14 
9 -6 4 -14 -8 -5 0 14 
4 5 10 10 -2 1 1 18 
-42 -23 -5 -7 -5 -6 0 -31 
-3 -20 -17 -9 -3 1 -6 -20 
3 9 0 -9 -2 -5 -8 -22 
-1 -11 7 1 2 -3 -15 11 
29 24 -16 -1 2 3 8 17 
-12 -3 16 2 -4 -3 12 4 
1 -1 1 3 -2 -1 -7 -16 
-4 -7 -9 -16 -4 -5 0 -1 
5 0 -23 -10 -3 -5 -14 11 
8 -2 -12 2 -4 -1 8 32 
3 9 3 -4 3 0 -36 -46 
-29 15 3 15 2 2 39 -22 
1 -33 -5 -14 -4 1 -6 8 
9 17 10 19 2 -1 -4 18 
-12 -16 -32 -32 -8 0 2 -19 
2 5 9 3 0 -2 -6 1 
-10 3 3 7 -2 0 3 -3 
-2 1 2 4 0 -3 -5 -16 
-6 1 0 11 2 2 10 24 
-12 -11 -2 -6 -1 0 -5 -23 
16 1 -13 -17 -6 -2 4 33 
-1 2 29 1 -6 -10 -20 -34 
0 -3 -15 7 2 1 30 36 
-6 5 -2 -6 -5 -4 -10 -3 
5 -1 -3 8 4 3 -2 -15 
-9 -2 -17 -3 -2 1 1 15 
6 5 71 1 1 2 -3 2 
18 -7 -23 -1 -5 -1 8 43 
-14 -10 -9 0 2 -3 -16 -26 
-10 3 2 -8 -5 -5 -9 -38 
10 -27 -18 6 -2 -2 2 18 
-1 9 26 8 4 4 2 -10 
27 1 -22 -9 -1 1 0 60 
-35 -22 8 -12 -4 0 -13 -77 
15 6 -10 8 -5 -7 15 23 
-3 -5 -2 -16 -5 -5 -11 -14 
-4 0 1 7 1 -3 -1 -1 
-7 5 -3 -9 2 5 9 21 
26 19 -7 -1 -1 1 4 18 
-39 -26 -23 -12 -2 -4 -18 -30 
9 13 15 7 -11 -3 0 -7 
12 11 11 1 0 -2 3 27 
-6 -5 1 -2 1 0 -8 -21 
8 -2 -6 8 2 0 -2 6 
-3 2 -1 3 4 2 3 -1 
25 -9 39 0 -1 3 -11 -8 
-37 -24 -66 -2 -7 -10 -2 -25 
14 22 -13 -17 -5 -1 -2 21 
5 7 16 4 -1 -3 0 -16 
9 11 0 -1 0 -2 8 19 
3 15 31 16 5 6 0 8 
-8 -25 -2 9 2 1 -15 -18 
5 6 -12 -13 -1 0 14 16 
3 7 13 12 -1 0 18 31 
-8 4 13 -1 -1 -7 -23 -36 
-15 -3 -8 3 1 -2 -5 25 
17 31 12 -5 -1 -2 0 -18 
-29 -23 -19 -7 -1 -1 -2 4 
14 -12 -9 -4 1 7 13 27 
7 2 12 10 0 -1 -1 -22 
-33 -15 -12 -16 -3 -3 -4 -24 
5 -10 -24 -7 -9 -10 -19 -1 
-22 12 23 1 2 1 0 5 
38 4 1 3 1 2 3 24 
-17 -6 -5 5 5 3 15 38 
-18 1 15 10 -1 0 -16 -84 
11 -11 -23 -14 -7 -4 6 17 
-9 3 10 -14 -6 -5 2 -2 
12 -1 4 -2 -1 -4 -8 -4 
4 -4 10 3 4 4 6 15 
-2 2 -12 4 3 1 -12 4 
-19 -14 -22 -1 -3 3 7 -19 
9 7 16 -4 -4 -4 -9 -4 
-14 -17 -26 -6 -6 -7 -1 20 
-12 -4 19 0 0 -1 2 -26 
-6 6 -24 -4 -3 -1 1 -14 
17 9 24 13 6 1 -13 31 
7 4 7 -2 2 0 -1 -8 
-30 -6 -14 -4 -2 -3 -4 -49 
8 21 37 7 3 3 5 4 
-2 -20 -29 2 -6 -4 -9 -20 
11 21 3 -11 -2 -3 9 22 
12 -1 3 -3 -1 0 0 20 
-9 -11 -10 -4 -1 -1 0 -6 
3 10 6 7 2 2 2 -16 
18 3 -9 14 2 2 13 29 
-25 -15 -31 -43 -8 -4 -14 -12 
-6 2 8 7 -1 -4 -7 4 
-17 -18 -24 -21 -5 -2 2 -19 
1 17 33 18 4 1 -6 -39 
14 2 27 7 -2 -2 -5 46 
8 -5 -16 -1 -1 -2 1 -56 
7 2 -8 -9 -8 -8 -24 29 
0 8 38 1 4 8 30 -3 
2 -14 -31 -3 -3 -3 2 11 
12 4 2 -7 -1 -2 -8 2 
-9 4 -8 10 1 1 0 -12 
6 -3 -16 -8 -4 -4 -8 8 
7 9 12 9 3 6 22 12 
-19 -16 1 3 1 -4 -19 -20 
2 3 12 13 5 3 7 -10 
28 0 -38 -11 -2 -3 12 34 
-51 -20 -1 3 -2 -2 -16 2 
-5 -4 8 2 -2 -3 3 -23 
-20 1 13 -2 0 2 1 -19 
5 5 7 5 2 1 -27 6 
41 -3 -10 8 -2 -5 18 29 
7 -5 23 -2 -2 -1 16 48 
-6 12 -18 -9 -4 -8 -9 -53 
-25 -25 -20 -19 -6 -6 -9 -6 
-2 2 -4 -15 -4 -1 -3 -17 
-7 5 -4 5 3 5 1 16 
-9 -2 -8 7 0 0 13 6 
-4 21 34 2 -1 -3 -9 -3 
3 -1 -5 8 -1 1 0 -18 
15 12 19 4 2 -1 -9 8 
8 11 12 6 0 2 -1 33 
0 -6 -47 -8 -4 -2 -2 -34 
0 -22 7 -3 -3 -1 -2 0 
-38 -13 -14 -9 -6 -6 -8 -30 
23 10 10 -2 2 2 10 41 
-10 -14 5 3 -3 -5 -10 -26 
9 4 15 7 3 6 11 5 
26 11 -22 -1 -2 -2 -8 8 
-5 -8 20 -6 -1 2 -14 -20 
-37 -22 -23 -3 -7 -10 20 19 
10 0 1 -1 -1 -5 -14 2 
0 9 -4 -5 -1 1 8 -13 
-17 -4 16 2 3 3 0 -10 
6 -10 22 -4 1 1 -15 13 
15 11 2 4 6 4 6 3 
-17 0 -2 6 -2 3 12 36 
-33 -31 -24 -26 -9 -8 0 -28 
27 -3 -20 -5 -4 -2 -15 -20 
3 14 37 11 6 4 1 20 
-2 -16 -26 -7 0 -2 -1 -48 
2 3 23 6 -2 -4 4 13 
-7 -25 -34 4 -2 -1 -5 7 
8 -15 -26 -30 -10 -5 7 9 
-1 9 11 10 -2 -6 -3 9 
0 26 5 4 0 1 9 -17 
-15 6 -8 2 1 -2 -9 -15 
17 10 34 5 0 -1 -6 -7 
0 -9 -5 -17 -2 -2 -14 24 
5 8 -5 4 -2 -1 29 9 
16 13 13 6 2 3 -4 29 
-37 -8 -44 -5 -2 -5 -2 -60 
-23 14 18 -2 -5 -4 -12 -14 
22 -11 -12 -12 -2 -3 -11 7 
-5 -6 -22 -20 -5 3 13 7 
13 11 24 26 7 1 -11 22 
6 -11 -29 -2 -2 0 10 -21 
-22 -12 6 -5 -2 -4 -2 9 
-2 15 25 24 -1 -4 -11 -1 
1 -11 -7 -47 -10 -7 -17 -7 
19 20 18 9 2 2 8 17 
-6 -9 -44 -21 -3 1 -4 -17 
18 13 39 35 9 5 15 74 
-42 -2 18 -1 -4 -1 -7 -79 
6 -14 -12 -4 -4 -6 -7 2 
-9 -2 -12 0 -2 -3 -1 -4 
11 21 17 4 2 2 -4 -1 
3 -9 -54 -15 -7 -3 11 19 
-5 -12 5 -13 -5 -5 -4 -12 
4 10 -3 2 2 -1 -6 24 
-28 -13 -10 -12 1 -1 -6 -57 
11 12 14 24 5 1 -6 6 
8 11 3 0 1 6 9 40 
-8 -8 -11 5 -1 0 -10 -30 
-2 -30 -25 -21 -6 -5 -1 -3 
8 8 24 -2 -1 1 6 16 
8 -6 -16 0 -1 -1 -7 15 
-22 5 14 16 3 -1 -13 -50 
3 -1 13 14 2 5 14 4 
24 12 27 -17 -4 -6 -2 14 
-11 -28 -46 -3 -2 0 0 -4 
24 -6 -23 -13 -5 -2 -4 25 
-23 -10 -1 -6 -3 -1 8 -10 
0 9 -15 12 0 1 0 2 
12 16 41 8 5 1 -6 11 
12 9 30 12 11 13 28 24 
-16 -34 -49 -12 -11 -15 -10 -26 
-11 -10 -15 -5 -3 -2 -6 -9 
-1 2 -10 -3 -3 -4 -4 -7 
21 5 5 4 -1 -1 -2 8 
-5 12 18 -6 3 1 -3 9 
-3 -14 -18 5 3 2 10 2 
-4 25 30 1 -4 -3 -10 3 
37 7 15 8 3 0 -7 4 
-11 -6 -10 -19 -9 -5 13 32 
-14 -1 -17 -11 -5 -1 -12 -17 
3 1 6 7 2 2 16 16 
-1 2 6 7 -1 -2 -7 -10 
-9 4 10 -1 1 2 -2 7 
11 -3 -1 6 3 2 8 17 
-10 -20 -19 -4 -2 -2 -5 -42 
-5 -14 -8 -10 -9 -11 -31 -28 
-4 -5 3 -4 -2 -3 8 -16 
-12 -1 6 0 0 1 3 20 
-7 -13 -44 4 1 0 -8 3 
-20 3 -13 -2 -1 2 34 13 
26 -12 -21 -10 -6 -7 -30 -39 
-16 -1 18 20 5 2 -4 -32 
15 -10 -4 -21 -3 -3 2 12 
-21 -5 -2 3 1 -1 -1 8 
16 23 8 6 6 3 6 17 
4 -8 7 5 3 3 4 10 
-13 -29 -15 -24 -5 -2 -6 -42 
-12 5 14 6 -7 -7 -9 2 
5 -13 -24 -9 -2 0 4 8 
-6 -8 20 3 -4 -8 -10 -39 
-5 1 -15 2 4 5 15 18 
6 6 -9 -6 -3 -5 -16 13 
-3 17 11 5 1 0 -2 -13 
0 13 0 1 0 0 11 19 
31 13 23 29 -1 -7 -15 36 
9 -6 -16 -57 -9 0 19 -39 
-33 -12 -7 15 -5 -7 -21 -24 
0 2 4 1 0 -2 -2 2 
-7 2 21 8 1 4 4 11 
8 5 18 21 4 4 1 6 
12 -17 -14 -12 1 1 2 9 
9 -1 7 -3 -4 -4 -13 10 
-7 8 18 3 -1 -3 -6 -23 
0 -1 -19 3 -1 1 14 40 
-10 3 -13 -24 -6 -4 2 -18 
-7 -15 -22 2 -4 -4 -11 -27 
-12 17 27 -9 -4 -3 -2 -33 
-6 -8 -30 -2 0 1 3 12 
33 29 27 11 4 2 -2 68 
10 23 4 4 5 8 1 -33 
1 -1 -3 -10 -3 -9 -4 -6 
-55 -18 -10 0 -2 -2 -12 -28 
-3 -37 -3 6 -5 -4 10 8 
-3 1 -5 -12 -1 0 -16 10 
4 1 -8 -15 -5 0 22 4 
4 -7 0 2 -3 -2 13 5 
9 -7 3 -2 1 -5 -15 4 
-16 -7 -9 0 -1 2 10 -9 
-7 -5 5 3 -2 -5 -10 8 
11 0 29 19 7 -1 -14 -25 
1 8 -10 -11 1 4 4 -6 
-1 -13 19 0 -4 -6 4 25 
-20 -1 -11 -2 -4 0 3 -21 
22 3 -2 -5 -2 -1 -4 13 
-14 9 23 14 3 -3 -15 15 
8 -9 -15 -19 -8 -3 10 -13 
-18 13 -4 7 3 4 3 5 
-7 -11 -21 -7 -4 -2 -22 -11 
25 -28 -3 3 -3 -1 14 9 
0 4 -5 1 -2 -1 -4 9 
-21 -21 -5 0 -4 -3 8 -12 
-8 2 -1 -13 -4 -1 6 10 
-18 -2 -11 2 -2 -3 -6 -21 
15 11 16 5 2 4 11 16 
20 5 -2 11 2 -3 -10 14 
-19 -28 -8 -3 -4 -6 -4 10 
-13 -14 -5 -12 -3 -1 0 -42 
3 2 -23 -2 0 -4 -11 -14 
-5 -8 7 1 -1 3 0 3 
12 20 23 16 4 3 10 16 
-18 2 -8 -7 -3 -5 -15 -10 
9 4 -21 -7 -3 -3 2 17 
9 -5 -10 0 2 3 6 16 
18 -8 -13 -12 -7 -3 -3 -23 
-4 11 25 23 6 3 -16 -3 
