#EMG
#9
#ID:9-47
15 6 -1 5 0 -1 -7 8 
-2 -4 13 -3 -5 -2 -3 -49 
-7 -7 -9 -9 -2 -1 2 -5 
-6 16 9 16 8 1 -6 -13 
-7 -14 -13 -16 -12 -1 3 1 
21 12 15 14 2 0 1 56 
-2 0 9 11 1 -1 -7 -24 
-19 -5 -16 -25 -5 -3 -7 -36 
-8 -2 5 11 4 0 0 6 
-13 -7 10 -7 -3 -3 7 -19 
17 18 -7 2 3 1 -2 17 
21 -5 -2 3 -4 -1 2 21 
-4 -7 -26 -8 0 0 -9 -22 
-2 12 21 8 0 2 9 1 
10 -11 -17 -3 -1 -5 0 18 
-16 -20 2 5 4 2 -15 -15 
-16 3 -50 -22 -4 -2 20 -9 
19 -26 -1 0 0 -5 -7 12 
-12 14 5 -5 -4 0 3 -13 
7 11 -8 1 -2 -3 -3 18 
2 -8 15 11 0 -3 -11 -17 
-22 0 -5 5 2 2 7 20 
-44 -2 -25 -16 -9 -3 -6 -26 
-8 13 24 -6 -3 -1 19 21 
12 -2 -17 -8 -4 0 -3 5 
4 9 33 17 3 -2 2 -23 
16 -2 -2 -13 7 4 -2 8 
-11 -5 0 5 -4 -2 -8 -8 
1 8 3 -2 -4 -4 2 30 
-6 -6 15 3 1 1 -2 -21 
10 -10 -24 -12 0 1 -3 8 
8 1 22 -2 3 5 8 2 
1 15 5 7 -3 -3 -1 37 
-12 -9 9 1 -2 0 1 -65 
12 7 1 4 -4 -5 -16 22 
39 -9 -13 -7 -7 -2 16 28 
-17 -2 -1 5 2 1 -11 -16 
-36 11 -21 -16 -4 -8 -16 -53 
3 -1 5 7 -3 1 13 9 
-8 -12 -16 0 -3 -4 -3 -11 
16 -18 19 2 0 0 0 10 
3 2 -22 2 8 0 4 8 
10 21 34 10 -2 8 10 45 
5 13 -15 1 -4 -6 -15 -52 
-21 -45 -2 -15 -4 -6 5 -17 
-2 -17 -16 -1 -5 -4 -2 11 
-4 -1 -3 -5 3 -2 -9 -13 
6 19 24 9 2 3 6 7 
2 12 3 6 -2 -2 -10 36 
-2 -29 -47 -12 3 4 12 -15 
6 -12 59 11 -2 -5 -4 -19 
-3 6 -12 -3 -1 -3 -2 -5 
-4 11 -3 3 3 1 -2 -17 
-10 -8 -4 -7 -4 -2 -2 33 
-12 5 -12 -1 0 1 -2 -34 
0 -11 -7 -5 -3 1 -12 15 
6 0 -1 -3 1 2 -6 -33 
7 12 -2 -3 -3 3 27 24 
-9 -5 28 5 3 -1 -10 -28 
6 14 -2 -1 -6 -4 -1 34 
8 -11 -24 -3 -4 -2 3 27 
-1 5 13 -6 -5 -3 -19 -35 
1 8 -13 -10 -11 1 8 -11 
-32 -25 15 -5 -4 -3 2 -29 
16 10 2 3 0 1 -1 32 
10 -2 4 6 4 2 -7 -10 
-23 0 20 -6 3 -4 -3 26 
-12 5 -23 6 2 3 15 1 
-10 -14 -23 -4 0 -3 -11 -1 
4 -16 19 0 -3 0 5 -6 
8 20 -5 11 6 2 -6 1 
16 2 -5 -5 -3 -5 -13 30 
-18 18 -8 -3 1 -2 -10 -54 
15 11 30 7 1 3 42 53 
-7 -14 -57 -9 -8 -6 -16 -34 
6 -3 -7 1 5 0 19 -13 
-11 1 17 -16 -7 -4 -1 16 
18 -2 -17 -5 -1 -2 -10 -1 
13 -8 -4 -5 -9 -3 1 28 
-30 -9 -8 4 5 4 -9 -50 
43 12 12 -1 -2 -3 -7 28 
-31 1 -13 -5 -7 -7 -5 14 
-37 -14 -13 0 3 -2 -12 -12 
4 -4 18 5 1 -4 4 -8 
4 9 31 -12 -2 3 -4 -6 
19 25 8 3 -4 -3 -9 -21 
23 -9 -13 8 7 0 6 42 
-12 -10 -14 -10 -7 -2 -14 -31 
-28 7 -24 4 8 3 20 -11 
7 -9 36 5 -5 -1 2 13 
13 10 -16 -16 -2 -3 -16 9 
4 3 -13 -6 -1 0 -8 10 
-26 -19 13 2 0 3 26 -47 
7 -7 -19 -4 2 -3 -25 1 
-3 -10 16 -3 -3 0 26 11 
-2 19 9 5 -6 -8 -45 12 
37 -4 5 7 2 -1 29 10 
-20 2 -12 -1 -2 0 -4 -26 
10 -4 31 0 0 -3 -28 -14 
6 5 -47 10 0 2 1 40 
-8 -9 -2 -21 -11 -5 7 40 
16 2 -1 1 5 3 0 -58 
1 -15 12 5 2 0 -16 -16 
1 10 18 3 1 3 18 12 
-3 -1 -5 0 -2 -3 -13 11 
-14 -8 -4 -7 -2 -2 -22 -9 
-3 20 -5 0 -1 3 29 1 
-2 -24 13 0 0 -3 22 4 
1 -3 -9 6 0 -3 -21 -9 
1 -9 -6 -6 2 5 20 13 
-6 9 0 -3 -7 -3 -5 -19 
0 -18 -1 0 -3 -3 -1 0 
-6 0 0 -14 -6 -1 0 -19 
-5 8 5 1 1 -1 -10 8 
16 -4 -40 -1 -3 -4 -5 12 
-6 -10 22 -5 6 0 5 10 
-20 13 2 16 0 -3 -22 -60 
-6 -19 -32 -16 -15 -10 -5 19 
-21 9 55 1 -2 -4 -25 -18 
-4 -9 9 -23 -8 -2 37 6 
3 14 -24 22 6 1 -8 6 
7 -8 21 7 3 1 14 16 
5 -10 0 0 -9 0 10 4 
4 -19 -56 -13 1 -7 -23 -10 
-2 13 5 -9 -5 3 -3 53 
-8 -5 -54 -9 -10 -9 -2 -46 
0 0 4 -8 0 1 10 17 
1 7 14 5 -1 4 -1 18 
-1 -10 17 -6 1 -10 -17 -78 
4 28 -3 3 3 6 21 44 
-10 20 27 7 1 -1 -1 -16 
-11 -8 -32 -9 -1 -2 -23 -34 
-5 -31 -2 26 2 -2 30 48 
27 15 25 -23 -13 2 2 36 
12 -5 -19 3 2 -1 -6 -20 
-25 -4 -12 -5 2 -2 1 -25 
-8 -12 -17 -3 -6 -4 -17 -37 
-30 12 24 4 5 3 -1 -12 
4 -7 -14 -2 3 -3 7 8 
12 4 -5 0 -8 0 -5 19 
14 -2 43 -11 -4 -3 3 25 
-4 6 21 15 6 -3 -2 1 
-20 -11 -62 -25 -3 -2 -16 -85 
7 -8 3 12 2 -2 -4 6 
-3 13 -10 -9 -6 -1 27 10 
-3 17 -1 8 3 3 2 4 
-15 -31 10 -29 -1 -1 9 45 
-16 2 3 11 0 -3 -14 -76 
-6 -35 -29 -45 -13 0 -3 21 
13 4 17 9 -3 -7 -14 -6 
3 14 3 21 13 8 20 24 
13 30 70 -3 -13 4 2 6 
22 7 -4 -16 10 4 -12 6 
-40 -78 -42 10 -13 -14 -24 -30 
8 7 19 -45 0 0 -2 -10 
9 13 -1 33 -5 -6 16 10 
3 5 -9 30 0 1 -18 7 
-6 -3 13 -37 -3 0 33 -14 
-15 -19 -35 18 -2 -1 -2 28 
27 5 -13 -42 -4 -8 -40 -37 
-16 -36 2 25 -1 2 31 15 
-2 38 45 1 9 2 -19 26 
37 -32 -23 -30 -11 -4 -36 -16 
-32 14 -65 -5 -1 -2 45 -29 
34 -12 -22 -2 -9 -7 31 2 
46 8 2 12 5 1 -51 62 
-12 -9 11 15 0 1 14 -32 
25 0 21 39 7 6 29 -15 
-13 -7 -5 -49 -2 -2 44 59 
-26 18 -22 11 7 4 -18 -51 
45 16 48 6 -6 -7 -4 95 
28 -13 -41 -27 -1 -10 -72 1 
24 0 15 14 -9 -2 56 -29 
-24 11 6 12 11 14 -33 -30 
-11 -29 -20 25 0 -16 -75 -5 
-30 13 19 -5 3 11 104 29 
15 10 -5 -6 -3 -4 -55 33 
-54 -34 -14 -13 0 -3 -57 -50 
59 35 32 49 -3 7 117 45 
-10 -10 -28 -40 -5 -1 -73 -37 
25 27 18 29 3 4 23 43 
-16 -23 -35 -36 -8 -2 14 -19 
-22 37 5 18 1 -5 -105 -60 
11 -58 34 -6 0 4 92 72 
-51 9 -20 26 4 -3 -66 -89 
66 4 -7 -4 4 -2 19 62 
-26 5 -28 -6 -8 10 29 -18 
-4 -22 4 8 -1 -5 -54 0 
-18 25 56 -2 7 -1 -51 -25 
2 -8 0 27 2 3 107 61 
-4 19 -31 -38 -23 -15 -20 -39 
-20 -15 33 23 10 -1 -28 -28 
-2 12 28 -9 -10 -4 -10 -5 
0 -62 -51 -15 -6 -5 2 -9 
-17 2 21 20 20 3 19 16 
-10 -16 -63 4 -3 -1 -13 40 
-4 -18 53 8 -8 1 -22 -54 
-9 8 23 -24 -10 -22 -18 -32 
-2 -43 -15 0 -18 3 -1 11 
13 55 32 22 26 12 0 6 
-33 -50 -83 -42 -13 -4 -6 4 
39 39 30 -1 -1 -2 1 5 
-32 -9 -86 -8 0 2 21 -6 
-6 -3 68 -6 -8 -10 -15 24 
-21 3 7 1 5 8 20 -17 
43 8 -29 67 -4 -7 -17 -3 
-46 -15 9 -65 -8 -4 18 -43 
6 -7 -3 11 9 4 18 36 
-25 9 -29 -1 3 0 -14 -15 
5 -1 13 -28 2 7 4 16 
2 -13 -10 28 -4 -7 -5 26 
3 -15 -28 0 -12 -7 14 -29 
10 0 32 -14 5 -4 -7 20 
0 -3 -26 -6 1 6 2 2 
29 10 12 10 7 3 78 3 
-27 28 -10 -29 -8 -2 -24 -16 
70 -4 4 47 5 -1 -15 30 
-56 -29 13 13 -6 1 31 -44 
73 17 13 5 9 -6 -114 57 
-24 -16 -51 -10 -4 2 53 -19 
2 43 31 -28 5 3 -9 -5 
-17 9 29 6 1 7 2 1 
6 -10 8 -2 -10 -16 -29 15 
27 -9 2 15 3 -1 -47 2 
-39 23 -1 -7 -2 -6 34 -14 
49 60 -5 -11 4 2 -46 10 
-41 -28 4 11 3 3 33 -42 
13 -30 5 -15 -14 -1 37 32 
-13 1 -15 -3 5 0 -18 -30 
-19 -17 -3 4 -1 -3 -4 -11 
13 13 -9 -34 -11 -2 -8 -4 
-10 61 29 23 3 -4 -23 -20 
-13 -66 -15 -11 -14 -12 -20 -37 
21 22 -38 -1 7 5 40 37 
-8 5 73 1 3 1 0 5 
0 31 -7 -19 -5 1 0 21 
2 -11 16 6 5 -5 -24 -33 
-10 22 1 -6 -2 -4 -2 10 
-20 -34 24 32 1 6 10 -9 
11 40 -4 -4 5 0 0 6 
-6 0 -21 -6 -7 -7 1 4 
30 -16 -33 -31 -2 1 -18 -25 
-14 20 -36 -20 -6 -6 22 -11 
4 -62 -12 9 7 6 3 52 
11 4 2 40 21 2 -6 -7 
-48 -49 -48 -33 -47 -10 8 13 
32 -10 -25 -4 9 0 9 58 
-16 3 5 -27 -10 0 -24 -74 
0 -4 -14 8 9 3 0 -35 
2 21 27 26 14 -1 -55 -7 
12 45 6 12 3 10 69 37 
21 -3 -18 -14 -1 -7 5 35 
-36 3 -3 14 -9 -7 -8 -61 
0 -13 45 -6 4 5 -8 19 
6 -8 -17 6 10 0 -25 -23 
-6 4 4 12 2 7 3 -40 
15 12 -14 -9 -6 -2 14 105 
16 -3 2 -21 -4 -6 -2 -54 
-12 14 2 9 8 8 -15 40 
-6 3 31 6 12 3 10 -48 
-2 -36 -49 -4 17 1 -19 5 
-5 37 16 -6 -22 -11 16 21 
-19 17 21 10 8 12 7 -18 
4 -10 -30 -12 -14 -8 -28 27 
10 2 26 -3 4 5 34 -10 
-28 -14 27 19 33 -2 -7 -39 
-5 -34 -36 -19 -47 -12 -4 -6 
13 7 2 8 -5 -1 -12 67 
11 -9 -8 -12 -6 -1 6 -24 
-18 -21 -8 17 12 0 12 14 
-18 12 43 -5 -6 -4 -11 5 
-24 -3 -3 -2 -11 -7 -11 -65 
52 29 12 4 -6 6 11 45 
-1 -3 -25 -11 5 -1 10 6 
-15 -14 1 -12 5 -2 -22 -28 
-2 -24 12 -3 -12 -10 -3 -24 
-45 12 1 43 4 5 -5 -9 
3 2 27 -21 -13 1 21 56 
-3 -2 -43 -9 7 2 13 -33 
9 -19 -40 -48 -4 -5 -13 -9 
-6 6 3 20 -7 -6 1 2 
-5 -14 15 4 -10 -2 -7 -15 
1 13 12 -16 8 3 5 51 
8 10 7 20 0 1 8 -38 
6 -9 -3 4 0 0 -7 22 
-27 4 -17 1 -8 -6 1 12 
21 20 3 -8 2 -5 -12 -14 
5 13 1 6 2 0 -5 -64 
-25 -12 -14 -36 -9 -3 -1 46 
-10 -2 2 11 4 -1 28 -9 
-6 -12 -8 -2 -8 1 12 -35 
0 3 18 8 5 2 -6 38 
24 10 2 -12 -3 2 12 33 
-19 -11 4 3 -7 -5 -16 -36 
4 8 -20 12 5 -4 -12 6 
-6 1 28 17 7 3 12 6 
-2 -4 -21 -23 -8 -1 -5 -18 
14 11 21 -1 1 3 -1 7 
-19 -6 12 6 1 -3 -4 0 
9 9 26 -3 0 6 6 24 
13 -6 -14 -7 -1 -1 2 -5 
5 -15 -5 -1 -3 -2 -15 3 
-3 7 -4 -1 -5 0 18 6 
-21 -22 -23 -5 -5 -5 -2 -2 
-4 16 21 1 1 2 1 21 
2 10 -15 5 4 4 3 16 
-2 -33 -12 -15 -8 -10 -21 -41 
-1 0 15 1 1 -1 2 20 
7 -13 -40 -10 0 -1 -1 -22 
-1 3 23 -3 -2 2 2 5 
4 3 7 6 0 -3 -15 -4 
-3 -13 -16 -3 -3 -4 -2 3 
-7 21 9 2 -8 -3 1 -7 
7 -22 -17 -8 4 5 6 4 
9 1 -20 21 6 -1 4 40 
-4 4 59 -7 -13 -3 -11 -61 
-14 5 -1 -21 -3 -7 -9 -12 
-1 -9 -6 -2 -5 -2 -2 -34 
-4 1 7 8 2 3 1 -9 
-17 -13 -31 -3 2 1 4 46 
27 -11 4 -1 0 -3 0 12 
-10 6 -4 1 -1 -4 -2 -10 
2 2 3 -4 -2 1 -4 -13 
15 7 -6 4 2 0 6 35 
-34 -5 13 4 -3 2 -1 -29 
7 -5 -25 -13 -7 -4 -5 1 
3 3 17 3 2 1 1 21 
-25 -11 -12 -5 -1 -4 -13 -31 
9 -9 -18 3 3 4 -2 17 
11 1 30 -3 -1 -5 -6 1 
-12 0 -4 9 1 2 5 6 
3 16 -3 -10 -5 -5 -4 -8 
15 -14 2 3 -1 0 -2 8 
-34 1 -2 -1 -5 -2 -4 -40 
3 -3 -21 -7 3 0 -1 -17 
3 -15 -16 -9 -5 0 2 17 
-9 9 6 -7 -2 -7 -1 3 
11 -8 -24 3 -5 -2 0 16 
-7 0 13 -1 -1 -5 -8 -23 
-1 -26 1 10 5 4 4 -3 
7 15 10 -3 3 2 3 8 
11 -8 -25 -5 -4 -5 2 45 
4 2 -10 -9 -1 0 -4 -44 
3 3 -9 -1 -2 -2 -3 25 
1 -3 10 0 1 1 3 -19 
-12 8 2 8 5 3 2 9 
-4 -10 -10 1 1 -3 -10 -5 
12 14 37 -4 -2 -5 3 8 
8 -8 -24 -8 -4 -1 -3 -8 
-21 13 -5 -2 -2 2 6 -33 
20 -38 -3 -5 -4 -3 -4 28 
16 8 5 7 8 -1 1 17 
1 -4 -4 1 1 2 4 26 
1 -18 -3 -11 -9 -6 -40 -21 
-13 -3 -11 -13 -9 -3 32 -40 
2 2 -27 5 2 0 -1 11 
-14 4 23 -1 -1 -2 0 3 
2 -10 10 5 5 4 7 -1 
-9 7 4 -1 -1 1 -10 6 
4 -13 -19 1 -2 -2 -3 4 
-6 7 -9 -4 -4 3 5 9 
27 10 31 3 -3 -2 7 35 
-17 17 -38 -3 -3 -6 -19 -58 
9 -13 41 0 0 -2 2 -2 
-14 -2 -25 1 -2 1 -7 3 
15 0 -9 -1 1 4 9 18 
13 0 -4 -5 -3 -2 0 27 
-17 4 1 3 -2 1 -1 -12 
13 4 9 -1 0 -4 -5 -22 
-12 -14 -16 -4 1 -3 0 3 
-1 -13 -4 1 1 -1 -11 -2 
-7 -7 -9 2 -3 -4 -4 -9 
0 -12 9 0 -3 -2 -1 1 
4 12 9 4 1 2 4 -10 
1 -6 7 -5 2 0 -4 1 
-10 -5 -6 4 3 2 7 61 
-4 -8 -6 -8 -8 -6 -6 -49 
5 5 -22 -4 -4 -3 -5 -24 
-1 2 41 3 0 -3 -3 11 
9 -4 -10 -8 -6 -2 0 8 
-15 5 15 1 1 -1 0 -9 
-22 -8 -28 4 2 0 2 7 
6 15 48 2 1 3 7 16 
-20 -10 -47 -13 -10 -8 -4 -16 
10 -8 -2 -1 0 2 -7 -2 
7 -3 5 1 1 -4 2 -34 
-11 2 0 6 1 0 -4 -19 
11 5 10 2 3 -1 -1 17 
-6 17 3 0 1 1 -4 -31 
6 -3 3 0 -2 -3 1 28 
5 -3 -18 -3 2 2 4 7 
1 9 6 3 -3 1 1 11 
-10 -9 3 5 8 -1 -1 -8 
10 11 22 6 -11 -1 1 7 
0 -11 -29 -19 -4 -2 3 7 
-8 -1 -8 1 -1 -2 -2 -23 
-24 -3 1 -2 -6 -8 -3 10 
-12 -10 1 4 6 -1 -6 -18 
2 -1 -1 4 -6 -1 -3 15 
2 4 15 -2 -3 3 0 -12 
4 -10 -9 -3 -3 0 3 3 
9 5 14 4 6 4 3 38 
-1 2 -19 -5 -6 -2 1 2 
2 7 10 -1 2 3 -1 -27 
1 6 -3 -6 -4 -7 -16 -14 
-5 -6 -4 -4 0 0 -3 1 
8 -8 -29 0 0 -3 -1 1 
0 7 48 4 -1 -4 3 -2 
4 -7 -15 -1 -2 1 4 46 
-4 4 -15 -5 -3 -3 -3 -40 
-16 -20 -23 0 3 1 -6 -15 
-18 3 -7 2 -1 0 -2 -19 
31 4 -9 -15 -7 -5 1 22 
-31 -2 10 3 3 2 2 9 
-4 5 9 0 -6 -4 -5 -4 
2 -5 -8 1 3 0 -6 -25 
0 -8 4 2 2 1 1 17 
16 -7 -27 -10 -5 -3 -1 5 
-4 7 27 5 0 0 3 4 
1 1 -19 -5 -3 -2 -4 3 
-5 -3 20 7 4 2 1 -11 
2 -9 3 0 -3 -2 -6 3 
0 -4 13 1 0 2 4 4 
-3 5 -13 -15 -10 -5 -5 -14 
-2 -11 3 3 1 0 4 -2 
1 4 14 2 1 -2 -8 -34 
6 20 5 7 5 3 -1 12 
27 20 18 6 4 3 3 25 
-26 -16 -28 -11 -10 -4 -2 -36 
-11 8 -7 3 2 3 8 19 
-2 -2 9 -3 -4 -3 -8 -7 
-13 -24 -23 -9 -6 -6 -7 -8 
8 9 0 8 7 -2 -2 5 
9 -12 1 -12 -13 -3 1 -2 
-2 11 2 4 3 3 6 -2 
13 5 8 6 7 3 11 35 
-9 -11 -7 -5 -3 -1 -9 -4 
-4 2 3 2 -1 -3 0 -5 
32 8 5 1 -1 0 2 41 
-12 11 3 -4 -1 -1 -2 -52 
-6 -29 -10 1 -2 -2 -6 -10 
8 -2 -5 -3 2 -4 -3 4 
-15 -3 0 -5 -3 -3 -2 -3 
-4 1 -22 3 3 3 1 10 
15 18 16 4 -3 0 7 27 
-19 5 14 5 14 7 -2 -16 
-2 -19 -11 -11 -9 -4 2 -7 
-1 4 -5 -4 -3 -3 -5 1 
-2 -1 -4 -1 0 1 0 0 
6 27 7 5 2 -3 -2 13 
-16 -12 11 20 12 2 1 -16 
-1 1 16 -10 -10 0 0 -5 
15 -18 -1 -15 -4 -2 -2 -2 
8 -3 -8 -6 -8 0 1 40 
-1 1 -7 -1 -1 -3 -4 -39 
-7 11 -2 7 4 -2 1 -5 
-1 -6 8 1 -2 -6 -13 6 
7 -4 -8 -5 -2 -4 -1 -18 
-23 7 21 -5 -4 3 3 25 
0 -17 -24 2 1 -1 1 -5 
-13 4 -20 -5 -5 -4 2 -10 
18 -9 -7 -8 -5 -2 -8 -12 
2 4 1 0 -2 -4 -1 1 
-6 -4 7 1 1 0 -1 -4 
1 11 -1 4 3 1 0 2 
1 -4 -9 1 -2 -2 2 6 
-13 -9 -2 -3 -2 -8 -6 7 
7 -21 -45 -22 -11 -5 -9 4 
-21 10 -2 5 1 -2 -6 -45 
0 1 11 4 -4 -3 -2 1 
-5 16 -17 -1 3 -1 -2 -18 
9 -25 18 13 7 -1 4 41 
25 -6 -16 -17 -12 -1 0 9 
-15 -1 -9 -2 2 1 2 -1 
16 1 8 -1 -2 2 -5 -27 
-15 -14 0 1 -5 -4 -7 -5 
5 20 6 5 4 4 8 14 
3 0 12 5 0 -3 0 18 
-2 -27 -22 -14 -6 -5 -8 -12 
1 6 2 1 2 0 -4 -44 
-7 -6 15 2 -4 -2 -5 -5 
-3 -7 -16 -3 1 0 -3 -5 
2 13 19 5 2 1 3 16 
-8 -9 -5 -4 -3 -1 0 -5 
8 -2 -18 -3 3 1 5 57 
-14 -4 -17 -9 -5 -4 -3 -60 
5 -8 16 1 -4 -3 -3 -17 
4 7 23 0 -2 -3 2 14 
-7 -1 7 3 0 -1 -5 -14 
22 4 0 0 2 1 1 29 
-4 16 2 6 6 1 2 10 
-7 -15 -15 -15 -12 -1 -1 -9 
0 5 16 0 -2 -2 3 10 
-10 -9 -4 -2 -1 -1 -2 -16 
6 3 -7 -4 0 -2 -3 -4 
-2 27 30 16 5 4 -1 6 
-6 -30 -35 -14 -6 -4 -4 -6 
-5 -16 -11 -9 -2 1 4 0 
-8 -4 -3 0 0 -5 -4 12 
-6 4 -9 -3 2 0 -2 -2 
4 9 26 6 2 0 -5 -24 
-12 -14 -20 -3 -2 -2 -4 -3 
11 -11 -13 -5 -3 -1 4 2 
3 2 7 1 1 -4 0 31 
-19 8 6 0 5 2 3 -4 
0 -2 3 -4 -7 -2 -1 -42 
-4 -7 -13 1 -2 1 -7 -2 
22 2 4 -4 -5 -6 -6 24 
-5 -1 -2 3 1 2 5 -11 
13 9 9 -1 -1 -1 3 37 
-6 -1 -4 -1 3 -2 -7 -29 
9 9 13 12 5 4 5 6 
-5 -25 -41 -24 -14 -8 -6 -13 
0 28 15 -3 -3 1 3 5 
0 -21 -11 -6 -6 -3 0 -4 
-4 -1 -9 -1 1 -1 -2 1 
-4 16 26 14 11 4 4 11 
11 -2 -3 3 1 -5 -13 -30 
2 -20 12 -3 -3 1 1 22 
-4 -5 3 -2 -4 -1 -4 -30 
-4 2 -27 -1 0 1 1 -6 
-12 -7 2 2 -1 -3 3 12 
1 11 15 4 1 -2 -4 -2 
-21 -23 -26 -5 -1 -1 1 2 
6 -3 -6 6 5 7 4 5 
1 -2 -6 2 0 -4 -2 12 
6 8 13 -4 -9 -1 -2 -7 
-6 0 -4 -4 1 0 -1 -6 
14 9 9 2 0 -3 -2 0 
-16 -5 4 4 3 4 -1 -1 
-4 3 -25 5 1 3 12 69 
-16 -11 8 -22 -7 -1 -2 -46 
-14 -5 -1 -4 -6 -13 -20 -22 
23 4 10 -2 -2 -3 -2 -17 
8 15 -6 1 2 -1 -1 -13 
7 -3 -5 5 0 2 6 24 
0 5 10 1 1 1 2 6 
-10 4 11 6 2 2 0 -10 
4 -6 -23 -6 -5 -3 -1 21 
-6 10 -13 -11 -4 -3 -3 -2 
4 -12 -2 -3 -3 -3 -2 -3 
-4 13 -7 -4 -5 -5 -3 9 
-4 -3 11 7 4 1 -3 -23 
-5 0 -6 2 0 -1 -4 -6 
3 6 -1 7 0 -1 1 8 
5 -1 10 8 10 8 8 15 
7 -5 -2 -15 -18 -5 -3 -4 
-1 -7 -9 1 1 -3 -4 -18 
-13 5 5 -1 -2 -1 2 8 
15 -5 -11 -2 3 1 -1 4 
-12 1 2 -1 1 -3 -7 -34 
32 -1 1 4 1 -3 0 41 
-15 -4 4 -1 -2 2 4 -30 
-9 -4 3 1 0 -1 -2 1 
13 -5 -19 -7 -4 1 1 4 
-5 9 7 1 -2 -2 0 9 
7 -9 2 -2 1 1 0 14 
1 7 17 -2 -5 -4 -9 -21 
-13 -6 -4 -4 -3 -3 2 7 
-20 -6 -5 4 4 -2 -3 -37 
13 0 -2 -8 -6 1 0 19 
-1 2 5 3 0 -1 -4 -9 
-3 15 9 5 4 3 -1 -9 
-2 1 3 -2 -4 -3 -3 5 
3 5 7 10 7 -2 1 -6 
0 -13 -4 -6 -5 0 4 35 
-1 2 -17 -25 -8 -3 2 -28 
-7 -12 -16 1 -1 -1 -12 -7 
-1 19 1 -5 -6 -3 -4 -3 
6 0 11 5 2 -1 0 -6 
-4 -11 -15 4 3 1 2 50 
0 18 -1 -3 0 1 0 -28 
5 -22 -10 -1 -2 -3 0 -1 
2 0 4 -5 -7 -4 -7 -12 
-24 -13 -8 3 0 -4 -4 -1 
26 -1 -5 -3 -2 -1 1 8 
-17 21 11 7 3 0 3 -3 
-8 0 -7 -9 -4 -2 1 10 
2 -2 10 2 2 0 -4 3 
1 5 5 0 -3 -4 -3 -7 
-1 -11 -12 -1 2 -1 1 2 
6 -1 0 2 -1 1 6 54 
-7 -19 -11 -4 -4 2 -7 -61 
-14 4 30 7 1 3 1 -27 
13 3 -4 4 0 -2 0 16 
-5 7 -9 -7 -7 -6 -7 2 
-9 -3 3 4 2 -2 -1 11 
-2 -7 -8 1 0 3 9 15 
-1 -6 -3 -2 -1 -3 -8 -9 
-9 -6 -16 -3 0 -1 -1 -13 
6 5 5 3 3 2 4 33 
-5 0 -12 -7 -7 -5 -7 -52 
-2 -16 -3 -8 0 -3 -1 0 
-11 -5 -13 -4 -6 -2 -5 7 
8 11 9 -3 -1 -1 -3 -22 
-20 -8 -5 -1 2 1 0 13 
4 -7 1 -2 -4 0 -1 13 
-8 -5 4 2 -1 -3 -4 -39 
9 8 11 6 1 0 4 15 
2 -3 3 5 9 1 0 18 
