#EMG
#2
#ID:2-92
-11 -2 -2 16 1 0 -2 10 
-2 0 1 -4 -1 2 9 20 
-2 2 3 1 0 1 -8 14 
-13 6 11 9 0 -3 -38 -70 
-32 -9 -16 -13 -4 2 46 3 
24 -12 -10 -4 -6 -9 7 20 
-13 3 0 -7 -4 -3 -8 6 
-18 2 7 6 2 0 -5 7 
8 -5 -11 -4 3 2 -46 -39 
-6 4 8 9 -1 0 65 33 
12 -1 -21 -25 -9 -6 -13 7 
2 1 8 1 2 3 8 -5 
-24 -1 6 14 0 -1 0 4 
0 -4 -11 -6 2 1 0 0 
19 -2 -9 2 -2 -3 -30 17 
-32 -12 2 3 -2 -1 11 -49 
6 3 -10 -8 -2 -2 -5 -11 
4 -3 10 5 0 0 -6 4 
-13 3 0 6 0 4 41 -16 
25 5 2 -12 -6 0 -2 30 
-6 -2 6 14 3 1 -12 0 
-13 -2 5 4 -1 -1 -7 -10 
-2 3 11 5 4 0 -11 -6 
13 -4 -26 -8 -5 -3 -28 15 
-26 -5 -12 -11 -6 -6 41 -8 
-17 0 -8 -3 0 -1 -10 6 
51 9 10 2 2 -1 -16 15 
-10 -8 6 12 0 -3 -6 -10 
9 0 -5 -1 -2 -5 7 4 
-4 3 -6 -7 0 1 -1 -10 
4 8 21 1 -2 -6 -6 10 
-3 10 -1 -3 2 2 15 12 
27 -4 6 18 -1 0 -9 -18 
-27 5 3 -8 0 2 10 3 
6 -8 -6 -3 -2 -3 -16 -15 
-8 -4 -2 -15 2 2 -11 25 
-9 -6 11 2 -6 -6 6 6 
28 2 -7 4 -1 0 2 28 
-50 0 -2 9 4 -1 -36 -57 
27 0 -4 -2 -3 0 14 30 
0 -1 -7 -6 -1 -1 -13 -18 
-4 -3 8 0 -4 -3 -11 -13 
13 -3 -8 -12 -8 -1 19 10 
-16 0 0 0 5 3 8 -6 
18 11 24 -7 -2 2 2 3 
4 0 -5 3 0 -7 -20 1 
1 0 1 2 -1 3 6 39 
-4 -4 -6 0 -1 -1 14 -16 
-10 1 7 3 -2 -1 5 0 
7 -8 -6 3 1 0 -17 -3 
11 -1 4 -3 -3 -6 -64 -15 
-39 -5 -7 2 -6 -4 59 21 
22 -14 -28 -10 -2 1 -15 -9 
3 -3 3 2 0 -1 0 26 
-1 8 2 3 2 2 -7 -37 
-3 -3 3 -4 -2 0 -5 -13 
1 4 8 13 7 3 -12 1 
-6 -5 -20 -17 -8 -4 7 -7 
-1 6 6 -7 -4 -2 16 15 
7 -7 -10 -2 1 -3 -16 3 
-11 -4 5 -7 -2 -2 0 -16 
1 4 15 13 4 2 -17 -19 
3 -18 -34 -1 -4 -6 13 3 
-26 -5 -15 -15 -5 -1 49 9 
4 -5 -5 5 -2 -1 23 27 
18 0 17 -9 -1 -3 -28 -17 
-25 -12 -20 -3 -3 -1 14 -5 
2 -4 -14 6 0 -4 -18 0 
-8 1 24 10 0 -1 -5 -5 
-8 7 13 2 -2 0 3 -3 
-4 -4 3 -4 1 4 15 17 
5 -1 2 -1 -5 -4 -9 -22 
-3 5 -6 -3 1 4 4 14 
2 -11 -18 -1 -2 -5 -8 16 
-6 5 11 3 -1 -1 -22 -48 
-10 3 7 8 1 1 60 50 
19 -4 -22 -15 -5 -5 -21 -33 
-8 -7 -6 5 -3 0 22 12 
-10 -6 -7 -1 -2 -1 2 -10 
-2 1 16 2 -1 -3 -38 2 
18 11 22 8 7 2 6 1 
14 10 -26 -8 -2 0 13 37 
-38 -7 2 -2 2 0 -3 -31 
4 5 8 4 0 1 -24 -33 
-14 -6 -10 -11 -5 -4 6 11 
11 7 30 9 2 1 -23 -3 
19 8 8 5 0 -6 -27 8 
-2 1 1 -12 3 0 -1 -34 
-14 -16 -42 -21 -3 2 -18 -27 
2 -9 3 3 -2 -1 30 13 
13 0 1 -4 -3 -2 -22 23 
17 5 9 5 1 -3 -11 1 
-11 7 8 -8 -3 -6 7 6 
-6 1 2 2 -1 -2 -47 -37 
3 -11 -17 -10 -2 1 66 20 
-20 2 16 25 1 0 -19 8 
34 11 4 -26 -3 0 -7 32 
-27 -15 -15 8 -1 -1 -33 -49 
0 -9 -32 -9 -2 -1 31 2 
10 8 21 5 2 2 -36 -29 
-7 -8 -18 -5 -7 -7 11 48 
-16 -6 -11 -7 1 2 20 -11 
16 5 22 -1 0 -2 -31 8 
3 1 11 -2 1 1 -18 -4 
-13 -9 -19 -7 -5 -3 31 -16 
16 14 5 -3 1 -1 13 -1 
-6 -8 -4 7 -1 2 16 -1 
1 1 -3 -6 -1 -1 -4 0 
-21 -8 -27 -4 -1 -1 1 15 
-4 1 2 14 -2 -2 11 4 
1 5 12 -10 5 3 -28 -12 
12 0 11 0 -7 -1 47 9 
6 6 -2 9 3 1 -9 13 
-49 -12 -6 6 -1 -4 -9 -39 
-12 5 8 3 -2 4 41 24 
8 -1 -6 -5 1 -4 -19 1 
6 -20 -8 -9 -11 -9 -2 -2 
8 3 -5 -5 -1 2 25 7 
5 4 31 13 2 0 -4 8 
-17 -15 -36 -15 -7 -2 1 -22 
16 6 24 18 5 1 -14 14 
30 0 -13 -10 0 -1 -5 -23 
-49 -4 -22 -5 -1 -3 -6 -11 
10 -16 19 13 -1 -4 24 6 
-16 6 19 -21 1 4 -27 -23 
5 -21 -8 6 1 0 4 19 
2 22 0 2 -3 -3 3 -15 
2 0 -10 -5 -2 -1 -27 24 
12 22 12 16 4 3 -18 -5 
-7 -10 26 0 -4 -1 29 6 
20 -6 -22 -26 -8 -2 -9 -3 
0 0 -8 3 2 1 -23 11 
-13 4 0 8 -2 -3 50 -12 
1 11 28 -3 -2 -2 -41 -1 
2 -7 -23 10 -2 -1 -1 18 
39 -10 -26 -22 -10 -3 37 19 
-35 -9 -3 0 1 -1 -17 -35 
-5 -5 -14 1 1 -3 3 5 
-8 -9 31 10 2 0 8 -11 
-1 14 -30 -13 3 1 -12 18 
26 0 24 4 -3 -3 -31 -26 
-24 0 -23 -11 -6 -3 46 33 
10 8 17 2 1 -2 -25 -45 
3 8 3 6 0 2 18 30 
-6 7 3 10 0 -2 -21 -27 
-14 -11 1 -1 1 -1 6 32 
19 4 -24 -7 -7 0 14 11 
-40 3 -22 -23 -6 -3 -11 -29 
-36 -19 23 9 2 -3 -50 -14 
29 -1 8 8 -1 -1 7 11 
-18 -2 -9 -2 -1 -1 16 5 
0 -18 0 -1 -3 -2 -16 -4 
9 5 0 0 -3 -2 4 16 
2 3 -31 -12 0 -3 -2 -20 
-11 -24 -1 6 1 -3 -12 -25 
-20 -8 16 2 -4 -3 -14 0 
34 14 -12 6 2 -1 3 5 
-5 -1 20 -8 -5 -1 -9 0 
11 -4 -19 0 -6 -7 5 37 
5 0 7 17 4 3 0 -27 
-31 -9 -13 -10 -2 1 3 -28 
18 12 6 14 4 -2 -12 38 
-12 -9 17 -33 -5 0 18 -11 
-1 -1 -15 3 -3 -8 -32 -18 
-15 -8 -7 3 2 3 -1 9 
5 12 9 -6 -7 -6 -7 -22 
-32 -10 4 3 0 0 -6 8 
12 9 32 25 3 2 17 -29 
5 9 -11 -22 -4 -3 6 7 
0 -13 -17 -15 -1 -1 -26 -14 
7 5 -30 -14 -6 -4 -16 -5 
-5 -5 -6 6 1 0 19 10 
25 -3 0 -6 -2 2 15 27 
0 -5 6 1 3 5 -3 -5 
15 16 9 15 -1 -1 40 -7 
-13 -12 -23 -18 -4 -4 7 23 
-13 11 3 21 2 2 -17 3 
-2 -17 -9 -32 -10 -7 -7 -54 
11 10 -8 8 3 -3 -12 37 
-14 2 -27 -19 -4 6 33 17 
-2 -36 -21 -1 -6 -5 31 -16 
7 50 9 19 1 3 0 33 
-12 10 30 10 5 1 -14 -5 
19 16 10 4 0 -2 11 -16 
5 24 -15 -32 0 0 28 18 
11 -18 -15 -11 -5 6 64 12 
-16 -12 8 4 1 -6 -45 5 
6 20 9 -21 -1 1 -8 6 
-27 -78 -15 8 -10 -13 0 -10 
-15 7 39 7 2 -3 -37 1 
28 5 7 5 0 6 -9 7 
-17 11 11 6 3 3 36 -27 
22 7 -11 5 -2 -2 -19 9 
-32 -19 -3 -9 -4 1 -24 -16 
-5 -11 -73 -8 -6 -10 -20 -34 
1 17 8 9 2 -2 -62 -15 
6 -1 19 -5 2 8 46 52 
21 2 18 8 2 -5 -8 -30 
2 -45 8 -5 0 7 -12 -30 
-11 -4 -2 -5 0 0 18 9 
19 60 11 19 8 7 13 18 
-12 -22 5 -5 -2 -2 -14 -42 
-15 -21 -48 -15 -1 -2 15 20 
-4 -18 34 9 -6 -6 -25 2 
4 30 -7 -1 -3 -3 0 -16 
19 6 1 -6 -3 -3 0 6 
-25 22 11 -3 9 15 25 -11 
-20 -80 -7 32 -1 2 -12 1 
0 -3 -44 -4 -9 -8 -3 -11 
-5 3 22 6 -1 1 21 28 
14 68 17 12 -8 -10 -14 46 
7 5 -6 -45 1 2 -13 -65 
-18 10 -43 -5 -5 -5 19 13 
-1 40 16 13 8 -2 -38 -33 
56 -23 -4 -21 -9 -13 -55 18 
1 -9 19 7 -2 -3 25 -13 
-10 -40 -12 0 -2 -2 -19 -17 
-5 -17 -68 -21 -6 -2 24 18 
-1 10 54 4 1 4 -17 -18 
22 17 -33 11 -1 -6 -14 27 
-38 -19 64 -4 6 6 6 -31 
2 -24 -25 3 -5 -10 -10 -17 
-10 -33 -33 -6 -1 0 16 2 
-26 -55 -43 -19 -9 -8 -4 0 
37 8 49 12 1 2 13 70 
-11 -16 9 7 4 6 -34 -29 
11 42 8 8 0 -1 19 -12 
11 -28 -63 -26 -1 2 4 23 
-13 27 28 -1 -6 -8 -38 -35 
-9 -40 -36 -7 -6 -3 7 23 
-14 12 40 4 -1 1 14 -13 
41 29 18 14 8 11 11 29 
-27 -13 -19 -10 -6 -9 -14 -104 
17 27 5 9 5 9 58 57 
-10 -10 3 -3 -11 -11 7 -24 
-14 16 12 5 0 -3 2 12 
9 -1 3 -6 5 4 -7 -6 
-9 4 2 -1 -3 -1 -54 28 
-15 -32 -19 3 -2 6 65 -6 
3 40 23 6 1 -1 10 24 
19 -17 15 16 -3 -10 12 -14 
-3 -18 -30 -13 -2 -7 -35 -52 
-1 -11 1 -13 -1 2 17 48 
0 13 18 9 -1 -3 6 17 
-14 1 -9 14 7 11 -8 -16 
-1 30 10 10 3 -2 -23 38 
13 6 -5 -10 5 1 -32 -76 
-8 -50 47 -2 -9 -12 0 19 
27 -14 -25 -20 0 -3 -9 -8 
16 -4 7 12 -1 2 19 43 
-16 4 26 15 6 4 2 -33 
-28 -23 -48 -24 -13 -15 -36 -37 
13 14 11 0 1 1 -62 -5 
-14 26 -28 -13 -6 5 86 15 
6 -17 9 14 2 2 -32 9 
-10 15 -9 -9 -5 -1 -11 13 
11 -3 22 17 0 -6 46 9 
-10 -10 4 -21 5 -2 -70 -82 
20 -3 7 0 -7 -1 90 104 
26 14 -40 -4 -2 -7 -19 21 
-49 -27 -50 -42 -7 0 -34 -6 
-15 -16 40 37 6 2 43 8 
5 22 -77 -29 -7 -11 -57 -15 
15 -5 37 24 3 1 6 -11 
-7 21 -19 -18 -1 6 46 -8 
-17 17 5 17 5 1 50 20 
-5 -35 -55 -39 -5 -8 -49 -18 
-7 13 41 -15 0 6 16 1 
12 -1 8 43 -1 -6 -90 -32 
19 13 28 7 0 2 42 4 
17 -26 -78 -2 -2 3 15 16 
-24 -6 -12 -8 6 8 13 -39 
21 12 73 0 1 1 15 -11 
-15 -26 -29 3 -5 -11 -72 -47 
-2 -29 69 1 -3 -4 58 71 
-3 -4 -66 8 4 6 9 -21 
-15 1 30 -19 -7 -3 -14 0 
4 -9 -43 -8 -12 -6 -13 11 
-2 24 14 19 13 2 -5 -13 
10 -7 45 -11 -3 0 -14 -14 
-27 -9 46 28 2 -3 15 24 
-2 -33 -20 -22 -11 -2 1 5 
-3 -29 -46 -16 -9 -2 -7 -15 
-25 14 9 -8 -6 -1 -13 -20 
40 0 -6 -8 -1 -5 9 64 
53 36 54 -15 13 9 15 9 
-61 -10 -13 35 -16 -10 -59 -96 
-16 -36 16 -4 0 -2 -8 3 
1 -7 -32 -13 0 5 87 89 
-4 -22 53 11 4 0 -2 -8 
7 10 -34 -31 -17 -10 -17 -9 
17 21 1 13 0 -2 -70 -1 
-11 -20 -22 0 13 9 21 0 
33 7 23 1 1 4 -6 -9 
-52 23 15 16 6 -1 33 19 
4 -39 21 -8 -10 -4 -1 10 
2 3 -42 5 -1 2 -15 -2 
12 47 5 -15 -7 1 1 17 
1 -25 29 6 1 -9 -34 -41 
4 18 -37 4 5 4 4 13 
31 5 4 -6 -2 -3 40 30 
-103 -54 -16 11 -2 -4 -35 -45 
50 34 -14 -6 -5 -1 12 40 
-1 -1 16 -18 -6 -8 13 -6 
5 -12 -29 1 -3 4 -29 17 
5 -7 6 8 7 5 -9 -44 
-8 7 24 4 -1 -5 36 36 
-2 36 20 2 7 3 -3 -39 
-21 -31 -40 1 1 2 -30 -3 
-17 1 19 -2 -6 -9 -14 15 
12 14 59 25 18 13 11 -3 
-1 -23 -29 -29 -20 0 22 6 
-18 -15 -10 1 -7 -6 -43 -62 
11 21 -57 -20 -7 -2 15 94 
-3 -15 43 5 2 1 8 -29 
-5 -3 -61 -4 6 -1 6 1 
18 8 59 -1 -9 4 2 -2 
-12 -15 -44 -9 -8 -17 -43 -30 
-5 65 67 8 6 5 -21 39 
16 28 30 21 3 3 -5 -66 
-36 5 -63 -23 -15 -14 -28 -38 
71 26 -92 -21 -9 -7 30 22 
-41 -25 43 12 6 2 -46 -36 
7 -14 -60 -5 2 -2 50 38 
-3 32 49 -25 -15 -5 13 -2 
-32 -10 -4 45 -5 -8 -2 -32 
28 7 -33 -3 3 3 7 36 
5 20 21 17 4 -1 -48 -7 
-12 -51 11 -8 1 1 104 -11 
-17 1 18 -6 -5 1 13 -15 
17 -2 -74 -14 5 0 -11 -7 
-19 40 125 9 -10 -7 -11 17 
5 15 -65 18 -7 -3 -27 -11 
1 0 48 7 7 5 2 15 
-18 21 35 -3 -6 -6 32 -18 
40 -44 -72 -6 -7 -10 -25 12 
-31 1 -9 7 8 6 -19 -11 
10 -12 15 -35 -14 -4 29 27 
-2 5 -11 15 2 0 -50 -45 
5 -11 45 2 -3 -12 -4 51 
34 -3 -11 9 -1 -2 -24 0 
-31 0 -32 -40 6 7 5 -50 
38 -2 17 9 -8 -2 -10 33 
-54 3 -1 -13 1 3 35 -21 
36 3 -1 10 5 -1 -17 32 
27 -12 14 33 3 10 41 43 
-42 -22 -21 -17 -3 -7 -81 -67 
67 -16 -31 -1 4 1 -18 38 
-29 31 63 4 -2 2 24 -53 
31 37 6 -11 0 -5 -41 -4 
1 -18 -10 -14 -1 14 2 -6 
-14 -60 7 30 0 -10 28 11 
3 2 7 -17 7 2 -6 63 
8 -11 7 13 1 -2 33 -31 
-9 -4 -39 2 -3 -4 -34 -11 
-46 34 18 6 8 10 -4 -18 
17 -10 -1 -14 -6 -9 -18 3 
-31 -4 -17 -23 -9 -5 6 20 
12 -33 -25 -5 7 -2 22 12 
-18 8 -103 -4 -16 1 -4 -16 
-4 -11 31 3 -4 -7 -8 8 
2 10 -28 -7 5 7 -17 -6 
0 36 21 0 -2 -1 31 13 
14 -21 1 0 6 -7 -4 -3 
-9 -3 -11 9 -10 2 2 -3 
-8 -34 -3 -18 -5 -4 -21 -5 
12 8 32 -4 3 -3 23 13 
-7 9 5 -7 -3 1 0 -16 
-5 -23 18 3 3 -9 -11 10 
10 58 36 23 13 6 -1 -10 
-10 -33 -50 -17 -16 0 21 17 
14 -1 10 1 3 3 -6 -18 
-26 13 -29 -7 4 -5 -11 -22 
19 -14 28 7 -2 -5 1 73 
-20 -8 -39 -18 -8 2 3 -53 
-17 -22 63 10 2 -2 3 1 
-5 5 -85 -10 -7 5 17 91 
26 48 -7 -12 -5 -11 -25 -95 
-6 5 17 13 -2 -3 2 24 
15 21 35 1 5 8 9 16 
-18 -18 16 7 2 -2 -2 -12 
-7 -3 -7 8 1 1 -22 9 
14 2 0 -4 -4 0 24 15 
-12 27 -16 -5 0 3 10 -16 
25 -5 -6 -2 5 0 -1 -21 
0 -9 19 -5 -8 -5 -15 -4 
-11 23 20 11 -3 -1 2 -14 
28 -7 -52 -10 -2 4 4 78 
0 15 96 -6 -2 -4 -9 -64 
-13 -43 -53 8 -2 3 2 2 
14 3 -7 -4 2 -2 3 23 
-39 9 -17 -3 -5 -6 -11 -71 
22 1 -30 2 2 3 25 69 
-25 -13 16 0 1 -3 1 -22 
23 47 44 -1 0 2 3 33 
-6 -18 -69 -6 1 4 -8 -44 
4 -13 16 3 1 -1 -1 4 
-24 -10 8 -7 -5 -7 -6 -6 
-1 -27 -38 -13 -5 -3 4 2 
10 10 33 12 0 1 5 15 
-1 -1 6 10 10 3 -10 -42 
-6 -26 -40 -3 0 0 9 28 
9 -7 82 6 2 3 -4 17 
-17 -3 -8 -14 -6 -5 -9 -31 
-28 -20 -49 -17 -8 -8 -6 -10 
27 13 14 8 2 4 18 24 
-7 -7 -38 -4 1 -7 -14 -30 
-3 -20 16 8 2 0 -6 42 
11 34 17 -4 -5 -1 -5 -30 
12 -20 -16 2 -3 -2 -16 34 
-16 9 12 -3 -2 1 22 -15 
-10 -8 -54 -9 -3 -1 5 2 
-3 0 23 12 4 -1 -13 -23 
-13 5 17 3 0 2 -1 4 
18 -11 -28 -16 -6 -4 -6 4 
12 -1 2 -17 -7 -9 -9 34 
-27 -14 -11 4 2 0 -7 -12 
7 8 20 5 2 5 14 -18 
-7 15 -27 11 8 5 -6 -3 
-8 -17 44 0 -10 -7 11 19 
25 17 -12 -4 3 2 -7 1 
-21 8 -16 -1 -3 -6 -7 -57 
9 3 -3 -3 -3 -1 0 0 
-15 -7 -26 -5 0 0 -16 -17 
8 -6 -12 12 2 -3 -1 18 
-10 -6 40 -3 -11 -2 9 -5 
5 -4 0 0 1 0 2 5 
13 10 33 -4 -3 -5 -8 -19 
10 -9 -12 -10 -8 -8 14 55 
-37 9 -14 -1 5 -2 -14 -49 
-3 -15 0 13 6 6 4 -10 
19 -15 11 -2 0 1 9 27 
-2 -8 20 -2 0 0 -3 -21 
2 27 -1 0 -2 -1 11 24 
-3 -33 -7 -6 -7 -3 -9 -4 
-29 3 -25 4 4 -1 -6 -8 
14 -6 15 -5 -8 -1 12 68 
-20 6 -1 -6 -1 -5 -21 -91 
-14 -3 -19 -17 -11 -3 0 8 
8 5 -4 2 3 -1 1 -11 
8 -4 -13 1 0 9 0 3 
13 -5 0 11 7 -1 1 52 
0 -1 -20 -29 -13 -7 -2 -25 
-1 -5 21 10 -3 -3 -10 -20 
-16 3 9 -1 2 -3 -4 -8 
14 -5 -14 0 -1 1 5 33 
1 0 3 14 6 -3 -11 -38 
11 48 47 10 1 5 3 7 
-7 -10 -31 -17 -6 -6 4 -13 
8 -11 14 -2 -1 0 3 12 
-6 0 -11 2 2 -2 -5 5 
-11 2 12 -1 -3 -1 -1 -1 
20 23 28 19 7 4 -2 2 
1 -15 -64 -17 -7 -3 -4 4 
-2 9 -44 -11 -7 -4 3 22 
-9 -52 5 -8 -5 -4 -9 -21 
-18 -16 -7 -8 0 -4 -11 -39 
1 -4 -11 -3 -3 -5 1 3 
10 8 53 13 4 1 0 25 
-2 11 -31 -5 -3 0 7 4 
-9 0 15 4 0 -1 -4 -23 
4 -2 -2 -2 -3 3 -1 22 
9 -20 3 -9 -4 -7 -6 -33 
11 0 -16 2 0 0 4 12 
-12 -1 7 -5 -4 0 -5 -13 
1 8 -5 6 6 2 5 2 
-9 -7 2 -1 -1 1 1 27 
-6 -4 -3 -4 -2 -1 -12 -42 
14 3 -17 -5 -3 -2 16 6 
-15 -4 12 4 3 0 -7 -16 
-2 6 2 1 -2 -3 -1 8 
-6 -6 -14 -5 1 -1 4 9 
4 4 -9 0 -2 -1 -3 -1 
5 1 23 0 -4 -1 2 1 
6 -4 -4 1 0 -1 -3 -9 
-15 19 18 3 1 1 5 -3 
-10 -7 -24 -3 -3 -3 -5 -5 
-1 -8 7 -7 -1 0 0 5 
17 10 16 13 7 2 1 11 
-26 -22 -42 -9 -6 -2 2 22 
-5 -7 47 -2 -4 -1 -4 -33 
-9 4 -1 -2 -2 -4 -5 -18 
12 -7 3 4 -1 -1 4 7 
16 5 3 -1 -3 -4 0 -15 
-9 16 -30 -4 -1 -3 -10 -10 
6 -6 10 -1 0 1 1 13 
-24 -4 0 0 -1 -2 -1 -1 
12 10 10 0 1 -1 -2 -2 
-1 0 -1 1 -3 -5 -6 17 
12 8 -17 -3 0 3 19 -3 
-18 -5 1 -6 -5 1 -8 8 
0 6 6 -1 -3 -7 -7 -18 
-7 -11 1 -2 3 7 9 6 
6 6 -8 -1 -3 -4 -8 5 
-6 0 -3 1 0 4 10 15 
19 4 27 6 3 1 -2 2 
-11 -16 -43 -6 -4 -5 -7 -36 
-2 -3 -12 -16 -10 -2 -3 14 
3 9 11 -1 0 -1 2 -8 
11 -2 -1 4 3 3 0 3 
-9 -5 10 1 -1 -2 2 11 
7 12 -3 5 5 -1 -2 5 
-9 11 16 0 -2 -4 -4 -6 
-1 -4 3 -9 -4 -4 0 14 
11 -12 -17 7 2 -1 -1 3 
-2 -1 -5 0 -3 0 2 -9 
-4 3 7 -3 -2 -5 -2 19 
-29 9 23 -3 -1 0 -3 -32 
-2 2 -16 -9 -3 -2 0 -8 
-2 -7 -2 -2 -2 -6 -6 8 
-5 -5 -12 2 2 -2 7 -6 
18 3 22 1 -1 5 -3 36 
9 -12 -16 -6 -8 -9 -16 -54 
-25 -18 -11 -7 -4 -3 1 -10 
-8 -4 7 -3 -4 -2 -3 -13 
-7 3 -20 0 1 1 7 -7 
10 16 18 7 9 6 3 45 
6 3 3 8 6 5 1 -12 
1 -7 -14 -4 -3 -6 -13 -34 
-13 -16 -21 -6 -4 -4 -5 14 
-1 -1 12 -1 -1 0 4 7 
0 0 1 0 0 0 1 6 
8 -2 -1 3 3 3 2 19 
11 14 -19 7 8 -2 3 -21 
4 -17 9 -6 -13 -3 11 31 
-26 -11 -10 -12 -6 -6 -21 -31 
-3 -6 22 2 -4 -1 -8 -25 
7 -13 -8 -2 -1 1 0 9 
-7 13 -1 4 5 3 6 6 
8 4 12 4 -1 -5 -2 9 
-2 -6 -1 1 1 1 1 5 
14 9 -8 2 0 4 5 2 
21 -10 -9 -9 -11 -8 -4 11 
-1 -3 11 0 -1 0 -10 -15 
5 4 -11 -5 -1 -4 4 26 
-8 -18 17 4 -2 -2 -9 -39 
7 10 -4 4 3 2 0 13 
-5 5 14 -1 -2 3 9 -10 
35 7 17 10 7 5 -15 27 
-13 27 -28 -15 -11 -8 3 -18 
-39 -25 -21 -5 -3 -5 7 -35 
3 -5 1 -4 -5 -3 2 6 
-3 -8 -5 0 -1 0 3 4 
9 -8 8 -2 -1 -1 -3 22 
-3 8 -3 0 3 -1 -10 -13 
2 5 10 5 1 3 6 13 
0 3 -13 -2 -3 -1 1 -5 
2 2 16 4 2 3 5 14 
-5 6 7 -9 0 2 -6 -5 
-13 -29 -45 2 2 -7 -8 2 
-5 -8 -9 -15 -18 -8 -1 -19 
-3 -14 -14 1 0 0 0 -13 
-6 12 40 13 4 3 9 4 
2 12 9 -4 -1 1 1 15 
-11 1 -2 7 10 5 -14 -17 
19 -17 -3 -1 -3 -1 -2 29 
12 9 3 -4 1 -1 9 12 
-20 -15 -5 -6 -6 -2 0 6 
-40 -5 -29 -1 -2 0 2 -59 
12 0 3 -4 1 0 2 -1 
8 4 1 2 1 -1 -11 16 
9 -7 0 3 1 1 5 1 
-1 0 7 -1 -1 -1 7 36 
15 4 18 -2 -3 -6 -18 -23 
-21 1 -35 -6 -4 -1 3 -42 
-15 8 21 1 -4 -2 -5 1 
5 -3 -8 -3 -2 0 6 8 
-7 28 10 4 0 2 1 0 
27 -25 -9 -2 1 2 -3 14 
0 -4 -31 -14 -4 -1 4 -2 
3 -13 3 -15 -10 -5 -2 -7 
-5 3 7 -6 -3 -5 -2 6 
-16 0 3 8 -4 -2 -7 -3 
7 14 2 1 6 0 0 -10 
5 -13 -3 6 1 -2 0 5 
-29 -10 -5 3 3 -1 -3 7 
31 6 -20 -5 -3 -3 -5 -16 
-21 -2 43 5 3 5 12 -30 
19 0 7 -6 -5 -4 -1 45 
-29 -11 -22 -3 0 0 -3 -51 
2 0 -5 0 1 0 -1 23 
1 6 0 4 0 -3 -3 7 
11 13 18 5 4 0 -5 -11 
-6 -17 -9 -7 -3 0 3 17 
-1 -9 -4 -3 -4 -4 -5 -6 
-5 -4 11 -3 -2 0 -5 2 
-6 10 3 5 4 2 3 -5 
12 0 -17 0 -3 -3 -3 12 
-16 9 26 0 -3 -1 -2 -8 
28 13 14 17 8 7 13 56 
-17 -27 -47 -39 -23 -16 -29 -63 
-28 7 0 -5 1 2 10 -62 
5 -9 -3 1 -2 -2 -1 27 
44 -2 -1 1 0 -1 -3 4 
-5 13 15 10 8 4 7 22 
16 -4 -8 2 -2 -3 -7 20 
-26 -1 8 -3 -5 -2 -1 -17 
