#EMG
#5
#ID:5-95
45 6 10 5 1 -11 -46 -38 
11 -2 14 3 3 11 63 100 
-44 -23 -53 -61 -9 -14 -34 -94 
-15 -9 30 17 4 5 -7 7 
2 -2 -10 -4 -6 -1 12 -16 
19 5 16 8 1 1 -24 4 
25 9 0 29 3 2 -10 32 
6 2 -21 -33 -3 -6 7 19 
-25 -17 5 -8 -10 -3 -19 -40 
-14 -3 -19 -9 -2 -4 7 -18 
10 2 21 25 2 1 -1 51 
2 -10 -14 -40 -5 1 -5 -55 
7 1 12 19 9 3 5 30 
4 2 -10 -17 -3 -1 -1 18 
4 9 -7 -8 1 3 25 -12 
-17 -18 -24 7 -5 -13 -50 -47 
1 -3 2 -3 -5 -4 17 9 
-5 4 14 20 4 6 7 -13 
-20 -2 8 4 0 2 5 19 
4 4 -18 3 2 6 19 39 
-19 3 -2 -6 0 -5 -27 -48 
35 3 -9 -3 -3 -5 29 12 
-4 1 9 3 -3 -3 -2 12 
9 6 6 5 -5 2 -7 -2 
-16 4 -16 -8 -6 -7 -11 -8 
0 5 10 -2 3 9 8 4 
12 12 -11 -8 0 -3 -19 22 
16 6 35 23 2 -2 -5 -44 
5 -5 -37 -13 -4 0 13 5 
-21 -8 15 4 -4 -3 -4 4 
9 -8 -17 6 -1 -1 -8 -12 
-32 16 7 -4 1 0 7 31 
52 -2 2 1 1 3 16 3 
-41 -6 -7 -11 -3 0 -4 -43 
6 2 25 27 5 -7 -18 5 
2 -5 -26 -49 -4 8 33 6 
6 -7 -8 11 3 -4 -8 31 
-12 5 22 5 1 -2 -14 -25 
1 -5 -18 -27 -4 -4 4 -3 
8 -3 28 13 -3 -3 -21 -7 
24 -2 -20 -16 -3 0 27 19 
-15 -5 -4 -18 -3 0 -8 16 
-25 -4 -10 2 0 1 -3 -57 
2 4 5 26 6 -1 -19 8 
-44 -1 9 10 2 -2 0 -20 
20 12 -13 -14 -3 -5 -7 14 
-12 -26 -2 1 -7 -3 7 12 
14 -3 -3 1 1 1 -19 -4 
4 5 -9 -22 2 7 32 36 
2 -2 0 9 -3 -10 -16 -24 
5 4 -10 1 2 2 -7 51 
23 5 1 -6 -4 -2 3 -76 
-19 -12 -12 5 -2 -3 -2 3 
10 -10 -5 -3 -4 -5 -6 -9 
8 17 14 14 2 5 10 -12 
19 -15 -19 -29 -7 -2 7 66 
-68 1 16 12 0 0 -9 -88 
16 6 -3 0 -2 -1 0 -11 
22 -4 0 0 0 2 30 22 
-48 -6 -11 -27 -6 -2 -8 -3 
49 4 -2 -4 -3 1 16 53 
-36 -1 3 16 -4 -6 7 -5 
3 -6 -10 -5 0 -1 -15 -55 
9 12 -2 21 7 6 7 30 
14 3 31 -4 -5 2 -5 21 
-38 -7 -11 -10 -1 -2 -8 -47 
14 6 -8 -8 -4 -3 -16 19 
-3 -3 1 15 1 1 48 10 
15 0 16 17 0 -5 -38 -4 
19 7 -38 -20 3 5 2 21 
-26 -16 5 -25 -3 -4 -7 -20 
-14 -2 -9 2 -3 -2 -8 -7 
1 1 35 12 -2 -2 14 -15 
7 -2 -15 3 2 0 -4 17 
21 8 -5 -8 0 3 -5 6 
-5 -1 10 9 2 -1 9 5 
-14 -2 -6 -5 -2 -2 -24 38 
14 -4 7 4 -3 -5 -27 -50 
-23 -3 -15 -8 -5 0 7 -3 
-12 -5 12 8 2 2 -7 -11 
45 -1 1 15 8 5 21 64 
-29 -7 14 -23 -2 -8 -24 -85 
-25 15 -18 -13 -3 -4 -22 4 
-2 -14 12 8 -4 -6 3 0 
-28 3 -19 -7 0 0 8 -28 
37 -1 -3 1 -4 -2 -10 28 
-6 -3 -27 -16 -3 -1 7 4 
-16 16 6 -5 -6 -7 -7 1 
26 -1 -3 9 1 -5 -32 -12 
4 1 0 -35 -3 5 21 18 
-3 -10 15 29 4 1 13 -10 
26 18 6 -5 0 1 -3 38 
-41 -16 -39 -28 -8 0 -17 -20 
20 5 -2 37 1 -2 -37 -24 
-12 -8 -5 -10 5 -2 46 15 
14 -1 17 -6 -5 2 1 -5 
15 -7 10 -17 -3 -5 -5 2 
-35 4 13 6 5 9 18 10 
-6 -20 -22 18 -5 -2 7 21 
48 6 9 -17 0 -8 -21 -25 
-14 -37 -15 3 0 0 4 -24 
-19 -17 -9 -6 -4 0 20 18 
3 5 38 25 0 -5 -48 -38 
65 32 2 4 1 7 49 102 
-46 -13 -1 -3 -5 1 -13 -54 
8 7 0 13 7 3 31 13 
20 15 27 -32 -5 -12 -66 -19 
-19 -56 -17 42 -8 -6 -18 7 
24 21 36 -7 -1 1 15 39 
-18 -47 -90 -22 -7 0 18 -36 
-13 43 53 12 1 -5 25 9 
-8 7 10 10 3 -3 -23 -23 
24 11 -11 7 4 4 -13 -2 
-33 0 -4 -8 -3 2 35 31 
47 2 48 7 -5 -6 -7 -25 
-49 -33 -38 -6 -2 -1 1 -20 
-5 15 26 17 1 -5 -8 -5 
-22 1 -8 -13 6 8 -25 -24 
34 7 -42 1 -8 -10 -6 37 
-2 36 2 -1 5 7 32 -1 
-10 1 2 -5 -9 -9 11 -7 
-3 -4 39 11 1 -5 -28 43 
2 9 -76 -16 -4 5 7 -54 
-33 -31 -6 6 2 0 -7 -31 
21 24 9 0 3 0 -17 -21 
29 79 11 -17 -7 -4 9 64 
-39 -22 17 12 -1 -1 1 -34 
9 -31 -50 -15 1 2 -16 -11 
-2 17 35 -2 0 2 12 38 
-26 -11 16 -2 -5 -3 -1 -57 
10 -1 -8 6 1 1 4 42 
8 7 -8 -2 -3 0 -8 -8 
1 -15 -11 -28 -5 -4 -10 9 
40 -12 -2 10 -6 -11 7 12 
-46 -23 -19 -16 -6 0 16 29 
-15 -5 7 -2 2 -2 -1 -41 
25 -14 -36 0 -1 1 12 1 
-14 -16 15 -15 -7 -11 -38 -9 
12 -8 -33 -15 3 7 13 12 
-11 5 32 10 0 1 -7 7 
-55 11 -15 -9 -3 -1 18 -3 
44 3 20 26 0 1 -10 -35 
17 -7 -18 -28 -3 -7 -17 11 
16 5 -2 -1 -3 -3 -1 -10 
-25 -26 -22 21 -2 -2 0 -4 
0 0 30 11 6 -1 -23 7 
-17 -4 14 -10 -5 -1 66 20 
24 13 2 -14 -3 -6 0 -10 
20 13 32 13 2 2 -4 15 
-33 -18 -41 -2 -2 -2 -15 -33 
7 -31 9 -24 -3 2 -20 -2 
-9 -17 -32 14 -2 -5 -9 -11 
-12 9 1 -11 0 -1 -43 -26 
-15 -15 16 1 -3 5 68 46 
-2 -1 -12 20 1 -4 -9 -2 
-14 13 26 -2 1 -2 3 -7 
11 -12 -27 -24 -3 -1 -3 16 
21 23 6 6 4 -3 -23 -50 
-28 2 12 -11 -6 4 13 -4 
9 1 18 15 7 5 12 12 
-6 -27 -49 -29 0 0 12 23 
26 14 39 12 3 1 4 -23 
15 0 -25 -8 -6 -4 -28 -2 
-10 3 -22 1 -1 -6 -26 2 
-29 -1 44 -14 0 -3 -44 -45 
-5 -28 -60 38 -1 -4 31 51 
2 5 56 -17 -2 -5 -20 -24 
8 0 -2 17 -3 -1 11 18 
2 0 8 -1 -4 5 23 10 
-18 -8 -48 -44 -9 -11 -38 -60 
-3 23 7 4 5 0 -14 12 
-39 -12 -20 -8 -5 4 -24 -40 
55 13 0 12 0 -8 62 61 
12 35 19 -29 0 2 -28 -21 
-8 -86 -2 48 4 5 9 1 
-11 29 -29 -52 -7 -2 -7 -2 
-13 -38 -7 35 -3 -4 -6 -24 
-4 -8 -17 0 2 6 17 31 
24 17 -16 -16 -6 -6 -14 -9 
-25 5 62 46 7 3 4 10 
3 -25 -49 -43 -4 -4 -1 9 
0 -12 -1 31 -6 -3 8 -15 
-11 26 52 -18 4 5 3 -18 
16 17 -46 -18 -5 -3 -7 1 
21 4 26 30 4 -5 -7 15 
9 19 44 -38 -3 2 29 6 
3 6 -44 8 -3 -4 -13 -16 
-12 10 26 -15 -8 -7 1 11 
9 -4 -11 21 2 1 -8 -15 
-24 -15 0 11 -2 -5 -21 -18 
-6 4 14 11 12 5 16 -3 
6 34 21 31 -9 -3 -15 -7 
-2 17 -1 -33 -13 2 35 7 
-26 -32 24 -4 -1 -4 -16 18 
13 52 -2 13 5 6 5 5 
3 -16 -31 -33 8 -1 -14 -16 
-13 1 -27 9 -7 -5 -3 -8 
23 7 20 8 7 14 21 67 
-17 -55 -3 -7 -8 -10 -10 -30 
23 -24 -65 -6 2 1 12 21 
-31 9 6 10 -6 -3 0 -6 
-7 16 29 -22 2 2 -3 -31 
-15 -1 8 15 6 5 -7 -9 
9 -32 18 10 -11 -11 -4 35 
9 5 -5 6 0 -4 -64 -41 
-37 -12 -25 -8 -5 -5 75 44 
27 15 3 0 -3 1 -10 27 
-4 -4 1 -8 -1 2 8 -18 
-7 28 25 9 6 5 -15 -32 
7 -14 -40 -5 10 5 -9 29 
34 6 12 19 -6 -12 -14 -5 
2 -25 0 -3 4 3 29 48 
-31 -2 -23 -2 -3 -3 1 -59 
12 16 10 1 -1 3 18 -24 
-16 4 -16 -8 -1 -3 11 12 
-4 6 34 8 -4 -5 -29 0 
39 1 18 4 3 4 13 3 
2 -28 -3 7 -11 -12 -18 -19 
-23 15 -6 20 8 5 -8 -2 
-2 68 5 -26 -16 -2 -44 -29 
14 -20 -13 -5 7 5 54 29 
20 -4 1 -7 -12 -11 -35 8 
19 19 -40 -26 1 1 -6 28 
-6 -26 45 0 0 0 0 6 
10 10 9 4 2 6 -16 -51 
-14 -2 -25 10 -1 -4 -2 -9 
-43 0 13 6 -3 -6 -17 -7 
26 3 5 11 7 -6 -14 4 
-36 -11 -21 -24 -7 -5 46 39 
42 -8 -19 4 0 1 15 5 
-30 -7 34 -1 -4 -1 -28 -6 
7 -8 -11 4 2 12 62 47 
35 -28 -28 -21 -6 -12 -14 -29 
-14 11 -14 -10 -2 0 -49 -14 
-6 -17 14 6 4 1 50 37 
-34 14 31 36 8 5 49 8 
-4 18 -40 -6 -3 -8 -17 -51 
7 -32 25 -16 0 9 -32 36 
22 14 52 16 -1 -6 -35 35 
18 -52 -83 -21 -3 -2 -7 -34 
-10 -12 51 12 -4 -2 -8 51 
15 24 -1 1 3 3 -48 -70 
8 3 -28 0 -10 -17 72 -9 
12 -15 103 13 6 -5 -73 -20 
-5 43 -55 -71 -11 3 24 33 
-23 -2 -10 25 2 7 -24 -6 
25 3 19 9 1 -1 42 24 
-17 -31 -32 -15 -2 -7 -26 -51 
15 -11 6 -4 -3 -7 -63 -7 
-8 9 69 30 2 0 74 -4 
-34 0 -61 -53 -14 -2 -27 -10 
-10 -22 -19 -3 -6 -3 50 -29 
-3 11 40 33 25 5 -9 43 
51 -7 -38 -29 -25 -8 -10 5 
-20 -21 -25 5 -7 -2 -32 -47 
-17 13 11 -21 5 6 34 4 
-23 -22 -20 17 -4 -13 -53 -8 
11 26 26 5 8 3 20 75 
31 -9 7 -1 2 1 -7 -67 
-32 9 -26 -7 -12 -8 -12 1 
-8 14 39 7 21 6 5 -17 
-12 -34 -34 18 -30 -9 -11 16 
0 6 -22 3 21 10 10 20 
-2 -13 -36 -50 -52 -19 -32 -22 
-9 -5 36 48 3 1 11 -4 
-13 4 -40 -38 3 -1 7 -26 
-5 -18 -10 -9 -3 -4 -7 31 
14 26 20 69 14 2 7 17 
-12 -4 -33 -72 -5 3 8 -13 
-2 1 18 11 4 -6 21 8 
0 -7 5 25 -2 4 -6 52 
12 29 6 -26 7 0 -5 -55 
26 -36 -16 2 -16 -3 21 -6 
-75 -2 -26 -16 10 -1 -9 -31 
0 -10 -9 -20 -4 -1 -9 -6 
-8 23 24 4 -7 -2 15 48 
22 0 11 24 7 4 -28 -32 
-38 17 12 -1 -6 -5 40 57 
-44 11 25 34 9 4 -29 -39 
26 -16 -63 -78 1 -4 -18 -20 
30 -11 43 30 -1 2 4 37 
9 -8 8 26 1 -4 -32 -64 
-32 -1 -12 -9 -5 5 48 -4 
-12 -25 29 54 24 10 -19 -10 
-25 9 -14 -28 -9 -4 -24 21 
32 -27 -29 -16 -11 -7 34 24 
25 20 26 2 0 3 -43 -23 
-81 -15 -15 -5 7 10 49 -10 
-21 -1 -5 5 -7 -1 23 -4 
12 -4 -3 43 12 -2 -40 13 
46 3 -3 -21 -4 6 27 -19 
-39 12 -20 -29 -6 -15 5 14 
14 -12 5 7 -5 -4 8 13 
5 9 -18 -25 2 5 -8 -33 
-6 7 14 15 0 -1 -11 2 
17 14 14 31 -1 -2 -6 23 
5 8 44 -6 -1 1 4 9 
-10 18 21 -3 7 4 15 31 
19 1 -5 4 -8 -12 -50 -24 
46 -17 8 -25 -12 -1 29 37 
9 12 -8 -13 9 2 -3 -4 
-14 -20 -24 11 -2 -7 -76 24 
-10 -7 -31 -31 -6 -3 115 -43 
-13 8 -9 -23 0 0 -39 -28 
34 20 28 57 4 2 -28 -18 
30 -6 -69 -41 -12 -10 -21 43 
-23 -23 50 -12 -2 0 2 -3 
15 -16 -28 -3 -3 -9 -28 39 
-40 -6 8 26 6 2 -20 -21 
-9 24 32 -13 4 11 23 -21 
11 -4 -9 36 1 -5 -19 34 
24 3 -11 -19 -3 4 44 25 
-34 -13 -11 -29 -11 -11 -73 -65 
-1 13 23 23 3 -1 3 -29 
12 -28 -6 -14 0 -2 59 51 
67 31 37 22 4 5 -17 13 
-32 3 22 11 6 7 24 10 
-14 -23 -65 -42 -12 -10 -1 -16 
-16 -1 20 -4 -5 3 -15 -15 
2 -21 -3 56 7 0 -35 6 
18 29 -8 -61 -6 6 78 25 
16 -14 29 67 -4 -18 -54 22 
-8 13 19 4 8 9 -45 -90 
-41 20 9 9 -5 2 92 60 
25 -55 -58 9 -1 -3 10 101 
-31 9 76 -22 5 5 9 -49 
8 2 -81 -13 -16 -12 -69 19 
8 2 67 -3 -8 -9 -13 -35 
-33 -22 -43 -8 -1 0 -8 -38 
18 46 42 6 12 11 45 50 
-70 -63 -109 -43 -22 -17 -39 -81 
13 6 26 -58 4 6 -5 0 
-2 -2 6 7 -3 -4 5 9 
-13 -21 20 24 5 1 -19 -33 
49 34 10 -6 -4 3 30 46 
-37 -20 -20 12 -2 -2 -22 -43 
10 -12 -34 -8 -10 -7 11 11 
-16 10 14 -13 9 8 56 -35 
33 6 6 23 11 7 3 57 
-10 -36 -8 -9 -15 -11 -18 -28 
10 13 -33 -12 1 0 -1 42 
23 1 5 15 6 4 -11 -46 
-13 -36 17 -1 -8 -4 1 10 
8 23 -27 7 4 2 0 -16 
-15 -10 47 7 -2 3 4 -5 
-20 -32 -48 -28 -9 -8 1 14 
-9 46 19 5 16 6 10 -7 
37 -11 -64 8 -1 -8 -16 34 
-19 15 -16 -6 -12 -6 1 -76 
12 -24 -4 -47 -7 -1 1 28 
34 4 31 0 4 -3 -7 -1 
5 3 43 55 7 9 -1 -6 
-22 -11 -61 -25 -6 -7 -1 -22 
23 13 -5 15 -7 -3 5 52 
4 15 8 -11 -5 -3 -11 -28 
21 -4 20 -28 8 4 0 -7 
-37 1 22 12 5 1 15 1 
13 5 -34 -14 -7 -3 -13 3 
-72 -3 48 28 5 1 4 -4 
39 -4 -13 4 -4 3 -12 -26 
10 11 -19 -86 1 6 -7 3 
-22 -13 9 36 -5 -2 37 22 
37 17 23 7 -1 -5 35 39 
-55 -22 -15 0 0 -4 -7 -32 
21 33 23 29 3 4 -29 24 
21 -1 1 -26 -5 1 70 -13 
-47 -10 -11 18 4 0 -19 -14 
-17 -3 -7 2 3 -2 -5 -28 
26 -18 -2 30 1 -1 10 22 
-10 16 15 7 4 3 -21 -17 
-7 -9 -26 -13 -13 -4 -4 6 
-2 8 1 -2 -1 0 8 39 
24 4 33 15 -1 -3 0 -4 
20 -6 -4 -1 -3 -4 -25 -17 
10 -6 -25 -15 -1 0 -1 2 
-28 -3 11 -14 0 2 -2 12 
-8 -7 18 20 -3 -7 5 5 
4 -5 -6 -10 -11 -2 -16 -7 
5 3 6 22 6 3 2 -2 
-11 -16 -24 -23 -7 -3 5 28 
7 4 8 1 1 -1 -4 -62 
-6 -2 -10 -6 -2 -9 -16 4 
-3 -16 6 10 5 6 -2 8 
16 62 10 -5 8 0 8 9 
-2 -3 -5 5 -9 -1 1 9 
-35 -8 4 17 4 2 -8 2 
34 1 -7 -35 -16 -11 -10 11 
-9 -16 -14 -3 -1 1 -3 -3 
-38 -3 -17 4 2 -3 2 -22 
-2 12 -15 12 3 1 -3 22 
18 -4 -3 -9 -1 -1 0 -1 
9 -5 1 12 5 4 13 37 
-24 3 -3 -17 -2 -3 -13 -50 
9 -14 3 -6 -2 -4 -10 -11 
-10 0 11 15 -2 -1 0 -4 
7 3 -24 1 -3 -3 -5 -10 
-7 -18 -2 -5 -4 -4 3 29 
-1 19 28 0 3 5 -6 -26 
-8 -26 -27 -7 3 -2 -3 1 
26 6 3 -6 -6 -4 -6 -23 
-12 4 37 18 -1 2 3 26 
2 -7 -34 -12 -4 -3 -1 11 
3 12 20 4 -1 0 -3 7 
-15 -3 -1 -21 -2 2 4 7 
-1 -11 -22 -2 3 -1 -1 -15 
5 -3 14 3 -2 -2 -3 37 
-48 20 16 -14 0 3 1 -25 
-7 -27 -26 -1 -8 -10 -10 -59 
40 -4 -18 -7 0 3 6 30 
-27 -18 -3 12 -1 1 2 -12 
19 5 -1 -10 -2 -2 1 18 
-6 10 25 10 -1 -3 -8 -16 
-3 2 -4 -7 -5 -7 -1 11 
-2 -9 -20 -8 -5 -6 -7 -14 
19 6 -5 -1 1 -1 2 18 
-18 -4 1 2 -5 -4 -2 -12 
2 -4 2 3 -4 0 3 11 
6 0 6 -6 1 -1 -7 -16 
-19 -10 -17 0 -4 -5 -3 -10 
-6 -6 -1 4 -2 0 -4 -1 
4 15 8 3 1 0 3 6 
-6 -8 -7 -3 -1 1 0 0 
-2 5 -10 -7 -2 1 1 13 
0 -14 -16 -5 -9 -8 -8 -16 
-21 -11 7 -9 -5 -4 -9 -57 
-3 12 40 -2 1 1 0 -10 
23 6 -12 16 3 -1 0 0 
-11 -2 -13 -6 0 0 3 22 
6 6 -5 0 0 -2 -5 16 
-6 8 3 1 1 2 3 -16 
-3 -9 4 4 0 -2 -4 -9 
11 3 9 -3 -4 -3 -4 5 
2 -5 -9 15 3 -3 0 4 
-6 1 7 -1 1 -1 -4 -10 
2 -15 -5 -6 -4 -2 1 13 
-6 -10 -5 1 2 0 -2 -2 
1 3 8 2 -2 1 2 6 
4 -1 -23 0 -2 -4 -4 -7 
2 11 35 4 0 0 1 2 
-6 4 5 11 1 0 1 -2 
3 -2 -4 -7 -1 -1 -2 -4 
1 -9 -14 -2 0 -1 1 8 
-8 -8 -6 -3 -3 -2 -2 -8 
-2 0 3 6 3 1 0 -2 
2 3 -1 -5 -1 -2 1 4 
7 1 -1 -5 -4 -1 -1 6 
-4 -1 -4 4 1 -1 -1 -11 
-2 -6 1 -5 -7 0 2 5 
-1 0 -6 -3 1 -1 1 2 
-3 -4 -12 -3 -2 2 -1 0 
-2 -3 11 -1 -2 -3 -3 -7 
-3 1 -11 -3 1 -1 1 2 
5 2 0 -2 -2 -4 1 2 
-4 4 4 -4 1 0 -4 -12 
10 11 3 1 3 4 5 19 
15 9 -7 -6 -1 -2 -7 -22 
-20 -22 7 8 -1 1 1 -2 
-1 8 3 3 1 1 2 -10 
6 -7 -8 -5 -3 -4 -2 22 
-1 0 -2 13 1 -1 1 9 
-24 9 -13 -13 -2 0 -4 -5 
20 21 36 5 -1 -1 1 32 
-4 -7 -12 -8 -6 -2 -3 -46 
-25 -9 -16 0 1 2 1 2 
2 6 -3 -5 0 2 3 5 
29 11 8 4 -1 -6 -7 4 
-29 -9 4 -1 -1 -3 0 0 
13 13 14 -5 0 0 1 5 
22 -10 -22 2 -3 -6 -7 -12 
-42 9 18 -2 0 -1 -1 1 
21 3 -7 3 1 -3 -4 -10 
-9 -12 -14 -3 -2 -1 -2 -14 
6 -8 7 -1 3 4 6 27 
12 -12 -21 -14 -1 1 1 -1 
8 3 12 10 0 -2 -6 -9 
-23 -17 -8 -1 -4 -5 0 5 
-9 19 18 -2 -1 0 0 -17 
12 -18 -12 8 -2 -4 1 52 
-12 -6 -9 -17 -4 0 -3 -60 
-46 -6 -4 -1 1 -2 -2 5 
31 7 13 4 0 0 1 9 
2 -17 -34 -13 -6 -6 -6 -25 
9 0 -9 3 -3 -1 3 25 
15 5 12 0 -1 -3 -3 -2 
-19 -4 -9 -4 -3 -3 -2 -12 
-5 3 12 3 4 3 4 -5 
-9 3 -27 0 1 -1 -1 23 
4 5 14 -5 0 0 -3 -9 
-4 -8 7 9 -1 -3 -6 2 
-1 -1 -18 -7 -4 -3 0 -13 
8 2 -5 4 0 1 -1 28 
-14 0 13 5 6 4 3 -28 
-7 -5 -8 -11 -6 -3 -5 -7 
-5 15 -25 -5 -2 1 0 -19 
-39 -27 15 1 -1 -1 -1 3 
8 6 4 3 -3 -1 -1 21 
9 9 4 3 1 -1 1 -5 
6 -5 -2 0 -2 -2 -3 -5 
-3 6 2 -7 0 1 3 5 
11 -13 -7 1 -2 -4 -4 0 
-8 0 -11 0 2 1 -3 -16 
-8 -5 30 4 1 3 7 26 
13 -12 -15 0 -4 -6 -9 -28 
-10 3 1 -9 -2 -3 -1 -6 
16 4 7 -5 -3 -2 -3 13 
-11 -5 0 2 0 0 -2 -1 
8 6 12 3 2 3 5 10 
23 16 9 1 -2 0 2 34 
25 -13 -39 1 2 0 -1 -34 
-31 0 26 2 0 -2 -7 -7 
-4 -1 -3 -5 -5 -3 -5 -32 
13 -27 -8 2 -6 -4 0 17 
3 5 -11 -7 -1 2 3 43 
-17 -24 -19 -3 -2 -5 -9 -51 
0 19 15 3 2 3 4 3 
-2 6 4 -2 -3 -1 0 -2 
2 2 0 5 -1 -2 -1 4 
-10 -12 -7 -7 -7 -6 -1 -13 
8 10 11 5 -2 -1 -5 29 
-3 -9 -22 -11 0 2 -2 -18 
-9 -12 5 -1 -2 -2 0 -2 
8 6 -6 2 0 -1 2 22 
-2 -1 -15 -14 1 -1 0 -6 
22 2 5 9 -1 1 0 25 
-53 -2 11 -1 0 -3 -6 -76 
-3 5 3 6 1 1 1 6 
4 -10 -8 -4 -3 -1 3 12 
1 7 -6 -13 -1 -1 1 24 
-15 4 3 -3 -6 -2 -6 -48 
15 0 -3 -3 -4 -4 -7 11 
-8 1 5 6 2 -2 -1 -14 
22 7 0 -3 0 -2 -2 3 
-36 -5 -2 1 0 1 0 17 
1 7 8 2 4 3 5 -8 
18 -15 10 1 -2 0 -3 6 
-14 -5 -7 15 -1 -1 -1 -4 
3 -14 -18 -18 -8 -3 -1 -6 
4 1 6 -10 -2 -3 -5 6 
-3 -5 -21 -6 -3 -5 -1 17 
-5 18 17 9 1 0 1 -18 
18 -3 6 4 0 1 -1 23 
4 8 0 5 3 1 1 -12 
2 10 5 3 -1 -3 0 14 
-7 11 -14 -12 -2 -1 -2 -18 
19 11 1 8 2 1 -2 13 
-15 -22 3 -12 -7 -5 -1 20 
-3 2 -6 -2 -2 -3 -2 6 
-8 -13 -21 -11 -5 -5 -5 -31 
0 5 16 1 1 0 -1 3 
6 7 -6 4 1 2 2 6 
-3 3 1 0 0 1 1 -5 
12 -7 8 -1 1 1 2 -13 
-34 -7 -8 -4 1 3 5 47 
8 -3 -5 -3 -5 -4 -7 -51 
-8 -6 -7 5 0 2 -2 -11 
-3 3 14 -12 -2 -1 -1 -6 
3 -3 -7 3 -1 -6 -3 13 
-10 9 5 -5 0 -2 2 4 
-6 -9 -10 2 -4 -4 -2 -13 
-5 -5 4 6 -2 1 -5 12 
12 8 1 -1 -1 1 0 -2 
0 -16 -2 2 0 2 1 6 
6 20 7 -2 2 1 -2 -1 
-9 1 -3 -3 -1 -2 -1 15 
11 -1 6 3 -2 -4 -3 -20 
2 16 -8 -1 0 3 1 6 
37 0 -6 -1 -4 -1 -1 9 
-51 -16 -4 -6 -4 -4 -9 -51 
4 8 17 7 5 1 5 0 
26 3 1 -4 -3 -1 2 55 
-19 -5 12 3 0 2 -4 -53 
13 6 9 4 4 0 1 -3 
10 -6 -23 -15 -7 -4 -3 31 
3 -4 -21 0 -3 -2 -9 -32 
-19 -6 11 8 3 0 7 19 
2 -14 -2 -15 -3 2 0 2 
-6 -1 1 2 0 2 6 4 
-12 -1 9 -2 0 0 0 -1 
-5 0 -7 2 -3 -5 -5 -11 
11 -9 -16 -3 -3 -6 -1 12 
-3 -6 4 2 0 -2 -6 -24 
4 21 -6 -4 -3 -4 -4 -2 
-18 -27 0 -8 1 4 4 4 
5 2 12 9 -3 -3 -3 -6 
18 -2 -25 -16 -6 -5 -8 -7 
-16 -9 8 0 2 2 8 6 
8 3 -5 -5 0 -2 -4 4 
-17 4 0 -1 -4 -4 0 -4 
-3 4 10 8 3 3 4 -4 
15 -11 3 -5 -2 -1 -2 20 
-19 -3 -25 -11 -3 0 -2 2 
19 0 0 0 -5 -5 -1 27 
-10 -5 -12 -3 -2 0 -4 -16 
-43 -11 7 6 0 -3 2 6 
-4 8 6 3 4 1 0 -11 
21 0 -11 -9 1 3 0 6 
-16 -6 8 13 -2 -4 -8 5 
-9 -10 -15 -18 -3 -3 1 -15 
4 -3 10 5 -3 0 10 23 
