#EMG
#4
#ID:4-20
-6 -2 2 -7 1 0 -2 3 
2 -5 -15 3 0 -2 -6 -4 
3 5 15 9 -3 2 18 14 
-3 -4 -10 -8 -2 -3 -11 4 
1 1 11 3 2 0 0 -6 
6 -6 -24 -31 -7 -4 -1 2 
28 3 17 7 2 1 -3 18 
-65 11 1 -2 -4 -4 -2 -36 
-2 -4 -22 -21 0 1 1 6 
5 4 17 13 2 2 -1 -12 
2 -3 -7 12 -1 -1 -1 1 
17 -6 -14 -29 -8 -5 -3 8 
-5 2 -5 12 0 1 -4 -4 
10 1 2 -11 -6 -4 -2 11 
-9 2 -8 -1 -2 -2 -2 -28 
5 -1 -2 -7 3 4 2 -3 
-3 0 30 14 -1 -2 5 15 
0 -18 -41 0 -3 -1 -3 -1 
-21 -1 -5 -7 -4 -4 -6 -1 
24 8 7 14 1 1 3 7 
-15 1 9 -25 -3 1 2 -19 
11 7 7 8 6 1 -4 11 
-12 -13 -2 8 0 0 -5 4 
-9 -1 6 -5 -2 -1 0 0 
19 -3 -9 4 -1 -3 -3 -7 
-20 -8 14 13 -1 -2 0 0 
13 6 -16 -23 -3 -2 -2 -1 
6 -8 13 5 1 0 -1 -3 
-5 -4 8 4 -1 0 0 -3 
7 1 -6 3 -2 -1 2 21 
-14 -8 5 -5 0 0 -6 -49 
-2 1 -7 1 -2 -2 6 6 
3 -3 -7 -4 -5 -4 -3 16 
-12 -1 -4 -8 -2 -3 -1 -18 
7 1 2 3 -2 -3 -1 26 
10 2 -6 8 -3 0 -6 5 
-21 -6 2 -2 3 0 1 -16 
20 1 -3 6 -1 0 2 11 
-4 -2 -1 -5 -4 -3 1 4 
7 1 -12 -16 1 -1 -6 -4 
-17 -6 -11 22 -1 -1 -1 -8 
-7 3 27 5 1 2 3 -9 
3 8 15 3 0 -3 -9 2 
-15 -7 -26 -6 2 -1 1 -10 
11 -4 -9 -11 -5 -3 -2 6 
-2 -2 -11 -17 -3 -2 -1 -8 
3 5 4 4 3 1 2 37 
-5 7 23 10 2 3 -2 -44 
9 -2 -22 -19 -7 -6 -1 9 
-10 -2 6 3 0 -1 -4 -10 
-10 -10 -18 -5 -2 -1 2 1 
16 2 0 12 1 -1 -2 6 
-1 2 6 -6 0 0 -3 0 
15 7 17 5 3 -1 0 5 
-17 1 5 8 1 -2 -6 -28 
-11 -7 -9 -5 -3 0 10 7 
21 6 22 20 2 -1 -2 1 
-27 -11 -24 -23 -7 -4 -4 -8 
9 7 21 -1 0 0 -1 -1 
2 0 8 15 1 1 2 10 
-1 -4 -23 -21 -6 -3 -3 -7 
5 -6 -8 -6 0 0 -1 -1 
-23 0 -5 -4 -2 -1 0 8 
10 4 4 13 1 -1 -3 -14 
-6 4 15 1 0 3 1 9 
8 -2 9 8 -3 -4 -5 -24 
1 -6 -10 -1 -3 0 7 10 
4 -2 14 2 -1 -5 -10 22 
-10 1 -14 -8 1 -1 -2 -22 
-7 -1 -7 9 1 1 1 9 
-1 -1 6 3 0 -2 -1 -6 
8 3 2 -10 -5 -6 -2 7 
-1 -8 1 -8 -4 -2 -1 -4 
-12 1 5 5 -2 -3 -3 -4 
0 -4 -3 -6 -1 0 3 1 
1 -3 3 3 -1 -1 -1 -4 
-12 -5 -11 -2 -3 -2 -2 22 
-5 2 -2 -29 -2 -2 -5 -39 
9 1 -6 -7 -9 -5 -2 -3 
-7 -8 -14 -3 0 -1 -1 6 
2 13 16 8 2 0 -2 -6 
12 3 1 17 0 -1 1 20 
0 -7 -6 0 1 0 1 22 
-21 -1 -3 -17 2 0 -9 -45 
2 -14 -13 11 -2 -4 2 3 
-20 3 6 2 1 0 -2 -8 
9 9 -6 -2 2 1 -3 5 
6 -3 -7 0 -4 -4 4 14 
-2 -5 10 -5 -2 0 -2 -2 
-18 -1 9 2 0 -2 1 1 
15 -7 -12 -10 -2 -1 1 -8 
-27 1 2 7 -2 -3 -4 3 
-3 -4 -9 -12 -2 -3 -3 -29 
16 2 3 4 0 -1 1 10 
-6 -1 7 1 -2 -1 0 -6 
11 -2 -6 -6 -1 0 1 0 
2 0 -4 6 -1 -2 -1 12 
0 1 10 11 0 -2 -2 -5 
-7 -7 -7 -5 -5 -5 -4 -12 
8 0 -1 -6 -2 0 2 10 
-17 12 -3 14 2 0 -6 -3 
11 7 10 7 0 0 1 33 
-5 -6 -1 -8 -6 -1 -3 -37 
-16 -5 -1 8 0 0 -2 -20 
8 -7 -17 -15 -1 -2 -1 -4 
-13 -5 -2 1 0 -3 4 -7 
10 7 4 0 3 1 0 14 
11 0 11 -1 -3 -1 -2 -3 
-26 -10 -10 -12 -1 -2 -2 8 
2 -6 -22 -22 -3 3 -1 1 
-4 3 8 16 -2 -2 1 3 
0 0 9 -3 0 -2 -1 0 
22 5 6 21 2 -1 -3 7 
2 0 -25 -29 -3 -2 -1 -7 
5 -13 0 -1 -3 -3 -6 6 
-16 -1 -9 -6 -3 -2 -1 3 
-2 -3 17 13 1 0 2 -4 
2 1 -4 7 1 1 2 9 
-16 0 -5 -7 1 2 0 -20 
16 -2 -22 2 -3 0 1 12 
-3 -7 6 -14 -2 -5 -2 1 
4 -2 12 1 -2 0 -2 -4 
-3 1 0 -3 2 -1 -1 3 
-10 0 1 7 -1 -1 -1 13 
-9 2 7 -15 -1 0 1 -4 
-2 -1 -3 17 4 -1 -6 -23 
-2 -10 -28 -8 -9 -9 -1 4 
1 1 3 4 3 1 -2 -1 
15 5 33 16 1 2 1 2 
1 -4 -2 -9 -3 -4 -3 1 
-15 4 0 -3 1 0 -3 -6 
2 -1 -10 -4 -2 2 13 2 
-31 -10 5 2 -6 -8 -16 -25 
10 -4 -15 -7 -5 -2 -3 22 
9 -2 9 -2 2 1 0 -2 
7 4 -1 -7 -3 -3 -3 28 
4 -5 -9 -2 0 2 6 -37 
7 8 7 8 2 0 -3 5 
-23 -10 -8 0 -2 -2 2 -5 
3 2 0 -20 -4 -1 -3 3 
-3 -6 -12 -5 0 0 1 11 
-4 -4 2 2 -1 -4 -2 -2 
25 9 9 13 0 1 1 1 
-17 -5 8 3 -1 -2 -5 -22 
11 0 -13 23 0 -1 1 18 
-1 -9 -11 -33 -11 -4 -1 -12 
-1 4 15 1 -1 -2 -2 0 
15 -3 -15 -6 0 1 5 22 
-9 -4 1 15 2 -4 -13 -32 
1 1 15 -7 -2 -1 2 -2 
-10 -3 -22 -6 -4 -3 -2 -2 
16 -2 8 8 -2 -4 -3 -6 
1 19 3 -5 3 3 2 1 
-21 -10 -8 5 -4 -4 3 21 
-7 -1 1 -5 -1 -2 -6 -5 
-3 -3 4 -1 -1 -1 0 -14 
6 -1 -13 -11 -2 -1 0 22 
3 5 5 15 3 1 0 -2 
0 1 4 -3 -4 0 -3 -9 
-13 2 0 15 0 -2 -4 0 
-3 -5 -10 -52 -7 -3 -3 -5 
14 0 -9 -4 -5 -3 3 5 
1 -6 0 -6 3 2 0 -3 
-20 -2 -4 8 -5 -5 -6 -6 
12 -1 6 -2 1 3 5 30 
4 -2 -13 12 3 1 -7 -40 
18 6 5 -24 -3 1 3 14 
-9 -5 -6 3 2 1 -1 3 
4 -6 -10 3 -1 1 0 -23 
-4 19 -4 -13 -3 -2 10 10 
8 4 5 20 4 1 -6 13 
-17 -12 10 -12 -1 0 -5 -40 
28 -10 -22 -5 -6 -6 -2 30 
-5 -8 -1 15 3 1 -4 -12 
-9 3 -9 -29 -1 0 1 9 
10 9 6 4 0 -1 4 -1 
0 -3 3 -4 0 -1 -3 -4 
-8 3 12 8 -1 -1 3 -10 
8 -6 -7 3 -4 -6 -7 36 
-18 -8 -15 -12 -3 -2 -3 -51 
-25 3 -2 7 0 1 10 -7 
6 -4 29 -5 2 1 -14 6 
-22 -13 -18 2 -1 -3 3 -10 
22 5 -7 -11 -4 -2 -5 24 
1 -4 3 -1 1 -2 -7 1 
4 3 12 17 1 1 2 -5 
-19 14 19 -7 0 -2 -10 -23 
10 -9 -5 -22 -6 -4 -5 37 
-15 11 -43 -20 -7 -1 -2 -31 
-17 -13 -25 -8 -2 -2 -7 10 
19 5 0 4 2 3 4 -1 
11 14 12 1 -1 1 22 17 
-29 -8 -8 -1 -1 -1 -16 -27 
33 44 32 -31 -8 -4 -16 28 
3 -38 -46 44 1 -2 3 -22 
27 2 14 -15 3 3 5 37 
7 -5 16 10 -1 -1 5 -3 
-23 -23 -2 -4 -5 -2 10 -12 
19 7 52 29 6 3 -7 45 
-48 -24 -34 -23 -2 -5 -10 -74 
12 44 -1 -4 0 4 8 -6 
6 -24 -20 5 0 -3 -26 9 
13 13 11 6 0 3 42 17 
-18 -20 -37 9 4 -1 -17 -11 
26 1 21 8 -3 -3 24 50 
-32 -6 -22 0 3 0 0 -22 
30 35 0 -13 -2 1 -23 -18 
-29 6 7 1 0 2 20 26 
12 -19 -38 -20 -6 -5 -20 -12 
8 -10 13 19 -3 -2 14 47 
-29 -31 -57 -15 -2 -4 -15 -69 
-1 9 39 -4 -4 -5 -11 -17 
-5 -23 15 22 3 -1 -2 25 
-2 28 10 -5 -1 -1 0 -9 
-14 -31 -25 -7 -7 -4 3 5 
33 -12 -3 17 2 -1 -10 28 
-37 -13 -4 -30 -6 -6 2 -41 
32 11 49 24 1 2 -5 14 
1 6 20 -9 -9 -9 2 -47 
-13 -7 -32 21 0 1 -6 7 
13 34 29 -15 0 2 20 46 
-15 -6 -55 -21 -5 -2 -20 -53 
13 -17 -33 -3 3 1 29 59 
-14 24 17 -3 -3 0 1 -23 
9 -6 23 10 0 -3 -7 14 
-58 -19 -28 19 2 -1 14 -31 
37 22 40 -16 0 5 -10 18 
-5 -4 -35 -10 0 -7 5 -19 
-8 -37 7 0 0 3 -2 -4 
41 16 16 6 1 -2 -33 15 
-66 -9 5 9 -5 -3 39 -2 
-25 18 -4 -13 0 1 11 -9 
-14 -18 -29 -17 -8 -5 -9 5 
6 1 57 -6 3 3 3 -33 
4 3 -65 12 2 1 -18 10 
25 3 15 -2 -5 -2 -10 -35 
-8 4 -3 -1 0 4 17 28 
1 -3 55 -5 -9 -7 0 -10 
-11 12 18 -4 1 -3 -15 -4 
11 -10 3 23 0 2 7 36 
-4 -19 -67 7 -6 -10 -26 -14 
3 27 -2 -6 2 5 20 9 
-19 -11 7 -29 6 1 -15 -10 
6 31 -24 11 -10 -2 2 24 
12 36 85 46 9 4 -2 -17 
6 -29 -56 -30 -11 -7 6 45 
-32 -16 -46 0 -8 -8 -7 -60 
-11 -19 62 -15 0 -1 -14 -10 
68 36 42 22 21 4 4 23 
-56 -32 -56 -1 -18 -4 5 -8 
38 34 -2 15 -10 -8 -15 17 
-30 -27 -10 -6 9 2 -1 -38 
-4 -6 -1 -4 3 2 5 7 
2 -4 -4 -18 7 -1 -9 3 
28 -3 55 -2 -2 2 14 21 
42 -12 -33 33 -5 -5 2 92 
-28 -4 7 31 1 -7 -9 -89 
27 14 -37 -29 -1 5 15 17 
-63 -22 5 11 6 -1 -33 -42 
40 13 18 -9 0 6 -2 17 
6 -15 -27 14 -6 -8 3 13 
-40 -4 -7 -41 -7 -1 26 -16 
15 -15 -4 17 2 0 -1 20 
-12 16 13 4 -4 -4 -4 25 
26 -23 -60 -55 -16 -9 -51 -77 
5 -13 23 30 6 -1 17 34 
28 50 35 0 6 3 5 -37 
-11 5 11 -3 3 -3 4 -3 
-14 -25 -12 -24 -6 4 -9 15 
-36 -6 -19 15 -7 -7 -16 -6 
-31 -1 29 21 11 5 23 -16 
8 -22 -21 -16 -15 -5 -17 -35 
-6 13 5 -30 -7 -2 17 16 
25 -44 -7 26 5 -2 -32 33 
-19 1 38 -5 3 11 68 29 
15 -26 -37 -5 -7 -13 -30 -15 
-16 3 -18 -14 4 13 18 21 
21 -8 -4 3 2 -7 -21 -13 
52 10 12 -1 -6 -1 -11 46 
-22 17 31 -5 1 -2 0 -56 
27 50 -23 10 -2 -6 -28 27 
-8 18 44 0 3 7 32 5 
10 -26 -21 -7 -8 -10 -5 46 
-18 -14 2 4 4 4 14 -41 
4 19 98 5 4 5 -17 28 
15 -14 -7 37 -2 -5 -31 -85 
-20 25 -26 -24 -4 1 37 9 
31 41 49 16 -2 1 10 37 
-50 -81 -38 -36 -8 -8 4 -14 
18 5 -11 -14 3 2 7 28 
-11 -15 -53 -17 -4 -3 -29 -31 
-1 19 27 9 3 -1 -7 -20 
10 1 -7 11 -9 -4 19 14 
-9 31 -15 -18 1 3 3 -5 
16 -1 -25 -4 -1 2 -24 1 
-23 -24 -20 -19 -6 -8 -5 -12 
3 32 14 14 -5 4 10 -3 
-10 -8 8 9 -5 -8 -12 -24 
-24 19 10 -7 -1 -5 -23 -14 
12 19 -27 14 10 18 28 41 
-22 -11 57 -6 0 -14 -14 -42 
10 7 9 11 -5 -3 4 7 
-8 -21 -46 -15 -9 -11 -27 -25 
1 16 31 25 9 8 24 25 
0 4 -17 -6 -11 -6 1 27 
11 6 -16 2 6 9 2 -35 
-10 -5 33 -7 -9 -7 -7 0 
-13 -33 -2 -12 -1 -3 -7 7 
-11 13 -27 -25 5 11 18 17 
29 4 12 8 -19 -12 -1 -3 
-40 7 1 1 -5 -2 -8 -32 
12 -21 -52 -19 5 -4 -11 2 
6 -12 70 28 1 2 5 0 
-23 -15 -38 8 8 -2 1 19 
34 -4 7 7 4 7 17 47 
-29 -11 -44 -24 -3 -6 -15 -71 
1 1 -8 28 2 -3 -8 -2 
-9 -4 -8 -8 0 1 -1 7 
-5 1 34 10 -8 -4 0 -4 
17 -18 -33 -29 -3 -2 0 18 
17 29 6 11 7 6 5 3 
-6 10 11 43 0 2 5 10 
2 -3 -20 -39 -4 -1 0 13 
-4 25 42 13 -4 -3 -10 -2 
-4 -37 -39 -23 -5 -5 -3 -14 
-19 -9 20 -2 0 -3 -3 -6 
16 5 9 14 1 5 8 29 
16 9 13 -4 -6 -3 -6 5 
-22 -12 -10 10 1 -2 -2 -73 
11 -10 -23 -36 -2 -5 -6 -1 
-13 5 10 9 1 1 -4 -7 
-3 -16 19 2 -2 1 -1 6 
0 -9 -25 -2 0 -2 4 17 
-9 2 5 -14 1 2 1 -17 
5 -1 1 2 -2 -1 -2 7 
-5 0 -4 15 6 3 4 9 
2 -7 -9 -27 -12 -2 -3 9 
-2 8 15 -4 -6 -2 2 8 
-3 -7 -3 20 6 -2 -7 -12 
-7 3 -14 -7 -2 0 5 13 
7 -4 19 15 2 0 -2 -1 
-30 -13 -35 -33 -10 -3 -5 -5 
6 -3 -4 12 13 3 -3 -7 
-3 -4 -16 -15 -17 -6 0 1 
-6 -4 7 4 -1 -2 -2 6 
1 -8 22 0 5 5 0 1 
7 -9 -17 -1 -7 -9 -4 22 
-4 5 -9 5 2 0 -10 -56 
6 18 -4 11 2 0 8 68 
24 8 22 1 5 2 0 -30 
-16 -12 -4 -9 -9 -5 -11 -52 
-13 3 -15 0 2 2 3 7 
-2 -13 -14 -2 -2 0 -1 8 
7 10 3 1 2 -1 2 1 
-4 -4 -8 -2 1 2 0 6 
-10 1 14 10 4 -1 -4 -8 
-7 -7 -22 -17 -6 0 -1 4 
14 -11 -15 -3 -6 -6 -3 11 
-2 18 15 -5 -5 0 -1 -11 
-4 -4 8 2 5 0 0 5 
10 -10 -34 -1 -1 -1 -3 -4 
-4 5 5 5 4 5 5 13 
1 1 0 -5 -8 -3 -4 -7 
-1 -13 2 5 -3 1 0 15 
-8 0 -13 -5 2 -1 -7 -25 
-2 13 -6 -6 -4 0 6 16 
9 5 17 1 5 -1 4 29 
-7 -3 -5 -4 -5 -4 -7 -47 
16 -1 -8 2 -5 -5 -4 5 
-13 2 0 -1 2 3 1 5 
13 5 9 -2 5 5 7 12 
-7 5 23 5 -4 -5 -6 9 
8 -15 -10 1 -2 -6 -9 -47 
-24 7 1 11 7 -5 -4 -5 
8 13 -15 -10 -9 0 3 -5 
5 -25 -35 -9 -5 2 2 9 
-5 6 39 9 6 2 0 0 
8 7 7 -4 -3 -2 -2 0 
13 1 -6 0 0 -1 -3 -8 
-14 -9 -20 0 -5 -5 -1 18 
-11 3 -3 -2 3 2 0 -2 
7 -1 1 -1 -2 0 -1 2 
-6 -10 -8 -3 0 0 3 13 
0 -9 -3 -17 -7 -4 -3 -20 
-8 -5 7 7 3 -1 2 2 
-1 5 14 1 0 0 -2 -5 
5 1 7 1 2 -2 -3 -8 
6 24 -2 -1 1 2 1 15 
-12 0 -4 0 -3 -1 1 -4 
0 -4 -11 -4 -2 -2 -3 19 
1 -1 16 1 -3 -5 -6 -11 
-6 -5 -7 0 3 -2 -2 -39 
-2 5 -2 -6 -5 -5 -1 8 
1 -5 -13 -5 -3 0 1 2 
-19 -4 -5 -3 0 -1 -2 -14 
3 -6 1 2 -5 -4 1 40 
10 3 10 -4 0 -1 -3 -27 
-6 -5 -19 -7 -5 -3 -4 -11 
-7 1 -1 7 2 -3 -2 -11 
-1 -7 2 -5 2 2 1 10 
4 1 -7 9 4 3 2 9 
26 7 25 -14 -5 0 3 32 
-38 -6 -17 -1 -3 -3 -2 -48 
5 -33 -22 -3 2 -3 -5 -1 
-8 -9 2 2 -4 -7 -4 1 
1 -18 4 5 1 -2 -1 -9 
20 2 3 -5 0 -1 0 18 
9 17 15 7 2 3 4 7 
-19 -12 -15 -6 0 3 0 -11 
12 1 -16 -5 -5 -3 -2 1 
1 2 19 7 0 -1 -1 12 
-10 -15 -37 -23 -8 -5 -4 8 
-4 0 -3 1 -6 -3 -3 -10 
-18 4 6 2 -2 -2 -1 -31 
8 1 5 1 1 0 0 9 
4 11 14 0 1 0 0 9 
3 10 -4 1 2 -1 -1 7 
-15 -2 17 5 5 1 1 0 
5 -13 -35 -9 -9 -5 -5 -3 
5 3 11 4 -3 -1 2 18 
1 1 0 -11 -5 -2 -1 -18 
-12 2 1 6 4 2 -3 -7 
-7 -3 11 2 -2 -1 1 0 
5 25 -2 -3 -1 -1 -3 -11 
-12 -10 3 6 8 -2 1 7 
1 -2 -9 -14 -14 -2 0 8 
1 -5 -28 -13 -3 -3 -1 9 
10 -1 -2 -3 -6 -4 -5 -15 
-6 4 14 6 1 -1 -2 9 
14 -3 -9 9 5 -2 -4 -4 
-6 -7 8 0 -1 -1 -3 5 
-5 -8 -8 -4 2 1 1 -13 
4 1 0 0 -4 -3 0 10 
-18 -3 -7 -3 -5 -3 -1 -6 
3 3 7 4 1 -1 -1 -8 
-1 2 27 9 3 1 1 20 
-13 -6 -34 -7 -5 -2 -4 -32 
5 -2 -16 -18 -5 -3 -1 2 
-5 -4 -5 -2 0 -1 -2 -4 
-2 -14 10 3 -3 -5 -2 6 
22 26 -4 -2 -2 1 2 12 
-8 -3 -4 1 5 -2 -7 -21 
-26 -12 8 3 -3 1 1 -4 
-1 -5 1 -6 -3 -3 -1 -4 
-2 -10 1 -1 -2 0 1 9 
23 3 -1 7 4 0 1 10 
9 9 -12 2 0 0 -2 -1 
-12 12 21 10 9 1 -2 -9 
-7 -44 -43 -21 -14 -6 -5 4 
-1 -9 1 -1 -2 -1 4 7 
-7 8 4 -1 2 -1 -1 -12 
1 -9 7 5 -3 -2 -2 -4 
12 8 35 3 6 -1 0 11 
-19 -6 -24 -14 -12 -5 -7 -18 
-1 -16 -18 4 -5 -4 -3 -9 
-2 -8 -30 -12 -7 -2 1 3 
8 19 34 7 6 5 0 2 
-1 4 16 9 4 -1 3 9 
28 9 13 3 6 3 7 33 
2 -5 -42 -17 -7 -4 -9 -37 
-30 -13 0 -5 -8 -6 -2 -7 
3 10 -2 1 -1 -2 -2 -3 
-2 -4 22 -1 0 2 0 -1 
14 4 9 7 4 1 1 23 
2 -3 -7 -4 0 0 -3 -8 
-4 3 -2 6 1 -1 -4 -9 
-2 5 -10 -1 0 0 -4 7 
-9 -13 4 0 -2 0 2 -5 
5 13 2 -5 -2 -1 -2 4 
-11 -20 -14 0 -1 -4 0 -8 
-10 7 20 -4 0 0 -1 -2 
6 -5 -13 -9 -6 -5 -2 -13 
3 -2 -10 9 2 1 1 9 
4 -1 32 5 4 1 3 24 
-6 -8 -18 -7 -5 -5 -5 -35 
2 12 1 0 -1 3 2 17 
2 -7 12 3 4 -2 0 -5 
-8 5 7 -3 -2 -1 -3 -19 
-30 -13 -16 -10 -4 -4 -4 -9 
2 6 11 3 -2 -2 3 45 
1 -9 -21 -5 5 1 -4 -33 
-3 8 -6 4 -2 0 -1 2 
3 11 6 -11 -4 0 1 -1 
2 -4 -9 5 4 0 1 -1 
2 -4 -3 -4 -5 -2 0 17 
-9 2 -1 -5 3 -1 -4 -9 
18 0 -6 10 -2 -4 0 8 
-23 2 9 -1 -1 0 -4 -7 
-1 -13 -3 1 1 -2 -6 -36 
-8 -4 -2 -3 -2 1 3 4 
1 -9 -8 -3 -4 -2 -2 6 
4 -4 10 0 -1 -2 -1 -2 
-13 2 -8 -3 -4 -3 1 10 
5 12 -14 -9 -3 -1 -2 -5 
5 0 7 11 4 -1 -1 4 
-6 -8 11 0 0 -1 0 -16 
8 7 7 0 2 3 1 44 
30 6 4 2 -1 0 0 6 
-43 -6 15 -6 2 2 -8 -69 
-18 8 9 -5 0 -3 -4 -23 
-10 -18 -27 -9 -9 -8 -4 -3 
10 1 5 4 -1 -1 0 16 
17 10 1 2 2 3 3 22 
-1 3 2 9 1 1 3 -6 
-2 1 21 3 7 2 1 -4 
3 -25 7 -3 -15 -4 -1 0 
4 -3 -9 2 -1 -1 0 9 
8 3 -3 -4 -4 -4 -3 7 
-6 -9 -2 -3 -1 -1 0 -3 
-7 -5 -6 -2 3 -4 -6 -10 
4 14 3 2 1 0 -2 5 
0 -14 -2 -3 -1 1 -2 18 
-2 5 -8 3 1 2 -1 -19 
-8 2 8 -3 1 1 -2 -4 
9 -1 -10 -6 -5 -4 -2 5 
9 -5 -6 1 -3 -4 -4 -5 
-20 2 5 1 -5 -2 -3 -5 
15 4 1 0 2 0 4 8 
-2 2 -9 -5 0 2 -2 7 
-12 -13 -3 -4 -3 -3 -1 1 
23 5 3 -6 -4 -3 0 8 
-14 -25 -19 1 1 0 0 -25 
9 9 29 4 0 -2 1 39 
8 -2 -20 -3 4 3 -2 -44 
-11 21 18 -3 -7 -2 -2 5 
-17 20 -7 -2 0 -1 -5 -26 
11 1 -6 4 4 -1 4 22 
-6 -2 2 -1 -5 -3 -2 -6 
8 -9 -19 3 -1 1 3 17 
8 0 4 -1 1 -2 0 14 
-14 -4 -11 -11 -7 -5 -4 -6 
-3 2 -14 -2 -1 -1 -3 -22 
9 2 2 1 2 -5 -6 -2 
-3 3 5 7 -1 2 1 5 
-17 -11 3 -3 -3 -2 -1 -10 
0 1 8 -7 0 -1 0 16 
-4 -11 -14 -1 -1 1 4 10 
-2 -14 -11 -6 -4 -3 -6 -24 
-5 -8 1 0 -1 1 -1 -2 
0 2 0 2 1 0 -2 -2 
-6 2 24 5 4 2 3 -8 
5 -3 -17 -6 -3 1 0 17 
14 0 -2 3 -1 0 0 -1 
-9 2 -8 1 -1 -2 -3 -5 
-4 -3 6 -11 -2 -1 -1 -6 
6 -1 4 5 2 1 2 20 
-9 -3 -17 -3 -2 -3 -3 -20 
-4 -13 10 3 -2 1 -1 8 
5 5 -10 1 -1 -2 0 5 
-5 5 7 -10 -4 -3 -2 -8 
7 -9 5 11 1 1 2 29 
-27 -3 3 0 0 -1 -6 -51 
29 -8 -15 -2 2 -3 -1 2 
-3 11 -14 -14 -15 -7 -2 4 
-2 -4 -8 -6 -1 0 -3 -2 
7 10 -2 -1 -2 -3 1 17 
-12 2 8 -8 -3 0 -3 -10 
10 -13 -8 6 9 0 -1 7 
-21 -4 0 -5 -4 -5 -5 -15 
3 2 1 -2 -3 0 -3 2 
-13 -4 1 3 -4 -1 3 -10 
7 -2 16 6 4 1 2 39 
2 0 -26 -6 -2 -3 0 -49 
16 8 6 4 3 0 -2 9 
-23 -4 -17 -13 -8 -6 -5 5 
-10 -2 -4 3 -1 0 -4 -10 
5 4 6 -1 2 1 3 33 
-6 8 0 -1 -1 -1 -3 -35 
10 -6 13 8 1 3 1 3 
-4 12 -8 -2 -1 -4 -1 -13 
-15 -4 -4 -8 -6 -2 -4 -5 
-4 -4 -7 -8 -4 -5 -3 23 
-4 -1 12 1 1 2 2 -8 
-5 0 5 3 5 3 0 -13 
14 4 -4 7 3 2 -1 4 
0 -8 -9 -15 -7 -2 3 21 
-9 11 -7 -11 -3 -3 -2 -19 
8 -17 -5 0 -6 -5 -2 3 
10 5 1 2 6 -1 4 37 
-9 -6 22 4 1 1 -1 -49 
6 17 6 5 -1 -2 -4 5 
3 -1 -29 -9 1 2 2 -8 
-12 -6 7 -16 -8 -2 -2 -19 
0 -14 -3 6 0 -3 4 34 
6 -1 5 8 -2 -3 -4 4 
4 6 -3 -6 -1 -2 -3 -14 
-17 -4 16 1 0 0 0 0 
12 -1 -16 -8 -1 0 4 36 
-23 -9 -7 -3 -1 -4 -7 -44 
-6 2 17 8 -5 -1 0 -3 
4 1 -10 -8 -2 -1 -2 -12 
23 11 6 0 0 -4 -2 1 
-8 -22 6 5 1 1 -1 19 
-2 6 0 -9 -3 -2 0 7 
4 -17 -9 6 0 -3 0 -8 
1 2 -2 -4 -2 3 1 7 
6 4 -9 5 4 1 2 -3 
