#EMG
#5
#ID:5-15
-14 -25 -47 -5 -6 -4 0 3 
-1 5 17 13 3 0 -4 6 
-6 11 31 -4 -4 -3 -6 -14 
6 -13 -31 -14 -2 2 -4 -19 
7 5 27 14 1 1 5 12 
-4 -1 -2 0 -3 -4 2 4 
-5 2 -10 -4 -1 -1 -1 15 
17 -6 -11 -7 1 2 -5 -6 
3 12 19 20 5 2 2 6 
-12 -3 3 -32 -7 -4 2 -1 
-9 9 10 6 -1 -2 -5 -6 
-2 -7 -15 -12 -5 -5 -4 -18 
11 5 11 4 -2 -2 1 14 
-8 -8 -17 2 -2 1 2 39 
10 -1 8 2 -3 -5 -10 -84 
-10 -5 -15 3 2 2 4 7 
-11 10 26 0 -1 -2 -1 10 
12 2 -10 -7 -1 -1 -6 -12 
-7 -9 11 -1 -4 -4 0 21 
-5 -18 -10 7 1 0 4 4 
-13 -3 3 -3 -2 -2 -6 -1 
5 1 -8 6 0 1 6 -21 
-1 -11 -12 -16 -8 -4 -22 10 
-1 13 15 2 3 0 20 -11 
23 -3 2 7 1 1 1 33 
-6 -5 -14 -16 -6 -4 -1 -11 
-18 -11 2 11 4 0 -4 -2 
2 4 -7 -1 -2 -2 7 2 
-4 11 12 -2 -1 -7 -18 15 
21 5 -14 1 -2 1 -2 -41 
4 -16 -12 -16 -4 -3 0 14 
-10 3 12 14 4 4 4 -4 
10 0 -3 6 -1 1 0 0 
-5 1 14 9 0 1 1 -1 
-11 1 -15 -11 -3 -1 -2 7 
13 8 10 -8 -5 -5 -5 -6 
-12 -16 -30 -14 -4 -3 -3 -3 
-3 -1 12 3 2 -1 -3 -3 
15 15 -7 -3 -3 2 9 13 
-7 0 6 8 1 -1 -12 -7 
19 0 -1 -7 -1 -2 9 -7 
-11 -11 1 -2 -1 -2 -1 -4 
10 3 -9 3 3 2 -1 19 
6 2 19 10 2 -1 -5 4 
-18 -3 -24 -22 -5 -2 0 -17 
-16 -4 11 21 -1 -2 1 8 
18 11 12 -5 -2 -2 -4 -5 
9 -6 -8 1 0 0 -7 22 
-4 -7 5 -12 3 4 3 -38 
-1 7 -10 17 2 1 0 1 
-1 5 9 15 -1 2 14 17 
-18 -15 -21 -18 -9 -7 -10 -17 
1 4 7 9 3 -1 -10 15 
1 -2 -1 -17 -4 -4 0 2 
-16 4 3 4 2 -3 -3 -9 
-1 6 12 9 4 3 3 11 
0 6 0 -13 -8 -2 3 -10 
-5 -1 -6 -8 -1 2 1 -2 
18 -3 -15 -5 -1 -2 -13 3 
6 1 14 -1 -4 -5 12 4 
-16 4 -7 5 2 2 -8 15 
-9 -13 0 1 1 0 2 -44 
-4 -3 14 -4 -3 -3 -3 0 
7 -5 -14 13 -5 -1 2 -6 
1 -1 -3 -7 3 -2 -9 16 
3 11 12 6 0 -3 -3 5 
1 -8 -13 4 1 1 6 -3 
19 19 44 2 5 4 -4 -4 
-32 -26 -39 -21 -12 -8 1 6 
-10 -6 23 12 4 2 3 16 
30 -6 -29 -7 -3 -6 -15 5 
-28 -4 -28 -4 -2 -1 -5 -19 
9 15 37 -1 0 4 11 -7 
21 -10 -8 2 -4 -4 6 19 
-35 -17 -26 -11 -2 2 8 -4 
3 -6 -2 -11 -1 0 -7 -5 
3 -2 10 25 0 -3 -5 -3 
-11 -5 -11 -11 -2 2 1 -15 
11 5 9 5 1 -2 2 16 
3 -1 -12 -5 -3 -2 0 36 
-18 -2 20 -2 0 2 -1 -73 
20 12 0 4 0 -1 0 31 
0 2 15 -2 -1 -2 -24 -40 
-21 -2 3 2 -2 1 18 -8 
12 -13 -22 -9 1 1 -4 10 
-23 -3 13 25 -2 -1 8 18 
-5 0 -13 -12 -2 -4 -15 -23 
12 -2 -1 3 -1 -4 3 6 
5 8 -29 -13 -2 0 4 8 
-11 -15 -2 -5 -3 -2 -5 -10 
6 7 41 4 0 2 12 56 
2 3 1 4 0 -3 -15 -80 
-17 0 2 13 2 4 -1 6 
-1 1 -22 -27 -5 -6 -25 -2 
2 -6 -36 14 1 0 40 11 
-5 -7 30 -8 -3 -4 -16 15 
10 3 9 -3 -2 -4 0 -7 
6 -2 8 4 -1 1 -8 -2 
-17 0 0 -9 -2 -2 -7 -12 
-8 -11 -32 -13 0 3 6 3 
-10 9 20 45 5 -1 4 4 
17 5 -29 -50 -7 -2 -7 20 
-11 5 -4 12 -1 -1 -29 -58 
10 -6 12 -12 -8 -3 31 65 
-7 -3 3 16 2 -2 -23 -66 
7 -1 -55 -19 -4 -3 31 21 
-12 -19 -16 -1 -2 -3 -8 -15 
-6 11 27 -11 1 -1 -18 -7 
9 -5 -2 -1 -2 0 7 26 
-13 -4 21 14 2 -1 -9 -23 
6 -1 1 -5 1 4 26 11 
7 -2 -8 7 -3 -4 -24 22 
-21 -9 7 -17 -4 -1 -3 -37 
4 12 16 24 2 -2 -25 -5 
-25 1 41 -9 -8 -4 12 24 
2 -2 -11 -6 2 0 -7 -51 
15 -7 -2 -3 -4 -2 28 43 
-11 -5 -16 -11 -3 -4 -6 -11 
21 7 -6 1 1 -1 -16 3 
-14 -3 -5 1 -1 1 13 3 
-7 -1 -1 8 4 2 -10 1 
-8 -9 -7 -10 -7 -4 -14 -26 
2 -5 3 1 -2 -1 35 32 
1 -12 -23 0 -2 1 -7 6 
31 8 24 0 -3 -2 -12 -31 
9 4 3 2 1 1 16 24 
-54 1 -44 -6 -1 1 7 -14 
-12 -6 17 11 -1 -7 -15 2 
1 -4 -36 -30 -7 -3 -17 13 
11 -10 31 16 3 1 20 -3 
16 10 15 -2 -3 0 -6 -9 
-1 -10 -37 9 1 0 1 6 
-5 12 51 1 -2 -3 0 22 
-16 46 -59 -11 1 1 -10 -29 
15 -18 -18 -24 -4 -1 -8 49 
-10 10 -17 -17 -2 -1 -2 -60 
8 16 44 17 2 0 5 15 
0 -51 -50 -13 -1 1 27 46 
-22 39 103 19 0 0 -21 -67 
17 15 12 0 0 0 0 17 
19 -29 -19 22 -2 -5 -11 -13 
-12 42 -9 -33 -9 -5 -24 -8 
20 -15 -20 -11 3 1 -5 -5 
-9 -35 -30 -15 -6 1 28 14 
1 0 12 27 5 4 -5 -10 
8 -15 -41 -13 -3 -1 -11 8 
4 36 -29 -8 -4 -3 -9 -4 
12 22 31 0 1 1 -9 2 
-21 -11 -55 -14 -3 0 7 8 
-2 -20 -4 16 1 -1 -7 -7 
0 -37 9 -5 -3 0 -1 41 
-5 -1 7 11 4 0 -4 -16 
7 -10 7 -14 -8 -5 13 0 
-19 8 73 6 0 0 3 -20 
3 -7 -38 -1 -1 -6 -12 -11 
-2 10 20 12 1 -1 -3 21 
19 -4 -12 -60 -7 -7 -13 8 
-5 -3 -29 26 5 0 5 -6 
-2 2 66 8 0 -1 9 13 
11 13 -52 -2 -1 -2 -27 -26 
-1 10 7 -3 4 6 21 17 
-2 9 23 27 1 3 -4 0 
0 -14 -24 -25 -6 -3 8 -9 
-5 -29 -23 -3 -7 -4 0 12 
-1 3 -2 9 4 6 -7 -14 
25 -7 36 -2 0 0 14 32 
-10 5 -26 23 6 2 -15 -30 
-2 -1 1 -14 -4 0 -35 -7 
2 -1 -32 -8 -7 -2 53 22 
-7 -3 24 -13 -2 -2 -19 7 
7 4 0 10 1 -3 30 4 
9 -9 -27 -10 -2 1 -13 10 
-24 -17 -44 -5 -12 -12 8 12 
10 2 -28 3 -2 -1 -15 -45 
-2 -2 13 -15 -4 -2 -16 10 
-11 -10 22 22 0 -3 8 15 
8 9 16 -2 7 4 -16 -37 
-8 8 11 3 -9 -7 13 26 
42 -16 -67 0 1 5 -6 -10 
-40 9 48 -5 1 4 18 2 
0 31 16 28 10 0 -4 48 
-15 -45 -28 -30 -17 -17 -19 -101 
-11 10 35 5 -1 4 -2 16 
12 -4 -36 -7 -4 -4 -1 -18 
8 -1 -17 -4 2 3 26 51 
-45 -3 70 15 -3 -8 -14 -29 
-2 -31 -99 5 -2 -3 4 8 
19 24 91 -34 -7 -3 -2 -9 
-11 -63 -87 -27 -4 -6 -23 -41 
35 5 85 47 7 6 9 41 
-6 12 40 28 4 1 2 -17 
-6 -10 7 2 3 2 -4 12 
-14 7 2 8 -3 -3 -47 -9 
-4 -4 24 -23 -2 1 61 -20 
-7 -3 24 8 5 -1 -12 -3 
-6 13 7 5 1 -1 18 25 
42 3 41 8 -3 -1 -18 -27 
-46 -25 -77 -39 4 5 -15 -12 
-5 25 21 31 3 -5 3 7 
-9 -12 -45 -2 -7 0 11 -3 
7 20 -5 -14 -6 -4 -23 8 
31 10 -24 23 10 -1 10 16 
-17 -17 50 -4 -4 1 4 -12 
24 54 3 11 4 -1 2 28 
-44 -42 -16 -22 -3 -1 4 -5 
5 16 -2 -13 -6 -1 -20 11 
9 -23 -11 3 -4 0 16 -13 
24 2 9 37 7 -1 5 2 
-14 1 28 -32 -5 -1 5 52 
-10 -46 -82 -31 -4 -4 -12 -37 
-10 -45 -53 -25 -4 -10 -10 -1 
-17 -23 11 7 -1 -1 -5 -38 
-4 7 47 26 4 1 10 22 
32 9 26 13 -6 -1 11 14 
-21 -64 -84 -23 -6 -3 -14 -8 
-3 5 -29 -7 1 4 28 36 
-8 52 65 -10 -2 -5 -14 -38 
-13 -8 41 30 3 0 -2 16 
15 28 15 -31 -12 1 0 22 
0 -3 -4 8 4 -5 -2 -13 
-4 -5 -25 10 3 3 -2 -19 
-20 -23 -58 -15 -13 -10 -44 4 
12 64 25 -24 1 -2 25 -43 
-11 -53 -21 16 -14 -5 -10 38 
21 26 -32 -3 -2 1 25 4 
6 29 19 1 10 5 -19 1 
0 -32 29 2 4 5 14 45 
-29 -17 -13 -4 -10 -9 -46 -71 
12 -8 -16 18 4 -1 39 4 
3 16 -1 -6 7 11 22 15 
12 -4 -6 6 -5 -5 -6 9 
-2 -14 13 -23 9 -2 -19 -14 
-23 1 -3 52 4 9 19 12 
-14 -4 -2 -39 -17 -2 11 -3 
5 34 42 9 5 -4 -12 14 
17 -16 -18 -22 -4 -1 -7 -10 
-30 -16 -13 6 8 -6 -49 -59 
-11 10 22 16 4 2 38 6 
-7 1 5 2 -2 -2 -22 -2 
-6 7 -22 -20 -10 -4 15 -13 
-2 13 -19 -21 -14 -7 -42 -3 
2 7 4 9 5 -6 -45 -27 
5 7 29 6 -3 3 65 28 
32 16 10 -29 -4 -3 -42 1 
0 -18 -17 4 1 1 -65 10 
-53 8 -10 6 -8 -6 26 -32 
17 -4 -3 -22 8 3 -56 -1 
-3 4 19 33 11 20 97 20 
21 4 20 -48 -10 -19 -39 19 
-72 -12 -20 24 -2 -8 -62 -80 
27 14 -17 16 -1 -1 27 47 
-19 35 90 40 12 1 -25 -8 
16 -50 -55 -101 -12 8 20 25 
42 20 33 92 0 -12 -31 11 
-87 26 40 1 -4 2 -10 -76 
11 -14 -20 -17 3 -4 25 43 
-40 -83 -16 55 -6 -12 -3 -59 
48 21 -8 -68 -10 2 -3 56 
6 -28 -31 -8 -1 3 -15 -13 
-7 15 -24 -40 -7 -6 -11 -26 
9 24 54 79 18 6 -74 -11 
20 -4 26 -45 0 7 80 61 
-10 -1 -39 17 -3 -6 -9 -6 
-6 -20 5 10 6 -1 -4 -17 
17 19 -6 -43 -31 -3 19 4 
17 0 -5 14 9 2 -2 9 
6 1 33 -3 5 6 3 -3 
-10 -4 -12 -19 -32 -16 -29 -13 
4 11 -8 23 7 0 38 7 
0 -20 -14 12 0 0 -7 -5 
3 -2 21 -3 6 -1 -8 -5 
0 18 -13 -2 -5 -2 -12 2 
-4 -2 -14 20 -3 1 25 -1 
-2 15 37 -10 12 6 9 16 
27 1 -13 16 -7 -3 -26 -3 
-41 -21 -12 -39 -15 -4 1 -54 
20 16 -9 -18 6 4 4 34 
5 16 22 35 18 12 21 11 
-8 -20 -43 -32 -13 -15 -27 6 
-5 10 -8 16 0 0 14 -10 
4 22 -40 24 9 -1 11 -9 
-13 -16 15 -18 -16 -9 -16 -17 
6 -6 50 11 5 8 -1 37 
2 35 13 5 1 -1 5 16 
-29 19 16 -13 12 8 18 -19 
40 24 3 23 -6 -8 -19 25 
-8 10 -27 -17 2 2 2 -4 
-30 -18 -14 12 5 0 -10 2 
8 13 77 26 4 3 25 -11 
0 -2 -6 -30 -4 -3 -16 -46 
-19 2 0 -8 -5 -7 -9 -35 
9 -12 -35 5 3 1 -71 -18 
2 1 10 -13 -3 -3 38 42 
-5 -11 -8 -12 1 3 20 31 
10 9 15 13 1 1 -45 -9 
4 -2 8 3 -1 3 67 14 
11 -16 -24 5 2 3 -27 -10 
18 -5 -31 -6 -5 -5 11 38 
-31 12 0 23 4 3 1 -41 
0 0 10 -8 3 2 2 24 
28 -8 8 -1 -5 -6 -66 -21 
-41 -26 -27 7 -5 2 91 11 
-1 -3 5 -10 6 -1 -7 -4 
0 -9 25 -6 -5 -2 -11 -8 
8 -19 -67 -18 -9 -11 15 -1 
5 18 6 12 7 6 -30 -8 
13 -19 -11 -12 -15 -9 10 29 
-19 6 15 0 9 4 -42 -46 
-52 -7 16 -12 -3 -1 12 -40 
64 5 -16 -9 -3 -10 -29 69 
-1 52 8 15 5 2 -16 -73 
-14 -21 -20 10 2 5 65 45 
-19 27 11 -9 -6 0 -7 16 
-38 -25 21 -11 0 0 0 -39 
37 -13 -23 -2 -2 4 -5 30 
49 39 44 25 -7 -9 -27 57 
-47 -23 -23 -36 -2 -6 7 -87 
5 14 0 -17 -4 3 33 7 
23 -12 13 14 2 -4 17 18 
-14 -32 -48 -8 4 8 -13 4 
-3 8 43 23 -4 -5 10 0 
-6 13 30 26 1 -2 -44 -18 
1 -6 15 -28 1 -2 5 -25 
4 -18 -53 -31 -2 -1 16 27 
55 0 16 49 5 1 -20 23 
-16 -42 -61 -31 -20 -7 24 -22 
-23 -12 -18 -26 -4 -2 -8 6 
3 24 21 26 3 -4 -20 -27 
15 24 -51 -17 0 4 20 23 
4 26 79 48 16 4 -53 -17 
-11 -51 -12 -10 -11 -10 60 45 
1 -15 -17 -14 -2 0 -22 -6 
-7 -17 25 14 4 0 -6 43 
-12 30 2 -14 1 2 11 -61 
-24 -14 -51 15 1 1 -24 -29 
-1 -17 31 -3 -6 -3 41 4 
13 45 -7 -10 3 3 -17 38 
-15 -49 -33 -3 -2 -2 -10 7 
15 -6 -79 -20 -2 -2 5 10 
2 16 50 19 -8 -3 -1 -40 
6 -14 -14 -10 -7 -1 20 15 
9 24 73 -7 -1 -2 -58 -2 
-19 44 -16 9 6 5 77 13 
-11 -12 -42 -34 -7 -8 -11 19 
3 -40 -38 7 6 1 15 -19 
-13 -25 -33 -22 -16 -12 -24 -1 
18 -14 26 19 3 3 -17 4 
5 29 62 -9 4 1 -1 5 
-31 -8 2 10 0 2 1 18 
32 37 3 5 21 2 19 -59 
16 21 2 14 -9 7 -12 18 
-11 -38 -72 -42 -14 -6 -3 -29 
11 -6 12 37 5 -7 -2 19 
-5 -30 44 -22 -13 4 5 21 
9 4 9 14 7 -5 -6 23 
-49 14 51 -5 2 -1 1 -45 
25 44 48 53 14 11 14 -3 
-15 -64 -87 -50 -12 -8 -13 -4 
-14 -2 53 20 -1 -4 -6 -31 
22 -20 -31 19 14 7 10 39 
-6 -1 -13 -58 -23 -10 -3 -40 
-10 31 -29 -10 5 1 9 19 
-7 -12 36 -24 -22 -15 -8 18 
12 -19 -45 32 15 7 -1 11 
11 -16 40 -8 6 8 9 12 
0 -8 -42 27 -6 -8 -23 -21 
-14 12 22 -73 -4 -11 1 -6 
2 23 -40 -22 -7 -5 -15 -58 
-10 0 15 10 -15 -2 1 34 
25 1 -1 9 -4 0 15 8 
-28 -4 -50 28 13 3 -21 -27 
18 -3 102 30 -2 -9 -1 43 
-17 7 -3 -44 -8 0 -10 -68 
36 3 -3 14 5 1 6 30 
-21 -6 11 27 6 3 3 -14 
5 -1 -22 -18 -4 1 -3 0 
-8 -4 2 42 8 0 8 24 
15 18 31 2 -5 -6 -6 42 
25 -6 5 -10 -5 0 2 -27 
-29 -7 -58 -37 -7 -2 -10 -11 
8 9 20 19 8 -1 -1 4 
-37 0 -37 18 5 9 12 -27 
15 -1 19 11 -2 0 -7 39 
62 -6 8 6 -2 -2 -2 78 
-51 -10 -1 -40 -8 -6 -8 -98 
19 19 32 20 3 -1 2 33 
-25 -1 -21 -17 -7 0 5 6 
3 -9 0 36 8 1 5 -13 
28 3 -14 7 -9 -6 -4 33 
-42 -15 -27 -43 -9 -2 -2 -3 
60 15 24 17 3 -1 -4 -46 
-35 -3 24 3 1 2 5 15 
6 -31 -44 -24 0 -3 -6 -3 
-10 -10 -5 -27 -6 0 2 -8 
7 15 11 12 1 0 9 28 
-4 -37 -46 -10 -1 -3 -6 -14 
-9 4 27 0 2 -1 -4 29 
-1 -1 2 15 -2 -5 -8 -53 
-32 -18 -22 -10 5 5 4 17 
21 -4 17 -6 -3 3 6 -27 
-56 -11 -33 -8 -1 -2 -10 -17 
28 14 23 12 2 -2 3 43 
-43 -22 -15 -38 -3 -1 -4 -45 
5 13 7 88 0 -9 -4 5 
3 2 -19 -24 0 4 7 15 
6 -13 -11 -19 -3 -3 -1 17 
5 22 34 5 8 -3 -10 -15 
-9 7 -34 -5 -19 -4 1 -13 
17 -3 -9 15 -1 -2 -6 3 
-29 -25 -9 18 -5 -1 -5 -22 
21 -8 10 -19 -4 -4 -1 29 
8 10 -13 -20 0 -1 1 -19 
5 -9 -15 -10 -2 -1 0 8 
-28 35 24 -2 1 1 7 7 
26 -22 -35 14 -4 -4 -10 -43 
-19 11 3 -14 -2 -5 -3 27 
4 -6 -31 -1 1 1 3 -6 
5 5 14 12 3 0 1 4 
3 18 4 -5 -4 -3 2 33 
-32 -1 -6 -5 0 -2 -5 -59 
33 39 28 -9 -3 0 3 25 
-38 -14 -28 -3 -7 -3 2 -14 
8 0 1 15 3 4 1 8 
12 4 5 -5 1 -1 7 16 
-8 25 -4 -6 -13 -6 -3 -3 
11 -9 30 -6 0 -2 -4 -23 
-18 -20 -13 -9 -9 -2 -2 24 
8 18 29 4 9 5 1 0 
-14 -20 0 0 0 -2 -1 -17 
21 1 6 40 7 2 0 1 
-14 -11 0 -30 -7 -1 1 17 
7 -1 -12 -8 -6 -4 -5 2 
19 -13 -5 9 0 2 1 -9 
1 1 13 -12 -1 0 -3 -13 
-53 10 -5 17 10 -1 -2 -4 
4 -10 14 -32 -15 -3 6 14 
-2 -23 -45 -16 -8 -8 -7 -5 
20 1 -9 -11 0 -2 0 24 
1 11 7 9 3 2 -2 -46 
-3 11 0 3 8 3 2 14 
-1 -5 50 1 -6 0 3 7 
1 9 -26 -16 -2 -2 -1 -4 
12 -3 -19 0 -5 3 2 6 
-18 -14 -4 16 4 -4 -12 -1 
-3 1 30 -18 -8 -7 -2 -2 
15 3 -20 3 4 3 -2 4 
5 19 11 8 0 0 1 4 
-10 -18 -3 -14 -7 1 0 -18 
10 2 23 32 11 2 -2 28 
-8 10 -22 -31 -9 -3 6 2 
18 -3 7 -4 -1 -3 -1 16 
-12 -13 -30 -1 -3 -5 -14 -45 
-18 4 -29 -8 0 -1 -5 -9 
4 -15 28 13 1 0 -1 23 
41 13 0 -4 -7 -1 5 24 
2 8 17 -2 4 2 2 -10 
-23 -17 -6 2 4 4 0 -27 
-16 -22 -27 5 -1 -7 -7 2 
-10 -11 -2 -23 -15 -5 -2 5 
12 1 12 7 2 0 2 6 
0 11 2 -5 0 -2 -1 -5 
2 10 15 16 8 5 4 -6 
-39 -12 -2 5 12 3 2 20 
10 -6 -54 -16 -16 -5 4 12 
-10 -15 18 2 1 0 -8 -50 
7 -3 -5 -8 -6 -8 -8 -11 
3 -3 4 12 2 1 3 -8 
-15 19 21 4 6 1 2 21 
24 7 -25 -4 -2 2 4 15 
-7 -5 34 5 9 4 1 -7 
-4 3 0 2 -1 -1 -8 -16 
18 4 8 1 -5 -3 4 22 
-15 -27 -38 -16 -8 -4 -5 -7 
-20 7 -11 -6 -2 -1 -1 -12 
13 5 13 21 4 2 5 19 
-22 0 6 -1 0 0 -1 -27 
4 16 28 6 0 -4 -1 34 
1 -24 -35 -24 -7 -2 2 19 
-23 -7 -6 2 -4 -1 -8 -92 
20 15 27 7 0 -2 -5 24 
-3 12 -14 1 1 -3 -4 4 
-4 -3 1 7 5 0 0 -4 
4 -9 -18 -12 -22 -7 -2 15 
-17 -34 -20 -17 6 5 2 -22 
11 -3 14 3 -7 -5 0 32 
-1 -1 4 2 -1 0 -2 -7 
6 2 -2 6 5 -3 -6 0 
3 9 1 -6 6 4 0 -12 
0 -1 32 25 5 1 6 20 
4 -10 -57 -26 -26 -8 -9 -33 
-20 -3 -5 0 1 -5 -6 0 
-4 4 -21 -9 -5 -1 -2 -1 
-3 3 0 1 7 5 6 4 
28 21 51 12 2 0 0 -2 
11 -5 -42 -7 -4 -5 -4 -6 
-28 -2 10 -2 -6 -6 -4 3 
6 14 -1 -11 0 0 -2 0 
-3 -24 -13 2 -1 0 2 31 
-28 0 0 -10 -5 -6 -8 -79 
27 -8 0 11 4 -1 -5 16 
-4 0 1 -7 -5 -1 -4 -18 
-7 -16 10 1 3 2 -1 10 
17 11 18 10 6 5 8 29 
0 4 8 21 -2 -1 -5 -7 
-9 -38 -23 -19 -7 -6 -7 -8 
-5 8 5 -11 -2 -5 -4 -5 
1 -13 -10 -1 -2 4 3 17 
5 6 21 5 2 1 5 2 
-3 6 -1 0 -2 0 2 -11 
3 16 4 18 12 5 4 19 
20 2 54 -1 -1 2 -1 -11 
-19 -17 -16 -3 -10 -4 -2 10 
2 11 5 -7 1 1 3 -11 
5 10 -4 -7 -5 -1 -1 -6 
-27 -4 -4 8 4 -1 -1 15 
31 -10 1 6 4 0 -1 28 
-14 -10 -12 -15 -7 -5 -10 -57 
-5 6 6 1 -5 -3 -1 -8 
10 1 -25 -4 -3 -2 -1 20 
-16 22 14 -9 -1 2 4 12 
0 -12 15 2 4 2 -3 -37 
12 -1 6 9 4 1 3 23 
-7 1 -14 -8 -2 -4 -5 -27 
9 1 4 8 -2 -4 1 -5 
-33 -3 -30 -3 -3 -2 -1 15 
2 1 14 8 0 -1 0 -3 
5 -13 18 9 -1 3 2 4 
11 4 0 -2 8 0 1 -8 
-11 -6 5 -7 -9 -2 -6 1 
-13 -9 -27 -13 -6 -3 -2 -8 
1 -5 3 -4 -1 -4 -4 12 
-3 1 -15 -3 -2 -2 -2 -18 
16 9 -3 30 10 3 6 36 
-14 13 40 -13 -5 -3 -8 -44 
-4 -17 -23 -5 -4 -2 -1 -1 
7 8 24 1 0 2 4 10 
26 -2 -33 -11 -3 -4 -3 9 
-31 -1 -8 -4 -6 -2 -1 3 
5 1 3 3 2 1 2 19 
-28 -14 -11 -20 -2 -3 -7 -61 
21 2 8 7 -4 -6 -3 23 
4 -23 -7 5 0 -1 1 -6 
22 12 27 -1 0 0 2 49 
-33 -19 -40 -9 0 0 -3 -53 
-25 9 23 -12 0 2 0 -20 
15 2 -11 7 1 -2 -7 -7 
-5 -7 -8 -2 2 -8 3 22 
13 1 -15 1 -11 1 0 19 
5 10 8 -2 5 4 4 -6 
-1 8 9 6 4 3 2 39 
1 10 18 11 6 5 -1 -52 
5 27 -12 -7 -1 -6 -9 10 
-4 -8 -16 -11 -8 -3 -1 32 
-15 -16 6 -2 -5 -7 -11 -58 
1 2 -20 -1 -3 2 -1 6 
22 2 19 2 2 0 4 5 
-33 -16 -3 4 1 0 2 2 
22 0 -6 2 5 5 10 49 
-4 2 1 -8 -6 -4 -13 -38 
-7 -27 -8 2 -5 -8 -4 -18 
-4 -9 -7 -10 -6 -6 -3 -5 
5 1 -15 1 -2 -2 -1 7 
-7 4 0 -1 1 -2 -1 -5 
2 16 2 8 5 2 1 19 
9 -5 17 3 -1 3 5 13 
-20 -12 -19 -14 -2 0 1 -47 
12 -4 -31 -2 -11 -9 -9 29 
-9 4 -2 0 -2 -2 1 -14 
-2 20 16 -2 -5 -6 -5 -3 
-7 5 6 3 -1 -3 -4 4 
-4 2 2 -4 6 2 1 -8 
5 -22 4 1 -4 3 2 22 
17 30 17 5 4 4 2 -13 
-7 -6 -26 -6 -3 -1 2 7 
-27 -3 -5 -6 -3 -3 2 35 
1 -6 10 -4 -3 -6 -6 -54 
10 7 -3 -7 0 1 -3 2 
4 -11 -7 6 4 1 -4 -6 
-19 -9 -15 -2 1 1 1 -22 
24 -4 -2 -8 -4 0 1 72 
-9 -6 -19 4 3 -3 -2 -13 
-12 22 30 -10 -11 -4 -2 2 
-4 -7 -1 -1 0 1 0 -11 
-7 -1 -3 8 4 3 4 2 
12 10 -11 -18 -6 -1 2 13 
5 -4 -24 -14 -5 -6 -10 -1 
-32 -15 4 -3 -3 -1 -2 -46 
-4 3 -1 -12 -3 -3 -2 4 
-7 -7 6 12 5 0 2 8 
12 18 24 13 6 4 5 17 
23 -2 1 -11 -8 -3 1 40 
-26 -4 -11 -3 -6 -4 -9 -67 
19 12 -9 -1 0 0 1 -4 
-3 -7 -4 -2 -3 -1 -6 -21 
4 15 18 3 -1 -5 1 23 
-8 11 -1 6 2 1 1 8 
-1 -12 1 -2 -3 2 -1 -15 
21 0 -19 -8 2 3 6 37 
-15 -7 -15 8 -2 -3 -6 -44 
0 -2 -13 -13 -3 -4 -4 17 
