#EMG
#4
#ID:4-45
-5 -5 -6 4 -4 -4 -5 4 
-5 -2 0 6 -2 1 1 -3 
3 -4 -3 1 2 0 1 21 
-3 -4 1 -1 -4 -4 -12 -39 
2 10 6 7 -1 -3 5 13 
8 -2 5 -3 0 2 3 7 
-24 -10 -5 0 -2 -2 -3 -16 
7 6 -4 -2 0 -2 4 17 
-5 -13 -10 -3 3 2 -5 -5 
7 2 19 1 1 1 1 -1 
-14 -3 -19 -8 -4 -2 -3 -5 
-4 -8 -3 -5 -1 -2 0 8 
11 21 2 1 0 0 -2 -8 
-10 -6 16 3 0 0 1 5 
7 3 -9 -4 2 -2 0 9 
1 0 14 33 1 0 5 -6 
-11 -7 -33 -56 -5 -4 -10 -6 
0 9 16 11 -3 1 2 0 
-3 -2 0 6 -4 -5 -2 -8 
4 -2 4 3 1 0 -4 4 
4 -8 -2 4 -1 -2 3 31 
2 3 1 -8 1 0 -6 -47 
-20 -8 -2 3 -1 -3 -2 -4 
-12 -4 -14 -13 -4 0 1 5 
13 -1 1 1 1 -1 -2 -1 
-16 -5 -3 -4 -2 -5 -2 -2 
25 3 -4 11 0 0 6 28 
-12 -3 0 -12 -4 -3 -3 -30 
-11 -4 -11 -13 -5 -3 -10 -9 
3 2 5 15 2 2 1 9 
9 4 3 -5 1 1 1 -3 
3 -8 -11 16 0 -3 -1 15 
-3 -1 13 -8 -2 -1 -5 -4 
-7 -4 -8 -5 -2 -2 -4 -3 
2 3 2 -3 1 -1 -3 -2 
10 8 21 9 2 0 2 7 
-8 -1 -4 17 2 1 5 -14 
3 -8 -23 -18 -6 -6 -4 19 
-24 -10 -2 8 1 0 -3 -16 
5 -4 0 -13 -5 -1 1 31 
-1 2 9 0 0 0 -2 -60 
-9 -1 -2 -8 -1 -2 -1 15 
9 2 0 -2 -4 -3 -3 -6 
9 6 -1 2 0 0 3 6 
-26 -12 -8 -3 -4 -2 -2 7 
2 0 -5 -3 -2 -3 -1 -6 
1 1 7 -2 -3 1 -3 -5 
7 3 -4 -2 -2 -1 -1 4 
5 7 -1 5 2 0 1 2 
-3 2 21 18 1 -1 0 -12 
0 -1 -14 -24 -4 -3 -1 4 
-6 -3 -5 -5 -3 1 0 10 
24 10 2 10 0 -2 -6 -23 
-23 -4 -2 -8 2 1 2 -2 
1 -2 -14 5 0 -2 -3 -4 
-4 -2 2 -6 -1 -2 -4 -9 
-2 -5 -1 -4 -2 -3 0 16 
12 4 6 14 -1 0 -1 -4 
4 -1 10 1 0 0 5 25 
-7 -12 -22 -3 0 -1 -3 -36 
3 8 5 5 1 0 -4 20 
3 -8 0 -7 -2 0 3 0 
-2 -7 -1 -14 -4 -3 1 -2 
-8 -7 -9 -2 -2 1 7 0 
-8 9 29 22 1 -3 -19 1 
12 -5 -29 -31 -4 -1 3 5 
5 -1 3 1 -2 -1 -3 -2 
-3 5 7 5 3 1 0 -4 
-11 -6 -13 1 -4 -3 5 -7 
-6 -3 1 10 -3 -3 -2 9 
5 6 16 2 2 1 1 -10 
3 4 -1 -6 -2 -2 -5 3 
2 -4 -4 11 1 0 5 29 
-15 -17 0 -12 -2 0 -9 -33 
7 -18 2 11 -1 -1 2 -8 
7 10 14 3 -1 -3 0 2 
-12 -9 -14 -10 -4 -1 -3 -9 
18 20 -5 -4 0 -1 2 16 
1 3 -20 -10 -2 2 2 -6 
5 -5 8 -19 -3 -5 -9 0 
-5 0 3 11 0 0 2 9 
-2 -7 7 7 0 -3 -3 -7 
-7 3 -9 9 1 0 -1 -8 
9 -3 -9 -32 0 0 4 28 
-8 -7 -12 -9 -3 -1 8 -45 
-7 6 26 6 1 0 -11 0 
3 14 17 4 4 2 -2 6 
-4 -14 -17 17 -5 -5 -12 6 
-16 2 -15 -14 -4 -2 6 -1 
4 -8 -11 -7 -3 1 0 -3 
-9 7 3 -3 -2 -3 -6 -3 
-10 5 9 -1 -1 2 2 -8 
3 4 4 2 3 2 2 8 
5 10 3 6 -3 -6 -7 -6 
14 9 -19 -21 -6 -3 -2 15 
-39 -7 -2 8 0 -3 -8 -3 
-1 -7 -3 -9 -4 -4 -11 -37 
-8 1 0 1 -1 0 15 10 
6 -10 -4 0 0 -2 4 -3 
14 12 -1 -1 0 -1 -2 -3 
-5 -14 3 1 -1 -2 -5 13 
4 -10 -1 -9 -4 -1 -4 -5 
-6 8 -20 -5 -2 -5 5 26 
0 -19 4 6 0 -1 -7 -57 
4 10 7 2 -1 -7 -8 28 
-25 -9 -26 1 -3 0 5 -25 
0 2 24 -7 -4 -4 -6 -11 
-5 14 10 0 -1 2 5 -2 
7 5 -16 5 1 2 -7 14 
8 -1 -2 1 1 -1 3 9 
-5 -6 2 8 1 1 0 -5 
22 5 1 -5 -4 -2 -7 5 
-19 -12 4 -3 -3 1 10 -5 
22 8 -25 -4 -1 -4 -2 33 
-33 5 3 -2 7 3 -4 -47 
8 -11 -2 -4 -6 -4 0 21 
12 0 -19 -15 -4 -3 0 3 
0 -4 -7 1 -2 -4 -8 0 
-33 -12 -7 12 0 1 -2 -3 
-8 9 11 -19 6 5 7 -11 
33 8 14 17 -7 -5 -5 17 
-5 -21 -29 -9 -2 -1 -1 -1 
13 -4 39 5 -1 -3 -4 6 
4 -9 -26 -12 -3 -2 -9 -1 
-20 3 26 16 6 4 13 29 
-1 -20 28 16 6 5 4 -42 
2 10 -31 -21 -11 -5 -6 19 
-15 -4 -6 -14 1 0 -4 -48 
17 24 19 13 5 4 5 18 
-15 14 0 -19 -4 -5 -28 -12 
-2 -10 -8 3 0 5 41 30 
0 19 9 22 -2 -6 -19 3 
-4 12 -9 -42 -7 -2 1 10 
3 -9 -17 2 3 -1 5 3 
-3 -26 18 23 1 -2 -15 -21 
12 22 -7 -4 -8 -5 -1 10 
10 5 19 17 0 0 0 -17 
-43 -49 -83 3 5 0 0 13 
23 28 61 -18 0 0 -1 9 
-44 -46 -67 -6 -6 -5 -9 -39 
54 6 44 15 3 -1 16 58 
-17 14 -12 -31 -5 2 2 -7 
0 -9 -65 -2 -4 -4 -15 -49 
-1 -17 23 20 0 -4 11 15 
-23 16 -5 -12 0 3 -5 -21 
35 39 42 7 -1 -3 -2 3 
-12 2 7 20 2 -3 -34 5 
36 11 -18 -22 -4 1 37 24 
-18 -9 -11 -20 -6 -4 -1 -20 
7 -19 -10 -12 -7 -5 0 35 
27 -5 -4 -8 -4 -4 -2 -13 
-13 31 2 38 9 3 -13 0 
5 -20 -13 -36 -10 -9 -18 -47 
-13 5 51 15 -3 1 9 -14 
13 -18 -91 -41 -9 -9 -25 15 
11 -2 20 12 2 3 16 43 
-49 -32 -20 7 2 2 6 -1 
-7 23 12 5 2 0 -13 -20 
11 -12 3 4 2 4 19 13 
0 -7 3 -3 3 0 -8 3 
15 -12 -5 -17 -9 -9 -14 1 
4 -4 -3 5 6 6 1 -3 
-15 -6 -5 14 -1 -4 0 3 
-10 3 9 -9 1 -3 -1 -26 
8 1 -1 31 14 6 -3 6 
2 -6 -8 -15 -17 -3 0 -6 
3 -1 69 -24 3 3 15 6 
-19 -10 -52 8 -7 -5 -12 -4 
-19 -2 5 -9 -3 -2 3 8 
25 -7 -41 -18 -9 -3 -1 -29 
-23 -44 -25 10 8 -1 -2 3 
-4 -15 64 59 5 9 9 4 
-2 -16 -33 -75 -6 -5 -5 -15 
3 2 4 31 8 -1 8 24 
-18 -8 34 -4 -15 -5 -9 -22 
15 25 40 -11 3 3 3 1 
-15 22 -4 4 13 9 0 0 
5 -18 -9 7 -19 -15 -12 21 
-2 -9 -27 44 3 -3 -12 -65 
-18 12 3 5 4 3 21 6 
28 -7 -1 8 -12 -6 -9 -6 
10 22 27 -31 9 8 19 25 
-11 33 -11 -16 0 -6 -11 36 
-15 -17 -4 3 2 -2 -23 -45 
25 9 8 -27 -13 -6 5 5 
12 -12 -6 4 11 4 4 -2 
6 25 9 4 2 9 10 10 
-3 -16 -24 -22 -12 -7 -6 -7 
-26 -13 9 25 6 -2 -10 -24 
18 11 21 9 -2 -1 -18 10 
4 0 -4 -12 -10 -2 23 16 
3 20 -16 -17 0 -2 -6 18 
-3 -23 -9 21 -4 -1 -10 -13 
3 12 -27 -67 -8 -4 12 -5 
39 2 11 51 -3 -6 -3 37 
-30 -31 -18 -26 1 2 0 -15 
30 3 8 40 4 2 7 -11 
-23 -24 3 26 -6 -7 -33 13 
-4 14 -20 -32 -4 1 20 -34 
3 -8 -38 -23 -8 -6 13 29 
8 -6 -7 19 2 0 -60 -34 
-13 -9 -12 6 7 8 41 54 
-5 18 25 38 3 0 29 -4 
18 -54 37 -6 -8 -3 8 22 
-25 -11 -6 -4 0 -3 4 -32 
-2 42 -13 -2 6 3 -9 1 
-22 -32 55 11 -7 -6 -25 -28 
-42 -16 -49 -6 4 -2 -30 -66 
12 23 23 -10 -2 -2 11 21 
-25 10 11 30 0 1 5 -6 
21 -5 19 -4 9 5 2 42 
4 71 32 -21 -4 0 3 -31 
-9 -19 -38 -17 -8 -7 -19 16 
10 39 22 14 3 0 11 -23 
9 1 -51 -24 0 0 -17 2 
15 -31 3 -26 -7 -4 -12 27 
-7 -7 -15 -2 1 0 21 11 
-30 -24 9 11 7 9 4 -53 
-9 17 3 -1 5 -5 4 5 
20 29 7 16 2 5 -8 2 
-21 -39 31 -30 -12 -7 11 -13 
8 6 -7 -6 -8 -12 -19 29 
3 5 -13 -11 3 8 7 2 
-7 -14 -63 14 6 -3 6 -12 
-3 31 61 3 -9 1 1 10 
10 -11 28 -1 -1 -2 -4 -2 
-8 10 -22 -10 7 6 4 -3 
17 -1 22 6 1 -7 -8 -3 
-5 11 -42 4 3 3 3 14 
2 -15 33 -1 0 5 7 41 
-14 29 -8 -9 4 -4 -25 -99 
13 -13 38 18 0 -3 -3 20 
-1 -7 -51 -8 1 2 3 -5 
-27 -4 17 5 1 1 4 -4 
18 1 -23 -8 -4 -3 -6 22 
0 -3 -9 -12 -3 -1 3 -1 
11 7 -3 -2 13 3 8 -3 
4 -15 -20 -8 -11 1 -1 7 
-20 -30 2 -5 -9 -4 -2 8 
-3 -3 -16 -10 -21 -17 -8 -9 
-5 9 12 1 -2 4 2 -6 
15 6 9 4 9 -7 -6 -17 
-1 -3 -12 2 5 4 3 10 
11 19 3 -12 -14 -2 1 27 
3 -18 17 27 21 7 5 -11 
-14 -33 -15 -11 -19 -4 -11 -11 
-15 -9 8 -24 -6 -6 -1 -17 
6 -7 33 14 12 6 6 26 
-7 -10 -21 3 -12 -10 -6 -3 
13 9 3 -1 14 4 -2 -8 
12 -2 4 42 -12 -6 -5 25 
-10 5 20 -2 7 7 8 -19 
3 -17 -12 -23 -12 -9 -9 12 
-20 5 -5 40 10 -2 -7 -36 
-3 -1 -7 -40 -9 1 6 35 
15 20 13 4 -2 2 2 0 
-19 11 9 18 4 0 -3 -14 
18 -2 -11 -29 -13 -5 -4 6 
8 17 29 16 11 5 0 -4 
-3 -14 -31 9 -2 -2 -5 -11 
-5 -6 -5 -17 -14 -7 -2 43 
-10 -7 -14 -13 -2 -4 -9 -96 
-6 1 13 -18 -7 -3 1 13 
-7 4 6 21 4 1 1 22 
13 -1 -43 2 3 3 5 8 
-21 -3 30 -7 -1 -5 -5 9 
7 -11 -17 1 -4 -3 -2 -18 
5 7 -8 -17 -5 0 -5 8 
-6 1 -14 -1 0 -1 2 4 
11 7 8 -1 2 -1 1 -6 
-15 -28 0 -4 -6 -1 -1 15 
2 -2 -23 -11 -2 -4 -5 -27 
15 7 9 5 -3 -3 -2 -16 
4 4 -2 7 3 -1 2 24 
-7 -4 -16 -6 -4 -4 -1 3 
7 19 2 -6 2 0 -6 0 
-12 -13 6 12 3 0 -3 -15 
-7 -4 -20 -13 -5 -3 0 5 
2 6 -2 -1 3 1 1 -4 
0 0 15 2 -3 3 5 9 
-6 2 6 -7 1 -3 -5 -8 
3 -9 -18 -15 -6 -4 -1 12 
1 5 15 12 3 0 -2 -11 
-3 1 11 12 17 1 3 12 
10 0 -53 -3 -14 0 -1 1 
-7 8 68 2 -2 1 -1 2 
4 3 -3 -4 0 0 -6 -39 
-4 -3 -9 3 1 3 2 9 
9 13 13 -1 -1 -2 -2 -6 
13 -18 -32 -6 -2 -1 -2 15 
-9 -7 -9 -2 -4 -1 -1 0 
-3 3 15 4 -3 -1 0 -5 
4 7 16 0 6 3 4 5 
5 -8 -24 -2 -7 -4 -3 -5 
-3 -3 1 2 -3 -2 -3 1 
-7 4 -16 -13 -8 -2 -1 -7 
-3 4 15 4 4 0 0 4 
-1 -6 -19 1 -1 -2 -4 -6 
-3 2 -6 -10 1 -1 -1 2 
12 0 2 -3 -3 -2 0 5 
-10 -6 2 0 -1 -1 -2 4 
-3 8 -4 6 3 0 -3 -17 
2 -11 0 -7 0 1 -1 7 
0 -7 4 10 0 0 0 1 
-8 0 6 -1 3 -2 -4 -8 
8 -4 -1 -1 0 -1 0 4 
-10 -3 -13 -2 -9 -3 -2 -12 
-2 -4 3 -5 0 1 1 4 
4 -8 -1 -2 -5 -5 -2 10 
0 11 4 2 2 0 1 26 
-2 1 -6 4 2 -2 -2 -27 
-7 -6 -6 -1 -1 0 -4 -11 
-21 5 12 3 3 3 0 -5 
-1 -12 -19 -6 0 -2 -4 2 
-4 -1 5 -1 -2 -3 0 -4 
5 3 -3 -4 -4 -2 1 -2 
0 -2 4 0 4 0 -1 -15 
3 3 -4 0 -2 -1 0 13 
-2 -4 2 5 -1 -1 -1 8 
-6 -8 -7 -11 -7 -6 -2 -5 
-1 -5 -14 -7 -7 -6 -3 -2 
-6 -3 5 4 2 3 2 -4 
1 -7 -32 -10 -6 -4 -5 1 
-3 8 6 5 6 0 -2 -7 
3 -10 7 -2 -4 0 2 11 
-7 -5 -17 -5 -4 -4 -6 -17 
0 8 9 6 9 1 1 5 
0 1 4 -5 -11 -1 -1 22 
-6 1 6 -3 -3 -3 -6 -41 
0 -3 4 -1 -4 -2 -1 0 
10 10 8 -1 2 -1 2 13 
-14 5 2 6 0 1 2 -7 
0 -9 -11 -4 -3 -2 -1 5 
7 2 -11 -1 -3 0 -1 -3 
-13 -7 10 -3 -2 -3 -5 -9 
13 -1 4 0 3 2 -1 5 
-1 -1 -11 -5 -6 -3 -3 0 
1 6 7 1 3 0 5 15 
2 6 11 4 0 0 -1 -10 
-16 -11 -21 -5 -1 -5 -4 -14 
3 0 7 5 2 0 2 2 
1 -1 -3 -1 -2 -1 0 18 
-9 -1 0 -1 -3 -3 -5 -30 
-3 -2 -1 1 2 2 -1 -2 
3 -3 9 -2 -5 0 -1 5 
-3 -5 -14 -6 -3 -1 -2 -5 
2 0 0 1 -2 -1 0 11 
0 4 3 5 7 -3 -3 -5 
5 5 -6 -4 -8 -3 -1 2 
-5 -5 7 -2 -4 -4 -4 -5 
-6 22 0 -2 -1 1 0 4 
2 -7 -4 -3 0 -1 0 -5 
-2 5 4 5 1 -1 -1 5 
-2 -2 2 0 -2 -2 -1 -10 
-1 -3 -4 -3 0 -3 0 4 
1 5 9 -4 1 1 3 4 
0 -11 -16 5 -1 0 1 9 
-10 -4 -13 -6 -4 -4 -4 -24 
2 -5 2 0 -3 -2 -2 10 
2 -1 -7 -5 -6 -2 -2 2 
-2 1 7 -2 4 0 0 -5 
2 -3 23 2 3 3 1 6 
2 -2 -2 2 -1 0 1 8 
-1 -8 -20 -5 0 -1 -2 7 
18 -2 -6 -1 5 4 -2 5 
-29 2 19 -2 -5 -3 -3 -23 
0 2 4 0 0 -1 -1 3 
0 2 4 1 -3 -3 -4 -1 
-4 -14 -11 -1 1 1 1 2 
12 5 0 5 3 2 3 16 
-2 -13 4 3 2 2 1 -9 
-3 -4 -4 -17 -8 -3 -2 -8 
-3 -5 5 -2 -2 -1 -2 1 
1 -3 -24 -6 -6 -6 -3 -7 
0 -7 3 0 1 0 -1 2 
3 7 2 5 -2 0 -2 -2 
-9 -4 3 0 -3 -3 -2 -8 
0 4 10 1 6 3 0 0 
6 3 2 1 -6 2 2 4 
-13 -17 -35 -9 -6 -10 -5 -7 
-3 11 0 -4 -2 -3 -2 5 
3 5 -8 -4 -3 -2 -5 -12 
-1 -6 -11 -1 -1 -2 0 5 
8 11 37 10 1 1 2 -1 
1 4 3 -1 1 3 0 4 
-8 -7 -24 -2 -3 -4 -4 1 
-1 -2 -20 -7 -4 -1 -2 -3 
0 -1 18 4 0 1 0 1 
-1 1 -5 -1 1 -2 -1 -7 
8 5 14 5 3 2 0 2 
-2 -1 4 11 11 1 1 -4 
-5 9 -8 -13 -16 -2 -1 -3 
-3 3 5 -2 -2 -2 0 -5 
-2 -5 -7 -5 -3 0 -3 -3 
-5 -1 10 -5 2 -2 -1 5 
6 0 -2 10 9 2 0 2 
1 -7 -7 -3 -5 -1 0 -5 
1 20 9 -1 -4 -4 -2 7 
-8 -19 -22 -6 -8 -4 -6 -31 
-2 -5 -3 1 4 0 0 -3 
0 2 3 -2 -3 -4 -2 -1 
15 4 3 5 6 2 1 19 
-13 2 12 -3 -3 -4 -2 -2 
0 4 -8 -8 -5 0 2 -5 
-7 -19 -19 0 3 -3 -4 3 
-4 -4 -1 0 -1 0 -1 -4 
6 7 2 -2 -4 -3 0 7 
-1 -3 -2 3 0 -1 -3 -1 
0 -1 26 4 3 -2 0 8 
2 -10 -35 2 0 -2 -1 -19 
1 1 -3 -9 -7 0 3 5 
-10 -6 2 8 4 -4 -3 -3 
2 8 0 -17 -11 -2 0 3 
-4 -6 13 1 2 3 -2 1 
3 10 11 7 0 -1 -1 0 
-4 -6 -25 -7 -2 0 -2 1 
-1 -6 -4 3 1 2 3 -8 
2 -8 2 -4 -2 -2 -1 -5 
-17 18 -11 -7 -5 -4 -4 -1 
1 -13 16 5 2 2 1 0 
1 1 -9 3 2 -2 -1 11 
-5 6 30 1 2 2 1 -27 
14 -10 -18 -2 1 2 -2 19 
-11 4 0 2 -2 -4 -3 -26 
-5 -2 -3 -2 -3 -3 -1 4 
1 -3 1 -2 -2 -5 -2 5 
5 18 8 4 5 1 3 1 
3 -6 11 -2 0 0 1 6 
-5 -10 -20 -2 -2 -2 -1 -7 
0 -1 -17 -5 -4 -1 -2 10 
1 -7 -7 -2 0 -2 -3 -10 
-3 2 1 -1 -3 -1 0 20 
-6 10 15 15 11 -1 -4 -40 
1 2 7 -9 -13 3 2 10 
-7 -29 -27 -3 -5 -3 -3 -3 
3 -3 -14 -3 -1 -3 0 -2 
-4 5 28 3 -2 -2 -1 3 
-2 0 -6 3 3 -4 -3 1 
3 -2 5 -1 1 -2 0 -4 
-1 11 -4 -3 -2 -2 -3 1 
1 3 4 3 3 2 -1 7 
0 -8 -22 -2 3 0 1 -4 
2 12 4 1 -2 1 3 9 
10 10 12 -4 0 -3 -1 5 
-8 -15 -6 -9 -6 -4 -6 -26 
2 -4 -1 -4 -6 -3 -1 9 
-1 8 -1 -3 0 -1 -3 -8 
6 7 14 7 2 3 4 13 
2 -7 -26 -9 -6 -2 2 2 
-7 -4 -3 -1 -3 -5 -2 -7 
2 -1 4 3 -1 0 -1 4 
1 -7 -4 -5 -3 -1 -1 -6 
-1 3 3 -2 -1 4 0 7 
-4 -4 4 10 8 -3 2 -6 
-1 16 18 1 -5 2 -1 -1 
-6 -17 -20 -10 -1 -2 -2 -4 
-3 5 1 -4 -2 -2 -3 -5 
0 -2 -1 3 4 3 1 8 
-3 -3 3 3 0 -3 -3 -3 
-2 -14 0 -1 -1 -2 -2 -4 
5 1 -5 -1 -2 -3 0 18 
-5 3 -2 0 -2 -2 -5 -27 
1 -11 16 -8 -2 -2 0 4 
-8 -21 -32 -4 -3 -2 -2 -8 
-5 -10 -6 -6 -1 -1 -3 5 
0 -6 8 -3 -4 -2 2 4 
-4 -8 -6 -1 -2 -2 -1 -13 
1 8 2 2 -2 -2 -2 7 
-2 2 4 4 -1 -1 -3 -2 
-2 6 -1 -5 -3 -2 -3 1 
6 4 -1 4 4 0 1 11 
4 1 -6 -4 -10 -2 -4 -12 
-25 -6 -9 -11 -5 -1 0 -12 
-1 16 -4 -5 -3 -1 -2 -1 
-4 -9 -10 -5 -2 -3 -3 2 
0 6 2 7 3 -1 -1 1 
11 6 16 5 -2 -1 -1 -1 
-2 -3 -12 -1 -3 1 0 -1 
5 -1 25 3 4 4 6 29 
-4 -1 -19 -8 -4 -4 -7 -45 
-3 -5 -8 2 -1 2 2 12 
-5 -11 8 -2 -3 -3 -3 -17 
4 4 1 0 0 1 0 -5 
-3 2 12 1 0 -1 0 4 
3 1 -2 0 1 -2 -2 2 
3 -3 1 2 0 -1 -1 7 
-2 3 -4 3 -1 0 -4 -9 
-3 -4 -5 -6 -2 0 2 9 
-2 -6 -16 -4 -4 -2 -1 -9 
-5 -6 2 -3 -2 -2 -3 7 
-4 -8 -17 -5 -4 -1 -4 -12 
-7 3 13 3 1 0 0 5 
10 6 8 4 1 0 -1 -4 
13 13 8 0 -2 0 3 23 
-32 1 -21 -9 -4 -6 -6 -46 
5 1 11 7 6 -1 -1 3 
0 -2 -8 -3 -11 1 -1 -1 
-4 -2 3 -5 -3 0 -3 1 
4 -10 -15 2 0 0 1 10 
2 6 -4 -7 -1 -1 -2 5 
-6 -3 6 8 5 -2 -3 -20 
-1 -7 -11 -2 1 -1 -1 3 
-1 -21 -7 -2 -2 -1 2 0 
-6 7 7 0 -3 -3 -2 -1 
4 -1 0 -2 2 0 -1 8 
1 6 25 -2 -1 1 2 8 
2 -2 -9 1 1 -2 -4 -16 
-24 4 -2 2 0 -2 -2 1 
-1 -12 -4 -6 -4 -4 -3 0 
-1 1 -8 0 1 -1 -1 -5 
6 6 5 -4 -3 0 1 9 
4 -6 0 -4 0 1 0 1 
-2 1 12 3 0 -3 0 -6 
-7 -5 -16 -2 0 -2 -3 -4 
-1 1 -2 -3 1 -1 -2 11 
-2 -13 -2 -3 -13 1 -2 -25 
0 3 -4 -1 2 -3 -2 9 
8 3 1 1 1 -3 -3 -6 
1 5 7 3 0 -1 2 3 
-1 -4 10 2 1 0 0 16 
-5 -2 2 -1 0 0 -2 -33 
-4 -4 -4 -1 -1 -2 -2 -2 
5 3 -3 -1 -4 -2 -3 0 
5 1 -2 0 2 0 1 7 
-12 2 3 -3 -2 -2 -3 4 
1 -6 14 3 2 1 -1 -4 
1 1 10 2 -2 0 0 -2 
-1 -14 -2 0 1 1 0 1 
4 -6 -4 -3 -1 -1 -3 8 
-7 -11 -20 -8 -6 -1 0 -7 
-2 1 11 6 2 1 0 6 
3 5 10 2 -3 -2 -2 -4 
5 2 -4 -15 -6 -3 2 19 
-11 -5 -8 -2 -1 -2 -3 -27 
-3 -9 -1 -9 -6 -5 -5 -1 
-2 1 -10 2 4 -1 -1 -3 
-1 -1 3 0 0 1 0 7 
2 3 -2 -2 -4 0 -2 8 
-2 0 10 4 -1 -1 -1 -9 
0 3 -24 -8 -6 -3 1 6 
0 -3 -25 0 0 -1 -1 2 
-10 -4 9 0 -1 -2 -2 -3 
-3 3 -5 -1 2 -1 1 -4 
3 5 11 1 0 -3 -1 -2 
10 -4 7 5 1 0 -1 -2 
0 7 -6 -1 1 0 0 -3 
-2 -4 18 -2 1 3 3 23 
-5 -20 -26 -9 -9 -3 -6 -39 
-5 0 2 -2 -2 -4 -5 -4 
-2 0 -2 1 0 0 -1 3 
1 5 0 -3 -3 -2 -2 4 
2 0 9 4 6 -1 1 16 
-4 2 0 9 -1 3 0 -15 
1 6 15 -4 -1 -1 -2 -5 
3 2 -8 -14 -5 -1 0 -5 
-3 -6 -12 1 -3 0 -1 7 
-5 2 11 7 4 0 0 0 
2 -4 -18 -3 -5 -4 -2 4 
-3 -6 -10 -5 -7 -4 -3 -7 
-6 1 9 -3 2 -2 -3 -2 
2 5 4 -3 2 1 1 6 
1 6 5 1 -5 -1 0 -2 
-5 -16 -22 -1 1 1 0 15 
-6 -20 3 2 0 -3 -5 -36 
1 1 -8 -6 -5 -1 0 1 
-7 -6 -4 -4 -2 -2 0 5 
0 4 10 8 0 -1 -3 -8 
5 -2 -23 -3 0 0 2 17 
-5 -13 -13 -3 -2 -2 -2 6 
0 -16 -8 -14 -6 0 3 -10 
0 2 7 1 -1 0 1 0 
-19 3 7 0 -4 -1 -2 3 
4 6 7 2 1 -2 -3 -5 
2 6 4 4 3 1 -1 10 
0 -12 -27 -2 1 0 0 -8 
5 7 2 -3 1 0 -2 1 
9 10 16 -1 -4 -1 2 20 
-2 11 8 5 0 -1 -2 -30 
-7 -5 6 -3 -2 -4 -2 0 
-3 17 -14 -7 -1 0 -1 -2 
-4 -10 -12 3 -2 0 0 5 
3 -2 15 2 -2 -2 -3 -1 
16 25 15 4 -2 -1 -1 7 
-1 -15 -20 -11 -4 -4 -2 0 
1 -2 8 -2 0 -1 2 -1 
-3 -6 -15 1 3 1 3 10 
-7 13 -7 -5 -3 -2 -3 -19 
4 -6 19 5 2 3 -1 2 
-1 1 -1 -4 -1 2 1 3 
-4 0 -2 8 -1 -3 -3 -11 
-4 -5 -9 -19 -5 -2 -2 7 
10 0 6 0 -1 0 1 1 
-11 -3 -4 0 -1 -2 0 -3 
1 7 -1 1 2 -3 -4 4 
0 2 -5 7 1 0 0 -5 
4 17 11 -4 -6 -1 -1 -1 
-4 0 -14 3 7 2 -2 -9 
-1 -6 1 -3 -4 -1 0 8 
-1 -5 3 -2 -2 -3 -1 -8 
2 1 9 7 1 -2 -3 2 
-1 -13 -5 -5 -4 -4 -3 -8 
