#EMG
#6
#ID:6-97
3 -6 6 8 -4 -7 -4 5 
-6 1 -3 6 8 4 -6 5 
-19 -2 28 15 -1 -1 -1 13 
0 -4 -8 -22 -6 -3 -6 -25 
-16 -12 -28 -6 -5 -3 -14 -7 
6 -1 10 5 -2 -3 3 -7 
2 5 13 8 5 2 11 4 
5 -3 -13 -2 -1 -2 -11 13 
-5 5 3 -5 1 6 25 -17 
-6 -1 -4 0 -3 -6 -21 32 
25 1 -12 1 5 -2 7 5 
-19 -9 10 -1 -11 -3 -8 -30 
7 -10 -19 -25 -4 0 10 -3 
-33 -5 -12 7 -2 -5 -7 -1 
11 0 -15 -8 2 0 1 25 
3 24 26 8 3 0 -4 -40 
16 3 11 2 0 -3 10 6 
-4 -6 -14 3 -3 -7 -23 3 
-35 -1 -19 -10 -6 -1 3 -9 
16 2 8 9 4 4 6 18 
-11 -10 -27 -2 -6 -8 -17 4 
14 -1 5 -8 0 -1 -10 -12 
0 0 6 -2 -3 2 4 1 
15 -9 -18 -6 -2 -3 -4 13 
-5 -2 -3 -14 -3 2 3 -30 
1 2 14 19 3 -1 2 -6 
-24 -7 -17 -4 -1 -3 -7 -15 
-2 2 14 14 2 2 -5 7 
11 0 -12 -22 -8 -5 -4 20 
-8 -17 -9 -14 -4 0 -3 -27 
-23 4 40 31 2 3 8 -1 
11 -2 -20 -17 2 -6 -7 26 
-35 -7 0 6 -2 0 0 -52 
39 11 2 8 0 -2 -5 6 
3 -11 -16 -19 -9 -1 3 -1 
-1 8 -10 3 0 0 -1 -5 
-9 6 7 6 -1 -2 0 21 
11 3 -2 4 5 -3 1 2 
14 -5 12 1 -1 2 0 -11 
-14 -7 -1 -2 -3 -1 6 2 
-1 -4 4 0 -3 2 1 2 
-4 5 0 16 -3 -2 3 0 
-5 3 -5 2 3 0 -13 4 
-28 -3 -9 -13 -5 -1 8 -12 
9 -3 15 7 1 1 2 14 
-5 -9 -10 -4 -5 -3 4 4 
6 12 9 -1 -1 -4 -11 -18 
5 -4 2 -6 1 2 -6 7 
-15 -4 6 20 3 1 14 15 
-2 -6 -18 -4 -3 -7 -30 -32 
-55 -4 -2 -3 -4 -4 17 -4 
16 3 -1 13 0 0 -9 -33 
35 2 2 -10 -1 -2 -12 14 
-41 1 26 -7 -5 0 11 -15 
16 1 -24 -4 3 2 1 33 
-3 -14 3 5 -4 -8 -5 3 
-28 -13 -18 -10 -6 -5 -6 -23 
14 -5 9 14 0 1 0 24 
10 13 9 -27 -2 -1 -2 -13 
-3 2 -12 2 2 0 5 23 
10 0 7 7 2 -2 -6 -16 
-13 -3 -8 -8 -3 0 15 -5 
11 2 13 4 4 4 5 15 
28 -3 12 2 -2 -6 -12 -10 
-5 -12 -24 -14 -8 -9 -25 -8 
1 0 11 0 -1 2 20 33 
8 2 -20 -3 -3 -4 4 -50 
22 8 11 6 5 5 8 55 
-36 4 22 17 0 -5 -8 -59 
13 1 -4 -15 -7 0 -9 -7 
-20 -12 -29 -3 0 -3 5 13 
-2 2 -3 -11 -4 -2 -7 -12 
17 -1 -20 1 2 1 4 15 
-28 7 23 -2 3 2 -3 -2 
32 10 51 24 0 0 -1 13 
-37 -13 -32 -14 -2 -3 -7 -25 
-5 1 6 -9 1 2 4 -30 
20 -6 -10 6 3 -3 4 40 
2 -7 -13 2 -2 -1 13 3 
7 5 4 -14 -8 -5 -26 -5 
-6 -1 -2 4 1 5 5 13 
-5 2 -9 -13 0 -1 5 -11 
3 7 24 10 -2 -6 -33 -22 
9 4 -14 6 5 4 12 8 
-6 -9 -5 -15 -4 -1 8 6 
2 5 -3 -4 3 -2 -10 -3 
14 0 -12 2 -5 1 8 26 
-19 0 20 6 3 2 2 -33 
-12 7 2 -1 -5 -4 0 2 
-4 -9 -27 -15 -6 -4 -5 33 
23 -2 -13 0 2 -4 -14 -44 
-23 -3 13 -1 1 3 4 -11 
32 -3 5 4 -1 -1 5 35 
-22 14 3 3 -4 -6 -6 -38 
-24 -7 -19 -12 -4 -3 -9 6 
10 -5 -1 3 -1 -2 4 7 
-13 -3 -25 -9 -5 -2 5 6 
42 17 12 12 5 5 0 -17 
-1 -20 9 -3 -4 -7 -19 28 
8 -5 -8 6 0 -2 1 -30 
39 6 -8 -26 1 2 7 61 
-58 -15 1 -13 1 -3 -2 -55 
1 7 15 17 0 -3 0 0 
-11 -3 -6 -5 -5 4 7 9 
18 -2 -6 16 3 -3 -14 -9 
2 -10 -5 -18 -11 -3 -2 15 
-22 -7 -16 -14 -3 -2 3 -6 
2 12 10 -12 -4 -4 -4 -3 
-7 -5 -5 4 1 0 11 -12 
-1 13 10 12 5 1 -4 -1 
14 2 8 1 0 3 11 23 
-3 -5 -20 -1 -1 4 2 17 
-17 4 8 6 3 -7 -10 -55 
3 -4 -10 -36 -14 -7 -6 -15 
-17 4 -2 -5 4 1 -11 -9 
19 -6 -16 3 -2 -4 27 26 
-7 7 28 6 -1 4 -3 16 
20 -11 6 12 1 -3 9 10 
-48 5 -2 3 10 3 2 -19 
1 -5 -8 -22 -18 -2 -7 -15 
-11 -1 2 13 2 1 -3 31 
-1 0 -8 -14 1 3 2 -26 
1 -2 -1 -15 -6 -2 3 4 
13 15 8 8 7 -2 -1 14 
-14 -4 -11 -5 -4 -4 -4 -23 
-1 5 17 21 3 0 -7 23 
32 -5 -19 -24 -3 -1 0 -1 
-18 -10 4 7 -3 -5 -9 -46 
12 -8 -7 -9 -2 1 -4 14 
13 8 1 18 5 1 2 50 
25 -9 -4 -7 -12 -8 -3 -37 
-49 -9 3 5 5 3 -1 -30 
2 12 7 -15 -2 2 -8 -6 
11 -14 20 22 5 2 11 6 
-27 -11 -18 -2 -4 -4 16 14 
70 6 -3 -10 -3 -2 -3 27 
-6 -3 11 -2 -3 -9 -2 -17 
14 -4 -15 -2 2 4 2 24 
0 7 5 27 4 4 -11 -10 
-15 -12 -6 -9 -3 -6 -11 -4 
-5 1 -12 -22 2 5 20 2 
9 3 3 19 -7 -6 -9 -7 
5 12 15 22 6 1 -10 8 
-29 -1 3 -1 1 3 -4 -10 
2 -18 -31 -2 -11 -6 -13 -11 
-19 -14 6 -3 -2 0 2 -25 
17 10 12 2 1 4 18 28 
-5 4 -4 36 5 1 -3 23 
8 14 12 -47 -5 3 -1 15 
-24 -9 -9 -4 -11 -8 -10 -59 
15 -13 -2 -8 0 0 -28 14 
-5 8 29 23 5 4 31 21 
35 -9 -29 -6 -2 -5 1 -28 
-5 -9 -43 -29 1 3 -3 2 
0 7 45 8 -5 -1 -3 -1 
4 4 -13 -22 -3 -2 -11 -11 
-17 -5 27 22 6 6 25 47 
-2 18 -3 5 7 -5 -9 -25 
-46 -27 -29 -15 -21 -5 7 1 
6 -1 -37 -8 -4 -1 -6 -40 
-14 -2 10 25 1 -5 -15 2 
17 -2 4 10 0 1 -12 -2 
8 20 1 1 9 2 34 27 
9 6 -18 -29 -13 -11 -15 -16 
-16 -7 6 15 -2 2 -9 4 
15 17 -11 -14 -1 1 -12 -10 
19 7 -6 -2 1 -5 -17 -28 
-5 -9 5 5 0 1 13 32 
-3 6 -2 15 7 1 4 -22 
64 -15 15 -34 -6 2 23 65 
-42 0 2 4 0 -4 -17 -33 
13 9 12 -15 2 3 -6 -6 
-6 12 -39 -3 -7 -5 -2 36 
-42 -5 -4 16 -2 -1 0 -34 
64 -17 -12 17 -1 1 -2 -1 
-10 1 11 11 11 2 2 20 
-10 -35 -50 -17 1 -2 -20 -50 
-42 -41 46 -3 -18 -5 -6 28 
33 0 18 -5 5 1 24 16 
-80 0 23 -37 -3 -1 -1 -5 
4 28 40 64 7 5 -3 33 
-12 -21 -39 -15 0 -6 17 -56 
-21 31 39 24 5 -2 -67 20 
53 -8 0 63 3 8 42 -1 
44 -2 -14 -44 -5 6 48 46 
2 46 26 21 6 -9 -34 -59 
-58 -46 -46 -70 -15 -9 -11 5 
-20 13 -33 14 0 -8 -19 -24 
-7 -17 31 6 2 3 -24 -32 
27 13 29 12 2 4 35 32 
-5 50 -23 -27 4 2 18 5 
-30 -54 -9 -12 -13 -7 -15 -10 
7 -39 -6 24 -5 -4 -12 6 
-14 28 -28 -5 1 7 -2 26 
33 -56 -33 -9 -4 -10 35 -12 
-6 29 35 -12 4 6 3 -15 
-5 -4 12 -11 -5 -13 -27 0 
24 4 8 3 1 5 15 25 
-19 -2 -23 10 -6 -6 -26 -24 
2 7 13 2 4 4 35 38 
3 -3 25 24 3 -5 -44 -45 
-2 -8 -29 -42 -2 3 14 4 
-56 5 2 -3 -6 3 86 -17 
38 -18 4 7 -2 -7 -15 37 
-67 18 -34 -21 6 3 -5 -28 
-26 -21 18 32 -6 -8 -33 -38 
34 5 56 28 13 8 -14 28 
3 6 -44 -28 -11 -5 -8 0 
-5 7 13 -10 1 -3 13 -73 
-29 -25 -46 -12 -6 -7 -3 30 
23 -8 25 -9 6 8 -10 8 
22 47 21 13 1 3 31 2 
27 7 25 -8 -7 -9 -12 7 
-29 -7 -9 -5 2 -2 25 6 
-7 -5 -12 12 -4 0 -21 -7 
3 -11 -3 -19 -2 -1 -19 30 
22 15 11 -2 -2 6 -2 -13 
6 16 17 36 1 -2 -1 21 
-25 -19 -48 -56 -11 -13 3 -10 
27 8 36 11 -1 0 16 22 
-21 -9 -36 -18 -1 -1 36 25 
29 7 7 28 -1 0 -37 31 
-37 -3 72 6 0 3 -68 -102 
-4 -34 -43 -16 -6 -16 6 -11 
-1 -6 -8 1 -6 -5 17 18 
50 12 9 -36 3 -3 -23 0 
-29 -17 32 49 4 3 13 59 
-17 -32 -34 -22 -18 -5 -12 -44 
3 27 9 15 6 -8 -11 5 
0 -15 -25 15 -3 20 30 -8 
24 9 37 -43 -1 -18 -1 7 
-23 23 -24 1 7 5 -10 -18 
6 22 48 0 -19 -8 -4 11 
-26 3 -16 -2 23 1 -25 -39 
54 51 35 47 6 18 66 26 
14 -11 -25 -25 1 -2 -22 -9 
-45 -20 -38 -1 2 -3 2 69 
-20 0 72 2 2 3 9 -61 
-16 -57 -112 -50 -6 -5 -28 -35 
-6 -6 32 27 5 -5 -17 -31 
54 -22 -15 -26 -27 1 8 25 
-50 -16 -12 -1 13 -11 2 -31 
13 -9 3 -2 -25 -6 0 17 
-57 -6 -6 18 5 -1 -13 -6 
17 -15 2 11 5 -2 -45 -19 
27 23 19 -20 -4 4 70 46 
-16 3 -31 -7 0 -3 -31 -25 
24 16 34 6 9 4 18 90 
18 42 32 40 1 7 2 -76 
-20 -27 -63 -33 -18 -12 -29 -16 
11 -5 -22 41 6 3 4 -1 
-41 23 6 -28 -11 4 -5 -11 
9 -37 -22 -27 3 -4 8 -3 
18 16 16 22 18 7 -9 8 
-22 23 -16 -2 -21 -3 16 8 
2 -6 13 6 8 0 -28 0 
10 -22 -45 -33 -7 -5 12 7 
-5 21 -17 -8 -6 0 -7 -34 
6 -15 2 -1 8 -7 -46 -8 
-42 0 6 -1 5 16 54 -6 
-20 26 38 -10 -7 -15 5 10 
44 -50 -10 -18 -10 -5 -30 40 
44 1 -22 -5 2 8 22 0 
38 35 14 20 -6 -3 27 32 
3 -6 13 24 17 20 -56 -3 
-33 11 -3 -57 -17 -19 64 20 
10 9 29 31 1 -7 -9 24 
-32 17 -4 1 -2 1 8 -58 
-39 12 -4 2 16 22 -68 -25 
94 15 37 62 0 -7 1 -17 
-24 20 -26 -40 4 8 38 51 
40 -29 -16 23 -6 -11 -3 8 
-75 -41 -14 -14 -8 -1 5 -37 
66 12 5 15 -2 4 -57 10 
-38 -20 -16 3 2 -6 -42 -18 
51 11 32 -2 -3 -1 20 -19 
45 14 -52 -21 -3 -6 -8 13 
-60 -88 -11 5 -8 -5 38 35 
23 19 23 -13 -3 -3 -32 -36 
15 -24 -9 -16 -4 -9 -67 -42 
18 18 12 4 6 6 34 -5 
-4 31 11 3 0 8 3 53 
2 39 21 21 13 5 29 8 
-76 -57 -48 -3 -2 -7 -27 -63 
19 22 -23 -12 -11 -6 11 -4 
-17 -15 0 -5 -7 -15 8 50 
24 9 44 8 9 18 42 -14 
-14 -45 -63 0 0 -4 -18 -4 
2 -30 15 -10 -14 -9 21 71 
-22 -8 -62 -30 -11 -8 -16 -37 
-11 -39 12 14 10 -4 -17 -37 
-5 16 34 13 -6 -21 -13 9 
-1 -11 -19 1 3 8 12 -2 
-35 24 13 -27 -18 11 -42 -55 
4 -23 11 12 5 -25 21 13 
4 -12 -61 -34 -37 -9 -30 0 
-6 -3 15 -27 3 5 46 36 
-14 30 49 26 15 7 -26 -70 
12 33 -21 -3 0 -3 -28 -12 
-13 -38 -17 4 3 -5 5 22 
-19 22 9 24 -3 -3 6 -12 
17 -8 -11 -9 -2 6 30 46 
-38 -10 -19 -7 -7 3 7 -10 
29 48 31 17 16 13 8 6 
-20 -27 -59 -20 -3 -7 -1 -42 
-13 4 48 76 29 5 -3 -10 
61 -18 -44 -61 -26 2 19 60 
13 20 74 -6 7 0 -19 3 
33 -5 3 -1 -23 -13 3 47 
-50 0 -5 0 -1 -7 -27 -86 
-11 -10 -20 1 2 -5 -13 -33 
3 -30 -12 6 2 11 26 14 
0 7 34 7 9 4 2 37 
71 6 -5 -1 -3 -3 1 52 
-61 -14 -23 -10 -10 -11 -16 -34 
26 3 17 -69 6 0 -3 -14 
-15 -2 28 66 0 -13 -6 -45 
-16 -15 -12 -33 -8 3 -4 7 
-36 18 8 21 0 8 4 -45 
19 -8 -3 3 0 -4 -3 115 
-20 -7 0 -5 8 -3 3 -37 
-6 7 -23 -55 -5 0 15 26 
48 20 48 93 19 5 8 10 
-34 -14 -18 -35 -29 -5 -5 -43 
-13 -4 -10 7 -5 2 6 -2 
12 11 -6 7 6 3 -1 22 
13 -1 10 -3 -4 -4 6 30 
-13 0 -16 9 6 1 7 -11 
37 -3 -6 24 0 -3 -6 25 
-96 -14 -27 -2 -1 -5 -1 -88 
9 -14 18 -25 -10 0 -13 11 
13 13 -2 34 10 3 9 -11 
-11 13 3 -47 -5 2 4 30 
-10 -19 -14 37 2 0 0 -11 
20 1 25 -9 -13 -12 -23 -12 
11 26 8 32 3 6 7 -4 
-18 6 13 13 7 2 6 -6 
13 -6 2 11 -9 -4 7 69 
-16 -18 -40 -35 -8 -3 1 -22 
-8 25 26 5 8 0 -3 -11 
-3 -6 -12 9 7 2 5 -33 
-15 -10 -41 -23 -20 -11 -6 1 
46 10 1 21 15 4 -1 53 
-23 -5 -27 -51 -19 -6 -5 -9 
-9 -15 -18 -31 -1 -5 2 6 
4 -21 26 18 4 0 -3 -5 
-21 15 -3 -12 -3 3 -2 4 
9 -4 -6 30 14 0 -8 -20 
-13 2 -27 -31 -21 -4 -22 -16 
13 13 26 -15 1 6 17 15 
-12 -14 4 17 -2 -8 -12 5 
-7 5 0 6 -1 2 36 35 
10 -16 -3 -9 5 -5 -24 -59 
-2 6 -1 -21 0 -1 3 18 
-24 -10 -6 21 3 4 0 -16 
3 14 28 -4 2 2 -10 -64 
23 -15 -12 -22 -13 -9 0 57 
21 42 9 3 6 6 -4 -11 
-30 1 -9 -14 -2 3 10 -19 
47 -19 -5 11 1 -1 -1 34 
2 -4 41 5 7 4 5 7 
12 -6 2 3 0 -4 -3 -14 
-25 -5 -6 -9 -9 -3 11 6 
-7 21 -8 -23 -2 2 3 33 
8 10 22 21 10 11 2 -38 
11 -6 -2 -5 -1 -4 2 32 
5 -7 -32 -17 2 -2 -3 -14 
10 6 5 12 -3 -6 -9 6 
-1 -14 12 5 2 -4 3 24 
6 -3 1 14 15 6 0 18 
13 -7 -8 -29 -9 -3 -4 -8 
1 16 11 3 -21 0 17 -32 
-14 6 -19 -31 6 -7 -13 11 
24 -12 -2 24 -5 -8 -6 -14 
-27 5 9 5 6 -2 -1 18 
-7 -29 14 4 -2 0 -5 -3 
5 19 13 7 8 6 3 -7 
7 -2 -11 -1 -14 -7 -6 10 
-10 7 14 6 2 1 -12 -10 
6 -16 -28 -18 -8 -10 1 -6 
-25 -11 -10 14 1 -4 2 2 
-14 -2 -1 -13 -3 -1 4 -16 
16 11 58 34 9 5 -1 23 
27 -24 -78 -45 -15 -6 -11 18 
-3 2 30 15 -1 -6 -5 -33 
-1 20 -14 -3 0 1 -9 -9 
-36 -16 -13 -26 -15 -4 8 -20 
30 -1 -8 9 13 -2 -7 10 
-8 1 8 1 -8 2 20 14 
-1 -7 -27 -17 -5 -3 -11 -28 
11 5 9 -3 5 -4 -2 24 
-25 5 20 14 3 3 -1 11 
10 1 -6 -5 3 4 -3 -2 
-19 -15 2 12 1 0 -14 -58 
31 35 -10 -17 -16 -5 14 24 
-19 -9 19 2 2 -5 -9 -12 
8 18 -4 5 -7 -1 -3 -1 
-14 -19 -7 2 1 0 4 38 
14 -6 -8 -8 -2 -2 -4 -34 
-50 -8 10 22 6 -3 -9 -10 
7 16 -17 -21 -5 -1 1 5 
-7 8 19 -8 -5 0 5 20 
0 5 -23 -24 -1 -1 0 -18 
-5 -3 32 13 6 1 -7 5 
-3 -6 16 10 -3 -6 -5 32 
-1 6 -8 -6 2 -1 -2 -60 
22 -8 3 15 5 4 18 80 
-10 3 -25 -8 0 1 -18 -101 
-8 -9 3 3 -7 -2 13 14 
-5 -17 -10 4 -3 -6 -5 2 
-6 -2 -11 -7 0 0 -9 33 
8 -1 -29 -11 -15 -4 7 0 
2 -1 -8 2 6 2 -13 -37 
12 3 7 -10 -4 -2 1 13 
-25 5 -2 14 -2 -2 -4 -38 
-14 -6 -8 -7 -5 -1 2 38 
2 0 -14 -4 0 -1 -2 -14 
-6 7 23 7 3 -4 5 23 
25 -4 13 3 -4 4 -5 -2 
14 2 27 -6 4 2 4 6 
-18 -7 -42 5 -6 -2 0 -13 
9 -14 -1 3 -5 -11 -7 11 
-6 3 6 10 3 0 -3 -18 
-12 10 -1 -4 0 2 4 0 
-1 -12 28 0 1 0 -6 24 
37 15 1 2 1 5 15 -5 
-24 -27 -15 5 10 -5 -13 -11 
-1 0 2 -15 -20 -3 -1 -18 
1 23 -3 6 -1 -1 -4 11 
-6 -5 10 -4 -2 2 4 -4 
4 3 -16 -9 2 10 13 1 
2 -5 -8 6 4 -17 -15 19 
-3 0 11 2 0 -6 -9 11 
-5 2 -24 -32 -8 2 -1 -16 
1 -6 6 -5 -8 -4 -5 -16 
-6 -13 -16 6 3 5 3 5 
3 1 9 3 2 3 3 -12 
-9 -5 -8 3 2 -2 11 15 
5 3 20 -6 0 -3 -12 4 
3 14 17 5 5 3 -2 -1 
-5 -12 -3 -5 -5 -2 3 -2 
1 -1 16 9 5 5 0 19 
-3 -5 -2 3 -6 -5 2 -37 
10 -3 9 -2 4 -1 -4 8 
-4 1 0 -3 -4 -4 0 -5 
-6 -2 2 4 0 -1 -6 5 
-2 -4 -13 -2 0 -1 3 -11 
13 -10 2 -3 2 3 5 41 
23 -1 -2 7 2 -1 2 -28 
-27 0 2 1 -2 -3 -9 -24 
-2 -10 -8 -12 -7 -2 2 -2 
-11 6 -3 0 1 1 -10 -16 
6 -2 -13 -2 -4 -4 1 33 
15 -12 -23 -3 -3 -7 -5 22 
-9 5 -5 -2 2 3 4 -18 
-5 4 0 -2 -1 2 10 10 
-6 -1 16 0 4 2 -6 -27 
-4 0 -7 4 2 0 3 9 
13 11 23 -6 -7 -2 13 36 
-23 12 5 -9 -2 -5 -20 -26 
0 -8 -48 -3 -8 -3 0 7 
4 5 4 -6 -2 -2 1 -4 
-5 -1 7 3 3 0 -3 -1 
11 5 -8 -2 -4 0 6 -3 
-1 4 16 1 1 5 11 -18 
-17 -8 -13 1 1 -2 -10 4 
12 15 -9 11 9 5 0 -9 
1 -10 7 -20 -18 -11 -6 12 
0 -7 -11 0 2 -2 1 5 
12 5 0 -2 -5 -1 -6 -34 
-21 -3 -4 4 7 -1 -5 2 
20 -12 -6 5 3 0 8 16 
-7 9 24 3 -2 1 -2 19 
-12 -4 -12 -2 0 2 -2 -42 
13 -1 -13 2 -6 0 2 15 
-11 -29 0 -7 -4 -1 -11 -33 
-31 -10 -9 -12 -7 -11 -19 -1 
3 -15 -4 -2 1 -4 18 25 
8 3 -1 -3 -5 -3 3 1 
8 8 7 13 4 8 21 3 
-5 5 3 6 6 2 -8 4 
-15 -12 19 2 1 2 -18 -20 
-28 -26 -20 -20 -14 -8 -13 -37 
2 6 4 9 4 -1 9 8 
10 -7 -3 -1 -4 -6 -6 -3 
5 15 16 6 1 2 3 27 
0 4 -6 3 4 -2 0 0 
-2 8 5 4 2 2 -4 3 
7 8 49 14 9 14 15 -14 
7 2 -44 -26 -10 -6 2 9 
0 -24 4 1 -5 -7 -19 4 
-8 -2 -14 -6 -4 -6 -7 -9 
3 -2 5 2 0 1 5 13 
-7 7 14 11 1 -4 -6 -29 
3 1 -10 -9 3 3 6 6 
0 2 -13 10 -4 -1 -9 11 
-9 -20 -30 -20 -10 -6 -5 -2 
-39 -13 7 -8 -8 -7 -3 -28 
4 6 -3 3 -2 -2 0 4 
3 3 0 4 5 -1 2 -6 
0 5 -7 2 1 4 8 1 
-7 -14 5 -1 -2 -5 -11 8 
24 -3 -3 -1 4 -2 -13 18 
-23 -1 -5 -19 -10 -1 -3 -31 
8 -8 -11 -7 -5 -4 -4 6 
7 0 9 4 1 2 4 7 
-5 9 8 5 3 -1 2 2 
5 7 23 10 7 2 11 18 
-2 22 0 -2 5 2 0 -13 
8 -14 -27 -13 -16 -5 -2 -2 
-7 -4 -8 -12 -8 -3 8 4 
-8 -8 -23 -3 -2 -5 -21 8 
-3 5 36 6 0 2 17 -17 
16 16 10 13 7 5 4 16 
0 14 -3 0 -1 1 -4 -17 
4 8 34 11 2 3 4 1 
11 -24 -54 -6 -5 -7 -5 14 
-7 4 0 -5 -1 -5 -21 -12 
2 -6 8 0 -3 1 17 -4 
-2 2 8 4 5 0 -16 -11 
1 7 2 3 1 -6 -4 13 
13 2 -1 3 1 4 14 5 
2 7 6 18 5 8 9 -17 
1 -12 -34 -22 -9 -8 -1 38 
-37 -26 3 -14 -7 -1 -9 -79 
19 0 5 2 0 -9 -14 23 
-20 5 11 3 -1 -9 -26 -1 
11 7 -2 9 0 5 40 2 
10 14 -1 3 4 6 -3 26 
-9 -8 4 -2 2 2 11 2 
8 4 26 -1 0 4 -3 14 
-3 -16 -31 -17 -7 -4 -11 -24 
-7 -9 -18 -14 -7 -5 2 2 
-10 5 9 4 -2 3 -12 -3 
11 8 0 -3 -2 -3 -1 -5 
-7 15 16 5 3 0 8 -8 
2 3 14 11 8 -7 -25 -4 
5 10 -11 7 0 9 13 31 
11 -17 -27 -15 -11 -3 0 -16 
-44 -17 -21 -14 -6 -5 5 -3 
-6 -8 0 -3 -4 -2 -13 -27 
9 5 4 4 3 -2 1 -6 
-9 19 14 5 3 -4 -11 5 
25 -10 -11 7 3 7 16 8 
2 6 4 1 -1 3 11 27 
9 1 -2 -7 0 -3 -11 -10 
-25 -17 -24 -9 -5 0 13 0 
6 9 26 9 2 -1 -16 -18 
-2 5 -3 4 1 4 15 17 
-19 3 5 -3 -2 -5 -9 -20 
57 -3 -5 -5 -5 -2 -3 31 
-32 -11 -16 -10 -5 -11 -8 9 
16 -14 -8 4 -3 -6 -12 -19 
-5 0 0 -4 -1 3 15 8 
-12 -3 -2 1 3 1 -3 -5 
6 5 11 7 5 0 -3 -3 
8 12 9 4 -1 0 3 -1 
-24 -28 -35 -28 -19 -8 11 4 
12 -10 11 -16 -5 -7 -6 -13 
6 -1 -13 -6 -5 -1 -5 -8 
2 -3 -4 5 3 2 5 15 
9 19 10 10 6 4 1 -10 
-13 -15 9 7 1 3 -1 28 
-4 4 -6 3 -7 -3 -3 -49 
-2 6 -14 -19 -5 -5 -11 0 
-3 -12 0 -1 -1 -3 -6 -13 
-7 6 1 5 -2 -1 4 3 
9 10 10 10 7 5 -2 13 
-8 -26 9 3 -1 1 9 13 
21 9 13 7 5 11 2 14 
-11 -10 -35 -14 -3 -16 -14 -31 
-9 -24 -9 -10 -22 -9 -9 -6 
-6 1 -5 -8 -4 -2 4 -1 
6 -2 -2 -2 -1 1 4 4 
0 5 19 10 6 7 4 -2 
1 11 7 2 5 2 2 12 
-4 -2 -1 -3 -4 -3 -2 -22 
-6 -5 -6 6 -1 -13 -25 18 
-2 16 -11 -14 -5 1 1 -7 
-25 -16 0 -7 -3 -8 -8 -20 
6 1 9 -2 -2 4 8 2 
-5 21 -1 5 4 2 6 -20 
2 0 -4 1 -2 -2 0 19 
13 11 19 8 4 7 6 13 
6 -6 8 9 10 9 7 13 
-26 -10 -35 -28 -15 -10 -13 -21 
-7 -26 -7 6 -4 -9 -6 -3 
-1 12 11 1 2 2 5 -2 
0 7 4 9 1 -2 -12 -5 
10 -2 18 9 5 7 8 15 
0 2 -1 -1 -1 5 5 7 
-10 -6 3 6 4 0 -8 -8 
-5 -11 -24 -16 -10 -6 -6 1 
1 -8 0 -9 -3 -3 7 -15 
-15 1 4 2 -2 -2 -8 -28 
14 0 1 6 7 -1 -4 13 
-9 6 7 0 -7 -1 -4 -2 
7 -1 7 1 -2 -1 1 10 
-1 1 -10 -5 4 1 -10 -13 
7 -5 -11 -10 -1 4 44 17 
