#EMG
#3
#ID:3-70
0 -15 -13 -6 -3 -4 -1 4 
26 13 11 -2 -3 0 -3 36 
-25 -15 -19 -9 -5 -3 -4 -13 
-7 10 22 0 -3 -3 -4 -14 
1 -4 -19 2 1 2 3 -10 
-8 -6 -16 -7 -1 -5 -6 17 
21 -3 2 -2 0 1 2 13 
1 -8 23 -3 -3 -3 -4 -14 
-1 -4 -4 5 3 1 5 1 
12 19 21 7 0 0 -3 5 
-15 -9 29 0 1 1 0 -25 
10 7 -19 2 -5 -3 -3 7 
7 -10 10 1 0 1 0 -2 
-12 5 -13 2 2 -1 -2 -5 
-6 3 21 -5 -1 0 -8 2 
21 10 12 4 3 2 6 33 
-28 -5 0 -1 -3 -4 -8 -56 
5 -18 -30 -10 -5 -3 -2 -1 
-8 -4 -21 0 -3 -3 -1 5 
3 1 19 -4 2 0 1 -10 
9 8 1 -13 -3 -1 -5 19 
18 -2 6 -5 -1 0 4 35 
-9 -4 -20 1 0 -4 -4 -30 
-23 13 -1 -5 -5 -6 -3 -15 
-2 -11 -4 -2 -2 1 3 9 
3 24 11 5 0 0 0 -12 
13 -11 0 -2 -4 -3 2 14 
1 -4 16 0 5 5 2 7 
14 2 -5 -2 -2 -3 -4 -3 
-26 -7 1 1 -2 -2 -2 -19 
-1 -2 -10 -5 0 0 -1 4 
-5 -5 -8 3 0 -4 -3 1 
3 -4 7 2 1 0 1 2 
-11 8 2 9 3 4 1 -5 
7 2 -11 -12 -8 -2 -7 -18 
-14 -17 -8 -7 -3 -4 3 12 
13 -1 4 1 2 0 -3 21 
32 -3 -2 6 -1 -3 2 1 
-58 3 17 5 4 2 1 -11 
24 5 -17 -12 -6 -2 -2 5 
-17 -5 -22 2 -3 -3 0 -9 
33 -23 12 -2 3 -1 1 52 
6 0 -7 -2 0 -3 -10 -49 
-2 5 1 1 2 0 -3 -2 
-9 -17 -2 -2 -1 -2 0 2 
7 15 12 -1 1 2 2 11 
5 -20 -12 -16 -13 -11 -9 -26 
-9 -11 -34 -4 -3 -1 3 3 
0 7 14 0 0 1 -4 -8 
-10 1 -10 0 -1 -5 -2 -15 
3 -1 -1 7 3 1 -2 19 
18 8 20 0 -3 -3 2 5 
14 15 -5 -2 -1 -1 -3 -11 
-22 -13 -8 -3 -3 -3 -2 24 
8 11 17 9 4 5 4 -8 
-35 -15 -29 -10 -5 -3 -7 -13 
-1 -3 -16 -2 0 -1 1 29 
-10 -5 10 0 0 0 -5 -62 
7 -11 -1 0 -1 -2 4 29 
7 6 12 -3 0 2 -2 -10 
6 4 3 5 1 0 1 12 
-10 -4 -14 -14 -8 -6 -2 -14 
-9 11 -8 -5 0 1 -1 9 
23 0 21 11 4 3 9 42 
-4 -2 -1 -7 -3 -4 -8 -48 
-13 1 -16 2 1 3 2 -6 
13 11 6 3 2 0 5 24 
-3 -4 9 -2 -4 -4 -7 -14 
-6 -14 15 11 -3 -4 0 1 
-4 -6 -26 -12 -1 -4 1 -1 
5 2 8 -2 -1 -1 3 6 
-21 9 -2 7 2 1 -2 -10 
5 -2 -10 -6 2 0 2 -3 
-16 -1 13 4 -6 -1 -4 -18 
2 5 3 2 -1 -1 -4 21 
11 -7 -40 1 3 0 0 -14 
-34 2 27 -12 -4 0 5 -6 
20 0 14 2 4 4 4 41 
-9 -1 3 -5 -3 -3 -6 -34 
-17 -13 -13 -1 -1 -1 -4 -7 
2 2 -2 8 2 0 -2 -1 
31 16 18 -7 2 3 9 59 
-20 -8 -4 2 -2 0 2 -57 
10 -13 -19 -10 -5 -6 -10 -16 
20 17 19 1 -1 3 2 16 
-1 -16 -27 -7 -4 -3 -3 8 
-29 34 40 8 0 0 -14 -28 
26 -6 8 5 1 1 19 26 
-2 -13 11 -6 -2 -4 -3 -14 
-4 11 8 13 1 -3 -6 -23 
12 -10 -36 -17 -3 -3 -13 5 
-23 10 0 2 2 3 16 17 
2 3 22 1 -3 -3 -2 11 
-20 6 3 0 0 -2 2 -15 
19 -1 -3 2 0 -2 -2 12 
-2 5 19 8 1 0 -6 -10 
21 -10 -41 -7 -5 -4 -2 5 
-28 -19 -20 -1 -5 -1 -4 18 
-3 12 -3 -8 2 2 -1 -39 
15 -9 6 -3 -2 2 2 18 
3 8 -2 4 -1 -2 -10 -22 
1 -12 14 -4 -2 -3 -3 -7 
3 -11 -8 7 3 1 21 38 
1 0 -7 -8 -5 -3 -12 -12 
29 -9 -5 11 2 1 -17 28 
-21 -2 2 12 0 0 15 -21 
12 0 -8 -31 -8 -8 0 21 
-10 -4 -9 -4 1 1 0 -10 
-7 23 -27 -3 -2 -3 -12 -1 
50 0 34 -11 -1 3 2 59 
-63 -28 -25 12 1 1 -4 -78 
-1 -9 -40 -1 0 -2 -8 1 
-22 6 5 -16 -8 -8 0 -10 
15 10 -59 3 3 4 -2 -10 
18 3 43 -7 -6 -3 5 48 
-23 -5 8 -1 -4 -3 -9 -29 
1 13 47 12 2 2 13 23 
-17 6 -9 -5 -1 -3 -9 -34 
51 -5 -16 2 0 2 13 29 
-29 -15 2 -4 -4 -2 -1 -14 
-1 -20 -46 -10 -2 -2 5 19 
-6 4 40 6 -2 -7 -14 -24 
4 20 -22 8 2 2 1 14 
-1 -35 16 -8 -2 -1 -2 14 
7 -15 -5 15 2 0 -16 -48 
10 -8 -24 -33 -5 3 44 56 
-50 6 -21 -2 0 -3 -37 -60 
13 12 -9 4 -2 -5 21 39 
-10 8 7 12 4 4 -7 -14 
3 -17 1 -11 -9 -8 -14 -8 
-7 -5 22 9 2 1 13 12 
9 20 27 1 -4 -3 -16 -4 
-15 -10 -24 -11 0 0 1 -10 
-12 -6 -26 4 0 -2 0 -12 
6 14 -1 -4 -3 -5 -2 25 
-9 9 48 6 -2 -2 -10 -25 
8 -7 6 -7 0 3 13 20 
12 -8 19 -7 -3 -2 -14 -2 
10 -31 -20 23 -1 0 2 -21 
-2 4 14 -29 -2 -1 0 9 
-45 -14 -33 -16 -6 -5 0 -34 
-2 0 -32 -2 0 -1 3 -9 
-1 -7 23 6 3 1 -7 8 
17 17 46 7 0 3 22 37 
16 20 -23 1 -1 1 8 15 
-6 -18 22 2 3 0 -33 -58 
-6 3 6 4 -3 -1 18 27 
5 2 -19 -7 -1 -2 -11 -20 
-14 -12 -3 -21 -9 -7 -3 17 
4 9 0 15 4 1 -5 -12 
13 18 -3 -10 -4 -2 5 18 
-5 1 2 9 3 0 -6 2 
-12 -20 -6 5 -1 -1 1 -6 
12 11 25 8 -2 0 0 -21 
3 -23 -23 -18 -6 -3 -7 27 
14 20 -45 1 0 0 2 -13 
-29 -26 40 -5 3 1 -4 3 
-14 8 32 24 2 2 19 2 
4 -25 -31 -11 -3 -1 -8 1 
10 0 -17 7 -5 -6 -16 -1 
20 -4 9 5 1 2 18 37 
-18 16 -57 -16 -2 -2 0 -33 
-6 15 7 6 -1 -1 -8 -3 
1 -2 5 3 0 -4 4 -2 
6 2 17 6 -3 -5 -15 -9 
4 25 20 -9 -2 -2 -1 13 
15 -11 -36 -7 -3 0 10 46 
-23 -47 -47 -12 -3 -3 -5 -51 
2 12 -5 -1 -1 0 -2 9 
-4 2 53 0 -3 -5 3 -2 
-9 12 33 6 2 1 -2 4 
16 -4 -3 17 1 -1 -7 15 
-10 -18 -73 -59 -4 -3 5 -10 
5 4 70 18 -10 -6 -15 -21 
-17 21 0 2 3 -1 13 2 
-12 14 -19 8 2 2 -1 10 
6 0 -34 -3 1 -1 -5 -12 
3 -17 -4 -2 3 4 -2 27 
2 22 12 -1 -3 -6 1 -32 
-10 -24 12 -2 -2 -2 1 -20 
0 15 54 20 1 -3 -19 6 
-8 5 -80 -52 -12 -1 2 -2 
8 -10 64 17 -4 -5 -6 0 
-20 25 -37 -6 1 1 11 16 
9 18 31 24 3 -2 -11 -30 
9 -19 24 2 7 3 20 10 
-10 -12 5 2 -12 -1 -3 -19 
52 50 -1 14 8 5 -1 22 
-3 23 26 -34 -11 -1 14 23 
-23 0 28 10 10 3 -13 -1 
-4 -28 -69 -4 -7 -7 -17 -10 
-33 -13 -30 -48 -11 -12 0 -57 
30 4 14 51 23 10 20 25 
12 10 -4 28 -19 -4 6 53 
-18 -31 -63 -30 3 -3 -20 -41 
2 -6 67 -10 -10 3 -8 -45 
11 21 -57 8 5 -1 11 12 
-5 9 -35 -3 -4 -5 -5 -20 
7 -27 10 13 7 10 9 34 
13 31 21 3 2 -2 -12 21 
4 -19 -21 -10 -11 -5 14 -20 
-9 31 -22 -6 1 -1 -2 16 
27 11 8 0 4 2 21 26 
24 2 65 13 9 2 -65 1 
-40 19 43 -3 -7 -3 54 -54 
-4 -73 -17 -16 4 -3 -3 -10 
-14 -44 12 4 -6 -8 -8 17 
0 8 -7 28 3 7 13 6 
10 10 35 2 2 3 -16 45 
3 -36 11 6 1 -3 7 -29 
1 34 -15 -16 5 7 5 -23 
-9 -3 -41 8 -4 -2 16 36 
-16 -39 55 -6 -11 -10 -34 -44 
4 -11 -99 -45 5 4 2 -7 
-6 15 71 27 2 -4 -10 27 
-4 -16 -9 -10 -3 -1 -8 -37 
14 -1 -19 10 0 1 -31 15 
-13 7 -4 5 5 1 14 26 
-5 7 24 16 0 0 4 -47 
35 20 55 -18 -7 -2 -3 27 
-45 -38 -72 -25 -10 -10 -20 -48 
-4 3 69 35 7 1 4 -2 
4 13 -30 -24 0 5 -3 25 
4 -20 -13 -11 -5 -5 25 1 
22 35 -1 20 1 2 -42 0 
-14 21 -7 -1 -6 -9 19 54 
-15 -33 -39 -25 -7 -6 39 -32 
8 -7 -11 -11 -2 -1 -56 -21 
-10 -1 25 13 -6 -7 29 21 
-22 6 -3 -16 1 9 39 34 
-6 13 19 2 -3 -1 -55 -24 
27 -36 2 1 -5 -7 10 13 
23 -18 -97 -32 -4 -4 -6 -9 
5 9 9 17 -2 1 23 30 
-10 7 33 -4 -3 -7 -42 -33 
-13 16 21 2 4 -2 13 20 
-68 -13 -28 -8 -6 -1 42 -58 
48 8 11 1 -3 -2 0 34 
15 12 -21 -15 -1 1 9 -37 
-27 -7 -61 29 5 1 25 48 
24 -28 -21 -31 -4 -4 -12 -3 
-35 -7 55 31 -2 -2 -16 -33 
22 20 22 -11 2 1 13 39 
-11 17 -93 -4 2 1 -5 -32 
-25 -32 35 -10 1 2 7 9 
19 -14 -37 2 9 2 -28 -24 
-26 18 26 27 -15 -7 -12 -14 
16 -13 3 -8 -2 -2 -8 22 
-3 14 6 11 3 6 9 6 
11 36 -2 4 1 -5 -10 -18 
-11 -54 -81 -13 0 -3 -15 -10 
-9 28 60 -9 0 4 15 5 
26 33 24 20 2 3 0 25 
-17 -11 24 -22 1 -4 -25 -31 
-7 -15 -38 9 -10 -9 20 2 
-16 -38 -27 -16 -5 -2 5 29 
4 -9 -62 10 4 -6 -17 -24 
5 -4 -9 -1 2 6 6 26 
27 -21 -23 21 12 4 -10 -26 
-21 2 -2 -28 -13 -4 19 -23 
15 36 23 2 8 -1 -11 5 
-19 -31 -49 5 -21 -9 -18 -7 
10 6 -25 -9 12 12 20 13 
21 -13 22 -18 -1 -3 -1 14 
0 16 42 28 -4 -4 -9 -7 
16 15 -47 -25 -8 -7 -11 -22 
-3 -14 -8 5 -1 -1 10 28 
-26 -35 -18 7 3 -2 -18 -11 
-1 24 10 -36 0 -3 -8 21 
-15 -43 -26 7 1 3 -7 -89 
-8 62 117 4 5 -4 -2 -2 
1 -15 -39 5 0 4 13 -13 
-2 -11 -59 -5 -21 -3 13 21 
-15 0 81 1 -3 -8 -33 -40 
32 -4 -47 -8 1 2 2 60 
-32 -4 -57 -20 -6 -4 -3 -69 
11 7 20 9 12 7 11 27 
14 8 -32 9 -1 4 10 52 
-15 -17 -51 -20 -8 -6 -30 -50 
13 5 56 9 9 7 14 19 
-16 -26 39 44 8 -3 2 -32 
-24 -24 -60 -12 -24 -9 -11 -23 
28 7 12 -37 2 6 11 26 
-8 14 27 35 0 -4 -12 2 
5 -18 27 -22 -5 4 -38 5 
20 11 37 -3 13 4 61 27 
-18 14 -23 26 -4 -2 10 29 
2 25 21 11 13 3 -23 -53 
-30 -37 -78 -30 -21 -13 -3 -63 
6 3 51 13 11 2 -11 18 
14 18 59 16 5 10 32 -15 
-18 -8 3 1 3 -7 15 34 
19 -12 -39 6 3 15 14 39 
23 18 19 -29 -19 -12 -36 -26 
-17 -30 -59 -9 -3 -5 11 -37 
-27 -33 40 6 -1 1 -9 -17 
37 45 36 -7 0 -2 16 74 
-10 10 -18 7 2 2 0 -36 
17 -12 4 -1 2 -1 -61 37 
18 0 -22 -2 -4 2 8 -10 
-13 -36 -32 -9 -3 -5 8 17 
-9 -6 11 0 8 8 -7 -12 
11 39 33 -4 -3 -7 22 -4 
-28 -18 -88 -28 -18 -9 -16 -25 
5 -18 75 24 6 1 -33 -21 
-14 24 -8 14 6 2 30 18 
-1 11 12 -21 -7 2 -22 -27 
-17 23 -13 1 2 0 -9 33 
4 1 21 18 4 3 73 21 
9 7 -29 -27 -2 -6 -25 2 
-53 9 62 6 -8 -11 -58 2 
44 -7 -10 2 -5 7 46 -47 
-21 -1 -5 0 -1 -7 -53 -8 
9 17 33 70 20 8 -55 -17 
-38 -43 -87 -15 -23 -4 86 55 
-45 -20 10 -25 2 -4 -64 -45 
18 10 -11 -10 0 2 -4 14 
-63 -36 29 18 -9 -8 -1 -41 
19 -6 -45 -3 6 7 26 24 
-29 40 53 11 2 1 -66 -26 
-22 -37 -45 10 0 -1 -35 -23 
-19 11 -83 -58 -8 0 66 56 
11 -25 40 5 -8 -12 -63 -49 
-34 -37 -28 -7 -18 -14 47 20 
31 39 3 -48 0 -3 -33 -10 
18 -63 -31 0 1 2 -14 23 
-4 56 96 17 10 10 19 19 
20 -26 -63 -33 -15 -14 -68 -2 
-5 -31 -12 1 -4 -1 79 24 
1 10 -28 -16 -2 -4 -19 10 
21 1 -17 22 8 3 12 -22 
22 -13 60 30 14 6 45 67 
-9 40 10 9 -3 0 -35 -50 
-4 26 28 -10 -3 -11 2 -29 
-7 -19 -24 6 -7 2 -39 -7 
37 45 26 9 6 2 22 52 
-21 -10 -9 2 2 -5 -11 -21 
20 -6 4 4 -3 2 -5 15 
-5 2 12 -31 -8 -1 12 -2 
8 16 -15 1 11 3 12 -1 
-3 -7 31 -9 -15 -1 9 3 
5 11 51 -10 -7 -6 -4 29 
1 -19 -64 -2 16 3 -8 -15 
0 10 7 1 -16 -2 9 -6 
-13 -4 -7 19 13 2 0 -8 
1 22 17 -11 -6 0 -10 -10 
13 -25 -3 12 2 -4 6 23 
-18 -5 14 -8 -1 -4 9 13 
34 25 3 21 2 -1 -3 34 
-27 -4 -1 4 3 4 -2 -43 
-2 11 8 2 -4 -7 -7 -10 
-2 -15 -3 1 1 -1 -1 -29 
-7 -20 -30 -15 -7 -6 -13 33 
12 -23 -40 -23 -9 -6 1 -12 
-32 -7 3 6 -1 -7 -2 -1 
12 15 9 -2 1 3 -2 33 
-26 6 17 -6 -2 0 2 -36 
19 -13 -26 11 2 1 -3 -10 
24 -9 28 -8 -4 -7 2 38 
-12 13 17 2 -3 -5 -7 10 
36 -1 -5 -4 1 1 6 31 
-53 -12 15 1 1 -5 -1 2 
-5 -18 -9 -6 -1 2 -8 -44 
32 2 2 -4 -4 -2 5 20 
-5 33 14 9 8 3 8 33 
-5 26 58 15 3 1 -12 -32 
0 4 -17 -6 -4 3 13 1 
-9 -24 -22 -2 -3 -4 -1 -12 
-23 9 30 5 2 -1 -7 -45 
28 -34 -33 -6 -5 -2 -3 39 
3 17 36 5 3 0 -2 9 
-8 -16 -41 -4 -3 -3 -4 -30 
-8 -8 -17 -6 -5 -2 3 3 
24 8 -6 13 1 0 0 14 
-3 4 10 -8 0 -1 -1 2 
0 -4 -2 9 -3 -1 1 -19 
2 -1 -2 1 -5 3 9 34 
-3 -11 25 -13 -7 -6 -8 -25 
-39 -8 -16 3 7 4 -3 -52 
6 25 52 1 3 -2 1 24 
6 -13 -20 9 -3 2 -5 -26 
-15 -7 3 -4 0 -2 5 1 
-9 11 1 -3 -3 -4 -8 -3 
-9 4 14 10 -2 0 3 -13 
-6 -15 0 -3 2 -3 -4 5 
29 7 -8 3 0 1 -3 9 
8 19 -35 5 4 0 6 22 
-9 -9 -31 -7 1 0 -3 -14 
0 6 18 -6 -4 -2 -2 -22 
17 10 -8 2 -3 0 -2 29 
-8 -1 2 5 -1 1 1 -4 
19 6 5 -2 3 3 3 5 
-24 -17 -4 -14 -8 -8 -10 -8 
-6 -3 -29 -12 -3 0 2 19 
5 -11 -1 1 -2 -4 -5 -16 
5 -5 -10 -1 -5 0 1 6 
-11 -2 26 3 -2 -3 -10 -4 
6 10 16 -3 -1 -1 11 16 
0 -4 -17 -3 -3 -5 -8 -48 
-4 -4 2 -2 -2 -1 -4 -2 
22 6 -21 0 2 2 0 2 
-12 4 -13 3 -1 0 -2 -4 
11 1 14 -11 -4 0 5 8 
-4 -29 -50 -11 1 -7 -10 -17 
7 8 3 -7 -12 -4 2 25 
0 -1 -1 5 1 -1 -5 -21 
-10 -7 1 -8 -8 -2 -2 8 
2 22 63 16 3 4 2 -6 
-11 -27 -26 -17 2 0 5 6 
8 5 -25 -14 -5 -2 -5 5 
1 -15 -23 3 0 -2 0 1 
-7 -5 -12 -4 -4 0 1 12 
8 10 64 7 1 -2 1 -14 
-3 9 0 2 0 0 2 -20 
0 -8 1 -4 0 -2 2 24 
0 6 2 4 1 -2 -3 -5 
1 -9 -27 -3 0 0 -2 -11 
-15 -17 -20 -6 -4 -4 -5 -23 
7 7 19 2 -1 -1 0 15 
-5 -1 -2 3 1 -2 -1 -1 
-5 -2 -18 -4 -1 -3 -5 -9 
0 6 13 9 4 1 1 6 
2 1 6 0 -1 2 2 19 
-4 -4 2 -4 -4 -4 -4 -32 
-3 1 -3 -2 3 0 1 -4 
1 -3 5 -1 -1 -3 -1 2 
0 -4 -2 1 0 -2 0 0 
-4 -2 -9 0 -1 -2 1 11 
0 2 1 -5 -1 -3 -3 -6 
-3 -7 -7 5 1 -1 -1 -3 
-6 11 9 -3 -3 -4 -4 -2 
-7 -26 3 -6 -4 -1 -1 2 
0 -6 -4 -1 -1 -1 -2 -9 
-4 0 3 1 0 0 -2 -4 
9 1 -7 -4 0 1 0 5 
-21 15 43 2 0 0 -3 -8 
-3 -8 -13 -1 0 -2 0 -6 
1 -1 -1 -3 -4 -2 -1 6 
10 -3 -1 0 -2 1 1 -2 
-2 -1 -12 1 -3 0 -2 -11 
-6 0 28 -3 -9 -6 -1 -2 
0 1 -24 -3 1 0 1 4 
-4 -7 -10 -1 -2 0 -2 7 
7 -3 3 -1 0 -3 -2 7 
-1 -1 -19 -5 -1 -4 -3 -5 
0 0 10 2 -1 1 3 1 
-6 6 7 -2 -3 -3 -6 -8 
3 2 -4 3 3 2 1 7 
0 13 12 3 1 3 -3 -4 
10 -4 5 -2 -2 -6 -2 4 
-5 -17 -30 -11 -4 -3 0 -5 
-8 -14 -11 -2 -1 0 0 -8 
7 2 -3 2 -1 -2 0 12 
0 12 9 -3 0 -1 -4 2 
7 2 11 8 0 2 4 21 
0 -7 -26 -4 -2 -1 -1 -29 
-4 0 2 -3 -4 -6 -4 -28 
-28 -13 2 -4 -3 -1 -4 -6 
-3 1 8 -1 0 -1 -1 -2 
11 30 -18 5 3 0 0 23 
0 -28 33 0 -2 -1 0 0 
5 -1 -8 5 2 -1 0 -2 
3 -1 26 6 0 -3 1 2 
1 -9 -34 -19 -7 -6 -7 6 
-15 0 -16 -4 0 0 2 -12 
-2 -6 -6 0 -3 -5 -1 -2 
-1 10 5 1 2 2 0 -1 
13 -14 -9 -1 -2 0 2 -5 
-4 4 -19 1 0 -2 -6 14 
3 6 6 -11 -1 1 2 1 
-5 -1 -6 10 1 0 2 -4 
13 9 11 1 -1 0 0 9 
0 0 -4 0 -1 -2 -3 -4 
-4 18 13 9 7 5 1 -16 
39 -5 -38 -8 -5 -3 -3 25 
-68 -16 26 1 -3 0 -1 4 
0 -1 -25 -3 -3 -1 -2 -15 
-2 -4 5 -2 -3 -2 -3 -7 
0 5 9 0 1 0 -1 -2 
7 -10 -1 -4 -5 -4 -3 3 
7 31 9 8 9 5 2 5 
-2 -29 -4 -3 -2 -1 0 29 
-13 -15 -24 -8 -4 -3 -4 -40 
12 7 -5 -17 -2 -1 0 2 
3 4 7 5 1 0 1 5 
2 9 -6 -1 -2 -3 -5 -4 
-3 2 19 4 1 0 3 1 
-5 7 10 5 2 -2 -2 0 
0 -16 -14 -10 -6 0 2 32 
-19 4 -8 3 2 -1 -6 -43 
-2 -17 9 -2 -4 -3 -4 -9 
7 1 2 3 1 2 0 -7 
29 10 15 1 0 -1 3 15 
-38 -4 10 4 -3 0 4 8 
9 -5 -5 -4 3 2 0 27 
-26 -2 -29 -10 -8 -6 -8 -55 
-5 -7 9 0 -1 -1 -2 -3 
28 3 2 -2 -4 -4 -2 1 
-36 8 2 2 1 0 -2 -21 
21 1 12 8 8 2 7 34 
-7 3 4 -1 -4 4 2 -15 
7 -26 -24 -2 0 0 -2 21 
7 7 65 -1 -5 -7 -4 -5 
8 7 -8 4 0 0 -2 3 
-11 -3 -9 4 4 -1 -2 -20 
21 11 13 -1 -3 2 4 39 
-9 -25 -21 -8 -4 2 3 -13 
-21 2 2 1 2 -2 -2 -18 
14 -11 -4 1 -3 -4 -3 -8 
1 9 -1 0 -2 -3 1 -5 
15 -3 -12 -2 -2 -4 -3 13 
7 6 12 5 2 3 3 7 
-14 -12 -35 -15 -6 -5 -3 2 
-1 -1 -2 -5 -4 -5 -9 -12 
4 11 -4 -5 -4 -1 -2 -6 
3 -7 7 3 0 -1 2 9 
-3 2 16 1 0 1 1 20 
1 2 7 3 1 0 0 -30 
9 20 -24 -3 0 0 4 6 
-5 -5 24 -14 -5 -4 -3 -14 
-5 -4 -1 7 -1 -3 0 5 
13 -5 30 -7 -4 -1 -2 0 
-15 1 -20 2 2 -1 -2 -7 
6 1 -9 2 -1 -1 1 12 
-9 6 -2 -4 -2 -2 -5 -15 
5 -14 -12 1 -2 -2 0 11 
0 -2 10 0 0 3 3 2 
-20 -28 -26 1 -3 0 -4 -24 
9 -2 14 -1 -1 -4 6 13 
-6 5 -8 4 -2 -1 -1 -18 
-13 -3 3 -8 -3 -2 0 7 
13 -1 -13 -1 -1 -1 0 4 
1 14 9 6 5 2 -1 2 
2 2 8 2 4 5 4 7 
-2 -9 -39 -4 -2 -1 -3 0 
-3 -4 -12 3 -2 -1 -3 11 
-13 -1 14 -4 -2 -4 -3 -29 
-3 6 4 0 -1 -2 1 7 
-3 -3 2 3 1 1 -2 -9 
8 -2 -2 2 0 -2 1 17 
-8 4 0 0 -1 0 -2 5 
7 12 24 8 3 3 1 -13 
-10 -25 -63 -14 -1 -6 -8 2 
10 10 8 -11 -5 -4 -2 -4 
4 -15 -4 7 0 4 -1 6 
-5 2 -24 -11 -3 -5 -3 -7 
-2 4 34 2 -2 -5 -1 1 
-2 -5 -17 -2 -1 1 1 -3 
13 5 7 -9 -4 -4 -4 0 
-7 -15 -12 -1 -2 -1 0 11 
0 4 1 3 0 -2 0 -3 
-4 -6 2 -5 -3 -2 -1 14 
13 8 -17 7 2 2 2 -10 
-19 -26 13 -12 -5 0 -6 -7 
-12 23 31 2 -1 -2 -8 -41 
-17 -7 -15 0 -3 -2 2 28 
3 -7 4 -4 -4 -3 -4 -10 
10 6 -12 0 -2 -2 1 7 
0 -1 4 4 2 0 0 -6 
15 15 37 5 5 7 4 10 
-18 -13 -53 -18 -6 -3 -1 10 
-3 -15 -30 -3 -5 -5 -3 -16 
-10 -14 15 3 -2 -1 0 17 
5 13 21 8 2 -2 -3 -27 
1 6 17 -1 2 -1 -5 0 
-5 -4 -13 -1 3 1 2 -4 
14 9 -27 5 4 4 4 19 
-18 7 40 2 -6 -6 -7 -32 
8 -14 -24 -21 -5 -3 -2 -5 
-2 6 1 -1 0 0 -1 7 
-1 -1 14 4 -2 -3 -1 -16 
-1 1 -10 0 -1 -2 -1 4 
-4 19 6 7 1 1 5 2 
4 25 0 -2 1 -1 -3 1 
43 -11 31 -5 -4 -1 2 75 
-63 -19 -44 -13 -4 -6 -8 -90 
-2 -4 24 12 2 1 0 5 
0 0 -12 -8 -5 -6 -5 -11 
1 4 -2 1 1 0 1 3 
12 -9 -8 -4 2 -1 0 29 
28 6 9 3 -1 -1 0 10 
-16 -6 -2 4 3 2 0 -10 
-6 -3 4 -7 -4 -4 -5 -23 
1 -1 13 6 1 0 0 26 
-14 -8 -3 5 0 -2 -1 -22 
24 0 24 -8 -2 0 -2 22 
-35 -19 -46 -9 -5 -2 1 -14 
12 -4 -4 -2 -3 0 0 -28 
-20 8 13 0 -3 0 -1 4 
0 -8 -19 -2 -3 -2 -1 1 
-2 1 9 -1 1 -1 -2 -9 
6 -9 -6 1 0 -1 2 17 
2 2 -10 -2 -1 -1 -4 -2 
-5 -3 17 5 1 0 2 -5 
-18 -3 -6 -4 -3 -2 -2 -10 
11 1 -8 -1 -1 3 3 27 
10 -5 19 0 -1 -3 -2 -2 
-20 -3 -6 -7 -4 -3 -1 -3 
0 -4 -3 0 -2 0 -1 -6 
