#EMG
#9
#ID:9-13
1 1 5 -1 3 4 -10 17 
4 15 7 10 -2 -3 10 1 
-1 -6 -2 1 1 -2 -15 -5 
18 8 6 -2 -4 -1 -1 -6 
0 -4 -17 -14 -4 -2 4 9 
-7 -1 0 1 -7 0 -4 9 
12 6 21 3 11 3 12 4 
-6 -9 -21 -6 -6 -7 -3 -15 
-5 -5 -25 -18 -6 -5 -8 31 
-2 -16 -10 -4 -4 0 9 -20 
1 -7 -2 12 1 -1 -15 -24 
-20 7 3 -4 5 3 -2 22 
-9 -20 -6 1 -5 -6 27 -6 
0 13 12 -10 0 -3 -3 3 
6 -14 -43 -1 3 5 6 -7 
-2 0 23 -6 -1 -3 -7 1 
16 14 36 8 1 -2 -13 6 
-33 -6 -6 -7 -9 -4 -3 -32 
1 4 18 11 2 -3 -8 3 
1 10 -23 -25 -5 1 23 55 
-21 -1 -8 4 -2 -5 -13 -61 
6 7 5 5 6 4 2 -11 
2 -23 -10 -14 -11 -6 -28 -5 
-7 2 13 16 4 3 15 -2 
6 8 13 -2 -3 1 3 33 
4 -9 1 -7 -1 -2 -5 -2 
9 -1 -4 -2 2 -2 -20 -7 
-32 -15 -16 2 -4 0 27 -12 
9 7 9 -8 0 -1 -13 1 
-7 7 -6 2 8 2 1 10 
-1 8 12 9 0 2 -7 -13 
11 -2 -6 2 4 -5 -6 -16 
7 3 -8 0 -10 1 -16 -6 
-19 -15 0 4 -3 -1 20 13 
-2 12 -4 -2 5 -4 8 37 
2 1 8 -5 -5 -4 -17 -32 
-10 -9 13 13 8 2 4 -12 
21 2 -2 3 0 0 -5 14 
-6 0 -26 -10 -5 2 9 -3 
2 4 1 2 1 -2 -12 -6 
-16 -14 -14 -7 1 0 23 2 
10 -7 12 14 -6 -1 -13 -9 
-11 17 24 -5 0 2 14 7 
6 -10 -32 -8 -7 -7 -23 -5 
18 14 29 0 -2 0 -12 12 
-11 -4 1 -1 0 1 13 -21 
-13 -21 -29 3 -1 2 3 -3 
-4 0 5 -12 -3 -2 -6 11 
-1 13 -3 16 -1 -2 -10 -11 
29 12 -8 -6 11 -1 0 5 
-7 3 39 -24 -22 -8 5 46 
-5 -2 16 3 1 3 2 -36 
1 0 -18 0 4 -2 -8 2 
-7 -6 8 19 1 -1 4 -6 
8 -4 -31 -32 -4 -1 -7 -10 
2 -17 -20 -11 -5 -4 -6 12 
-1 5 23 5 1 1 27 12 
-4 0 2 8 5 1 -14 26 
6 0 13 5 1 2 -7 -30 
0 -2 -14 3 5 -4 13 -1 
-3 -10 6 3 -4 0 -22 -18 
-8 2 -5 -8 -7 -3 6 -11 
15 0 -7 3 -2 -1 8 35 
-10 5 4 -2 5 2 -3 -21 
-21 -17 -19 -5 -3 -6 -2 20 
8 -4 -4 -8 -7 -2 -10 -7 
-39 12 18 -5 -2 -4 -69 -44 
19 -4 -5 3 -2 4 58 12 
3 3 3 -2 2 -2 11 9 
1 0 -41 -25 -6 2 42 7 
-4 -7 9 0 5 -7 -19 -8 
15 5 1 3 -5 -2 -17 23 
-33 -17 10 -1 1 1 -16 -55 
7 21 9 10 9 7 15 20 
7 0 -11 6 -8 -2 -18 -15 
1 12 32 -4 -3 -3 -9 11 
13 -3 -21 4 -2 2 23 21 
16 5 -14 1 -3 -4 -18 20 
5 -11 -14 -2 4 8 47 -8 
-46 2 8 -1 -3 -1 -15 17 
11 -7 2 1 4 1 7 -3 
4 -9 6 -1 -3 -3 -53 -32 
15 10 -12 -13 -1 1 29 22 
6 -21 -19 -6 -4 -4 0 9 
15 13 23 0 0 -6 -81 -46 
-32 -6 5 13 -1 2 42 13 
-2 8 2 -1 5 -3 -93 -62 
3 -1 6 3 -9 5 99 59 
-12 -15 -47 -20 -6 -7 -14 43 
54 1 3 -14 -5 -7 -52 -9 
-47 -17 24 14 3 -3 -1 -1 
-6 -8 -7 5 1 0 -28 -24 
1 13 49 3 -3 7 76 15 
-14 19 26 7 -1 -2 -29 32 
27 -15 -51 -14 -1 -3 4 -66 
-1 20 26 -6 0 -3 -23 -14 
12 -17 -41 0 0 -2 -27 -2 
-24 -9 2 -7 -1 -6 -59 -15 
10 20 18 26 8 15 127 99 
0 15 3 -23 -9 1 -67 -50 
-2 17 7 -8 -5 -11 -28 10 
-11 -22 -1 4 -10 -1 9 -21 
-8 -30 -61 -8 -7 -14 -28 -12 
16 12 22 -1 -1 -4 11 -5 
4 7 50 5 1 2 9 21 
-9 0 -17 -6 -3 -3 -8 -40 
-23 -8 -14 -17 -6 2 57 17 
3 -29 -10 17 4 -1 0 -8 
19 3 -1 -7 5 0 -16 14 
-26 20 45 16 5 1 7 -14 
23 17 39 3 8 2 -17 39 
-13 1 -53 -17 -13 -10 -31 -40 
-10 -53 -4 4 -1 1 10 -12 
8 19 -3 5 14 5 26 -11 
-3 -14 -9 26 -10 -2 9 3 
3 34 25 -23 8 2 5 7 
2 -11 -10 12 10 4 7 -9 
-1 4 15 -5 -3 -9 3 16 
-6 18 -15 -40 -17 -10 -30 -24 
11 5 -16 -17 0 4 -8 0 
-28 -18 -30 26 -6 6 13 6 
1 -9 28 -13 1 -3 4 23 
1 -6 19 -9 0 0 -9 -17 
-5 -32 -29 24 -6 -7 -35 -36 
10 14 -17 -17 2 4 45 60 
0 45 68 26 1 -4 -36 -22 
-15 -31 -39 -19 -1 4 48 -9 
2 -16 28 -23 -9 4 -1 6 
10 -5 -29 11 -7 -8 -35 -35 
-21 -41 -33 -12 -14 -10 42 11 
11 -4 -1 -16 -1 -5 -24 -9 
-19 -7 0 12 2 -6 -80 -14 
-22 32 -9 -17 -7 -1 69 0 
37 2 20 26 5 7 11 58 
27 21 -20 -36 1 4 0 -13 
-22 -8 -5 26 -1 0 -27 -45 
35 7 44 39 -11 -9 -10 19 
-35 -10 -24 -29 -3 0 -61 -46 
6 -6 18 32 3 -7 -40 23 
-20 -4 -29 -34 8 10 78 3 
29 -2 -3 -28 -9 -1 4 69 
-33 -1 -11 -3 -6 1 0 -56 
-8 21 42 50 16 14 -68 7 
46 16 -16 -11 -8 -12 109 71 
-53 -46 -18 -53 -5 -12 -48 -89 
20 20 -7 35 6 14 9 -5 
35 -31 -43 18 -12 -27 -68 -66 
27 -31 5 45 2 -1 86 92 
-27 -17 24 -26 -3 7 -5 34 
6 -10 -7 -7 2 0 -26 -55 
-32 5 -17 8 1 4 7 -14 
22 20 23 24 11 11 -70 -32 
-17 -2 -52 -17 -6 -9 6 -17 
-16 -53 -35 -25 -10 -1 11 31 
-9 13 59 5 0 -1 12 -23 
14 -1 -12 -3 -5 -3 68 7 
-17 20 -7 -6 4 6 -27 -6 
-2 0 -31 -21 -3 -6 -42 1 
19 51 35 10 9 7 25 55 
-33 -7 22 10 1 -3 -65 -41 
-1 -5 -23 7 9 11 23 -15 
0 27 16 9 -1 -7 52 49 
8 12 11 -8 1 -4 -16 -35 
-14 -17 -82 -32 -17 -8 35 -3 
39 74 104 16 5 8 45 67 
-14 -10 -9 11 -3 -10 -23 -40 
-16 2 -35 -21 -14 7 55 32 
-11 -25 -13 -4 2 -8 -42 2 
-4 13 -56 -15 4 2 -14 -40 
39 7 15 13 7 -2 15 -6 
-42 -19 -5 10 -3 1 11 17 
5 -13 -60 2 15 -1 -63 -20 
13 -11 -30 24 -8 3 8 52 
-6 -19 -21 -55 5 -3 -9 -27 
14 2 2 38 -13 10 8 17 
24 34 56 12 -6 -1 1 48 
-34 -5 6 23 40 -1 -27 -59 
0 -28 1 -62 -52 -13 13 23 
2 -9 24 44 7 -5 -16 14 
-13 -5 -16 -8 10 12 19 0 
33 8 32 -25 -4 -2 5 -14 
9 25 -13 11 14 1 -37 -5 
-12 20 16 -32 -11 -11 17 0 
7 99 92 16 13 12 -22 0 
27 -48 9 44 2 0 -11 67 
-1 48 -21 23 5 0 -6 -52 
24 1 -83 -73 -25 -10 -35 -16 
-5 -67 15 22 8 1 52 18 
-40 9 -3 23 1 4 -19 -23 
21 -8 5 -32 -2 -1 2 56 
-12 -4 76 25 16 -7 -17 -11 
30 -10 -45 2 -15 3 8 -20 
-29 -14 27 4 -10 -16 -23 -28 
13 -39 -51 -10 -1 4 4 61 
-30 -4 -6 57 14 -6 -90 -106 
-14 -7 -14 -26 -11 5 79 92 
37 -15 -54 -4 -10 -7 -53 -20 
-12 33 111 56 -2 -5 -14 3 
30 -17 -55 -48 -1 12 19 40 
-33 -31 11 5 -1 -17 -57 -69 
-8 26 12 5 -6 -10 -12 -40 
43 41 -19 -17 -2 2 43 61 
-33 -44 35 9 5 3 8 -24 
1 -9 43 -11 -11 1 -30 2 
5 -6 -32 -25 -17 -6 -10 2 
0 -6 7 2 -2 0 57 1 
4 -27 5 -13 3 1 -8 21 
-39 8 -22 -23 -10 -15 -38 -55 
5 -25 -1 -2 11 -7 -14 9 
0 -2 -14 6 -20 3 9 -6 
7 14 -23 -7 8 9 47 32 
0 -8 -22 -4 0 -7 -29 -6 
-7 38 18 6 8 4 18 9 
-26 -55 -45 18 7 -10 2 7 
-1 1 -21 -46 -26 -1 10 -16 
12 19 -16 3 -14 -9 -44 -35 
-6 -12 59 -10 12 13 12 7 
-25 -40 -32 -36 -23 -10 -8 4 
18 16 21 7 13 13 32 32 
4 12 0 -2 -1 -17 -35 -24 
4 -26 -41 4 -2 -3 -5 -35 
-13 17 12 -3 9 5 5 45 
12 -14 7 2 1 8 9 19 
-18 -16 4 22 22 1 -12 -31 
-1 26 -21 -18 -15 -2 16 68 
-10 -15 -19 -3 5 -4 -37 -60 
6 25 -14 -3 -20 -10 -10 -5 
20 37 8 32 37 18 28 42 
-6 -23 0 -33 -19 2 -16 -40 
-11 -4 14 16 -23 -2 -14 -17 
-9 -6 6 7 7 -6 8 4 
0 -16 -22 -12 6 -3 -27 16 
14 13 30 7 -9 2 9 -16 
-6 -12 -20 -26 19 -5 -15 -48 
-7 28 56 36 -5 -8 -2 22 
-4 3 -3 -4 2 9 15 5 
11 -9 1 0 18 2 6 -19 
15 -10 -58 -45 -23 -7 0 29 
-18 -7 -12 17 15 -5 -10 -4 
2 21 24 -17 -17 -3 -2 -24 
-14 -21 -14 -25 4 3 16 12 
11 10 10 -22 2 5 -13 -21 
13 -1 -17 -40 2 -9 -13 3 
-27 -19 -14 12 -6 0 11 5 
-9 18 8 19 -8 -7 -13 -4 
33 -2 8 42 20 6 -1 -2 
-32 -13 -19 -53 -4 0 6 1 
14 -17 -13 53 -3 1 15 2 
-24 14 24 -12 -11 -7 -10 -28 
-11 -6 -12 -22 -10 -2 2 3 
5 -11 3 46 -5 -5 2 -3 
15 19 30 -31 2 -1 -7 34 
-11 -13 -33 8 -11 -12 -22 -38 
-8 -5 7 27 4 1 3 7 
-2 5 1 -6 2 5 8 -13 
0 -25 27 -28 -17 -8 -8 3 
-18 -3 -14 9 6 2 6 9 
-8 -3 6 17 7 2 11 -11 
9 15 -34 -9 2 4 -3 17 
-2 -1 22 -9 -7 -2 1 18 
9 -26 -20 -27 -6 -3 5 -20 
-31 -4 -23 18 -4 -6 -11 -9 
-5 -13 -17 17 4 0 -5 -1 
5 6 -33 -17 -3 -2 2 -4 
11 3 20 12 4 4 7 17 
4 16 29 5 2 7 10 52 
-7 -13 5 2 -1 -1 -5 -42 
-7 -11 -9 -3 -2 -2 -7 -40 
-2 -6 -2 -23 -12 -9 -6 7 
8 19 26 24 12 5 0 -11 
0 -9 -14 -6 -9 -5 1 24 
5 10 21 -3 8 8 5 -14 
3 13 0 5 -7 -2 -3 27 
-2 -5 2 6 3 1 -5 -35 
29 1 36 -8 -3 -8 0 26 
-36 -4 -25 0 2 -3 -7 -21 
-11 -16 -44 -5 -10 2 2 -17 
2 4 39 1 -2 -2 0 3 
-14 -17 1 3 1 -1 -5 -19 
-4 -3 -10 -14 -6 -5 2 18 
15 -5 -17 5 -4 2 1 12 
-4 9 -6 7 6 -4 -7 -29 
-9 -18 1 -22 -19 -3 -3 7 
19 6 16 8 -5 0 7 10 
-10 18 21 14 8 0 -12 -22 
-2 -9 -44 -21 -3 -1 -2 -4 
-2 -1 -14 4 4 -2 -3 -9 
0 -12 -9 -2 -4 -3 3 22 
5 0 -16 -2 -3 -6 -4 4 
-3 -4 38 7 0 3 0 -8 
-12 5 -30 -3 6 -2 -3 3 
16 -2 -14 -14 -4 0 1 -1 
10 4 -3 8 12 -1 8 24 
2 -12 -4 -13 -19 -11 -17 -37 
-6 4 7 4 -2 -5 -1 2 
-7 2 18 0 0 0 -2 -12 
8 -4 8 8 10 2 2 16 
2 -3 -23 0 2 -3 2 8 
0 14 25 -9 -8 -4 -3 -4 
13 1 -5 15 8 0 -9 -16 
-7 -2 22 8 -2 3 3 -19 
-11 -5 -8 -6 -4 0 2 10 
1 8 -28 -4 -2 -2 -3 -6 
-7 -17 -2 11 4 -2 -1 8 
4 4 -15 -16 -10 0 1 5 
1 7 5 10 4 1 1 -6 
5 8 10 -8 -2 0 3 42 
-12 1 -1 2 -3 -3 -8 -52 
11 2 7 -6 0 -4 -4 -3 
1 7 -10 -13 -7 -3 2 13 
-8 -12 -21 7 3 2 -1 -21 
-1 -10 11 -15 -11 -2 2 26 
-4 6 -23 1 -2 -3 -4 -5 
-1 -7 36 17 3 1 0 -17 
3 -7 -17 -10 3 2 1 33 
3 19 3 -12 -8 0 0 -14 
-1 -9 -11 9 4 -1 -3 -14 
5 4 16 11 4 4 5 16 
1 -7 0 -10 -1 2 -2 -26 
-7 1 0 9 -2 -6 -4 9 
-5 15 15 -5 -5 -1 -2 6 
-4 -27 -26 -2 6 0 -2 -2 
-6 11 28 2 -9 -6 -1 -15 
1 -19 -7 -2 1 4 2 2 
11 1 26 -1 -2 -5 1 16 
-10 -8 -36 -11 -4 -1 -5 -10 
-4 -7 2 11 0 -4 -2 -15 
17 8 -6 -2 -1 2 4 34 
-26 -3 25 6 2 -4 -8 -21 
-4 11 -1 0 1 3 3 -25 
21 -3 26 -4 -3 -1 -2 -3 
-13 7 -5 3 3 1 1 -1 
-3 -18 -27 -11 -1 -3 1 12 
-5 20 18 7 5 0 -3 -5 
3 -4 -19 -5 -2 1 -1 6 
1 -12 -7 -3 -8 -2 0 19 
2 -2 -9 0 0 -1 0 -5 
8 -6 3 -5 -4 -3 1 39 
-6 -1 -24 4 1 -1 -4 -63 
-6 -15 -6 -8 -3 -3 -8 9 
-10 36 31 0 2 1 3 -22 
-1 -1 -13 -8 -10 -6 -3 9 
0 -7 15 4 -1 -2 1 20 
-5 -2 -8 2 7 3 0 -11 
1 -14 -25 8 3 1 3 6 
12 6 25 -23 -11 -4 -4 5 
-6 -13 -16 5 -2 -2 -4 7 
-18 -8 2 1 -2 -4 -3 -24 
9 -1 -9 -7 -5 -1 0 12 
0 7 7 7 6 1 1 12 
23 24 1 6 2 0 1 4 
-11 15 15 1 -3 2 -1 -21 
-9 -18 18 -7 2 5 2 0 
-8 -18 -31 0 9 2 0 1 
0 5 10 -7 -6 -5 -1 9 
4 -1 -7 1 1 -4 -9 5 
8 19 16 2 -4 -3 -3 -25 
-8 -17 4 1 -1 1 -2 -7 
6 -2 -35 3 0 0 2 36 
6 28 42 1 -1 -2 3 -1 
-5 -53 -62 -16 2 3 -1 0 
-17 -14 0 0 -14 -5 -9 -25 
-13 6 -6 -4 4 -3 -7 -20 
2 -5 -19 -10 -14 -2 2 3 
4 14 17 -2 -2 -4 -3 14 
4 10 5 7 4 1 5 13 
-1 -8 11 3 2 0 -2 -10 
-1 -1 0 23 7 2 -1 0 
-7 9 -11 -24 -3 4 1 12 
11 -10 -19 -22 -5 0 8 0 
-16 -1 11 17 -5 -7 -12 -44 
7 -14 -19 -5 2 -4 -4 -1 
-2 16 11 9 -2 -4 -4 -4 
5 -10 4 -1 0 -2 0 11 
1 -1 -9 -9 0 0 2 6 
1 10 14 0 1 3 3 12 
0 -21 4 5 -1 1 4 21 
-10 -3 22 -4 2 -2 -7 -71 
-12 -9 0 -12 -9 -3 -2 3 
3 -16 -19 -8 -5 -5 -2 0 
-8 2 3 -1 -4 -3 -5 -7 
2 13 1 2 0 -2 -1 20 
-9 -3 16 6 5 6 7 -7 
18 -3 8 11 14 2 -4 2 
-7 -13 -8 -19 -17 -3 1 -5 
-6 -26 -44 -10 -3 -2 -1 13 
6 3 -1 -2 1 -1 2 1 
-28 -4 -2 -18 -6 -5 -4 -31 
9 15 20 16 5 -4 -4 -4 
-4 -13 -2 5 0 -4 -5 2 
6 14 13 -1 -2 1 4 19 
3 -11 0 -1 -1 0 3 2 
-4 -12 2 -2 2 2 -1 -6 
-21 10 -6 -1 -1 1 -3 -9 
2 1 5 -7 -1 -1 1 11 
-7 5 1 1 -6 -2 4 -5 
14 4 -2 1 5 -4 -12 -13 
1 13 12 8 -3 1 -1 -1 
7 -20 -16 0 1 -5 -5 -8 
-4 18 -6 -5 -3 -1 -2 14 
-2 3 6 -1 -3 -5 5 -4 
9 15 -17 12 6 4 4 12 
-11 -4 6 -4 -3 -1 -2 -2 
-1 5 14 -2 -3 0 1 -12 
2 6 -26 -5 -5 -4 -4 13 
1 -5 15 11 -2 -1 0 -2 
-6 17 -3 2 4 -3 -3 -7 
-1 -26 -33 -25 -14 -4 -4 11 
-6 2 5 6 -4 2 4 -7 
11 13 22 1 0 1 1 -1 
11 -8 26 10 6 0 -2 2 
-22 13 -5 -15 -8 -2 2 3 
6 -1 3 7 3 -5 -1 -7 
4 5 -14 -12 -4 -4 -2 36 
16 -2 -4 -2 2 2 2 -25 
-1 -14 -9 1 -5 -8 -10 -4 
-16 -12 -4 -1 2 1 -2 -14 
7 7 0 -2 -1 -2 -2 0 
-8 3 -5 -6 -5 3 1 10 
15 -3 -2 3 2 0 2 0 
-3 7 4 -1 -3 -1 -3 -1 
-2 -5 -4 -3 3 -3 0 12 
-4 -21 -31 -8 -8 3 5 8 
-11 -32 -27 -14 -9 -8 -17 -41 
-16 6 7 -1 -4 -5 -4 -12 
3 1 4 0 -1 -2 -4 2 
-6 5 21 0 -2 -3 -2 6 
1 -22 -38 9 6 -2 3 12 
13 -1 12 -17 -10 2 3 26 
-14 5 17 10 7 -2 -2 -34 
-25 -17 -21 -9 -11 -3 -5 -23 
9 4 11 9 1 4 1 3 
3 -5 -4 4 0 0 1 5 
10 15 2 -2 -5 -2 0 8 
1 -25 19 -8 -2 0 0 21 
-3 -7 -6 5 2 1 2 -10 
4 21 12 3 2 -2 -1 -11 
-2 -7 -19 -8 -5 -4 -2 -2 
-7 13 9 9 6 -1 -5 -15 
6 11 19 0 7 5 5 16 
7 -19 -10 7 5 -2 3 41 
-18 -8 -1 -7 -8 1 -6 -59 
4 9 -22 -13 -11 -4 -2 23 
-10 -14 8 -8 -3 -3 -5 -36 
-3 13 14 3 0 -4 -5 -1 
27 22 16 10 9 5 7 16 
-23 -4 -6 9 5 2 1 8 
12 8 14 -2 -1 1 5 36 
-2 -4 -38 -11 -9 -1 2 -41 
-7 9 8 -2 -1 -2 -4 18 
5 -4 9 -2 -1 -7 -14 -36 
-1 14 -5 5 2 -3 -3 7 
-2 -11 9 4 1 5 4 1 
1 -5 -8 -6 -3 -1 4 19 
-1 -5 -2 -2 -5 -3 3 -1 
-16 -12 -34 -9 -8 -6 -8 -31 
1 -5 -10 -2 -3 -3 -1 18 
-10 -20 -1 -2 -3 0 -4 -23 
9 26 23 9 5 1 4 14 
13 -2 10 2 -2 -1 3 25 
-4 -12 -13 -13 -2 -1 -6 -43 
-2 -7 -18 7 1 -4 -2 30 
-14 -46 -13 -14 -10 -7 -10 -52 
-10 7 14 0 -1 -1 0 12 
9 19 4 11 6 1 2 10 
-10 15 41 1 -6 -5 -3 -9 
7 2 -45 -15 0 8 5 19 
4 6 5 -6 -3 2 3 -5 
-12 -16 -2 -11 -5 -4 -10 -39 
3 -19 -16 0 -3 -5 -5 1 
3 20 11 12 5 1 2 6 
5 1 15 1 -1 1 3 18 
-7 13 0 2 -4 -1 4 -3 
12 -7 -7 4 13 4 -4 1 
-8 17 2 -10 -6 -5 -3 0 
-9 -20 -21 -9 -5 -3 -3 -14 
-2 0 23 -1 -5 -7 -2 14 
-5 -4 11 -3 -3 1 3 -7 
11 2 11 4 0 0 -3 5 
4 4 -21 16 10 2 0 -1 
9 8 24 -14 2 5 9 31 
-28 -26 -30 -17 -9 -4 -13 -63 
-1 -7 -4 0 -6 -9 -8 5 
-23 3 -9 -2 -2 -3 -5 -17 
4 -6 -5 12 3 1 1 11 
8 28 0 -5 -1 2 6 16 
2 -11 -10 -1 1 4 3 -4 
7 14 33 6 -2 -1 -2 -2 
3 -4 20 8 7 6 4 9 
0 -12 -35 -14 -11 -5 -4 33 
-11 -6 -30 -1 -3 -6 -7 -31 
2 12 22 -2 -10 -5 -8 -19 
-15 -28 -6 2 2 -6 -4 -8 
0 -6 -7 -17 -12 1 1 5 
0 -1 11 6 2 0 6 13 
3 4 -5 -1 1 2 5 14 
-5 -4 -24 -15 -14 -6 -10 -23 
-5 -1 17 7 3 -2 -3 -11 
-1 -17 -5 -2 -3 -1 -4 6 
0 -13 5 -2 3 3 -1 -3 
-4 6 12 6 1 2 1 7 
16 8 11 5 4 -1 5 17 
6 3 1 -8 -3 -2 1 14 
-7 -6 -13 -1 2 -1 -5 -31 
-12 -7 -25 -8 -2 -3 -4 -7 
-11 -12 -3 1 -2 -5 -3 -7 
10 6 5 6 8 1 2 -1 
9 12 41 9 -6 1 -3 9 
21 0 -43 -22 -4 -1 0 13 
-19 12 8 8 1 -1 0 -10 
-7 -15 17 5 0 0 1 2 
1 -4 2 -2 -1 -5 -3 -1 
-3 7 11 -1 -7 3 -1 -1 
11 7 -7 6 7 3 6 13 
-12 2 -20 -9 -4 -3 -5 -6 
-6 -32 -27 -14 -6 -3 4 7 
3 -3 3 5 -1 -5 -14 -22 
9 -1 4 5 2 -4 -5 -5 
-9 11 25 -2 -8 1 -6 -26 
5 -4 -23 0 0 -3 -1 35 
-6 -1 10 10 5 -3 3 -3 
0 -4 -10 -10 -7 2 4 -6 
-19 -15 -13 -8 -7 -4 -7 1 
-17 9 -12 -2 -3 -2 -2 -9 
-7 -6 -16 0 1 -4 -2 11 
9 14 15 7 5 2 -4 -7 
13 -7 -52 1 3 0 7 7 
-3 15 58 -3 8 4 0 -8 
0 0 -5 3 0 -2 -2 9 
-3 -4 -3 -1 -3 -3 1 -5 
-11 -7 -20 -5 -1 -2 -11 -40 
4 2 -3 0 4 0 1 -6 
1 1 5 8 -1 -2 -1 10 
0 22 14 -2 -3 0 0 6 
5 8 -1 8 8 2 6 24 
0 -8 -3 -15 -14 -5 -4 -3 
0 2 4 -3 -1 1 3 -2 
-7 -14 -18 -2 0 0 -2 -7 
3 11 33 10 0 -1 0 -1 
8 -8 -6 7 5 3 3 17 
23 -2 -20 -17 -9 1 1 33 
-54 -29 -29 -10 -2 -6 -7 -79 
-31 -15 12 -4 -3 -3 -5 5 
19 8 -8 1 -1 2 1 22 
-1 -10 21 4 3 0 -3 -25 
22 15 19 10 1 2 2 27 
7 6 -1 -13 -8 -3 0 -2 
-1 -6 -10 -5 0 -4 -1 6 
-4 4 -45 2 -3 -2 0 -10 
6 4 14 -1 -2 0 -4 -2 
4 12 7 11 2 3 3 4 
8 -23 -6 -4 2 2 -1 16 
-5 12 53 11 6 -1 -1 -22 
-1 -20 -18 -19 -14 -4 -1 11 
1 -5 8 0 -1 -4 -6 -12 
-5 8 -19 4 1 3 1 -11 
-6 10 9 4 -1 0 2 8 
2 -12 -2 -3 5 5 1 2 
17 2 -3 -3 0 -4 2 12 
-28 15 29 -1 1 -2 -6 -24 
-15 -20 -25 -11 -10 -7 -8 -9 
11 19 2 5 3 -1 2 17 
4 -2 4 1 -5 1 3 7 
6 -11 22 1 1 0 -4 -22 
-11 3 -8 -12 -5 1 7 42 
2 -3 -3 12 -2 -1 2 -12 
9 1 5 1 -3 -8 -16 -27 
-1 4 -3 1 -2 -3 -1 -6 
3 -3 1 -1 1 -2 -4 -3 
5 -1 -4 -6 -3 0 5 26 
-10 0 6 -1 3 4 1 -13 
1 -1 -11 -3 -5 -4 -2 -4 
2 0 1 4 7 6 0 -5 
-5 -6 3 -3 -2 -2 -4 1 
-3 -3 -10 -1 1 1 2 6 
0 -9 -26 -3 -3 -3 -1 10 
-5 1 35 5 4 0 -3 -29 
-3 -15 -33 -12 -5 -6 -6 0 
4 27 9 -3 0 -3 -3 4 
0 -22 -5 0 -11 -1 2 0 
-1 -4 -26 0 -4 -4 2 22 
-3 8 52 8 -2 0 0 -22 
8 30 4 -7 2 0 0 6 
-5 7 -5 -1 6 0 5 1 
0 15 3 3 0 -3 -9 -24 
-8 -22 -12 -2 -6 -3 -7 -12 
0 -16 -20 4 0 2 3 15 
1 15 8 2 -3 -1 2 -6 
10 5 21 1 6 1 2 10 
9 15 8 6 5 2 4 19 
-17 -8 -14 -7 -6 -5 -6 -22 
-3 -2 -11 -2 0 -6 -6 -8 
-2 -11 25 -4 -4 -2 1 9 
4 8 1 1 0 -1 1 -12 
5 -14 -24 -3 -3 3 10 14 
5 -8 -21 -4 -1 -6 -11 -18 
-17 6 -10 -6 -5 -4 -3 4 
-18 -19 22 12 5 -4 -3 -4 
1 21 15 -15 -9 0 -1 5 
6 16 -5 1 2 5 2 7 
