#EMG
#7
#ID:7-57
-3 -6 -2 0 -1 2 14 -2 
10 -2 -15 -10 -3 -3 8 20 
-2 5 -12 10 0 0 -2 -11 
-24 -1 1 -23 -3 -4 -19 -15 
-4 4 6 4 1 1 30 12 
20 9 11 0 4 3 -20 -11 
-17 -13 -35 0 3 5 58 10 
11 -1 53 22 -5 -6 -1 1 
-23 -19 -20 -21 -8 -8 -31 -6 
2 -8 -4 2 0 1 9 3 
0 14 8 4 2 2 -9 -19 
1 -7 -42 -11 -2 -2 -18 2 
15 12 5 5 7 -2 -4 -3 
-4 -4 7 -6 -13 -2 -4 8 
11 -13 -30 -3 1 -1 -17 4 
-27 -6 3 -6 -3 1 -11 -9 
15 10 35 5 2 0 -12 -6 
-3 -1 -13 -8 0 0 9 -3 
15 -1 27 18 2 -2 -20 17 
-24 -2 -31 -23 -5 -6 -2 -13 
-1 -6 -3 11 -5 4 -5 -5 
-6 -5 3 -16 2 0 7 -8 
3 14 26 -1 -5 -5 1 8 
14 -1 3 8 4 2 6 -1 
-1 -9 10 6 -1 -3 -6 10 
-21 -18 -9 -8 -1 0 8 -9 
-6 12 -10 -15 -8 -4 15 -3 
8 9 -5 11 2 4 35 11 
4 5 -2 -9 0 -4 0 9 
6 -6 4 8 1 -2 -26 12 
8 -3 15 -9 -4 -4 4 -10 
-26 -4 7 15 5 1 -2 -14 
2 -6 4 13 -4 0 8 -9 
5 11 1 -10 4 -3 11 0 
4 -7 -21 -23 -16 -3 -30 3 
-11 5 2 3 -1 -1 17 6 
3 0 -14 -3 4 1 -16 -5 
2 0 8 11 1 -1 2 -2 
-24 -8 -1 7 4 -2 5 -11 
17 -8 -34 -18 -4 -1 -1 4 
-10 -2 19 -5 -5 -5 -60 -37 
7 -1 5 2 -3 2 54 17 
-2 3 -4 -3 1 0 -5 -3 
2 4 -12 -4 -5 -4 -11 2 
0 -19 1 12 4 0 -5 -10 
-6 -3 -24 -21 -4 -2 22 0 
-9 -8 -31 -5 -5 -5 -19 -9 
13 -10 32 8 1 1 24 31 
-7 -2 -17 -13 -2 0 10 -1 
-3 10 5 11 3 0 -18 -22 
5 -3 10 -1 5 4 28 -4 
6 7 -15 8 -1 -6 -36 -4 
2 9 -13 -15 -15 -2 6 15 
-2 3 -3 8 3 3 3 5 
-7 -6 4 0 3 -6 -30 -23 
14 15 4 -7 -1 -1 -3 21 
14 -23 13 14 6 2 44 -11 
-18 -11 -24 -2 -5 -6 -32 -21 
-23 9 -18 -17 0 6 46 20 
4 -2 44 3 0 -1 -26 -13 
-4 -1 -16 0 0 0 15 18 
16 -6 4 -5 -7 -2 -4 -1 
0 -9 -8 2 0 -1 -21 -8 
-7 -1 -12 2 4 -1 1 -17 
-2 9 0 -10 -3 -2 -4 34 
1 4 18 0 1 -4 -23 -33 
-3 -3 -37 -11 -4 0 -6 5 
1 20 -1 -14 -10 -6 -9 -15 
-10 -27 -2 -1 1 0 -21 -11 
5 10 1 6 5 5 10 20 
-1 -2 16 21 1 -4 8 21 
3 1 23 -1 -1 0 -20 -39 
-20 5 -18 -9 -2 -5 -18 -9 
2 -3 -4 0 -3 6 53 -12 
5 -10 17 5 8 0 14 23 
-11 -6 -25 0 -6 0 -1 1 
13 6 22 7 2 1 -10 17 
-22 5 -1 -3 -1 -4 -6 -7 
12 -7 -17 -26 -7 -9 -45 -32 
22 1 4 10 7 6 95 46 
-29 19 -31 -29 -8 -3 16 -17 
9 -16 7 6 -4 -1 -6 29 
7 6 36 14 -1 -1 9 -17 
-33 -1 -45 -2 2 4 -3 -7 
27 -26 24 6 -2 -6 -20 -4 
4 20 2 -5 -1 -1 28 34 
-7 -4 1 -6 -3 -4 -37 8 
10 3 2 -3 -1 4 52 10 
-4 4 -8 -1 0 0 12 7 
-8 -9 -24 -3 -1 -1 -36 -43 
-3 -3 18 10 2 0 4 2 
-5 -5 -1 -7 -4 -2 -27 -2 
2 13 -9 -5 4 4 -8 -6 
0 -5 25 1 -7 -8 -38 5 
7 31 -20 9 3 9 22 12 
2 -15 10 -25 -13 -8 6 -4 
-1 -15 -12 -4 3 -4 -14 -3 
-6 12 6 11 2 4 9 -17 
-9 -14 1 -4 -2 -3 -51 -4 
7 -7 -16 6 0 -2 -17 9 
5 -2 36 -12 -5 3 66 34 
-6 -8 -24 8 4 1 9 -36 
4 4 35 15 9 0 -25 16 
-13 -2 17 -7 -8 -3 -20 -62 
16 14 0 19 4 4 -16 13 
13 5 -20 -19 -2 -1 11 27 
-33 -41 1 -11 -6 -1 -8 -9 
24 39 7 11 2 3 18 12 
-3 -1 24 16 2 -4 -26 -17 
-5 -19 -55 -18 -13 -9 -7 10 
26 1 26 9 0 1 23 -13 
-14 -12 -19 -13 -2 -4 -28 16 
-11 -4 33 16 2 2 13 -2 
3 7 4 -7 -5 -2 2 -13 
-3 6 -25 -2 -3 0 -17 -8 
-3 0 26 11 3 0 -13 2 
-5 -9 -28 -1 -4 -4 5 -6 
10 -19 27 -3 6 2 -22 28 
-12 -5 -5 10 -8 -4 30 -4 
-5 -15 -92 -43 1 -4 -2 10 
-4 -12 58 9 5 3 -12 -27 
-1 -2 -27 -18 -15 -8 -18 45 
2 26 -25 14 4 6 16 -16 
-10 -32 -7 8 -3 -5 -30 -22 
4 35 69 0 2 4 24 16 
-11 -4 -22 -15 -10 -7 -22 -21 
6 5 24 9 4 2 19 29 
-3 -2 -10 11 0 -3 -19 -5 
6 21 -3 -8 0 3 -7 -17 
-3 -1 -18 9 -3 -2 2 -6 
-10 -4 -15 -19 7 -7 -7 -6 
2 -19 -28 2 -22 1 12 21 
-10 7 -26 -23 -8 -8 -12 -16 
10 52 26 18 9 2 10 -27 
14 5 10 -11 -1 0 -10 5 
-5 -6 31 29 17 0 -2 -15 
10 50 -58 -7 -4 -2 21 35 
4 -47 51 21 19 8 -9 5 
-35 -33 -32 -12 -28 -7 1 -14 
-9 21 -2 -4 -2 -4 -67 2 
-1 -16 -29 5 -7 0 31 -5 
-28 -6 -10 -4 5 -9 23 -32 
4 32 42 8 5 -2 11 -8 
2 -58 5 -12 -5 -1 -15 -4 
-4 -18 -31 2 0 -5 -35 -16 
15 22 38 2 6 9 24 39 
-12 -18 -52 -39 -15 -4 4 -19 
8 -16 -12 14 2 2 2 5 
-5 -25 -23 -24 -4 -5 20 9 
-16 6 96 16 -1 2 -9 -37 
11 -4 -34 -13 4 -2 -10 29 
-9 -6 3 5 -5 -3 11 -12 
-2 1 -29 -9 -4 4 45 -2 
7 -6 -22 -3 -1 -7 -1 33 
-7 6 -18 11 12 3 8 -43 
8 47 29 -17 -6 -1 -9 0 
-25 -40 -45 -16 -5 -4 -8 5 
-3 -3 -18 -11 -8 -2 -8 10 
16 12 14 12 12 7 -9 18 
9 39 30 15 17 1 35 -1 
-20 -3 -14 0 -12 -9 -47 -19 
3 -10 -28 -14 -2 0 -3 -5 
11 -22 -8 -5 -10 -3 0 15 
-15 6 14 5 2 -5 -48 -15 
9 32 35 12 7 7 10 8 
9 14 -28 6 -4 -10 -9 -16 
-5 -16 49 10 7 -1 2 -4 
0 11 -9 8 -9 4 19 38 
10 -39 12 -5 13 4 -30 -11 
-10 10 -19 3 3 2 -23 -54 
19 9 41 8 -5 1 46 35 
-7 3 -37 -23 3 -2 22 -1 
14 17 3 1 -11 -7 -56 19 
-9 -50 1 -3 0 4 -4 -29 
9 12 -14 8 4 6 30 53 
-11 -2 62 -4 -8 -11 1 -43 
8 20 35 19 8 15 41 31 
-5 19 -24 0 5 -5 -15 -16 
-10 -37 -13 -7 -5 -9 -46 -34 
26 -18 -20 -12 -8 -3 30 51 
-37 -16 10 -10 -12 -9 -2 -48 
-2 -11 11 15 6 -2 -1 8 
2 9 -13 5 7 1 -67 -18 
-1 4 -15 -9 -9 0 8 21 
9 15 3 -9 -3 -1 9 -40 
9 -5 56 5 -6 -1 53 17 
-15 -21 -22 -13 3 -6 -20 -30 
-2 7 -29 0 -18 -7 -22 -9 
7 -1 36 11 5 3 6 40 
6 52 8 18 -1 -2 -22 -1 
-8 6 -78 -39 -5 -3 6 -8 
-13 -33 16 20 2 4 13 8 
28 0 -21 -7 6 1 7 -26 
-20 5 -7 -13 -21 -9 -53 -27 
2 19 61 14 1 3 67 35 
-5 -19 -33 -2 13 6 -3 -4 
-10 -19 25 5 -11 -14 -17 -22 
11 -22 23 1 6 5 -3 33 
1 54 75 11 14 4 -4 -17 
-15 -57 -70 -55 -21 -9 -6 -11 
-5 -9 -15 26 -5 1 -1 27 
5 2 -20 -24 -6 -3 4 -11 
-15 -12 -9 18 -10 -5 -22 -8 
28 18 26 -22 5 -4 17 17 
-8 12 -10 28 3 -2 -17 -41 
-4 -10 11 -21 0 -3 21 47 
-15 -11 -61 -16 -12 -1 -14 -3 
4 -11 30 9 -2 -2 -22 -18 
-5 -9 -46 -2 -5 -8 -36 -34 
-1 4 -21 -15 -1 0 72 39 
27 -1 14 10 2 2 9 2 
-9 3 -10 -3 7 3 -29 1 
26 32 9 -7 0 4 47 10 
-38 -4 -2 6 4 -2 -76 -47 
24 6 -5 -21 -10 4 80 -18 
-7 6 12 20 7 6 49 24 
5 -8 14 -9 2 -8 -48 -2 
-4 5 -35 -3 -7 -8 -14 27 
-15 -20 1 8 -6 -3 -10 -46 
14 57 34 -14 2 2 43 62 
0 -11 -11 2 0 -2 -23 -10 
0 -17 -32 -9 -3 11 42 44 
-21 0 39 -3 -5 -6 -40 -28 
-4 5 0 33 8 -5 24 -33 
-30 -22 -12 -32 -5 -7 -32 4 
9 5 22 -1 -10 -2 9 -1 
-4 39 -24 -5 2 12 51 8 
3 -23 -27 -10 -3 -15 -73 -50 
-28 0 4 -2 -2 -1 4 33 
21 -3 -4 11 6 0 -4 -24 
-14 -52 15 7 -4 -6 -26 53 
-4 6 -7 -6 0 5 -7 -46 
-5 -42 -44 9 2 -1 -32 -5 
-5 -4 13 -32 -8 5 -26 -18 
6 -5 -58 2 1 -11 -20 37 
-2 -7 20 2 -7 -4 10 24 
1 -24 -30 7 1 -9 -17 -26 
-25 34 26 -4 -9 5 -30 -31 
14 -22 -18 -10 -3 -9 10 24 
2 7 -5 12 4 6 -26 -9 
-13 15 9 2 6 7 55 -13 
22 10 -3 8 3 -8 -10 -6 
-5 8 77 4 1 -4 -10 -34 
12 24 6 32 14 13 14 21 
-4 -15 -27 -74 -60 -15 7 7 
2 -24 -54 -7 2 -1 10 3 
14 66 62 6 13 11 -12 8 
-12 18 5 23 24 -7 0 -11 
11 2 -32 10 8 7 -4 35 
3 12 29 -4 -14 -1 3 -36 
-15 -85 -41 -10 -6 -13 -24 5 
-5 34 25 -9 10 2 15 -8 
16 15 59 38 -3 4 14 51 
9 -3 -45 -27 -6 -5 14 19 
-4 24 -58 12 12 8 -5 -62 
4 -17 39 -25 -20 -10 -19 10 
-31 -37 -43 13 14 -5 -10 -36 
4 -16 82 -2 -8 -3 17 39 
-7 -10 -32 -3 -6 -3 -15 -18 
21 -9 -34 14 -5 4 26 36 
10 30 96 -3 17 13 32 32 
-16 17 -61 37 17 4 -14 -37 
-7 -11 -22 1 -18 -10 1 12 
-22 -35 -41 -33 -32 -8 -16 25 
22 12 -6 -12 9 -3 -8 -34 
12 0 8 -7 8 12 23 -1 
-4 6 40 -10 -12 -12 -22 66 
-17 -16 16 19 12 8 -1 -75 
16 12 10 2 -9 -4 9 45 
-9 -4 -20 -6 4 -6 -29 -22 
12 8 -15 -7 -16 -6 1 -26 
0 -1 5 -12 2 -3 -42 -14 
-11 4 9 13 15 7 74 -17 
14 -10 6 17 4 2 -2 40 
-10 -32 -8 8 -7 -1 3 -15 
11 -5 -4 -10 -7 -4 -29 22 
-33 -14 6 -6 5 -3 16 -53 
-15 -14 -4 -3 -7 -7 6 24 
12 -4 8 -4 4 7 12 -14 
8 -10 9 11 7 -2 -3 13 
18 18 -28 -6 -9 -4 -33 20 
-5 -26 -22 25 1 -4 6 -10 
-26 6 31 -28 -12 -2 -15 -31 
27 -1 -66 15 2 -1 4 25 
-48 -2 10 -23 -10 -3 -17 -15 
-10 22 37 23 4 0 -8 -4 
16 -5 -41 -12 3 3 6 30 
-8 3 0 8 7 -3 13 -32 
22 24 36 13 3 5 -15 26 
-11 -11 -6 -17 -6 0 1 3 
14 11 15 13 2 -4 0 -4 
-4 12 16 -15 -4 3 19 21 
0 -10 -25 13 6 -2 -17 -53 
11 -6 -17 -27 -12 -8 -4 17 
-7 14 0 4 4 6 4 0 
-1 3 36 15 2 1 7 14 
8 -11 -5 -21 -8 -4 -8 21 
-16 -13 -17 -9 -6 -7 -27 -50 
0 -13 -31 -3 -1 0 31 15 
-19 -8 33 -10 0 0 -2 -13 
16 4 -8 10 3 4 -8 15 
9 16 11 -9 -6 -1 20 -16 
-32 -7 -22 -9 -4 -5 -12 5 
-11 -29 22 3 -3 -1 -8 -18 
-6 -1 -19 -1 2 -2 3 -17 
19 10 20 11 8 4 2 5 
19 -5 -7 2 3 -1 -7 63 
-19 -12 -35 -23 -11 -4 -2 -94 
3 -9 -16 -5 -3 -1 -9 21 
-9 4 5 7 3 -3 -1 -10 
5 17 34 10 0 -1 -3 -8 
-1 -10 -13 -4 -4 -1 -2 20 
3 21 16 -4 -4 -1 4 2 
1 -17 -18 0 1 0 1 5 
-9 -15 -24 -1 3 -4 -9 -21 
10 6 6 -17 -17 -1 1 20 
3 -4 -7 7 0 -2 -7 -25 
0 -15 -3 2 1 0 8 0 
8 1 26 1 0 -3 -7 1 
-36 -13 -29 0 1 -3 -5 -25 
15 -7 12 -1 2 0 -1 42 
11 -3 -20 -7 -4 -3 -6 9 
-3 7 28 5 -1 2 -2 -26 
3 8 3 5 3 0 -3 -15 
13 2 2 -2 -1 1 6 43 
-20 -21 -25 -2 1 -2 -5 -38 
8 4 1 -1 -2 -4 -4 8 
9 2 -8 -4 -2 -2 5 15 
-23 0 10 0 0 0 -1 2 
6 7 4 -1 0 -1 -8 24 
-8 2 18 5 -4 1 -3 -43 
8 3 14 4 0 -1 2 5 
-7 -17 -50 -8 -3 -5 -3 -10 
-7 4 13 -8 -9 1 5 2 
-7 9 12 1 7 4 6 30 
6 2 8 3 -1 -2 1 -8 
-3 8 -4 -5 -3 -6 -13 -38 
-7 2 15 8 3 1 4 11 
15 12 19 -5 -2 -2 -26 -3 
-16 15 -35 -2 5 0 25 15 
-15 -22 20 4 -1 4 1 -6 
-4 -5 -11 -3 -2 -4 -2 -4 
7 -4 8 0 2 4 0 16 
2 1 8 -5 -5 -2 -10 18 
-11 -3 -8 -6 -3 -4 -5 -74 
5 9 11 2 -1 1 1 16 
-14 -14 -20 2 -1 -3 -2 -39 
14 -6 -3 0 1 -3 -6 6 
-24 10 41 0 -1 -1 3 32 
41 13 -11 1 2 -5 -5 50 
-29 0 -26 -6 1 -4 5 -64 
-8 -10 1 -5 -9 2 -5 -10 
7 0 -34 -10 -6 -7 -7 3 
-4 -2 13 8 -1 3 11 1 
11 2 5 -6 4 -1 -4 22 
12 0 -6 0 -7 -7 -5 -5 
-14 -8 -19 5 1 -3 -4 -10 
-13 10 6 -7 -6 -6 -8 -8 
-1 -12 21 6 -1 3 1 3 
-5 -1 -16 2 4 1 25 42 
15 3 20 -1 3 1 3 -16 
6 3 1 0 0 -2 -5 -16 
7 -17 -20 -10 -6 -2 -9 -15 
-23 0 14 4 1 -3 -5 -9 
1 18 -8 5 1 2 4 16 
3 4 10 4 3 2 7 8 
-2 8 21 -1 2 1 3 -7 
7 -19 -2 -7 -5 -5 -13 4 
5 3 13 3 0 1 5 13 
-5 -16 -21 1 3 -1 2 13 
-3 -7 -10 -6 -13 -6 -6 -27 
5 -8 -1 -6 -1 -3 -8 -16 
-10 2 14 2 -4 -3 -3 3 
3 -2 -6 -2 -3 0 1 28 
18 9 -14 11 6 2 7 25 
-1 -1 3 -5 -2 0 -2 -33 
10 -8 2 -4 -8 -2 0 6 
-1 -36 -26 -7 2 -2 -12 -50 
-19 19 0 -4 -6 -6 -13 60 
-6 -19 4 7 3 5 20 -45 
19 22 9 1 3 5 0 20 
-39 -27 5 0 -3 4 4 -47 
33 -13 -12 -15 -7 -8 -5 58 
5 12 9 14 0 -5 -13 9 
-7 -12 -26 -9 -2 -2 -2 0 
1 18 11 1 -1 -1 4 -9 
-16 -11 -15 0 3 4 2 -25 
2 8 29 6 8 2 -1 43 
-8 -6 -17 -18 -16 -6 -2 -38 
2 11 9 -3 1 2 -4 23 
-5 1 -22 -7 0 3 16 -3 
-1 5 6 -2 -5 -13 -23 -16 
17 -4 -5 2 0 -1 -3 -18 
12 9 -8 0 -1 0 -3 10 
-44 -2 28 3 0 3 9 -9 
8 0 -15 -2 4 9 13 21 
-3 -10 -23 -3 1 -5 -10 -14 
-8 -3 -5 -2 -2 0 -4 -8 
9 -3 -14 -2 -4 -5 2 2 
-14 12 -2 -4 -3 -3 -11 -9 
-3 -20 7 -3 -2 -1 0 13 
-4 14 5 3 3 -1 -2 10 
15 1 4 6 5 4 1 -12 
-9 -6 -8 -5 -3 -1 -3 -11 
3 -14 -11 -11 -12 -4 2 28 
3 22 13 -3 -2 -3 -3 -3 
-17 -9 -5 -2 -1 -2 -3 -39 
4 14 4 -3 -1 -2 -9 -20 
-1 -3 10 11 4 1 -1 6 
5 25 9 11 1 -3 -5 1 
-18 -29 19 -2 -5 -2 3 -2 
2 -4 5 -6 -2 2 4 15 
-6 -4 -19 -4 1 0 7 2 
-10 -15 -9 -8 -7 -7 -10 -17 
24 17 10 8 3 1 7 16 
-15 -3 5 5 0 4 -1 54 
10 35 23 10 8 1 -13 -39 
-4 -31 -24 -7 -4 -6 5 -43 
-22 -7 -17 -17 -11 -7 -11 -8 
11 -13 -15 -9 -7 -1 1 4 
-12 10 6 3 3 0 6 24 
10 16 12 4 1 3 1 7 
-3 -2 -19 5 7 -3 -10 -15 
1 3 14 -6 -10 -2 0 -28 
-31 -7 -19 -12 -5 -5 -2 0 
20 -22 -3 1 -2 -3 -3 22 
-8 14 24 -6 -3 -2 3 -2 
7 -15 -16 2 2 -3 1 17 
13 4 11 4 1 4 4 -1 
-17 -32 -24 -13 -8 -1 2 51 
11 15 -25 -1 -2 -5 -12 -73 
-7 8 0 3 -1 -1 -5 -4 
-4 2 8 -3 -5 -5 -2 -13 
-4 12 8 2 1 1 2 0 
14 1 9 1 3 8 11 29 
-3 -10 -12 1 -7 -4 -7 -14 
5 -10 -29 -7 -4 -7 -5 28 
-10 8 29 -3 -5 -4 7 -35 
1 -3 -7 -3 -3 -4 -6 2 
2 11 10 3 6 5 4 -2 
10 -5 -9 -2 -2 2 2 11 
-30 -9 -3 4 5 -4 -11 14 
19 61 10 4 -6 1 6 -10 
-20 -57 -35 -9 -2 -6 -2 -6 
3 -18 -7 -3 -2 -3 -5 -5 
1 5 -1 -5 -4 -3 -3 5 
-1 -8 12 6 3 1 -1 4 
6 22 13 5 1 0 4 18 
11 14 23 6 5 5 3 14 
-14 4 -10 8 1 0 -12 -77 
-22 -30 -15 -13 -9 -8 -3 22 
6 -9 -5 -10 -5 -1 -4 -15 
-7 -16 -16 -3 -1 1 1 3 
8 22 10 -1 -1 3 8 2 
4 -11 -1 1 -3 -4 -1 16 
11 24 7 2 4 6 10 11 
3 23 10 -5 4 -9 -3 20 
-25 -8 -12 7 -5 0 -9 -56 
2 -16 -9 -5 -9 -5 -18 -11 
-2 4 -8 -8 -5 -5 6 10 
-1 -6 12 4 -1 2 0 -29 
14 1 1 -8 -4 -3 6 44 
9 23 14 6 9 5 6 7 
-25 -4 -22 8 0 -2 -3 -5 
19 3 -8 -13 -7 -1 1 40 
-7 -14 1 -5 0 -5 -6 -43 
-3 -5 2 1 -1 0 3 20 
-4 -1 27 0 0 -5 -9 -36 
-10 -22 -26 0 -2 -4 -7 -5 
2 19 26 0 3 6 6 25 
7 -16 -32 -7 -4 -1 3 6 
-8 -7 -12 -6 -1 1 -1 7 
4 0 -2 7 2 0 3 2 
16 8 0 -7 -5 -3 -1 -23 
-21 -20 -7 -3 -3 -4 -10 -10 
5 0 18 -2 -2 -1 -4 3 
-6 4 5 6 1 -1 -6 -12 
10 2 4 13 5 2 8 33 
2 -1 -25 -15 -4 -3 -2 3 
5 4 13 0 -1 1 2 -7 
-9 1 13 -5 -2 0 6 -10 
9 -18 -10 -4 -1 -3 -10 -29 
-36 2 7 -1 -2 -3 2 -11 
0 -9 -10 1 1 -1 -8 5 
-1 1 4 5 3 1 0 -8 
7 11 11 -1 1 2 11 69 
-1 -4 -15 -5 -4 -2 -12 -52 
4 3 9 1 -1 -2 -5 -23 
4 10 -6 -3 -2 -2 -1 -3 
0 -6 1 -1 0 0 -5 15 
-4 26 31 6 3 1 3 5 
-2 20 -48 -7 -6 1 2 4 
-6 -22 13 -2 -3 -6 -5 -10 
13 -10 -21 -1 2 -1 0 14 
9 -6 12 6 -1 0 1 12 
-9 3 3 -6 1 0 4 -14 
-2 12 3 10 4 7 1 -3 
3 -4 -19 -16 -3 -7 -18 37 
8 -32 -53 -8 -5 -8 26 16 
17 22 66 4 -6 -4 -4 -46 
-27 -21 -2 -3 -3 1 -4 -31 
-13 -4 1 2 0 -1 0 -12 
11 4 5 6 8 3 -6 21 
10 -4 2 4 3 3 7 64 
12 8 -15 0 0 -1 -5 -47 
-58 -13 6 -4 -6 -5 -16 -50 
3 -13 -8 -4 -6 -2 8 23 
4 -13 -10 -4 -5 -5 3 19 
-3 5 14 3 3 -1 -2 11 
17 23 2 2 2 1 3 4 
-7 7 28 9 7 4 -3 13 
3 -22 -44 -7 -12 -2 -4 -23 
-15 -6 -12 -14 -5 -3 5 26 
15 3 2 -1 -5 -5 -8 -44 
-11 3 16 0 -1 -2 -3 -15 
-4 6 4 10 9 2 1 7 
1 -10 6 -4 -5 -5 -9 11 
3 15 1 3 -3 2 10 9 
30 -5 3 -5 -1 -1 -4 14 
-22 -10 -21 2 3 -1 -6 -8 
-15 14 12 2 3 3 -2 -23 
1 -8 30 -1 -5 0 13 20 
14 -4 -6 -4 -3 -6 -7 -10 
0 8 -9 1 2 0 4 3 
13 -12 -14 -6 -2 -7 -11 22 
-7 -5 -18 -3 -1 0 11 0 
-8 1 1 3 -4 1 -7 -44 
-7 16 18 3 5 3 3 12 
6 -10 -30 2 -5 -1 1 -18 
6 -14 -12 -7 -2 -2 -5 60 
-19 -10 -15 -6 -2 -6 -9 -69 
7 1 6 3 -3 -2 -5 2 
21 14 3 -5 -1 4 4 12 
-16 9 -9 6 6 4 0 0 
9 1 12 1 -2 3 7 39 
-9 19 -15 -3 -1 -10 -13 -26 
10 -15 1 -3 -4 -4 5 4 
-18 -14 -39 -2 -5 -4 -3 -14 
-8 2 10 -11 -4 -2 0 22 
1 -6 -1 2 -1 1 -3 -18 
0 6 10 6 -2 -2 0 10 
2 -7 -7 0 1 -2 -4 -20 
-12 1 -5 1 -2 -2 -2 7 
15 -9 4 -10 -6 -3 3 32 
-7 -8 -23 -1 2 -2 -9 -18 
11 -2 26 -5 -7 1 3 17 
-4 -27 -29 -1 -1 -1 -3 -4 
-8 -6 13 -3 -6 -6 -17 -43 
-2 8 3 7 0 1 10 5 
-12 -7 3 -11 -4 -5 -8 -12 
10 14 9 12 8 6 17 23 
-10 -22 -23 -21 -2 -3 -10 5 
-8 13 4 8 1 3 2 21 
-2 -13 -17 -7 -6 -6 -7 -21 
1 30 12 -1 0 0 -5 -13 
8 -4 2 5 4 2 14 7 
-12 -6 5 -3 -4 -2 -3 -9 
8 13 4 3 2 -2 3 15 
-7 4 30 0 3 4 1 -7 
21 -18 -66 -10 -4 -1 -6 21 
-25 2 7 -7 -4 -2 -5 -2 
10 -10 0 -1 -6 -7 -1 -14 
-7 0 -5 4 4 -1 -2 -11 
-1 -4 23 4 1 2 2 35 
-3 -1 16 1 1 -3 3 -32 
-9 8 -22 -4 -5 -1 -10 -9 
-19 -4 15 5 4 -1 -4 -9 
-13 12 11 -15 -9 -4 6 -36 
2 4 -2 -1 -2 -7 -7 3 
32 15 15 7 5 4 3 20 
-14 -22 -26 -5 -3 -5 -15 -12 
-9 1 5 0 -1 -1 0 1 
-1 2 -19 -3 -1 2 -1 -8 
0 -9 1 -15 -7 -6 -4 -6 
2 10 -1 -2 -3 -5 -1 15 
7 -13 -7 6 1 -1 -9 -11 
3 -17 27 0 0 1 7 26 
-21 -8 -37 -3 -3 -2 -6 -25 
30 -5 4 -5 -1 -1 0 -9 
-15 10 19 7 0 0 0 5 
6 -14 -1 0 1 -1 -4 6 
-5 14 27 10 4 1 9 10 
5 14 -19 -3 -8 -2 -1 -16 
-2 -30 -8 -1 4 -3 -9 1 
-1 1 -13 -2 -4 0 3 -9 
1 -9 1 6 7 -1 4 31 
14 4 -4 -3 -10 -1 -5 -15 
4 38 34 11 4 7 18 8 
-32 -21 -27 -13 1 0 -13 -19 
6 -11 -1 3 -2 4 11 36 
-3 -8 3 3 2 -5 -17 -39 
-5 3 4 2 3 1 14 13 
18 7 8 -6 -9 -7 -15 -36 
-2 5 6 7 5 -1 -4 -15 
-12 -12 -8 -9 0 2 6 37 
-6 -16 -22 -7 -7 -5 -8 -13 
-1 4 28 5 -2 0 4 11 
4 1 2 -6 -3 -1 -2 -17 
6 1 3 2 0 -2 1 13 
-5 -1 4 0 0 0 -3 -5 
