#EMG
#1
#ID:1-6
1 6 17 -1 -4 0 9 -5 
-4 -15 -24 -1 0 -5 -12 -12 
-2 -2 -9 -8 -2 0 8 2 
1 -1 5 -5 -2 -1 9 -7 
-2 -1 4 -2 -8 -7 -13 1 
0 -6 18 10 7 6 5 8 
2 4 -13 -11 -7 -3 -2 6 
-3 -5 -5 10 8 0 -2 -10 
-5 -8 -8 -11 -18 -4 -6 -2 
1 5 4 -9 -2 -4 -2 -3 
1 1 4 5 1 1 -1 4 
-4 -16 -18 -9 -2 1 -3 3 
-4 -5 -10 1 2 0 4 -5 
2 4 0 1 -2 -4 0 0 
-3 8 12 1 1 1 -6 -4 
-4 -14 -5 -7 -6 -4 -1 13 
-5 -7 -11 -7 0 -2 -4 -24 
2 4 -3 -4 0 2 6 2 
-4 3 10 3 2 0 -3 -8 
9 8 -2 12 3 0 1 2 
3 -9 -19 -11 1 3 6 26 
-10 1 22 -6 -2 -5 -12 -33 
0 -11 0 1 -3 -4 -2 -2 
0 15 2 0 3 1 0 -6 
0 1 3 -2 -8 0 4 15 
-5 -7 -18 -1 4 0 -4 -7 
-1 -7 2 3 -6 -3 0 -1 
-4 -10 -3 -10 -4 -3 -2 -3 
0 7 5 -5 3 0 1 -3 
2 0 -1 1 -1 1 0 3 
-1 -1 -3 4 3 -4 -5 2 
1 8 -3 -2 -4 0 -3 1 
-1 -10 -4 1 -2 -1 -3 -4 
-4 -1 3 0 -3 -2 -4 -12 
-1 -7 -8 -2 -1 -1 6 2 
0 2 3 4 2 1 -4 -4 
0 4 3 -1 0 -1 4 2 
1 1 7 4 -3 -3 -9 7 
1 -1 -5 -23 -3 -1 1 1 
-3 -5 0 8 -2 -2 -1 -9 
-4 -9 -29 -2 1 0 0 -11 
-2 -4 3 -6 -2 1 6 7 
-1 1 7 2 -1 -4 -14 -6 
0 -3 11 1 1 2 9 6 
-2 3 -6 1 2 -7 -16 -2 
2 5 -13 0 -2 0 1 10 
-3 -5 7 5 1 0 -1 -15 
-4 -15 -16 -7 -1 1 1 -5 
-1 21 2 0 -4 -5 -5 -5 
-3 -11 -3 -5 -3 -1 0 6 
-3 0 -4 -6 -7 -3 -1 0 
0 3 24 2 -1 -2 -2 -1 
-2 -9 -27 -3 -2 0 3 -3 
7 7 1 1 0 -1 -11 14 
-5 0 8 -1 -3 3 2 -14 
-1 -8 -14 -9 -7 -4 -3 -8 
-3 -10 8 2 -3 0 0 9 
-2 -5 -21 -1 3 -3 -2 -3 
-2 -1 6 6 5 0 4 2 
-2 4 12 1 1 -1 -7 3 
3 7 9 -5 -4 0 -2 9 
-6 -9 0 2 0 -3 2 -22 
1 2 -14 -9 -3 1 -1 0 
-2 -2 -2 -1 -3 -1 2 -2 
-1 -6 10 14 0 -4 -4 2 
7 -4 7 1 2 2 2 14 
-6 0 2 -2 -1 -1 3 -24 
4 -2 -10 -1 -2 -3 -1 4 
-12 -15 -9 -5 -1 -4 -7 -13 
2 13 -8 2 9 0 -4 2 
0 -3 30 -9 -16 -3 2 12 
0 1 -19 6 3 1 3 2 
1 13 9 1 -1 0 -4 -4 
-10 -17 -9 -6 -1 -4 -7 -25 
4 0 -6 2 5 0 6 11 
0 8 6 3 4 0 -1 -3 
4 2 11 -4 -3 0 3 5 
9 20 9 5 -1 0 3 8 
-15 -17 -31 2 0 -4 -7 12 
-9 -12 -12 -12 -5 -5 -16 -32 
-1 -3 -6 10 7 2 21 3 
0 -1 20 -3 -4 3 -4 6 
6 2 -1 3 1 -3 -6 16 
-3 11 18 3 8 2 15 -7 
-6 -10 4 -7 -10 -2 -14 -2 
1 -1 -7 2 -3 1 -1 -3 
0 3 3 6 5 3 4 -3 
4 3 -2 -8 -5 -3 -1 28 
-5 4 -13 -8 -2 -4 -4 -48 
-1 3 23 6 1 5 13 18 
0 -4 -28 -8 -2 -4 -4 -12 
1 6 12 5 -4 -8 0 4 
9 -2 5 1 3 0 -15 5 
-2 7 -2 -3 -2 -2 12 9 
-6 -1 -6 8 8 5 -5 -20 
-1 -3 7 -15 -11 0 9 6 
-1 -6 -4 -8 -4 -5 -6 -2 
-7 -9 6 0 -1 -4 -12 -5 
8 8 12 1 1 -3 2 7 
1 -15 -42 2 -2 -1 4 4 
-1 2 29 0 0 2 7 -4 
-1 1 -35 -11 -5 -6 -7 -11 
-3 -5 -17 -2 -3 -1 -18 -4 
-1 -7 10 15 2 1 14 21 
-7 -4 -19 -17 -6 0 15 -17 
-5 6 5 3 -2 -4 -11 -16 
4 -6 12 -6 -3 -4 -19 6 
-11 -6 -6 0 -4 -4 -15 -17 
4 2 4 16 8 2 1 20 
5 -8 -17 -22 -10 4 24 5 
-8 19 10 -1 -2 -2 2 -5 
3 13 40 6 2 -1 -8 4 
-4 -14 -32 6 8 -3 3 16 
-7 -4 -3 -6 -14 -6 -15 -26 
0 -7 -9 -7 0 6 10 1 
6 14 -20 -6 1 -3 -7 5 
-6 -1 50 2 -7 2 1 -20 
3 -9 -10 13 12 -2 -8 5 
5 10 -35 4 0 1 14 7 
-2 -14 46 -4 -2 2 -8 -2 
-2 -1 -10 -12 -7 -12 -16 -4 
-5 0 3 -6 -4 -2 2 7 
-4 5 25 10 0 -3 6 -7 
-2 5 -12 7 10 0 -2 -6 
-1 -5 -24 -14 -13 -1 -5 5 
3 12 48 14 7 1 0 -5 
1 -21 -61 -36 -16 -5 3 1 
-4 -7 -20 -5 -1 3 6 9 
2 -3 6 9 1 0 -1 -7 
-14 0 -29 -4 -2 -7 -13 -33 
0 -6 33 11 1 5 -9 -10 
3 6 -18 -1 -4 -10 4 16 
2 -8 -14 -6 -1 -1 15 11 
-4 2 -31 -7 -1 -1 -10 -3 
2 -10 16 0 -2 -5 -9 2 
-6 -9 -17 -8 -6 4 22 -4 
-6 -7 -19 -4 -4 -8 -27 4 
1 1 -3 -4 2 6 13 -9 
-4 3 33 4 0 4 3 1 
-4 0 -23 0 -3 -4 -16 -14 
5 1 9 2 3 -1 9 18 
-2 -5 -11 0 0 -4 -11 -17 
2 4 1 -8 -8 -6 5 10 
1 2 24 -7 -7 2 -2 -13 
0 -1 10 4 1 0 -11 -5 
0 -5 -13 0 3 0 -13 5 
-12 3 -5 -1 -2 -2 25 9 
0 -26 8 15 2 4 5 6 
2 17 14 -6 2 4 -17 -9 
2 0 12 -5 -8 -10 7 15 
-2 -15 -26 -1 2 -1 -16 -6 
-2 6 16 -3 -4 -1 1 -11 
0 -12 19 7 3 5 10 7 
6 13 -1 14 9 7 -2 4 
-8 -20 -15 -8 -15 -7 7 -4 
-5 -2 -17 -8 6 0 -3 -5 
3 -3 -29 8 8 -4 -3 3 
-6 -17 82 -12 -15 -2 3 17 
-3 2 -12 23 7 2 -2 -14 
7 9 -4 -5 -3 -3 -15 -2 
-7 -2 -10 1 -1 -5 4 -7 
0 -29 -16 -8 -2 -1 5 -2 
-1 -1 28 -7 -1 -4 -1 -1 
-4 -7 19 12 -1 -3 -14 -5 
0 12 -22 -17 -6 -1 11 9 
-6 -2 21 -9 -4 1 -6 -10 
12 -6 -24 8 6 -4 -9 25 
-15 2 -12 -14 -6 -3 -6 -54 
-1 -5 22 7 0 -3 2 14 
10 15 -25 24 7 5 8 13 
-22 3 31 -14 -10 -7 -12 -41 
12 9 -13 -9 3 2 -9 25 
-2 -5 -2 -12 -7 -4 16 15 
-8 1 -7 -13 2 1 -2 -19 
15 10 -1 44 6 0 -4 7 
0 11 -1 5 5 6 12 13 
-26 -2 28 -19 -6 9 24 -21 
23 1 -23 -8 -2 -12 -22 52 
-35 -13 -6 -5 -2 -9 -14 -18 
1 -5 6 -13 -9 -6 -6 -45 
7 0 -14 31 3 -4 -10 -9 
-22 13 -16 -15 -1 2 10 0 
28 -3 -6 -11 -2 3 -8 53 
-2 15 20 15 1 -4 8 -21 
-3 -17 -14 4 -2 -4 -10 0 
-9 -20 -15 -1 -4 -2 -24 -25 
3 8 14 -8 -1 -3 19 17 
3 -12 -66 6 4 0 -3 1 
-1 10 93 -4 -2 -3 -12 -5 
-1 -3 -23 1 -11 -1 -5 -18 
6 8 -4 0 9 9 25 14 
4 -1 2 -2 0 -5 -16 -3 
-1 9 -12 2 -5 -4 17 8 
4 0 -15 -4 -8 -4 8 21 
-7 8 55 -16 0 -6 -21 -49 
-4 -12 -7 -6 -2 -1 5 25 
1 -7 -25 -3 13 2 -7 6 
6 24 31 26 -1 13 23 -10 
4 3 -25 -7 -4 -10 -14 -11 
-13 -16 -6 -9 -5 -6 -9 -4 
3 -11 -21 -3 -2 1 0 32 
5 13 37 15 11 0 13 -1 
-7 5 -36 2 -1 -2 -12 -31 
-6 -2 11 -10 -9 -2 -5 -15 
4 -3 -26 -4 1 -1 2 13 
-3 -13 -7 -8 -6 -1 -1 -18 
-3 -10 -46 -2 -1 -3 -5 1 
-6 14 48 4 3 -3 4 10 
6 2 -17 -11 -9 0 -8 -4 
-4 -7 -1 0 4 -5 2 5 
10 7 14 6 5 9 7 8 
-10 -27 -47 -2 -3 -1 6 -9 
1 10 22 -8 6 -1 -12 -13 
2 -17 -21 -24 -16 -2 6 7 
-5 -11 -16 -4 -2 -2 -9 -17 
11 5 1 -1 -3 1 1 22 
-13 -5 18 13 2 -6 -5 -14 
2 -12 -12 1 5 -2 -8 24 
-11 7 10 -3 -6 -1 -8 -51 
2 -12 -17 -7 -1 3 27 8 
-3 -2 -7 0 -3 -1 -15 -18 
5 13 3 -7 0 -3 5 7 
10 7 21 5 -1 3 4 46 
-12 -2 -17 -14 -4 -7 -7 -38 
2 2 1 8 1 0 -4 5 
-2 1 6 6 2 0 7 5 
8 12 17 -19 -3 1 0 7 
10 -12 -11 8 -3 1 6 18 
-10 -14 12 8 6 -3 -10 -4 
-7 -6 -30 -10 -18 -10 -14 -32 
6 -7 10 -8 0 2 8 49 
-9 13 12 1 6 7 3 -26 
11 21 5 0 1 0 3 -4 
-15 -20 -3 25 11 0 1 -17 
-3 0 26 11 0 -1 0 -7 
-1 8 7 -13 -5 -3 -6 24 
1 -15 -20 -5 -8 0 3 -10 
-5 8 8 20 -2 -7 -9 -3 
-3 11 -4 -65 -7 0 10 11 
5 -5 -3 8 7 1 -14 -17 
-9 -14 2 6 -5 4 5 -8 
13 7 15 9 -1 0 3 31 
-36 -17 -29 8 -5 -3 3 -37 
6 6 13 -22 -3 -5 -17 11 
-7 6 -14 -29 -3 -1 -3 -10 
5 -5 -12 4 -1 1 8 5 
16 5 10 23 5 0 -3 10 
5 -12 -12 1 -3 -1 0 34 
-5 15 8 14 0 0 -2 -57 
-12 -15 9 -28 -5 -4 -2 8 
-10 -5 -11 -3 -1 -3 1 2 
17 -3 1 9 -4 0 6 -15 
6 3 3 -4 -5 -4 -11 15 
5 3 2 2 5 1 4 -11 
1 -2 -19 8 -2 -4 -7 6 
-5 1 18 -1 -9 4 5 6 
9 -12 -24 -3 -2 -3 0 5 
-3 18 24 -4 0 2 5 6 
-1 -9 -19 2 2 -1 0 -5 
-5 -3 31 3 3 -5 -14 -19 
-2 0 -3 1 -7 -4 0 1 
0 -7 -11 -7 -1 -2 -5 6 
11 4 7 3 1 4 7 40 
-12 7 11 13 1 -2 -6 -54 
-13 -20 -19 -9 -3 -3 -1 10 
4 -3 2 0 3 3 2 -15 
1 12 13 0 -2 -3 -3 -10 
-2 -1 -18 18 9 -2 -4 15 
-5 -23 -20 -14 -22 -3 1 5 
5 23 7 -11 -1 -2 -4 2 
-10 -7 2 10 1 1 -1 -13 
-3 -6 -10 -7 -5 -3 0 12 
1 12 3 18 10 1 1 2 
-6 -14 -37 -23 -10 -6 -9 -3 
-2 -2 -13 -16 -3 -1 -4 -21 
5 6 16 10 0 0 7 26 
-4 2 -7 0 3 0 -3 -19 
5 -2 10 1 0 -1 -2 1 
-14 -15 -13 0 -2 -4 -4 -17 
-2 5 -13 -4 -6 -4 -2 18 
0 -19 -9 -14 -3 0 1 3 
-4 15 0 14 6 4 8 3 
-1 2 21 -5 -10 -5 0 -7 
-2 -19 -23 -10 -1 -4 -6 10 
3 15 12 4 1 -1 -3 4 
-4 -12 -11 -3 -1 -2 -6 -14 
5 2 -8 7 5 3 8 48 
-7 9 22 -2 -1 2 0 -81 
-2 11 7 10 15 -2 4 6 
-4 -21 -15 -15 -20 -7 -15 17 
-1 4 5 -1 0 2 -1 -13 
-9 -10 -15 -9 -7 -1 0 8 
6 2 -4 -6 0 3 0 4 
-5 5 14 6 1 -3 -2 -9 
4 4 6 5 1 0 -3 0 
2 -7 -12 -4 3 -1 0 16 
-5 1 3 -2 -7 -5 -3 -10 
2 5 9 -1 0 -2 -2 -2 
0 -4 -8 11 8 3 -2 -12 
-5 -12 -1 -17 -15 -4 -1 7 
10 0 0 -1 -1 4 5 26 
-3 11 9 -6 0 0 -1 -25 
1 -18 -4 15 3 -3 -6 -18 
-6 11 12 16 3 -4 0 15 
-5 -7 -3 -3 -4 0 -1 -15 
0 0 -7 -14 -2 -3 -3 3 
4 0 1 -8 -4 -1 1 -1 
2 5 4 0 2 3 12 13 
6 -3 12 3 -2 -4 -14 -3 
-2 -4 -19 9 6 2 0 -5 
-3 -15 -16 -20 -7 -5 -4 9 
-6 -2 1 -5 -4 -2 -4 -11 
-4 4 3 -6 -2 -1 4 0 
3 2 13 5 -1 -2 -3 -4 
6 7 -3 1 0 1 3 12 
7 15 1 4 2 0 0 32 
-14 -15 -15 -5 -3 -2 1 -59 
-3 -10 -11 6 6 2 -1 31 
-10 2 -9 -11 -11 -5 -4 -44 
-2 -6 14 7 5 0 -7 -5 
5 6 -8 -3 -2 -2 1 10 
2 -8 7 1 2 -1 4 5 
4 3 2 -3 1 0 0 5 
-3 -3 -22 -4 -5 -4 -3 -11 
-7 -8 14 0 4 -1 -1 19 
-4 -7 -7 -10 -6 1 2 -6 
1 -6 -10 0 -5 -1 -2 14 
1 1 10 -5 -5 1 -3 -19 
0 -1 -7 3 2 -8 -6 8 
-14 5 14 7 3 1 0 -9 
-1 3 5 4 1 -2 0 -4 
4 -11 -8 2 4 4 9 13 
-1 -3 -11 -9 -3 1 -6 -4 
0 -3 -9 4 -2 1 -3 -9 
0 0 14 -3 0 -5 -4 -4 
0 11 3 6 6 1 -1 0 
2 -3 11 -2 2 1 4 16 
-6 -3 -22 -2 -8 -1 0 -34 
-8 -11 -9 -2 -3 -4 -4 6 
2 3 8 1 1 -1 2 -4 
3 7 6 11 7 0 2 1 
-1 -16 -7 -9 -10 -1 0 10 
-6 18 1 4 5 2 2 -5 
12 -8 -6 -3 -6 -3 3 -12 
-1 1 8 0 -4 -5 -16 -2 
3 -3 5 2 0 -4 0 9 
10 3 -6 -3 0 3 3 26 
-13 -14 -21 -22 -11 -7 -11 -29 
-5 -3 1 6 -3 1 6 -13 
4 13 3 -4 0 -1 1 -5 
-1 -6 11 6 -2 -2 -2 4 
2 14 10 2 5 2 1 21 
4 -3 1 -6 -6 0 4 0 
-4 -13 -20 -11 -5 -6 -2 6 
-5 -3 -6 0 4 -1 -7 -17 
-2 5 -9 -3 -5 -1 -4 7 
-3 1 7 1 -1 0 2 -6 
5 7 11 3 1 0 -1 7 
2 -4 -3 -4 1 1 0 -5 
1 -4 0 -5 -1 -3 -3 -4 
-7 -2 -3 5 -2 -3 -2 21 
1 -9 -18 -5 3 -1 -2 -9 
-8 0 4 8 0 1 -1 -34 
-2 1 -1 -16 -8 -2 -6 2 
2 8 7 2 1 0 3 -1 
-2 -4 5 1 -1 -1 -2 4 
-2 -6 -5 0 6 -3 1 6 
-2 -1 9 13 -6 -1 1 4 
-1 -9 -31 -24 -9 -5 -4 -4 
5 3 4 1 2 2 3 -1 
0 4 3 7 -2 -3 -4 -4 
-1 4 11 6 5 0 11 3 
-3 -11 -10 2 -3 -2 -16 -6 
-4 -1 7 -4 -2 -2 -2 -4 
6 14 9 -6 -3 1 4 22 
-3 -6 -8 6 1 1 -1 -33 
2 7 7 -2 -4 -7 -5 -5 
-1 14 4 1 4 3 9 9 
2 11 12 -8 -12 -2 -8 -4 
-1 -15 -14 2 -3 -6 -5 15 
1 3 -1 -12 -1 -1 3 -2 
-5 -2 10 6 3 1 -4 -6 
-1 4 0 -1 -2 -2 2 2 
-1 -1 -2 4 0 -1 -4 3 
2 -2 1 -1 0 2 5 -3 
-3 5 18 4 -1 -3 0 25 
-16 -15 -27 -5 -6 0 -7 -37 
2 -13 -33 -12 1 -2 -4 -2 
-6 -5 -3 -5 -5 -2 -5 -6 
4 1 3 2 -4 0 1 2 
-1 -8 6 -1 -3 -4 1 8 
-4 7 11 0 -4 -3 -4 2 
4 4 4 2 3 4 8 8 
-1 -14 -6 3 2 -2 -6 -6 
-2 -2 -5 -14 -2 2 0 14 
-10 2 3 7 2 -2 -4 -46 
0 1 -4 -4 0 1 2 1 
-3 0 -14 -3 -4 -5 -3 -6 
2 -1 2 7 4 -1 2 4 
0 -8 4 -2 6 2 3 17 
3 -3 0 -10 -7 -2 0 21 
-7 0 7 1 1 0 -5 -45 
-2 -10 -7 2 -2 0 5 5 
-2 9 4 -3 2 -1 5 5 
3 3 15 14 4 1 -1 -5 
2 -4 -5 -3 0 -2 -12 8 
1 4 0 -2 1 0 0 -5 
0 -13 -7 -7 -5 -3 -2 12 
-5 1 -1 6 5 1 4 -2 
3 8 9 1 -4 1 4 -6 
-3 -6 -5 1 1 -2 -2 -7 
7 8 14 1 1 0 1 21 
-16 -5 -6 -6 -7 -3 -7 -33 
-2 -2 -11 -1 6 1 0 5 
5 -3 7 0 -5 -2 -2 3 
-1 0 -4 2 -1 0 -4 1 
-8 -12 -20 -8 -6 -4 -2 7 
-2 0 5 6 -2 -1 -1 -5 
1 2 -6 3 5 -3 -1 -3 
-3 -7 -5 1 -4 3 0 1 
3 4 39 -1 2 -1 1 -6 
-5 -17 -33 -7 -3 -3 0 13 
-8 -10 -20 -8 -1 -1 -4 -25 
1 12 8 3 -1 -6 -7 3 
5 10 -8 5 3 2 2 4 
-4 -14 -1 -3 2 0 5 -9 
6 4 2 2 -10 1 5 9 
-9 -2 -3 -1 -1 -4 -8 -9 
1 -6 -11 -2 0 -1 -2 7 
2 0 14 1 0 0 0 -6 
-3 -4 -3 4 0 1 0 3 
-3 -10 -10 -8 -4 1 2 1 
-8 -5 -2 -10 -1 -3 2 10 
5 5 -6 2 -7 -4 -8 -9 
0 4 14 -2 0 0 -2 0 
2 -4 2 -1 -1 -2 -3 2 
2 -1 -20 6 5 3 -1 6 
-3 11 21 -15 -5 0 4 -7 
-1 3 1 0 0 -1 -4 10 
-3 3 -3 -3 1 -2 -2 -4 
4 2 4 7 0 2 8 -3 
3 8 0 1 -3 -4 -10 3 
-4 -14 3 -2 0 0 0 2 
1 -1 -5 -5 -2 -1 1 7 
-2 -8 -1 0 -2 -5 -6 -14 
-5 -18 -19 -10 -5 -5 -2 0 
-2 1 -1 -3 0 -2 0 1 
-1 -1 7 3 -2 -3 -2 -6 
3 -1 0 -1 -2 0 -1 -4 
2 6 6 4 4 0 3 12 
4 -4 -15 -2 7 2 -2 10 
-7 -2 31 14 3 2 -1 -34 
-2 -14 -27 -40 -19 -5 -4 -8 
-6 4 3 2 1 -2 -2 0 
-1 -6 7 -2 -4 1 6 4 
6 17 12 15 14 2 0 13 
-3 -7 14 4 1 -1 -4 14 
-4 -1 -28 -16 -6 -2 0 -18 
-7 -18 -7 5 -2 -5 -6 -13 
-7 -7 -13 -10 -8 -4 1 3 
2 8 10 9 -1 -3 -2 -4 
2 0 1 -3 0 2 -1 9 
5 16 12 3 1 4 4 10 
0 -2 -13 -3 -5 -2 -3 -12 
2 2 1 -9 -2 0 -2 4 
-3 -5 -9 6 2 0 1 -8 
1 -4 -12 -3 -3 -3 -5 -4 
4 1 10 -2 -5 0 0 8 
-11 2 -4 9 5 0 0 -3 
-1 5 16 14 14 -1 0 4 
-1 -13 -19 -13 -22 -2 0 -2 
-13 -11 -22 -21 -7 -6 -4 -8 
10 2 7 5 1 1 5 -7 
-4 -3 6 2 -3 -4 -9 -3 
3 12 11 11 6 -2 0 8 
-1 -1 -1 -2 1 3 1 2 
-3 -5 -2 3 -3 -2 -1 -6 
-7 -17 -28 -10 -8 -2 -3 2 
-1 22 9 -4 -2 -1 7 -7 
3 3 -4 -5 -5 -5 -14 5 
2 1 22 1 4 0 1 10 
-2 -13 -11 -2 -5 3 1 -24 
-8 -4 -19 -7 -3 -5 -8 -1 
-6 -7 14 -1 -5 -3 2 -11 
-2 4 -4 8 4 0 -2 14 
2 16 25 -4 -3 0 2 2 
1 1 5 3 4 1 1 -8 
4 -2 -7 -1 -2 -3 -3 3 
0 -3 -3 -4 -6 -1 -2 -8 
2 3 -5 -1 -3 -1 -2 13 
-7 -10 -5 -3 -1 -4 -5 -8 
1 0 -3 -11 -5 -3 0 4 
3 12 5 2 1 0 0 3 
0 2 11 1 2 0 2 2 
-1 -10 1 10 3 0 -4 -4 
-2 0 -17 -3 0 0 1 -2 
-8 -16 -20 1 -3 -3 -6 -9 
-1 1 11 6 2 -1 6 7 
0 4 -2 -3 0 -2 -8 0 
0 3 12 3 3 -1 14 7 
2 13 -11 4 2 0 -10 12 
-7 -12 -25 -23 -14 -7 -7 -26 
0 2 18 0 1 2 4 0 
-4 -6 -4 -2 -4 -1 -4 -3 
2 0 1 3 1 1 4 -2 
7 11 13 7 1 -1 0 19 
-2 -1 -17 -14 -6 -2 0 -25 
-6 -15 -3 -6 0 -3 -9 -6 
-14 -22 -20 -9 -10 -5 -1 -8 
2 -1 6 2 0 -2 -2 1 
4 8 8 1 -1 -1 -1 6 
5 8 7 9 3 2 4 10 
-1 -1 7 -6 0 -1 -3 -14 
0 7 -5 15 10 4 2 7 
-5 -19 -8 -11 -17 -3 2 8 
-2 2 -2 1 -1 0 -1 -12 
-2 -4 -4 -6 -4 -6 -9 -3 
1 -1 3 3 7 0 12 27 
-2 15 19 8 -2 0 -12 -30 
-1 -6 -3 2 -1 -2 0 2 
-3 -8 -1 -11 -5 -3 0 -4 
-3 4 -15 0 -2 0 -2 4 
4 0 1 5 5 1 5 9 
3 7 9 0 -3 -3 -4 -4 
-3 4 7 3 8 3 -2 -4 
1 -8 -10 -6 -2 0 -1 1 
-9 -7 -30 -16 -3 -4 -3 -9 
-2 6 -1 1 1 1 0 -5 
5 4 8 6 -1 1 3 6 
3 3 8 -4 -6 -1 -3 5 
-10 -6 -3 -2 1 -2 -3 -28 
0 -6 -13 0 0 1 1 9 
-3 8 4 3 -2 0 8 4 
12 0 15 10 4 -4 -11 -14 
5 -3 -2 -24 -12 -3 -1 21 
0 14 -3 2 1 -1 -5 -10 
-6 -12 -3 -3 -4 -1 1 -10 
-8 -7 -7 -4 -1 -4 -2 -6 
1 -5 -7 6 6 -1 10 4 
3 -12 -13 -4 -1 -2 -13 7 
3 2 -11 -11 -4 3 7 17 
-11 2 11 0 -5 -7 -13 -38 
-8 -7 1 -2 3 1 2 6 
-1 2 4 -3 -3 -2 2 0 
0 -4 1 5 -3 -3 0 -5 
0 -3 2 -1 1 0 -1 1 
7 4 -6 0 1 1 1 12 
-6 -9 -7 2 4 1 1 -11 
-2 -3 7 0 -3 -2 1 0 
-9 10 4 -8 -1 2 -4 4 
2 -7 8 7 5 -1 3 -16 
-1 -1 -3 3 -2 -4 -11 7 
-1 4 -22 -16 -9 -3 -5 -15 
-5 0 3 1 -1 0 4 5 
3 18 -1 6 5 2 1 9 
-1 -15 -15 -13 -5 -4 2 10 
-4 -5 4 8 2 -2 -8 -17 
5 5 11 7 10 2 1 4 
-2 -6 -14 -13 -14 -3 4 2 
4 6 10 2 0 -3 -10 -2 
-1 2 7 3 -1 -2 -2 5 
-1 -9 -15 -10 0 1 -2 -3 
-2 -2 5 5 3 0 0 6 
-3 1 2 3 -1 -1 2 -10 
6 7 9 1 1 -1 -1 7 
-4 -4 -7 -3 -7 -3 -3 -18 
3 -1 -1 2 0 1 1 13 
-4 -11 -10 -8 -4 -2 -6 -9 
0 -3 -6 -4 0 -2 -4 0 
-1 12 2 -2 -7 -1 4 7 
-3 8 7 -6 -6 -3 -6 -4 
0 -1 -5 -5 1 2 10 2 
-5 -5 -12 15 2 0 -5 3 
7 -11 -4 -19 -9 -5 -3 -7 
-4 0 -12 -10 -6 -4 -7 -7 
-1 3 8 3 -1 -2 2 3 
-3 3 6 -1 2 1 0 0 
0 5 9 9 -1 -2 3 1 
1 4 5 5 2 -2 -5 3 
1 -19 -11 -1 1 1 0 -5 
-7 -10 -12 -20 -16 -1 8 -10 
-2 -4 -5 2 1 -2 -12 1 
7 5 21 6 2 2 8 25 
-5 4 0 3 2 -1 -10 -36 
1 5 5 7 4 0 1 2 
-3 -2 4 -6 -4 1 2 -9 
-5 -12 -15 -4 0 -4 -5 7 
1 6 -5 0 -5 -1 4 2 
-3 -10 -10 -4 0 0 -3 -2 
-1 12 6 -2 -3 -3 -1 0 
-5 -3 -11 4 2 0 -4 -5 
-1 2 4 0 2 0 0 9 
5 11 17 3 -9 1 -4 -3 
-1 -22 -20 -5 2 -1 0 7 
-5 -4 11 1 1 -1 -3 -11 
3 1 0 0 0 -2 3 17 
-4 -1 -7 -2 5 -2 -3 -11 
-3 -7 -4 -2 -5 -3 -3 -10 
-3 3 5 -2 -2 -2 -4 -9 
-2 -12 -12 -8 -5 -1 2 9 
