#EMG
#2
#ID:2-78
-11 -16 -13 -18 -6 -4 3 -5 
-3 3 -1 -2 0 -1 -2 -12 
-1 -6 -5 -3 -1 3 9 11 
13 2 1 2 0 -8 -16 -7 
-2 -2 2 -3 1 0 -1 4 
-5 -6 -36 -12 -2 0 9 29 
-5 11 25 14 -1 -5 -11 -39 
1 -20 -18 -11 -1 2 0 16 
13 7 -8 3 -3 -5 -2 -22 
-18 7 42 19 -1 0 -14 -30 
9 1 -18 -28 -2 0 12 35 
0 2 11 7 -3 -1 2 0 
2 0 -7 -13 -1 2 -8 -7 
-4 -19 -25 -5 -1 -3 0 2 
7 5 16 10 1 3 7 30 
-2 11 8 -3 0 -1 0 -50 
-4 -11 -11 -8 -3 1 4 15 
0 16 -6 8 -3 -6 2 2 
-3 -6 15 -4 -2 -3 -3 7 
-2 -4 -14 -5 2 0 1 1 
3 -9 17 8 -1 -2 -5 2 
-10 18 -4 4 4 3 2 -13 
-6 -4 12 0 -6 -4 -4 7 
10 -3 -37 -13 -7 -8 -18 -18 
-13 -2 10 -3 -2 0 6 9 
-1 -16 -3 -2 0 -1 2 -7 
-9 -8 -2 3 3 0 3 -1 
0 10 -9 3 -1 0 5 0 
-16 10 10 21 3 2 -10 -9 
38 -13 -22 -52 -11 -9 -3 35 
1 0 -1 6 -1 -2 0 -32 
-19 -12 21 6 2 0 6 6 
20 14 4 -8 -2 -1 -4 4 
-25 -11 14 8 1 1 -6 -13 
6 5 -22 -2 1 3 -2 5 
0 -2 -12 -3 -4 -3 0 11 
18 6 17 -11 -1 2 7 9 
-9 -1 -11 19 -1 -4 -5 -1 
0 1 -7 -20 -3 0 14 4 
-2 0 30 12 6 0 -8 -1 
-8 -10 -26 -2 -4 -1 -8 -6 
4 2 -14 -17 -4 -3 -8 1 
1 -9 0 0 -2 0 4 -2 
-16 16 0 -8 -4 -3 0 -15 
-11 -25 0 22 5 3 -2 11 
11 -11 12 -29 -3 -2 5 4 
-11 -4 -28 0 -6 -5 -14 6 
15 5 12 -2 0 4 7 28 
-3 6 4 5 0 -5 -6 -69 
-9 10 8 9 0 0 5 26 
-1 3 15 9 1 -3 -17 -15 
10 -15 -35 -22 -6 0 13 29 
-9 0 2 12 3 3 4 9 
6 9 -11 -7 -4 1 1 -15 
4 15 38 9 -3 -6 -15 -9 
3 -4 -9 5 2 2 0 -3 
2 -10 -17 -3 -2 -4 -8 9 
-22 10 24 14 2 1 -4 -9 
-2 -9 -8 -2 0 2 17 2 
1 -12 -12 -3 -3 -6 -12 -13 
9 -3 8 -4 0 1 9 28 
6 6 -12 -1 -2 -6 -32 -16 
-5 -13 -1 -14 -2 1 23 0 
-10 6 16 4 2 2 -1 10 
13 -12 3 -3 0 -2 2 5 
-25 -5 10 23 2 3 -7 -6 
4 7 10 -2 -2 -2 0 -9 
-14 -5 -16 -5 1 0 -6 -6 
-10 -3 2 -9 -7 -3 2 13 
15 -1 3 1 0 3 3 -15 
-5 -8 -2 10 3 1 -6 9 
12 -2 13 9 0 2 2 -11 
-15 13 5 -21 -4 1 3 -15 
3 -19 -32 -17 -7 -8 5 4 
4 10 -9 4 1 -1 -15 -18 
0 -7 21 -1 -3 -4 17 45 
-11 21 -35 6 2 4 4 -55 
-2 34 61 9 0 -2 -1 6 
1 -22 -48 -14 -6 -4 -26 0 
-3 -6 18 9 -2 -1 8 3 
4 -4 -19 -5 -4 -6 -19 3 
8 1 14 6 0 1 28 -7 
-28 10 19 10 4 5 -5 -24 
-6 -15 -22 -20 -9 -4 3 -8 
5 20 2 3 -1 -5 -15 12 
13 -6 -25 0 1 2 11 11 
-7 -7 1 -13 -4 -2 1 3 
-2 26 -11 -2 1 -1 -21 -16 
-12 -26 -6 1 2 0 5 10 
-14 -7 7 -4 -3 -4 -5 -19 
5 -12 -9 -9 -1 0 7 9 
-1 -10 -11 0 1 -2 -11 -5 
-10 5 -3 -3 -5 -4 -6 -16 
5 -13 -25 -11 -4 -2 4 21 
0 -7 4 -2 -3 -1 -1 -6 
14 -7 -10 2 0 -2 -5 -2 
-16 3 23 -6 1 0 11 4 
-11 -6 -36 -1 -1 -4 -14 -30 
20 11 27 -3 -3 -4 2 28 
-21 -11 -15 1 -2 -6 -15 -38 
12 -19 15 2 2 7 15 54 
22 13 0 14 -1 2 -8 -2 
-39 -28 -24 -14 -4 -4 1 -17 
15 32 51 9 0 0 3 8 
-9 -12 -27 1 1 0 -7 4 
-15 -2 15 -3 3 4 9 -33 
23 -1 -11 -4 0 -3 -8 40 
-12 0 13 2 -3 -2 -4 -56 
5 3 -12 -8 -2 0 -3 -8 
-12 3 40 7 4 2 0 0 
3 11 -25 -1 1 1 6 32 
0 17 -16 -11 0 -1 -5 -36 
5 -2 18 0 0 -1 3 -2 
15 14 -25 5 0 -2 -6 18 
-9 -11 -6 -5 -7 -3 2 -18 
-8 -4 11 8 2 -2 -8 44 
40 17 -4 5 1 1 12 -23 
-44 -4 -19 -21 -9 -6 -2 7 
11 11 -5 9 1 -2 6 30 
-4 -6 0 -10 -6 -2 -7 -34 
-17 2 30 8 -1 -4 -6 -8 
28 0 -9 1 -2 -3 10 12 
-16 18 3 -11 0 1 -26 -14 
-3 -33 8 1 4 3 27 15 
4 -16 -21 -1 -6 -7 -7 -9 
-2 -7 21 4 -1 -3 -7 -7 
-5 -4 -21 9 -2 1 5 -6 
24 2 21 4 1 0 -6 15 
-11 7 -23 -15 -4 -4 -6 -3 
11 -3 27 13 6 5 8 14 
2 22 13 6 1 -1 -2 -13 
-18 -27 -41 -5 0 -1 -4 14 
11 -5 -2 -11 1 1 -3 -15 
-24 -18 -11 1 -3 -4 -10 12 
-3 -1 35 -18 -5 -3 7 -35 
13 -4 -28 13 -2 -1 -17 -10 
-17 -2 2 -13 -2 -3 -18 12 
4 -6 -5 2 -2 0 14 18 
10 -7 -1 12 2 0 -25 -25 
1 -2 11 -17 -8 -2 38 24 
7 -1 -18 -2 -8 -6 -3 27 
-6 -2 10 0 3 1 -14 -45 
16 8 6 8 1 -1 5 9 
-29 -11 -21 -9 1 -1 -8 -2 
9 6 26 8 0 0 9 37 
-20 3 -5 -12 -4 -1 10 -30 
-6 -42 -44 -14 -6 -4 4 -3 
-14 12 20 11 3 4 -13 5 
14 -20 17 3 1 -2 19 32 
2 11 -1 3 3 1 -10 0 
9 0 10 10 0 0 6 10 
-1 2 -13 -13 -5 0 15 5 
-20 1 10 21 3 1 32 -6 
8 3 -5 -10 -2 -2 -16 -13 
0 -3 -19 -10 -4 -3 1 24 
17 1 -2 -5 -2 -4 -44 2 
-33 -10 3 -6 -3 3 14 2 
27 13 -1 -16 -2 1 -7 -37 
-42 1 35 27 1 -3 -33 -21 
22 -14 -43 -14 -3 -3 -29 -48 
-1 15 6 0 -3 -3 18 5 
-6 -27 -46 0 -5 -4 38 65 
-14 -30 4 -25 -2 -2 -13 -11 
21 9 12 5 0 -2 -45 13 
-16 3 2 -5 4 7 -15 -27 
38 26 -6 -7 -11 -6 30 30 
-29 -11 -10 1 1 -2 -11 -29 
-15 -19 29 5 -1 2 51 39 
8 22 -3 2 4 0 15 -6 
-23 18 52 15 1 2 0 24 
36 -4 -20 -10 -4 0 1 -1 
-14 11 1 -2 6 3 -4 -10 
20 0 -13 -1 -6 -9 -30 7 
-8 -27 14 -13 1 4 24 -4 
16 40 -13 20 7 6 77 25 
-4 -9 13 -1 -7 -7 10 10 
4 28 63 4 0 -2 -13 -8 
-7 0 -48 13 -4 -7 -38 -30 
-5 -14 -32 -40 -4 -3 -46 -19 
-13 6 -9 22 6 7 -15 -4 
43 2 2 -21 -1 0 26 -8 
-50 -33 -49 -8 -1 0 -14 -42 
-7 25 44 21 3 0 0 -2 
15 15 1 8 -4 -5 3 -3 
20 9 -29 -2 -2 -2 -39 -5 
19 -1 8 10 5 2 -12 8 
8 14 -40 -30 -11 -3 11 15 
2 14 72 -15 2 -4 12 -8 
-29 -45 -14 -9 -10 -7 -13 9 
16 14 -33 11 2 -2 4 -19 
-12 6 -43 4 2 4 -4 5 
9 -19 3 19 0 -2 19 -7 
5 26 31 -20 -1 -2 -20 -4 
-1 24 54 17 9 6 -2 32 
-2 -29 -32 -9 -16 -20 -53 -49 
29 18 -32 -20 2 7 8 34 
-53 -59 1 9 1 3 39 -24 
6 38 44 0 4 4 -11 -12 
3 -15 -9 -21 -5 -7 -5 12 
4 52 -19 18 -1 0 -2 -15 
1 -7 17 16 3 1 -7 -5 
5 -3 92 -23 -9 -5 -20 16 
8 -3 -40 7 1 6 20 39 
-3 -40 -35 -13 -4 -5 -4 -58 
-1 22 -12 22 3 3 -11 -4 
-19 -42 -63 -11 -10 -7 -4 -10 
9 40 60 1 -1 0 14 -5 
-24 -31 28 -3 -6 -7 0 20 
-13 11 -91 -43 -14 -7 -28 -18 
25 15 13 13 9 6 6 -63 
17 19 25 17 4 1 39 45 
-49 -71 -43 4 -3 -8 -9 -10 
6 84 64 25 6 3 -1 -1 
18 -4 -51 -45 -6 -1 0 24 
16 0 18 2 1 3 22 -11 
-2 -1 2 0 -2 -5 9 -29 
-11 -30 -84 -11 -7 -7 -8 19 
-20 -69 22 7 -2 -6 -13 2 
-6 4 -3 8 6 11 10 -1 
1 9 -3 -6 -3 2 -20 12 
11 -17 2 3 -4 -8 6 7 
14 47 6 9 4 4 -11 58 
-18 -66 -14 3 -1 -9 -16 -95 
-22 39 36 -13 -8 1 2 7 
13 6 15 19 1 3 -14 13 
1 -4 -49 -32 -9 -1 23 26 
11 17 53 20 6 0 -22 9 
25 30 -17 -1 2 3 53 -2 
-5 -12 6 4 -1 -3 -10 6 
-23 -11 -20 17 3 0 1 -12 
-7 -25 -3 -16 1 3 14 31 
19 8 52 12 3 5 -20 -4 
-3 -35 -11 -10 -4 -4 -3 -31 
-13 -7 -14 4 0 -4 9 18 
-10 -22 -5 -5 -6 -6 -27 -18 
1 -27 -22 7 4 -1 -18 44 
2 26 59 -12 -6 1 35 -9 
4 -1 8 14 2 -2 -36 -51 
-1 -1 4 -1 0 6 25 25 
8 -13 -17 -23 -4 -11 3 35 
-29 6 9 16 9 5 3 -21 
-21 -38 -26 -26 -15 -12 -11 -19 
-5 33 8 21 3 6 17 8 
13 3 12 -13 -7 -3 30 7 
6 -16 -63 -9 -8 -4 -12 -12 
24 90 31 -1 2 3 -4 17 
-16 -46 -38 -14 -9 -7 -23 -12 
-37 14 -14 -9 -2 1 -6 -26 
30 11 71 9 9 3 -25 73 
9 -4 -28 -11 -5 4 78 -17 
11 15 11 30 3 -2 -14 -8 
12 52 33 -1 -1 3 21 18 
-42 -53 -50 -5 2 3 28 8 
23 1 7 9 4 5 4 13 
-30 -6 40 -14 -2 -9 -9 -26 
-23 -5 -66 29 -1 2 12 8 
14 5 -8 -21 1 -6 -57 -40 
-28 -44 -23 -9 -8 -11 -70 8 
34 41 29 -32 -4 2 43 2 
-22 -43 -42 -28 -4 0 -13 -39 
46 39 -21 -7 -3 6 -17 14 
-31 27 -1 -6 3 -2 -17 -6 
18 27 20 8 4 0 -15 14 
2 -42 -5 28 5 6 27 36 
-13 -20 -9 12 -5 -10 -28 -53 
22 6 27 -22 -5 -2 -27 -6 
-5 23 -50 9 0 8 77 31 
20 43 66 -6 4 -2 -6 6 
5 -34 -3 -41 -5 -1 25 -3 
-17 -24 -33 5 -1 -6 -12 -46 
-3 -2 46 53 0 -2 -38 -8 
10 -4 -14 14 3 2 -30 -58 
17 35 61 6 -4 -7 21 52 
-55 -44 -34 -8 1 2 15 -3 
-16 -31 -69 -23 -8 -11 -13 11 
2 -7 -16 -35 -16 -8 -16 -10 
4 2 15 6 7 6 8 1 
9 21 41 44 6 2 18 6 
0 -40 -88 -7 -6 -4 -28 -13 
-1 55 95 15 3 -2 -10 -2 
-24 -51 -91 -1 5 1 -7 4 
33 70 39 7 -1 2 -5 -18 
-13 -76 -75 -9 1 -2 41 -14 
-33 11 -30 -35 -8 -14 -19 -29 
1 -11 -1 35 4 7 11 0 
-3 -8 -24 -2 -9 -3 11 16 
-17 8 49 -20 -5 -1 -15 -14 
42 -14 -61 -17 -10 -11 -23 10 
3 21 20 14 5 -1 2 0 
-21 -15 3 -8 1 5 13 23 
3 -15 29 -12 -12 -8 -22 -16 
3 -2 28 16 4 8 37 45 
2 34 -2 -6 -2 -2 -2 -31 
7 -34 33 17 2 -4 -21 -13 
3 -12 -30 -35 -1 6 -12 22 
8 26 9 20 8 3 -12 3 
-18 5 -39 -6 -7 -2 29 -53 
-12 -11 66 -1 1 0 -8 -25 
4 23 21 13 -1 -6 51 36 
-14 -116 -57 -1 -1 1 -29 -11 
-2 -3 29 -11 -4 -3 -16 25 
11 28 -18 2 -5 -4 8 16 
-18 2 14 7 6 -1 -31 -44 
7 -17 18 -2 -3 -5 -12 -5 
-15 2 15 -6 -11 3 11 39 
-18 -29 -43 -28 -3 -2 -1 -28 
18 33 3 15 6 -1 -31 12 
9 28 19 11 5 5 71 23 
-3 -21 56 16 15 5 -8 13 
-3 -24 -83 -4 -12 -1 6 5 
-10 -12 24 -8 3 0 -27 -1 
-10 0 -22 -3 -2 -4 10 -5 
-7 22 -24 -11 -8 -15 -37 -32 
8 -16 31 0 2 2 21 -24 
2 -24 22 11 0 1 10 13 
-13 -19 -19 -10 -2 5 -3 16 
8 11 -20 -23 -10 -16 -23 -2 
7 56 -19 -1 -3 -4 -16 17 
1 23 31 19 6 4 10 -11 
11 18 20 -2 -11 -4 -29 0 
7 -40 -24 11 2 0 -10 7 
-2 20 22 30 17 3 39 -10 
18 11 -29 -41 -12 -2 -24 -5 
-2 -4 -46 -7 -1 2 44 40 
-32 -2 52 -5 -4 -14 -25 -100 
2 -54 27 10 11 4 -6 23 
12 -5 -29 -7 -13 -3 -4 32 
-42 -8 -16 17 3 5 -24 -86 
-5 16 -28 -18 -4 3 30 60 
11 -20 -15 14 -5 -6 -3 10 
-31 34 -28 -21 4 6 -15 52 
25 12 4 0 -8 -12 -3 -34 
15 8 19 5 2 4 11 16 
6 -37 -26 -6 -7 -3 0 28 
-17 -17 30 18 1 -1 -11 -75 
0 14 -21 -28 -8 -4 -10 6 
-5 -63 -19 10 9 9 4 -11 
-15 -13 38 -35 -11 -1 8 50 
23 12 -66 15 1 -2 6 -9 
-10 -8 32 18 0 -10 -11 -40 
-47 -19 13 -13 -4 2 2 -46 
19 10 3 -7 3 2 13 7 
-31 -11 11 -8 -3 0 2 57 
52 -18 1 2 1 -5 16 29 
9 25 -44 -7 -5 -4 10 1 
8 32 29 -22 0 3 -11 -39 
-13 -1 -9 4 -1 -6 4 -26 
-25 -17 4 -10 -4 2 -5 -3 
-8 17 18 23 7 12 9 19 
-21 16 -12 3 -6 -14 -91 -33 
42 17 50 -5 0 2 15 8 
-13 -19 -18 -30 -8 -6 -32 7 
-25 2 -31 18 5 2 17 -12 
11 -3 45 6 8 8 -12 10 
-8 -14 -15 1 -4 -3 -25 -63 
-20 31 26 15 7 4 -26 -18 
25 21 7 -20 -12 -2 21 37 
6 0 -24 1 2 -2 5 -6 
-1 -24 -4 2 2 6 14 18 
-7 -19 -5 -1 -14 -3 14 13 
12 -4 -36 -9 -4 -10 -20 -18 
0 7 43 -9 -6 -2 11 32 
-6 -4 -54 15 -6 -3 7 -4 
-4 -1 41 5 7 1 -13 1 
14 -10 -8 15 1 -1 -2 18 
0 2 -5 -25 -14 -2 17 -6 
4 -1 15 4 1 -4 7 24 
9 16 -44 6 5 1 -3 0 
-6 -4 20 1 -2 0 2 -36 
7 -4 -4 -2 -3 -5 4 4 
0 -3 12 1 -8 -6 -8 -18 
2 -7 -11 -10 8 6 2 39 
16 15 21 1 3 1 4 10 
-9 -10 -48 2 -4 -5 -6 10 
4 7 15 4 1 -3 -3 -15 
18 -8 31 13 6 5 5 -34 
-39 -3 -28 2 -4 -2 -5 7 
-4 -32 -10 17 2 1 2 -8 
9 10 17 -27 -3 -1 11 45 
-12 -4 0 -7 -1 -2 -5 -27 
24 -5 -6 -22 -7 -3 -5 -13 
-20 -10 4 28 3 0 4 17 
-5 7 3 -1 0 1 1 -15 
6 5 -25 0 -1 0 -4 25 
-2 -2 18 -10 -4 -2 -2 0 
1 4 -5 11 0 0 5 -12 
-1 -4 -5 -6 8 1 -4 -22 
-15 16 5 6 -2 -2 -5 -11 
4 -12 19 -4 -5 -1 15 9 
-10 8 -58 -8 -1 -1 -16 5 
-4 -4 10 1 3 -3 2 -31 
-40 -8 0 -7 -9 -3 -5 16 
-1 -9 -70 -4 0 1 -3 -22 
9 33 51 5 2 -1 8 -35 
-2 -12 17 -10 -9 -4 -3 47 
-3 -15 -23 9 7 -4 -6 -36 
2 2 9 6 -6 -3 -2 27 
-2 6 -31 -29 2 1 -2 -7 
-6 -4 3 9 -2 0 -1 1 
6 3 -9 -3 0 2 7 4 
7 21 26 3 0 -1 -7 13 
1 -2 -6 24 -1 -3 -1 -8 
12 -12 -16 -16 -6 -4 0 36 
-2 7 20 -9 -6 -1 -2 -46 
12 -9 6 11 9 0 -6 6 
-16 0 30 -5 -2 1 4 -13 
6 4 -2 8 1 -1 -9 -4 
8 12 1 -3 -5 -1 20 35 
-4 2 18 -6 3 2 -25 0 
-1 8 -27 -6 -4 -8 4 4 
-2 -17 6 -1 -2 -1 -1 -25 
10 -11 5 -13 -1 -4 -18 21 
-20 -16 -11 4 3 -1 13 -20 
5 12 -22 -15 -13 0 -2 36 
3 1 -9 -16 -5 -5 -13 -34 
14 0 6 -2 4 1 -13 33 
-14 -1 -10 -10 -8 -6 8 -24 
-1 -12 -11 5 0 1 -14 -52 
-20 9 -37 9 3 -2 5 35 
7 12 51 -2 -5 -5 -6 0 
27 12 10 23 -1 1 -1 -17 
9 -17 -19 -32 -3 -3 12 18 
0 23 2 9 0 2 0 -3 
19 -10 -30 8 4 5 17 0 
-11 13 33 4 -2 -3 -6 36 
-1 -2 18 5 -2 -1 -9 -45 
5 -5 5 -2 0 2 0 2 
-14 -7 -16 -2 0 2 11 21 
-3 -12 -3 9 -1 0 11 -1 
-11 -18 1 -4 -4 -5 -14 13 
-9 -7 -6 1 -1 1 -17 -19 
-3 6 16 5 0 -3 3 -2 
22 -4 -28 -6 3 3 3 18 
-1 -5 -28 5 0 -2 5 7 
2 5 16 -5 2 1 6 6 
-6 -9 8 -3 -5 2 8 22 
28 -11 -9 -3 -4 -4 -15 -19 
-10 8 -10 3 -2 -5 12 -23 
-17 -21 22 -5 -2 -5 -8 -20 
-3 18 -11 -8 -2 0 -3 6 
1 1 -10 -10 4 -5 3 14 
-1 -8 -1 4 -11 -2 -7 -6 
-6 -18 -3 0 -5 -4 1 -7 
-5 -9 -1 1 0 -1 -4 -16 
-13 -7 -9 -1 2 4 -14 3 
9 3 4 4 0 0 47 42 
-10 -3 2 0 -2 -2 -4 4 
-4 -2 1 2 -1 -2 -1 6 
-2 21 9 -3 -1 1 -8 -21 
-1 -17 -28 -28 -3 -3 -14 -37 
-8 9 16 -3 -3 0 30 43 
2 -3 -44 -8 3 1 -5 -17 
-8 -34 36 5 -4 4 13 42 
-5 9 20 21 6 1 -19 -25 
0 21 11 0 1 -2 -11 -5 
-11 -15 -22 0 -1 -3 -2 -14 
2 9 -5 -9 -3 -7 0 -1 
4 1 -3 -2 1 2 -4 26 
-2 -14 -1 2 -2 -3 -7 -34 
38 32 15 8 -1 -1 -5 18 
-32 2 -5 1 -2 -1 2 8 
-8 -4 -8 -5 3 1 -3 -29 
11 10 -1 16 3 1 -14 -2 
-12 -16 -19 -23 -10 -7 1 -10 
6 -3 -2 -6 5 -4 -8 -8 
0 13 -1 -7 -11 1 -9 29 
3 -19 1 4 -1 -1 5 -3 
-1 4 6 8 4 6 0 -2 
-7 2 0 -11 -6 -4 -11 6 
-16 -4 10 13 1 -2 9 0 
17 -3 6 -3 1 0 -13 -38 
-29 -39 -2 -5 -7 -6 18 26 
0 19 -7 13 1 5 10 -31 
8 0 5 -27 -2 -1 -6 6 
0 3 11 -1 -5 -2 6 13 
-14 11 -13 -2 -2 -7 -14 -13 
21 9 12 -2 1 4 2 18 
-6 -12 2 27 6 -2 -7 -5 
-8 6 10 -17 -7 1 15 5 
-5 -5 -5 9 1 -7 -28 -26 
-12 5 2 -14 -8 -1 3 1 
24 19 22 17 4 8 14 28 
-7 21 -3 -3 0 -4 -4 -14 
14 11 22 1 -1 -1 4 15 
-3 -10 -31 -7 -6 -7 -11 -60 
-11 5 9 -9 1 -1 -23 -16 
29 -3 -29 11 0 4 21 87 
-37 -4 20 -3 0 -5 -9 -75 
-17 24 8 0 1 -1 -5 14 
36 -25 -26 -9 -6 -6 3 2 
-20 -17 1 2 -1 0 -5 -1 
12 4 2 1 1 4 -3 5 
3 -12 -19 -10 -5 -2 5 2 
-22 6 -1 13 0 -3 -2 8 
-5 -14 -13 -3 -1 -1 -11 -32 
15 -5 1 -10 -3 -1 4 19 
-14 -1 -19 -3 -1 -2 -10 -22 
-2 -33 -3 -25 -10 -7 0 13 
8 24 -3 0 -1 -1 9 -4 
-9 -7 -49 -2 -4 -6 -13 -9 
3 18 27 7 3 -3 2 29 
-2 1 11 3 1 2 4 -10 
-10 -11 23 5 5 2 8 9 
-7 1 8 1 -1 4 -4 -15 
32 6 19 3 -2 -1 2 25 
16 0 -12 2 1 -1 0 6 
-26 -12 -15 8 -2 -6 -16 -50 
-11 8 -2 -23 -3 2 7 20 
-3 -8 1 -10 -2 -2 3 11 
4 13 10 5 6 7 -6 -12 
15 14 -1 6 0 -2 3 4 
8 -5 5 10 1 -4 -15 15 
-13 -17 -17 -4 -5 0 13 -20 
-35 -5 -15 -5 -4 -7 -22 -1 
3 -11 -8 -12 -2 -2 -2 12 
16 -3 2 -4 -5 -2 17 -13 
7 -7 -19 5 4 1 -17 4 
1 17 20 -2 -1 0 5 -5 
-2 -4 -17 -5 0 -2 3 23 
-11 -2 7 5 1 -3 -11 -15 
-9 -7 -10 -3 -3 -2 -8 -35 
32 9 -9 -6 -2 -2 18 32 
-29 8 31 -2 -1 2 -2 3 
19 -1 -30 -5 -1 1 15 43 
-46 -54 -20 -9 -10 -12 -32 -86 
1 0 -9 -4 -4 -3 1 4 
42 37 33 7 10 4 1 19 
-27 -16 -16 0 -8 2 -1 -17 
3 -1 8 2 1 1 5 40 
-2 -8 -9 -1 -4 -3 -6 -20 
-2 7 2 9 -1 -1 14 9 
-8 -9 13 -16 -1 -5 -5 -53 
5 12 -4 2 2 2 11 45 
3 9 39 4 0 -2 -16 -3 
4 -2 -5 5 2 0 -7 -11 
22 17 22 16 4 2 3 30 
-30 -9 -24 -13 -5 1 13 -27 
18 22 -19 3 3 1 1 19 
-15 -33 44 -3 -4 -5 -12 -13 
7 3 -22 -14 -3 -2 -10 -16 
9 19 34 13 1 0 7 44 
-1 -14 -13 5 -3 -1 9 11 
-5 -12 -39 -6 -1 -1 -31 -61 
-7 -2 3 -4 -2 2 -3 23 
28 1 -4 5 2 2 19 6 
-2 39 29 12 5 2 10 38 
-4 -18 -25 -20 -9 -4 7 -9 
-14 -21 -19 -4 0 -5 -25 -37 
6 5 29 4 -3 -5 -16 1 
-32 -23 -12 0 -3 -4 -5 -9 
12 6 -2 -16 -3 1 22 -11 
-17 -3 10 9 -1 -5 -6 7 
-2 -4 6 -3 4 5 6 41 
-7 -14 -19 -3 0 3 1 -52 
2 13 20 9 -1 1 3 -3 
20 7 12 -6 -2 -2 6 61 
-3 -12 15 10 1 1 10 -80 
-26 -14 -25 -12 -6 -9 -19 -9 
5 0 1 -7 -1 -4 -14 9 
8 17 -19 -2 0 7 21 13 
-7 -7 -9 -9 -1 -3 -9 3 
12 -4 11 -1 -1 -2 9 24 
-6 -3 -5 -4 -4 -3 -13 -36 
4 -4 -5 6 2 1 19 20 
-13 7 -1 7 0 -1 10 -15 
2 -1 -12 -13 -3 1 -4 -6 
-18 -11 -14 -1 -5 -3 5 32 
18 4 17 4 0 -3 -14 -37 
7 17 -5 -5 1 4 1 12 
3 -5 3 2 -1 -3 -5 17 
-1 -11 -13 -4 1 1 1 -18 
-13 -24 -14 1 -2 0 10 -5 
-7 1 -17 -6 -4 -5 -9 6 
14 12 32 8 2 2 3 4 
-13 -3 -10 -5 -2 -4 -7 6 
-1 7 12 1 0 0 2 -9 
0 -6 -22 -7 -7 -8 -10 7 
-2 -2 21 -2 1 4 4 -8 
2 -4 -10 1 -1 -4 -6 14 
-5 -9 22 4 -2 -1 3 -22 
-1 9 -14 -3 -1 0 -6 22 
-3 -15 -15 -6 -4 -3 1 -27 
2 0 -3 5 2 1 1 1 
-4 -35 2 -2 -2 -1 11 31 
1 3 8 -1 -2 -7 -22 -41 
-12 -15 -5 -8 -5 -2 -2 8 
11 3 7 1 2 1 6 21 
-1 -1 -56 -4 -2 -2 -7 -4 
4 -17 13 -11 -3 -1 14 -8 
-1 14 6 7 0 -4 -3 -3 
1 3 18 4 0 1 -1 12 
-9 10 3 -2 -1 -1 -2 -14 
3 -16 -50 -3 -3 -3 -13 -12 
-1 0 25 -3 -1 3 2 16 
1 2 -6 2 -2 -2 2 1 
15 26 23 5 3 1 -3 5 
-18 -5 -7 -7 -5 -3 -3 35 
-7 -8 -7 -3 1 0 0 -33 
11 -2 8 6 -2 -1 9 17 
-20 6 5 -9 2 -2 -10 -46 
