#EMG
#4
#ID:4-56
14 14 6 2 -3 1 13 -5 
-12 0 3 -8 -2 0 1 -5 
3 -6 -11 4 -3 -5 -5 -14 
-23 -5 -3 4 3 2 0 -3 
51 -3 1 -9 -6 -4 -6 35 
-9 -8 -7 -12 -4 -4 -8 -37 
-30 1 -6 3 0 2 6 10 
21 7 0 -1 1 -2 -4 -6 
-9 -14 20 33 2 -1 -5 -35 
-2 3 -4 -45 -5 -1 -6 23 
-9 -16 -12 7 -4 -2 -1 -16 
21 11 18 -3 -1 2 -1 20 
-24 -4 1 -7 1 2 -2 -9 
36 29 0 4 -2 -4 2 22 
1 -16 1 7 1 0 0 -7 
-23 -4 -2 -9 -1 -2 -7 -16 
-6 4 -2 4 3 0 2 -10 
-2 -1 -1 -3 1 1 2 7 
2 2 12 5 -3 -3 -3 -12 
-20 -25 -35 -12 -5 -3 -7 -10 
-2 5 7 -3 4 -2 9 -8 
17 0 7 5 4 -1 0 2 
13 3 -5 -2 0 0 2 21 
-21 -2 9 4 1 2 6 -13 
5 -10 3 9 -4 -4 -11 2 
0 -4 -44 -21 -7 -1 -4 12 
6 2 11 2 0 -1 3 15 
-3 -3 -1 -9 -2 -1 4 -9 
2 3 2 8 -2 1 -7 0 
7 -2 18 21 4 1 5 25 
-44 -9 -15 -5 -2 -4 -6 -36 
37 7 2 -14 -4 -5 -1 7 
-25 -6 -18 -7 -1 -2 -5 -21 
-8 -4 23 11 0 -1 1 9 
31 17 3 -8 -2 0 1 18 
1 -12 6 8 0 -1 -5 -6 
10 -8 -2 -1 -1 1 4 10 
-12 6 -8 -5 -4 -4 -4 2 
-27 -9 -11 -13 0 1 -2 -57 
11 6 10 27 1 -2 0 17 
7 15 -6 -26 -6 -2 2 14 
-24 -2 3 11 -1 -3 -6 -47 
5 16 8 -2 -1 0 -3 20 
-4 -2 -9 -9 -4 -4 -4 7 
-7 -6 9 18 2 0 2 -19 
-4 -3 -19 -8 -2 0 3 29 
15 -9 3 2 -1 -4 -6 -5 
-5 -3 -7 -4 0 -1 -1 -25 
9 1 -14 -2 -1 -3 0 17 
-9 -2 8 8 2 3 -7 2 
12 -14 -4 -3 -5 -4 7 50 
-9 -9 -7 -7 0 0 -5 -60 
-10 -3 3 -1 -4 -4 -5 -10 
2 -9 0 4 2 -3 -7 -15 
1 -9 -16 -3 1 0 -1 12 
-2 2 15 22 2 1 4 -6 
14 -5 -18 -42 -10 -6 -9 18 
-3 -18 -7 -5 -2 -1 1 -27 
-3 0 6 5 -1 -3 -1 21 
8 9 4 0 1 1 -1 6 
6 -4 -5 14 1 3 4 -11 
-14 2 5 -2 -1 0 2 10 
8 -1 1 0 1 1 -2 -7 
-20 -8 -4 -6 -5 -3 -2 8 
-6 3 -7 12 3 0 -3 -14 
7 12 18 -3 -5 -4 -11 -16 
-17 -6 3 4 -1 -2 9 -2 
25 6 -1 -19 -2 -1 1 65 
-18 -11 -1 10 -3 -2 -4 -20 
7 -5 -13 -17 -3 -5 -7 -37 
3 5 6 7 3 4 4 -16 
-28 -1 -4 -8 0 -3 -6 0 
9 0 8 -8 -5 0 2 13 
28 1 -10 5 3 4 2 26 
-3 6 23 4 -2 1 0 -2 
-7 1 -11 -6 -2 1 -1 -41 
-7 -4 9 9 1 0 -4 1 
-8 -3 -9 -12 -2 -1 -2 -21 
1 -3 -5 -4 -2 -2 9 20 
5 1 -9 0 -6 -4 -5 13 
-29 -5 9 -2 2 1 5 1 
26 4 -1 0 -4 -4 -2 -23 
-18 -4 -4 1 -1 2 -8 -6 
11 3 -10 -3 -1 -1 -1 15 
-6 -10 -4 10 1 -1 7 -22 
13 -3 3 -23 -1 -1 -1 54 
-29 -6 -8 8 -6 -5 -10 -69 
-5 2 9 0 0 0 4 2 
20 -3 -24 -1 -1 -2 -5 11 
-39 7 8 18 0 1 6 -10 
26 -2 -15 -8 3 1 -4 21 
-12 7 6 -7 -1 -2 6 8 
7 5 5 -11 -5 -1 -11 -11 
-11 -12 -4 2 0 0 10 6 
-27 5 -7 -12 0 1 -2 3 
37 -15 -15 -6 -5 -5 -5 0 
19 1 11 7 2 0 -1 4 
-20 9 -6 -28 -4 3 11 -6 
-3 -1 -1 15 -3 -5 -11 5 
-5 27 6 9 5 4 6 13 
4 -14 5 -4 -4 -2 -12 11 
1 4 -8 12 -1 -2 9 -8 
14 -5 -4 -18 0 -1 1 -7 
-10 -5 7 14 -6 -1 -9 -1 
4 3 -4 0 2 -1 -3 1 
-21 -3 13 22 2 -2 -6 15 
-4 0 -10 -14 -5 -4 3 -45 
5 -3 8 -4 1 -2 -9 -11 
-3 -14 -18 -1 1 0 -12 -4 
-13 -19 -13 -9 -6 -5 3 3 
16 11 20 -4 -3 1 -1 23 
15 -3 -3 -4 -1 -2 19 10 
-32 1 21 1 -2 -2 -8 -20 
-14 -17 2 6 1 1 5 9 
10 -11 -15 10 1 -3 -14 -2 
-9 -1 -15 -40 -6 -3 1 -21 
15 11 -4 11 0 -4 -21 55 
-19 16 12 19 0 -2 46 -45 
-3 -41 -25 -15 -7 -7 -16 -1 
4 10 33 18 9 9 25 11 
5 33 15 -16 1 0 -5 6 
-12 -22 -30 -20 -7 -1 -20 -8 
-8 -4 -15 5 -6 -10 -36 -61 
-25 3 25 0 -3 -1 17 32 
-55 8 -23 4 4 3 14 -16 
49 -9 49 -9 -3 0 -11 -12 
5 67 -13 50 6 2 -10 45 
50 -7 35 -39 -7 0 -3 -15 
-20 -23 -9 33 2 2 32 -21 
-10 35 37 -59 -6 -8 -30 -12 
11 -5 15 42 -2 0 15 20 
10 10 -6 0 -2 -5 -22 0 
32 5 30 -1 1 2 8 12 
-5 44 -23 -6 6 3 5 16 
40 -9 -48 -19 -9 -4 0 -22 
-17 -18 5 22 -5 -3 -12 9 
17 5 -7 -26 -4 3 2 -13 
-3 -12 41 53 10 4 -7 7 
-22 41 13 -37 -6 0 14 28 
-34 22 -1 8 4 2 13 -8 
-8 -58 -27 -20 -14 -13 -19 -43 
14 -29 -55 4 -5 -4 -16 17 
3 5 20 -13 9 9 29 1 
9 -10 -6 16 -3 -1 -18 -14 
0 -7 -1 -9 -2 -4 19 27 
-3 -7 -6 13 -1 -6 -6 -7 
-7 -22 4 -6 -1 -1 6 42 
0 -25 -4 6 -3 -7 -18 -35 
-19 -1 -34 -18 -7 -5 -8 -48 
42 13 -6 -4 2 5 2 16 
-12 -12 7 10 1 1 10 10 
-19 -25 -1 -4 7 4 -25 -16 
17 16 19 18 -4 -7 25 27 
9 -3 -14 -3 -6 -6 15 19 
-68 -23 9 -21 -4 -7 -17 -47 
-14 -16 -65 -5 -5 -6 -16 -24 
10 18 33 7 6 6 14 10 
-4 -9 -72 -7 -3 -1 -19 -8 
28 8 66 3 1 3 7 12 
-10 10 -29 -5 0 2 10 7 
-6 -2 0 10 -2 -8 -24 31 
-3 4 44 9 9 6 -4 -47 
17 -14 -21 9 -2 -2 4 2 
-9 -5 -3 3 3 2 -10 -5 
19 -6 -9 -15 -5 -1 4 25 
-14 0 13 3 0 0 6 7 
-5 -27 -36 -18 -2 -4 -8 -14 
-13 -48 -40 -15 -9 -8 -7 -6 
-39 -2 -39 -3 7 7 5 -35 
15 11 42 2 0 0 1 18 
3 -1 -12 41 11 -1 -10 13 
23 9 27 -23 -17 -2 14 -8 
-38 3 42 29 6 4 -13 -32 
4 -31 -79 -11 -9 -9 -4 -4 
5 52 -33 -20 7 6 7 17 
25 16 40 -8 9 4 12 2 
21 -45 -44 3 -16 -9 -10 1 
-13 53 62 -20 6 1 -8 -35 
12 -16 -13 42 -5 -2 0 5 
-14 -6 -39 -17 -2 0 5 34 
6 21 33 -19 3 4 -10 -3 
-7 -33 -34 28 1 -4 5 -9 
10 0 21 -26 1 3 4 3 
-4 19 13 30 6 -1 -16 -37 
-28 -19 -13 21 -5 -9 -36 25 
-12 5 -7 -40 -5 0 28 58 
-9 4 22 -8 0 5 0 -32 
-10 3 2 16 -2 -2 -17 -48 
-23 3 11 -26 -3 0 32 -1 
38 -14 10 2 -7 -7 -26 61 
10 9 9 11 -4 -4 -13 -15 
3 -6 -16 -14 3 7 9 21 
11 33 -9 8 6 -5 9 -30 
20 -8 -4 -4 -11 1 -25 -3 
-45 -20 -10 -30 -2 -5 12 12 
24 -5 3 20 -2 0 19 29 
-33 8 15 -15 3 -1 -7 -13 
17 3 -15 16 -1 -3 -3 -14 
45 4 0 -20 -3 1 3 39 
-8 37 -9 1 -7 -12 -11 4 
-9 7 -8 -18 -3 1 -13 -35 
-26 -7 -2 28 2 -1 -28 -4 
14 4 5 16 0 3 54 35 
27 -2 -2 -18 -8 -11 -10 -1 
13 -8 -21 -11 1 5 6 -2 
-15 15 2 21 2 -3 -22 -10 
-32 -36 12 -10 -5 0 -16 -30 
17 21 -25 -12 -1 7 40 38 
15 -16 44 40 1 -10 -26 -17 
8 8 -15 6 3 2 21 24 
-25 -25 38 8 -4 -6 -30 -47 
-33 -28 -33 -14 4 5 50 28 
22 -1 -73 -17 -8 -5 -6 42 
-20 15 48 -11 1 0 -14 -85 
28 -49 -7 -1 -2 -5 -26 -15 
3 -7 -24 12 4 2 -29 -4 
11 -29 14 -7 -1 5 24 2 
-17 5 -3 -12 -8 -10 -29 -21 
16 -4 -4 -1 -6 -2 22 58 
-36 -7 6 25 4 0 18 -68 
-4 24 67 -7 -3 -6 -14 -4 
17 -16 -18 -3 -4 5 37 42 
-23 18 -14 0 1 0 -20 -42 
-14 -34 38 -8 -8 -5 -22 13 
17 47 3 19 5 3 16 14 
7 -9 -33 -24 3 3 4 -18 
-7 10 -7 11 -9 -9 -37 -14 
-5 13 24 -12 3 7 35 35 
-6 -22 44 25 11 0 -10 -12 
-18 -30 17 -24 -25 -12 -4 8 
4 6 -29 -9 3 6 11 1 
-13 -15 -10 -6 -1 -13 -37 -42 
8 8 0 1 4 17 27 7 
-19 10 13 1 -1 -17 -4 10 
10 5 7 -13 -2 -2 17 36 
14 -23 1 0 -10 -6 -24 -38 
-1 10 -15 -3 6 16 5 29 
-3 -2 -18 17 7 -4 6 -31 
1 25 32 -26 4 -5 -15 -31 
5 7 -13 11 -4 0 0 46 
26 18 5 2 -7 -10 -10 4 
9 -19 -2 3 9 15 24 23 
-22 4 -28 -28 -4 0 2 -24 
-5 -26 -1 29 -12 -9 -10 12 
1 -9 -8 -10 -6 -5 6 9 
-17 12 1 2 2 1 -1 -12 
12 1 -4 -6 5 -1 -1 -19 
-5 3 -23 -8 -8 -4 -8 9 
-2 -3 -25 -42 -4 -1 0 -14 
15 -6 7 14 2 2 2 31 
-48 24 -7 -6 -2 0 -7 -61 
39 13 -5 12 9 -1 1 6 
-27 -30 12 7 -3 -6 -6 -16 
28 16 39 -1 9 10 7 33 
-19 -33 -17 43 -6 -5 2 -42 
-32 28 30 -17 3 2 2 9 
5 -1 -22 -14 -4 -8 -11 -13 
-14 -13 -7 20 4 3 -3 -23 
8 6 3 -3 -6 -4 2 44 
17 4 -4 -5 2 -1 1 55 
7 -4 -7 3 -4 -2 -11 -48 
3 -8 -16 -15 -9 -3 2 -36 
28 19 30 16 3 0 0 58 
-47 -2 -21 -32 -3 1 0 -45 
27 4 -9 -15 -6 -5 -9 50 
-9 16 4 19 3 1 1 -13 
8 -19 -18 -13 -5 0 1 30 
2 -3 8 19 5 -1 -2 -52 
-41 0 13 6 -3 -2 -20 -31 
7 -2 -15 -10 -1 0 38 31 
-5 14 46 2 0 0 -6 -12 
5 -23 -31 -1 -4 -5 -4 13 
11 2 -4 -8 -4 -6 3 19 
-23 2 -9 -5 -1 0 -13 -17 
25 -7 -19 -3 -3 -2 6 12 
-1 -6 4 -1 -1 1 -1 -3 
7 -11 -3 -4 1 1 3 9 
-4 -5 0 -3 -5 -5 -4 -2 
-14 -24 -22 -7 -7 -2 0 11 
1 7 -5 -7 1 -1 -10 -25 
-13 -5 -12 1 -2 0 7 8 
16 -3 10 -15 -6 -5 -6 33 
-14 -5 -21 -2 -2 -1 -5 -54 
21 9 21 7 0 0 -4 10 
7 -14 -2 13 6 -1 9 40 
-27 5 7 1 -6 0 -9 -91 
-3 -4 -17 -2 1 2 3 22 
-5 -12 2 2 2 1 -1 -5 
29 17 18 -2 -2 3 6 10 
-25 -3 -25 -7 -3 -4 -6 -15 
-1 -4 -27 -2 3 0 2 16 
0 4 15 3 3 -1 0 -18 
-4 4 -2 6 -7 -5 -2 -5 
17 -5 5 0 2 0 0 36 
-14 -1 13 1 0 1 2 -20 
8 1 0 -4 -2 -1 0 22 
0 15 -12 -5 0 1 -1 -10 
-20 -2 -3 6 0 1 -2 -20 
19 8 -8 -3 -2 -2 -3 11 
5 -2 17 -5 0 -1 -4 -3 
-14 -20 -13 -3 -1 -1 -1 1 
26 6 13 3 0 0 -1 8 
-36 -13 -20 -9 -4 -2 4 7 
24 10 22 10 -2 -2 -2 32 
-24 -14 -28 -6 -4 -3 -8 -63 
-3 7 7 8 2 1 -3 8 
-3 1 13 -6 2 2 -1 2 
-7 -4 -8 -7 -4 -1 5 28 
-17 -10 0 4 0 -3 -5 -21 
3 -5 -11 -5 -1 -5 -2 24 
4 11 9 3 -3 -3 -1 -8 
-14 2 -4 1 0 2 3 -3 
15 -7 4 0 2 1 2 13 
6 12 7 4 1 2 3 13 
-30 -4 19 -3 -3 -3 -8 -37 
9 23 8 4 6 5 3 -21 
1 -8 -5 -6 -8 -7 -5 9 
3 -8 -3 -3 -3 -2 -3 5 
6 5 8 3 0 -2 -1 -2 
3 -5 -4 7 -3 -2 -4 -4 
-13 6 -1 -7 1 -1 1 1 
12 3 4 -6 -1 0 -2 43 
4 2 -24 4 1 0 -1 -62 
-5 -11 15 -8 0 -2 -6 -1 
-15 -7 -9 0 -3 -3 -3 8 
2 -2 -9 -5 -3 -3 0 27 
-28 -3 2 -7 -6 -4 -4 -14 
-1 0 -1 0 2 -1 0 -2 
12 0 1 6 2 3 2 0 
1 0 7 -15 -5 -4 -2 -18 
7 1 6 8 0 0 -2 19 
7 4 -14 -9 -5 -3 1 -5 
-17 -9 -8 -7 -5 -3 0 10 
-5 -1 9 0 0 -2 -3 -26 
11 0 -16 0 -3 -3 2 18 
-8 -22 7 2 1 0 -1 -6 
7 11 1 4 4 8 5 6 
-13 -18 -13 -3 0 2 -2 -25 
19 2 15 6 -3 -2 -2 29 
11 12 -23 -8 1 -1 -2 21 
-9 -21 5 -2 -2 -4 -1 -34 
-4 0 -6 5 0 -2 -1 -18 
-3 -5 14 -4 2 0 1 9 
1 -5 -4 4 -2 -3 -1 -10 
-3 17 4 -4 -2 -1 -2 6 
-2 -1 -6 -4 -1 -3 -4 0 
2 -16 3 5 0 1 0 5 
-21 5 7 -7 0 2 3 -6 
23 0 -8 -5 -4 -3 -4 23 
-13 -4 6 -1 -2 -1 -3 -15 
11 -1 -50 -9 -6 -5 -1 16 
-29 0 12 3 -6 -6 -6 -19 
6 14 -11 1 -2 -2 0 -8 
-10 -4 17 0 0 0 -3 -5 
10 3 15 -3 2 2 2 11 
5 4 -11 -2 0 1 1 -7 
-5 3 17 6 4 2 3 0 
18 -5 -6 2 -3 -3 -3 13 
-10 1 -5 -9 -3 -4 -5 -39 
13 2 -2 -3 -3 -3 -3 15 
-4 7 15 6 1 2 0 -3 
9 -4 -18 -5 2 0 5 30 
3 10 12 8 2 0 0 -33 
-39 -16 -2 -1 -2 -3 -6 -34 
2 -8 -19 -2 -2 -3 -2 32 
-6 -1 6 0 -4 -1 -2 -36 
1 -5 -10 -4 -4 -5 -4 11 
3 1 8 1 -1 -1 0 9 
0 -2 -4 -2 0 -1 -2 -3 
-4 29 16 3 3 4 1 1 
2 -15 -2 2 -1 1 2 22 
2 -2 22 -3 0 -4 -3 -33 
-9 -4 -63 -35 -11 -9 -11 -8 
2 -15 2 8 -5 -6 -2 4 
4 9 4 -1 1 1 -1 3 
10 2 -3 5 2 0 1 14 
-13 4 13 6 2 2 0 -11 
-4 -13 -8 -6 2 1 1 -4 
3 2 3 6 4 1 3 15 
-2 -13 -23 -9 -9 -4 -3 -11 
-4 -2 9 -4 -6 -6 -3 14 
-23 -7 -18 -7 -1 -1 -2 -52 
-13 -2 19 10 2 1 2 -2 
6 4 -14 -3 3 2 0 13 
11 1 3 -3 -3 -4 -3 -3 
2 21 -11 1 0 1 3 5 
8 7 5 -7 -3 0 -1 22 
-6 3 16 2 2 4 3 -6 
-15 -11 -30 -4 -4 -2 -7 29 
45 11 3 -8 -5 -8 4 -28 
-10 -11 -4 -2 -1 -2 -5 -18 
3 -2 -1 -2 0 -1 0 21 
-3 2 27 13 7 4 5 -3 
6 -7 -3 1 2 3 -1 19 
-7 7 2 1 -1 0 -1 5 
-11 -12 -10 -3 -3 -2 -3 -2 
53 15 14 3 3 1 5 -9 
-59 -47 -8 5 -7 -8 -9 12 
13 -2 0 -4 -2 -2 -2 -15 
-4 1 5 5 1 -1 -1 18 
-7 4 3 5 2 3 1 -21 
21 18 5 2 3 6 4 26 
-1 -7 24 -2 -3 -3 -1 9 
-7 -2 -37 -16 -6 -4 -4 -16 
-1 2 -3 -5 -1 -2 -4 -10 
-6 -7 7 1 -1 1 -2 -5 
-6 -2 -10 2 1 1 -1 5 
7 9 11 6 1 -5 -4 -9 
3 10 15 13 -1 -1 -1 -12 
8 6 -3 -20 -5 -2 -1 36 
-28 -2 -16 -11 -8 -6 -3 -39 
2 -13 -8 -1 0 1 0 -5 
-7 -7 4 4 2 -1 3 5 
-5 8 10 12 4 1 -3 -9 
13 -6 -12 -2 -1 0 -1 18 
-20 -13 10 2 2 1 -2 24 
53 -11 -15 -12 -5 -3 2 -22 
-51 -5 9 -6 -4 -1 0 -24 
10 2 -16 6 -1 -3 -5 -4 
-12 0 6 -8 -5 -3 -3 -13 
-2 2 8 6 4 0 2 19 
13 9 -15 -5 -2 -1 2 25 
2 20 14 -3 -1 -1 -3 -33 
-1 -5 -7 7 -1 0 0 -3 
-21 -11 4 -8 -3 -3 -5 12 
9 -1 -6 -1 -4 -3 -2 -7 
-17 1 -3 1 1 0 1 4 
29 19 13 2 1 2 4 2 
-24 -25 -21 -11 0 1 -2 -11 
-2 -5 -13 -1 -7 -7 -8 -19 
7 -19 -5 3 -1 -2 3 11 
3 0 6 -4 -5 -2 -1 -2 
-6 4 7 3 -1 1 1 9 
6 5 14 5 6 3 0 0 
1 -10 -23 -4 -2 -2 -2 6 
9 8 13 7 0 -1 0 21 
-34 -9 24 0 0 -1 -3 -32 
9 -9 -30 -8 -3 -3 -2 2 
6 2 13 -14 -7 -4 -4 1 
-9 -14 -13 -2 -4 -2 0 7 
5 16 -9 5 -1 -2 -2 6 
0 3 13 7 4 4 0 -9 
9 3 7 6 3 2 1 15 
-5 -9 -14 -9 -3 -3 -4 -13 
8 0 -13 -1 -3 -4 -6 9 
-16 2 4 -1 -3 -3 -1 -15 
1 0 -18 -8 0 2 1 28 
-2 6 2 0 1 -2 -3 -39 
-4 -6 -1 2 -1 -1 0 -20 
9 0 -2 -5 0 0 1 24 
2 -6 3 5 0 -2 -2 11 
-2 -4 -2 -4 -3 -3 -3 -6 
0 11 22 0 -2 -2 -1 -5 
-1 -14 -28 1 2 1 3 23 
-8 13 20 3 3 2 0 -35 
-19 -9 7 -2 -4 -1 -5 -16 
-10 -19 -30 -10 -1 -2 -1 1 
-2 1 5 -11 -5 -2 0 -3 
1 -10 -15 -2 0 -1 0 2 
6 8 -8 5 0 -2 -3 3 
5 -5 -3 -2 -2 0 -1 6 
10 24 13 4 2 0 0 -7 
-23 -11 -28 -4 -2 -4 -1 -4 
23 6 24 -2 -2 -1 -1 24 
-32 -11 5 3 -1 1 -2 -17 
33 2 -1 5 -2 0 -1 9 
-2 1 -5 -6 -2 -1 -3 -5 
-4 -3 -10 -1 0 -1 -1 8 
-3 0 4 -2 -3 -3 3 -2 
-8 12 9 1 -1 -2 -5 -7 
6 -3 -8 2 0 0 0 -2 
-16 -19 4 -1 -2 -2 -5 -17 
16 9 -5 -5 -2 2 0 16 
-10 -2 -10 1 -5 -1 -2 -11 
9 -16 6 0 0 -3 -3 13 
-5 3 -2 -2 -1 -3 -4 -31 
11 7 3 0 -3 -3 0 3 
-12 -7 5 -4 0 -1 0 -10 
3 -1 3 1 -1 2 2 35 
-1 -1 -19 -8 -3 -3 -3 -47 
6 -12 -5 -2 -2 -2 -2 8 
0 2 5 -1 2 -1 -1 -5 
3 3 4 -5 -2 -2 -5 -17 
-3 15 -4 2 0 -4 0 23 
-1 1 -5 -5 -2 -1 -1 -6 
3 -2 -3 0 -3 -1 0 8 
-2 -5 8 3 0 2 -1 -8 
8 8 3 -2 -1 1 6 26 
-7 -1 -2 3 -2 -2 -3 -20 
-5 4 0 1 -1 0 -1 13 
-10 -19 -15 -3 -3 -5 -7 -30 
-2 -10 -8 -4 -2 -1 0 15 
2 11 16 4 0 0 -1 7 
-7 -14 -5 -1 -4 -2 -1 -16 
4 6 3 -8 -3 -2 0 17 
-5 -10 -2 8 0 0 -1 -18 
-3 13 -23 -4 0 0 3 -1 
-10 -26 -10 -2 0 0 -2 -5 
8 19 21 2 -2 0 1 1 
-9 -8 -3 -2 -1 1 2 28 
-12 -1 7 4 1 1 -4 -38 
3 -15 -11 -3 -6 -4 -5 0 
8 -3 -3 -6 -3 -1 2 20 
-17 -2 5 0 2 -1 -3 -18 
25 -4 -11 -4 -2 -2 0 7 
-1 3 0 2 -1 -2 -3 -5 
-26 5 2 0 0 0 -2 -14 
2 15 -8 1 1 2 2 3 
-10 -15 22 -5 -1 -2 -3 8 
17 3 -16 -10 1 0 4 15 
-17 -1 -5 0 -5 -5 -7 -20 
14 -16 -16 -4 -5 -5 -4 -2 
-1 2 8 0 -1 2 0 14 
-2 4 11 1 -1 -1 -4 -17 
-6 5 -3 0 1 -1 -1 -11 
7 -8 11 0 4 4 4 7 
1 -3 15 7 0 1 1 11 
1 -6 -37 -9 -5 -4 -1 5 
-20 -10 -10 -10 -2 -2 -6 -29 
10 11 7 4 -2 -2 1 8 
14 6 -2 0 -2 -1 -1 0 
-20 1 16 1 2 2 0 -1 
14 -6 -7 2 -2 -3 -1 3 
1 7 0 -5 -4 -3 -2 3 
-5 -3 -6 -2 -1 -2 -2 -3 
9 15 11 5 1 0 3 20 
1 -7 -11 -2 -1 0 -6 -37 
-14 4 1 -3 -1 -2 3 13 
-4 -5 -4 -7 -3 -3 -2 -2 
-20 -5 -10 -3 -3 -3 -4 -7 
13 5 11 2 -1 -2 0 5 
-7 -7 -9 3 0 1 -2 -5 
9 6 -5 -2 -1 -1 -3 1 
1 0 13 4 2 3 4 4 
-10 -6 -13 -6 -3 -3 -1 1 
3 3 11 -2 -1 1 -2 -5 
-9 0 -8 6 -2 0 0 5 
7 -4 -5 -8 -4 -3 -5 -22 
-1 -11 -5 -5 -4 -4 1 12 
-25 -2 1 -2 0 -1 -4 -10 
2 2 3 1 2 -1 0 2 
-1 -5 0 1 -1 -1 -1 -1 
3 -4 9 7 1 1 2 21 
2 -9 -21 -4 -4 -3 -5 -28 
-7 -9 -8 -6 -3 -1 0 -2 
-8 2 8 -1 -5 -6 -4 7 
-4 -9 1 -1 0 -3 -1 -20 
9 15 1 -1 0 -1 -2 13 
-6 -11 -8 -4 1 0 0 -3 
-9 -8 -6 4 -2 -3 -6 -22 
7 12 2 -1 0 1 -1 18 
4 -7 -8 -1 -2 -1 -3 3 
-3 5 12 2 -2 -3 2 -9 
-1 -4 -18 -6 -3 -3 -3 5 
-4 3 4 1 0 1 0 2 
20 3 2 6 4 3 2 -4 
-40 -7 -22 -14 -8 -6 -5 42 
13 3 5 8 -2 -3 -6 -64 
-38 -6 -5 -1 -4 -3 -1 -11 
0 -5 -6 -10 -5 -4 1 9 
19 2 11 7 1 1 0 -2 
4 13 6 0 1 -1 1 15 
7 15 5 3 1 -2 -1 8 
-1 -11 -6 -1 -2 1 2 -5 
-7 -8 -3 -3 -1 -3 -2 -9 
-7 1 -6 -2 -3 -3 0 1 
23 12 10 1 0 -2 -1 17 
0 7 -7 -9 -4 -3 -2 5 
-1 2 12 1 -2 -3 -3 -19 
-5 -7 1 0 2 3 0 0 
1 -3 0 -3 -1 1 1 -5 
-4 -1 -4 2 -1 -1 -1 6 
2 -5 -27 -2 0 0 -1 -6 
2 7 19 0 -1 1 2 6 
17 -7 -10 -6 0 1 -1 -4 
-43 -18 -6 -7 -8 -6 -1 33 
19 4 -2 1 0 -1 -3 -42 
-25 -6 -6 -5 -1 2 2 10 
39 26 5 2 -2 -2 1 4 
-6 -6 4 1 2 2 2 15 
4 6 -2 -2 -3 -5 -3 -17 
-6 -9 -3 1 0 1 2 2 
-3 -4 -8 0 0 -2 -1 4 
12 1 15 -1 -3 -1 0 8 
-8 -3 8 6 3 -1 -2 -7 
10 0 -14 -3 1 3 -1 6 
-20 -12 5 -3 -4 -3 -2 -9 
5 -6 1 7 1 -3 -4 1 
-8 11 3 -6 -4 -5 3 6 
3 -4 0 0 -1 -1 0 -2 
3 -16 -16 -6 -5 -4 -2 35 
-10 21 -3 -2 -1 -1 -6 -66 
-12 6 11 4 1 2 2 17 
38 -4 -17 -6 -5 -4 -4 -8 
-28 -5 -2 -10 -2 0 -1 12 
16 -1 0 5 -1 -1 2 -1 
-2 -11 -11 -6 -3 -1 -7 0 
-3 5 11 -1 0 -1 2 12 
9 -7 -1 5 1 1 -2 -13 
-8 -6 1 -8 -3 -2 -1 0 
