#EMG
#9
#ID:9-72
3 13 9 8 0 -2 -3 -18 
-2 -14 -21 -21 -7 -2 -10 -10 
-6 10 19 14 0 1 7 -5 
17 -7 -35 -20 -5 -7 -67 23 
-37 -4 12 1 -2 -2 50 -5 
8 0 21 20 3 4 6 5 
-9 1 -9 -8 1 -1 -13 -21 
15 -3 -25 9 -2 1 -2 1 
11 4 53 7 -1 -5 -18 22 
-18 -14 -51 -19 -3 -1 10 -10 
-6 -2 -11 2 -5 -7 -6 -32 
-3 7 8 -1 3 3 21 18 
10 20 4 2 4 1 -12 -20 
-8 1 12 22 2 1 6 14 
-12 -9 1 -22 -3 -5 -21 -17 
2 -5 -30 -31 -9 -4 12 5 
12 18 -16 11 2 1 0 1 
14 4 49 5 3 -2 -17 3 
26 0 -29 -5 2 -1 12 2 
-75 -20 21 3 -6 -2 -13 -29 
-7 -11 -26 -13 -1 3 6 28 
14 15 12 2 -4 -6 -16 -23 
14 -1 -1 7 -2 1 73 71 
23 6 2 -11 3 2 2 -25 
-19 -12 -5 1 -5 -4 -8 -12 
-2 14 1 -6 0 3 6 -7 
-10 -1 7 9 -1 -1 -33 6 
-7 -2 0 7 -4 -4 13 1 
5 -24 -29 -10 -1 0 9 4 
11 19 -12 -27 -5 -2 -5 17 
-17 -19 29 -9 2 1 -9 -13 
1 22 35 11 -3 2 -3 -16 
-3 -38 -27 -1 0 -3 -20 -14 
7 2 3 3 0 -1 7 38 
-5 12 -26 9 2 0 -6 -47 
-24 -7 4 -13 -2 0 18 0 
2 -4 16 10 -3 -9 -29 -6 
-6 1 -15 0 -2 1 36 -1 
3 5 22 -17 -2 1 6 15 
14 -2 -46 -8 -5 -3 -13 6 
-13 3 12 6 3 4 0 -20 
8 0 1 1 -3 -3 -8 30 
0 -4 8 4 -8 -7 -20 -44 
-5 -4 -42 1 2 -2 -9 -3 
9 -6 38 -23 -7 -6 -16 -2 
0 -7 -3 18 -2 -6 5 11 
-11 0 -6 -20 1 1 2 1 
-7 2 -2 18 1 -4 -21 -32 
21 18 17 15 1 3 18 23 
-2 -24 -4 -18 -3 -1 -5 -5 
7 6 0 13 1 0 -24 25 
-19 -7 -8 -1 -3 -5 -6 -65 
27 5 6 -6 -1 0 14 24 
-10 -2 -19 4 1 2 15 -10 
-24 10 1 8 3 -1 -21 -18 
26 13 19 -6 3 -2 -41 41 
13 -2 -43 -18 -5 4 89 31 
-10 -2 26 6 -2 -6 -21 -9 
-15 3 19 17 -2 -5 15 2 
6 -3 -29 -52 -1 5 -5 4 
47 -5 -3 34 0 -3 -10 26 
-64 -35 -48 -23 -5 -4 -18 -56 
-8 -12 9 16 5 1 -5 -25 
8 -5 75 -10 -3 -2 18 46 
-7 0 -2 -8 2 1 -14 -26 
10 12 -2 10 3 2 -24 -25 
8 7 6 9 2 4 21 4 
3 -42 -24 -3 -3 -4 -10 -14 
-7 23 -29 -8 1 2 23 31 
-16 7 79 46 7 0 -55 24 
3 -3 -78 -47 -14 -2 55 -12 
37 3 6 23 3 -3 12 39 
-52 -6 -9 -5 -3 0 -9 -12 
-8 1 -21 -19 1 -2 -51 -49 
6 20 32 11 -1 0 12 -6 
4 -22 -48 -6 -8 -4 64 19 
-4 3 10 3 1 -3 -18 -9 
18 -2 2 -2 1 0 4 10 
-20 -14 3 4 -1 2 -8 11 
15 46 41 17 4 10 6 30 
-1 7 -23 -2 0 2 -27 -32 
2 -27 -7 -18 -7 -4 45 12 
16 1 32 15 1 -5 -28 10 
-9 6 -25 -15 -3 -6 -20 -41 
-16 -6 17 10 0 2 -8 22 
6 -15 6 10 3 11 52 57 
1 -9 30 -6 1 -8 -37 -47 
2 -2 -19 -32 -5 -1 -3 -18 
-19 -24 -6 -2 -5 -1 -8 12 
16 27 16 4 -2 -4 9 -8 
-8 4 -23 -14 7 7 4 17 
-5 -28 4 15 -10 -6 -26 -21 
18 -2 -9 -7 -1 0 0 14 
-7 5 1 1 -3 -4 -4 -4 
18 18 -7 6 1 3 4 -20 
-28 -3 -32 1 5 5 7 8 
11 4 10 -14 -10 -8 -45 -33 
-9 -10 -34 -2 -2 5 31 14 
-5 13 34 10 1 -5 -28 -4 
7 -2 20 16 10 1 2 3 
5 12 41 14 10 11 12 -8 
8 26 -25 -32 -24 -14 -3 40 
3 -13 -30 6 11 4 4 -47 
-16 4 8 -16 -12 2 3 10 
4 2 12 14 9 -4 14 1 
17 29 1 -5 9 3 -14 2 
-12 -22 -21 11 1 -2 0 7 
3 45 15 3 -12 -11 8 19 
-34 -31 -26 29 14 12 -8 -38 
14 -25 30 -1 1 1 3 5 
-11 -17 12 -38 -12 -8 -9 33 
29 4 39 15 23 7 -2 -18 
-12 12 -97 -10 -29 -17 13 -14 
-29 5 68 74 12 -2 -27 -23 
-27 -8 0 -68 -7 3 46 -18 
38 -1 -7 71 8 -4 -21 80 
23 19 29 -68 -13 -4 -1 -46 
1 -25 -31 -18 4 3 2 -43 
-11 -17 -8 74 -4 -3 -28 17 
-9 -14 -42 -27 -10 -3 34 8 
4 -19 -11 -17 -1 -3 2 -19 
27 32 -57 -52 -9 -2 3 65 
-44 -62 0 -5 -2 -6 -13 -63 
-5 -17 -60 -29 -7 -7 -64 -5 
-38 -9 4 -8 2 2 68 -19 
31 20 76 38 6 8 3 -55 
21 24 -30 -14 -4 0 -35 81 
-3 -5 71 26 8 9 31 -38 
57 0 -21 -22 -13 -10 15 63 
-36 -31 -54 -76 -15 -11 -3 -18 
-38 9 25 33 -4 -4 -31 -3 
-25 13 33 -36 -5 -1 1 -3 
-4 24 20 95 10 8 53 -16 
29 -6 14 -47 -2 -6 -35 4 
-18 16 -22 63 5 -1 -10 -11 
-2 -15 -5 -10 -4 6 64 -55 
-30 -36 -52 -57 -14 -18 -28 52 
-22 -36 43 58 3 2 19 12 
15 10 -30 -35 -2 9 28 44 
14 21 -5 -24 4 -4 -111 -30 
68 12 58 59 -7 -5 16 -48 
-22 5 -27 21 2 6 19 -1 
2 -55 -41 -50 -13 -15 -95 19 
-61 2 9 62 -2 5 117 78 
8 -5 40 -37 5 -7 -128 -68 
39 24 -45 6 0 1 56 91 
19 2 24 -11 -5 4 17 0 
0 -8 -33 -11 -8 -7 -29 -35 
-28 -1 5 -5 6 3 -39 12 
25 16 8 18 10 7 17 -27 
-19 -1 -13 -9 -3 -4 52 -10 
28 -4 -15 -12 -10 -11 -25 11 
-15 -4 -6 4 -2 0 44 3 
-21 -11 -23 -18 -2 -6 -89 -30 
15 19 -1 -7 0 3 77 23 
-7 -14 16 -9 -5 -10 -30 -59 
-15 19 -61 -9 -5 4 23 60 
-10 -29 -36 -20 -4 -8 -21 -16 
8 17 20 -1 -8 4 1 -19 
-1 8 -4 -10 -11 -8 -29 21 
-8 7 -29 -4 5 5 25 3 
13 9 5 1 -3 -6 -15 -28 
12 -1 9 9 18 5 -9 1 
-37 -5 5 -1 -13 4 38 -1 
-4 -9 61 12 6 -3 -73 7 
3 -23 -48 -14 -6 3 48 10 
18 17 56 17 -3 -16 -8 -40 
-13 29 -34 -9 -26 -10 -10 -8 
-6 -15 -20 -14 10 11 14 24 
-21 -18 -1 -10 -14 -15 -17 -13 
30 7 -18 28 3 1 -13 10 
11 10 -36 -1 10 7 4 -13 
-2 15 127 11 -1 -3 -43 -17 
-14 37 -22 -39 1 4 -33 49 
-16 -5 0 26 -12 -3 50 -32 
1 -2 -20 12 13 4 -4 3 
-9 1 44 3 4 -2 6 -21 
0 -9 -2 27 2 -12 -22 -38 
11 -43 -26 -47 -17 -4 -12 71 
-3 5 57 22 13 8 5 6 
9 -32 -90 -36 -9 -7 4 -30 
-13 19 73 8 15 -1 -4 -43 
11 -28 -100 -16 10 8 -40 29 
-5 -15 65 0 -14 -7 50 -9 
-20 17 37 34 7 2 1 11 
9 -20 -31 -44 7 8 21 10 
20 44 63 -14 -13 -6 -19 -29 
15 -13 -16 -37 7 2 -47 26 
9 52 -32 -30 15 8 10 -7 
-6 -19 51 87 -12 -7 34 33 
1 41 19 -6 7 5 -29 -46 
-22 -19 -3 33 4 0 31 42 
25 -20 -31 13 -9 1 9 21 
11 31 -18 -22 2 -7 -64 -12 
-9 -31 -25 -56 -5 -3 -5 8 
20 5 -6 58 4 4 11 -27 
3 -26 -22 -21 -6 -11 -25 -10 
-43 3 24 -3 -5 6 -15 12 
76 15 -3 19 -1 11 13 47 
-67 -12 -14 -42 1 -25 -33 -107 
32 -29 15 -9 -12 -6 66 48 
-4 7 3 28 -1 -2 -10 -49 
-41 13 19 -43 7 4 -20 -24 
34 17 -27 42 2 1 -24 14 
-29 -6 3 -12 -10 6 -7 -4 
-41 -7 -2 12 5 -6 12 -54 
-44 -27 -26 13 4 8 79 26 
24 52 72 -14 -7 -1 8 16 
-38 -2 20 14 -3 -2 -70 -9 
-2 21 -17 1 0 2 -27 -30 
32 -24 -43 -13 -5 0 43 27 
-56 -18 -16 -23 7 7 -12 -3 
51 3 -36 -9 -9 -7 1 -12 
-4 -1 4 -1 2 4 16 10 
13 45 -30 9 9 0 -1 12 
2 -44 32 35 -1 0 -18 11 
-34 1 -16 -6 5 -1 9 -60 
16 11 -17 -8 -24 -1 23 46 
-28 5 25 7 3 0 -24 -37 
18 4 -51 -26 4 3 12 20 
9 38 21 8 4 -1 4 19 
5 -25 24 2 0 5 26 9 
-1 26 35 25 4 -1 -15 14 
10 -11 -6 -25 -3 -4 -7 -5 
-4 5 14 7 -5 1 -10 -21 
-2 6 -46 -35 -8 -1 -4 12 
-6 7 30 16 -4 -9 -7 -2 
36 -4 -29 -10 2 1 2 13 
-22 4 -6 -4 3 -6 6 52 
15 -22 38 23 10 8 -13 -31 
8 29 60 -1 -4 -2 18 16 
-13 -15 -29 -28 -4 -1 25 5 
2 -23 -34 9 0 -1 -29 -37 
30 17 31 -4 -5 -3 7 52 
-9 41 9 7 6 2 -53 -40 
-16 -55 -8 5 -1 -4 26 -39 
15 -19 7 20 9 10 16 58 
-14 7 -12 2 2 0 18 -4 
17 -12 -56 -6 -8 -14 -30 -36 
-14 -27 8 -18 -5 14 -5 -18 
-15 -4 20 13 0 -7 -24 -48 
-12 -4 -69 -36 -12 -18 -19 24 
-16 -12 35 -7 -5 -4 13 4 
1 41 0 24 11 6 5 -14 
4 -1 8 -1 2 -2 25 17 
-4 -57 17 -1 -9 -2 -25 -24 
2 5 -14 -10 -10 -11 -24 15 
2 26 48 12 6 6 13 58 
-4 -21 5 1 4 -7 -17 -42 
-4 26 -1 -17 -17 5 15 -8 
-15 -37 -9 5 10 11 25 -6 
31 37 45 6 1 -11 -42 38 
-7 9 -19 1 -6 -1 -34 -22 
24 8 17 14 10 9 78 46 
-27 -13 -14 -23 -11 -11 -7 -57 
8 -3 4 -32 -10 -6 -10 10 
-12 -9 -76 -2 -10 -9 -1 11 
-16 13 33 18 8 2 -9 -37 
26 1 17 19 -2 6 7 29 
1 -12 -48 -45 1 -4 -4 -7 
-20 -18 -7 -38 -11 -6 9 -20 
12 12 -6 -40 5 2 -7 13 
-23 -17 -34 19 -5 -9 1 42 
-39 -23 2 5 -7 -4 -9 -51 
45 11 26 14 14 12 16 34 
1 -3 -12 -30 -5 -2 5 7 
5 4 18 57 9 -1 -7 -21 
2 3 -6 -31 -9 -6 -4 31 
18 5 12 19 0 7 18 -23 
-14 -11 -28 11 11 -3 -35 -37 
14 -7 41 -6 -14 -5 25 -1 
-20 -7 8 29 -2 0 -7 -20 
1 3 5 17 7 0 17 54 
16 7 4 21 1 -2 -8 11 
-12 -11 -18 -25 1 1 -20 -44 
20 9 29 21 1 0 -7 10 
-36 -11 1 -25 -8 -4 -6 -30 
7 45 2 3 0 3 11 14 
-5 0 -30 -29 -6 3 4 21 
13 -32 16 30 -4 -7 -1 -4 
-11 1 -20 -15 -4 0 2 1 
-2 17 44 4 -1 -5 -9 -2 
-21 -30 -67 1 7 1 -3 21 
40 17 -15 -4 -1 -3 -8 -9 
-23 5 11 -5 -11 -1 5 -12 
-15 -25 -42 -7 -5 -3 7 -7 
6 15 35 3 4 -5 -12 -5 
-15 -3 -38 -19 -12 2 12 31 
7 8 26 -2 -1 -5 -4 10 
-17 -13 11 5 2 1 2 -50 
21 -8 -5 5 1 -2 -2 21 
-13 7 -18 2 1 0 3 -11 
22 8 6 -2 4 6 8 35 
3 -7 -1 7 2 1 -6 -7 
-5 -1 32 -17 -4 -4 -2 -21 
-16 -6 -31 0 4 0 2 -1 
-7 -13 -23 -10 -7 -6 -6 -15 
26 -18 -15 -9 -2 -1 4 69 
-2 18 40 27 2 -1 -6 -70 
-35 0 31 -6 -4 -1 -1 -6 
-8 -11 -36 -6 -3 -3 -32 -19 
-6 6 20 13 3 4 34 -3 
24 -17 -25 -30 -10 -5 2 29 
8 5 -6 -8 3 4 13 17 
11 -1 16 -1 -5 -1 -7 20 
-18 19 -9 13 4 -3 -16 -32 
-12 -26 -24 0 -2 -2 0 26 
0 -13 -15 -4 -4 -6 -4 -45 
15 25 2 -6 2 5 12 7 
9 -19 -5 4 3 2 2 19 
-18 3 8 14 -1 -1 1 -24 
-6 -8 -23 -12 -6 5 1 26 
-11 4 0 -6 -4 -6 1 -24 
24 13 17 11 -3 -9 -11 3 
-22 -14 -20 -9 -1 0 -4 0 
15 -4 -27 10 7 2 0 3 
5 9 29 -7 0 3 4 20 
-18 -24 -13 -6 -5 -4 -6 -34 
3 -14 -17 -6 -4 -3 -3 26 
2 9 -1 0 1 -4 -6 -25 
-35 1 -18 -9 2 -3 4 -5 
5 -36 4 -2 -6 -1 -5 12 
19 29 62 25 12 11 9 6 
-15 -18 -42 -19 -8 -11 -12 0 
2 -6 11 5 -6 0 5 -3 
4 -4 -7 -4 -2 -2 -10 -4 
-11 13 15 5 -4 -3 -7 -14 
23 11 71 12 8 3 -3 4 
-7 -20 -56 2 0 -3 0 5 
11 5 -1 -21 -3 -1 2 14 
-17 -18 -23 -6 -3 -1 -4 -33 
-4 5 4 -14 -5 -2 1 -6 
-1 -2 6 -3 -1 -2 -2 -4 
-6 6 10 8 -1 0 2 -1 
-3 14 -1 1 7 -3 -12 -10 
-14 7 -9 -7 0 5 12 5 
29 -18 22 8 -7 -3 -1 29 
-53 -5 2 -1 -5 -4 -5 -30 
4 -22 -42 -21 -6 -2 3 27 
2 10 11 11 0 -2 -6 -10 
7 1 -7 -2 1 -1 -4 -8 
11 20 14 10 4 1 3 19 
11 18 28 3 1 4 11 1 
-12 -23 -32 -12 -1 -2 -11 -2 
2 -8 -21 22 -2 -6 -12 9 
6 -7 -23 -6 -12 -12 2 -20 
-4 -4 -8 2 2 0 -4 -2 
24 7 17 0 1 -2 6 11 
-23 -3 17 4 11 4 -3 -7 
-5 7 -5 -8 -6 4 1 -1 
31 9 -8 3 -1 4 5 29 
-18 6 35 34 3 -1 -3 -8 
10 -4 -16 -33 -10 -3 5 -4 
-4 -2 3 -2 -1 2 3 5 
-35 -27 -29 -25 -7 -14 -19 -55 
5 -2 20 23 4 0 -6 2 
1 7 20 13 2 -1 1 4 
4 2 -14 2 2 -1 1 -2 
9 17 22 4 2 5 6 33 
-11 -29 -31 -12 -4 -5 -3 -6 
1 26 10 1 -1 -2 1 -4 
15 3 30 -7 -3 1 0 13 
9 -2 -33 -14 -9 -1 -2 3 
-40 1 -1 -11 -2 0 1 -26 
26 1 -10 -8 -3 -3 1 19 
-2 7 14 6 2 -9 -13 4 
-11 -2 28 9 0 -1 3 -3 
20 1 -55 -32 -8 1 5 -4 
-5 -8 27 12 -4 0 -2 -3 
-8 -12 -44 2 5 2 -1 -15 
0 1 -6 3 -4 1 4 29 
21 16 -6 0 3 2 -1 5 
-16 -34 -11 -9 -5 -4 2 -43 
27 -1 3 11 2 1 2 46 
-33 15 -9 -7 2 -2 -10 -65 
2 -11 21 2 1 0 4 29 
4 -3 -17 3 -2 1 -1 -4 
-11 -2 27 -2 -6 0 2 -12 
14 0 -5 -5 3 4 2 23 
7 15 37 15 0 -2 1 0 
-16 -5 1 -2 4 -1 -2 -21 
14 2 -28 -13 2 5 -1 5 
2 2 31 11 -2 -2 1 17 
-11 -17 -20 -6 -5 -5 -8 -15 
17 1 2 2 2 1 3 14 
-34 -11 8 6 3 -4 -7 -28 
-8 -16 -8 -1 -3 -4 -1 8 
11 -6 -32 -3 1 0 2 -9 
-16 7 38 -2 -4 -4 -3 10 
1 -19 1 -7 -3 1 0 -17 
-8 13 10 19 3 0 1 38 
20 -9 -17 -21 -11 -1 6 -2 
2 6 -9 -8 -3 -4 -8 34 
-30 9 -4 3 -1 -4 -5 -84 
10 5 -1 3 -6 -4 -3 -29 
7 9 13 4 9 6 4 40 
-17 -4 -28 -3 5 1 6 5 
8 -18 -6 -25 -19 -8 -4 21 
0 -1 -16 -2 -1 -2 -3 -7 
4 1 13 4 -2 -2 -5 -6 
-1 9 10 2 5 3 1 -14 
3 8 10 8 6 4 1 28 
4 5 17 -4 -3 1 1 4 
-22 -35 -12 3 2 2 6 -21 
-9 -15 -12 -17 -22 -7 -13 -49 
12 4 2 3 -4 -6 -6 20 
-26 -16 -2 -6 0 -5 0 -23 
3 11 7 3 -2 -1 -1 19 
-12 3 4 12 8 3 5 7 
11 -27 -1 9 6 6 10 39 
19 -2 -42 -11 -8 1 0 -5 
-58 -16 -27 -9 -8 -9 -16 -82 
-4 -3 -10 -15 -3 -2 -5 -31 
-3 16 2 0 -1 -7 -3 31 
11 -15 -10 3 -3 -3 3 27 
23 37 76 19 6 2 1 21 
7 -12 -28 -11 -3 2 -2 -5 
-5 20 15 4 5 3 -1 -11 
-2 -18 25 -5 0 3 6 10 
13 -8 -21 -14 -6 -9 -9 22 
0 4 2 15 4 -3 0 -20 
-4 17 2 15 1 -2 -6 1 
2 3 -13 -32 -9 -2 4 -50 
-1 -22 -18 1 -11 -8 -9 21 
10 -1 2 4 2 1 3 22 
1 -15 -17 -8 -7 -5 -3 -9 
-4 12 5 6 4 1 -5 -12 
15 46 36 11 10 6 6 13 
-11 -1 -12 -7 -6 -2 10 60 
32 -5 8 -10 2 3 -2 -78 
8 0 -44 -1 -6 -6 -13 0 
-34 -43 -20 -30 -11 -9 -6 -1 
-9 11 22 9 2 -2 -7 -24 
-16 7 6 2 2 2 8 26 
14 8 8 4 8 4 4 9 
6 -12 -10 10 0 -2 -2 29 
29 15 -5 -7 4 4 7 -33 
-32 -27 -43 -30 -23 -10 -6 -7 
-13 -5 5 -1 -1 -8 -13 -17 
-18 8 10 8 1 4 1 -7 
4 -8 -5 -6 1 -1 -2 14 
23 16 7 17 9 3 6 8 
0 -8 3 -26 -4 2 4 17 
-13 4 -16 3 0 0 0 -29 
6 -16 -10 -7 -3 -4 0 24 
-18 -8 13 1 -7 -6 -13 -19 
-18 11 8 8 -2 -4 -1 -2 
-8 9 11 -7 5 0 -4 -17 
27 1 16 7 -2 1 4 50 
17 4 -16 -6 4 2 0 -34 
-37 -21 -46 -6 6 2 -4 -3 
-16 6 36 3 -8 -1 -1 -3 
-7 -11 5 2 0 -4 -6 -50 
-15 11 2 -1 5 2 1 24 
21 20 26 -6 2 4 3 15 
16 -30 -70 9 -4 -7 -6 -25 
-6 0 0 -7 -14 -3 -3 18 
18 30 50 10 6 2 2 17 
0 0 7 2 -1 1 1 -9 
-2 17 1 13 5 0 0 12 
2 -17 -3 -30 -5 -1 -3 -10 
-20 -6 -23 7 -3 -3 -6 -16 
10 -32 -9 -2 -12 -11 -8 19 
20 16 22 -3 4 1 5 8 
-14 9 5 13 3 -1 -4 -20 
2 -4 3 -1 0 0 3 14 
23 3 28 9 13 7 8 49 
-38 -26 -68 -28 -21 -13 -15 -92 
-23 -3 15 5 -1 -2 -5 -2 
3 -25 1 -11 -3 -4 1 22 
-4 22 21 21 3 -2 1 -2 
23 11 10 3 5 2 4 27 
-8 14 1 10 6 4 8 29 
18 -5 -24 -13 -9 -4 -4 -21 
3 -5 -1 -1 -5 -4 -7 -18 
-2 3 16 -15 -4 0 1 21 
-5 -5 -12 0 -2 -10 -9 -30 
-12 -6 -5 0 2 2 4 23 
-1 9 3 0 2 1 0 -22 
12 33 45 10 15 11 13 43 
10 -23 -53 -21 -30 -15 -12 -12 
0 9 -10 -8 -6 -4 -2 -17 
-20 -13 4 -3 0 -3 -2 -30 
8 -6 14 12 3 -3 0 17 
10 4 16 11 9 5 8 10 
5 9 -8 -7 -2 -3 -7 2 
-12 -2 -22 2 -3 0 3 16 
30 0 36 -4 9 4 -1 -13 
0 12 24 37 -1 2 2 25 
-31 -24 -63 -45 -14 -10 -8 -49 
3 -19 -22 -3 0 -2 -3 -1 
-2 -10 -14 -6 -6 -9 -6 -3 
4 9 19 13 19 7 -2 -13 
-1 -5 0 11 -2 4 4 16 
10 -15 1 -3 -6 -3 2 19 
-4 3 -18 -8 -5 -1 1 -17 
-7 0 20 -13 -1 3 0 -10 
0 -8 -10 13 -1 -4 -5 -7 
19 4 -6 2 0 0 -2 -4 
-3 -5 -8 -5 -9 -4 1 18 
-22 17 -9 -4 4 -1 0 -10 
-7 -19 29 7 6 4 2 10 
5 2 -19 -4 -8 -5 -6 -12 
4 6 7 5 0 2 1 31 
12 -15 -38 -33 -7 1 2 -28 
-10 7 18 20 0 -4 -4 4 
-30 3 8 4 -3 -2 -3 -13 
-10 -8 -8 4 -3 -2 -5 -13 
-13 7 6 -3 0 -2 -1 10 
1 -1 27 -2 2 0 -4 -16 
-3 -2 -9 -18 3 9 9 -8 
15 -13 17 -6 -9 -4 -4 14 
6 -12 -26 12 -3 -6 -10 -2 
5 3 -20 -13 -4 0 6 26 
-7 0 -14 -8 2 -4 -7 -17 
-10 5 -21 -33 -5 -2 -2 -14 
0 -9 5 -3 3 1 4 5 
5 15 0 21 2 1 2 13 
-4 -9 -31 -8 -8 -1 -4 -16 
1 -4 12 30 8 1 5 17 
3 9 0 -27 -5 -3 -4 6 
0 3 7 -11 -5 -2 0 1 
-3 -10 12 -5 -2 -2 -4 -35 
-23 -11 -28 5 3 0 -4 -10 
-3 23 16 26 -5 -5 0 12 
7 -10 -15 -21 -1 1 -2 2 
0 -4 1 0 -1 -1 -3 16 
12 8 -2 7 4 3 11 7 
-1 -6 13 -5 -2 -2 -2 -3 
-22 -13 -46 -5 -6 -5 -12 -6 
13 -15 49 29 7 0 8 8 
-26 -15 -33 -33 -8 -3 -2 -18 
1 4 -14 -10 0 0 -2 -9 
-6 -25 4 9 5 -1 -1 -4 
1 36 10 17 5 3 5 57 
15 -12 31 -6 -8 -1 -1 -20 
-10 -44 -48 -21 -7 -6 -13 -19 
-28 20 25 9 0 -1 7 22 
-2 17 5 -2 -5 -6 -11 -56 
3 3 24 26 9 6 2 12 
10 29 -20 -5 1 0 2 4 
19 -10 -26 -10 -6 -1 -5 16 
-38 -12 25 7 -4 -2 6 -3 
28 14 -4 -1 -4 -5 -12 -21 
-13 -8 22 11 4 3 4 9 
9 19 -14 -8 -4 -5 1 -15 
-9 9 -18 -10 -1 3 0 -3 
6 -19 20 6 -4 -7 -12 16 
13 -31 -9 -2 -5 -2 4 -14 
-3 12 -14 -10 4 -1 -2 -8 
0 2 -14 -18 -5 -3 -6 -12 
-13 15 5 7 0 0 2 13 
31 15 -7 1 -3 -3 -1 11 
-38 -7 15 3 4 5 0 -7 
6 -9 -28 -7 0 -4 -2 4 
1 -11 -5 4 -6 -2 -6 -21 
-7 -3 10 -7 -6 -7 -6 6 
14 -18 -13 16 -1 -5 -3 -16 
19 12 16 -7 4 3 0 32 
-4 15 -12 1 6 1 4 13 
-16 6 8 11 -5 2 3 -29 
5 2 1 -30 3 3 2 -13 
-6 -5 13 18 -9 -2 -8 14 
-11 -9 -21 -8 -3 -3 1 -17 
1 1 19 4 5 3 2 28 
11 0 7 -7 -3 -2 3 16 
-15 -10 -49 -13 4 0 4 -31 
7 -5 -9 -14 -9 -2 -3 36 
15 -2 23 29 6 -2 -8 1 
-12 -1 11 4 -1 3 1 -8 
1 1 50 5 0 -2 4 -14 
-6 13 7 8 5 4 4 33 
22 -1 -9 -6 1 3 9 -32 
2 35 40 7 7 5 1 -24 
6 -32 -31 -18 -18 -6 -5 2 
8 -2 10 1 1 0 3 -7 
-8 -19 -48 -10 -3 -3 -7 17 
5 2 33 22 5 2 -2 10 
-11 5 -33 -30 -3 -2 -1 -10 
2 -28 11 -12 -7 -4 -6 -6 
-20 -32 -34 0 -3 -3 -2 3 
10 22 4 13 0 -1 1 13 
-1 20 53 18 4 1 -3 -7 
-30 -23 -73 -19 2 -2 1 -15 
8 24 26 2 -2 2 -3 -3 
-7 -30 -7 1 -6 -5 -2 -2 
-10 3 -5 16 0 -5 -5 13 
-9 12 22 -7 -7 0 -2 -33 
-20 0 22 -9 2 0 3 -5 
12 -6 0 14 1 -1 4 13 
26 9 -8 11 4 4 3 19 
1 13 21 12 5 0 -1 3 
-7 -13 -41 -26 -10 -8 -10 -23 
4 -8 -5 -8 -3 -3 -10 8 
-6 -16 -7 -4 1 -2 7 -10 
-3 38 42 19 2 3 0 12 
17 -9 -48 -33 -3 2 -1 -13 
-3 1 14 13 -2 -3 -5 13 
1 1 -14 -24 -3 -1 1 -12 
