#EMG
#3
#ID:3-98
32 3 -7 -33 -5 -4 5 19 
-5 -6 -3 10 -4 -1 -2 1 
-2 1 0 -4 -4 -6 -24 -37 
-2 3 4 0 3 6 13 15 
0 -1 -12 12 -2 -6 -9 2 
17 3 6 3 -1 -1 19 32 
-14 -13 -10 -12 -3 -4 -4 -62 
-13 -16 6 5 -1 -2 -7 2 
-1 -6 0 8 -1 -9 -15 8 
-2 0 -22 -30 -5 -3 -5 -26 
-9 -4 7 16 0 2 20 43 
-5 7 -5 -7 -5 -4 -16 -29 
32 -1 -3 0 0 1 -5 -17 
-13 2 7 6 8 3 17 14 
1 -13 -10 -14 -5 -8 2 -1 
-1 -7 18 35 2 3 27 13 
-1 0 -12 -26 1 4 8 9 
-3 -8 -12 -6 -4 -5 -26 -4 
20 4 -8 -11 0 0 15 -13 
-19 -2 5 -9 -4 -7 -4 9 
15 0 5 9 -3 -1 5 55 
-6 -6 16 7 1 0 -3 -68 
-27 4 -3 -2 -2 -4 -15 -2 
-1 10 -14 -13 2 2 -4 -3 
13 -11 -16 15 -1 3 7 25 
-10 0 -3 -16 -5 -6 -10 -9 
2 -10 2 -5 -1 0 -5 0 
6 13 -11 -1 2 -1 -9 -10 
-18 9 20 -4 0 3 17 -20 
4 -5 -18 -9 -4 -2 -10 12 
-28 -2 -2 5 -1 -1 -2 2 
-6 2 -2 -9 1 6 4 14 
7 10 4 5 3 -4 -18 -19 
-6 -22 -5 -5 -9 -5 17 -8 
11 10 18 6 3 0 -13 26 
7 2 9 -9 -2 1 -7 -10 
-10 -5 -21 -10 -2 0 6 3 
-13 -1 13 23 -2 -4 -13 -6 
11 -7 -23 6 0 4 2 7 
-5 -5 18 -8 -2 -5 -6 0 
7 -4 -9 -7 -4 -1 0 -21 
-5 -6 -6 -8 1 -3 19 24 
29 2 -17 -1 -2 2 7 47 
-24 15 27 7 1 1 5 -47 
5 0 7 -6 -3 -4 -4 23 
-21 -5 -4 -5 -2 -1 -4 -9 
18 -3 1 5 0 -1 -4 -28 
-7 -1 -2 -3 -1 0 4 10 
-14 -7 0 -3 2 0 -2 -18 
40 15 6 -1 1 3 10 32 
-23 -3 -5 7 -3 -2 -17 -35 
-7 -11 -2 3 -3 -2 -6 10 
-6 -1 -6 2 -3 -1 -2 -17 
0 7 5 5 3 1 8 9 
1 -1 7 -4 3 0 -2 -11 
9 9 -16 -9 -3 -4 -3 14 
5 -12 -24 -11 -5 -4 8 11 
-44 10 9 -5 -3 -6 -32 -76 
7 -2 12 4 3 4 5 4 
1 1 -17 23 -1 -3 0 9 
-4 0 4 -14 -4 -1 0 12 
2 2 3 2 1 1 -18 -15 
7 -3 -2 -10 -7 2 43 16 
8 -3 -2 1 2 -7 -37 23 
-2 5 18 28 0 1 7 -54 
0 -12 -8 -24 -4 1 -2 12 
-18 -2 -7 5 -5 -3 -6 -3 
29 4 -10 -18 -1 2 17 28 
-6 -1 7 5 5 1 -6 -43 
-5 -3 -3 11 -1 -3 8 35 
7 10 28 3 2 -1 -6 -16 
6 -13 -29 -12 -1 2 2 4 
13 2 -2 6 -4 -2 7 50 
-34 -4 16 15 0 -9 -21 -78 
-12 -9 -5 -11 -2 0 -3 20 
-10 -9 -11 2 -1 0 -3 -19 
-1 20 -4 2 2 1 -7 2 
5 -5 10 23 4 3 8 40 
-2 2 -6 -25 -6 -8 -20 -23 
-17 -13 12 -1 -3 -6 -19 -43 
3 -1 -7 -7 0 5 0 -9 
19 2 -4 5 -3 -5 19 31 
-34 0 2 11 4 1 -8 -7 
26 10 -2 -12 -1 2 9 17 
-25 -10 8 -4 -3 -2 -8 -10 
14 -14 -42 -27 -11 -6 2 -3 
3 -1 4 7 3 2 -7 9 
-25 0 -4 -5 -1 2 17 -6 
27 18 -5 -1 0 -4 -6 40 
-16 -2 12 4 2 0 -10 -24 
-9 -9 -21 1 -3 6 11 -4 
14 -3 -8 -12 -7 -13 -17 18 
3 0 -2 -8 -5 0 6 2 
-14 3 -4 -28 -1 3 -13 2 
16 -2 -10 14 1 -3 -3 -6 
-6 1 19 19 3 5 13 17 
-6 3 -9 -1 2 -5 -16 -12 
-9 -12 10 8 -5 -3 6 -31 
28 -8 -1 -7 -3 -2 -4 26 
7 -4 -7 -2 1 0 -8 15 
-30 -4 0 0 0 -1 -1 -26 
7 11 -2 -6 3 6 10 7 
2 -1 19 -3 -1 -2 0 -2 
-6 -7 -5 36 -1 -6 -3 -4 
0 -6 6 -40 -6 -1 4 22 
-2 -2 3 16 2 0 -2 -26 
9 8 -7 -8 1 0 -27 2 
2 9 16 4 1 3 35 2 
-16 -23 -21 3 -6 -5 9 3 
28 7 -2 13 -1 -3 -10 29 
-22 -2 -9 -28 -3 0 17 -28 
-11 -1 -2 -11 -3 -6 -28 -23 
4 -4 4 26 4 -1 -4 22 
-3 -13 -13 -36 -9 -6 15 -12 
-18 -12 13 15 3 -2 1 -29 
5 -2 -5 7 4 7 2 0 
8 -6 -38 -49 -11 -10 -20 9 
-32 -8 -4 2 3 0 -6 -43 
16 5 6 -1 1 1 7 16 
2 -10 3 -9 -4 -3 1 -6 
-8 9 30 45 6 3 2 -42 
46 -4 -5 9 -1 -2 -4 93 
-2 7 -7 -9 -2 1 0 -16 
0 -3 11 -2 0 2 -8 -22 
-4 2 -5 -6 -2 0 15 19 
-12 3 4 11 1 4 11 6 
13 14 17 2 -3 -5 -14 18 
-16 -8 -41 -12 -5 -1 27 -1 
-15 -10 16 34 3 7 -3 -7 
31 18 5 -26 -7 -7 -2 44 
-31 -22 -21 -11 -2 -2 -7 -71 
13 3 -7 5 -3 -4 -28 7 
-4 -1 7 17 4 4 6 -27 
-11 -5 -3 -11 -5 -1 18 13 
22 16 5 5 1 -2 -4 32 
-16 -8 -2 -11 1 0 -7 -15 
9 -11 -32 -29 -9 -3 10 32 
-37 13 23 4 3 -3 -22 -81 
22 -33 -22 -12 -9 -10 -15 21 
-5 0 20 26 -1 0 58 30 
11 3 4 -31 2 -3 -26 -35 
14 -11 -3 2 0 -1 -27 -14 
-25 6 -1 11 0 2 44 14 
7 12 -9 7 1 -4 -17 -15 
-5 -14 26 10 1 -5 -6 7 
-21 2 -11 7 -5 0 -6 8 
12 -2 8 -13 -5 2 -1 -11 
8 -14 -26 -12 -4 -3 -19 3 
1 17 13 13 2 -2 10 35 
-20 -2 2 3 6 5 -24 -51 
3 -4 -7 3 -5 -4 35 49 
-3 12 12 -9 1 1 -16 -14 
8 -7 -10 -6 -1 -1 -13 5 
12 6 1 24 5 -2 -18 5 
-10 -10 -21 -38 -11 -6 -12 -16 
-19 -5 -24 -21 -5 -2 27 18 
5 -4 13 21 -1 -6 -40 -47 
9 7 -3 11 7 9 16 23 
-13 -3 11 -2 -3 -5 -24 -23 
-15 5 23 7 3 7 7 3 
11 0 -13 -14 -1 -3 -8 1 
24 1 -8 -27 -3 -4 27 14 
-14 -1 -15 -8 -3 1 2 -6 
-5 -27 1 5 -1 -6 -20 -2 
-14 12 -1 -10 3 4 11 -45 
4 5 33 15 -1 -4 14 47 
0 1 -11 0 4 -1 -34 -24 
-2 -2 2 -7 -5 -3 -39 8 
-7 -16 -20 -7 0 4 59 -6 
23 9 10 -6 -3 0 -8 10 
-10 -6 -3 22 8 3 -29 -44 
-10 12 2 -2 -1 -3 9 17 
33 -8 -5 -7 -6 -7 -19 10 
-14 -20 -4 4 -2 4 49 22 
-31 11 9 -11 1 -4 -3 14 
19 6 3 -7 4 0 2 -20 
-1 8 -4 39 -1 2 4 1 
-8 -13 -21 -4 -12 -9 -22 -14 
28 33 8 -5 4 2 -3 25 
-19 -1 1 8 2 -2 1 -24 
-15 5 11 -11 -2 -1 14 -2 
2 -7 2 14 3 -4 -9 24 
-14 -7 -29 -38 -10 -2 9 10 
22 20 8 5 -4 -2 -2 -42 
-10 -10 -12 3 0 1 -15 7 
1 -2 12 -6 1 5 3 -6 
12 -25 -26 2 -7 -9 -30 11 
4 9 0 -6 -1 -1 11 -1 
-25 -18 18 16 -2 -5 2 4 
-4 -14 -21 -16 -4 -3 3 1 
17 20 34 36 9 5 -8 8 
20 -1 9 -4 -3 1 -20 -1 
14 7 -2 -2 5 -1 9 11 
-40 5 14 0 -7 1 32 -22 
28 -19 -13 4 7 0 1 9 
-15 13 -4 -5 -1 -8 -46 -15 
-23 0 -10 -17 2 7 61 20 
0 11 -1 2 -6 -3 -15 -32 
-3 -15 -4 -14 -7 -8 0 25 
7 10 16 4 5 5 18 0 
-8 8 5 8 -3 -2 -49 7 
-11 11 -18 -16 -2 -3 21 -14 
7 9 9 -4 -4 -6 3 24 
52 -30 -72 4 0 -1 -36 -31 
6 -5 102 -7 -3 3 70 41 
-2 1 -21 -1 0 -2 -6 -4 
-13 -2 -28 19 -6 -3 -35 -43 
-10 -4 6 5 -5 -3 -46 1 
7 38 3 -27 -2 -5 13 1 
15 -27 1 -11 1 2 1 10 
-15 31 -16 10 2 -3 -31 -37 
-65 -23 7 0 -8 -6 -23 -4 
4 -6 -16 26 -2 2 14 -3 
-44 -37 10 -2 3 0 -37 -59 
59 14 12 -28 -6 -11 85 58 
-11 -4 -13 16 -3 1 29 12 
-9 -5 1 -9 -2 -3 -71 -52 
11 0 -19 5 1 -2 -7 1 
-17 -27 19 -6 6 6 -75 -12 
-13 -18 -16 10 -2 -2 71 -4 
10 -8 8 8 -7 -4 -43 -13 
-3 12 -50 -42 0 6 13 -12 
15 26 -2 28 5 3 -20 21 
15 -11 35 -46 -6 -2 32 29 
-16 -39 -26 27 0 1 -31 -6 
19 14 -6 -19 -10 1 13 19 
-26 -14 13 26 14 9 -7 -21 
-14 15 10 -34 -4 -8 -30 -13 
10 24 -7 39 5 -1 9 -28 
7 25 20 6 -2 9 32 84 
-5 -32 -29 -17 -9 -15 39 -33 
12 12 50 1 3 5 0 11 
-13 -4 -21 -10 7 2 1 -25 
10 -1 0 6 0 -1 6 9 
0 51 -3 -45 -7 -1 8 -12 
-6 5 6 27 9 2 -44 2 
-5 11 3 -21 -5 -4 -19 4 
33 41 26 31 4 2 11 37 
-21 -38 12 -5 -7 -4 20 -12 
5 21 -25 9 1 0 -48 -33 
15 -57 -3 -16 -3 2 105 98 
-43 4 -13 37 3 3 -81 -42 
16 18 47 2 -9 -7 15 16 
1 -23 -13 -35 -12 -5 31 43 
-30 -30 -26 33 1 -2 -5 5 
12 -36 15 -21 -2 -2 15 -72 
-15 25 -67 -7 7 1 -1 -16 
-28 -27 14 47 4 4 -6 -38 
18 30 1 -93 -15 -7 -6 19 
-31 -44 -39 64 0 -16 -20 -13 
0 7 -28 -5 0 10 7 10 
22 21 48 42 12 3 27 13 
-11 -29 -40 -5 -4 -11 -58 -8 
10 -5 10 -38 -8 4 11 11 
-14 -39 21 -10 -5 -3 -21 11 
14 54 -6 -17 -2 -5 -47 -32 
3 21 -26 -5 -5 -2 64 11 
-21 -70 40 6 16 3 -46 8 
-3 -37 -9 34 1 -2 -52 -17 
46 5 -9 -32 -7 -8 -30 5 
-9 -14 28 12 1 9 -73 -32 
-25 -17 -15 -12 -4 -13 21 43 
-10 -4 -17 15 1 -1 3 -66 
-40 6 10 -6 1 8 28 5 
35 1 -3 -2 0 4 53 32 
12 25 21 10 -6 -9 15 18 
3 18 47 -8 -6 3 9 17 
-4 -37 -52 -12 -7 -4 15 -8 
6 30 -14 26 6 4 4 53 
2 27 27 -14 10 -4 -77 -113 
-9 15 -21 17 -11 -3 61 27 
-10 -34 10 -11 -4 -1 66 33 
7 -6 20 -19 -1 -10 -68 -29 
15 13 -29 19 -6 -7 9 44 
-4 -8 0 -17 6 2 -33 -46 
-20 20 13 2 11 -5 34 29 
-14 -1 -27 -15 -20 -9 -57 -20 
3 9 -19 -9 -2 2 -7 -7 
-2 10 62 8 0 -6 -25 10 
24 3 3 19 6 24 87 59 
-7 11 6 -1 0 -15 -86 -75 
30 -10 -28 -16 -7 -4 42 37 
-14 -11 12 11 2 -6 -1 -6 
28 -2 -22 4 2 6 -88 -8 
10 -14 -11 -9 -6 -5 109 66 
-18 1 23 -12 -6 -1 -35 -61 
-15 2 -9 8 -4 -5 40 60 
1 -14 22 -5 -12 -16 7 13 
-17 1 -23 22 8 15 79 -1 
5 -3 12 -2 -9 -4 -52 23 
13 -14 -25 -38 -4 -6 40 -14 
3 7 -17 0 -5 -1 -58 -40 
-8 28 26 22 2 -7 -7 1 
-15 -57 -6 -4 -4 2 55 15 
46 -3 -38 -1 8 16 -90 -51 
-55 -16 -17 -23 -9 -9 46 47 
2 -6 30 5 7 2 -70 -10 
5 2 -40 -4 1 -1 -18 -36 
-9 6 2 -20 -4 4 10 -4 
7 -89 -7 8 0 -8 -28 -20 
13 31 10 4 1 5 8 -30 
-7 35 -1 -8 5 5 11 28 
6 -8 104 42 0 2 10 -2 
2 -3 -98 -45 0 -5 -1 -36 
-13 -18 3 -5 -10 -5 25 16 
13 3 24 -1 -4 -1 -14 -22 
-7 15 -4 -6 -4 -1 28 36 
22 50 14 13 0 -1 -11 -7 
-17 -60 28 -5 1 -3 -60 -46 
-8 48 -68 -11 8 3 24 31 
-23 -82 -9 34 4 -3 1 6 
25 21 71 -5 -14 5 7 -3 
-4 -35 -128 -25 -12 -3 -1 0 
0 -36 105 -5 -9 -5 0 -10 
-12 13 -30 10 8 0 13 17 
-2 -3 -20 7 8 6 -78 -65 
12 23 38 11 13 12 92 79 
2 -25 -66 -14 -19 -11 0 -20 
9 51 33 1 9 8 3 17 
13 56 6 7 -3 -12 -9 8 
1 -4 21 -9 3 0 -22 -10 
7 42 28 14 9 2 11 27 
-8 -40 -9 -19 -12 -2 -11 1 
10 -7 -49 15 2 1 16 15 
-31 -1 35 0 1 -14 15 -64 
17 -35 5 4 -4 -3 -43 30 
5 -30 -78 -17 -9 -10 28 -18 
-15 -6 62 -7 6 3 7 18 
-6 15 -21 21 -5 0 -32 -48 
-8 -15 -22 -8 4 -4 -19 -5 
22 38 33 5 -12 10 4 1 
-40 20 23 -12 -7 -10 44 63 
4 2 5 5 0 -9 -5 -74 
-3 19 -17 -31 -7 -1 -22 -8 
-22 -65 -39 12 3 -4 3 -14 
0 9 10 -2 6 3 19 36 
10 -12 -10 -6 -5 -1 -57 -33 
-6 10 35 24 0 7 50 -25 
-22 45 -17 -17 -4 -13 -27 -26 
16 -46 -11 -6 -10 0 -8 6 
-9 4 -19 -13 0 -8 -26 27 
3 17 33 13 14 10 -6 7 
19 3 -7 -18 -11 -5 -5 6 
-23 21 22 16 9 8 -50 -95 
23 -6 -42 -23 -10 -4 20 80 
-12 30 54 3 11 -2 -15 -7 
19 10 15 9 3 7 1 3 
-25 -22 -4 -5 -3 -9 24 -12 
-15 26 46 14 -5 3 -23 -17 
9 -21 -38 -9 -18 -18 78 -2 
-18 16 2 -8 7 6 35 29 
28 -30 -78 -11 -14 -17 -8 8 
-30 38 15 -1 10 10 35 16 
5 2 2 3 -3 2 13 35 
16 2 -28 2 3 -4 -18 -10 
13 12 13 7 -1 6 47 34 
-44 -33 -14 -13 -8 -12 -85 -95 
16 13 -18 6 -4 -5 -46 -26 
-5 -23 8 -25 -2 0 -15 28 
15 29 42 49 -8 1 79 30 
14 -1 6 -3 -3 -5 -12 -4 
2 -21 -24 -24 -3 -4 -67 12 
-27 2 -1 4 6 11 -28 -34 
14 -10 -24 -23 0 -2 28 12 
-19 61 18 9 1 1 -28 -16 
10 -77 -24 -12 -10 -8 -13 -2 
31 29 50 24 9 4 -59 -53 
-48 -25 1 0 -2 0 45 38 
47 -18 -48 -29 -4 5 62 28 
-39 21 20 -24 10 8 70 97 
51 -22 -1 44 -10 -15 -104 -41 
-42 13 1 -7 -4 -6 9 -37 
15 -18 30 10 8 -1 31 -76 
-21 23 8 11 6 -4 -63 -92 
21 10 -15 -26 2 19 127 127 
-10 -18 12 -2 6 -4 -68 -41 
-5 -30 -7 -21 -1 5 35 54 
25 16 -1 40 2 4 -65 -45 
-71 -4 36 0 -1 -6 -15 -35 
27 44 -62 -11 11 32 1 52 
-39 -31 79 55 4 -22 -115 -73 
2 -23 -36 -54 -11 4 37 2 
7 8 -29 21 -8 -15 -1 13 
41 16 22 6 7 3 -22 -22 
3 21 -13 -15 4 6 22 19 
5 8 -1 31 5 10 60 14 
-29 -17 -17 -38 -15 -12 28 -1 
13 -1 11 7 1 -6 -55 -31 
13 14 -40 2 5 8 18 32 
-2 -11 72 -11 -31 -10 0 5 
2 -4 -78 -27 8 0 -16 -3 
-17 -20 26 3 -1 2 -42 -12 
28 8 -34 -29 -2 -4 117 49 
-12 -6 -19 16 7 -3 11 5 
-12 11 36 9 -4 -1 -14 -20 
2 0 -23 -20 -5 -6 4 0 
-2 -11 5 17 9 2 -10 22 
8 33 11 -6 -28 -4 -10 3 
-12 -10 -29 -10 20 7 21 -36 
-6 -3 10 -9 -25 -18 -17 -2 
9 16 -15 -20 -17 -4 -22 32 
-11 -9 -8 -5 6 -6 2 -27 
21 5 30 -3 1 0 6 47 
-18 -13 -8 29 7 -7 -19 -32 
-16 -15 8 27 -2 11 -3 -8 
-12 -6 -27 -40 0 -12 -4 4 
-7 -6 12 -17 -3 5 4 -3 
-16 -9 -19 7 6 -1 -5 -5 
47 2 -15 3 -8 -3 -2 -7 
-22 -5 -12 31 10 5 -11 -2 
28 -9 13 -18 -9 -8 2 3 
-4 20 4 6 3 9 5 -18 
14 1 23 2 3 -1 -16 1 
-20 -3 2 -41 4 7 6 9 
-1 3 32 19 -7 2 26 25 
-26 -10 -41 -2 -3 -13 -22 -28 
9 17 10 -15 -3 2 -8 39 
17 -4 -15 16 12 1 3 -38 
-21 -3 -20 24 3 5 8 -1 
5 -1 28 -41 -18 -3 8 37 
1 -1 -6 10 5 -2 -11 -30 
15 16 1 21 4 1 2 43 
-5 -4 4 0 10 -4 -14 -34 
3 -11 -12 3 4 1 3 1 
-18 -20 -2 -55 -15 -6 -7 -2 
-10 -2 -20 20 -1 0 16 42 
12 6 9 13 3 2 -23 -59 
13 -2 8 -9 0 -6 -6 4 
-9 -9 4 0 -3 -3 -1 5 
7 -1 8 1 4 -5 -9 11 
-44 18 6 0 -6 -2 4 19 
38 12 -6 1 -1 6 -5 -60 
-30 -3 -15 15 7 2 -5 5 
31 -16 31 13 -3 -5 -4 -4 
1 -5 -9 -18 -4 -6 -7 -7 
-9 10 18 3 -1 -5 -3 12 
2 4 6 8 -8 -3 3 12 
-4 -6 -23 -9 9 5 5 -14 
12 -5 -9 4 -7 -1 -6 20 
-18 -12 12 -1 8 0 11 -3 
5 -1 -15 0 -11 -2 -8 -2 
-4 -8 -16 -7 -7 -6 -9 -10 
-2 28 27 3 -1 -1 10 17 
10 -9 -6 -14 -4 -4 -15 30 
-11 -21 -3 0 -2 0 -4 -20 
-21 11 2 8 6 -3 5 -69 
-8 9 -3 -2 -1 -4 -1 15 
66 -3 4 11 -2 5 4 18 
-29 -6 -20 -3 3 -2 -16 -7 
13 -1 -5 -7 -5 1 19 21 
-28 -13 12 0 -3 -2 -7 -10 
-5 4 5 15 0 2 15 26 
6 0 -20 -23 -4 -6 -2 -6 
-2 9 37 12 4 2 -17 -38 
12 -5 -20 6 -5 -4 -1 15 
-11 2 3 -15 -1 2 7 0 
12 -2 15 -9 6 5 -1 -9 
-15 -10 -24 5 -5 -4 -5 13 
9 -17 -24 -13 -9 -5 2 -13 
-19 -18 16 0 -1 -3 -1 7 
-11 14 16 8 0 -4 -6 1 
0 7 -11 -1 5 1 -4 -3 
-1 -10 5 -1 -11 -1 -1 6 
15 23 3 15 3 0 6 26 
-16 18 -6 -43 4 8 10 -39 
38 -26 -19 18 -14 -9 -28 42 
-4 -5 -10 -2 -1 -8 -4 -44 
-40 -23 -27 -14 -7 -7 0 -15 
16 10 22 13 0 0 -1 19 
-7 24 15 -5 4 7 15 8 
10 -2 -6 -4 2 5 -9 -3 
1 10 7 -1 -2 -3 -8 -7 
-6 18 1 18 7 5 19 12 
16 -7 -21 3 5 8 9 -7 
9 -12 -21 -43 -11 -8 -2 30 
-46 -26 -40 -10 -15 -13 -19 -54 
10 -12 0 8 -10 -10 -15 6 
-7 14 10 -2 3 -1 -2 -3 
21 12 27 23 15 10 10 26 
8 11 -4 -4 1 1 3 3 
4 -9 -12 -3 -2 -3 0 -8 
-1 8 18 8 2 2 -2 9 
-3 16 8 1 -1 10 29 24 
-4 -13 -9 -12 -4 -3 -16 -47 
-9 -6 3 13 1 -4 -6 -7 
28 -10 10 -16 -5 -6 -6 17 
-21 14 3 4 -1 -1 -1 50 
-20 -10 -8 -12 -1 -1 2 -56 
2 -9 -12 -4 -7 -10 1 -20 
-32 -2 -2 -5 -8 -10 -26 -20 
18 4 11 2 2 3 7 2 
0 8 17 6 3 -2 -3 12 
0 -4 -11 1 3 7 15 20 
-5 -3 -3 -3 -3 -4 2 -7 
1 -6 12 11 5 -5 -25 -22 
3 28 35 4 1 8 14 27 
-2 -24 -14 -6 -4 -3 -9 -4 
-18 -8 -8 -5 -2 -1 3 -6 
-4 -13 -8 0 -1 -5 -7 -10 
5 7 0 -2 -1 1 18 -2 
26 10 13 4 1 2 -11 9 
-5 0 -3 -5 -1 1 -1 9 
-31 -24 -33 -10 -7 -13 -19 -33 
19 5 -3 5 1 -1 -3 56 
-43 -4 8 -3 -5 -6 11 -39 
-8 -7 0 4 0 -1 -15 -33 
4 12 16 8 4 6 14 -12 
7 -9 -20 1 4 -8 -18 37 
14 -11 -19 -7 -15 1 2 2 
1 9 -17 -11 -1 3 3 -5 
-1 -7 18 5 -4 -7 -10 -23 
-5 0 2 3 3 5 -25 -3 
-1 9 11 6 0 -7 29 25 
-6 -3 -8 -9 -3 0 5 8 
21 -11 -8 0 0 -3 -5 -20 
-16 -12 -17 -6 -5 0 1 -4 
17 1 -19 -5 1 0 -15 7 
-12 -5 2 -3 0 2 12 -6 
-17 10 18 6 7 -4 -8 17 
21 2 -1 0 -1 1 6 -23 
-29 -3 -14 -3 -4 -2 -9 3 
36 -4 4 -12 -5 -8 -5 41 
-8 -5 -17 -13 -3 1 -12 -41 
-15 13 7 4 6 6 6 13 
32 -7 2 16 2 3 11 12 
12 16 -8 0 0 -1 -15 0 
-4 -3 16 -6 -6 -3 7 -1 
-1 -8 -5 0 0 3 7 0 
-7 6 35 -7 1 -3 -14 0 
-12 -35 -57 -4 -3 -3 -2 -17 
-18 8 -2 6 -6 -3 2 -10 
1 -4 5 -6 0 0 5 -7 
-6 -6 10 2 2 5 2 20 
2 8 20 11 5 0 -5 -11 
-21 3 9 -4 5 2 -3 -13 
8 -8 -21 -3 -2 11 15 -7 
5 -2 -10 -7 -3 -12 -23 30 
-11 3 14 1 -3 -2 0 -19 
19 1 -4 4 2 -1 11 19 
-6 -6 15 3 0 -4 -9 -10 
9 -10 -22 -8 -3 -1 4 -10 
1 24 16 7 11 10 22 -10 
10 -1 -12 -2 -5 -4 -20 16 
-21 -7 3 0 -6 -11 -21 17 
-6 -8 1 -11 -1 0 6 -38 
-2 1 12 1 -1 2 -9 33 
-4 -1 -5 1 -1 1 41 -12 
21 10 0 -7 -3 -10 -22 -22 
-3 -1 -1 15 7 1 -2 19 
-1 -12 -13 -19 -17 -4 -9 31 
-13 5 6 -2 3 3 -4 -15 
22 0 5 -5 -1 0 4 18 
-20 18 27 11 1 1 9 -50 
-23 -9 -32 -8 -4 -7 -5 -17 
14 -14 -15 0 -4 -2 -3 20 
16 -3 -14 -1 0 -1 -3 7 
10 7 24 -3 -1 1 -3 22 
-4 5 28 5 4 5 14 -18 
-10 -6 -17 -11 -8 -7 -16 -8 
-9 12 7 2 2 0 7 -10 
-11 -24 -12 -2 1 3 -3 3 
22 1 2 5 1 0 1 12 
12 30 34 7 2 3 1 19 
-22 -4 -8 -18 -8 -3 6 -28 
13 9 -6 -1 0 3 -1 7 
-28 -12 -14 -12 -5 -6 -6 -30 
-1 -25 -18 -1 -1 -4 2 -3 
2 20 0 0 -5 -6 2 21 
5 0 20 11 6 5 1 15 
25 7 4 -7 -2 -7 0 -33 
-45 -11 -19 13 2 -4 -12 1 
7 -8 -12 -22 -17 -4 1 9 
-13 -6 -33 -7 -2 -6 -12 -29 
-4 -6 -4 4 -1 0 9 3 
24 -18 24 0 1 0 -12 26 
-12 -3 19 13 3 -4 -11 -41 
-20 -36 -32 -9 -7 -1 22 -2 
-4 0 11 -4 -5 -12 -33 8 
27 47 7 -7 -3 2 6 1 
-8 -13 -6 3 4 2 6 32 
4 8 9 6 -2 -1 -8 -31 
4 -9 -6 2 2 0 5 5 
-17 -19 -20 -12 -9 -4 -6 -41 
18 -7 -17 2 -2 -5 -13 33 
-17 30 27 0 4 1 -10 -32 
-21 3 -20 8 0 0 -4 18 
5 -26 -3 -7 -1 3 -3 -12 
2 13 4 1 -2 -2 20 -4 
2 -15 -11 -1 -2 -2 -6 20 
-3 11 15 2 3 0 8 -6 
15 0 0 9 6 2 -3 16 
-20 2 4 4 -5 0 -8 -35 
30 4 22 -2 -2 -3 3 70 
-20 -17 -59 -19 -5 -2 -6 -43 
-4 0 -4 0 -4 -1 5 -14 
0 7 12 -5 2 1 -1 1 
-2 16 1 2 -1 -2 -1 -11 
8 1 8 6 -3 3 25 13 
12 9 13 5 4 1 -10 47 
-24 -34 21 -1 0 -1 -8 -64 
