#EMG
#2
#ID:2-65
6 1 -1 1 1 1 -3 1 
-10 5 -3 5 1 1 -1 1 
6 8 -12 -2 0 0 4 -11 
-9 -4 3 -5 -2 -1 1 -9 
2 -8 2 1 -4 -7 -8 5 
-1 -1 0 1 -1 0 -2 5 
3 -7 4 -1 -1 1 -5 6 
-4 5 7 4 -1 1 7 3 
-3 -2 -6 -5 -3 1 4 4 
6 1 2 0 1 -2 -7 -1 
-20 0 -4 -1 -1 -2 0 1 
1 -4 -13 1 0 0 -2 -9 
9 -2 2 -2 0 2 9 10 
-1 6 -4 -4 -2 -2 -16 -6 
18 -2 5 1 1 1 1 45 
-30 -21 -2 -3 -2 -2 -2 -58 
-15 -4 -4 0 -1 1 5 7 
8 3 0 -3 -2 -3 -7 -13 
0 -4 2 -1 0 -4 -4 5 
1 0 -10 -3 -3 -3 -1 14 
-3 -5 -7 -6 -4 -5 -9 0 
-7 9 7 4 2 3 16 17 
11 0 5 -3 -1 -1 0 -27 
-6 -10 -18 -7 -3 -1 -3 -1 
-8 -7 1 5 2 2 -3 -9 
3 -3 -10 -8 -3 0 0 2 
-6 -3 13 -1 -3 -2 -7 -8 
19 10 3 1 0 0 21 24 
19 -2 3 -3 -3 -5 -10 18 
-1 -9 -10 -1 1 -5 -12 -20 
-3 -3 -7 0 0 0 8 -5 
-10 7 0 -2 0 1 -3 -7 
2 -20 -12 0 -1 0 2 14 
10 3 6 1 -2 1 5 -4 
-10 -4 -1 0 -2 -2 -2 -7 
6 -4 -12 -3 1 0 -12 15 
-2 10 10 1 0 0 4 0 
-6 -3 2 0 0 1 -4 -26 
-2 -6 -6 -7 -3 -3 -1 -4 
11 18 2 1 -3 -1 -3 -3 
-15 4 5 0 0 1 -1 -7 
3 -10 -11 0 -2 -4 2 25 
-18 3 0 -4 -1 -3 -2 -33 
22 -13 -9 -3 -3 -2 5 12 
3 6 5 -3 -2 -3 -4 -10 
-5 4 7 -1 1 1 4 7 
13 -2 -11 -5 -1 -2 -3 12 
3 1 -4 -1 1 -1 -10 21 
-7 6 4 0 -3 -3 -4 -47 
-3 -4 -9 -1 -2 -3 -3 -6 
-8 -11 8 0 0 0 1 6 
-4 13 8 1 1 -2 6 2 
11 -12 -11 -3 -1 -1 -1 22 
4 8 3 1 -1 1 9 -16 
-8 1 -2 1 -3 -1 0 2 
-12 -13 -1 -3 0 -1 -5 -14 
-2 8 11 -1 -2 -1 -7 -6 
5 -8 -21 -2 -1 -3 1 6 
-5 3 5 4 -1 2 0 23 
-3 -6 -2 -1 1 -1 -3 -36 
3 -4 -8 -4 -4 -1 8 13 
4 -6 4 1 -1 -4 3 1 
5 1 -3 -4 -1 -2 -17 -1 
-13 0 14 -1 -1 -2 -4 2 
3 -4 -16 -4 -2 -1 -3 -3 
-12 20 9 0 -1 -1 0 4 
0 -8 -10 -3 1 1 1 -7 
4 -8 -7 -2 -3 -2 0 0 
-9 -5 -3 0 0 1 -4 6 
-7 0 3 -3 -3 -1 -1 -15 
-1 -5 -9 -3 -2 -3 6 -7 
2 3 21 2 1 -2 -20 -15 
-9 -14 -27 -4 -1 -2 13 17 
-17 -3 1 -4 -1 0 -9 -1 
4 -11 0 3 2 0 2 -5 
4 2 -10 -8 -4 -1 2 14 
1 2 8 7 0 0 2 11 
-10 -2 3 -6 -2 -2 -14 -62 
18 -3 -5 -3 -3 -2 9 10 
-29 12 -2 -2 -4 -2 1 4 
7 -12 1 -1 2 -1 -4 2 
-1 -5 -5 -1 -2 0 1 10 
-4 1 1 1 -3 -3 -7 -8 
3 1 2 -1 0 3 18 5 
-5 0 -22 -2 -2 -3 -18 -14 
-7 1 0 -1 -2 0 -1 12 
0 -2 1 -1 -2 -2 3 2 
3 -11 -12 -1 -1 0 1 -4 
-6 3 32 8 1 0 2 -11 
16 -2 -5 -3 1 -3 1 30 
-28 -12 -5 -5 -2 -1 -8 -28 
18 -1 -1 1 -1 -2 6 30 
-20 3 7 0 4 3 -6 -35 
-3 -3 4 -1 2 0 -13 -6 
31 8 -3 0 -4 -3 13 27 
-23 -4 10 -5 -2 -2 -5 5 
7 0 -13 1 -4 -2 4 8 
12 0 0 4 -1 -4 -4 11 
-14 14 7 0 -1 0 -9 -10 
-1 -17 -9 -9 -3 -1 -4 -13 
6 9 2 3 -3 -1 1 9 
8 -6 -3 -1 -3 -2 2 -2 
6 18 11 3 3 1 -4 -5 
-6 -9 -15 -3 -2 -3 -9 -13 
-1 7 -1 -4 -1 0 3 -5 
6 -12 -12 -6 -5 -2 -14 26 
2 6 15 7 1 -2 -4 -27 
-23 -14 -7 2 2 1 6 3 
3 4 -11 -7 -3 -4 -4 -18 
3 3 -10 -9 0 2 7 1 
-14 -8 13 7 -2 1 0 4 
23 7 -11 5 -1 -2 -5 9 
-7 2 16 0 -1 1 21 -2 
-7 -12 -8 2 -2 -6 -25 -4 
18 -2 3 -6 -1 0 11 15 
4 13 -3 0 -2 -1 -19 -28 
-1 -29 -16 -2 0 0 13 14 
-23 11 29 -4 -4 -1 16 3 
-3 -7 -37 -3 -2 -3 -13 5 
11 10 -3 5 0 0 13 46 
14 17 24 -18 -2 -4 -13 -44 
-31 -1 -10 -11 0 1 -1 -23 
-5 -10 7 18 1 -2 2 -1 
1 -38 -22 -8 -5 -5 -1 5 
2 43 6 3 1 1 0 16 
9 -14 -9 2 3 2 8 -2 
-7 -12 -13 -14 -1 -1 7 0 
-9 -20 10 -3 -2 -7 -32 -15 
5 11 -4 8 -2 -1 -9 2 
-17 41 -1 3 -2 1 20 2 
12 -19 -14 -3 -1 -3 -1 21 
2 16 24 4 2 1 -8 -9 
-11 -22 -20 -12 -3 5 26 -37 
24 24 28 16 2 -4 -18 12 
-7 -22 -21 -8 -6 -4 6 -3 
-21 -9 12 -5 1 1 2 -11 
-9 13 15 1 1 -2 -34 14 
8 11 -3 0 -2 2 -1 -2 
4 -5 4 -12 2 0 17 -12 
7 3 26 4 -1 2 15 23 
0 -28 -22 -1 -2 -5 -7 -12 
-6 -42 -15 2 -1 0 -14 -24 
8 28 5 6 -4 0 -7 16 
-17 -10 -19 -14 -3 -4 3 -14 
9 36 -23 4 3 3 -1 11 
-6 -30 13 -1 4 0 -9 10 
-11 -6 -1 5 -4 -2 -5 15 
-5 16 2 1 -1 0 5 -64 
8 3 11 2 1 0 -6 8 
0 16 -4 0 -3 0 2 -5 
13 -27 5 7 -4 -3 -17 -1 
-10 15 -2 -17 0 2 15 14 
5 -30 9 5 -6 -5 -6 17 
-12 -57 -25 6 3 0 -3 -22 
-7 14 65 3 2 2 9 6 
12 3 -2 18 0 0 -25 -43 
8 21 -11 -32 -2 1 21 25 
6 1 16 18 3 -1 5 16 
-17 -5 -65 -29 -7 -4 -10 -22 
15 42 4 9 2 3 3 17 
-26 -3 53 11 2 -1 -7 24 
3 7 -34 -8 -9 -9 -5 -36 
-3 3 -1 9 3 0 -5 -11 
7 16 20 0 0 4 -1 -11 
6 -28 -32 7 3 -2 6 13 
8 10 0 -18 -5 -8 -8 3 
-1 2 10 -3 4 7 14 18 
-9 -21 -23 -11 -9 -9 -36 -13 
1 8 4 4 -2 3 15 -3 
6 -26 16 -6 -1 -1 2 39 
2 10 8 1 -1 -4 -3 -52 
-13 1 -4 4 -1 -4 7 16 
-2 -12 23 -1 1 3 -10 -10 
3 1 7 0 -3 4 16 46 
-5 -6 -6 -6 -2 -2 -12 -33 
3 4 -23 -1 0 -5 4 -14 
11 32 24 1 -1 -4 -4 6 
-19 -12 -28 -7 -2 2 5 -11 
9 26 -4 3 4 3 -11 7 
9 -15 4 -1 -2 -5 5 38 
3 11 -15 4 -1 2 1 -17 
-4 -15 -2 -11 -6 -4 -9 -31 
-29 4 5 -8 0 2 -6 -6 
26 5 -14 -10 0 -2 -5 -6 
-21 -25 -11 9 -5 -2 14 18 
-4 6 13 -9 -3 -4 1 -8 
-8 -35 -3 11 2 0 -6 -15 
-16 -14 -3 2 1 6 36 24 
9 -7 -5 1 1 -5 -8 9 
11 29 17 7 3 2 -29 -25 
-13 -12 -21 -10 -8 -9 -35 -23 
-10 -9 -1 -10 -1 0 8 -22 
10 12 16 3 0 -1 10 -7 
5 -1 -6 1 -3 3 49 43 
5 14 0 14 4 -3 -19 0 
2 3 4 -11 -3 -4 -4 -1 
-19 -21 -26 -16 -8 -13 -76 -62 
3 14 7 8 5 3 27 20 
-14 3 12 -3 -5 1 50 44 
25 -3 -3 8 -1 1 -4 -4 
-21 -11 -43 -9 -7 -6 -32 -1 
7 -12 -16 -6 1 -1 23 19 
9 18 -15 -19 -3 -1 -3 -4 
-24 -27 -22 19 0 -4 -57 2 
0 -3 35 -5 2 6 58 14 
11 -2 -33 -31 -9 -12 -44 -21 
-5 10 8 2 0 1 4 4 
2 -5 9 5 3 2 -6 -11 
6 -4 -33 -7 -7 -1 -1 13 
-25 -16 -16 -4 4 1 1 -13 
38 1 22 10 -3 -8 -41 -4 
-25 -4 10 -41 -5 3 36 14 
-5 -15 -11 6 13 10 -9 -36 
15 13 6 20 -6 1 17 22 
1 -19 49 -15 0 2 17 59 
-2 7 -24 19 0 -8 -52 -35 
13 15 19 3 15 2 -3 13 
-22 -56 -37 -12 -19 -7 -16 -20 
-1 -29 5 -12 6 -2 0 -6 
15 35 93 31 3 10 39 54 
-3 27 -12 -15 -7 -5 8 -32 
-3 46 22 8 9 5 -15 -9 
-9 -32 -56 8 -7 -9 -8 -16 
4 -9 55 -2 4 1 16 3 
9 11 -50 -1 -12 -8 -6 38 
-12 -19 49 1 3 1 -38 -30 
-6 80 2 -3 -3 2 90 2 
14 -9 -50 -11 0 2 -4 47 
11 11 56 19 0 1 -40 -79 
-37 -22 -52 -8 -2 -6 14 7 
17 7 6 -3 1 4 -7 39 
-23 -26 -50 -7 -9 -10 -2 -52 
-4 0 16 0 2 7 15 28 
28 7 31 3 1 2 12 32 
1 4 1 0 0 -1 -31 -25 
-10 -8 8 2 -1 -4 13 3 
-6 -33 5 -6 0 3 -11 -13 
-2 29 -27 -3 2 -1 4 -22 
-4 -30 14 6 -9 -3 21 45 
24 61 -30 -3 4 -6 -12 -35 
-10 -8 -14 -3 -22 -13 -3 4 
-3 -38 48 -1 2 3 5 8 
-15 -17 -32 2 7 -9 -28 -35 
-4 -18 8 -2 -18 3 4 11 
-12 -13 -7 -3 0 -7 17 -3 
17 24 -5 -7 -2 -2 -12 -14 
-15 -28 -3 -10 -1 5 2 14 
-3 -23 -41 1 12 4 -12 -11 
-26 -15 42 29 10 -4 18 6 
-27 -25 11 -5 -20 -4 -3 -11 
4 33 -24 -17 -7 -9 -24 -40 
17 8 -32 -5 -1 -3 16 37 
12 49 8 -16 -4 -5 -7 27 
-6 -33 1 -9 11 3 0 -61 
-18 -43 -55 -4 -12 -7 -13 -18 
7 8 -9 -24 -11 -2 3 14 
13 -19 10 13 7 2 9 11 
-13 20 14 20 8 1 -6 -7 
23 7 14 -5 7 2 -5 3 
-38 -27 40 10 -16 -5 13 -2 
12 -21 -41 -16 0 -3 -10 -20 
2 21 -21 22 -2 -3 -3 28 
31 10 51 1 1 3 -9 29 
-28 -7 -15 0 6 3 10 -68 
-3 -1 -28 -17 -7 -3 10 60 
5 -24 6 7 -3 -3 2 -61 
-23 22 2 6 2 -2 -4 8 
8 -5 16 -4 11 9 -5 11 
13 9 -9 4 -8 0 3 25 
-30 19 11 -10 -1 0 2 -2 
-7 -13 -8 0 -2 -2 8 -31 
3 23 12 1 -1 2 4 5 
-9 4 15 1 2 -2 -15 18 
16 -11 -23 -3 -3 -7 -5 12 
-2 -2 6 1 -3 -3 -4 2 
-27 -11 -13 -6 -8 -4 -6 -20 
14 16 7 -8 -4 -3 1 -8 
12 20 -11 6 5 3 -3 40 
-4 -11 -12 -8 -5 0 1 -29 
12 -5 -17 -13 -3 -6 -6 5 
-14 -16 1 1 1 1 -3 -50 
12 3 14 -3 -2 -5 -5 26 
-14 1 5 9 1 4 12 4 
9 20 16 10 2 -2 -3 32 
-22 -11 -6 -7 -3 -1 -1 -53 
-4 2 -6 -2 -1 0 3 10 
14 12 2 2 -1 -2 -1 10 
20 5 -6 -3 -2 -3 0 18 
-30 -7 8 3 5 0 -8 -32 
1 -28 4 8 0 4 -1 -15 
-6 -2 -12 -8 -1 3 8 2 
9 -4 30 1 -3 -3 -8 1 
20 5 -21 -2 -4 -1 0 28 
14 7 0 -3 2 2 4 58 
-26 -14 -12 -3 -3 -2 -6 -93 
5 -2 5 5 0 -1 -7 3 
4 26 -18 -2 0 6 11 22 
-9 1 1 -3 -4 -2 -4 -7 
10 1 1 3 -1 -1 0 28 
0 6 4 -1 3 -1 -4 0 
-5 -8 -1 -3 -1 -3 -1 -28 
-5 6 4 -4 -2 6 7 4 
-3 -5 -5 -2 -3 -7 -4 33 
-5 -4 -14 5 1 0 -3 -18 
-11 -2 16 0 -2 -2 1 24 
30 4 -14 -10 -4 -2 1 8 
-18 -2 -2 14 4 5 4 -10 
-11 -9 -4 -3 -4 -3 2 2 
-11 -11 -3 -4 -6 -4 -11 -55 
11 -13 -11 -3 -2 -6 -4 4 
17 3 26 8 8 5 4 13 
-5 11 -4 0 -1 0 1 10 
7 -22 -17 0 1 3 4 12 
-10 -6 3 -13 -6 -6 -4 -22 
4 -1 1 -2 0 1 2 19 
-9 -5 -12 1 -3 -1 -5 -25 
-1 -2 3 1 0 -1 -2 1 
-11 10 5 2 1 -1 -3 -6 
24 -3 -2 5 1 0 0 6 
14 8 7 -3 -1 -2 -1 19 
-24 -9 -2 1 0 -1 1 -13 
-3 -5 -27 -7 -3 -3 -1 -7 
-4 9 8 2 -4 -2 -3 7 
0 -10 -12 -4 -1 -3 -5 -9 
6 6 8 -3 0 1 3 11 
-4 7 4 0 -5 -3 0 -9 
9 -6 -12 -3 0 -1 0 7 
-10 -2 5 -1 0 1 2 5 
-16 18 -6 -3 -3 -4 -2 -18 
17 -3 -8 3 1 0 -1 21 
-20 -3 6 -13 -5 -1 -4 -49 
-21 -5 -9 1 -2 -1 0 8 
28 1 5 0 -1 0 1 6 
-8 -1 3 6 5 -1 -1 6 
4 1 7 -10 -10 -2 -4 9 
-1 -4 -10 0 1 0 7 -11 
-2 -8 2 -6 -5 -2 -7 21 
1 6 1 1 2 -2 -3 -20 
-2 3 3 7 3 0 -1 6 
10 13 7 -1 -2 0 -2 -6 
-12 -11 -20 -5 -1 2 2 2 
-6 -13 -8 -6 -3 -2 -1 1 
-14 -1 -7 -1 -1 -3 -6 -18 
0 0 13 0 -3 -3 -3 -9 
9 5 -16 3 1 -2 -1 12 
-2 -20 14 0 -1 1 -1 -4 
8 4 4 -3 -2 -2 4 13 
-15 -18 -10 0 3 1 -3 -13 
-4 7 10 -4 -4 -3 0 -1 
-6 -7 -15 -8 -6 -3 -7 -6 
0 -2 3 -1 3 1 0 -5 
-2 -3 4 8 -1 -2 -2 4 
20 0 1 2 -1 1 4 21 
1 12 13 7 3 -1 -2 -29 
-5 1 -3 0 -5 1 -2 2 
2 11 -4 -6 1 2 -2 -8 
-9 -18 -6 -2 -2 -3 0 10 
3 11 2 -2 -1 -3 -2 15 
0 -8 -5 6 1 -2 -3 -24 
-1 4 5 0 0 -1 -5 -3 
12 7 9 2 -1 1 5 20 
-6 -12 -12 -5 -3 0 4 -37 
-17 -5 -6 -2 2 -3 -7 7 
1 -8 -13 -6 -8 -1 2 12 
-7 -6 3 -2 -2 0 -6 -31 
1 10 5 -1 -1 -1 -1 11 
15 -13 -3 -2 -2 1 2 7 
-13 4 9 3 1 -5 -6 2 
1 22 3 1 0 2 1 3 
-2 9 -1 5 4 0 1 1 
-4 -5 -10 -10 -13 -7 1 -2 
-13 -7 0 -3 3 1 3 41 
10 0 18 6 -3 -2 3 -45 
-13 -5 -43 -8 -3 -4 -12 -14 
8 7 14 3 2 -3 -2 16 
-2 -6 0 -1 -4 -2 -2 -23 
2 0 6 -1 1 -2 0 29 
6 -3 18 4 -1 1 4 16 
-3 2 2 6 5 0 0 -12 
11 -6 -25 -8 -7 -5 -3 -2 
-23 -15 -1 -3 -2 0 -5 -9 
4 9 9 0 -3 0 1 5 
-4 -25 -9 -3 -1 -3 -3 -12 
6 8 10 -1 1 2 4 -12 
-14 -2 -22 -4 -4 -5 -12 -1 
-3 -16 2 -4 -2 -1 1 11 
2 9 3 -2 -2 -2 -1 -7 
5 2 -8 1 -1 0 5 0 
2 -11 -3 -2 -1 -1 0 2 
-4 0 12 2 0 -2 -6 2 
-5 9 -34 -7 -1 0 1 7 
7 -11 -1 0 1 1 -4 -8 
12 -1 7 -9 -7 -4 0 6 
3 5 15 -1 -3 0 1 -8 
-29 -3 -7 0 0 -2 -2 -5 
0 8 1 4 1 0 -1 -4 
2 1 9 0 -1 -2 0 24 
2 0 -12 -2 0 -3 -2 -39 
4 1 1 -3 -2 -1 -1 14 
0 -9 -2 -2 -1 -2 -2 18 
-19 2 13 2 0 -2 -4 -45 
-2 -5 -1 1 -2 -1 0 13 
3 5 0 -2 -1 1 0 -2 
-4 1 1 -2 -1 -5 -4 1 
7 -1 -9 -1 0 0 1 8 
0 13 4 -2 -2 0 -3 2 
8 18 25 15 9 3 7 5 
-3 -12 -23 -2 -4 0 2 15 
14 -16 -5 -16 -7 -7 -16 -40 
4 -7 -7 -3 0 -1 0 6 
5 -10 0 -4 -2 -1 -4 -12 
-18 25 17 5 0 1 2 -7 
-9 -5 -8 6 4 1 4 7 
6 -17 4 -2 -6 1 1 18 
13 8 -2 4 3 1 1 6 
-12 -8 3 -7 -3 -1 -6 -14 
18 1 -5 0 -1 1 1 13 
-30 -6 -9 -8 -2 -4 -4 -13 
-3 -5 -11 -8 -7 -6 -2 6 
6 8 8 0 0 0 -2 -17 
0 2 -5 4 3 0 1 18 
6 -9 13 6 4 3 2 4 
-6 -11 4 -3 -1 2 -1 -10 
10 -10 -20 -1 1 -1 6 33 
-16 -3 -10 -5 -4 -4 -13 -38 
-1 6 -9 -8 -3 -2 -1 -21 
-6 3 0 3 -2 -1 -2 2 
5 -5 13 -6 -3 -4 -3 -14 
-5 5 -11 2 1 -1 4 20 
-4 -9 -10 -4 -1 -3 0 3 
0 6 9 1 -1 1 -6 -5 
6 -1 3 1 -1 2 3 6 
-9 -9 -3 -1 -1 -2 -2 -7 
-1 28 1 1 -2 -2 -5 -7 
2 -18 -5 -9 -5 -4 0 -1 
1 12 -7 1 -1 -4 -5 -7 
-15 12 9 1 1 0 6 -1 
6 -4 0 2 0 -1 -1 4 
1 12 14 5 2 1 8 22 
-8 1 3 -1 -4 -4 -10 -30 
14 -6 -9 -4 -5 -2 -3 0 
2 4 4 2 1 -1 0 12 
1 7 -7 -4 -4 -2 0 -7 
-3 -4 -4 -4 -1 0 2 8 
-2 -6 5 0 0 3 2 7 
3 -6 -12 -2 -2 -1 -1 1 
-16 -13 -4 -3 -1 0 -2 -5 
4 7 9 4 1 0 0 0 
-7 5 -8 -2 1 -1 -1 0 
0 -19 -1 3 4 -2 -3 -5 
7 -7 -16 -8 -12 -4 -3 20 
-12 -7 -3 -2 -3 -4 -8 -44 
-6 8 4 2 2 0 3 12 
-4 -3 17 0 -1 -1 -2 -3 
14 2 -4 3 3 -2 2 0 
-21 -9 2 2 -1 -2 0 -6 
9 -6 3 -4 -6 -5 -1 14 
-13 11 -10 -1 0 0 -1 2 
19 5 20 1 4 2 5 -9 
9 5 -5 1 0 -1 -11 2 
9 -7 -6 -4 -4 0 3 7 
-26 -13 -13 -5 -3 -4 -2 -15 
-2 0 -2 -1 -1 -2 -2 17 
8 7 0 -1 1 0 5 21 
-4 10 3 2 -1 -4 -6 -19 
11 5 14 4 -2 -3 0 8 
-6 -19 -40 -11 -1 -1 -2 5 
-7 -8 -11 -1 -1 2 5 2 
-6 -2 -12 -3 -3 -6 -12 -20 
5 -1 3 -3 -3 -1 2 2 
-8 9 13 3 1 -2 -4 -14 
13 2 -1 -2 1 2 1 7 
3 9 1 2 3 0 3 13 
-31 -6 -14 -4 -6 1 -3 -15 
-2 -4 -7 -12 -3 0 -1 -1 
-1 -2 -5 -5 -2 -3 -6 -5 
1 2 7 0 1 2 4 4 
9 -2 -1 1 0 -1 -4 0 
-10 1 4 6 0 0 -4 -12 
14 -1 -1 2 -1 2 5 24 
0 5 -3 -3 0 -3 -7 11 
-22 -15 5 -3 -3 -3 -4 -50 
-5 1 -2 1 -2 -1 -1 1 
1 -1 1 -3 -4 -5 -4 -20 
5 -1 -4 4 0 1 3 19 
7 -1 -2 -3 -2 -3 1 23 
-2 -6 -14 -4 -2 -2 -7 -25 
-9 1 11 -1 0 2 4 13 
-7 -16 -11 -5 -2 -1 -1 -16 
7 0 -4 -5 -2 0 -2 5 
4 13 15 3 0 -1 0 14 
11 9 8 1 0 0 -1 -24 
-17 -16 -12 -3 -3 0 4 -3 
15 1 12 -1 0 -3 -1 0 
2 -11 -17 -1 0 0 5 13 
-20 3 3 -4 -3 -5 -8 -11 
10 -6 14 1 -1 -2 -1 5 
1 3 -7 1 1 1 0 4 
1 8 13 8 2 -2 1 0 
0 -4 0 -11 -6 0 -3 -7 
-9 -29 -14 -3 -2 -2 -4 1 
8 0 -10 -9 -4 -3 -4 -19 
-1 -10 -3 2 1 -4 -5 -1 
1 3 -6 1 -2 -1 1 1 
-4 2 14 0 -3 -1 -1 -1 
9 2 -13 1 0 0 3 16 
4 3 6 -5 -4 -2 -4 -8 
-24 -11 -10 -4 -4 -6 -4 -9 
2 4 -1 -3 -3 1 1 -18 
1 2 7 2 1 -1 3 9 
2 0 9 -2 1 0 1 -11 
-2 0 2 3 0 2 2 20 
-2 -6 -19 -4 0 -2 -4 1 
4 -8 -4 -4 -1 -1 1 0 
-11 7 -6 0 -4 -1 -4 5 
14 -27 -8 -1 1 -2 0 35 
-11 -1 8 0 -1 1 1 -59 
-2 8 5 2 0 -1 -6 5 
-4 -6 -16 -6 -6 -5 0 1 
4 10 6 -2 1 -2 -5 -9 
-3 -3 4 0 -2 -2 0 17 
0 -2 0 1 -3 -1 1 8 
-18 -3 9 6 3 -1 -1 -14 
1 5 -11 -12 -8 -1 -1 9 
1 -6 -14 -3 -1 -1 -1 -12 
-4 0 -1 -5 -4 -3 -2 -6 
2 1 6 2 2 -1 -2 11 
0 -1 -12 3 -1 -1 1 -12 
3 4 15 -2 -3 -2 -4 20 
-9 -5 -5 0 -1 0 0 -7 
11 4 -2 0 -2 0 -1 -16 
0 -1 4 0 1 0 0 -1 
0 -9 0 -1 1 -1 -1 0 
0 12 2 3 2 1 -1 7 
-6 -2 -3 -5 -3 -2 -2 0 
-2 -1 -3 0 -2 -1 2 -15 
6 4 2 1 2 -2 -1 16 
-3 -6 -2 -4 -3 -2 0 1 
-1 2 2 1 -1 0 1 -4 
-2 -2 -2 -3 -1 -2 -3 -5 
-5 -1 -3 1 0 -1 -2 0 
1 0 0 -1 -1 -2 1 4 
0 -5 -2 -2 -3 -4 -2 -7 
-4 -1 -3 0 0 -5 -1 -6 
1 1 1 1 1 0 0 3 
1 -5 -5 0 -2 -2 0 -3 
-5 1 -1 0 1 1 0 -2 
0 0 1 4 0 0 0 -3 
-2 -9 -10 -5 -4 -1 -2 0 
1 8 2 0 0 -1 0 3 
1 4 5 1 1 2 6 11 
-6 -3 -6 -2 -3 -3 -12 -15 
-3 -6 0 0 -2 -1 0 1 
-7 -1 -3 0 1 0 0 -16 
11 5 -6 -6 -2 0 0 11 
-18 -2 7 1 2 0 2 -6 
24 -4 -14 -1 0 -1 0 7 
-21 -3 8 -4 -4 -3 -6 0 
-3 -3 -3 0 0 -2 -5 -10 
4 -1 10 2 1 1 1 2 
3 8 3 0 -2 -4 0 13 
-1 -11 -8 -2 -1 -1 1 -25 
3 12 -1 -4 -3 -4 -6 -6 
0 0 0 -2 0 0 0 -1 
-4 -6 15 -4 -3 -3 0 15 
5 11 -10 0 1 0 1 -11 
-6 -4 5 0 -1 -1 -1 1 
8 3 -7 1 1 0 6 1 
-6 20 13 -1 -1 -2 -3 -5 
15 -8 -4 0 -1 0 0 21 
-17 -7 -5 -3 -2 0 0 -10 
9 6 6 1 1 0 0 -13 
-7 -6 2 2 2 0 0 12 
-3 -1 -6 -2 -2 -2 -2 -30 
3 -2 -3 -3 -3 -1 -3 2 
9 1 -2 -3 -4 -3 -4 6 
-21 -21 -19 -6 -3 0 -3 -23 
6 -2 9 2 2 0 -3 23 
-1 -7 -14 1 -1 -2 2 0 
2 -5 6 -4 -2 -2 -1 5 
1 14 2 1 -1 0 1 -7 
-6 -11 -9 -2 -3 -3 0 3 
0 6 8 0 0 0 -1 3 
-4 -10 -24 -4 -2 -3 -2 9 
-9 -13 0 0 -1 1 5 -9 
3 -1 2 -4 -2 -3 -14 8 
0 4 10 1 -1 -1 0 -1 
-3 -1 -7 -3 -3 -2 0 -7 
22 -8 -7 -5 -1 -1 -2 4 
-31 -4 -1 0 -1 1 2 -4 
3 -3 -5 -1 0 -1 -1 6 
-5 -1 1 -2 -2 -2 -3 -5 
5 21 -14 -4 -2 0 0 30 
-1 -12 13 -3 -2 -2 -3 -36 
-5 4 7 2 -2 -2 -1 -11 
-8 -3 0 0 0 0 0 0 
-3 1 -3 0 0 -2 -3 -12 
6 8 0 3 1 -1 1 28 
-2 -17 -5 -3 2 3 3 16 
-7 5 -7 -3 -2 -4 -9 -59 
