#EMG
#1
#ID:1-82
-7 -5 3 12 -1 -3 -15 -1 
1 19 16 6 3 3 -18 -28 
-10 -31 -23 -14 -9 -7 7 18 
0 18 7 -4 4 2 4 -14 
6 -10 2 6 -3 -5 -4 17 
-13 -1 -8 -4 -1 -1 -3 0 
8 11 15 11 3 0 12 11 
9 7 -1 -9 -4 -1 -8 -4 
-13 -1 -7 9 -3 -2 -3 -8 
3 -3 -3 -2 0 0 7 -1 
21 0 -18 -6 -1 -1 -6 28 
-20 -3 5 1 -2 -3 -9 -39 
-2 4 3 -3 -2 2 10 9 
0 -4 -1 -1 -3 -1 1 0 
-11 20 -2 1 -1 -1 0 -6 
-7 -6 7 6 0 0 21 24 
5 -10 -11 -11 -3 -4 -4 27 
6 4 2 -2 0 -1 -5 -27 
-8 -3 -9 -3 0 0 -10 -24 
9 5 26 7 4 4 2 -13 
5 10 -21 -5 -3 2 2 18 
-1 -12 -5 -6 -1 0 14 -7 
-10 1 -4 4 -5 -4 -6 -7 
-3 -13 -6 -4 -1 -2 -17 -2 
3 -4 -13 -4 -1 0 4 -7 
7 1 -17 -5 -2 -2 5 12 
-1 4 30 9 2 0 -12 -7 
-12 1 3 -8 -5 -3 5 6 
2 -2 -6 -3 -1 1 1 0 
5 -3 2 7 0 -3 -5 17 
15 13 -1 -8 0 0 -1 -5 
-22 0 -12 0 -1 0 10 12 
9 -10 9 -2 -4 -2 3 -7 
-19 -14 0 -3 -3 -2 -9 -6 
10 -2 -11 1 0 2 -8 15 
23 5 4 -13 -1 -2 0 -9 
-33 -4 -5 -4 -3 -2 -2 -20 
2 8 5 15 0 0 -9 7 
8 -6 -17 -24 -2 0 29 13 
-12 -7 -4 -1 -4 -4 -25 6 
3 -6 0 -1 2 -2 15 6 
-12 -1 -4 1 -2 -1 5 -8 
15 0 25 15 4 3 9 37 
-5 -12 -38 -12 -1 -2 -9 -33 
1 5 14 8 0 -2 -20 -23 
4 -4 8 -1 -2 -2 23 28 
-10 -6 -13 1 -2 -4 -1 -10 
21 3 3 1 0 5 10 2 
-6 2 7 2 -1 -3 -11 30 
-23 2 -6 -1 4 0 -12 -20 
-4 -18 16 -1 0 0 -41 -21 
-3 2 7 8 2 2 12 -32 
13 -2 -8 1 1 0 8 4 
-13 -5 24 -5 -4 -3 0 6 
-16 -10 -28 4 3 0 -4 -28 
6 -2 -18 -14 -4 -7 -36 1 
5 -6 2 -1 -3 -2 16 8 
-10 14 1 -4 -3 -2 -7 -15 
20 22 11 7 3 1 4 49 
-2 -6 6 6 0 -2 -11 -53 
3 4 -7 -6 1 2 8 -9 
-14 -14 -2 1 -1 -2 6 24 
-26 0 10 -10 -4 -3 3 -14 
8 0 5 10 -2 -2 0 26 
2 7 -4 -3 0 3 -1 27 
10 3 -21 -6 -2 -6 -22 -36 
3 -13 -3 -2 -4 0 22 -16 
4 6 20 -3 -1 3 41 42 
-26 -19 -23 -19 -8 -7 -48 -33 
13 2 -25 -3 -1 1 -5 8 
-26 -5 3 2 -2 -2 15 -25 
20 0 -3 -4 -2 -5 5 31 
-10 7 4 -2 -2 -2 -11 6 
5 -3 15 -2 -1 -2 -11 -29 
-13 10 13 -1 1 1 -1 -15 
1 -2 -26 13 3 2 -12 21 
17 0 16 5 -1 0 6 -5 
-3 -1 -18 -10 -4 -5 -28 -25 
8 -2 3 8 -1 2 -1 16 
9 3 2 -17 -2 -2 10 0 
3 2 -9 23 5 -1 -5 -21 
1 5 11 -11 -6 4 41 23 
5 16 -9 -6 -2 -4 -39 -11 
10 -19 3 3 -4 -2 4 36 
-24 -3 1 -4 -1 -2 -10 -40 
-2 -5 0 1 1 0 32 19 
5 1 0 5 -2 -2 -3 2 
-13 6 11 2 4 4 -19 -16 
19 -4 -2 -11 -5 -6 -11 -14 
-7 -8 -8 10 1 1 40 34 
2 -8 1 -4 -3 -3 1 -11 
-5 8 2 6 1 0 -5 -22 
32 7 7 -7 0 -1 8 33 
-41 -26 -8 -5 -3 -2 -6 -8 
11 -1 -18 -2 1 -1 7 12 
-6 4 27 -1 -3 -3 6 13 
-2 -1 -6 13 3 3 -14 -29 
19 -1 5 -7 -4 -1 -8 29 
-14 2 -6 -5 -3 0 7 -46 
-14 -11 -20 -9 1 0 -9 11 
5 11 10 -6 -4 -3 9 13 
-11 -17 -2 7 1 1 -13 -7 
2 2 15 -3 -3 -2 -4 -1 
-2 -13 -34 -6 -3 -1 2 -9 
-19 15 1 -7 -3 -2 6 -5 
22 13 1 -3 1 -2 7 -9 
3 -8 4 3 0 -2 -7 6 
-14 1 11 -1 -2 -1 -2 -9 
1 -11 -12 12 1 1 5 1 
8 -3 -5 -27 -4 -4 -19 -5 
-28 -2 -5 2 -3 2 43 17 
-9 -5 -6 -1 0 -2 -13 -12 
2 -3 2 6 -2 -3 -9 -38 
-6 1 -8 -14 -3 -1 -22 19 
2 -5 -17 -19 -6 -3 -9 -60 
-12 -6 0 0 1 2 10 6 
-41 -17 -4 1 -5 -3 -1 3 
37 6 7 12 0 -1 16 8 
-4 17 -3 -11 -3 -3 -5 16 
1 7 3 1 -4 -4 -14 -11 
-17 -2 16 -7 2 3 20 -2 
12 11 -6 1 -5 -4 -3 12 
9 1 -4 3 1 -1 -4 20 
-11 3 10 -2 1 -2 -7 12 
20 -5 4 18 2 3 1 -13 
-10 -3 0 -27 -5 -1 -13 -24 
3 -2 3 15 4 -3 -10 -4 
6 -6 -7 -14 -5 -4 2 9 
-4 -8 5 0 2 1 5 19 
12 5 -20 -1 -1 -4 -20 4 
-8 -16 15 2 1 3 5 -9 
4 -3 -33 -7 -5 -1 -1 -19 
9 17 6 2 -2 -4 -34 4 
-7 12 5 4 3 3 20 -1 
14 -7 6 -1 -2 -1 -3 35 
-24 3 12 5 -3 -4 -6 -25 
1 -3 -21 -11 -4 -1 4 11 
-11 -2 3 7 3 -6 -41 -34 
10 -2 -16 1 -1 -2 7 16 
8 -2 22 0 3 -1 3 8 
-7 2 11 10 -1 3 6 -17 
-3 -4 9 -8 2 -2 5 16 
1 -2 -2 -6 -1 -1 -4 4 
17 2 -11 -4 -2 -2 0 -4 
-10 -2 -7 -10 0 1 -1 15 
-9 2 -5 21 -3 0 5 -26 
5 -12 2 -2 -4 -4 -9 -1 
-1 3 -30 -15 -2 3 7 5 
18 3 32 0 -4 -6 -8 18 
-3 -4 7 10 1 1 -40 -7 
-17 5 -8 -10 -1 -3 4 -27 
-13 -4 -9 9 -1 -3 1 9 
19 3 2 -5 -1 -2 12 16 
-5 -3 17 6 -1 2 -3 -14 
5 6 -5 -3 2 2 -12 -10 
0 -4 25 30 5 1 -1 -27 
-6 -20 -63 -57 -9 -7 1 50 
-12 -4 -14 3 -3 -2 17 -17 
-5 -17 -9 -2 -3 -5 -15 -55 
16 11 17 1 0 2 17 11 
-38 -12 5 23 2 -1 -10 -10 
6 -13 6 -4 -3 -1 9 37 
-3 -8 -35 -5 -2 -1 28 20 
5 3 21 0 0 -4 -18 -3 
1 -4 -4 5 -1 1 7 -23 
9 18 -5 -4 -3 0 -9 5 
3 16 19 6 0 2 -29 -10 
-26 -15 -7 7 -4 -1 25 9 
3 9 0 -25 0 2 -1 -17 
12 -5 -15 -1 -4 -4 12 11 
-6 14 4 0 -1 -3 -8 4 
7 -3 2 -1 -5 -4 -10 7 
-10 -9 -27 7 1 -1 -26 -46 
13 -9 11 -13 -4 -1 14 -14 
-17 -4 -3 3 0 -4 -14 25 
-18 -5 -17 -18 -4 2 20 -69 
20 18 37 26 4 -3 -42 7 
2 11 2 -1 -2 4 26 24 
6 -4 11 3 1 -2 10 0 
4 -3 -17 2 -2 -1 -13 21 
7 -6 13 -5 -3 -3 41 18 
-10 11 -1 -4 3 -2 -24 -14 
3 -5 14 -1 0 1 9 9 
14 -7 -8 5 0 1 -25 13 
-15 -1 -13 -6 -3 4 64 2 
-10 21 6 5 -2 -3 4 14 
-7 6 1 3 1 3 -16 -10 
1 -20 -6 -7 -5 -4 10 9 
21 12 0 8 8 3 -2 27 
-21 -14 -8 -5 -5 -4 -24 -80 
11 7 -6 -3 -1 2 8 20 
-9 22 27 -2 2 1 -6 -7 
-7 6 -35 -12 -6 -2 5 16 
4 -36 -25 0 4 3 11 11 
2 -1 28 16 1 0 -5 -3 
7 19 -47 -33 -7 -6 -7 -3 
-3 -18 13 2 1 1 -15 2 
-11 -2 -4 6 0 -1 2 -20 
12 5 11 -4 -1 -2 1 -1 
-5 0 2 8 2 -3 1 13 
-3 -5 30 10 1 0 -8 -24 
-7 -2 2 -8 -4 -4 -13 18 
-7 -5 -19 -10 -1 0 2 -2 
3 -12 -1 -9 -4 -3 5 11 
-6 -4 15 3 -1 0 -10 -26 
-6 1 -17 1 3 3 4 9 
-8 -14 -4 0 -2 1 9 -6 
-1 -2 5 -2 1 0 -11 -1 
3 0 -12 -7 -6 -6 -4 -3 
7 11 12 6 2 -1 2 8 
-6 -5 -15 -4 0 -2 -1 -10 
5 8 13 3 -1 0 -1 6 
5 -9 -7 -2 0 1 2 14 
4 4 7 -4 -5 -2 7 -31 
-8 -7 -20 2 -3 -2 -6 6 
13 -4 -3 -14 0 1 -5 -11 
-25 -1 31 -1 -6 -6 -3 9 
-7 -23 -31 -4 -2 -1 2 -5 
3 -1 0 -9 -7 -8 -21 -7 
-17 -10 -14 12 5 2 2 -6 
12 7 7 1 4 5 5 -7 
4 6 27 1 3 -1 1 54 
14 7 5 11 1 0 1 -59 
-16 -8 -9 -4 -2 -2 -10 9 
-2 -12 18 2 2 1 13 -8 
6 19 12 13 1 -1 -6 11 
-4 -5 -22 -16 -3 -6 -1 26 
15 20 13 1 0 0 -2 -15 
-4 2 -16 1 4 -1 -10 -23 
-8 -1 26 7 -6 -1 8 6 
1 -11 -6 -3 -1 1 0 -2 
-15 10 5 -2 0 -1 -7 0 
8 -1 -8 11 -2 -3 -3 29 
-5 0 -22 -22 -3 -3 -9 -47 
14 -13 18 -19 -4 1 10 36 
-23 -14 -25 0 -5 -4 -25 -12 
-23 0 3 5 -1 4 15 -24 
12 -11 -14 8 1 -3 -5 0 
1 5 18 0 -1 0 4 8 
8 -6 3 -4 -3 -1 -8 -2 
-7 -5 -38 -15 -3 -3 -5 10 
5 -2 7 10 -2 -4 -6 6 
1 -2 -20 -7 1 2 -1 -1 
-55 -1 38 -1 0 -1 -5 -43 
25 -3 -39 -4 -3 -1 -1 13 
-1 -16 6 -8 -2 0 4 17 
-6 17 28 33 3 3 11 -12 
19 -1 -53 -42 -10 -6 -5 -4 
1 -2 17 0 0 -4 -18 -2 
13 7 -5 4 2 4 23 -18 
-12 27 12 9 3 0 -13 4 
-5 2 -3 -2 -4 -3 0 -1 
-8 -11 8 6 2 2 8 -16 
10 -10 3 -13 -2 -5 -25 32 
-16 -12 -7 -4 -4 -6 0 -15 
13 -12 5 9 4 2 7 -6 
26 10 -10 -7 -1 -2 -7 26 
-33 9 8 11 4 6 10 -43 
0 -23 -24 -6 -6 -8 -3 2 
6 -4 -19 -10 -5 1 16 42 
-7 23 -10 5 -2 -5 -4 -32 
3 -1 -52 -22 -2 1 14 42 
-9 5 31 4 -2 -10 -65 -104 
15 7 14 23 2 5 62 74 
-12 2 -34 -42 -11 -9 -1 12 
-10 -3 44 8 3 0 -6 11 
-10 7 -50 -31 -5 0 12 -28 
5 7 24 9 0 -3 17 29 
-7 9 -7 11 2 -2 -50 -28 
22 9 -5 1 -2 0 -27 -26 
-46 -28 22 5 1 1 8 42 
23 37 32 0 -1 -6 -3 61 
16 16 -15 -5 1 5 52 -30 
-15 -15 31 -4 0 1 -9 -4 
7 7 26 10 3 7 -14 0 
13 4 -8 16 4 0 -12 -11 
-11 -3 49 2 -4 -3 2 -3 
-4 -6 -72 -16 -5 -8 -25 -12 
-18 -13 10 2 -3 -2 -9 -15 
3 -24 -12 1 2 5 77 38 
-2 -7 -36 0 -5 -2 -6 13 
-9 -16 14 13 2 -4 32 -8 
4 -24 -44 -13 -3 -5 33 40 
3 20 6 -12 -4 1 -45 -25 
-14 -75 63 14 3 -1 -14 -43 
0 34 -8 -4 -5 -2 16 19 
9 12 8 24 7 5 -1 11 
-10 -2 17 -9 -3 -7 -34 -26 
-4 0 -13 -2 1 0 22 19 
-1 -31 35 13 2 -2 9 -48 
18 -35 -4 -4 0 -1 -26 -7 
-32 -11 -43 -6 -4 -2 20 -10 
18 28 16 -7 -4 -1 8 42 
-5 -2 -7 3 0 -2 -10 -26 
1 39 21 15 -2 -6 2 6 
-3 -24 -15 -32 -5 2 -25 -58 
-3 10 -47 -4 0 -2 22 17 
16 -12 3 -1 -3 2 16 35 
-5 -30 -17 3 0 -2 7 3 
5 40 46 15 10 8 -21 -8 
6 1 -8 -2 -3 -8 -60 -26 
4 3 -23 -9 -5 -6 -8 25 
6 -54 -43 -10 0 8 34 -5 
0 49 74 4 -5 -5 -17 5 
-8 -24 -34 13 1 -1 -17 -54 
-13 33 34 -7 -3 1 2 14 
27 16 -6 1 -5 -8 -21 19 
-61 -30 -7 11 5 2 29 -41 
18 -3 0 4 -4 -5 -7 26 
2 93 16 -4 1 3 -4 -15 
0 -18 8 -5 4 1 3 28 
44 19 49 40 -8 -8 -23 22 
-36 -42 -5 -16 -3 0 15 -6 
-2 -16 -43 -22 7 0 -21 -4 
-7 15 7 10 -1 2 10 0 
2 -35 -56 -33 -5 0 -6 1 
0 -3 22 17 -2 1 9 5 
-56 -21 8 16 1 -4 -30 -8 
33 -3 -11 -27 -12 -12 -52 -65 
9 1 -5 -3 4 9 64 83 
4 29 21 -6 2 -5 -16 -51 
-23 -19 -19 4 -7 -3 -14 22 
21 15 -31 -16 0 1 70 22 
18 -12 -6 22 -6 -11 -59 -61 
-10 31 -13 -53 2 12 66 51 
29 -29 12 22 1 -4 -13 11 
-60 34 18 7 -2 0 74 62 
39 3 -16 -7 2 -3 -27 -18 
-20 4 -59 2 -3 1 1 32 
15 -51 0 -7 -7 -10 -15 -56 
-20 20 -9 2 1 2 5 -6 
-38 -36 -16 -19 3 -2 -6 -21 
10 -3 30 32 1 0 -20 -5 
12 28 12 2 -3 2 25 39 
11 -22 -9 -15 -1 -1 -19 15 
-11 -20 -71 2 2 -2 -6 -35 
10 5 83 -13 -6 -5 28 38 
-2 21 -9 -12 -8 1 9 -22 
-3 -20 -10 7 8 5 -39 -27 
-7 5 -18 -12 -7 -5 20 9 
8 -18 -4 9 -4 -7 -21 -10 
-28 -8 -3 -10 1 -1 3 -21 
0 5 -31 -23 1 -4 -20 -16 
-8 -36 -1 16 -14 -5 -24 9 
4 9 10 10 11 1 -12 -10 
15 20 9 11 4 20 39 25 
-3 -26 -16 -10 -15 -20 -55 -5 
13 -27 0 6 10 8 18 1 
-6 4 19 -7 -8 -3 -4 24 
30 -8 -3 6 4 -4 2 17 
-21 30 35 18 6 5 -4 -31 
-29 9 -16 -20 -4 -4 7 -47 
-17 -41 -15 -2 -2 -6 -19 -17 
28 10 0 2 2 5 45 37 
7 18 14 -3 -1 0 6 -2 
5 -1 28 -2 -1 -6 -5 30 
7 48 -2 5 7 9 -8 -40 
7 3 -41 -5 -2 3 -32 17 
-21 29 8 18 12 -8 16 16 
-3 -20 7 6 2 8 18 -19 
-2 26 31 -12 -17 -5 -17 9 
-1 -20 20 18 10 4 -13 -36 
-5 -3 16 -1 -6 4 3 25 
5 25 -23 3 14 3 -6 -11 
-5 -54 -24 -25 -3 -3 -4 -9 
-23 -5 -15 33 -2 -4 5 9 
17 -10 -17 -16 -5 1 8 4 
1 13 39 10 -2 -5 -13 -5 
4 3 25 26 13 12 36 27 
-11 11 -69 -55 -10 -10 -10 -43 
11 -12 43 12 -3 1 -9 22 
6 -1 -22 6 -2 -2 -7 3 
-3 -11 -36 -10 -4 -5 -8 -9 
-27 -9 21 -17 4 1 -5 0 
52 -2 -11 13 -11 -3 0 -14 
-45 0 12 -30 -1 1 -8 -7 
5 5 -15 16 4 -1 -1 -7 
-5 -24 -6 -7 -6 -8 2 -11 
-1 21 11 -8 -1 3 -5 -27 
6 -14 -12 7 -8 -9 -5 6 
-1 -2 8 6 3 -3 -7 11 
3 -19 8 -8 -3 -3 -7 -7 
0 26 21 4 4 5 8 29 
0 -17 -16 -6 -1 0 3 -12 
-5 -17 23 -8 -8 -5 -9 -9 
13 17 13 10 -3 -2 -6 8 
-24 -26 -27 -17 -2 -3 -2 -15 
14 11 5 -3 0 -1 -2 2 
-18 -10 14 -6 -3 1 3 23 
34 4 23 1 -6 -9 -23 9 
-24 1 8 4 3 1 4 -17 
10 11 -23 -11 -3 -5 -1 3 
4 -3 -38 -8 -7 -2 0 9 
-9 3 8 -1 -1 -1 1 10 
-9 5 1 -2 -1 -1 -1 -13 
7 -20 31 13 -2 -1 3 47 
-28 -8 -22 -2 1 0 -26 -81 
7 6 -3 5 2 5 21 17 
-5 20 2 4 -7 -2 -3 4 
-31 -31 -36 -2 -3 -3 3 -3 
25 -2 6 -2 -2 -2 -1 0 
2 0 -2 -6 -1 -3 -10 -33 
-20 -11 -17 -1 -4 -5 -5 22 
27 13 16 2 -1 3 -3 -3 
6 36 5 15 1 1 6 36 
-10 -17 -10 -12 -4 -3 -1 -5 
11 1 8 -5 0 -2 1 -5 
-40 -13 -19 -7 -3 -5 -6 -18 
9 -3 34 -3 -4 -4 -5 -12 
-17 9 -3 8 5 2 -1 -8 
2 -7 -13 -1 -3 1 5 16 
27 19 4 -7 -2 2 -3 16 
-18 -7 -1 5 2 -4 -4 -48 
-10 6 -17 -13 -3 -2 2 20 
-4 -13 -5 -7 -1 -1 -5 -32 
10 19 35 14 1 1 1 9 
18 -16 -62 -17 -6 -3 5 20 
-15 -7 5 5 -4 -3 -7 4 
-17 -12 2 -2 -2 -1 -4 -25 
13 31 -4 -3 2 -2 2 -1 
-24 12 16 -1 -1 1 2 -3 
12 20 5 -1 -3 -2 -6 26 
41 -2 7 0 0 -2 -13 -19 
-8 -10 -13 -1 0 3 22 1 
-4 0 8 7 3 -1 -5 10 
11 -4 7 8 2 1 6 8 
-4 -7 -14 -4 -1 1 6 0 
11 5 -1 6 0 -2 -9 10 
-23 -30 -2 -4 -5 -6 -8 -32 
-6 -11 9 0 -4 -5 -3 -12 
-2 3 -3 2 3 -1 -2 7 
13 -7 2 -2 2 1 1 15 
-4 15 7 1 1 1 10 31 
0 -8 -9 -8 -4 -2 -7 -25 
6 -5 -2 16 0 -2 2 15 
-10 -5 -38 -36 -3 -1 -3 -2 
-5 -1 17 -4 0 -5 -12 -30 
-6 0 -8 -1 -3 -4 3 25 
16 0 17 -7 -1 0 2 -14 
-3 7 16 11 0 -2 -5 -10 
-4 -15 4 1 3 4 3 3 
-2 -12 -30 -1 2 1 -1 -17 
16 17 1 -1 1 3 3 64 
-17 -7 0 -1 -6 0 1 -28 
14 13 -3 -1 0 0 -4 -6 
-3 -8 11 2 -5 -3 -9 -33 
2 -3 -7 -5 -1 -2 -5 15 
-9 23 31 9 3 -1 -1 6 
17 12 -34 -8 -5 -2 6 28 
3 -11 0 0 -3 -3 1 10 
-1 3 -12 -5 -1 1 -3 -14 
-28 -11 8 -1 -3 -2 -4 -9 
13 7 -3 17 4 1 -1 10 
-8 2 12 -14 -1 -1 0 -5 
-12 -12 -8 -5 -3 -4 -3 7 
19 -10 3 2 -2 1 -1 -12 
-4 -12 -13 -3 -2 -2 1 14 
11 -5 -8 -6 0 4 2 13 
-14 -7 5 4 2 1 6 -6 
-1 -8 -13 -1 -1 -3 -12 -18 
-1 15 14 -3 -3 -1 -3 -3 
8 -3 0 3 3 -2 1 -20 
1 3 16 3 1 0 -2 28 
-26 -24 -44 -17 -4 -6 -7 -40 
11 -11 -2 -1 -3 1 4 7 
-13 -4 7 2 -1 -3 -4 -22 
-29 -11 -13 -6 -3 -1 8 -11 
6 -11 0 -1 -4 -8 -16 -2 
5 -9 -4 -7 -2 -1 1 15 
2 9 6 5 4 3 0 -1 
-6 -11 -11 -9 -5 -2 0 -6 
5 18 13 1 3 3 10 21 
24 -4 0 -2 -2 -2 -9 35 
-1 9 -1 3 -3 -2 -2 -44 
-4 -3 -5 -2 -2 -3 -7 -59 
-17 -4 3 -5 -5 -5 -8 -7 
8 2 0 -6 -2 -3 -2 12 
13 0 8 4 0 0 7 32 
-2 8 30 7 2 2 -2 22 
2 7 -23 -4 -3 -2 2 -25 
-6 -28 -11 -3 -2 -4 0 -4 
0 4 -7 0 0 0 -4 8 
-11 -17 -10 -3 -3 -4 0 -6 
9 8 7 4 -1 1 2 22 
-15 9 19 -1 1 0 1 -17 
3 5 9 5 2 -1 1 22 
2 -18 -31 -9 -5 -2 -4 -21 
12 5 2 -2 0 3 -1 12 
-27 7 -7 0 1 1 3 -10 
-1 -10 -8 -3 -3 -4 -4 -21 
-26 -24 -1 -1 0 -3 -2 1 
10 -11 4 -5 -5 -4 -2 13 
1 4 -1 -2 0 0 9 -8 
-8 -9 -11 7 1 -3 -4 18 
20 17 3 -6 -4 -3 -18 22 
-12 -8 -10 1 -2 -1 11 -52 
-11 -2 -8 -10 -2 0 0 0 
-12 -22 -2 -9 -4 -2 -1 -5 
13 9 2 2 0 0 2 1 
5 7 9 3 1 -2 -2 17 
-1 13 -2 5 1 2 -3 -15 
14 -16 -1 -4 -2 3 8 27 
6 23 6 0 0 2 -2 -17 
-2 7 22 13 3 2 -1 7 
-26 -30 -29 -8 -5 -6 -5 -12 
16 10 1 -2 0 -2 -3 3 
0 5 10 -2 -1 -1 4 13 
8 5 17 3 0 2 0 11 
6 6 9 5 1 1 -6 -5 
-16 -2 -16 -4 -1 1 -2 -6 
1 -4 13 4 -2 -1 0 8 
7 -1 26 7 5 4 -4 -19 
-30 -5 -33 -11 -8 -8 -3 -34 
-28 -1 -3 -11 -7 -8 -5 0 
1 -9 -10 -2 -2 -3 3 -9 
4 -16 -4 0 1 0 0 19 
16 11 13 6 2 2 0 13 
1 -2 9 8 2 3 1 -8 
5 25 -1 1 1 1 4 -6 
-11 5 -5 -5 -1 -2 1 4 
10 -4 5 1 0 1 -6 7 
-5 3 6 0 0 0 1 0 
1 -4 11 3 2 2 -1 -7 
-10 -17 -41 -8 -4 -4 -3 -5 
-8 -3 9 1 -5 -3 0 -1 
2 -15 -3 -8 -2 -1 -3 -5 
-3 -9 4 -2 -3 -5 -6 8 
6 26 14 5 0 4 5 2 
17 1 -14 2 2 -1 0 8 
-20 -2 22 -6 -7 -3 -4 -7 
-7 -5 -6 1 0 0 -1 -7 
-24 -19 -28 -9 -6 -7 -6 4 
28 8 3 1 3 1 1 46 
-15 11 -5 -4 -1 1 -2 -54 
4 7 -3 1 0 -1 -4 -8 
3 -8 2 -6 -5 -3 1 -9 
-15 -6 9 2 1 4 7 12 
1 -15 -14 0 1 -1 -16 -13 
25 24 3 3 0 -5 5 14 
-4 -8 3 -8 -2 0 -8 10 
7 -10 5 0 -2 -1 17 -5 
10 -17 -11 2 -1 1 4 14 
-37 -6 -20 -4 -1 2 2 -10 
13 13 20 3 1 2 5 16 
-8 25 -15 -1 -1 0 -13 -44 
-13 -11 -3 -8 -6 -5 -4 7 
3 -4 -7 -4 -1 1 1 -1 
4 -3 10 5 -2 -7 1 6 
2 25 3 4 4 1 -2 0 
13 13 -27 0 -1 -1 3 45 
6 5 38 -9 -6 -3 -5 -36 
-24 -4 -8 10 2 3 0 7 
-2 -10 1 -5 -4 -7 -9 -41 
7 20 8 7 2 3 1 -9 
2 -3 -33 -5 0 1 7 17 
4 -14 -14 -8 -3 -8 -20 -24 
-6 -9 8 -3 -3 -2 -3 14 
5 15 11 1 1 -1 5 3 
1 -29 -10 -4 -3 1 -1 12 
3 8 -1 -1 0 2 6 -37 
7 -17 -20 -6 -2 -4 -14 -1 
-11 1 14 -2 1 -3 16 -7 
20 4 -12 3 1 1 0 20 
1 0 4 0 -1 -1 -2 8 
10 -7 3 1 -1 0 4 7 
1 17 9 9 2 3 -3 12 
-23 -26 -45 -21 -7 -7 -7 -32 
10 -5 -5 1 -6 -1 3 11 
-13 -2 1 -3 0 -4 -6 -12 
-17 -4 5 4 -1 -2 -3 -15 
-2 14 24 12 5 2 1 7 
-4 -7 -4 -6 -1 -2 -4 7 
-1 -7 -6 -6 0 3 15 16 
13 6 -3 -3 -2 -6 -13 6 
-3 -18 -10 -2 -3 -3 -4 -6 
5 -4 -6 -3 0 -3 2 -9 
-2 5 17 7 0 -2 1 22 
-8 -11 -2 -2 1 1 -1 2 
3 0 14 3 -1 0 -1 -1 
-1 24 2 2 2 0 -9 6 
2 -16 11 1 -1 2 19 -7 
13 -14 -16 -11 -8 -2 -3 -9 
-9 8 13 3 1 0 -2 -15 
1 -6 -25 0 2 -1 1 10 
4 41 13 2 2 3 -6 2 
1 8 5 -1 -6 -6 -5 10 
1 4 5 3 1 4 4 -8 
-12 -8 -13 -19 -4 0 -1 0 
-11 -21 -15 4 -3 -5 -8 -7 
3 2 -11 -5 -2 -1 3 25 
3 9 1 0 -2 -5 -12 -45 
-1 -1 10 1 -1 -1 7 -1 
-8 -10 -14 -10 -4 -4 -9 -10 
9 9 17 7 2 4 11 3 
-4 -12 -18 4 3 -2 -10 21 
-17 11 16 -3 -3 2 2 1 
-7 -16 19 -9 -6 -5 -5 -26 
11 -17 -28 -6 -5 -6 -5 -5 
-1 4 0 -3 0 2 7 6 
