#EMG
#1
#ID:1-8
-1 -6 4 8 0 2 14 -8 
-1 14 -7 -16 -10 -1 -11 -5 
-1 -2 -7 5 2 0 6 3 
2 3 14 1 1 1 5 -10 
-18 -9 -11 -27 -4 -6 -3 -9 
12 10 -1 2 1 -3 -15 0 
-2 -26 -16 -6 -6 0 21 11 
4 3 0 3 2 3 -6 3 
-3 7 12 8 0 -7 -27 -10 
-5 -5 4 7 4 4 18 -6 
-2 1 -9 -5 -3 -4 -8 -6 
-2 0 -11 1 -4 -2 6 6 
1 -5 10 2 2 5 20 13 
-9 -10 -14 -16 -3 -3 -14 -2 
3 4 13 3 2 -3 -5 -1 
-5 2 7 3 -1 -3 3 -2 
-2 -5 -16 -4 -4 4 14 -1 
-2 -5 -11 -1 -1 -3 -14 -7 
-4 1 11 -2 -2 -4 0 -1 
0 -9 -16 -2 10 1 -8 -4 
2 11 20 1 -14 -6 -1 1 
4 2 -18 0 2 2 8 -4 
-7 2 1 0 -4 -4 -23 -1 
5 -4 -1 -9 0 4 4 14 
4 -2 5 21 6 3 4 -18 
-8 1 -6 -10 -3 -3 -11 -3 
3 -4 11 5 -2 -2 10 2 
-1 5 3 -2 -2 -3 -2 -1 
-3 -14 -12 -1 3 2 -1 4 
-11 -1 6 -3 -7 -8 -14 -4 
11 0 -4 0 0 -1 17 3 
1 0 4 0 -2 -1 0 -10 
1 2 -9 -9 -4 -3 -12 10 
-6 -13 3 12 2 3 13 -9 
1 -9 -11 -15 -5 -2 -2 8 
-2 -3 -4 -3 -1 -3 -12 -11 
3 4 -10 -3 4 2 10 4 
4 4 6 1 -8 -2 2 9 
-3 0 4 -10 2 -1 -13 -10 
-2 -7 7 15 -1 2 17 -5 
-2 0 -14 -12 -4 -8 -15 12 
7 -1 10 21 4 2 -14 -17 
-3 0 -14 -33 -3 2 17 2 
-6 -3 -10 -5 -6 -2 -2 -13 
-2 1 10 0 -5 -7 -2 22 
-9 0 -11 -3 2 -1 -6 -31 
-3 -7 6 9 0 -1 -2 5 
4 -2 -15 0 1 2 -1 0 
-9 -7 -2 -2 0 -8 -11 -13 
1 -1 -3 -10 -1 -1 -7 6 
-2 2 10 5 2 2 10 1 
-3 -6 -26 -11 -6 1 8 -3 
-6 3 11 9 -1 -3 -2 -8 
10 4 -11 -16 -2 -1 -5 -3 
3 2 6 12 3 -2 11 36 
-5 -7 13 2 -3 -6 -26 -27 
-2 -2 -8 -8 -1 7 13 -1 
-4 -1 -2 -6 -1 0 5 7 
4 -10 -15 1 -1 0 -12 7 
-13 13 10 14 -3 0 0 4 
1 -9 -12 -18 8 3 1 -10 
-1 -4 -4 2 -3 -2 5 12 
-3 5 5 -16 -8 -3 -16 -27 
6 -1 0 -2 2 -1 -8 3 
-4 2 6 22 1 1 7 -10 
-3 -2 -12 -11 -1 1 22 25 
-10 -4 12 5 -4 -7 -32 -21 
0 5 -1 -10 -2 1 6 7 
15 -7 2 -2 -3 1 -1 26 
-14 -10 -4 12 5 1 6 -27 
-11 4 3 4 -3 -3 2 -12 
-2 -3 0 -9 -1 -4 -2 2 
-2 5 -4 -4 -3 0 -8 6 
1 5 3 10 -2 -1 2 8 
-6 -22 -9 -3 3 -1 1 2 
4 -13 -27 -17 -5 -6 -16 -10 
1 17 9 7 2 1 16 -11 
3 -6 -7 -24 -10 -2 4 4 
-7 -1 -8 13 -1 0 9 -5 
9 1 3 -1 2 0 -28 21 
-10 -5 7 6 -2 -2 24 -13 
1 6 6 6 2 2 0 -10 
2 4 -17 -15 1 -5 -8 3 
-6 8 3 12 -6 0 3 1 
1 0 17 -16 -6 -1 -2 -10 
-2 -8 -8 -6 4 -3 -22 7 
4 4 0 -4 0 1 12 3 
-4 -11 5 4 3 -1 9 -9 
1 0 -3 1 -1 2 10 4 
-5 -5 8 5 -4 -9 -27 1 
-1 -2 11 5 1 2 -4 1 
12 8 -4 -3 -1 -2 4 -1 
-2 -5 -8 -7 -5 -1 -4 -5 
-7 -8 -4 2 -2 1 7 4 
10 3 -4 8 -2 -5 -3 24 
-9 5 15 3 -2 0 1 -52 
-7 -8 -12 -3 0 -3 -22 -8 
6 22 -15 -8 0 0 9 7 
-5 2 10 10 1 0 -16 -2 
13 -6 -5 3 -3 -1 18 12 
-4 -5 6 5 -1 -1 4 7 
2 9 3 10 2 3 -17 -19 
-3 -1 4 -18 1 0 16 3 
-5 7 -8 -9 -6 -6 -19 0 
0 -2 -22 -15 -4 4 12 -2 
5 -5 4 4 -2 -8 -4 13 
2 3 4 2 -1 4 2 -11 
-8 -6 -3 0 0 0 -10 -3 
1 0 8 -1 -3 1 14 2 
9 -7 -11 -2 -4 -6 -16 32 
-25 -5 -3 -27 -6 -7 -11 -63 
3 -12 -6 -1 3 3 7 13 
-1 5 -6 11 0 -2 -6 -10 
2 4 13 -10 -4 2 17 -2 
3 3 -5 11 -1 -2 -9 7 
-8 -6 5 -8 4 2 12 9 
0 1 -4 1 -3 -6 -10 -6 
-5 -5 13 6 3 0 -8 -5 
5 -18 -21 0 -5 -2 0 16 
-14 -3 -1 -11 -2 4 10 -10 
7 14 4 -5 1 -6 -22 7 
-10 -16 -14 1 -1 1 5 -1 
-3 6 4 4 3 5 0 0 
4 -9 -20 -4 -3 -7 -13 5 
-1 -3 0 0 -2 1 8 25 
-10 2 10 -13 -5 -6 -8 -56 
-1 2 -2 14 3 3 2 -3 
2 -4 -2 -17 -1 4 39 9 
7 -1 6 0 -2 -6 -23 -2 
-4 -8 -16 -8 -4 1 9 17 
2 -6 -9 1 -1 -1 -2 -7 
2 16 11 8 -2 -8 -20 -5 
4 -5 1 4 3 2 7 7 
-12 -19 -41 -15 3 -2 2 -1 
5 10 12 16 -7 5 12 -6 
-2 -23 7 -17 -5 -9 -20 14 
-3 11 6 7 5 5 13 -12 
2 4 23 5 1 0 -4 24 
-2 4 -8 -13 -5 -8 -3 -36 
4 0 0 26 6 4 2 -1 
-15 -12 -27 -16 -6 -7 -22 -17 
20 -1 7 5 0 3 15 3 
-21 -5 -4 -11 -1 -1 14 27 
-4 12 17 8 1 2 -19 -16 
7 -15 -10 -1 -1 3 28 -6 
3 4 -6 4 -1 -5 -25 -4 
8 -2 3 1 -3 2 11 23 
0 -4 -15 -17 -5 -10 -38 -37 
-14 2 5 8 -1 1 -6 1 
-13 -1 8 -3 -3 -1 31 14 
2 9 17 7 2 -3 -22 -14 
-1 4 15 22 2 12 22 18 
2 -3 -17 -23 -11 -13 -20 -15 
2 4 9 -3 -3 2 13 16 
-1 -9 -12 -7 0 -4 -11 2 
-3 -9 -5 8 1 3 5 0 
-6 -5 -8 -3 0 2 1 1 
0 1 -1 3 1 1 -2 8 
-3 0 -2 -7 -1 4 21 -29 
7 14 0 -7 -8 -22 -66 -5 
9 -5 7 12 -3 0 19 41 
-9 4 3 7 6 2 -9 -49 
-4 2 -10 -24 -5 -3 8 -5 
-4 -19 -18 -2 -5 -4 -4 1 
-3 6 -1 -12 3 0 -2 -10 
11 12 18 19 0 4 7 16 
23 -14 6 16 2 -6 -40 13 
-41 -5 -28 -20 -5 -2 41 -20 
4 -4 12 16 0 -2 -27 -17 
-2 0 -1 -24 -6 2 26 38 
-4 -6 -9 0 1 3 2 -37 
18 9 -5 -5 3 4 14 27 
-3 8 17 10 3 -1 2 -15 
-6 -17 -29 -28 -8 -13 -37 -14 
-3 1 16 20 -1 -1 -11 11 
13 -13 11 3 3 4 -6 1 
-8 13 5 3 3 4 28 6 
1 -2 -7 -7 -5 -4 -5 -10 
-5 -18 -19 11 0 2 28 26 
4 17 17 -19 -2 -7 -66 -29 
-19 -15 -5 6 -5 -4 38 -2 
-23 -6 -11 -19 -2 -4 -53 -32 
16 1 11 -5 -3 0 97 38 
-18 -7 -25 5 1 2 -7 -2 
2 -11 -6 -4 3 9 -36 -15 
30 31 15 21 0 -8 2 21 
3 -19 -7 -26 -6 -3 29 28 
-6 3 -60 -23 -5 -5 -4 -1 
-3 9 20 -2 0 -4 4 -11 
-15 -1 51 13 4 7 -1 -7 
4 9 -18 2 -4 -3 -46 -12 
5 2 35 18 1 -1 35 -4 
19 -9 -36 -22 1 -1 -13 2 
-22 11 18 20 2 2 -8 -7 
11 -2 9 -14 -11 -8 -31 -20 
-4 -25 2 -1 2 7 33 22 
-7 11 10 17 0 4 -7 -4 
13 -17 -30 -6 -2 -6 9 -1 
-6 -5 25 -14 1 -7 -7 10 
-19 -28 -53 4 -5 -3 0 -7 
9 19 14 2 3 -1 -3 6 
9 -8 -14 20 3 2 -3 10 
-26 -11 -17 -30 -2 4 7 -35 
11 7 32 14 3 0 12 34 
-17 -18 -9 -14 -14 -7 -3 -12 
17 -3 -15 -3 1 -3 6 15 
-3 11 -3 32 3 2 -29 -6 
4 -8 31 -20 -3 1 6 -3 
-12 2 15 9 1 -3 2 19 
-18 -11 -25 -19 -12 -3 -33 -57 
5 9 20 19 17 6 33 40 
0 36 6 31 2 -2 2 -28 
21 43 7 -33 -3 0 -8 10 
-14 -38 -20 -4 -4 -3 7 -3 
24 47 4 29 3 0 -29 30 
-22 -5 28 18 2 3 10 -51 
-15 -18 -9 -25 -10 -9 -9 2 
10 0 -51 1 1 2 22 0 
-29 -45 1 -12 1 -2 -22 -29 
35 31 43 -65 -4 9 37 71 
-12 -3 -28 97 4 -15 -46 -42 
12 14 40 -16 -5 -1 32 9 
-3 -2 -6 -9 -5 -2 -8 29 
-6 -27 0 34 5 -7 -25 -61 
-25 -14 -13 -35 -1 5 22 23 
-9 -3 -11 12 2 -2 -29 3 
25 7 32 26 2 0 31 6 
-1 -3 -32 -60 -8 -6 -20 3 
23 1 5 -4 -2 5 22 3 
-26 -25 45 21 -2 -13 -48 -29 
-37 16 -40 -15 -1 7 28 10 
31 -5 -11 4 -2 -3 17 21 
-5 -3 14 -10 1 0 -10 -24 
13 -3 -26 -30 -1 -1 23 2 
-19 -13 -3 10 -1 -9 -35 4 
3 33 -1 16 -1 -1 -2 -12 
-3 -5 34 19 5 8 -11 -5 
7 -2 -13 -21 0 10 61 35 
-6 -7 -7 -5 -5 -11 -36 -23 
-15 -16 -16 16 1 -2 3 9 
14 -9 -8 -37 -11 1 8 1 
-12 24 28 3 -2 -1 -30 -29 
1 -14 -31 -29 -9 -2 8 -11 
8 2 8 27 10 4 -10 5 
-10 -5 -27 9 9 1 5 5 
5 -25 -5 -16 -20 -8 -7 15 
7 1 -10 1 0 2 -2 -3 
0 5 18 6 -1 2 8 7 
15 17 5 6 3 -10 -9 16 
2 11 3 7 5 5 2 -9 
-5 15 13 -7 -3 -1 -5 -25 
-10 -13 -47 -5 -4 4 4 12 
0 9 20 -18 -10 -8 -10 -16 
14 22 -14 8 5 0 -2 24 
-4 -16 3 -10 -7 -8 -41 -41 
-12 18 30 9 2 1 18 19 
-6 -19 -4 -25 -7 -1 -7 8 
3 -10 -15 1 1 -1 31 -14 
-8 20 31 12 -1 -3 -38 -15 
8 1 -4 9 -3 -2 1 18 
-3 2 -2 7 11 2 -27 -7 
-11 -2 -12 -10 -8 -3 4 -5 
-8 -24 2 2 -14 -5 8 0 
-8 -10 -29 -30 -5 0 0 12 
-2 -2 28 40 0 2 -3 10 
3 17 1 5 2 0 2 -1 
9 -12 -44 -23 0 0 -2 1 
5 26 44 -11 -4 -2 -9 -7 
7 -10 -32 -11 -3 0 -20 10 
-8 9 50 6 20 6 29 8 
3 -19 -41 26 -24 -8 12 -13 
-1 -18 -20 -14 -1 -5 -20 -17 
-3 -15 -7 0 1 1 1 -3 
-14 3 13 -4 4 2 5 2 
13 35 23 37 17 4 9 19 
-4 -29 -34 -7 -9 -4 -8 -1 
-4 -13 -18 -27 -5 -4 10 2 
-5 -3 -16 14 -13 -2 -2 -9 
15 -4 22 -3 21 9 5 19 
-22 -10 9 25 -12 -3 10 -9 
12 12 16 8 0 -8 16 2 
-21 -15 -38 -78 -13 -7 -40 -51 
-11 -11 -15 18 -4 5 15 13 
-15 21 11 -14 6 4 20 -4 
20 -21 2 22 -1 -12 -30 12 
8 -1 3 17 -2 1 0 41 
-8 -7 -1 -23 1 -1 -2 -51 
-15 -20 -6 2 3 0 -8 -21 
-11 8 4 -8 -3 5 16 -6 
17 -2 2 12 9 -2 -4 9 
-1 3 2 -20 -20 -10 -2 18 
14 0 -7 -4 3 0 -7 -5 
-10 3 -11 -12 -5 6 11 -1 
6 -2 8 14 3 -5 3 33 
2 12 3 6 7 4 -6 -19 
-11 3 17 0 -11 -9 -19 -20 
7 2 -29 -23 -1 2 13 4 
-5 -9 -10 17 1 0 -5 -5 
-3 1 12 -28 -14 -6 -1 10 
13 8 11 18 11 -4 -3 6 
-9 -4 -10 0 -7 1 8 -7 
3 -2 -6 -17 -13 -4 -6 2 
3 5 13 8 13 0 -1 2 
4 -4 -17 -1 -9 -3 1 0 
-4 -7 5 -1 3 1 1 -2 
-5 1 18 -1 1 -1 -4 -15 
6 6 -5 19 3 -3 0 21 
-1 4 7 -22 -2 -1 -5 -14 
-7 8 -10 2 0 -1 1 -24 
8 -18 -15 -10 -7 0 -6 20 
-16 -5 10 8 1 2 -2 -45 
-4 3 9 -8 5 3 1 36 
-9 0 -1 21 0 0 3 -45 
12 0 -10 -19 -1 -3 -5 18 
-6 -2 -9 -19 0 0 4 -14 
-8 -14 8 4 1 -1 -13 3 
-1 0 -4 1 -3 -5 -2 0 
-3 5 -13 15 0 0 -2 -7 
5 -3 5 -11 0 6 22 30 
-1 -2 -10 -21 -1 -1 -21 -42 
7 9 21 34 8 -3 0 33 
-4 11 0 -31 -12 -4 -4 -17 
2 -3 -1 17 2 -3 -6 17 
4 8 0 -49 -12 -5 9 5 
-6 -15 29 12 4 4 5 -19 
-17 -8 -29 18 -6 -8 -14 -16 
4 0 -16 -6 -2 -5 -7 1 
8 1 9 22 8 7 11 20 
7 3 1 -8 -5 -2 -4 10 
-20 -5 -3 -4 1 2 15 -9 
-4 -3 6 7 -1 -5 -20 -3 
6 2 -8 4 -2 -4 -2 4 
0 -19 -43 -22 -10 -2 0 9 
4 4 18 6 0 2 2 -7 
-11 -9 -15 -14 0 -2 -9 -11 
-3 9 1 27 -4 -1 4 6 
-6 -1 12 3 -1 -2 2 10 
6 1 -2 -34 0 3 -4 31 
2 4 -5 -21 -12 -5 -1 -49 
4 -3 -2 -1 1 -1 -3 6 
-13 7 10 -11 -2 1 4 -14 
11 -17 8 30 7 -1 -2 9 
4 -19 -17 -7 2 1 5 14 
-15 -8 0 -9 -7 -4 -7 -15 
2 -1 -18 6 -2 0 1 6 
6 13 20 13 4 8 12 -2 
17 7 14 2 -4 -11 -11 38 
-15 -10 -20 3 -1 2 7 -51 
5 5 -10 -11 -1 -2 -11 8 
-8 6 5 11 1 -1 -5 -16 
11 21 18 7 -1 4 5 14 
9 11 -9 6 1 -2 4 32 
-12 -4 5 -10 7 0 -2 -25 
2 -2 -4 3 -16 -1 1 -16 
-17 -8 -8 -3 3 2 -1 5 
13 -6 1 -8 -7 -6 -2 32 
7 8 7 -2 1 0 -4 -13 
-11 6 5 9 5 -4 -12 -22 
-5 -20 -4 3 2 0 1 -7 
-2 -4 -1 0 -1 -1 6 -3 
12 8 14 1 -3 -1 5 34 
-17 6 -16 -4 1 -2 -7 6 
-10 -2 7 -7 -1 1 2 -26 
13 4 0 -3 4 2 -1 19 
-4 6 -2 -5 -4 4 2 -17 
10 8 21 4 -1 -6 -8 -7 
-2 7 -17 -12 -1 4 10 -9 
9 6 6 5 -5 -3 -1 -2 
-21 -13 -14 -3 1 -5 -10 2 
-6 -9 2 -2 -2 -4 -2 -5 
7 4 -8 4 5 1 0 15 
-2 0 10 3 -4 5 8 -7 
12 -5 -13 -9 -4 -1 -2 -14 
-8 -7 -20 5 2 -4 -3 6 
-1 -8 7 0 -4 -1 -1 14 
-20 -6 -12 5 3 -5 -7 -26 
17 3 -3 -5 0 2 8 30 
-1 -1 29 14 4 3 3 6 
14 -15 -13 -17 -19 -8 -9 -25 
-9 -5 -15 4 -4 -3 -3 -3 
-4 -4 7 -6 -6 -2 0 9 
7 -4 6 4 5 3 0 4 
-5 13 8 6 5 2 -6 3 
2 6 19 -1 0 4 11 10 
6 -7 -27 -10 -5 -7 -6 -1 
-14 -15 -24 6 -1 1 2 -5 
-11 -6 -9 -10 -4 -4 -3 2 
10 2 -10 -1 0 -2 -9 -18 
-20 6 10 7 4 1 9 10 
16 -1 2 -11 -5 -1 7 -30 
-8 1 -3 11 5 -2 -11 21 
0 -18 2 12 4 1 1 -8 
6 -8 -16 -25 -13 -4 -2 22 
-14 6 -6 -18 -7 -3 -2 -32 
-6 -13 -4 -2 -2 0 6 10 
-4 7 7 4 5 -1 -3 -1 
2 -1 2 13 4 0 -5 0 
2 12 -11 -7 -9 -3 -2 12 
10 19 21 8 6 4 6 2 
-17 -14 -20 -17 -7 -5 -13 -12 
7 16 -6 2 -1 2 4 -6 
0 -5 2 -8 -5 -4 -5 7 
-3 5 7 2 -1 -4 -7 -12 
8 6 -3 -3 -1 1 5 8 
-4 9 13 3 2 -1 -6 -14 
-9 1 8 5 3 2 4 13 
12 -17 -43 -5 -2 0 4 9 
-20 -5 12 -11 -5 -3 -5 -18 
8 -7 -5 1 -3 -2 0 -3 
-2 6 20 -1 1 2 4 5 
7 1 -3 -2 -3 -5 -3 19 
-26 -10 -12 -6 -7 -9 -12 -53 
-2 2 7 7 6 3 -1 -6 
11 -14 -6 -7 -9 -5 0 5 
-4 11 10 -3 -1 2 2 3 
15 -1 -6 8 3 6 9 24 
-2 -8 -10 -9 -2 -4 -10 -15 
-1 3 -14 -5 -3 -6 -4 3 
-11 -12 -8 -3 -4 -4 3 -16 
-1 0 3 -2 -2 -3 -11 15 
-8 4 11 4 -2 0 -2 -13 
5 -4 10 6 4 3 2 21 
10 15 -17 -5 -3 -2 -2 -28 
-13 -11 -2 6 0 0 3 18 
-4 -2 -1 -2 -2 4 4 0 
0 -2 0 1 -1 -2 -4 5 
-3 15 19 4 -2 -3 4 -7 
5 -5 -9 -4 -1 -3 -7 4 
0 -5 3 -2 2 2 1 5 
6 2 10 17 4 1 -3 7 
-26 -11 -7 -22 -4 -1 -4 -17 
5 -5 -14 -8 -6 -4 -1 -4 
-5 -3 2 1 1 -1 -5 4 
5 -3 -7 -1 0 3 8 -8 
-2 -4 3 5 0 -3 -3 1 
8 11 7 7 0 2 4 15 
2 -6 -6 -15 -6 -3 1 27 
-19 -6 -2 2 -1 -4 -13 -80 
-3 -7 -1 -7 -1 -2 -8 8 
1 4 18 4 5 2 3 3 
4 4 -17 0 -1 0 4 11 
4 0 6 -14 0 1 -3 -2 
-5 -8 3 15 5 3 -1 -8 
-4 -1 -1 -6 -10 -6 -4 -4 
15 -6 -16 0 -2 -1 -2 -4 
-3 -1 -2 -5 -2 -2 2 12 
2 6 13 3 1 1 3 -3 
8 -10 5 -5 0 1 9 5 
-16 0 -3 -6 -3 -6 -10 3 
-10 -2 4 -7 -3 -2 -5 -19 
4 -13 -24 -1 -1 -3 -2 3 
4 10 1 3 1 1 1 2 
-13 2 13 8 4 3 1 -8 
5 10 16 -6 -3 -2 0 10 
-1 -16 -12 -1 -4 -1 2 33 
3 9 8 -5 -3 -1 0 -40 
-25 -1 1 3 -1 -7 -13 -18 
10 -7 -17 -2 0 -1 -3 3 
1 21 18 1 -2 1 5 -6 
2 -5 -13 -2 -1 -3 -11 13 
2 -1 8 1 -3 0 3 -5 
1 0 -3 2 2 0 2 7 
5 3 11 -3 -1 2 -3 4 
-9 -5 -20 -5 -1 1 5 -3 
6 9 9 4 2 -3 -6 -7 
-7 -13 -15 0 2 -6 -3 12 
-3 -10 -6 -3 -4 -2 -3 -12 
2 5 13 4 0 2 2 21 
16 3 -11 -4 2 1 5 -7 
-23 -14 -7 -3 -5 -5 -4 -28 
-11 8 14 4 3 -1 -5 -1 
-5 -17 -12 14 2 -2 -3 0 
5 -6 -6 -30 -8 -1 9 -1 
7 7 3 9 1 1 -8 7 
-3 -5 -13 -11 -7 -7 -2 -9 
-4 0 4 -6 -3 -3 -4 7 
3 8 19 15 3 3 5 -2 
6 4 -7 8 0 4 5 -2 
-7 -8 -4 -7 -3 -2 -1 16 
-2 6 0 -8 -2 -2 0 -20 
-8 -6 4 11 3 -1 -5 -5 
3 -13 -19 -14 -5 -7 -13 11 
17 6 29 15 -1 -2 3 8 
-15 -5 0 1 2 -1 -7 -11 
2 4 -7 -9 -4 1 -4 -16 
-13 -14 5 -1 -1 3 2 -3 
4 5 -10 -1 3 1 2 11 
16 5 -7 -6 -3 -4 -1 5 
-27 -14 -7 7 1 0 0 -5 
8 27 18 -4 -1 -4 0 24 
-5 -3 -22 -4 0 1 0 -16 
4 0 7 1 1 0 -1 0 
4 4 -5 3 -2 -2 -1 4 
1 -7 -9 4 0 2 5 1 
2 -3 0 -5 -2 -6 -9 -4 
-9 2 -2 -3 0 1 2 -33 
-2 -7 -2 -1 0 -3 -6 9 
-6 -3 -1 -5 -3 0 1 2 
5 11 21 8 2 4 4 -11 
-2 -7 -18 -12 -4 -3 -6 18 
0 -3 -4 0 -3 -2 -4 -1 
-2 -7 1 -9 -2 -3 3 9 
-9 1 5 16 0 -2 -3 -15 
5 2 -20 -3 -3 1 3 28 
1 -7 15 -2 -3 -4 -6 -31 
5 -3 -11 -3 -2 0 -2 30 
-12 -13 -1 -7 -3 1 10 -50 
-5 -4 8 -3 0 0 -8 -2 
-9 -6 -2 -4 -2 -1 3 14 
-1 8 -7 -2 -7 -5 -3 -7 
4 -13 -4 -2 1 -1 -1 7 
7 9 -2 6 0 1 1 1 
-2 2 4 0 0 0 3 4 
-4 1 6 -1 2 0 2 -16 
13 7 -4 4 -6 -6 -10 20 
-10 -5 7 3 2 1 -1 -5 
6 2 2 -3 4 4 4 33 
-2 8 25 5 0 -1 -1 -31 
-5 -10 -27 -15 -3 -2 -1 -18 
2 -5 1 6 -1 -5 -7 6 
0 0 -1 3 2 2 12 1 
10 -5 -29 -5 -3 -2 -8 10 
-6 8 35 -1 2 1 0 14 
-15 -3 -3 -4 -4 -6 -4 -20 
-9 3 -18 -2 -5 -3 -5 -8 
9 -12 -15 -10 -3 -1 5 1 
-8 7 -8 2 0 -1 -14 0 
-1 -2 29 -4 2 2 2 7 
5 -3 -19 3 -6 -3 1 8 
-6 -6 -7 -7 -2 -6 -1 -39 
7 0 7 -2 -1 1 -3 12 
6 -4 -6 -2 -3 -1 1 15 
-6 2 10 6 2 -1 -5 -2 
6 -3 1 4 0 2 0 -42 
8 0 -13 -4 -2 -2 -3 10 
-24 -15 -15 2 -2 0 1 -8 
7 8 3 -5 -2 -1 2 3 
-10 0 12 0 -4 -2 -3 19 
0 -1 3 -4 1 1 2 -3 
15 13 18 18 5 3 7 -2 
10 6 -26 -5 -1 -2 -7 11 
-13 -27 5 -8 -8 -4 -6 -13 
-23 -9 -6 -5 -3 -4 3 2 
1 -1 -11 -2 -4 -1 -4 -10 
-3 -3 7 3 2 3 9 -4 
10 12 7 5 1 -4 -8 16 
5 -5 -13 -2 -2 -1 -1 13 
-9 5 -8 4 2 1 0 -31 
31 23 23 0 6 3 4 47 
-35 -20 -36 -16 -17 -9 -12 -70 
-2 -4 -3 -7 -4 -4 0 0 
-6 6 -1 -7 -2 -1 0 5 
2 -3 5 4 2 0 -1 -6 
9 37 29 11 10 3 5 34 
-5 -4 -1 -4 -4 0 0 -5 
10 -3 -3 -2 -3 1 0 4 
-14 -25 -22 -20 -4 -6 -10 -28 
-7 -4 -10 5 -3 -3 1 19 
-7 -14 0 6 1 -2 -3 -18 
10 12 4 -2 0 0 3 14 
-8 -9 4 -1 -5 -3 -6 -14 
-5 -5 -6 -3 1 4 10 11 
22 6 0 0 4 2 3 -1 
-5 -9 -17 0 -3 -5 -12 7 
8 -11 13 3 -1 -1 0 -13 
6 -2 -1 -3 2 0 -3 22 
-11 -2 -5 1 0 1 7 -9 
-4 -2 -13 -5 -4 -5 0 -2 
-8 7 -4 -3 -7 -7 -9 -15 
11 -2 5 1 3 1 7 29 
-1 8 5 -1 -2 -2 -8 -2 
4 2 -8 2 3 1 -2 -4 
-6 -1 10 -4 -4 0 2 5 
-2 -8 -12 4 1 1 4 -8 
-2 5 -4 -8 0 -4 -10 0 
-10 -2 2 -6 -3 -4 3 -7 
1 -5 -1 0 -3 -2 -2 -2 
-5 13 6 -1 -2 -3 -6 -6 
1 -18 -1 5 0 1 -1 -5 
2 0 9 -1 -1 -1 0 10 
-7 -2 -6 -4 -2 -2 0 5 
2 -6 0 1 1 2 5 -14 
-3 10 4 2 -5 -4 -11 -2 
-3 -4 3 -4 -5 -4 -7 26 
-15 -11 -18 2 -2 1 -2 -57 
2 -4 -10 3 -1 -4 -2 13 
-1 -4 1 -2 -1 2 4 0 
4 -7 5 -3 0 1 12 -2 
-14 13 -14 -2 -2 -3 -10 19 
-5 -12 8 -5 -1 -3 -6 -15 
-2 -2 -12 -5 -1 0 4 -10 
0 0 7 2 -3 -4 -7 -1 
13 6 14 2 2 1 4 16 
-8 -16 -16 4 4 -2 -6 -12 
2 -8 -9 -7 -9 -3 -4 8 
-1 -4 -6 -4 -2 -1 2 7 
