#EMG
#7
#ID:7-21
8 4 -1 6 -3 -3 -12 -2 
-9 1 -36 -35 -7 -5 11 21 
9 -2 21 6 0 -1 -7 -8 
-8 -11 -1 3 0 1 5 4 
16 25 19 7 4 -2 -4 8 
2 6 24 29 5 3 -5 -8 
-2 -5 -22 -21 -1 0 5 -7 
-29 -23 -28 -14 -8 -4 -6 -34 
0 11 8 -10 -1 -7 -27 9 
-28 -23 2 12 -2 -1 21 -35 
28 8 3 9 -1 1 8 47 
12 -5 13 7 1 2 -11 -2 
13 -2 -3 -3 0 5 18 47 
-9 9 -4 -2 -2 -3 -12 -46 
-3 3 -1 -16 -7 -4 -5 -3 
-5 -6 -32 2 -3 -1 -10 -9 
28 7 8 6 2 4 13 -6 
-14 -3 -12 -7 1 -1 5 9 
-7 -12 -6 2 -4 -3 -16 -1 
3 10 6 -7 -5 -6 -5 19 
0 3 -11 11 -1 -1 14 -8 
20 5 9 -15 2 0 0 24 
-38 -2 7 3 1 0 -11 -63 
0 7 3 1 1 -1 8 14 
-2 -1 2 -8 -3 -3 -38 -7 
-6 -26 -11 2 -3 0 44 4 
-7 -20 -3 2 2 -2 -1 19 
27 33 17 -8 -1 -2 0 16 
-31 -16 -6 -2 -1 -1 -4 -32 
18 -26 -18 0 -3 -3 -19 31 
-20 2 8 10 1 -2 -10 -51 
-6 -6 -15 3 -2 -1 4 -14 
-16 -9 -12 -13 -5 0 9 -32 
-5 23 35 11 -3 -5 -12 50 
28 5 -23 -14 -3 1 -6 3 
-25 -7 7 1 0 1 8 -7 
13 10 -1 11 1 -5 -5 10 
-3 2 -2 -2 -1 -2 -10 -13 
2 3 13 3 -1 -2 4 -12 
2 5 -9 -3 0 -4 -8 -3 
-10 2 23 2 3 1 6 15 
7 -5 -52 -5 -7 -3 3 -40 
3 -14 -7 -2 -4 -3 2 44 
7 -10 -3 2 -2 1 8 6 
-6 -6 2 2 2 0 6 -10 
3 16 21 -2 2 1 -19 2 
2 7 -19 -12 -4 -2 11 6 
-4 11 -3 -1 0 1 -9 -15 
9 1 -13 -4 -3 -6 -1 20 
-4 -18 1 0 3 2 -4 2 
-12 3 41 17 1 0 -5 -2 
2 1 -35 -49 -8 -4 -5 -10 
2 6 11 10 -3 -1 3 43 
-18 13 -7 -2 -2 -1 -4 -39 
26 4 -9 7 4 -1 -2 -17 
-33 -26 5 4 -2 1 -1 5 
24 10 -1 -8 -8 -5 5 11 
-12 -17 -28 -8 -2 0 -21 -19 
14 -2 21 0 -3 2 22 46 
-8 17 7 10 4 5 -2 -7 
2 -12 -13 -9 -5 -4 -13 -18 
4 35 50 9 4 0 19 16 
-12 -13 -51 -10 -7 -7 -14 -28 
25 13 51 17 3 4 2 33 
-12 -16 -32 -7 2 5 0 -50 
-3 5 37 6 -4 -8 27 29 
10 46 -14 -39 0 3 1 12 
-9 -5 19 6 -3 -4 -8 16 
-2 -16 -30 -8 -3 -1 9 -5 
11 19 13 10 3 1 -14 -17 
-4 -18 -28 1 -1 2 -6 8 
6 6 9 5 -2 -2 -11 -15 
-24 6 20 -2 -2 -2 -6 -19 
-4 -3 -18 -6 2 -1 -33 4 
-16 -20 18 5 -2 0 44 16 
-4 -12 -35 -24 -5 -4 -16 28 
14 -11 -4 31 1 -2 3 -40 
-21 4 14 -12 -4 1 11 3 
0 -9 8 27 5 -1 -11 9 
8 -17 -27 -27 -4 -1 -17 -45 
20 -6 -7 -16 -1 -3 29 58 
-11 -11 7 25 -3 -1 -12 -23 
-13 5 -22 -11 1 2 -10 -21 
-4 -28 6 3 -1 -7 6 -23 
14 15 0 -2 0 4 -6 41 
11 4 -10 -15 -2 -1 -29 -53 
16 -15 -2 -1 -2 -1 11 34 
11 17 14 18 -2 -6 -1 -8 
-24 -37 -34 -2 0 0 16 31 
-3 -14 55 -11 2 3 4 -13 
-23 5 23 7 1 2 -22 -40 
19 22 -18 -15 -4 -5 20 25 
25 -38 57 22 1 0 -14 -14 
-19 8 -24 5 -2 -4 -4 3 
-8 27 -17 -15 -2 -4 0 11 
12 -11 2 0 3 4 8 -27 
-49 18 -13 2 0 -2 -22 -15 
11 -7 -28 1 -3 -6 6 7 
22 31 63 0 1 1 2 21 
-15 11 -17 11 -2 0 6 7 
2 21 -3 -7 -5 -6 -33 -12 
-10 -6 -10 14 2 5 34 -21 
-5 12 -47 13 -6 -5 6 -8 
10 -15 19 -34 -1 0 -4 -5 
-8 -11 -63 -14 -4 -5 -4 -19 
13 -3 9 -7 -6 1 13 34 
-12 -28 2 8 -3 -4 -24 -24 
-4 38 32 33 8 7 9 47 
6 29 14 2 0 0 7 -56 
8 8 -43 -18 -5 -3 -13 12 
-3 -32 -84 -31 1 -1 -2 -5 
6 -16 39 15 -2 2 3 19 
-9 -3 29 0 7 -4 -12 -12 
12 -12 53 -6 -15 0 7 12 
18 32 24 3 3 5 8 -22 
-3 -8 -18 17 6 -3 -10 15 
-4 -11 -27 -41 0 5 16 20 
-16 19 9 17 -2 -6 -9 -28 
43 46 -5 13 10 8 13 51 
-30 -47 -37 -5 -5 -7 1 -69 
14 41 64 -17 5 2 5 23 
-8 -67 -28 6 -1 -4 -12 -16 
-24 -8 -9 -8 -18 -7 -12 3 
-1 10 -2 -1 3 2 -2 -18 
5 16 -39 20 -1 1 17 -20 
-4 -4 1 -44 6 0 -10 22 
-12 -18 7 11 -14 -12 -11 15 
6 19 17 16 0 1 2 -36 
14 2 -9 -1 -4 -3 -11 8 
-29 -16 -23 -11 -1 4 11 21 
16 -35 0 -1 3 -4 -14 -1 
-31 9 -8 -19 -2 -4 0 33 
1 10 5 11 -4 1 43 -5 
-7 22 18 1 5 -3 -5 8 
-23 -51 6 5 1 -5 -51 -77 
23 -17 -15 -3 -6 0 41 54 
5 7 8 2 3 5 -25 -12 
-3 42 12 0 -3 0 43 37 
-29 -44 2 1 -5 -11 -18 -25 
11 -2 -4 -2 -3 -3 -22 -13 
-2 -19 -7 0 -2 4 -6 32 
-13 0 15 3 -1 -13 -34 -70 
-2 8 -27 -8 2 7 19 40 
-2 -18 -30 -1 5 6 -15 -16 
7 27 68 0 -5 -4 67 30 
7 7 -50 -3 -5 -1 -17 24 
-16 0 11 4 4 -2 -24 -26 
-1 6 -18 -12 -5 -1 56 -19 
-9 -13 41 14 15 4 -12 45 
-4 2 -29 13 -21 -3 -15 -49 
22 10 47 6 3 1 36 23 
-3 9 -40 -17 -9 -5 -39 -11 
-24 -30 -2 4 -8 -4 -21 -5 
16 -13 -20 -1 3 -6 -1 15 
13 31 58 -3 12 10 25 -3 
-11 -37 12 -8 -12 -13 -18 1 
-2 9 -33 -10 -8 -1 -2 -18 
10 -34 16 3 -7 4 -5 35 
-17 -17 -48 -14 -15 -7 -4 -53 
8 6 37 -13 10 2 -4 13 
-7 -18 5 10 10 -2 -4 -9 
-17 3 -39 -18 -1 -2 -5 -5 
37 5 -10 -2 0 -1 3 18 
29 10 24 7 1 1 -2 -14 
-14 -21 -79 -38 -9 -7 1 10 
-46 -8 18 26 9 1 -3 -2 
10 -5 11 -21 -1 1 11 -51 
-45 18 -4 -22 3 0 -39 -31 
15 -18 11 21 -3 0 23 19 
48 15 -14 -64 -3 -3 0 -12 
3 -8 13 50 -4 -10 -12 59 
-11 -29 -25 -27 6 7 0 -33 
-65 -1 23 30 0 -5 -38 -41 
-10 0 -41 24 7 3 18 21 
62 -11 7 -9 -10 -6 7 2 
-9 40 53 -1 -4 -5 -34 -23 
-22 -3 -28 6 9 22 81 16 
39 14 -4 -14 -2 -18 -111 2 
-75 -9 -11 -7 -1 11 110 7 
-24 -28 -4 18 -10 -16 -70 17 
10 36 -12 -22 -5 6 47 -2 
22 7 3 10 2 5 43 46 
6 -11 -33 -16 -2 -9 -63 18 
33 114 30 22 2 2 19 -52 
-2 -74 -31 -15 -8 -10 2 27 
-17 -9 41 8 1 4 -6 -45 
-10 -15 -93 -5 4 -4 -5 28 
-13 -38 76 5 -5 -1 32 -13 
30 39 13 -11 -13 -10 -61 8 
2 -20 5 26 4 3 22 4 
-23 30 17 -2 6 8 -5 -26 
10 -3 -7 10 12 7 11 57 
29 47 24 -3 -5 -1 -12 18 
-20 -61 -2 -5 10 5 0 -62 
-10 48 -13 -36 -21 -13 -12 -2 
9 -76 -111 -20 -12 -1 17 17 
0 24 96 34 11 -10 -44 -20 
-6 -18 5 2 6 4 18 -7 
8 8 -15 -33 8 4 -3 19 
-2 -28 -1 39 2 -2 21 55 
2 -42 52 17 -3 -1 -5 1 
-25 -54 -14 -18 0 -1 2 -22 
4 5 17 20 0 2 -13 -15 
-11 8 -46 -3 -2 -3 -8 -35 
2 -23 17 -5 6 12 -1 8 
32 57 3 -14 -4 -5 18 45 
-20 -25 -1 22 10 4 -16 28 
0 16 10 -19 -9 -2 10 -45 
-21 0 -22 21 -5 -4 -20 -27 
-5 12 -11 2 -12 -6 -6 -34 
11 3 58 5 3 2 19 27 
-3 -7 -88 -34 -2 -1 -24 -8 
0 17 -14 -4 -4 -5 -8 -16 
-30 10 42 5 2 -4 -6 -9 
9 -21 -47 5 5 3 4 37 
7 29 90 -9 -12 0 16 13 
-9 3 -50 -28 -10 -7 -18 6 
22 20 -3 17 7 1 -7 3 
-15 -5 14 -7 -5 -6 -4 -61 
29 -12 1 -5 3 4 8 27 
-32 5 -28 7 2 1 -4 -14 
12 9 22 -8 -1 -6 -5 17 
-24 -2 21 16 -12 -3 -7 -19 
-14 -5 -20 -12 -5 -6 -7 13 
2 -17 -22 -7 -7 -1 6 5 
4 -5 4 11 7 2 7 -3 
10 3 17 -22 3 4 2 6 
-10 -9 -24 15 -5 -4 1 8 
18 5 -7 -22 3 -1 -21 -39 
-5 10 -9 48 2 4 18 20 
-9 -12 -14 -39 -10 -6 -1 19 
4 -6 31 29 13 5 -4 -19 
10 11 -6 6 1 2 14 58 
1 -19 -19 -42 -21 -14 -26 -87 
-11 2 -1 25 6 5 0 -11 
4 11 3 12 1 1 10 34 
5 -23 2 -6 -4 -1 -3 -11 
-1 48 7 -17 -5 1 0 48 
8 -13 -4 -1 -1 1 -4 -29 
-3 15 39 10 5 -3 1 0 
-3 -12 -16 -3 -1 -5 -10 -32 
22 -11 -37 -13 -5 1 2 17 
7 13 23 -2 -8 -8 0 9 
-15 0 -6 14 4 4 -1 -6 
-6 -1 -18 -15 -5 -2 -3 10 
-6 7 23 11 0 2 0 -12 
-2 -4 -13 -5 1 1 1 23 
18 -6 1 -5 -5 -2 9 22 
-15 1 0 -8 -1 -8 -24 -78 
-14 -13 -27 -7 1 1 9 40 
24 11 27 11 2 -1 -5 -28 
-11 -7 -19 -13 -10 -3 -1 7 
13 6 25 13 4 3 4 9 
-5 -4 -23 -16 -4 1 4 4 
13 39 34 9 7 -1 1 26 
-8 -14 -13 17 -1 -3 -2 -21 
-12 -6 -49 -32 0 2 3 -13 
8 -8 23 8 1 -2 -4 -6 
-3 -12 -16 -8 -8 -3 4 25 
9 7 29 12 4 -1 -7 -15 
4 0 -39 -6 -4 -2 0 21 
-11 -3 4 7 5 2 0 -4 
-1 -6 6 2 -2 -1 -9 -59 
6 0 -7 -19 -3 1 3 47 
-12 0 34 14 7 0 -1 -27 
4 -4 2 0 -9 -5 -4 -39 
22 -3 -24 0 -6 -8 -8 22 
-7 7 -1 -2 -2 -4 -1 1 
-9 -8 3 -7 0 2 4 4 
7 13 7 -7 -1 -3 -7 5 
-50 -35 2 6 -3 -1 -4 -32 
23 25 4 -5 0 -3 11 5 
6 -10 -2 -6 -5 -2 -3 26 
-1 21 12 11 5 1 5 3 
-17 -19 -25 -4 1 1 -11 -20 
9 0 -25 -1 1 0 -1 11 
11 10 28 14 -4 -2 11 30 
-7 3 20 0 -3 -5 -15 -24 
-7 -2 -13 -11 -5 0 -1 -11 
-13 -9 -10 2 0 -2 -7 -48 
-12 -20 -8 6 0 -2 -2 20 
25 -1 8 4 10 4 7 16 
10 10 -20 -2 -11 1 6 37 
-15 -12 16 -2 0 -2 0 -42 
0 -2 -5 -4 0 -5 -12 -14 
-34 -18 -24 -14 -9 -2 1 -2 
-9 -16 -15 -1 5 0 5 2 
-11 -2 21 -5 0 1 -4 7 
22 21 29 6 0 0 1 -1 
-5 -19 -32 -4 0 0 -1 11 
5 13 -1 -5 -5 -7 -5 -22 
-5 -19 26 17 7 8 1 52 
-13 -22 -57 -44 -11 -11 -15 -87 
-22 -8 31 6 -4 -2 6 39 
19 1 1 -14 0 -4 -10 -41 
4 16 13 8 -2 -1 1 10 
19 -15 -24 6 -5 -3 1 18 
3 -6 4 -4 0 0 -3 -10 
3 2 12 8 5 4 11 35 
-7 -4 -29 -17 -3 -4 -5 -16 
12 -11 11 0 0 2 12 24 
-8 15 -17 -18 -11 -10 -24 -62 
5 -5 14 12 -1 -1 -2 25 
0 0 -18 -4 -1 1 -3 -29 
-25 6 25 17 3 2 6 30 
35 1 -30 -13 6 6 5 -9 
5 40 16 -10 -4 -3 3 50 
4 -31 -63 -21 -5 0 2 2 
-30 13 35 28 6 2 -14 -30 
29 -15 4 25 -4 -4 7 25 
-50 4 6 -13 2 1 -1 -43 
17 4 -23 3 -5 -4 7 47 
6 27 16 4 3 2 -4 19 
-26 -3 -11 -22 4 3 -1 0 
-8 -33 7 14 0 -3 -1 -35 
0 -7 17 1 -1 -6 -12 2 
7 3 -10 2 4 4 5 2 
-6 2 3 -6 -12 -8 -8 -10 
-2 20 -9 9 0 0 -1 -14 
-17 -2 -22 -28 -4 -1 3 10 
61 8 8 0 2 -5 -6 -11 
-11 -11 -19 -20 -4 1 9 22 
-23 -3 42 32 2 -1 -6 -21 
27 3 8 11 0 -4 -1 8 
-37 6 -13 -7 -4 3 12 -8 
5 -10 -18 -3 -4 -5 -8 -7 
-14 -10 -12 -14 -6 -4 -6 13 
-23 17 57 34 7 3 3 -37 
14 -9 -22 -20 -7 -2 -4 1 
-21 5 -22 -6 0 -2 -4 -12 
29 -8 -11 -4 0 0 3 22 
-25 -16 -6 -10 -7 -4 -2 3 
20 9 19 9 -1 1 6 20 
-21 -7 14 -1 0 -3 -6 -40 
1 -7 -18 -4 -1 -2 1 14 
4 1 -16 -10 -5 -6 -7 6 
-12 -1 -15 -2 -1 -2 -4 -17 
0 4 41 30 3 0 1 8 
18 12 -7 -11 -1 -2 -6 -16 
-29 -22 -19 -2 -1 -1 -1 2 
-10 -1 -14 -24 -5 -1 3 7 
17 38 9 -1 2 3 7 4 
8 -10 24 -4 3 3 6 -2 
-9 -10 -8 25 6 -1 -2 -1 
-9 7 -7 -15 -7 0 -4 -12 
11 -11 26 7 -8 -2 4 38 
-5 18 13 16 8 2 -3 -29 
12 5 -2 -3 -2 -3 -1 54 
17 -14 -4 7 4 1 1 -5 
11 -10 6 3 -4 -5 -7 -21 
-25 3 -13 -3 -5 -1 -2 -18 
3 15 19 2 -5 -2 2 1 
-12 -26 -19 -9 6 5 11 59 
-6 -4 -2 9 3 2 -4 -66 
6 1 -12 -5 -3 -7 -6 24 
0 15 -1 -5 0 2 -6 -37 
17 -3 8 -8 -6 -5 -2 -9 
-10 2 -2 9 5 3 5 22 
5 -23 -7 4 -1 1 -2 8 
10 25 3 -19 -2 -2 -7 -26 
-26 32 4 3 1 -2 1 -23 
25 -13 -6 0 2 1 -1 20 
-17 -1 -12 0 -4 -3 1 15 
26 -36 -25 -9 -2 -2 -1 -26 
-3 5 2 7 -1 -1 -5 6 
-13 3 1 5 2 0 3 11 
23 6 7 4 1 1 3 10 
-40 5 1 -12 -4 -3 -12 -33 
1 -20 -6 1 3 -5 -2 -10 
-23 6 3 10 -6 -3 -5 11 
14 -12 -15 -22 -4 1 2 -25 
-17 4 9 11 -3 0 5 -13 
35 -7 -17 13 6 1 -7 24 
-19 17 3 -21 -3 -2 2 -29 
0 -9 -20 -10 -5 -3 2 44 
2 -2 22 -5 -1 -4 -3 -20 
-11 0 10 -2 -4 -1 -3 -16 
6 2 -17 -2 0 -3 -3 18 
23 -3 1 4 -3 0 8 78 
-19 18 -1 -11 -3 -3 -9 -82 
-27 -12 12 9 -2 0 -1 -12 
13 -33 -41 -36 -6 -3 1 22 
8 23 22 20 1 1 0 -10 
-11 11 -7 9 2 0 -3 23 
1 1 9 7 1 1 1 3 
-13 9 25 13 5 6 3 -29 
4 -1 -11 0 1 -3 -2 20 
28 -7 2 -14 -2 -1 0 31 
18 14 -10 -9 -8 -7 -5 -19 
-3 -7 -5 3 0 0 -1 0 
1 -6 8 -2 -1 0 3 -12 
13 10 7 9 6 5 7 23 
-17 10 11 -1 -7 -6 -8 27 
10 -11 -21 -12 -5 -10 -9 -17 
-4 3 8 -8 -5 3 -1 -39 
-10 -5 -3 0 0 -1 -5 5 
11 8 -11 -4 0 -3 3 -5 
2 1 3 18 1 4 5 36 
-32 -8 2 -1 -1 -4 -8 -49 
5 -12 16 4 2 2 5 10 
17 -14 -22 -14 -9 -10 -13 -26 
-12 48 17 11 3 2 -5 -10 
7 -25 -53 -37 -2 0 2 -8 
14 -2 5 -7 -7 -1 3 50 
-33 -21 -8 2 0 -1 2 -31 
-9 -28 -5 -10 -4 -2 0 -3 
2 -4 -21 9 1 -2 -12 9 
-15 0 -2 4 -3 0 7 20 
-8 -8 6 -5 0 1 2 1 
10 -18 -39 -12 -4 -5 -3 0 
-1 12 29 24 1 -2 1 -20 
9 0 -16 -13 -5 -7 -15 -23 
-17 -16 5 7 -3 0 -1 -10 
1 -6 -10 -3 0 1 -1 19 
4 2 18 2 3 2 7 14 
6 -32 12 -4 -6 -9 -6 -2 
-15 24 -25 -12 3 5 5 2 
17 -24 7 18 0 1 0 5 
-13 -8 12 -12 -5 -6 -7 -9 
7 17 -25 -9 -4 -2 -3 1 
-16 -8 14 14 4 1 -18 -1 
12 -17 -9 -20 -6 -5 23 -1 
0 9 10 22 8 4 6 30 
-12 -5 -17 -20 -7 -3 2 -23 
19 -2 -59 -24 -1 -5 -7 15 
-6 32 7 0 -5 -6 -12 -23 
-12 -16 -1 -2 -2 0 -4 -18 
24 -4 -6 10 1 -3 1 35 
-4 -15 27 -10 1 3 14 -9 
10 6 23 -1 -1 -3 -10 11 
-9 -7 -24 -20 -6 -9 -9 -21 
-16 21 10 12 7 8 2 -12 
25 -24 29 12 0 0 8 28 
1 5 20 -11 -2 -2 3 7 
1 -2 -25 9 1 0 -7 -18 
-11 -14 6 4 0 -1 6 28 
-1 2 9 9 -1 -2 1 12 
-11 -13 6 2 0 0 -13 -61 
1 -2 -17 -11 -4 -1 1 13 
-11 7 -1 -1 -5 -2 -2 -9 
7 7 -4 -1 1 4 5 -7 
-3 -2 16 9 3 3 -1 18 
17 -17 -1 7 -1 -4 -2 -2 
-17 -6 -12 -2 -1 -4 -4 -15 
4 12 18 -8 -3 -2 -6 3 
5 -8 -21 -9 -3 -3 -3 -12 
-36 4 22 7 -1 2 -1 -43 
8 -17 5 -4 0 -3 -3 20 
-17 -3 -15 -3 -8 -3 0 10 
-13 -19 -42 0 -4 -2 2 -5 
11 36 15 1 3 1 -2 -17 
13 30 3 9 2 2 2 -1 
0 2 -2 1 -1 -3 -8 5 
-3 22 21 3 0 1 -1 -8 
21 8 18 -2 1 2 4 39 
-37 -17 -22 -5 2 1 1 -43 
14 -10 -18 -3 -3 -2 -4 1 
-16 -14 27 5 1 -2 0 10 
19 -4 -8 -7 -3 0 5 39 
15 5 3 -3 1 -2 -6 -32 
-11 14 9 16 0 -2 2 -13 
8 -19 -12 -12 -1 1 1 48 
-18 -12 -13 -8 -2 -2 -1 -26 
27 19 48 16 1 3 2 15 
-15 -8 -22 -7 -4 -5 -6 -25 
8 11 12 -4 -1 0 2 37 
-32 -8 -11 0 -7 -8 -10 -55 
39 20 -10 -12 -3 -1 1 32 
-14 -15 3 0 0 -1 -3 -6 
-14 21 -2 -7 -2 0 -4 -59 
17 16 31 10 7 3 6 37 
4 -14 -12 4 -1 0 -2 20 
-14 6 18 2 -4 -1 -2 -31 
2 8 -15 3 6 1 -1 7 
-10 -28 -6 23 -3 -4 -3 12 
-13 -21 -10 -34 -9 -2 -1 -1 
-4 2 -7 1 -1 2 7 24 
5 3 9 7 -2 -2 -5 -27 
-24 -1 0 10 2 1 -3 -1 
29 -1 7 11 0 -1 4 32 
-1 -31 -25 -4 -4 -4 1 -11 
-13 -7 9 -18 -4 -3 -13 -14 
4 7 -1 -9 -3 -2 -2 2 
-34 -5 -46 -22 -4 2 0 -13 
32 2 16 9 0 0 4 17 
-1 -3 1 -7 0 -1 -4 -17 
5 2 -3 -9 0 -1 -1 0 
-13 17 24 20 2 0 1 -18 
5 17 4 12 4 0 -9 -1 
19 -8 -15 -2 0 1 8 69 
-28 -11 -3 -7 -3 -1 -4 -66 
-10 -16 3 1 -1 -2 -5 0 
-6 12 10 -11 -2 1 3 -8 
14 16 -2 20 0 -3 -4 6 
-27 -17 -16 -24 -2 -2 -1 7 
13 0 0 11 -2 -5 -1 -5 
-20 8 16 1 2 -1 2 -6 
38 -15 -38 -11 -6 -2 -1 5 
0 2 -10 6 -2 -1 -3 28 
-19 2 17 -10 -2 -1 -6 -32 
40 2 -14 -14 -1 -3 -6 17 
-14 -9 10 16 -2 1 5 -12 
17 10 12 6 0 -3 1 3 
3 4 16 12 2 -2 1 9 
-17 2 6 -3 -3 -1 1 14 
-10 1 6 4 1 0 1 -22 
-11 -25 -11 -16 -7 -4 -5 -18 
-25 9 1 -2 -6 -2 -2 -27 
-3 -9 -11 -14 -3 -4 -3 -3 
6 15 -6 6 1 -2 2 13 
3 4 12 -9 -4 -4 -3 30 
5 -4 1 -3 3 0 0 4 
-3 -28 -23 5 -6 -2 -3 -7 
-16 -11 11 -6 -5 -1 1 16 
17 8 -6 -13 -1 2 0 -18 
-24 -10 -7 22 4 0 -2 -10 
0 10 14 -1 3 2 0 12 
4 1 5 23 -4 -3 1 -3 
3 -10 18 -26 -1 -2 -9 -23 
-36 -11 -24 -8 0 0 -3 -3 
18 12 13 0 -5 0 -2 -9 
-40 -11 -32 -12 0 1 3 -7 
16 -8 -15 10 -3 -2 0 15 
17 5 0 1 2 3 7 44 
-20 1 20 4 2 1 -11 -79 
28 -15 -15 -4 -3 -4 -4 49 
-10 4 -11 -2 -7 -3 -3 -21 
-2 -36 -5 -3 -1 0 1 1 
4 -1 -7 -3 -4 -4 4 19 
-13 2 -7 -3 3 1 -3 -19 
-4 0 -2 -1 -3 -5 -1 12 
12 31 12 9 0 0 1 -3 
10 -16 -23 -2 -3 0 1 5 
15 14 29 6 8 2 0 -17 
-18 -2 -13 -5 -5 -1 0 25 
16 3 -10 -7 -4 -2 -4 -23 
-5 5 -8 8 -1 -1 0 24 
-4 -10 6 -7 2 1 -2 -19 
7 3 -14 11 4 3 7 18 
2 -10 20 -11 -7 -5 -9 -45 
5 5 -3 5 -1 -2 -3 26 
-11 -4 -1 -7 -5 -4 -3 -23 
-1 -12 5 0 -3 -6 -3 -5 
6 -2 3 1 1 1 6 30 
-3 13 9 1 1 -1 -1 -12 
-14 -3 5 -6 -1 -1 -6 -6 
-12 15 -5 -2 1 2 0 -22 
23 3 -11 -6 -3 -4 -4 15 
0 -8 6 5 0 -1 0 15 
-10 -15 -9 5 -4 -3 3 11 
13 10 16 -13 4 3 5 2 
4 -6 -3 5 -2 -1 -9 -11 
-18 8 -9 -5 -1 -2 0 -3 
-12 -7 -3 -10 -3 -5 -5 -33 
15 24 11 21 4 3 1 10 
-23 -3 -10 -4 -4 -1 5 0 
21 -20 -22 -14 -5 -4 -7 -12 
-10 5 -12 -3 -6 -3 1 31 
-4 -4 -3 6 1 -1 -2 -11 
9 8 -4 -6 2 -1 -4 -7 
-13 25 34 1 1 0 2 -6 
7 6 21 1 -1 0 1 35 
-10 -18 4 -5 -4 -3 -5 -22 
2 6 -17 -3 -1 -1 0 -20 
-1 1 -15 -3 -1 -2 -1 -1 
2 -19 -21 -6 2 -1 -4 5 
5 25 8 -14 -4 -3 -4 3 
-12 0 -4 17 -1 -1 -1 3 
9 0 4 -1 -3 0 1 -3 
-9 24 16 7 0 -1 -1 -7 
6 -12 -19 -5 -1 -2 -1 -1 
-12 1 -15 -3 1 3 2 -17 
3 -14 10 -2 -3 -1 -3 29 
23 -15 -12 -7 -3 -2 -3 -28 
9 -5 -3 8 2 0 2 26 
-12 4 3 -9 -3 -2 -3 -36 
-19 -9 -21 -4 -2 -2 -2 -10 
12 8 6 4 4 -3 -5 11 
-3 -17 -14 -2 -7 -3 -2 1 
4 -6 13 6 2 2 5 27 
-8 2 -46 -10 -1 -3 -5 -14 
-6 -11 7 7 2 2 1 6 
6 33 12 1 3 3 0 -7 
15 4 11 -11 -7 -8 -1 23 
-33 -7 -10 3 4 0 -5 -27 
3 6 -2 1 1 2 4 -11 
-2 -23 29 7 2 0 0 12 
-3 4 3 3 1 1 4 32 
8 0 -24 -20 -6 -4 -1 6 
-15 4 -4 3 -2 -1 -5 -62 
-2 -28 1 2 -1 -3 -1 12 
20 15 7 -7 -2 0 -2 11 
2 -16 9 4 -1 -5 -3 -16 
-9 -6 -22 -1 -4 -1 2 15 
2 1 7 1 -1 1 1 -8 
-10 -18 -3 -2 -1 0 0 2 
3 3 1 0 -3 0 -3 13 
-22 5 13 -4 -3 -2 -2 -13 
11 13 -16 1 -2 -3 -1 3 
-9 19 8 0 0 -4 -6 -14 
