#EMG
#7
#ID:7-4
-2 -13 -30 -14 -1 1 15 14 
2 3 2 9 2 0 -6 -11 
2 -11 -4 -6 -5 -6 3 10 
-8 10 9 -7 5 3 -8 -4 
2 -16 0 9 -3 1 2 6 
-34 -6 -2 -1 -1 -5 -4 -16 
19 3 -12 -3 -1 3 12 11 
0 17 3 0 -3 1 -9 8 
-14 1 18 0 4 1 -2 -25 
13 -7 -23 -5 -1 3 36 56 
-11 -2 3 -7 -7 -10 -23 -63 
-2 -23 10 28 3 7 6 -7 
-3 2 -5 -37 -7 -6 0 16 
5 5 21 23 3 2 -14 -23 
12 -2 -25 -23 -3 1 2 18 
-5 -2 13 9 0 0 11 11 
1 -2 -15 -8 -1 0 -4 4 
0 0 -13 -11 -6 -2 -2 -12 
11 8 8 7 1 1 2 14 
-8 3 -5 -12 -4 -6 -24 -17 
1 -5 9 15 1 5 0 15 
-24 16 10 1 -4 -6 14 -10 
14 12 6 3 2 -1 -7 -7 
-14 -4 -23 -18 -7 -9 -14 1 
5 -15 13 9 5 3 11 2 
0 -9 -25 -6 -2 -1 -9 -2 
-4 5 14 3 3 3 2 25 
2 5 0 22 2 0 -1 -34 
-8 -5 -1 -30 -8 -7 -5 7 
-9 -6 -7 0 -3 -6 -12 -16 
-6 -2 2 3 1 -6 -8 4 
3 3 0 -10 -1 3 8 18 
-7 6 4 29 3 4 -6 -13 
14 5 15 1 1 -7 16 6 
2 -4 -14 0 1 6 10 13 
-23 -1 0 -10 -4 -8 -9 6 
17 -1 2 -2 6 3 -1 -21 
-36 -6 -5 -2 -6 1 4 -1 
-1 -3 11 14 0 -3 -15 -14 
1 -2 -2 2 -4 -1 21 27 
2 -3 3 -20 -5 1 0 0 
-9 -4 1 1 1 0 -7 -7 
11 -11 -7 -2 -1 1 -5 0 
1 1 6 1 0 4 19 16 
-11 -1 -3 4 -7 -20 -9 -23 
16 0 -6 -2 -3 1 -15 -17 
-14 10 5 -6 2 4 26 25 
4 -17 -18 -4 -2 1 -1 -6 
-6 11 16 5 3 7 -10 20 
-1 -4 -5 4 0 -9 6 -26 
4 -10 -27 -17 -10 -8 -16 -17 
9 -3 -19 -16 -5 -3 5 5 
8 -3 0 3 -4 0 15 16 
9 4 2 3 3 4 -14 0 
-17 2 -21 -5 -2 1 -2 -13 
-2 -7 6 -2 -1 -9 -14 -6 
0 3 3 9 2 5 3 -2 
-5 -5 -5 -25 -4 2 0 8 
24 3 14 16 1 -7 -4 35 
-10 -3 -13 -10 2 2 -19 -68 
-15 -17 0 21 -4 -4 30 11 
12 1 -5 -4 4 5 -34 6 
-4 -6 7 -4 -1 -3 11 13 
-27 0 4 -1 3 5 -9 -3 
12 5 -13 -3 0 -4 -6 5 
-3 2 -5 10 2 3 13 -2 
5 0 1 -12 -3 0 -40 -18 
8 1 20 13 3 -1 38 14 
-14 -3 -12 -20 -7 -1 -2 0 
1 -2 -4 2 -3 -2 19 19 
5 2 14 -9 -2 -5 -2 -29 
1 -3 -12 2 -2 -9 -58 -21 
-5 -17 -1 1 7 10 36 12 
24 1 15 14 -1 -7 -10 7 
-38 -14 5 2 4 8 -38 -32 
6 -4 -13 -10 -7 -13 36 32 
9 -4 9 -1 -2 -1 -18 -21 
1 9 -14 -4 -4 -12 -100 -34 
-5 -19 -3 1 2 14 105 36 
-24 -15 -16 -3 -4 -2 21 2 
-2 9 2 8 -1 -1 -21 19 
4 4 6 -5 -1 -2 -10 -43 
1 5 -11 2 1 1 -7 -6 
9 15 15 -3 -1 1 -25 -11 
8 10 23 10 0 -6 -45 12 
-20 -7 -48 -18 -5 -4 48 -9 
6 7 -10 4 -1 2 63 37 
6 7 31 5 2 1 -58 -27 
-3 17 -6 9 0 9 50 -29 
-18 1 7 -5 -1 -8 -6 17 
5 0 4 -5 -6 -3 8 29 
-3 -19 -25 -4 -1 -2 3 -20 
4 -19 -22 5 1 2 -23 12 
-2 16 -5 2 3 8 41 -4 
-4 -29 -5 -1 -1 -9 -38 -22 
11 32 38 -4 -6 -1 -4 10 
-26 -13 -3 5 7 9 2 -12 
43 7 -21 -19 -15 -18 -9 29 
7 -17 20 -2 -2 2 4 -4 
-27 -25 -20 7 8 1 3 8 
-1 9 12 -8 -4 -8 -2 -24 
-12 -10 23 17 4 6 -5 3 
1 24 9 -12 2 10 8 -9 
8 -3 -9 18 -3 -13 -8 14 
6 8 -8 -28 -6 -3 15 18 
-18 -13 -1 7 4 9 -27 -19 
1 12 -24 -8 -6 -16 -18 -21 
-22 -7 -16 0 5 7 25 5 
4 -13 13 6 -10 -8 -5 5 
5 2 -18 -40 -4 1 19 10 
-4 -3 2 -2 -1 -3 -16 -8 
-4 -2 21 -3 -2 -3 -24 -14 
12 26 -15 2 -1 2 24 -6 
-19 9 7 14 -4 -4 -9 9 
0 -20 -8 -5 -2 -6 -22 -16 
10 -1 -11 -11 -10 -4 -2 7 
-6 -27 0 4 11 4 3 -1 
10 -1 10 10 2 -9 -59 7 
0 29 -10 -2 0 5 60 -5 
0 -15 14 -3 3 4 7 2 
2 -3 -3 -3 -1 0 -18 -8 
6 -48 -19 1 -1 -5 -14 -35 
-22 28 37 14 0 -4 7 20 
4 -6 -18 -31 -6 3 17 3 
1 22 -11 12 -2 -3 -9 -16 
21 -8 24 6 -3 2 8 77 
-13 -38 -30 -5 1 -3 0 -79 
20 5 -21 10 3 -1 1 -11 
-31 0 25 -20 -4 -2 -8 7 
12 50 8 38 13 0 21 -11 
-5 -51 7 -39 -39 -1 -21 32 
1 24 3 4 1 -5 -19 -11 
-7 -18 -51 -30 -2 -2 -7 11 
-19 -7 -8 31 4 2 28 -4 
11 15 47 23 13 -2 -23 -3 
16 8 -23 13 -1 2 19 15 
1 0 7 -28 -14 -9 -23 -18 
6 -25 -45 -47 -3 10 20 18 
-18 42 3 11 2 -6 3 -20 
13 11 27 17 0 -2 0 42 
11 13 11 19 3 -2 23 -29 
-26 -12 6 -8 -3 -1 15 -6 
2 -12 -12 21 0 -6 -109 -15 
6 -5 17 -17 -5 0 59 1 
-14 11 -5 7 -3 3 62 32 
12 14 14 -12 -7 -6 -3 -11 
-2 1 -7 -13 0 7 49 16 
4 10 9 6 2 -3 -20 -33 
-14 -29 -21 0 -5 -7 -39 0 
-33 -19 -15 -17 -6 1 -4 -31 
17 2 -4 10 2 -9 -7 55 
7 5 -7 -13 -8 -1 -20 14 
22 -9 6 12 12 -4 -41 3 
-6 10 38 6 1 9 44 -22 
-16 0 -45 -16 -7 -8 -15 -31 
-35 -8 16 10 -1 6 27 23 
15 7 -36 -7 -4 -6 -28 -35 
4 -3 9 2 -3 -5 -29 11 
14 2 4 9 9 8 29 74 
-10 -13 -3 -2 -6 -16 -54 -67 
-22 5 29 -4 -2 -3 12 5 
10 -14 -51 -18 -7 3 52 18 
11 3 3 -1 -2 -1 -4 5 
-4 6 0 -5 2 1 -14 18 
1 9 -18 -14 -7 4 31 -10 
15 2 33 10 1 -7 -1 38 
-19 1 17 -1 6 2 -42 -62 
-27 -14 -48 -9 -11 -9 -39 -31 
28 12 21 3 -4 8 52 4 
-9 5 74 18 5 -3 12 25 
7 18 -58 -22 -6 1 11 -10 
4 -3 8 7 8 5 -14 12 
10 27 -4 5 1 -11 -33 18 
2 3 17 26 5 8 10 3 
8 -23 -37 -27 -1 -6 7 -12 
-4 -18 47 -22 -7 4 17 -17 
-19 -3 -26 -4 -18 -8 -15 7 
-1 -5 -9 21 4 -2 2 -8 
-4 8 34 25 1 -2 -15 -21 
7 -10 -40 -1 6 5 17 22 
-5 3 23 -19 9 5 -1 -26 
25 -11 17 -13 -9 -7 -29 25 
-10 4 -34 18 -1 -2 0 -29 
-18 -1 3 4 -1 3 7 5 
1 -24 22 48 3 -6 -8 5 
-25 8 -31 -30 2 0 7 -19 
15 6 18 12 0 4 9 30 
16 8 7 8 5 -4 -56 -5 
13 -13 -1 4 -4 0 63 10 
-1 1 -25 -16 -6 -6 -59 -13 
-15 -2 14 5 3 10 46 14 
-10 -6 -10 -7 5 -1 -7 -43 
26 -20 -1 -17 1 1 -2 104 
-10 3 -16 0 -7 -7 -16 -66 
4 -14 42 6 5 5 -2 -2 
-15 -2 -35 -18 -10 -5 -4 19 
-26 -8 -1 -12 2 -1 -5 -6 
19 -9 -23 9 0 -4 14 -3 
-6 1 9 -12 -2 -2 -28 -16 
19 8 -25 -12 -5 -2 -38 20 
15 1 7 16 -1 5 79 34 
5 0 31 -11 4 3 -1 14 
-18 -14 -11 1 -9 -13 -15 -35 
-15 -12 9 -3 -2 3 -5 -17 
-10 30 -9 -2 2 -6 -23 -8 
-18 -1 -4 17 2 1 -13 -50 
-28 -55 -48 -21 -5 -4 -13 9 
8 8 13 4 -4 -9 15 27 
-2 12 21 12 5 13 -26 -44 
-22 19 -29 -8 1 2 50 3 
49 5 4 -13 -7 -7 -5 46 
12 9 -8 15 -6 -20 -7 -1 
-11 -33 18 -2 0 -5 -88 -63 
-5 -8 -3 -7 4 11 83 38 
-14 17 13 11 3 5 -17 28 
54 -13 -50 -22 -4 9 73 40 
-88 -7 0 -9 -3 -8 -28 -60 
15 23 -7 8 0 1 -43 0 
-15 12 39 14 10 -3 3 -14 
2 -21 20 -37 -3 2 17 1 
31 21 -40 -1 -15 -11 -10 14 
3 -8 7 -4 5 4 -8 47 
-12 37 4 5 0 -4 2 -65 
-7 -22 -28 25 7 0 -4 -4 
-19 -89 -42 -38 -15 -9 -12 -4 
6 14 37 3 -2 1 -46 -31 
41 18 38 -3 -4 1 44 46 
-27 77 22 29 18 2 0 -16 
5 -17 -53 2 -8 -1 0 -1 
-7 -2 11 -20 -18 -16 -12 0 
7 1 51 -18 -11 2 -11 -14 
-10 -22 -13 -1 -13 -3 6 -19 
-12 -9 -22 16 4 0 6 45 
10 13 -34 -13 4 -1 5 -23 
-8 -4 -27 -5 10 3 9 9 
-10 -16 31 33 -4 -3 -22 -47 
29 25 38 4 0 -3 -47 -2 
-8 -13 -6 7 1 0 66 37 
6 -27 -85 -13 -13 -9 21 41 
7 44 78 -17 2 5 -14 -28 
11 3 -18 -28 -3 3 19 4 
16 -1 9 20 5 4 -27 32 
-53 40 39 -23 15 2 -10 -39 
0 4 -6 7 -19 0 21 30 
-14 -35 -17 20 2 -1 -11 -45 
11 -2 10 -2 -4 1 -7 6 
10 -22 -24 1 -3 -6 6 55 
-11 -3 -8 1 15 -4 -19 -48 
-4 29 25 -8 -14 3 6 3 
-3 -6 -8 4 6 1 -2 -16 
33 -23 -22 3 -9 7 3 8 
-31 4 6 -3 -5 -7 0 26 
28 -22 2 3 3 -6 -7 18 
-7 14 -1 -2 -7 -15 -11 -50 
1 -15 1 -5 0 5 -21 -2 
-6 -12 -25 2 -3 -3 1 1 
-10 29 37 -1 11 5 5 -11 
-19 -22 -11 -8 -11 -9 11 -1 
14 -6 -1 10 6 4 -11 -10 
10 -16 -13 -13 -2 -1 14 7 
-11 15 14 4 6 4 0 12 
11 -8 1 -12 -4 -7 -34 -22 
12 7 -3 12 -7 -4 2 -9 
22 -5 -12 0 3 6 22 83 
-31 -1 4 -2 1 -1 -7 -80 
-14 16 -12 -5 -4 1 -3 8 
10 -6 3 -1 -5 -11 -7 11 
-13 6 -1 -1 3 5 -6 10 
20 -4 5 16 1 -2 11 46 
10 -8 -3 1 3 2 -3 -52 
-21 -13 -13 -2 -2 1 -7 -41 
3 2 12 -7 -6 -6 -7 -3 
-1 9 -1 -12 -5 -1 12 27 
4 -21 10 4 0 0 -4 16 
3 3 -12 -3 5 2 -5 5 
-9 -21 -18 -21 -11 -5 -6 -48 
13 -1 -7 -3 -1 -2 8 -1 
-14 7 11 5 1 3 -2 10 
5 14 8 1 4 -2 1 34 
-2 21 11 5 0 0 -4 -11 
13 3 10 4 1 0 -7 -45 
9 -1 -19 -14 -4 -5 -11 11 
-16 -2 13 6 -2 1 14 7 
-4 -13 3 3 7 8 -3 5 
3 -8 -23 -34 -3 -2 6 10 
-11 4 8 -5 -3 -6 -7 3 
-4 -6 -3 18 -6 -5 1 11 
-14 -8 -16 -16 -6 -3 -6 -36 
5 -1 -22 0 3 -5 -2 8 
-4 -6 16 2 1 4 3 -1 
-6 20 -5 -7 0 0 -2 4 
-2 -31 20 3 -4 4 5 -11 
-10 -13 -25 -1 -5 -4 -3 -8 
-7 1 2 3 -1 -1 -1 2 
11 0 -13 11 4 -2 -3 12 
-11 1 -15 -28 -4 -4 -4 -5 
-4 3 32 7 4 3 10 8 
-6 -12 -16 6 -1 0 0 -1 
4 -3 6 1 1 2 -4 -36 
-18 -8 -10 3 1 -1 4 19 
13 7 20 0 -3 -5 -11 14 
-8 -13 -24 -8 -4 -3 5 -17 
16 0 9 -1 -2 -5 -4 8 
-3 7 4 7 7 3 -1 19 
1 -11 -29 -10 -10 -2 -3 -25 
7 -2 9 -2 -4 -1 -2 12 
-21 0 -7 -15 -5 0 -2 -12 
-8 0 6 3 -1 -5 -8 -27 
13 2 23 4 -1 -4 -3 19 
-2 7 -7 -5 -1 4 3 -1 
-9 -10 -12 -5 3 3 1 -2 
9 -15 6 5 -1 -11 -1 5 
22 23 8 2 1 9 4 49 
-39 -19 -10 4 -5 -4 -17 -91 
-15 -12 -7 0 -8 -5 -2 -5 
17 7 -2 3 2 3 2 17 
5 -8 -10 -2 -1 -4 1 -5 
-7 9 7 1 2 -2 -2 9 
-4 2 -2 1 4 4 -1 -2 
45 27 22 7 2 3 2 33 
-24 -4 9 15 3 1 3 1 
-13 -11 -37 -41 -12 -6 0 -17 
1 -23 -6 2 -9 -9 -10 0 
-4 1 0 1 -6 -4 -7 -30 
-12 9 15 13 8 7 8 -11 
13 17 13 11 4 4 2 28 
-2 11 5 -3 5 0 0 -2 
10 -20 -13 -8 -4 0 3 2 
2 3 -11 10 4 3 7 53 
0 3 12 -2 -3 -4 -6 -41 
2 -4 10 -6 -3 -4 -6 -11 
-16 -20 -37 -12 -10 -6 -6 -17 
-13 -1 3 -4 0 -4 -2 -28 
31 7 11 10 4 5 10 67 
-30 6 11 4 1 2 5 -4 
1 7 2 3 3 2 0 -9 
5 -11 -15 -9 -9 -7 1 12 
-15 -18 -16 -9 -3 -6 -5 -21 
16 0 -8 -5 -5 -5 -5 -3 
-24 4 -3 1 -2 2 5 -9 
18 -3 3 -5 2 0 -9 42 
33 18 19 20 8 4 -4 -2 
-13 -18 -5 -9 -7 -9 -11 -53 
10 -4 -3 -4 -3 -4 -4 -7 
-18 -18 -13 -6 -6 -3 -6 0 
-14 0 -9 -13 -3 -3 0 -1 
9 2 -7 -9 -2 2 2 16 
-3 -2 7 7 5 5 7 3 
8 0 -1 0 -6 -6 -4 -13 
-10 -3 5 6 3 0 1 -6 
-15 -7 -12 -5 -5 -4 -2 -15 
25 -2 -1 -4 -2 -2 0 27 
-30 12 12 6 6 1 -6 -49 
15 -1 -13 -3 -4 -1 2 24 
-7 20 -6 -4 6 4 2 26 
-13 12 32 -6 -7 -3 -4 -38 
16 -9 -7 -2 -3 -6 -8 14 
5 -3 -11 4 -1 0 7 24 
-11 -5 0 -9 -3 -6 -5 14 
-2 0 22 14 6 4 0 -15 
-15 -19 -36 -16 -11 -1 2 -13 
-7 -6 0 -4 -4 0 -5 -28 
5 -6 -11 4 -3 -4 2 11 
-7 -3 -9 -2 -6 -5 -8 -1 
-6 5 16 4 3 -3 4 5 
0 6 5 -1 2 -1 4 11 
13 7 7 2 0 4 0 -4 
25 11 -4 12 9 2 3 45 
-27 -10 18 -8 0 -2 -5 -64 
-25 -14 -38 -13 -12 -5 -2 -2 
27 4 10 4 1 -1 0 6 
-14 -3 -6 -2 -1 0 0 19 
26 0 -1 1 2 2 5 0 
9 11 32 6 2 -1 -3 -24 
-12 -8 -1 3 -4 2 8 37 
3 -4 -28 -5 0 -1 -9 -41 
12 -20 -10 -15 -9 -8 -2 26 
-3 1 7 2 0 -1 -8 10 
0 2 0 2 -5 -3 11 -22 
-8 -8 -6 -13 -7 -2 -7 4 
-10 9 -9 2 1 4 8 2 
16 8 14 -4 -1 0 4 28 
-2 -10 -7 -1 3 0 -4 -26 
-28 14 -2 1 -2 -3 2 -7 
-25 -2 -13 -6 -5 -7 -12 -26 
12 -5 3 7 1 2 3 9 
10 -1 9 1 -1 -1 -7 -15 
-5 -4 -15 -2 -5 -3 -2 -7 
16 20 19 6 4 5 1 9 
2 -9 -1 7 3 -1 1 45 
-21 13 4 -3 -4 -5 -5 -32 
-19 -22 -27 -7 -3 -2 -4 -34 
14 10 32 2 -1 0 -2 10 
-7 -8 -6 -3 -2 -2 1 -12 
0 16 17 12 4 5 2 7 
14 -19 3 -1 -6 -3 5 32 
-9 -3 -5 2 4 0 0 -11 
-4 -3 -17 -4 -8 -6 -8 -3 
9 0 -17 -19 -5 -6 -8 -5 
-32 0 15 4 2 0 3 28 
7 -9 -16 4 5 -2 4 5 
-12 -9 14 -2 -11 -4 -7 -57 
-1 -9 -12 -19 -6 -3 -7 -14 
16 7 4 1 -5 -2 -3 2 
2 0 -3 1 1 5 -4 -5 
-1 5 4 6 12 0 5 23 
-24 -9 5 8 -1 0 -1 -2 
2 -9 -26 -18 -7 -6 -8 -2 
-9 -3 0 4 -3 -2 2 -7 
7 -9 -3 -2 -2 0 -1 9 
3 9 9 6 2 3 1 -7 
10 5 13 8 12 13 13 18 
0 -2 -12 -9 -13 -14 -8 2 
-1 2 -26 -11 -3 -4 -11 -23 
0 -22 -2 0 0 3 -6 9 
3 2 -4 0 -4 -6 -3 -8 
9 14 7 0 1 4 9 9 
3 7 15 4 -2 4 9 21 
-8 0 5 12 7 2 8 -19 
29 -23 -36 -29 -17 -10 -5 36 
-24 -5 0 -10 -7 -5 -4 -26 
-30 -11 -4 -2 -1 -4 -6 -18 
3 3 5 8 5 3 3 17 
0 5 22 13 7 2 2 -11 
3 1 -11 -4 -3 -2 -6 2 
0 7 7 13 9 5 1 39 
0 -4 -18 -31 -12 -5 -2 -64 
13 4 1 2 2 -1 0 8 
-18 -14 -3 -4 -3 -2 -5 -1 
-7 -10 7 5 3 3 2 -1 
14 15 0 12 6 2 5 28 
0 6 12 0 -2 1 -1 -17 
13 -2 -18 4 5 4 -4 17 
-16 8 -4 -7 -8 -9 4 -20 
-4 -9 -5 -2 -5 -6 -11 4 
-5 -1 6 -3 0 -5 -3 -16 
0 12 16 7 4 4 7 4 
7 8 -2 -6 -4 -1 7 26 
7 -3 -3 -8 -2 -4 -4 -4 
15 -4 -19 4 3 2 2 19 
-32 -7 -9 -4 -11 -7 -4 -32 
3 -9 -14 -7 -2 0 -5 19 
7 -3 17 4 1 -3 0 -15 
-11 1 12 3 1 5 1 -17 
24 -8 -3 -6 -2 -3 9 34 
15 -1 -19 3 -4 -1 -5 -5 
-7 12 1 5 0 -2 -5 33 
-22 -18 -7 -5 -4 -5 -2 -25 
2 4 12 -1 -2 -2 -5 -12 
-4 2 11 -3 0 0 5 -1 
1 2 -21 -8 -2 1 -5 10 
-6 22 25 4 1 0 0 -10 
-1 -6 -21 -2 -2 0 3 -2 
18 10 21 6 5 0 -4 7 
5 -2 -15 -2 -2 -1 -3 -6 
-11 -12 -8 -14 -8 -5 -7 -8 
-1 -3 11 7 7 2 -4 -1 
-9 0 -26 -8 -5 -2 -2 12 
-3 1 9 7 2 -2 2 -24 
7 19 18 15 7 5 3 3 
2 6 -7 -3 -4 -2 -3 -25 
-11 -22 -24 -10 -6 -1 -2 -13 
8 -4 -6 -7 -1 -1 0 17 
-10 -13 -13 -4 -6 -10 -3 15 
3 8 20 8 4 2 -1 -3 
1 14 21 0 -1 1 -1 -5 
-6 -12 -7 1 2 2 8 -10 
13 3 -7 -2 -2 -2 0 16 
-45 -4 -20 -15 -6 -8 -14 -29 
2 -14 -3 -3 -2 -6 -4 -24 
-3 -4 6 4 -1 0 -4 19 
7 10 4 5 3 0 4 9 
17 10 1 10 6 3 7 26 
-20 -1 8 -19 -11 0 2 -35 
12 -10 -10 -8 -6 -6 -6 -1 
2 -12 -4 -1 -6 -6 -2 1 
-3 -3 -3 -4 0 2 -3 0 
8 12 17 14 8 3 3 3 
-6 6 16 9 3 3 8 47 
5 -24 -30 -19 -8 -3 -6 -58 
14 -1 -6 -3 -4 -4 -2 57 
-31 4 21 8 1 -6 -9 -57 
-19 8 -7 -7 -6 -2 -3 -7 
12 -9 0 3 1 2 0 7 
-1 -5 6 1 -2 -2 -1 -1 
11 -11 -17 -7 -7 -2 -6 4 
-6 4 8 11 3 -4 2 28 
3 -5 -23 -25 -3 -5 -7 -26 
11 -12 -19 -11 -6 -5 0 -11 
-10 0 6 1 0 0 2 4 
-1 -11 -1 0 -3 -1 -7 -7 
-5 32 19 12 1 3 0 18 
7 1 -1 -2 1 2 8 25 
24 -6 -6 3 3 -4 -7 -29 
-68 -8 -18 -6 -8 -7 -13 -51 
-20 -9 3 4 -1 -2 -4 2 
5 0 -4 2 2 1 1 -13 
4 4 4 -3 -10 -1 -6 33 
27 8 2 -13 -3 1 3 -2 
-12 -16 -1 2 5 8 0 -14 
-2 -1 3 1 1 -1 0 -1 
-10 4 -12 -4 -1 -10 -3 10 
6 -8 -1 -3 -4 0 4 2 
-14 -4 -6 -3 -2 0 -9 -12 
20 15 20 17 4 5 13 35 
-18 -20 -36 -36 -6 -2 -4 -65 
2 0 -14 -1 -2 -2 -13 -4 
-1 7 20 5 -2 -2 10 19 
-3 -20 27 4 0 0 -8 -10 
6 8 -1 12 5 3 5 3 
-3 -11 -15 2 -1 2 -4 20 
9 -6 -15 -7 -1 0 14 13 
-20 1 -5 -6 -5 -9 -13 -35 
7 2 18 8 4 3 5 30 
6 -5 -5 -3 4 4 2 -16 
15 18 15 12 5 -1 -1 19 
-27 5 -17 -5 -1 4 4 -26 
-7 -1 10 -1 -6 -14 -11 16 
0 -16 -12 3 -3 -4 -2 -14 
-5 -3 -8 -6 2 0 -4 3 
-5 -5 -3 -4 -1 1 2 -3 
13 9 0 9 5 3 2 13 
1 3 20 2 -1 -2 7 12 
4 24 18 -11 -7 1 0 22 
1 -16 -47 -5 -4 -4 -2 -52 
-10 -7 -9 -9 -6 -4 -9 -3 
-16 6 10 4 7 -1 -3 -2 
-11 -15 -6 1 -4 0 -5 -30 
15 27 11 0 1 -1 -3 18 
7 -5 1 3 0 1 6 7 
-1 -10 -10 -4 -4 -6 -3 0 
-1 0 2 6 6 5 2 10 
0 14 21 3 0 -6 -2 22 
-5 -7 -22 2 -2 2 3 -44 
13 0 -11 -12 -3 -4 -3 24 
-9 -33 -11 -4 -4 -5 -7 -8 
6 1 10 -5 -2 -3 -5 -6 
-4 2 7 8 3 2 -1 9 
-5 14 12 5 0 4 8 29 
18 -5 -8 1 -2 -2 -6 -49 
-9 -10 4 -5 -1 -2 -2 25 
-5 4 -8 -4 0 0 2 -19 
4 -5 8 6 -2 0 0 2 
-19 -9 -19 -8 -4 -7 -5 -11 
-6 -14 4 1 -1 2 -4 -14 
9 15 -4 -5 0 -1 -3 13 
-2 4 18 0 -2 -4 -5 -20 
0 20 -10 0 1 2 4 20 
9 -2 -3 -5 -6 -5 -5 -2 
-22 1 4 -3 -3 -4 -2 5 
12 -8 -14 2 9 2 2 -4 
-1 9 26 3 -6 -2 -3 -8 
0 -9 -23 -6 1 0 3 -8 
-2 11 13 -3 1 1 2 16 
4 -11 1 0 -2 -2 2 -3 
-1 6 7 7 3 -2 -3 17 
-6 -2 -7 -5 -4 -4 -1 -36 
3 -17 -16 -12 -1 -2 -4 12 
10 9 -1 0 1 2 0 -3 
-11 -6 -3 1 1 -1 1 -2 
-33 -2 8 0 -5 -1 3 14 
0 3 1 5 2 2 -1 13 
-7 -4 5 -2 -5 -6 -8 -36 
0 -10 -20 -6 -3 -1 -1 -2 
18 1 6 0 -2 0 2 5 
-8 -5 1 5 1 1 -1 -6 
-8 8 2 -6 -2 -4 0 23 
12 -11 10 -3 -1 -2 -7 -8 
-8 6 -3 12 4 2 -1 19 
-4 -18 -29 -14 -12 -9 -10 -60 
4 3 6 2 2 2 1 -4 
-10 13 -3 -2 -2 -3 2 16 
11 -4 -3 2 4 5 7 4 
2 3 15 0 -1 0 -6 -4 
-11 -4 -13 -2 -6 -3 -4 13 
-3 -14 -7 -5 -4 -1 -1 -1 
12 5 2 -2 1 -4 -1 0 
-13 2 0 8 2 3 6 8 
2 0 -1 -3 -4 -1 12 -6 
-5 -13 5 3 0 0 -18 11 
16 -1 6 -7 -7 -9 -10 -21 
-13 -24 -35 -18 -4 -3 -1 -19 
1 -4 -1 -2 -1 1 -1 0 
0 8 -3 0 1 0 6 -5 
-3 3 6 -1 1 -1 -3 15 
22 10 17 12 3 0 8 29 
-13 5 -8 1 8 9 8 -35 
16 -18 7 -5 -13 -11 -3 22 
-15 -19 -30 -17 -7 -2 -16 -23 
-4 1 7 -1 -2 -2 0 11 
7 -4 2 -2 -2 -2 2 5 
-6 11 7 8 5 3 9 -10 
1 -8 8 6 -1 -2 1 7 
8 1 13 7 6 8 11 8 
3 -6 -5 -4 -3 -7 -7 24 
-10 -11 -14 -10 -2 -6 -6 -27 
-18 2 1 1 -5 -7 -8 -17 
4 4 0 -3 -1 -1 -3 6 
