#EMG
#7
#ID:7-91
-4 1 27 18 1 -4 -7 -49 
3 -2 -18 -18 1 3 9 36 
11 -5 7 8 -3 -2 0 -18 
-46 -19 11 4 1 2 3 -4 
18 3 -27 -14 -1 -2 2 4 
-2 17 55 34 3 0 -10 11 
-4 3 -20 -41 -5 -2 -14 -11 
7 -3 31 5 2 0 10 -1 
-15 -7 -41 -9 -6 -2 21 54 
17 -1 -13 4 -2 -3 -10 -45 
-16 -3 25 39 8 5 -5 11 
18 1 -34 -40 -10 -7 -16 -27 
-26 -12 -16 -23 -4 0 21 2 
8 -10 2 13 -5 -4 -17 -7 
-32 -8 3 11 -1 0 -3 4 
25 0 -20 2 -1 1 9 31 
-15 8 35 -12 1 4 -6 -80 
11 -19 -19 2 -5 -6 -2 43 
3 4 25 0 3 4 3 -5 
-2 5 -21 -17 -4 -4 -1 12 
-4 -18 -3 -3 -1 -1 -4 -15 
6 28 12 10 2 -1 -3 1 
-9 -14 -9 1 -2 -2 -24 7 
-12 -14 -23 -11 2 3 32 14 
27 2 34 14 -3 -5 -12 10 
-8 0 -6 -3 0 2 10 -4 
-14 -13 -18 -9 -4 -3 -6 -16 
21 -16 -1 13 -1 -3 -13 10 
5 23 -8 5 8 2 4 -2 
-19 -16 -1 -12 -3 -1 -4 -4 
5 17 17 8 -5 -3 8 23 
-26 -22 -14 -16 -9 -6 -11 -60 
2 6 -30 -22 -3 -4 0 16 
6 -7 4 5 1 -2 -13 2 
-9 0 2 -7 2 1 10 -15 
-5 -5 -26 1 -5 0 -8 21 
7 -9 0 7 -3 -1 -8 -14 
-4 6 -46 -8 -1 -1 5 -6 
5 -4 37 -3 -2 -1 -4 -15 
8 11 14 19 6 5 18 24 
10 -1 -2 -7 -8 -6 -4 16 
-11 -6 -7 13 -1 -5 -7 -11 
3 6 -5 -9 2 1 11 27 
0 16 15 3 1 0 -10 -30 
-30 -1 -36 -30 -8 -2 -15 -26 
-4 -8 6 7 -1 2 24 31 
5 -5 -18 0 -4 -4 -10 5 
-1 5 6 4 -2 -4 10 20 
6 6 18 10 4 2 -13 -31 
-27 26 13 -13 1 2 -9 -12 
9 -16 2 -5 -4 -1 9 -9 
-12 -2 3 18 3 -1 -6 24 
10 -5 12 3 -8 -7 -8 -6 
-2 4 3 6 -1 -1 2 -3 
3 -5 -10 -9 2 1 3 8 
26 12 6 -4 5 4 -6 -18 
-13 2 29 26 -2 -4 0 6 
-5 0 -11 -3 -4 -2 -4 -9 
19 -9 -17 -6 0 -2 12 1 
16 1 2 4 -2 -3 -36 24 
-30 -1 -2 -6 0 3 25 20 
-1 7 0 -6 1 0 -4 -59 
14 4 -17 2 5 5 4 28 
-24 -21 27 1 -6 -5 -14 -27 
19 0 1 9 1 1 3 -21 
16 -8 -17 -22 -6 -1 -3 72 
8 7 -15 5 1 0 -3 -39 
8 15 10 -7 -1 0 3 -17 
-8 -11 16 -4 2 3 12 26 
-9 -23 5 25 1 -3 -11 14 
-6 15 20 2 0 -1 2 -23 
-16 -21 -21 -1 -3 -3 18 13 
-5 -7 -18 -34 -4 -3 -46 -31 
8 -7 11 12 -3 -1 41 40 
-29 5 -7 -12 -2 -5 5 -71 
19 -11 -33 3 2 3 -3 5 
3 14 4 8 7 3 -7 40 
0 -7 -17 -16 -6 0 21 4 
9 -18 -27 11 -2 -5 -33 23 
-15 38 59 -18 -5 -1 18 -15 
17 -14 -21 -1 3 -3 -30 -20 
-36 16 25 25 5 3 14 -6 
-10 -32 -7 -23 -3 -1 14 16 
1 -7 -9 10 1 2 6 38 
-5 -10 33 21 3 -2 -57 -15 
13 11 -32 -40 -10 -3 26 -14 
-40 -31 -37 10 -5 -5 -7 -20 
3 -17 -6 6 0 -2 14 20 
14 49 19 -16 -4 -3 -4 32 
3 -12 -6 25 0 -8 -63 -40 
-13 -4 13 -28 -4 9 19 13 
51 15 14 4 3 3 21 4 
-28 -10 -31 3 -1 0 24 0 
16 16 -10 -3 -2 -1 -47 4 
5 -19 35 2 -4 -2 32 39 
-21 40 31 13 1 -2 -29 -26 
27 6 24 -4 0 3 25 3 
5 -33 -47 -3 0 -3 -13 -11 
15 47 -27 -12 -7 -4 -23 5 
-21 -22 -4 -13 -4 -6 1 -2 
-9 -48 3 7 -2 -2 8 -15 
2 3 58 0 6 4 -11 -6 
-6 -12 6 17 1 -2 10 -20 
-10 -12 -31 4 -2 -6 -15 -6 
-15 -47 4 -10 -2 -1 7 -16 
13 22 8 23 -1 1 -22 3 
-12 12 -15 -4 0 -1 19 -10 
-17 3 59 15 1 -1 1 -4 
-3 -9 -30 -41 -9 -3 0 -8 
34 28 48 -1 0 1 33 39 
16 2 -14 -7 -9 -9 -33 -10 
0 10 -21 6 -1 0 -7 -7 
-30 -21 -20 14 -1 0 9 1 
0 -6 16 -20 -5 1 11 -10 
-23 12 25 -14 -8 -8 -18 -24 
35 -6 -29 -4 -5 -3 25 78 
-18 0 -57 0 -4 -3 9 -23 
16 17 -16 -24 1 -2 -2 -14 
-5 -22 64 19 3 4 0 13 
-6 -5 35 -40 -3 -4 -15 -36 
16 35 50 33 1 -6 1 -6 
-22 -25 -77 -1 3 1 -30 -23 
13 5 37 6 -6 1 27 8 
-2 -24 -36 18 8 -2 13 40 
-1 17 33 -19 -9 4 16 26 
-20 -14 -29 -15 -1 -6 -44 -50 
38 -4 -1 -4 9 5 2 44 
7 -1 -18 -1 6 6 -12 -50 
20 -30 -95 -36 -14 -12 8 21 
-27 -6 77 11 -7 -5 10 -2 
5 15 -40 -11 -3 1 -24 16 
-11 1 5 15 0 -5 -3 -11 
26 23 27 -1 4 6 -6 15 
-23 -39 -3 8 5 4 20 20 
-14 20 -18 28 0 -2 -10 43 
-17 -1 -42 -74 -20 -5 12 -59 
6 -46 -12 9 0 -7 -71 5 
-10 -7 -17 -18 7 10 73 0 
5 15 30 25 7 0 6 22 
-19 -4 8 12 -1 -1 -54 -23 
8 -12 -28 -10 -3 -1 24 9 
15 13 20 -17 -5 0 17 43 
-3 -14 -31 0 7 1 -24 -58 
19 16 1 28 2 4 -2 31 
-8 13 -18 -7 3 2 5 -66 
6 -1 -9 6 2 -3 -26 28 
7 10 29 6 0 5 28 -22 
14 7 37 7 2 -2 -37 37 
-11 -17 -26 -2 1 1 15 18 
26 19 10 18 -3 2 54 3 
-20 -54 -53 -20 -14 -17 -36 -42 
-3 -5 -12 -20 -4 -1 2 4 
-11 34 2 31 3 3 4 4 
-13 -8 9 -10 -2 0 -39 -25 
10 27 1 -13 -2 -4 16 12 
-16 -36 -20 4 -4 -4 -1 1 
17 15 1 -10 -2 0 38 34 
-40 5 25 21 3 -2 -28 -50 
31 -2 -18 -33 -9 -3 -2 42 
-1 5 2 -6 -5 0 35 6 
-7 12 -8 -9 2 0 -8 -15 
10 -3 15 12 0 -1 -17 28 
-13 -20 -29 13 3 -7 -11 -23 
-21 31 -12 -15 4 9 31 18 
-17 -3 46 25 -10 -17 -9 -55 
30 5 19 -2 5 3 -39 31 
-15 -13 -25 -23 -2 3 37 -42 
30 28 13 21 -4 -6 -11 8 
-2 25 12 2 1 -7 -20 -3 
-24 -26 -70 -15 -7 -2 6 -50 
21 26 52 42 -1 -3 -9 43 
0 36 -22 -66 8 7 -35 -28 
-12 -38 -26 -14 -10 -6 -10 25 
9 -13 5 8 5 8 23 -17 
-10 -1 -12 -2 -2 -13 -35 -27 
-13 -40 -10 3 -20 -7 10 -11 
25 33 44 6 10 9 49 59 
3 0 -49 -6 -10 -12 -56 -42 
-25 -3 -20 -3 -4 3 20 -17 
15 20 41 25 18 3 10 2 
-10 -17 -16 -16 -8 -8 -20 -30 
13 54 38 28 7 11 23 58 
-15 -18 -27 -67 -8 -14 -19 -27 
-1 -12 4 49 2 4 -25 0 
11 -36 7 -11 0 5 47 -1 
2 -23 29 4 3 -5 7 -8 
8 9 -46 3 -5 1 -12 16 
-30 1 -21 -6 2 -2 14 -17 
-16 -2 1 2 2 0 -21 -6 
-9 -18 -59 -14 0 2 23 15 
2 21 65 26 -9 -4 6 -3 
-7 -51 40 40 -4 -3 -14 -16 
38 17 7 -11 0 8 -3 2 
-58 5 13 5 8 -11 -39 -51 
-22 -23 -7 -20 -12 1 8 39 
20 34 -11 -20 2 0 21 28 
-3 0 -19 61 17 6 -3 -34 
16 -8 -13 -22 -8 -7 -4 49 
-2 -4 9 27 6 -1 -12 -13 
-29 12 10 -48 2 0 -24 -7 
-19 -6 18 1 -17 -4 31 -46 
-17 -22 -14 -36 -6 -5 1 -18 
50 45 26 28 -5 -1 -17 33 
-11 -20 -52 -30 -2 -2 14 -3 
-22 10 -1 10 7 2 -18 -9 
15 -11 23 49 -11 -6 20 24 
15 6 14 6 13 10 8 4 
0 -4 -15 4 -3 0 59 5 
10 -9 5 -51 4 -1 -50 32 
-64 -26 -51 10 -8 -3 14 -70 
35 -2 25 24 6 2 26 18 
25 -31 -50 -64 -18 -12 -13 20 
25 43 22 4 3 -4 -14 -18 
-5 8 24 -21 -4 4 41 39 
-15 -18 2 -10 5 12 20 40 
-46 -25 8 11 -12 -17 -24 -11 
27 2 -10 20 3 10 4 0 
79 31 44 4 1 -11 -20 38 
-48 2 -50 -35 -1 -2 -48 -68 
57 -30 -41 3 -4 3 64 26 
-12 36 43 -40 -11 -12 -37 29 
-32 -6 49 19 -6 3 33 5 
-22 -39 -63 -3 5 -1 -22 -19 
9 13 34 36 5 -3 -72 -63 
-33 -51 -8 -3 0 5 36 8 
10 1 -10 -8 -9 -9 6 26 
17 40 57 10 0 -8 0 -9 
-1 74 69 -6 8 17 23 15 
-27 -102 14 23 -2 -14 -16 -5 
7 -3 -70 -58 -15 -1 -21 -12 
8 2 -48 31 3 -9 11 32 
21 32 87 63 0 17 1 -32 
-33 -11 -106 -67 -19 -15 -22 -25 
11 -8 -7 -18 1 1 -6 -5 
-7 -16 -70 -15 12 4 1 -2 
-7 -15 -47 8 -21 -12 -2 14 
1 40 102 40 15 3 16 20 
-36 15 -68 -38 -14 -15 -29 -54 
38 7 45 15 -2 7 20 26 
-16 -25 40 -7 15 1 -14 -4 
-3 -12 -67 -39 -10 8 15 -16 
13 42 52 63 11 -1 -10 -16 
-55 -30 38 -18 -10 -11 -14 -29 
-11 6 -5 -22 4 3 -18 5 
26 42 19 0 -11 -6 13 -9 
16 -37 6 1 9 13 39 70 
-8 -6 15 -7 1 5 -6 -12 
16 -12 -28 -52 -6 -10 17 6 
7 27 -15 25 14 -3 -2 10 
-32 -20 -23 -3 0 5 -8 -34 
10 -5 -3 -8 -7 2 12 12 
-57 -30 -27 16 -4 -6 -16 -38 
27 4 -10 -26 -3 -4 -5 77 
-4 -13 1 28 -5 -11 -10 -51 
-3 14 18 13 4 -2 -12 -47 
15 15 -2 -9 2 2 -3 7 
-31 -44 -33 44 -2 0 3 2 
-10 33 44 6 10 5 -14 -9 
11 -10 2 16 -4 -4 5 -21 
37 9 -9 -21 -1 0 -20 17 
5 -15 -36 -27 -7 -2 77 62 
15 -3 13 -9 1 -2 -20 -17 
-47 -11 -3 -15 -8 -5 -9 -27 
16 17 22 2 5 4 17 15 
-26 3 5 41 -4 1 -38 -47 
16 -2 12 -5 -3 -5 16 31 
36 37 -5 -13 14 9 21 67 
-17 -30 -6 -15 -15 -5 -18 -38 
-37 3 -10 -9 10 2 -12 -30 
2 -1 10 -16 -20 -1 -5 0 
-19 -9 -10 30 -1 -4 -9 -3 
19 27 -11 10 8 -3 14 30 
7 19 7 4 -7 4 -14 -16 
0 -16 -29 -18 -1 -11 -11 -5 
-3 -16 12 -8 -8 -4 -9 -21 
8 -3 8 2 -5 -1 -1 -15 
-11 1 -7 -9 6 0 1 14 
7 0 1 18 5 -2 -6 21 
-12 -2 -3 6 -7 -3 -4 -23 
-2 -3 6 26 8 1 4 13 
10 12 9 -7 -2 -2 -13 -30 
1 -8 -13 -4 0 0 2 7 
1 -9 17 -2 -4 0 -4 12 
-8 -3 -17 -1 4 0 3 -10 
20 4 14 21 6 -2 -14 -1 
-3 -7 2 0 3 0 3 24 
-6 -5 -10 -14 -7 2 2 -35 
-5 -9 16 13 0 -8 -5 -6 
-8 -9 -34 -27 -18 -4 2 35 
28 -3 -1 -3 4 -2 -12 -51 
-31 5 15 5 6 2 -2 -24 
14 27 1 -8 -6 1 5 41 
16 -4 1 9 -7 -6 -9 -12 
-8 -16 -9 -3 3 5 -4 -39 
-32 4 -31 -25 -5 -5 2 31 
-14 13 18 35 3 2 -2 -13 
15 -18 15 3 2 0 6 14 
9 -6 -9 1 3 2 -1 15 
15 4 -22 -6 1 -1 -2 2 
-20 -12 -3 -8 -4 -2 -7 -7 
-11 17 3 -10 1 1 -1 -40 
3 -5 2 -7 -7 -1 5 50 
17 -20 -10 -7 3 1 2 -19 
-36 -16 5 1 -5 -4 -2 -17 
-1 -21 -7 12 1 -2 -5 -9 
-19 30 45 -4 -1 3 2 -27 
41 8 7 4 -5 -9 -4 55 
-10 -1 -12 -3 0 -2 2 30 
-14 -10 10 -2 1 0 -6 -57 
-9 5 -4 7 0 0 0 31 
-2 11 29 12 14 9 0 -25 
24 -8 -25 -20 -10 -4 -26 -10 
-9 6 31 11 -1 -1 26 30 
14 -5 -40 -10 -2 -6 0 27 
-16 -9 -13 -14 -3 0 -7 -20 
-5 -10 8 11 6 2 -2 -15 
4 11 -7 -13 -6 -1 -7 7 
5 -9 -2 13 -2 -1 3 19 
-2 -27 -17 -19 -11 -7 -6 -7 
-40 -15 1 -11 -4 -3 10 0 
10 6 -2 5 5 -2 -5 11 
-4 13 -15 -7 0 1 -1 -40 
-5 -5 20 8 -1 0 -2 1 
27 -7 5 19 -3 0 7 30 
-7 -5 -11 -23 -2 -2 3 3 
-7 -9 18 5 -2 -5 -7 -3 
7 11 -33 -3 1 -1 1 3 
4 23 41 4 3 0 3 5 
-16 -29 -45 -8 -8 0 -10 -25 
17 8 12 1 -6 -1 -2 12 
-19 -10 -10 -9 -6 -7 -4 -23 
2 5 -22 5 4 0 3 3 
10 16 13 11 11 1 -7 -3 
-8 -21 -44 -11 -5 4 6 -3 
12 9 27 -16 -12 -3 1 20 
-22 3 -10 1 14 9 12 17 
9 -9 28 14 7 2 -3 -21 
-4 -10 -18 -3 -2 -6 0 -5 
-6 13 9 13 2 -7 -12 -11 
8 6 -33 -19 -10 -7 -1 -4 
8 5 -4 4 2 2 3 23 
-8 -3 10 8 6 4 2 -4 
19 27 45 12 5 4 4 31 
-5 -3 -32 -19 -7 -4 -2 -20 
-9 -3 -5 17 -2 -3 0 -15 
16 -6 -41 -19 -4 -6 -10 4 
-29 -8 7 -15 -7 -7 -6 -19 
-1 -16 -29 -5 -7 -7 -9 -8 
19 18 21 -4 -3 0 8 22 
-12 6 6 6 5 5 2 -14 
7 1 0 4 3 3 5 5 
8 13 20 18 6 0 0 29 
-49 -33 -70 -57 -27 -6 -13 -68 
-44 -43 -26 4 -6 -6 -1 2 
21 4 25 -9 -3 -2 -9 -4 
0 -17 20 11 -1 -7 -9 -18 
15 21 20 10 8 -1 1 32 
2 9 4 -6 1 -2 -1 5 
-7 -9 -26 -4 -4 -3 1 -21 
6 13 28 37 6 6 -1 -4 
0 -24 -27 -35 10 9 7 16 
-15 -1 43 -22 -15 -6 0 -2 
36 -30 -29 12 2 1 -2 20 
-29 17 24 3 -4 -2 1 -36 
20 2 -7 18 0 -10 -35 8 
9 10 -5 0 1 2 27 -13 
-25 -3 1 0 6 6 11 0 
22 -48 -28 -20 -11 -6 2 89 
-19 -12 10 11 -3 -3 -11 -93 
7 -17 -13 -3 2 2 -4 10 
-2 13 -3 4 -2 -3 -5 -9 
-1 -6 -16 -10 3 -1 -7 -23 
5 -3 12 6 -2 -6 6 46 
-4 24 8 -16 -5 -5 -8 -1 
7 -3 -19 -8 3 2 4 -19 
-3 -10 -12 -7 -10 -2 -6 -9 
2 18 25 9 1 -2 6 16 
-1 20 10 36 11 5 1 -10 
-21 -10 -42 -59 -9 -6 -10 14 
3 -24 -9 -1 -7 -7 6 -14 
-4 2 -4 -6 -9 -6 -6 14 
4 6 11 15 3 -3 -7 -24 
-6 0 8 8 2 1 2 14 
1 11 -1 -2 2 3 -3 -11 
8 27 32 -2 7 3 10 16 
-4 8 14 18 -3 8 6 30 
15 -1 -13 -20 -8 -10 -14 -17 
-16 -16 -4 -19 -7 -7 -6 -39 
4 5 10 14 0 2 5 9 
-6 -2 -3 -10 5 0 -7 7 
0 17 15 20 1 4 9 17 
9 8 8 12 4 1 -1 -4 
2 -16 -2 -2 6 5 2 8 
-22 -18 -15 -21 -4 -4 -5 -16 
-11 -14 27 1 -9 -3 5 25 
19 7 -5 -7 1 -3 -3 -3 
-17 -14 -12 5 -4 -9 -12 -20 
12 9 5 -2 1 -4 -6 -3 
-3 1 -4 14 0 0 3 2 
9 13 -8 2 7 5 3 10 
-13 -19 45 -1 -4 6 10 29 
-1 40 -24 -10 0 3 -18 -14 
30 -48 -31 -13 -17 -13 14 -10 
-50 5 -16 -16 -9 -9 -13 -35 
4 -8 -9 0 -4 -5 -1 12 
-8 -10 24 -1 0 -2 -8 -7 
5 11 3 8 9 6 1 12 
9 3 3 2 2 5 2 10 
6 11 -8 7 3 1 3 10 
-12 -24 3 1 -2 -3 0 -16 
23 14 3 -24 -1 -2 4 -6 
-14 -11 6 9 -4 -6 -4 -20 
-3 22 4 0 -3 -1 -4 -9 
22 -6 -6 11 5 2 6 24 
-19 10 21 28 11 6 1 13 
20 0 16 -3 -3 2 -1 12 
-52 -11 -24 -27 -5 -5 -3 -21 
17 -20 -19 7 -13 -14 -9 7 
-44 -13 -14 0 -2 -2 -11 -33 
9 17 7 9 8 2 2 10 
8 -3 0 7 4 9 11 51 
3 7 4 -4 -1 -3 -6 -64 
-18 32 22 20 13 5 -4 -17 
33 -24 -27 -25 -13 -1 14 41 
7 -10 4 6 -15 -10 -2 9 
-11 -1 -15 -17 -2 -3 -5 -30 
6 -4 8 6 0 0 -1 10 
-16 10 10 6 8 3 -2 -26 
14 1 -11 -6 2 1 -3 -2 
8 -4 24 12 0 1 10 56 
-8 10 -6 2 3 1 3 -8 
-57 -25 -36 -29 -15 -11 -14 -25 
1 -5 -1 -8 -6 -7 -8 -14 
-4 1 -4 4 -1 -1 -1 -2 
20 13 -5 2 1 4 3 31 
3 25 24 16 10 3 -1 5 
12 10 9 8 3 -2 1 -19 
-5 -22 -16 -12 -1 5 9 55 
20 27 -5 -2 -1 1 4 -31 
-3 -26 -26 -15 -10 -9 -14 -9 
-15 2 -5 -5 -5 -4 0 -28 
5 12 12 4 1 -2 -3 10 
5 -16 6 4 1 2 1 26 
5 1 -26 2 4 1 -4 -23 
11 10 15 13 14 10 16 25 
22 5 13 -9 -10 -9 -5 -14 
-24 -29 -23 -13 -10 -8 -39 -29 
-2 8 24 -2 2 5 38 13 
-1 -11 -8 0 -4 -2 -10 -3 
-5 -2 -4 0 4 3 3 -2 
-15 3 19 0 -10 -8 -4 -5 
16 4 -28 -3 0 -2 -6 17 
10 -2 25 12 2 -1 -1 3 
-11 -7 -22 -9 -5 -2 1 -4 
-2 3 -4 -7 -3 -1 3 10 
-7 2 8 -1 0 0 -1 -12 
24 -18 -19 11 14 7 0 -3 
-22 6 -12 -50 -19 -4 -7 7 
-27 -19 -11 20 -4 -7 4 -27 
12 -1 6 -9 -5 -2 -7 17 
-10 2 -18 -8 -2 -3 -8 -24 
2 -4 34 20 11 3 7 -9 
15 -3 8 2 6 7 15 84 
-29 -16 -75 -29 -2 -2 -9 -95 
-12 2 39 7 -12 -14 -16 0 
17 -20 -16 10 2 1 1 36 
-3 9 9 -5 -8 -1 -4 -50 
13 11 28 19 6 2 0 19 
-6 -4 -10 -17 -3 0 -3 0 
-22 11 -1 9 1 1 4 -23 
13 -1 6 16 15 8 10 54 
33 -9 -9 -8 -15 -10 -13 0 
-60 -14 -14 -13 -4 -2 2 -7 
5 9 18 11 4 0 -2 3 
8 -10 -31 -18 -6 -8 -7 -9 
-16 1 41 19 4 1 -2 3 
36 18 3 6 1 0 4 28 
-15 11 20 1 6 7 3 -9 
-22 -9 -22 0 2 1 -6 -44 
-1 7 15 -1 -16 -6 1 46 
7 2 -10 6 -1 -3 -7 -47 
7 22 -10 -16 3 -1 6 8 
21 1 16 0 -1 -4 -4 13 
-1 -5 5 11 3 1 5 14 
-20 -18 -39 -4 1 2 -4 -7 
5 -4 -8 -4 -8 -6 -8 -18 
-12 -21 -4 -11 -3 -3 4 34 
13 5 -5 -15 -2 -6 -12 -31 
-32 4 13 -1 -2 -2 -1 -13 
3 5 -18 -13 -4 -1 -13 -25 
36 -22 -18 -5 -4 5 5 17 
-51 -7 3 11 0 -1 -3 0 
34 7 10 -10 0 1 10 18 
-8 -22 -23 -3 0 -5 -4 -14 
-9 18 40 6 -2 -1 -4 -20 
10 -24 -14 -1 0 1 1 -4 
9 9 -8 -8 -1 -2 2 10 
3 -7 -1 21 2 1 4 22 
-11 -13 -25 -18 -8 -1 -3 -26 
6 9 11 14 3 -5 -18 28 
-29 1 33 -9 -5 -2 25 -61 
38 -21 -35 -6 -4 -5 -3 45 
-8 14 -33 14 -1 -2 -5 1 
-6 5 2 -20 2 3 7 -18 
4 -20 -30 2 0 -2 -19 4 
6 17 25 -4 -3 2 4 -3 
-10 -2 -5 2 -1 -4 4 16 
-5 -1 17 19 2 2 -3 -19 
12 10 -2 -6 1 0 0 36 
1 -11 -1 6 1 -3 0 -7 
-10 13 33 -11 -6 -5 -9 -22 
31 9 9 6 1 3 9 16 
16 13 2 -1 1 -1 -7 -4 
3 10 11 11 1 5 14 21 
-22 -7 -26 -11 -4 -5 -4 -28 
-9 -2 7 -9 -2 0 2 5 
10 -28 -22 -20 -6 -3 -2 -3 
-10 2 10 2 -2 -3 -12 -8 
-1 9 9 5 6 1 3 24 
23 16 26 -5 0 0 3 -23 
17 -15 -34 13 -6 -4 -3 40 
-39 -8 1 -30 -10 -8 -8 -61 
-10 -4 13 2 -3 0 1 -6 
-10 -6 -10 0 -3 -1 4 11 
23 18 10 5 1 1 -2 5 
-9 -5 -28 1 3 -1 0 -9 
25 12 27 0 3 -2 -1 15 
-20 -3 5 -10 -7 1 -4 8 
17 -15 4 1 0 -2 -2 -19 
-6 6 4 -2 -7 -6 -5 -4 
-4 1 -1 1 1 0 -4 -15 
12 14 -19 4 6 1 7 54 
-27 -15 28 9 2 5 3 -27 
-2 -8 -11 -9 1 1 -7 -5 
-8 -32 6 -10 -5 0 -5 -6 
15 7 3 16 1 -5 2 -10 
-38 24 6 -13 -2 -1 -34 -44 
4 -17 -5 4 -2 -2 40 48 
20 -1 -54 -16 -9 0 3 1 
-2 -16 -3 8 4 3 2 -4 
-17 -12 -47 -33 -12 -3 -2 0 
-1 -16 16 9 -1 -1 -15 -2 
11 13 5 -2 -1 -2 -2 16 
-4 -5 -10 5 3 3 2 -18 
0 7 4 8 1 -3 3 16 
-3 8 4 14 9 3 -11 -9 
16 -45 -5 -15 -9 -4 13 20 
-4 -2 4 -11 -3 -5 -8 -3 
-6 10 7 6 -2 1 9 -15 
-4 -23 -1 5 3 1 -5 -3 
25 22 19 7 4 1 -6 4 
-49 -15 -3 4 2 1 1 -25 
8 -5 -6 -15 -7 -5 -4 1 
16 23 37 9 -2 0 1 21 
-22 -13 -27 1 -2 -4 -5 -47 
0 5 -13 -11 -6 -1 -1 23 
37 12 37 27 9 5 10 17 
-30 -2 -28 -13 -8 -5 -7 -18 
11 14 27 -4 1 1 -1 6 
0 -4 -23 -16 -7 -5 -4 -1 
-16 -46 -6 6 0 -2 1 21 
11 1 18 14 -4 -4 -6 -28 
-7 56 12 4 -3 0 -6 -9 
-2 -13 -45 -15 -3 -5 2 0 
-3 6 -1 -4 -3 -1 0 6 
8 10 -11 -8 -2 2 7 12 
-24 -20 2 3 -1 -6 -12 -18 
-2 -6 -4 -1 -4 -3 -9 -34 
-5 -4 -6 2 -2 -4 -4 9 
1 -16 8 -4 0 1 3 4 
-6 7 -12 8 8 4 3 5 
9 5 53 -2 -3 -2 -2 13 
3 5 -15 -1 -2 -3 3 -15 
-12 -13 -16 -5 -8 -4 -8 -14 
6 -8 -10 -1 4 3 1 3 
-12 -7 -7 9 -1 0 0 2 
14 16 -11 -5 -1 -3 -1 16 
2 22 -1 -28 -4 -3 -3 -15 
-22 5 14 20 3 3 4 8 
1 9 13 16 6 -1 1 14 
9 -4 8 8 -2 -4 -7 -27 
-3 -6 5 -7 -5 -6 -4 -5 
3 28 -17 -16 -6 -3 3 10 
1 0 21 11 4 2 2 4 
-18 -5 -13 -7 0 4 0 0 
30 12 17 0 8 5 1 0 
-20 -18 -9 7 -8 -4 0 1 
-8 3 -10 -15 -2 -3 -5 -2 
18 22 -6 -11 -4 -2 3 15 
-14 -6 -9 5 2 2 -5 -20 
-14 -3 38 2 0 -1 5 13 
-17 -4 -3 4 0 -2 1 13 
-6 -16 -33 -19 -9 -8 -7 -30 
12 19 52 15 7 5 6 20 
-2 -6 -26 -11 -3 0 -3 2 
40 20 -2 -16 -6 -4 -5 -2 
-82 -20 6 4 -2 -4 -6 -29 
-1 5 -9 7 -2 -2 -2 -10 
15 -29 -26 -8 -8 -7 6 32 
-26 -11 -5 3 2 1 -7 -56 
