#EMG
#8
#ID:8-97
-13 9 6 -4 -1 -1 -16 -7 
-7 -17 -14 10 4 -1 5 15 
7 3 9 -1 -6 -2 -13 11 
-19 -1 -22 -4 -4 -3 -6 -29 
9 9 25 -3 0 0 3 11 
-13 -20 -16 -5 -3 -3 -5 -21 
0 30 -2 -4 -4 -3 10 1 
33 -1 10 -3 2 -1 -7 12 
-39 -12 -8 -5 -11 -3 -2 5 
-13 -1 21 5 3 -3 -4 -6 
-12 1 1 10 -3 -2 -4 -10 
14 14 -15 8 -1 -2 -15 -7 
8 3 -9 -4 4 0 -2 -15 
-22 -2 3 -9 -2 4 10 15 
8 7 -7 0 3 -6 1 -2 
11 6 -3 -1 -2 1 6 11 
16 -14 -55 -1 2 0 -1 44 
-9 4 37 -5 -3 -3 0 -46 
-6 10 17 -3 0 -2 6 -4 
-8 -27 -6 -1 -5 -4 -21 -10 
20 24 15 8 2 -1 5 12 
1 -24 -30 4 1 1 -5 3 
1 15 14 4 -2 0 -12 -14 
30 -7 -21 -25 -9 -1 2 15 
-30 4 9 12 1 -2 -2 -8 
-20 -29 -46 -18 -7 -6 -1 4 
5 5 24 6 3 6 -1 -18 
-19 -4 -6 0 6 3 -2 6 
13 -9 11 7 -5 -7 -8 -1 
22 1 -5 -4 3 1 33 16 
9 -24 -50 -16 -6 0 -19 -13 
-55 19 16 -2 -1 -4 -11 17 
9 -20 8 -3 3 4 38 -30 
7 6 -2 -3 -6 -6 -12 12 
-7 -10 25 16 9 5 -4 -9 
1 -18 -38 -10 -5 -3 -6 12 
-13 11 2 -8 -7 -4 -12 -20 
4 22 11 7 6 4 2 2 
8 -6 -10 -3 -2 -2 1 22 
-3 -4 -11 -6 0 1 -4 -18 
-2 12 4 -5 -2 3 -1 7 
1 0 -13 7 2 0 -2 3 
-19 -11 -24 -17 -6 -5 -10 -16 
39 32 54 19 8 3 9 32 
-26 -29 8 -4 1 1 -28 -36 
-14 12 -14 2 -2 1 23 26 
-8 -25 21 13 0 -2 -5 -27 
-19 7 -17 -19 -5 -4 0 -11 
6 18 -11 -7 -1 -3 -23 14 
12 8 7 -1 -6 -2 1 6 
-21 -13 2 -2 -2 -3 7 3 
16 5 5 6 -3 -3 -6 -3 
-3 2 -41 -8 1 -2 5 -14 
-8 -17 20 -4 -9 0 -22 6 
8 16 -23 -26 -2 2 27 4 
-24 -42 27 3 2 0 -28 -30 
-1 -16 -4 13 -2 0 43 42 
3 5 -16 -2 0 0 11 -16 
5 1 6 1 -3 -3 -6 25 
-16 -4 13 -10 -9 -9 -2 -28 
0 7 30 11 4 1 -37 -42 
5 6 -44 -23 -6 -2 34 26 
16 -8 16 3 -1 0 30 20 
10 9 2 15 5 1 -9 -5 
15 -2 -31 -37 -10 -5 -31 8 
-43 22 -9 33 2 0 28 -26 
9 -35 -7 -7 1 -5 -33 -27 
10 20 -7 0 -4 1 26 54 
-13 -22 10 -15 -3 -5 -40 -8 
24 18 1 -6 6 2 12 -12 
-36 18 -13 16 0 -2 -31 -57 
19 22 29 -31 1 6 63 28 
16 -24 3 15 -8 -3 -5 26 
-13 23 -2 -47 -5 -6 -26 -39 
5 34 9 10 0 1 3 8 
21 -18 -9 20 7 4 -32 1 
-7 15 -32 -15 -1 4 76 36 
-22 -8 27 16 -3 -7 -99 -9 
6 22 22 1 1 6 58 33 
-10 -12 -47 -8 -4 -1 -32 -45 
-9 11 -12 3 3 -2 16 -12 
25 -31 7 3 3 -3 -28 -3 
0 8 -5 7 2 2 -3 11 
-24 -11 2 -13 -11 -9 -8 18 
33 44 35 9 3 4 -2 -7 
-18 15 -15 1 1 -1 -13 -19 
-20 -29 7 -7 -3 1 9 4 
13 -1 3 9 2 5 23 -11 
-13 -3 -10 5 3 -3 -12 -3 
20 -12 20 -2 -7 -6 3 12 
-5 23 22 -4 -5 -3 -19 23 
-20 -22 -44 -15 -1 0 -18 -7 
-9 11 6 11 -2 -1 -3 -55 
15 -30 -9 26 6 -3 -6 34 
0 17 -29 -25 -15 -3 13 9 
-20 -47 -24 -9 -1 -8 2 -13 
4 13 14 3 -5 -4 -11 -1 
8 -19 1 -18 -1 5 27 -2 
22 3 -5 3 0 -8 -10 13 
-23 18 28 16 5 -1 -7 36 
12 20 2 -9 -4 0 15 -25 
-5 10 6 18 -1 -6 -27 -17 
7 -2 -23 6 10 6 9 -1 
-7 10 -15 -15 -9 -2 29 11 
-23 -31 -7 13 4 -1 -23 13 
6 39 18 -6 8 1 -6 -33 
-13 -40 30 -5 -7 0 13 13 
2 21 -11 10 -5 -7 -24 -26 
7 13 16 -19 -8 0 34 30 
19 -20 16 23 2 -2 3 -1 
-27 -7 -66 -16 4 3 -8 3 
12 28 64 7 2 0 -2 -7 
-10 -14 47 18 1 4 -15 4 
12 -12 -51 -27 -13 -3 8 -10 
-10 -12 20 6 -8 -14 -20 -13 
17 18 -19 -2 5 11 12 8 
-6 -36 -24 -12 3 -4 0 50 
-19 3 10 -4 -17 -1 -2 -67 
-7 -9 19 19 -5 -3 -8 -25 
12 -24 -24 0 0 0 -4 12 
-16 16 -14 -5 2 -3 1 -36 
3 -19 -12 -28 -9 1 23 75 
2 -2 15 -17 0 -7 -16 -11 
-22 -17 7 25 -1 -2 -16 -75 
23 -28 9 3 -6 1 11 32 
-14 7 -24 -8 4 -11 -28 5 
7 1 10 12 8 6 32 -5 
10 16 -18 -60 -14 -3 -2 23 
-4 10 11 22 -2 -6 -8 -10 
13 -40 -17 2 2 -1 -4 -14 
-2 14 28 -31 7 2 -17 -18 
-8 10 63 53 3 5 9 8 
-30 4 6 -1 -5 -4 -9 18 
17 35 53 16 10 6 37 -4 
-1 -1 -17 -6 4 2 -10 -22 
22 -15 -32 13 -2 -2 10 24 
9 6 -6 -37 9 10 -8 21 
-9 0 27 35 2 -3 20 7 
-10 -11 -6 8 -13 -6 -11 -33 
-2 19 -15 -12 -3 -3 3 2 
-10 17 -22 1 4 4 20 -12 
1 -24 -12 -16 -3 4 -6 14 
4 14 8 6 2 1 -18 -30 
33 -3 12 23 13 1 -6 22 
-3 -10 -58 -37 -12 -9 -4 20 
-56 -9 16 10 -2 1 10 20 
31 0 11 23 -4 0 -1 -5 
-13 -2 5 -24 2 2 46 -3 
11 -16 1 -6 -3 -5 -39 -18 
-7 10 1 19 3 -1 -52 -17 
30 -9 -49 -17 0 5 73 106 
-33 14 26 29 -1 -7 -52 -43 
-22 -21 47 -15 -5 4 22 -20 
23 -2 -75 -32 -8 -4 -32 -84 
-5 2 16 14 6 8 40 61 
0 10 -4 -10 -7 -5 77 15 
20 -9 -54 -38 -5 -7 -24 -14 
44 0 20 42 -1 -3 -23 63 
-63 5 2 8 7 5 -23 -121 
60 -28 -15 -6 -5 -7 -18 11 
-1 28 5 27 8 9 44 45 
-33 -37 -79 -35 -13 -9 12 -37 
-1 14 61 3 -5 -11 -67 31 
-29 -16 -25 19 -3 -2 43 18 
12 -14 9 -3 1 -2 -25 0 
25 5 37 -13 9 8 22 61 
-12 -12 -73 -33 -13 -6 -26 -50 
-20 -9 -7 -1 7 6 -36 -22 
17 18 59 3 -2 -6 -4 -13 
-37 -42 7 -1 -5 1 19 2 
5 13 9 24 0 -4 -16 22 
-1 -2 20 -16 -1 -3 -8 25 
1 1 -3 16 1 -1 10 -69 
-10 12 37 3 13 3 -17 1 
17 -6 -1 -2 -4 -6 -1 18 
-15 -13 -68 -38 -3 4 -12 -6 
-18 -6 29 22 -5 -4 28 -24 
12 -8 -49 -7 -6 -1 2 63 
-3 -7 20 2 -6 -7 -1 -12 
4 -7 -22 -4 11 10 -4 -1 
1 -7 -35 -13 -8 -11 -22 8 
-8 29 -4 -3 -6 0 6 -13 
3 -36 10 -20 0 0 11 13 
8 -10 9 7 -14 -11 -56 32 
-9 -11 -21 -4 14 12 -8 -62 
-3 -5 -57 -1 -2 -1 19 -14 
-1 4 26 13 -21 -15 -8 21 
-27 15 51 15 2 -1 7 -64 
12 -22 -34 -17 9 17 5 64 
52 48 8 8 12 4 0 0 
-27 -9 4 31 -2 -2 -1 1 
-6 -3 -22 -41 -5 -7 10 6 
-5 13 -49 9 -3 -4 -39 -18 
28 6 47 26 -6 -7 6 32 
-12 -10 -80 -16 -3 2 25 -7 
8 -34 -2 -13 -1 -2 0 -7 
-28 20 32 6 -3 -4 -13 -16 
-23 28 -12 -32 -11 -4 -10 -25 
69 -6 17 13 11 1 1 46 
-9 2 -29 -18 -4 -3 -51 -56 
25 16 11 23 -3 -2 76 -3 
-20 13 38 18 -6 -3 6 52 
29 0 0 -34 -3 -2 49 3 
45 26 28 26 10 9 9 43 
5 -16 -28 -5 -5 -7 -38 -23 
-12 -3 24 1 -4 -2 -1 -22 
-16 5 -33 -36 10 9 -9 -38 
-21 6 26 36 -12 4 5 -13 
54 -18 -4 8 -4 -17 -104 72 
-43 -41 -37 -25 0 1 44 -38 
-10 -11 26 4 8 7 -18 4 
-21 8 1 28 6 -1 -15 -42 
35 2 -3 -47 -10 4 22 37 
28 -19 -9 14 -6 -6 18 16 
32 -3 22 25 0 -7 -36 -6 
-3 1 -21 -82 -1 5 26 -1 
-34 -24 3 51 -9 -9 36 31 
-15 10 18 -38 3 -5 -92 -99 
-17 5 -10 25 -1 0 33 -4 
18 3 -4 -11 -9 -8 14 59 
-30 -13 27 14 1 5 11 -50 
-26 11 4 -9 4 -4 -28 16 
-18 -33 -10 -8 0 -8 -75 -25 
-4 1 -22 -11 -3 -6 61 18 
48 6 -10 -3 4 -2 18 39 
-53 -17 -3 2 -11 -6 -9 -71 
-3 33 -23 -6 7 9 -24 -17 
9 -9 8 17 -5 -7 -10 57 
-50 28 29 -21 6 5 15 -43 
12 -27 -37 18 0 -1 12 11 
-8 21 -7 -18 -5 -4 -37 22 
15 7 6 3 0 8 51 -10 
44 12 28 8 0 -1 -8 -16 
2 8 14 -12 3 1 -20 31 
-12 -23 -1 3 -10 0 14 -34 
-26 -5 1 -6 -4 -1 -38 -33 
-22 -14 -32 10 -7 -18 -12 -1 
6 26 31 -20 9 8 4 7 
11 -12 -19 -5 2 4 21 16 
-4 32 -9 17 -1 -5 -24 -21 
-3 -5 50 10 1 9 4 25 
22 -1 -27 -2 0 7 9 2 
-17 5 -2 9 22 -4 7 -7 
-7 2 -24 -50 -23 -12 -26 -35 
-17 -13 -4 1 -4 1 0 5 
2 16 17 5 1 3 22 29 
9 22 71 15 9 9 27 15 
-4 -18 32 40 8 -10 -11 8 
-22 3 -46 -27 1 1 -13 -27 
12 -16 11 13 -1 -4 10 0 
-1 13 -42 -65 -40 -10 0 5 
-8 -25 -19 -60 -11 -11 -15 -3 
-10 6 18 71 9 12 1 -25 
1 -9 -2 -19 -6 -6 2 6 
0 13 -14 -28 -1 -3 9 8 
-6 -3 7 54 14 12 0 -1 
-6 15 19 5 5 0 8 -6 
5 -13 -44 -28 -3 1 6 7 
-9 -4 -3 30 1 -9 -11 -18 
-14 1 8 -11 10 3 -2 -16 
-1 -3 -23 -12 -13 -8 -6 -19 
12 14 55 71 -2 1 -1 17 
-20 -7 -10 -29 -5 -1 5 -16 
27 2 -41 -2 -2 -2 -23 50 
-31 -13 -14 -24 -1 0 10 -75 
16 -3 -12 -3 1 -3 8 18 
6 -8 22 23 -3 -5 5 21 
-16 -9 -11 18 0 -3 -6 -38 
12 -6 7 -16 -2 -1 -8 33 
0 3 15 15 2 1 2 32 
0 -12 -38 -19 7 -2 -5 -40 
-15 -3 14 10 -15 0 4 -23 
26 1 -3 -30 -9 -7 5 15 
-6 -13 -29 -7 -2 -5 -6 -11 
3 9 49 10 2 7 0 13 
0 4 9 17 1 -2 8 24 
-15 -5 -12 -9 0 -2 4 -7 
-8 14 6 2 0 -2 -8 -34 
-15 -17 -22 -5 1 2 3 8 
13 -7 13 8 -4 -2 0 -3 
-6 -11 9 -11 -3 -1 -2 17 
1 15 -10 8 1 -2 -3 50 
-14 -18 -19 -1 -5 -5 2 -64 
0 7 26 -3 6 6 4 20 
-28 0 -13 0 -2 -4 -9 -20 
6 10 41 0 1 -3 0 -80 
18 -19 -25 -19 0 -3 -19 33 
1 17 10 2 -5 2 41 21 
10 6 18 26 5 -1 1 27 
-2 5 2 -24 -6 -2 -2 2 
-4 1 5 20 -11 2 0 -2 
7 -5 12 -18 2 3 -7 -1 
-6 -1 -40 -18 -8 -9 -11 -15 
22 -11 -21 -16 -1 0 6 12 
-40 2 -4 2 4 -5 -9 -5 
6 4 -8 -9 -3 1 -6 16 
-9 6 -1 13 6 0 0 -30 
-8 -24 -12 -1 3 3 4 5 
19 8 -9 -5 -3 0 2 9 
-11 -10 2 13 8 2 -1 10 
5 6 3 -16 -13 -6 -4 -21 
5 -19 -11 -10 13 10 2 0 
5 1 14 12 0 -8 -8 18 
5 -3 -18 7 -2 -3 0 -28 
3 -3 10 -12 -13 -5 -5 47 
-6 -4 -23 -11 -5 -2 -1 -14 
-2 7 15 6 7 9 8 -7 
-8 -10 -12 3 2 -6 -11 -14 
-2 -7 -9 -1 -4 -1 -3 37 
-21 2 14 -5 -9 -8 -8 -52 
16 4 -11 5 1 1 3 14 
-24 -18 -23 -10 -3 -3 -8 -41 
-6 -19 -26 2 17 5 5 34 
-1 6 -12 -6 -6 -2 0 11 
9 1 10 13 -10 -3 4 6 
6 12 7 2 10 -1 -11 -17 
-9 2 17 3 -9 2 1 -19 
-6 -10 10 5 0 -1 -7 28 
9 2 -31 -3 7 3 11 -5 
14 14 57 -7 -17 -7 0 33 
-25 -25 -33 -5 6 1 0 -42 
-5 8 40 9 -4 -4 -7 -1 
-6 1 -9 -2 -1 0 -3 3 
5 19 41 16 -2 0 0 -9 
9 -9 -46 -3 2 0 -5 -8 
2 -6 -22 -10 0 3 10 21 
-26 -24 2 -5 -10 -9 -2 -8 
1 -18 -24 -17 -6 -4 -10 -33 
17 13 34 11 2 1 -2 -2 
-7 -3 -13 -3 3 0 2 2 
13 16 27 10 5 5 7 11 
-31 2 -29 -1 -1 1 -2 -6 
37 3 8 -9 2 0 0 33 
-4 -1 -7 -5 -14 -8 -5 -20 
1 -17 -21 3 -1 -4 -13 -20 
1 -1 29 -8 -3 -2 0 10 
-5 25 27 15 4 0 1 -7 
2 -1 5 3 -4 1 0 11 
8 10 18 -17 -1 -1 -1 19 
6 -17 -61 -26 -20 -3 -2 -26 
-50 -16 -8 -8 -5 -3 -4 -26 
18 -1 7 4 0 -2 -1 32 
-8 4 28 4 0 -2 -3 -24 
12 -4 -25 -1 6 -1 -2 9 
8 3 12 2 -4 -4 -1 10 
-6 0 -8 -3 0 3 3 8 
-5 -9 -7 -3 -2 1 -2 -24 
15 3 23 6 0 -4 -2 36 
-5 -5 -6 1 -1 2 -3 -26 
-8 5 -6 2 4 3 2 -7 
-16 -4 -26 -1 -2 -2 0 28 
8 -6 0 -8 -4 -5 -5 -25 
-34 -12 -5 -3 0 1 6 34 
-1 2 8 6 -2 -4 -7 -54 
-2 9 -2 5 -1 -4 -3 -11 
3 -10 11 -3 -3 8 7 23 
18 10 22 7 5 3 -4 4 
7 -2 -23 -3 0 -1 3 16 
-11 -3 -5 -6 -4 -5 1 1 
-13 -22 -27 -6 2 -7 -32 5 
10 -17 7 -14 -6 1 30 -21 
-8 -3 9 1 -5 -4 -6 -4 
8 6 8 -2 1 0 2 2 
6 14 8 10 7 3 3 4 
16 6 -11 5 -6 -1 -4 14 
-11 4 18 -5 1 -1 -2 -30 
-3 -10 -4 -3 2 2 1 -4 
-15 12 -25 -4 -3 -2 4 -6 
3 -18 -24 0 -5 -6 -7 5 
21 0 -8 -4 -1 2 2 11 
6 10 9 11 2 1 -4 -12 
-11 9 15 13 6 0 3 -8 
14 9 -16 -18 -4 0 1 17 
-5 -10 -34 -11 -6 -7 -6 -3 
12 -13 -13 -18 -11 -2 1 6 
-28 2 25 14 -1 -1 3 1 
-7 4 15 4 3 -1 -2 2 
-8 6 10 6 1 0 -8 -21 
23 14 24 17 8 6 6 -9 
-51 -25 -27 -9 -6 -6 7 -8 
12 2 17 -6 -5 -2 -8 10 
-2 -5 9 -5 -3 0 3 -4 
1 3 -14 1 0 -2 -4 -7 
29 11 17 6 3 4 0 15 
-12 4 5 11 8 -1 -3 -18 
-2 -3 -12 -3 -1 6 6 30 
-1 7 2 -9 -5 -6 -9 -11 
7 14 11 3 4 0 5 -7 
-10 -20 -22 -9 -7 2 6 3 
16 -11 5 -2 -2 -4 -4 19 
-31 -10 -21 -3 -8 0 -7 -18 
-4 -5 1 -8 -5 -7 -8 -19 
-13 12 9 7 0 -4 -7 -18 
2 5 16 7 0 0 4 16 
-3 -4 2 0 -1 0 5 18 
13 -1 -10 -4 1 0 1 -4 
10 9 -7 5 0 -2 -3 4 
-10 -5 21 14 10 2 4 7 
6 -21 -37 -19 -12 -8 -5 25 
-32 -6 5 8 2 7 7 -48 
9 0 -31 -18 -8 -4 -10 0 
-16 -22 9 -3 -4 -9 -8 -29 
5 12 21 2 1 -3 -2 10 
22 3 4 4 6 -1 1 25 
2 4 17 6 5 8 6 4 
-3 16 5 5 3 2 2 5 
-5 -1 15 2 1 0 -1 -2 
5 -9 -16 0 -2 -5 -6 1 
-6 2 9 -11 -6 -2 -2 -10 
13 2 -16 -5 -2 -1 2 10 
-15 -3 -3 0 0 -3 0 -32 
14 3 6 -4 -1 -2 -3 29 
-9 1 -5 0 -1 -6 -5 -30 
1 -5 -4 -3 -1 -3 -6 11 
1 -9 9 1 -1 3 4 6 
21 18 22 -8 -7 -4 -1 5 
-38 -19 -35 -8 -7 -6 -5 6 
6 7 1 -3 -1 1 1 -13 
-4 5 15 6 8 -2 0 -14 
-4 0 10 10 1 0 -3 -10 
27 -8 2 -6 -4 -5 0 22 
-17 10 -5 -5 2 0 -3 -13 
-4 -4 -1 2 -9 -5 -7 19 
8 -12 -20 -9 -5 -3 5 -9 
-2 -1 2 0 -1 -4 -3 -12 
2 -4 0 -2 -4 -2 -5 -8 
12 19 -1 -3 2 -1 1 13 
-16 -14 1 8 5 1 -1 2 
-11 -6 2 9 3 7 0 -22 
19 -12 -16 -17 -3 -9 -2 19 
-9 -11 -13 4 -9 -1 -2 -9 
3 1 -16 -21 -12 -5 0 9 
-11 -1 -4 9 4 0 1 -23 
-13 8 21 7 1 -2 -3 13 
10 6 -3 4 4 2 3 0 
5 -1 -16 -1 -3 0 1 -5 
19 -7 17 -2 2 0 -1 16 
-12 1 -25 -3 -7 -2 1 5 
1 -11 -3 -17 -6 -1 1 -3 
-18 -4 -4 2 0 -1 -10 -26 
10 3 6 3 3 -4 -5 4 
-2 0 3 4 -1 -1 1 -11 
-6 -1 -7 -3 -2 -2 1 10 
8 13 18 -4 0 4 3 30 
-4 -5 -11 -1 5 2 0 -23 
21 -2 -10 -15 -14 -5 -8 -3 
-30 -12 -5 -1 2 0 9 8 
-6 4 -4 0 -1 -5 -4 -11 
5 -3 10 6 3 1 -1 13 
-2 10 22 20 4 5 4 -1 
15 4 -14 -17 -8 -2 -6 -16 
-18 -18 3 0 -6 -1 3 10 
-12 -5 -17 -12 -9 -8 -6 -23 
-1 -7 -4 1 -1 0 -5 -21 
-1 18 25 11 5 0 1 7 
9 -5 -25 0 5 -2 -1 -3 
10 15 2 -3 -8 0 2 22 
-14 -9 31 3 2 -1 -3 -8 
9 -11 -18 0 3 0 1 -2 
4 -1 0 -5 1 2 3 22 
6 7 -9 -8 -2 -1 1 -12 
-6 -4 -35 -3 1 0 2 -13 
-2 18 39 8 -1 -3 -10 20 
-22 -31 -41 -3 -4 -7 -6 -35 
2 -1 27 -1 -3 -2 -2 8 
-1 -1 -6 1 9 3 1 5 
-2 -4 -8 -1 -3 0 2 8 
5 6 -3 -4 -4 -4 -5 -3 
1 10 8 5 1 0 1 -2 
-4 -9 -6 -7 -4 -1 0 7 
10 7 9 7 5 1 -2 -12 
-2 -1 47 3 6 -1 -12 -19 
-21 -18 -44 -11 -9 -1 5 7 
18 2 -1 -14 -4 -3 0 18 
-11 -15 -18 -6 -6 -3 -4 -13 
6 12 9 9 5 1 1 9 
1 -1 25 8 5 3 0 -1 
-10 0 -8 0 -2 -3 -3 2 
5 -13 -21 3 0 -5 -4 -29 
-21 7 14 -13 -8 5 -5 -26 
10 -8 -17 -3 -3 -7 5 53 
-13 14 15 8 7 7 4 -4 
-12 -23 -10 -10 -7 -7 -5 -26 
13 4 -10 9 2 -1 -1 0 
-12 -9 -4 -13 -9 -6 -14 -18 
6 -1 -6 2 -4 -5 -2 27 
3 11 10 2 3 0 0 -13 
-15 -3 -10 -2 1 2 4 -11 
10 8 11 11 2 -1 -2 11 
4 -4 -22 -12 -8 -2 -4 -2 
-13 6 22 -5 1 1 -1 -11 
-15 -16 -24 1 -8 -6 -4 12 
0 2 -4 8 7 1 -2 -13 
-7 -3 2 -16 -13 -1 -4 -13 
5 7 5 2 4 3 5 12 
25 4 -2 -3 1 1 4 13 
-25 -3 20 3 -1 -2 -4 -15 
-8 9 -10 -5 1 -1 -6 -21 
-7 -24 -47 -21 -15 -7 -5 9 
8 -4 1 -2 -1 1 2 8 
4 -7 -2 2 -2 -1 1 -1 
0 9 10 8 4 -2 2 -11 
4 8 12 5 -2 0 3 13 
-4 -1 -1 8 4 1 0 -4 
48 9 -27 -19 -4 -4 -2 55 
-61 -23 9 -5 -7 -8 -9 -78 
-3 -9 -3 -18 -20 -10 -8 -11 
-6 -8 -20 -3 2 1 1 -7 
7 12 19 7 5 8 5 8 
20 2 4 7 4 -2 5 31 
-3 -11 -16 6 5 3 1 5 
3 8 25 4 0 2 2 -4 
-5 6 5 9 7 1 -1 0 
-20 -22 -31 -21 -13 -7 -9 -15 
-7 -8 6 3 -2 -5 -2 -9 
10 3 7 -7 -7 -4 0 14 
-3 5 2 9 5 1 0 -17 
7 -3 2 10 4 1 1 3 
13 26 39 11 7 7 5 26 
-9 -12 -46 -14 -3 -6 0 2 
-24 -18 -25 -29 -14 -6 -10 -41 
1 -14 -12 -10 -10 -3 -1 -7 
14 0 -2 -2 -1 -3 -7 6 
-3 9 14 4 0 -1 -1 6 
-7 5 1 3 -1 0 0 -8 
9 3 15 6 2 1 -1 9 
14 23 24 13 13 9 7 20 
-5 -16 -38 -14 -9 -2 -2 -20 
-8 -17 -30 -20 -8 -9 1 -9 
-14 3 4 3 0 -5 -10 -18 
-8 -4 3 6 3 1 -1 5 
23 13 23 4 4 3 0 10 
-3 -1 11 7 2 3 2 -5 
19 5 0 9 7 5 6 21 
-7 2 1 -10 -5 -2 1 13 
-16 -7 -4 -10 -4 -3 -6 -24 
-6 -17 -11 -10 -11 -8 -6 -3 
-1 8 8 5 3 1 -2 -20 
0 -8 -13 1 -1 0 -1 12 
4 8 -6 4 0 -2 -2 -7 
-2 9 22 1 5 7 2 4 
25 -6 -3 11 2 2 1 29 
-21 -9 -25 -12 -8 -10 -6 -36 
-23 -3 12 -1 -2 0 0 1 
10 2 3 10 3 1 2 3 
-5 3 7 -3 1 1 2 -5 
13 -3 2 0 -1 1 2 3 
4 -5 -7 5 3 2 3 2 
-20 7 45 4 9 5 1 15 
12 -8 -34 -7 -3 -4 -8 -15 
-4 -12 -5 -10 -5 -7 -5 -6 
-6 -4 -14 -11 -9 -6 -6 -1 
5 1 9 4 -1 -3 0 3 
-3 18 7 6 1 2 4 10 
3 1 15 12 7 5 2 3 
4 -18 -32 -13 -1 -4 -3 1 
-13 -11 0 -6 -8 -4 -4 -8 
-4 -8 -11 -9 -5 -4 6 4 
1 0 -18 -15 -13 -9 -10 -35 
0 10 30 7 3 2 1 13 
10 1 -10 7 0 0 -5 -6 
-9 -7 -13 -4 -3 -2 -3 9 
16 13 7 19 17 10 8 18 
-3 -12 -22 -27 -23 -6 -3 -7 
-16 -2 -11 -8 -11 -8 -10 -22 
8 -10 8 -1 -4 0 7 18 
-8 -2 -12 -5 0 -4 -5 -5 
12 9 21 12 6 0 0 3 
7 4 -2 3 1 -1 -1 3 
-6 13 14 1 -1 1 -5 -16 
-7 -10 -18 3 11 1 11 44 
2 -1 5 -7 -5 1 1 -14 
-10 -7 -2 -6 -4 1 -5 -18 
8 1 41 2 -1 -5 -4 15 
-27 1 -12 -1 -7 -6 -6 0 
7 -1 8 5 -3 -4 -2 -13 
-11 6 7 3 7 1 5 4 
2 -7 -19 -2 1 2 -3 -8 
21 10 30 -3 -4 2 2 20 
-33 -5 -11 -3 2 -1 -3 -26 
14 4 5 8 -3 -2 -3 3 
-15 -4 -12 -4 -3 0 3 3 
4 3 2 0 0 -4 -3 -9 
20 3 14 5 0 -3 1 18 
-13 -6 -19 -6 2 -1 2 3 
-16 -24 -4 -3 -3 0 -2 -17 
14 17 31 14 4 1 0 -6 
-12 -15 -30 -8 -2 2 -6 -14 
-1 -1 -4 6 3 -2 -9 -7 
31 6 0 -20 -9 -3 8 28 
-59 -13 10 -4 -5 -5 -4 -19 
7 2 -1 1 0 -3 -3 3 
7 9 21 2 -4 -1 5 6 
11 5 10 13 11 8 -3 -6 
-27 -7 -28 -17 -6 -1 -1 -3 
42 7 8 7 1 -5 3 11 
-12 -10 -7 4 -2 -1 3 3 
-8 6 -7 3 1 -4 -4 -9 
22 11 29 1 -1 4 3 7 
-15 -15 -60 -8 3 0 -4 13 
