#EMG
#0
#ID:0-12
2 0 0 -13 -1 -1 -14 -1 
3 -8 -10 6 8 3 16 10 
6 -29 6 -17 -10 -5 -2 16 
10 0 -4 11 4 -1 -8 22 
-7 -7 12 -5 -6 -5 -21 -45 
-1 -3 -3 4 0 -1 15 25 
-9 1 12 -5 -2 -3 -12 -27 
-1 -19 -23 -24 -2 3 13 7 
28 12 10 25 1 0 -1 36 
-34 -3 0 -3 -1 -3 -5 -37 
2 -8 -15 -11 0 -2 6 34 
-10 -11 0 6 -4 -3 -12 -33 
4 8 17 -2 2 3 4 9 
12 8 -44 -32 -7 -3 -4 0 
-15 6 15 8 3 5 8 0 
-1 -16 -58 7 0 -5 -4 9 
-5 -8 42 -2 -4 -4 2 -7 
7 5 20 -5 -6 -4 -23 -6 
-2 8 -18 -6 -5 -2 16 10 
-8 -24 -13 -1 -3 -4 -14 -20 
-6 -7 -30 -4 1 0 1 6 
2 -13 28 18 4 2 4 -4 
11 33 -48 0 1 -1 2 19 
10 2 53 -29 -5 -2 15 31 
-22 -7 -32 22 -7 -6 -12 -75 
6 2 9 -21 -5 2 4 22 
-15 -7 -5 0 0 -6 -35 -22 
-16 -19 -29 9 1 -2 16 -4 
-1 16 21 0 8 7 3 46 
1 31 6 3 4 1 6 -27 
19 -3 5 3 -5 -1 11 21 
-4 6 -3 10 1 3 -15 -17 
-3 -11 4 -32 -6 -4 6 12 
-2 0 -5 -1 -6 0 9 9 
15 15 35 -5 0 -2 0 2 
3 14 24 1 -1 -2 -2 9 
-12 -14 -47 9 -1 -6 -1 -36 
11 -7 -4 -7 -3 -1 -13 6 
-7 42 36 11 4 4 12 17 
-8 0 -19 -36 -7 -3 -17 -37 
13 -2 4 11 0 1 17 33 
-21 -30 -27 -7 -3 -6 -18 -17 
-6 -19 -15 0 -2 0 3 -3 
16 3 26 16 5 4 -1 10 
6 10 -1 -26 -4 -1 -2 8 
0 -3 -56 11 -2 1 -1 -5 
-19 -36 15 -9 -5 -7 -11 -7 
-24 -3 -5 12 0 -7 -8 6 
-3 -29 -18 -5 -1 2 -6 -61 
8 1 29 -5 5 1 8 14 
2 -15 -51 5 -3 1 -7 21 
-1 -2 21 -1 -3 0 1 -24 
1 15 -30 -25 -3 -4 2 19 
-18 -9 8 6 9 -3 -14 -26 
-2 -24 -33 30 -2 2 -1 -7 
11 30 90 -24 -5 -4 7 22 
-3 0 -16 1 -3 0 8 15 
10 26 15 12 6 2 -2 3 
8 1 -23 -21 0 1 19 4 
-13 -5 -4 9 -2 -5 -15 -35 
27 11 -38 7 1 2 -4 17 
8 26 61 12 -1 -1 1 45 
-28 -24 -5 -26 -5 -7 -9 -87 
24 21 -11 2 2 3 -13 13 
-9 12 50 31 6 2 8 26 
-14 -14 1 -36 -16 -11 3 -33 
5 8 38 -13 1 0 -7 27 
22 14 -18 20 3 2 11 -5 
-17 4 35 -4 -2 -7 -21 8 
0 -11 -29 24 6 4 -4 -11 
17 8 9 -17 -4 0 -6 -7 
-22 -29 -70 -16 -6 -3 2 5 
15 -11 5 -3 -1 2 16 13 
7 -10 -50 -2 1 0 -14 -6 
-24 6 22 -6 -5 -5 -2 1 
9 -15 -48 -10 -3 -1 -5 18 
-8 10 29 15 1 4 8 -5 
-6 -37 -20 -10 -7 -11 -15 -21 
18 -1 -16 0 0 -2 18 1 
-20 2 12 -3 -1 1 8 39 
1 -8 -24 9 3 -1 -10 -18 
-11 -12 65 -16 -9 -3 -7 -11 
20 1 -21 9 4 2 17 49 
-17 -10 20 22 -2 -7 -3 -62 
14 27 -6 -15 1 6 6 8 
-1 7 -11 4 -2 -1 5 20 
11 16 -13 10 4 3 -5 -4 
-11 0 6 -16 -6 -3 -22 -33 
-6 -21 -47 -2 -2 -5 2 7 
-8 5 -9 -30 -7 1 25 15 
-14 12 32 25 3 -1 -23 -54 
5 11 -10 14 8 5 16 37 
-5 -13 -12 -23 -11 -3 -5 -23 
8 26 12 24 5 1 -3 11 
-2 -33 -36 -15 3 -2 1 35 
9 0 33 -22 -14 2 -4 -6 
-9 -13 -8 16 4 -4 -10 -33 
0 31 40 -7 1 5 21 17 
-8 16 -10 5 2 2 -5 -9 
13 -5 -15 -14 -7 -10 -13 11 
-1 -12 15 7 5 5 0 25 
16 2 -32 -20 -5 -8 -3 -8 
-47 -21 -4 -4 0 -1 -11 -6 
8 11 -30 6 -4 -1 7 -2 
-7 26 8 -7 -3 -1 -1 -6 
6 -34 -17 6 5 5 -6 -24 
26 4 43 5 -7 -4 5 10 
-34 -23 -33 -11 -3 0 -5 22 
3 18 53 18 15 1 -8 -18 
-1 -21 1 3 -7 2 2 20 
-7 -24 -85 -49 -18 -8 -8 -5 
3 -7 -2 38 10 5 -27 -1 
-9 -26 -12 -51 -8 -2 51 26 
-5 43 39 13 10 -4 -16 -8 
-2 5 20 26 0 -4 -13 -12 
-1 -18 -45 -20 -1 2 8 -13 
-3 -12 -29 16 -10 -10 -39 -29 
-1 -6 -18 15 14 2 17 20 
10 25 83 -26 -2 11 17 29 
2 -16 -37 3 -7 -7 0 -1 
1 39 63 15 3 4 10 12 
-16 -15 -44 -53 -13 -9 -15 -21 
4 4 21 71 14 2 0 -14 
-4 -12 9 -10 1 0 15 -14 
3 -1 6 -13 -11 -4 -3 23 
22 40 -20 -10 1 3 -8 19 
-24 -10 40 0 -10 -9 -10 -76 
13 28 -2 15 22 5 15 26 
11 -8 3 -12 -23 -5 -13 -32 
-19 -26 11 61 15 -1 -7 -7 
14 9 -22 -36 -31 -5 0 18 
-14 4 39 -8 8 2 10 8 
-20 0 1 -12 9 1 -24 -56 
5 -31 -40 -32 -13 -5 -12 -1 
16 23 30 7 2 -2 18 32 
-24 6 39 3 -1 -5 -4 -8 
-3 -37 -26 4 -15 -9 6 18 
-7 45 10 -15 -4 2 -10 -18 
20 -5 -8 27 14 2 5 16 
20 -6 -4 7 3 8 -7 17 
-18 2 -19 -6 -4 -10 -6 -37 
-15 -13 -4 -15 -3 -5 -6 6 
25 6 18 17 7 4 -9 25 
-26 -35 -83 -22 -11 3 27 -22 
-5 8 92 -7 4 0 -2 5 
29 -1 -18 41 -7 -5 6 8 
-51 -40 -33 -17 1 -2 -6 -31 
19 -4 35 -4 -7 -8 -16 25 
-12 -45 -113 -7 -4 1 1 -7 
4 -14 17 -5 8 7 16 -4 
-9 13 45 66 9 -5 -15 -4 
13 13 -21 -17 -3 -2 3 26 
-6 -6 5 1 -14 -1 4 -2 
11 -4 37 -6 10 -2 -2 9 
-28 -21 -33 -9 4 7 7 -2 
-10 -16 -28 -19 -25 -15 -23 -26 
22 18 25 33 19 3 -5 20 
-25 7 23 -1 -6 1 12 -19 
20 -10 -44 -40 -4 1 4 23 
-3 31 99 41 13 0 5 7 
-1 0 -14 8 -3 -5 -4 -20 
-1 -2 -11 22 -2 6 -6 0 
18 -5 -13 -16 -5 -10 -7 3 
-1 3 -38 -18 -3 -2 4 19 
-19 -47 -16 -6 -3 0 1 -1 
-27 -13 -16 -21 -14 -10 -6 -11 
3 5 -11 30 0 0 12 -15 
-2 -16 -6 -58 -3 2 -28 -37 
16 5 63 51 8 0 11 36 
-8 -12 -16 -25 -3 -4 22 4 
-11 -8 -20 -11 -9 -10 -14 4 
-20 -13 48 37 4 3 9 -4 
31 20 -27 -62 -2 1 -72 -24 
28 10 41 66 3 6 88 85 
-16 -21 2 -47 3 1 8 -68 
-10 11 9 18 -18 -10 -23 -19 
1 14 -8 -6 4 8 42 29 
26 10 17 -24 5 1 -56 -2 
-14 0 -47 27 -5 -15 -11 -5 
0 0 -34 -28 6 0 -82 -59 
-45 9 7 33 -8 -9 75 70 
-25 0 2 -41 2 9 -49 10 
-58 -31 -42 11 -14 -2 67 -70 
21 13 29 36 8 7 -41 9 
20 40 -5 -10 6 -5 -99 -16 
-19 -17 -20 13 -6 -18 96 27 
-18 -33 -2 -84 -11 -4 -65 -10 
22 -34 -6 15 0 3 18 6 
25 15 19 11 9 10 33 -1 
-20 -8 -15 3 0 -3 -61 -24 
30 11 -24 1 -1 -1 -1 19 
0 9 -24 -22 -7 -3 47 -19 
-18 -7 -3 3 10 5 36 17 
4 -18 -5 5 -7 -7 -63 -51 
-4 8 -1 -28 11 8 20 42 
16 31 34 31 3 -1 3 -7 
-28 -29 -40 15 -3 -3 -1 6 
17 0 21 9 1 4 13 -47 
23 16 11 12 2 2 -22 42 
-33 -39 -21 -5 6 -6 8 -48 
9 -29 -61 -44 -25 -9 -18 -10 
-12 8 55 14 -3 -7 -7 -10 
16 -10 -38 -37 -2 6 -9 20 
0 11 7 16 -2 -2 14 24 
14 25 45 6 8 3 10 16 
-4 -10 -17 13 4 -4 -18 -53 
11 32 16 7 19 19 9 13 
5 -6 -7 -24 -22 -3 21 31 
7 14 36 -13 -3 -10 -18 -16 
-7 17 -5 10 16 -2 -3 -22 
20 11 9 -13 -29 8 27 74 
-16 11 34 57 81 9 -3 -42 
11 -14 -8 -65 -73 -16 -11 35 
4 -3 -26 8 13 -6 -9 10 
9 33 46 24 10 7 7 2 
2 -12 -39 7 1 1 14 6 
-3 -9 -21 -50 -9 3 -1 3 
-3 14 7 -2 17 -1 5 -3 
-7 -19 20 25 5 -10 -17 -19 
1 -14 0 41 -31 -7 11 21 
0 11 30 -41 28 9 1 -24 
-7 -10 -23 -84 -42 -12 -13 13 
-3 -3 6 -16 14 4 0 -28 
1 11 22 33 2 -2 -3 10 
3 3 -28 46 10 -1 -8 -3 
5 -11 -36 -39 -6 12 25 28 
-14 3 21 -10 -4 -6 -14 -57 
4 -7 -16 -30 -15 -6 -14 15 
-8 2 5 13 13 6 19 -12 
-6 3 -16 4 -5 2 -1 33 
-21 -18 0 39 -1 -13 -29 -53 
23 13 17 -21 -10 -1 -1 5 
-9 -3 13 19 14 9 20 79 
-12 -6 -26 34 -1 -7 -32 -90 
-2 -20 8 -8 -16 -9 9 52 
20 15 -38 -44 6 10 18 56 
4 11 15 30 2 -5 -16 -41 
-1 18 12 21 -6 0 2 2 
-8 -16 -8 -29 -5 -4 -13 -14 
9 -14 10 -27 -7 -8 0 41 
-27 5 8 37 16 1 -3 -38 
9 -10 -1 -22 -22 -2 4 -18 
20 19 6 11 12 6 4 32 
-27 -21 3 -35 -25 -11 -12 -57 
2 -10 -16 20 8 -1 -1 -16 
1 21 15 9 2 -2 -3 2 
23 6 -1 -19 0 0 0 23 
-12 -2 -25 0 3 1 5 3 
-6 -14 -7 -14 -7 -3 -11 -18 
14 0 -29 10 5 2 5 21 
4 18 65 44 -8 -3 3 21 
-29 8 24 3 2 -2 -5 -38 
22 -10 -30 -13 -1 1 -5 -9 
-12 -8 26 19 -1 -2 8 26 
-13 4 -22 -19 17 -5 -10 -47 
2 -17 4 -1 -32 -9 -6 17 
5 4 16 10 -3 -2 1 28 
-3 -10 -7 -19 -1 7 4 -33 
-6 -9 33 0 -6 -8 -9 -9 
-2 12 -7 -14 4 -2 -7 -3 
0 3 7 10 7 3 11 22 
-2 26 26 15 -1 0 3 -3 
-4 -24 -50 -17 -12 -3 0 -2 
-1 6 -2 -8 2 -1 -19 -16 
4 -5 -9 -3 -10 -6 19 1 
-6 -19 -26 -7 2 -1 -3 9 
-9 -12 -23 -1 0 0 -1 20 
1 28 31 24 16 8 11 -40 
5 -8 -9 -11 0 4 -6 -3 
0 -25 2 24 -2 -8 -7 9 
-17 -4 -32 -7 6 3 12 26 
11 15 -20 -28 -13 -3 -6 -22 
-18 -6 6 6 2 -2 -8 -40 
26 2 -17 -11 1 0 -2 20 
0 -1 -35 -10 -10 1 6 25 
-6 -38 -9 26 6 -1 6 8 
-8 13 -2 6 4 -5 -17 -29 
2 6 2 -11 -4 2 5 21 
9 4 -2 8 3 1 -4 -25 
-10 -15 -50 -29 -2 -1 5 19 
17 10 12 8 -4 -2 -1 10 
6 11 25 -3 2 0 1 1 
-24 -35 11 18 4 -5 -13 -37 
-2 4 -12 -16 -9 0 -1 -19 
-4 -8 -3 -25 -9 -5 0 35 
3 1 -2 8 4 1 -5 -1 
43 20 20 -13 -3 2 8 18 
-48 -9 13 14 15 3 4 5 
-9 -9 -31 -24 -14 -4 -10 -20 
-7 -25 -25 -7 -3 -1 0 -9 
-4 37 46 24 1 -4 -10 -13 
25 -15 16 -7 1 2 1 26 
29 7 -39 -3 -2 0 6 46 
-59 -9 21 2 -2 2 2 -43 
3 7 -14 1 -7 -7 -14 -9 
4 -2 22 5 5 0 -5 -31 
-12 2 -13 -9 -10 7 9 0 
22 -11 -26 -9 -10 -15 -8 21 
7 1 13 15 10 6 2 3 
-1 -4 -23 -40 -6 -2 1 39 
-21 16 19 38 7 -1 -5 -28 
19 13 14 -6 -1 5 -6 -28 
-10 0 -12 -13 -8 -4 10 10 
-7 3 21 13 -2 -7 -9 -10 
5 8 3 11 14 -1 -5 19 
-4 -26 -25 -26 -11 4 12 5 
-5 -27 -15 -4 -2 1 -6 -33 
-2 33 21 15 2 2 -2 10 
7 -3 4 -25 9 5 8 22 
-12 -11 -16 28 -10 -13 -14 -41 
-2 -13 -49 -32 -4 -2 -1 15 
-21 -9 -14 -3 -16 -3 1 -16 
28 8 20 12 6 0 1 29 
10 38 37 19 14 7 3 17 
19 -5 15 -10 10 7 6 -13 
-5 -19 -3 45 -8 -8 -4 65 
-29 -29 -37 -31 -7 -9 -12 -89 
2 10 8 -4 2 -2 2 22 
6 11 14 6 -2 -3 3 -2 
25 18 17 8 18 6 3 12 
-17 -31 -16 -13 -17 0 0 28 
2 -5 28 8 1 -4 -1 -11 
13 13 -19 -8 -5 -1 1 6 
-7 6 -22 0 7 -7 -13 -17 
-32 -19 -9 -17 -15 -10 -13 -33 
6 8 12 6 5 2 9 15 
-2 -28 -10 6 2 3 2 16 
21 5 33 2 -2 4 7 13 
0 3 -9 7 2 -2 -2 -13 
-4 5 -6 0 1 -5 -12 13 
-5 -5 24 -8 -12 -3 0 -4 
-31 -22 -11 -10 -2 -5 -11 -42 
0 17 20 21 6 0 0 -5 
15 -9 -5 -10 -6 -2 2 35 
-4 11 -20 -5 1 1 1 -10 
4 12 29 18 8 1 4 2 
23 1 -8 -32 -3 2 -2 23 
-36 -28 -37 14 -6 -6 3 -34 
-9 8 6 20 -1 -4 -22 -15 
-4 10 -5 -17 -1 2 14 1 
8 12 17 29 19 0 -3 -8 
7 -4 18 -20 -11 3 2 7 
-2 9 -16 -8 -6 -3 1 21 
1 28 26 8 -7 2 10 -8 
0 0 -27 -1 -1 -6 -27 -47 
-9 -17 -15 -9 2 0 -19 -3 
-8 22 34 20 -2 0 27 10 
9 -15 1 -24 -6 -4 1 8 
4 9 2 6 0 2 10 27 
-10 -1 -3 -10 0 1 -7 -8 
4 5 7 5 4 1 -6 9 
19 24 -15 5 5 3 2 6 
-18 -3 35 5 -9 -3 7 17 
16 -18 -31 -15 -7 -9 -13 -23 
-10 7 21 13 -2 -1 1 1 
12 -18 -14 -26 -5 0 -1 5 
-10 29 5 0 -1 3 1 -4 
12 -5 -13 -4 5 3 9 42 
-11 -8 1 5 2 2 3 -33 
-30 -12 -23 -18 -16 -12 -27 -31 
19 10 34 25 3 -2 -3 -20 
-1 -7 5 -29 -4 -2 4 20 
-2 -6 -6 9 4 1 1 1 
18 -2 -3 10 7 8 0 12 
-24 -13 2 -13 -5 -3 2 -20 
-6 1 28 12 -9 -4 1 15 
8 -29 -20 -12 -2 -7 -9 -4 
9 1 -11 -5 4 -1 1 -6 
-10 10 6 -8 -12 -3 2 6 
-6 -21 -6 2 10 4 0 -20 
2 -12 8 -20 -11 -2 -5 11 
15 0 13 -3 1 1 11 23 
-21 -13 -41 5 -1 -9 -12 -33 
1 -2 7 -2 5 3 3 12 
13 10 -4 6 3 0 -4 -13 
-5 -18 9 4 -3 2 2 6 
17 1 -5 -1 4 1 6 23 
-7 2 -10 -4 -6 1 1 4 
-1 0 -35 -11 -6 -6 -11 -30 
-24 -1 -11 3 -2 -2 -6 -11 
9 7 15 10 7 6 -2 -4 
-9 21 -3 13 2 1 -3 -3 
-1 -13 -30 -26 -3 2 15 29 
7 0 11 -4 -2 -1 2 7 
-7 -14 -52 -2 -8 -10 -14 -36 
3 3 32 -8 -4 -3 -2 -7 
-7 38 28 11 6 3 0 0 
-5 2 -5 32 13 -1 -6 -5 
14 -11 6 -46 -11 3 9 20 
12 -1 -7 -7 -15 -6 -2 -3 
-28 -12 -25 1 -7 -6 -4 13 
-3 -24 11 -6 -4 -2 -8 -24 
0 8 20 16 7 -5 -4 -4 
16 17 -1 11 6 5 4 -10 
-8 -3 18 -6 0 -2 1 30 
-5 -12 -25 -2 -7 -2 -1 -36 
-13 -7 18 -2 -1 -2 -1 5 
2 1 9 -2 -3 -2 -1 7 
6 -6 -12 5 -5 -5 -5 -21 
12 20 -2 13 19 6 5 8 
-4 -15 12 -13 -17 -3 -3 -1 
5 -4 15 -8 -8 -4 -7 -9 
7 22 18 12 12 8 6 2 
-2 22 29 7 7 -2 -7 -11 
-5 -14 -39 -6 -9 7 12 24 
-1 0 8 -2 4 -2 1 19 
2 45 25 -4 -3 -3 -11 -11 
5 16 -11 -5 -8 -2 0 -19 
-10 -9 9 21 9 -1 -1 -39 
-5 -2 -1 4 1 -3 -4 -1 
11 -27 -27 -17 -5 -3 -4 15 
1 20 32 5 -3 2 7 29 
-11 -12 -46 -24 -8 -5 -5 -8 
-7 1 12 9 -1 2 7 -14 
-6 -24 -24 -11 -8 -16 -27 -59 
9 5 11 -4 1 2 6 19 
11 2 4 15 18 0 2 19 
-4 -10 -18 -5 -9 0 1 -6 
-2 -12 16 12 -4 1 8 23 
-3 -6 -2 -7 -9 -6 -7 -7 
9 3 0 4 -2 4 15 24 
-1 3 -32 -24 5 -6 -15 8 
-16 -5 24 11 7 3 -12 -38 
-9 -21 -39 -15 -15 -4 -2 14 
5 -17 13 4 -2 -2 0 19 
6 1 -17 10 2 3 11 10 
-19 9 30 9 3 3 2 -5 
15 30 -12 -28 -4 -1 0 2 
-4 -3 21 1 -1 -3 -5 7 
-17 17 -3 7 -2 -3 -3 -17 
23 -7 2 -3 2 2 1 12 
-10 -9 12 10 1 3 7 6 
-2 3 -22 -3 3 -3 -9 -2 
21 49 44 5 1 5 -1 -31 
-51 -23 -24 -12 -8 -5 -2 -20 
11 -29 -50 -33 -8 -8 0 23 
-3 0 -17 -9 -4 -6 -9 -18 
-5 -24 -19 4 -3 -7 -5 21 
10 18 15 3 1 1 8 -17 
-7 2 22 7 -3 -1 1 -16 
24 23 -3 25 11 2 -8 26 
-18 -63 -49 -40 -7 -7 7 -7 
-20 -2 27 -1 -16 -1 -9 -22 
9 -11 -19 2 -2 -10 -10 2 
-5 18 24 9 2 2 1 -7 
12 3 7 12 8 5 6 18 
5 -14 -13 -1 8 1 13 13 
-4 31 -8 -5 -13 0 -3 4 
-20 7 5 2 -2 -6 -3 -4 
-11 -13 -6 -4 -1 -1 -11 -26 
8 -6 -11 -19 -1 -1 5 10 
-5 -4 24 17 6 3 -2 -8 
11 9 15 -2 -4 -5 -2 17 
1 -8 2 17 8 9 7 12 
11 -7 -21 -11 -2 -3 -2 16 
-29 -22 -8 -17 -5 -3 -2 -47 
-11 -19 -17 -10 -13 -10 -12 -49 
-12 27 48 19 5 -1 -10 -26 
19 29 -21 -14 -1 1 3 34 
5 -22 -9 6 7 2 4 22 
-3 -6 5 -5 -1 2 8 7 
11 6 -61 -22 -3 -1 1 15 
2 5 42 32 12 -2 2 5 
-16 -3 -19 -14 -19 -10 -18 -36 
5 15 13 3 4 4 -4 -7 
-4 -32 -33 -7 -3 -5 4 14 
1 -5 -14 -11 -5 1 8 21 
13 9 49 48 12 4 5 16 
-10 -21 -44 -82 -22 -8 -7 -10 
9 -5 -5 8 -1 -3 6 9 
-14 -10 -19 2 -7 -3 -11 -28 
-2 -4 4 10 7 0 -5 7 
11 14 44 40 18 7 5 -10 
-3 2 6 -16 -22 -5 -7 2 
-12 -3 -13 -15 -5 0 2 0 
-3 -1 -14 2 4 2 5 -20 
7 10 3 5 5 0 9 36 
-4 7 -4 -2 1 -3 -20 -40 
-2 -8 4 0 2 -1 -7 -11 
11 26 10 3 1 3 10 28 
-12 -5 -11 7 -1 -4 0 4 
7 -3 -9 -1 0 0 5 19 
-10 -33 5 -16 -6 -7 -18 -45 
-8 28 -10 8 4 1 -2 -5 
11 1 -4 -1 -7 0 10 6 
-7 -7 32 12 -1 -5 -5 23 
1 4 -19 -16 -3 -1 1 -11 
16 -16 -5 -10 0 2 15 17 
-5 -9 12 18 -1 1 -3 2 
-13 9 -11 -18 -4 0 -10 -22 
19 1 -8 14 2 -2 2 12 
-16 8 22 0 0 -5 -7 -5 
13 -17 -26 -7 -7 1 -1 1 
-11 -5 2 -9 -7 -6 -3 4 
17 23 22 14 8 6 5 -16 
13 -16 -3 -24 -8 -7 -10 12 
-32 -18 -34 12 4 -5 -8 3 
-1 0 8 30 6 3 8 -30 
-8 -3 -10 -36 -8 -4 -8 25 
2 -13 -20 -4 2 0 -3 -34 
6 19 23 -3 5 -2 -4 4 
6 -1 18 12 2 4 -1 -22 
-18 6 -33 -16 -6 -1 8 30 
12 -6 -9 8 -4 -5 0 14 
-29 1 14 -2 1 0 -11 -62 
10 0 1 5 4 2 2 19 
6 -7 -19 16 8 1 1 16 
-15 -22 14 -23 -13 -2 -1 -21 
20 -14 -27 -15 -11 -5 -3 2 
-9 -3 9 -4 1 -5 -4 10 
7 4 0 5 2 0 4 25 
-8 9 5 3 2 -2 -14 -43 
3 -5 -15 5 11 6 8 12 
-7 -18 17 -15 -14 4 15 2 
5 -15 -16 0 -8 -5 -14 -2 
5 6 1 4 1 0 0 29 
8 51 34 -13 1 0 -4 -21 
-18 -12 -42 0 4 -5 -4 -3 
-2 6 16 3 0 3 1 -2 
2 17 20 15 8 7 9 20 
-6 -30 -18 -10 5 -8 -6 -11 
24 4 2 7 -16 -2 3 7 
-28 13 20 5 -2 -2 0 -5 
-19 -8 -37 -7 -1 -4 -1 -22 
25 25 13 2 -4 -3 -4 31 
-3 -29 -10 -12 7 3 2 -9 
-3 -45 -34 15 -4 -3 -2 -13 
-4 -7 0 -21 -14 -5 0 -3 
-14 -1 5 4 -1 -1 -5 10 
7 3 1 -1 -1 -3 -2 -19 
1 12 28 12 8 2 -8 -18 
14 -3 -5 10 7 6 13 54 
-16 -9 27 -7 -5 0 -4 -37 
-2 11 4 -9 1 -2 7 -6 
-13 -15 -29 -11 -13 -8 -24 -12 
7 13 21 14 2 -1 -2 -2 
-7 -11 6 8 3 3 8 0 
2 8 -5 10 9 5 -3 14 
0 -4 16 -26 -11 -1 8 -3 
8 -22 -35 -10 -6 -2 -2 29 
-5 5 -5 -1 -3 1 -4 -44 
-8 -14 -2 -29 -12 -7 -5 -5 
19 13 5 14 5 3 9 11 
-5 -2 11 -6 -3 -3 -11 2 
-11 -9 -16 -12 0 3 5 27 
-9 19 17 36 1 0 -5 -1 
4 -2 -12 -26 -7 -8 -4 -24 
-2 8 -22 -5 -4 -5 -11 -9 
10 12 -13 14 -2 -2 3 -1 
-15 -8 -6 -17 2 -1 -5 -13 
2 -6 1 3 -5 -3 2 31 
-4 27 26 16 9 5 11 -24 
7 -12 -12 -19 -11 -5 -11 26 
14 -13 -30 -1 -5 -6 -5 2 
-29 19 16 9 8 4 3 -9 
-6 -17 9 -3 -3 -5 -10 -13 
-2 4 10 -2 -6 1 7 4 
-3 5 7 -3 5 2 -2 1 
20 -1 -10 0 -1 1 6 21 
-17 -30 -1 10 -2 -8 -18 -38 
1 5 0 -12 -3 -1 9 3 
8 -2 -14 -10 -2 0 -3 7 
4 9 -8 20 5 -2 -1 1 
-6 0 -10 -15 -1 4 4 -15 
9 -38 -17 0 -3 1 -2 10 
-16 -6 4 2 6 0 7 2 
-6 -16 -31 -16 -7 -2 -5 -28 
-7 -7 18 0 -7 -3 -2 2 
-6 -3 -41 13 0 -4 -6 -7 
12 -2 15 2 1 0 6 24 
-12 -2 19 14 3 7 1 -5 
24 3 -19 -5 -5 -3 -1 7 
10 1 -12 2 0 -4 -2 2 
-52 6 49 -5 -6 -5 -11 -40 
15 10 6 -2 -1 -1 8 9 
-2 20 11 -22 -1 1 1 -6 
6 0 4 5 4 2 3 20 
15 1 10 19 -1 -3 -2 -5 
3 1 12 14 7 0 -2 9 
-11 -9 1 -23 2 -2 -6 -40 
4 8 -9 -10 -8 -4 -1 11 
9 7 -2 5 0 1 1 13 
-5 -7 -1 3 2 1 0 2 
-8 -5 -2 2 -1 1 5 6 
8 2 14 -2 3 -1 -7 -26 
-5 -3 12 -3 1 1 1 10 
0 -10 5 9 3 -4 -5 -3 
-4 5 -8 11 -4 4 6 8 
-5 -5 18 -1 5 1 0 7 
8 -14 -37 -9 -12 -1 1 13 
0 27 19 -15 -3 -5 -3 -37 
2 -10 -36 13 8 0 -7 17 
-18 7 41 2 -4 -4 -6 -16 
2 -6 -31 2 0 2 1 -18 
18 23 19 19 -3 -5 -5 29 
2 3 3 -20 2 6 10 0 
-13 -11 -13 -17 -3 -2 -2 -29 
-10 16 21 -5 -3 -7 -11 -17 
26 11 17 -15 -2 3 1 17 
5 -5 -12 19 0 -5 -2 -8 
