#EMG
#9
#ID:9-46
-19 11 -5 -3 -5 -2 18 25 
7 -4 -17 -8 -2 -3 -10 -23 
-4 -13 -1 -1 -2 0 19 -6 
-17 2 1 6 0 -3 -10 7 
-10 -7 4 -4 1 2 -10 -14 
25 13 33 -6 -4 -3 1 25 
-11 8 -33 -2 2 1 -4 -5 
8 -16 27 5 1 1 25 12 
8 -8 -4 -1 0 -1 -9 1 
-14 3 10 9 9 3 -3 -12 
16 0 -13 -6 -11 -5 -2 13 
5 17 -9 4 -2 -3 -19 1 
2 -8 -5 2 6 4 24 5 
-19 -8 -8 -7 -3 -1 1 2 
-6 13 10 4 6 -1 -15 -45 
27 -4 -2 1 -7 -2 3 11 
-32 -1 26 7 4 -1 -1 10 
-8 -18 -40 -14 -6 -8 -9 -18 
-13 -5 -1 7 1 -1 12 -1 
-19 -8 -14 -15 -6 -4 14 8 
26 5 31 10 2 2 -7 2 
17 18 -5 0 -2 0 5 25 
-2 -8 -12 5 3 1 -4 -18 
-6 3 42 8 -1 -2 1 2 
0 3 4 -17 -8 -6 -13 -6 
-6 -19 2 5 6 4 14 -2 
12 -22 -23 -9 -5 -7 -16 -1 
-8 0 1 6 2 2 -6 -14 
0 -4 -12 -4 -4 -2 17 33 
-7 6 5 1 -3 -3 -9 -43 
16 30 30 1 2 3 8 17 
-20 -2 -4 5 4 3 -3 -8 
-1 -12 -2 3 0 -4 2 3 
12 -1 -18 -19 -12 -4 -11 11 
-2 5 15 5 -1 -3 -19 -12 
17 3 -15 -13 -5 -3 23 -9 
-11 -1 -15 2 1 0 -4 -18 
28 5 -1 8 4 3 13 55 
-2 -18 4 6 -3 -8 -8 -2 
1 16 12 -1 5 6 -25 -21 
1 -1 -11 -1 -5 2 2 -5 
-13 -5 -11 -4 3 -2 1 -20 
3 -11 9 -2 -1 2 5 3 
2 7 13 6 0 -1 -7 25 
27 5 3 -3 -3 -5 6 -2 
-47 2 -11 5 1 0 -14 -43 
5 17 15 -5 1 3 12 17 
-3 3 -8 -2 0 -2 -4 -1 
0 -15 -35 -12 -5 -4 -7 14 
11 -19 20 0 -1 -1 -2 7 
-23 10 -19 -10 -4 -3 -5 -16 
1 -9 -2 4 1 2 -4 -21 
-5 7 2 -5 -4 -4 6 2 
-17 -16 -18 -5 -5 -4 -1 10 
4 9 18 2 5 1 3 0 
-8 -3 -3 -15 -8 -2 -13 2 
22 -4 3 -3 -2 -1 7 15 
2 8 11 7 2 2 -7 -61 
-20 16 -14 -6 -3 -3 -3 10 
17 9 22 -4 -3 -2 12 29 
-36 -5 10 4 2 2 -11 -31 
15 10 -3 -10 -4 -3 3 32 
13 -14 14 7 1 -1 -7 -8 
2 -1 -43 -10 -4 -7 -7 -10 
-32 -20 -14 -16 -1 2 -3 -16 
20 16 25 10 1 -2 -21 10 
-1 -34 -29 -4 -1 3 23 -5 
-12 13 22 -2 1 0 14 -9 
18 2 24 5 -2 -4 -1 59 
-7 -8 -65 -10 -2 0 10 -45 
15 7 1 -8 -4 0 -12 -18 
-24 -18 -5 0 0 -2 -6 61 
8 41 -10 -1 1 3 -11 -72 
-3 -8 36 11 3 3 4 10 
17 -5 -48 -5 -6 -9 4 34 
4 7 -9 -3 8 3 -5 -35 
0 4 34 8 -11 -5 -41 0 
16 -13 16 22 1 0 28 44 
-17 29 -6 -27 -2 4 -9 -20 
-6 1 -9 2 -2 2 -9 -19 
11 -3 -33 2 1 -3 -19 -3 
14 -4 10 -16 -4 0 28 8 
-43 -30 30 14 -2 -6 -22 -13 
14 -2 17 9 6 5 6 2 
7 5 -5 -18 -8 -4 6 59 
-17 -29 -15 -6 -1 -2 -11 -63 
-11 17 29 6 2 1 -4 -2 
-3 -35 -55 -4 -2 -8 -18 -19 
12 35 17 8 1 1 25 15 
-4 16 21 2 4 -4 -64 7 
4 -12 -26 0 -1 2 -13 -29 
7 -29 -21 1 0 1 56 25 
-12 -44 2 19 -4 -7 0 -16 
-6 35 -2 -36 -11 -2 -5 17 
10 -27 0 0 1 5 5 24 
-2 10 14 -2 -5 0 -13 4 
-30 -25 3 13 6 -2 -11 -51 
-6 15 23 13 7 -6 -18 35 
12 8 -5 -6 -9 5 19 -21 
9 -9 -18 -5 -8 -7 4 2 
-24 -10 -29 -28 -1 -3 2 -2 
22 17 2 10 -8 0 9 -5 
-15 12 28 6 7 -1 1 19 
-1 -14 11 5 5 -1 0 -19 
10 9 -5 -25 -13 2 -3 10 
-3 -2 -24 -1 2 -1 24 7 
13 -4 -28 22 8 -2 -20 7 
-12 -3 41 -3 -6 5 0 3 
12 -40 -33 -31 -11 -15 -5 22 
-42 -3 -11 3 4 -8 -37 -45 
10 -7 -16 14 12 10 47 47 
-6 40 23 -2 2 3 0 3 
8 -1 8 25 9 1 6 -17 
-4 -34 -50 -24 -6 0 -12 -7 
-3 11 0 -9 -7 -13 -2 15 
-14 -6 -13 28 16 3 -18 -3 
-13 10 -14 -25 -11 2 3 -15 
21 19 28 11 -1 1 25 52 
20 15 52 2 10 4 -11 -30 
-31 -56 -52 -8 -20 -11 -3 -46 
13 5 12 5 -4 -1 2 17 
8 10 -1 -25 -5 2 -12 -30 
-17 30 26 14 -2 -4 14 36 
26 29 12 -7 4 -1 -5 -32 
20 -13 -19 42 13 4 22 43 
-36 -19 -15 -23 -16 -3 0 -6 
-2 -19 14 -34 -17 -8 -3 -1 
19 -4 -33 10 -5 -6 -18 12 
-25 5 24 -7 3 -3 16 -10 
9 9 -35 14 7 4 -41 15 
-11 1 -5 -7 -8 -8 34 -35 
-17 -26 -28 -61 0 -3 -49 -29 
-12 11 12 49 -5 8 83 -5 
92 -11 31 -18 3 -7 -32 74 
-24 12 -26 15 3 5 -60 -52 
1 2 17 -14 -2 -4 2 18 
-45 -13 46 39 8 2 -81 -81 
2 -5 -2 -42 4 2 87 74 
6 -22 -24 3 -21 -14 -21 -11 
-7 36 -14 28 0 12 25 11 
20 40 19 4 8 -5 -6 59 
-53 -4 3 28 5 5 -1 -98 
-1 -9 -21 -80 -2 1 -67 12 
3 -2 38 5 -12 -16 42 33 
-63 2 -19 -51 4 5 45 36 
37 46 28 75 -5 -6 -54 -27 
-69 -45 -12 -43 3 -4 -12 -60 
-41 3 22 42 -3 2 48 20 
74 0 -20 -9 2 3 -46 8 
-35 -7 -11 -15 0 1 -8 7 
26 -15 34 24 4 6 85 49 
-30 -3 -43 -15 -8 -13 -40 -52 
1 -14 -12 -23 -8 -10 5 12 
1 -10 -28 6 -2 5 13 -35 
-28 0 8 26 -2 -3 -74 -78 
30 -7 50 -20 4 0 62 32 
18 -11 -39 6 -6 3 40 21 
-4 -2 53 15 3 5 12 8 
18 -17 -50 -25 -9 -8 -29 23 
22 -21 -34 -15 1 1 -18 -8 
-21 26 68 2 2 -1 -58 -59 
6 -20 -28 0 8 -9 29 2 
19 9 -8 8 -3 5 60 93 
13 -43 27 18 -6 3 -37 2 
-19 16 1 0 1 -5 -29 -50 
-18 -28 15 -20 -8 -9 -13 -12 
11 2 -64 16 17 13 19 -2 
6 20 -6 -15 -9 -5 -12 4 
23 -4 58 -7 7 8 -39 -10 
-23 61 -13 38 -3 2 48 -10 
-13 -46 -100 -5 -7 -7 46 42 
11 17 -11 -25 -7 -3 -25 7 
-4 -32 -106 -53 -1 0 -6 -54 
-11 -4 77 -6 -7 5 -14 8 
6 25 68 53 33 -12 -42 -21 
22 38 -26 -12 -28 14 16 40 
-9 -15 -30 10 -7 -4 18 -18 
-4 -42 14 -37 7 1 -17 9 
4 61 17 25 -6 -1 -16 -2 
24 12 23 -5 22 1 -35 22 
-7 19 69 24 -4 -3 2 -7 
-16 13 -33 3 -7 -4 4 -36 
10 -26 24 -11 -10 -7 -5 -9 
12 14 6 2 13 3 -13 3 
3 -9 -22 2 -7 -1 -19 1 
-24 -25 -43 -14 -10 -7 27 29 
-40 6 20 -2 3 1 -47 -97 
42 1 9 32 0 11 109 72 
-82 -31 -2 -4 -1 -21 -61 -54 
14 -16 -47 -3 -6 3 26 -7 
35 35 -5 -22 -4 -3 -35 31 
-54 -34 25 5 -11 -12 -52 -58 
28 9 -31 7 5 7 106 55 
-13 -24 -50 -23 -8 -9 -33 -24 
11 11 61 -7 -18 -9 -2 10 
-29 48 -5 -6 1 -2 3 -33 
40 -17 20 10 4 3 0 26 
-20 -17 -33 -5 9 -6 -26 4 
48 -9 -11 -11 -23 0 45 24 
-11 -35 8 23 9 -4 -55 -18 
-5 1 7 -2 6 3 22 20 
14 12 -22 6 -1 -2 2 22 
3 -31 36 -10 -5 1 -6 -22 
-22 -16 -18 -17 5 2 -1 8 
-6 -12 -21 -3 -11 -3 -89 -77 
9 -19 51 14 -1 3 53 39 
25 8 -31 21 17 0 16 68 
-57 1 14 -17 -10 0 -14 -67 
10 27 40 -13 10 0 -2 60 
22 0 -21 31 -5 -6 -13 -57 
-6 34 76 -12 -4 8 6 -27 
6 -22 -25 12 9 0 -8 -23 
10 -2 -20 -3 -9 -4 12 37 
23 10 31 -13 2 7 -15 25 
-20 -16 -13 26 8 -5 -11 -32 
10 68 44 -13 -1 1 69 42 
1 7 9 -7 -4 4 17 43 
-5 8 8 13 14 0 -30 -28 
-5 -8 -82 -17 -14 -3 29 -17 
0 -30 22 15 1 5 -8 -23 
1 -8 -31 -20 -9 -13 -27 -13 
6 5 8 20 5 6 33 35 
-36 -25 4 -32 2 12 -7 -32 
23 16 -23 28 -14 -26 -46 -9 
-15 -31 -36 0 -5 8 -4 4 
9 2 14 0 1 -12 -12 -7 
-16 26 1 -8 -7 -2 9 13 
-4 -8 -56 -21 -7 -6 -52 -67 
16 -15 -41 -16 -6 0 48 35 
7 5 -41 10 5 1 -12 22 
-5 -7 17 -10 -18 -18 -10 -24 
8 -26 -87 -55 2 4 9 37 
-4 3 12 55 2 2 -11 -32 
-21 -2 8 -7 -2 -2 9 8 
12 41 1 12 -4 -1 18 19 
0 12 24 -15 15 0 -16 8 
-9 -26 -23 27 5 -2 -10 -23 
11 26 46 -43 -25 -3 -2 2 
-9 -11 -20 2 4 1 -4 -35 
-3 2 41 5 11 -3 -9 -5 
17 14 17 37 0 -6 6 2 
-16 -17 -20 29 -9 5 -8 -14 
1 -3 8 -18 10 0 7 49 
4 -7 -7 14 -3 10 20 6 
-10 0 11 -8 -12 -7 -4 -1 
17 14 -3 -3 9 2 -48 -39 
5 -29 -22 22 -2 -2 41 36 
-20 -4 -4 -27 -9 -3 4 -10 
17 1 31 3 2 0 -12 -3 
-6 6 21 -4 -8 -2 -5 12 
20 1 2 32 8 6 1 33 
-5 -11 10 30 -6 -5 3 3 
5 25 29 -26 -7 -1 1 -33 
-2 -6 -4 -19 1 1 12 36 
-12 -9 3 2 8 -1 -17 -19 
15 3 -14 4 -7 -3 2 12 
-18 -7 0 -16 1 -2 -9 -64 
18 -5 10 -3 -7 -8 4 39 
-6 -1 6 6 5 7 6 -9 
-2 -3 6 13 3 0 -10 7 
21 16 7 -26 -4 -4 -1 50 
-10 -3 -36 -9 2 -2 -1 -55 
-5 -18 -27 -15 -9 -7 -16 4 
-12 -8 -9 -5 -6 -5 7 -1 
1 26 -3 -6 -1 1 -1 -1 
-40 -9 22 14 3 1 -4 -43 
12 9 6 -16 -5 -2 -8 23 
0 -12 -18 5 3 2 8 -15 
-7 -4 -3 -3 -2 -5 -3 41 
-3 -15 -22 -15 -5 -2 -2 -27 
4 18 28 19 4 1 -1 10 
-4 -18 3 -8 -4 -2 0 -30 
19 -12 -21 -9 -2 8 7 27 
29 13 17 2 3 -4 0 40 
-21 -2 2 1 -5 -6 -8 -44 
2 8 -3 8 -1 -2 2 8 
-4 8 -6 -2 -4 1 -2 2 
9 -10 18 -7 3 1 0 5 
5 -21 -32 -20 -7 -4 -3 10 
-3 13 10 -3 -5 -5 0 20 
1 -11 1 2 9 4 5 -34 
-9 -1 -13 3 -1 2 -5 1 
12 20 28 -2 0 5 3 30 
-9 0 -6 -1 1 -5 -10 -19 
6 27 5 5 4 0 9 -13 
-12 -18 -36 -24 -7 -8 -6 -4 
3 -8 2 16 3 0 -6 -12 
7 0 -5 -6 -2 2 6 17 
1 4 -2 2 5 -2 -1 34 
-11 10 24 -6 -5 1 -1 -50 
-2 5 5 5 3 0 -5 -2 
2 -15 -24 -21 -3 0 -5 -1 
-20 -45 -14 -18 -7 -9 -6 -12 
1 8 4 -14 -10 0 6 24 
-13 -8 -10 4 -5 -7 -30 -15 
6 4 10 5 1 1 22 1 
-5 -14 -25 -7 -2 -5 -2 -3 
-36 7 21 10 6 0 5 23 
3 -2 6 -7 0 -2 0 -11 
-10 -2 -10 4 -1 -4 -20 -36 
-21 -12 7 -11 -10 -5 10 -15 
13 7 -9 5 2 -2 -9 -9 
2 -2 3 0 1 4 11 19 
1 7 3 14 9 5 7 70 
6 21 14 -1 -4 2 -1 -63 
-5 -17 -2 -7 -7 -10 -18 -25 
-7 -40 -20 -1 -2 -8 -5 -17 
-9 4 -3 -4 -5 -3 1 7 
16 11 14 6 1 2 -9 34 
-12 -4 -2 3 4 4 17 12 
7 35 33 10 10 4 -2 -28 
-2 -19 -3 -2 -4 -3 -4 -5 
-17 4 -19 -17 -7 1 9 23 
31 -15 10 -2 -4 -6 -18 -25 
-5 0 -9 -8 -6 -3 -1 16 
-2 11 32 7 4 -1 -1 0 
3 8 -9 1 2 0 -4 0 
14 10 47 9 4 6 11 30 
2 -2 -48 -6 -5 -4 -1 26 
3 13 21 -7 -4 -3 -2 -5 
-24 -15 -8 5 6 8 -3 -89 
1 26 8 8 2 -2 -6 21 
-11 -23 -9 0 -3 -9 -6 -32 
9 4 3 -2 -4 -4 -6 15 
21 -6 -13 4 2 0 3 36 
-28 -17 -24 -5 -4 -2 1 -4 
10 5 -19 -12 -3 2 3 4 
-21 0 -5 1 -2 -1 1 -18 
-3 -17 -7 1 1 -2 -5 6 
-8 12 0 12 8 4 -4 -32 
41 2 -8 -18 -15 -5 13 42 
-11 -26 -4 -6 -8 -1 -5 1 
-13 -4 1 5 -3 -8 -8 -11 
-3 4 32 -7 -6 -4 3 26 
-20 10 19 2 5 1 -3 -67 
18 -9 -13 3 -1 2 6 18 
-15 24 31 -1 1 -7 -24 27 
36 -32 -38 -8 -8 -2 28 -20 
-22 7 15 1 3 2 0 6 
-1 2 3 -4 -1 -3 -6 -17 
-5 -2 0 3 -1 0 6 20 
7 16 21 18 6 3 -8 18 
12 -8 -38 -20 -7 -6 -5 -7 
-12 50 21 -4 -9 -3 8 -6 
-6 -17 -25 2 -5 2 4 -2 
13 -11 6 -6 -4 -6 -11 5 
14 -2 16 9 6 4 5 -2 
-25 1 11 2 3 0 -7 -7 
9 -4 -6 -5 -4 -3 0 12 
-11 19 -5 1 3 -1 -6 -42 
5 0 -2 -2 -6 1 11 45 
6 -16 -35 -20 -9 -11 -21 -10 
2 -22 19 0 -2 0 12 3 
-5 -14 -27 -9 -1 0 0 -18 
-13 8 24 12 6 1 -5 4 
8 0 4 7 4 5 6 7 
2 1 -1 -3 -2 -3 -6 -15 
0 14 5 5 1 0 6 35 
-7 -5 -20 -10 -2 -4 -24 -56 
13 -14 -28 -6 -3 1 3 9 
8 19 8 -2 -3 -4 -5 4 
-30 -12 -20 -4 -4 -3 0 -25 
7 12 11 5 5 3 7 47 
-18 0 9 4 2 -1 -1 -49 
34 4 -2 -1 -3 2 -1 34 
-4 -22 -8 -5 -7 -2 -1 47 
-14 -2 11 4 4 2 5 -73 
22 -7 -14 2 2 -8 -6 19 
-12 -13 -4 -10 -8 -2 5 22 
11 15 9 1 2 0 -18 -36 
-8 -20 -10 -3 -4 -2 1 3 
-6 -15 -1 -1 -2 -1 2 -4 
4 13 9 2 3 2 3 0 
-8 -16 -24 -7 -4 -2 7 4 
-6 -4 13 9 0 -1 -7 19 
-3 6 19 -1 -3 3 5 -40 
-3 -22 -45 2 6 0 0 -6 
15 -6 -5 -6 -5 -7 -20 6 
-43 2 27 13 -2 -1 12 -2 
17 -5 -14 -6 3 -1 -1 31 
-2 -10 -3 4 -6 -4 -5 -43 
-2 -3 1 -22 -6 -1 3 -11 
21 17 10 1 -1 -1 -2 17 
-7 -3 -7 5 -2 0 0 17 
-15 9 6 4 8 -2 -8 -29 
14 6 -3 1 -4 -4 1 -2 
3 9 -5 -7 -3 -1 -5 1 
-9 -14 20 2 0 -1 1 -2 
-3 -7 -5 -3 0 0 1 -3 
-11 3 9 6 1 0 5 25 
-4 15 0 -8 -3 -1 1 0 
10 9 -35 2 4 0 2 -13 
-6 13 7 2 -7 0 1 -13 
11 -30 -18 -8 -7 -8 -17 -1 
-10 10 5 -6 -2 -1 0 1 
3 3 14 1 0 3 4 22 
26 4 14 -2 -2 -2 1 7 
-15 18 21 10 8 3 4 -24 
3 -13 -35 4 2 2 1 8 
2 2 22 -9 -3 -7 -8 -5 
-20 -15 -10 -12 -9 -2 6 -5 
1 -12 1 0 1 0 -2 15 
3 -9 3 0 1 0 -1 -4 
-7 1 15 3 0 3 -2 -3 
-1 -4 0 3 4 -2 -2 10 
8 31 10 6 2 3 6 9 
-17 -17 4 -8 -5 1 1 4 
12 17 -4 5 5 3 -4 -45 
-18 -21 -2 -9 -6 -5 -7 -1 
-20 -2 -11 -3 -1 0 1 -10 
11 -7 -8 -2 3 -1 0 20 
-2 2 -2 2 -1 0 2 3 
4 22 34 12 7 5 9 29 
19 -12 -34 -7 0 2 -8 -36 
-22 -12 10 -18 -10 -10 -10 -3 
4 -22 -6 0 -11 -10 -5 -22 
4 15 4 1 2 0 -7 -2 
-5 7 -3 9 4 3 6 17 
7 -4 14 6 3 -2 -4 -3 
-1 -7 -22 -8 -7 -3 -2 -16 
-8 15 -2 -1 3 2 3 23 
20 0 12 7 -5 0 7 -5 
14 5 -40 -12 -5 -6 -7 -18 
-16 -9 14 6 4 -2 -8 5 
3 -7 -17 -7 -5 -9 -1 -20 
-10 0 6 -1 1 1 1 -2 
17 8 14 11 1 -1 5 51 
5 4 -14 -12 -8 0 -4 -23 
-9 -9 -4 -1 2 2 -1 6 
-4 -7 7 -1 1 -2 -9 -23 
-24 -13 -17 -3 -2 -1 -8 -42 
-10 -1 20 3 0 -2 1 29 
-10 -38 -52 -15 -17 -5 -3 -32 
-3 28 26 -3 -7 -6 -2 11 
5 -12 9 8 7 4 -1 -6 
-4 0 -26 -5 -2 -3 2 9 
-10 9 43 7 3 0 -2 -11 
5 7 -11 -3 8 6 6 21 
-24 -26 -9 -5 -10 -2 -9 -35 
7 31 6 -5 1 -2 -4 21 
-14 -32 0 1 -4 -4 6 -1 
-18 0 -16 -8 -3 -1 1 0 
19 7 12 3 1 1 3 -5 
-6 1 1 6 1 -1 -1 -4 
13 0 6 6 5 3 2 59 
16 -7 -30 -26 -5 -3 -3 6 
-22 -5 24 4 -5 -4 -6 -57 
11 -25 -32 -10 -9 -3 -7 -3 
2 6 13 5 5 -2 4 14 
-7 -3 10 -5 -6 -2 2 -12 
16 6 -18 -3 -1 -1 2 30 
-2 6 4 7 8 5 11 3 
15 -5 -1 -6 -6 -5 -19 -1 
-45 -14 -24 3 -1 -4 2 -41 
11 10 23 -1 4 0 -5 -2 
6 -9 14 6 -2 -5 -2 19 
3 0 -12 -3 0 -1 -4 -7 
5 -5 -17 -4 -6 -6 -4 0 
-1 8 -9 -4 -4 -2 2 1 
5 -8 14 4 10 7 6 22 
2 3 -5 -6 -4 0 -3 -11 
1 -6 -1 0 -1 -2 -1 -3 
0 20 -2 3 0 1 13 18 
-6 -25 9 -8 -7 -9 -14 -53 
-20 17 -26 2 -4 -1 -16 -41 
-14 -4 36 -10 -6 -2 -2 7 
9 -6 -15 -8 1 -3 14 21 
14 6 -4 -1 -5 2 4 23 
0 21 33 -4 7 2 1 -10 
-14 -26 -73 -3 -1 -5 -7 -10 
7 0 10 -3 -6 1 1 32 
-10 12 15 0 4 -5 -2 -22 
4 -4 -5 -3 -3 1 -3 -35 
25 15 0 8 0 0 0 37 
-26 -12 -20 -6 0 0 -3 -28 
20 -19 -2 -4 -2 -5 -5 16 
10 -11 -27 1 1 4 0 -12 
-19 0 29 10 2 1 5 14 
10 0 -14 3 -3 -1 -1 -5 
-18 -5 11 1 -5 -3 -7 -5 
19 7 3 -4 1 -2 10 64 
2 10 21 10 3 0 -6 -68 
-32 -14 -15 -20 -4 -2 -17 -46 
-15 -6 -2 4 -4 1 0 5 
1 4 17 0 -3 -2 1 2 
9 9 -6 6 5 -2 -2 26 
-2 0 5 5 2 -3 -3 -1 
2 28 0 -5 1 2 7 14 
5 -11 -19 -6 -4 -5 -2 -13 
-5 10 41 17 -2 -1 1 12 
6 -21 -41 -23 -6 0 -2 -11 
-8 1 -14 -6 -3 -2 2 -5 
6 13 4 3 -4 -4 -9 -5 
3 2 -2 3 3 -1 3 0 
25 38 17 8 2 2 5 34 
-20 -17 -11 13 10 2 1 4 
20 -6 -20 -12 -11 -1 -1 -1 
-17 -8 11 -7 -5 1 -2 -10 
-21 -16 -24 -2 -1 -3 -5 0 
-15 -3 -18 3 2 -1 -10 -2 
-13 -1 -2 8 8 2 0 -60 
3 -2 35 0 -3 -1 -2 16 
4 -13 -7 -5 -9 -3 5 14 
8 12 5 2 3 2 -12 -7 
-16 -11 -19 -3 -3 -6 -1 9 
2 6 -1 0 1 2 2 5 
6 4 35 9 7 7 3 3 
0 10 15 2 0 -1 -3 -8 
21 -2 -9 -23 -7 -6 7 11 
-36 -21 -20 -9 -7 -6 -13 -25 
2 -2 17 13 2 -1 7 4 
-5 3 3 -2 -1 -1 0 -7 
-10 -13 10 16 11 3 0 3 
30 43 13 -11 -9 3 7 71 
-37 -13 -44 -10 -7 -8 -14 -76 
8 -17 -20 -8 -9 -4 3 1 
2 -17 -19 1 0 -5 -10 -8 
-4 -3 13 -1 -1 -1 -3 -14 
12 1 21 8 1 -2 -1 30 
6 16 -5 -3 5 4 11 7 
-17 8 25 -4 -6 2 6 10 
8 -13 -47 -6 2 -4 -15 -11 
3 -7 -4 3 -7 -4 4 7 
7 -6 -6 -3 -5 -4 -4 -12 
-1 12 1 5 6 3 3 18 
6 10 22 3 3 -1 -3 -8 
-26 -10 -11 -9 -5 1 2 -3 
11 -23 -25 -17 -13 -4 0 -1 
-25 -7 21 11 3 -1 -3 1 
16 6 -16 -15 2 4 10 37 
5 8 -7 6 4 -2 -7 -31 
9 -9 16 -12 -9 -1 -7 0 
1 22 3 3 2 0 1 -19 
15 -6 -15 8 1 -2 5 7 
-8 -10 6 0 4 4 4 13 
-3 18 15 1 -1 -1 -6 11 
3 1 0 -9 -7 -9 1 30 
-10 -2 -7 4 -3 0 -14 -60 
9 4 -3 2 1 -1 8 16 
-6 -10 6 3 1 -1 0 -14 
2 10 -3 -5 -2 0 -2 14 
8 -6 -6 5 0 -1 2 25 
-4 1 20 0 -5 -2 -10 -49 
-36 -10 -2 -3 8 0 -3 17 
-3 -5 -9 -2 -8 3 3 -14 
5 -3 5 0 -2 -2 0 -9 
16 11 2 1 2 -3 -3 25 
2 -3 6 7 4 -1 10 20 
4 29 -17 -6 -6 -2 -9 -3 
-9 -29 -22 -6 6 2 -3 -22 
15 -30 -10 -17 -9 -4 0 1 
-13 7 22 18 4 -1 -7 -38 
-4 -11 -7 3 2 1 -2 -7 
-6 21 17 1 -4 -3 1 0 
10 9 1 7 3 -1 -2 18 
14 18 -13 -6 -5 -1 5 6 
15 -14 34 6 2 3 -3 -9 
-14 7 -19 3 5 6 9 60 
-33 -3 -18 -3 -2 -1 -10 -75 
11 4 14 -2 -2 -1 -6 4 
4 -6 3 -1 -6 -7 -2 1 
-3 -12 -24 -5 -4 -3 -1 -11 
-1 4 -1 -1 1 -4 1 28 
6 8 4 1 -4 -2 1 -9 
-11 -13 14 7 11 11 1 9 
-6 -38 -15 -10 -9 -3 3 -28 
-1 -12 11 -5 -6 -8 -13 -29 
2 -6 -25 -2 0 -3 1 -1 
-7 4 21 1 -1 -5 -6 2 
1 14 7 11 7 -5 -4 12 
-12 -10 -13 -3 -6 2 -2 -2 
2 2 12 3 -5 0 2 0 
-13 14 -14 -24 -2 -4 4 1 
2 -5 2 -3 -3 -1 -1 -14 
20 9 -7 7 2 -4 -7 49 
-9 19 10 2 -1 -4 -11 -45 
-21 -35 -30 4 -4 -1 4 -18 
-1 9 -2 -1 -6 -5 -8 -8 
17 4 3 -6 2 4 9 27 
-14 -13 -19 -10 -2 1 4 19 
-6 4 11 4 3 -5 -11 -17 
22 15 5 0 -7 1 4 16 
10 -13 4 1 3 3 4 45 
-27 -11 -2 -6 -8 -2 -1 -62 
7 -19 -21 -9 -2 -4 -5 3 
-8 4 9 2 1 -2 -3 -3 
1 14 21 7 4 1 4 1 
20 -7 -62 -2 4 0 3 39 
-32 1 47 -8 -9 -4 -7 -40 
-31 -22 -11 -2 -2 -6 -2 10 
23 28 19 6 2 -3 2 -29 
24 -7 -17 -4 5 5 -5 -6 
-10 5 -2 1 -5 -3 8 -1 
2 -3 0 -2 5 4 8 3 
-12 3 2 5 -3 -4 -17 -14 
5 -4 4 -2 -6 -2 0 7 
7 -2 -5 3 5 4 0 -3 
20 17 17 -5 -4 -3 2 31 
-14 -9 -27 3 0 -2 2 -15 
-18 -3 -6 -13 -6 -2 0 -12 
