#EMG
#7
#ID:7-30
-10 -13 -16 10 0 0 7 9 
15 17 24 -6 -1 -1 6 -20 
16 9 4 8 5 2 1 18 
-21 -6 -12 -9 -6 -4 -12 -21 
0 -1 10 3 -2 -1 -11 -2 
-6 -3 2 5 0 -3 3 8 
2 3 -10 1 1 2 8 2 
20 37 30 -11 1 4 10 7 
-21 -27 -28 -6 -3 -8 -49 -24 
8 -16 11 3 -8 -1 39 25 
-7 -5 1 -1 -4 -3 9 -11 
-8 -1 -12 -4 -1 -3 -21 8 
17 18 -19 -7 -1 3 8 2 
1 1 31 -1 1 0 -19 -12 
12 -1 11 -10 -8 -7 5 7 
-32 1 -2 27 0 1 0 -10 
-3 -3 7 -22 -3 -1 11 1 
-1 -11 -21 -5 -2 -4 1 -9 
-6 -4 3 9 4 7 5 0 
11 5 -5 7 1 -4 -18 -3 
-7 -15 -11 -2 -4 -6 27 20 
4 13 -11 -4 0 2 0 -3 
-11 -1 36 7 -1 -3 -21 -25 
0 23 -11 -10 0 4 5 -13 
7 6 19 11 2 2 -3 20 
-1 -3 -37 -6 -1 -1 -7 -3 
-5 0 4 3 -2 -9 -1 2 
4 -5 -21 -12 3 1 -9 -2 
5 2 -3 -6 -4 2 10 -4 
-6 2 25 2 -1 -2 -7 8 
17 8 -15 -8 -5 -2 1 8 
-38 -20 -24 -6 -2 -5 1 -7 
11 9 -1 -11 1 0 -7 -24 
11 -20 -27 11 6 3 0 -8 
-13 -16 -21 -4 -5 -5 4 7 
16 12 33 -3 -3 -8 -38 8 
-2 5 15 11 -2 5 48 2 
-1 3 -2 -2 -3 -6 -17 9 
-7 -20 -13 -5 -2 2 9 0 
7 -10 7 -14 -4 -3 -5 13 
-3 0 11 10 2 -1 -9 -21 
-2 8 20 1 -1 -4 -1 -4 
-5 -6 -10 2 2 11 24 15 
9 21 -5 -4 0 -2 6 -6 
-2 -42 -15 0 2 1 -11 29 
-8 7 35 10 -2 4 4 -24 
-3 -1 -17 1 1 -5 -16 2 
12 2 12 23 -4 1 27 -20 
13 -3 -39 -23 -2 -2 -16 34 
-26 9 -10 3 -2 -3 -10 -27 
-4 -1 9 0 1 3 16 5 
34 2 3 -18 -3 -10 -35 3 
-56 7 13 9 1 -1 28 -11 
11 -4 10 -4 -1 -6 -27 -15 
5 16 4 7 3 3 20 12 
-10 -32 -28 -13 -4 0 8 20 
10 18 20 5 -1 0 -2 -26 
6 6 -19 -10 0 2 5 27 
-8 10 52 2 2 1 -8 -37 
5 22 -15 6 -3 -2 -1 5 
-1 -6 -10 -3 -2 -2 -3 1 
7 -6 -6 5 0 4 9 19 
-8 -3 -25 -2 -4 -9 -22 -45 
-2 -3 23 -11 0 1 -12 32 
-1 -8 -9 7 -5 -3 16 -21 
1 21 -21 -11 -2 -1 2 3 
8 -11 -26 -9 -6 -1 -6 19 
-8 -4 0 7 0 4 15 -12 
6 17 -2 2 1 1 -29 8 
6 29 47 7 1 0 8 13 
-1 -11 -30 -4 -4 -3 22 0 
0 62 34 4 -2 -2 -42 -18 
10 -12 20 -5 1 4 11 10 
16 -5 -16 5 0 -4 -17 21 
-17 -24 7 13 1 -1 -12 -14 
-17 -10 -45 -27 -2 4 33 -9 
-26 8 8 -5 -1 -11 -50 -10 
8 -17 -2 1 -1 5 47 7 
1 43 9 -2 1 -1 -18 -14 
18 -38 12 16 3 3 16 41 
-42 -38 -71 -27 -12 -10 -3 -28 
-9 -12 22 9 -3 -1 9 27 
1 15 10 -4 2 -2 -27 -41 
-5 -2 -27 -2 -4 0 12 -27 
29 21 -21 4 0 -4 -6 14 
-9 -7 45 13 3 0 -10 -29 
-4 -20 -42 -35 -12 -7 -28 11 
-30 -8 30 11 0 -5 19 -5 
19 -16 18 -11 4 11 11 25 
-28 -35 -90 -24 -12 -14 -21 -34 
7 -22 34 14 3 6 -24 -1 
0 36 -21 -1 2 6 41 23 
11 35 97 6 1 -7 -16 18 
-2 -7 -69 -19 -8 -8 -10 -14 
-12 -8 3 -20 -7 -1 47 24 
-11 -8 3 10 -6 -13 -47 -18 
3 -14 -27 6 -4 1 7 -41 
16 28 56 27 7 5 -3 6 
-9 -24 -69 -33 -4 -5 3 9 
6 28 -25 -21 -13 -7 -1 10 
13 -32 -6 15 7 2 4 -3 
-24 -3 0 8 3 -6 -8 7 
5 4 -46 6 -6 4 2 -31 
-13 -43 64 -11 -5 -2 10 55 
12 43 -68 -10 -9 -8 -10 -18 
12 31 79 -8 8 10 1 -8 
-23 -33 35 13 3 2 16 26 
20 -17 -16 5 4 -3 -21 -51 
-10 26 9 11 -4 -1 -12 1 
15 -10 29 9 0 2 22 47 
34 36 82 17 5 4 -27 9 
-31 -15 -42 -32 -7 1 17 -5 
-22 -33 1 0 2 -7 -26 -39 
-14 7 -39 2 -8 0 -1 -10 
21 17 13 4 1 -1 6 28 
13 1 -32 -8 -4 0 -6 4 
2 1 31 10 2 3 3 -10 
6 -52 -25 -8 -8 -2 -12 9 
-24 7 -49 -3 10 -2 36 -30 
-1 31 51 20 -1 -2 -10 -11 
4 -11 15 -6 0 -5 -1 31 
-27 -29 -24 12 4 8 1 -34 
12 -1 9 9 -6 -8 -14 30 
23 6 -30 2 2 4 3 7 
-13 -86 -12 -16 7 3 5 -24 
-1 15 47 -10 -7 -4 -16 -7 
-10 -18 -10 2 0 9 22 17 
-5 -15 28 2 5 -13 -67 -27 
-5 15 1 2 -5 5 100 16 
4 14 -51 -10 1 -14 -27 -15 
-14 33 10 -2 -8 -4 -16 -11 
4 -60 -34 -3 -9 -4 -5 -9 
-19 -3 -35 -37 -1 9 -11 0 
16 13 -12 7 -3 -2 5 38 
2 23 7 10 4 -3 4 -40 
-13 -10 -24 -4 -6 -4 13 -19 
9 16 19 5 -1 -3 -8 -8 
5 -3 0 2 6 1 29 30 
11 26 0 -16 -5 -1 -11 21 
-13 -17 27 -3 3 -3 -6 -32 
12 16 -31 -24 -17 -3 -6 33 
-16 -6 38 2 1 -1 -2 -49 
8 -5 0 21 10 2 14 1 
22 28 39 6 7 7 6 18 
2 21 -14 13 -4 -9 -31 10 
-44 -28 -48 -11 -7 -1 6 -35 
18 8 56 -2 -3 -10 -15 55 
-13 14 -9 -5 0 3 11 -51 
13 4 -3 23 3 -6 -29 36 
6 21 70 11 4 13 8 3 
11 -3 -48 -22 -3 2 -7 -43 
-6 14 14 3 4 3 -2 84 
-23 3 -15 3 2 -10 23 -59 
8 -6 -4 -11 -7 -1 1 2 
-14 4 -28 -5 -5 -3 10 0 
25 11 0 -9 1 8 -23 13 
-8 5 -14 10 4 9 22 -4 
19 11 46 -17 -5 -7 3 22 
-9 -10 3 8 1 1 -48 -9 
-40 -29 -13 9 3 1 55 -31 
30 50 82 38 4 8 -12 29 
-12 -30 -108 -32 -16 -20 -21 -21 
-3 -7 -25 -3 -7 1 -3 20 
4 11 36 12 5 -2 -51 -36 
4 -1 -12 -28 -5 -3 33 5 
12 30 -4 30 14 4 13 24 
-5 -36 17 -45 -19 -8 -1 -20 
-4 -11 -61 31 -1 -5 25 6 
-16 -2 54 10 7 -1 -27 -3 
1 3 -61 -12 -15 -4 -18 6 
-3 -7 11 -27 -12 -9 23 0 
4 21 16 -30 -6 2 8 6 
-3 -29 23 30 -8 -1 -5 18 
6 -4 4 -10 -1 -2 -22 -44 
-7 -15 -32 14 15 -1 6 -19 
5 -6 20 -14 -17 -5 4 20 
-34 -4 3 -5 4 -5 -12 -44 
-14 -19 -45 -5 6 4 -10 -1 
7 76 44 37 -1 2 4 -5 
17 3 -100 -10 20 12 3 19 
0 -30 6 -15 -1 2 4 24 
-1 4 13 -7 10 6 6 -10 
-11 -12 -20 -15 -5 -7 -19 -8 
11 0 -5 23 -1 -1 1 7 
-13 24 18 -8 -6 -6 10 -2 
6 5 -1 -2 -8 -2 4 1 
5 -15 32 29 30 6 5 20 
-11 -20 10 -22 -17 6 -2 -33 
-4 -27 -21 -18 -6 -5 0 -3 
-24 14 13 20 -3 -12 -17 -13 
-2 -29 -32 -20 -12 -1 2 4 
7 14 43 -3 1 -3 -18 31 
20 -2 -1 26 3 7 -2 -3 
-12 9 14 7 5 -3 -42 -16 
25 16 -19 -9 3 7 8 44 
-54 -53 -27 5 -1 -8 -30 -25 
-11 -2 17 -26 -4 -4 -21 -56 
59 -12 1 -22 -5 3 26 73 
-66 -12 13 29 -1 -1 -84 -127 
15 26 -22 -12 -1 -2 39 41 
49 -45 -52 -11 -7 4 97 88 
-19 -4 21 -2 1 -3 -22 -11 
1 13 28 2 -1 -3 -45 -41 
24 -17 -29 10 -4 -6 14 -60 
-42 34 73 1 3 3 54 32 
-2 -14 -36 0 -8 -1 -10 36 
14 -17 -51 -20 -8 -7 4 -9 
-31 -10 38 10 8 6 -3 -24 
11 -22 -22 9 -2 -4 -23 -18 
10 20 -1 0 1 -1 16 10 
-8 -30 20 -6 -3 5 74 62 
19 3 -4 2 3 -3 -56 -1 
-10 6 -15 0 -2 -7 -27 -46 
5 23 15 -41 0 7 45 27 
-20 -30 4 25 -1 -2 -25 -38 
22 25 4 -12 -5 2 22 -22 
-6 -16 -37 2 3 0 1 37 
0 3 14 6 -12 -10 5 6 
-3 32 -6 -25 -8 -8 -18 16 
-11 -21 26 15 7 2 -20 6 
2 35 -36 -15 4 3 -18 -6 
-26 -33 4 -1 5 5 -18 -37 
24 10 -19 -12 -10 -10 -28 16 
-4 -7 -51 4 -5 -8 42 9 
-4 37 -33 -31 -16 -9 -35 22 
-7 0 67 19 12 6 9 -69 
-5 -2 -14 14 8 -2 -43 -29 
3 36 42 -17 -19 -11 29 6 
27 -7 -23 12 9 -6 -23 4 
-16 -46 0 0 -12 3 10 33 
-7 -5 -1 -29 -22 -4 22 19 
4 35 -27 -10 8 -6 -23 -16 
-15 -24 31 3 -13 -7 2 6 
-4 -13 -55 -19 -4 3 -7 4 
1 -7 -36 39 10 1 12 5 
-18 -30 -15 -34 -17 -6 -6 -41 
-4 5 53 21 10 5 -30 -5 
13 50 -41 -4 5 -6 -28 26 
12 -33 44 -11 -7 2 56 1 
1 -1 -23 4 12 -4 -3 46 
-21 -5 14 11 -24 4 -19 -54 
30 12 55 20 16 10 1 2 
12 11 -85 5 3 -7 17 18 
-12 30 83 -2 1 -11 -30 8 
6 -20 -16 -19 -1 0 4 -26 
-12 -7 -14 23 -12 -4 -7 -27 
-7 23 11 -11 0 -7 -5 16 
19 -35 -18 48 17 15 21 15 
5 31 90 -21 2 5 3 3 
-21 -25 -68 -13 -7 -5 22 27 
-6 4 37 23 15 6 4 -1 
-2 -19 16 -14 -11 -1 -8 -6 
9 -17 -37 -4 2 -4 -19 -13 
-38 -33 -5 -14 -8 -7 -11 -36 
19 18 25 12 13 5 30 22 
9 17 -11 -13 -23 4 11 40 
0 7 -12 18 10 2 -88 -16 
14 -7 -18 -8 -7 -4 107 -10 
-12 14 21 2 18 12 -13 -4 
-2 -14 -5 14 -4 -4 -11 -34 
10 12 -47 -37 -5 0 9 35 
-9 -11 22 5 -2 -2 -33 0 
-6 4 5 20 -2 1 11 -1 
-4 -10 -3 -20 -11 -15 -16 -43 
-12 -18 -11 23 3 1 26 42 
11 19 19 36 24 13 -16 -48 
-12 -15 -18 -53 -29 -12 -1 9 
-15 16 30 20 6 3 -9 26 
8 -21 -35 19 -9 -13 5 -28 
-28 -39 -8 -55 -9 -6 -11 -26 
14 -7 13 -9 1 3 -7 18 
-9 -1 -5 -1 -7 -5 -9 -24 
-3 0 6 -2 6 7 17 -3 
17 10 56 18 -3 -8 -16 34 
-19 -11 -16 2 -5 -3 -8 -24 
-8 0 -37 -5 4 5 7 25 
0 -18 32 -1 1 -2 15 -4 
8 23 -35 -3 -2 -4 -17 -3 
14 -5 38 0 -4 0 -6 -13 
-4 -7 -29 -1 1 -2 2 9 
-3 14 -25 -1 -6 -2 -2 -19 
-5 -11 2 14 0 -4 -10 9 
14 -5 0 -8 -9 -2 1 12 
1 -2 -1 4 9 2 3 -18 
5 10 18 -6 -2 -2 1 10 
-4 6 -18 -4 2 1 -5 21 
12 17 -12 12 1 1 3 -27 
2 -11 24 -9 0 -3 -1 3 
-4 -1 -17 -9 -10 -3 -1 -17 
20 3 2 -2 -1 -6 -8 17 
-9 10 25 11 6 0 0 -4 
-4 -8 -24 -11 -4 -3 2 21 
-1 -14 -17 -12 -2 -5 -5 -9 
-1 5 36 3 -3 2 0 -15 
-1 4 6 1 -1 3 1 25 
4 14 8 7 9 4 2 -9 
-3 -3 3 9 5 -1 4 0 
-2 -4 -23 -3 3 -1 -7 -17 
-4 -10 -5 -7 -4 -3 2 10 
4 2 -9 -11 -1 2 0 9 
-10 -10 -3 16 2 -3 -9 -14 
4 7 2 -16 -6 1 -3 7 
-5 -2 -5 -1 -1 0 -3 -20 
-1 7 9 5 1 2 1 -14 
1 -1 27 -4 -1 0 3 9 
1 -1 -1 7 6 1 0 -1 
-7 -4 7 4 0 1 -1 1 
3 0 -5 0 -7 -1 4 12 
-10 26 3 -7 -3 -4 -7 -24 
5 -42 -18 3 0 0 2 8 
9 6 -8 -1 5 5 4 6 
0 -2 -1 6 1 -2 0 -10 
-3 0 -25 -1 0 2 2 14 
3 18 19 -4 -6 -4 1 -1 
-14 -8 -26 -6 -3 -2 -4 -5 
2 -4 8 3 2 2 -1 -1 
1 2 -3 -2 5 2 0 -24 
31 10 22 -4 -3 -8 -7 35 
-31 -12 -15 -3 -2 -3 -3 -16 
4 -4 7 6 -3 -3 -3 7 
-4 -13 -7 -4 -2 0 3 5 
4 23 -3 15 2 5 7 29 
12 12 12 -12 1 2 1 -36 
-14 -29 -42 -21 -13 -6 -8 -14 
-7 -28 5 -3 3 1 4 -2 
-11 -9 -1 -6 -7 -4 -5 8 
10 -1 5 0 -4 -7 -1 5 
10 14 22 5 6 7 9 23 
3 12 -11 8 3 4 7 -2 
-10 -1 -34 -4 -5 2 -1 -18 
2 12 40 -2 -1 -2 -3 14 
-8 -10 5 0 1 -2 -7 -14 
3 2 9 -5 -6 -5 0 13 
-11 -6 -14 -2 -1 -1 3 -2 
4 4 -10 4 2 2 -1 4 
1 19 41 -3 0 0 -6 -45 
4 -17 -37 -14 -11 -5 -3 27 
-5 -7 -8 -1 0 -5 -7 -39 
-6 -13 -23 -5 -4 -4 -3 13 
-7 19 -1 0 -2 -2 -1 5 
7 25 27 7 6 3 1 8 
-3 -2 2 6 5 1 4 -11 
8 -6 -27 -5 -13 -3 -1 1 
24 -29 -16 -5 0 1 -8 33 
-39 -9 -11 -2 -6 -8 -6 -58 
12 16 -4 -5 0 0 2 23 
-4 -15 26 9 2 1 2 -2 
-5 -4 -17 -2 -1 -1 1 -1 
24 -2 -12 -2 3 2 -2 43 
-16 -8 -2 -4 2 -1 8 -23 
-14 -1 -27 -2 -5 -3 -8 -40 
-5 -10 -15 -4 -7 -4 1 8 
-1 -4 9 -2 1 -3 -4 -11 
-6 12 17 -2 -3 -1 -1 6 
12 -3 0 -2 1 4 4 26 
-15 -8 -24 -4 -4 -8 -7 -25 
8 15 43 9 0 4 9 20 
-1 -3 14 1 2 0 1 15 
6 3 -7 2 1 -2 -7 -23 
6 -3 10 10 4 1 2 7 
-26 -13 -25 -11 -8 -1 -4 -20 
9 -5 -10 1 -1 -1 -4 5 
2 17 9 6 8 0 -2 10 
1 2 -8 -8 -10 -1 1 1 
6 7 -28 -13 -7 -6 -2 6 
-9 -5 -4 -4 -2 0 0 -5 
-1 5 4 3 -1 -1 3 -2 
8 5 18 -1 3 -2 -10 -24 
0 9 25 6 1 1 0 11 
-36 -4 14 1 -5 -6 -5 9 
4 -5 -13 -4 -2 -3 0 -13 
5 8 38 3 0 1 3 12 
7 -17 -7 -2 -2 -3 -1 -7 
8 5 0 10 3 1 -2 2 
-12 -16 -30 -14 -4 -6 -4 8 
-4 1 -26 -2 0 1 1 2 
-3 -19 -18 -5 -1 -2 -4 1 
3 13 -8 1 0 2 1 -10 
-6 -15 -16 -5 -1 -1 -6 4 
-10 14 30 1 0 -1 0 -25 
-3 -12 -1 -2 -2 0 -4 -10 
1 -16 -14 -9 -4 -4 -1 -4 
-1 -2 19 0 -5 -1 3 8 
4 -1 -14 -1 4 3 8 38 
17 17 8 12 8 1 -3 -10 
-25 -17 11 0 -5 -2 -13 -49 
4 -15 -26 -13 -11 -9 -1 17 
-10 -7 -4 0 -2 -4 -3 -6 
0 8 -3 -1 -3 0 5 4 
18 11 -6 1 2 2 3 6 
11 18 24 14 7 6 0 5 
2 22 9 -8 1 1 0 19 
-11 -24 -12 -15 -4 -4 -4 -41 
-5 -5 -2 -1 -6 -4 -11 -18 
-9 6 24 1 -3 -3 -6 -8 
5 -9 -9 1 -1 -1 1 0 
5 22 11 4 6 1 3 30 
0 -3 3 -3 0 1 2 -3 
4 -2 -11 5 12 3 6 1 
-6 -7 -4 2 -8 -7 -5 13 
-10 -21 5 4 -3 -3 -6 -25 
-2 4 -8 -18 -4 -2 1 -5 
-2 2 10 -2 -3 -1 -1 1 
-1 1 -9 1 3 2 1 -4 
0 17 21 5 3 2 2 11 
12 -4 3 10 7 0 2 10 
6 -4 -13 -24 -14 -4 -3 8 
-12 -16 -26 -3 -1 -1 2 -21 
-6 -2 -16 -9 -9 -7 -14 -9 
5 -1 5 1 0 -1 0 12 
-2 8 9 6 0 -1 -2 -13 
7 -1 6 7 1 1 0 10 
2 -12 0 -1 2 4 12 16 
17 -18 -58 -6 5 3 -3 -12 
-21 -8 20 -2 -4 -4 -3 11 
-1 -12 -7 -5 -9 -7 -7 -33 
-2 8 24 5 0 0 -1 17 
-5 -14 -13 -3 -3 -1 2 1 
-1 3 21 3 1 -1 -2 -13 
-1 11 30 3 5 5 4 20 
2 -16 -41 -1 -1 0 2 7 
-4 -20 22 -8 -6 -7 -4 -19 
1 3 -50 -9 -4 2 -1 -13 
-11 1 13 -5 -4 -8 -1 -2 
1 -5 0 -8 -6 -5 -9 -14 
-20 14 23 5 -2 -2 -2 -2 
-3 -2 22 7 4 3 2 9 
9 4 -14 10 6 4 0 -7 
7 -13 -34 -13 -9 -1 6 27 
-10 19 20 8 4 4 -2 -16 
8 20 -12 -2 2 -2 -4 -5 
-4 -12 1 8 1 0 -3 -4 
-2 14 14 2 2 -2 -3 -1 
4 -2 6 6 1 0 4 29 
-14 -6 -16 -2 -1 -1 2 -29 
17 5 33 6 2 -3 -3 62 
-16 -51 -74 -13 -4 -5 -9 -80 
6 14 16 -4 -5 1 3 -6 
-2 -13 -6 5 1 -3 -1 -2 
28 -1 8 -3 -1 0 -3 18 
-33 26 29 12 5 6 3 16 
-6 -9 -22 -9 -5 -6 -9 -18 
-5 -12 11 1 -1 -5 -2 -2 
-14 -6 -10 -7 -3 -4 -2 -16 
12 11 11 2 3 2 2 10 
6 7 1 2 -2 -1 -2 -4 
2 6 12 3 -1 2 3 20 
1 -3 -21 -14 -2 4 2 -6 
10 13 11 2 -1 -5 3 17 
-7 8 10 2 0 0 -6 -41 
3 -14 10 -8 -4 -4 -4 -9 
-10 -18 -22 -5 -4 -6 -7 -19 
11 8 39 2 0 1 4 20 
-6 -5 -4 -4 -2 0 2 23 
8 -1 -12 0 -5 -4 -2 4 
-1 26 11 14 9 2 2 -15 
-9 -14 -18 -19 -13 -6 -8 2 
6 -12 -1 -2 -2 1 4 9 
-2 4 -3 0 -3 -5 -3 14 
-12 -5 0 -1 0 -1 0 -15 
21 6 1 4 3 -3 -5 1 
-14 -9 -4 -2 0 0 -1 -9 
2 36 12 6 3 3 5 7 
0 -1 8 -5 -7 -4 -2 21 
-9 -16 -28 -5 6 1 -4 -49 
-1 -6 -16 -5 -3 -5 -5 4 
1 -12 5 0 -1 0 1 28 
-11 2 8 -4 -5 -7 -9 -38 
4 25 -1 3 0 1 2 15 
11 5 10 4 3 -1 3 36 
-17 -28 -15 -3 -1 -6 -14 -68 
2 28 17 11 2 6 3 10 
8 -17 -1 -5 -5 -6 -1 1 
-27 20 -37 -3 -3 0 2 4 
1 -13 17 1 1 0 2 9 
-5 -3 2 -3 -1 1 -2 6 
1 1 19 11 7 -4 0 -13 
21 5 3 0 -7 2 2 3 
-23 -12 -18 -14 -9 -7 -11 -19 
-6 -7 -10 -6 -3 -2 -3 -8 
5 3 9 4 0 2 1 17 
-20 -1 22 4 1 -3 -6 -14 
4 -1 -5 2 3 2 6 5 
3 -4 -18 -7 -4 -1 0 4 
-10 -10 -7 -4 -3 -2 -5 -18 
3 -10 2 -8 -8 -8 -5 -6 
1 -4 -6 -1 -1 0 0 16 
-7 2 -1 -1 -3 -5 -2 -23 
7 12 13 13 4 6 6 17 
2 -25 -18 -8 1 -4 -6 -14 
4 6 10 0 -6 -4 -2 8 
-5 -24 -28 -10 -1 -2 0 -2 
-7 -1 1 0 -3 1 0 21 
10 9 -2 6 4 1 0 -4 
-10 6 5 -5 0 -1 -3 -23 
2 -15 4 -14 -5 0 6 5 
-7 1 -11 -2 1 -4 -9 -9 
-1 -3 -3 0 -4 -2 0 7 
6 4 8 1 -3 0 -1 5 
13 0 -9 7 2 -1 -3 6 
-19 1 11 7 -1 2 2 -29 
-1 6 -18 -3 -2 -2 7 23 
19 -13 -10 8 6 0 -1 6 
-38 -3 0 -13 -11 -5 -7 10 
28 -2 7 3 -1 -1 0 -5 
8 13 22 2 -1 1 2 13 
-11 -5 -27 -5 0 -4 -8 -44 
7 -6 -15 -6 -6 -4 1 13 
-14 4 -9 -9 -3 -3 -4 -6 
13 -14 15 -4 -6 -2 3 23 
-1 9 -3 2 2 0 1 4 
5 0 5 7 -2 -3 -3 9 
-10 0 2 -5 -3 -3 -4 -20 
1 10 4 4 3 0 -1 -9 
5 23 43 2 4 6 9 20 
3 -2 -45 -5 5 3 -3 2 
2 -25 2 -4 -6 -6 -5 -15 
-22 10 -1 -9 -8 -9 -7 -14 
-9 -26 -28 -10 -3 0 -1 -16 
-2 8 12 7 4 3 4 -4 
7 -3 -5 0 0 1 -2 14 
10 1 0 4 3 0 0 2 
15 28 24 14 2 -1 -2 19 
-43 -46 -55 -25 -14 -4 0 -36 
0 2 -11 -3 -3 -2 -3 2 
-9 -4 11 -8 -1 -4 -10 -34 
4 23 0 0 -3 -3 -1 15 
11 11 27 11 6 0 -3 -9 
4 1 14 4 2 1 3 21 
-3 -12 -22 -4 -1 2 0 -2 
-5 6 -25 1 -1 -2 0 -4 
12 7 15 3 3 1 1 7 
-4 9 7 -3 -5 -1 2 18 
-9 1 -13 -2 2 2 -4 -20 
12 -23 -9 0 -4 -1 -2 -18 
-7 -9 -5 0 -1 -8 -2 0 
2 3 -4 -4 -2 -1 0 -3 
-2 11 4 4 1 1 2 16 
7 0 23 -1 -2 1 2 17 
0 13 0 3 2 -3 -3 -26 
6 -10 5 -3 -2 -2 1 20 
7 -2 -25 -3 1 2 6 15 
-5 -11 0 -13 -6 -1 0 -3 
1 -7 21 9 7 0 -9 -1 
-14 -1 -8 -1 -1 -4 -5 -31 
2 2 14 6 0 -5 -6 -12 
-5 -6 -32 -5 1 2 5 7 
9 0 0 4 5 5 6 29 
2 12 41 5 -2 1 -2 -28 
0 -10 -23 -11 -6 -4 2 -4 
-11 15 17 5 7 0 -1 8 
7 2 -5 -2 -3 -2 -2 -4 
-2 4 5 10 4 2 0 6 
13 15 28 5 2 3 0 6 
-6 -14 -16 -10 -8 -6 -6 3 
11 -8 6 -6 -6 -5 -1 -5 
-39 -31 -49 -12 -5 -3 -2 -2 
-1 -3 5 -3 -2 -1 -5 12 
4 -1 6 1 1 -1 -3 -28 
7 4 -9 -1 -2 1 -2 -14 
8 7 58 0 0 -1 3 15 
-7 -14 -45 -6 -2 -2 -2 -2 
0 -4 17 -3 -5 -2 0 36 
1 2 8 1 -5 -1 0 -12 
-6 13 -32 -6 -4 -4 -4 -9 
-8 -28 -1 -5 -1 -4 -8 -35 
-2 5 12 3 -3 -4 -7 -9 
0 22 -5 3 -3 -3 2 10 
-6 -14 -13 -3 -2 -2 -2 3 
-6 3 3 5 0 1 4 21 
-1 -4 -20 -16 -5 -2 -2 -27 
-17 -7 13 -2 -4 -3 -4 -1 
7 -18 19 7 2 -5 -2 10 
5 13 24 -8 -8 -1 -1 -1 
-2 -7 -29 8 6 4 3 1 
-4 -10 -18 -7 -3 1 3 5 
19 20 21 2 5 3 2 -3 
-2 -14 -16 -3 -1 -3 0 -6 
-16 -6 -8 -3 -3 -2 -3 1 
-2 -6 -12 -6 -1 -3 -3 -18 
2 -15 -8 -3 -5 -1 2 4 
27 21 18 6 8 4 2 12 
-16 5 15 9 0 4 7 -6 
-6 -6 -14 1 3 0 -2 5 
-7 -7 -10 -12 -9 -4 -1 0 
-3 -7 5 -8 -7 -7 -8 6 
-13 -9 20 10 2 -2 -5 -9 
6 18 20 6 2 2 3 -2 
2 -7 -39 -5 0 1 2 28 
-4 -4 -12 -2 2 -3 2 -24 
0 -8 1 -19 -11 -1 2 15 
-4 -10 -1 4 0 -1 -6 -26 
4 14 22 1 1 -1 0 -1 
-3 1 -15 7 2 0 1 6 
21 -5 19 6 4 0 1 9 
-27 -10 -10 -2 0 -1 -4 -14 
3 1 -14 -4 -9 -2 -2 -1 
-8 1 -17 -1 -2 -5 -6 -17 
11 5 -3 -2 0 -3 0 0 
1 -2 -13 -7 -6 -3 -1 6 
