#EMG
#8
#ID:8-14
13 5 36 16 0 -2 1 33 
-1 12 -28 -3 -1 3 1 29 
10 -2 32 0 3 3 0 -40 
-12 -34 -67 -25 -6 -3 0 3 
-9 5 4 0 -3 -3 -3 -12 
-12 -3 -5 -3 1 -2 -5 5 
27 2 12 8 0 0 1 21 
-1 6 29 27 3 0 -6 -2 
15 -15 -30 -22 -9 -4 1 7 
-20 4 -3 -12 -1 2 0 -5 
-5 -9 11 13 1 1 0 3 
-13 -42 -32 -3 -1 -8 -7 -26 
-2 6 7 -11 -2 -3 -3 13 
11 -16 13 14 0 1 7 20 
-18 8 -17 -12 -4 -4 -9 -37 
26 -6 -29 -10 0 0 2 19 
-5 -13 -30 -13 -8 -6 -2 31 
-30 -7 28 10 -6 -8 -16 -77 
-1 0 3 7 2 1 10 15 
-2 7 14 -14 -1 2 1 3 
-5 -25 -16 -1 -3 -6 0 -4 
11 16 0 1 0 2 -4 5 
-1 2 2 5 -4 -5 -2 5 
5 14 -6 -5 1 4 2 7 
31 21 30 -10 0 2 3 -8 
-44 -16 -41 6 -3 -4 -11 2 
-10 -17 -29 -30 -5 -5 -7 -28 
6 9 37 4 -5 -5 -2 -1 
-2 0 6 10 4 4 0 -2 
26 10 12 -13 0 1 4 5 
-19 -3 -43 -19 -8 -4 -2 5 
-6 -22 -12 18 -2 1 -10 1 
11 15 50 11 4 2 13 13 
-13 -29 -6 -2 -1 -1 -2 -8 
10 5 30 2 2 1 -1 23 
-3 -5 -19 -6 -6 -4 -6 -13 
1 18 12 10 5 2 -6 17 
10 1 -14 -21 2 6 8 -22 
-1 -6 -1 4 -3 -1 -3 11 
6 -7 -12 3 -3 -3 1 -21 
-18 -19 -24 -3 -1 -3 -2 -18 
8 31 16 -30 -2 -6 -4 22 
4 -29 -19 6 0 -2 0 0 
-20 10 -3 0 -1 -3 0 -3 
-13 -8 -6 -7 2 0 2 -1 
14 -10 12 -10 -5 -2 -5 -9 
-12 7 -20 14 -3 1 2 4 
17 6 -2 11 3 -1 18 27 
-11 -1 -20 -7 -5 -6 -29 -31 
8 32 13 10 4 1 13 7 
16 20 23 5 -2 -2 4 31 
-32 11 30 7 5 0 -22 -50 
23 -27 -30 2 -6 0 33 32 
14 -6 -13 5 -2 -2 -10 -3 
-20 -14 -18 -7 -4 -7 -4 -2 
10 5 12 7 1 4 4 -5 
-16 -18 7 -6 -2 -2 -8 -4 
-18 -26 6 -2 3 1 -10 -18 
10 15 -16 7 -2 -3 23 2 
7 -43 -42 -17 -5 -3 -11 4 
-25 -11 49 18 0 0 4 -17 
17 30 -27 -7 -5 -2 2 18 
1 21 7 -13 -2 0 -11 -12 
2 5 28 -2 -1 -2 -19 -3 
15 28 -1 -10 -1 2 28 26 
-14 -20 -25 29 5 3 1 8 
-18 -4 11 -5 1 -4 -30 -44 
40 19 -8 -5 -1 -1 28 13 
-7 4 -12 1 -1 -1 -17 -31 
18 6 44 27 9 5 12 11 
-35 -6 -47 -36 -6 0 -12 -11 
21 3 27 0 -3 -1 23 44 
-48 -23 -26 -19 -2 -4 -9 -34 
15 47 -13 2 -5 -6 -7 3 
17 7 18 16 11 8 11 7 
7 9 4 -6 -2 0 -4 3 
16 34 17 -1 -3 -1 -26 -10 
-35 5 17 13 0 -2 -12 1 
-12 -64 -8 17 1 -2 22 16 
3 23 -1 -5 -3 -4 -4 -19 
-25 4 0 -6 0 -1 -3 -31 
9 2 -9 -22 -4 -3 -20 -5 
8 13 20 2 -5 -4 2 20 
-33 -19 -9 17 0 -2 10 18 
13 -6 1 -11 1 -2 -3 -12 
-21 -3 -34 -1 -4 -2 -21 -26 
21 23 22 -5 -1 -5 -31 -17 
-6 -46 -10 -7 -6 0 63 16 
6 17 -32 -10 -1 -2 -15 17 
16 -15 13 6 -7 -5 -19 3 
6 4 32 0 0 3 34 7 
-5 9 -8 7 2 -5 -32 25 
-5 1 -12 12 4 4 2 -49 
19 -35 5 -17 -3 0 6 -5 
-2 -3 -12 -10 -4 -5 -14 -1 
-1 -5 -10 -12 -11 -10 -30 -2 
-34 -29 13 22 2 2 25 13 
-2 -3 -3 2 -1 -1 31 38 
30 22 5 -7 -4 -7 -46 -54 
-31 22 -35 -19 2 5 -3 -32 
30 -7 10 13 4 5 8 43 
-7 -8 29 -14 -7 -2 -1 -1 
31 10 -7 0 1 2 12 39 
0 -2 -2 7 4 1 -9 -40 
-1 30 18 -3 -5 -5 -32 -28 
-35 -19 -17 -15 -3 -4 13 4 
-20 -58 0 9 5 12 19 -4 
13 7 -2 -4 -1 -3 -22 11 
17 11 15 12 5 2 7 20 
8 5 14 -11 -12 -7 1 -6 
-28 -14 -8 1 -5 -3 6 -11 
5 9 29 -1 1 4 9 13 
15 1 -67 -30 0 1 5 38 
-31 -23 -9 -1 1 -1 -3 -67 
13 46 44 0 12 10 -3 18 
-9 -45 6 33 -5 -5 3 -8 
22 43 26 11 2 -2 2 22 
-5 -15 -23 -43 -5 -3 -8 13 
6 40 -21 21 3 -2 -11 -32 
0 -8 18 -16 4 8 30 26 
-38 -35 -24 12 -4 -4 -19 -34 
18 -18 -23 0 1 -2 5 4 
-20 -7 15 -6 -8 -5 10 21 
15 -16 49 -2 -2 -2 2 5 
2 9 -13 -2 -2 0 -14 23 
17 19 55 14 2 -1 -10 -49 
-17 -6 -34 -46 6 1 -1 0 
-17 -2 -16 36 -15 -6 -13 -20 
-18 -42 12 4 -1 1 18 -2 
-23 6 -27 -19 -8 -10 -20 19 
-2 -8 -2 0 6 -1 -1 -3 
33 35 11 -30 -6 1 -6 41 
-17 -4 4 6 -1 -4 -11 -74 
9 20 -8 30 13 7 20 36 
-11 7 -2 -27 -15 -5 -4 -20 
-15 -43 -105 -29 -11 -10 -10 -11 
12 3 6 29 7 3 0 25 
8 31 19 -15 5 5 4 -11 
8 28 15 40 0 -8 -17 12 
7 20 17 -13 3 7 19 12 
-14 -12 -16 -18 1 0 -2 -26 
-24 -21 -18 29 -2 -7 -23 -11 
16 -22 -9 -2 -3 2 7 31 
9 32 19 29 6 0 -17 -10 
19 -6 -3 -38 -3 2 13 18 
-10 -40 -58 -8 -17 -3 7 -4 
10 17 11 5 -7 -6 2 2 
-38 -14 -4 -2 3 -8 -27 -37 
-14 -32 23 0 5 1 14 9 
22 -5 21 50 10 -1 1 26 
3 -30 -41 -18 -10 -3 0 18 
-11 33 -6 -21 -6 1 -18 -71 
7 61 17 -7 -4 -2 -11 -1 
4 -21 -4 -15 0 0 23 -5 
-12 -12 -37 -22 -12 -8 11 17 
0 -16 46 24 15 5 2 48 
-16 5 21 9 -4 -2 5 -17 
13 11 -13 -30 0 2 -5 -9 
-21 -8 18 26 1 -3 -21 -25 
24 -3 -34 4 -5 -4 3 38 
24 7 -11 4 3 2 -18 17 
-32 -57 7 -5 4 2 17 -38 
-14 -33 -27 -20 5 6 12 12 
-5 8 12 16 -16 -10 -11 -13 
2 -19 -19 -2 0 -2 5 -18 
24 39 13 27 4 6 -25 11 
-38 -13 -27 -11 -3 -5 69 6 
5 -16 3 -16 7 0 -33 -17 
26 -3 15 -13 -6 1 -10 30 
12 10 9 0 2 1 -24 46 
-10 7 46 19 3 -1 -26 -83 
-22 21 3 -20 -4 -2 33 38 
-43 -10 4 20 2 -7 -65 -83 
-3 15 7 -35 -8 2 97 45 
6 4 3 43 3 -5 -46 33 
23 -11 -18 -30 -1 -1 6 -8 
20 18 -23 -11 -2 -4 -11 5 
-23 -12 26 -4 -6 -4 -33 -18 
2 10 3 -9 4 7 -20 -14 
6 25 -20 21 8 4 50 -6 
-6 -10 9 -24 -4 0 7 44 
10 -12 -15 25 7 -2 -24 -42 
35 -28 -41 -29 -10 5 28 53 
-38 27 23 37 -1 -5 -24 -46 
-2 -10 16 -27 -2 2 15 0 
-16 -27 -34 -3 -10 -11 -12 1 
26 0 7 7 2 0 -10 -7 
-10 -12 1 -29 9 3 -19 11 
-47 -29 -2 27 -8 -1 33 -15 
-34 -3 -23 -6 -2 -2 -22 -67 
78 7 26 -1 -6 -11 0 67 
8 -13 -28 10 7 1 10 -8 
-6 -24 0 14 -11 -5 2 20 
13 7 -14 -23 1 -2 -19 11 
-7 19 18 -11 0 5 7 -45 
-32 -20 -10 25 -3 -3 0 1 
3 11 -7 0 2 1 17 31 
-15 5 -12 14 8 5 -3 -37 
0 7 12 16 4 -10 -9 -13 
32 36 -6 -45 -25 3 2 7 
8 -10 -19 -7 4 -5 1 21 
-22 2 59 18 5 2 -62 -23 
-21 -14 -28 -36 -12 1 71 -4 
-38 -2 38 57 7 0 -11 -41 
25 1 -32 -50 -2 1 8 36 
20 12 -11 -5 -18 -10 -4 36 
-15 2 -23 6 3 -2 -21 -43 
20 -30 -9 -8 10 2 -9 23 
-30 9 13 11 -5 -2 7 -39 
-7 -10 45 -44 -9 -1 12 14 
14 1 13 24 0 -1 -4 53 
12 -32 11 -44 1 13 67 34 
1 28 -9 53 5 -9 -19 -10 
64 -7 20 -17 2 4 3 20 
-88 -22 -5 33 -2 -3 -19 -36 
28 28 24 -3 -2 -10 -23 -10 
13 -12 -32 3 0 2 5 -1 
5 27 22 18 3 2 15 14 
8 18 -15 -14 -1 2 -42 16 
3 -7 15 9 3 0 -9 -3 
-36 -32 -29 -45 -18 -7 -25 -50 
20 -15 -29 25 1 1 29 34 
-13 -2 16 -10 1 -3 -63 -50 
-23 22 15 28 6 0 -22 54 
17 0 -8 -44 -9 2 68 -62 
-42 -33 27 72 1 -9 -21 -31 
16 -11 -46 -53 -2 2 -7 -10 
13 0 13 -34 -7 -3 18 42 
-12 -2 17 -1 5 -5 -85 -17 
91 25 -40 -11 -1 5 53 74 
-57 -7 20 29 -1 -3 30 -62 
9 28 -10 -31 -5 -9 -15 7 
-23 34 30 17 4 -2 -50 -67 
18 -19 -55 -12 -6 -8 -36 -24 
8 -5 27 -6 -7 7 79 108 
56 -6 -4 2 4 -2 -28 -13 
-28 19 -13 -15 4 5 35 31 
-30 -28 37 -20 -3 -4 -33 -38 
17 3 -29 -3 -7 -14 -39 -25 
3 -18 -19 28 -4 -6 35 5 
33 6 17 -23 0 6 47 40 
-48 10 -2 -11 -1 -6 -19 -19 
2 -16 20 -8 3 2 3 12 
-16 -15 -34 -5 -6 1 27 -25 
18 -5 3 43 5 3 -2 38 
-8 -36 -19 -50 -10 1 -1 -8 
8 16 17 12 2 -4 23 16 
-16 -15 -3 4 -2 2 -39 -25 
18 24 -8 -1 3 -8 6 -1 
-27 -2 8 -6 -4 2 33 17 
4 3 38 25 2 3 -31 -5 
-13 21 29 11 23 12 -3 -40 
7 -7 -19 -5 -10 -3 13 21 
10 43 45 9 4 0 -7 0 
7 -21 -58 2 10 0 -4 2 
-14 3 30 -2 -9 7 6 -13 
8 -17 -7 -16 -8 -5 -6 49 
-14 17 -17 29 16 1 -13 -51 
1 -14 5 -30 -9 -6 5 10 
-15 -18 -35 4 -2 -4 -9 -51 
19 -6 42 4 1 2 -7 21 
-15 9 -44 13 -5 -3 3 -4 
9 -14 -17 8 3 7 14 21 
8 10 -2 5 0 -7 -2 22 
-20 -28 12 -42 -4 -8 -11 -31 
-6 25 49 34 -5 -5 -25 -58 
-6 -16 -54 -22 -8 -5 -12 -20 
2 43 13 -6 -3 -3 -7 24 
10 4 -11 28 2 7 13 14 
-10 -15 -18 -1 1 -2 20 34 
27 15 22 -19 -7 -3 -19 -29 
-18 -35 10 5 0 2 2 9 
-1 13 -9 -3 -12 -6 -8 -14 
28 14 7 12 4 4 17 48 
-41 17 -2 -7 -8 -4 -20 -33 
18 -32 -25 -17 -10 -5 12 57 
0 3 11 18 7 2 3 -26 
-16 -9 -19 -19 -1 0 -13 -9 
-2 13 16 14 -2 -2 1 12 
5 8 -16 -10 -3 -3 -8 -27 
7 -23 9 4 0 -3 3 21 
10 0 -9 -20 -5 1 10 13 
-11 0 23 10 4 -4 -11 -34 
-14 -8 -29 -7 -6 -5 -6 11 
7 12 4 21 3 3 3 18 
-6 -2 -21 -35 -3 -2 4 -9 
13 10 15 10 5 5 8 58 
8 1 -8 -14 -2 -2 -10 -70 
-4 -12 -15 -3 -5 -4 -7 15 
11 -2 17 1 1 -2 3 -8 
0 -6 -18 1 -2 0 -1 -11 
-3 -15 12 10 3 4 -1 19 
-8 28 6 -10 6 0 -13 -41 
-13 -15 -25 -5 -3 -2 6 9 
13 -1 10 -1 2 3 1 2 
-10 7 -24 -2 -7 -1 1 -14 
1 2 0 -8 -10 -12 -8 60 
-28 -10 7 0 -3 -2 -10 -52 
-12 4 -2 8 4 -1 -1 -32 
-20 10 15 0 -1 -4 0 -6 
-1 4 -11 -3 0 0 -1 -8 
4 3 -5 -3 1 0 7 27 
6 -9 -2 0 -6 -1 7 16 
-3 0 7 5 1 -1 -11 2 
-8 -17 -18 -5 -4 -4 -13 -66 
12 23 20 10 4 0 4 22 
-12 -3 4 6 6 5 4 -16 
-14 -3 5 -10 -1 2 8 45 
20 -4 4 0 -2 -4 -3 -7 
13 -18 -59 -10 -14 -11 -6 12 
0 -2 18 -2 -7 -5 -2 18 
-6 9 -8 -11 -4 -5 -5 -24 
-25 10 15 10 6 3 -1 -15 
14 -3 0 -5 -2 1 3 11 
3 5 -10 1 4 1 -1 6 
6 3 4 4 16 9 2 23 
27 -16 -14 13 -18 -9 3 9 
-39 -6 -34 -25 -4 -4 -5 -57 
17 -13 9 -8 -5 -5 -3 7 
-5 -11 -6 1 -3 -3 -4 -26 
-6 -2 3 2 3 5 2 13 
8 16 11 9 2 2 2 14 
-2 10 -12 -4 -2 -2 -4 -4 
-5 -2 -3 1 -3 -3 -2 -30 
-2 11 22 5 7 6 6 51 
-26 -45 -60 -5 -6 -8 -12 3 
-2 4 35 -10 4 1 -11 -31 
6 1 -18 -21 -13 -4 13 21 
4 -10 9 12 1 -6 -5 -7 
0 3 6 4 1 1 2 8 
-22 -13 -10 -2 -2 -1 -1 -14 
15 1 -17 12 2 1 -4 19 
14 -6 -17 -5 1 0 -1 -22 
-24 14 51 -1 3 3 6 -4 
8 -15 -48 8 9 4 3 14 
-5 1 29 -15 -10 -7 -5 12 
-3 1 -10 -6 -1 1 1 -21 
5 -4 14 13 1 0 -5 -2 
4 2 -4 -9 3 1 5 9 
-20 -16 -9 21 -7 -5 -10 14 
-10 -8 0 -3 -2 -4 -14 -55 
35 19 -7 -23 -4 -3 11 26 
-49 4 6 -7 -8 -6 -3 -6 
-11 13 1 -5 5 -3 -1 -14 
-8 -24 -42 -5 1 6 -2 17 
16 17 50 19 1 3 2 -4 
3 3 -5 -6 -2 -3 -1 -22 
6 -13 -10 -1 -6 -7 -10 9 
-6 16 7 11 0 0 8 27 
-4 -11 -9 -21 -2 1 -10 -28 
-3 -2 8 17 2 -2 2 18 
4 14 22 -3 -3 -3 -4 -29 
-15 7 -35 -15 -3 -6 -6 -18 
-1 -13 -1 0 -4 -2 -1 26 
15 23 35 1 -3 0 0 -1 
2 -19 -5 10 7 3 2 -15 
14 13 13 -31 -5 4 9 22 
-30 -37 -3 -7 -3 -5 -21 -25 
-12 -12 -36 -9 -17 -9 4 -3 
-5 -13 -1 -2 4 1 -2 -11 
21 12 1 11 -1 -5 -4 17 
10 -5 -1 6 3 2 0 7 
12 4 6 1 -2 -1 -10 -19 
1 2 -12 -2 2 1 7 15 
-11 -21 0 -7 -1 -5 -2 35 
0 11 19 8 -4 2 2 -48 
10 -7 -18 5 -1 -4 -9 -17 
-11 6 -6 -10 -3 -3 2 2 
-8 -2 8 4 0 -1 -4 -8 
7 19 5 0 2 -1 9 31 
-1 -17 -28 -12 -2 2 3 18 
23 -10 -3 -4 -6 -3 -9 -14 
-6 21 32 5 5 5 6 12 
-2 -13 -26 -2 -4 -4 2 5 
9 -4 14 0 -1 0 -1 -8 
1 -5 -8 5 2 0 1 14 
4 3 30 -2 -4 -2 -1 -11 
-8 -5 -29 2 -2 -3 -3 -16 
9 -3 21 -1 -1 -2 -1 -1 
10 5 -1 -3 -2 -3 -4 -17 
-7 -1 -7 0 -4 1 4 17 
6 4 12 10 4 0 2 40 
18 11 -1 -6 7 -2 1 -9 
-16 -15 -12 1 -9 3 3 -5 
15 1 0 -1 3 2 0 9 
0 23 25 -5 -7 -1 -8 -18 
-26 -29 0 21 -2 -4 -10 -22 
-17 35 8 6 0 -5 -5 -3 
-1 -29 -12 -3 -3 -2 -1 -16 
-9 -2 -17 -12 -3 -1 2 -4 
8 21 32 10 1 2 4 50 
8 -13 6 0 0 1 1 -16 
-1 -13 -12 11 1 -3 -7 -6 
25 5 2 -11 1 1 4 40 
-49 -9 -22 -16 -7 -5 -4 -37 
-6 -4 -6 -7 -2 -3 -4 -34 
-3 12 2 0 1 -1 -4 -16 
5 0 8 -3 -2 -1 2 1 
10 2 -11 -4 -5 2 -1 17 
7 1 -5 8 1 -5 -2 8 
-20 -20 8 -14 -6 -5 -3 -3 
-3 4 5 31 11 2 -5 -16 
6 0 -1 -30 -11 -3 0 30 
4 -2 -3 12 -5 -5 -6 -31 
9 9 1 -4 -1 1 0 -9 
-7 -7 1 2 4 2 7 -2 
8 14 12 8 5 -7 -3 7 
-11 -25 -15 -15 -2 3 2 69 
-15 2 -32 1 -9 -4 -3 -33 
-6 6 -15 -14 -6 -5 -7 -60 
-2 -25 -30 -1 -1 1 1 2 
23 8 10 -9 -2 -2 -5 3 
-14 9 8 9 5 5 4 17 
-2 3 17 0 -4 -1 -1 25 
27 13 -30 9 6 0 -4 -18 
-3 4 16 -11 -4 4 17 26 
-11 -14 -28 -3 -10 -9 -13 1 
-9 -24 -18 -5 -3 -5 -10 -45 
4 8 33 5 -2 -6 -3 1 
-3 1 -7 0 4 -1 -3 -12 
8 20 7 -12 -2 0 4 11 
-7 11 11 11 3 4 6 12 
8 1 36 5 3 4 5 28 
3 5 -57 -1 -1 -2 4 35 
-9 -17 15 -9 -5 -7 -11 -41 
-9 -8 -2 2 -5 -3 -4 -30 
-9 -6 3 -5 -1 -1 -3 -22 
7 11 7 6 -2 0 -3 -5 
-3 4 15 13 8 1 1 10 
24 3 4 7 3 7 4 23 
-14 -10 -41 -34 -12 -5 3 7 
-6 -28 8 0 -4 -8 -12 -40 
-21 -31 -25 -1 -3 -3 4 14 
-3 5 8 -3 -1 -1 -4 -7 
15 9 14 11 9 3 6 10 
-31 0 11 11 -3 -3 -6 -23 
24 -8 -3 -4 2 2 -10 18 
-18 -9 -11 -6 -3 -1 13 16 
1 0 -5 5 3 3 0 2 
9 9 12 -11 -2 2 0 -6 
11 16 26 20 11 6 6 -5 
-3 -16 -58 -19 -8 -11 -12 21 
-27 -26 -41 -16 -11 3 -1 10 
9 -1 4 -15 -5 -13 -10 -51 
-10 3 11 -2 -3 -2 -3 -11 
10 4 1 -2 4 2 1 -12 
-4 6 17 7 3 -1 0 12 
-3 0 -8 7 6 6 1 10 
11 2 3 -8 -1 0 4 13 
13 6 33 20 11 4 3 60 
-38 -37 -6 -26 -19 -6 -11 -106 
-53 4 -5 2 -9 -6 -14 -12 
5 -12 -7 -8 -8 -12 6 15 
14 3 23 14 -1 -2 -3 -1 
14 19 10 10 6 3 6 23 
18 24 0 -10 3 5 4 11 
-4 -7 16 13 5 5 1 -2 
-20 -1 -37 -14 -4 -1 3 16 
23 -1 20 -1 0 0 -5 -55 
-25 -6 0 1 -5 -2 -4 -18 
30 -1 -13 1 -6 -6 -9 17 
1 -7 4 -6 3 -2 6 1 
6 -2 -4 4 -7 -1 0 24 
22 -2 33 9 7 4 2 10 
-2 18 -20 -10 -4 2 0 -2 
-26 -17 -1 -6 -2 0 -2 10 
5 -16 -2 -10 0 -5 -9 -44 
-14 -3 -35 10 -4 -5 -4 -10 
-4 -34 14 -16 -7 -5 -5 -6 
-12 -17 -11 -11 -11 -7 -4 12 
12 22 -3 13 5 1 0 9 
19 -7 -3 -11 -2 -1 2 -5 
12 11 -8 1 6 2 2 27 
-16 -7 14 9 -5 -2 -7 -35 
-8 14 -2 -9 -3 -2 0 39 
13 -13 7 -19 -1 -1 -1 -39 
-17 16 -8 -3 -2 -4 -6 -3 
16 21 14 0 -2 4 7 3 
14 6 16 19 10 1 3 22 
-14 13 -16 -9 -3 2 4 25 
-1 -15 -34 19 -5 -5 -6 -20 
-9 -6 29 -8 -4 -2 -7 19 
4 13 2 7 2 0 4 -34 
-7 10 -4 -3 3 -1 -10 5 
2 8 1 -5 3 3 16 -2 
14 -9 15 11 -1 1 0 7 
-6 4 -25 -9 -4 -1 -1 4 
4 12 6 1 1 -2 1 13 
-2 -2 8 -3 1 3 -3 -4 
7 -9 -27 -3 0 -4 -2 2 
-5 8 18 14 5 1 0 12 
15 0 0 -3 -1 2 1 14 
-40 -4 -2 -7 -5 -4 -5 -23 
16 7 -13 -7 -3 -2 -1 14 
-31 -9 -1 7 -3 -4 -7 -38 
0 -8 -6 -4 2 3 11 44 
-2 2 -12 8 0 -1 -7 -19 
-18 9 31 -1 -3 0 -3 -74 
10 -9 -6 -6 -8 -7 -10 33 
-18 -5 1 13 1 -2 -1 -17 
21 4 12 -12 1 2 6 19 
10 -4 -21 -17 -6 -3 -8 -7 
-7 1 1 13 3 3 3 15 
-40 -10 -12 -2 0 0 1 -15 
10 -16 -3 4 -5 -4 -3 -1 
8 27 12 10 3 0 -2 9 
-1 4 -4 -6 1 -1 5 15 
6 8 -2 -7 -1 -3 -4 -15 
-19 -14 -4 -3 1 1 1 -5 
2 -18 -14 -2 -5 -5 -7 -29 
14 6 4 -2 -1 -1 4 31 
9 -9 -11 3 2 5 6 12 
-5 26 16 -7 -3 -5 -15 -66 
-12 10 -20 -2 -1 -4 4 71 
-13 2 31 0 7 2 -1 -68 
27 -26 -24 -4 -15 -3 -7 11 
9 11 31 1 1 1 12 29 
-17 -10 -45 -7 0 -3 -6 -6 
-8 -5 -1 11 0 -4 -5 -27 
12 -7 -5 -11 -1 -5 -2 38 
-17 -3 2 8 -1 2 1 -23 
-13 8 4 -5 2 3 0 -22 
21 41 19 20 4 2 7 49 
-12 -7 9 -8 -3 0 -2 -18 
31 4 -12 6 0 1 -2 20 
-18 -16 -12 -13 -3 -3 4 -1 
10 -13 -13 -4 -2 1 -3 17 
-4 11 22 1 1 0 -9 -52 
-11 -7 -13 -12 -5 -4 -3 13 
16 -11 -32 -11 -5 -3 2 -4 
-4 -22 -16 -12 -12 -8 -8 8 
-2 -14 -6 4 -3 -4 4 18 
-14 -1 -6 -4 0 -2 -5 -35 
4 7 4 10 8 2 -4 -20 
-25 -18 -11 3 -9 -2 0 10 
37 6 36 -13 0 0 4 16 
-5 7 24 9 6 2 -3 4 
-2 -3 -12 -11 -2 -1 1 2 
11 -5 -54 -10 -13 -11 -15 -12 
-12 10 1 4 2 1 5 4 
-15 2 -11 1 -5 -3 1 -2 
-9 2 40 8 1 0 -2 -3 
8 -5 7 -3 6 1 -1 3 
3 15 -1 10 5 0 -1 3 
21 -3 -21 -4 -7 -3 0 23 
-5 4 4 -7 -2 0 -3 -38 
-4 -12 0 -10 0 2 3 -2 
5 -12 -12 7 -5 -8 -8 -8 
-11 5 28 4 6 4 1 6 
14 -3 -2 14 0 1 3 12 
0 7 0 13 6 5 7 12 
-11 19 3 -14 -4 -3 -8 -8 
-50 -5 17 13 2 2 0 -8 
30 -5 -18 -8 -6 -5 -3 6 
-9 -4 17 -17 -3 -1 -3 -7 
-9 -4 -2 7 2 0 1 7 
39 7 -5 4 -1 -2 2 20 
-30 12 0 -10 -1 2 0 -10 
-14 -9 -15 11 -4 -4 -4 -11 
6 -6 4 -3 -2 -1 -3 -20 
-1 16 -21 -21 -6 -5 -6 12 
5 -20 -14 -10 -3 -2 0 0 
22 5 24 0 4 6 9 31 
-19 21 14 11 2 1 -4 -18 
-12 -37 -46 -15 -10 -9 -8 -21 
7 0 36 8 2 -4 4 26 
-10 -4 18 7 2 4 -2 -30 
10 -11 -34 17 -1 -1 4 36 
-5 4 42 -25 -6 -5 -6 -28 
-10 -28 -26 5 0 3 -1 -13 
9 37 15 -14 -2 -1 4 34 
3 -17 3 12 1 -3 -7 -39 
6 3 -11 17 8 2 5 13 
-3 -6 13 0 -3 -4 -11 -13 
2 -11 -26 -14 -5 -5 0 -13 
-8 12 -31 -14 1 1 1 18 
-24 -8 -1 -7 -1 1 -2 -15 
5 13 8 11 -2 -4 -3 6 
2 -3 -3 -1 1 -3 -1 6 
7 -24 -13 -10 -3 -2 -3 -14 
15 0 3 3 -2 -1 0 33 
-8 2 -7 1 2 3 5 -17 
-9 6 32 8 3 0 -8 -21 
-4 -6 -1 -29 -6 -1 5 14 
16 -10 -14 2 0 0 4 29 
19 59 15 -3 3 5 5 -18 
-16 -1 29 15 -3 -6 -12 -34 
5 -8 7 -11 -3 -1 4 25 
-5 0 -13 -8 -2 -1 1 10 
13 -1 -17 -2 -2 -2 -3 -3 
-23 -14 -10 -10 -10 -5 -4 -23 
-42 -5 -7 7 0 0 -4 -18 
14 2 -15 -14 -2 2 2 0 
3 -8 -5 -1 0 -2 0 21 
4 -14 16 2 2 1 0 -16 
-7 43 16 -3 -6 -6 -4 -1 
-14 -44 -13 22 -1 -2 0 1 
3 10 24 4 0 -1 -4 3 
2 2 -22 -26 -4 3 1 18 
2 8 3 10 5 4 8 8 
