#EMG
#0
#ID:0-1
0 -3 33 13 1 0 -8 -20 
-14 -17 1 1 4 -3 -8 -21 
-29 0 7 4 -9 2 -12 15 
5 -3 -2 6 2 3 4 -9 
5 5 -1 -7 -1 -7 8 16 
11 10 -7 10 0 5 9 24 
2 -19 -1 0 -3 -6 -17 -40 
-8 3 -7 -26 -2 -2 5 -15 
-8 -14 -9 14 6 0 -13 0 
-8 -20 -37 -20 -16 -2 6 -1 
29 45 29 17 8 2 12 18 
-16 5 4 -14 -3 0 -10 0 
-3 -6 13 0 0 -7 -27 -11 
10 -15 27 8 -1 1 18 21 
-1 9 -10 -22 -9 -2 9 16 
10 2 13 -4 1 2 -8 -7 
-3 2 2 -2 -10 -10 -7 6 
-9 18 1 32 9 -1 -12 -12 
7 18 14 -20 9 2 -14 -3 
14 12 -33 -12 1 1 28 29 
-1 -5 -9 13 6 6 16 -15 
-11 -8 15 -3 -5 -4 -11 -2 
15 -4 31 9 2 2 11 11 
-6 5 8 8 1 0 -25 20 
12 -20 1 1 -3 -8 -3 -35 
-1 -1 7 6 -1 2 22 0 
-12 -4 4 -2 2 1 -13 2 
-9 -10 -26 -13 -9 -4 -6 -16 
-6 -3 33 26 0 5 2 9 
25 4 -4 -4 1 -3 -2 -2 
-12 -15 -27 0 0 -1 -4 14 
5 2 -16 -9 0 1 -10 -31 
-16 17 15 9 4 -2 6 9 
-9 -7 -41 -4 -10 -1 -12 -11 
16 2 26 -2 -3 0 9 23 
-4 15 9 12 3 2 18 -8 
8 -4 -6 -32 -1 0 -20 3 
-17 17 4 15 7 3 3 39 
14 20 53 14 5 0 -7 -51 
-19 32 1 1 -1 -2 1 -1 
15 -15 -4 -26 -10 -2 15 28 
-6 -38 -16 -10 -10 -10 -14 -20 
7 9 13 16 7 6 -8 12 
-1 6 -17 -26 -8 -12 4 10 
0 24 9 41 3 3 4 -19 
-14 -8 -53 -21 -1 3 2 -14 
15 -3 -27 -2 -6 -9 -25 4 
-2 -15 23 14 5 0 19 -13 
13 33 18 3 -9 2 2 49 
-13 1 10 19 5 -2 -16 -64 
-3 -8 -47 -34 1 -1 15 5 
10 -11 -7 9 -7 -3 -11 11 
-29 -2 -4 10 11 0 -14 -37 
9 34 50 -17 -8 4 35 16 
-16 -35 -56 -15 -6 -3 2 17 
5 10 25 24 10 -6 -24 -17 
6 -11 -4 -21 -12 -3 9 4 
-12 3 -70 0 -4 -5 -23 -4 
13 15 1 14 -1 2 23 -9 
-8 -6 7 -3 0 5 -12 3 
11 1 -31 -4 -4 -2 13 9 
-17 16 96 23 10 7 -23 -11 
28 -12 -14 -18 -15 -8 27 40 
-10 -1 60 15 3 2 -11 -9 
-11 -16 -45 -42 -3 -4 -6 5 
3 19 40 -3 7 5 12 4 
-8 20 -38 15 0 -4 -36 -8 
-8 -62 -31 -6 -10 -5 19 9 
4 -9 18 -11 -5 6 -4 -32 
8 26 -4 -12 -4 -4 28 16 
26 19 44 5 3 -7 -37 -19 
-18 -15 -35 -11 -2 -2 17 -24 
9 4 -7 13 6 -1 -13 27 
-25 -50 -24 -23 -13 -8 -26 -69 
-1 9 35 19 4 5 41 12 
-6 15 1 -3 -4 -2 -6 5 
0 -11 83 3 -3 -6 -17 -10 
2 -11 -24 3 2 4 13 13 
-9 -15 -12 1 2 5 22 19 
6 25 -17 -36 -9 -9 -15 -1 
-47 -18 -38 15 -2 2 10 -6 
19 -31 9 8 4 -4 -17 -1 
16 9 27 16 6 3 -6 3 
-2 -8 -33 -12 -6 -1 28 33 
-10 -10 26 1 2 -7 -16 -21 
7 0 -29 14 2 4 20 22 
-14 -43 -20 -10 -2 -3 -67 -35 
-14 21 -3 3 0 2 12 15 
31 -8 -22 19 -4 3 38 14 
9 -8 46 -26 -2 -8 -76 3 
-8 28 34 6 2 -1 56 15 
0 -24 -22 20 0 -2 5 -4 
-28 5 11 -27 -8 -3 12 -13 
23 9 -43 -24 -6 3 -3 -38 
-26 -6 -28 -10 0 1 15 7 
13 7 35 10 0 4 -19 -6 
17 0 -25 -9 2 -5 -32 -15 
-8 -22 -11 -14 -2 -4 35 27 
1 22 76 3 -1 -2 -9 14 
-9 -29 -90 -43 -4 -2 -2 -27 
19 -17 3 3 -9 -1 18 22 
-11 6 -4 -15 -3 -7 -11 -25 
-21 -59 -25 -43 -7 -4 20 0 
-6 -18 -26 -9 -5 -5 -13 -20 
12 2 -28 6 5 3 -12 -21 
-14 3 56 18 8 -1 6 11 
-4 6 -22 18 -5 2 5 -1 
6 2 50 -8 -12 -5 -21 -6 
-1 -7 -32 -12 2 -2 -13 5 
-9 -7 11 16 -3 -5 -2 -9 
11 17 2 29 5 -5 0 1 
-7 -8 4 -46 -1 -1 6 4 
-3 -4 18 16 0 -2 -35 -20 
4 10 15 10 0 2 45 27 
-5 9 -23 3 -1 -5 -43 -24 
25 27 29 15 5 0 23 29 
-32 -13 -29 4 5 1 0 -30 
-6 -12 10 -18 -10 -5 -40 -19 
10 -20 -32 -11 -7 -7 -6 17 
1 32 24 28 8 6 4 -57 
-1 -1 11 -16 4 2 0 21 
31 32 -3 18 -2 6 16 33 
2 -13 10 -8 -3 -2 25 -2 
-9 19 42 16 5 -4 -23 7 
16 -4 19 62 13 6 -1 2 
-27 -13 -34 -74 -19 -6 9 12 
-4 -19 -22 0 -11 -2 -6 8 
15 -2 13 42 14 8 -6 -11 
-23 28 59 -5 -6 -7 8 6 
-5 -16 2 5 0 -11 -9 0 
15 -2 -24 13 11 12 13 12 
-2 -5 -49 -17 -7 0 13 10 
-21 -6 30 -29 -9 -13 -17 -38 
3 -9 -56 24 3 0 4 16 
16 15 53 6 6 3 5 -5 
-10 -8 -12 -6 -6 1 -1 23 
23 5 -53 -2 -1 5 25 37 
18 37 75 -17 4 -5 -19 -43 
-25 -4 -14 -32 -13 -4 -33 -55 
2 12 58 42 4 -3 11 25 
3 -26 -35 16 -2 2 4 26 
15 -14 -20 -14 1 5 14 14 
-38 -17 7 -24 -15 -6 -5 -37 
-23 -2 -11 11 9 -2 -22 -42 
44 6 21 -33 -4 -2 -4 18 
-28 -10 -49 21 2 2 0 11 
-8 -27 2 -9 -6 -8 -15 -16 
12 -17 -8 -11 -2 -3 -15 -12 
-6 3 16 21 6 5 15 -5 
21 -14 -75 -16 -5 -7 -15 26 
-21 9 -68 -32 2 5 15 25 
4 8 25 4 3 0 -10 -19 
16 31 -11 11 0 2 -15 -21 
-45 -19 36 7 -4 -10 1 0 
12 -16 -84 9 9 4 -10 22 
21 -2 21 -77 -23 -3 10 29 
-9 25 80 31 -12 -7 -5 -24 
4 32 -2 17 15 -3 5 -33 
-12 -16 -36 17 -2 3 -14 -12 
-8 13 16 15 2 -9 -12 13 
-1 1 -11 -44 -14 -4 8 34 
9 -13 -4 -24 15 6 4 -39 
-4 43 69 -17 -13 -3 -2 35 
33 3 -36 61 -6 -6 -22 -8 
-29 -12 -28 -17 5 -1 23 -11 
5 -24 18 37 -6 -5 1 2 
10 35 20 26 17 7 5 17 
-18 -22 -4 -24 -19 4 2 21 
16 -4 -12 -39 -8 -12 -1 -8 
-11 -26 -54 -18 -9 -3 -5 21 
44 5 36 18 10 -3 -52 -3 
-97 1 -1 -29 3 -1 62 -34 
-15 -45 -42 -28 -8 -4 -16 3 
-4 14 2 19 0 4 3 5 
-1 15 38 2 -10 -7 -16 -21 
14 0 -18 15 6 6 51 32 
-14 -29 -57 -12 6 1 -12 1 
-14 29 -4 40 -4 1 0 -23 
21 23 0 -18 -6 -2 -16 18 
-9 -7 -17 -34 1 -3 -16 -82 
-17 7 14 47 -1 -3 13 17 
18 -9 30 -12 -4 -2 -14 19 
-6 11 63 72 15 5 23 -21 
19 4 -50 30 5 -3 -17 30 
-8 -12 -9 -34 -27 -7 -11 8 
-24 -6 13 42 7 5 6 -43 
27 -11 -55 -46 -5 -4 -7 24 
-18 -1 58 27 -1 -2 19 -11 
33 -1 -15 -16 9 2 -27 36 
-29 10 -24 9 -10 -3 5 -18 
4 -24 -70 -76 -10 1 12 5 
9 -14 23 0 12 4 -10 1 
-10 -13 -13 12 -10 -2 -31 -31 
23 17 -7 -103 -8 5 31 52 
2 -36 29 50 1 -9 3 -51 
-40 -8 32 -20 2 -3 -52 -16 
2 1 23 52 5 -1 4 -38 
15 3 22 -16 -1 3 15 25 
-41 2 37 -25 4 4 48 9 
34 -18 -28 -5 -7 -3 -16 24 
4 21 31 52 13 5 -11 -26 
-24 -14 -10 30 -7 3 -16 -23 
34 34 50 54 14 6 63 45 
-21 7 -74 -114 -17 -9 17 -6 
-49 -7 24 59 4 -10 -80 -37 
30 -29 -81 -6 -11 -3 53 32 
-22 48 33 -3 4 12 28 14 
3 -32 -8 31 5 -2 8 -54 
52 0 -4 -71 -8 -2 -13 16 
-45 36 67 21 0 -7 -14 -13 
16 -42 -21 -22 -4 11 -12 -22 
17 32 -6 33 -4 -18 -6 66 
2 -14 -73 -112 5 11 7 -15 
-4 -30 23 26 -8 -9 -30 -13 
-13 -1 5 -29 -2 0 25 6 
31 29 -1 23 8 8 -16 20 
10 -24 -3 -35 -6 -4 43 26 
59 21 -73 -4 -1 -4 -10 51 
-46 -16 -15 4 -8 -7 -23 -66 
18 0 27 10 -1 0 -31 4 
-21 23 -13 -16 0 1 30 -10 
5 -26 12 -3 1 3 -2 18 
-3 17 -22 18 5 -5 -59 -3 
18 -13 -14 -23 -6 1 11 -7 
-9 7 20 39 9 4 48 42 
-6 -11 -5 -10 1 -1 8 -10 
2 -21 3 -29 -20 -14 -38 -25 
-12 16 14 21 4 4 1 11 
22 -5 6 15 3 7 14 12 
-1 51 18 -2 5 0 -21 -13 
1 6 -28 3 5 -7 38 17 
-4 -32 2 20 0 4 -17 -30 
-20 -16 19 -15 -2 2 7 8 
-13 13 51 -43 -1 -3 6 -22 
19 9 23 55 -10 0 -20 17 
-15 -2 -76 1 -14 -11 14 22 
-13 -3 36 42 9 -9 -12 -43 
6 -24 -10 -72 -26 -4 -15 4 
3 17 -19 32 15 3 7 15 
9 4 27 -18 19 4 -22 -14 
-23 -1 -4 65 -24 -3 46 54 
20 27 20 16 21 9 -2 -39 
-4 -18 -21 -32 -27 -12 -13 8 
-14 -27 -14 29 11 -5 3 -19 
33 20 2 -16 -1 -5 -29 -7 
-39 -6 5 4 9 4 -15 -8 
3 -3 -18 32 -1 1 31 25 
-10 -2 40 -12 1 4 -6 -24 
-6 -24 -28 -11 3 -9 -27 -6 
35 46 22 11 -7 2 0 24 
-38 -49 -6 8 0 -8 -15 -24 
7 9 8 -29 -6 5 -5 14 
-35 20 12 21 15 12 13 11 
41 -37 -61 23 1 -12 13 -17 
-12 0 20 -3 0 7 -18 -7 
-2 -3 -13 -16 2 -5 8 -11 
-16 -18 25 -28 -15 -6 -10 1 
27 7 -16 21 15 1 -6 37 
-35 25 46 -41 9 5 33 -32 
2 -28 3 36 5 1 -12 14 
0 10 18 -20 -20 -5 -3 -25 
7 36 7 2 4 0 2 12 
20 12 -12 -8 8 -2 -3 13 
6 30 54 20 4 6 23 35 
-18 -26 -42 -55 -9 -16 -34 -58 
-17 -12 8 16 -10 6 9 11 
21 27 25 18 7 -2 5 -25 
-29 -19 -59 -29 -14 0 8 -4 
36 4 16 21 6 0 14 46 
-11 8 28 -43 15 0 -15 -8 
-21 -39 -73 -1 -44 -23 -16 -11 
9 1 25 -31 -17 -6 -6 12 
-12 -18 -42 8 11 3 6 -13 
-43 25 44 21 5 3 7 -13 
1 -10 -38 -43 8 5 -7 -30 
0 2 -1 -13 -11 -3 -9 -34 
8 -6 -1 -13 -2 0 -17 -1 
-10 -15 -22 -14 -12 -7 26 26 
8 5 -33 4 0 -3 -34 -40 
-10 -20 11 31 -2 -4 23 29 
1 -1 15 -1 3 4 36 13 
-4 -16 -41 -9 4 -5 -18 -22 
-13 15 15 -21 -14 6 -4 58 
13 -13 -5 26 7 2 -5 -84 
-1 36 4 -10 -2 0 -26 33 
-14 -39 -19 -34 -17 -9 33 -35 
-3 0 -3 23 9 -2 0 3 
4 19 41 9 0 4 -26 43 
-5 14 -39 -6 4 1 17 -62 
29 -24 -3 27 1 0 9 65 
10 -16 27 -18 2 -5 -24 -44 
-2 -11 -11 6 -9 -2 17 14 
12 6 17 -8 2 4 18 21 
1 -10 -51 57 18 4 -20 -5 
-3 -16 41 -54 -30 -8 7 13 
-21 -21 -46 1 1 -3 -5 -3 
21 -8 0 2 0 2 1 10 
-5 29 8 0 0 -2 -20 -31 
-4 3 -1 4 2 2 13 39 
-5 9 12 16 -4 -10 -16 -69 
8 -2 35 6 -2 -1 3 24 
-16 -12 -20 -17 -11 -8 -17 -39 
1 30 33 30 7 6 11 9 
-5 23 -44 -53 -15 -7 9 29 
-1 11 43 34 9 5 6 -1 
14 1 8 -8 -6 -9 -21 4 
5 2 10 40 8 -1 -20 3 
-4 -13 0 22 5 -2 10 5 
-11 -5 -31 -37 -14 5 23 0 
-1 -9 38 39 5 0 -9 20 
-9 13 -4 -25 -6 -4 -5 -18 
-3 -26 -46 -36 -7 -3 -10 11 
13 -15 -14 22 7 2 -5 29 
-14 -2 25 -22 -9 2 10 -17 
21 11 -12 21 15 2 0 12 
9 2 11 -10 1 -1 2 5 
-13 -6 6 27 0 -1 -19 -25 
0 -2 -29 -39 -17 -4 4 29 
-3 -13 -16 9 9 3 -5 -21 
-11 -5 6 -18 -11 -9 -3 -36 
8 12 3 -2 3 -2 -17 -9 
-35 6 22 65 10 9 21 -1 
20 4 -16 -42 -6 -4 21 4 
-19 -2 -2 4 0 4 13 21 
27 8 8 21 3 -1 -10 12 
6 18 -4 24 7 4 1 -15 
3 -7 6 -28 -3 0 -2 -4 
9 15 10 19 -8 -3 -33 11 
-13 -13 -4 -28 -15 -8 35 9 
-3 -3 4 -16 1 2 -8 8 
8 4 2 3 1 0 -1 -7 
-8 -9 36 17 18 -1 -13 -16 
-15 -8 -23 -13 -13 -2 -12 -2 
11 -5 -4 -21 -11 -5 -1 6 
-10 -14 -41 -5 -5 -9 -18 -2 
6 -2 -3 -2 1 -1 -31 -3 
8 -4 -15 -14 -4 0 57 8 
-35 -17 10 18 -2 -7 0 -16 
-11 -5 -12 -16 -2 -2 -5 8 
27 5 15 6 -1 3 10 49 
-15 -22 -18 4 -3 -10 -27 -18 
3 -1 -4 -25 -3 0 -15 -21 
13 19 31 29 6 2 28 35 
5 1 -13 -7 0 2 12 -10 
-6 3 -10 -2 6 2 -22 -28 
4 -3 14 16 5 2 5 0 
-6 15 11 1 -9 0 -10 7 
-3 3 19 -24 0 3 16 8 
-11 11 -19 -12 5 2 -12 -12 
5 3 -19 3 -1 -4 -12 -7 
15 7 23 13 2 1 8 27 
-16 -11 -20 11 1 -2 0 -32 
-19 -19 -4 -43 -5 1 -5 -6 
21 1 -15 -25 -3 -1 -1 32 
-38 -23 -24 20 -3 -7 -14 -48 
12 -1 9 2 -5 -4 -1 12 
-16 1 11 30 3 1 -13 -3 
-14 -6 -16 -23 1 9 40 0 
18 9 22 4 1 -6 -1 -1 
-8 -15 -11 -11 -6 -5 -18 11 
-5 -13 -3 7 -2 -3 9 12 
1 5 8 -20 -11 0 -9 -5 
5 6 -6 19 16 5 -1 -13 
-2 15 20 -5 2 3 12 5 
16 13 28 -3 -3 -4 -12 17 
-11 -3 8 6 3 -3 -3 -3 
-11 -2 2 17 2 9 7 -13 
14 1 -43 -6 4 -1 -1 12 
-2 -34 -5 -27 -5 -3 -4 -12 
16 8 22 12 1 -1 2 28 
0 4 -12 -4 7 -1 -13 -22 
-19 4 28 20 2 3 8 -19 
-1 1 -1 17 7 2 -2 -1 
-6 5 6 6 4 0 -3 -10 
21 20 -22 -14 -12 -4 -2 43 
18 -16 0 -8 -5 -3 0 -6 
-28 3 -1 1 1 -4 -5 -14 
7 -1 -8 9 3 0 -26 14 
-11 -2 12 -9 -4 2 46 4 
-2 -27 -17 -4 -4 -2 -4 -28 
5 4 -13 12 0 -2 -9 -10 
9 11 5 -26 -12 -4 -5 -3 
-12 -5 4 -13 -4 -1 -10 32 
-10 0 16 -6 1 -2 6 -20 
-1 10 -61 -37 -4 -4 -1 -15 
7 -2 20 14 -1 -3 -3 -17 
3 0 18 -1 1 1 -6 10 
-6 7 -14 4 5 0 3 12 
6 3 44 27 -6 -1 -4 8 
-8 1 -25 -6 -3 -5 3 -18 
-6 -15 -13 -14 -13 -7 -11 1 
20 9 1 4 3 -1 -1 12 
18 -16 2 10 -3 -1 1 -19 
-15 -9 -5 -3 -1 1 5 5 
13 5 28 16 12 0 -11 -12 
-23 0 -44 -19 -5 -2 -2 -4 
12 27 31 6 -2 0 3 43 
-2 -30 -2 -8 -4 -6 -6 -57 
-9 -20 -44 -21 -4 -3 -19 -19 
6 3 23 7 -4 -3 6 11 
32 42 52 22 18 3 11 46 
-45 -48 -21 9 -1 5 -5 -16 
2 -4 -26 -30 -22 -9 -14 -1 
-23 -16 2 2 -6 -4 16 -12 
-13 -10 16 16 1 -1 -1 -17 
26 25 13 12 10 2 3 9 
2 7 40 19 12 6 1 0 
-12 -6 -32 -8 0 1 -8 3 
0 -11 4 -19 -17 0 4 22 
-7 5 -32 -4 -6 -5 -12 -67 
-10 -8 11 -9 -2 -6 -4 -5 
14 8 7 -1 0 0 11 18 
-12 -11 1 16 4 -1 -7 -18 
14 11 -16 -16 -4 0 4 10 
-18 7 10 13 0 -2 7 29 
2 -5 7 -7 4 0 -12 -25 
-2 -18 -37 -2 -3 -2 0 -18 
5 12 23 -5 -11 -4 -1 25 
-2 -9 -23 -2 3 -2 5 -17 
-8 8 4 13 -8 -6 -10 4 
22 -8 -18 -44 -2 3 5 53 
-17 17 -11 6 -6 -9 -11 -17 
-3 8 2 4 6 5 5 -47 
5 2 2 -3 -7 -3 -8 4 
0 -13 -6 14 10 4 5 0 
5 1 10 -1 -12 -4 4 32 
-2 -4 -45 -13 -5 -4 -5 7 
5 -6 20 5 -1 -2 -3 2 
-9 14 8 -9 -3 -2 -4 -26 
-14 -1 5 4 2 0 0 21 
4 8 -2 22 18 0 -2 -18 
-3 -14 -13 -61 -18 7 -3 2 
-5 -4 -13 48 -13 -10 -8 -6 
-1 -1 22 -12 3 0 6 5 
7 -3 24 1 -3 -3 -11 11 
3 -1 8 22 11 0 9 7 
-12 -2 -8 -13 3 1 -9 -10 
-7 -25 7 7 13 7 14 4 
11 -2 -16 -30 -22 -6 2 18 
-8 -11 5 7 0 -3 -10 -19 
-1 -8 -11 -12 -6 -4 2 3 
22 3 -3 13 4 -2 -2 4 
1 13 20 5 6 6 9 16 
-4 0 -20 0 -3 -6 -9 -12 
-6 -23 -8 0 -9 -3 -9 -6 
-8 6 -14 -13 -1 -1 9 -8 
-11 -32 -31 -25 -12 -4 2 4 
8 5 4 6 -3 -3 -8 6 
7 14 16 10 12 2 -1 -10 
16 1 -2 5 -1 0 3 49 
-12 -11 -35 -21 -10 -5 -5 -52 
-17 -6 17 25 13 1 2 12 
-3 -5 -5 -46 -15 2 -1 -26 
1 9 5 -2 0 0 -10 2 
21 -3 17 33 0 -3 -1 27 
-4 -17 5 10 6 1 -4 -7 
-5 26 -6 -1 -3 -3 13 11 
-6 -14 -3 -16 -7 1 6 -1 
15 27 21 3 5 5 3 3 
-13 0 -22 3 -1 -3 -6 -21 
-8 -12 -15 -2 -1 -5 -10 -5 
-2 0 14 10 -2 -3 -6 -15 
-6 -6 -11 -28 -6 0 6 0 
8 0 17 1 0 0 3 13 
-4 -5 -21 -12 -4 1 1 2 
-4 -1 -9 3 2 -3 -8 -4 
-1 14 6 4 3 -1 -4 -10 
-23 -4 14 11 10 5 -1 -41 
-3 -24 -48 -23 -16 -6 -6 -5 
11 -8 -8 -20 -7 -4 -7 -10 
-4 10 3 25 1 -3 -4 8 
16 7 15 -30 -1 0 -1 13 
5 23 22 12 13 5 8 -6 
-16 -6 -6 -3 -7 3 7 14 
-10 -13 -3 16 3 -1 -3 -33 
-1 -8 -17 -15 -8 -9 -39 -15 
-12 -4 2 3 2 0 29 10 
10 15 9 7 2 1 1 17 
-7 -3 6 11 5 -2 -1 -5 
0 5 -2 -5 -7 1 -1 -13 
1 3 -2 0 4 -1 -14 -7 
22 16 -27 -12 -8 -4 0 4 
-17 -49 -31 -20 -8 -4 -2 26 
-4 -4 5 -4 -6 -2 5 -23 
13 8 0 1 4 0 -8 8 
-17 -1 12 14 3 -1 6 -14 
-3 13 -2 5 10 -1 -7 2 
32 -4 -18 -17 -18 1 14 37 
-18 3 29 13 6 2 -5 -21 
8 4 -24 -43 -3 2 -6 -18 
-11 -10 0 13 -5 -7 -2 2 
6 5 19 17 3 -1 4 40 
-3 7 2 7 3 0 0 -42 
10 14 25 13 5 0 -1 12 
-1 32 36 -6 3 7 3 18 
-2 7 -17 -9 6 5 15 -26 
11 -11 3 24 -10 -11 -24 15 
-5 -6 -44 -20 -3 0 3 1 
3 13 2 -3 1 0 7 -13 
-23 23 33 18 0 -2 -4 -6 
4 -17 1 -6 2 3 2 9 
-3 -13 -15 -5 -8 -4 -5 -10 
28 7 13 20 13 5 -4 18 
-13 -18 -32 -31 -19 -8 -5 27 
-5 17 -6 8 0 2 32 -32 
-10 -25 -6 -12 -6 -6 -10 3 
1 -11 -1 -5 -3 -3 3 -6 
2 -5 23 13 -3 -6 -2 2 
23 11 -7 -10 3 -2 -15 28 
-1 -6 -7 -7 -4 -2 -6 -4 
-4 4 -8 -9 -9 -4 7 4 
7 6 10 31 17 4 -2 0 
-11 -13 -17 -24 -11 -1 -6 9 
-5 -6 -13 1 2 1 8 -10 
-8 -2 0 -12 -11 -5 -13 -7 
3 -22 -20 1 0 1 9 24 
-1 2 4 -5 1 -7 -20 -24 
19 -2 28 14 7 0 0 56 
-33 45 12 2 -3 4 12 -75 
10 -7 -16 -3 -5 -3 -2 2 
-23 -20 17 7 -3 0 -2 -13 
8 -6 -10 -1 1 -3 -8 11 
-20 7 -9 -9 -12 -3 -6 6 
6 27 32 18 13 8 9 3 
-2 -20 -8 -18 -1 -5 -6 5 
-7 15 2 6 -3 -3 -2 -19 
7 -26 -17 4 -1 -3 -3 6 
-12 7 -5 -3 -2 -6 -5 -12 
18 9 2 0 -5 4 2 24 
-21 -1 11 31 11 2 -17 -28 
3 -5 -15 -43 -15 0 32 0 
5 -24 -28 -14 -12 -6 -17 -10 
-10 -6 5 7 1 0 7 -2 
8 0 35 42 5 -1 1 0 
9 -11 -16 -35 -3 -2 -11 30 
-32 -29 -26 -9 -2 -3 -13 -52 
10 6 4 5 -4 -1 10 7 
-21 6 16 -1 2 1 -9 -31 
-4 -3 22 14 3 0 -12 7 
7 7 16 7 5 -2 12 11 
1 4 -13 -16 -12 0 -6 3 
-5 -4 4 -11 -1 -1 4 3 
17 -18 -20 2 -2 -7 -6 -3 
-24 1 -1 -2 -1 -3 -8 -15 
8 12 13 28 6 1 3 -19 
8 -4 -24 -30 -7 -6 -1 2 
-3 4 -12 6 1 4 -2 6 
14 14 15 31 14 8 16 42 
-1 -19 -9 -32 -11 -14 -17 -49 
-19 -44 -30 -8 -14 -1 6 -8 
-4 9 -12 11 7 -2 -12 -5 
25 6 27 6 -3 -3 3 19 
4 7 -24 -20 1 0 3 35 
-17 1 -4 2 0 1 6 -22 
3 -17 62 8 -7 -5 -1 -30 
-31 -1 -31 -12 -5 -1 3 1 
-7 -7 -11 1 5 3 -2 5 
7 9 10 20 7 0 -3 9 
9 -1 -5 -39 -13 -5 -3 13 
5 -2 6 3 -1 -4 -4 -8 
-4 10 13 11 5 4 3 11 
-9 9 8 -1 2 -1 -7 5 
3 -9 7 19 5 4 -2 -7 
4 -6 -6 -3 -13 -7 -4 2 
-4 10 -8 -15 1 1 2 8 
1 14 22 32 13 3 -8 -2 
6 -13 -30 -13 -21 -4 11 -9 
5 -11 6 1 4 1 -8 -8 
12 6 -30 11 5 1 0 29 
-36 -10 39 -19 -8 -5 -22 -32 
-6 5 -7 16 6 1 17 12 
2 -42 -49 -10 -5 -4 5 -4 
-1 16 50 10 9 3 4 -6 
28 -12 -31 2 -5 2 7 20 
-12 -11 -17 -21 -3 -4 -8 1 
11 6 5 5 0 3 0 -3 
5 8 25 18 0 -2 -4 -10 
-1 -5 -3 0 -5 -3 12 -18 
-1 11 8 4 7 4 -7 3 
-6 -44 -20 -18 -4 -6 1 24 
-9 3 12 12 -3 0 -2 -25 
12 12 -7 -21 -4 -3 -1 7 
7 11 1 0 11 3 -3 2 
-14 7 19 5 -13 -3 1 8 
11 18 -9 28 5 -1 5 6 
-25 -16 -16 -36 -24 -9 -21 -14 
1 -20 -35 8 5 1 22 18 
-2 12 14 -11 -2 -4 -14 -9 
-13 -8 -5 3 1 -1 9 8 
15 29 5 3 3 3 2 -22 
25 -2 12 14 4 -2 -13 20 
-44 -28 -47 -30 -12 -3 -4 -31 
-7 -14 -8 -17 -7 -6 -15 16 
28 8 16 25 21 6 17 8 
-26 -22 -9 -8 -12 -5 -6 -13 
22 46 44 5 3 3 7 -2 
-8 -26 -17 -28 -9 -2 -6 11 
1 -12 -26 -15 -14 -6 3 8 
