#EMG
#8
#ID:8-61
-39 23 -10 -13 -3 -2 -5 -16 
6 -2 -1 14 6 -2 5 14 
-4 16 -11 -14 -8 -2 -12 0 
-15 -23 -28 -22 -7 -4 -2 -21 
54 -23 18 16 4 0 7 48 
-2 -1 -14 -20 -5 -3 -1 -27 
-7 9 -7 -9 -3 -8 -10 -19 
0 4 13 6 3 2 -17 11 
-15 -3 0 4 -3 -2 28 -2 
4 2 -6 6 3 3 2 41 
-8 -17 -25 -8 -4 -3 2 -55 
-8 12 -2 -6 -4 -4 -11 -17 
-10 1 13 -4 -1 -1 -7 -15 
10 7 -1 2 -7 -6 0 4 
7 -19 -12 -3 0 -2 2 11 
-2 -2 0 -6 3 3 -1 10 
0 16 4 9 -2 2 1 -9 
-18 -21 -20 -4 -1 -4 -4 -26 
10 14 -7 8 0 0 -7 23 
-15 9 -20 -5 0 2 7 2 
24 -7 43 -11 -4 -4 -11 -16 
-4 -5 -7 -7 -4 3 6 6 
4 5 3 1 -1 -3 -6 -14 
-10 1 2 11 3 3 24 34 
-1 -18 -38 -28 -9 -5 -10 -10 
4 10 8 11 -2 -2 -17 -20 
-11 10 39 4 3 3 9 11 
8 6 3 2 -1 1 1 8 
-19 -6 -9 3 -1 -3 -6 -2 
-4 -1 0 -13 -2 -2 -41 -3 
18 -3 -37 0 0 1 46 -4 
-16 -19 16 2 1 -5 -7 -10 
-8 -1 12 -5 2 -5 0 -13 
32 12 12 -6 5 3 7 37 
-16 -6 -21 -6 -7 -1 -17 0 
-4 11 37 3 -1 -3 -3 -28 
-3 -15 -53 -23 -7 -5 -7 -14 
4 8 16 5 5 -1 8 8 
-5 -14 9 -5 2 1 -7 16 
15 7 1 1 0 3 6 -5 
-11 -2 8 15 1 -1 -9 -1 
-9 -5 -14 -11 -7 -4 -2 -14 
10 -6 -32 -6 -2 -3 7 27 
-21 7 7 -11 -10 -8 -23 -35 
2 14 19 15 1 -2 5 -2 
-6 -33 -29 9 2 4 23 16 
9 3 14 -28 -5 -6 -19 -9 
-6 -2 -13 5 -5 -4 3 -3 
-19 5 -5 7 2 3 -1 -4 
40 7 38 2 -4 0 13 57 
-32 -12 -23 15 5 1 -28 -76 
44 -3 -6 -12 -2 -1 35 39 
-25 -13 -15 -2 4 1 -5 -21 
-11 9 -10 -13 -7 -6 -4 -19 
-8 -12 9 6 -2 -1 2 28 
-7 10 2 -2 7 4 -10 -5 
7 -29 -31 10 -4 -2 -5 -5 
-7 13 -9 3 -1 0 20 7 
11 12 11 0 -2 -2 -11 19 
-16 -31 -9 5 -2 -2 -3 -21 
14 14 30 -4 1 1 -8 13 
-19 -9 -20 0 -4 0 10 -8 
13 1 32 -1 1 0 -5 -11 
-19 38 11 18 3 6 1 39 
19 -1 -23 11 3 0 -8 -27 
-6 -26 -2 -31 -4 -2 -6 -4 
-24 7 -10 8 -2 -2 8 5 
18 -20 -4 -22 -4 -5 -35 18 
-2 10 4 0 -4 -3 33 -22 
-15 -30 20 1 0 1 -10 -36 
28 11 -6 13 3 -2 -5 -3 
13 1 46 -4 -3 -3 -1 12 
-30 3 -19 -2 -3 -3 -8 38 
-2 12 -4 2 1 0 8 12 
15 16 34 -10 -3 -2 -19 -34 
-21 -18 -35 -4 0 1 -9 10 
41 26 -2 -6 -2 -5 -1 4 
-29 -38 -1 4 -1 -2 -6 -31 
-12 14 17 -4 -1 -4 -6 21 
9 -21 -85 -15 -5 -4 0 -16 
17 22 15 12 1 3 23 38 
-19 -10 54 -9 -4 -5 -4 -48 
16 8 -38 -16 -4 -1 4 28 
-13 4 27 -4 0 0 -4 -50 
16 -30 -16 -6 -6 -3 6 49 
36 41 15 18 5 3 6 0 
-43 -18 -16 -2 -2 -8 -4 -44 
0 29 -8 -18 -1 1 22 12 
9 8 5 1 1 -1 -37 -30 
1 13 4 17 4 4 -13 35 
-25 -9 12 13 -4 -1 43 14 
-7 6 -20 -12 -5 -4 -15 6 
-3 6 29 13 2 3 -15 -25 
8 -3 -14 -13 -1 0 14 2 
-23 -18 -26 2 -3 3 5 31 
18 -4 5 12 -2 3 13 1 
-26 -3 3 -19 3 2 -8 -47 
2 17 -9 1 -7 -7 -18 -10 
25 4 -27 -10 -2 -2 -11 41 
-33 -3 42 21 1 -2 29 -1 
-5 -5 -1 2 -1 0 -8 -6 
-3 0 -29 -4 -6 -7 -20 -13 
27 4 22 -2 0 6 15 -6 
14 -9 -14 5 -2 -4 -1 28 
-4 13 -15 -3 -3 -5 -8 35 
-19 -14 -36 -11 -6 -7 -9 -38 
11 37 6 -4 2 0 -27 -20 
2 -14 -24 -22 -10 -2 -1 3 
-31 -2 11 -4 3 3 6 9 
27 27 -2 13 7 2 9 37 
-41 -16 17 0 -1 -7 -19 -41 
6 -1 -26 1 -1 5 -13 -32 
6 -11 15 1 -4 -4 -16 -3 
-2 10 11 6 -3 0 34 18 
19 -3 5 3 1 -1 6 3 
0 1 -5 5 5 -1 -7 1 
-4 -4 4 3 1 -2 -3 7 
-9 -31 -15 -17 -21 -7 -30 -58 
5 -18 -19 -6 -4 1 4 17 
-9 -7 -4 3 3 0 -3 -12 
-7 -3 -34 -26 -8 -3 1 -7 
8 7 -3 15 -2 -5 13 48 
18 14 14 -17 5 2 1 -12 
-28 -16 13 -4 -11 -8 -15 -23 
14 9 1 16 10 4 21 31 
-3 3 -9 -35 -2 7 -3 -6 
-1 -5 -10 12 -2 0 -1 6 
16 7 48 -6 6 -3 -11 -21 
2 -1 -55 12 6 2 6 0 
4 -9 38 1 -15 -4 16 36 
-12 -5 5 -15 3 -4 0 -12 
-5 1 -14 19 -8 -1 -2 10 
-8 -63 20 4 17 10 11 -9 
-1 6 -32 8 -7 -1 -15 -2 
-8 -27 -37 -43 -16 -12 -29 -17 
-4 35 14 4 2 1 18 -32 
6 -10 27 -12 -6 1 -4 20 
-5 25 -10 17 11 0 15 6 
-2 -26 -43 3 6 -4 -19 -1 
-9 -3 -26 -10 4 -3 -14 22 
4 10 55 15 -23 -8 1 -30 
-19 -48 -41 -42 -6 -2 -6 -11 
24 20 29 20 3 1 2 -15 
-15 8 -28 1 7 6 30 58 
-11 -21 -59 -23 -4 -9 -15 -49 
9 24 18 27 3 -3 -7 -1 
-3 23 21 -13 -5 8 27 24 
25 -6 9 3 8 1 -1 23 
-11 3 12 -14 -10 -4 -6 -18 
-11 -25 -27 -2 6 -6 -19 -45 
1 0 4 2 -2 -1 -21 12 
10 4 8 13 0 4 19 -3 
5 35 37 -3 -6 -1 17 -9 
-13 17 -23 -17 3 -5 -1 -11 
6 -28 14 12 7 5 -1 26 
-22 -24 -30 -16 -13 -3 -12 -42 
26 -1 -51 -7 4 -1 16 88 
4 4 45 18 6 1 -9 -43 
-23 -45 -4 10 -11 -7 -9 -35 
-39 10 12 4 4 -2 -3 28 
8 -17 -61 -27 -11 -6 -9 -43 
0 8 -1 -18 5 2 11 52 
5 11 19 21 5 0 -42 -27 
0 -6 13 16 -1 4 49 -1 
22 16 38 6 0 -6 28 80 
-13 -9 16 0 -10 -8 -18 -52 
-8 -30 -101 -34 -10 -7 -5 -24 
26 16 28 7 3 -3 -41 -13 
-22 25 32 18 5 4 18 -36 
15 -11 32 -4 6 8 18 19 
-31 38 -49 -20 -6 0 35 22 
68 -30 -3 -6 -11 -8 -13 40 
-40 -16 -9 -5 -8 -8 3 -33 
6 4 -11 3 3 1 -48 -22 
13 11 82 23 5 0 -21 -27 
6 1 -9 13 -1 8 56 63 
47 -2 9 0 -1 -1 21 79 
-36 -57 -63 -27 -11 -9 17 -72 
-10 12 -22 1 2 1 -40 5 
39 -22 12 0 -13 -14 -10 -25 
-51 24 -5 31 4 -1 -39 -60 
46 4 17 -2 6 6 -34 67 
-12 -16 2 -17 -9 1 107 25 
-10 17 -32 -24 2 -1 -26 -44 
30 -11 30 30 11 12 18 30 
-32 -10 -41 -18 -11 -10 -28 -35 
27 23 27 14 -4 1 -1 22 
-28 -9 21 5 7 9 -19 -57 
-5 3 24 -17 -4 -3 14 37 
21 10 -25 15 0 -1 13 27 
-28 12 74 20 3 -4 -9 13 
-31 -49 1 12 13 7 23 1 
-12 -45 -70 -35 -8 -5 -29 -46 
20 23 43 1 -7 1 -4 5 
11 -13 50 -1 2 -1 12 -7 
-13 7 -34 12 3 -8 -59 -11 
-3 6 -27 -19 0 6 -5 6 
3 -1 32 20 -1 6 47 21 
29 -10 -61 -11 -5 -8 -1 23 
-30 32 56 -31 -3 -4 -25 -55 
8 -4 -32 11 -2 -5 2 32 
14 7 11 12 7 4 -7 21 
-3 14 -5 2 -4 0 -32 -29 
1 -4 19 6 5 2 28 13 
-17 6 -22 -30 -23 -13 -23 -38 
-21 -28 -14 3 7 1 -27 -14 
5 -41 -38 -21 10 -6 -6 -22 
9 7 5 23 -10 -1 2 26 
5 18 -18 -11 7 3 -24 -21 
-25 15 36 4 -15 -10 42 8 
15 34 7 -5 1 5 15 16 
-15 -29 -69 -20 2 -3 -4 4 
5 -16 34 25 -4 -7 -30 -36 
16 10 -15 0 2 1 -13 9 
-7 6 14 12 -4 2 23 26 
4 25 55 12 3 2 -3 72 
-24 -6 14 -12 0 -2 -11 -86 
-11 -31 -16 -17 4 -2 2 20 
12 27 8 4 -4 7 -4 -7 
22 -7 22 19 11 3 -2 -1 
-4 -11 -26 -5 -12 -2 7 33 
-57 -38 -12 -29 -15 -14 -31 -60 
-2 7 38 2 12 6 31 55 
-21 -16 -48 6 -14 -8 -2 -95 
13 16 58 -8 13 1 -2 21 
18 4 3 29 3 2 5 -15 
-5 -18 -89 -24 -9 0 17 38 
-37 -4 8 -14 -14 -7 -7 -28 
12 -1 24 -34 -2 -3 -3 20 
33 15 17 38 13 6 -20 -4 
-13 -1 -19 0 5 -3 -38 -56 
-29 46 4 -14 -3 0 -16 14 
-46 -49 -41 2 -4 1 41 -38 
33 55 52 16 1 5 25 82 
-48 -26 -13 -28 -7 -9 -34 -86 
45 -5 9 41 -1 2 16 46 
-6 7 -18 -11 1 7 0 33 
-38 38 60 40 10 2 -16 -28 
5 -36 -27 -23 -11 -2 50 32 
15 22 -35 -20 2 0 14 -24 
96 3 39 51 -1 -5 -70 26 
-65 -31 -44 5 -6 -3 95 -6 
-29 -13 16 -5 -3 1 -25 -22 
34 -21 7 -13 -14 -12 -5 17 
-6 35 7 -5 11 10 -7 -15 
32 -14 -6 -6 2 -4 -23 -13 
59 1 -59 -13 -12 3 39 88 
-63 -22 8 -5 9 1 -8 -71 
14 -30 29 8 -10 -8 24 53 
-11 41 26 -14 1 -3 -61 -45 
-15 28 19 17 9 -1 -31 -43 
35 8 -33 2 -7 5 91 42 
-22 16 0 -15 4 -2 -9 12 
-43 -37 -43 -61 -4 1 -10 -11 
55 6 44 49 7 1 -22 22 
25 -2 -26 -28 -3 1 -36 17 
-31 -20 -15 15 3 -3 13 -51 
-14 -11 -20 -94 -20 -4 18 21 
37 5 39 101 5 -8 -84 1 
-31 6 -1 -64 -10 -1 36 -29 
9 -19 -12 45 -4 -3 13 44 
2 11 36 31 5 4 9 -4 
-17 19 -42 -55 -5 -2 -9 -41 
27 9 43 22 3 -4 -36 12 
15 13 -14 -18 -3 -4 39 10 
17 -30 -32 8 -10 -7 3 14 
-45 20 9 -30 -6 2 -25 -14 
9 -18 -6 9 4 10 55 28 
24 -17 6 -12 4 1 -24 -27 
-44 9 -23 1 8 -2 -12 -47 
-8 34 -4 -7 0 1 36 -3 
-16 -10 21 17 4 -2 -22 17 
25 -21 44 -8 -9 -1 -26 1 
-5 -13 -21 11 1 -1 -9 18 
8 19 39 26 14 14 35 7 
-7 -25 -39 -10 -5 -6 -37 9 
-28 23 -31 1 2 2 -9 -27 
10 6 48 9 -5 -3 11 59 
-7 -4 26 -13 2 1 -1 -53 
21 12 -72 -10 -9 -17 -24 -6 
-52 -38 -36 -22 -7 4 3 -4 
29 17 39 0 -4 3 -3 26 
2 -12 -24 5 12 -2 2 0 
-21 -4 61 31 -4 0 -29 -12 
-4 2 -28 -19 3 3 -11 16 
9 21 8 19 -5 1 20 -45 
-7 -46 -77 -17 -13 -20 6 32 
1 2 -23 -3 27 20 19 3 
-8 41 40 1 -17 -10 -24 -46 
14 -9 0 7 -6 -10 -19 17 
-10 -25 37 11 10 5 0 -41 
-4 -9 12 21 10 -8 -12 2 
-11 -27 -62 -10 -9 -10 -1 -5 
5 -19 -39 -25 -15 -5 -2 31 
-8 -6 -2 -32 -20 -8 16 -16 
-12 6 -18 -38 2 1 -20 -14 
39 35 60 25 1 3 16 38 
-9 -2 -24 3 11 2 -3 -30 
4 -14 -7 -35 -11 -6 -1 60 
9 -6 -15 -17 -7 0 11 -4 
4 8 28 5 7 0 -21 -50 
-49 7 -19 9 2 3 3 28 
0 -12 14 20 -1 -2 -12 -74 
-7 -3 1 -31 -12 -1 -3 12 
-9 1 9 3 0 -3 4 -32 
27 -2 -12 3 10 5 -4 32 
-9 -10 -10 13 -4 0 8 48 
-21 17 42 27 -4 -6 -6 -38 
16 -7 -10 2 -2 -3 -3 8 
25 -8 -20 -18 0 0 -2 -5 
-33 -15 -31 -3 -8 -7 -8 -13 
1 23 27 -3 -3 2 6 19 
33 -18 11 13 11 5 15 40 
-61 -12 2 4 0 -2 -2 -70 
23 10 -13 -16 -4 -1 2 8 
34 3 7 -7 -3 2 -4 30 
-16 -9 -16 -10 -1 -1 5 -10 
6 -2 15 2 -4 -2 7 44 
31 19 7 13 9 2 -4 -35 
-16 -24 -9 12 1 -1 -6 5 
-5 9 -11 -1 -4 -1 6 21 
25 28 -1 2 5 -1 -5 -21 
-12 2 14 4 1 3 8 29 
16 1 14 2 5 2 1 -1 
-18 -2 12 0 -6 -6 1 17 
-4 -1 -28 -14 -8 -5 -13 -48 
-1 -3 13 -1 -2 -1 3 11 
-9 6 10 1 -4 -2 -1 -5 
-19 -14 -8 4 -1 1 -2 -28 
-2 -8 4 10 7 4 5 38 
30 3 -10 -9 -11 -10 -8 -12 
-17 -15 -8 -15 -8 -6 -12 -20 
-16 10 -1 8 12 7 10 12 
19 -4 7 8 -2 -1 -2 -22 
39 -11 -25 -9 -2 -2 2 74 
-35 1 -14 2 -4 -3 -13 -71 
-22 -1 -6 8 3 -6 1 -18 
13 -10 0 -29 -14 1 10 17 
-30 6 35 27 4 1 0 2 
26 12 -24 -10 -12 -6 -12 3 
10 -18 5 -2 3 -1 13 25 
2 6 -3 -2 14 3 1 -23 
-15 -3 38 11 -17 -2 -4 -20 
-9 -16 -56 -6 -4 -8 -6 6 
10 14 24 3 3 7 2 -1 
5 4 -3 6 6 1 -3 20 
-3 22 50 -6 5 2 5 -17 
0 11 0 12 0 -4 -8 4 
-35 -6 1 -7 0 -1 -14 -48 
16 -8 12 -2 -9 -6 4 5 
18 -6 -42 -12 8 5 2 16 
-31 0 34 17 -5 -1 3 1 
-28 -14 -19 -7 -2 -5 -13 -5 
57 31 -2 -5 -2 -4 -6 -30 
-46 -13 -3 5 2 -4 3 0 
26 -32 8 -38 -17 -2 -1 -11 
28 19 15 14 -1 -1 9 20 
-21 -28 -20 7 3 -6 -33 -14 
-25 4 10 -2 0 0 1 -23 
30 10 -17 -13 -5 0 22 48 
16 -5 13 11 3 2 2 -10 
-38 -9 16 0 -2 -1 -7 2 
30 0 -4 11 -1 -1 8 18 
-5 -10 8 18 11 5 -1 -7 
-22 18 -33 -37 -1 -5 -13 -28 
17 -16 -18 -3 -21 -8 4 54 
-10 13 -19 -2 -1 -1 -25 -52 
-2 -2 10 9 8 2 1 28 
17 11 12 6 0 1 6 -10 
-7 -8 35 -6 9 7 6 6 
-23 12 -51 -5 -4 -2 5 -13 
1 -24 -22 -6 -9 -8 -2 5 
32 8 5 -2 2 -5 -23 11 
13 5 1 5 -2 5 10 14 
-9 -1 43 -4 1 2 -1 17 
-22 7 -6 -9 -7 -4 -8 -65 
-13 -7 15 10 0 3 13 35 
-4 -4 -21 -12 5 2 7 -8 
3 -8 22 -4 -7 -7 -20 -49 
6 6 -29 4 3 0 10 56 
-2 -9 1 4 -7 -4 18 -31 
27 -4 -7 -24 -2 -4 -9 10 
-46 -19 -17 -14 1 2 6 27 
1 15 17 25 10 5 -11 -10 
-11 -10 0 -16 -12 -4 -12 -23 
-14 4 -12 9 0 0 9 -15 
13 3 11 12 6 2 -1 6 
6 1 -2 -5 8 -1 -3 7 
6 -10 11 5 -2 4 5 29 
-7 6 -10 -9 -3 -2 -4 -20 
8 -19 7 19 -1 -7 0 -1 
-36 4 8 -1 0 -3 1 -13 
2 -6 -37 0 1 -3 -7 -17 
-7 9 19 16 9 9 16 21 
28 -13 -27 -5 -8 -7 -8 17 
0 -16 -43 -14 -6 -6 2 -8 
-27 7 19 -3 -14 -12 -15 -21 
-20 -1 12 5 5 0 -2 -6 
15 17 4 10 1 0 -3 -9 
16 2 38 5 1 8 4 45 
-24 8 -37 -17 -1 -3 -7 -22 
18 -2 -12 -7 -8 -6 -29 -31 
-11 -23 17 5 -6 -6 32 34 
2 18 37 3 -2 -5 -7 -39 
-19 -5 6 5 0 2 -7 7 
8 16 23 11 11 3 2 11 
-15 -29 -31 -16 1 7 2 -4 
25 -2 -25 -22 -14 -6 -16 -26 
-13 -21 -45 -2 -2 -7 27 41 
-50 -3 51 4 -10 -12 -15 -50 
16 15 -29 -4 -1 2 -3 29 
-13 -10 -8 6 12 5 2 -12 
31 4 -11 -9 -10 2 -7 -1 
0 -11 -12 9 -1 -1 3 23 
3 21 16 14 4 0 -3 -29 
-2 1 -18 -18 -4 -2 0 6 
-6 -13 -1 10 2 -4 -6 0 
-6 -13 -11 -10 -2 -3 4 2 
10 10 6 -4 2 5 -1 53 
-21 -6 -34 7 -6 -5 -4 -64 
-1 14 6 2 5 6 5 21 
6 -19 -21 -2 -5 -2 18 -13 
-7 -18 -15 -3 -4 -5 -9 -26 
9 8 22 7 -4 -2 1 24 
25 -10 -7 -27 -6 -3 -2 19 
-6 6 -2 5 -1 -1 -4 -1 
-6 11 -6 -13 0 -3 2 -15 
7 -5 43 -10 1 0 -1 37 
-3 4 -1 26 -1 -1 -11 -57 
15 1 -20 -2 -6 -1 -2 25 
-3 9 68 7 3 6 6 -20 
22 -43 -4 -3 1 -2 7 53 
-21 -11 -12 -17 -8 -5 -11 -48 
2 -10 3 -3 0 1 -4 -28 
-14 8 -3 20 -3 -4 -8 -25 
3 26 29 -3 5 4 -6 0 
2 -8 -19 0 5 1 2 14 
8 6 4 3 -5 -9 -3 21 
-16 -14 -16 -7 -3 0 -7 -28 
-18 4 -15 15 -1 -3 3 -8 
18 10 28 -31 0 1 2 22 
-23 -17 -92 -18 -7 -7 1 -7 
7 15 61 -3 -1 -2 -8 38 
0 -8 -34 -10 -2 0 -9 -24 
9 8 0 1 3 -1 7 27 
-14 7 11 8 5 5 -9 -49 
-21 -23 -19 -10 -2 -3 22 67 
43 1 -1 5 0 -2 -3 -45 
-10 8 10 -1 -1 -1 -10 3 
-8 31 2 -21 -1 2 -2 -15 
30 -12 -28 21 3 1 -1 8 
-6 8 26 -15 0 5 -11 16 
-37 -25 -19 1 -7 -2 34 -6 
46 -8 -9 8 -6 -7 -6 25 
-32 10 8 -6 1 -3 -10 -47 
-1 -4 -6 0 -4 -4 0 17 
27 1 19 4 4 -1 -10 -6 
-4 13 2 3 19 15 4 13 
-17 -15 -29 -15 -16 -14 -9 44 
-39 -20 -2 0 -8 -3 9 -43 
-1 -14 -33 -23 -9 -4 -9 15 
-2 7 32 25 5 3 16 -22 
32 10 9 2 8 2 -11 6 
-7 -12 -8 4 5 -3 -4 2 
-18 31 25 17 7 3 2 -1 
16 -23 10 17 -5 -4 -15 31 
11 -1 -41 -32 -10 -1 13 -5 
-34 -3 -5 3 -5 -2 3 -5 
11 19 30 9 4 1 -4 -29 
-13 -19 5 0 -1 -1 -1 3 
-13 30 11 16 13 10 0 -32 
16 -18 -22 -21 -8 -8 7 24 
6 19 -18 -13 -11 -8 -43 55 
-16 -31 -10 -2 -4 -5 35 -66 
-12 -12 -4 4 6 -4 -2 10 
-9 21 14 -8 -7 3 -5 -43 
6 -19 9 11 9 5 -2 2 
1 11 -1 -4 1 -3 -15 44 
-15 6 22 -13 6 4 6 -50 
16 -14 -27 17 -1 -1 -1 9 
-10 3 3 -1 -7 -5 1 -13 
16 3 -15 -6 -8 -8 -15 1 
-8 -3 3 -3 -1 -2 4 3 
-6 32 14 -3 6 2 -2 13 
-8 -12 34 13 2 6 15 -9 
-1 1 -27 5 3 3 6 11 
4 -30 -3 -7 -7 -6 -11 28 
-9 11 -22 -28 -13 -3 -5 -24 
18 -3 6 6 1 0 0 -21 
-16 7 8 2 0 1 5 9 
14 -2 7 11 3 3 -1 -12 
-9 -26 21 16 6 1 2 14 
18 -19 -16 -7 2 0 -3 9 
2 -3 -3 -11 -7 -2 3 -5 
24 -2 -22 -7 -9 -7 -26 -23 
1 9 30 19 5 -3 36 17 
-2 0 -1 -3 -1 -3 -2 -1 
0 -4 10 -11 2 1 -13 -6 
-9 3 9 11 -5 -2 9 7 
2 3 -2 0 6 4 -11 12 
-23 -9 -28 -22 -4 -8 -15 -69 
-16 9 8 1 -18 -12 13 41 
1 -21 -24 -7 -11 -3 -5 -31 
-4 -5 -9 -18 -5 -5 -8 21 
-7 13 11 12 5 4 1 -15 
9 19 -20 -11 3 1 -13 -4 
-15 -20 3 -5 1 3 4 19 
-1 3 20 21 -1 -2 7 18 
22 12 -21 -15 -5 -1 2 21 
-63 0 22 15 1 -4 -7 -73 
50 15 -12 0 -1 -1 -8 19 
-10 -4 2 0 11 3 -5 19 
19 -11 -24 -30 -12 0 5 11 
-16 -10 11 -5 8 3 1 -5 
6 7 -2 -1 -1 -1 1 -13 
2 -5 18 -1 -3 -5 -15 10 
20 11 -9 31 1 -1 4 10 
-30 2 9 -11 -5 -4 -3 -36 
-11 13 60 11 3 0 -2 11 
-6 -10 -54 3 5 1 6 -8 
-11 -42 3 -20 -18 -11 -13 -1 
8 12 -11 -6 -3 2 3 -8 
-2 -5 11 -2 0 -4 2 3 
6 8 21 -2 -9 0 4 -11 
-16 7 7 15 8 3 6 4 
18 11 18 4 0 2 -6 28 
22 -14 -40 2 11 1 3 -9 
1 -1 -3 6 -5 -3 -3 16 
-30 -5 -5 -6 1 -1 -1 -39 
28 -8 8 -5 -3 -2 1 27 
-36 8 -8 6 2 -1 -1 -26 
9 -2 -7 -5 -6 -2 -3 -12 
9 9 33 41 7 -2 3 34 
1 10 -1 -25 -2 -3 -8 0 
36 -27 -77 -6 -13 -4 -21 5 
-71 7 35 4 -7 -2 30 -39 
11 -13 12 -14 1 -6 -7 11 
23 -16 -18 5 3 2 4 21 
11 50 26 -7 -1 -2 -6 -27 
1 -16 -25 -14 -1 1 -7 10 
-11 -20 33 13 2 1 7 26 
30 5 -17 7 -2 -5 -7 -23 
-58 -9 12 -6 5 4 11 26 
21 -6 -17 7 -8 -3 3 -46 
-11 15 9 -16 4 3 4 7 
8 -12 -25 -3 -11 -4 -3 11 
-6 11 20 -1 -3 -4 1 -9 
-2 7 12 0 7 3 -9 7 
7 -9 -24 -7 -9 -2 1 15 
15 -4 -4 -1 -2 -4 -2 -10 
-20 -9 -12 -9 -2 2 5 -5 
6 13 18 13 8 -2 -9 -3 
14 29 -18 -8 4 7 -4 -1 
-20 -9 31 3 -7 -5 -2 -19 
26 -3 -25 -14 -3 2 7 27 
-15 -8 9 -14 -2 -2 -6 -31 
-13 -13 -10 15 -2 -3 -5 -12 
-16 -3 10 0 -3 0 0 12 
5 16 22 8 2 2 0 -18 
0 -16 4 1 1 -3 -32 8 
26 -1 -53 -25 -4 -2 12 3 
-22 -21 4 -1 -9 -3 3 21 
8 4 0 4 -4 -6 6 -28 
9 0 -1 2 -3 -5 -13 4 
-19 9 40 13 7 -2 -9 -22 
-4 2 -14 -9 5 4 3 13 
2 11 -11 3 9 9 -2 17 
22 15 -35 -7 -15 -13 -18 -35 
-30 -14 0 12 -1 -4 6 16 
-1 -1 -17 -4 -2 -3 4 -11 
-2 -4 16 1 -1 -2 2 14 
8 8 4 3 4 2 2 -3 
11 1 4 -3 3 4 1 -14 
-8 31 0 -3 11 11 7 58 
40 -33 38 6 -15 -12 0 12 
-51 0 -39 -13 -5 -6 -3 -11 
0 -19 -27 -5 -13 -9 -7 -33 
-3 16 19 2 3 -4 -6 -20 
-12 15 1 -6 0 2 2 8 
20 -11 -11 -1 4 6 19 43 
15 31 52 12 5 2 -13 -5 
-27 -14 -32 8 1 -2 15 9 
-51 -19 -8 -29 -25 -9 2 -28 
47 -1 -5 -4 -3 0 -2 3 
-6 6 -8 1 -1 -2 1 21 
-2 -18 2 3 5 3 -11 -40 
0 2 13 10 4 1 -7 4 
5 -1 -34 0 -6 -2 -1 -21 
-2 -36 -32 -20 2 3 13 39 
16 9 25 10 13 4 -15 -17 
-1 -7 -18 8 -18 -14 0 -5 
5 6 12 -10 2 1 1 16 
3 29 66 4 6 6 7 -1 
3 -23 -85 -9 -15 -9 -11 -13 
-4 -11 -20 -8 10 5 3 25 
5 19 28 -3 5 4 -4 -42 
17 14 23 17 7 2 12 42 
-39 -13 -25 -4 -7 -6 -5 -53 
36 -33 1 -19 -4 -1 -3 28 
