#EMG
#0
#ID:0-32
10 -3 -24 -6 1 -3 -12 9 
-9 -4 4 6 -1 0 7 0 
7 3 21 9 0 -1 -5 -5 
8 4 -41 -38 -5 -2 -11 -11 
-10 -6 -23 -2 -4 -3 11 17 
-4 -16 -28 -4 3 1 -8 -16 
-1 0 14 6 -2 -1 -1 1 
11 -3 -5 5 -3 -3 -3 15 
-12 4 0 -5 -3 -3 5 -22 
1 -11 -17 -6 1 3 -3 -2 
11 7 -1 -2 -4 -6 -3 3 
-4 -6 -8 3 -1 -3 -11 -10 
14 24 6 7 -1 5 11 30 
-8 -7 10 -3 -2 -2 6 -16 
-3 -8 -27 -17 -3 3 -1 -8 
-10 -6 -6 1 -1 -3 7 -4 
8 12 33 8 -1 -5 -16 10 
6 -5 -16 -8 -5 2 9 -15 
-16 28 27 14 4 0 -6 10 
0 -12 -7 -11 -4 -1 1 -11 
-2 -14 -18 17 5 5 5 18 
-3 -4 -15 -16 -5 -5 -16 -12 
5 -1 -1 -17 -6 -2 -1 -8 
-3 2 7 18 1 0 5 9 
-1 8 40 7 6 2 10 -2 
-4 -15 -21 16 -5 -1 1 12 
-7 -8 -9 -6 -4 -2 -2 -15 
-3 1 12 -1 0 -3 -4 -5 
25 -10 -18 -8 -1 -2 0 28 
-37 -2 4 -2 0 -4 -4 -40 
6 3 4 -2 3 3 -2 4 
-9 -8 1 2 1 1 6 2 
9 1 8 5 -2 -3 0 -1 
11 -1 -13 -13 -3 -1 1 -3 
-2 -2 -10 -6 -4 -5 -13 -1 
17 18 25 29 4 -2 11 1 
-29 -27 -22 -30 -5 -1 -5 -10 
6 5 25 5 2 3 1 22 
15 -21 -39 -4 -5 -4 6 -2 
1 0 15 0 -3 -3 -12 1 
0 -1 -10 3 -2 -2 -4 -16 
6 34 42 8 3 2 4 16 
4 1 -8 7 3 5 4 20 
-31 -9 -25 -50 -10 -7 -11 -10 
-1 -5 -43 -16 -8 -2 1 -28 
-5 -16 21 0 -2 -3 -3 0 
7 9 15 2 -1 1 -3 13 
5 1 3 12 5 2 7 2 
-1 30 5 6 0 0 -9 0 
-1 -15 -27 3 1 3 22 6 
-11 -9 27 -4 1 -3 1 0 
2 7 -17 -19 -11 -2 -18 -17 
-8 -10 -2 17 0 -6 7 1 
27 10 5 -20 1 6 13 14 
-22 1 -21 -11 -4 -5 -12 -9 
-1 -32 -13 1 0 1 4 8 
2 9 8 8 -1 -1 -7 -11 
-3 -13 -24 14 3 -1 -1 19 
-4 13 -9 -5 -3 -1 2 -18 
13 2 6 8 -2 -4 -12 -3 
0 4 14 -2 2 1 -1 5 
-7 -12 -10 11 0 0 8 15 
1 -15 -3 -24 -4 -5 7 9 
-12 -10 -20 15 -2 -4 -9 -26 
5 6 22 13 7 -1 -7 11 
-5 -24 -10 -12 -12 -5 -22 -4 
1 13 19 12 0 2 -6 -18 
6 1 -24 -26 -2 3 29 13 
3 -17 25 -6 -3 -4 0 -4 
-23 -16 -29 -7 -1 -4 -14 4 
1 3 -8 8 -3 -3 3 2 
10 19 20 10 5 3 -9 3 
11 15 -3 9 2 6 -5 -1 
0 29 20 10 -4 -2 32 3 
-3 -13 4 -9 -7 -3 -7 17 
-7 -4 9 9 2 0 -7 -16 
-8 -12 -35 -18 -5 -2 -3 1 
16 11 21 12 3 -1 -2 -2 
-2 -8 -13 -7 2 0 -3 -5 
-4 8 23 16 0 0 9 7 
5 5 -3 -2 -3 -1 -8 -7 
3 -1 20 11 3 -1 5 -3 
-16 -4 -22 -9 2 1 5 -1 
11 -2 26 -2 -2 -5 -11 -11 
-1 7 -9 -12 -7 -3 5 25 
-3 -5 -14 15 2 -3 -13 -19 
7 9 19 -12 -7 -2 5 -23 
-42 -10 13 -7 -4 -1 7 20 
3 6 -5 -1 -2 -3 -11 -17 
7 -8 -9 -16 -1 3 10 13 
6 -8 -4 1 0 -1 -6 -8 
5 2 -17 -2 1 -1 -10 1 
-10 7 -8 -12 -3 -1 6 -8 
4 -11 7 -13 -8 -5 -12 -4 
12 6 9 17 9 4 -1 0 
-4 0 -2 -5 -7 -2 0 -5 
-13 -5 -7 19 5 2 9 -8 
-7 4 -26 -46 -9 -8 0 -3 
11 7 6 9 -1 1 -11 32 
4 20 0 3 1 -1 17 -36 
6 -24 -5 1 -5 -1 2 11 
-16 0 9 12 4 2 -10 -1 
9 -14 -8 -16 -3 -2 -1 -19 
-15 -2 -17 -2 0 -2 -10 3 
-8 5 36 12 1 -2 -8 -6 
-23 -16 -28 -1 -2 -3 -1 -6 
14 6 12 8 3 0 3 17 
10 -17 -28 -12 -4 0 6 2 
-4 -5 -2 1 6 -2 -11 0 
13 8 14 6 -1 3 5 7 
-13 -5 9 7 -2 0 -13 -29 
-5 -6 -17 -6 -6 -3 21 37 
-3 -15 -5 -7 -3 -3 2 -36 
1 -8 -3 -9 -2 -2 -13 -12 
2 8 -7 9 -4 -5 -5 -3 
5 -14 -4 9 4 3 -4 -1 
4 24 3 -14 -5 -2 -1 11 
14 24 32 9 4 4 -1 15 
-29 -18 -15 -11 -5 0 17 -9 
8 6 1 -1 1 -3 -36 -16 
-12 -7 4 1 -1 -3 2 -1 
5 -7 -7 8 0 0 6 4 
-3 5 8 -3 -5 -3 7 14 
6 -4 11 -7 0 0 -4 -4 
1 2 6 9 -2 -2 -18 -8 
-2 -6 -16 3 -2 2 19 43 
-20 -45 -15 -9 -8 -9 -13 -83 
1 -1 3 24 1 -2 -24 2 
-8 -15 -22 -56 -12 -1 46 17 
0 -12 12 1 -4 -11 -25 -6 
-10 -3 -11 1 5 2 6 31 
3 9 4 -3 -1 0 6 -3 
-17 -3 -9 8 -1 0 -12 -14 
-5 -8 -3 13 1 -5 -17 -9 
7 39 2 -26 -5 0 12 20 
31 -12 -5 10 -1 -4 -14 -11 
-9 -12 -34 -17 2 4 15 9 
2 -3 -8 4 -6 -6 3 -10 
6 5 22 15 1 1 -9 5 
-3 7 -9 -10 1 2 -3 30 
10 11 25 16 -2 -2 6 -32 
-1 -11 6 26 2 -1 -31 -22 
-5 3 -5 -47 -2 0 28 14 
3 -2 -11 -8 -3 -2 12 12 
-19 -6 -31 -9 -2 1 -7 4 
2 15 24 9 0 -3 -7 -7 
1 -6 25 15 -1 -1 -8 9 
-17 -19 -11 11 0 -2 -3 -27 
5 19 19 -12 -4 -3 -4 0 
-13 -29 -15 -8 3 -1 2 -11 
27 14 -22 5 -9 0 -6 20 
10 8 22 -22 -3 -1 -8 -34 
-39 -13 -15 12 -2 -3 7 6 
3 -1 -6 -8 2 3 -1 1 
8 -20 -55 8 0 -3 -8 22 
-18 11 31 -7 -1 1 4 -29 
17 -3 -27 -1 0 -2 -22 4 
-7 1 18 -9 -2 1 7 -18 
1 5 22 12 3 -4 -17 12 
1 -6 -17 -11 -4 -1 16 18 
19 4 -12 0 1 1 -5 14 
-26 -4 8 -7 -3 -3 -4 -14 
-7 -16 4 21 2 1 -4 -31 
-14 -11 -13 7 3 0 4 6 
15 -10 12 8 2 0 -5 3 
9 15 -6 -19 -7 1 9 8 
3 5 -13 0 0 -1 -2 -5 
-10 28 89 17 13 -1 -9 -4 
20 31 1 -10 -17 1 18 39 
7 7 10 13 2 -1 10 -21 
-8 -2 -21 -14 5 3 10 -26 
-15 -9 -4 28 -4 -4 -2 13 
-10 -4 -20 -9 4 -2 -20 -6 
5 -13 0 -6 -6 -9 -6 10 
-1 20 37 -2 0 6 -35 -34 
4 7 -17 6 -2 -7 63 56 
16 6 15 15 3 -2 -19 3 
3 -8 -25 -58 -3 4 -32 -64 
-29 -61 -14 -7 -6 -11 36 29 
-3 -22 -90 -23 -7 -4 -45 5 
8 -3 14 17 -1 -1 21 -17 
1 28 18 -4 3 5 25 44 
18 -1 24 6 -2 0 3 9 
-13 -21 -24 -31 1 1 -74 -77 
9 26 -4 4 -4 -7 58 62 
1 -4 1 20 6 4 -17 -25 
2 16 -42 5 -3 -4 23 7 
0 26 2 0 -1 4 4 24 
-8 -27 7 3 6 0 -29 -37 
-21 -5 -15 -16 -9 -4 7 9 
27 38 18 12 2 3 11 32 
13 -19 -29 -8 -8 -6 16 -4 
-6 -11 -19 32 10 4 -20 -32 
-4 1 7 -20 -5 -5 8 17 
-13 -21 -56 -2 -5 -4 -61 -19 
9 26 45 14 1 -1 46 2 
12 6 -36 -7 2 1 -7 37 
2 -22 -13 1 -5 -2 3 -19 
-1 32 27 -17 7 10 -29 -16 
16 7 12 3 -4 -3 6 -23 
-35 -25 45 -14 -5 -5 -1 7 
1 -19 -31 13 -3 -3 5 39 
-42 -14 46 0 -2 -3 -21 -25 
6 6 0 -6 8 14 23 3 
13 8 -26 -24 -11 -5 12 -4 
-24 -1 -21 17 -1 -7 -51 -22 
14 9 -19 -13 -3 -5 20 7 
-14 0 19 1 -2 -2 -2 6 
8 -15 -20 10 4 3 20 7 
18 -6 -43 -10 -3 -2 3 15 
-7 -2 33 11 4 2 20 -16 
9 -9 -29 -16 -7 -7 -48 4 
-16 7 22 4 5 6 19 -21 
3 19 31 11 -2 -3 23 11 
14 10 -54 -19 -4 -5 -8 36 
13 -3 37 -3 -9 -6 -1 -12 
-39 -32 -43 -11 1 0 -25 -51 
-6 -11 12 8 -1 -3 -5 -3 
35 21 60 9 2 2 35 34 
-18 18 13 -15 -4 0 7 7 
13 -2 27 8 0 -2 -19 1 
7 -15 -14 -15 -5 1 11 5 
-25 -48 -22 7 -3 -2 -44 -18 
-10 -1 -34 3 -1 0 59 16 
10 14 43 -6 -5 -4 -13 -9 
9 3 0 4 8 7 7 11 
-3 19 -3 20 6 1 11 -5 
-26 -34 -50 -14 -5 -4 -26 -13 
23 71 46 22 9 6 0 10 
-1 -23 -31 -15 3 2 12 9 
8 14 -5 -5 -9 2 21 3 
3 44 88 23 12 6 -7 14 
7 -19 -39 -21 -13 -12 4 14 
2 -12 -41 -17 8 4 -13 -13 
-22 -12 49 62 2 -7 3 2 
2 -9 -13 -7 6 5 -11 -25 
17 -37 -25 31 -9 -7 -1 30 
-45 -12 14 -51 -17 -4 -9 -20 
7 -28 -37 -27 -4 -7 4 10 
-12 6 18 1 4 8 3 -7 
-14 -22 27 12 9 0 -7 -13 
25 29 37 58 -2 0 9 24 
-16 -8 24 -8 -3 -6 -18 -69 
-6 19 -42 -17 -14 -13 -16 2 
-3 -6 -8 -21 9 14 13 27 
-9 -12 -36 7 1 -3 -4 -21 
27 42 61 15 5 3 -1 -2 
5 -6 -22 -6 -16 -7 7 34 
1 14 -24 7 11 -3 1 -2 
-9 -57 20 -5 -16 -4 -21 -30 
12 12 -48 -8 6 1 22 18 
-38 3 -70 -4 5 3 2 -19 
-7 -5 43 7 -11 -9 -28 -37 
-1 -1 30 15 2 -7 0 11 
-1 6 -23 -14 -3 4 -3 1 
10 -33 46 8 4 2 1 1 
-27 -30 -28 2 -9 -3 31 12 
41 22 -32 -15 6 5 -4 23 
-20 -24 38 -3 -12 -8 -21 -8 
3 -18 19 23 5 -1 -1 -13 
-25 -6 -13 -37 -5 6 -7 -39 
-49 28 34 88 7 -12 -19 -22 
53 -12 -25 -97 -5 -5 -8 38 
-35 -22 -36 29 -6 -10 -27 -1 
34 0 27 29 1 3 32 14 
-34 4 -20 -65 -9 -1 19 -39 
30 -23 -5 22 -14 -2 -14 -14 
16 -8 59 15 4 -4 -23 -11 
-29 27 11 -8 -1 16 45 38 
24 8 -29 -49 -6 -24 -66 -24 
-97 -30 -17 12 9 9 -15 -50 
91 14 19 -22 2 -4 51 49 
-9 -2 -61 -7 -17 -15 -76 -23 
21 -10 7 -1 12 25 127 51 
-47 -6 16 30 -1 -16 -34 -10 
-17 12 -55 -2 -4 1 -8 -17 
12 -8 49 -92 6 3 -13 11 
-25 -21 -20 45 -7 -5 -59 13 
-26 -10 -34 4 -6 -3 70 4 
20 8 23 1 8 12 -7 -10 
31 22 -16 -3 0 -11 -20 0 
30 2 -6 -25 -7 0 -18 18 
-3 5 -13 0 0 3 31 6 
-30 -7 14 3 -1 -5 -25 -39 
39 -19 -12 26 -3 0 6 26 
2 22 20 17 5 2 23 -7 
32 19 63 5 2 -1 -20 17 
-38 -5 -20 -31 -15 -7 -37 -26 
19 6 -6 27 1 -6 13 -22 
14 28 -2 24 11 9 -17 18 
-15 23 36 -5 0 -2 28 -28 
-14 -71 -39 -7 -10 -9 -6 12 
-17 53 41 10 6 1 -7 -32 
-9 -6 12 -24 -10 1 -13 -14 
10 -14 -25 0 0 0 9 40 
9 7 59 18 4 5 4 -39 
-22 16 -22 -9 -3 -7 1 -2 
10 -7 0 -26 5 7 12 11 
7 -1 1 3 -1 -6 -26 -9 
-13 -2 9 14 2 2 17 14 
13 -7 -17 -14 1 0 -17 -11 
7 6 -23 6 -4 -5 10 21 
13 7 23 -5 -3 0 -5 -2 
-19 6 -60 -2 18 13 25 23 
-4 -5 49 35 3 8 -8 0 
-5 -32 -34 -16 -11 -12 -16 -14 
3 -1 -23 -29 -17 1 5 24 
24 30 12 -3 -9 -4 6 14 
-14 -2 63 11 10 -3 -13 -18 
-7 11 16 17 3 -5 5 -7 
-2 5 -30 5 0 0 -3 1 
7 -4 -12 -9 -11 -8 -9 23 
1 -18 -49 -12 -2 0 19 8 
-14 -19 57 13 -7 -4 -4 -37 
-18 -12 -73 -32 8 -6 -23 -16 
29 54 33 36 -2 9 14 25 
-24 -19 -22 -1 -9 -7 -7 -13 
21 -3 11 -13 0 2 11 65 
-5 -17 -43 4 0 -1 -8 -35 
-7 0 11 -24 1 -2 -4 3 
-23 -24 -4 4 -1 -1 13 50 
-3 5 7 18 3 1 3 -29 
33 5 13 -1 -3 -1 -11 18 
7 -9 11 -5 -3 -4 4 2 
-5 -12 -7 -9 -4 -3 -16 16 
-15 2 2 -3 -2 -1 1 9 
12 -13 9 7 2 0 5 -12 
-10 -10 -42 0 -6 -9 -14 -23 
11 0 -1 -20 -6 -2 -4 41 
-23 -2 -18 6 2 3 20 -66 
11 24 79 11 6 5 6 33 
-15 20 27 -9 1 0 -5 -20 
5 -1 -18 -7 -6 -6 -12 -17 
16 -5 -3 1 2 -1 -2 -11 
-20 -26 -22 -16 -5 4 -4 -16 
15 48 47 23 7 2 9 18 
-14 -21 -55 -9 -8 -1 4 -1 
-6 -2 4 -40 -4 -3 -9 14 
5 -9 -54 -15 -7 -4 1 -12 
12 -30 1 -11 1 2 2 1 
-28 -6 3 1 -1 -9 -13 -47 
-13 -2 -27 6 0 -2 -1 17 
10 5 25 0 0 0 5 11 
6 6 -7 -3 2 2 1 14 
6 3 0 -6 -2 -1 7 -5 
0 -22 13 12 0 -4 -8 -6 
-23 6 25 0 3 3 3 -3 
11 -14 -31 -1 -4 -4 -5 13 
-11 -17 16 10 2 1 2 -7 
-6 8 22 0 0 -1 -2 8 
14 23 -16 9 8 4 5 -7 
-26 -23 -16 3 0 -1 1 3 
12 4 -6 -10 -7 -5 -4 -14 
5 35 2 -33 -4 2 -5 27 
11 3 -5 5 -3 -4 -1 14 
7 8 22 6 3 2 -6 -45 
-45 3 2 17 2 1 -1 -10 
9 -2 -43 -19 -5 -6 12 -2 
1 -8 10 8 -3 -3 -5 10 
-11 -11 -20 6 -3 -1 -2 2 
28 16 22 -8 1 3 -2 14 
17 14 12 6 6 -4 -9 -16 
-17 -8 6 -10 -2 -1 3 16 
3 -5 -15 -7 -5 -3 7 -26 
4 10 53 11 5 4 -7 10 
25 -18 -56 -17 -7 -7 -11 11 
-16 -6 -7 -1 -1 -3 0 -32 
-15 2 17 -16 -6 -7 -15 15 
17 -7 -25 -8 -7 -4 16 33 
-41 -16 32 26 5 3 -4 -54 
-9 39 5 6 2 -1 -6 -5 
30 6 -12 9 3 2 -16 10 
-22 -31 -17 -25 -17 -16 11 -12 
-7 -8 -10 6 -2 1 -1 35 
-5 -7 -1 6 -1 -3 -10 -37 
-2 36 19 4 4 4 11 3 
19 -6 -38 0 6 0 -7 -5 
14 18 35 10 -4 1 0 40 
-33 -36 -38 -26 -5 0 4 -18 
19 -16 -23 -17 -8 -7 -1 -2 
-16 -6 -3 0 -1 -2 -9 -13 
20 23 28 5 0 0 -6 -24 
-25 2 14 28 2 -2 -4 -1 
3 -29 -41 -46 -12 -2 6 11 
15 -4 5 -5 -4 -3 -1 19 
-8 -9 -37 -8 1 2 -1 -18 
16 12 23 21 1 -1 0 24 
-17 1 15 5 1 1 -3 12 
-3 4 8 -2 -3 -4 -3 -77 
-14 -7 2 6 4 3 3 7 
35 9 18 4 0 1 1 18 
-24 -3 -35 -13 -5 -6 1 -7 
-6 4 27 13 3 5 4 15 
25 5 -5 1 -2 -2 -6 -1 
-39 -24 -25 -11 -7 -8 -2 -24 
-4 -9 12 1 0 1 -2 1 
12 21 10 4 0 2 0 5 
3 6 3 14 5 2 2 1 
22 -8 14 1 0 0 -6 18 
-17 1 10 -20 -7 -3 -1 -8 
13 57 -10 -5 1 -2 -1 16 
-27 -19 -6 9 -3 -3 -2 -45 
19 3 11 -1 2 -1 3 17 
-8 3 -8 4 2 -2 -4 -24 
0 -5 6 6 0 1 -1 19 
-4 -54 50 0 0 -3 -1 22 
-3 2 -27 -1 -2 0 2 5 
7 -3 -2 19 3 0 -1 -5 
2 12 -27 -31 -8 -4 -10 -10 
-28 -9 -8 10 -2 -1 1 -1 
-9 -4 0 -4 -2 -1 0 -10 
13 16 26 5 0 3 9 11 
-2 -31 -14 13 2 -2 -14 -1 
4 -3 9 -30 -9 -2 2 21 
0 20 -10 -12 -4 -1 -7 2 
19 -6 -32 16 -3 -6 6 -30 
-24 -9 -3 -3 -3 -4 -5 -24 
-2 -10 -16 -7 0 -1 -2 0 
-6 -1 -4 14 4 2 1 15 
22 20 66 0 -1 -2 1 31 
1 -24 -32 -17 -4 0 4 -24 
-10 4 -8 -11 -7 -3 0 7 
26 -8 -37 -7 2 -5 -11 -6 
-20 -21 2 -2 -3 1 16 9 
2 18 29 21 3 -4 -8 -35 
5 18 -11 -1 0 -5 -9 -8 
-6 17 37 -9 -1 2 8 8 
-6 -18 -7 -4 3 -2 -9 7 
24 -10 2 5 3 2 9 22 
3 1 -2 1 -1 -2 -5 -29 
-7 4 -9 -13 -7 -4 -2 -2 
-4 -3 -18 4 0 -1 2 -6 
-19 -12 13 0 -1 0 6 39 
-6 -23 -9 5 5 -2 -5 -50 
16 9 12 21 1 1 9 17 
-25 1 -18 -29 -7 -9 -15 -28 
14 -3 8 -14 -15 -2 2 25 
-22 -1 -15 -5 1 0 -5 -5 
1 -12 0 23 -1 -4 1 -28 
15 23 -1 14 6 8 8 49 
13 -4 -3 -2 -3 -2 -14 -56 
-12 14 5 -8 -5 -2 10 29 
11 -12 7 -3 0 -1 -9 -16 
1 7 -5 0 -4 -2 6 27 
-20 -13 -15 -10 0 -2 5 -43 
20 27 14 20 5 5 3 21 
-5 9 7 -18 -1 -1 -11 0 
2 -16 -12 3 -1 -2 -12 -14 
-16 -24 -13 -10 -9 -5 3 20 
-7 -9 -1 2 2 -1 1 -12 
7 -11 -17 -8 -1 -1 3 19 
0 15 6 3 -1 -1 -6 -14 
-12 -1 1 9 6 4 5 2 
26 2 15 -6 -1 2 1 18 
-13 -23 -31 6 -11 -6 5 -1 
-15 24 26 -39 -4 -2 -10 -18 
-13 -12 4 18 0 -5 -8 -20 
27 13 5 6 4 0 -9 15 
-6 7 9 12 3 4 16 3 
2 10 24 16 10 0 3 5 
8 -26 -68 -11 -10 -1 -1 8 
-1 -10 22 -6 -4 0 -2 20 
-20 -15 -45 -16 -6 -4 -3 -20 
3 -6 1 10 1 3 2 -28 
23 11 35 20 9 3 2 30 
-41 -10 -21 -17 -5 -6 -7 -28 
-1 -11 -22 -33 -11 -6 -12 -9 
0 7 8 12 3 5 0 -3 
13 6 18 12 4 2 4 18 
7 -2 -14 0 0 1 6 10 
6 7 19 4 1 0 -1 0 
-32 -6 -15 1 -2 0 1 -6 
9 16 -3 5 0 -6 -6 11 
-14 21 -23 -25 -11 -3 0 -11 
0 -23 -8 -3 3 0 -11 39 
-29 -30 -31 -3 -4 -4 0 -78 
3 1 17 1 0 1 2 17 
16 1 -13 12 0 -3 -8 -8 
-3 17 19 9 1 4 21 39 
24 -10 -20 -8 -8 -5 -11 -19 
-11 -20 20 18 5 1 4 16 
-7 -13 -20 -44 -9 -6 -6 -34 
6 4 6 -9 0 1 -11 -16 
-5 -7 11 18 -3 -2 8 35 
6 14 13 -2 4 -3 -9 -13 
0 3 22 18 0 3 4 23 
6 -14 -50 -13 -5 -6 -8 -30 
-13 -22 32 -1 0 -5 -3 5 
2 5 -3 -13 -4 0 -2 -2 
-5 2 -3 16 3 1 5 2 
4 28 26 8 2 0 2 -10 
10 3 -7 2 -3 -1 -3 5 
-18 -8 -26 -15 -2 -2 1 3 
16 14 21 11 2 2 1 11 
-17 -10 4 4 -2 -3 -3 -37 
19 12 7 6 1 1 -3 30 
11 7 12 -3 2 2 5 22 
-22 -8 -28 7 3 1 0 -41 
-5 -5 24 -17 -15 -8 -11 -28 
-21 -11 -20 -8 -5 -6 -4 -5 
-10 -15 -21 -13 -2 -4 -8 -20 
13 2 38 20 8 5 8 6 
1 -19 -21 1 1 -2 0 24 
-3 -6 4 -11 -3 -2 -3 -11 
-13 -8 -5 -11 -2 -2 0 -20 
17 16 31 7 -5 1 -12 15 
-9 -12 -21 -9 -1 -2 4 -2 
-8 1 -15 -7 -1 0 3 10 
-3 0 0 11 -1 -4 -3 -6 
-1 -22 -8 -19 -6 -4 1 21 
-14 19 -5 4 1 1 -6 -28 
33 5 -16 0 -2 -3 0 22 
-24 -29 -15 3 0 0 -5 -15 
4 2 12 2 -6 -5 1 5 
12 -9 -26 -12 -5 0 7 28 
-15 -8 -5 4 4 3 3 -1 
3 3 10 -7 -7 0 -3 -15 
-6 -5 -28 -13 -4 -2 -6 -6 
16 38 54 21 9 6 7 18 
-9 6 -7 -1 -1 -4 -5 -9 
6 -18 -40 -4 0 3 6 62 
-22 12 1 -1 0 -3 -1 -76 
10 8 -3 3 1 -4 -10 -15 
5 6 15 1 -1 -2 -4 2 
-14 -10 2 -9 -4 -1 3 0 
18 5 1 7 2 2 3 28 
-6 -11 1 -2 0 -1 -1 1 
-4 14 7 -2 0 0 -3 -19 
0 6 -24 -4 -3 2 5 -7 
4 -8 35 -4 -2 -5 -12 26 
13 5 20 3 -1 -6 1 -12 
-21 -3 -20 -5 -4 -1 -3 -13 
5 -8 19 9 5 0 0 -11 
-11 1 -43 1 -5 2 3 5 
-3 -7 -8 4 0 1 -1 1 
17 14 -9 -28 -3 -1 -1 34 
-9 18 19 9 -2 -2 1 -34 
-12 -12 -7 10 4 0 7 -9 
17 4 2 -2 -1 0 -13 10 
10 1 3 12 1 0 1 12 
-11 -1 12 -12 -5 -4 -8 1 
9 0 -32 -14 -6 -5 0 -27 
-29 -4 1 6 -1 0 4 -5 
4 5 18 7 0 1 1 8 
7 -28 -16 -7 -3 -2 -6 6 
4 22 32 5 2 -1 0 -29 
-10 -13 -18 -4 -1 0 -2 11 
-4 -7 26 0 -6 -5 0 -7 
2 -7 13 -13 -6 -5 -2 -17 
-2 -12 -10 -5 -2 -4 -1 39 
-6 -3 19 7 1 0 -7 -46 
16 13 23 3 1 1 1 17 
-13 8 -26 5 0 0 -3 2 
-18 -18 -18 -13 -6 -4 6 -13 
17 -15 -8 -11 -6 0 3 29 
8 -2 2 7 -1 -4 -6 -24 
-4 21 3 1 1 3 1 2 
-2 -14 -11 4 4 0 -5 9 
-23 4 15 5 4 3 3 -5 
13 -30 -62 -29 -11 -5 2 10 
18 5 5 11 0 -3 -10 3 
-8 11 5 -3 -4 -4 4 0 
-2 7 -1 7 2 0 2 7 
4 15 26 8 3 1 -5 -20 
-3 0 -21 2 2 -1 4 -1 
4 5 10 -7 -6 1 -4 -3 
8 -12 -35 -19 -6 -5 1 43 
-21 4 -3 4 1 -1 -6 -78 
-2 -1 14 -6 -4 -1 3 17 
27 15 14 21 7 4 1 -3 
-37 6 17 7 4 0 -8 -25 
1 -27 -40 -31 -9 -2 3 46 
5 3 19 11 1 -5 -11 -28 
4 -3 -14 -3 -1 -2 4 12 
14 10 7 2 0 2 5 -3 
-28 36 9 1 1 0 3 16 
-7 -33 -47 -32 -10 -7 -7 -1 
9 62 24 17 6 6 1 11 
-2 -7 23 -2 -1 -5 -8 1 
4 -12 -5 16 4 2 5 -19 
5 6 24 -1 0 1 -3 7 
-9 -8 8 -4 -5 -5 0 28 
-5 -11 -41 -13 -4 -1 0 -44 
-15 -11 -12 0 -4 -4 -14 -25 
3 0 16 -13 -3 0 -3 -7 
-5 -22 -10 -4 -5 -5 -9 -3 
6 8 19 11 4 2 6 9 
0 -13 2 1 0 -1 2 19 
-2 6 -26 -1 -2 0 -11 -3 
-13 -5 25 20 4 0 25 -25 
2 -7 -18 -43 -11 -8 -13 31 
-30 -20 -18 8 -6 -6 -10 -42 
4 1 8 9 1 -1 2 5 
4 -9 -9 -2 1 0 -7 1 
-1 -6 17 19 4 3 2 9 
12 10 3 -2 2 0 4 8 
