#EMG
#7
#ID:7-14
9 2 4 8 -1 -4 1 4 
-6 -4 3 -3 -1 1 3 24 
-1 3 -1 -4 -2 -1 -4 -10 
4 6 15 9 0 2 5 7 
12 2 -15 6 -1 -5 -14 6 
-34 -19 -36 -21 -9 -6 7 -5 
7 -6 -12 -11 -5 -5 1 -36 
19 -6 -2 -3 -5 -3 1 6 
-32 5 5 2 1 2 -1 -8 
31 15 23 17 6 4 12 21 
-28 -2 7 1 -1 -3 -25 -3 
-4 -1 -25 -6 -6 -3 14 25 
5 3 35 1 3 -1 -2 -52 
4 -2 7 -14 -3 -3 -8 14 
8 -5 -16 3 -2 -1 5 5 
-6 -2 11 11 4 0 -11 -9 
-2 8 -2 3 0 5 18 14 
-6 -19 13 2 -1 -5 -25 -4 
13 4 -2 1 4 5 -2 4 
-26 -7 -23 -13 -2 -3 2 -11 
-2 -3 -10 -8 -3 0 4 5 
12 10 11 -1 -2 -3 -10 -7 
-1 -5 -5 1 3 1 6 14 
6 -3 -3 2 -3 -5 -13 -17 
-8 -4 -3 -11 -4 -3 7 6 
6 9 -9 9 -1 0 4 6 
-36 -22 14 4 0 -3 -14 -8 
18 3 3 -1 1 3 -1 -9 
7 4 3 -1 1 2 8 56 
-23 6 -14 -1 -3 -6 -1 -85 
19 -12 -2 -7 -2 1 4 43 
3 -4 -13 -3 -2 -1 -3 -7 
4 -11 -17 -13 -4 -7 -11 -3 
7 8 19 12 1 -3 -13 19 
12 2 -20 0 0 5 37 20 
-22 1 16 -8 -3 -6 -25 -46 
17 -14 -19 10 3 0 1 -7 
-20 -11 -12 -6 -1 2 -6 -8 
-1 5 7 1 -1 -4 4 -5 
5 1 13 7 2 3 12 28 
-9 -5 -6 -16 -6 -5 -9 -21 
-2 -5 -10 5 -2 -3 -3 19 
-2 -14 -18 -21 -5 -3 -11 -28 
1 -3 2 12 0 -1 1 8 
-14 4 21 -1 0 -1 -7 -18 
-15 3 9 1 0 0 5 8 
0 10 1 3 -2 -1 -6 8 
38 16 14 25 6 6 3 35 
-43 -24 -44 -39 -9 -5 0 -59 
8 9 36 8 1 -2 10 28 
5 -12 -17 -28 -5 -3 -6 -17 
-6 0 -6 5 -1 -2 3 -1 
14 16 19 14 4 0 -5 20 
-7 -6 -4 0 3 5 -1 -9 
-13 12 -3 3 5 3 20 -1 
16 -3 12 -1 -6 -8 -17 5 
4 -11 -25 -17 -7 -6 -6 4 
-8 -7 -8 -8 -3 0 2 -19 
6 13 17 24 2 -2 -5 11 
-18 -11 -4 -5 3 4 8 -12 
10 10 9 13 -1 -1 -10 -3 
18 -3 -1 2 3 1 -4 45 
-14 -5 6 9 -8 -10 -25 -46 
-21 -6 -47 -59 -7 -3 23 8 
15 -2 22 15 1 2 -8 -30 
-2 3 -7 1 -1 3 26 7 
-8 8 -3 4 0 -1 -23 4 
8 -5 8 -4 -1 -1 -6 1 
-11 -1 -7 -1 -2 -2 -1 4 
-7 -7 -6 -4 1 3 -11 -4 
19 0 -10 2 -3 -1 6 18 
-11 17 20 7 1 0 -17 -12 
-1 4 4 7 4 2 27 16 
20 -10 -23 -13 -9 -10 -11 7 
-11 12 29 -3 2 2 10 15 
-7 -9 -21 0 1 5 -10 -10 
34 1 2 5 4 0 -35 -25 
-27 -11 15 2 -8 -6 19 -10 
2 11 -23 -14 3 1 -8 7 
-16 5 15 -1 -4 -3 14 9 
4 -3 -7 5 -2 -4 -19 2 
7 6 4 0 4 1 -23 -2 
12 -10 -14 -1 -2 2 69 20 
-24 4 23 2 3 0 -14 -21 
0 7 -8 -9 -5 -3 -4 44 
12 -8 0 -7 -5 -5 10 -59 
-7 -11 0 -10 -2 -1 -26 -23 
9 0 -1 24 0 -2 2 9 
27 2 8 1 -4 0 -1 27 
-39 7 -4 -3 3 2 -15 6 
22 23 30 7 -1 -1 23 -30 
11 -22 -46 -15 -3 -6 8 14 
-19 -1 6 -1 1 1 -13 -20 
15 16 -17 -7 -1 -1 3 21 
-17 -33 -7 10 -1 -1 -25 -3 
-8 5 26 -8 0 -3 6 -18 
11 -2 19 11 2 2 9 58 
-6 -15 -53 -15 -8 -4 -5 -60 
-15 7 -26 -1 -1 0 -31 2 
9 11 -17 -7 -4 -4 34 1 
-17 -13 3 -1 4 3 38 -8 
2 13 31 16 4 7 13 16 
19 0 -9 -9 -9 -10 -51 -30 
-19 6 52 4 0 0 13 25 
-11 -10 -57 -12 -3 -4 2 -13 
-9 -29 5 5 -1 -6 -10 11 
4 -21 -5 8 -5 6 26 23 
-5 20 51 14 0 -17 -77 -67 
-26 -4 -35 -15 -5 2 32 27 
12 -6 5 3 -1 -1 -3 -4 
-2 5 -7 1 -3 -3 6 14 
11 6 40 6 -3 7 2 32 
2 -21 8 -3 2 2 -11 -46 
-16 1 -1 -8 -3 -5 -16 16 
4 11 7 -11 -1 6 46 3 
-15 -25 -18 9 -2 -2 -26 -25 
4 8 4 -3 0 -1 20 7 
21 93 34 3 8 9 0 6 
-12 -17 -15 -7 3 0 -5 -1 
-2 -16 -27 1 -3 -3 -22 -20 
4 0 10 -1 -5 -1 -13 -15 
2 12 28 11 1 0 57 24 
-12 6 -17 -9 0 -8 -22 -4 
29 -8 -54 1 2 6 31 42 
-34 -16 43 -2 -10 -7 -48 -53 
-2 -9 -6 -8 0 -4 -19 -34 
9 16 -3 18 15 7 21 6 
3 -21 -3 1 -2 10 -29 37 
17 8 -23 -6 0 0 53 -2 
0 -24 25 0 -6 -7 -6 -10 
-6 6 14 -19 -8 -2 -8 -8 
-2 -14 -45 -3 -2 -7 -2 -9 
-2 30 17 -25 -9 -9 -16 17 
11 4 4 18 -8 -3 -7 19 
-32 -40 -16 9 11 3 -2 -41 
-1 -4 15 -11 -4 -12 -3 -23 
-10 -41 -22 19 1 6 16 26 
-2 -19 -62 -24 -9 -6 1 -9 
-21 5 40 -5 -4 -6 -10 27 
0 4 -38 -34 -6 -1 10 -13 
7 11 -4 34 4 2 -4 22 
21 17 15 13 2 0 -26 22 
2 25 -30 -17 2 -2 9 -71 
-21 -25 35 2 -23 -6 -5 -22 
7 11 -1 -21 -2 -3 6 16 
-4 -32 -49 -6 -6 -2 -2 6 
8 30 18 8 -5 -11 -10 34 
3 11 -42 -14 6 5 14 0 
-12 11 27 26 -1 -6 -8 -12 
-38 -6 -1 -17 -1 2 9 -22 
16 -23 -7 16 2 -7 -22 21 
15 28 42 7 11 3 14 3 
-4 -56 -97 -26 -3 -2 -18 7 
-2 12 10 -2 3 4 -2 -5 
6 -27 0 11 -10 -6 -44 4 
-14 10 4 11 7 12 51 -25 
11 22 38 -2 4 -4 28 6 
-15 -10 -50 -6 0 -6 5 -9 
28 11 75 -12 -12 -1 -7 28 
-16 -8 -9 3 0 0 20 14 
-8 -4 1 -3 2 -2 -38 -28 
-4 -2 7 30 0 -3 8 -22 
6 -3 -32 -29 8 4 2 24 
-12 3 7 -4 -9 -7 -30 -24 
0 8 15 16 -11 0 0 4 
20 -24 -5 1 -1 1 -3 12 
-18 20 23 6 1 6 -5 -17 
11 29 18 12 8 -5 -3 45 
-11 -24 -35 -15 -1 -9 -2 -50 
9 11 39 0 0 3 0 -9 
2 2 -8 12 6 3 21 42 
-23 -20 -27 -15 -6 -1 -4 -25 
11 7 17 5 2 3 -26 -10 
-3 -10 14 1 4 3 -13 -3 
-12 -16 -27 -16 -6 1 29 -35 
-11 -5 -2 -7 -2 -4 -45 11 
13 5 7 0 -2 -2 6 34 
-4 9 25 9 5 9 39 17 
-6 -1 -38 -4 -9 -14 -58 -45 
35 5 18 2 2 3 10 18 
-41 -11 -2 12 -5 -8 7 -11 
10 17 -36 -47 2 -1 -13 -15 
-10 -24 -13 -9 -17 -4 57 55 
16 -3 -37 9 1 -3 -56 -12 
-26 4 54 12 5 8 11 -74 
-6 -16 -49 -11 -10 -13 29 55 
9 14 10 11 9 10 -4 -24 
-9 -26 -62 -45 -14 -1 7 12 
17 -10 26 3 -3 -4 -14 26 
-5 1 23 13 8 -1 -22 -17 
2 27 -15 -25 -10 -5 -6 -14 
2 24 96 32 16 2 24 14 
7 8 -41 1 -20 -1 -16 18 
-2 -5 -19 -7 -6 -2 -8 -22 
-4 -10 1 46 7 0 6 0 
-26 12 22 14 2 3 -5 6 
7 -18 -47 -72 -4 -2 10 5 
-18 9 64 60 7 7 -12 -50 
21 -2 -41 -55 -5 -4 -4 45 
28 -11 -4 -3 0 -7 -1 -80 
-6 3 -3 27 15 7 -1 21 
-19 -8 -17 -23 -10 -9 -23 11 
12 1 30 13 3 4 9 19 
-11 -10 -29 27 1 -3 -35 -17 
12 18 19 -9 -5 0 45 6 
39 9 -2 -32 -1 -2 -15 -20 
-8 -23 11 4 -3 0 55 54 
-1 3 -3 9 -3 -5 -74 -1 
35 1 12 0 -3 1 55 -40 
-63 -15 -5 17 9 6 -52 -7 
-4 5 -44 -5 -5 6 105 19 
20 -38 25 -18 -10 -7 -54 37 
5 30 10 11 7 -7 -34 11 
-3 5 -26 -14 -3 0 27 -5 
3 -4 34 -4 2 -3 -79 -40 
-26 5 -1 3 0 10 55 35 
23 3 -12 -6 1 4 32 34 
16 8 29 22 -8 -12 -53 17 
-18 -14 -15 -2 0 7 49 5 
-24 0 -59 -6 -3 -6 -3 -62 
29 46 92 20 9 1 -15 7 
-3 -18 10 12 0 4 31 17 
-2 -9 -20 -9 -2 -1 -25 -2 
-18 -55 -14 -24 -11 -5 10 -26 
-1 11 -20 4 2 1 -12 25 
15 -17 -71 -2 16 -2 30 29 
-24 -16 19 3 -33 -12 -46 -33 
9 63 -11 11 28 5 32 6 
-17 -15 -24 -12 -20 -2 -39 -14 
3 9 26 -10 -10 -5 8 -17 
-7 -18 -2 26 21 -7 -24 -18 
16 0 -12 -19 -19 6 36 21 
-9 -6 -10 13 9 -1 -1 15 
-10 -10 53 -1 -4 -9 -14 -31 
-8 12 -16 -10 1 2 -7 -22 
19 26 36 31 -4 -1 11 35 
-8 5 38 -24 7 2 -9 -7 
0 -21 -48 -6 -10 1 9 28 
23 41 -13 1 1 0 -5 30 
-23 2 -30 -12 -2 -7 -17 -100 
-3 -5 42 9 -1 -3 -18 -13 
-1 6 9 -20 -6 -4 -16 19 
-20 15 2 12 13 10 10 -47 
35 -10 30 -11 -3 2 33 95 
-9 -19 -57 -19 -4 -4 -7 -30 
-3 8 3 28 -2 1 -4 21 
32 0 22 19 0 -1 -13 -12 
-6 -25 39 -9 6 4 18 9 
-21 -3 -32 4 0 -3 -24 -20 
11 -8 -12 -28 -9 0 17 45 
6 -8 23 -15 3 -1 -24 -45 
-13 -5 -27 22 -4 -10 3 -12 
-13 -6 -1 8 -3 0 -6 -2 
-9 13 12 6 6 0 6 7 
-23 -17 -35 15 2 2 13 16 
-3 -9 -8 -36 0 -6 -13 -10 
7 12 21 28 -3 6 -2 26 
-7 4 9 31 0 2 1 -62 
-15 0 12 -39 -12 -9 -17 12 
4 -5 8 -2 0 15 54 23 
-11 -24 -28 3 -7 -25 -39 15 
49 8 0 -29 -6 -3 18 -18 
-28 1 10 10 -1 2 -9 -35 
-25 7 -4 5 4 -1 -5 -4 
59 -2 7 -3 8 10 17 13 
-32 -18 -19 -11 -6 -4 2 31 
14 4 -5 -9 -5 -7 -19 -2 
8 0 -12 8 0 -2 -10 3 
-23 -3 4 1 1 4 10 -3 
14 1 -12 -13 -4 -6 -18 -20 
-2 5 26 10 6 9 19 25 
5 2 -4 -4 -6 -7 -19 -5 
-22 -11 -9 -26 -5 -2 4 -16 
8 0 1 13 6 6 18 10 
-6 -13 -5 -6 -4 -5 -9 18 
8 8 2 -5 -2 -3 -9 -7 
-8 -16 -28 0 6 3 1 -21 
-7 -4 -5 -10 3 2 7 6 
14 10 11 9 3 0 -4 29 
-14 -16 -9 -12 -5 -6 -11 -24 
-5 1 -11 5 -6 3 7 -9 
2 4 38 -7 1 0 -6 -4 
0 1 -14 -7 -1 -2 -2 -3 
-9 1 -5 3 -2 -1 3 -2 
-7 6 7 0 0 -2 3 3 
8 -1 -21 -4 4 -1 -7 -10 
-2 -2 0 6 -6 -4 0 12 
1 -17 0 -2 -1 -3 1 -9 
0 -2 19 -15 -6 -4 -5 17 
-24 5 16 14 6 1 -8 -28 
-12 -5 18 0 1 4 13 9 
-10 -5 -26 -5 -6 -5 -12 -19 
3 -4 -10 -1 2 0 0 4 
0 -5 -4 1 -5 -3 3 0 
12 -9 -8 -10 -3 -5 -7 5 
16 16 2 7 2 5 12 53 
-19 -16 -8 -2 3 -1 -3 -50 
-11 11 -2 1 -7 0 -4 1 
1 -16 -17 -7 -12 -8 -7 -23 
1 11 22 8 -2 -3 -9 -9 
28 0 -5 -1 2 0 2 38 
-33 -13 -21 -16 -7 -2 -3 -37 
16 -1 -3 0 2 -3 3 25 
-12 2 8 -4 -4 1 2 -14 
6 -18 -6 3 -4 -5 -5 4 
13 10 -2 -3 -1 0 0 11 
-10 9 16 1 -1 -1 -3 -10 
-3 1 -17 2 2 -2 -2 -5 
-15 16 32 -3 -5 -4 -2 -13 
0 -18 -31 -1 -5 -1 -3 36 
19 12 19 3 1 -1 2 -42 
-16 -8 -9 -10 -5 -6 -3 7 
-7 -2 -8 3 -2 -1 1 23 
11 -10 2 3 3 2 -2 -41 
-8 -4 -9 4 3 0 -3 21 
14 6 15 1 1 0 2 -8 
-9 2 5 1 -7 1 -4 -11 
11 4 -4 12 12 -2 4 21 
-14 -14 -20 -15 -15 -1 -3 -31 
-1 -1 7 -6 1 0 2 11 
14 -11 -22 -2 -2 -4 -1 13 
-9 8 15 2 3 -3 -6 -10 
8 0 3 0 -2 -1 1 10 
10 -2 6 3 2 1 -1 10 
-27 7 -15 -17 -4 -3 0 -21 
-7 -10 -10 6 -5 -3 -6 -17 
-7 -2 0 -5 1 -2 2 5 
5 -3 -14 1 -2 1 -9 -6 
2 -13 4 -4 1 -2 12 3 
-3 -6 8 -9 -4 0 -2 16 
-8 2 -6 5 2 0 -2 -8 
7 6 -12 8 0 1 3 46 
-23 -12 9 -14 0 0 -13 -56 
0 11 -9 -13 -11 -7 -2 0 
-7 2 0 6 5 1 -7 -23 
1 -9 -4 -4 -2 -5 -3 -4 
11 17 2 13 3 2 3 18 
0 -19 13 -3 -1 3 4 12 
14 1 -14 -8 0 -1 1 4 
-33 2 38 3 -1 0 -2 -38 
4 -14 -22 3 2 2 -4 9 
1 8 3 -21 -9 -2 -1 -7 
13 -2 -2 5 1 -2 5 23 
-1 -23 -7 -4 -1 2 2 -5 
-11 -1 -15 0 0 -3 -7 -26 
-1 -8 -11 -6 2 -1 -3 13 
-9 13 32 10 0 0 -2 -20 
-4 -4 -22 -5 1 -4 1 -7 
3 -3 -2 1 -3 -2 0 31 
-6 -1 -1 6 -1 -3 -6 -30 
14 14 14 2 2 0 4 43 
-1 -3 -6 -3 0 -1 0 -52 
-7 10 13 -4 -3 -4 -2 15 
1 -13 -5 -3 -2 -3 0 -1 
-7 -9 4 -1 -3 -5 -5 -19 
6 1 -5 -5 -4 -4 1 31 
11 3 -16 5 2 3 5 2 
-31 8 5 -3 2 -1 -3 -22 
2 -15 -20 -4 -8 -6 -11 9 
4 5 32 3 -1 1 6 4 
1 -7 -18 -1 -4 -1 1 6 
4 5 5 3 3 1 1 19 
-14 3 -24 -5 -3 -3 -4 -39 
9 1 -1 3 9 -6 -5 21 
5 8 1 0 -16 2 1 -7 
-1 -6 7 -4 -5 -3 0 19 
-8 2 -4 1 6 1 -4 -12 
9 2 1 -7 -10 -2 -16 -2 
-7 1 -12 -2 3 2 17 -46 
6 -2 -8 6 -2 -3 -3 -11 
11 -3 -4 -7 -2 -1 8 26 
-10 2 -1 3 1 -2 -3 18 
0 -14 18 3 9 -3 -11 -15 
9 -2 -31 -15 -8 -2 1 24 
5 1 5 -5 2 1 1 -4 
2 -2 -1 0 -4 1 6 -6 
3 8 1 -2 -3 -4 -7 13 
4 -15 -3 -1 0 -1 1 -6 
-14 -4 -12 1 1 2 -2 0 
-7 -2 -16 -1 -2 -1 -5 -16 
-21 -4 8 0 -3 -5 -3 0 
-2 2 5 2 0 0 0 -1 
6 4 13 4 2 0 -2 14 
-2 5 -14 -8 -3 1 6 -3 
4 -27 -4 -2 -3 -5 -13 -3 
8 7 5 -1 -4 -3 -1 8 
-4 -2 -3 -1 3 -3 0 -6 
-7 -22 -2 -1 -4 1 -1 5 
6 13 2 1 2 6 4 13 
1 -3 -8 -5 -2 0 0 -19 
7 7 0 -3 -3 -1 -1 -11 
-13 -20 -5 0 -1 -3 -3 3 
-4 7 16 2 4 0 2 -2 
4 -3 -16 -2 1 3 1 10 
0 12 29 1 -7 -1 1 -2 
4 6 0 1 -1 -3 -12 -18 
2 -4 -1 -2 -3 -4 -4 5 
-2 -3 -14 -20 -1 0 2 -2 
1 -1 14 5 1 3 11 2 
14 4 -6 -9 -7 -6 -9 -1 
-11 -7 -10 -5 -2 -3 -2 -5 
0 3 12 14 2 -2 -4 -3 
-22 1 1 -4 -4 -2 -1 -8 
8 -8 -13 -6 1 1 3 19 
7 20 5 -1 1 -2 -2 -13 
7 -1 4 5 0 1 5 15 
-16 -10 -13 -6 -1 -1 -4 4 
-4 15 -13 3 0 -3 -1 -35 
5 7 25 -2 0 1 -2 12 
-6 8 16 0 1 0 1 -4 
4 0 -5 14 3 -3 -7 -7 
7 -16 1 -2 -10 2 7 24 
-26 -10 -13 -8 -6 -2 4 -2 
-4 -1 -6 2 -2 -4 -6 -14 
13 -13 -7 -9 -3 -4 -5 0 
0 12 20 5 5 -3 0 -5 
-1 -8 -9 -4 -4 -1 2 16 
-2 1 3 7 -1 -2 -4 -30 
11 -7 -20 -2 2 2 -2 0 
-9 -1 -3 -2 3 2 3 -1 
7 -7 4 3 4 -1 -3 9 
2 3 1 5 1 2 4 10 
-1 4 5 0 -4 -4 -8 -21 
6 -3 16 0 2 0 0 7 
8 7 -7 -4 -1 -3 -2 9 
-8 -7 -18 0 1 2 -2 9 
-11 -17 -6 -2 -2 -4 -3 -17 
4 10 13 1 0 0 4 46 
-16 -32 -17 -4 -2 -2 -9 -96 
11 21 29 2 2 2 3 19 
-15 2 0 -6 -5 -1 2 0 
0 -13 -27 -7 -4 -6 -13 -1 
1 3 1 -6 -4 -1 3 8 
-5 -7 -17 7 7 1 0 -10 
-22 -18 10 -2 -6 3 4 15 
-1 3 -3 3 -1 -2 1 -7 
19 9 7 1 2 -2 0 7 
-1 10 3 2 -2 1 9 -14 
-12 -3 -8 -7 -2 -7 -14 4 
-5 -2 -11 6 2 -1 -2 -7 
13 0 16 -11 -8 0 0 42 
3 5 4 2 -2 -2 -4 -19 
-3 5 -14 -2 0 -2 5 -11 
-6 4 9 -3 -1 -2 -9 -38 
-7 -5 -16 -3 3 1 2 7 
14 38 21 -2 -1 1 3 29 
13 -13 12 6 1 1 -2 -8 
-17 -7 -5 -6 1 -1 0 -13 
-1 7 -2 6 -2 -2 0 13 
2 -8 -6 -5 1 2 -1 -3 
-6 -6 -2 -4 -5 -3 -7 -15 
-3 1 17 0 -3 -2 7 5 
15 -2 -4 -2 -3 -1 -7 10 
-33 -15 -12 -2 -3 -6 -5 -14 
5 10 1 4 3 2 0 1 
1 -5 -13 -7 -3 0 2 -5 
-10 6 19 11 -2 -1 1 6 
14 -9 -4 1 -2 -3 -2 4 
2 14 0 -9 -10 -4 -8 -18 
3 -17 -29 -5 -1 -2 3 45 
-16 -23 -11 -4 -3 -3 -7 -72 
-6 -17 4 -5 -1 -4 -5 27 
16 5 1 2 2 2 8 44 
3 27 22 14 1 1 -2 -42 
-13 -4 -28 0 6 0 1 3 
17 -19 -15 -2 -6 -5 -7 -4 
-29 -14 -4 -7 -3 -4 -1 2 
8 5 -1 -5 -1 0 -1 -3 
4 10 5 2 3 3 1 4 
-12 4 9 3 -2 0 -2 -11 
21 3 -22 -7 3 1 -4 12 
-10 -8 -10 -1 -2 -3 2 6 
11 -1 19 -7 -9 -1 2 15 
-15 -5 -9 -8 -7 -2 -6 -23 
1 7 11 6 0 1 1 -10 
-13 -11 -20 0 6 0 -2 -9 
9 3 -1 -5 -4 -4 -9 2 
-1 0 6 9 3 -5 -1 8 
-11 -5 -4 -8 -3 0 2 2 
5 3 9 -3 -4 -1 -1 5 
-3 -6 -12 3 5 1 -3 -22 
3 25 20 -1 2 0 -2 -14 
-11 -3 1 5 0 -3 -5 -19 
-4 -19 -24 -18 -6 -1 0 12 
-8 3 -1 1 0 2 2 2 
4 0 1 1 -2 0 -1 9 
12 4 -8 -2 1 -1 -1 17 
-4 7 19 11 -1 1 -5 -22 
-7 -14 -16 -6 -6 -6 -3 -4 
-8 -2 -6 -8 -6 2 -3 -11 
3 -5 -7 -4 -5 -3 3 2 
0 -7 -12 -2 -1 -5 -4 5 
-2 5 6 1 -2 -1 4 -5 
25 -1 1 1 0 1 -2 27 
-42 1 -17 -3 -3 -1 1 -19 
-4 -17 15 3 5 1 -4 -3 
11 -3 -3 -2 -5 -5 -2 2 
-6 -10 -16 -9 -4 -3 1 24 
11 5 20 8 5 2 1 7 
4 -1 -2 -10 -2 -4 -2 -31 
5 9 -3 6 3 2 2 4 
3 -8 3 -2 -3 -4 0 20 
0 -7 11 3 2 -1 1 -5 
-15 -3 -18 2 -2 -1 -9 -26 
10 1 20 -4 0 1 -1 13 
-14 -7 -3 -8 -1 -1 -3 -19 
14 10 2 -7 -2 -2 -1 26 
5 -7 -8 1 1 1 5 9 
-4 6 2 -6 1 -2 -2 26 
-15 -18 -22 1 -5 -3 -6 -50 
14 -8 16 -2 1 -1 -1 -1 
-32 -1 -8 5 -1 1 2 -4 
2 4 18 -2 -1 -1 -6 -13 
0 12 2 3 3 -1 -1 29 
14 1 5 -6 -2 -1 2 -27 
7 10 -2 6 -2 0 5 12 
-10 1 -31 6 9 -1 -4 0 
6 -23 5 2 -8 -3 -2 3 
-4 -6 -8 -8 -7 -2 -5 -10 
3 -3 3 -10 -3 1 5 28 
-1 7 4 11 -1 -1 1 -26 
2 9 -8 -10 -6 -3 -5 -1 
-7 13 -13 14 6 2 -2 -1 
-1 12 32 -4 -5 -3 1 20 
-4 -17 -16 -7 -2 -2 -4 0 
2 5 7 1 4 1 2 -7 
-7 -5 4 2 1 1 0 -8 
1 -2 4 5 1 -2 -1 1 
-1 -5 -25 -20 -5 -1 -1 -1 
0 3 2 -3 2 1 -2 2 
-5 7 5 6 0 1 4 -9 
-26 -13 -21 -9 -6 -6 -7 8 
3 -3 23 2 -4 -3 -3 -34 
-18 -3 -11 5 4 2 3 3 
3 -5 0 -3 -4 -4 -7 2 
6 12 11 3 2 2 -1 -5 
0 -1 27 19 6 4 13 18 
-1 2 -36 -23 -8 -5 -10 -8 
-2 -8 -37 10 5 -5 -6 -1 
-2 -6 21 -14 -15 -6 -5 -17 
-2 0 -8 -8 -2 -2 -2 5 
6 9 18 9 1 3 5 -3 
-4 -5 3 -1 1 1 -1 -2 
15 12 -10 0 2 -3 -1 28 
-8 -2 -13 -8 -4 -3 -5 -25 
5 1 8 5 4 2 3 16 
-24 -4 5 -4 -4 -3 -3 -19 
8 1 -1 7 6 1 -8 -12 
0 -1 -3 0 -2 0 5 2 
-13 -12 27 8 -1 -2 2 12 
24 14 -31 -21 -4 -3 5 53 
-2 -6 -19 6 1 -1 -12 -46 
-6 -13 12 2 0 -2 -1 12 
0 -2 -3 4 4 1 -2 -23 
7 1 24 3 0 1 2 17 
-2 -3 7 -5 -2 0 4 4 
-8 9 -10 -4 3 1 -2 25 
0 9 5 7 -4 0 -3 -28 
-4 -18 -9 -14 -7 -4 -5 -9 
9 -3 -6 -3 0 -1 1 1 
2 3 9 2 -4 -5 -2 13 
0 16 6 -3 3 3 8 5 
31 -7 -10 10 3 0 -8 -3 
-39 -15 -7 -16 -2 -2 2 -3 
0 -7 12 -3 -6 -4 -3 -15 
7 11 -4 -4 -4 -4 -4 1 
-4 0 -4 5 -1 0 1 -5 
20 20 5 9 5 2 0 8 
-1 11 13 6 1 6 10 22 
5 -23 -30 -7 -4 -5 -9 -34 
-10 -3 -16 -12 -7 -6 -2 -16 
3 -9 6 -2 -1 0 3 14 
3 8 -3 -4 -2 0 0 8 
2 2 9 2 -1 -2 -1 4 
-9 4 10 10 3 -1 4 0 
3 4 -8 -15 2 4 -1 -7 
-12 -10 -14 -8 -4 -5 -8 14 
12 -22 -13 -9 -6 -5 -5 -14 
-27 7 11 0 -1 2 -5 -12 
3 3 13 7 2 0 1 -14 
3 4 2 7 2 4 0 11 
10 5 -20 -8 -4 -4 -7 -11 
0 -6 6 2 1 4 14 49 
-22 -14 -24 -4 -7 -5 -14 -75 
8 -3 1 -1 3 -3 0 3 
-6 3 -2 -3 -2 0 4 16 
19 3 -7 -5 -3 2 0 5 
5 -6 22 13 1 0 -5 6 
-20 -5 -23 -13 -2 -6 -6 -23 
2 2 23 -5 -1 0 2 8 
3 -5 1 1 -1 -3 -5 -8 
-6 7 16 2 -1 -2 4 20 
7 -5 3 7 3 1 -5 -9 
-11 -4 -16 2 0 1 1 9 
-13 1 5 -3 -2 -3 -5 -23 
13 0 17 6 -1 1 10 24 
6 -3 -15 -12 -7 -4 -8 -24 
-20 3 24 8 -1 -1 1 39 
-5 -5 4 5 3 0 -7 -35 
1 -1 -43 -1 -2 0 8 -14 
