#EMG
#3
#ID:3-82
10 1 17 16 3 3 2 1 
-53 -1 -2 -3 -3 -8 -45 -40 
27 -4 -32 -10 -2 2 32 44 
-27 -4 -16 2 -3 -5 -8 -15 
-3 1 21 1 -3 -2 0 5 
12 -3 -10 -6 -3 -1 1 16 
-1 9 -2 0 -2 2 13 -17 
-8 1 -9 11 2 1 -24 3 
7 -1 32 -5 -2 -1 -4 -30 
-8 5 5 7 4 2 15 3 
-13 -1 -14 -7 -5 -3 -8 -5 
4 -5 4 6 0 3 14 -10 
9 9 34 2 0 -4 -13 10 
8 -5 -19 -9 1 1 13 6 
-17 -4 -17 -5 -5 -4 -55 -13 
4 -12 33 0 -3 0 47 5 
-17 12 -14 -1 -1 -4 -2 -22 
-10 -15 -16 -1 -2 -1 13 5 
25 5 -8 -3 4 2 -8 -4 
-11 10 -2 -7 -11 -9 -6 12 
2 -6 -15 1 3 3 -3 -7 
-1 4 13 -6 -4 -6 -2 16 
12 8 18 3 0 -2 16 -7 
6 -4 -17 0 0 -1 -17 -9 
3 18 -30 -6 -2 -1 8 4 
-1 8 23 7 1 3 10 7 
2 -10 -5 -7 -4 -3 2 -8 
-6 1 14 -4 -1 0 -8 -7 
-3 -7 -10 -2 0 0 -3 11 
8 8 -3 3 1 0 4 -2 
-16 -3 8 -4 0 -2 -3 -3 
18 -1 -12 11 2 -4 -18 -39 
-9 -10 -7 -12 -6 -1 19 4 
-26 -18 -32 -6 -5 -4 -49 -47 
-25 7 6 1 -2 0 38 -6 
16 -7 -20 -12 -5 -7 -44 -18 
6 -1 18 13 3 5 31 47 
8 6 17 5 1 -3 -10 2 
3 -16 -8 -7 -5 -5 9 -10 
-23 -5 -4 3 2 8 7 -9 
1 -4 -14 -9 1 -6 -28 3 
-4 -21 -34 -10 -5 -4 15 11 
13 10 22 -1 -1 1 -4 7 
-13 4 1 5 1 -4 6 -6 
-1 -8 -3 2 1 5 1 -10 
-4 -11 11 3 2 0 -6 1 
8 9 1 4 1 -2 -7 7 
-7 1 -14 -7 -3 -1 1 4 
-4 -12 -11 -6 -4 -6 -11 -26 
-12 -8 -8 -17 -2 2 5 21 
10 7 28 3 -1 -5 -1 -39 
-43 6 -10 -5 -3 -1 0 -8 
49 -10 1 1 3 5 -3 19 
-5 2 8 10 -3 -4 23 24 
-26 -6 -25 -7 -2 -5 -21 -33 
15 -2 -9 2 0 0 5 12 
-20 -1 -9 -7 -4 -1 -13 -17 
17 17 11 5 0 -2 22 9 
6 -19 -46 -6 -2 -3 -35 6 
18 0 46 6 2 0 7 8 
9 9 -1 8 -1 -2 -2 33 
-6 -12 -10 -23 -4 -2 -10 -69 
-13 3 13 9 2 5 11 8 
3 -7 -36 0 0 -5 -20 -6 
-20 -19 25 -4 -7 -4 24 27 
9 10 31 16 3 -1 -38 -42 
3 -5 -1 -12 -5 -4 26 33 
12 -1 -12 -3 -2 -2 -30 -19 
-16 -16 14 1 0 1 18 23 
16 5 11 6 0 2 -2 2 
-35 -3 -9 -3 1 4 11 -3 
6 -14 9 12 4 4 -8 10 
-3 -11 -15 -7 -6 -8 -12 -4 
13 5 -4 -13 -5 0 13 28 
5 -18 -14 0 2 -2 -36 8 
-1 15 65 3 0 -1 64 -21 
3 9 -27 0 4 2 -1 -12 
-20 1 14 11 1 1 -14 -8 
41 10 -3 -9 -10 -4 22 20 
-14 -9 -19 -17 -1 -6 -38 17 
-14 -5 14 9 -3 -1 18 -13 
34 3 12 -2 0 0 -25 -3 
-38 13 6 16 4 4 12 11 
3 -4 0 4 4 4 -13 -23 
16 19 -41 -12 -2 -1 -16 33 
-13 -20 -2 3 -10 -8 32 -12 
-1 -5 -1 -17 -4 -5 1 -11 
-17 18 15 8 0 1 5 27 
6 9 39 2 5 2 -20 -54 
-2 1 -32 6 1 3 -3 18 
18 -9 -12 -23 -4 -5 2 -9 
-21 -44 -5 -7 -5 -6 -2 25 
-12 -6 4 4 -1 -1 9 -51 
-4 5 3 1 3 4 14 17 
-8 -33 -5 2 -1 1 -27 -46 
20 1 -3 3 -1 -1 30 69 
-2 29 21 -7 -4 -7 -17 -6 
-11 -25 -25 -7 -1 -1 3 -15 
22 9 7 20 1 2 3 30 
-15 8 -5 -20 -3 0 -3 -41 
-6 4 -2 14 5 0 -5 -4 
-1 17 30 -6 -1 -2 38 56 
-18 -3 -2 6 -2 -3 -20 -42 
21 5 -45 -14 -3 0 21 -13 
16 3 38 -3 0 -1 11 23 
-39 -9 8 -1 -4 -6 -28 -30 
-2 -6 -13 -14 -2 0 6 23 
9 22 12 1 -2 -3 -6 -3 
-14 -47 -31 3 2 1 -30 -15 
14 24 15 6 5 4 30 -1 
-18 6 48 5 -4 -5 -34 -22 
2 0 -8 -5 -4 2 10 -4 
32 -3 -28 -2 -4 -1 -19 21 
-42 15 8 -5 -4 -2 20 -16 
29 -22 -6 22 3 -1 12 28 
9 3 -4 -20 0 2 5 -51 
-17 2 40 3 -6 -2 7 12 
-15 -6 -36 -1 0 -2 -23 6 
9 18 -3 -5 2 0 5 -13 
-23 -13 -15 7 1 -1 -3 30 
-18 25 69 9 -2 -3 17 -22 
23 -27 -49 -6 1 0 -5 -24 
13 18 -11 -10 -3 -5 -40 22 
16 15 15 14 -3 -4 6 28 
-22 7 3 -14 1 0 11 -18 
23 3 7 15 6 4 -9 14 
-10 13 22 -1 -4 -3 4 -2 
1 -11 -12 2 1 5 -2 -26 
9 7 -22 -4 -3 -11 -7 23 
8 -3 0 8 -1 -1 -14 -11 
-4 -23 19 -24 0 3 26 10 
-12 27 12 5 2 0 -31 -22 
-2 -21 -68 -1 0 1 11 -11 
11 -23 -25 -9 -5 -4 -12 36 
-5 -7 -20 -2 -4 -2 -1 5 
-24 2 5 -2 -5 -9 -13 -43 
14 33 28 4 4 6 57 45 
-1 2 -46 -27 -7 -4 -1 -10 
-18 -11 -10 8 -1 -2 3 -8 
35 -4 -9 13 1 5 -2 24 
1 -19 4 -7 -1 5 -33 0 
-17 -5 17 2 -1 -7 12 3 
19 9 -2 -1 -5 -1 15 5 
-20 -35 -41 -36 -3 0 -65 -66 
-14 -20 -64 -4 -4 -2 38 36 
7 11 10 -4 -4 -7 -7 -8 
-19 -8 -3 13 8 3 -10 -9 
8 3 -4 9 3 -1 -23 -6 
-31 8 -1 9 -2 -2 -8 -25 
-2 -12 -1 0 -1 -1 -33 -13 
7 23 -47 1 -2 -7 18 6 
-13 -8 14 -5 -1 -4 -54 -30 
-1 -14 -7 -3 2 7 50 35 
7 -4 19 2 -4 -4 7 12 
-9 -11 -31 4 -3 0 5 -5 
15 1 9 12 0 -3 -10 21 
-24 -32 -91 -37 -5 -3 3 -16 
-7 6 19 23 -2 -4 -14 0 
-3 10 22 -29 -3 -1 -8 -11 
17 2 -8 5 -1 0 26 39 
15 32 13 9 0 -2 -26 -45 
-5 1 33 -10 -2 7 43 10 
-14 -29 21 12 6 3 -35 -23 
-3 12 -23 -4 -5 -2 52 27 
-4 10 23 -5 -2 -4 -36 3 
-24 -23 -55 -4 0 -1 15 -11 
36 8 68 13 -1 3 -32 15 
-34 -18 -35 -15 -2 -7 -43 -55 
46 -19 52 2 -1 3 37 42 
-10 -14 -5 0 0 0 -13 -14 
-34 -12 -2 8 -1 1 40 17 
34 12 7 9 4 -3 -15 18 
-34 -17 3 3 -2 -4 -36 -34 
16 67 43 -13 6 7 -11 -9 
15 1 16 10 -8 -7 9 -8 
-10 21 14 4 7 6 36 30 
-6 7 -65 13 0 -3 -25 -31 
7 -50 -18 -1 0 -9 -7 13 
-28 12 48 -2 -8 5 7 -27 
36 61 46 -31 -1 2 24 47 
1 -3 70 40 0 -2 -25 -8 
18 -16 -60 -15 -8 -7 -16 -19 
-35 -9 26 8 8 3 20 -21 
-16 -28 -51 -18 -1 -9 26 39 
13 -42 46 22 -5 1 -24 -17 
33 92 -67 -18 -2 2 16 27 
4 -42 -2 -20 -11 -3 -8 34 
-11 20 -46 3 -3 -5 3 -45 
-24 -28 -47 -26 -10 -3 5 -18 
-30 16 29 16 0 -2 -22 13 
32 -11 -63 -23 4 -6 0 -31 
-21 26 56 -10 -7 -1 -13 -22 
-5 -3 -17 6 -6 -12 -43 -27 
-5 -18 28 8 -5 3 41 17 
12 -15 -47 -27 -1 -1 8 32 
22 -41 34 12 -2 -5 6 23 
-54 17 5 -3 11 13 -5 -72 
4 -19 20 3 3 1 0 -14 
11 8 -14 -1 -3 -5 10 28 
-16 -30 13 14 -3 0 0 2 
36 21 12 4 -5 -6 8 42 
-9 -7 -43 -30 2 0 -76 -33 
-5 2 9 3 0 8 44 24 
1 -2 27 18 4 5 -34 -79 
12 2 -22 -31 -7 -7 81 70 
-29 -3 54 27 5 0 0 -2 
39 17 -8 13 5 -1 -34 -41 
-11 -25 -4 -17 -14 -12 -41 4 
27 25 14 10 7 6 22 30 
-51 -29 -12 -6 -5 -9 -31 -23 
5 20 12 -1 -2 0 30 17 
-18 13 -52 17 3 4 -38 15 
56 -24 90 -3 -5 -8 -18 22 
5 33 28 12 0 0 -14 -52 
-3 -28 -40 -16 0 -1 15 60 
-21 -38 -2 -6 -1 -5 -55 -72 
5 15 -9 8 5 9 67 56 
-46 -50 -15 -30 -14 -16 -61 -33 
-49 9 29 25 4 0 13 18 
36 4 -13 -7 -3 0 46 27 
-32 22 -30 -19 0 -8 -60 -47 
63 39 -32 22 3 6 46 14 
-16 4 18 -36 -11 -5 -18 -40 
-11 -21 68 5 -9 -8 24 32 
-3 -7 -32 -29 1 4 -49 -13 
0 -18 -16 -16 1 6 19 5 
-3 -21 -108 9 4 0 -25 -22 
26 92 106 26 4 4 42 32 
-11 -34 -33 9 1 -9 -9 -20 
5 -13 -14 -34 -8 8 25 16 
6 4 14 27 3 -3 -2 10 
-14 -16 -16 -3 2 0 25 2 
1 6 -63 5 9 3 6 7 
12 -2 14 9 -10 -6 4 19 
-4 21 -19 5 5 3 -17 -7 
10 12 -13 -27 -9 -3 13 20 
-27 -92 -56 6 7 -1 -3 -1 
6 19 60 31 1 3 7 -4 
20 22 47 -14 -14 -2 -2 22 
-12 -60 -90 -6 -19 -15 7 0 
-26 12 17 -35 4 -1 -16 -68 
22 22 98 19 6 16 -3 22 
-29 -71 -62 -10 3 -6 -8 -38 
34 4 -17 -3 2 3 18 52 
-7 28 7 4 -9 3 7 26 
-2 14 -57 7 9 -5 -27 -73 
-22 -3 84 -11 2 -1 -28 -19 
-20 -35 -52 16 -4 -4 4 -17 
38 57 24 6 0 -3 -18 32 
-20 -26 -31 0 -7 4 77 59 
33 38 20 -9 -1 1 -6 15 
-45 -4 -2 -17 5 0 -7 -65 
-3 33 34 27 -4 -2 21 -1 
10 8 44 -5 -10 -14 -29 25 
14 36 -18 36 1 0 7 16 
15 -23 40 -3 -1 11 6 47 
-21 2 -9 -19 5 -2 8 -82 
-7 -31 -84 -24 -16 -7 -4 5 
-3 -23 35 4 -6 -10 -1 -13 
11 41 50 22 15 13 -9 21 
-17 -21 4 -1 -5 -5 30 26 
5 -8 -24 -18 0 -7 -15 -39 
10 -10 -25 21 12 9 13 22 
-33 -11 -8 -37 -29 -13 -43 -53 
-1 2 43 -5 -10 -5 34 8 
-13 -69 -14 16 6 -3 8 1 
29 14 -29 -23 -3 -3 3 4 
47 -40 -86 -2 7 -2 -4 60 
-30 18 60 -12 -9 1 -6 -55 
-18 5 3 8 6 -9 -71 -58 
-22 18 -42 -10 -6 -5 96 47 
-3 -46 1 1 -2 -2 17 18 
12 -25 -68 -49 -12 -3 -75 -3 
-3 28 42 10 5 6 47 25 
3 2 38 -6 0 2 -15 -30 
13 35 -18 6 -6 -7 -27 -24 
-6 -5 20 12 5 1 37 50 
27 -24 -51 3 3 3 -24 -17 
-25 -2 29 -1 -7 3 29 -2 
-22 -3 -14 10 10 0 61 8 
63 28 14 17 3 5 -11 58 
-23 -9 -15 -14 -8 -10 13 -16 
-3 -22 1 25 3 3 -19 -43 
-22 13 -2 -10 7 5 -52 -26 
11 2 3 1 -12 -12 -64 -27 
41 35 21 12 13 8 27 74 
-23 10 -46 -26 -11 -11 -95 -35 
-20 -36 -11 18 2 10 75 -26 
3 12 -29 -2 -2 0 2 19 
-9 1 15 -2 -1 -3 -36 -10 
-20 34 -7 -21 14 15 -51 -114 
96 2 51 40 -6 -5 28 99 
-46 -36 8 17 3 1 18 -39 
3 12 9 -45 -4 -1 -33 -36 
-19 -47 -16 20 -9 -9 -37 -11 
5 45 -11 -36 14 19 57 80 
-1 -12 36 36 -3 -12 36 -21 
-79 -12 -13 -28 -6 -9 -103 -108 
99 -7 -11 -6 -5 -3 0 102 
-45 -8 -1 25 -6 -19 -56 -92 
-65 -19 -69 -36 -2 7 13 7 
8 -11 -29 -24 -15 -11 59 76 
1 4 38 1 -9 -4 14 -33 
-8 -25 -27 -19 1 -3 -40 -50 
26 -9 15 22 12 12 44 47 
6 -11 -33 -12 -14 -13 -12 16 
-19 42 41 19 9 10 34 37 
-7 -36 -17 -7 -6 -6 -20 -43 
10 41 12 6 9 6 -11 -12 
7 0 -25 -8 5 5 4 1 
12 -8 0 21 -2 4 41 35 
-8 44 -43 -45 -15 -8 -13 -13 
-16 -7 42 -13 -1 -1 -21 -21 
27 10 -22 5 -11 0 42 41 
-19 -28 -22 1 6 -10 -24 -15 
-4 -9 -22 14 10 1 8 -6 
28 26 76 -1 -13 -4 -25 1 
-5 -46 -54 -2 7 10 39 11 
-11 -12 -25 -10 -8 -11 -11 -5 
-2 36 56 4 -7 -2 -8 -18 
2 -13 -23 -1 -4 -4 0 13 
10 21 41 30 23 6 -15 19 
-9 -6 9 -16 -37 -4 37 3 
4 -5 7 4 4 0 6 10 
8 -3 -47 -9 4 -2 -22 7 
12 25 42 16 2 4 16 -12 
-14 -14 -13 -2 7 2 -8 -5 
18 -6 3 -8 3 -2 -9 27 
-55 -10 -19 -9 -11 -7 -18 -35 
44 8 1 17 3 2 10 -9 
26 6 -8 -26 4 -2 -3 61 
-23 5 39 4 -1 7 23 -68 
10 -3 -36 3 6 -3 -32 -7 
-42 11 5 -1 -3 -3 16 10 
38 4 -5 -6 3 -2 -34 34 
-45 -6 1 -5 -4 -3 -12 -66 
25 -11 -75 -11 -3 3 7 27 
-19 7 13 18 7 7 10 -5 
16 15 -11 -7 -1 -9 -12 -5 
15 5 72 4 2 1 18 51 
-17 -2 8 2 2 -2 -20 -42 
18 8 13 3 -10 -5 14 14 
-36 17 39 -6 13 10 27 7 
31 -16 -25 -3 -7 -8 -1 21 
15 -9 -9 -4 -8 -3 2 -31 
16 -24 -2 -2 3 5 1 40 
-20 -10 44 9 -3 -7 -12 -21 
-3 19 -8 4 13 -1 1 19 
5 -16 -35 -6 -19 -5 -33 -21 
-13 -26 -34 -8 -2 0 40 7 
8 -12 -11 6 -2 -8 17 -19 
5 15 57 5 1 0 -14 14 
8 -9 -65 11 9 2 12 54 
-14 20 62 -5 -3 -5 -18 -8 
-20 -10 -63 -3 -10 -8 -19 -88 
-7 -23 -14 -2 0 1 10 28 
-8 47 33 7 9 5 10 11 
17 -3 28 10 3 6 -5 -17 
4 -22 -8 -7 -1 -5 -7 -8 
-11 7 -20 -3 1 4 -11 7 
9 4 31 3 -2 -1 2 9 
16 24 37 9 -1 -3 -10 1 
27 24 14 -5 2 7 0 15 
-5 -34 -17 5 -1 -2 -13 -28 
-6 -4 26 8 7 5 27 20 
7 4 -2 -9 -5 -4 -5 29 
-16 0 -26 5 -2 1 0 -26 
-6 25 -2 -25 -2 3 9 13 
18 -4 47 -9 1 -3 -27 -43 
-31 3 -63 6 7 -1 -16 -15 
14 9 -10 -3 -13 -4 7 41 
-7 5 1 4 -3 -5 -5 -28 
-10 -12 -9 2 -3 -3 5 -4 
-4 -6 -22 -11 -2 0 -4 -5 
-4 -2 -4 3 6 0 -2 8 
-1 10 4 -1 3 0 -8 -18 
8 0 -10 2 -4 -6 4 6 
-3 -32 1 2 -2 -1 -10 -34 
-17 8 0 2 1 0 8 19 
0 -18 -13 4 2 2 4 13 
12 0 24 -2 0 0 -1 -14 
-25 0 0 -7 -5 -3 0 7 
4 14 12 2 4 4 -1 -9 
15 -3 -18 -9 -2 -2 0 10 
-36 -13 -29 -13 -7 -2 1 4 
5 6 37 6 -8 -9 0 29 
-25 -21 -15 -8 0 0 -4 -24 
-34 1 -7 4 -4 -2 -32 -71 
30 10 20 -10 0 1 17 21 
7 15 24 4 -6 -3 0 13 
-8 -17 4 -2 0 -2 -6 -25 
-4 3 -15 -7 -4 -1 3 25 
-15 -5 -13 14 0 -5 -6 -12 
4 3 -3 -10 9 3 1 6 
-4 3 -7 -9 -11 -4 -11 -3 
18 -7 -13 -12 -7 2 9 22 
-16 -12 -4 -8 -2 -5 -2 -8 
10 3 -1 6 2 -3 0 -2 
-25 -15 -3 10 4 -1 -1 -4 
6 0 -23 3 2 1 1 -3 
-9 2 7 -2 -6 -2 -16 22 
24 5 -35 -28 -10 -8 1 -21 
-13 20 7 -1 0 -4 -7 -25 
-21 -6 11 1 -3 -2 10 34 
-9 8 -2 10 6 3 -2 -17 
9 5 5 9 -2 2 1 16 
28 10 -14 -16 6 6 3 19 
2 9 33 22 -4 -5 3 5 
-3 -6 -7 -1 -6 -2 8 9 
-6 -9 1 -13 -5 -5 -10 -7 
2 -6 12 1 -2 -1 -2 -2 
13 8 3 1 4 1 -1 20 
5 7 -9 7 6 6 7 -23 
-9 -3 50 11 5 4 3 -18 
-45 -36 -18 -9 -15 -8 -11 -6 
11 5 -14 -5 -3 -3 -12 -10 
4 9 -18 -6 -4 -6 1 9 
6 -8 -7 6 0 1 2 -4 
0 33 15 15 13 6 10 5 
13 -1 12 2 3 5 -1 10 
22 7 -5 -11 -2 -4 -2 1 
-18 -23 -8 2 -4 -1 5 54 
-19 -15 1 4 -1 -5 -18 -79 
-22 -2 -22 -9 -2 -2 4 -9 
18 -5 -1 -4 1 -1 2 25 
-11 7 1 -1 -1 0 1 -34 
18 0 2 1 -1 2 11 20 
0 4 38 7 2 -4 -12 13 
-10 -26 -18 -11 -2 4 5 14 
-9 -11 -19 -16 -16 -10 -23 -57 
9 13 14 9 3 -3 -6 5 
-11 2 -9 -10 -6 -5 9 -16 
5 11 40 7 4 0 -5 11 
8 26 -21 -2 -5 -1 1 17 
16 -39 -47 -8 -1 1 11 18 
-38 5 19 8 -2 -5 -6 -25 
-5 -11 -2 -17 -1 -1 -3 -2 
-5 0 -18 12 4 -1 5 0 
9 6 12 8 0 1 -5 5 
22 11 37 0 3 4 3 33 
-3 -4 -25 -3 -3 -5 0 -15 
-17 -18 -32 -12 1 0 -5 -35 
-37 -16 -1 -7 -5 -5 5 6 
1 -5 -8 1 0 -1 -2 16 
4 22 26 15 6 5 0 -15 
-2 -16 -5 3 -2 1 0 21 
31 12 36 -12 0 -2 -8 -17 
-2 -6 -50 -5 -3 5 17 -10 
-21 4 6 -7 -7 -11 -19 -13 
-1 8 -2 3 1 -1 -2 14 
3 -14 -15 7 0 -2 0 9 
3 4 9 1 -2 0 -2 -5 
10 5 18 1 1 3 6 6 
0 -7 5 4 5 1 -10 -19 
-19 5 30 9 0 1 5 6 
3 -12 -39 -40 -12 -9 0 23 
8 -9 -1 10 -3 -7 3 -24 
-3 7 7 10 -1 -1 0 -10 
6 -4 7 -23 1 1 -2 14 
-11 -19 -12 13 3 2 0 -1 
14 -5 -5 -1 0 2 0 -22 
1 6 6 -1 -1 -2 1 23 
6 -13 -21 0 -1 0 -3 -18 
-13 1 46 -2 -6 -8 -6 23 
-19 -3 -30 4 1 -1 -7 -33 
9 39 49 -3 6 2 3 -2 
-8 17 -25 -1 -11 -1 0 25 
7 -9 -22 -8 0 0 0 -12 
4 -7 4 4 2 3 -2 16 
20 -5 -10 -4 -5 -3 -2 -29 
-37 7 11 2 2 -4 -7 -8 
14 14 -3 9 3 3 0 -13 
-2 -2 9 -10 -8 -3 -6 8 
-9 -11 -15 6 -2 0 13 13 
14 -2 -13 -6 -6 -3 -3 2 
0 -21 -8 8 3 -3 -22 -33 
6 -1 12 -2 -2 -2 18 38 
-40 -5 -18 -15 -6 -1 -6 1 
17 7 0 -8 -4 -2 2 -15 
-9 -14 3 8 -1 -1 0 18 
11 13 13 6 5 3 -15 -16 
-22 2 22 -7 -2 -4 17 -19 
5 -10 0 5 -2 -5 -4 18 
-11 -7 -16 -5 -6 1 8 -10 
-11 -13 -19 -11 -3 0 -14 -7 
14 -6 14 4 4 2 -8 4 
5 5 -2 -2 0 -2 -3 2 
20 14 -10 5 2 -2 1 6 
-24 -12 14 -7 -5 0 4 -4 
-29 -9 -1 6 -5 -2 -6 -8 
-6 -34 -48 -13 -3 -3 -3 9 
-2 8 14 1 1 2 -6 -33 
0 -1 -16 -8 -6 -3 13 21 
6 27 -5 0 1 1 -10 11 
-10 0 23 5 1 0 9 -15 
25 11 2 18 11 3 -12 -2 
-14 1 -10 -20 -14 -9 15 7 
1 -23 -28 -41 -12 -7 -11 -32 
4 14 15 6 1 3 -3 2 
11 -7 -6 0 -4 -2 -1 -9 
-11 4 2 12 5 2 -5 24 
5 -15 -9 -3 -8 -2 -2 6 
2 7 10 -1 -3 -3 -2 -14 
3 15 -5 -5 -3 -4 -19 -8 
27 -7 0 2 1 1 23 24 
-2 -12 1 12 1 5 9 54 
-3 -6 -16 -1 4 2 -10 -59 
-36 5 44 1 -5 0 8 -12 
9 -2 -27 -13 -4 -4 -17 12 
24 11 -1 8 7 4 6 5 
4 23 22 6 0 0 -5 7 
-9 -33 -31 -22 -3 -3 3 11 
6 36 46 14 3 0 -4 -11 
-15 -20 -16 1 -5 -2 -4 -4 
10 -6 -13 -7 -5 -3 9 16 
-3 0 -14 2 1 0 3 7 
-15 1 -12 0 0 0 -18 -40 
37 -4 -16 -7 0 0 7 49 
-19 2 -9 5 -3 -2 1 -35 
11 -2 -3 -9 -8 -1 8 17 
-30 -19 -26 1 4 0 -5 -18 
7 8 16 3 -2 1 6 5 
9 -8 -13 -4 1 -4 -15 25 
25 21 24 23 10 5 5 0 
-10 -20 -13 -26 -13 -8 -4 -4 
-17 -18 -3 -6 -2 -6 -8 -22 
3 5 1 -3 -1 3 5 15 
-2 3 12 7 -2 -2 5 3 
13 11 20 21 11 7 5 7 
-14 -9 -7 1 0 -2 -5 -19 
4 -4 -7 -2 -8 -6 -20 37 
-3 -3 12 0 0 0 20 -21 
-12 -17 -36 -21 -6 -5 -5 -10 
10 13 14 0 1 -3 -2 -12 
-5 -14 11 9 4 4 7 11 
21 6 4 -5 -1 2 6 3 
-30 -13 -29 22 8 4 -11 3 
-11 -13 14 -11 -8 -5 2 -3 
15 11 1 -13 -4 -2 -5 31 
-33 -2 -11 -3 -8 -9 -4 -49 
25 1 7 6 1 1 5 3 
6 17 14 12 4 1 -6 3 
-11 -19 -18 2 4 0 2 11 
-10 -29 -18 -17 -4 0 3 -21 
18 -11 21 21 0 -3 -2 11 
-12 2 -33 -25 -4 -2 -11 -1 
6 -7 3 -9 -7 -4 15 -14 
-13 6 2 3 -1 -7 -20 -9 
2 7 7 -1 -1 -2 -6 -9 
-2 0 14 13 3 3 7 -3 
12 18 22 18 7 4 5 12 
2 -11 -63 -30 -8 -2 -11 5 
-22 -9 18 9 1 -1 -7 -17 
5 -11 -58 -23 -5 -4 7 4 
-13 5 5 3 -1 -1 -5 -16 
4 4 30 1 -5 -3 -2 15 
14 11 -2 -8 -2 -3 -9 -6 
-2 9 34 18 15 2 -1 -18 
-23 -39 -54 -23 -22 -5 -4 -22 
19 20 15 2 2 1 17 29 
5 -32 -25 -8 -3 -1 -8 4 
-3 10 40 6 0 -1 1 5 
7 16 18 12 8 4 4 -4 
-3 -1 -5 -1 2 1 -22 6 
-31 -1 -1 -5 -6 -5 22 -7 
-16 -23 -20 7 -2 -2 -6 -12 
12 -7 6 -5 1 -3 -1 8 
-8 -2 9 5 -1 -2 -12 -23 
-6 12 -5 -21 -3 -2 -6 -2 
-3 -11 4 11 -3 -2 -6 -15 
3 8 12 1 3 3 5 -5 
-1 -3 10 7 3 -1 2 34 
21 21 -4 5 1 3 -6 -18 
11 3 16 -15 -10 -6 10 31 
-35 4 -3 4 -5 -5 -8 -52 
-2 -6 -12 -10 3 0 5 2 
-2 -5 -31 4 4 0 -1 28 
16 6 -4 -4 -3 0 -5 -11 
-1 -1 -8 1 1 -3 -6 3 
-12 0 11 -6 -2 -2 -1 -20 
15 -6 19 2 0 0 0 14 
2 7 -5 5 -3 -2 4 5 
1 -6 3 -24 -6 0 1 1 
12 4 -14 6 0 -4 -8 -6 
14 12 -6 -3 1 0 5 5 
-21 27 12 -5 -2 -2 -12 -12 
7 -16 -14 -2 2 0 -2 15 
-13 16 -2 5 -4 -1 5 5 
6 -32 -4 -9 -5 -3 -2 -9 
-1 -20 -25 9 -2 -1 -11 -13 
7 -1 1 -13 -5 -1 9 28 
-2 5 8 0 0 2 -3 -23 
2 0 4 3 0 1 11 4 
-2 6 -17 3 2 -2 -5 0 
7 0 19 9 2 1 -9 17 
3 -16 -8 -4 -4 -3 -4 5 
-15 0 0 -4 -6 -4 -1 -16 
7 6 29 -1 -2 0 3 6 
-7 -6 -29 3 0 -1 0 -17 
9 -5 -7 -6 3 1 5 15 
