#EMG
#1
#ID:1-49
-6 2 1 7 -7 -2 11 -16 
2 2 0 0 4 0 -9 8 
-7 1 1 8 5 1 -6 -10 
1 -16 -5 -10 -8 -4 0 5 
-16 -5 -2 -3 -1 -5 5 10 
-2 0 -1 3 -4 -2 -9 -12 
21 7 6 -5 -2 1 -3 -13 
-12 3 0 3 0 0 -11 25 
-29 -13 -7 -6 3 2 5 0 
7 18 4 4 -4 -5 -17 -9 
-10 -5 -4 14 1 -1 -3 -2 
12 -1 -19 -42 -9 -4 4 12 
7 1 8 3 2 5 4 12 
17 -5 -18 6 -2 0 -7 -9 
-7 -2 33 5 -1 -3 1 -11 
0 3 -18 -4 -2 -3 -19 -4 
0 5 19 10 0 -3 5 -8 
0 0 -14 -1 1 3 16 12 
-4 -5 9 -7 3 2 7 -6 
-9 -7 5 14 4 -3 -11 -15 
16 0 -6 -12 -15 2 17 24 
-12 -8 2 6 2 -6 -16 -16 
20 0 -3 -2 -4 0 0 11 
-34 12 -15 -9 -2 -3 1 -14 
6 -8 3 0 5 7 7 15 
-7 12 13 -3 -4 -4 -20 -43 
-3 -3 2 10 1 -1 1 1 
6 -12 -15 -9 -1 -1 6 2 
8 4 3 3 -3 -3 -8 -6 
-14 -12 -6 -4 -2 1 3 8 
5 12 7 2 -1 -3 -3 -14 
9 14 23 13 -2 0 12 34 
-20 -18 -37 -9 -1 -1 -2 -27 
1 -3 23 1 2 -2 -6 7 
-6 -10 -25 -12 -5 -3 13 5 
9 -7 -1 5 -1 -2 2 14 
6 3 17 -1 4 2 8 -8 
8 2 3 4 -4 -5 -19 2 
-6 -3 -8 -1 0 0 4 11 
-17 -5 -1 3 0 -2 -4 -23 
23 8 6 1 1 -7 -7 -1 
-14 -14 -21 -10 -13 2 7 0 
-6 13 3 -5 -1 2 -6 4 
9 -11 0 3 0 1 0 -10 
-4 4 2 0 2 -5 -9 -11 
12 -7 1 6 0 2 23 29 
-10 -5 -16 -25 -3 -6 -4 -9 
2 -3 5 15 1 -2 -12 -18 
-14 -5 -2 3 3 1 -16 2 
-1 -10 -2 -8 -4 -2 11 9 
-8 -6 -17 -11 -9 -2 0 -13 
5 5 6 4 0 -8 -12 5 
3 12 19 -5 -1 4 1 -2 
-5 -11 -26 -3 0 -4 -8 -1 
8 11 15 3 0 0 2 -7 
-5 -12 -7 -2 0 4 4 3 
15 -8 -23 -1 -2 -3 0 -1 
-15 6 10 -2 -1 2 2 20 
3 -6 4 6 2 0 -7 -31 
-11 -1 -5 -5 0 2 31 -25 
3 -8 -2 -3 -6 -6 -17 6 
7 5 1 7 2 -1 9 5 
-3 -7 -5 -17 -5 -5 -25 20 
2 -1 -6 9 -2 0 0 -11 
-2 -4 -11 -9 -1 2 16 21 
3 4 11 3 2 -4 -6 1 
1 -6 -10 3 0 0 -13 0 
-12 15 -28 -17 -4 -2 -17 -20 
8 -9 3 6 -5 1 2 1 
-15 -3 3 -9 0 2 9 3 
3 -2 6 6 3 1 -3 18 
8 0 -6 -4 -3 -3 -3 -10 
-13 7 -8 8 3 1 1 10 
-1 -9 -1 -4 -4 -7 -4 -41 
-5 -7 -5 4 0 -1 1 -2 
11 -5 9 1 0 2 9 31 
-7 1 -9 15 -1 -6 -15 -18 
9 -3 -10 -36 -1 0 -22 0 
-8 11 -12 15 -1 -3 10 5 
-1 -3 10 -4 -2 -2 -2 -1 
-13 -5 9 -2 2 1 3 1 
5 -2 -10 1 -5 1 17 -9 
3 14 -12 -5 -2 0 -15 -10 
9 -13 0 1 0 3 -1 8 
-11 2 22 -3 -1 -3 7 3 
2 0 -32 10 -2 -5 -10 30 
-19 3 33 -7 0 3 -19 -51 
-3 -2 4 10 -2 -5 29 26 
6 -3 4 -14 -2 -1 -2 -18 
4 -3 -18 -3 -1 0 0 29 
4 -2 0 3 -1 -1 0 -9 
-1 3 24 9 -2 -1 -8 -15 
-3 -2 -2 -25 -4 -2 1 0 
3 0 10 10 1 1 0 -4 
2 12 11 12 2 1 5 11 
18 -13 -48 -21 -3 1 -6 -1 
-4 1 21 5 -2 0 7 -1 
-5 4 -28 -15 -5 -6 -10 -26 
3 -14 14 -4 1 0 20 16 
-18 -2 -11 7 1 1 -11 3 
2 9 6 -2 0 -5 -7 -12 
-4 -24 8 -5 2 3 -5 3 
16 1 -12 -1 -1 0 1 0 
-9 -5 19 5 3 -5 -7 -26 
-13 -3 -26 9 -6 2 -1 4 
0 11 30 3 0 2 -2 -4 
-20 -7 -20 -17 0 -3 -15 -9 
21 3 -2 -7 -5 0 2 20 
-9 4 -7 0 2 -6 -15 -8 
3 1 5 13 0 1 0 -4 
1 7 0 -3 -2 2 16 18 
-6 6 8 2 0 -2 -18 -9 
3 8 32 6 3 4 5 -4 
-2 -6 -11 -2 -1 -1 -6 -5 
9 -8 -1 -1 -2 -6 7 5 
-10 4 -16 -4 -2 3 21 1 
-13 -10 -18 0 -1 -4 -14 5 
-11 -4 19 -16 -7 -8 -19 -14 
5 3 2 7 3 1 -8 -7 
-12 -2 12 9 -3 -2 16 9 
8 -4 -15 -8 2 3 11 2 
-17 1 -20 7 2 4 0 -4 
10 -12 4 7 -4 -1 1 -6 
-3 0 -12 -17 -6 -5 -9 20 
8 2 10 15 3 2 1 -1 
4 -1 12 0 -1 0 -10 -7 
-6 -2 -39 -2 -3 -4 20 10 
-13 10 43 -1 -2 3 10 10 
-2 -13 -18 -11 -3 -8 -31 -28 
12 -3 -24 14 5 1 -5 -1 
11 2 1 -1 4 -2 4 5 
-18 0 14 -4 -16 -2 -7 20 
-1 -5 -15 10 -1 0 2 -21 
-1 0 3 -11 -3 -2 0 -7 
-12 0 11 1 -5 1 26 1 
5 1 -7 17 7 -4 -41 -9 
19 -15 -7 -18 -2 -1 25 15 
2 0 0 6 -2 -1 21 4 
-2 20 -9 -1 0 0 -17 -6 
29 -13 -19 -9 0 1 -21 -33 
-26 7 22 -6 -3 -7 16 44 
-10 -6 -15 -1 2 -4 -28 -49 
-3 -14 10 -8 -7 0 33 34 
-3 -6 -18 -12 -4 -5 -2 1 
-4 18 7 9 -2 -1 10 -39 
3 13 23 43 7 6 24 23 
-28 -31 -26 -73 -10 -6 -50 -16 
32 -1 -3 5 5 4 38 12 
-15 3 7 7 2 5 12 -5 
0 1 15 -17 -7 -11 -18 8 
-7 1 -28 22 5 -2 -7 -18 
10 0 2 -6 0 1 -7 18 
-7 -5 -12 -5 -1 -1 -13 -41 
11 6 4 -5 -4 1 18 12 
-4 1 10 7 1 0 -41 -4 
-25 1 -24 -10 -1 -7 -10 -11 
11 0 24 -3 -4 0 -6 19 
-6 -5 -3 -15 -1 0 2 17 
15 -5 15 12 3 0 -19 -36 
-29 10 0 8 -1 -2 24 10 
-7 -17 -18 -2 3 1 -7 4 
9 7 20 -17 -3 -6 -11 11 
24 1 3 16 -2 2 6 28 
-42 -40 -29 -22 -2 -6 -42 -69 
4 -5 -1 -5 0 -1 -13 9 
-3 -2 -15 8 -1 3 22 -1 
0 -4 32 -3 -2 -4 5 7 
8 19 10 5 -3 2 -13 -2 
25 1 -11 -7 -3 3 17 5 
-7 -12 20 2 -3 -7 -44 -13 
-18 15 -39 -8 -7 -9 30 -16 
2 -9 11 9 3 0 -5 0 
4 4 0 5 -1 -5 -22 5 
-16 4 -7 -30 -3 -3 29 5 
1 0 10 3 2 1 -10 6 
11 10 28 -7 -3 0 2 16 
7 -7 -35 1 -3 -6 -82 -61 
-13 -20 0 12 -1 2 45 18 
2 5 13 -7 -3 -3 -9 7 
-6 -26 -10 -8 0 2 30 2 
11 -3 0 4 -1 -1 -29 -13 
3 -26 -50 -4 2 -3 -11 9 
0 26 -44 -8 -9 2 4 -9 
17 -4 28 8 -2 -8 -26 -10 
-7 -15 25 -1 -1 7 40 37 
-20 -4 -5 -14 -6 -5 -42 -76 
-6 -11 10 34 10 -3 22 17 
6 16 15 -45 -9 2 0 2 
-2 5 -25 5 -1 -7 15 25 
6 13 -6 7 3 5 -17 -39 
-13 -6 17 3 -2 0 5 4 
4 8 8 24 3 -5 -4 -8 
4 11 13 -23 -7 -3 16 19 
3 18 -6 0 0 2 14 16 
4 -5 -8 -14 -1 -2 -62 -39 
-9 -20 -38 9 2 -2 40 29 
1 -3 23 -31 -8 3 16 16 
-11 9 51 42 1 -4 -9 -29 
8 -16 -18 -43 0 2 12 -3 
-18 -27 -35 -5 0 -2 -3 -13 
-6 14 -15 -10 -4 -5 -4 -6 
6 -20 -34 -11 -2 2 -6 27 
7 -7 15 -18 -9 -3 8 45 
-10 -18 13 17 7 9 -1 -64 
14 6 -15 22 -1 -11 -4 27 
9 11 37 31 -4 -1 2 32 
-23 -38 20 3 4 5 4 -59 
24 2 -60 -34 -7 -7 -12 41 
-6 -9 32 35 12 2 -11 -36 
3 13 -12 -36 -16 1 19 15 
13 1 37 34 3 -6 -37 38 
-39 5 27 -21 -3 7 59 -2 
10 -28 -56 -3 -6 -1 19 -40 
38 -10 -4 -4 2 -7 -49 19 
-9 54 9 17 -1 1 -8 -13 
-10 1 23 3 -4 -3 2 7 
-33 -9 12 -25 -6 -5 -9 -12 
-1 -15 8 17 5 3 57 -3 
13 1 -35 -13 -1 0 5 29 
7 7 44 38 4 -3 -13 -22 
-18 6 17 -17 0 2 -6 -26 
-14 -6 -33 -6 -2 -2 12 10 
-18 7 -21 14 2 1 17 -21 
15 2 11 -13 -4 -2 -12 22 
5 18 11 19 4 4 -2 37 
27 7 27 -2 5 -2 -8 -30 
-11 -8 -30 -6 -12 -1 7 -5 
6 -2 1 11 1 2 -13 4 
6 6 0 -8 -4 -1 -8 8 
1 43 -7 -3 5 2 0 5 
0 -18 -8 4 5 3 -1 2 
13 17 -8 3 3 -2 5 3 
-9 16 19 3 2 0 -6 4 
-13 -29 -37 -20 -10 -9 0 -23 
-5 1 57 12 6 2 -4 -16 
1 -9 -73 -17 -9 -3 -14 5 
-1 13 24 0 -1 -1 5 3 
-13 -10 23 -5 -7 -4 -22 -17 
21 4 -45 1 5 10 56 42 
-10 29 21 10 -6 -13 -35 -18 
16 30 10 2 5 7 33 40 
-22 -10 -23 -17 -10 -5 -3 1 
4 -4 -2 0 1 2 -1 -26 
9 -6 17 -1 -12 -14 -19 -8 
-7 -18 -40 -21 1 2 -9 -11 
-9 23 -1 8 -2 -1 14 28 
-9 -10 7 -2 2 4 -5 -5 
11 -13 12 4 5 3 5 25 
-9 -16 -12 0 -5 -8 -23 -52 
9 0 -8 3 3 4 15 -11 
3 17 3 -3 -3 -7 2 13 
5 2 18 24 1 1 -5 -40 
2 -10 16 -15 -5 4 4 3 
6 -4 -42 -9 1 2 2 58 
5 -18 19 -21 -3 -15 -28 -30 
-5 2 12 14 5 4 16 23 
0 -24 -17 -4 1 -3 -4 -7 
-5 32 43 9 0 8 34 -3 
-15 -17 3 -4 -3 -8 -30 -16 
4 12 -6 -37 1 0 -5 15 
-13 -22 -28 13 -6 -8 9 -2 
3 -14 21 -14 -1 2 -25 -14 
12 13 7 2 -3 2 24 19 
-11 16 14 8 7 5 10 -9 
3 1 -21 16 -1 -5 -15 1 
-11 -26 -2 -8 -2 -1 -9 9 
1 20 7 -1 -4 -3 -10 -35 
14 -9 -36 -22 -4 0 9 25 
-20 -12 23 11 4 -2 8 -4 
4 11 17 16 4 -5 -8 7 
-22 -23 2 -18 -1 0 6 17 
12 4 8 32 4 3 -19 -25 
7 11 -10 -5 0 5 21 25 
15 1 -11 -15 -11 -8 -8 -3 
-6 4 -16 -4 -5 -7 -10 -33 
1 28 -5 -2 1 0 -9 -13 
-13 -3 -3 1 -2 3 3 4 
3 -1 -12 5 6 3 2 24 
-7 1 11 11 6 -2 4 -23 
1 -14 -1 -1 -12 0 1 48 
-3 6 6 -9 -6 -5 -9 -68 
-20 -18 -22 -3 1 -1 -2 -12 
5 -4 -22 -1 -3 -1 17 48 
0 -3 17 4 5 -1 5 6 
-4 2 3 9 4 2 -5 0 
4 10 39 -3 -2 -2 -8 -1 
-3 -9 -22 6 2 1 -7 -2 
5 11 -14 -7 2 4 9 8 
-7 1 -5 -1 -2 0 18 -1 
-12 -5 -23 5 1 -5 -15 -22 
22 -13 4 -2 -7 -3 3 45 
-20 2 8 -8 -7 -6 -3 -37 
11 -2 -2 0 -1 -1 -6 33 
5 0 -24 -1 0 1 -9 -70 
-12 30 9 2 -4 -1 -9 -1 
3 -18 -21 -5 -1 -4 17 7 
-1 -15 -16 -6 -2 -5 -7 0 
5 -1 4 4 -2 -2 0 19 
13 9 -5 3 -3 2 -4 4 
-7 -18 -14 -16 -3 -1 -11 -23 
8 4 6 3 -3 -3 3 42 
-14 -5 -10 -8 -4 -3 0 -41 
-8 -1 17 -3 -6 -5 -9 -28 
8 9 -15 4 2 4 6 7 
-5 -9 -6 4 8 0 -4 10 
0 11 14 -2 -12 -3 -4 -22 
1 -2 -3 -5 -1 -1 10 12 
7 9 26 2 -4 -6 -27 -35 
-3 4 -24 -1 1 0 9 1 
-19 -34 -2 0 4 -1 -13 -1 
15 -2 -8 -6 -2 0 12 8 
5 5 13 -7 -4 -2 -1 23 
10 3 0 1 -4 1 -7 -9 
0 8 -2 10 3 -2 3 4 
14 4 9 2 -2 0 -2 25 
-27 -19 -11 -13 -1 -1 -9 -37 
-2 -1 8 1 -3 -3 -2 -19 
11 -1 15 -3 -3 -1 5 29 
-7 -6 -15 3 -1 -5 -15 -23 
8 -4 -13 -1 -3 -5 3 18 
-4 2 6 -1 -1 0 -7 -12 
11 9 13 -1 1 -1 0 1 
-12 -2 16 4 3 1 5 3 
-13 4 -14 6 3 3 6 32 
-21 8 8 -5 -6 -5 -4 -53 
28 28 16 6 3 -5 -14 40 
-15 -23 -9 -5 8 1 17 -26 
10 -8 -7 1 -16 -3 -11 -6 
1 6 2 -18 -2 -2 6 19 
-14 3 -7 6 5 4 6 -23 
6 -2 1 6 0 -5 -17 -3 
-10 -3 7 0 9 4 7 29 
17 7 -1 4 -3 -3 -10 -32 
-5 -16 15 -7 -6 0 1 9 
6 1 -5 7 3 2 14 6 
-24 -28 -26 -10 -3 -2 -2 -5 
28 11 12 -4 -1 2 -7 38 
1 -2 -11 -4 -2 0 0 -36 
-42 -3 1 -4 -9 -5 -13 -9 
3 20 16 -1 2 -2 -4 -23 
5 -7 8 -2 -1 -3 1 22 
-2 -26 -31 0 0 4 25 2 
-5 -3 -11 1 -2 -3 -17 4 
-6 6 12 1 1 0 7 -22 
3 -19 -2 1 1 -2 -7 27 
-5 5 16 -8 -9 -5 -7 4 
-11 14 -23 -10 -5 3 11 -13 
9 -26 -15 -6 -5 -7 -9 5 
2 -6 -30 11 -1 -3 1 -27 
-30 -2 38 -11 -3 -4 -3 11 
11 2 26 2 -2 2 0 -1 
6 -8 -10 5 2 1 -1 28 
-4 5 -3 -5 -3 -2 7 -40 
-8 -14 -22 7 3 1 -1 -5 
33 19 16 0 1 0 -3 19 
-2 -3 -12 -5 -4 -2 -4 -13 
-10 -11 40 -4 -4 -2 -7 2 
9 0 -18 -1 -2 -1 9 26 
-13 -17 5 2 4 -2 -17 -56 
16 14 16 5 0 -2 -3 5 
-8 -3 1 3 2 0 -10 6 
-2 12 -9 -8 0 0 27 14 
11 -28 -10 -5 -4 -2 3 17 
-18 7 4 0 -2 -4 -10 -27 
3 -5 -11 3 -5 -1 2 12 
3 3 1 -8 -1 1 -2 10 
1 9 -11 1 2 3 -25 12 
9 -9 24 1 0 -4 25 -24 
-7 21 -7 2 1 1 4 4 
18 -1 -7 3 -1 -2 -7 40 
-12 -1 -10 -5 -5 -1 2 -33 
3 3 -5 -4 -2 -4 -28 -7 
0 17 -9 -3 -2 3 17 21 
-7 -5 16 5 0 -3 -5 -15 
13 -3 -5 3 6 2 9 14 
-26 6 -18 6 2 1 -1 -18 
12 -19 1 -18 -11 -5 6 0 
-18 11 -21 0 -1 -4 -32 -5 
3 -3 12 -8 -6 -1 10 13 
-4 3 5 8 5 3 -3 0 
4 -14 -10 -9 -3 -3 -7 19 
2 3 12 8 1 -3 -2 -30 
1 7 -19 -9 0 -4 -8 25 
-15 -18 -10 -1 -5 -5 15 -27 
-2 -5 19 9 7 0 -8 3 
12 4 -22 -1 4 0 -1 4 
-39 -6 -16 -8 -12 -3 5 -4 
14 -7 2 -7 -4 -1 11 20 
-6 0 -20 -1 0 -1 -10 -11 
-7 -5 20 0 -3 -1 3 -15 
38 8 -4 6 2 0 -1 8 
-27 -4 -1 -7 -2 -1 0 10 
7 10 8 -3 0 0 2 -2 
-2 3 11 5 4 0 -19 -3 
-20 0 -1 -11 -9 -3 1 -11 
22 8 -1 -7 -2 0 -7 9 
7 -6 -4 9 2 0 5 22 
2 -12 -19 -13 -2 0 2 -10 
-29 5 18 2 -5 -3 -3 -31 
-5 -2 2 3 1 0 3 -5 
2 -3 -6 -1 3 -2 -13 27 
-12 -17 -8 2 -5 0 7 -23 
24 -2 16 0 0 -7 -7 -3 
-2 -10 -13 3 -3 -1 6 14 
-20 16 4 -4 -4 -1 7 -7 
0 -1 -19 2 -2 -4 4 -1 
14 -5 -8 1 3 -2 -14 -3 
4 6 -10 -3 -2 3 -11 7 
3 -12 -2 -12 2 0 5 -13 
-1 14 3 3 -7 1 -1 -10 
-16 -4 -3 -3 -1 2 0 0 
27 -3 7 4 2 1 6 24 
-20 -19 -8 -13 -6 -6 -13 -33 
-5 -6 0 12 8 4 3 -6 
-1 -12 -12 0 -5 -1 0 16 
-6 2 11 -8 -2 -3 -5 2 
0 10 18 5 6 3 0 -8 
8 -17 -21 -12 -6 -1 9 21 
7 13 17 10 3 0 11 8 
-4 -13 -8 1 0 -3 -14 -16 
21 6 3 3 -3 2 6 23 
-33 -1 8 2 -1 -6 -15 -31 
6 -4 -20 -19 -2 -4 -4 12 
-3 -21 3 -1 -2 -2 -3 -19 
-6 -1 5 3 -2 0 1 -16 
12 4 -20 0 0 -2 5 30 
-9 -19 12 8 4 2 5 -11 
-2 4 -1 2 6 0 -3 -3 
2 11 -7 -1 -4 1 -5 -6 
-6 -10 -1 -16 -5 2 8 34 
-2 17 2 9 1 -2 -5 -44 
1 10 13 -3 -4 -6 -4 5 
-6 4 4 11 4 1 0 4 
23 10 8 -2 2 1 0 5 
-29 -13 -1 -1 -2 0 2 -9 
-2 0 1 -1 -1 1 -8 -1 
-6 3 -2 -8 -3 -4 0 -4 
12 5 6 2 0 2 10 2 
17 -6 -4 -4 -3 -7 -19 -3 
-28 6 0 0 -1 5 5 -10 
-12 -14 -10 -1 -1 -6 -12 -6 
15 -2 -7 -5 -1 -1 6 10 
9 18 18 2 0 4 2 3 
-11 -4 -16 1 1 1 -2 -9 
-17 -10 -7 -3 -2 -8 -15 -26 
9 0 7 10 2 -1 6 8 
3 10 -12 -23 -10 -3 -2 12 
4 -7 -6 -7 -3 -4 3 -2 
9 6 12 6 1 2 2 10 
-12 5 2 4 2 -1 -10 -19 
3 -14 -36 2 1 0 1 22 
-1 2 32 7 3 -2 -2 -21 
3 -9 -24 -7 -10 -2 5 0 
-2 -23 13 -3 -4 -3 -3 16 
-1 11 -11 0 0 -3 0 -26 
3 11 -16 -5 -4 -5 -4 -1 
-1 -4 16 2 2 0 9 11 
8 12 11 1 -1 -2 -17 -9 
-28 -16 -10 -5 0 0 11 -5 
17 23 22 5 1 0 -5 20 
-21 -50 -24 -7 -4 -3 13 -6 
6 14 -2 -2 -1 0 0 -13 
-4 2 16 3 3 0 -2 -5 
10 9 24 7 2 2 3 13 
4 -1 15 1 1 -2 -1 22 
-14 -12 -38 -6 -5 -3 -6 -25 
11 9 18 4 -2 -2 -3 5 
-7 -10 -3 2 3 1 1 -2 
6 23 -5 -3 -5 0 2 1 
-13 -20 -6 -4 1 0 -4 -4 
9 10 6 -5 -3 1 5 6 
-16 -25 -12 2 -2 -6 -9 3 
9 8 -30 1 1 -3 -1 -31 
-19 3 52 -13 -7 -4 -3 -8 
9 -10 -13 4 0 -4 0 31 
3 -7 -20 -11 -12 -1 1 -4 
-5 -13 -9 0 1 -1 -10 -3 
-9 -19 0 1 1 2 -8 -17 
17 0 -4 -6 -2 0 4 26 
-14 -1 -8 2 2 2 19 0 
12 19 3 0 0 -1 -17 -17 
4 3 1 2 -3 1 -1 16 
-13 -14 11 2 -2 -1 1 0 
10 7 -15 -7 -4 -4 1 5 
-15 -6 1 -2 0 1 -1 -1 
11 5 5 5 -3 -4 -6 -12 
3 -5 -14 -7 -6 -1 -2 -14 
-2 -1 -21 -2 4 2 11 -12 
0 7 10 -10 -15 -10 -21 5 
-6 12 12 7 4 4 13 7 
4 -7 -16 8 2 2 -4 -4 
-21 -10 -15 -12 -5 -10 -13 -26 
16 2 0 4 8 9 11 39 
-21 3 -14 4 0 -2 -3 -43 
-1 2 17 -2 -3 -1 1 -8 
7 25 -9 -2 2 3 -2 11 
1 -25 -6 1 7 2 -2 -3 
8 -10 -9 4 -4 -2 9 12 
-6 26 35 -1 -1 -4 -12 -17 
5 -18 -1 0 0 -4 3 11 
-12 12 13 1 -1 -2 -12 -18 
7 16 2 -1 1 1 18 9 
18 -18 -40 2 -1 -4 -31 -5 
-17 -3 23 -7 -4 -7 5 18 
1 2 5 -5 -9 3 17 -22 
-7 -12 -9 -8 -6 -9 -20 0 
-9 3 -5 0 1 1 4 0 
14 13 2 8 9 1 -10 8 
9 0 17 -6 -10 -2 4 -1 
-32 -11 -59 -6 -4 1 10 2 
-3 -1 9 -2 -2 -9 -13 14 
8 3 -1 3 0 4 -3 -12 
1 24 18 1 2 -1 3 -2 
17 -9 -13 -8 1 3 -4 -2 
-18 -7 -3 -5 -4 -2 3 -2 
2 4 10 8 1 2 -15 -10 
1 0 -5 0 -2 -3 11 23 
10 6 17 -4 -2 -1 -4 -7 
-21 -3 -3 1 -2 2 27 -7 
7 -5 2 -2 -1 -1 -29 -12 
5 -10 -12 -6 0 -10 -5 -8 
-32 7 5 1 -2 0 -3 1 
-5 -8 3 -2 0 3 16 9 
19 -5 -3 2 -2 1 -3 -14 
-6 4 9 1 0 -2 -16 -12 
17 9 -1 0 0 0 17 27 
-5 1 4 -1 -1 -2 -7 -15 
-13 -14 -8 -4 -2 -2 10 2 
5 3 0 11 6 2 -3 19 
9 -19 -1 -15 -9 -5 -9 -29 
-16 1 7 1 1 -1 -11 12 
7 6 0 -1 -2 3 21 -16 
-28 -22 -5 4 6 2 10 -11 
17 11 -1 2 1 -4 -26 18 
-9 -19 -7 -3 -4 -6 -5 -6 
-3 29 15 3 1 -3 -5 0 
-3 0 -2 4 -1 0 2 -6 
8 0 5 3 3 2 -1 3 
16 -3 -7 0 0 2 20 14 
-19 -10 -19 -15 -12 -8 -7 29 
-1 -3 -2 -5 1 2 -6 -47 
-1 8 -2 7 2 -3 2 -3 
1 1 4 0 0 -2 -14 -1 
-2 -13 -14 -6 -5 1 7 -4 
1 9 -3 -2 2 -3 -1 13 
2 -8 6 -2 -3 2 0 -1 
-1 19 -3 -1 -3 -6 -8 -17 
22 -16 5 1 0 -2 0 23 
-19 -11 -11 -4 -4 -1 -6 -6 
2 11 -18 7 6 -1 4 3 
6 -3 12 -5 1 5 10 4 
-2 -14 9 -5 -6 -2 12 3 
4 14 6 -7 -5 -7 -9 4 
-8 0 5 4 9 5 16 -11 
-1 3 -8 3 -7 -4 -16 1 
-9 -28 -24 -12 -3 -5 -9 -10 
-2 -10 -7 3 9 3 3 -8 
-2 8 36 0 -12 -3 -10 -4 
5 -14 -13 -1 4 1 18 23 
-9 4 2 1 2 3 -3 -33 
11 2 0 1 -6 -6 -3 13 
-8 -11 -14 -5 1 1 6 10 
-4 2 9 2 -2 -1 -29 -32 
5 15 15 -2 1 -5 -7 6 
4 2 -13 -2 -1 4 5 26 
0 -19 -1 -6 -5 -7 1 -21 
-12 -5 2 2 5 7 15 1 
-6 6 -9 -3 -3 -5 2 -5 
5 -3 4 4 0 -2 1 -2 
-3 -5 -4 -2 -2 -2 -18 8 
4 2 0 0 3 4 2 1 
4 5 4 3 -1 0 1 -1 
-2 8 -13 -3 -5 -2 4 1 
8 9 -1 -3 -1 -2 -4 1 
-9 -3 -6 -2 1 1 23 6 
-10 -17 -11 -6 -4 -8 -37 -18 
-6 -7 8 -5 -6 0 -1 -7 
-3 4 1 8 6 -1 1 0 
13 25 8 -9 -8 -3 -7 2 
-3 -8 -1 -2 -6 3 18 15 
-7 -10 -2 -1 -3 -4 -3 -6 
-2 5 -10 -1 4 0 -4 -1 
5 -3 11 8 4 5 12 -1 
-2 -1 -8 -10 -10 -7 -15 0 
2 -2 -5 -4 -1 -2 -2 0 
-4 13 9 2 -3 -3 -8 1 
4 -18 -10 -5 -2 -2 -6 -9 
3 0 -5 1 3 0 18 5 
-8 23 7 5 1 3 12 9 
-5 -13 4 -9 -2 -5 -19 -5 
4 -5 -11 2 -6 -3 1 14 
-1 13 13 1 0 -1 -4 -22 
1 -10 -4 2 1 -2 -10 -21 
-1 6 3 2 -1 2 14 2 
-1 -3 -5 -9 -3 -1 -3 -4 
-3 -2 -6 -4 0 -5 -9 14 
