#EMG
#5
#ID:5-52
-23 2 0 -25 -5 3 3 5 
32 -3 -10 9 -1 -6 -14 -19 
-9 2 3 31 3 2 -3 -18 
8 9 5 -16 -3 -5 1 17 
12 -19 -42 -8 -1 2 5 -9 
-36 6 14 15 0 0 -14 -7 
3 -1 19 -9 0 -3 4 22 
27 -9 -33 -9 -1 -1 1 -1 
2 3 16 4 -3 -8 -13 -4 
-15 -7 -11 1 1 6 3 -6 
-7 2 -2 -4 -3 -2 -2 -19 
3 11 20 8 1 -1 -3 23 
48 -11 -17 -14 -7 -3 10 17 
-61 1 2 12 4 2 0 -32 
-1 5 0 -11 -1 1 5 -28 
28 -9 -3 -11 -2 -4 -10 10 
-11 -7 1 13 -3 -2 -1 -17 
10 7 15 2 -2 7 20 13 
-1 -1 -9 1 6 -5 -17 3 
-39 5 -15 -6 -8 -5 -4 -11 
2 -11 11 -1 2 2 -1 -2 
18 -2 15 15 2 -2 -12 -1 
-24 -9 -7 -17 -1 3 18 -15 
25 -6 -11 3 -4 -3 -1 16 
-13 0 -8 10 0 -1 19 13 
-13 -4 -26 -31 -1 -5 -20 -6 
15 -11 -7 -1 -8 -3 -1 -30 
-26 -2 12 19 1 -3 -1 -9 
6 -3 4 -5 -4 1 -6 -15 
7 16 13 10 2 1 11 3 
3 1 0 1 0 -3 -6 53 
-26 -15 -24 -22 -1 4 4 -29 
22 23 20 16 1 -7 -11 8 
0 -2 7 7 3 -2 -2 -7 
16 4 7 -9 -9 -2 1 11 
-1 3 -3 0 -2 0 0 14 
26 -6 -9 -14 3 5 2 1 
4 2 5 21 -2 1 2 6 
11 10 -15 -4 2 -8 -8 -2 
9 -13 5 -14 -6 -3 -3 -2 
-27 -8 -1 7 -4 0 -2 -16 
-18 -8 -10 -28 -3 0 3 11 
19 -3 -32 -9 -1 7 11 19 
-1 18 29 7 2 -6 -3 -10 
3 6 -8 -4 -2 -8 -45 2 
-20 -10 5 9 1 -2 -1 -63 
-20 8 8 -2 1 1 11 9 
35 -15 -24 17 0 2 8 10 
-9 3 -8 -16 -5 -1 12 19 
-24 -3 8 6 0 4 1 0 
-57 -10 -6 7 1 -1 -21 -26 
44 -13 -34 -12 -8 -3 5 -18 
28 -1 2 -7 1 3 11 22 
11 -3 8 6 -3 -7 -6 49 
-1 -6 0 0 1 -2 -14 -56 
-1 17 0 -15 0 3 -7 -13 
-51 -1 17 10 -4 -7 -3 8 
19 -2 -11 3 2 5 23 2 
1 -16 -6 0 -1 -5 -18 -7 
-3 -12 6 -28 -2 -5 -21 4 
39 -6 -10 -2 1 1 17 16 
-21 1 0 -2 -4 2 -8 -15 
4 -11 8 25 2 -2 2 -1 
-41 1 10 3 -1 1 8 5 
-53 0 -15 -1 1 1 0 -8 
54 -7 15 4 -3 -6 -2 -14 
-18 -3 -6 1 -2 -4 -4 -17 
23 1 4 0 -4 -5 -8 39 
50 7 1 18 7 5 15 33 
-23 2 -3 -20 -6 -3 3 -22 
18 15 18 3 1 0 -6 18 
-21 6 14 20 2 5 2 -31 
7 -1 -10 13 -3 -4 -11 -10 
23 -3 -11 -31 -2 -8 -30 8 
-16 -2 -6 -18 -2 -2 3 0 
-21 -26 -4 16 2 3 12 -21 
-28 -4 -44 -23 -8 -4 10 6 
-39 -17 3 0 -3 -3 -8 -4 
-26 12 23 14 2 3 17 -11 
27 10 -60 -25 2 -2 -15 32 
-50 7 31 -28 -8 0 -4 -38 
-12 -5 4 9 1 -5 -3 -10 
27 11 -38 -10 -4 0 7 -5 
1 25 36 20 1 -3 5 16 
23 3 33 13 7 11 1 -19 
2 4 -13 7 -1 -7 0 13 
21 -9 -4 -13 -10 -5 19 40 
-18 26 -17 2 1 0 -5 -6 
0 -18 22 -4 0 -3 -1 -19 
9 -2 12 6 -1 7 10 0 
-2 15 -5 -9 4 2 -13 5 
-17 -7 43 20 -7 -4 27 -26 
-6 -21 -40 -14 -2 -6 -17 -19 
5 -2 3 -13 -2 3 1 18 
3 -12 -5 20 3 4 1 -20 
-13 2 -14 -5 -1 -3 -5 21 
14 12 2 -9 -2 3 7 -12 
44 7 -5 -1 -6 -9 -15 24 
-10 13 -1 -22 -2 1 -1 -5 
-25 -11 -14 2 0 2 4 -5 
1 11 -6 0 -4 -2 0 17 
-20 -47 -28 1 -4 0 -2 21 
30 0 -43 -3 1 -9 -10 -5 
9 -4 48 3 -1 5 14 -5 
-19 -9 -17 10 -1 -2 -6 -3 
-2 32 5 8 0 3 19 42 
-26 -31 -10 -13 -4 2 2 -6 
3 -20 3 -17 2 -4 -13 -19 
5 -12 -4 -14 -4 -2 2 8 
-21 3 -3 11 3 -1 -14 -4 
30 -8 4 -1 -5 -5 7 -10 
34 -22 3 -10 3 -1 -6 -16 
-23 -1 18 8 -3 -3 -9 11 
15 -2 -23 27 4 -1 5 1 
-59 -6 16 -45 -5 5 3 -6 
1 -7 25 7 1 -4 -3 9 
34 24 -41 -7 -1 -12 -11 -15 
-36 -10 -25 -15 0 8 23 -21 
29 1 40 16 -1 -10 -46 0 
-9 22 3 8 -9 -5 23 58 
4 4 6 -1 3 8 7 -64 
7 -44 -86 -31 -4 -2 7 -6 
-29 11 58 -16 -4 -4 -10 2 
-33 17 0 20 4 3 -10 -37 
5 -12 0 27 1 -5 -10 31 
58 17 16 -19 -6 -5 0 7 
12 -24 -58 -2 1 3 7 1 
-6 -9 7 24 -1 -3 -12 -15 
13 11 36 -14 1 0 18 -3 
-20 -6 1 -20 -1 -4 -20 -8 
62 10 -18 39 9 5 -2 91 
-12 1 -15 -32 -3 4 9 -73 
11 3 7 -3 -4 -7 7 14 
-23 -3 11 8 -3 -14 -36 -16 
-3 8 39 24 4 3 12 2 
-24 -35 -106 -54 -13 -7 -12 -13 
-8 -5 -16 4 4 10 11 -8 
27 10 35 2 0 -4 12 34 
-21 -1 1 15 -3 -1 7 34 
21 16 18 14 5 0 -9 -2 
-11 -6 -11 -3 1 5 -9 -12 
16 4 11 17 -3 -5 18 53 
21 25 25 17 1 4 -21 -34 
20 -13 4 -33 -4 -1 23 23 
51 34 -7 11 5 1 -1 70 
-31 -32 39 4 4 2 -24 -56 
-36 -18 -40 -18 -5 -6 -7 -45 
9 -15 -26 13 -4 -6 -9 -2 
-18 -32 -23 -21 -7 -5 -22 -43 
-10 10 -1 0 -9 -4 23 33 
12 3 14 2 6 7 23 12 
-7 -1 -22 -7 -5 -5 -18 3 
1 -40 22 29 11 -1 -18 -22 
-29 33 26 -10 -6 -3 18 6 
-5 3 -39 -49 -16 -9 -6 -32 
1 12 27 23 6 13 21 45 
1 16 21 5 1 -4 -5 13 
-18 -49 -40 -10 -1 1 -13 -53 
-4 21 25 8 0 7 13 22 
21 -7 -42 -27 -8 -12 -39 3 
-66 -9 18 9 -5 -4 50 -22 
18 -14 0 -6 -4 -3 -23 -21 
1 3 -29 10 5 -1 16 3 
-4 2 16 -2 -2 2 -2 15 
5 -3 34 8 -3 -3 -16 -1 
-16 37 -39 -5 4 4 6 -30 
18 -1 34 32 -5 -5 14 55 
-2 8 -17 5 3 2 -2 -8 
-4 -8 -54 -45 1 -2 -9 3 
-3 -13 35 7 -11 6 16 10 
-8 -14 -10 1 4 -2 -29 -42 
15 0 -13 -6 -2 -3 14 15 
1 10 -7 -21 -4 -6 -17 18 
-1 -9 -3 26 8 6 -1 -55 
-4 46 19 3 5 2 17 -13 
10 -8 44 -8 -6 -4 9 65 
-16 -10 28 11 0 3 3 -45 
29 32 -4 -18 8 4 -16 10 
-2 -32 -16 8 -10 -9 -19 9 
-21 28 24 29 5 5 27 -23 
8 15 53 -17 -5 -3 -11 4 
-6 16 3 13 3 1 5 17 
1 -9 -20 -9 2 1 -17 -50 
-19 -2 31 -15 -1 2 -17 17 
3 -1 -87 0 -7 -3 0 -13 
3 14 20 19 -3 -5 0 -15 
5 -11 -40 -4 5 2 14 63 
-20 -18 47 17 -1 -6 -36 -87 
17 42 7 -19 -6 0 31 74 
16 -15 8 4 6 4 -1 2 
-8 3 -15 4 -5 -2 -8 8 
10 2 -33 -6 7 3 20 -1 
-10 -52 -15 20 3 2 -14 -15 
-24 -20 20 -26 -14 -8 -1 10 
12 8 39 17 2 3 6 10 
5 3 -8 -28 -11 -4 -3 -3 
-10 -12 -4 -1 2 1 -9 -51 
-20 -5 -19 14 1 -2 -8 6 
17 -16 10 -10 0 2 16 28 
-8 -30 -16 22 0 -2 -5 -45 
-27 6 6 -16 -3 -1 -6 -5 
-15 1 -43 -8 -4 -8 -28 -29 
-33 11 31 -6 -7 -5 -8 -16 
6 12 9 -7 3 6 39 8 
35 -26 -21 -12 -3 1 48 30 
-37 11 8 13 1 -5 -14 -47 
-7 -7 -31 -28 -10 -11 3 8 
6 20 31 24 14 6 -13 8 
14 0 -14 -11 -10 -10 -48 -21 
13 9 8 -11 0 2 20 22 
0 -3 30 23 -1 -1 -16 -14 
29 -8 -29 -16 -2 -5 30 79 
-47 28 19 28 8 8 22 -58 
50 -35 -18 -12 -9 -11 -6 75 
51 -2 -20 -21 -2 0 -27 -78 
-18 5 -13 1 -4 4 -95 -109 
18 1 22 -10 -5 -13 90 115 
28 -10 4 3 9 7 48 15 
20 -1 -18 -31 -13 -9 -7 42 
-72 -13 -3 22 -2 1 -12 -79 
14 12 5 19 3 -3 -1 32 
-90 -9 -35 -33 -12 -5 10 0 
14 0 14 3 7 1 -34 -82 
-16 7 -33 -3 0 -6 -9 44 
0 40 -25 -54 -8 9 3 60 
-3 -20 80 91 3 -2 -24 -80 
-6 -20 -39 -21 -18 -11 -13 4 
34 24 7 10 2 2 9 23 
-34 -36 -12 -10 3 -3 -50 -29 
27 9 51 -9 5 5 -15 10 
-20 5 -13 26 3 4 33 8 
6 -13 16 -12 -2 -3 5 -6 
19 -12 -34 -11 -7 3 -10 -3 
22 71 4 8 3 -2 4 11 
-42 -31 15 3 -6 -6 5 -11 
5 13 -26 -13 -15 2 11 36 
13 -5 35 -2 5 1 -23 -27 
-6 -3 -38 28 6 -9 -16 -9 
-14 18 -6 -56 -20 -7 -3 -1 
17 2 16 29 1 -3 -1 16 
-3 -7 1 12 0 6 -1 -18 
-7 -25 -61 -27 2 3 -1 9 
2 36 36 22 7 3 8 13 
16 3 9 18 -10 -13 8 -8 
-44 -60 -9 19 -4 -8 -15 -28 
38 19 11 -32 -4 1 -4 40 
-24 -18 -6 35 14 9 8 -20 
7 -4 -41 -50 -8 -2 1 -12 
-5 11 44 58 12 4 19 -14 
10 -1 22 -6 -6 0 -9 2 
-3 2 -7 -32 4 4 -9 5 
-2 -5 -21 1 -15 -10 -16 25 
-15 -28 -65 -9 -7 -16 2 -50 
-15 22 25 0 2 5 -15 -28 
-12 -34 -40 6 2 6 57 39 
28 6 16 -9 7 -11 -95 -34 
25 18 14 -16 -4 -4 20 18 
-20 -12 -24 36 -23 -10 -14 -25 
-30 -32 3 -37 2 2 -14 -26 
37 -6 -26 4 8 7 29 16 
-3 13 61 -4 -4 3 -10 54 
12 -6 -20 -7 3 -1 -16 -35 
-24 -26 -32 -7 -6 3 62 23 
-15 9 31 20 -1 -11 -14 -1 
37 19 17 -15 5 4 9 6 
-17 11 41 11 5 7 14 9 
58 27 -20 3 1 -5 -33 21 
-68 10 -27 -31 -8 -3 60 -55 
-9 -31 40 31 -4 -1 -46 32 
11 -21 -72 -33 -5 -6 41 -8 
9 13 18 0 1 0 -8 -10 
9 8 8 6 4 12 28 -15 
26 12 -28 -2 -6 -27 -47 44 
-43 3 7 0 1 6 51 22 
63 6 36 -21 -4 -9 -53 22 
-50 -38 -46 7 0 4 78 39 
-20 -29 -8 -17 -1 7 -3 -46 
42 -10 -40 -3 -17 -17 -36 -7 
-60 4 16 -10 0 -5 8 -72 
-5 6 22 7 4 -3 -33 19 
-1 4 -1 4 0 1 13 -20 
-3 -18 7 -13 4 1 -4 7 
-7 0 -55 20 0 -4 -30 58 
13 1 71 8 0 0 -15 -70 
-14 -1 -49 -14 3 16 9 16 
-1 5 44 10 -2 -2 91 61 
-24 -5 19 31 2 -5 -46 -34 
14 -28 -20 -11 -2 0 17 5 
3 24 -14 14 -4 -8 26 13 
-22 8 12 -32 2 7 -61 -61 
32 -27 9 26 -2 -4 20 69 
-83 -27 -65 -32 -7 -5 -7 0 
-15 -28 22 4 -7 -11 -32 -67 
22 9 18 5 5 4 -7 3 
-6 -18 -16 3 0 -3 15 -2 
4 22 -11 10 5 11 31 13 
10 -3 19 15 -8 -22 -56 -5 
2 -1 61 2 5 11 23 25 
-2 36 5 -6 6 -3 -18 -23 
8 -11 0 18 11 3 -7 38 
-16 -19 -1 -38 -24 4 11 -38 
12 -9 -117 10 9 4 3 6 
22 15 127 43 13 6 1 12 
-1 2 -35 -88 -4 -1 -16 -9 
5 35 2 51 -11 2 43 12 
-16 -11 28 -12 -1 -2 -33 -20 
-16 -13 -40 49 -6 -6 15 9 
19 -26 -96 -50 5 -10 -16 53 
26 -2 39 -20 10 9 -5 8 
11 65 29 51 10 5 -7 -89 
21 21 5 -64 -13 -1 10 16 
17 16 44 91 6 1 -13 2 
-44 23 -35 -46 4 5 -2 -4 
49 -9 -1 -26 -5 -11 -8 52 
-3 -9 -5 -6 -6 -5 28 -35 
25 -2 -1 20 -11 -8 -21 -5 
-23 -23 -9 -8 9 6 -1 -19 
-7 2 -3 -12 3 5 -45 27 
-21 11 -30 -16 0 -2 -9 -49 
-10 -30 32 2 -15 -12 -9 16 
33 37 14 23 16 8 19 -25 
-28 -55 -34 -39 -6 8 9 31 
36 19 -23 -7 -8 -2 15 -5 
17 28 72 8 5 2 -18 3 
-41 -23 -50 -6 -5 -9 -20 -20 
-5 -7 -19 14 -3 -5 -5 -13 
24 41 41 -22 -4 1 7 27 
-5 -30 12 6 -3 1 14 -35 
58 41 10 5 2 5 35 94 
-63 -34 -12 4 -11 -26 -54 -103 
4 -5 19 12 11 5 -23 15 
14 29 -7 -30 -9 -6 7 66 
-21 -8 -24 4 -4 -1 -7 -47 
-6 21 22 8 2 -1 21 35 
0 -10 -21 1 1 2 -15 32 
13 -1 -2 -31 -8 -8 -17 -55 
-4 -13 -14 -18 4 8 19 21 
-45 -7 14 5 -7 -13 3 10 
-11 -17 -23 7 -9 0 2 -53 
-12 0 8 23 5 3 -1 14 
-2 -10 -23 19 3 1 11 -29 
34 6 37 -36 -7 -2 -27 32 
-28 36 37 -21 -1 4 16 -31 
-19 25 13 34 9 3 11 -5 
-27 -35 -103 -20 -5 -3 -15 -26 
41 44 81 12 -5 -6 0 52 
-25 -39 -12 10 0 -4 -4 -33 
20 9 12 -7 5 7 4 29 
6 -20 -14 24 1 -5 -13 -7 
18 47 23 -12 0 11 -6 7 
-16 -11 -20 -8 -1 -5 22 9 
4 22 -9 -8 -2 4 34 4 
12 -8 37 28 7 -3 1 37 
-7 -25 -43 -17 -2 -2 -18 -51 
9 2 19 -2 0 -1 -5 13 
-38 -9 -23 -1 -2 1 -2 23 
-17 11 5 -24 -13 -7 -2 -24 
-13 23 9 10 0 -3 11 -20 
-8 -34 -48 6 2 2 -17 4 
16 -9 5 -1 -6 -6 0 12 
21 12 15 -31 -6 -4 -3 29 
-5 -16 -39 -6 -1 -2 12 -24 
-1 4 -18 3 2 -2 -9 41 
-5 32 23 -7 0 2 -4 -28 
-1 3 26 20 -1 -5 -13 -14 
17 -18 -53 11 0 -1 7 1 
-28 -34 -30 -69 -13 -4 11 0 
-15 -53 28 42 0 1 -9 -6 
25 22 77 6 5 1 -8 10 
-40 -22 -67 -24 -4 6 32 78 
-6 -2 20 29 4 -2 -9 -29 
21 17 19 -19 0 0 -8 4 
-70 -8 -46 0 -5 4 -12 -48 
40 -19 3 -4 -2 -9 12 48 
16 35 18 15 6 10 20 18 
-26 10 6 -9 -5 -1 -7 -30 
-6 -21 14 -8 -2 -5 -17 -10 
4 35 -14 -7 0 5 -3 22 
13 7 11 7 1 -2 -12 -21 
18 1 8 22 0 -4 6 21 
-1 0 -22 -9 -3 -4 -9 -37 
45 -19 1 0 4 3 1 40 
-70 -6 -16 7 -3 -6 -10 -58 
5 -30 -25 -9 1 0 1 -6 
11 1 51 1 4 1 2 8 
0 14 -15 9 -10 -5 -9 -54 
29 4 11 -13 0 3 -3 21 
7 0 -20 -9 -2 -4 -3 -9 
37 2 -13 6 -2 0 2 25 
-42 -3 2 5 3 2 -3 -33 
-9 2 -34 8 5 5 9 8 
-14 -27 -33 -44 -9 -6 -17 1 
48 14 -6 -5 -5 -7 14 15 
34 -7 9 0 -5 -5 -14 -6 
-13 -13 -24 -4 -6 -4 17 11 
-13 -18 34 -5 -1 0 -1 -30 
-7 9 -3 17 1 0 -1 17 
-69 -8 -1 -14 1 5 12 -1 
71 33 30 4 2 9 3 1 
-10 13 -21 18 3 -7 -9 26 
11 -15 -4 -3 -14 -17 -9 -38 
-24 9 13 0 -5 -9 -5 -21 
3 -32 13 22 7 8 1 13 
38 11 -25 -1 3 8 11 39 
-42 -17 -36 -25 -3 1 -7 -29 
-19 -11 13 3 3 4 4 -28 
-2 10 14 17 2 -4 -11 42 
76 -5 -24 -19 -12 -4 -3 -28 
-82 -20 7 -5 -2 -2 4 46 
19 5 6 10 12 4 1 13 
-8 -7 6 5 -10 -4 0 -38 
-24 0 33 19 0 -4 2 -11 
7 11 -56 -38 -11 -2 -2 12 
13 -4 -13 -1 -2 -1 -1 5 
4 -9 14 -1 4 2 3 34 
-51 5 5 17 7 2 -14 -38 
58 8 27 26 2 1 13 23 
-20 -18 -16 2 -5 -4 -6 -14 
-7 11 -21 -15 -6 -9 -23 -19 
23 -9 -12 1 -1 -3 29 25 
6 3 13 3 4 6 -1 16 
10 14 28 9 8 5 2 -10 
5 -1 -3 -5 -3 0 -6 7 
-27 -12 -25 -20 -8 -3 -1 11 
7 -3 14 8 5 4 3 6 
-2 -24 9 -6 -7 -9 -1 -22 
14 2 11 -5 -2 -2 -5 75 
-19 -3 -31 -13 3 1 -10 -67 
-4 -34 19 11 -2 -2 -4 -14 
-24 -17 -12 8 -1 -1 0 -11 
44 11 16 0 -1 -1 6 4 
44 -8 -5 -19 -3 -1 3 39 
-37 14 7 -1 1 -3 -4 -35 
-24 3 -8 -2 3 4 -1 -23 
-9 -21 -12 6 -12 -10 -10 -18 
-1 8 0 -21 0 3 8 14 
32 33 24 6 0 1 -4 -3 
-17 -11 -58 -12 -6 -7 -4 16 
-11 -11 -5 -11 -3 -3 3 -4 
-12 -6 20 18 0 -1 -21 9 
24 10 -7 6 1 3 34 26 
8 10 12 -12 0 8 15 -5 
7 -12 -7 10 8 -6 -15 33 
10 6 2 4 -5 -3 -20 -79 
-26 -13 -36 -16 -4 -5 1 1 
48 6 27 3 -4 -5 -3 8 
-46 0 -14 7 2 3 12 22 
23 8 31 1 0 -4 4 10 
-8 -1 -14 -6 1 -1 -16 -33 
11 25 4 6 -5 3 4 4 
-14 5 6 0 2 0 -18 -32 
17 -7 -18 -3 -2 1 9 48 
-26 11 33 20 1 -1 -5 -50 
14 -18 -23 -20 -8 -8 -22 13 
-9 11 12 -10 -3 3 4 -21 
-12 5 25 7 0 -1 -1 -16 
18 -4 -30 -6 1 0 -9 32 
6 0 17 6 0 -2 7 3 
-7 -4 -5 -10 -5 -5 -1 -28 
-16 -3 19 5 2 3 4 26 
-40 -16 -10 -14 -7 -6 -21 22 
-22 -8 -11 -20 -3 -2 3 -50 
2 -20 -23 -4 -2 2 4 -47 
-15 4 -1 -2 -6 -5 1 15 
25 -6 32 -4 -1 -3 -1 22 
12 14 20 17 4 2 0 22 
-6 8 -18 7 2 2 1 -11 
-16 -13 -1 -22 -4 -6 -2 -25 
44 30 0 8 -2 -2 2 16 
2 -25 10 14 1 -2 -19 -9 
-1 5 27 -6 0 3 32 2 
3 -1 5 16 7 -1 -4 3 
-10 -1 -31 -8 -1 -3 -4 -12 
-2 7 11 -2 -11 -2 1 22 
-7 2 -6 3 0 1 -4 35 
23 -3 -3 -4 -5 -2 -6 -49 
13 -4 10 2 1 0 3 27 
-22 2 -3 1 2 -1 -3 -14 
8 8 -7 -9 -9 -4 -4 39 
-20 3 -15 0 -2 1 -2 -45 
12 -14 17 14 4 1 -3 -2 
-10 10 -21 -2 5 2 4 10 
33 -17 -32 -22 -13 -10 -8 -40 
-39 1 -7 -3 0 1 -2 16 
14 -9 -20 -6 -2 0 2 10 
11 1 25 4 0 -1 1 -23 
-49 3 -20 -4 0 -3 -12 -54 
76 19 7 11 2 1 4 46 
-38 -34 -14 -8 -3 3 0 -10 
29 -15 -15 -12 0 0 4 12 
18 4 22 5 -1 0 -4 -3 
-69 2 -26 -1 -5 -5 0 25 
-2 -9 -8 0 -2 -3 -4 -35 
-2 9 -6 -1 -1 -1 -4 -5 
6 -12 20 5 6 7 4 0 
-5 0 23 22 7 3 2 40 
6 -6 -21 -15 -3 4 8 -58 
5 -20 -21 -36 -17 -17 -21 11 
-19 -10 -4 0 -2 -5 -7 -17 
15 5 15 1 -1 -3 0 18 
-6 17 23 11 6 2 0 7 
15 11 9 10 5 7 8 23 
4 12 10 2 1 3 6 18 
-5 -17 -25 -1 -4 -5 -2 10 
15 4 -6 -14 -2 -2 -5 -22 
6 -4 -14 -5 -3 0 -27 0 
-35 6 4 10 -4 -6 33 27 
-15 -8 10 -3 -1 1 2 -22 
6 -2 20 5 -2 1 0 2 
5 12 4 4 1 2 7 5 
0 1 -24 -10 2 -2 -15 -15 
16 -15 -39 -20 -8 -4 -5 -9 
-21 0 25 -6 -1 -3 0 36 
-8 -14 -14 10 -5 -8 -4 -44 
-27 4 -6 -4 1 2 -8 -32 
-17 1 9 0 -1 2 8 28 
-10 -10 -5 4 -4 -9 -17 -23 
-3 29 15 2 2 4 12 36 
18 -2 8 13 5 4 -3 -11 
-8 -5 -8 -16 -9 -4 -3 -4 
7 12 15 11 2 3 4 19 
-1 0 14 -2 0 0 -2 2 
-8 4 -30 -6 -6 -4 2 28 
-6 -32 -29 -2 -1 -6 -13 -58 
-19 -8 -6 2 -6 -3 0 -6 
-16 -30 -12 -7 -5 -7 3 -13 
22 4 13 -2 -1 0 -4 17 
-1 11 19 4 3 2 3 -9 
7 4 -6 20 2 0 1 10 
1 17 4 -23 5 7 6 -26 
6 -7 -21 -13 -8 -5 -13 55 
17 14 4 4 -4 -2 -9 -51 
8 -3 3 -13 -7 -7 -4 7 
-13 4 4 9 3 3 2 3 
14 8 16 7 4 3 4 0 
19 16 41 11 7 8 4 50 
-50 -16 -77 -21 -10 -6 -17 -89 
12 -5 13 14 4 2 3 8 
16 -17 -16 -8 -5 -1 0 -9 
-25 -17 8 0 -1 -5 -25 -1 
13 15 34 6 4 3 30 23 
-8 -6 -23 -2 -2 -3 -4 -1 
-6 -2 11 6 -3 -3 -7 -20 
36 43 9 1 1 2 6 11 
9 13 19 3 9 8 2 84 
-32 -37 -29 -11 -9 -8 -8 -71 
9 4 3 6 2 -1 -3 32 
10 13 -4 3 -1 -1 3 -18 
5 8 3 -2 1 -2 -6 21 
-3 20 23 15 8 -2 3 20 
-15 -11 8 -3 -7 -3 -10 -34 
1 29 7 0 1 4 16 21 
16 10 -30 -5 -1 -1 -3 13 
-8 -28 -13 -6 -6 -3 -2 9 
-3 40 34 7 4 1 -3 -45 
-11 -26 -11 -8 -1 1 6 7 
3 12 3 0 7 6 1 -12 
-12 16 32 5 -6 -8 -8 1 
-31 -12 -27 -1 -3 -2 2 4 
-9 -16 -13 -9 -5 -3 -7 -15 
-28 -1 15 1 0 0 0 -21 
47 2 7 4 3 2 0 26 
-5 18 21 25 10 8 12 31 
22 -22 -39 -47 -17 -12 -8 -13 
-14 -17 -3 -14 -9 -13 -19 -36 
-21 -7 -31 -7 -4 -5 -2 3 
4 0 20 -2 -1 -1 -2 -7 
1 3 -2 16 5 2 4 17 
20 37 14 6 -1 4 5 32 
-19 -12 -10 -12 -4 -1 -3 -33 
1 -13 13 -7 1 2 -9 4 
12 -27 -28 13 -7 -8 -12 16 
-2 -15 -15 -25 -3 -6 21 -16 
21 14 22 13 0 3 4 29 
0 -1 -3 -14 -6 -3 -3 -23 
-29 -12 -4 4 4 1 -7 -20 
13 10 31 14 1 3 -4 5 
7 -14 -45 -9 0 -6 -5 -13 
16 -14 -8 -11 -3 -3 2 10 
1 6 12 14 2 -2 -2 -10 
0 1 7 3 1 -2 -6 -3 
-29 -23 -38 -15 -9 -7 -3 -16 
38 -16 -6 -10 -6 -6 -2 21 
-24 10 27 7 2 1 8 -26 
-5 6 -10 -3 1 1 -9 6 
0 -7 -11 1 1 4 1 20 
-6 2 12 7 2 -3 2 -32 
-13 -26 -4 -17 -2 -1 -1 21 
3 -18 -5 1 -5 0 4 5 
3 -4 7 -5 -4 -3 -9 -2 
-5 -4 4 3 -1 -4 -3 -11 
16 9 -46 -11 -1 0 9 36 
-19 -29 -12 -6 -2 -4 -8 -46 
6 10 -2 4 3 2 6 17 
-17 -5 -10 -3 2 2 -2 -1 
-9 -1 13 9 4 2 -3 -33 
41 3 12 -9 -11 0 9 60 
