#EMG
#9
#ID:9-82
-1 -9 -24 5 3 0 -2 -1 
1 15 36 6 0 -3 3 -10 
2 -20 -19 -5 0 -4 1 4 
6 3 -5 -5 0 -4 -1 5 
-7 -5 2 -2 -7 -5 -7 -3 
-4 -3 3 -6 -1 5 -14 -8 
12 17 -23 2 0 1 7 8 
-5 -35 16 -10 -3 -1 -19 -13 
-4 6 -13 3 3 1 4 -1 
1 -7 -20 4 -5 -7 5 3 
-4 0 19 -4 2 -1 -4 -9 
-1 4 -16 5 -3 -2 12 6 
2 14 4 -7 -3 -4 -6 -3 
-2 -7 1 -8 -4 2 -3 3 
-4 1 -16 1 -2 2 -6 -19 
3 4 -7 -2 -1 -4 0 3 
-13 -10 3 1 -1 1 2 -11 
-1 2 -3 -2 -5 -3 4 8 
-1 6 20 -2 -4 -3 -3 -2 
-6 -8 -9 -8 -2 3 2 3 
4 9 7 5 5 1 18 7 
-1 -11 -23 -1 -2 -3 -31 -10 
-9 -15 -7 -2 -2 1 21 4 
1 1 5 -7 1 -5 -6 7 
6 7 0 9 1 -1 0 0 
-5 -3 21 -1 2 -2 4 -11 
-1 -16 -8 3 0 -6 -11 -8 
-1 11 -15 0 -2 3 5 -5 
-11 -27 5 -8 -2 3 -12 15 
10 0 32 1 0 2 10 41 
-9 -3 -5 7 -4 -5 -15 -32 
-4 -3 -18 -11 -4 -5 2 -3 
5 9 -4 -2 -2 -7 1 -3 
-1 -3 -2 4 5 -3 5 4 
10 -4 4 -9 -3 -2 5 13 
-19 20 10 11 5 2 -42 -17 
3 -19 6 -1 -2 3 38 16 
-2 4 -3 3 0 -2 -11 -16 
4 22 4 5 3 0 4 1 
2 -12 -11 2 1 1 7 -1 
-1 2 -12 -14 -10 -5 -10 -5 
-2 4 6 1 0 4 9 -11 
1 -18 -15 4 -4 -1 -2 29 
-4 -7 -5 -22 -5 -3 -9 -26 
-2 2 0 -2 -1 -3 -9 -4 
3 2 20 6 -5 -3 8 4 
-1 14 -12 17 7 0 -3 -14 
-2 -24 10 -9 -1 -4 -14 -15 
6 -7 8 6 2 2 6 7 
-4 6 -32 -15 -6 -1 -6 -13 
-2 2 19 -1 1 -4 -31 3 
6 7 -24 6 -1 0 64 18 
7 13 -8 -4 -2 0 -19 -15 
0 -9 4 -5 -5 -1 -2 4 
-9 -17 3 -4 5 5 8 -3 
-1 5 10 -9 -3 -6 -8 13 
1 -9 -7 0 -5 -5 6 -13 
1 9 9 -4 0 2 9 4 
-3 -30 -2 -4 0 1 -3 -5 
0 -7 -5 8 -2 0 -2 -3 
6 32 28 8 5 3 -13 14 
-10 -3 7 -12 -4 -2 -23 -24 
6 -9 -35 -22 -6 -4 20 -1 
-21 1 -6 1 -3 1 -2 11 
-5 -4 -18 -3 -2 -5 -5 4 
-4 18 17 22 1 -7 14 -7 
-4 3 -3 -13 -7 -4 -26 -10 
5 0 -4 15 1 -2 16 22 
3 -14 28 2 -4 -3 5 7 
-3 -8 -33 -4 2 -1 -8 -16 
11 13 50 14 -2 -5 -3 7 
-17 -12 -28 -41 -12 -1 -22 -29 
-3 9 -34 1 5 0 -8 -3 
6 -24 -27 -8 1 2 10 32 
-19 -20 -10 -1 -3 -9 -18 -56 
9 17 14 18 7 6 27 28 
5 4 37 -10 -2 -6 17 9 
-1 -7 -4 3 -2 -3 -9 0 
-8 -9 -10 -6 -1 4 14 -1 
6 25 45 10 -3 -4 -28 -17 
-9 -12 -30 -9 -3 -2 -6 3 
3 -7 3 2 5 -3 12 3 
-2 8 -20 -10 -13 -4 -31 -5 
-2 -30 -9 -6 -1 -3 10 31 
-3 -16 -10 8 4 5 -14 -42 
-8 -9 -19 -9 0 0 20 -6 
-2 -13 48 9 -2 -6 -9 11 
5 11 -4 -4 -3 4 31 14 
-3 -13 -10 -3 -9 2 -17 -4 
16 4 -20 -10 -5 1 21 7 
-13 0 -33 -4 1 -4 -36 -16 
-12 -18 11 5 -1 -6 26 23 
-1 14 34 18 3 1 -3 -18 
-14 -14 -8 16 5 0 -8 -31 
25 -4 -15 -22 -5 -6 6 38 
7 13 -21 8 8 5 -23 -27 
-2 -18 7 -13 -7 -5 8 1 
-2 -23 26 1 -3 -4 -12 68 
-9 4 -38 4 3 7 10 -32 
2 5 56 10 6 2 -25 -22 
-11 -14 -46 -16 -9 -7 7 5 
2 18 -34 -1 -1 -7 -29 -12 
-2 -2 29 8 -4 0 27 37 
2 -3 -27 -17 1 -2 -17 -21 
6 -7 40 39 7 -2 15 3 
-2 18 -2 -5 0 -6 -74 -48 
-13 25 -8 4 -2 3 55 16 
5 -37 -40 -6 -1 4 5 3 
-13 -6 -15 -10 -11 -9 -2 6 
-1 4 -11 -15 -6 -1 -12 26 
20 1 -37 13 6 8 34 9 
-23 18 27 -10 -7 -13 -31 -52 
-1 -2 -51 -17 -3 -2 2 11 
0 2 24 0 3 4 9 -3 
13 5 4 -10 -6 -3 -8 39 
4 16 -5 -3 -3 -1 8 5 
11 -8 73 18 15 8 -13 -17 
-4 0 -45 -7 -5 -4 12 2 
-8 12 19 -11 21 12 15 -4 
6 -2 5 36 0 -6 -11 9 
6 30 -6 -4 8 6 -10 -4 
-21 -23 12 -15 -11 -9 8 -20 
12 36 22 20 1 3 -7 14 
9 1 -14 -34 -11 -4 -4 -15 
2 2 -14 3 6 3 -2 11 
-7 10 -34 -2 -3 -2 26 -3 
3 -12 36 -10 -8 -5 -20 16 
-16 12 37 21 2 1 0 -23 
13 4 23 -3 -7 -2 3 2 
-18 -33 17 -8 0 -7 -3 50 
-9 19 4 -2 3 -3 -18 -77 
13 -11 34 27 4 -2 5 43 
-1 18 -36 -27 1 7 -5 -11 
17 11 81 8 -3 6 8 0 
-20 -29 -67 -10 -7 -10 -3 35 
1 4 -12 -35 -9 -3 5 -12 
-13 7 70 12 6 -2 -8 -26 
6 -1 14 -10 -14 0 3 2 
9 19 36 27 11 -2 3 -21 
-10 -5 -15 -19 -21 -18 -37 31 
-16 -6 -62 -29 -9 -5 35 -17 
5 1 6 27 18 12 4 -27 
-13 -53 -27 -27 -6 -2 -23 15 
34 0 -11 10 4 4 -2 -10 
7 -12 6 6 -4 -7 -26 20 
-4 2 -30 -17 0 -5 28 87 
-35 28 33 -6 -7 -10 -8 -97 
-13 -22 10 -3 11 10 -1 -15 
10 9 12 7 -12 -6 6 -2 
23 -3 -22 16 -1 -11 -94 -11 
40 0 -13 4 -7 4 79 43 
-23 11 -20 -29 -5 -3 -6 8 
2 -10 18 -7 4 4 21 5 
-46 34 28 19 3 4 -2 -49 
-24 -26 4 73 8 -9 -55 -76 
7 -1 -22 -47 3 6 -10 36 
-23 -13 -30 28 -11 -5 70 65 
120 38 14 -41 7 6 -42 45 
-32 -76 -34 23 -18 -12 40 -29 
-25 -14 21 18 11 -7 -82 -128 
-22 4 -5 -29 1 14 62 84 
40 -6 27 32 3 0 -14 -44 
12 -17 -2 -30 2 1 -15 73 
7 -10 -18 22 -5 -1 -41 -45 
-13 -11 24 -1 3 0 23 50 
-7 17 -19 -11 -4 -2 -15 -69 
-20 24 -20 -20 -9 3 6 19 
-2 -6 0 6 1 -5 -4 8 
58 -20 -50 -49 -9 -3 -27 12 
-47 5 12 24 7 18 79 -25 
38 -15 5 -1 0 -21 -33 75 
0 51 -20 -18 -5 -4 24 -32 
-21 -12 -13 23 -4 -6 -80 -86 
-17 -63 -23 -4 -6 0 97 56 
-12 38 32 -1 7 8 -34 -7 
6 -32 9 10 3 7 38 47 
1 18 -15 -20 3 -3 -42 -56 
-9 13 -16 3 -12 -13 21 -5 
-16 -21 -9 -9 -9 -3 -11 -2 
16 12 1 -18 1 5 16 34 
-3 27 -3 23 8 10 19 6 
5 39 -20 -16 -12 -11 -116 -32 
26 -26 -43 9 19 22 121 28 
-29 -47 -11 -23 -19 -12 4 -1 
3 45 16 -51 -3 -8 -29 -12 
-34 -6 4 10 9 9 18 10 
-4 28 -2 3 -5 -17 -60 -55 
18 9 54 27 6 3 22 23 
8 -4 -10 40 3 3 18 38 
-15 4 -4 -46 -17 -11 -65 -68 
9 2 52 8 18 7 67 13 
-15 -7 27 -15 -15 1 23 42 
-19 -35 -31 15 1 -17 -55 -51 
-18 17 -7 28 2 4 10 -12 
21 25 59 18 -9 -2 -26 6 
11 0 -3 -30 4 -7 16 12 
12 28 35 -2 -12 -6 -25 37 
-17 -81 53 14 21 14 34 -25 
-14 -37 -94 -61 -14 -4 -20 -32 
-9 -5 -55 49 5 -2 -11 -25 
4 10 58 29 18 9 51 14 
-22 -34 -82 -86 -32 -22 13 32 
11 14 50 57 8 1 -18 14 
19 65 23 18 16 14 -1 40 
-5 -56 -85 8 -9 -9 -25 -89 
2 -1 24 2 -9 -8 3 21 
-40 8 -17 -34 9 15 4 9 
7 28 -11 -4 8 11 -23 -7 
-20 -19 -37 -31 -28 -23 19 42 
31 -3 77 59 25 3 28 12 
10 -2 -56 -33 -28 -6 -27 -8 
1 4 16 22 21 6 25 21 
5 -2 -22 10 -5 16 -24 -19 
20 -26 1 -19 -3 -5 -26 3 
-24 46 58 10 3 -5 -3 30 
-31 -101 -23 26 -20 -14 -18 -69 
-17 20 28 23 24 12 10 -12 
26 7 -73 -3 -17 -9 -29 31 
43 4 16 80 15 14 -29 -17 
17 6 -36 -36 -9 -20 -21 -17 
-32 -36 11 -7 -1 10 -39 -52 
53 45 55 3 7 -3 69 72 
-22 -18 -20 -10 0 2 36 16 
-9 -5 -17 -14 -15 -1 -11 16 
-44 -35 -17 -9 -7 -6 -42 -58 
-7 1 -8 2 6 12 55 5 
32 21 -12 -4 -1 -15 13 31 
-8 5 -2 -17 -14 -14 -4 -51 
16 49 42 -11 1 -3 5 52 
0 -49 -21 -23 8 7 -55 -39 
-29 -23 -41 -12 -19 -3 -6 -19 
-39 -19 18 21 3 3 -49 -15 
44 63 58 -17 -5 -8 103 14 
-18 -51 -32 27 -1 10 7 49 
-2 -3 -29 -74 -6 -12 -19 -39 
18 21 -2 19 9 6 19 43 
3 27 -13 -8 -5 -11 -49 42 
-13 38 8 11 -1 -7 11 -76 
1 -62 12 0 6 3 -41 -58 
11 27 2 14 0 4 82 83 
21 -12 -72 -64 -11 -1 -15 43 
-40 38 72 44 6 -5 -12 -31 
5 -4 -9 -24 -6 3 -13 9 
-4 -2 4 -5 -3 -8 -23 -46 
12 -3 21 46 12 7 5 20 
-8 22 4 -29 7 -2 -2 8 
-13 1 3 -42 -22 -6 -5 -26 
17 -15 33 91 4 -2 -3 45 
12 37 10 0 5 11 20 16 
-24 36 -79 -19 -9 -7 -22 -63 
-1 -8 -57 -10 8 -7 -13 -18 
-28 -15 -11 -44 16 3 -3 5 
-3 -14 -18 -6 -19 -8 25 19 
-4 -15 -43 1 1 -7 -49 18 
4 57 -12 0 1 5 67 -8 
-18 -23 -14 -14 -2 -6 -21 -54 
18 -6 41 39 7 10 3 11 
12 -39 -70 -29 -13 -5 -4 17 
-12 7 24 34 10 1 -2 8 
10 8 12 -41 -2 0 -30 -3 
-4 -5 25 37 -3 2 46 21 
10 20 48 13 9 6 -2 27 
-11 23 -44 20 -9 8 -2 -12 
25 30 59 -53 -10 -3 27 43 
-19 -16 10 34 12 -6 -61 -74 
14 7 -1 -5 -6 16 43 40 
-12 13 57 3 1 -25 -40 -30 
10 20 -16 22 10 17 26 2 
-30 -36 -66 -72 -18 -28 -23 -20 
-4 -24 29 13 4 2 3 -30 
19 25 17 7 1 6 14 47 
-5 15 -25 -24 -32 -6 -17 -22 
-16 -24 -29 -12 3 -12 -18 -32 
4 -14 73 54 13 9 5 43 
-8 -19 44 -21 0 -4 -22 2 
-5 -3 6 11 3 -5 0 -31 
24 31 37 -2 4 15 12 17 
-3 -14 -53 -26 -39 -13 9 50 
1 12 10 24 14 13 -2 -62 
10 -1 -18 -37 4 -4 4 33 
-19 0 71 50 -4 -16 -26 -49 
-15 1 -26 -19 4 6 1 -2 
20 -13 -32 15 -2 0 -9 -6 
-5 -20 -54 -22 -14 4 30 37 
-3 11 29 12 4 1 -23 -70 
-7 -55 -5 -44 -7 -12 -2 20 
7 -9 55 57 3 7 11 8 
2 -5 -4 26 3 -4 -14 9 
31 -17 -99 -10 3 4 23 35 
-23 9 -2 -2 3 -12 -21 -68 
-9 0 8 -47 -9 -2 -3 11 
-20 -9 1 31 -12 -5 10 18 
-12 6 9 -4 -6 4 -1 6 
-15 -9 -65 -16 4 -4 -12 -46 
-14 -25 -31 18 -11 -13 -31 19 
-9 -2 12 25 5 7 19 -4 
24 6 18 -9 3 10 12 23 
-16 17 -27 -48 -5 -12 -22 -47 
-1 -9 10 11 3 -4 4 43 
11 5 20 -6 9 5 -6 -28 
-6 -17 -13 -2 4 4 7 13 
25 0 -6 2 -3 -8 -9 -9 
-18 -23 -20 -16 -3 -3 1 6 
-4 2 -5 -3 -1 -8 -8 -4 
3 -1 29 -5 3 1 8 -27 
-19 37 45 37 2 4 1 29 
1 -53 -20 -24 -6 0 5 19 
-3 4 -13 -13 -1 0 -5 -51 
-12 10 14 7 1 -1 -17 2 
18 12 38 5 -6 -2 10 9 
-25 -30 -20 -34 -3 1 4 -18 
18 -12 11 17 2 0 6 26 
-20 -19 -45 -16 -2 -7 -14 -20 
-2 26 33 18 2 -4 -7 34 
25 19 21 -1 0 -3 3 -19 
-18 -5 -26 -13 -4 -2 -4 -15 
16 -1 -41 -20 -5 -4 8 19 
-13 -10 -6 5 -2 1 -2 -14 
0 28 18 26 -1 -6 -9 -11 
-11 -17 2 -9 1 0 7 -11 
1 0 -8 -11 -7 -6 -6 28 
7 -10 8 -1 6 6 7 -18 
3 12 -26 -3 -8 3 5 33 
-4 -3 -9 -1 -5 -7 -13 -13 
-6 -4 -3 -2 -5 -3 -3 -32 
-19 2 16 5 1 -1 -3 -2 
5 4 -18 -6 2 -1 1 11 
17 7 23 2 2 0 4 23 
-8 -19 11 13 5 5 -1 7 
-3 1 -8 3 -4 -8 -9 -24 
-6 -2 20 -16 -10 -2 -3 -5 
-3 -8 -23 1 -5 -6 2 24 
-6 3 12 -2 5 -3 -6 -15 
5 18 -2 15 3 6 3 -4 
11 -11 -35 -8 6 7 14 6 
8 13 20 6 4 5 -8 -2 
-7 -8 -19 2 -9 -2 -6 -7 
8 4 1 5 5 3 11 -4 
8 9 21 -3 -2 -7 -12 -7 
-11 -34 -23 -22 -5 2 8 8 
-2 -7 -4 17 -2 -2 1 10 
4 -12 -10 -6 -4 -2 2 7 
-1 30 8 -10 1 -1 0 -7 
8 19 2 22 8 5 -2 -2 
-1 -12 11 -18 -3 -4 -1 13 
-8 -10 -15 -10 -7 -6 -9 -21 
-4 8 -4 7 3 -4 1 -7 
-2 -1 -1 0 3 -3 -2 12 
-4 11 -15 2 -6 1 0 -25 
3 -14 -16 -5 -6 -6 -2 10 
-5 -2 10 -3 1 0 -4 0 
-2 -3 24 -3 -1 2 -2 -12 
-2 1 -1 -4 0 -2 -3 16 
2 -10 -7 5 2 3 2 1 
-3 -3 -8 -1 2 -5 1 -8 
6 11 23 5 0 -1 3 1 
0 4 22 -7 5 -3 -3 0 
-2 -5 5 11 -4 -5 -3 15 
1 2 -6 -7 -4 3 3 5 
-2 1 -2 -2 -6 -2 -2 -27 
1 5 -7 -3 -2 5 5 -3 
1 -7 -4 -11 -5 0 -2 1 
7 3 11 3 -1 -2 -4 12 
1 -7 -25 -5 -2 -3 0 3 
0 0 0 0 -1 -7 -7 -12 
1 -1 -6 -6 0 -3 -3 -4 
-5 -3 5 3 1 5 0 5 
1 -6 -15 -7 -3 -3 -6 -3 
-2 -4 -2 -1 -2 3 0 0 
-1 3 3 0 -4 2 0 3 
1 -6 -9 0 -3 3 -1 -7 
-5 2 30 0 -2 -5 -4 -7 
-5 -6 -26 -4 -5 -6 1 2 
2 14 25 1 7 0 3 1 
-6 -15 -13 -12 -7 -6 -1 -10 
-4 -7 -29 -2 1 -3 0 -2 
3 12 35 4 -2 -4 0 12 
7 25 16 10 4 2 -2 11 
-14 -46 -25 -2 -5 2 -5 -45 
0 7 9 4 -1 2 -5 3 
1 -8 -8 -7 -5 -2 1 -4 
0 5 33 1 0 -3 2 6 
2 5 11 4 6 -2 1 9 
1 -5 -11 4 2 -1 1 2 
-7 0 -18 -7 -2 7 -2 -5 
0 -5 -4 5 -6 -3 -4 0 
-1 5 -4 2 -2 -3 -4 7 
1 7 19 1 2 -3 0 -4 
-1 -13 -20 -3 2 2 2 17 
-8 -1 -20 -17 -9 -1 -2 -22 
-4 -5 18 3 2 5 -1 -2 
1 -2 -6 -3 -4 -2 -1 1 
-4 -14 4 3 0 -4 0 -5 
2 -5 -1 0 -3 -6 1 6 
-2 -7 -49 -8 2 -3 -5 -1 
1 10 26 9 1 0 2 6 
-2 1 12 1 0 1 -6 -4 
0 -14 -22 -10 1 5 0 0 
-1 6 25 -1 -4 -1 3 -1 
-3 -3 -7 0 2 0 -1 -13 
1 1 -19 -6 1 -6 0 11 
-1 -15 -17 1 -1 -3 -2 -13 
2 12 3 -3 -1 -7 -1 7 
-6 -14 -15 -2 -4 -1 -1 0 
1 6 26 6 4 1 -3 -7 
2 6 -9 -1 -1 2 -2 4 
0 2 38 3 -2 0 3 20 
-9 -5 -5 -4 -4 -2 -4 -29 
1 5 9 -2 -6 -5 2 0 
-3 -13 -14 -2 2 1 1 1 
5 5 11 2 1 1 0 3 
-5 0 -4 -4 -2 1 -5 -5 
-3 -13 -13 -3 -5 0 -1 28 
-2 -3 3 -5 -5 -6 -7 -25 
-6 0 2 -3 -4 -9 -3 -21 
-3 -5 -25 -10 -2 -3 -2 8 
1 2 19 6 -1 0 0 -7 
-2 -7 -14 -3 1 2 5 16 
-5 -6 -27 -5 -3 -2 -1 6 
0 1 -6 -1 1 -2 0 -8 
-2 -2 -3 4 0 -3 1 2 
-3 1 10 7 6 1 -6 -11 
3 6 5 -14 -12 2 4 1 
-2 -2 4 0 -5 -2 -9 4 
5 31 3 -8 -5 -4 -2 -8 
0 -11 -2 -2 1 -1 2 10 
-4 20 -10 3 5 1 -2 -10 
2 -16 0 0 -5 -1 5 22 
-2 7 8 2 1 -6 2 -22 
-1 -1 -5 -6 -6 0 1 1 
0 -6 -12 -1 -6 -1 -3 -1 
2 -1 1 -4 -6 -1 -2 31 
-5 -11 -17 -1 2 -3 -6 -40 
-4 4 8 -3 -2 -2 0 -6 
-2 -9 4 0 4 -1 -1 -1 
3 10 -7 1 8 -4 0 -2 
-2 -18 15 -8 -8 -1 -4 15 
-3 -2 -20 3 2 -4 -1 -1 
-1 -3 -8 -11 -4 -1 -1 -6 
2 5 12 2 -1 3 -1 -5 
3 10 3 3 1 5 0 4 
-3 -5 -25 -8 -2 1 -6 -7 
2 -9 10 10 -1 -2 1 14 
-3 -3 -18 -7 -5 -2 -6 -13 
-5 -5 -7 -4 2 0 0 -4 
-1 12 17 2 -1 -3 0 -1 
-1 -10 -18 4 0 -3 1 1 
3 10 10 0 0 1 8 -5 
-1 -21 -13 0 0 7 5 9 
-2 1 -6 -3 -2 -2 -5 -1 
-20 4 1 -3 -2 -7 -11 -13 
-1 0 4 0 -1 -5 -2 -2 
-4 4 0 -2 -1 -2 -2 4 
8 -1 4 -1 -3 2 3 3 
7 2 2 0 2 -1 1 0 
0 -3 -5 0 1 0 2 25 
2 5 24 1 0 1 -1 -25 
-11 -9 8 -6 -10 -5 -4 -9 
-8 -11 -6 -2 -4 -2 -6 -14 
-1 1 -1 -1 -3 -3 0 -7 
5 -3 -14 -2 -1 -2 2 12 
6 0 4 5 7 1 1 5 
-1 9 31 5 5 3 1 -1 
4 3 -6 -3 -1 1 -1 4 
-7 -11 -16 -4 -9 -7 -8 -10 
-6 -3 0 -1 0 -2 3 -1 
4 2 -11 1 4 3 0 4 
-3 -5 -6 2 2 4 -6 -3 
-1 4 35 3 5 0 -4 6 
-4 -23 -17 -12 -3 -2 -2 -1 
7 1 -1 -3 -3 0 4 8 
-4 -4 -3 -6 -5 -8 -2 -4 
-5 1 -19 5 0 -9 0 -10 
-2 2 -4 -4 -6 -8 -2 -5 
1 6 10 2 3 0 -1 -9 
-4 -1 10 -4 -3 1 -6 -12 
0 -12 -50 -13 2 3 5 11 
3 -11 -2 -1 -5 2 5 15 
0 10 10 -3 -3 -2 -9 -8 
-3 -20 -9 0 1 -1 0 -8 
-1 2 1 0 -3 -2 -4 5 
2 4 -3 2 -1 4 1 1 
5 14 13 3 1 4 0 5 
-4 -6 -19 -3 -4 -4 0 -5 
0 -7 14 -5 -5 0 -1 -2 
2 3 5 1 1 -3 -5 -4 
-4 -10 -8 2 -4 -4 -4 -3 
1 9 4 3 1 -2 -1 -1 
-2 -1 -3 -2 -1 -2 -1 -4 
1 6 10 1 0 1 1 0 
5 -1 -8 0 2 2 4 10 
-4 -9 9 -1 -4 0 -1 -8 
4 17 20 2 2 1 -1 -3 
-5 -6 -21 3 -2 -5 -8 -3 
-5 -17 -7 -8 -9 -4 1 -1 
-3 10 -24 -16 -4 -1 0 4 
-1 -6 -1 -2 -1 -3 -3 1 
-2 -2 -3 2 2 2 -1 -4 
5 3 4 8 3 0 2 6 
-3 6 36 7 1 0 0 -5 
-3 1 -37 -4 -6 -1 -4 0 
-7 -1 4 -10 -7 -4 -7 -16 
-7 -16 -15 -3 -5 -1 -2 -7 
5 8 21 -2 1 -2 -4 -3 
-3 -10 -1 0 3 -2 -2 6 
1 -1 5 -1 -3 3 3 4 
2 -1 -2 -2 -1 0 -2 0 
4 9 -18 5 10 3 5 3 
-9 -19 -5 -10 -8 -5 -3 -4 
1 4 -3 -7 -3 -3 -3 2 
-6 -10 -9 -9 -4 -4 -1 -6 
2 -5 -13 2 -2 -1 0 8 
0 5 7 4 3 -1 0 -2 
1 5 13 7 4 -1 -3 -2 
-2 7 -6 0 0 2 1 2 
-1 -4 3 1 0 2 5 6 
5 3 23 4 3 2 1 -4 
-10 -21 -16 -8 -6 -4 -6 -7 
-2 -1 -13 -1 1 0 -4 -4 
-4 -4 8 -2 -2 -3 -3 -2 
3 3 -3 2 -4 1 -1 3 
2 7 0 3 2 -1 -1 4 
6 3 12 0 -1 -2 1 37 
-7 -7 -19 -1 -1 -4 -8 -45 
-4 14 -5 -15 -5 -4 1 -1 
-4 -17 -2 3 1 -3 0 -4 
-2 -2 -2 0 -2 0 -2 -3 
0 -1 -1 -3 -8 -1 -1 9 
0 3 7 12 6 3 -2 -1 
0 11 14 -10 -8 0 2 1 
-3 -8 7 0 1 -4 0 -6 
2 -2 -7 0 0 -6 -1 2 
-5 -12 -14 0 -5 -6 -6 -10 
3 6 7 9 4 0 -4 6 
2 -5 29 7 1 6 1 -4 
0 8 -9 -5 -3 0 1 11 
-4 -4 -11 -8 -5 -2 1 -10 
-6 4 0 1 2 -4 -3 -12 
-1 5 -8 -3 -2 -3 -4 -8 
-2 -1 9 4 1 0 -1 1 
0 -4 -5 2 4 -3 -1 7 
1 -2 9 -3 -2 0 0 2 
-2 0 -9 -1 1 -3 -4 -12 
-3 6 1 -4 -5 -1 -1 5 
-3 -17 1 -2 -4 -2 -1 4 
2 8 1 0 -4 1 -2 -3 
-2 4 -9 0 1 0 -1 -1 
2 -2 13 0 1 3 0 0 
1 4 -7 -5 1 -1 -2 6 
-1 -1 -17 -4 -2 -5 2 -7 
-5 -6 -2 -4 -4 -6 0 -11 
-2 -11 -9 1 0 -4 -2 0 
-4 -1 4 -1 -3 0 -1 -5 
3 -4 -3 0 0 3 2 13 
7 24 0 5 3 7 1 4 
-2 -10 23 -7 0 1 -1 -3 
-4 -9 -14 -4 -3 -4 -3 -10 
-10 0 -10 -4 -6 -6 5 -3 
-6 -5 12 -3 -3 -8 -9 -9 
2 2 -9 3 1 -2 1 9 
3 10 24 7 4 2 1 3 
5 2 -10 -3 -1 4 3 3 
1 1 14 1 3 3 -2 4 
-4 6 -18 -4 -6 -3 -6 -4 
-2 -11 14 -10 1 -1 -1 2 
2 -1 -3 7 1 1 1 -2 
-7 -3 -9 -8 -5 -1 -1 -9 
-1 -3 -4 -2 -1 -1 -4 -5 
-1 2 -17 0 -3 -3 -1 -4 
8 19 52 8 5 0 2 23 
-6 -18 -43 -6 -3 -1 3 -17 
-1 1 19 -1 -3 -2 -1 -8 
-2 -11 -33 -8 -5 -1 -3 21 
-4 -9 -9 -2 3 1 -3 -25 
2 1 -1 1 0 -1 2 8 
-2 -3 -1 -2 0 0 1 -6 
0 9 15 4 1 3 -4 -2 
1 1 -22 12 8 -1 1 7 
1 -8 1 -20 -20 -6 -8 2 
-7 6 1 -1 -5 -7 -3 -11 
0 -29 3 7 -3 -3 3 15 
-8 -9 -26 -9 -5 -7 0 -25 
-3 -2 -6 4 3 0 -1 2 
3 4 5 0 0 -1 -2 5 
2 15 -2 -4 -4 -1 1 -1 
-4 -4 -18 -3 2 -3 -5 -2 
1 -3 16 2 1 -2 3 4 
1 -11 -4 -4 -4 -3 -2 3 
-3 13 -6 -4 -2 0 -2 -1 
3 -1 3 -1 -1 0 -4 -4 
-2 19 4 2 6 0 -2 -5 
-6 -20 -20 -3 -3 -4 0 2 
-1 -3 5 0 -1 3 -1 -12 
1 1 -4 -4 -6 0 -3 12 
1 1 21 0 -6 2 1 2 
2 5 -4 1 3 5 8 -6 
-1 -1 -5 -2 -3 -6 -12 -4 
1 -4 6 -8 -1 -3 -3 18 
-6 -2 -4 8 3 -5 -1 -22 
-2 -11 -9 0 -3 -5 1 0 
