#EMG
#3
#ID:3-77
-26 -5 -14 -10 -3 0 -8 -3 
2 -7 -10 -3 -4 -4 -1 10 
5 26 -2 2 2 3 -1 2 
6 -10 -2 2 -3 -3 2 12 
30 8 6 4 0 -1 -4 34 
-44 -2 12 -3 -1 0 -6 -74 
4 -1 -9 3 -1 -4 2 11 
-18 -4 -15 -4 -2 0 -7 -2 
2 -1 0 -6 -2 -3 -31 -23 
21 0 -3 3 1 -1 23 37 
-5 -11 -11 -8 -5 -4 -13 -7 
-4 3 0 0 0 2 1 -8 
-2 -3 5 5 3 0 4 16 
15 -3 2 -4 -3 0 -18 25 
-4 -9 8 -1 -7 -4 10 -64 
-16 -3 -8 -4 -1 1 13 36 
18 -2 -21 1 -2 -1 -17 -24 
1 5 19 -4 -2 -3 2 0 
9 -4 -6 -2 2 1 -1 15 
-2 19 3 -2 -3 -1 -20 -8 
-17 -6 0 3 -2 -3 21 6 
-25 -2 -33 -8 0 -1 -5 -13 
-6 -21 20 2 1 0 -14 0 
3 -10 -5 6 -1 -1 30 -3 
-1 0 16 -2 -1 3 1 13 
14 -1 -18 -4 -1 -6 -18 2 
-10 2 -1 -8 -4 -4 -8 -1 
3 6 18 3 1 0 -3 -1 
-20 -6 -37 -7 -2 -3 10 -1 
1 -8 0 4 1 0 -5 8 
-1 3 -9 -18 -6 -4 1 -8 
9 -3 4 -1 -4 -3 0 16 
2 11 10 2 -1 1 -1 -3 
4 -4 -10 -6 -2 -1 14 -5 
-6 4 5 25 4 -4 -14 39 
12 -8 -33 -23 -2 0 -12 -37 
-31 -5 43 -9 -4 -1 -5 -39 
-18 -10 -17 -6 -4 -3 25 16 
21 3 1 4 0 -3 2 -19 
-3 -7 -4 8 -2 -3 -10 -6 
16 0 -5 -5 -2 -2 -1 23 
-15 -2 5 4 2 2 -11 -20 
-7 9 -12 -3 0 4 11 -9 
2 -14 1 1 -1 -6 -7 18 
11 3 8 4 0 -1 -11 -12 
1 0 1 3 0 0 -7 7 
-4 -7 -12 -7 -4 -4 7 4 
-7 2 4 -2 -3 1 -6 -9 
-4 -4 -2 1 2 2 5 -6 
-1 4 8 -5 -5 -5 5 37 
15 8 12 5 5 6 4 -10 
-20 -5 -10 5 -3 -1 -10 -24 
-20 6 10 -4 -1 -5 -36 -14 
4 -20 -22 -5 -3 1 21 -2 
-10 -3 14 -3 -3 -4 -30 15 
5 -3 -8 -9 -1 1 10 11 
-7 -3 -7 4 0 -4 -2 5 
30 0 14 4 -2 1 -9 -4 
-18 0 -9 -11 -5 -7 -1 4 
0 -6 5 0 1 -1 -4 -9 
13 0 -8 3 0 -1 5 32 
4 2 14 -1 -1 1 -9 -36 
-12 -6 10 3 1 3 6 -5 
-1 11 -6 -7 -5 -3 0 11 
13 -6 -9 0 1 -1 9 -2 
11 7 -10 -5 -2 -1 -9 -8 
10 6 5 -2 -1 -1 -7 6 
-40 -5 26 -1 -2 -1 18 -3 
14 -1 -13 -6 -3 -3 6 2 
-8 -6 -5 4 2 -1 -11 -7 
-4 -16 -9 0 2 6 16 6 
11 5 1 -13 -2 -3 8 52 
6 -3 -5 1 -3 -2 37 -20 
-8 6 11 4 0 -4 -7 -2 
0 0 -15 4 3 1 6 -11 
-8 6 42 7 1 1 12 30 
16 4 -11 -7 -4 -4 -18 -19 
5 -12 0 0 -3 -4 -2 10 
-8 21 -2 -1 0 2 3 -8 
14 -26 -3 13 4 2 -6 -5 
-6 -3 0 0 -3 -3 -19 -12 
3 20 4 -11 -1 -4 -8 15 
-7 -19 -14 -4 0 5 27 30 
12 4 -11 7 2 -3 -23 -45 
-54 -9 9 6 1 4 -4 -5 
41 14 0 -5 -3 1 6 12 
6 -4 12 2 -2 -3 7 11 
2 8 0 1 1 -1 -19 -13 
-3 -7 -15 -5 -3 0 30 23 
-3 0 0 2 -1 -2 -51 11 
-11 -3 -5 -6 -5 -6 21 -58 
3 -2 4 17 0 2 7 -9 
20 1 0 -25 0 -3 -24 8 
-17 1 -8 -9 -2 -4 -10 -13 
9 -3 6 3 0 2 -13 5 
-10 -1 12 22 0 -2 -1 38 
-2 -6 -29 -29 -11 -7 12 -50 
-19 -13 -3 2 -2 -3 -2 -15 
29 12 11 5 2 0 7 -5 
-9 3 -30 -11 -1 3 42 16 
-10 -6 13 13 0 -2 -34 3 
-5 -7 -1 0 -3 0 13 14 
-1 10 8 9 -1 -4 -19 -13 
-3 -9 -19 -15 -1 -1 -12 -21 
11 4 25 20 1 4 12 29 
-4 -2 -10 -22 0 1 -31 -10 
-35 4 -11 5 1 5 62 26 
39 -9 -6 -23 -13 -11 -9 -17 
-12 3 -2 3 -1 3 1 2 
-9 -2 16 16 1 -5 -14 -17 
0 11 -29 -12 0 1 -15 8 
6 -3 1 1 0 -2 -32 0 
1 -1 1 -10 2 1 35 22 
6 11 21 13 -2 1 9 -27 
5 -2 -3 -17 -7 -5 -14 12 
-9 8 -15 4 0 -4 0 -31 
9 7 26 9 4 5 1 5 
-9 -5 -10 15 2 0 10 3 
1 3 -6 -36 -3 -1 -16 -2 
-12 4 -22 7 -4 2 -1 27 
0 -19 22 8 1 -1 -12 -14 
-13 -6 -34 -1 -3 0 15 -12 
14 -6 7 5 -4 -3 -10 -6 
-16 6 12 -13 3 0 -5 -18 
-14 1 -8 11 0 -3 -31 17 
-2 -4 -7 -21 -7 0 59 26 
29 -8 5 16 -5 -7 -4 -36 
-17 3 -26 -15 -6 -1 2 -2 
8 5 2 1 -1 -5 -1 17 
-5 0 8 8 0 -3 -34 -52 
-7 1 11 -2 -1 1 40 20 
13 4 10 6 -3 -5 -16 26 
-8 -9 -29 1 -1 -2 -12 -54 
9 -11 -16 -23 0 4 10 25 
-12 -2 8 0 -1 -2 -7 -2 
12 5 -3 2 2 4 -1 -15 
-15 -3 2 2 -4 -1 9 18 
3 4 12 1 2 -1 -8 -6 
-2 -5 10 20 1 1 -24 9 
-19 -8 -1 4 0 -2 -25 -17 
20 14 -8 -15 -9 -5 -7 3 
-25 -6 25 17 7 9 17 -4 
-8 -20 2 3 0 -3 9 -4 
11 -12 -32 -31 -7 -1 -1 14 
1 3 41 23 3 1 -31 -25 
-3 -3 -33 -42 -8 -7 23 28 
30 -8 -10 4 2 -4 -4 -1 
-15 -3 15 18 3 1 -2 -12 
-6 -5 -28 -16 0 2 -12 -13 
9 8 2 10 -3 -1 31 15 
-16 -4 -23 -3 0 0 -22 25 
-8 4 -7 1 0 0 -20 -12 
17 -9 22 5 0 -2 13 -21 
-43 -39 -34 -17 -1 5 -13 -34 
-1 14 -7 -16 -6 -8 19 58 
16 8 43 12 2 2 10 -5 
-6 23 9 3 -2 -2 2 28 
40 24 56 38 3 -3 -44 -9 
-11 -20 -63 -63 -8 4 27 -18 
6 -14 -16 5 3 -5 0 14 
8 5 -24 -4 -1 1 8 2 
3 30 59 10 -2 -2 32 -11 
-14 -8 -21 5 -1 0 -15 -57 
-4 -3 -32 -20 -6 -4 12 0 
40 -52 -15 4 1 -1 4 25 
-16 55 39 9 3 4 -13 31 
11 -11 15 19 0 -2 -35 -15 
-3 13 19 10 7 2 23 -7 
-1 -26 -9 -50 -11 -5 14 14 
11 -15 -24 2 3 0 -21 -30 
-20 -18 62 17 -3 -5 -41 7 
17 -17 -26 -6 -6 -5 102 47 
1 27 -7 8 7 2 -62 17 
-1 -28 -9 5 -3 -3 29 -44 
-11 11 -16 1 0 3 -3 -11 
3 1 6 -2 -2 -2 -46 -3 
-4 22 50 17 -1 -5 -6 -44 
21 -29 -32 -14 -5 -4 15 32 
-15 -24 -40 9 -1 3 -2 -4 
-26 0 -1 -19 -4 0 -20 -30 
-4 -2 -7 26 8 6 53 19 
-4 -4 -7 6 -1 -2 -26 20 
3 37 35 15 1 -2 -17 -5 
4 -2 20 -13 -1 0 -57 -14 
10 -1 6 3 -2 -3 28 28 
-18 10 -8 -2 -5 -11 -41 -36 
0 -41 3 -2 -1 2 38 41 
-14 -28 -18 9 0 -1 -14 -28 
-2 -6 -32 -4 7 6 -10 -10 
6 20 24 20 3 7 -6 16 
13 38 44 -32 -10 -5 -21 10 
-10 -17 -24 -8 -7 -5 10 -3 
-18 -40 -52 -4 2 4 3 -13 
24 -17 94 25 1 -7 -1 28 
-23 32 -41 -39 -2 1 35 19 
16 -24 -7 -5 1 -3 20 -14 
-7 12 8 -48 -18 -3 -3 -15 
3 44 -67 -2 -4 -3 -2 8 
9 51 35 12 5 -3 -6 10 
-25 3 4 22 3 -2 -30 -45 
15 -10 0 -21 2 -1 13 44 
-9 -34 -31 -19 -8 1 21 14 
37 -11 -36 10 1 -9 -99 -40 
-28 -52 4 1 3 -3 11 -22 
-4 47 36 26 17 -3 0 -56 
-29 -54 15 3 -20 4 -1 -14 
10 -12 -22 -14 -7 -8 -12 23 
-8 11 -19 21 0 6 28 11 
-15 -15 34 -3 -9 -8 -11 -2 
-18 -2 -33 -26 9 -4 -20 -9 
0 -22 -4 22 2 10 43 -19 
55 33 48 2 -1 -7 -10 56 
-25 -5 -21 -1 -2 -3 19 -18 
8 17 -9 1 5 5 15 22 
-3 -1 21 7 -1 1 3 -13 
-12 -1 -31 -13 0 3 11 16 
5 5 -11 2 -4 4 -11 22 
14 20 2 -7 -4 -9 -35 -22 
-4 2 5 -1 1 -2 12 -15 
17 -10 0 -22 -5 1 -28 -5 
-17 -2 -9 3 -2 -2 71 9 
-4 7 11 3 1 3 20 43 
5 -18 -7 -6 -2 3 65 6 
-15 30 2 4 -3 -5 -5 20 
11 -7 12 13 -3 5 -18 10 
34 -12 -56 -38 0 1 5 21 
-4 -6 11 25 6 -10 -120 -71 
-1 0 -23 -31 -11 6 101 89 
-20 -1 -38 1 -5 -5 -28 -23 
32 -3 -7 -10 2 -4 -80 -54 
27 7 1 8 0 15 70 81 
-17 -20 -10 -2 -5 -14 -51 -18 
8 25 48 16 13 13 -68 -14 
-17 -17 -33 6 -7 -13 9 -25 
-17 37 0 -1 5 0 3 12 
-3 -13 19 -9 -4 0 22 17 
20 -21 -55 -39 -14 -10 -12 -37 
-47 -2 -1 -1 4 1 -60 -46 
-5 8 28 28 6 3 -29 -8 
-21 -12 8 -7 0 2 50 5 
-19 -11 -23 -14 -12 -11 -26 -9 
-16 -41 0 24 12 6 32 -4 
-8 4 10 -19 -6 -8 -48 -41 
25 0 -6 8 4 -2 -53 -3 
16 -9 -15 8 -8 -2 33 27 
3 27 35 -27 0 0 15 7 
-30 -59 -39 16 4 -5 -4 -7 
14 6 91 -11 -7 4 22 -25 
-12 -41 -62 7 2 -5 9 20 
13 36 37 17 -5 -2 -13 7 
-16 -14 12 -19 -10 -13 -18 -6 
-6 32 9 8 7 6 -16 -34 
-13 38 66 6 4 3 13 4 
-1 -45 -88 -6 -2 -4 33 46 
-9 14 -10 -7 -6 -1 3 -26 
28 -4 -13 -13 -3 -4 -3 31 
-9 -75 -88 2 8 2 -5 9 
-8 -32 37 -7 -18 -1 -7 -58 
-21 1 -24 -6 7 4 20 1 
1 11 -2 22 -10 -7 -19 -4 
23 55 81 17 11 0 -12 -2 
-23 23 -14 -15 5 4 12 14 
31 16 39 -7 -4 -1 40 42 
-26 -9 19 11 18 0 -17 -47 
0 14 -1 -10 -25 -6 -59 -4 
0 30 -12 -11 -9 -6 35 19 
-6 -43 89 30 18 5 5 -13 
20 -10 -70 -19 -24 -8 -101 -5 
-14 44 23 -16 8 3 48 -18 
16 19 -4 26 -2 -3 -4 -26 
-21 24 -27 -13 -9 -7 4 41 
14 -22 14 -4 10 6 8 -29 
-30 -35 -42 -13 -17 -12 -18 -59 
3 19 71 -7 -4 -5 -5 31 
13 20 -78 -10 -2 6 -3 -18 
-12 7 -20 12 5 2 30 13 
8 12 23 -7 -6 -6 35 72 
-3 10 5 2 9 2 10 -20 
-32 -34 -40 -17 -13 -9 -30 -20 
7 -22 -14 -5 1 5 -39 -11 
-3 -7 -11 -4 0 -3 -15 5 
9 -5 -30 -3 5 -5 -61 -22 
-11 -2 28 28 6 10 119 33 
-4 7 -37 -14 -23 -14 -14 3 
-4 36 17 -33 -4 -4 -11 11 
6 -29 -17 -3 -3 6 26 3 
-6 -15 38 3 4 -2 -73 -31 
11 -18 -33 -20 -4 -2 61 18 
12 -4 4 32 8 -3 6 27 
-1 -18 18 -21 -11 -3 -8 -38 
9 -9 -1 -13 -5 -5 -11 -30 
-6 16 16 29 13 6 -31 28 
10 -1 -14 -25 -1 -3 1 -6 
-19 -14 -15 7 -1 -4 40 40 
0 12 -27 -3 4 3 -6 6 
-2 7 13 22 -10 -9 -15 -36 
8 -18 -33 -6 -7 -2 -27 -30 
7 22 0 23 10 6 1 15 
16 6 -2 -13 -4 -2 11 58 
-24 -1 20 24 13 8 4 -43 
11 -34 -5 5 -6 0 21 -13 
9 8 2 -4 -4 -4 -42 47 
24 28 32 15 0 -3 10 -64 
-25 46 -39 -33 -1 7 57 27 
29 -20 62 14 5 0 -16 35 
-47 -9 6 12 -3 -5 38 -5 
30 12 24 2 0 1 -63 -24 
-23 -24 -6 -23 -1 -2 50 31 
-28 -10 6 8 -1 7 26 6 
11 -6 15 1 5 -2 -96 -55 
-11 -11 -14 10 3 5 71 72 
34 1 14 1 -10 -16 -2 -56 
5 2 -53 15 9 6 -87 -3 
-9 24 -4 26 6 19 110 12 
-73 -21 -11 -32 -19 -22 -82 -49 
9 11 16 12 4 0 -98 13 
-12 21 66 8 1 -2 28 -41 
49 12 -14 -42 -5 -5 30 18 
-11 -43 -20 8 -2 -5 -50 -6 
-18 -6 -27 -6 -7 3 63 -31 
-20 10 44 36 8 -4 -32 18 
-19 13 -26 -22 -9 -1 19 1 
36 14 6 -6 -1 3 8 -26 
17 -5 23 -14 9 1 -33 23 
-15 9 -88 -2 -14 -6 26 5 
0 -16 98 25 10 2 -10 -64 
-1 21 -87 -52 -2 1 -4 20 
6 -1 4 10 -22 -4 20 15 
-1 -23 -11 9 2 2 -2 -20 
-4 23 -23 -24 -2 -8 -48 15 
17 10 95 35 21 -2 25 24 
-8 -21 -60 -12 -3 6 -4 -11 
-11 -21 9 -35 -12 -10 7 -8 
1 -51 -2 18 -2 0 2 31 
6 -6 -15 -20 -3 2 -3 -1 
-5 39 37 35 28 1 -15 -10 
-13 -16 -63 -14 -38 -15 7 -5 
0 -16 -3 -14 -6 -8 -5 1 
-3 7 -4 3 1 3 6 -8 
15 -1 -6 -2 0 0 74 45 
-6 -24 6 -14 8 3 25 -24 
12 22 31 22 10 1 -22 11 
6 -14 -69 -21 -20 -4 13 29 
-16 13 8 32 31 2 -23 -62 
28 3 -17 -43 -39 -5 5 49 
-43 9 38 1 -3 0 -1 -52 
39 0 23 15 1 -4 7 14 
-39 -13 -6 -17 -4 -6 -27 -28 
9 7 14 -8 13 7 0 5 
9 0 -13 -2 -5 1 -6 5 
-5 -2 6 -4 -11 -4 19 19 
6 -15 39 4 -3 -9 -31 -46 
-15 22 3 11 15 6 -17 -22 
2 -18 -2 -12 -8 -5 31 36 
4 -16 -18 4 -1 -1 -21 -5 
14 10 -43 -10 -10 5 5 41 
-10 -2 64 14 14 3 4 4 
30 2 -42 0 6 4 -21 48 
-20 39 21 -5 -1 -2 -46 -41 
18 -16 11 -13 -8 1 38 1 
-21 0 -7 2 8 2 21 2 
59 9 -5 1 -1 -1 -2 37 
-29 -13 -37 7 -6 -6 -6 -10 
-5 3 35 -7 -9 3 17 23 
-11 9 -6 -2 11 0 -14 -31 
0 -1 12 8 -2 -2 13 -11 
7 -8 2 -5 -5 3 23 3 
-2 -15 6 0 -6 -7 -43 -37 
-6 -11 -19 3 2 -1 13 5 
-24 -9 -29 -20 -9 -12 -27 -2 
10 0 18 4 6 8 13 -4 
-14 20 -3 -8 -3 -3 -3 17 
17 -3 3 6 -7 1 6 50 
-27 -6 -21 -9 -4 -4 -29 -105 
6 10 28 17 10 4 12 23 
4 -10 -2 -3 -3 3 -2 14 
-11 -9 -16 -8 1 2 0 -8 
2 -19 -26 1 1 -7 1 27 
-21 12 15 -6 2 -2 -5 -50 
8 11 -4 -1 -9 -3 5 18 
10 1 -9 9 5 0 -9 4 
-23 -9 17 -2 -5 3 3 -9 
11 -5 -8 -8 -3 -3 8 -13 
2 5 3 1 1 -2 -13 -7 
-9 -12 -9 0 -2 -1 -1 6 
2 9 -2 -13 1 0 -16 15 
30 0 -11 5 -4 -2 37 56 
-41 -16 -11 -7 -3 -5 -14 -39 
11 16 28 15 9 3 20 2 
-18 -10 -32 -2 -9 1 3 -12 
-2 3 8 -3 -3 1 8 -10 
15 -2 -30 -7 -1 -1 8 32 
-7 2 11 5 5 -3 -4 6 
-16 -2 -6 7 6 2 -3 2 
-14 3 12 -5 -8 -2 -11 -11 
7 -7 14 -15 -3 -4 0 6 
-1 7 -18 -8 4 3 -7 -23 
8 -6 13 11 -6 -3 1 15 
24 1 2 15 -4 -1 -2 27 
-27 -14 -9 -10 -2 -2 -11 -43 
4 -6 -1 -6 -6 -3 -8 0 
-22 -7 -8 -5 0 -1 5 -17 
-12 8 12 -1 -1 0 3 -8 
26 -7 9 16 6 -1 -7 32 
6 3 24 -9 -5 0 -4 18 
3 -4 -25 -7 -3 -3 -22 0 
-31 -6 -20 -1 -3 -2 36 -46 
-2 1 -4 4 0 -3 -14 9 
10 11 13 -7 1 -2 -1 -14 
-5 17 13 4 0 1 -4 5 
-13 -17 -3 -3 0 1 -14 15 
13 -1 11 -4 3 2 4 -13 
-1 -15 -34 2 -8 -1 13 -7 
27 10 20 1 -4 -8 0 8 
-14 -8 -7 -6 -1 0 -11 5 
-3 17 6 0 -2 0 0 -9 
4 -12 9 3 2 0 1 -2 
-3 3 -8 -5 2 5 15 7 
11 9 0 13 5 -1 -15 -21 
8 -8 -22 -7 -9 -6 -1 69 
-19 3 28 -4 -3 0 -17 -38 
41 12 16 11 3 1 19 74 
-16 -21 -1 -2 -2 -5 -14 -98 
-11 2 -34 5 5 -1 -1 -1 
-6 5 -3 -10 -12 -5 -4 13 
-6 -6 -9 6 2 2 3 -18 
15 14 5 -7 -6 -1 -17 31 
-4 -11 -31 2 1 0 30 4 
27 1 29 1 -2 -4 -3 -9 
5 -6 -22 -1 -1 -1 -2 -18 
-12 -9 -28 -7 -1 -5 -6 25 
-12 -1 26 6 1 1 -5 -16 
0 7 4 1 1 2 -3 2 
5 -4 -6 -11 -7 -1 4 24 
-51 -20 -8 -8 -2 -1 0 -44 
44 10 16 3 -5 -4 -20 3 
-29 -3 -13 -13 -1 -3 -15 32 
-5 -15 8 1 2 -1 3 -50 
12 1 -16 -1 -1 -1 -7 25 
-16 -5 23 3 2 5 12 -7 
28 -2 -13 9 2 -3 -27 13 
-41 8 -11 -13 -5 -2 18 -42 
8 -10 -3 -3 -3 -4 -13 7 
-6 -3 -16 -12 -4 1 21 -3 
2 0 -6 -3 2 1 3 -19 
-2 5 8 2 1 -2 2 21 
30 19 9 1 1 4 10 -5 
-25 -9 0 -7 -4 -8 -14 6 
3 -1 -20 8 2 6 14 -1 
-4 -5 26 -4 -1 -2 -6 -9 
4 5 8 -7 -3 1 -4 15 
4 -9 1 4 1 1 -2 4 
-13 -2 -15 -6 -1 -4 3 -26 
-6 -2 7 6 2 -3 -10 -4 
13 5 -9 1 0 -3 2 41 
5 15 -8 -5 -2 -1 -4 -51 
-9 -9 8 0 -3 -3 -3 4 
-9 1 0 -1 -2 2 -3 -35 
9 -5 -12 4 1 0 4 30 
-10 3 9 -10 -5 1 0 5 
8 9 3 7 0 -4 -2 -7 
-12 -1 5 -3 1 -3 -6 30 
22 -12 -1 -1 0 -1 -8 -51 
-4 -14 2 -2 -3 -1 27 12 
-6 -3 9 -4 -1 0 -5 9 
-6 -1 -23 2 -2 3 15 13 
-4 1 10 2 0 -4 -16 -7 
1 -3 10 2 0 -3 -15 -1 
-18 -2 -9 -3 -2 -1 -6 -20 
9 6 -36 -4 0 1 10 17 
-15 -9 9 -1 -1 -2 -2 13 
0 1 26 2 1 3 -6 -40 
9 13 12 -2 -2 -2 6 27 
9 -16 -28 -11 -6 -2 -11 -3 
-10 -3 -3 3 -2 -3 -1 -12 
1 8 7 -2 0 0 -1 12 
-1 -5 -6 1 -1 0 11 24 
5 8 25 4 1 -1 -6 -34 
-9 -1 -11 0 5 -2 3 5 
9 -11 -15 0 -9 0 -2 1 
-3 -10 -19 -12 -3 -5 -1 20 
-12 0 9 -3 -4 -6 -9 -37 
2 1 5 -2 -3 1 3 2 
-4 2 -7 6 5 1 -7 25 
7 24 -9 0 -1 2 3 -24 
-6 -3 16 -4 -1 3 10 16 
22 2 -3 8 3 -1 -2 -8 
-25 -19 -24 -14 -7 -8 -1 6 
-9 -5 -6 -4 -4 -8 -12 -9 
0 8 8 2 1 -1 -21 -1 
2 0 13 -7 -5 2 8 10 
8 7 -4 4 1 -3 -1 1 
5 7 13 6 1 4 11 15 
-6 -12 -29 -2 0 -1 -13 -31 
17 -1 26 -6 -9 -5 5 18 
18 -3 -12 0 -3 -6 -4 14 
-4 -2 -21 -12 -4 -4 -7 -26 
11 18 14 7 2 0 3 37 
-12 -1 0 1 1 3 3 -5 
4 -3 -2 5 4 3 0 -16 
8 5 41 10 1 3 2 42 
-4 -7 -57 -19 -6 -7 6 -18 
-13 -10 -21 -1 -1 -3 -1 -15 
-4 10 4 -12 -9 -5 -10 -13 
-3 -9 0 5 2 -1 -3 -10 
-3 -6 15 2 -1 3 0 21 
8 1 -5 -6 -2 -2 9 26 
-22 1 -11 3 0 -3 -6 -28 
-8 -6 -2 -6 -6 -6 -15 -20 
-11 -5 12 -2 1 -1 1 8 
-3 -3 -7 2 1 1 1 7 
3 9 3 5 3 3 4 6 
-1 -7 -26 -6 -2 -3 -5 0 
11 -5 16 0 -5 -5 -39 4 
-3 -2 1 -2 -2 1 7 -6 
-4 -1 7 -1 -1 0 -5 8 
-5 14 -4 10 5 3 10 20 
5 2 52 8 1 -1 -9 -57 
-16 -26 -78 -26 -12 -10 12 -13 
10 3 15 -1 -1 -1 -9 9 
-18 -21 -11 -3 -3 1 1 -12 
9 9 7 10 2 0 15 28 
-4 8 26 9 3 2 -12 1 
-1 2 1 2 1 4 6 -9 
19 9 10 1 8 0 -6 15 
19 -31 -29 2 -6 -2 11 35 
-38 9 8 2 -4 -1 -10 -32 
-7 -24 5 -16 -5 -5 1 -23 
10 -1 1 -1 -1 0 6 -1 
0 10 -9 -2 1 -1 -2 -3 
-11 1 13 7 6 4 -4 -14 
60 27 0 11 1 0 15 58 
-26 -20 -1 -12 -5 -1 8 -21 
-6 -12 1 -6 -3 -7 -13 -11 
-6 -10 7 2 -1 -3 3 -15 
-15 11 2 1 2 2 -8 -6 
3 -13 5 2 0 2 -15 -24 
22 11 4 1 1 1 27 50 
6 4 20 9 -2 0 2 -9 
-26 -20 -25 -5 -2 -1 -8 -19 
12 5 -4 2 -1 -5 -24 -3 
-18 2 9 0 2 0 36 20 
23 -6 1 1 -1 -2 -4 38 
12 -1 0 -2 -2 -4 3 -20 
-43 -4 -9 -8 -7 -5 1 -26 
-8 -8 -13 -1 -1 1 -9 -12 
12 8 -13 -8 -3 -2 2 17 
-10 -11 -15 11 6 3 4 20 
21 16 49 5 2 0 -18 -12 
-21 -12 -15 -21 -10 -5 4 -8 
1 5 -1 -8 0 -3 -2 -13 
6 8 -16 -2 -1 -2 -10 10 
1 13 13 10 3 2 3 -27 
-20 7 -8 5 2 1 -6 -7 
56 4 -1 3 -1 1 0 12 
-35 -3 2 -1 -3 -2 -7 12 
4 7 -18 -3 -5 -4 10 -1 
-6 14 -13 0 -6 -6 -27 -18 
-13 -13 -9 -4 1 -4 -1 0 
4 -3 21 -1 -1 0 3 -13 
-5 -7 -24 -2 -1 1 5 14 
6 5 19 3 1 3 -7 26 
-26 5 -30 -10 -7 0 3 -50 
19 -10 25 -8 -4 -5 -13 -22 
-13 -13 -2 -7 -6 -1 9 9 
12 -6 0 4 1 -3 -1 -12 
-18 -2 14 8 6 -1 -4 23 
-11 5 -5 1 -10 -1 5 2 
11 -2 3 4 1 -2 -4 -3 
17 1 -18 -15 -3 -3 9 -11 
-19 -15 -2 2 -2 -1 -6 18 
13 -10 -12 -1 2 2 13 4 
2 -5 5 1 -2 -4 -11 2 
-15 3 7 -1 -2 -3 -3 2 
23 -5 -10 -4 -4 -4 -13 14 
-2 -1 -29 -3 4 -1 -3 -26 
-29 -3 16 -7 -3 0 0 -7 
20 6 3 3 2 2 4 17 
-22 8 16 -2 -1 0 3 -26 
-17 4 14 8 3 -1 -20 14 
36 -5 -21 -7 -4 -5 -1 4 
-10 -7 -17 -5 0 -1 -15 -26 
19 -4 -17 -8 -5 -3 9 10 
-24 -16 -3 -9 -4 -2 -1 -22 
16 10 3 4 0 -1 9 31 
-5 -1 9 6 -1 1 0 13 
-11 12 -13 -1 -4 -4 -10 -23 
-2 -5 3 -8 -1 0 2 -12 
-7 -12 -37 -5 -6 -3 4 -4 
-24 -2 16 8 5 -1 2 -11 
4 2 16 4 -4 2 4 8 
17 14 -4 -4 1 -4 -5 10 
-16 -21 -14 -2 -3 -2 4 -10 
-10 -5 -2 -4 -5 -4 -11 -19 
9 -9 -14 -4 -3 -5 7 7 
-10 -3 12 2 -1 -1 -9 -13 
1 5 10 -1 0 1 8 4 
9 5 -1 5 1 0 -2 1 
-6 4 17 7 7 5 -7 2 
9 -27 -20 -4 -3 2 12 56 
