#EMG
#1
#ID:1-10
15 -6 1 -1 -10 -4 25 26 
-19 -12 9 5 -1 -1 -2 -5 
-1 1 -1 3 1 -2 -6 0 
-2 -1 -2 6 -1 -2 2 -7 
3 -5 1 2 4 1 -5 -5 
0 -5 -20 1 0 -2 -21 13 
-1 -5 5 -8 -6 -4 11 -9 
-8 -11 -9 3 -4 1 14 -1 
-6 1 -7 -7 -1 -7 -21 -4 
0 7 14 7 2 3 21 14 
4 -3 -7 -2 -4 -2 -13 -3 
1 15 7 -1 -3 0 9 6 
-11 -4 -8 -6 -4 -3 -3 4 
0 5 -10 7 5 -2 -11 -14 
3 3 10 -10 0 1 -10 1 
-3 -9 -3 0 -1 -2 11 -3 
-6 10 6 13 2 -2 3 6 
-2 8 -2 -17 -4 -5 -24 -16 
-2 -9 -2 3 0 5 31 4 
6 -2 2 -12 -5 -6 -16 17 
-16 -5 15 5 8 -2 -9 18 
-14 -14 -28 -21 -17 1 7 -73 
0 10 10 4 2 -2 -13 4 
15 3 2 6 2 3 17 -1 
-3 19 -2 -7 -1 -4 -11 -5 
-4 0 4 11 3 2 12 11 
-4 -7 -16 -8 -2 -2 -17 -5 
-4 -10 -30 -11 -5 1 16 -7 
7 5 6 12 4 0 -8 1 
2 -3 28 -2 3 2 10 13 
6 3 9 14 1 -3 -8 -2 
-7 -3 -11 6 -1 3 2 -3 
11 -8 -14 -14 -2 -2 -6 3 
-5 -10 -12 -5 -2 -3 0 1 
8 4 15 12 4 1 -6 23 
-2 -2 6 -8 -2 -2 -17 -11 
-24 0 4 7 4 6 10 -60 
3 4 12 3 -3 -2 2 4 
13 -9 -20 -11 -5 -4 -3 5 
-9 -2 -5 -3 -2 -1 6 -1 
4 -14 -13 0 -1 -1 -7 3 
6 8 19 -6 -1 -2 1 15 
-22 -8 -18 -11 -4 0 1 -15 
10 12 18 12 3 1 -8 1 
-14 -21 -1 -3 0 0 22 0 
15 -4 -10 -14 -1 -8 -20 9 
-17 0 4 1 -1 -1 -14 -8 
-7 -2 -12 -9 0 -2 18 3 
1 -1 3 -12 -5 2 -2 3 
1 3 3 10 4 -1 5 0 
0 3 -4 2 -3 2 -2 19 
-1 -9 -3 -6 -8 -9 8 -21 
-14 2 -4 6 2 2 -8 -12 
-1 -9 -10 1 1 3 1 1 
1 9 -6 1 0 2 7 5 
-10 -5 16 -5 -3 -2 -9 2 
11 -12 -12 -6 -5 -7 -9 5 
-8 15 12 2 2 2 4 -7 
3 9 10 14 5 2 -9 -14 
-2 -15 -33 -23 -5 -3 -4 6 
8 -4 2 -6 -2 0 -6 3 
-8 1 6 4 0 -4 0 5 
9 -3 -8 -8 -3 -2 13 -6 
0 13 32 14 5 2 -14 6 
12 -17 -32 -15 -6 3 9 16 
-14 -15 -35 2 -3 -5 -5 -16 
7 -3 46 2 -4 -3 -8 1 
-8 -5 -24 5 -2 -6 14 14 
-18 3 15 1 2 0 2 -18 
15 5 3 -4 -2 2 -15 6 
-6 -6 -19 -1 -2 1 6 -7 
5 2 5 -4 0 -2 -17 3 
7 4 8 -2 -2 -6 -9 -2 
-2 -3 -13 -6 -3 2 15 2 
-3 5 6 8 3 0 -4 -13 
-1 -4 8 -1 8 2 0 2 
3 2 -12 8 -12 -4 -3 2 
-1 5 24 14 3 1 -8 17 
-1 -10 -29 -24 -6 -6 9 -20 
-5 15 16 17 -1 -1 -9 -4 
1 -10 -35 -8 2 -3 -8 5 
-3 9 55 5 -4 -2 2 -15 
4 -8 -4 -8 0 2 9 12 
7 -9 -21 -1 0 0 -9 0 
-5 2 7 -9 4 1 -13 -17 
-27 -17 -31 2 -1 -1 14 9 
9 -2 -1 3 -2 -2 1 2 
-13 -4 5 -5 -7 -2 -13 -19 
13 17 20 1 2 2 5 18 
5 -6 -26 -4 1 -3 -7 -7 
-6 10 9 1 -3 -1 -5 -3 
-10 -4 -5 22 -3 0 18 14 
25 11 3 -20 -2 0 -4 -10 
-3 -7 -7 -4 1 2 0 29 
-13 -2 -12 -2 0 0 -6 -48 
9 7 26 8 -1 -2 -7 -20 
-8 4 0 -3 1 -1 5 3 
4 0 -12 -3 -2 -1 -30 -27 
2 0 13 9 -3 -2 27 43 
-4 -6 5 -12 -4 -1 2 9 
-3 -3 2 7 -3 2 7 -10 
-10 -3 -6 -20 -4 -2 -4 -10 
0 -22 -25 4 -3 -7 -51 -5 
-28 -3 8 -17 -5 2 30 6 
22 10 1 9 4 -4 -4 13 
9 -3 -7 6 1 1 2 -29 
-7 0 -2 -12 -3 -3 6 8 
-4 -6 -13 -1 0 -1 -5 19 
-23 8 3 1 3 0 -8 -51 
8 9 8 7 -4 -3 2 10 
2 -4 8 1 1 1 13 9 
8 8 -16 -6 -4 -3 -19 -9 
-5 -3 20 10 5 0 11 14 
6 1 1 -6 -3 -1 -10 -8 
6 6 -5 0 2 3 3 11 
-2 3 -15 -8 -4 -8 -20 -1 
-1 -11 2 -2 -2 1 2 -1 
-3 -16 -2 13 1 -4 -6 2 
6 10 10 -14 -5 2 -5 12 
17 -7 -13 -8 3 1 4 -1 
-22 -14 2 23 -3 -3 -4 -6 
2 10 -19 -13 -4 -2 1 15 
-5 0 -8 -7 -1 1 -3 -27 
-1 -11 12 10 1 -2 14 -5 
-3 4 -8 -8 -4 -3 -1 13 
3 0 14 2 -2 0 7 8 
-8 -12 -16 -10 -3 -5 -14 -5 
-3 18 -2 4 4 2 20 -4 
-5 7 9 7 -1 -2 -17 -3 
28 12 -4 -28 -6 -5 3 13 
-17 -2 -2 15 2 4 9 -6 
4 -21 -3 5 -4 -8 -32 -7 
-15 25 31 -1 -1 1 7 1 
-2 -21 -12 1 1 2 10 20 
-6 7 11 -8 -1 -2 -7 -46 
2 -3 -4 12 0 4 6 -1 
2 -2 -18 -5 -3 -2 -19 5 
-11 1 8 3 -3 2 11 -7 
7 4 -7 -12 -1 -8 -2 -1 
-15 -4 16 -2 -3 -3 -4 3 
26 6 8 5 0 0 -13 -6 
-15 2 -5 5 -3 -2 -10 -13 
-10 -27 9 3 -1 3 6 16 
7 37 1 -3 1 -4 2 4 
8 -2 -18 -24 -3 0 20 11 
-6 -3 4 -1 0 0 -6 -4 
9 17 -5 5 3 -2 -29 -29 
-25 -8 26 -3 -2 -1 33 13 
13 7 -28 -4 -4 -4 -32 -28 
-12 -19 -30 -1 -1 1 37 23 
17 2 15 12 1 -3 -5 32 
-14 -17 -6 3 2 3 -12 -23 
-1 -2 0 -7 -4 -5 8 7 
2 7 3 2 1 2 -20 -23 
-11 6 -2 -1 -4 -8 20 23 
29 -6 5 -8 -3 -4 -19 5 
-9 4 3 7 3 2 13 35 
-6 9 -6 -6 -2 0 -20 -65 
17 -7 18 0 0 1 -45 7 
-6 0 -33 1 2 3 28 -7 
6 -19 13 12 -4 -5 20 6 
9 22 2 -32 -4 -5 2 22 
-7 -6 -94 -14 1 0 -10 -5 
-6 25 64 -5 -5 -9 -50 -27 
-6 -50 -54 3 -3 0 26 16 
-12 -3 3 20 4 -1 13 13 
0 21 26 -8 -6 -2 22 6 
14 0 7 -7 -2 3 -33 6 
9 0 -40 -3 4 4 14 12 
-11 17 34 8 2 1 -6 -31 
-18 -22 6 5 12 -5 19 -1 
-9 -24 -19 -39 -33 -2 -5 -16 
2 11 31 23 -1 -3 -34 -2 
3 -28 -65 -38 -5 -3 15 15 
-5 19 46 10 7 3 -6 -11 
25 -5 -16 13 9 -1 3 22 
-14 3 -3 2 0 -2 8 -34 
8 -10 43 -7 -11 -8 -23 7 
-17 -11 -44 2 -6 2 9 10 
-2 28 -12 5 5 -2 1 -20 
2 6 9 -6 -1 -1 2 18 
-2 -8 14 36 17 9 6 -32 
13 27 -8 -42 -21 -10 -25 10 
-1 -21 -42 7 4 -1 25 13 
-16 17 49 -14 -3 0 -11 -17 
-22 6 3 12 2 -2 -6 6 
32 -10 2 11 2 3 8 5 
12 -9 -10 4 1 -2 -11 13 
-3 6 56 8 5 1 4 -43 
-1 5 -77 -19 -2 -1 3 12 
-21 -38 11 12 -3 -2 34 12 
-14 -68 23 -2 -3 -2 -18 -42 
1 -5 -24 -2 -2 1 15 22 
7 -8 30 17 -2 -2 -7 8 
-5 46 11 -11 -1 8 19 -4 
-10 8 0 18 1 -5 -5 3 
7 -23 -106 -17 -3 -4 -12 23 
-7 -26 55 -12 -5 -2 -8 -23 
-5 -15 -52 10 4 -4 0 17 
11 25 28 10 -8 2 15 27 
10 20 2 -4 6 -1 -31 -43 
-7 18 32 -4 -16 -8 8 2 
-26 -82 -1 -4 2 -4 -20 -41 
19 2 -52 -16 -3 0 8 26 
-31 3 14 8 0 -2 -18 -31 
54 22 -8 -29 7 1 -8 52 
-17 -20 -37 49 3 -1 -10 -46 
1 1 30 1 -2 -3 -3 1 
-42 -14 4 -17 -9 1 21 8 
-22 6 -6 -7 7 -2 -12 -50 
29 20 -20 -24 -9 -1 -11 34 
-15 27 7 30 13 2 9 6 
13 -16 -46 -69 -4 -4 -18 -8 
-8 -5 19 52 -6 2 0 0 
-3 26 25 6 4 -1 17 4 
4 -1 27 -15 5 4 27 -10 
16 8 23 15 -4 -1 -6 4 
-1 -7 -40 3 3 -1 0 53 
14 0 11 -9 -5 -2 20 -10 
3 20 -10 -2 9 2 -4 -11 
-13 -26 -16 -37 -12 -7 -3 27 
11 -6 7 16 -6 -3 -2 -36 
-22 17 37 9 7 7 -5 -6 
15 -5 -15 0 -2 2 0 -3 
4 5 46 31 26 6 8 6 
6 -5 -11 -17 -24 -5 2 3 
0 -1 -2 -24 -7 -4 -9 18 
-16 -47 -22 -2 0 -2 -5 -21 
7 1 -11 8 -3 1 -1 -11 
3 2 19 -4 5 -4 4 1 
9 15 1 2 -5 2 7 15 
-14 4 5 -10 4 -5 -15 -7 
11 -13 -1 16 -9 -7 0 30 
0 12 -8 -1 9 4 2 -11 
-7 -10 16 -3 -1 -1 -7 -28 
-16 -2 -19 -6 -17 -10 -12 -10 
2 26 47 10 1 1 -24 1 
-14 -30 -70 -9 9 1 30 -24 
17 -30 1 -18 -14 -9 -6 18 
-23 -11 -16 -11 -2 4 4 -16 
-4 -3 7 25 -7 -11 -37 1 
26 22 19 -3 10 13 36 29 
0 10 6 8 11 3 -1 6 
7 -6 -19 7 -6 -3 -12 30 
6 6 -6 -10 -4 2 26 -36 
-15 -8 -9 9 5 0 -12 9 
-14 -4 5 -14 -8 -10 -8 -24 
17 16 14 -3 3 1 -3 29 
-17 39 13 3 18 9 9 -6 
9 -1 -21 -21 -30 -8 -10 -13 
-9 0 9 24 21 6 0 21 
-10 -6 -41 -50 -18 0 16 -15 
16 -27 -6 74 1 -12 -2 19 
-15 -14 -25 -20 -2 -5 -17 -10 
14 16 -15 -2 -5 1 -1 21 
-6 6 47 -42 8 7 4 -39 
1 -18 -20 24 -13 -6 4 50 
-32 -7 -46 -19 -8 -10 -7 -68 
15 11 28 64 9 7 1 2 
-20 -5 -39 -59 -6 -6 -10 -22 
26 5 -7 -38 -7 -6 -10 18 
-37 1 32 46 -5 -1 -1 -6 
-4 -16 -36 -30 -14 -13 -41 -1 
5 0 40 39 12 6 29 -8 
-10 -11 -13 -59 -15 -3 42 8 
25 -12 28 21 8 2 -14 24 
-12 10 -13 -37 -8 -1 14 -5 
-4 -2 3 43 -3 -5 -15 -13 
2 -2 4 -16 2 0 -15 -17 
16 17 30 0 15 6 15 46 
-11 -18 -4 9 -4 -6 -12 -58 
18 14 -11 -18 -6 1 0 20 
-12 -11 -5 7 15 6 2 -21 
-7 2 6 -7 -13 -4 -5 15 
3 -6 -33 -17 -12 -3 -10 11 
-2 -7 1 31 24 -1 -9 3 
-5 15 27 -4 -6 3 1 -21 
5 -7 -16 -10 -30 -4 -3 27 
-2 -5 30 1 3 -6 2 -8 
0 11 -19 4 3 -5 -4 -12 
-7 -4 10 9 -8 0 -2 -1 
-5 -10 -29 -23 6 -4 -10 -9 
5 14 -3 29 2 5 16 9 
-1 -7 -2 -34 -8 -6 -2 12 
1 3 3 8 7 3 -8 -2 
1 4 10 6 9 1 -2 -14 
-4 -3 -6 -15 -6 -4 1 5 
-1 4 7 7 -13 -5 -7 -6 
-2 -16 -6 13 -1 3 3 2 
-3 -12 -20 -20 -2 -3 -2 -7 
3 13 9 12 15 4 5 15 
-2 -5 2 3 -3 -1 -3 2 
3 5 -1 -3 2 -2 1 -9 
5 3 15 8 6 1 1 32 
-5 3 4 16 3 0 -5 -39 
3 4 8 0 -7 1 4 14 
-3 -4 -13 -12 -2 -1 1 -9 
15 5 15 2 5 0 -7 -9 
5 -4 -1 -14 -5 1 5 22 
-29 -11 -3 -2 -8 -6 -6 -4 
-4 12 -23 -5 -1 -6 -13 -6 
12 -3 4 -3 1 0 -1 12 
-22 15 7 -16 -5 1 4 -18 
17 -5 -12 14 0 2 -2 -11 
-3 -6 14 0 -2 -3 -4 4 
-8 6 1 -8 -1 -1 -3 -9 
6 -5 0 -7 -3 -3 -2 34 
-4 -9 -13 7 5 3 4 -27 
-8 -1 -8 3 -1 -3 0 -10 
4 6 8 1 8 2 -2 -6 
7 28 6 -17 -16 -1 2 15 
-2 4 -3 12 1 0 -1 7 
5 -9 -6 -6 -1 -3 -2 7 
-13 -1 7 3 -3 -6 -8 -21 
6 -2 -9 1 2 -1 0 -3 
5 17 10 0 1 -1 1 26 
-12 -6 12 0 -2 0 -1 -37 
8 -1 -17 -1 -1 3 2 5 
-23 3 -4 -3 0 -2 -4 -19 
8 -3 6 -3 -4 -1 0 7 
2 -1 4 -2 1 1 2 17 
-4 -6 1 8 -4 -4 -2 -11 
6 -6 1 -15 -2 0 -3 -5 
5 -2 -1 1 1 -2 1 49 
-9 0 -1 1 0 1 -2 -42 
-3 3 4 -4 -4 -4 -1 -3 
-9 5 11 0 3 3 1 -14 
3 -18 -4 9 5 -5 -3 12 
-9 2 -2 -19 -15 0 1 14 
0 -6 -24 -1 -10 -4 -6 4 
5 -1 2 -2 -1 -2 -2 2 
-3 2 3 2 3 1 6 -8 
-2 2 16 9 9 2 3 13 
7 1 13 4 2 1 1 -11 
-18 -14 -33 -18 -5 -3 -1 1 
1 5 6 9 -4 -1 -5 -15 
-4 -7 -16 -3 -2 -2 0 -9 
-4 2 11 -3 -2 2 2 11 
5 -13 4 3 1 -4 -1 -3 
-1 17 7 -6 -5 -4 -8 -2 
2 -19 -2 -3 -2 -2 -1 5 
-3 -5 -3 3 7 3 -2 -6 
11 -18 1 -7 -7 0 -1 10 
-9 -12 -6 -5 -2 -1 2 -11 
9 10 1 6 7 -3 -2 0 
-2 4 0 -2 -18 -2 0 -6 
-5 -7 -15 -2 2 0 3 -2 
-12 -1 7 1 -5 -4 -1 12 
2 -6 -12 -5 1 -2 -4 -1 
-10 -9 -7 -4 0 1 -2 -4 
4 0 4 15 2 -2 -1 -2 
1 1 -20 -22 -5 0 -4 -11 
-3 0 5 9 -5 -2 -2 -1 
-6 -7 -2 -3 -2 -6 -2 -10 
3 4 3 4 -2 0 0 9 
-9 -5 9 6 5 1 -3 -16 
9 10 -4 -4 -2 1 3 14 
-4 -3 -5 -6 0 -2 -4 5 
3 6 6 -1 3 0 3 -8 
1 -12 -2 1 -3 -3 -4 -5 
-4 -4 -7 -10 -7 -2 3 8 
-6 0 3 1 2 -1 3 -1 
0 11 7 5 1 -2 -10 -8 
-6 -18 -13 -7 -3 0 -1 2 
4 -17 -18 -11 -3 -3 -2 1 
-3 1 -5 5 2 2 1 -2 
-18 5 7 9 5 0 4 -9 
-2 -12 -9 -21 -12 -2 0 -10 
2 2 12 -1 1 -3 -5 -2 
5 0 -8 -6 -1 -1 1 -3 
7 2 4 0 -1 -3 -3 7 
4 0 8 11 2 1 0 3 
-13 -4 -13 -1 -3 -1 -1 -7 
17 6 -2 2 2 -1 1 17 
-6 5 14 -8 -7 -2 -6 -30 
-4 7 -14 -13 -6 -9 -6 -9 
0 -9 -4 0 0 0 0 1 
-6 5 11 8 0 -1 1 5 
-4 -23 -32 -15 -5 -2 -2 8 
2 -2 9 16 4 1 4 13 
0 22 9 2 -1 2 1 -19 
-6 10 11 -7 -4 -6 -4 -10 
1 -9 6 2 2 2 1 4 
1 -16 -39 -7 -3 -3 -3 3 
-11 15 7 0 2 0 0 1 
15 16 14 10 7 5 -1 -4 
8 7 3 2 -3 2 3 7 
2 3 20 5 3 -1 -2 -13 
6 -8 -14 -9 -3 -4 -2 4 
-20 -4 -12 8 2 -1 -1 -12 
-4 -7 3 -15 -9 -5 -4 -2 
3 16 15 9 2 1 1 8 
6 7 1 3 1 2 3 3 
-4 -16 -16 -6 -1 -2 -2 -10 
3 -5 -13 -10 2 1 1 11 
-7 -6 1 6 -1 -2 0 -2 
1 8 9 -13 -12 -7 -5 -7 
-4 -15 -5 -5 1 -1 -3 0 
2 -9 5 15 3 -2 -1 -1 
10 3 -6 -7 2 0 1 11 
-6 -8 -3 0 2 2 2 -28 
-8 4 5 6 -1 -1 -1 -5 
-15 -11 -11 -12 -8 -6 -4 -5 
2 1 1 -2 0 1 -1 -10 
1 -6 -8 4 3 -1 -2 14 
1 -9 -8 0 3 0 -1 1 
2 16 18 -1 -7 3 2 -6 
4 -4 -13 2 -2 -3 1 18 
-11 16 22 7 0 1 -3 -20 
-3 -7 -31 -17 -2 -1 -1 8 
-15 -6 -11 3 2 -3 -5 -16 
-1 2 19 -3 -7 -2 -1 -4 
4 -6 -19 -4 2 0 0 10 
5 4 15 2 -2 0 2 6 
4 4 -4 5 0 -1 0 0 
4 -1 2 -6 -1 0 -2 -2 
-4 -2 2 6 -1 -1 -2 3 
-5 0 2 -4 -4 -1 -2 -5 
5 -4 -9 -1 1 -1 2 3 
-6 9 6 -2 -1 -1 -2 -11 
7 -6 -4 -1 -1 0 0 10 
-3 -1 -1 -5 -7 -4 -5 -2 
0 0 -5 -3 0 2 -3 -2 
0 -5 2 3 -1 0 1 0 
0 -5 -3 -3 -2 -3 -1 -1 
-4 15 11 0 -1 0 0 -2 
-1 -15 -12 -1 -1 -1 -2 -1 
-8 -9 -11 -2 -4 -4 -3 -7 
-3 -10 2 -10 -4 0 -1 0 
-1 -2 -2 0 0 -2 -3 -11 
4 3 0 5 -13 -1 2 19 
-8 -22 -5 -3 -1 -1 -4 -30 
0 -8 -3 2 1 -2 -2 3 
-1 -2 8 -2 2 1 0 1 
2 16 7 6 5 0 1 1 
0 -2 -11 -3 -2 1 1 7 
3 1 -22 -3 -7 -3 -2 6 
-3 -9 7 0 -1 0 -2 0 
8 2 -11 -1 0 -1 -1 -1 
-18 1 17 3 3 2 0 5 
-8 -10 -23 -6 -3 -4 -3 -9 
-11 -9 -12 -5 -4 -6 -4 -8 
-5 -5 1 -4 1 -4 -1 4 
9 7 6 -4 -5 -7 -4 -22 
-3 -1 13 1 1 1 3 12 
1 2 0 1 -3 -3 -3 1 
-1 -5 -5 -1 -1 -1 -3 -7 
2 8 12 3 2 1 1 5 
0 -6 -22 -16 -5 -2 -3 10 
-12 0 3 -1 -5 -4 -5 -23 
-5 -4 -2 -6 -2 -4 -3 -3 
1 9 6 1 -1 0 -2 2 
8 3 10 10 5 1 0 6 
9 -6 12 3 -2 5 3 10 
-3 7 3 -3 1 0 0 -5 
1 -15 -21 -8 -5 -4 0 16 
-2 8 22 9 2 0 -1 -13 
8 -5 -8 -6 -4 -3 -3 -13 
9 2 8 8 0 -2 -3 -2 
-10 23 0 -1 -4 -2 -3 -9 
1 3 4 0 2 -1 -3 4 
-1 1 -1 -1 -1 2 4 9 
-3 -9 -4 0 2 2 1 3 
3 0 1 0 1 -2 -2 -2 
-5 1 1 -3 -4 -3 -1 -4 
-15 -12 -9 -1 0 -5 -5 -6 
4 -3 -3 -2 -2 0 -1 -2 
4 0 4 -1 -2 -1 -1 5 
-14 -12 -2 -3 -3 -2 -2 -11 
6 -2 -6 -6 1 -1 1 3 
-5 -2 -5 -1 -2 -3 -3 -1 
1 7 -12 3 2 0 0 17 
-4 -4 -3 -2 -7 -2 -4 -33 
1 -6 4 1 2 0 2 9 
-7 2 7 -2 -1 0 -3 -6 
-1 -6 2 11 2 -1 -1 3 
7 -4 -14 -2 -3 -3 0 14 
1 15 13 -2 -1 0 -2 -5 
-8 -5 -1 3 -5 -4 -3 -10 
3 21 15 -7 -6 -1 -2 -7 
0 -1 -1 -1 -2 -1 0 6 
0 -4 -8 2 0 -2 1 -1 
5 9 13 0 2 -2 -5 2 
-1 -17 -22 -3 3 0 1 -4 
16 10 1 -2 -9 -3 1 25 
-12 -4 -13 0 2 0 -1 -21 
-5 -10 0 -5 -3 -2 -3 -10 
-2 -7 -3 -2 1 -2 -1 -2 
0 3 10 0 2 1 -2 -2 
8 8 13 11 2 0 2 25 
11 -7 -17 -6 0 1 3 -5 
-16 -22 -6 -4 -2 -4 -5 -10 
6 0 -6 2 2 1 2 21 
-10 1 -5 -6 -6 -5 -6 -20 
-4 5 8 5 3 1 -1 -1 
3 8 4 -1 -2 0 -1 4 
-1 28 -4 -1 0 -1 2 6 
-1 -5 -13 -4 -3 -1 -2 -27 
2 -9 -7 -5 -3 -3 -1 3 
-5 -10 -4 -3 -2 0 1 0 
-7 -8 11 7 3 0 -1 -5 
8 8 14 4 10 3 1 13 
0 23 -13 -6 -12 -3 2 -4 
-1 -18 -10 -5 -7 2 0 11 
14 -8 -9 -5 -2 -3 -2 -3 
-1 3 7 -3 -2 -1 -3 -11 
-5 -14 -1 3 0 0 -2 -1 
5 20 30 11 4 0 -1 4 
0 -10 0 -1 -1 0 -1 -2 
-1 -24 -43 -19 -8 -3 -3 10 
-6 -8 20 6 0 -3 -3 -9 
-3 -8 -15 -13 -6 -3 -2 -8 
-6 -3 6 4 1 0 0 -6 
5 7 10 2 0 3 3 18 
-6 -9 -18 -4 0 -1 -1 1 
5 16 -4 2 4 0 1 0 
-5 -17 -11 -9 -8 -6 -7 -14 
-2 11 -1 -11 -5 -2 -3 0 
7 8 4 0 1 0 0 8 
5 18 2 7 3 2 2 -4 
1 -3 2 -2 1 2 3 -8 
-8 -3 -8 3 -2 -2 -3 15 
0 1 10 3 2 -3 -3 -16 
-4 -16 -14 -15 -4 -6 -6 -4 
1 10 4 2 1 1 -2 -8 
1 -1 0 -6 4 0 2 14 
-7 -7 2 13 -3 2 -1 -5 
7 -7 -8 -3 -2 -3 0 9 
-6 -15 7 0 1 0 -2 8 
-6 -10 13 -1 -2 -1 -2 -24 
14 3 -20 1 4 -1 -1 6 
-10 1 7 -13 -8 -3 0 -9 
-10 -15 -20 -3 -8 -4 -4 2 
1 4 -1 4 3 -2 3 4 
-6 -17 0 -7 -1 0 -2 -4 
2 -7 0 4 -2 -1 0 27 
-2 34 5 -4 1 1 -3 -33 
4 2 1 5 -1 -1 0 -1 
-2 7 17 -8 -3 -3 -2 4 
-3 -9 -14 5 1 0 -2 -11 
-12 -3 -13 -11 -5 -4 -3 10 
-1 -9 0 5 -6 -1 1 1 
0 2 -3 -2 -1 1 1 4 
-1 -2 8 2 2 0 -2 -8 
4 7 15 7 7 0 -1 0 
5 3 6 0 -1 0 1 -4 
-2 0 -18 -6 4 0 0 13 
-4 -12 -4 8 -2 -2 -3 -12 
4 -2 19 -24 -2 0 0 -10 
-7 5 -13 3 -4 -5 -5 18 
0 8 -2 3 0 -1 -1 -13 
0 -7 -11 -11 1 -2 -2 -7 
-7 -4 2 2 -3 -3 -1 3 
-3 -6 11 5 2 1 0 5 
-12 -23 -25 -25 -9 -5 -2 -5 
11 3 5 6 -1 -1 -1 0 
-19 -1 -2 6 0 -1 -3 -7 
3 -2 -4 -8 1 -4 -2 0 
1 -4 -6 5 0 -2 -2 1 
2 0 1 1 -1 2 -1 -5 
6 6 6 1 0 -2 0 13 
-1 -2 -3 -1 -6 -1 -2 -11 
0 6 15 6 3 0 0 -8 
2 -2 -7 -1 -2 0 1 23 
-26 -1 -2 1 -1 -4 -5 -37 
6 -10 -17 -6 0 0 0 4 
-3 -2 18 1 -4 0 0 4 
4 9 8 8 12 0 1 12 
-7 -6 -16 -5 -11 -2 -2 -9 
1 8 18 9 0 -1 0 -2 
-6 -12 -16 -8 -5 -2 -2 -7 
5 1 5 5 2 1 0 15 
1 -9 2 -2 2 -1 -1 3 
0 -2 -11 -8 -2 -4 -3 5 
-1 3 5 -1 -5 -1 -2 -19 
-8 -20 -8 -6 -5 -5 -4 -14 
12 6 -3 1 3 2 1 11 
-1 1 9 2 -1 1 1 -2 
-8 -7 -18 -5 -2 -3 -3 -1 
-10 -7 -9 -8 -6 -3 -3 -15 
8 -5 7 6 0 -3 -4 0 
2 1 -5 -1 2 0 -1 5 
-2 -14 7 -5 -1 2 1 6 
-7 -8 -16 8 -3 -4 -5 -12 
9 17 -8 -8 -1 -1 1 12 
-9 -18 -21 -21 -11 -2 -2 -4 
2 4 4 -1 -1 -4 -3 4 
-5 6 10 -2 2 0 1 -8 
9 13 13 6 3 2 2 4 
1 -2 -21 -1 2 0 0 13 
-4 8 18 0 -5 -4 -5 -15 
-13 -9 -30 -9 -8 -6 -6 -17 
12 11 5 5 0 -3 -4 -4 
-4 -5 14 4 3 -1 0 -4 
21 12 5 6 6 3 3 20 
-12 -10 10 -1 1 0 0 -3 
-2 -12 -7 2 -3 0 -5 -4 
-1 -2 -12 -3 -2 -4 -4 -7 
0 -2 -5 -2 1 -3 0 7 
1 1 9 0 -2 -1 0 -10 
