#EMG
#0
#ID:0-31
-10 10 33 -3 -1 -6 -10 -38 
22 -20 -25 1 -5 -4 -2 6 
6 10 6 5 1 3 4 27 
-8 2 -6 11 -1 1 12 -15 
-18 -19 -25 -10 -3 -3 -3 -20 
16 8 20 10 1 1 6 16 
1 -2 -11 2 0 -2 0 -2 
-7 1 6 2 3 0 -11 14 
-38 1 -1 -23 -2 0 10 -45 
3 -5 -31 -9 -7 -4 -3 8 
0 -2 20 -2 -1 -6 -15 -20 
5 4 -5 -20 -4 0 9 4 
12 -27 7 0 1 0 -1 37 
-10 -4 -11 19 -1 -1 7 -46 
0 -1 11 -9 1 0 -6 -2 
8 10 -3 -1 -1 -5 -30 -13 
-9 -31 -10 3 -3 0 8 12 
12 16 25 -11 -2 -1 12 25 
-8 -10 -34 -4 -5 -3 -5 -8 
22 7 13 23 2 -2 4 -11 
-13 -19 -20 -3 -2 -1 -8 -51 
-43 -8 10 -2 -3 -2 -2 5 
26 -18 -27 1 -5 -2 -1 12 
7 1 20 12 2 2 -6 -2 
-6 19 7 -8 -6 -2 -1 19 
9 -17 -30 -10 -3 -4 0 -17 
-4 20 17 24 4 2 7 15 
-6 -5 1 1 1 0 -4 8 
8 -3 2 -9 -5 -3 -9 -5 
-14 5 -14 2 -1 -2 -15 -11 
-4 12 -9 -11 -6 -2 18 14 
-11 -16 0 -2 -3 -4 -15 -8 
8 16 5 -4 0 0 -4 -4 
11 19 24 15 6 4 12 39 
-8 13 8 9 4 1 -10 -54 
-5 -19 -52 -26 -7 -5 10 0 
-14 2 24 6 -5 -3 -7 38 
-6 -8 -20 -11 2 0 -1 -51 
6 0 14 7 5 2 -6 -18 
-5 -11 4 0 -6 -2 7 34 
2 4 -16 8 4 -3 -4 -40 
11 -16 30 -4 -3 -4 1 28 
-9 -23 -11 -10 1 2 0 -2 
-17 9 18 20 4 -2 -10 -22 
-5 -12 -11 -10 -3 0 2 1 
14 9 -1 -1 -1 2 15 15 
-1 -15 -14 -28 -11 -10 -19 1 
-6 21 20 11 0 -2 -1 -3 
-12 0 12 18 2 2 -4 -9 
7 -5 -8 -31 1 2 18 5 
14 -11 -7 -1 -4 -4 -11 27 
-11 -3 1 2 -1 -1 -5 -13 
14 8 -10 -4 -3 1 15 15 
2 19 -5 7 1 -1 -14 -16 
-24 1 15 0 -1 -2 3 -10 
1 -4 -2 -7 -2 2 5 3 
1 -3 -7 -3 0 -3 -11 5 
-14 -11 -11 -2 -5 -4 -11 -26 
7 13 44 1 0 1 13 14 
6 -20 -76 -10 4 0 -2 20 
2 -21 8 0 -3 -3 -2 -52 
-19 -8 30 30 2 1 -13 6 
-9 1 -27 -4 -5 -4 12 14 
-19 5 12 -8 0 1 -3 -19 
15 -2 -3 8 2 0 -6 22 
34 6 11 13 0 0 19 49 
-10 -8 -1 11 2 4 7 -36 
23 -6 -19 -17 -10 -9 -13 -17 
-27 0 -5 6 1 2 5 15 
8 15 9 6 1 -1 -15 -9 
14 35 9 2 1 4 14 50 
-6 -13 14 8 1 0 8 -15 
24 19 -4 -15 2 0 -6 -12 
-8 -24 -20 -10 -7 -1 5 19 
-24 -12 -35 -10 1 -1 -9 -18 
-3 12 22 8 3 3 -3 5 
8 21 4 -25 -10 -4 12 5 
-7 -14 -9 18 4 4 -3 4 
9 -13 13 -11 -3 -1 0 -9 
-8 24 -3 -13 -2 -3 -11 -5 
16 5 0 8 8 3 -8 27 
-31 -1 -7 1 -1 -3 -6 -30 
14 -6 16 27 -3 -6 -10 -25 
-34 -28 -29 -27 -10 -7 -9 -29 
5 -2 -5 -4 1 2 6 26 
-2 10 30 -4 1 -1 -5 4 
-7 -5 -28 -9 1 2 -1 0 
12 6 15 19 0 -2 4 11 
-11 -6 -20 -3 -7 -3 7 -20 
14 21 -3 -5 -3 -2 -6 12 
13 -3 -20 -19 2 -1 -11 -10 
-6 -5 12 13 -6 -3 10 10 
-30 -9 8 -8 -4 -2 -3 -43 
12 -20 -15 2 0 -4 -26 -8 
-5 12 11 -8 -1 0 31 57 
7 16 13 23 6 0 -10 -46 
9 -7 -25 -10 -3 -3 -9 12 
-6 11 7 5 -1 3 7 -3 
20 5 -10 -10 -3 -4 -12 -12 
-21 -2 -3 -1 3 3 14 21 
8 12 55 22 4 3 6 13 
5 -12 -49 -16 -7 -8 -7 -7 
-17 0 1 5 0 2 -13 -50 
18 5 1 19 2 0 8 44 
-6 -1 -23 -48 -6 -5 3 -30 
-10 0 16 13 0 2 7 -10 
6 -20 -24 -8 -5 -4 -3 30 
-32 3 22 -9 0 0 -8 -31 
10 1 -8 27 3 -2 -8 -5 
-19 -25 23 -4 2 4 7 7 
31 15 -13 -25 -5 -2 -2 18 
-22 -12 8 -5 -5 -7 -7 -11 
-6 -14 8 18 3 -1 1 12 
10 7 -12 -13 -6 -5 2 -2 
9 0 -12 17 2 -1 -14 -10 
-1 1 -15 -3 1 6 26 22 
6 4 45 16 -5 -4 -12 -14 
-6 -28 -12 -26 -4 -2 -5 -2 
-17 -10 6 -7 -1 -1 2 -11 
13 8 -11 9 3 1 -1 13 
-17 -23 -53 -3 -6 -6 -13 -10 
18 23 24 -5 1 1 30 19 
1 -4 0 3 -5 -7 -22 -3 
-5 -9 12 6 6 3 -1 -5 
13 3 -5 -1 2 2 9 43 
0 -3 -12 -23 -2 -2 -19 12 
-30 -7 -2 0 -5 -3 24 -63 
12 -11 -4 1 -1 -1 -4 -4 
9 -6 -16 -14 -6 -3 -4 24 
-10 16 -2 20 1 1 -3 -19 
-15 -1 40 4 3 5 10 34 
-4 20 -16 17 1 -1 -3 -31 
13 -23 -16 2 -1 1 -2 -20 
49 37 28 -9 -6 -1 9 55 
-25 -18 11 -7 -3 -1 -8 -12 
12 7 -15 5 0 0 1 1 
-35 -10 11 -6 0 -2 -11 6 
-15 4 10 16 3 1 13 -22 
25 -1 0 5 -2 -3 -28 -18 
13 -6 -12 -18 -5 -3 8 17 
1 6 15 7 3 4 4 -3 
-31 -19 -13 -7 -3 -6 -14 -23 
-6 5 0 8 1 4 4 6 
-11 18 -6 -22 -2 0 -22 -22 
41 18 7 1 -4 -6 21 42 
-21 -9 -4 15 0 -3 -2 -10 
20 8 -26 11 -1 0 7 21 
-6 4 43 -8 -3 0 -14 -7 
0 4 -3 -5 6 6 -1 19 
-29 -43 -53 -27 -8 -10 3 -46 
-17 9 9 13 5 1 10 -7 
-9 0 12 -3 -1 -2 -13 1 
39 2 10 26 -1 -1 26 12 
8 -7 -10 -18 -3 1 -6 23 
15 3 9 4 -1 -2 -21 -9 
-10 -28 -36 -15 -8 -3 5 1 
-24 10 14 -5 1 0 -4 -25 
37 2 14 38 1 2 -8 21 
-35 -20 -7 -27 -5 -1 10 -34 
37 -7 -14 -7 -3 -2 -6 37 
-23 -17 -20 -3 -4 -5 -14 -45 
-22 -9 45 -17 2 2 2 -21 
27 26 -30 -3 3 -1 -7 25 
2 3 5 -16 -4 -3 -11 -13 
1 -6 -27 -2 0 -1 2 -5 
6 25 5 -7 -3 1 11 5 
-5 -11 -24 -2 -5 -5 -15 3 
8 1 4 8 0 -4 -4 24 
-4 -7 -11 1 -2 -2 5 10 
2 8 -8 -2 1 5 7 -25 
-22 -6 24 -4 -1 -4 -12 5 
18 6 -8 -10 -1 1 18 60 
-4 11 -18 -12 -1 -2 -22 -72 
12 -21 43 47 0 -3 -1 9 
-10 -17 -19 -27 -7 0 14 17 
8 5 -9 5 2 -2 -4 6 
-14 -31 23 -2 0 1 -13 -28 
12 59 -18 16 3 1 -18 5 
42 7 -18 -3 -3 -3 41 18 
-15 4 41 6 -1 2 0 17 
11 -2 -23 -20 -5 -1 20 -14 
-12 -15 -43 -8 -1 -5 -32 -20 
-19 10 15 16 3 -3 -36 -19 
-12 -5 -28 -4 -5 -6 -7 -10 
4 -6 -2 -12 -4 0 26 61 
-2 -1 -1 15 1 -3 -4 34 
10 -13 17 -16 -5 -2 -18 -40 
-27 7 -9 -7 1 1 -20 -46 
-11 -2 39 4 -2 2 26 10 
18 -12 -45 -16 -4 -3 3 20 
25 22 19 26 8 7 -18 -15 
-1 31 0 -12 -4 -4 22 13 
-16 19 35 8 0 -5 -16 -4 
-8 -30 -72 -44 -11 -8 6 8 
-15 8 13 21 3 1 10 -12 
20 -25 -11 13 -2 -3 -14 -11 
0 20 -3 -1 -3 -4 31 17 
6 -28 -12 -21 -8 -7 -11 10 
-51 -8 -2 9 1 2 -48 -31 
-11 0 16 7 -1 -3 50 -3 
-1 -2 -5 -7 6 3 -18 24 
25 19 54 36 5 2 -17 -27 
-5 -14 -12 -63 -12 -8 22 29 
3 -66 -12 -34 -5 -3 -10 -11 
-16 -15 0 25 4 5 -10 0 
-18 9 25 2 2 -5 -26 -22 
-3 10 11 12 2 2 64 44 
48 3 16 9 1 1 -23 -29 
-29 -4 -33 -18 -5 -10 -3 -15 
-7 25 2 -15 -3 2 -16 -27 
2 7 39 19 -6 -5 6 57 
-2 -14 -55 -25 -3 0 26 -36 
2 15 18 12 4 3 -24 11 
-5 15 43 8 4 3 15 4 
30 -6 -47 -18 -7 -2 16 25 
-74 9 55 48 7 -2 -48 -65 
-7 4 19 -30 -1 2 43 -8 
-19 -7 3 2 -2 -5 -1 0 
6 -16 -30 10 1 2 2 -11 
18 -3 9 -4 0 -5 -5 42 
6 -17 -1 18 0 2 -27 -33 
-24 -12 -15 -19 -6 -1 3 -7 
-7 15 19 3 2 -3 -22 -14 
-16 8 -3 15 7 7 29 2 
15 0 -27 -33 -11 -11 -10 13 
0 -18 2 5 1 7 13 14 
8 -15 -54 4 4 -1 -21 -15 
-7 -2 50 35 6 0 2 -21 
2 -9 -34 -62 -28 -14 -18 -2 
14 -5 8 -11 3 6 4 7 
-4 18 51 9 -4 -2 27 22 
-6 -5 -27 -5 -4 -8 -12 -34 
-1 -49 -15 11 10 4 -2 16 
11 2 -49 25 8 -5 -1 -16 
-9 1 33 23 -2 12 6 -5 
-6 4 17 -66 -24 -11 -3 36 
10 -26 -33 79 14 -5 -12 -34 
2 12 14 -63 -7 3 15 40 
23 2 25 -3 7 1 -11 -39 
-29 -23 -39 10 -5 -1 3 -4 
3 -10 7 -15 3 3 -16 -35 
-12 0 26 57 5 -4 23 53 
35 20 -25 -32 -2 -3 -10 -20 
5 13 -21 -37 -3 2 -3 8 
-25 4 2 26 1 -2 6 13 
36 2 16 13 -2 -1 0 40 
-28 26 -2 6 5 0 -24 -64 
32 1 -15 -11 -6 -5 7 14 
-17 8 22 4 5 5 3 11 
-33 -9 -5 -19 -7 -2 -2 17 
-26 3 -6 0 6 3 38 -23 
7 -4 35 5 -5 -1 -3 0 
28 34 8 -19 -6 -2 -3 11 
19 7 11 16 4 1 -20 -21 
-22 -29 15 -37 -7 -6 4 -2 
-22 -17 -31 43 13 6 1 4 
-22 7 -22 -19 -3 5 -1 -45 
-29 -24 -47 -30 -12 -6 16 -24 
-25 8 20 7 0 -4 -9 26 
21 10 3 -14 -2 -2 -45 -3 
19 -19 37 -10 -1 1 24 55 
25 -25 -29 32 1 1 47 20 
-18 -37 -52 24 4 -3 -4 11 
-59 15 36 -28 -9 -9 -29 -58 
34 -4 -19 12 -9 -5 -2 39 
-74 19 28 -25 1 2 -2 -38 
14 15 -10 -12 -9 -6 -5 31 
55 37 27 -13 12 10 37 21 
-18 6 -45 -25 -11 -2 -37 -4 
40 -17 -2 34 4 -1 16 -70 
14 -3 -30 -38 -9 -6 -20 36 
12 36 58 55 17 14 -37 -6 
-49 -48 -68 -90 -19 -12 66 40 
-8 1 41 3 0 -1 -52 -57 
-24 -22 -4 30 -4 -4 16 1 
18 11 -27 12 2 -3 5 -14 
5 -3 -7 10 2 3 11 21 
14 20 37 22 2 -3 -25 15 
9 -6 -16 -13 -3 2 -18 1 
-1 -15 -45 -5 -3 2 67 29 
-11 68 53 15 3 -4 -89 -83 
34 -13 -34 -38 -5 -1 72 88 
-3 -11 -10 -1 -9 -9 -5 -65 
-9 14 52 6 -7 1 -8 14 
-11 -1 5 27 10 1 -28 -34 
17 16 8 1 -5 -3 10 6 
-10 2 -14 -3 0 4 -7 15 
-16 -18 -2 13 2 -6 -27 -11 
-6 -10 -26 2 -6 1 15 -2 
27 6 26 -7 5 3 -58 4 
10 -3 43 -8 -1 -4 18 34 
-18 -29 -59 17 -1 -2 -2 -43 
-43 1 34 2 -1 -1 2 -17 
21 12 3 10 -4 -1 -21 24 
21 20 16 32 9 5 -20 -9 
-30 -26 -35 -44 -12 -12 54 32 
37 26 34 8 0 -1 -4 16 
-31 -12 -15 7 2 0 22 -32 
43 8 23 17 3 5 -2 29 
-23 -1 7 9 -4 -6 -29 -29 
-15 -30 -16 -6 -5 -5 10 3 
-12 -7 -15 4 -1 -1 -14 -26 
2 23 17 1 0 2 3 14 
14 0 -10 -16 -1 5 3 13 
33 9 7 14 5 -1 12 -19 
-10 3 -26 -22 -3 0 17 4 
-9 -31 -12 0 0 -7 8 6 
-12 33 -29 -52 -23 -2 -9 2 
-1 -21 23 16 4 -3 -14 8 
-19 -5 -7 7 6 2 -9 -35 
4 33 -18 -9 -4 -5 6 12 
11 2 32 22 4 1 41 -9 
25 4 15 30 12 9 -2 21 
-26 -29 -33 -62 -20 -14 -9 1 
-8 -17 -11 1 -2 -2 -6 14 
8 -6 -3 11 3 -10 -20 -65 
4 3 -11 -5 -2 3 5 19 
-2 22 48 33 12 5 3 -1 
-20 -33 5 -10 -13 -5 -16 -31 
18 -29 -50 -15 0 1 -7 46 
-3 -21 -11 -35 -14 -15 9 -31 
-19 -19 -26 12 0 -6 -16 -16 
-14 19 8 -36 -13 -1 2 -9 
31 0 -1 46 -6 3 4 63 
-11 -3 -2 -22 -7 -7 -25 -62 
9 11 -7 -10 8 9 0 21 
-24 -39 -6 7 -18 -13 -12 -48 
-3 13 -36 -24 3 -2 3 2 
8 4 -1 41 7 4 5 46 
19 2 60 -39 -11 -7 -5 17 
-21 -10 -45 9 2 -4 -10 -44 
40 7 36 -6 3 5 8 57 
-31 15 10 39 4 6 14 -11 
-21 7 -9 -8 -2 -11 -23 -25 
39 -18 -23 -34 -2 -3 8 6 
-6 -15 -11 47 -1 -1 -15 -16 
16 3 -7 -45 -2 0 -1 23 
0 8 -18 6 -5 6 13 4 
-9 14 27 7 7 0 7 21 
-5 2 -5 10 3 0 2 -16 
12 -7 1 -14 -3 -3 -23 6 
-33 -27 -15 2 -5 -6 0 -48 
54 40 8 -2 7 5 -5 10 
-45 -11 -8 -14 0 -1 14 -10 
33 3 22 31 7 4 2 60 
-38 -6 -41 -2 -7 -8 -19 -49 
21 -11 6 43 0 0 7 -1 
14 11 30 -34 4 2 10 24 
-6 -14 -24 10 3 -2 -3 -20 
8 -22 -35 -29 -18 -4 12 45 
-17 5 12 -13 8 12 17 0 
12 11 28 39 1 -7 -35 -39 
2 -9 -14 -26 -7 -7 -10 -2 
-3 10 0 10 2 0 9 56 
-1 -1 7 1 0 3 -2 -21 
-10 -4 -7 -36 -5 1 -2 16 
-28 25 45 12 2 1 11 -30 
-29 5 -3 5 5 5 -3 -35 
14 -18 -21 -1 -2 -3 -6 12 
-10 6 45 43 5 2 12 37 
6 -3 -55 -57 -9 -6 1 3 
20 40 11 22 6 5 -9 -77 
26 10 -4 3 -1 -2 3 51 
8 13 51 7 3 0 -6 -23 
4 -22 -21 0 -3 -3 -3 -1 
-9 -16 20 14 8 5 3 22 
2 7 -11 -17 -4 -3 -14 -20 
-1 -12 -7 6 0 1 1 7 
-16 -9 23 2 -1 3 22 -11 
14 -7 -32 -13 -4 -4 -14 6 
-16 40 39 32 12 7 0 5 
-14 -59 -61 -27 -8 -6 -1 0 
4 -3 35 32 -1 -3 -11 -44 
27 -12 -16 -22 -18 -15 7 10 
-20 -31 -14 -4 2 2 5 2 
-17 13 -27 -12 -3 -3 -9 -10 
17 -6 -14 7 5 6 0 37 
-7 21 58 27 11 4 6 -37 
33 9 -18 -46 -10 -3 5 67 
-67 -6 -33 -1 -4 -6 -10 -61 
-31 -5 -8 -5 -2 -2 -4 5 
13 -10 -5 2 -3 -4 -7 13 
-17 8 31 22 9 6 9 -2 
9 10 -12 -6 1 -1 12 14 
-6 -26 -36 -22 -6 -3 -8 -8 
25 5 3 7 4 3 5 23 
-28 -18 -13 -11 -6 -5 -8 -8 
23 20 33 14 5 -2 -33 -22 
-7 11 -15 8 -12 -11 -7 -43 
-7 -6 33 -16 -7 -3 13 25 
3 -2 -30 -20 -4 0 16 4 
22 -7 12 0 -3 -6 -6 25 
2 19 36 41 12 10 3 9 
12 0 -3 -52 -6 -2 -2 -2 
-5 5 8 6 2 -1 1 12 
-30 -5 -10 -5 -6 2 4 -47 
2 -3 13 3 1 -1 -5 -2 
3 -6 -13 13 -6 -8 -8 3 
5 -6 14 11 2 -4 -8 -3 
25 30 -9 -9 -1 3 6 24 
-15 -23 -15 -14 -6 -3 2 33 
33 -1 -5 -24 0 2 -9 -41 
-25 -8 -37 14 -6 0 9 -2 
2 12 21 20 1 -2 -10 -2 
-1 -15 4 -23 -5 -2 3 20 
-7 -6 -26 0 0 -1 1 1 
-15 -12 16 5 -2 -4 -11 -62 
28 -14 -13 -7 -4 -3 -8 19 
-13 0 -17 2 2 2 16 -5 
-27 -31 -34 -4 -4 -2 -7 3 
-4 15 29 5 -2 -3 -11 -27 
-16 -21 4 5 5 0 2 -5 
24 14 12 6 3 -1 -9 2 
-22 -5 -2 30 1 0 5 13 
-16 -2 -21 -44 -6 -5 3 9 
4 -6 -26 -21 -3 -1 -9 -36 
20 -6 6 14 3 0 1 11 
6 30 21 18 8 6 4 -15 
-8 7 12 16 1 0 -2 21 
26 -4 -6 -10 -4 -2 6 40 
-18 -2 18 -6 -3 2 -1 -15 
5 -12 -24 -14 -6 -5 -6 -15 
8 -1 13 -3 -2 -4 -8 -7 
19 11 0 -2 0 -1 4 6 
-16 5 9 -1 -1 -1 0 -3 
-12 4 27 1 1 0 2 19 
2 -12 -12 0 0 -1 -2 -17 
-12 -14 -6 -1 -5 -3 2 21 
4 2 -11 -12 -2 -5 -6 -44 
-5 11 10 0 -1 0 1 17 
-3 1 -12 2 4 2 -2 -12 
3 2 4 -1 0 2 5 16 
0 -1 9 9 -1 -1 1 30 
-12 -13 -14 -7 -2 -4 -8 -59 
4 8 11 4 -1 0 -2 2 
-4 2 8 -7 -3 0 3 2 
6 7 -6 -13 -4 -4 -3 0 
9 9 -8 6 1 4 1 11 
-3 -3 13 5 1 1 0 11 
-22 1 -10 -10 -2 -3 -1 -27 
21 -1 4 1 -3 -2 -3 29 
-13 9 -2 3 2 0 3 10 
19 9 6 2 -1 -3 -8 -14 
17 -5 5 -7 -1 -2 -8 -20 
-22 1 -15 -13 0 2 11 -17 
5 -4 37 15 3 2 -1 21 
-13 -13 -77 -22 -10 -6 -2 12 
-17 -16 -4 16 -2 -3 -1 -24 
32 19 7 -16 4 5 0 24 
-4 -7 1 -7 -2 1 -1 -8 
15 -10 -4 14 4 3 6 31 
-51 -10 -5 -6 -5 -6 -9 -54 
-6 -4 6 -6 -6 -4 -4 -11 
5 6 -26 -1 -2 -2 1 23 
5 5 18 -2 -4 -2 -4 -14 
14 2 3 5 1 1 4 23 
-5 -13 -11 -9 -3 -2 -5 -2 
-11 -10 19 -4 -2 -4 -3 -45 
7 9 5 5 3 1 -2 11 
1 -10 8 3 -2 1 9 8 
-8 -10 -1 -8 -2 -3 -5 6 
10 11 -19 0 -2 1 0 -5 
-3 -10 -10 6 0 -3 -6 -10 
-18 7 30 -2 3 1 2 9 
14 1 4 25 5 1 0 40 
1 -12 -12 1 -5 -2 -6 -41 
-20 -12 0 -46 -6 -1 -1 -15 
6 2 1 -1 -5 -6 -6 17 
16 17 -5 0 -5 -4 -4 -14 
-1 -13 4 8 5 3 5 24 
2 5 15 13 -1 -2 2 -23 
1 2 -7 -1 3 -1 -1 6 
-3 -3 8 4 6 3 5 43 
6 -33 -7 -6 -10 -9 -10 -56 
-10 -19 -19 -1 -10 -14 -15 -19 
12 2 -7 -6 -2 0 0 3 
4 -23 -1 -7 -2 -3 -6 -29 
-10 34 16 2 3 5 7 59 
-7 5 7 6 1 1 1 -9 
29 6 2 1 3 5 4 24 
-38 -12 -2 5 -4 -8 -11 -80 
10 -8 -38 -13 -1 -1 3 36 
0 4 27 -6 -8 -7 -5 -8 
3 22 -7 -2 -3 -3 -4 5 
4 -2 -12 -7 -6 -5 -1 9 
-11 -13 -6 -3 -2 -5 -6 3 
-12 14 3 13 7 4 5 3 
15 -21 11 -5 -7 -3 0 -2 
-7 -14 -41 -16 -6 -3 -3 -22 
-32 11 14 -3 -2 -2 -2 21 
17 -7 3 10 7 8 5 24 
-9 -7 -7 -7 -1 0 6 -31 
-5 2 14 6 -1 -1 -3 15 
2 26 -14 -5 2 1 -3 -33 
8 10 23 13 0 -2 4 -2 
3 9 5 7 3 0 -1 9 
-10 -4 -20 -4 0 3 3 -8 
-3 -19 -22 9 -2 -2 1 11 
-1 12 18 -10 -2 -2 -7 17 
-24 -13 -8 2 -2 -5 -14 -40 
19 1 -14 -3 -3 -6 -2 22 
14 18 61 4 -2 -2 0 11 
-7 2 -34 3 2 1 4 -4 
2 -7 0 -4 0 1 0 14 
-18 -29 11 1 4 6 4 -18 
17 -15 -35 -9 -13 -10 0 39 
-5 -15 -19 -12 -2 -3 0 3 
-4 2 -13 1 0 -3 -7 -30 
-7 -7 19 5 1 -2 -2 -16 
17 8 -1 -8 2 2 -1 14 
5 -37 8 2 0 -1 -7 -26 
-23 -14 -24 -2 1 3 8 11 
20 2 -1 -7 -3 -5 0 9 
-30 -9 12 -8 -5 -4 -4 -19 
9 13 -5 4 2 2 2 18 
16 17 5 11 4 3 -4 3 
-10 12 49 13 0 -2 -1 -10 
1 -10 -36 -20 -1 0 -1 -3 
-8 7 24 10 -4 -5 -6 -7 
-27 -10 -31 -16 -5 -4 1 -19 
18 22 -4 0 -3 -2 -1 58 
14 -14 -5 2 2 1 -4 -63 
-21 14 13 -1 1 2 5 33 
11 6 6 1 -2 -5 -10 -37 
-10 -8 -24 2 0 -1 -6 -2 
-1 -7 -4 -17 -4 -1 9 11 
-20 3 -1 -5 -1 0 1 -17 
1 0 6 2 -3 -4 -11 3 
25 28 2 -7 0 2 4 7 
-5 -4 7 10 5 -1 -3 7 
-28 -3 -14 14 2 3 3 -34 
18 -7 25 8 -3 -1 -1 33 
-3 -20 -35 -20 -8 -3 5 -12 
-10 18 -1 -6 1 -2 -6 8 
7 12 5 -4 -2 -4 -1 3 
17 3 11 0 0 -1 -2 -2 
-9 5 -5 20 4 3 -2 -11 
1 1 62 11 2 4 5 19 
-12 -35 -55 -27 -8 -8 -10 -28 
2 -6 1 -6 -3 1 6 40 
-7 -8 -19 -7 -6 -5 -9 -39 
3 15 4 6 0 -2 -5 -21 
5 11 15 6 -1 0 -1 15 
7 -7 -17 -1 -1 -3 0 13 
-2 36 41 6 10 7 6 -1 
14 -30 -22 1 -2 -1 -4 24 
-24 -7 -35 -7 -7 -3 -7 -42 
-5 -6 -11 -13 -7 -7 12 19 
2 -5 2 -2 0 -3 -10 -1 
4 34 22 14 7 2 -5 -9 
21 -13 14 -11 -1 -1 9 34 
-4 -1 1 -2 -1 0 -3 -20 
-35 -16 -2 2 -4 3 0 -18 
28 -12 -35 -9 -1 0 2 40 
2 3 20 -3 0 -2 -3 -13 
-16 12 11 17 1 -2 -6 -5 
31 3 3 -13 -2 -2 6 32 
-26 -20 -16 1 -3 -5 -9 -58 
22 9 -6 -6 -2 -1 5 35 
-3 -13 -5 -3 0 0 1 2 
-8 -7 6 10 0 -4 -8 -5 
4 27 6 9 5 5 10 15 
10 15 36 -3 0 1 7 67 
-9 -26 -57 -21 -11 -5 -18 -102 
1 -1 1 -2 1 -3 -2 7 
-8 3 -10 -6 -4 -2 2 1 
8 18 15 14 5 3 2 1 
9 13 21 -1 1 4 4 21 
-12 -2 -15 5 0 0 4 19 
-2 -13 13 -1 -7 -4 -7 -24 
-13 -7 -42 -19 -4 -4 -8 -32 
4 3 21 2 1 -1 2 27 
5 -2 -5 -7 -2 2 0 -21 
10 -1 14 15 1 0 3 24 
-16 -2 -16 10 3 -2 -4 -3 
5 15 -5 -30 -6 -1 -4 21 
-22 -28 7 5 -8 -8 -14 -51 
2 18 1 3 3 1 3 8 
19 7 8 4 -2 -1 0 -9 
-14 5 2 5 6 2 4 11 
1 -2 -3 -7 -3 -1 5 11 
-3 -12 -8 -5 -2 -1 2 9 
1 -7 -20 5 0 2 4 12 
-25 -11 -6 -10 -8 -8 -11 -42 
5 -6 -15 -13 -5 -6 -7 4 
-14 5 12 8 -1 -1 -5 -21 
9 11 9 6 1 1 1 21 
6 -13 -5 8 2 -1 3 11 
8 16 19 3 5 8 5 -4 
-11 6 10 -14 -4 -3 -5 -9 
13 6 20 32 2 2 5 18 
-44 -20 -25 -33 -2 -2 -6 -23 
26 -7 -19 -23 -13 -11 -10 0 
-14 -10 6 1 1 0 1 5 
-5 5 2 3 3 -1 -5 -17 
4 0 13 18 2 1 6 5 
22 -1 18 7 7 5 7 47 
-30 -19 -33 -12 -8 -8 -11 -61 
-3 -8 -13 -33 -11 -8 -2 -2 
12 6 -4 13 -1 -3 -4 18 
