#EMG
#2
#ID:2-15
10 -9 -2 -2 0 -4 -2 -3 
2 13 10 -1 -1 1 -3 0 
3 2 7 14 2 1 8 6 
-7 -6 -8 4 -1 3 -7 -8 
7 -2 2 -2 -3 -1 -2 7 
0 0 -7 -13 -7 -5 -5 1 
0 1 0 -5 2 2 2 3 
7 11 3 1 1 -3 -8 -6 
-15 1 4 5 1 1 4 -11 
0 -5 -4 2 0 0 4 -4 
3 0 -2 -9 -4 -2 -4 29 
-5 6 15 1 -2 0 0 -52 
6 1 1 -3 -1 2 8 9 
-2 -8 -18 -6 -2 -6 -12 4 
-5 -3 0 -3 -3 -3 3 -18 
-1 -17 -4 1 2 -2 -6 10 
-7 -1 7 0 -1 -1 1 24 
5 -3 -9 -3 -3 2 10 -28 
0 -2 -3 -6 -2 -2 -6 0 
-2 3 -14 -7 -1 2 -1 3 
-4 -4 8 7 10 1 -8 -11 
6 4 -7 -6 -16 -6 -2 19 
-14 3 2 0 -1 -1 -11 -10 
-2 1 3 -1 1 -2 15 1 
11 -2 11 3 1 -1 -2 13 
9 12 -1 -1 3 3 -5 15 
-12 -12 -10 -2 1 -2 10 -44 
-5 -7 3 -7 -9 -4 -3 2 
-2 -5 -25 -2 0 0 -9 1 
2 3 15 7 3 -4 -2 -3 
16 14 9 -3 -3 -1 6 34 
-7 17 3 -3 0 0 -7 -40 
2 -14 -4 -3 -5 -4 -3 -8 
-4 15 11 0 1 1 4 -9 
-3 -6 -1 1 -1 0 -4 11 
-1 -7 -1 0 3 2 0 12 
2 -7 4 -7 -7 -1 1 -3 
-20 -12 -17 3 1 -2 5 -9 
3 -7 -1 6 4 -4 0 13 
3 5 -17 -16 -11 -1 -5 -8 
-7 -9 -4 -1 -7 -5 3 -8 
-3 -8 3 1 2 0 -1 7 
-4 -2 2 -2 -3 -1 6 -10 
3 2 1 7 3 -4 -15 18 
19 12 -3 -7 -1 -3 -4 7 
-8 -4 2 6 2 1 -3 -11 
14 0 -14 -6 -8 -1 -4 -2 
-4 -9 5 -1 2 -1 0 6 
-4 14 1 -5 -2 -3 2 -6 
6 2 1 1 2 2 -5 0 
-4 3 16 0 -1 4 2 -7 
1 -14 -7 4 4 4 7 51 
-13 6 -13 0 -3 -7 -18 -75 
-5 -22 -19 -12 -9 -5 9 4 
-5 2 8 -5 -3 -1 -3 -6 
5 2 -1 6 1 -1 11 7 
-2 12 5 -2 6 -1 -10 22 
3 13 9 5 -4 4 12 0 
-3 -15 -32 -13 -5 -6 -16 -4 
-19 -13 5 0 -3 -3 -1 -22 
-3 -12 -11 -5 -3 -2 -2 8 
-8 -5 8 11 8 6 20 -13 
18 8 16 4 -2 -7 -5 25 
-15 10 1 -1 0 -2 1 -8 
-9 -4 -15 -7 -4 0 -1 9 
-10 -1 -11 -4 0 -4 -10 -27 
-6 -2 2 1 0 0 2 -4 
10 13 17 2 -1 0 -7 -3 
-3 -24 -5 -16 -7 -3 -5 3 
2 -1 -14 -12 3 4 14 11 
-4 -5 0 4 -6 -5 -12 -17 
8 3 0 4 2 2 10 29 
-5 5 19 10 3 3 -3 -33 
-2 -7 -14 -4 -4 -5 -9 -9 
-4 3 -5 -5 0 0 4 -10 
4 -4 12 8 9 -2 -3 7 
6 -10 -24 4 -11 1 -4 15 
0 3 2 -7 -2 -4 5 30 
-3 1 5 0 2 1 -7 -37 
-9 0 3 -1 -2 -3 -1 -17 
9 6 3 6 3 -2 -5 1 
-2 14 10 0 -4 -2 -4 5 
1 -6 -10 2 -2 4 7 12 
5 5 24 2 1 4 8 -2 
-3 -2 -25 -5 2 -7 -16 -3 
1 -5 5 -7 -2 -3 -19 -4 
-2 -10 7 3 0 1 27 20 
-6 -9 -19 -1 -2 -1 -6 -22 
6 13 22 6 3 1 13 8 
-1 -12 -26 -6 -4 -3 -8 -9 
-4 2 2 -1 1 -1 -9 5 
1 -2 9 1 -6 -1 -2 -7 
3 -1 -1 1 -4 2 5 17 
-1 1 -1 -10 -5 -4 -14 20 
-6 -5 -21 -4 11 0 4 -33 
0 -1 -17 -7 -13 -4 6 12 
-2 5 15 8 6 2 -10 -10 
9 0 4 -4 2 2 3 21 
3 3 1 8 -3 -3 -11 7 
-12 13 10 2 3 -2 -3 -32 
4 -17 -31 -7 0 0 21 27 
-7 -2 -12 -2 -2 -5 -31 -22 
10 4 3 -5 -4 0 14 13 
10 -2 6 -1 2 -2 -4 -2 
-9 -1 6 0 -4 -3 3 -3 
2 -1 12 8 4 2 2 -7 
-11 0 4 -6 -6 -4 -13 -7 
8 -3 -21 -5 -3 -2 -5 17 
-3 -12 1 -8 0 4 7 -9 
-1 0 8 11 1 -1 5 -10 
-4 -6 -19 -6 -5 -5 -9 -4 
3 -7 12 6 -5 1 3 45 
-3 11 10 3 -2 -4 -16 -74 
-13 -9 -1 2 -1 2 22 8 
10 0 5 -9 -4 -1 -2 -8 
9 -23 -1 -1 8 -3 -3 -1 
-4 14 12 0 -2 -5 -7 17 
3 2 -4 4 -5 -3 2 -6 
-14 -15 7 -4 3 4 0 -4 
-2 6 -6 -11 -2 0 0 -4 
11 -11 -10 2 -4 -4 -9 21 
-9 -9 3 4 2 -1 0 -32 
-1 7 7 -3 -5 3 13 20 
-1 -1 -8 0 0 -7 -7 -19 
-10 -7 -13 -9 -2 -3 1 10 
4 -3 7 10 10 2 -4 8 
1 14 -3 1 -11 -4 -4 7 
-2 -2 8 2 -2 0 -2 -28 
-3 -1 -3 -9 -2 1 24 28 
-2 13 5 -4 -2 -6 -19 -47 
4 1 -1 1 3 -2 1 4 
-18 7 -40 -9 -4 -2 -6 3 
-2 -19 4 3 1 1 3 15 
7 7 4 -3 -2 0 3 -13 
-20 -7 -3 3 1 -4 -15 0 
4 16 -2 -4 -1 4 9 2 
-8 8 5 -3 -2 -3 -21 -20 
11 -9 12 -10 -4 -2 13 32 
3 -6 -1 3 -2 -1 -17 -19 
6 -6 -4 -5 -2 -5 -2 25 
-25 -11 -9 -7 -5 0 8 -43 
3 -7 -12 3 3 2 -6 11 
0 14 3 -11 -5 3 2 2 
-11 -16 -3 -3 0 -1 3 12 
27 21 -8 2 -3 -1 1 13 
-21 -2 14 3 2 -3 -10 -27 
-2 2 -17 2 1 -7 -4 3 
-3 -1 3 0 3 4 2 -3 
5 -4 11 1 0 3 20 27 
0 -1 0 2 -1 0 -3 10 
1 -3 5 -3 0 -1 -1 -8 
2 6 9 11 -2 -6 5 -5 
4 -2 -18 -22 -4 -2 -13 5 
-5 9 15 6 -3 -6 -23 -23 
5 -3 14 11 3 1 16 6 
-4 -3 -26 -7 -3 -3 -12 -4 
-4 -17 15 14 1 -5 -1 -25 
-1 -4 -18 -14 -8 -1 0 17 
21 1 0 -2 3 1 -10 20 
-17 0 -18 -5 -1 -5 -17 -51 
-3 12 25 8 4 3 -9 8 
-2 -10 -12 -19 -10 0 22 9 
-7 -10 -20 -4 0 -3 -10 -14 
11 0 8 12 4 7 -26 -6 
-3 12 16 -4 -5 -7 39 18 
1 24 3 14 -1 2 18 -2 
-8 -2 -15 -22 -5 -3 -5 14 
11 -4 8 0 0 -2 -5 -5 
-14 -4 -10 4 6 1 -24 -16 
1 6 0 8 -3 -1 15 25 
-19 -14 -9 -2 -3 -2 18 -11 
7 -9 -10 -15 -5 -10 -45 -10 
4 -4 5 -10 -3 1 29 28 
11 -24 -17 23 3 1 -12 -40 
-8 -6 -15 -8 -4 -2 10 11 
-21 -59 6 10 -6 -6 -6 -4 
2 23 -27 -12 3 3 -10 4 
-9 -8 3 -27 -3 -1 -25 -37 
-7 -7 12 11 -3 4 40 24 
3 10 13 4 -1 -9 -16 -8 
22 -23 -26 5 -2 -4 -12 3 
-9 -7 -4 -21 1 4 13 15 
2 -1 9 8 1 5 -42 -34 
2 22 13 6 0 -6 16 11 
2 -30 -19 0 -3 -9 -4 44 
1 33 22 1 6 -5 -13 -45 
-5 -8 -22 -27 -11 -4 -13 -5 
2 19 13 -13 0 7 -27 -18 
-3 -35 -2 7 0 -3 12 -14 
-6 -20 -13 13 5 0 1 24 
13 44 -11 -1 -4 -8 7 4 
6 9 44 14 3 7 19 25 
-16 24 2 -9 -8 -10 -37 -65 
-2 -24 -6 -20 3 7 23 30 
-3 -28 5 23 7 1 -2 -16 
-16 5 -39 -13 -7 -10 -4 10 
19 25 -12 8 4 8 26 19 
-35 -4 5 -20 -9 -11 -24 4 
7 7 -12 21 9 2 -7 -5 
5 18 -50 -43 -13 6 39 27 
-14 4 36 11 0 -1 -30 -32 
-2 -5 -34 13 4 -1 -10 -12 
10 -5 75 -12 -6 -2 9 28 
-4 -35 -11 1 8 4 1 6 
7 27 20 18 2 6 22 13 
20 71 26 -34 -8 1 5 -2 
-11 -46 -37 4 -1 -10 -22 -3 
-6 1 20 31 3 4 13 -18 
-2 9 8 -6 4 -1 -29 13 
-1 -52 14 27 5 1 -1 6 
4 -11 13 -13 -2 -1 13 -1 
15 26 1 -18 -1 -2 -14 29 
-10 -25 1 5 2 7 9 -76 
-16 -9 -4 23 4 0 36 28 
21 18 -15 -8 -8 -6 -27 14 
1 4 9 -2 -1 14 -8 -10 
-2 -35 -18 -14 -8 -25 6 -17 
3 -18 -13 5 -1 -5 -16 -12 
3 41 21 5 2 4 19 -9 
5 -23 -8 -13 -6 -5 0 18 
-9 18 0 3 2 6 -17 10 
8 -13 -1 -1 -4 -1 -13 -19 
2 -22 5 -8 -1 2 11 12 
-17 -1 -10 1 -2 -2 -3 -10 
1 18 -11 -6 0 4 8 10 
-10 -25 -27 -7 -6 -10 -5 -17 
0 -1 21 5 -5 3 -6 2 
-3 6 -10 -7 6 -1 -5 -18 
11 -5 -6 -10 -9 3 59 24 
8 10 20 -8 -1 -9 -43 21 
-2 9 -1 1 3 2 31 1 
-34 -35 -1 5 -6 -8 -5 -67 
-14 1 -3 -6 -2 0 -33 -16 
-2 -3 -13 -19 -8 1 -6 5 
-12 -7 -19 6 -1 -9 -11 12 
9 2 22 19 4 3 70 28 
4 -27 -14 -41 -5 -7 -20 -2 
3 9 -9 24 -8 0 12 28 
-12 -3 1 1 2 1 -15 -37 
14 4 1 7 2 -3 -14 -10 
-11 3 19 16 10 -1 -10 -13 
17 20 36 -5 -11 4 12 3 
-6 -25 -41 -41 -2 0 -26 -7 
10 -1 9 -9 -8 2 54 45 
6 16 12 10 0 -1 0 -6 
1 23 36 28 13 1 -25 6 
-10 12 -21 -16 -7 -1 43 0 
-3 -11 9 10 1 1 -33 -22 
14 -34 6 6 1 7 26 42 
8 27 -3 3 -2 -2 3 -20 
-3 3 27 -6 4 0 15 26 
9 12 10 1 3 -4 -31 -19 
-19 -1 10 10 -15 -7 21 23 
17 14 -47 -23 -2 0 -5 1 
-17 -23 -21 -24 -2 0 -47 -53 
3 11 4 27 14 1 0 -1 
15 19 -13 8 -14 -2 10 33 
-37 -40 -1 -14 0 -4 -2 -6 
6 15 6 13 -2 0 9 1 
4 27 48 16 4 -5 -96 -19 
-8 4 -4 -30 -6 -10 10 -4 
4 0 -5 19 4 4 15 3 
-12 -28 -45 4 -2 -11 -2 -7 
13 28 3 -12 -14 1 -2 22 
-24 7 -34 -2 6 5 7 -18 
3 -12 -10 -9 -4 -5 5 -2 
3 38 42 7 7 1 -11 -12 
-1 -8 -17 -2 8 3 19 -1 
-8 -55 -57 -47 -28 -11 -25 4 
-10 2 -1 -8 -8 -5 9 4 
7 -17 -3 2 -1 2 -7 2 
-5 -7 6 11 1 -3 27 12 
2 21 26 22 11 5 -11 -9 
-6 7 -6 -22 6 1 -16 -14 
-2 -27 -36 4 -19 -13 -6 -7 
3 15 65 19 -1 0 12 4 
1 -14 -64 -33 11 4 -3 20 
-5 22 -27 12 -9 -5 -7 -36 
11 14 18 -7 -7 0 13 37 
-26 -49 -21 -11 -12 -7 -51 -52 
4 46 28 11 5 5 59 -15 
17 15 6 -4 10 1 14 29 
-2 -8 -5 10 4 1 7 8 
-19 -14 -22 -10 -8 -1 -24 10 
25 6 12 5 7 8 5 19 
-39 -35 -22 -6 -3 -8 29 -31 
7 55 57 20 6 -5 -4 -30 
10 -29 -31 -30 -9 -6 7 26 
-1 -22 -22 19 6 1 -11 6 
9 8 43 2 -4 8 -9 7 
-7 4 16 9 -5 4 1 16 
-5 -16 -38 -7 3 -7 6 -10 
-5 5 -4 0 -1 -9 -73 -25 
17 29 28 2 -6 2 52 36 
-8 -25 1 6 10 2 -12 -29 
1 14 -58 -7 -4 6 27 33 
-15 -10 11 -8 -10 -5 -35 -32 
5 4 16 11 6 4 -45 -2 
5 1 -10 -7 -6 -10 43 54 
-8 -14 -19 1 8 6 11 -61 
-3 8 30 8 -18 -8 -1 8 
27 24 12 -35 0 3 9 59 
-38 -8 -101 -15 -5 -2 -4 -36 
0 7 36 10 5 -6 -8 -9 
6 4 42 24 9 0 3 4 
-2 -38 -80 -9 -19 -9 -1 -5 
17 40 35 8 10 6 -17 7 
5 17 4 -15 -16 -7 17 37 
-1 -2 7 6 13 3 -15 -25 
-5 -37 4 -1 8 8 31 -3 
11 56 75 21 9 1 -22 -15 
4 1 4 -15 1 4 17 7 
-10 -75 -27 -1 -10 -3 5 17 
3 5 46 41 -6 -4 -25 -4 
-19 -40 -40 -24 -2 -2 0 -21 
4 6 30 12 13 3 24 27 
14 42 3 -10 9 11 -1 40 
-27 -32 -15 -24 -7 -15 -50 -100 
-17 -28 -27 3 -7 4 -18 -29 
-7 -4 0 -7 1 3 -1 4 
-23 -11 -9 8 1 -7 6 -23 
-11 -13 -22 20 -1 -5 -4 16 
46 59 53 -20 -2 4 16 26 
6 -13 -12 22 -3 -5 -17 -9 
-14 6 7 -11 0 6 15 1 
14 70 -5 2 2 13 45 13 
-2 -18 -4 -6 0 -13 -59 -21 
-15 2 -21 -29 -14 -6 62 35 
34 12 -6 14 -1 -5 7 -31 
-19 -44 -14 1 3 1 -18 -2 
12 11 10 -1 4 11 32 29 
-2 7 4 -17 -5 -3 -18 -20 
0 -8 10 12 -5 -6 -29 -43 
5 -4 -12 -2 3 -1 18 47 
-5 -13 -3 23 7 1 3 -10 
10 -9 -12 -15 -22 -3 -20 2 
-6 -11 -3 -11 9 -1 0 5 
1 4 -13 6 -16 -8 -28 -5 
-4 3 -3 -1 13 4 2 11 
3 7 6 0 -5 0 20 13 
-9 -20 -25 3 3 3 -17 -12 
-3 9 4 -21 -5 -8 3 -26 
6 -30 18 14 8 3 -1 -1 
-27 -24 -48 -21 -23 -22 -24 -47 
15 49 25 8 -3 0 7 17 
-5 -27 25 10 10 14 9 35 
23 -26 -39 -4 -5 -2 -3 -12 
8 -2 15 34 10 0 -17 -14 
-1 2 -5 -23 -15 -2 12 27 
11 1 -5 -3 -3 -9 -15 -12 
-7 21 10 -2 -2 -9 -1 4 
2 23 16 12 -1 5 7 -2 
-8 -19 -23 1 -1 -2 -9 4 
9 12 4 0 6 2 3 -19 
-31 -18 1 -1 -8 -4 8 -12 
12 8 6 3 10 0 -9 13 
-18 5 14 -16 -5 -2 2 -35 
6 7 -42 9 5 2 -2 12 
-1 8 -6 -9 -11 -9 -3 22 
-1 13 -12 0 3 4 0 -5 
7 -18 -14 -7 -4 -1 -12 -31 
8 9 22 22 9 2 8 18 
12 -22 -9 -9 -13 -3 -11 2 
-21 -12 -3 -6 1 0 6 20 
-14 18 7 1 -3 -3 -7 -64 
-9 -15 -10 -13 -8 -6 -4 -9 
21 14 -4 -1 4 6 0 30 
-27 -19 -15 -2 4 2 -9 -17 
13 11 39 -1 -3 -1 7 28 
-24 -8 -4 -18 -10 -12 -19 -25 
2 -7 -10 -8 -2 1 11 -6 
-10 -1 2 6 4 4 5 -14 
12 16 -24 5 9 -9 0 39 
4 -4 0 -14 -21 2 -6 12 
-9 -22 -15 3 0 2 11 9 
-1 -5 -7 -18 -2 -7 -10 -7 
3 -4 -3 15 -1 -2 1 7 
4 -3 14 -10 10 -2 -6 -20 
-12 -31 -15 -6 -7 -2 -3 -10 
17 24 11 5 2 3 8 34 
-17 7 -14 -6 -3 0 -7 -34 
-4 -18 -4 -1 4 1 1 -1 
-7 10 10 -1 -2 1 3 0 
-2 7 24 6 3 -3 -7 -19 
8 -5 5 6 -1 2 4 21 
1 19 -18 0 0 0 0 9 
2 9 17 11 1 -2 -1 -9 
-18 -41 -14 -11 -2 -1 -9 0 
18 -26 13 -1 -4 -4 -7 32 
-1 3 6 2 -1 -3 3 -46 
-13 -11 7 2 0 -3 2 21 
28 -2 4 4 12 4 1 -23 
-35 -20 -19 -2 -11 3 -4 4 
3 0 25 -4 -3 -3 3 51 
14 1 -10 2 -1 -3 -11 -30 
6 -13 9 -5 -1 -2 -2 7 
-12 8 2 -5 0 0 7 -7 
5 6 -11 -2 -5 -4 -2 4 
3 -13 -31 -7 -3 -2 0 -5 
-9 15 17 -1 -4 0 7 22 
4 4 0 2 6 1 0 -6 
-8 2 9 4 -4 0 -5 -19 
10 -4 20 0 -3 -4 0 22 
-11 -1 -17 -1 5 -2 -10 -59 
13 -3 7 -5 -11 0 4 23 
-7 -9 -7 0 5 0 -9 -8 
3 29 22 10 2 0 2 39 
-16 -7 -23 -6 -9 -2 -3 -43 
-30 -15 -13 -16 0 -4 -9 -20 
-5 -16 -26 1 -1 0 1 2 
-3 -3 4 2 6 0 7 9 
-1 6 15 3 -10 -4 -1 -5 
34 4 6 -1 1 2 4 25 
-4 -9 -1 2 -1 -3 -4 -1 
-30 -5 -9 -13 -2 -6 -12 -58 
20 -4 -6 1 2 1 9 40 
-14 16 0 14 4 3 5 -14 
6 -9 13 -4 -3 -2 4 33 
-18 -3 5 -4 -3 -3 -10 -18 
22 -4 -20 -8 -3 -6 1 8 
4 3 0 -3 -3 -1 5 15 
8 9 11 10 7 3 -2 -3 
-10 -1 -6 12 6 3 1 15 
-10 -7 -11 -31 -17 -5 -6 -33 
6 -9 -12 -4 -1 -3 -1 25 
-2 -3 5 -4 -1 0 5 6 
0 -5 -8 1 1 -1 -9 -27 
9 27 17 14 1 0 -2 22 
1 -20 -30 -8 -1 -2 1 9 
2 -3 22 1 5 0 5 -6 
-12 10 -17 -17 -16 -2 -6 -29 
0 -13 -8 6 2 -2 -7 7 
20 5 5 0 -3 -4 -2 -2 
-3 4 -11 -8 -3 0 -2 -16 
15 9 11 20 9 3 -1 33 
-2 3 1 -8 -2 -2 3 -3 
-9 2 4 8 0 -2 -10 -7 
12 6 -1 -10 -6 -5 2 38 
-9 12 -2 -3 -1 -1 -6 -85 
-11 9 14 6 1 4 4 8 
0 -14 -19 -16 -2 -7 -4 2 
-10 8 -8 1 -3 2 16 -4 
-14 -23 -18 -18 -13 -7 -11 7 
-1 -8 5 5 -2 -3 -6 1 
-2 11 17 6 4 1 4 -10 
-5 -10 -13 -1 -2 -2 -9 -13 
6 23 0 -1 -1 0 6 17 
5 -7 2 3 2 -4 2 1 
-24 -10 1 6 6 -1 -11 -13 
-4 0 -7 -3 -12 -5 -7 -21 
15 16 11 0 3 3 10 30 
-11 8 -13 -7 0 -1 -1 -22 
-3 -2 10 -1 -1 0 -1 -16 
-4 -1 1 7 7 0 -8 -3 
9 9 15 -5 -2 2 8 20 
0 9 1 2 -3 1 -3 -10 
-9 -7 -16 -5 -3 -3 -7 -14 
-4 -6 -8 -6 -1 -2 -4 -11 
0 -10 -4 2 -2 -3 -1 8 
5 -5 -4 -4 0 2 7 18 
1 11 9 5 0 2 2 -11 
-1 -2 1 -5 -2 -2 -4 6 
-5 -20 -10 3 3 -1 3 -6 
1 0 4 5 1 0 -2 7 
0 -2 -2 -5 -5 1 -1 1 
-6 -2 5 2 0 0 2 6 
-1 -7 -8 -1 3 0 0 -10 
0 -2 0 2 -8 -3 -3 -4 
4 27 33 0 2 3 4 10 
-5 -11 -38 -6 -2 -1 1 4 
-7 4 4 -3 -6 -7 -9 -42 
0 -17 -9 1 5 -1 -3 12 
1 -3 -3 2 1 2 1 -5 
1 8 13 3 1 -1 1 8 
-2 -11 4 -4 -3 -2 3 13 
-3 -1 -6 -2 1 0 1 -2 
-1 -4 -11 -3 -3 -3 -1 -15 
-1 -1 5 -3 -4 -3 -13 -10 
0 -13 -9 1 1 3 6 9 
-6 -19 13 -8 -6 -2 -9 -2 
-1 -7 -10 -1 -4 -6 0 13 
-1 6 1 3 2 3 1 -9 
-3 -8 1 0 0 -3 -4 0 
1 7 -1 2 5 -3 1 6 
0 -3 -9 -12 -11 -2 -3 -1 
-3 -6 1 0 1 -2 -1 -7 
1 -4 6 -1 -5 -1 -1 6 
0 13 -8 1 1 -1 2 2 
0 -11 -3 3 1 0 -1 24 
-5 10 -16 2 1 3 0 -48 
-1 -10 33 -4 -2 -4 -4 8 
1 2 -7 1 1 -3 -7 -8 
-1 -5 -6 -5 -10 -2 3 0 
1 3 10 -6 -8 -6 0 15 
2 3 -13 1 0 0 -1 2 
-5 -4 7 -1 -1 0 0 -6 
-1 7 -17 1 3 0 5 -4 
0 -6 4 1 6 -1 -14 3 
-3 -5 -9 -3 -5 -3 -1 0 
8 4 9 2 0 2 11 20 
-15 2 4 1 0 -4 -17 -62 
3 13 11 -3 -4 -1 4 3 
0 4 -2 0 3 5 3 12 
3 2 -5 -1 0 2 -4 4 
-1 -3 8 -2 3 1 1 -3 
-3 -19 -15 -7 -6 -5 -2 -1 
6 0 3 -1 -1 -5 -2 -3 
-13 -17 -15 -6 -3 2 4 3 
5 4 12 8 10 4 6 4 
-8 -12 -1 1 -4 -2 -7 -1 
-2 1 -11 -16 -4 1 -1 3 
2 -28 -1 0 0 -1 -4 -6 
3 11 15 -1 1 0 1 8 
-1 -2 10 3 3 1 2 5 
0 -2 -18 0 -4 -6 -4 -6 
-6 6 -11 -7 -3 -1 -1 -2 
-1 -15 -12 -6 -3 -3 -7 11 
-2 -2 -3 -4 -2 -1 0 -25 
-6 -2 -6 -2 -3 -1 -4 4 
-2 4 3 -3 0 -3 4 3 
-2 1 5 3 -3 -2 -1 -11 
2 -2 -2 0 0 1 -5 -6 
0 1 -4 1 -3 -4 -4 -9 
2 2 12 9 5 4 0 14 
-6 -27 -25 -11 -6 -3 4 13 
-2 -8 -3 -6 -6 -5 -4 3 
0 -2 -3 4 6 0 -4 -12 
4 5 2 -4 -8 -2 -7 1 
9 23 10 5 2 1 2 5 
-22 -17 -2 -3 -3 -1 3 2 
1 -4 -15 0 2 4 4 8 
8 23 15 10 3 2 6 20 
2 -5 5 -4 -1 -4 -9 1 
2 -1 -1 -6 -4 -2 0 -24 
2 1 -5 -1 0 1 8 7 
-9 -10 -22 -7 -4 -5 -10 -23 
3 9 5 2 -1 0 2 16 
4 9 1 2 2 0 0 9 
-4 -1 6 -1 -3 -3 2 -10 
3 7 -3 -5 -3 -2 -1 0 
-5 -2 4 8 4 -2 -2 -2 
12 1 -6 -1 4 4 10 43 
-7 -8 4 -13 -8 -3 -6 -39 
-20 -1 -22 -16 -8 -6 -12 -11 
-7 -27 -11 -3 -5 0 -4 -7 
0 2 0 -2 -4 -3 -1 -1 
5 9 11 6 5 0 1 20 
6 -12 9 4 2 0 1 1 
-2 7 -1 -2 0 3 5 -13 
6 12 -15 5 3 2 -7 18 
9 4 16 -1 -4 -2 1 9 
-30 -12 2 -2 -6 -5 -5 -41 
5 1 -21 -12 -4 -4 -2 7 
-3 0 3 1 -2 -2 1 -8 
2 8 -2 1 -3 -1 -4 6 
1 -5 5 2 0 -1 -1 -2 
4 3 7 3 2 3 4 21 
-10 11 9 -2 1 -4 -8 -40 
0 -5 0 -4 -6 -1 -2 25 
-6 -6 -15 -5 -2 -5 -4 -41 
0 7 6 1 -2 -1 1 20 
1 -5 -9 -3 -4 -5 -5 -24 
-8 -2 6 6 1 0 -2 -12 
14 8 -7 2 5 3 6 15 
-21 -6 -7 -7 -6 -4 -5 -9 
-1 -2 6 0 0 0 1 7 
-5 -3 -10 1 4 -3 -4 -4 
8 6 1 2 -5 4 7 14 
1 5 2 -1 5 -1 -11 -4 
-3 -12 -11 -9 -12 -1 3 9 
-2 1 11 1 2 -1 -5 -7 
-19 -26 -4 -5 -4 -6 -4 4 
0 -3 -2 3 1 -2 2 -13 
2 6 12 0 -2 -2 2 10 
5 0 -12 1 -1 -1 2 1 
5 3 8 1 2 0 -1 1 
0 0 -3 1 -1 1 1 0 
-1 -2 3 -3 -1 -5 -7 4 
-4 -8 -6 -1 -2 3 2 -4 
4 10 11 -3 -2 -2 -2 9 
-4 -6 -23 -3 -3 -1 -2 -13 
3 -4 -3 -1 -1 1 1 5 
-4 0 0 -4 -1 0 -3 -8 
2 2 6 0 0 -2 0 1 
2 -2 -1 -1 1 -1 -1 -4 
-5 1 -12 -5 -4 -4 -3 -3 
-2 -4 -2 -4 -1 -1 1 2 
4 16 -8 0 1 0 -3 16 
0 -1 19 4 -2 -2 -1 -24 
-2 -21 -8 1 0 -1 -1 2 
2 7 15 1 0 1 8 -1 
1 10 -13 -6 -5 -4 -10 -2 
0 -13 -20 -2 1 2 3 16 
-5 -2 9 -4 -1 -1 -3 -28 
-4 -13 -6 4 3 0 -2 -5 
0 -10 9 -1 -4 -2 -2 9 
1 6 -1 -4 -3 -1 2 -14 
4 11 10 9 6 0 -7 7 
-3 3 -20 -10 -12 -6 -3 -2 
2 0 8 3 6 3 2 -7 
