#EMG
#6
#ID:6-71
-7 0 -2 36 0 -1 16 22 
-19 7 41 2 -4 -4 -25 -17 
19 -3 -16 -19 -5 -4 -2 13 
9 -12 4 6 2 -1 -4 -25 
-2 -10 -10 4 -2 0 4 -8 
-6 -2 -2 -17 -3 0 -1 19 
-19 -7 13 22 4 3 6 9 
11 2 -12 15 -3 -7 -10 -37 
-16 3 -3 -34 -4 -2 -5 17 
-5 -5 2 19 -1 -1 7 -19 
-8 11 1 -8 -4 -4 -8 1 
-21 3 6 -13 4 6 10 7 
47 7 -4 8 0 -1 -5 13 
-18 -5 -17 0 -1 -4 -12 -10 
-34 -4 18 24 1 2 3 -4 
20 -1 5 -28 -7 -6 14 47 
-2 6 -5 -24 -1 1 5 -4 
29 -1 -3 8 -1 -5 -4 -59 
8 -9 -11 -20 -2 1 -10 -7 
-28 -7 14 18 2 -1 -14 -20 
-19 12 -8 -3 0 3 5 6 
22 -18 -10 -7 -2 0 9 39 
-18 -6 6 37 -2 -7 -8 -27 
10 0 4 -15 1 0 2 6 
1 7 5 -4 1 2 -12 -9 
-7 0 -19 -14 -5 -7 2 26 
11 -8 -1 8 0 0 -13 -2 
-6 2 5 11 -2 2 13 46 
-14 -18 -1 -19 -8 -6 3 -79 
29 29 4 3 3 -1 -12 20 
11 -9 -17 -15 1 1 5 8 
-9 -4 3 -10 -6 -5 -9 -26 
9 7 7 -11 2 4 1 37 
11 -5 9 28 0 1 9 -3 
0 0 -13 -10 -3 1 7 -6 
21 6 2 -1 -1 -2 -16 18 
-25 -8 -13 -10 -1 -4 -12 -38 
-23 16 1 -20 0 2 14 9 
2 -19 -16 9 -3 -2 -3 17 
-2 7 25 34 6 5 -5 -48 
-4 -13 -40 -40 -7 -8 8 39 
-4 -8 -13 -6 1 1 -1 5 
-7 16 14 -4 1 3 3 -32 
17 3 -4 -3 -6 -2 -7 29 
6 -1 22 15 4 1 -8 6 
-30 5 -2 3 4 4 14 -6 
8 0 5 -4 -6 -10 -24 11 
15 -4 -8 5 1 2 6 7 
-22 1 -3 -4 -2 -1 -4 9 
-1 -5 -14 -6 -3 -2 -7 -16 
-4 2 7 -3 4 3 -1 -29 
9 -9 -16 -16 -7 -9 14 32 
-7 -6 5 15 -2 -2 -13 -8 
-18 12 16 11 4 5 3 17 
-16 -16 -13 -10 -3 -3 -3 -49 
20 0 -1 -33 -6 -3 -7 4 
25 -3 -5 -12 -3 -4 6 25 
-5 -10 2 29 -9 -6 -16 -19 
-20 12 13 1 6 7 23 26 
6 -5 -11 -2 -9 -7 -18 7 
-4 -1 3 18 0 -1 4 -23 
-5 -8 -9 -31 1 6 7 -11 
-9 -12 1 12 -6 -11 -15 10 
-8 17 0 0 5 2 4 -5 
1 0 13 9 3 3 -4 -7 
1 -13 -44 -7 -4 -5 1 4 
0 9 21 -7 -4 3 11 7 
-16 -2 0 -4 0 -1 -1 -23 
5 12 3 -8 0 0 -2 20 
18 -20 33 41 1 -2 -3 -32 
17 3 -17 -47 -5 -3 -2 22 
-22 -9 -16 6 -1 -5 -21 -24 
0 12 18 16 2 1 7 17 
10 3 8 -25 -2 -1 -17 15 
10 -2 -2 18 0 2 35 11 
19 -2 8 8 5 3 5 -4 
-14 -8 -9 16 -3 -2 -11 -3 
-7 1 4 -4 -3 -2 -4 -3 
4 3 11 7 3 1 -1 -1 
-18 0 -15 -20 -2 -3 -6 -21 
16 -15 -27 -6 -4 -5 8 20 
-21 0 3 -25 0 0 -8 -17 
20 -20 -11 15 -5 -5 -9 26 
0 -12 7 17 -4 0 5 -20 
-3 4 12 -17 -4 -4 -6 0 
1 3 -14 -8 -6 -3 5 -10 
-6 3 4 9 3 2 -4 11 
-12 -2 -23 -12 -6 -2 4 4 
0 4 15 19 2 0 6 9 
0 -7 2 2 3 0 -4 -3 
-4 3 -4 -9 -4 -2 -15 -16 
-31 -12 -3 -3 3 3 -6 -8 
13 1 -6 -21 -2 3 9 4 
-15 -1 4 8 0 -3 9 7 
27 3 7 10 -3 -5 -25 20 
23 2 11 7 -2 -1 -12 -18 
-10 1 1 -9 -5 -2 22 -5 
6 -3 -13 3 5 6 5 4 
19 -8 -10 -16 -7 -4 13 10 
-27 16 4 5 2 -2 -12 -10 
21 -9 21 26 4 -1 -3 -16 
-11 -7 -29 -16 -6 -4 -7 -2 
-8 19 -7 -36 3 9 33 17 
12 9 34 42 0 -8 -19 -19 
4 6 -19 -14 -2 1 1 0 
7 -3 3 0 3 3 13 25 
-64 -24 -18 6 1 -5 -21 -30 
16 -5 6 11 1 3 3 4 
10 15 -13 -27 -3 -4 -12 -23 
-36 -14 31 1 -4 -5 1 9 
-10 17 -8 -24 2 2 -31 -54 
6 -29 13 30 -3 -2 65 75 
-22 -10 -8 18 -1 -1 5 -39 
55 5 1 5 4 -2 1 58 
19 16 -5 -20 -3 -3 -13 -15 
-68 -32 -10 11 -1 1 -15 -4 
12 -26 -10 -2 -4 -4 -2 -16 
-42 12 -9 -9 -7 -4 -13 -31 
29 36 9 24 2 -1 10 23 
34 1 -3 -9 2 -3 2 23 
-23 0 -12 -13 -13 -4 -2 21 
22 8 -3 23 -3 -8 -22 -33 
-2 -38 -27 -15 -1 5 11 -13 
-17 6 6 -20 0 -5 5 18 
-8 14 -8 -19 0 -1 -27 -4 
40 24 5 -17 -7 -6 -1 -6 
-15 -10 29 32 1 2 1 -9 
-53 3 -58 -38 -6 0 28 -29 
-59 -16 16 15 2 2 -7 -7 
20 8 13 5 -4 -8 -8 26 
-16 -11 -2 -13 -4 -5 0 -45 
13 -2 6 6 -4 1 -19 -1 
13 5 -23 2 4 -2 -2 8 
-24 34 17 14 0 5 11 8 
4 10 -17 -2 4 -2 -17 -3 
-9 -7 9 -6 2 3 3 -8 
20 -1 10 -8 -2 6 21 -4 
-23 20 -12 -44 -6 -8 -29 17 
5 -28 -16 16 -2 -2 25 -25 
57 1 9 -5 -4 -6 0 36 
22 15 14 7 8 5 -15 36 
-49 -47 -32 3 -4 -2 2 -42 
23 23 63 8 -1 -1 -1 29 
-29 -3 -80 -29 -7 -6 3 -32 
51 -13 -5 -2 0 1 -9 18 
-11 -5 -1 7 5 5 -2 -6 
11 -2 -11 -1 -6 -7 -8 10 
0 7 25 11 4 4 8 -11 
9 -10 -8 -20 -9 -5 -1 1 
-47 -7 -5 2 1 1 -15 -30 
-23 7 9 7 6 5 10 14 
17 -4 -7 -10 -1 -5 -27 -16 
-16 -16 -10 11 -5 -7 -5 7 
23 2 26 -3 3 2 13 -24 
-21 8 -15 31 -2 -4 -47 -31 
22 -2 14 -15 -4 4 38 59 
-21 19 18 6 4 -1 4 21 
15 -20 -18 -62 0 6 21 -32 
15 -19 5 38 -8 -12 -10 17 
19 24 15 8 4 7 -19 -22 
-22 17 59 10 15 9 5 9 
4 -27 -40 -24 -11 -4 17 28 
-27 -5 -22 -28 -1 1 0 -11 
-27 -67 -19 2 -3 0 -6 -25 
26 12 77 44 -5 -12 -2 17 
-2 18 -33 -27 1 0 -9 1 
-3 -14 -9 7 -5 -1 22 14 
12 24 25 5 2 2 -1 -18 
-12 -29 -92 -19 0 0 -10 -7 
22 10 70 34 8 6 -5 -36 
-12 -20 -55 -61 -18 -10 0 29 
11 14 23 -7 2 -3 -14 27 
5 3 -8 45 4 0 0 -23 
1 11 -26 -4 -15 -5 0 42 
-2 41 30 3 15 7 7 -52 
24 10 39 -33 5 1 -5 36 
-22 -9 -71 21 -18 -8 -9 -25 
9 -18 22 22 6 -2 11 22 
-3 -22 9 -25 -13 -1 -25 -5 
-19 -5 -32 -2 0 -5 2 -15 
20 -13 25 0 10 6 -24 -8 
-32 -23 5 9 4 3 19 -8 
17 -14 0 22 -17 -8 9 36 
-44 -13 -29 -39 8 8 -3 -59 
12 5 12 -25 -4 -3 3 26 
-17 19 0 17 -6 -8 -22 -15 
-16 -4 0 10 12 8 22 37 
48 13 16 10 -7 -4 -20 35 
-33 0 -23 -3 -2 -10 6 -80 
-54 7 -2 -30 -7 -1 6 -4 
-86 -13 -19 -13 1 -3 -39 -92 
109 -6 -6 -8 -3 5 42 81 
-56 -7 -4 36 1 5 29 -7 
25 -10 17 25 -11 -1 66 27 
-66 6 7 13 12 -7 -60 -109 
-15 -24 -16 11 -6 11 70 44 
13 10 -7 -41 2 -21 -84 -27 
24 8 -3 -11 -7 -1 21 52 
93 9 12 -15 -5 1 2 -1 
-55 17 24 18 -3 -12 -82 -41 
35 -2 -8 -24 -8 2 71 60 
14 -11 -8 26 7 3 -28 -12 
32 11 7 -5 -5 -7 10 76 
-31 10 14 11 1 -2 -26 -66 
2 0 24 17 3 9 -5 0 
6 -5 -27 -18 -8 -13 -34 -14 
5 -9 -3 -4 0 3 33 25 
-9 14 -20 19 3 2 3 -11 
-12 5 45 -12 -2 2 9 13 
6 -41 -7 1 11 11 -6 -44 
8 -2 -22 10 0 -3 12 22 
-10 -9 2 -10 -13 -12 -12 0 
2 -3 -14 -13 -3 -5 -10 -33 
18 28 43 -6 11 6 -14 7 
-4 25 -18 9 -11 -3 -1 -4 
-12 -10 28 0 0 3 -7 -29 
6 -3 -44 -7 -8 0 17 25 
4 4 -25 -33 -9 -3 0 9 
4 20 13 13 16 7 1 7 
-22 16 12 -2 -10 -3 9 3 
8 -46 -40 -35 -1 -1 -13 -27 
12 -14 -23 11 -1 -2 -6 -22 
18 12 19 -16 -2 2 7 52 
-50 3 9 36 12 3 -2 -39 
1 16 -10 13 3 3 18 21 
27 1 13 21 6 -1 -3 -15 
8 -45 -27 -81 -11 -4 15 15 
-64 4 20 20 -2 -3 -8 -16 
35 14 -34 -14 -2 3 -15 32 
-8 -14 4 8 -2 -5 4 1 
5 29 18 7 13 6 -8 13 
21 -10 -14 -16 -6 -7 10 -36 
-12 6 15 -17 -13 -12 -4 -1 
-57 2 8 10 9 2 -24 -9 
16 -22 11 59 -1 -1 0 -22 
59 18 -37 -46 -11 -8 -1 59 
-10 -23 35 9 -1 3 5 4 
11 13 9 15 8 3 2 -18 
-40 -15 -8 -12 -5 -2 -2 -7 
-12 -16 -48 -3 -4 -4 2 13 
10 4 28 -11 3 -1 -5 -6 
-14 21 29 19 -1 0 3 -5 
7 -13 14 -8 -3 -1 -6 6 
11 1 -22 8 3 3 -4 -12 
20 3 13 10 4 -1 -8 0 
-27 -19 -8 -3 -5 -5 -7 36 
29 25 22 -1 -1 -2 5 -27 
1 -22 -13 0 7 5 -8 -25 
-65 -3 29 -1 -10 -5 -15 -8 
32 -16 -55 -9 -6 -7 14 21 
-2 1 -17 -3 0 -2 -9 4 
6 -26 19 -8 -5 -5 -5 3 
-34 -1 -11 -3 -1 -2 -2 -29 
43 -6 -28 -3 -6 -7 -12 14 
-27 6 36 9 1 1 1 -19 
4 8 -29 2 -1 1 2 27 
-3 -6 -2 10 4 2 7 -14 
-8 14 14 -10 -2 0 -10 -39 
77 7 1 6 2 1 12 25 
-19 -15 -4 -6 -12 -11 -29 -10 
17 8 -27 2 -3 3 29 33 
-8 0 16 11 3 2 -6 9 
19 -1 -12 3 0 0 6 -11 
-49 2 15 -18 -2 -3 5 15 
56 -9 11 5 -2 -5 -19 -14 
-24 19 10 15 1 4 5 -4 
-2 -10 -16 -22 -4 -5 -9 10 
18 15 3 5 1 4 8 7 
-22 -5 -16 -2 1 -1 -5 2 
-19 9 0 -30 -4 0 -1 -28 
6 -2 9 6 -2 -3 0 -5 
2 -2 -6 7 -7 -5 -4 -24 
7 -6 -8 -4 3 2 0 10 
10 -4 9 3 0 0 -7 -1 
-18 -7 -25 4 -3 1 8 -4 
-20 -14 -6 -5 3 -4 0 -9 
37 -8 9 -9 -1 1 -1 9 
64 13 -3 23 -6 -6 1 36 
-74 -38 -45 -19 -3 -10 -50 -18 
88 17 50 13 4 10 62 44 
-32 12 -4 18 -1 -2 -9 -32 
-7 2 8 -10 4 1 2 7 
7 9 -7 -8 -5 -2 3 5 
-15 -21 -31 18 5 0 -19 -8 
18 -21 9 -25 -7 -5 -1 34 
-39 11 -5 -9 0 3 4 -42 
5 4 9 13 -3 -1 1 5 
-14 16 10 11 4 1 -1 -2 
14 16 -1 -3 2 0 4 -3 
-34 -34 -29 6 -3 -4 -10 17 
19 0 24 9 2 2 14 24 
30 -7 -33 -13 -7 -11 -20 -20 
-13 11 -2 -6 -1 2 -5 -24 
24 -7 6 0 -4 -4 4 22 
-43 0 -5 0 2 3 19 -13 
46 -3 -10 -13 -5 -5 -12 61 
1 51 1 3 3 3 9 -6 
-23 5 20 -1 1 -5 -12 -24 
-11 -41 -13 -5 -8 -8 1 -29 
-3 8 20 17 7 4 -18 2 
-5 2 -15 0 -1 1 11 11 
29 6 12 -1 -2 2 5 34 
-35 8 24 -4 2 -2 0 -15 
-17 -1 -19 -16 -4 0 -4 -27 
-16 -11 20 10 -1 -5 -18 -8 
-1 1 -11 -4 -1 -1 8 11 
3 6 6 -3 1 1 -7 -19 
8 -10 -19 -3 -2 -2 5 8 
-14 -16 -7 -1 0 -1 0 -11 
37 1 5 -6 -2 -2 2 30 
6 4 -19 -7 -3 1 -2 1 
-25 0 1 -3 -4 -2 4 -31 
12 0 8 6 3 0 4 29 
-21 -11 -8 2 0 -1 -10 -21 
-12 -9 11 7 1 -2 -4 -11 
-13 -4 8 -1 1 0 4 6 
-11 8 11 -11 3 1 -6 -24 
8 -5 -18 4 -5 -8 -4 9 
38 6 4 1 1 4 7 13 
-26 -8 0 -2 -3 -3 -3 -4 
-11 -3 1 -12 -5 -4 -5 -7 
-8 12 10 7 3 4 4 -9 
10 -20 -16 -6 -3 -2 -1 14 
-21 23 15 12 6 1 -3 -17 
27 1 -12 -9 -7 -4 -2 -5 
-27 -5 22 -9 -3 0 -3 -26 
-10 30 -6 8 -3 -6 -7 -5 
7 -2 -12 -5 0 0 -2 5 
-23 -6 3 13 2 2 -3 13 
9 9 1 -15 1 1 13 -11 
-1 -3 2 -2 -3 -3 -7 0 
-11 1 20 5 3 4 7 -16 
3 -9 -40 -6 -6 -6 2 31 
-1 -17 -17 -8 -4 -3 -14 -22 
-5 -5 11 3 -2 -2 -3 12 
-15 24 9 -4 2 1 4 3 
70 2 1 -3 1 4 -5 2 
-97 -9 -14 6 1 -3 -5 -33 
34 -6 1 -13 -9 -6 -1 -15 
-8 -24 -14 4 -4 -3 -4 7 
-7 6 13 -5 0 -1 6 -7 
19 -4 -7 -5 -5 -6 -4 11 
-1 2 -10 5 5 3 7 19 
5 1 28 -1 -1 0 -6 -12 
-14 -3 15 5 1 2 -4 -13 
23 -1 -35 -6 -3 -1 4 19 
-64 -26 12 9 -3 -2 -10 -43 
36 -9 -40 -31 -5 -4 -4 5 
-36 24 18 9 1 -2 -9 -16 
31 2 -4 -2 -1 1 13 9 
-6 5 -17 -8 0 -3 -2 12 
-6 9 22 14 4 3 1 -2 
-6 3 -7 -11 3 0 -4 -35 
-1 -3 -3 12 -5 0 -4 -9 
1 0 5 -9 -6 -6 -6 26 
-34 -11 0 -10 -11 -9 0 -10 
-11 -11 -6 3 -2 -2 -4 -10 
7 -4 6 -13 -1 -1 -4 0 
0 -3 -6 -3 3 2 5 5 
24 9 25 21 3 4 1 8 
-4 -2 -7 -4 -2 1 4 29 
-20 -16 -33 -11 -2 0 -4 0 
52 5 22 3 -5 -6 -8 -28 
2 0 -14 -12 -5 -4 -17 -16 
-8 14 9 7 1 -3 23 -3 
9 -16 1 -7 -3 -2 -5 18 
-4 -2 -27 -1 3 0 2 17 
7 -2 11 2 -3 -1 2 16 
-8 -3 -16 -6 -4 -1 -9 -13 
12 21 23 9 0 -2 -7 -23 
-39 -14 -7 -19 3 4 7 6 
19 12 -4 -6 -2 -3 -9 -8 
-25 1 19 25 1 0 -1 17 
28 -13 -30 -15 -8 -7 0 27 
-8 -1 33 14 2 1 -4 -51 
4 -6 -18 -8 1 0 7 -2 
13 -14 -14 -12 -6 -6 -11 7 
-3 11 17 12 6 5 5 4 
-19 1 -3 -5 0 -2 -2 -7 
-12 1 -5 7 3 0 6 20 
14 0 -1 9 -2 1 3 -27 
-3 -10 -8 -19 -4 -5 -8 -21 
19 -10 -40 -18 -9 -3 4 32 
-2 11 5 -3 -2 -1 -2 1 
-7 -33 -3 1 -3 -3 -4 -2 
-7 25 41 11 5 3 0 -4 
30 14 18 11 4 5 -1 22 
-38 -31 -12 -1 0 -1 5 -29 
2 -4 -23 -14 -5 -3 -6 -9 
8 -4 -5 -12 1 1 2 16 
-18 -1 0 0 -1 0 0 -2 
-19 -3 9 10 -4 -2 -1 -27 
10 7 8 7 4 -2 -3 34 
-32 -15 -23 -7 -4 -6 -4 -45 
48 8 16 0 -6 -5 -3 31 
16 15 -28 -12 -3 -2 1 3 
-14 2 0 -1 0 0 -1 -6 
-16 6 13 11 1 -1 0 -3 
-10 2 -5 4 4 -2 -4 -20 
-9 -17 -8 -7 -11 -7 -7 -27 
7 -9 -16 0 -2 -2 -1 7 
-20 7 -1 3 0 -1 3 7 
-3 -4 -6 -1 -1 1 -5 -7 
15 -1 8 10 3 1 0 12 
-6 1 17 -6 0 3 4 0 
19 -8 4 6 1 -3 -4 9 
-5 -5 -53 -14 -6 -3 5 -10 
-17 -15 25 8 -3 -5 -2 1 
-2 -18 -16 -9 0 1 1 -23 
11 3 13 7 2 -2 -3 15 
-7 5 17 10 1 -1 -2 11 
-3 -1 -11 -7 -2 0 11 7 
21 19 20 5 3 1 -3 37 
-32 -18 -29 -14 -8 -3 -11 -63 
-8 -7 2 3 -2 -2 8 3 
-12 4 -8 -5 0 -1 -7 -6 
16 2 2 -12 -2 -1 0 6 
17 7 14 27 3 1 2 24 
-10 0 -1 -11 0 -2 -1 -1 
35 9 6 2 3 2 1 14 
-54 2 26 -2 -3 -5 1 -10 
29 15 -20 -2 2 4 4 4 
-2 -7 2 -1 -1 -1 -4 -6 
8 6 17 4 1 1 1 9 
-5 3 -6 2 -4 -3 -4 -4 
-8 -13 1 1 2 3 2 -6 
14 -14 -19 -6 -7 -6 -3 3 
-39 -1 13 -3 -1 -1 -3 29 
5 0 -37 -12 -1 1 1 -15 
-22 -10 13 -1 -1 0 -1 -22 
-3 3 -10 1 1 0 2 18 
12 4 17 4 1 1 -4 -25 
2 -34 -12 -4 -2 -1 -1 -2 
24 16 14 5 3 4 1 22 
-31 -3 1 -3 5 2 -2 -12 
7 -2 -15 -1 -5 -7 -8 11 
-5 19 21 7 -2 -1 2 10 
4 -16 -32 -8 -2 -1 -8 -18 
32 11 16 16 1 2 12 48 
-33 -13 -23 -24 -7 -5 -7 -39 
-13 -2 -13 -7 -3 -2 -6 -22 
-2 0 15 5 -2 -4 0 14 
2 -5 -5 -1 -2 -1 -7 -7 
5 4 -6 3 4 2 5 1 
10 13 25 4 1 -1 2 -3 
37 8 -1 -2 -2 0 4 57 
-29 10 -9 -1 2 3 -5 -59 
35 -1 2 0 -5 -1 2 6 
-6 -10 -13 -8 -3 -4 -3 -2 
5 -14 -11 -14 -1 -5 -6 -2 
2 36 13 6 1 2 4 31 
0 -2 24 13 2 1 -8 -46 
-9 -12 -18 -6 -5 -4 3 1 
-21 -3 -14 -4 -3 -3 2 12 
7 -4 13 2 -2 -5 -2 -11 
10 -7 -13 -1 3 0 -2 6 
-29 6 6 -2 -4 -3 1 -18 
35 0 -6 -2 -1 -1 -13 41 
6 -22 1 4 0 2 4 -36 
16 -10 -13 -14 -6 -6 -1 11 
-8 -3 0 -1 1 -3 -6 2 
-33 -2 4 3 -1 -1 0 -44 
-14 0 -2 0 -1 0 -4 6 
0 6 -4 2 1 -2 2 14 
10 3 2 1 -1 1 0 4 
-2 18 22 5 4 6 6 44 
-14 -29 -7 -26 -2 0 0 -49 
-43 -8 -24 7 -8 -3 3 -8 
5 -4 -8 -7 -5 -5 -11 -10 
-9 6 7 0 -4 -8 -4 -10 
24 1 16 2 -1 0 -1 23 
6 11 -2 -3 3 2 2 15 
2 4 -9 0 0 0 -2 -7 
-3 -7 -1 -2 -1 0 2 -15 
-14 43 8 3 0 0 4 15 
16 -2 -7 2 0 -2 -4 1 
35 -4 -15 -11 -4 -5 -7 12 
-11 -8 17 4 -3 -3 0 -21 
-21 -21 -15 -6 -4 -4 -5 17 
-40 3 9 1 3 4 3 -9 
49 4 4 1 0 2 0 1 
-30 -3 3 3 -3 -3 -3 4 
-1 -8 -19 -8 -5 -5 3 -23 
29 8 4 9 2 3 1 20 
-13 -17 -12 -7 1 0 1 -10 
-4 -9 -8 -8 -6 -2 -1 -6 
27 18 0 -2 -4 -7 -10 19 
3 -3 1 -1 -1 -1 1 -11 
-9 8 -8 6 1 3 5 22 
-30 4 8 0 2 2 -5 -45 
15 -9 0 0 -2 -5 -9 10 
-23 -11 -11 -5 -3 -3 -1 -19 
5 4 6 4 0 0 -2 -6 
-10 -1 -3 -5 -4 -2 2 -1 
-8 -6 5 2 0 -1 0 -5 
7 -1 5 -3 -1 -2 -2 7 
-3 33 15 10 5 5 7 27 
1 -35 -40 -10 -4 -2 3 -16 
-24 -17 0 -18 -5 -4 -12 -50 
6 -9 1 1 -1 -1 3 2 
-6 4 -1 -3 0 -2 1 -2 
27 19 27 13 1 1 3 26 
14 4 14 14 9 9 0 -4 
-53 9 -37 -20 -13 -6 -2 -16 
15 -39 17 -5 -4 -4 -5 13 
13 17 -1 3 2 -4 1 0 
-3 -9 10 11 1 0 0 14 
4 6 7 0 5 2 -2 -11 
-18 0 7 3 1 0 2 -9 
8 11 -1 -2 -3 3 0 9 
-11 -19 -47 -5 -2 -1 2 11 
18 -5 4 -14 -7 -10 -8 -5 
-35 -6 -12 -10 -6 -1 -2 -9 
-14 -11 3 3 0 -2 -5 -37 
-9 15 16 0 -1 -3 3 -7 
9 -10 -13 -9 -1 0 2 22 
20 25 17 14 -1 -4 -11 -11 
-2 -6 -13 -3 -1 -1 8 16 
5 -3 0 -6 -4 -1 1 19 
22 14 5 4 1 3 1 27 
0 -17 -3 0 1 0 -3 -27 
-5 23 25 3 8 6 4 30 
29 -14 -5 0 -6 -7 -8 -12 
-1 -15 -11 -11 -7 -4 -4 -4 
25 22 7 0 0 2 2 21 
-36 -11 -5 -12 -2 -1 -4 -18 
11 -10 9 16 5 3 3 11 
-17 4 16 3 3 1 -3 19 
4 -10 -10 -3 -4 -5 4 -24 
12 -1 -15 0 -2 -4 -3 -9 
-21 2 15 -9 -1 -1 -3 -2 
-8 3 -1 8 -1 1 3 -17 
9 1 1 -4 -1 -3 -1 64 
31 -7 -15 -16 -6 -2 -7 -44 
2 -11 -18 -5 -2 -4 -1 -3 
2 17 11 1 5 3 -2 -7 
-32 -19 -7 10 5 4 5 -2 
6 -5 -8 -8 -4 -3 1 17 
-17 11 16 -1 0 -1 -4 -2 
5 -5 -9 2 0 -1 5 0 
-5 8 -7 -6 -1 -1 -6 -21 
-8 -7 0 2 1 -2 1 0 
-8 1 -4 7 -3 0 -3 -18 
1 1 10 2 -2 -3 0 -2 
4 -17 -23 -15 0 0 -3 -11 
4 -5 24 2 -4 -4 -2 16 
-5 -5 -9 -12 -2 0 -3 -27 
14 12 1 9 1 0 -3 16 
31 -11 -16 -8 -5 -3 1 -13 
8 7 11 -1 -2 -3 -5 10 
1 -1 3 1 -1 -1 3 19 
-3 -20 -21 -3 -4 -2 0 -24 
-30 7 24 8 2 2 -7 -3 
-9 -15 -35 -13 -6 -1 3 -3 
5 8 20 12 -4 -2 3 2 
19 0 3 0 4 -1 -5 41 
10 11 -5 -3 -3 -4 -2 -18 
-19 -6 6 4 1 0 -5 -26 
5 0 -17 -10 1 -2 2 16 
-23 -10 8 7 -3 -2 -5 -7 
28 29 9 -8 -1 3 12 60 
4 6 -9 6 2 0 -2 -47 
11 -5 -8 -5 -2 2 1 1 
11 3 5 5 0 -2 -3 -3 
-40 -6 6 -4 -3 -2 -2 -10 
-22 -12 -11 -8 -4 -5 -6 8 
-10 2 -34 -4 2 1 0 -9 
24 0 43 8 -2 -2 1 -2 
-20 -8 3 -2 -4 -3 -3 -21 
11 2 20 9 4 -1 -2 6 
-2 -10 -32 -8 -7 -5 -6 -11 
-33 -11 1 -14 -5 -5 1 -8 
-3 -15 -22 -8 -2 -2 -3 -13 
4 6 9 9 -4 0 0 6 
-17 16 11 9 4 5 1 6 
25 -4 -27 -7 2 2 6 44 
-2 -4 -1 -7 -7 -8 -15 -64 
-12 -8 -18 -5 -2 -2 -7 -10 
16 -8 12 -7 -4 -2 2 5 
-18 16 8 7 0 2 -1 -6 
0 5 1 -3 2 1 2 15 
0 -7 -14 4 0 -1 1 10 
6 -4 17 0 -1 -2 -3 11 
-11 -17 -33 -8 -2 -3 -4 -30 
-8 10 27 12 5 2 4 25 
36 12 14 -2 2 4 5 11 
-72 -13 -22 -7 -5 -7 -14 -43 
34 -3 -35 -13 -2 -4 8 28 
-3 1 4 2 -3 -2 0 -6 
9 4 2 1 0 -1 2 30 
13 -1 32 5 -3 -2 -6 -36 
-10 11 -28 -10 0 -2 -2 13 
16 -28 -34 -4 -3 -3 -7 -4 
-30 -13 -6 -3 -6 -2 1 -9 
-19 0 -14 5 4 2 0 3 
-23 -1 41 13 2 3 -8 -43 
22 16 -15 -3 -1 -1 0 39 
7 4 -13 -16 0 -1 1 22 
18 -5 0 -1 -6 -4 -3 -13 
