#EMG
#3
#ID:3-69
-16 8 12 7 3 1 -4 -15 
7 -12 -19 -9 -2 -1 -3 -6 
-3 5 -1 10 4 0 1 34 
11 0 -15 -2 -3 -4 1 14 
-25 -1 11 11 2 0 -12 -54 
21 11 15 -12 -4 -1 7 -7 
4 -4 15 4 2 1 -4 2 
-11 -12 -16 -4 -5 -4 -2 1 
10 -4 -9 0 -2 -4 -9 -7 
-8 -6 -9 7 -1 -2 -1 18 
-6 -4 -4 -3 -1 0 3 -16 
11 17 16 -4 0 4 -4 3 
-3 -13 -7 -7 -4 -4 -1 15 
-2 -3 -14 -2 0 -2 -4 -3 
1 -5 0 -2 -3 -1 -1 -5 
-17 15 25 3 2 0 -2 -8 
10 7 -25 -5 -1 1 3 27 
-25 3 -3 -4 -4 -4 -11 -56 
22 -10 -14 -5 0 -1 6 24 
-11 -3 -1 8 0 -1 -6 -15 
-19 7 24 3 3 -2 -10 -19 
9 -5 -14 0 -1 2 14 42 
1 9 9 5 -1 -1 4 25 
12 -12 0 -1 1 -3 -2 -40 
-24 -3 4 6 -1 -2 -4 -36 
23 2 -20 -13 -6 -3 0 24 
-22 -6 7 -2 1 -1 -5 -26 
10 -2 1 -2 -3 -3 -1 13 
4 -2 -6 3 -3 -4 -2 22 
-16 -6 -2 14 1 2 -2 -21 
16 5 14 -9 -2 3 3 0 
-7 -10 -8 -7 -4 -3 -5 4 
1 -2 -6 -3 0 5 7 2 
8 12 25 5 -1 0 -1 10 
-5 -1 -31 -11 -4 -2 -4 -5 
4 3 14 -5 -4 -3 0 -4 
-4 -25 -2 -3 -3 -2 -10 3 
-29 -9 -39 -10 -3 -4 8 19 
3 -3 9 10 2 1 -7 -34 
0 2 -11 -1 0 -1 8 1 
21 3 21 -6 -5 -5 -3 15 
-21 10 4 0 2 1 -5 26 
-3 0 -3 2 -3 -3 -4 -41 
11 -12 -35 1 4 2 4 25 
-41 4 1 -23 -5 2 8 -7 
30 -11 -4 6 -3 -2 1 14 
-19 -5 5 -7 -2 -1 -8 -26 
-2 -3 4 3 -2 -2 -8 -3 
15 14 9 7 2 1 5 21 
4 -1 -8 -4 -2 -1 -4 -14 
1 13 -1 -2 -3 -3 2 26 
-7 -14 3 0 -2 -6 -8 -17 
-1 -3 -8 11 -2 -2 -4 -18 
8 10 7 -35 -2 1 -1 8 
-18 -27 0 14 2 1 2 13 
-5 11 10 8 0 1 -6 -14 
-1 -6 -44 -25 -6 -4 -1 -3 
0 6 36 15 2 -2 -7 -9 
9 14 -14 -1 -1 2 6 35 
6 -2 18 0 -2 0 -3 -12 
-16 -7 -6 2 2 2 0 -11 
-19 -1 -4 5 -1 -4 -7 -12 
14 1 -15 -6 -3 -1 1 31 
-6 7 39 0 0 0 9 -12 
23 19 1 5 1 1 -13 -44 
-7 -9 -24 -6 -1 -1 9 5 
-4 -11 20 0 -1 -2 -4 -8 
8 -2 -10 -9 -1 3 4 24 
-8 8 -3 9 4 3 -8 -8 
-9 -6 -2 13 -5 -4 13 8 
14 -3 -13 -21 -2 -1 1 -17 
-7 -5 -16 -4 -5 -6 -8 20 
-13 -1 -2 -9 2 1 1 -9 
14 -8 11 6 0 1 -7 -6 
-16 -15 6 6 -4 -1 0 28 
-1 22 15 -3 -2 0 -4 -58 
-5 -17 -32 1 -1 0 -1 20 
1 -10 8 -2 -3 -5 -5 -11 
10 0 1 2 2 3 -1 0 
-1 -6 -1 8 0 0 3 19 
-2 -4 3 -10 -3 -4 7 -1 
8 9 4 3 0 0 -1 -9 
-2 3 -8 4 2 -1 -3 -2 
-4 6 11 7 0 0 -9 33 
-7 -3 -19 -9 -3 -5 -4 -53 
8 2 2 3 0 2 13 34 
-16 -8 10 -1 -5 -4 -7 -40 
-12 -6 -14 0 2 1 5 -3 
19 21 17 17 -1 -5 -7 22 
-34 -18 -10 -42 -4 0 -3 -20 
19 0 -10 1 -3 -3 -3 19 
-7 -6 -17 -2 -1 -2 1 -45 
-34 -6 -2 -6 -6 -4 -2 -2 
16 4 5 11 -2 -2 -8 9 
13 6 -5 1 0 1 4 -24 
-3 -12 1 -2 -3 -1 0 20 
0 -2 -1 -10 0 1 7 -1 
0 3 -3 3 -1 1 2 0 
-29 8 -18 0 -2 0 -1 19 
13 15 16 -1 -1 1 -11 -27 
-12 -18 0 -1 -1 -1 -1 3 
6 -6 -6 0 0 -2 0 8 
15 3 -15 -1 -1 -2 12 1 
-39 10 -16 -9 2 -1 -5 14 
26 0 31 14 -6 -3 -8 13 
-10 -5 -4 12 -1 0 -15 -29 
-1 -10 3 -28 -3 -2 6 -13 
7 -19 -53 -10 -5 -3 -1 9 
20 5 6 -6 -1 0 3 4 
19 23 29 5 1 0 -5 16 
-5 -6 4 10 -2 -3 -4 -7 
0 -10 -14 0 0 -2 -2 7 
7 -9 4 -4 0 -1 11 16 
-15 6 -2 11 -2 -4 -27 -29 
-15 -36 -31 -4 2 2 5 21 
-1 10 51 7 -1 -1 10 -3 
28 -15 -40 -3 1 0 -10 26 
-31 9 -16 -20 -3 -3 -5 -27 
-7 2 -5 -1 -3 -1 -5 14 
-25 -46 -7 3 -3 -5 -27 -59 
9 18 14 17 6 7 26 19 
22 8 2 -17 -3 -1 13 22 
1 -2 0 5 2 -3 -31 -41 
12 3 -2 2 -1 0 11 44 
-16 22 12 -9 -2 -3 -13 -28 
5 18 32 -1 -4 -4 -18 14 
5 20 -9 14 5 5 20 33 
-17 -19 -44 -29 -6 -2 1 -28 
19 7 -15 -1 -1 -1 -13 10 
3 18 30 10 2 2 -2 -24 
5 19 32 -3 -2 0 0 10 
18 4 11 -6 1 2 -8 12 
-43 -28 -21 9 -9 -8 -3 -21 
43 -3 -30 18 1 -3 20 20 
-26 -52 -29 -41 -5 -5 -31 -24 
6 -20 1 -5 0 2 25 17 
-7 -30 60 -3 3 3 -44 -48 
-5 2 25 18 0 2 61 34 
-9 -9 -29 -8 -10 -8 17 -5 
15 23 0 -1 -1 -1 0 1 
11 21 34 -9 -3 -3 -10 11 
-25 -10 8 -3 0 1 -7 8 
-2 -6 34 22 3 3 -8 -46 
19 28 3 -7 -5 -2 -6 27 
-34 4 24 11 0 0 29 14 
6 -23 -63 -11 -2 -4 -31 -66 
-4 14 50 2 3 1 6 7 
13 -33 -35 3 -5 -8 9 4 
3 12 -36 -14 -1 -1 -4 8 
-15 -48 28 -15 -2 4 -6 1 
-8 27 34 8 -2 -3 -21 -19 
-5 -5 -29 17 2 -1 -16 -38 
10 -22 -16 -22 3 7 43 25 
-7 -28 -53 -9 -3 -17 -13 9 
33 13 33 5 -6 13 18 16 
-22 -17 55 30 9 1 -14 13 
-30 -18 -39 -33 -16 -7 7 29 
-5 -39 -13 0 5 -3 -19 -56 
-15 -1 70 13 0 -4 -1 -6 
13 31 -96 -67 0 4 5 14 
17 59 40 93 16 3 11 35 
8 -71 -71 -55 -51 -16 -8 -38 
6 -2 -16 9 15 1 6 33 
-9 10 45 -12 -11 -4 -13 -39 
20 16 -36 0 2 -11 2 57 
-23 -21 -4 -11 17 11 -3 -13 
18 39 31 35 -8 -6 -12 -19 
-8 -42 -80 -50 -6 -2 -8 17 
9 4 -3 -7 0 0 25 -41 
17 85 29 17 -1 -3 2 -12 
-49 -41 -31 -16 -1 2 43 7 
-2 69 72 52 12 6 31 30 
-36 -128 -68 -28 -5 -6 -30 -55 
7 44 18 12 8 9 -3 30 
20 29 -3 -24 -2 -6 -10 18 
-8 -15 23 16 -2 -1 4 -19 
8 22 -8 -3 -2 2 14 -1 
-22 -4 -17 -9 5 -3 0 17 
23 -26 -14 12 9 3 -61 14 
-2 -13 -19 -5 -18 -3 63 -17 
-5 -1 9 -21 -9 -11 -96 -48 
11 25 8 11 5 3 42 31 
-28 4 -7 4 -4 -1 -3 21 
20 12 29 17 5 5 27 -1 
-16 4 8 -9 -4 0 -26 -50 
22 32 29 14 9 5 -13 60 
-6 -8 -46 -9 -8 -1 19 -7 
3 -1 45 -16 8 4 -88 -54 
9 33 -7 3 -4 1 127 68 
-29 -26 -2 3 0 3 -6 9 
5 -4 -21 -4 0 -9 -49 -36 
13 1 42 9 2 -2 -8 19 
8 -44 -16 -32 -6 0 -16 26 
-24 -6 -15 -5 -4 -7 -75 -45 
18 -3 -7 2 -2 -4 54 -4 
0 15 -2 5 0 -3 1 11 
2 -33 42 21 4 6 -54 -36 
-16 -37 7 -2 -1 -1 62 13 
-4 4 25 12 2 3 -26 1 
3 8 -33 -2 1 0 -17 4 
28 33 20 12 2 2 -2 18 
-29 -69 -82 -32 2 -7 -9 -24 
8 22 44 14 -13 1 16 -19 
-10 13 -17 -5 -8 -1 6 35 
2 -34 -10 19 9 6 2 -26 
18 30 14 1 -2 -2 -4 17 
0 -28 -30 -12 1 -6 16 3 
10 13 28 3 -1 -4 -16 -14 
-40 -2 -61 -13 1 2 -17 0 
15 11 46 16 1 3 17 3 
0 4 -23 5 11 -1 4 -25 
-15 -28 -32 11 -5 1 3 13 
9 -15 29 -33 -17 -12 2 6 
-21 64 1 0 -8 1 -4 -24 
43 -52 -45 -17 2 1 14 63 
-23 13 35 22 26 -4 -8 -41 
5 64 -1 19 -18 3 11 35 
9 -11 -17 -26 -13 -8 -11 -48 
-9 50 59 -9 -7 -3 -17 2 
12 10 -7 -11 2 0 11 17 
14 5 10 37 24 17 -2 30 
6 -6 -44 -48 -7 -13 -28 -38 
22 100 35 18 -4 2 21 36 
-42 -55 30 -12 -5 -4 -5 -15 
-3 41 -32 -4 2 -2 7 -17 
28 43 52 42 11 10 25 63 
-30 -128 -97 -53 -15 -12 -31 -64 
3 15 -7 -6 -15 -14 -26 10 
5 47 -3 17 -7 -9 2 -39 
11 -47 -2 12 6 3 3 44 
-5 13 -12 1 8 0 -10 -87 
7 15 34 24 4 5 7 21 
-22 -28 -6 -43 -1 -13 -24 -51 
12 -39 -1 13 -9 -4 20 44 
-32 10 -18 -9 -18 -8 -28 -10 
12 20 -7 -20 2 6 -38 -33 
-27 -13 -2 -15 1 -5 56 33 
-9 -15 13 9 4 0 -15 -5 
3 15 37 13 27 4 18 66 
-6 14 -17 -5 -29 -7 -40 -80 
24 -30 -6 -25 -7 -1 -4 39 
-16 67 -29 13 1 -1 -12 -14 
-13 -51 -19 -20 -4 -4 42 -38 
9 -5 6 29 18 7 43 57 
11 50 32 -25 -8 -2 -5 -35 
-12 -21 -43 1 -7 -5 -11 -56 
21 28 43 22 10 8 -6 51 
5 -39 -38 17 3 -3 10 75 
-22 -19 35 -16 -3 8 -40 -72 
-12 12 -52 -24 6 -4 29 -19 
-18 -26 5 33 -4 11 38 -1 
32 1 -21 -44 -7 -11 17 53 
-6 -6 -18 48 14 2 -106 -51 
10 20 65 -24 -15 -1 36 28 
4 -11 -27 17 -5 -1 -34 18 
0 20 29 -19 -7 -4 29 -38 
13 8 -31 -19 3 -8 6 10 
-9 -16 54 38 5 0 -91 29 
18 0 -33 -42 -14 -1 65 -60 
-40 -2 -12 -1 2 -3 -51 -35 
1 40 56 26 8 11 26 7 
-21 -15 -18 -7 -5 -8 -32 -9 
8 -4 16 -20 -5 -10 -76 12 
88 44 -29 -1 -2 6 96 86 
-73 -21 27 5 -5 -7 -76 -106 
-30 -17 4 6 1 9 30 -27 
16 -13 -30 -25 -6 -11 20 21 
-48 -30 -14 26 3 0 -42 22 
49 -1 22 -6 -6 -11 -2 67 
8 8 25 -12 -4 4 54 -1 
-69 22 3 30 7 -6 -127 -81 
-7 -62 54 6 5 17 98 22 
-7 -56 -102 -60 -3 -5 -5 0 
-2 -10 125 9 -6 -8 -51 -25 
-11 -42 -76 -2 3 9 47 -13 
31 -3 12 -7 4 -4 -105 -20 
-15 -18 -27 74 -6 0 108 74 
14 64 -8 -32 5 5 2 -9 
0 22 -22 -24 -2 -4 -5 17 
-6 23 3 24 11 6 -6 -32 
-5 3 -9 -43 -10 -4 -3 -25 
22 -16 -5 46 4 -1 17 39 
-3 -4 5 -6 -2 -6 8 0 
-11 8 -34 15 -17 -3 -11 -20 
-6 -20 -12 -18 -3 1 -9 29 
1 22 -16 6 21 2 -12 -38 
0 -91 -14 14 -13 9 -7 37 
-1 46 106 -12 -1 -5 7 -27 
16 8 -12 27 13 4 -5 6 
4 -7 -13 -5 -14 1 4 19 
6 41 -5 10 23 2 7 6 
-9 -20 -27 -30 -16 -7 -19 -8 
0 7 10 21 5 4 15 28 
6 16 8 13 13 3 -8 -19 
13 7 11 -16 -11 -5 1 9 
-11 -20 -15 5 3 6 -2 42 
-1 31 32 -11 8 1 -9 -56 
8 -24 -16 -16 -18 -2 -7 5 
3 19 21 1 -10 -9 4 19 
-10 -7 -44 -6 5 -6 -11 -28 
-18 18 22 -7 -4 0 -2 -14 
33 -13 -13 18 1 -1 3 33 
-6 4 -45 -14 2 2 -2 -10 
9 -3 78 17 -1 -3 -7 -62 
12 5 -7 -6 2 2 -4 29 
-19 -17 -64 -29 -11 -5 -1 -12 
25 9 57 3 0 -3 -4 42 
-13 -6 -18 8 7 1 -1 -33 
13 -11 11 9 -3 2 10 7 
-18 -4 2 -7 0 -2 -5 0 
54 50 17 8 2 -2 -1 -29 
-54 -32 -25 -17 -7 -3 1 0 
10 -11 11 -6 -13 -10 -4 6 
-12 0 9 1 1 -3 -15 23 
-21 -5 -18 0 0 2 -3 -54 
4 9 -27 -1 4 3 3 -11 
-4 -17 7 -6 -11 -5 -3 31 
-1 -10 -18 -10 -4 -2 -1 -30 
-12 5 30 7 2 1 -4 -22 
13 21 -6 -14 -8 -6 3 11 
-7 -3 6 10 2 -1 -6 -8 
4 0 15 8 2 2 2 25 
-2 -1 10 -11 -1 3 4 21 
-18 -8 -1 -4 -3 -1 -5 -31 
-2 1 -5 5 8 -2 -2 0 
0 7 4 5 -12 1 4 -6 
2 -23 -30 -10 -1 -4 -2 32 
7 6 5 3 1 -2 -6 9 
-1 -1 -11 0 -2 2 3 -12 
9 -13 -7 12 11 -1 -1 -9 
-15 15 24 7 -3 -5 -9 21 
-12 -11 -45 -22 -11 -3 2 7 
-9 -33 -36 11 1 -1 0 -30 
-6 6 2 -29 -8 -6 -6 -12 
12 8 24 -3 -4 1 5 21 
-2 -29 -28 -5 -1 -7 -17 -34 
6 13 8 4 1 0 -2 -4 
4 -3 7 -3 -5 -1 6 36 
-25 -6 5 5 2 3 -1 -27 
21 11 -44 -7 -5 -3 0 50 
6 5 34 -3 -4 -4 -4 -7 
-29 -13 -30 -4 3 3 0 -21 
-15 9 10 7 -4 -6 -14 -29 
-19 -16 -58 -22 -6 -3 6 18 
26 10 6 4 -4 -2 -3 30 
1 1 -4 -4 2 1 -2 -26 
5 -12 -8 1 1 -5 3 18 
-15 11 33 14 3 0 0 -4 
-12 1 -45 -14 -7 -5 0 5 
2 -28 -8 -2 1 -4 -7 -23 
-16 -16 -16 0 -1 -1 -10 -13 
24 17 22 -2 -8 0 13 20 
5 -1 10 2 -1 1 10 13 
0 16 -18 -8 -1 0 3 16 
23 2 7 -3 -1 2 -3 8 
-8 5 2 17 6 1 -6 -9 
-7 -1 29 -11 3 1 2 26 
-3 5 -2 -11 -7 -8 -1 -38 
6 16 11 9 0 3 10 1 
23 -4 14 -4 3 -3 -25 -22 
-10 1 -20 -6 -7 2 2 -14 
15 -2 6 5 2 -1 6 29 
-14 -17 -19 -20 -6 -6 -9 -3 
-21 -3 9 16 4 1 6 22 
21 15 20 4 0 0 -6 -54 
2 5 6 2 -3 2 6 38 
-10 -2 -31 1 4 1 2 -19 
18 -9 7 -3 -4 -4 -1 -18 
-36 -7 -11 1 -1 -2 -3 15 
11 18 13 0 -2 0 -3 -16 
2 -19 -14 -8 -5 -3 3 13 
-11 17 49 -1 1 3 -1 0 
7 -4 -19 -2 -6 -6 -8 12 
-30 -2 -8 6 6 2 -10 -80 
0 12 34 -1 -4 -4 4 26 
6 -14 -8 1 3 5 4 -4 
6 6 -3 -8 0 -3 -2 4 
-1 3 7 0 -12 -8 -4 2 
-9 4 3 10 5 1 -9 -18 
7 -12 -7 -7 -4 -4 8 22 
1 -18 -22 0 0 -2 -4 -40 
14 -11 0 0 3 -3 0 10 
-3 6 7 9 3 5 9 7 
3 -9 -9 -11 -7 -4 -2 -6 
-3 -9 -42 -6 -5 -3 -10 2 
-26 -18 36 -1 -2 -1 -3 -4 
0 4 4 0 0 -1 -7 -3 
14 31 5 -3 2 5 7 21 
6 -10 -12 -4 -3 -1 4 -3 
-3 -5 -5 -1 -1 2 -4 35 
28 20 6 8 -1 -1 6 -10 
-28 -22 0 -6 -5 -3 -8 -46 
-10 -13 9 -5 -7 -4 -4 -4 
8 -1 -41 -18 -10 -9 -4 14 
-11 -9 15 3 1 1 -5 5 
9 7 -21 1 2 0 5 1 
9 14 29 14 4 4 15 39 
-11 2 21 2 0 -3 -9 -36 
-2 -21 -33 -13 -8 -3 -10 -23 
-20 -24 -9 2 3 -5 -9 -31 
-11 -26 10 1 -5 4 1 5 
12 25 17 5 5 4 7 24 
1 -2 0 -3 0 -2 6 32 
1 3 7 0 -2 -2 -6 -4 
1 34 10 5 2 -2 -5 -5 
-1 -8 -13 4 0 2 4 4 
2 -24 -34 -10 -6 -5 -7 -3 
-3 15 37 5 0 0 2 9 
-4 -9 -22 -9 -5 -6 -4 5 
0 -7 -3 3 -3 -4 -2 -7 
0 19 13 13 8 8 8 -4 
-11 17 20 -9 0 3 -13 20 
4 -23 2 -2 -5 -7 -1 -41 
-18 -1 -17 -19 -3 -2 -2 -9 
6 -1 18 1 0 -3 4 2 
3 1 -9 5 1 1 -8 -12 
26 49 38 23 23 13 6 29 
-2 -30 -51 -15 -16 -5 -3 18 
-30 -14 -12 -12 -7 -7 -16 -59 
-2 1 -5 -5 -8 -5 8 38 
6 -6 -15 5 5 1 -10 -29 
1 11 39 11 5 1 9 12 
1 3 -4 -3 0 2 0 12 
1 -4 -12 3 1 -2 4 9 
6 14 19 7 3 5 10 63 
7 2 -36 -19 -7 -3 -25 -55 
-10 -39 6 -31 -14 -12 0 -8 
-9 -21 -37 -1 -1 -3 -3 -6 
9 -2 -4 -7 -6 -4 -2 -12 
-4 9 -1 13 10 5 8 33 
10 15 1 7 4 3 3 8 
3 3 3 1 -2 0 1 -8 
-16 -8 -13 -4 -1 0 -5 -7 
34 22 65 18 6 3 5 64 
-20 -51 -75 -28 -12 -11 -6 -73 
-68 -23 -35 -18 -15 -9 -7 -14 
18 -8 -13 -10 -1 -2 -3 -7 
-4 4 24 5 -4 -3 -2 -12 
7 19 38 7 2 2 3 33 
20 16 7 8 6 6 4 2 
-21 2 -16 -10 -7 -5 -5 -22 
-24 -10 -16 3 3 -1 -9 -16 
80 44 1 16 6 10 18 82 
-53 -15 -49 -18 -10 -10 -12 -77 
-14 -11 -6 -4 -2 -1 0 6 
-3 -11 4 -7 -3 -3 5 -13 
-7 9 -7 10 1 0 -3 20 
32 12 33 7 4 2 4 17 
4 1 21 1 3 8 2 1 
-27 6 1 4 5 4 1 11 
-4 -29 -50 -6 -9 -10 -13 -52 
-6 7 2 2 0 -2 -8 0 
-29 -15 -5 -5 -5 -6 5 -3 
4 -3 -14 -6 -4 -5 -2 -16 
-7 17 19 9 4 1 -1 27 
21 5 66 -1 3 4 0 -8 
5 4 19 11 -3 -4 -4 7 
-2 -2 -47 -11 -3 -1 -4 -22 
-3 -1 43 2 5 -1 -1 -7 
-15 19 -16 1 -6 1 3 18 
34 10 15 1 2 2 0 -2 
6 7 2 0 3 3 11 29 
-22 -16 23 -5 -4 -4 -3 -5 
10 -10 -18 1 0 -1 -6 23 
-23 2 3 -1 -4 -4 -4 -31 
25 -1 8 4 3 4 -6 -29 
13 4 -30 5 1 2 2 20 
4 1 48 0 0 0 1 14 
7 -6 -13 -9 -9 -7 -7 16 
-7 -6 -2 1 2 -2 -2 0 
-16 13 32 5 1 2 -14 5 
24 -10 -34 -8 -5 -3 21 13 
-24 -14 -11 -9 -5 -7 -12 -59 
4 -16 -2 -14 -3 -3 3 11 
1 12 15 8 0 0 -3 3 
15 14 0 11 4 3 -1 -4 
-42 -1 -2 -4 -4 -1 0 9 
3 -3 20 -4 -5 -3 -1 8 
-18 16 -5 -1 -2 3 4 -36 
2 -13 -48 -10 -3 -7 -16 -9 
24 2 19 10 11 4 3 34 
-22 -10 -12 -5 -19 -3 -4 -26 
3 4 16 4 4 4 4 33 
-16 -26 -23 -8 -6 -3 -3 -60 
5 7 10 3 1 -1 1 45 
7 8 -9 4 6 2 -2 -35 
-4 13 -16 -8 -3 1 -2 -2 
-12 1 5 4 5 1 3 4 
11 -5 3 -2 -8 -4 9 22 
0 2 -8 -7 1 -2 2 12 
-6 -6 -2 2 -5 -3 -5 -16 
7 5 5 4 2 1 -4 9 
-1 1 11 3 0 5 -6 12 
27 -23 -12 -4 0 -2 10 -19 
-19 -2 -29 -3 0 -1 -2 -12 
3 4 14 -1 -1 -4 -2 7 
4 -10 -13 -4 -2 -3 -1 3 
5 3 18 4 -2 1 0 13 
0 -14 1 -2 1 -2 -4 -7 
2 7 17 6 5 0 11 25 
-3 -9 -43 -14 -10 -4 -14 -54 
-10 -8 3 5 2 -5 -9 11 
8 6 18 2 1 0 5 -8 
-10 -4 -27 -2 -5 -1 0 13 
-5 -4 3 -1 1 4 7 20 
4 -9 0 -6 -1 -3 -5 -25 
15 0 -7 1 -2 -2 -12 19 
14 -4 -4 1 -2 2 4 26 
1 -4 -15 -8 -4 -6 2 -27 
-12 3 0 1 -3 -2 -3 9 
-8 -1 4 -7 -2 -1 5 -10 
-16 -6 -16 -9 -4 -4 -9 -12 
-1 -15 0 1 -1 0 -3 -4 
16 3 -8 -2 -1 -1 1 24 
-21 -8 -4 1 1 -1 0 -7 
10 4 0 -6 -3 0 2 15 
-23 5 -3 -8 -3 -3 -12 -58 
11 -7 3 8 2 -2 0 39 
8 14 4 0 -2 0 1 3 
-12 -12 25 -1 -2 0 -1 -60 
-2 -5 -6 -3 2 0 -2 9 
5 10 -43 -5 0 -2 -2 -1 
-21 -32 0 -7 -3 -5 -2 5 
1 14 15 3 -1 0 4 8 
-6 24 8 3 3 4 -2 -1 
6 -13 -16 -1 -1 0 7 -7 
20 1 -7 1 1 -5 -1 -1 
10 6 14 -2 -8 -2 -7 0 
-6 -15 -32 -6 -1 -3 2 2 
9 14 33 2 0 3 1 54 
-11 13 6 5 1 0 -6 -88 
-6 -17 -22 -7 -1 -3 -2 0 
9 6 6 3 -1 -1 -9 11 
-1 -1 -3 1 0 -2 1 -21 
-19 5 15 2 -4 0 4 22 
6 -2 0 -5 1 1 -3 3 
-10 4 -11 0 -4 -3 1 -6 
-1 -10 14 -3 -2 -1 -6 -16 
1 -28 -46 -7 -5 -2 -2 12 
2 8 24 -3 -3 -2 2 21 
9 -6 2 -5 -2 -3 -1 -24 
-21 -14 8 11 1 0 1 4 
13 1 -3 -4 0 -1 0 -16 
-5 -5 -11 -1 -2 -2 -8 12 
18 5 5 1 -1 -1 6 -6 
-18 5 -3 1 -4 -2 -3 8 
-7 9 31 -6 -2 -3 0 -15 
11 13 -7 4 3 2 2 -3 
-6 18 16 2 1 0 -2 6 
-6 -14 -29 -7 -3 -2 -2 -21 
9 1 28 -6 -6 -5 -3 24 
-2 3 -12 4 4 2 2 1 
3 -2 5 2 -1 -1 -3 -8 
1 8 11 -4 -3 -1 5 1 
10 11 2 3 -1 -1 0 5 
-26 -6 -11 3 5 -3 -2 -10 
3 5 13 1 -8 0 -1 6 
-5 7 -26 -7 -2 -4 -3 -2 
9 -11 -5 2 3 2 2 1 
6 -1 8 4 0 0 -2 5 
-12 -7 -15 4 2 -2 -3 -26 
4 -2 -3 -6 0 0 0 25 
0 14 38 -4 -3 0 -1 -3 
10 -9 -10 -2 -6 -2 -2 17 
-18 -28 -15 -1 1 -1 -2 -25 
7 3 28 5 1 3 -1 -11 
-14 -6 -29 -7 -2 0 1 -1 
14 4 8 0 -3 -3 -5 -6 
7 -7 15 -7 -2 -5 -1 27 
-8 4 -12 5 6 2 0 15 
3 -10 -40 -2 -6 -3 -4 -10 
-13 2 34 -6 -4 -1 0 -16 
10 17 4 -2 -2 -2 -2 -12 
-22 -2 -9 -5 -4 -3 -6 -22 
4 6 11 10 5 4 1 25 
25 -9 -18 6 1 1 3 5 
-31 -1 -8 -10 -4 -4 -3 -13 
7 -2 30 2 0 -1 -1 7 
-4 -10 -19 -8 -5 -5 -4 -10 
-1 5 9 0 0 -3 -4 -8 
7 2 -8 -2 1 0 0 26 
1 -9 0 -1 -4 -2 -3 -16 
-13 -7 -13 -3 -2 -1 -1 6 
-4 -3 -9 1 2 1 2 11 
-13 -1 -5 0 -3 -3 -5 -20 
23 18 11 -6 -1 -5 1 -9 
-5 -13 -1 5 0 2 -4 5 
-20 -19 -17 -15 -6 -3 0 -12 
9 1 2 2 2 2 6 34 
-14 -8 -6 -2 -1 -3 -2 -12 
14 10 13 2 1 -2 1 3 
11 11 19 13 5 2 0 -6 
-8 -15 -50 -7 -4 -1 -1 6 
-11 -23 -13 -11 -7 -7 -18 -16 
-6 -1 -5 -2 -2 -2 12 22 
-13 -2 20 -5 -6 -5 -7 -38 
5 -16 -7 2 1 -1 1 10 
11 22 5 6 3 3 -2 22 
14 -1 35 1 -1 -1 0 -3 
-1 -6 -81 -7 -3 -4 -1 -11 
