#EMG
#0
#ID:0-87
-28 5 18 11 1 -5 9 25 
-13 -16 -8 -12 1 -5 -2 -34 
14 1 12 5 -5 -10 -28 1 
0 4 0 27 1 3 40 21 
9 3 -25 -34 -5 -3 22 18 
11 9 22 5 4 0 -3 2 
-10 11 -7 -6 -1 2 4 10 
-43 -12 -6 8 6 -1 4 2 
14 0 -7 -13 2 0 -20 -14 
5 3 -2 8 1 5 15 -6 
17 -19 19 4 -3 1 -4 11 
-29 -18 25 12 0 7 0 -15 
-3 2 -10 1 -3 -2 9 -15 
15 4 -14 2 -3 -4 -13 33 
-22 14 18 2 -4 -7 -9 -55 
25 21 -22 -18 1 5 -7 7 
-2 1 16 26 -3 -4 0 -5 
-17 -10 3 -10 -6 -2 -3 16 
21 5 -5 1 -1 -5 -13 -2 
-27 -1 3 4 3 -4 22 -36 
26 -6 -17 -9 -1 -10 -4 21 
-14 -8 -48 -15 -6 -3 6 2 
6 -2 1 -9 -6 3 -1 -6 
0 4 -3 -2 -2 1 -5 3 
30 5 28 33 7 10 -6 7 
-43 -23 -41 -40 -10 -5 -5 8 
-15 12 18 -4 0 4 -2 -61 
19 -6 -4 -5 -5 -4 -12 14 
-33 9 -1 6 2 -4 -2 -20 
12 3 32 0 4 -4 1 9 
-12 1 -15 4 0 -1 0 24 
44 -5 -16 -8 -4 -5 -4 -5 
-15 8 -8 0 -4 -9 3 -18 
2 10 15 6 -2 -3 -2 -9 
-5 -22 -15 -2 -3 3 4 31 
16 21 10 4 -5 6 1 -5 
-3 -15 -25 -11 -2 -2 -16 15 
23 3 2 4 2 0 2 17 
-28 -2 11 8 2 -4 -3 -25 
2 -2 -12 -6 0 -7 -15 -5 
3 1 9 -17 -1 4 32 9 
-2 -7 -5 6 -4 -2 7 -14 
27 1 5 -4 0 -4 -12 26 
-9 7 21 11 3 0 6 3 
-34 -8 -20 9 -2 -2 -18 -30 
44 -3 8 -22 -5 -8 -12 5 
-16 -2 -4 5 0 0 22 12 
2 3 5 -2 -3 -2 -7 8 
14 15 -21 0 -4 3 -3 -21 
-36 2 29 19 3 2 -7 7 
13 -10 -24 -3 -7 -8 -8 -23 
-9 -24 30 2 1 3 6 -19 
-16 6 2 -2 5 5 -6 6 
0 -9 -23 -1 0 -3 -2 -9 
6 4 4 -4 2 -7 13 -11 
32 4 -8 0 -2 -6 52 59 
-14 -16 21 -11 -6 3 -11 -24 
-32 -3 -16 10 -3 -1 -2 -23 
-21 0 -7 2 0 -1 -16 5 
6 -1 -40 -15 -1 -3 1 -4 
15 24 13 -7 2 7 -3 13 
2 7 19 14 5 9 9 -7 
-8 -8 11 -5 1 0 -5 -19 
-3 -6 -4 -10 -9 -1 -9 0 
1 2 -28 6 -2 -9 2 -3 
-15 -20 14 -6 0 -12 -20 -11 
25 -1 30 -6 -2 -1 10 17 
-29 -1 6 -10 0 -2 -4 -29 
20 -11 -15 1 -6 -8 -8 27 
2 12 5 -3 -2 4 -2 -3 
-8 0 -8 18 1 5 8 0 
0 -2 -3 2 -4 -4 -16 9 
7 -33 -22 -12 -1 -2 10 5 
4 5 -1 3 4 1 -2 18 
-5 -6 14 -5 -6 0 0 -33 
-1 -2 -14 2 -5 3 10 18 
3 4 11 1 1 -8 -36 -3 
17 13 8 1 0 -2 2 -15 
-13 4 -24 5 -1 -6 -10 17 
-7 2 -8 -3 4 -3 -3 28 
-19 3 17 -3 -2 -4 -1 -33 
17 -29 -8 -5 -10 -5 4 7 
-31 5 -7 -5 1 3 7 -2 
10 -4 -16 9 4 3 -9 -2 
3 -30 -24 -21 0 2 -14 -7 
12 20 30 12 -4 2 14 28 
-10 -15 -8 -1 0 6 -2 -11 
10 4 27 8 -2 5 -7 -20 
-22 2 2 1 0 3 -1 -11 
25 16 -11 2 -2 -5 13 16 
17 1 29 -7 2 -3 -11 10 
-37 -8 -8 -3 0 -4 -3 -42 
27 40 17 1 2 5 -6 19 
-15 -11 -4 -6 -2 1 -10 -19 
7 4 0 6 0 -2 3 11 
13 7 -2 5 5 -1 -4 2 
4 -8 21 1 -5 0 12 -20 
-23 -19 -9 -10 -6 -6 -2 -13 
0 -5 -40 24 0 -6 -2 23 
-7 4 24 -24 -7 -8 -18 -18 
-4 -8 -5 1 2 -3 18 29 
1 12 -7 -7 -2 5 -2 -8 
-1 -27 -48 -7 -5 3 -11 2 
-8 -15 6 5 -5 2 2 5 
12 -1 12 -3 -4 -8 1 10 
-14 -17 -4 3 -2 -4 -5 -13 
15 -15 6 -4 0 1 10 11 
-27 -23 -8 -15 3 4 -5 -25 
12 10 -9 27 3 -2 3 41 
5 -24 -12 -12 5 -3 9 -43 
-6 22 20 -14 -4 -6 -12 -3 
3 1 -50 7 -2 -5 0 -3 
-10 -15 24 -7 -6 -3 7 -4 
-14 26 3 7 5 -1 -2 22 
5 -2 19 2 -2 -1 11 14 
15 9 15 -12 -1 3 -3 -28 
-8 -14 -57 -16 -5 3 -5 15 
-8 -8 -5 11 0 -4 -1 -33 
19 13 -21 -20 -4 -8 -5 -10 
-23 11 52 18 -4 -4 -1 12 
-10 -14 3 -15 -4 -2 9 -11 
8 -15 -11 13 -2 4 -4 57 
0 -1 -22 -9 -1 -2 -12 -84 
-8 -2 -6 -4 2 7 23 19 
-3 1 3 -4 -1 -1 -10 -16 
-20 2 -38 -10 -2 1 -7 0 
-11 6 40 2 2 -1 -6 1 
10 1 12 21 -2 -8 -10 7 
-4 0 -9 -44 -4 -2 -6 -16 
-4 3 3 -6 -2 -4 7 -5 
3 76 16 5 -3 -3 3 7 
14 47 -12 -4 5 3 4 28 
-6 38 31 37 5 4 5 -37 
35 -35 -22 -5 -4 -2 -9 31 
-31 -75 -21 -4 -5 -1 1 -39 
20 -14 20 -9 -8 -5 -1 23 
-14 -32 -17 11 0 0 6 -9 
2 3 38 11 5 -4 -32 -10 
24 7 2 4 2 -1 51 27 
-3 -20 -12 6 1 0 -16 9 
-25 -8 -19 -1 -3 4 -7 -3 
-24 4 -4 -25 -7 0 -29 -40 
9 20 12 -10 -5 -4 3 23 
16 -17 0 29 3 -2 -3 -14 
-29 17 -7 -50 -8 0 8 23 
-3 -1 20 33 2 5 22 -14 
1 -4 -22 -7 0 -3 -20 16 
-1 -4 -2 1 3 -1 -3 -13 
-10 20 13 -3 -1 -3 8 -5 
3 7 16 5 5 -1 13 46 
-12 -14 -25 1 1 3 3 8 
-16 7 3 -10 -8 -5 2 -4 
24 -11 5 12 3 3 8 -12 
-14 3 -21 -40 -6 -1 -26 -4 
0 -22 18 26 5 4 12 -3 
7 42 8 -2 1 -3 -6 1 
24 -2 -13 -2 -5 -3 -16 21 
-8 28 -2 2 -5 -18 13 -29 
1 -18 -13 4 -1 -14 -15 3 
-25 -11 -12 -25 -5 -2 -2 -3 
19 16 34 26 2 3 -17 21 
-1 6 -14 12 2 12 12 -32 
23 -1 1 -11 0 15 -10 29 
-4 -17 16 2 0 5 39 34 
-19 5 -15 -6 5 3 -12 -20 
3 9 -9 -4 -1 4 5 24 
-34 26 18 20 -3 -13 -13 -42 
32 -54 -74 12 -3 -2 -13 -13 
3 -25 5 -14 -5 3 6 14 
-1 -1 42 3 -5 -1 20 22 
-12 -2 -12 -31 -6 -1 -16 -43 
9 -17 6 12 -4 -1 -37 -3 
-27 -27 -10 7 -5 -15 36 7 
16 18 -14 -21 -3 -2 3 -4 
-2 7 7 12 3 -1 31 40 
-15 1 -47 -41 -4 -7 -20 -18 
-4 -1 20 17 3 0 -19 5 
-2 -18 6 -3 1 -1 6 -35 
-33 24 -63 1 -1 -8 -11 0 
1 -30 43 3 2 2 11 4 
-4 -12 4 -13 1 1 -11 -38 
19 -7 -31 -2 3 -8 4 15 
15 -33 -10 -3 6 7 -34 14 
-25 11 -7 11 2 1 12 -15 
-48 17 49 -2 -3 4 -7 -29 
33 7 22 3 -9 -2 -12 14 
14 -11 15 14 -1 5 -2 -6 
17 15 1 -17 -3 4 5 25 
-7 -30 9 8 -1 -9 -24 -52 
-20 -25 -76 -11 -3 -8 3 -10 
3 4 18 -8 -3 -1 -3 5 
4 28 4 13 6 1 -12 38 
-1 -4 -31 17 0 -9 5 -18 
-22 12 64 -6 5 8 37 5 
8 7 4 -14 -9 -5 -34 0 
-11 -27 -20 -6 -3 1 2 11 
36 2 -32 7 2 0 10 2 
5 -3 29 8 0 1 -1 9 
30 39 27 4 4 3 32 11 
-8 31 21 -4 8 6 -5 3 
-19 -4 -6 1 -7 -12 -24 -13 
26 -6 -16 12 -1 -2 -33 4 
-40 -9 18 -16 -1 5 39 -4 
5 -6 -12 10 3 4 13 -14 
12 -3 0 -8 -4 -2 -8 35 
-7 8 -31 7 -4 -5 -6 -33 
7 -7 14 -28 -11 -8 -22 -23 
7 -10 -34 -1 -4 -6 24 -1 
-11 -28 18 14 7 10 23 47 
-5 20 -12 -13 -6 -10 -18 -30 
-10 -27 -18 18 -3 -12 -3 -11 
-11 5 10 -9 0 -2 -4 -22 
23 16 -10 -3 0 -1 -8 -6 
2 -18 3 -3 -11 -8 4 27 
-5 -4 16 9 5 5 -4 -12 
-8 25 -37 -3 -10 -12 -3 -9 
-2 23 2 16 3 2 8 34 
-18 10 -33 -15 -8 1 -17 -40 
-4 8 40 6 -1 -5 -4 31 
3 9 9 -14 -4 9 -3 -37 
29 17 2 -10 -10 -8 4 7 
-19 -28 -21 6 -4 -8 -12 -7 
31 55 21 14 1 11 13 5 
-33 -52 -63 -27 20 18 6 -2 
7 -7 -23 21 -13 -6 -14 -12 
-14 -49 42 24 3 4 8 13 
-19 -36 -20 -8 11 4 11 -5 
-15 16 4 -32 -12 -11 -14 -19 
29 13 -19 -8 6 -1 -3 -23 
6 0 39 9 0 5 -11 51 
-9 -20 -3 29 0 -10 36 29 
-15 -8 16 -28 -6 -9 -21 -9 
-5 -11 -31 -39 -1 3 -6 -28 
-7 39 -15 1 -3 -1 -3 0 
3 9 13 -7 5 12 29 0 
31 23 4 8 -8 0 17 -24 
6 -39 11 6 11 1 -19 53 
-19 -7 -2 20 -5 -11 12 -41 
-40 4 -48 -28 -10 -10 -23 -7 
42 -22 53 17 15 -5 -12 15 
-57 33 14 1 -6 1 35 23 
22 -8 10 11 10 7 -22 -76 
-19 -55 1 -13 -5 8 12 37 
52 -22 -1 11 -20 -24 -47 21 
-26 -18 36 -9 3 17 34 -8 
24 -10 -23 -27 -7 -20 -36 33 
10 9 27 45 6 -2 -43 -34 
19 15 -52 9 -6 -2 83 32 
-32 -18 -83 -69 -16 -10 -74 -28 
-45 -12 -3 19 3 7 53 57 
-6 -16 -20 -39 -3 -15 -82 -59 
21 34 61 28 -2 5 -6 39 
5 -14 42 -22 1 -2 -60 -43 
25 27 -15 11 11 -2 -8 -2 
30 26 5 -10 -8 -9 1 45 
-79 -23 0 -3 -5 -4 44 16 
14 8 1 5 -7 -7 20 1 
-20 7 37 -17 -1 9 -23 -28 
34 63 3 2 -11 -5 -45 -33 
-13 69 -41 0 9 14 -7 -11 
29 35 9 -5 1 3 -22 8 
-8 -27 -39 -13 0 -1 49 35 
-12 -28 -6 -21 -4 4 63 8 
-1 -19 46 9 -3 -9 -25 -32 
11 -22 -12 6 4 -1 34 24 
9 -21 -4 47 8 2 -9 -9 
-11 -37 -48 -43 -10 -7 -1 -3 
13 -17 49 13 6 1 -6 -8 
-14 22 -17 3 1 3 14 13 
15 12 34 -4 2 13 3 26 
13 -35 20 29 10 0 10 19 
-11 -18 -18 0 -5 3 -17 -20 
4 -6 9 -6 -14 -12 12 -37 
-1 4 19 -26 -11 -15 -31 -33 
0 5 -36 5 -1 2 -3 35 
-2 3 72 19 6 -4 -17 -41 
-11 -14 -54 11 0 -2 13 9 
9 17 0 -19 -6 2 1 39 
18 9 15 6 8 3 8 26 
-26 -21 -46 -22 -14 -6 -18 -65 
3 -19 17 16 9 8 13 -22 
4 -1 -15 -10 0 0 -9 38 
0 2 -14 9 1 2 -20 -40 
-29 11 25 5 -15 -3 3 24 
5 -4 19 10 -2 -7 4 -1 
-4 -4 -64 -22 -2 -2 11 -4 
29 30 90 21 3 -2 8 29 
-9 -9 -39 8 6 5 4 8 
-5 28 3 14 3 2 -3 -5 
26 21 17 0 6 6 8 27 
-18 -35 -25 -11 -3 -4 -27 -99 
3 5 -36 -14 4 1 7 34 
3 8 30 -17 -1 1 0 36 
2 -7 -1 12 3 5 -9 -66 
-10 14 -1 2 2 4 -4 -33 
-14 -26 -23 -7 -3 -2 18 12 
47 -4 -19 11 1 -10 -6 1 
-4 -2 39 -22 -14 -18 -5 41 
11 4 -52 5 -3 -2 8 14 
3 9 14 2 1 -2 -2 -22 
9 22 -39 -4 -5 6 3 -13 
-18 -13 21 -37 -5 0 -2 -31 
-1 -4 17 8 -5 2 4 23 
17 12 -15 -4 1 3 13 34 
-11 21 15 9 -4 -6 -9 -33 
-2 7 -32 8 3 7 2 -6 
-16 2 19 1 0 5 21 -4 
-6 13 -21 -17 -3 -4 -37 -29 
-7 -24 8 10 4 -3 13 18 
-7 2 15 11 3 -12 -13 -21 
-20 -3 -36 -22 4 -5 17 49 
36 -14 -7 22 -1 -1 -1 2 
-9 7 21 -4 -3 -10 -31 -48 
-7 -15 -35 1 -1 1 -1 -13 
4 17 13 -16 -10 -5 3 40 
-11 -36 6 -11 3 1 2 -8 
10 20 -34 11 3 0 6 38 
1 8 47 1 1 4 -3 10 
2 -24 -35 21 -1 -1 -11 -22 
0 -1 -13 -39 -8 -2 -1 18 
8 -19 7 6 1 6 11 20 
-8 -13 -23 -3 3 -3 -8 -18 
-17 3 -7 3 4 -2 -8 0 
20 11 21 5 0 -2 0 9 
-50 -8 20 -5 3 9 4 11 
-1 20 -7 -4 -7 -4 -10 -54 
-25 10 -15 -12 -6 -6 3 -10 
-5 -21 -52 5 3 -4 -7 12 
10 2 1 3 -11 -6 -12 -17 
6 -16 -8 14 -6 -3 30 45 
-23 -9 17 -14 -6 1 4 -57 
17 -2 15 -2 -3 -2 -18 0 
-17 -4 -13 -3 -2 4 15 12 
10 7 3 3 1 7 -2 22 
8 9 13 13 5 4 9 -11 
6 -2 -14 1 1 -5 -13 21 
-1 -6 13 -8 3 -9 -8 -38 
-11 2 6 6 1 -8 -6 2 
1 -4 -9 -13 -5 -10 -10 19 
-17 11 29 17 1 6 6 -33 
-5 -20 -8 -18 3 7 3 47 
-20 1 -38 0 0 5 3 -36 
-5 -19 -30 -13 -6 0 -6 9 
-1 -10 45 15 -6 -2 -10 7 
40 -7 -15 -2 -8 -7 5 11 
-51 -16 6 -1 -2 -3 2 21 
4 3 9 -5 1 1 6 -21 
5 11 -13 -13 -2 -10 2 -4 
-21 -15 7 8 6 -5 -1 -9 
6 -6 22 -20 -6 1 2 -10 
31 -1 3 6 -4 3 3 13 
0 -3 30 1 4 5 -13 35 
-9 11 -17 -7 -3 -2 4 -55 
11 -9 -30 -8 -7 -4 -8 5 
-3 9 13 2 -1 -5 -9 15 
-3 -25 -5 2 -2 -2 -6 -14 
16 7 10 16 4 1 4 36 
-11 -18 -7 -15 2 -8 -6 -1 
-9 19 -26 8 0 0 12 -4 
-10 -8 -24 -17 -10 -9 7 -18 
10 -6 14 9 -1 1 -3 -3 
-11 -1 -14 -1 -1 4 2 13 
17 17 24 13 9 4 -10 -3 
2 27 47 5 8 8 10 -3 
-16 -31 -54 -12 -7 0 -6 9 
16 21 37 9 0 5 -6 -12 
-30 -28 -14 -19 -10 -5 10 -52 
14 6 2 7 -4 0 -17 -1 
24 16 19 -7 -4 3 5 7 
-35 -1 -9 8 5 4 -10 -43 
17 2 30 -3 -1 -2 -2 50 
-18 3 5 2 2 -2 5 -8 
-11 -20 -26 -10 -7 -4 5 -3 
-6 8 -8 6 -2 -6 -17 -3 
-5 -6 -6 -2 0 -2 -3 8 
-29 3 3 5 1 -6 1 -17 
-3 -28 1 -5 -1 -7 -8 14 
11 28 2 4 0 -4 1 1 
1 -12 -23 -12 1 3 -3 11 
0 6 -4 -7 -5 -5 -2 4 
4 -5 11 7 3 -1 -9 14 
-34 0 -12 -2 -1 8 1 -2 
4 -16 -12 9 -7 -6 -6 -60 
5 -5 -5 -23 -5 2 14 21 
-2 21 -3 -15 -2 -2 2 14 
18 1 6 4 2 -4 -9 4 
-2 -4 -4 5 4 -1 -8 16 
-1 8 13 16 4 6 7 -19 
-6 5 -12 2 -1 4 -5 9 
34 -3 7 -12 -2 1 1 1 
-14 -16 -18 -2 -4 -8 -20 -32 
5 -7 7 -7 -6 -10 3 6 
-11 20 14 5 0 -1 0 2 
17 -4 9 1 1 1 1 -4 
1 -13 6 4 3 10 6 39 
-23 3 -8 8 3 -8 -4 -56 
9 -13 7 -17 -1 -5 -1 5 
0 -23 -30 -10 -7 -9 -4 -15 
6 18 14 -3 -1 -2 -5 -7 
1 -14 -43 -2 2 10 7 14 
-11 6 -11 5 -1 0 7 -29 
-21 -3 37 8 2 4 -13 3 
8 13 -9 -12 -3 2 53 18 
-19 4 -45 -20 -9 -7 -23 18 
-2 20 28 10 4 1 -2 2 
7 -4 6 0 1 -8 -1 2 
-15 7 8 7 4 -5 -17 9 
-1 -9 -10 1 -7 0 7 -30 
2 2 -1 -1 -5 -1 -6 35 
3 -5 -2 2 -4 -6 2 -22 
-1 3 16 1 1 0 0 -7 
32 -11 -1 -11 -6 -6 -2 23 
-6 37 10 1 -4 1 -8 -36 
15 4 -17 -8 -5 4 12 8 
-13 -9 0 -2 -5 -1 -5 -10 
15 17 17 13 9 4 0 39 
-5 -17 15 4 4 -5 7 -63 
24 -16 -38 -15 -4 -7 -7 20 
-13 3 -12 2 6 2 -6 -20 
-7 5 11 -7 4 7 4 9 
-7 -22 10 3 -1 7 -2 0 
19 6 13 5 -1 -2 4 18 
-18 0 -10 -2 -6 -6 -18 14 
6 4 -4 -7 -3 -1 8 7 
-29 -17 -26 -9 -2 -3 -2 -18 
12 4 11 -9 -7 -9 -17 -29 
7 4 -4 -6 -1 0 11 22 
-14 -1 12 9 2 2 4 -20 
4 6 -10 3 -3 -1 -8 0 
-2 0 -20 3 -3 2 4 19 
8 -1 53 4 2 2 -18 26 
26 -25 -28 -15 -9 -10 -6 -69 
-14 -4 -49 -6 -2 -2 -3 7 
-16 -26 3 -5 5 2 9 -3 
10 8 17 0 -3 -12 -7 -4 
-2 14 9 18 4 0 -6 9 
10 -24 5 -6 -1 1 16 3 
2 24 12 10 7 6 17 -11 
-46 -29 -21 -1 1 8 -12 22 
12 -20 -29 -7 -7 -1 -2 3 
1 -6 15 -15 -5 -4 -4 9 
4 4 12 10 1 7 2 8 
-4 5 -4 -3 -5 3 3 -29 
2 11 1 1 -1 -7 -12 19 
-1 19 10 9 0 -8 0 25 
10 -9 -13 -3 -3 -6 3 13 
23 -9 1 1 -5 -2 -4 -19 
-16 -3 -18 -5 1 4 13 10 
18 -3 -4 2 2 0 -13 -5 
-22 13 19 -9 -1 -6 -20 5 
-5 -15 -28 -1 -5 -3 15 -10 
-14 26 31 -7 -1 2 -7 -4 
14 -2 -1 3 7 5 1 24 
-14 -16 -25 -12 -1 -3 -3 -44 
49 5 -20 -5 -3 -3 1 30 
-23 2 1 10 2 5 6 -9 
0 -13 -27 -4 -5 -4 -5 -11 
-9 23 51 9 -1 2 5 -12 
4 -20 -60 -17 -8 -11 -5 13 
0 16 30 10 6 -1 -1 4 
-1 0 1 -14 -4 -4 -5 -11 
6 -12 -25 0 5 0 -5 21 
-14 11 36 4 0 -2 2 -27 
14 -18 -26 3 -4 2 -4 7 
-13 2 -7 -2 -6 -7 2 7 
-38 12 5 -4 -6 -5 2 -1 
4 8 23 -1 -2 -3 -1 8 
4 15 20 6 0 -2 -4 -51 
4 -5 1 6 -1 3 2 10 
-1 2 -2 3 -1 5 1 8 
-16 11 7 -2 1 7 -1 12 
9 -22 -21 -4 2 0 -5 10 
15 -10 -1 -12 -6 -5 -15 -7 
-13 -8 1 -9 -2 -3 2 0 
2 13 7 9 -3 1 7 -6 
-3 15 10 -1 2 2 3 22 
0 13 -11 4 6 6 8 -22 
24 -30 -37 4 1 1 -11 27 
-2 38 9 -10 -4 -8 4 -33 
-22 -9 1 -5 -1 -9 -15 15 
8 -7 -16 -3 -4 0 19 17 
-11 -16 -9 -6 -1 5 -5 -23 
11 -46 -5 -1 -2 1 -13 -18 
-3 -1 10 0 0 0 0 -5 
-6 5 29 8 1 -2 -4 25 
-6 14 26 9 -2 -1 8 -23 
23 -27 -33 -8 2 5 9 39 
8 13 28 3 -5 -3 0 -29 
-55 -7 18 -9 -4 -2 -9 -29 
24 7 -6 7 -1 -7 -1 -3 
-28 -3 -7 3 -3 -8 -12 -20 
-11 -18 -13 -1 4 8 19 5 
37 15 -1 1 -5 -4 -7 10 
-43 -6 0 -1 -2 3 0 7 
-6 9 10 -2 -4 -6 -6 7 
-1 -1 -28 -7 -3 0 6 -5 
1 3 20 1 3 -2 -16 -1 
-15 -14 4 -1 9 7 25 0 
16 -18 -47 -17 -4 0 -11 1 
-18 -10 6 3 -2 -5 -2 19 
-14 -5 -17 0 -8 -11 2 -37 
14 8 -13 -5 -9 -7 -3 0 
-5 4 29 6 5 6 13 0 
5 -12 16 0 2 2 -1 11 
0 3 2 0 6 7 2 13 
6 -38 -15 -3 -3 -3 -8 -42 
-6 5 6 2 -3 -9 -18 14 
-16 -9 -13 -14 -6 -4 -4 -17 
8 9 21 8 3 2 -3 6 
13 34 9 4 3 4 5 17 
8 9 -34 7 1 3 20 24 
-12 7 23 3 -4 -2 0 -38 
10 -4 -41 -11 -10 -7 -16 -17 
17 2 1 -7 -2 -4 4 23 
-21 -12 1 0 2 1 -8 -7 
1 -2 -3 0 5 6 6 6 
-7 7 12 3 5 5 -9 -4 
3 -2 8 9 2 -1 1 12 
-2 2 7 -3 -11 -8 -10 -6 
4 7 -35 -7 -4 -9 -9 -3 
-21 -21 13 3 0 -3 -4 -23 
38 11 -1 -2 2 2 2 10 
-1 13 36 1 10 13 4 -8 
-15 -8 0 3 4 10 -9 17 
2 -25 -58 -15 -8 -4 12 23 
-6 -4 4 -8 -7 -4 -15 3 
11 -16 -10 2 1 -6 -5 -11 
-1 12 9 -3 -7 -9 -12 -15 
27 2 3 16 2 -1 -3 17 
-16 0 -8 -14 -8 -2 6 17 
12 22 7 -7 -3 3 7 4 
-7 -12 1 -5 -7 -2 -3 -27 
-8 -1 9 -3 -5 1 8 1 
-1 4 -6 -1 -1 -5 1 -7 
-5 7 7 13 4 -5 -7 -1 
38 -5 1 1 2 -9 0 0 
-8 4 -8 -16 0 0 9 4 
-12 -13 -12 -3 -4 0 -8 3 
20 6 14 -7 -1 3 3 -30 
-41 -3 -4 3 0 -1 -2 12 
-20 0 13 20 4 -1 2 -31 
-2 -1 -23 -11 -3 -5 -7 1 
-6 -11 1 1 -6 -3 -1 2 
13 0 17 -2 -2 -2 -1 19 
-6 6 18 3 2 0 -5 5 
-8 -7 -21 -2 2 -1 2 -18 
13 14 17 0 -3 -2 -7 13 
9 -27 -22 -9 0 0 12 -1 
-14 -8 10 -1 3 -3 -21 -11 
9 -4 -8 3 2 2 3 4 
-25 -3 1 4 -1 -5 -5 1 
9 3 -14 -4 1 2 -5 6 
1 -7 2 -15 -8 -3 6 19 
4 3 4 7 -2 1 1 -4 
2 -15 -14 -8 -3 -6 6 -6 
-28 -4 7 7 -4 -4 11 1 
17 2 0 1 -3 4 0 -3 
0 -6 18 5 0 4 -5 21 
-17 15 0 -3 1 4 -12 -18 
40 47 6 2 3 1 10 24 
-12 -2 -10 -6 4 -2 -4 -19 
-3 -3 -4 4 0 -3 -12 -22 
-15 -17 -6 2 -2 -1 0 19 
13 -18 -35 -3 -6 2 -5 -29 
4 -10 43 0 -4 5 8 -1 
-12 20 4 18 8 2 1 -2 
16 10 11 -21 1 3 7 49 
5 -5 -18 -9 -3 -8 -8 -64 
-33 -10 -26 -7 -5 -15 7 -7 
8 -8 -4 -4 -7 -7 -1 -4 
6 -4 2 1 -2 -3 0 4 
0 2 3 6 1 -1 -1 12 
23 28 17 10 2 5 -3 -3 
-5 4 23 -8 -5 2 12 -2 
-12 -26 -65 0 1 -1 -20 -23 
-14 3 1 -10 5 -7 20 34 
-3 -4 0 5 2 -6 -12 -29 
-22 -14 -5 -12 -5 -6 -2 6 
1 19 12 6 -3 7 4 -19 
-6 -28 -9 -1 -5 2 -12 7 
8 3 -17 4 0 5 3 28 
9 12 -1 -11 -2 -4 -1 3 
41 5 24 0 -2 2 13 18 
-44 -4 4 4 4 -4 -31 -67 
0 2 -7 0 -5 -7 -7 -3 
14 3 -11 2 0 0 4 23 
-19 -4 28 5 5 -4 2 -25 
24 14 -18 -4 -1 -3 4 61 
-9 -26 -11 -13 -3 -3 1 -13 
6 3 -1 -4 2 -6 -8 -9 
-13 -14 -25 1 0 -4 -1 -3 
-40 -1 17 -3 -3 3 1 -46 
7 5 14 6 1 3 -1 17 
-7 -24 -29 -1 -5 -1 8 -8 
1 11 -9 -7 -6 -1 2 19 
4 -13 16 3 -7 5 -1 -53 
