#EMG
#4
#ID:4-72
6 -1 -8 -6 -4 -2 0 -9 
-20 4 7 -7 -1 -3 -1 -25 
11 -1 6 3 -2 -1 1 17 
-6 -8 19 11 0 2 19 7 
18 21 27 -3 4 1 5 15 
-1 -1 -13 2 -3 2 10 21 
-23 -9 5 1 -3 -5 -21 -65 
-11 -4 -14 2 -1 -3 -3 13 
29 -11 -29 -19 -7 -4 -14 -13 
2 18 8 4 0 -3 9 10 
-1 -12 -3 -2 1 0 4 0 
3 9 -7 -1 1 2 -1 5 
-8 2 42 10 3 5 3 8 
17 7 -17 -2 0 -2 -14 -12 
-11 -32 10 -10 -9 -9 -1 -2 
1 -6 -20 -8 -3 -4 -8 -1 
6 9 12 6 5 4 2 -10 
-12 -1 12 1 1 1 -7 3 
5 21 -3 3 2 2 2 22 
-26 -11 0 -18 -8 -3 -11 -60 
5 -4 -14 10 -2 2 18 20 
-8 -24 3 -4 -5 -6 -25 -14 
23 14 -18 -8 -2 0 25 16 
-3 -5 -5 6 2 -4 -21 4 
1 -1 -9 -7 -4 -4 -3 -3 
-4 -9 3 -4 -1 -2 0 -2 
9 5 19 17 5 4 -1 -5 
11 -3 -39 -20 -6 -2 14 -4 
-16 -10 1 -3 -6 -5 0 6 
9 2 8 5 0 -1 -9 14 
2 -2 -14 7 3 0 14 6 
-20 5 0 -17 -6 -1 -3 4 
1 7 -10 -9 1 -2 -8 -17 
-1 -8 14 6 -1 3 -2 15 
-4 1 13 7 1 0 5 0 
13 -19 -27 -5 -1 -2 6 17 
-19 -2 -6 -4 -1 -5 -8 -17 
-11 8 -1 0 0 0 16 -22 
8 -6 -31 -11 -5 -5 -19 25 
20 0 14 18 8 5 4 -2 
-4 2 2 -13 -3 -1 -4 11 
1 -10 -16 1 -2 0 12 11 
-20 -8 0 -9 -5 -2 -12 -31 
10 20 5 -5 -2 -1 -4 -11 
-22 -11 -1 8 1 0 -2 -10 
5 -6 -5 -8 -2 -4 -18 -21 
-1 4 -13 5 1 6 36 33 
3 9 34 -7 -2 -3 -17 -7 
7 4 -3 9 -2 0 9 14 
-18 -2 11 -2 -3 -2 -7 -3 
4 -5 -9 -5 -4 -4 -11 -10 
4 -19 4 -7 -1 0 -3 6 
24 -5 -22 7 -2 -1 -4 47 
-51 -8 -7 -8 -4 -5 10 -76 
-6 3 10 3 0 -2 -9 -12 
12 4 -4 8 1 0 -12 7 
-6 -4 0 2 0 -1 -1 18 
15 14 4 3 -1 2 0 17 
-2 5 -5 -11 -4 -2 -9 -13 
-13 -15 -11 8 -2 -2 -5 -8 
-27 1 -4 -12 -2 2 21 -17 
54 4 -5 2 -3 -5 6 60 
-18 0 0 -7 0 -2 -11 -45 
-33 3 1 10 -3 -2 12 -22 
30 1 -7 -12 -3 -4 0 15 
-13 5 3 -4 1 3 2 -28 
11 -28 18 1 -2 -3 -10 13 
-8 17 -15 -6 3 1 10 1 
-9 -7 -1 0 -3 -2 -23 1 
-5 -7 -2 -6 1 -3 -13 10 
7 6 6 1 0 2 8 -15 
19 -3 -19 3 1 -1 -2 14 
-25 9 34 2 2 2 1 12 
-1 3 1 -2 -1 -2 -9 -24 
-17 -4 -17 2 -3 -3 -8 2 
-2 -9 21 -5 -2 0 0 -8 
8 -3 -11 2 1 -1 -6 15 
11 -3 -9 -14 -3 -3 -5 -15 
-14 -2 11 15 3 3 13 26 
8 10 -3 4 -1 -2 -6 -33 
-1 -7 -11 -6 -6 -6 5 -25 
4 -4 -1 -12 -2 0 -1 28 
12 -2 -4 -9 -1 -1 -12 -15 
-20 1 18 13 0 1 4 22 
4 8 -3 -3 -3 -2 -2 -17 
-4 -11 0 11 1 -1 13 18 
-3 -6 -45 -20 -6 -3 -21 -30 
12 -14 -43 -5 -1 -3 12 19 
-15 -3 32 1 0 0 1 -13 
-5 19 2 6 0 -1 -5 2 
-15 -22 21 -1 1 2 -5 1 
15 14 7 4 -4 -3 0 8 
26 -5 -26 5 1 -1 8 -1 
-42 5 16 -18 -3 1 8 2 
17 10 15 -8 -3 -8 -19 31 
-13 -7 -12 -6 -4 -2 13 -42 
3 14 8 13 6 4 2 5 
6 -6 7 4 -2 -1 -12 -12 
18 29 -11 -3 -3 0 24 4 
-17 -4 49 1 -2 -2 -17 17 
-9 -7 -27 -9 -3 -3 -10 -18 
9 -9 -17 -6 0 -3 3 11 
-23 3 7 11 -3 -1 -11 -8 
17 23 -22 -4 -1 -2 -1 0 
2 -9 -23 -11 -4 1 8 12 
7 6 38 4 -3 0 -10 -28 
-4 -15 -17 -1 -3 -5 20 6 
-3 4 12 0 0 -3 -21 10 
-20 -15 -4 5 2 0 -14 -24 
21 -10 -14 -16 -1 4 24 31 
-16 -16 6 16 0 -1 -5 -10 
9 -27 5 -1 4 6 -5 -2 
-3 42 13 7 1 2 26 12 
31 -17 -1 13 -5 -5 -16 28 
-13 -7 17 1 4 2 1 -37 
-19 -9 -9 -11 -2 -4 -1 -9 
10 -16 -12 7 0 0 -15 24 
0 12 -14 -11 0 1 -1 -20 
8 16 -1 -18 -2 1 2 24 
-63 -32 -6 32 -5 -4 5 -21 
17 -11 -10 -9 -4 -7 -15 -8 
-24 11 5 24 6 3 3 -6 
26 -62 -71 -43 -12 -10 -11 3 
4 6 18 11 5 5 -10 8 
8 27 25 -31 1 5 5 64 
-14 -44 23 28 2 -4 -12 -65 
-20 -6 11 4 0 3 20 -24 
-30 16 -22 3 1 6 14 -10 
-4 20 -16 15 1 -2 -14 3 
16 14 31 -21 -9 -11 -34 4 
17 29 -27 10 -1 -3 5 25 
0 0 21 -15 -1 1 14 -6 
6 -15 -4 3 -1 0 -13 -18 
7 41 -83 -30 -14 -11 -2 -20 
24 40 81 11 6 5 -18 -16 
-18 -4 25 12 -2 -3 27 47 
-8 -50 -81 -22 1 -2 -4 -32 
-31 -11 7 19 0 3 5 14 
-30 -13 4 -3 4 5 1 7 
73 8 -11 -26 -2 2 -8 18 
-39 46 41 13 -6 -5 -16 -28 
0 -27 14 5 4 0 38 15 
-4 -12 -19 0 -3 0 3 -6 
13 17 3 -5 -2 -4 -23 -14 
-17 -9 18 1 -3 -3 4 -10 
26 11 -17 -27 -2 3 -2 30 
-6 5 40 29 1 -3 -13 -15 
-13 -26 -25 -20 -7 -3 7 -17 
34 10 15 -4 -2 3 3 15 
-33 -20 -32 23 4 -1 -14 -34 
18 -4 -26 -38 1 -2 33 48 
-15 -10 -23 -3 -7 -6 -14 -30 
1 5 25 -4 -3 -5 -3 -28 
-16 -13 7 7 3 8 19 11 
-4 17 42 3 0 2 -20 31 
7 22 -25 6 6 -1 -5 4 
-7 -7 -19 -4 -7 -3 22 1 
28 9 32 22 8 3 -5 14 
-33 7 -46 -35 -13 -12 -6 -32 
17 -36 -14 -20 -4 -2 -20 2 
8 -22 0 29 7 3 14 9 
19 32 91 -6 0 4 -4 41 
-13 29 -67 -15 -1 -6 -6 -55 
-4 -1 -61 32 9 8 -3 4 
-4 -15 21 -5 -5 -4 -2 11 
-10 -1 -4 -7 8 1 -13 -24 
7 2 51 21 -20 -3 22 37 
21 22 29 -16 6 -5 1 -17 
-38 -29 -82 -28 -16 -5 -13 3 
-35 -31 -73 2 -13 -9 4 -40 
20 3 -2 7 13 8 -7 37 
15 52 95 67 15 5 4 1 
-18 -51 1 -91 -16 -6 1 -30 
17 27 -66 -32 -11 -14 -18 11 
-37 -16 22 28 10 10 -5 -50 
18 -34 -45 16 0 -3 -9 39 
15 14 48 -10 9 6 10 -11 
-8 -6 21 2 1 2 5 8 
37 -16 -6 -3 -2 -5 -20 5 
-13 -1 17 -17 -3 3 16 15 
6 20 28 30 7 1 11 33 
-29 -10 -4 14 2 1 3 -29 
14 4 11 32 10 2 22 14 
-24 3 9 -26 -17 -10 -34 -26 
-8 -6 -27 7 -3 -1 -40 -11 
-6 21 15 -7 4 5 37 33 
3 -35 -8 8 0 -6 9 -28 
8 -15 -8 -27 -7 -4 -3 13 
4 14 22 28 1 -2 26 -5 
-51 -11 -8 -18 -9 -7 -30 -72 
-41 -14 0 7 7 1 10 -10 
17 -2 0 8 -3 0 9 47 
-35 4 2 -17 -2 -6 -26 -56 
22 13 -18 30 2 0 9 28 
55 0 -21 -12 -7 -1 -33 31 
-6 7 21 -44 -1 6 33 -31 
27 31 33 28 10 0 -45 35 
22 -30 -49 3 5 2 35 21 
-67 36 8 11 4 3 -68 -49 
-11 20 -47 12 -13 -8 56 74 
8 -48 -28 -19 -2 -3 -4 -58 
27 -71 -35 -26 0 -2 -30 -18 
-5 -12 -2 1 -18 -11 21 79 
-30 0 -60 -7 11 10 -12 -99 
11 91 40 32 3 4 58 68 
36 16 -10 -15 -8 -7 -89 -40 
-38 -100 -38 -23 -6 -2 88 20 
8 19 38 -16 -1 -2 -9 20 
0 -5 -66 36 -3 -7 4 -26 
-1 -72 77 4 -2 -5 -20 -6 
-12 -31 6 1 6 3 -24 -16 
1 9 10 4 2 1 -40 -46 
30 -17 29 1 5 7 43 53 
-22 15 2 6 2 4 14 11 
0 24 -9 -20 -7 -9 -6 -11 
18 14 19 16 2 6 1 23 
-1 -51 5 -7 -1 -2 -23 -27 
-7 45 -9 8 2 -2 18 6 
25 4 14 9 -2 3 -1 -10 
6 -24 -24 -13 -21 -6 -13 -4 
-15 -2 8 2 6 -3 -12 5 
12 17 17 -3 0 6 21 7 
11 28 1 -16 -7 -17 -23 -9 
-20 -10 7 20 20 8 3 7 
1 -56 -60 -23 -9 -1 3 14 
-11 -3 -33 -8 -10 0 20 24 
-13 34 9 3 6 -3 -27 -77 
17 -26 -16 -10 -6 -4 -9 33 
12 15 71 14 13 13 12 23 
3 15 -5 -2 -3 -6 -8 -19 
10 19 -13 0 6 6 8 16 
-16 -23 14 -20 -20 -15 -12 -35 
-14 -39 -9 -1 1 -2 0 25 
24 57 32 0 -13 -1 17 36 
-6 2 46 50 22 -3 -5 -5 
-8 -27 -70 -6 -17 1 0 -18 
14 8 -15 -6 -6 -5 -18 -31 
-9 5 25 -12 0 3 6 25 
2 -4 -2 -3 4 6 14 13 
12 21 48 1 11 -8 -9 -7 
-21 4 -49 -47 -24 -2 -17 -21 
3 -27 -7 13 9 4 5 29 
9 32 -9 -21 -3 7 24 -4 
-35 -26 9 -3 -4 -5 -4 63 
33 34 17 2 5 -5 -3 -70 
-44 -8 30 -5 -2 -3 7 -17 
4 -2 -10 -28 -6 -2 -11 -4 
1 13 40 25 20 10 14 4 
-3 9 25 21 -5 -9 0 11 
10 -11 -43 -4 -4 0 -5 6 
18 -6 -35 -12 -9 -1 7 44 
-14 -13 -29 -8 -1 -7 -4 -62 
-4 20 22 1 9 6 -2 4 
5 -16 -11 17 1 -1 0 3 
14 -9 -7 -5 -4 2 -4 -8 
20 3 -1 16 2 -6 -4 2 
-3 6 -3 -10 -9 -4 6 6 
-17 6 -1 -3 0 -1 2 -6 
33 4 14 3 -3 -1 -4 53 
10 3 6 -14 -1 0 -3 -47 
-27 -13 -22 4 -3 0 -7 -31 
9 9 -17 6 0 -2 5 38 
-12 4 7 -19 -2 2 -12 -28 
9 3 -6 -4 -2 1 30 23 
-8 2 5 9 -1 -2 0 19 
-13 -5 -12 -9 -1 -6 -13 -44 
11 -17 -9 0 -5 -1 -4 5 
-24 -7 -16 10 -3 -5 -4 -7 
2 2 30 6 6 3 4 26 
13 22 -4 -19 -6 -5 -3 10 
-48 -15 -13 0 -4 -2 1 -25 
24 8 11 -7 -1 -1 -6 -9 
3 -1 5 13 4 1 3 -9 
-15 -2 7 2 -2 2 -5 -13 
8 7 4 3 -3 0 2 12 
-12 -14 2 -2 -5 -4 -3 12 
5 0 -21 -7 -2 -4 -2 2 
16 6 18 -1 1 -2 -3 -6 
2 20 35 2 1 1 1 -24 
7 -24 -38 -9 -8 -2 -10 21 
-21 5 8 0 1 0 5 -7 
-5 -11 -8 -15 -5 -2 -1 -9 
9 2 -14 7 1 -2 6 44 
4 6 19 -2 6 6 3 2 
-4 -22 -31 -20 -9 -8 -14 -16 
-12 -4 -13 17 4 -2 -3 -16 
-7 -3 9 0 -1 -3 -5 -22 
4 15 -24 -6 -2 -3 -1 19 
6 -26 17 -13 -5 -5 5 27 
-7 -11 -6 -5 -1 -2 -4 -8 
-2 -8 -31 8 1 -2 0 -10 
-1 -10 1 2 -4 -2 -4 -3 
-5 10 0 5 9 1 -2 -12 
12 3 26 3 2 3 -4 11 
8 10 -19 -3 -4 3 6 6 
-18 -11 7 3 3 -1 -10 -50 
-2 -2 -18 -8 -12 -2 -1 7 
1 -22 -9 -3 -2 0 5 21 
-3 10 15 -3 1 2 13 -35 
-4 6 -13 -1 0 -3 -8 18 
1 -2 6 9 3 -1 -6 -13 
11 10 -25 4 3 3 -1 -13 
-20 -2 54 -1 -12 -9 -4 27 
-12 -25 -37 -11 -5 -4 5 -33 
3 12 10 -3 -1 -4 -5 5 
-11 -15 -3 4 1 -2 -2 -2 
2 1 -9 2 4 0 -6 -12 
3 8 36 0 -6 -3 1 22 
-6 1 0 3 2 2 0 21 
3 4 -26 -3 -5 -4 -6 -41 
-9 -18 -14 -2 -5 -1 -5 1 
3 2 12 5 1 0 1 7 
4 -8 -11 -16 -8 -2 2 -9 
-4 8 19 1 3 2 1 30 
-4 -7 -5 -2 0 -1 -4 -28 
0 12 5 6 4 2 3 3 
-5 6 -2 4 2 -1 0 -9 
4 -2 5 -7 -4 -3 0 23 
-1 5 -5 0 1 -2 -2 -16 
2 2 -1 0 -2 -1 3 7 
3 2 -1 0 -2 0 -1 -3 
-7 -6 5 -5 -4 -3 -3 1 
2 0 -8 1 5 1 -1 7 
-2 4 14 2 0 -1 -3 -4 
1 -5 -6 3 0 -3 -1 2 
-5 -1 -1 -7 -6 -4 0 -3 
0 3 2 -2 -3 -1 0 0 
1 3 0 -3 0 0 0 2 
-3 -3 -7 -1 2 0 -2 -3 
-1 3 6 2 1 0 0 -6 
-1 -5 -5 -4 -4 -4 -3 3 
-1 -10 -8 -7 -3 -2 -1 1 
2 7 2 6 1 0 2 1 
-3 -1 5 5 0 -3 -1 -11 
-1 0 -1 -17 -8 -3 -2 5 
0 -9 -10 -2 0 0 0 14 
-7 -2 -2 1 -2 -2 -3 -32 
-1 3 4 0 3 -1 -1 0 
0 -4 -12 1 -1 -1 -2 -1 
-2 4 1 -4 -2 -2 -4 -2 
-4 -8 -6 -4 -2 -4 1 5 
-3 -5 -9 -2 -4 -2 -7 -2 
8 6 22 2 1 2 8 7 
-12 0 3 0 0 -2 0 8 
-1 -2 12 2 0 0 -3 -18 
-4 -8 -21 -6 -4 -4 -1 -5 
2 -5 -10 -2 0 -1 -1 5 
1 4 9 4 1 0 0 -5 
-4 -13 -30 -3 -4 -1 0 5 
-8 6 20 5 1 0 2 -8 
6 -3 -16 -10 -4 -4 -4 10 
0 -8 5 -2 -2 -1 2 -6 
2 15 -11 -1 0 -1 -2 8 
2 -6 3 -1 -2 0 -2 -4 
-8 -4 -2 4 1 -2 -3 -3 
-2 -1 -2 -6 -4 -2 -2 -9 
5 4 -6 -1 1 1 3 12 
-2 -2 8 -4 -2 -1 -2 4 
-7 1 11 3 2 0 -1 -10 
2 -3 -7 -1 0 -1 -1 4 
-5 -3 7 3 1 0 -1 0 
1 2 -15 -2 -4 -2 -2 14 
-24 -8 3 3 0 0 -3 -25 
3 -1 -7 -3 -3 -2 -2 -2 
-3 9 -4 1 2 2 2 -5 
11 -23 1 -14 -8 -6 -3 19 
-15 -6 -38 -11 -1 0 -2 2 
-10 4 14 5 0 -2 -2 -1 
11 -1 11 0 -3 -3 -1 -15 
8 3 -4 5 5 2 -1 0 
9 11 8 4 3 4 1 -1 
2 -1 -16 -4 -2 -2 1 43 
-14 -8 -19 -9 -6 -6 -6 -46 
-5 -9 8 -2 -3 -1 2 -12 
7 0 8 1 -2 -2 -2 8 
0 2 -10 -1 0 -2 -2 -7 
-1 1 13 2 2 -1 -1 12 
-3 11 -4 4 4 0 -2 -9 
-3 -2 3 1 -3 -4 -4 -1 
0 2 -1 -2 1 4 1 -12 
5 -6 16 -3 -4 -2 0 15 
-2 -10 -36 -8 -3 -3 -2 -9 
7 4 6 3 -2 -2 -1 25 
-13 -3 1 -2 -4 -6 -2 -36 
3 -4 -6 1 1 2 1 13 
-2 22 14 0 3 0 0 -3 
9 -4 13 5 -1 -1 1 -4 
-4 -2 -24 -4 -4 0 -3 -2 
-4 -10 17 0 -4 -4 -2 12 
6 2 -7 3 1 3 4 4 
-3 1 3 -7 -1 -2 -2 -17 
1 3 30 9 3 2 -1 8 
-9 3 -16 0 -2 -2 -4 -5 
-4 -6 7 3 1 -2 -5 -6 
27 -4 -6 -1 -3 1 5 47 
-12 18 23 -2 2 0 -6 -72 
-28 -2 11 0 2 -1 -1 -8 
10 -8 -7 -5 -6 -1 1 12 
-12 -6 0 -4 -3 -2 0 0 
14 -5 -2 -4 -4 -4 -4 11 
7 -3 -1 1 -2 -2 -2 4 
-14 6 4 0 0 -2 -2 -9 
7 9 -16 -3 1 1 -1 -3 
1 -10 13 -6 -5 -2 -1 6 
14 3 14 -3 2 3 1 -17 
-31 -15 -3 -2 -2 -2 -2 7 
-3 1 1 -2 -2 0 -3 -13 
2 -8 -14 2 1 -1 2 13 
-4 -9 -17 -6 -2 -3 -4 9 
15 5 23 6 6 3 1 -18 
-7 -13 -28 -13 -9 -7 -7 7 
-7 -13 -29 -2 -4 -3 -1 3 
5 8 17 -2 -1 -2 -2 -6 
4 4 -1 -1 1 -1 -2 3 
-10 2 3 2 1 0 -2 -20 
18 0 -7 -3 0 -1 -1 20 
-17 -7 -10 5 1 1 3 5 
-24 2 -4 -13 -10 -3 -2 18 
-16 -11 27 1 0 -3 -5 -43 
3 -5 -6 -2 -3 -2 -5 15 
7 6 -24 -4 -2 -2 2 -8 
3 4 16 2 1 -1 1 -8 
1 0 1 8 2 -1 1 11 
2 -3 -11 -5 -3 -2 -1 -1 
2 -3 8 2 0 0 1 0 
3 -12 6 -7 -3 0 -1 9 
1 -2 -34 -1 -4 -1 1 -5 
-9 3 5 -2 1 0 -1 -10 
0 -7 -10 -4 -2 -3 -3 10 
6 5 -2 2 -1 -2 -1 -12 
2 13 58 7 5 4 1 3 
12 11 1 -4 -3 0 2 6 
-10 -15 -26 -9 -5 -3 -3 1 
-5 -10 -27 -1 -2 -2 -4 -26 
5 -1 -12 -10 -4 -4 -4 -5 
-17 2 16 5 3 2 4 12 
23 -1 10 -1 0 -1 -2 5 
-28 -5 -18 -2 -1 -2 1 25 
-2 0 0 4 -1 0 -1 -36 
4 -24 -13 -7 -4 -2 -1 -8 
-3 -2 -9 -2 -2 -1 -2 -1 
1 5 13 0 -1 -1 -2 -4 
12 3 -18 1 -2 -1 -3 20 
-14 2 1 -4 -6 -5 0 -1 
-6 -5 12 -3 -4 -3 -3 -8 
12 9 5 3 1 1 1 3 
-7 -3 -6 -2 2 0 -2 4 
1 5 3 -1 2 1 -3 -10 
4 3 -8 3 1 2 3 13 
4 0 -18 -4 -2 -2 -1 6 
7 -5 -1 -3 -5 -6 -3 -20 
-13 0 4 -1 -1 1 -1 -3 
0 -4 -3 -1 0 -1 -1 -4 
4 6 13 3 0 -1 -1 -1 
-2 1 -10 4 1 2 5 17 
3 2 19 -1 -3 -2 -4 -26 
24 3 5 -4 -4 -7 -2 4 
-18 4 -6 -1 -1 1 -1 -9 
1 2 -2 -4 -3 -2 -1 8 
-3 -1 0 4 2 1 0 -4 
-3 7 2 1 1 0 0 2 
10 6 18 0 -2 -3 -6 -8 
11 -7 -13 -3 -3 1 6 42 
-37 4 19 0 0 -2 -5 -64 
-19 -10 6 -7 -5 -3 -2 -7 
4 -7 -9 -2 -1 -5 -2 2 
-12 2 4 -2 0 0 -2 -8 
22 -4 -8 0 -1 -1 1 25 
0 0 -3 0 1 -1 -1 3 
-5 2 8 0 -1 -2 -4 -19 
6 3 11 -2 2 1 4 16 
15 -14 -33 -6 3 3 3 8 
-32 11 5 -3 -3 1 -2 -20 
3 -16 -2 -2 -3 -4 -2 4 
-13 -3 -2 -1 -1 -3 -6 -15 
9 1 -2 4 1 -2 0 22 
1 2 -4 0 2 1 1 1 
6 -2 0 -1 -1 -1 0 4 
1 -5 -7 -2 -1 2 -1 -26 
-23 -26 -30 -8 -9 -6 -7 9 
10 -4 -24 -2 -4 -1 0 15 
-1 -5 4 -4 -4 -3 -4 -9 
-7 -1 -11 0 0 -2 -2 -8 
10 15 3 2 1 -1 -2 6 
17 -2 3 7 3 3 0 1 
-3 0 -17 -4 3 3 6 52 
-18 -12 -2 -4 -6 -5 -10 -74 
6 19 6 -1 1 0 2 -4 
-4 -8 7 1 0 -1 -4 1 
7 13 23 6 3 1 0 -12 
0 2 -2 -2 1 -2 3 24 
-3 -6 -1 2 -3 -1 1 10 
31 1 10 0 3 0 0 -5 
-51 -13 -9 -7 -8 -2 -5 -6 
-5 0 -8 -5 -1 -3 -3 5 
1 -2 -2 -2 -1 -3 -1 -8 
1 4 1 0 0 1 0 7 
14 9 3 2 0 -2 0 -11 
-3 -3 3 0 0 -1 -3 9 
-5 4 10 1 0 -2 -2 1 
-5 -9 -21 -7 -4 -3 -4 2 
9 -1 14 0 1 1 5 -3 
-37 -6 -8 -3 -3 -2 -4 -24 
9 -1 7 -4 -2 -1 -2 11 
-14 -5 -12 0 0 -1 0 -8 
18 12 23 -4 -3 -3 -4 -6 
2 -6 -15 1 2 2 4 13 
8 -3 12 3 1 1 0 20 
-7 -5 -6 -10 -9 -5 -4 -7 
-2 3 -9 8 1 1 -1 -5 
10 0 10 0 1 0 1 5 
-7 0 -11 -1 -2 -3 -3 -11 
-5 -2 1 2 1 -1 -2 2 
5 2 -8 -4 -2 2 0 -6 
0 -4 -4 -4 -4 -1 -3 -2 
4 -9 1 2 -1 0 3 10 
-13 -1 -9 -6 -3 -4 -5 -24 
-19 -14 -15 -5 -1 -3 -1 4 
1 2 8 2 -1 -1 -1 7 
4 2 13 -2 -1 -3 -2 8 
12 -1 -1 -2 -4 -2 0 5 
-9 -7 -21 2 0 -3 -2 -10 
-13 -4 14 -6 -4 -4 -2 13 
-4 9 5 4 2 2 2 -28 
1 -11 18 4 -1 0 2 5 
9 9 -7 4 -1 1 -4 -13 
5 -11 -5 -4 -1 -3 2 10 
2 -4 -6 -1 -2 -1 -2 -3 
-1 0 -11 1 1 -1 2 36 
4 4 29 2 2 -1 -2 -38 
-23 4 10 -1 -3 -3 -4 -8 
6 -8 -14 -6 -4 -2 -4 6 
-7 -4 -8 -1 -3 -1 0 -6 
8 -1 -1 -1 -2 -1 0 18 
15 5 0 1 2 2 -2 -5 
-13 -10 -11 -3 -1 1 -1 -16 
5 9 21 4 3 2 2 29 
-11 -3 -5 -3 -2 0 -2 -29 
21 0 -11 0 -2 -1 -3 8 
0 -3 0 -2 -2 -4 -4 6 
-16 0 3 -1 1 1 -2 -15 
8 -5 5 -2 -1 -2 0 13 
18 7 -7 4 1 4 4 29 
-26 -10 19 -10 -7 -5 -8 -59 
-15 -1 20 -5 -1 -1 1 -5 
-5 -3 -6 4 -1 -1 2 -3 
2 -2 -23 -2 -3 -3 -2 2 
15 8 5 6 0 -1 -2 14 
3 6 26 1 4 6 3 -7 
-1 -14 -26 -10 -7 -5 -5 11 
-9 0 -1 0 -2 -3 -3 -19 
8 -3 -3 3 3 0 -1 16 
-8 -8 -22 -5 -6 -5 -1 -31 
8 -2 -6 -1 -1 -1 2 14 
6 2 6 1 -2 -1 0 -5 
-11 8 -1 -2 -3 -3 -3 0 
1 -5 -19 3 1 1 -2 0 
6 -1 8 4 1 0 3 -1 
15 -11 -7 -13 -5 -3 -4 -3 
-42 -8 -15 -1 1 2 2 3 
9 11 12 2 -1 -2 -2 -5 
-7 -6 -2 -2 0 -2 -1 1 
11 15 17 12 5 3 0 3 
9 1 -5 -5 -5 1 2 5 
5 -6 -24 -10 -2 -1 0 -9 
-17 -4 -3 -1 -2 -2 -6 2 
-6 -5 0 0 -2 -2 -3 -5 
10 1 -13 2 1 -1 5 8 
0 5 27 2 -1 0 -2 3 
4 5 -2 -5 -3 -1 -2 9 
-7 -1 7 5 3 0 -2 -14 
5 -9 -5 -4 -3 -1 -3 -8 
-20 1 -15 -6 -5 -5 -4 0 
2 -18 1 -2 -4 -1 2 8 
-11 -8 -14 -4 -3 -3 -1 0 
-1 3 3 -1 -2 -4 -1 -3 
5 7 -2 4 0 -1 -2 0 
16 8 11 -2 2 -2 -2 0 
-5 10 7 1 2 4 6 21 
-22 -18 -28 -11 -5 -6 -8 -24 
-2 -5 -8 6 -2 -3 -3 -5 
-7 4 -2 -1 1 0 -1 -5 
0 2 10 -1 -1 -1 1 0 
8 6 0 2 3 1 0 13 
-1 0 0 0 1 0 0 6 
5 1 -12 2 2 -1 -1 -6 
0 -7 11 -4 -1 -3 -5 8 
2 -5 -12 -11 -4 0 0 -19 
-14 -6 -9 -3 -3 -4 -4 -13 
-3 -8 1 2 -2 0 -1 -5 
7 1 -15 -6 -4 -1 -1 -6 
-20 -8 31 11 5 3 3 12 
20 12 11 2 1 -2 -1 5 
-8 -12 -37 -15 -7 -5 -6 -10 
-24 -8 -2 0 -2 -3 -2 1 
23 -1 -7 3 -1 -1 0 10 
5 -4 -11 -7 -2 -2 -2 -5 
1 8 16 6 1 0 -1 -5 
