#EMG
#0
#ID:0-33
-44 5 24 26 10 5 11 -3 
30 11 -7 -3 1 3 15 -1 
-12 -30 -22 -3 -6 -4 -16 12 
-3 4 5 1 -1 -1 6 -25 
7 -10 -15 1 -1 -7 -9 8 
16 41 22 13 3 3 -10 11 
5 -13 -28 -5 -2 -3 6 -43 
-42 -11 10 -5 -4 -3 2 -24 
25 18 -6 14 1 0 -3 -6 
-39 -9 -8 -15 -6 -5 -20 -21 
20 11 4 -8 0 1 6 28 
10 -3 -4 -23 -9 -3 -1 18 
-10 -10 -40 -8 -5 -5 -10 -15 
-2 2 16 14 2 -1 2 -2 
3 -12 -11 -9 -3 -4 -12 12 
-2 4 31 6 -3 -2 -3 -4 
8 2 14 2 1 3 3 2 
-4 2 0 21 4 -1 6 -2 
-7 -7 -22 -26 -10 -2 -1 -14 
-4 16 10 8 3 -4 -14 12 
40 -23 -9 -4 -3 0 19 22 
-16 0 13 13 5 1 -5 21 
-2 2 4 -1 4 0 1 -53 
-2 -8 -6 14 0 -3 -10 -1 
11 12 -5 -22 -3 -1 1 10 
-2 -6 11 0 -1 1 18 -1 
10 -7 -22 -6 1 -1 -8 28 
-19 -17 -21 -7 -7 -3 -1 -5 
-11 -6 1 7 0 -5 -15 -54 
-10 -10 10 -20 -3 -3 -10 -19 
6 13 -2 13 -3 -2 12 9 
-5 -1 -11 20 6 4 0 13 
-4 -2 23 -27 -4 1 4 8 
6 3 -9 -5 -5 -6 -21 -14 
-8 -11 -1 4 0 0 7 6 
-1 9 -12 2 -1 -1 -8 12 
0 0 15 6 0 0 2 0 
1 -12 2 -1 -2 1 3 2 
-2 20 3 -13 -2 0 1 -4 
20 -1 -1 -7 0 -1 0 26 
-2 -1 -14 12 9 0 2 -3 
2 -20 -14 -9 -14 -6 -1 12 
-4 -6 13 7 3 0 -1 0 
12 -2 -23 -10 -3 -2 -2 -9 
-12 -7 16 8 5 2 3 -7 
8 11 2 12 1 -1 1 -8 
-10 -8 -16 -2 -3 0 1 -3 
-1 -10 -33 -17 -8 -5 -7 -14 
17 9 33 22 2 -1 4 39 
-30 -4 -27 -23 -2 0 -1 -56 
8 -3 21 7 -2 -2 -11 -10 
3 -17 -17 -4 0 1 6 9 
-2 -3 -20 9 -5 -2 -2 2 
-9 1 6 -14 -1 -4 9 20 
-8 -9 -12 10 0 -2 4 -3 
-20 -1 37 -8 -4 -1 -10 -23 
14 12 13 7 2 -2 -23 -6 
13 2 -21 8 0 1 18 37 
-12 -18 -12 -27 -7 -4 -6 -16 
2 -14 -14 5 1 -2 -12 -9 
-19 -9 -24 -12 -5 -1 -3 -74 
-20 16 20 20 6 5 -11 14 
21 -4 5 -3 -4 -3 10 2 
-3 -1 -1 -17 -2 -4 14 22 
-15 11 -6 3 -4 -4 -6 9 
-5 -30 1 13 3 1 -10 -14 
1 4 -35 -13 -7 -2 -29 -30 
-4 -4 6 -2 -3 0 7 14 
12 -27 13 -3 -6 -6 -6 -38 
-26 3 9 7 -1 -2 -8 5 
-3 -6 4 4 3 4 8 3 
7 17 22 11 -1 1 -8 1 
1 -3 -16 -2 -3 -2 3 18 
9 -22 -23 4 0 -1 9 -3 
-14 -4 6 -12 0 -2 -16 8 
-16 1 -9 -10 -1 1 -6 -18 
12 8 -1 7 1 2 12 13 
14 15 20 -20 -3 0 4 -13 
13 8 7 22 1 -1 -7 44 
-40 -9 2 -10 -1 -4 -33 -70 
15 2 -19 -4 -2 1 60 50 
5 -3 2 2 0 -3 -24 -12 
-1 -10 3 -10 -4 -3 13 14 
7 5 -13 -9 -1 0 5 26 
-7 -1 37 10 1 2 -23 -31 
3 22 -7 17 -1 -4 19 4 
-7 -9 -39 -50 -3 1 -8 -1 
28 17 32 21 3 2 22 22 
-10 -6 -4 -6 1 -6 -29 -42 
-6 6 -5 12 0 1 -12 6 
-18 -13 -6 3 -3 -3 -2 -4 
31 7 9 22 4 2 12 12 
-27 -17 0 0 -3 0 11 31 
3 -7 2 -30 -7 -2 -31 -20 
-12 -16 -27 18 5 3 17 -9 
-11 1 28 -6 -4 -1 7 25 
9 -8 -23 -1 -4 -6 -41 -25 
-15 9 7 -32 -7 -3 22 -33 
4 -2 8 26 -1 0 -14 -2 
3 -4 -21 -21 -3 -1 -3 22 
13 6 -6 -5 -5 -7 -22 -18 
-12 -5 2 -6 2 2 47 12 
-6 23 24 8 4 4 -4 3 
3 -6 -1 9 1 -2 -21 -45 
3 15 6 -8 1 3 30 36 
0 9 10 7 -3 -1 -20 2 
3 -4 26 11 -1 0 26 -3 
10 16 -25 6 -1 -1 12 32 
-10 -21 -1 -7 -2 -2 -15 -23 
22 1 -46 -13 -3 0 0 7 
-10 3 7 3 3 2 -1 23 
-17 -9 1 -16 -9 -6 -27 -79 
11 9 7 -7 0 3 30 27 
-14 -7 6 0 -2 -3 12 -10 
24 -15 29 14 2 -1 -28 2 
-21 6 -22 16 7 7 28 18 
4 2 8 -12 -11 -8 -27 10 
-33 -34 9 2 1 0 1 -12 
20 0 -38 -13 0 -1 19 27 
0 19 20 21 0 0 7 -9 
3 11 -28 -11 4 5 1 2 
11 22 10 4 0 -3 0 8 
-5 -23 -34 -16 -8 -10 -27 -10 
-15 -31 -7 -12 -6 -4 -9 -21 
25 23 5 -7 -3 2 17 34 
-8 11 20 -20 0 0 -12 -42 
-14 8 11 4 0 -1 18 3 
-14 -34 -46 3 -4 -10 -12 -14 
0 -14 3 -4 -5 -2 -31 4 
-2 9 1 18 -2 -1 23 18 
15 10 42 8 12 5 -9 -6 
22 -23 -5 -25 -14 -1 16 35 
-74 17 39 11 6 2 15 -7 
7 -27 -38 14 -5 -5 -25 -26 
-6 -32 6 -6 -8 -7 -7 -14 
10 4 -35 3 0 -4 -5 13 
-3 13 -11 -15 0 3 0 -2 
7 8 -10 -8 -1 -1 -7 -4 
-10 -7 11 4 -3 -1 7 43 
4 8 22 -6 3 6 0 -68 
-16 35 -6 -11 -7 -5 -17 -12 
19 22 -1 1 10 3 19 41 
-4 -7 -30 8 -10 -4 -10 -31 
4 15 4 -11 0 1 -1 35 
3 -24 47 6 0 0 -18 -10 
-3 8 25 8 4 0 9 -26 
-7 30 27 -6 2 1 -1 4 
10 -45 -22 -11 -13 -8 -6 -1 
5 -1 -33 8 -1 3 14 21 
17 8 15 6 -1 4 -9 26 
-19 -26 16 -28 9 -2 0 -21 
8 31 -33 7 -10 0 4 7 
-7 -8 -11 52 -2 -6 -5 -1 
-16 -4 33 -13 -4 -2 -7 -7 
12 -17 -47 4 -3 0 26 -4 
-4 -5 9 -32 9 -1 -16 19 
5 15 -3 1 10 4 16 -5 
25 -1 3 4 -8 -2 -8 15 
-40 -13 21 11 -4 -1 -13 -24 
-4 1 -12 -25 5 4 14 34 
12 -17 -33 -7 -11 -10 -8 -58 
-18 -34 -3 -32 -6 -9 -11 15 
-3 8 35 29 -7 -2 -10 -7 
-25 13 97 -3 1 0 14 -29 
34 31 -14 9 5 3 6 58 
-13 -9 -19 -3 -10 -7 -9 -44 
12 17 -57 -17 4 1 -1 2 
12 13 5 -11 -6 -4 -5 32 
-8 -34 9 -1 -5 -2 3 -22 
-16 2 -26 -30 0 -5 -5 -10 
32 40 -15 17 -2 2 -4 43 
-21 -1 -12 54 9 3 4 -49 
6 15 -32 -79 -4 0 -8 -38 
18 -21 -15 16 1 0 -6 24 
-32 -8 24 -14 -6 -6 5 -3 
8 -3 -22 -20 13 5 -33 62 
35 7 -13 57 0 -1 38 13 
9 -20 -26 -19 -11 -7 6 -13 
-10 -34 -3 -10 2 1 22 -54 
-13 24 50 -20 1 2 28 24 
-47 -8 -9 29 -4 -5 -14 25 
61 -2 21 16 2 -1 -32 -43 
23 19 1 -9 2 1 19 19 
37 22 -14 12 -2 0 -24 -20 
-1 -18 10 -31 -5 4 4 27 
6 30 10 25 6 -6 -29 -12 
-57 -40 -62 -37 -10 -1 26 -18 
-19 -4 30 38 3 0 5 -1 
8 14 46 19 7 6 32 -28 
22 41 -7 16 -1 3 -51 20 
-32 0 18 -17 -1 0 25 30 
45 -30 -32 -16 -13 -11 -8 17 
-24 -16 -10 -2 -5 -1 19 15 
-21 21 12 -9 6 1 -19 -33 
21 0 27 28 2 -6 -19 -32 
-13 7 4 17 3 9 48 10 
24 3 -11 -21 -2 -12 -43 -17 
-58 -16 -45 -12 1 6 17 14 
-14 -5 16 -3 -9 -4 -12 -2 
4 37 -12 23 1 0 -5 0 
-1 -14 9 1 13 1 -14 0 
-3 -22 -32 -4 -9 -4 35 17 
22 9 -5 -15 -6 -3 -30 3 
-6 -14 -12 -5 -3 -6 13 0 
-8 13 51 -18 13 8 -4 -36 
-4 5 -2 -3 -18 -3 23 30 
14 2 -26 14 5 -3 -21 -7 
-16 -23 -7 -10 -4 -4 -19 -29 
8 17 -27 -3 5 0 9 55 
-11 -25 15 3 0 -1 6 -31 
10 5 57 20 37 2 -10 0 
3 23 -15 -16 -51 -10 -4 -17 
-8 -4 -26 -21 -23 -1 1 18 
2 -16 8 -5 17 2 5 10 
0 -8 -59 7 7 3 -13 -10 
-8 -5 -5 -11 -11 -13 -1 6 
-12 -16 0 11 -11 -7 -22 -44 
8 18 3 -14 -14 8 21 33 
-1 -9 4 14 21 -9 -14 -38 
-3 -14 14 27 1 7 5 39 
4 1 -14 -7 -8 6 11 12 
-22 -27 -5 -10 6 -16 -26 -43 
17 -11 -17 -1 -9 3 -2 -6 
-2 -15 1 -20 2 -1 -10 -10 
-8 -22 4 -8 -1 -1 8 19 
15 14 -10 5 3 7 25 46 
-12 3 -2 -16 -15 -7 -20 -53 
12 -2 5 -16 2 3 6 31 
16 10 -25 1 2 -9 -12 -45 
-25 -13 12 15 8 3 2 -10 
23 10 10 -4 -18 -1 -6 -6 
-7 14 38 31 16 0 -1 -8 
-8 19 20 -12 3 0 -2 30 
10 -24 -79 -12 -11 -3 14 19 
8 17 19 -4 -7 3 0 11 
-23 4 3 -4 12 5 -3 -18 
4 -8 21 8 4 3 7 23 
-25 -7 -28 -13 -6 -6 -17 -60 
16 9 27 0 -8 -3 -5 15 
-15 -22 -39 -15 3 -3 -5 -15 
6 9 8 22 3 1 8 8 
3 19 21 -16 -1 3 -1 16 
-9 -31 -32 17 -3 -5 9 28 
11 13 17 -17 2 1 -9 -35 
-12 -1 -6 8 0 -1 -2 7 
-11 -8 18 0 -1 -3 -7 -18 
11 16 9 21 2 5 12 33 
2 -47 3 14 1 -3 4 2 
-18 13 5 3 12 0 -12 -16 
21 6 21 1 -5 1 -2 1 
4 7 7 -10 -6 1 5 18 
5 -4 5 9 3 1 -1 -1 
-33 -6 -26 -16 0 -3 0 -16 
5 -12 6 -6 -9 -4 -6 -6 
-20 -4 -9 -7 0 3 7 25 
26 22 7 3 -2 0 -6 -30 
-17 -22 -6 -9 -4 -6 -6 -6 
13 6 -28 -11 3 1 9 48 
7 8 19 8 -2 1 -4 -36 
-22 -1 -4 -26 1 0 -2 2 
13 8 10 11 -7 -4 -3 -22 
-5 -2 5 13 5 6 10 23 
-4 -22 -48 -16 -5 -5 -8 -18 
4 -1 -7 -1 1 -3 -5 44 
1 13 13 10 -5 -5 -5 -59 
13 -7 2 0 -2 -4 -5 15 
-28 4 15 3 1 0 5 -12 
-8 5 21 5 8 1 -1 -19 
8 -19 -24 -9 -10 0 0 27 
14 5 -5 -12 -12 -3 5 1 
-18 -9 -2 -5 -2 0 1 14 
-8 4 -9 4 1 -2 -4 -13 
28 2 -7 -10 2 -1 -2 18 
-28 13 22 19 6 -2 -11 -63 
6 18 7 -12 -4 0 4 20 
2 13 3 12 1 2 5 17 
-3 -4 -29 -15 -7 -2 0 1 
-1 -2 -5 12 3 1 -1 8 
-1 -23 -17 -29 -12 -10 -7 -4 
2 7 7 12 2 -5 -10 -24 
2 5 12 1 0 0 -1 12 
-10 -14 -7 0 0 -1 4 -9 
4 0 9 15 6 3 -2 -21 
-4 -6 -15 -16 -5 -1 0 6 
0 1 11 -1 1 0 -2 -1 
4 -4 25 22 5 -1 3 32 
7 15 1 -18 -6 -2 -1 -10 
0 -5 -7 6 -2 -2 -3 -5 
1 32 10 -2 3 4 4 -10 
-9 -9 11 4 0 -3 -4 5 
15 4 -3 9 2 1 1 7 
-28 -6 -18 -11 -6 -1 -3 -7 
4 -2 -3 4 4 1 5 20 
0 3 -5 0 1 0 -4 -23 
8 14 23 -18 -3 2 -2 0 
3 8 -11 10 -10 -8 -3 9 
-13 -47 -7 -7 -4 -4 -12 -38 
-12 1 1 -1 0 -1 1 3 
-1 5 2 11 9 6 5 16 
19 14 -8 0 5 3 4 -9 
1 9 -29 -12 -7 -1 2 64 
-20 0 2 -13 -5 -2 -7 -76 
15 -14 -13 -6 -1 -5 -4 10 
-17 -24 -12 6 -6 -6 -8 -30 
1 8 14 -9 4 2 3 12 
-3 -2 2 -12 -2 -1 -2 -3 
0 -6 -29 0 -2 -1 3 18 
16 8 9 10 7 5 5 10 
-31 -9 2 7 -3 -5 -11 -33 
-4 -7 -1 -15 -7 -8 -4 -7 
-6 -7 10 14 0 -2 -4 -14 
6 23 -2 -12 -5 1 5 18 
15 3 4 6 -2 1 0 6 
0 -19 -10 7 2 2 3 20 
-3 7 2 -7 5 -4 -3 -9 
0 -20 -19 -2 -9 0 -1 3 
-5 -2 30 -10 -7 -6 -1 8 
6 26 10 9 1 0 -4 -26 
1 -32 -42 -12 -6 -6 -1 1 
-15 0 29 1 2 0 -3 -14 
13 5 -6 26 6 0 1 6 
-6 -4 -15 -26 -8 -2 -1 5 
-6 -13 -1 7 2 1 0 -5 
-9 -3 -12 -17 -4 -3 -1 -8 
-22 -10 0 12 -4 -5 -4 3 
13 6 6 -3 -1 -6 -5 9 
-16 10 20 2 -6 -1 -3 -27 
12 2 12 0 3 2 -5 -13 
1 -1 -12 5 5 1 4 -10 
8 -11 -11 -27 -17 -3 -4 -9 
8 -9 -7 -4 -3 -6 -5 26 
-32 -3 1 -7 -4 -5 3 -10 
27 29 21 22 10 3 1 12 
-2 -1 -14 -8 -3 2 4 39 
-11 2 -2 7 -2 1 -2 -46 
8 -12 5 -10 -3 -6 -3 19 
-11 10 -19 -5 -3 1 -3 -24 
1 -15 38 19 7 1 2 19 
2 10 -4 -16 -2 -1 2 16 
-8 1 -22 2 -4 -1 2 10 
-2 -27 14 -4 -5 -6 -7 -26 
3 25 -18 6 5 3 4 23 
8 2 -4 -6 7 -1 -2 -5 
-5 -8 19 -5 -9 -1 -3 -3 
-11 -11 -2 0 -4 -1 0 1 
-18 -31 -28 4 2 -1 -3 -29 
8 6 4 2 -2 -1 -1 14 
-1 14 -5 12 7 1 1 6 
12 -1 12 -7 -3 3 -1 -8 
-6 -7 -24 -34 -6 -2 3 23 
-11 1 -7 5 -8 -1 -1 -10 
4 -7 -18 0 0 -5 -11 -21 
-4 5 -1 2 -4 -6 -2 10 
7 -3 20 16 8 1 2 -5 
-3 -2 0 0 0 0 2 5 
18 3 4 1 -1 1 2 37 
-31 -2 -14 6 3 1 -3 -58 
18 14 -14 -36 -11 -9 -6 15 
-10 -10 22 2 -3 -2 0 0 
11 -2 15 6 3 -1 3 12 
8 3 -4 3 -1 -1 -4 0 
2 19 35 29 15 6 1 0 
-11 -19 -34 -21 -13 -2 -1 -1 
13 -6 -7 8 -2 -4 -2 -1 
-19 -12 -8 -25 -8 -2 0 1 
3 -10 6 9 -3 -2 -3 4 
-3 10 -11 4 -1 -2 0 7 
-12 -3 -1 -1 4 -1 -5 -47 
0 -14 -44 -12 -10 -8 -7 6 
13 4 19 7 -2 -2 2 42 
-28 -22 -8 1 -5 -5 -6 -31 
-3 -3 13 -3 -1 0 -1 4 
10 8 -18 -10 0 -1 3 7 
9 -11 -7 0 -2 -3 -2 8 
6 -16 8 9 -2 0 0 23 
-9 -5 -9 -9 -1 0 -7 -44 
4 18 26 1 -2 -3 -2 13 
-14 -17 2 2 -2 1 3 -16 
19 18 22 9 3 2 4 21 
1 44 -17 -21 -3 2 3 -7 
3 7 13 11 4 1 2 10 
-4 -15 -15 9 -6 -6 -10 -24 
-11 1 6 -3 7 1 0 -15 
3 -13 -1 -7 -3 2 2 12 
1 -10 -8 3 -4 -1 3 2 
-9 11 12 8 -2 -2 -4 -7 
10 1 -12 2 4 3 1 9 
24 -5 7 2 -1 -3 4 20 
-31 4 18 -6 1 0 -1 20 
-21 -36 -34 -1 -4 -5 -15 -91 
13 26 18 -1 0 0 0 13 
-4 -11 -10 2 5 -3 0 10 
17 -8 10 -11 -10 -1 -1 1 
-5 7 16 3 2 3 10 35 
3 6 -23 1 -1 -2 -4 -5 
-15 -5 12 -24 -8 -6 -13 -35 
11 12 -8 12 3 1 0 3 
-3 -1 -4 -4 0 -1 0 7 
4 1 17 10 1 0 3 6 
4 5 -20 -13 0 0 4 22 
-9 -4 4 21 -2 0 4 8 
-10 -5 -2 -16 -6 -4 -8 -67 
13 -4 -7 -10 -2 -6 -6 4 
-13 -12 3 10 0 -3 -2 -3 
10 12 -5 -10 -1 0 0 -5 
7 6 6 6 2 2 6 27 
-24 -22 -4 15 -1 0 3 -3 
4 7 -24 -25 -8 -5 -8 -15 
-10 -8 -4 -1 3 1 -2 -8 
3 0 12 1 4 -1 -2 14 
7 -8 -12 7 -9 2 3 8 
-1 -22 40 28 5 3 4 9 
5 -6 -64 -18 0 -3 -4 -10 
-6 1 28 -7 -7 -4 -5 -14 
-5 0 -3 -1 4 2 3 14 
5 -7 -8 9 -1 0 -1 5 
-4 -2 13 -8 -1 -3 -5 -16 
17 -18 -22 -8 -3 -4 -3 34 
-15 1 -13 0 -1 -1 -1 -27 
-3 0 8 1 -2 -1 2 0 
-1 3 4 2 2 -1 -3 -8 
3 -6 -16 -10 -3 0 7 26 
6 12 29 -4 -1 -2 -8 -20 
-11 -3 -25 -12 -4 0 -3 -11 
15 2 13 -6 -4 -2 1 14 
-9 -7 3 11 3 4 3 24 
8 7 16 7 0 -3 -5 -62 
-6 0 -22 -20 -6 -2 -1 9 
-6 24 10 7 7 -1 0 1 
15 12 14 5 -10 1 4 18 
-8 -8 -30 -15 -1 -3 0 9 
8 5 4 10 -3 -1 -2 0 
-16 -20 -10 2 -5 -1 -1 -6 
19 -9 -14 -7 6 0 -3 -10 
-43 1 10 2 -3 -5 -3 10 
18 -9 -9 -11 -4 -2 2 21 
4 2 9 -3 -1 -1 -3 -24 
2 6 -3 2 2 -2 3 8 
-2 -4 1 0 1 -1 -5 -29 
-25 7 11 5 1 0 -2 6 
15 -11 -15 -13 -8 -7 -5 -4 
-5 -22 -11 7 -1 -1 0 -6 
18 16 7 -7 -3 -2 0 28 
-12 54 2 30 4 1 -3 -57 
-14 -28 -23 -43 -9 -3 -3 -16 
3 -19 -15 -1 0 0 1 15 
6 1 3 4 8 0 4 25 
10 -2 19 1 -12 -6 -7 8 
-4 -2 -27 -9 0 3 1 -13 
-5 15 22 -5 -3 -4 -1 -7 
-10 -8 -6 -3 2 2 3 12 
-2 -2 37 16 9 0 -3 -21 
14 -6 8 5 -3 -2 1 26 
-2 9 -13 4 -1 -2 -4 -6 
22 -18 -6 -7 -9 -5 -5 -6 
-15 -17 -3 -2 3 4 5 13 
3 26 14 4 -3 -3 -4 -6 
-3 -10 8 0 1 0 2 20 
-4 1 -8 -10 -4 -1 -5 -36 
0 -3 0 8 0 -2 -4 -18 
-8 -13 19 14 2 -1 0 8 
-9 -17 -16 -4 -4 -3 -7 -18 
2 4 2 -9 -3 -1 -1 5 
-14 -59 -21 -18 -4 -4 3 20 
2 10 -20 14 5 3 4 -3 
-10 3 -5 -27 -5 0 -8 -15 
4 -4 2 6 -6 -5 -3 6 
-2 11 2 16 3 -1 2 13 
-8 -12 -4 -27 -6 -3 -3 -18 
7 -9 -2 6 4 0 1 25 
-19 -16 -20 -4 -4 -2 -4 -26 
6 22 39 -10 -2 -1 0 23 
6 -12 -21 11 -2 -5 -6 -23 
0 5 20 10 2 0 -1 -12 
-7 16 9 -4 0 3 3 21 
6 -12 -41 -9 -1 0 1 8 
0 8 10 -1 -3 -4 -3 -1 
-2 -5 10 -5 0 0 -2 4 
7 3 -12 2 1 2 5 36 
-1 -3 14 16 5 4 1 -36 
5 -7 7 11 4 2 5 13 
-13 -6 -21 -20 -5 -6 -12 -37 
15 1 5 -11 -12 -3 -4 14 
-10 0 -12 -14 -3 -3 -2 -10 
2 23 6 10 1 0 2 27 
-6 -2 4 7 -4 -3 -4 -24 
2 0 1 -6 1 2 3 -2 
-6 -1 -5 -4 -4 -3 -3 29 
5 -14 0 1 0 0 -4 -12 
2 7 -8 2 -1 0 0 10 
-9 -10 16 0 0 -3 -6 -26 
3 11 3 -1 -3 -1 -2 8 
-20 2 23 20 6 2 3 13 
5 45 -9 -23 -3 -1 -1 -17 
-13 -27 -16 -2 -4 -4 -3 -15 
1 3 -7 -5 0 -4 -3 1 
12 7 26 21 4 3 2 20 
-18 -27 -16 -22 -5 -2 1 -21 
29 33 -6 1 1 0 1 34 
-16 0 -7 0 -1 0 -6 -61 
3 11 -7 -10 -2 -2 -4 -1 
-4 -17 9 17 2 2 2 14 
-1 -22 -13 -5 0 1 1 0 
-4 7 -7 1 1 -1 0 5 
0 -2 -25 -16 -9 -3 -1 -5 
-21 -15 -13 0 -3 -1 3 3 
7 -8 -3 -4 -3 -5 -4 -12 
12 3 10 8 1 1 2 25 
-9 0 3 -5 -1 -1 -6 -42 
24 8 1 -2 -2 -4 -2 20 
-19 8 4 8 5 3 4 18 
8 -3 8 0 -2 1 1 -21 
-9 -15 -25 -14 -3 -4 -10 -17 
0 -11 -12 7 2 2 0 3 
-6 24 26 12 5 1 4 -1 
5 -14 -27 -13 -9 -5 -3 40 
-19 -4 18 -2 -2 -2 1 -48 
12 24 14 14 2 0 -5 -2 
-9 -23 -55 -35 -5 -5 -1 -5 
5 -1 12 -1 -1 -1 -5 1 
8 15 10 -4 -2 -1 6 20 
5 -9 0 16 0 -1 -1 4 
19 6 54 22 6 1 -4 -4 
-27 -7 -21 -15 -5 -1 0 -39 
14 -19 -23 -6 1 -6 -6 31 
-12 10 17 -2 -7 2 1 -36 
17 10 8 5 -2 -2 -1 15 
-18 0 2 -1 1 -2 -3 -8 
-12 -12 -2 -7 -6 -2 2 16 
-4 -17 19 3 2 0 1 4 
-3 -3 -14 -15 -5 -3 -1 -3 
6 4 -5 8 1 0 -3 -11 
-4 7 15 -1 -4 -4 -3 -1 
-1 -12 -7 -6 -1 -1 -2 5 
-5 0 -15 7 0 0 -2 -4 
13 11 -7 -14 -1 2 5 6 
-4 0 0 3 -5 -1 -5 18 
-22 -4 -20 -10 -3 -5 -9 -49 
2 -22 8 3 -2 -1 -1 5 
2 -2 -24 -2 -1 -1 0 -5 
9 -3 3 5 4 4 7 17 
-4 -3 11 14 -5 -3 -3 15 
-17 21 -11 -42 -1 0 -4 -15 
-11 -24 -24 -11 -6 -7 -4 9 
3 -3 3 2 -3 0 -2 -4 
14 2 0 6 6 0 3 11 
-6 -2 11 14 1 -2 -4 -9 
9 24 34 21 4 5 6 9 
-22 -9 -5 -2 3 0 -1 4 
7 0 -43 -44 -13 -9 -5 -12 
-18 -7 -16 1 -6 -4 -4 -23 
5 0 3 2 -1 -2 -1 -2 
4 12 8 9 3 1 -1 -3 
3 7 29 10 7 4 2 12 
5 5 3 -3 -3 1 4 2 
-7 -16 -21 -9 -6 -4 -1 25 
-1 -12 10 -6 -4 -2 -3 -7 
-12 -18 -24 -9 -4 -5 -9 -16 
-13 -8 -12 4 0 -3 -1 2 
5 12 14 6 3 2 -1 -1 
6 -1 3 -2 -3 0 2 -2 
7 12 -9 19 8 5 7 17 
7 -3 -7 -16 -7 -3 -5 -15 
-17 -12 -18 -25 -13 -11 -9 -6 
0 -5 -1 -1 -3 -5 -4 -35 
3 11 7 1 -2 -1 -1 13 
3 4 39 27 11 4 4 4 
8 2 9 2 1 1 2 2 
-9 -15 -34 -2 -5 -3 -1 5 
-3 1 34 -11 2 1 2 3 
-7 -14 -27 -8 -6 -3 -6 -6 
-4 9 8 9 1 0 1 11 
2 -8 -15 -8 -3 -1 -8 -28 
-14 -5 1 5 -1 -3 -1 -6 
-3 2 10 0 0 -1 4 8 
7 -9 -17 -7 -2 -3 -3 -8 
5 53 29 29 7 3 3 28 
0 -12 -11 -32 -7 -2 -1 -5 
11 14 -19 -9 0 1 2 -1 
-18 4 36 17 0 -3 -7 -18 
3 -21 -2 0 6 -5 -1 13 
-11 -32 -26 -3 -12 -3 -5 -16 
13 18 29 0 1 1 4 21 
14 11 4 1 3 3 5 3 
16 -1 7 0 -2 3 9 15 
-2 2 -28 4 -3 -5 -7 23 
-17 -20 5 -6 -2 -3 -12 -55 
0 10 6 4 -1 1 -1 -13 
-9 16 6 -13 0 3 2 3 
14 16 24 12 4 2 2 25 
-2 -3 -19 3 -5 -2 0 -14 
6 -1 -10 -10 -3 -1 -2 6 
17 2 3 11 -3 -5 -2 3 
-33 -21 0 -9 -4 -2 4 -7 
21 5 -16 7 0 0 -3 7 
-5 -10 -2 -2 -1 -6 -4 -8 
-2 -11 -5 -3 -2 -1 -2 0 
3 13 42 4 1 1 0 6 
-6 -10 -18 -12 -3 0 -1 2 
3 0 -17 3 0 3 5 16 
