#EMG
#9
#ID:9-92
1 2 19 22 5 2 -7 10 
6 1 1 0 -2 -5 -7 -10 
-6 -1 -11 1 0 -1 -12 10 
28 -1 -6 1 -2 -1 4 7 
-36 3 10 6 3 4 17 -15 
3 17 18 1 2 3 2 7 
0 -5 1 10 0 -1 -14 -6 
7 -1 4 -2 1 -4 -13 -3 
2 -9 -34 -18 -6 -3 7 17 
-11 -8 -35 -23 -5 0 3 -15 
-7 9 32 21 4 1 -4 -12 
2 2 -1 -11 -8 0 10 -8 
21 2 4 -7 1 -2 7 29 
-40 -13 -2 8 0 -4 -24 -20 
10 5 -22 -1 -1 4 1 3 
-6 -6 13 3 -3 -3 15 4 
4 3 16 2 -1 -4 -32 -8 
8 -6 -21 -10 -7 -6 -5 -13 
-1 -13 -14 10 1 -3 11 9 
-15 7 22 19 6 3 -29 -29 
0 0 1 -14 -3 0 9 -10 
7 6 13 -1 3 0 -8 23 
-2 -1 0 7 -1 0 8 8 
2 -6 -34 -2 -2 -1 4 -2 
-2 -10 -19 -27 -3 -3 0 5 
17 2 -4 -2 -3 -3 -29 -3 
-17 2 25 -13 -3 -3 7 -7 
13 -1 -15 -8 -1 -2 9 21 
-18 -6 -2 20 0 3 1 -27 
-22 -4 -3 -29 -5 -4 -2 -3 
6 1 16 11 0 -3 5 -7 
-27 -9 -6 -4 -7 -7 -8 9 
-10 -2 -20 -6 -2 -2 -10 -13 
3 5 12 32 2 1 -6 -6 
-2 -7 -31 -42 -4 0 -15 11 
6 3 29 26 3 0 17 -8 
4 3 8 5 -4 1 -9 -6 
14 5 7 15 6 0 0 23 
-9 -6 -18 -17 -7 -5 9 -10 
-10 10 2 -9 4 2 -20 -15 
3 -5 -16 2 0 0 15 28 
0 1 5 -19 -2 0 0 -31 
12 -7 4 16 -1 2 -9 -1 
22 -6 -9 -11 -3 -6 -46 4 
-43 5 31 29 5 0 19 -29 
5 -11 -15 23 -1 -2 15 8 
8 -1 -1 -43 -3 -1 2 4 
-17 -3 8 1 2 -1 -7 -3 
15 -5 -23 7 -1 0 -7 25 
-4 2 -15 -3 -2 -5 9 -15 
2 -5 6 12 -3 -3 -7 7 
-15 -7 -36 -9 -4 1 11 14 
-13 -4 12 -7 -3 -5 -16 -42 
2 1 -3 -17 -4 -5 -26 -11 
7 5 -15 6 2 -1 -38 -36 
-37 -13 0 -11 -4 1 36 17 
26 -1 -2 18 3 2 4 19 
12 -1 1 -13 -8 -3 -11 25 
0 0 6 24 -5 -5 -44 -31 
-2 2 22 1 -3 4 47 2 
-2 -4 15 28 -1 -8 -44 -33 
-4 -13 -30 -25 -1 -1 -23 -41 
3 16 34 13 6 7 67 93 
1 -11 -12 -11 -6 -14 -57 -41 
0 -2 3 -13 -5 0 13 -21 
13 -9 -12 15 0 -1 21 24 
-49 8 -64 -62 -8 0 -47 -25 
31 8 12 3 2 -1 7 8 
0 -21 -36 -24 -1 -7 6 19 
4 10 32 -9 1 0 -35 -8 
-13 1 -10 -1 -2 1 8 4 
-21 -35 18 22 0 6 11 14 
33 22 14 -39 -7 -5 -7 15 
-12 -17 -46 -4 -1 0 18 -12 
3 -3 23 28 -1 -6 7 22 
7 7 6 -38 0 3 -3 -3 
18 -3 -20 14 1 -2 -30 -18 
-9 2 41 -11 -2 4 34 9 
4 -9 14 -3 1 -3 -4 -14 
0 0 27 23 -3 -1 10 4 
5 -16 -27 -4 -1 4 9 18 
-12 4 6 -1 -2 -1 0 -6 
21 27 12 9 10 7 12 7 
-4 -29 -25 -23 -7 -2 34 20 
-41 11 17 12 2 -4 -40 -68 
13 -1 18 3 -2 3 55 18 
12 -1 32 16 1 -1 -5 8 
7 -6 -64 -1 -1 -3 -20 -9 
0 2 32 -10 -5 -3 12 30 
-18 -1 -55 -18 4 2 -40 -31 
-8 -23 19 5 -7 -4 28 2 
12 34 -23 3 0 -1 -10 -3 
0 -5 -5 -27 -9 5 44 41 
-15 5 35 11 2 -1 -1 -15 
20 2 21 19 0 -4 3 12 
-44 16 -12 -9 2 -2 -26 -31 
2 -8 34 10 -2 0 -7 -8 
1 -4 -53 -23 -9 -4 20 10 
8 11 -30 6 2 -2 2 -20 
-4 5 22 -5 -3 -3 -10 -15 
14 8 -13 -6 8 5 27 57 
23 2 -8 25 -2 -6 4 -10 
-42 -14 9 -4 -3 -1 -16 -9 
-8 -9 -49 -35 -5 1 0 -13 
-16 -23 -8 16 -9 -5 4 -11 
9 16 35 -9 5 -1 -4 39 
-5 7 1 -10 -7 2 -4 -23 
2 -7 -31 25 2 -2 -21 -7 
7 -3 -48 -56 -8 2 32 7 
3 -14 21 3 -5 -5 11 31 
3 -10 -44 -27 4 2 -25 -54 
-8 -5 53 79 -4 -6 -10 4 
5 15 15 -4 4 0 6 -4 
9 5 30 12 2 -1 -2 29 
2 1 17 -29 -9 -2 -11 8 
-1 20 49 40 8 10 46 22 
-16 -9 -59 -22 -7 -10 -17 -19 
-7 -16 14 25 7 7 -26 -22 
17 -20 -10 -15 -2 -3 25 58 
23 36 31 3 6 4 -34 -55 
-5 26 51 52 -4 4 13 41 
-23 -26 -1 -9 7 -2 -17 -56 
-1 -25 -26 -23 1 1 39 -3 
27 1 -25 -3 0 -2 -2 47 
13 -45 -38 -12 10 0 -45 -63 
-32 -6 -29 -22 -11 1 40 22 
-7 18 68 51 6 -3 3 18 
-1 -22 -43 -68 -8 -5 -1 -39 
-12 16 28 16 10 4 9 6 
-1 20 -4 35 -9 -8 -10 12 
-8 -10 2 6 -2 -2 -23 -45 
-7 -8 22 25 9 -1 -36 19 
2 -10 3 8 -2 -1 9 -19 
44 -18 14 -8 1 1 7 -3 
-30 26 -21 -5 6 0 -48 34 
63 6 -24 17 -7 -10 -14 -50 
-11 -14 -34 -55 -16 -5 29 4 
-11 21 17 68 9 0 -13 49 
-19 -16 -36 -35 -6 -2 3 -35 
-17 13 24 -10 7 8 22 7 
49 24 40 -9 3 -1 -77 -44 
-27 -10 -56 -3 -3 2 82 47 
7 12 38 71 8 -7 -18 -38 
35 -14 -36 -50 -15 1 51 72 
-46 6 33 4 -3 1 -13 -8 
3 -2 -17 -19 -2 -8 -16 -40 
3 16 -10 15 2 2 16 11 
-6 -37 -3 -6 -7 -11 -39 63 
-31 9 12 27 -4 0 23 -62 
0 -5 -1 44 3 0 21 -12 
-13 -11 -65 -86 -10 4 89 81 
-15 7 34 48 -3 -8 -29 -2 
-10 13 -25 -5 8 11 28 5 
4 -11 25 -13 -11 -3 19 -17 
-24 -8 -3 1 -2 -8 -49 -9 
-3 25 -1 -49 2 8 26 -20 
-27 -28 -16 34 -4 -8 13 -9 
3 5 -31 -45 -7 -2 7 18 
25 -2 72 17 3 4 -10 -9 
0 23 11 9 4 7 73 -8 
-14 -29 28 32 -2 -12 -81 -28 
29 16 24 -34 1 5 34 62 
8 6 10 18 2 3 -22 2 
-14 -17 5 8 -5 -6 -2 -24 
30 26 -44 -38 0 -2 28 18 
2 -7 -38 -40 -3 -6 -42 15 
24 -3 4 49 -1 -1 -42 -24 
-30 19 73 -34 -3 -4 6 -1 
-9 -22 -29 31 -1 -14 -78 -20 
6 32 -10 33 6 6 -4 -22 
10 17 7 -17 -2 4 35 51 
-17 -4 -3 10 -5 -3 -37 -41 
7 -2 -3 -21 -3 -4 -6 68 
-1 -25 -5 1 -5 -7 -27 -23 
-9 12 14 2 -3 -7 3 -32 
-12 -15 -14 -2 0 -1 0 13 
37 15 -16 0 3 10 75 33 
-11 21 98 35 11 8 -22 -36 
12 -30 -22 -13 -2 0 14 23 
16 -7 -31 -13 -1 -2 -18 -6 
-35 0 42 22 -1 1 -23 -25 
2 20 54 30 11 -7 -94 -80 
12 -10 -55 -28 -1 9 24 8 
-1 -8 17 12 4 -4 -39 21 
-11 11 -14 -4 -15 -7 1 -8 
4 -33 -81 -43 -9 -5 0 64 
1 3 20 22 2 -6 -17 -27 
-11 -14 -64 -48 -8 -1 19 -7 
0 -3 -19 15 7 3 0 -22 
3 -11 -13 -11 -6 -3 5 34 
-18 -12 1 -23 -4 -4 -1 18 
-4 -10 27 31 1 0 9 -34 
11 -16 -30 -44 -7 6 27 9 
-27 -13 -19 2 -18 -8 -15 -22 
16 57 -27 -36 20 7 9 -15 
16 9 39 43 -6 -1 3 44 
-32 -30 -65 -22 3 -5 -9 -65 
21 7 67 -20 -11 -6 1 7 
-23 -28 -73 18 -7 -9 -16 -21 
-14 15 -21 -18 0 2 4 -6 
29 1 37 -25 0 2 53 72 
1 41 -1 43 10 7 21 -8 
20 -20 1 10 -2 -5 -26 40 
-37 -6 -26 -44 -21 -4 -15 -62 
21 -9 -6 34 -2 -8 -19 25 
28 19 20 -5 4 2 -4 -16 
15 -2 29 7 -9 0 -25 14 
-14 20 21 1 18 11 32 45 
-41 -20 -10 -13 5 3 -13 -18 
42 -22 -32 3 -7 -8 -17 10 
-62 -14 8 -16 -5 -8 -20 -56 
25 -36 -5 60 3 -4 55 59 
-9 25 46 1 -6 -2 9 -15 
-9 -6 -1 13 6 0 -22 24 
-39 -3 -27 -48 -9 -4 -45 -66 
-7 0 -4 4 3 1 67 6 
-4 -11 11 26 -1 -5 -6 14 
-79 -13 -12 -12 -1 1 20 -41 
29 7 19 1 -3 -5 17 56 
0 3 0 11 3 -8 -73 -58 
-39 7 1 19 1 4 -11 22 
51 58 41 -14 0 1 37 46 
-40 -27 -25 21 -2 4 29 19 
16 22 -17 -18 5 5 -59 -4 
33 -7 32 -12 -11 -10 1 -44 
-23 -12 -36 26 3 -4 -84 -55 
14 3 -4 -42 -21 -3 60 26 
25 -4 -26 7 3 1 -47 37 
-8 20 -19 -16 3 4 23 10 
6 -52 -64 -33 -2 -1 -22 -63 
27 13 15 -2 -4 -7 -16 23 
9 3 -9 -8 -3 3 38 13 
24 4 32 21 -1 -10 -33 20 
-24 -10 -40 -55 -6 -4 6 -17 
-11 -31 -2 13 2 -4 -7 -15 
-27 13 -14 11 -4 -2 8 -5 
18 49 18 -33 2 3 -8 14 
-19 7 73 74 3 -5 -46 -20 
15 6 -21 16 -2 2 25 -38 
-16 -28 -8 -26 -7 -1 3 51 
31 -24 -33 -17 6 5 -2 4 
-5 35 -31 -8 -8 -7 7 -10 
-2 -38 28 -14 1 0 -6 -13 
20 30 3 32 3 -5 -16 -37 
-23 14 48 -28 -6 -5 3 22 
-15 -6 -6 6 9 1 -35 4 
27 -8 -75 24 -3 4 56 -21 
-10 4 45 -30 -6 -4 -44 -27 
6 -30 -8 23 0 -1 10 -7 
20 -32 -17 -28 -6 3 30 26 
-6 48 80 32 9 3 -20 3 
8 -14 -16 -1 -1 -4 -13 -4 
25 21 29 5 1 -2 8 39 
-7 -7 16 -14 -12 -3 26 -56 
7 -29 9 13 7 -4 -30 10 
-45 -5 -4 -17 -6 3 33 -49 
14 16 26 -1 1 -1 -24 10 
25 -4 11 1 1 3 36 62 
-9 19 -34 -8 -1 -9 -23 -2 
25 35 64 -26 2 3 10 -3 
-46 -27 -44 29 12 4 -47 -48 
-24 -16 -7 -15 -11 -2 26 -8 
20 -7 13 -5 -1 -1 13 21 
7 2 -1 19 3 1 -15 -21 
-13 -7 -60 -19 -12 -8 42 15 
-1 -14 -21 -14 7 -7 -34 39 
-29 -13 17 2 -4 7 16 -14 
3 2 -16 -32 -6 -12 3 -3 
13 -13 9 23 -3 -3 -19 0 
-2 14 -20 0 -5 3 13 -18 
-12 8 -40 -19 -1 -14 -21 27 
18 -8 11 21 1 -5 -62 -26 
-14 29 16 -27 -12 3 37 -12 
-14 -20 -25 -1 1 -1 -3 16 
11 20 48 23 4 4 9 -3 
26 3 6 23 10 -2 -32 55 
-10 20 -17 -43 -9 -6 34 1 
2 1 45 0 6 15 28 -22 
26 35 10 16 4 4 -16 -37 
-60 -36 -50 1 -11 -17 3 -16 
13 -30 15 8 7 5 -15 37 
-3 22 47 26 3 1 4 6 
15 13 3 -34 -10 -1 -22 -5 
0 -23 -56 -8 3 5 63 7 
-5 -3 9 -35 -13 -6 -24 -10 
-11 -15 18 58 -2 -2 -11 6 
10 2 -52 -8 2 -3 -6 -10 
-15 21 51 15 7 2 10 22 
6 -12 -17 -23 -7 7 -7 -12 
-5 -6 -71 -27 -6 -12 4 -19 
-6 -5 52 46 6 -2 5 9 
-13 -15 -25 -28 -13 -2 8 0 
6 -21 -49 1 -3 -6 -14 -45 
-1 -20 4 -16 3 2 60 46 
-28 -8 -20 0 2 -6 -9 -12 
7 -22 15 2 -19 -7 -14 -8 
-37 12 39 46 17 -1 -76 -80 
7 -4 -65 -50 -9 10 59 51 
16 1 43 -9 -6 -4 40 -27 
6 -14 -35 -13 1 1 7 -3 
-1 -30 -27 35 -11 -11 -12 26 
-44 6 5 -3 -1 0 -46 -44 
29 -2 20 -6 -1 8 19 31 
10 -6 16 -3 6 -10 -19 -12 
4 2 -14 8 -3 2 20 11 
11 8 -4 -22 -9 2 -9 -10 
-41 -27 -53 27 -6 -9 -23 6 
8 15 -2 -102 -11 5 6 10 
9 7 36 18 16 4 14 26 
-9 -5 -24 7 0 -5 -5 4 
30 7 -21 -5 -4 4 -11 7 
29 -16 9 14 5 5 1 -6 
-32 5 14 -13 -7 -6 6 -32 
15 16 27 -4 -4 -8 -18 9 
-16 -15 -27 -18 7 5 -5 -9 
-14 17 36 53 1 2 8 26 
42 1 -17 -14 -5 -5 6 2 
5 1 5 2 5 2 -14 -18 
-12 -1 20 -12 -4 -2 -8 -9 
9 1 2 -2 -5 -7 -2 4 
0 16 -31 1 10 8 8 11 
-1 -11 15 -13 -19 -7 -16 -13 
-10 -28 13 18 3 -1 -23 -10 
-2 -4 8 1 -4 3 36 30 
2 27 22 1 5 2 -2 -6 
16 -22 -6 -10 14 5 1 6 
-8 2 28 0 -16 -10 -10 -16 
-10 15 -25 16 1 2 -6 -2 
15 -23 30 -6 -7 -5 1 12 
-7 19 -9 -2 2 0 -1 -12 
-8 5 -4 -10 -6 -4 -4 -27 
9 -15 -21 4 19 4 -7 5 
-8 9 -2 -6 -11 -2 11 32 
0 6 8 4 -2 -4 -9 -33 
2 -2 -19 -14 0 -1 8 16 
-8 -5 -11 6 -2 -2 -4 -15 
8 5 3 -9 1 1 -2 16 
-4 5 -4 16 10 9 2 2 
-5 -10 -1 -13 -4 -7 -2 -2 
-11 -3 -25 6 -7 -3 -6 -22 
1 -16 6 0 0 -5 0 -8 
-5 7 14 7 4 0 -5 -14 
0 9 12 2 -1 1 10 32 
-1 1 -3 7 6 4 -1 -6 
-6 -3 -16 -8 -5 -2 -3 -3 
1 5 11 -4 -3 -6 -6 2 
-5 -7 -16 -9 -4 -1 -3 -11 
3 0 12 2 1 0 -1 -1 
-3 -10 -15 6 1 0 -1 -1 
-6 -6 -9 -8 -3 -7 -6 0 
1 8 -10 -6 0 2 3 -2 
-3 -1 27 4 -8 -2 0 2 
-6 4 -2 7 2 0 -2 -11 
0 -4 -11 -4 -3 0 -4 3 
-3 -1 -6 2 1 -1 1 3 
-1 3 -5 -1 0 3 0 -7 
-1 -3 -7 2 3 0 -1 -3 
3 2 29 -15 -8 -7 -3 6 
-2 2 -8 5 -2 2 1 0 
0 -2 -7 -6 0 -1 -3 -10 
-2 4 5 2 1 -1 0 -2 
4 -2 -10 6 0 1 0 23 
-3 8 10 4 3 3 2 -23 
-3 -8 -12 -8 -4 -3 -3 0 
-5 7 -6 1 1 0 -1 -2 
1 6 7 3 -1 -1 -1 1 
-3 4 -11 -7 2 -1 -2 3 
2 -4 7 -2 -4 -3 -1 3 
-4 -8 8 2 -4 -4 -3 0 
-1 -3 1 -1 -1 -1 -2 -4 
4 0 23 4 1 1 2 4 
-5 -14 -46 -6 -1 -3 -2 -7 
-2 -7 1 -6 -8 -4 -3 7 
-5 -6 -10 2 -1 -1 -2 -14 
0 4 11 -6 4 1 -1 -2 
2 -4 7 5 1 -2 -1 3 
-3 -3 0 -6 0 -2 -2 -5 
-2 1 11 -1 -3 -3 -3 4 
-4 -14 -9 4 -1 -3 -2 2 
1 7 6 -1 -3 0 3 5 
6 5 1 1 1 4 1 -12 
-1 1 -6 1 5 -3 -2 -3 
-1 -2 -9 -9 -10 -5 -2 -2 
-1 -3 6 0 0 -2 0 -1 
-2 -1 -4 -1 -2 0 -2 1 
-1 1 1 -1 -1 -1 1 0 
-2 0 -8 3 -1 -1 -1 -3 
2 13 39 -2 2 1 0 2 
-1 -5 -4 11 -2 -4 -1 6 
-6 -12 -23 -6 -1 -1 -3 -20 
-2 -3 7 4 0 -2 -1 7 
-2 -1 -12 -4 -4 1 -1 -8 
6 6 -7 6 4 3 3 7 
0 5 40 -7 -5 -1 -2 5 
-4 -4 -6 -5 -4 -4 -5 -7 
5 7 2 8 2 -2 1 25 
-9 -10 -24 -8 -3 -4 -2 -18 
-11 -12 -16 0 -3 -2 -2 -10 
11 6 15 1 1 0 1 4 
-4 0 0 -3 -4 -2 -3 -6 
1 -4 -13 -6 -5 -4 -2 4 
1 4 7 0 -1 -2 1 7 
-5 -4 -3 0 1 0 0 -2 
-7 -21 -49 -8 -5 -6 -3 -10 
-4 -1 4 -7 0 0 0 -1 
1 -3 -6 -9 2 -1 -2 -2 
-5 -6 -2 3 -5 -2 0 -1 
-1 2 16 5 0 -2 -2 -5 
10 3 4 0 0 -4 -3 -6 
14 8 0 4 2 0 1 15 
-5 -4 -11 2 4 -2 1 0 
-12 11 -15 -30 -13 2 -2 -24 
-4 -18 7 1 -4 -3 0 -17 
11 -4 -11 -2 -6 -3 -2 1 
0 1 9 1 2 0 -1 4 
1 -2 11 7 2 0 -1 4 
1 9 6 -1 1 0 0 6 
9 7 5 9 5 4 3 -1 
-9 -11 -21 -9 -6 -4 -4 -3 
1 -2 20 -4 -5 -2 0 4 
16 -5 -18 -9 -3 4 3 1 
-37 -13 -10 5 -1 -6 -11 -5 
0 5 16 -3 -6 -4 3 -10 
-1 2 6 6 1 -2 -4 -3 
2 3 -3 3 3 1 -1 7 
3 5 -7 -1 -2 2 3 5 
5 17 30 9 8 6 3 5 
5 -9 -5 -9 -6 -2 0 -6 
-41 -22 -44 -17 -7 -6 -5 -8 
23 -4 -6 -2 1 -3 -2 12 
-25 -1 -1 2 0 -5 -4 -6 
11 -1 3 4 6 2 3 2 
-7 6 24 9 2 2 -1 -13 
-6 -4 2 -8 -5 -6 -3 -10 
13 2 -10 -4 -1 -1 -4 -1 
-1 -3 -11 6 2 -1 -1 8 
10 27 55 3 0 1 3 14 
-2 -6 -13 0 -1 1 -2 -6 
-1 -5 -17 -9 -4 -2 -2 -17 
-21 -5 -10 -1 -2 0 -1 -7 
20 5 9 3 -2 -2 2 14 
-2 -1 3 0 -1 0 1 -2 
5 -2 6 -3 -1 -1 1 10 
-6 -1 -8 -1 -2 -1 -1 -8 
-2 1 2 2 -1 -1 -3 -7 
13 16 15 18 11 1 1 8 
-7 -9 -25 -28 -13 2 0 6 
-1 -30 -10 -3 -5 -9 -10 -22 
-37 -7 -14 -7 -10 -2 4 5 
-3 -5 -12 -7 -5 -3 -4 -4 
6 -1 3 4 4 0 1 3 
15 10 14 3 1 -1 -3 11 
6 -2 -3 3 3 -1 -3 -5 
-7 11 14 6 0 1 2 -15 
-1 -7 1 -11 -7 -3 -2 -5 
-7 3 3 -1 -5 -2 0 1 
-1 -23 -12 0 2 -1 -2 2 
-5 1 16 3 -3 0 1 2 
9 9 -2 10 6 2 -2 -1 
-2 3 1 -1 0 -1 0 3 
2 5 5 5 1 -1 -2 0 
5 0 -7 -3 1 -1 -1 11 
-4 0 26 4 -4 -3 -5 -11 
-20 -14 -29 -16 -7 -7 -1 -8 
2 -3 -5 -3 -5 -3 0 0 
-7 -7 -7 -6 0 -2 -3 -6 
4 9 2 5 2 1 1 11 
4 10 12 6 4 4 2 4 
22 3 -4 -5 2 0 -1 -4 
-27 -6 -10 3 0 -1 0 2 
2 -3 5 -7 -8 -2 2 32 
-7 -3 -17 -4 -2 -4 -10 -59 
-10 1 -3 0 0 -2 -1 -1 
10 -4 3 -5 -5 -2 -2 -7 
-1 1 -1 3 4 -1 0 3 
8 6 20 7 2 1 3 17 
9 12 -5 -3 -1 -3 0 -5 
-36 -10 -4 5 2 0 1 -8 
20 -8 -6 -11 -9 -4 -1 0 
3 -17 -67 -6 -4 0 -1 12 
-4 2 13 1 1 -1 -2 -4 
4 1 -5 -3 -2 -2 0 0 
-15 -5 -2 1 -1 -1 -4 -13 
2 7 13 5 3 1 -2 4 
31 6 11 0 1 1 -1 18 
-32 -6 -24 -11 -6 -2 -2 -16 
-9 -6 -10 4 1 -3 -2 -22 
2 2 7 0 -2 -2 -3 4 
-10 -2 6 -1 -2 -1 -2 2 
28 8 25 -6 -3 -1 1 28 
-1 2 -15 5 4 2 1 -24 
-6 -2 10 8 5 -1 -1 4 
-11 2 -4 -19 -13 -3 0 -19 
19 -17 -18 -6 -6 -3 -4 11 
-21 5 7 5 3 -1 1 2 
11 3 4 -3 -4 1 4 8 
1 10 -3 11 6 0 0 7 
9 -4 19 -2 -2 0 0 -12 
-34 -14 5 -12 -4 -3 -2 5 
1 8 12 5 0 0 1 3 
-15 -11 -11 2 -4 -4 -6 -7 
14 6 2 -1 -2 -1 0 6 
12 3 2 5 1 0 0 -1 
5 3 16 1 1 1 0 1 
-22 -13 -24 -9 -2 0 1 8 
-3 4 -5 6 -2 -2 -5 -19 
-1 -18 6 -1 -3 -3 -2 -6 
-5 -8 -12 -7 -2 -4 -3 -1 
9 3 6 3 2 -1 1 -2 
-4 6 9 -1 0 -2 -3 1 
9 2 -19 2 3 0 0 21 
-5 3 15 9 8 2 0 -23 
-3 -12 -2 -21 -10 0 -2 -4 
-13 -6 -9 -2 -6 -4 -4 -6 
7 3 -1 -1 -3 -2 -3 0 
0 3 -5 -5 0 0 0 10 
0 2 6 10 4 1 -1 -3 
4 3 -2 -2 2 2 2 -10 
13 12 -8 10 8 3 1 -2 
-23 -11 9 -5 -10 -8 -4 17 
-24 -11 -33 -3 -3 -4 -3 -16 
3 -7 -18 -12 -7 -3 -1 4 
6 1 7 4 0 0 -1 -2 
9 6 3 0 1 2 1 -4 
6 1 13 10 3 -1 -1 6 
1 0 -1 4 4 0 1 0 
0 5 6 -5 -3 0 0 5 
-5 -17 -31 -6 0 -2 -3 -24 
2 -11 3 -5 -5 -4 0 2 
-5 12 -6 -7 -2 0 -1 -7 
-5 -17 2 -3 -3 -1 0 0 
3 13 29 9 2 2 -1 9 
7 -2 -25 -12 4 1 4 14 
-25 -11 -9 -2 -7 -8 -8 -29 
5 -1 2 -2 -7 -6 -3 2 
-26 -19 -8 -6 -3 -5 -1 -6 
4 1 13 10 6 0 -2 -1 
4 3 7 1 2 4 3 14 
-2 0 -6 -6 -3 -1 -1 -3 
11 8 -21 8 0 1 3 2 
0 10 40 7 4 3 0 2 
-15 -17 -4 -10 -5 0 -4 -8 
12 4 7 1 0 -3 -2 4 
-6 3 4 -9 -5 -2 -2 -8 
-1 6 -2 4 0 -1 -3 -2 
6 -1 17 7 3 0 -4 4 
10 -2 -20 1 4 4 6 -9 
-35 -3 36 -7 -7 -1 -1 10 
5 0 -12 -3 -3 0 -1 -5 
12 -5 -2 1 -4 -4 -1 6 
-23 -3 -12 -4 -4 -3 -4 -8 
21 7 1 0 0 -2 -1 5 
-8 -13 -20 -1 -3 0 -2 -12 
7 10 44 -3 0 0 3 11 
6 -10 -20 -1 0 -1 1 11 
1 5 11 1 -1 0 -4 -20 
-9 -12 -15 -5 -5 -3 -2 2 
7 1 -20 2 5 1 3 17 
-9 0 9 -5 -1 1 2 -15 
-1 -8 -11 -7 -2 0 0 3 
9 10 11 -1 -1 -1 -2 -5 
0 -6 -10 3 -2 0 1 1 
-8 -1 -12 -4 -4 -5 -3 -4 
10 7 6 5 3 2 2 8 
0 -1 -2 -11 -4 -4 -2 -1 
-38 -9 -15 3 1 0 0 -5 
-5 5 37 2 2 2 -6 -12 
16 1 -6 1 0 -1 -1 12 
-1 3 -19 4 0 -3 -3 -16 
7 -2 4 2 -1 -1 -1 -3 
7 -13 -13 -14 -8 -3 -4 6 
1 7 -20 -2 -1 -3 0 11 
4 -5 9 6 -2 0 1 17 
-3 0 -23 -8 2 -1 -5 -24 
-6 3 8 10 -1 -3 1 -5 
7 2 13 2 0 1 0 1 
-8 4 -2 1 3 0 -3 0 
-1 -10 -14 -10 -6 -1 1 3 
-5 4 -5 -4 -1 0 -1 1 
4 -5 8 2 0 0 -1 -7 
-1 3 9 4 5 -1 -1 -1 
2 4 7 -13 -10 -2 -3 0 
3 -2 -5 0 2 0 3 8 
-18 -5 -11 -5 -6 -4 -4 -15 
25 1 3 5 1 0 1 6 
-22 0 -10 -6 -2 -5 -3 -2 
5 -1 -14 2 2 2 1 0 
-17 -1 18 0 -3 0 0 -24 
-5 -2 -17 -5 -6 -5 -4 3 
10 -2 -2 3 4 -1 1 -4 
16 17 11 -1 -1 1 0 27 
-4 -23 -21 -10 0 0 -2 -20 
4 -2 16 -2 -1 0 -1 2 
-7 1 -10 8 0 -2 -2 -20 
0 -15 -5 0 -1 -5 -5 7 
18 7 -3 -1 -1 0 1 16 
-27 -5 4 -3 -3 -1 -1 -17 
12 -3 8 1 -3 -2 0 12 
-5 4 2 1 0 -3 -1 -13 
-17 5 -12 -2 2 0 -2 3 
