#EMG
#7
#ID:7-52
12 33 21 5 1 3 12 -16 
-5 -11 2 -13 -4 -4 -6 37 
-2 7 6 2 -2 -2 -23 -14 
8 7 -13 -2 -2 -5 -6 -11 
-2 -6 3 -6 -5 1 5 12 
-7 -3 36 15 2 0 -1 -30 
1 0 -15 -12 -1 -2 -12 5 
4 1 41 1 -5 2 22 26 
-28 -5 -43 -9 -1 -3 -21 -57 
4 6 6 -2 -3 1 12 30 
1 -9 12 14 1 -4 -1 -3 
-1 -8 -14 0 -4 -2 -2 -2 
7 12 -10 -22 -2 -8 -36 -14 
28 -2 -18 2 0 3 31 28 
-28 -1 23 1 -5 0 -9 -20 
10 -14 4 7 6 2 12 29 
-29 12 -9 -7 -2 -1 -22 -43 
-24 -11 6 7 -5 -4 4 11 
18 1 -19 -8 -1 -1 -15 -41 
0 -38 7 -8 0 -1 3 -5 
10 16 26 15 0 -1 6 21 
-5 -3 -18 -5 6 6 1 2 
-7 28 13 17 -1 1 12 -3 
0 3 -19 -30 -3 -3 -15 -12 
9 -9 -33 -6 -3 -3 10 5 
2 -1 22 -7 -2 -1 -10 -5 
15 0 -3 10 -2 -3 11 39 
-8 21 -8 20 2 -1 -7 -39 
0 -14 21 1 0 -1 6 23 
32 -9 -15 -13 -6 -4 -8 24 
-51 -10 13 -3 -1 -1 21 -32 
5 -3 -1 -2 -3 -2 3 8 
-11 3 -2 1 -1 -3 -2 1 
11 4 11 11 2 3 4 3 
5 3 -36 -14 -3 -3 -12 23 
-13 0 8 -3 -6 0 -3 -48 
-14 -2 11 4 0 0 14 0 
-11 1 -15 -6 -3 -3 -13 2 
10 6 7 1 4 -2 -18 -22 
2 2 0 8 0 0 11 20 
3 -17 -9 2 -1 -1 3 4 
-9 23 7 -18 -3 1 13 -7 
6 -21 -21 -1 -5 -5 -10 23 
-1 2 0 -11 0 1 -3 -12 
32 -13 2 1 0 -2 -20 15 
-49 -19 10 13 -1 -3 15 2 
20 -1 -12 -6 1 5 0 0 
-6 -3 -8 -11 2 -1 -4 1 
2 6 -13 4 -1 1 -5 1 
23 17 -5 1 1 -1 -1 -14 
-7 -10 29 9 -1 0 -10 -1 
-7 -30 9 8 -2 -6 -17 -39 
13 15 -17 -25 0 7 44 16 
5 2 6 9 -1 -1 -4 3 
2 12 -1 0 0 -3 -25 -12 
4 -18 -13 -6 -3 1 -18 22 
-9 -2 15 10 -3 -1 36 3 
0 0 -5 -2 -2 -2 -9 -13 
-4 2 -6 -18 -4 -1 -10 -21 
12 15 11 7 1 -2 4 54 
5 1 8 21 3 1 -16 9 
-22 12 -1 -22 -3 1 6 -19 
0 -11 -10 10 2 1 -5 -10 
12 11 19 5 3 6 37 44 
-13 2 19 -12 -8 -8 -9 -25 
-2 -9 -33 -3 2 1 3 -18 
-1 -12 0 -9 -4 -2 16 2 
-2 -2 -27 2 0 -1 -14 -6 
-5 22 50 0 1 0 -9 39 
-4 -11 1 10 0 -6 -12 -39 
-2 10 0 -12 2 4 -1 -20 
8 -13 -19 -6 -10 -8 8 32 
-13 -1 -2 -2 -1 0 -19 -29 
28 -22 28 5 0 0 -7 52 
-17 27 1 11 3 1 -16 -27 
-12 -9 -1 -7 -1 0 27 -67 
-19 -14 -47 -8 -3 -5 -28 13 
11 -4 3 -7 -6 -2 14 14 
-2 18 -13 -17 -9 -4 13 36 
34 54 41 6 1 0 -5 -14 
-4 -4 -29 7 4 3 -4 -21 
-17 -6 -20 -5 0 -2 -12 -17 
-2 -37 -28 0 -6 -7 23 37 
-8 4 56 5 1 4 -4 18 
5 11 16 4 3 -2 5 -37 
-10 -3 -30 -3 -3 -2 -7 -1 
6 -7 13 4 3 2 0 9 
-9 -2 -46 -18 -8 -9 5 -6 
11 -27 -3 22 -7 -9 -21 10 
-14 9 61 -18 1 7 -25 -3 
7 -16 -41 -7 -5 -3 12 -18 
7 10 -12 5 2 -2 14 16 
-4 -7 38 11 1 2 0 3 
-30 -22 -47 3 -7 -11 -9 -30 
37 18 29 10 4 5 1 27 
-15 -13 -34 -9 -3 -5 -24 -21 
-16 2 40 -14 -1 -1 -9 -43 
16 -7 -9 13 -4 -5 8 27 
2 18 50 -2 5 4 -3 34 
-2 -3 -7 14 7 -1 -17 -33 
2 -3 -44 -11 -11 -2 5 -1 
1 -14 1 -13 0 -1 3 23 
5 9 -44 6 0 3 9 -26 
-11 -25 27 24 3 -2 -19 -9 
3 11 -21 -49 -8 -3 15 44 
-9 3 -26 8 6 -1 -4 -40 
-7 -4 28 -16 -15 -13 -15 -6 
-12 -19 -35 6 -4 3 10 18 
7 -5 14 -4 -1 4 1 -8 
19 36 -9 -8 -1 -1 0 38 
-18 -7 -45 -3 0 -5 -40 -42 
-10 12 8 8 6 -1 19 -10 
5 11 -9 3 3 -2 -8 16 
-4 -2 -4 14 -4 -2 -7 -60 
-3 -5 42 -27 -4 1 15 45 
-14 6 -13 -19 -5 -2 -6 -1 
6 38 -6 9 10 3 19 28 
15 -38 -31 3 -1 -6 3 21 
-44 -23 -55 3 -8 -7 -10 -39 
17 -29 13 -13 -5 1 -7 32 
16 36 38 4 -4 -2 -3 -20 
-8 0 1 -8 1 7 24 16 
-1 -54 33 13 2 -2 4 -18 
11 9 -49 12 5 1 -32 30 
-15 -42 -52 -15 -4 0 -2 -60 
8 19 47 6 -1 -1 -13 -16 
-8 23 16 -5 -7 1 25 11 
22 13 1 -18 -1 -5 0 16 
-7 -1 20 24 -3 -2 -9 17 
7 4 35 -7 -4 -2 7 6 
5 19 -10 9 7 5 -16 -33 
7 23 10 -7 -4 -1 -3 7 
11 12 -22 3 5 3 11 14 
-11 -18 34 16 0 -7 -8 -25 
2 -24 -8 -16 -4 -3 -14 -14 
-7 9 31 -8 -5 0 8 -2 
2 -39 -5 3 0 -2 -12 8 
-4 -26 -28 -9 -4 -3 6 -2 
11 49 19 8 9 3 9 32 
6 -18 -10 -6 -3 -2 -18 12 
-32 -32 -26 -25 -10 -7 30 -49 
-3 27 -1 8 4 4 3 0 
4 6 -10 2 4 -3 -43 -2 
-2 -7 27 -2 -10 0 54 -2 
1 -12 18 6 6 -2 -23 15 
-11 -2 -47 -21 -17 -7 -7 -2 
9 31 51 23 9 2 4 -5 
-3 25 12 -7 -5 4 -5 20 
3 -27 -32 13 3 -2 -7 -33 
-20 4 9 -7 3 0 2 -1 
0 -9 3 -1 -6 -5 18 19 
-13 -7 13 18 9 0 -21 -41 
10 15 3 -4 -4 5 16 19 
22 13 -6 8 -1 3 13 35 
-39 -12 -24 0 -4 -10 -23 -32 
3 -8 -14 -10 2 -1 24 7 
-8 7 7 -9 -4 -4 -64 2 
-12 -32 -28 8 3 -2 -2 -30 
4 -1 -27 -13 -1 4 31 20 
-8 10 -8 7 2 -1 -6 6 
14 -8 -8 -11 -3 -1 -21 -17 
9 18 -7 -9 -6 -3 -9 42 
8 -8 22 20 9 2 8 -4 
-11 20 -19 -6 -11 -3 -25 -32 
3 32 54 20 8 6 33 38 
3 -21 -4 -12 2 -4 -20 -17 
2 -17 10 -1 -7 -1 15 32 
12 2 -8 0 2 1 -19 -36 
0 -14 -1 -2 -3 -3 -39 -34 
6 45 26 19 7 12 73 29 
-6 -39 -11 -13 -1 -3 -11 -15 
-4 33 4 -1 -1 -3 -10 0 
-11 -5 -4 -6 -9 -4 10 15 
10 12 15 11 2 0 -16 2 
0 -3 -2 5 -1 -7 -12 -27 
-17 -51 -59 -8 1 -1 -3 -16 
8 26 46 -18 4 5 12 24 
4 -6 -21 13 4 5 3 4 
20 27 14 -7 -2 -4 -2 -7 
-43 -15 15 -2 -7 -2 10 -15 
3 0 -24 5 0 0 -45 -10 
-3 0 25 3 7 -8 26 1 
9 -22 -26 -2 -13 2 -10 -9 
-10 -22 -15 -28 -14 -13 -14 -7 
18 2 -16 21 4 4 18 14 
-4 -3 17 -6 -11 -4 -28 -35 
5 2 -34 12 9 1 6 11 
13 12 22 -10 -8 -3 9 33 
-23 -20 -43 -16 1 -4 22 -2 
7 0 42 -12 8 6 -5 -6 
-2 32 16 29 -8 3 12 8 
-1 -33 -45 -37 -14 -8 -4 14 
3 23 21 34 7 3 10 4 
-5 -11 -16 -1 1 -2 -10 21 
-2 -24 10 -43 -3 -2 -8 -29 
-10 -13 18 53 4 -1 -5 -21 
14 7 3 -15 -4 -5 8 17 
-2 4 -28 -32 -4 -1 -15 -25 
-11 7 35 -1 7 8 53 60 
35 20 20 21 4 -2 -5 15 
-26 -2 -3 -4 -3 -1 18 -2 
-3 -10 -30 5 -1 2 -10 -29 
-1 -4 -6 -4 -5 -4 32 25 
-17 -5 29 13 11 9 16 -21 
-5 -7 -6 3 -3 -7 -16 18 
34 -1 -43 -7 -6 0 -4 6 
-1 -9 -18 -14 -6 -9 -35 -21 
-18 -5 15 12 4 10 97 20 
-24 8 -1 -8 -4 -2 -35 7 
-4 -33 -11 -3 -4 -12 -33 -30 
9 39 -11 0 0 -2 -7 -15 
-6 -30 1 -10 3 3 -31 14 
5 -6 29 -8 -5 -1 0 -38 
-29 10 15 10 1 1 -32 -15 
15 13 -14 -1 -7 -2 64 51 
-10 8 -9 6 1 -5 -28 -53 
9 -4 -12 -2 0 -2 12 9 
-11 -5 -19 2 -3 -2 -20 20 
-1 19 27 0 -1 3 -14 9 
18 -2 -29 -3 -6 -6 35 67 
-20 -29 -5 1 -5 -5 -10 -65 
-2 26 5 -1 5 5 -27 37 
-7 -54 -7 6 0 -3 11 -21 
19 21 8 6 6 0 -56 -9 
13 5 1 4 -4 2 53 49 
-40 -23 6 -19 -6 -2 -50 -61 
-2 10 -23 3 3 -8 -13 17 
8 -32 7 1 3 2 -25 -24 
-2 31 -41 -17 -12 -9 -1 1 
10 -35 104 -2 -4 0 56 27 
-18 -31 -46 3 -10 -3 -28 -26 
-11 8 -4 -27 4 -6 11 17 
4 -3 -23 8 7 7 -21 -39 
4 3 -75 -3 -6 -5 21 9 
-19 -16 22 -23 1 0 -4 -7 
-1 10 59 28 5 -3 -33 -41 
-2 -11 74 29 12 3 25 11 
3 19 -3 3 10 0 24 10 
4 -25 -43 -39 -11 7 -29 14 
1 17 -14 4 5 -4 25 8 
-1 -4 37 -9 -11 -5 2 -30 
-17 -21 -46 20 8 -7 1 -23 
8 11 37 9 -3 -3 -27 15 
13 37 -11 -24 -8 1 4 29 
-1 -2 19 18 4 1 -5 10 
19 21 1 6 2 8 31 7 
12 7 77 -4 -2 -4 -28 19 
13 19 -2 -18 -13 0 57 8 
-40 -6 -17 16 8 -2 -2 5 
13 48 14 20 4 17 13 -19 
0 11 3 26 22 -3 3 13 
14 -15 38 -12 -12 14 1 2 
8 -13 -50 -24 -4 -9 6 41 
7 13 58 18 7 1 -7 9 
-3 -9 -60 4 -7 -9 -10 -68 
-21 0 -25 1 -5 -5 -9 22 
26 13 30 -10 8 13 -7 3 
-25 -25 -29 -22 -18 -19 -4 0 
2 2 10 -1 2 7 15 28 
-29 -29 -51 -20 -7 -9 -49 -46 
35 9 14 5 -2 0 14 11 
-1 -5 -46 -26 -8 -9 -8 -33 
-4 -12 -4 6 3 -1 0 -10 
-12 9 29 19 -4 -1 -14 -12 
15 -17 -47 -9 -4 -1 0 26 
5 5 27 -9 1 -2 6 -11 
-29 42 -15 -46 -7 0 -11 -41 
44 -29 -11 12 1 -5 1 34 
-1 29 8 11 -1 1 -1 12 
-16 -35 12 -9 -12 -10 -4 -29 
38 5 9 17 0 1 3 9 
-18 -13 -27 4 10 1 5 -7 
-24 -11 -27 -59 -20 -5 -11 -47 
20 11 13 32 -1 1 -3 18 
-10 -4 3 9 0 -1 0 28 
-21 -5 4 -17 -2 -4 0 -30 
-1 -13 1 11 3 -4 3 19 
-25 13 0 -6 1 4 -11 -37 
22 -5 2 -5 -10 -4 13 28 
1 -7 -8 -1 -1 -5 -15 -7 
-19 -6 -53 -5 3 3 2 -8 
23 5 79 -1 -1 -2 5 38 
-10 12 -21 -7 -5 -1 3 7 
-3 -19 0 9 0 0 0 16 
-5 -1 10 4 -2 -4 -10 -51 
-7 3 -6 0 0 -2 2 6 
-18 -19 -24 6 3 4 3 -14 
-17 14 27 -4 -7 -7 -14 -25 
-5 -6 -5 -12 -5 -3 -3 -6 
7 3 -14 -3 -1 0 9 44 
-16 -4 12 5 0 -4 -6 -29 
7 -22 -37 -7 1 4 -1 1 
1 7 26 11 -2 -2 2 19 
-3 4 0 -6 -3 0 5 13 
30 7 26 8 -1 -1 -10 -21 
2 9 -6 13 6 2 5 4 
-10 -13 -16 -23 -10 -6 -6 -35 
-7 -17 -22 -8 -1 0 -2 16 
-6 -8 27 12 -1 -1 0 16 
4 15 7 3 9 3 8 -13 
12 -7 -1 12 1 0 -2 10 
-11 5 -28 -18 -5 -1 -2 2 
-8 -10 1 -1 -2 -5 -8 -23 
1 4 12 -3 -2 -1 4 23 
-6 -8 -13 -12 -4 -6 -10 -28 
-4 -17 -15 1 1 2 -1 -9 
-1 -16 -9 5 0 -3 -1 0 
-34 -5 -6 -14 0 -1 -2 -10 
-5 12 5 2 -5 -1 0 29 
35 -8 -26 3 0 -1 5 25 
-33 -23 -6 -9 -2 0 1 -48 
7 12 13 8 3 -2 2 -1 
-6 -4 -10 8 0 -2 1 9 
-3 -10 -3 -4 -6 -1 -7 -18 
14 0 -18 5 2 5 9 52 
2 11 -20 -14 -5 -2 -4 -5 
2 -25 -1 7 9 0 0 -8 
7 13 -2 0 -14 -1 1 12 
-20 -9 -25 -18 -5 -5 -6 -27 
10 18 29 8 4 5 9 20 
2 12 -5 5 4 1 -3 -10 
-6 1 20 3 2 -5 -4 4 
-4 -22 -53 -2 0 -3 -6 -10 
9 7 64 -8 -7 -4 -6 3 
-19 2 4 1 -1 1 -3 3 
7 21 1 3 2 0 5 1 
-6 3 6 1 0 1 8 37 
5 -12 -11 -5 -1 -4 -16 -84 
1 3 -19 0 -3 -1 0 20 
-2 1 -19 -6 -4 2 16 -8 
1 3 12 9 -3 -5 -16 -20 
-5 -7 11 -8 -4 3 5 3 
16 23 7 -4 -4 -8 -10 11 
-2 -7 12 6 4 5 14 -8 
5 2 -12 -3 -7 -7 1 20 
4 11 8 -7 3 8 3 2 
9 -6 6 12 -4 -1 0 22 
-26 1 -12 -10 -1 -4 -14 -51 
-9 8 17 13 10 4 0 -31 
23 -10 -15 6 0 -3 2 36 
-7 -5 4 -22 -9 7 19 4 
2 3 -19 0 -6 -9 -20 30 
-10 -18 -11 -16 -8 -3 -14 -53 
3 5 -11 0 -1 -3 -3 -18 
-3 -2 14 6 8 3 -1 9 
-4 11 30 8 2 2 1 0 
1 1 -15 21 16 7 4 15 
-19 -33 -38 -37 -28 -16 -2 8 
-2 3 3 1 -4 -8 -8 -31 
1 -38 3 2 0 -3 -9 -2 
12 20 4 2 1 0 4 0 
-4 -4 2 15 10 5 11 27 
-3 -10 -15 -10 -4 -3 -17 -11 
-7 -13 -20 -3 1 -1 -2 -8 
-5 43 35 15 12 8 9 1 
42 -16 -4 -5 -17 -3 -9 23 
-20 -3 -22 -13 -6 -3 13 13 
-2 -11 18 0 -2 -4 -11 -8 
-8 -12 -28 -19 -10 -8 -3 -4 
-8 9 12 15 8 3 -2 -34 
7 -1 1 8 6 2 3 6 
12 21 2 -2 -1 2 9 41 
7 -14 21 4 1 4 1 -30 
-22 6 -7 7 1 -5 -7 8 
-2 -9 -5 -9 -11 -6 -5 -32 
-18 -19 -20 -12 -4 -4 -7 -23 
-3 0 -15 -4 -8 -5 -4 6 
-2 -21 0 4 1 0 -1 -3 
8 21 17 16 10 7 2 8 
-2 -18 -10 -1 0 -2 -4 0 
2 6 18 0 0 5 13 11 
1 -3 -7 -6 0 4 3 -23 
1 -7 1 -11 -9 -12 -20 18 
-10 -9 -28 -8 -4 -2 3 -10 
4 -20 -6 -4 -2 -9 -10 20 
-4 20 2 6 3 0 5 -3 
9 -11 -29 1 1 6 13 -9 
11 19 35 2 1 0 -6 26 
-5 -2 12 -6 -5 -3 -4 0 
-23 -10 -21 -3 -1 -5 -11 -51 
0 1 -1 4 -1 -2 3 -5 
-3 4 -24 -26 -6 -3 2 -3 
5 3 -3 3 -8 -8 -20 11 
-1 -16 -13 -1 1 -2 2 13 
-14 -3 28 1 6 2 -4 -6 
10 19 5 11 2 1 3 11 
6 3 13 -8 -4 0 1 0 
-2 4 -2 4 1 -1 -1 3 
16 35 5 4 2 4 4 -8 
-8 -6 14 1 0 3 0 -15 
5 -9 -14 -8 -4 -9 -1 10 
-2 2 -15 -4 0 1 1 7 
2 -10 38 -1 -1 -4 -3 -3 
0 11 0 13 -2 1 6 5 
-8 -4 -6 -13 -3 0 -3 -22 
19 8 -3 2 2 2 6 44 
-5 -3 3 1 0 0 12 -17 
-8 -8 -16 -3 -3 -7 -37 -23 
0 5 4 -6 -6 -7 -14 -4 
-1 3 -16 -2 2 3 8 19 
10 -1 4 -2 0 -1 -7 -7 
-36 9 -4 3 1 4 12 14 
-5 -15 -10 0 1 4 5 -16 
-8 12 1 -3 -3 -5 -8 -10 
-1 -15 -10 -3 -4 -3 -3 -9 
20 2 23 2 -3 1 11 6 
-9 -3 -7 7 1 -5 -7 6 
3 7 18 -6 3 -2 -1 7 
16 -23 -31 -15 -9 -2 2 66 
-2 -1 31 -6 -6 -4 -4 -68 
-15 -9 -14 -6 -2 3 1 -8 
2 -8 5 10 3 0 3 -4 
-4 18 5 -3 5 -1 -1 15 
21 -4 -8 5 5 -1 -7 2 
4 -1 1 -4 -6 -1 9 27 
-6 1 1 -2 -3 -3 -7 -41 
-3 0 0 0 0 2 4 10 
-4 -15 -28 -3 1 1 7 11 
5 9 32 0 1 1 -3 -14 
-15 -11 -15 1 -3 -1 4 40 
-22 2 1 0 -4 -4 -13 -57 
-4 9 6 3 -1 -2 -1 -5 
5 -13 -12 -3 0 -1 1 10 
-1 -7 4 -3 0 1 1 -11 
-7 -3 -8 5 2 -5 -5 -6 
-2 -1 15 -5 -2 2 -1 3 
5 -2 -29 -5 2 0 0 15 
-6 3 9 2 -12 -4 -3 -30 
-4 -5 -8 -4 -1 -2 -4 -13 
6 8 1 3 2 0 1 39 
2 -16 -2 -1 -3 -2 1 -14 
-10 -10 -1 1 1 -2 -6 -22 
7 2 8 7 1 2 1 4 
27 0 -5 -12 -3 -4 -5 12 
-46 1 5 -4 -6 -3 3 -10 
25 4 -1 1 -2 -2 -1 12 
-6 -32 -21 0 -5 -2 -2 -16 
-1 -2 6 -7 0 4 8 21 
6 1 32 -3 0 -5 -9 -22 
-1 -2 5 3 -2 1 1 33 
10 1 -7 -9 -2 -2 -4 -13 
-9 -1 2 5 -1 -3 -2 -32 
8 11 -3 4 -1 0 1 4 
-15 -14 -17 -3 0 -3 -5 11 
-7 11 16 -1 -1 -2 -2 -10 
-6 -16 -31 -7 -4 -7 -3 -25 
17 14 25 0 -5 0 1 31 
-17 5 2 0 1 -2 0 -15 
0 -5 -23 -3 2 4 10 7 
-8 3 0 -3 -4 -5 -8 4 
21 5 -10 1 1 0 -4 -14 
-14 -24 -2 -5 0 2 2 26 
10 25 47 14 10 7 2 -9 
-28 -15 -39 -6 -5 -3 3 -8 
7 0 -29 -23 -7 -7 -6 -14 
7 -27 -11 0 -7 -10 -10 -6 
-9 4 3 -5 -7 -4 -4 4 
2 8 15 12 8 4 5 3 
0 4 7 2 3 4 5 17 
9 11 -8 -3 0 -1 -1 17 
-3 -6 -8 -1 -1 1 1 -25 
4 -11 -19 1 2 -2 -1 6 
-18 -31 -21 -12 -11 -9 -5 -13 
2 9 18 -8 -5 -5 -6 -19 
-3 -17 -17 0 -3 -2 -2 23 
-4 5 17 2 0 0 0 3 
-2 5 -1 17 9 6 8 -12 
-8 1 10 -1 -2 -2 -5 -1 
-3 -9 -24 -15 -6 -3 0 13 
4 -4 5 -1 -2 0 -2 9 
7 7 -5 11 4 2 3 0 
9 -2 6 -3 -3 -1 -2 -9 
-21 3 -2 1 1 -7 -8 -17 
9 -1 -4 -6 -3 -5 -1 16 
-1 15 26 6 1 6 3 10 
15 5 -3 -7 0 1 3 34 
-7 -24 -8 -2 -3 -1 0 -30 
-1 7 -1 3 2 6 6 5 
13 15 41 4 4 -1 -4 -29 
4 21 23 3 -1 2 -2 -4 
-14 3 0 -4 -6 -1 2 20 
-9 1 5 5 -4 -5 -6 -15 
14 -9 -14 3 2 -2 4 31 
-31 2 6 4 4 -2 2 -3 
11 2 -17 -2 3 -2 -9 -23 
0 1 36 -1 -4 -3 2 17 
-14 -2 -14 -22 -4 -3 -4 -21 
1 -11 -40 -5 -3 -1 -12 -38 
18 -9 15 -5 -10 -3 -4 33 
-21 -7 -9 -5 6 3 0 -17 
2 -11 -13 1 -5 -6 -6 15 
16 3 18 3 5 -1 6 20 
-3 15 12 10 3 3 2 -36 
4 -3 -19 -5 -5 -2 -6 -5 
-8 -5 -12 1 -2 -2 -1 3 
-6 8 19 1 -1 2 14 -16 
-4 20 22 -2 7 5 -8 5 
-1 -17 -17 2 -5 -4 -3 -6 
-14 -1 -29 -20 -9 -6 -7 12 
-7 -7 -7 -1 -3 -3 -3 -25 
16 -16 -11 3 0 -2 1 16 
-27 -1 17 -3 3 -1 2 -23 
3 6 -8 5 4 5 2 -7 
-1 8 10 3 0 -4 -7 11 
0 -9 -4 -7 1 -1 0 1 
1 9 -29 3 -2 1 0 3 
-10 -15 -10 -13 -8 -4 -1 -20 
-5 6 -2 -1 -1 -2 -4 -10 
15 9 8 8 1 0 4 32 
0 5 16 11 8 0 -3 14 
-20 -4 -4 -7 -12 3 -2 -36 
-4 -22 -15 -1 1 4 1 -21 
1 8 -2 -8 -8 -6 -2 16 
9 -7 -8 -3 -4 -1 -4 4 
5 -5 -3 4 5 -1 0 22 
-4 3 17 -4 -1 -3 -7 -20 
-26 -18 -37 3 -1 0 4 -16 
20 5 0 -19 -12 -7 -6 3 
6 19 23 12 7 3 1 36 
7 -11 -2 -2 -4 -3 -3 -22 
5 9 -6 -3 1 -2 0 17 
4 6 16 2 3 2 11 -12 
-32 -24 -29 7 2 -1 -11 -24 
10 2 -1 -9 -8 -5 -8 23 
2 4 10 -3 -5 0 4 4 
11 -5 -9 2 1 -4 -6 1 
12 6 18 8 0 2 5 2 
0 5 -8 4 1 -1 3 42 
-4 3 30 4 0 3 5 -13 
-8 -13 -28 -16 -9 -6 -14 -50 
-25 -13 -4 -2 3 0 -1 -11 
1 -9 -17 -6 -2 -2 -3 -1 
4 8 18 0 -1 -2 -5 2 
0 15 18 4 2 2 1 11 
28 7 -13 6 6 0 11 30 
-13 -1 33 -2 -9 -4 -4 -19 
-23 -27 -46 -14 -10 -6 -9 -23 
-17 11 14 1 -1 -3 -6 -16 
9 1 5 -2 -1 -3 -2 -3 
13 12 11 3 -1 2 5 13 
7 5 5 3 3 3 -1 24 
1 6 16 8 3 0 6 -8 
-8 0 -20 -4 -1 3 1 2 
9 -14 -27 -20 -6 -2 2 -5 
-14 7 -16 -3 -6 -10 -10 0 
7 5 10 6 2 3 7 11 
3 8 32 12 4 -1 -1 5 
1 2 -13 10 6 5 4 4 
16 -7 -23 0 -3 -1 -7 -13 
0 2 0 -8 0 5 8 5 
-5 -35 -16 -17 -9 -8 -11 -8 
-29 -6 -5 1 -2 -3 -8 -19 
9 4 15 4 6 2 3 0 
-5 -5 -8 2 -2 -1 -1 13 
10 3 11 -4 -4 1 1 28 
1 -3 -16 -3 3 -1 7 -28 
23 0 1 24 17 2 2 15 
-41 -50 -52 -31 -28 -11 -16 -34 
-16 -4 -6 -7 -5 -4 -6 -9 
7 1 -3 1 -1 -1 -2 12 
-2 8 4 1 3 2 6 16 
23 12 20 17 10 8 13 16 
3 -7 3 -2 -1 2 -14 13 
-16 21 3 -4 -3 -9 -17 -54 
-2 -4 18 9 0 6 5 -18 
8 -13 -7 -6 -5 -7 -6 18 
-6 3 -2 -6 -3 -1 7 0 
8 16 13 8 9 7 9 30 
-10 9 0 -11 -5 -1 -5 -15 
-7 -22 3 4 5 2 1 -9 
5 9 -12 0 -4 -5 -1 -14 
9 -15 2 -10 -8 -3 -3 19 
-17 5 -1 -10 -8 -6 3 -8 
6 6 11 1 2 1 -1 10 
0 0 -3 7 4 -1 1 -19 
32 17 8 17 16 14 18 76 
16 8 18 2 -5 -6 -16 -51 
-43 12 -29 -30 -12 -11 -14 -57 
-1 -25 -10 -12 -5 -3 -2 4 
-28 -2 -9 4 -3 -4 0 -6 
9 -21 -1 7 5 4 18 39 
21 10 6 13 4 2 -13 8 
0 20 16 1 -2 0 12 -13 
-11 -8 -20 -5 -1 -6 -8 12 
8 -9 2 -13 -3 1 -3 -3 
4 -9 5 13 -2 -9 -1 16 
-2 -14 -24 -25 -12 -10 -9 -31 
-19 -15 10 1 -4 -2 -3 -21 
-25 6 7 -2 -2 0 2 -13 
26 26 -2 2 5 4 1 32 
-5 -5 10 17 7 6 1 8 
5 -15 -31 -8 -6 -5 -1 -20 
-9 6 6 -13 -6 -4 0 30 
7 -4 17 4 0 1 2 -19 
-11 -19 -4 -5 -1 -4 -7 -13 
-16 -14 -8 -10 -4 -3 -8 -16 
-9 -8 -34 8 7 1 8 49 
11 14 61 -7 -17 -1 -4 -30 
