#EMG
#0
#ID:0-65
7 7 36 -6 -5 -1 -14 -38 
-13 -10 -5 9 -2 -6 12 -7 
-18 -11 8 0 1 -2 -4 -7 
-1 -15 -20 -11 -6 -4 -1 4 
8 5 -12 -9 -3 -1 5 30 
2 -19 13 0 0 3 -20 -26 
-6 1 6 0 -1 -3 3 -22 
9 -9 -36 -10 -4 -3 7 7 
-16 -8 28 -5 3 2 2 7 
-1 -17 -26 -1 -3 -1 1 4 
-1 7 -1 -13 -3 -2 -3 9 
1 -5 14 20 0 -2 -14 -39 
11 -3 -11 -8 -1 -3 2 15 
-22 10 16 17 -1 -1 2 -25 
-1 4 -25 -41 -2 2 -15 -7 
8 8 2 -4 -2 -2 18 23 
9 2 -1 10 1 -1 -6 -23 
-6 10 6 -4 -1 1 -10 -6 
-19 -12 -3 10 -3 -3 8 24 
-23 -12 -3 -4 0 0 -2 -32 
9 8 -6 -3 -1 -1 2 19 
6 -14 -27 -17 -1 -4 -6 11 
8 11 3 10 -1 1 -6 -8 
-11 -6 -8 -17 -5 -6 3 11 
-8 -15 -14 10 -1 0 5 -3 
-15 -8 7 -4 3 0 -7 -8 
12 5 -1 8 -2 1 3 15 
17 5 0 -2 0 -1 -8 -7 
-19 -4 -32 -8 -3 -1 1 -1 
-7 14 14 11 -1 -1 -3 -13 
4 5 -2 -18 -1 -2 -3 14 
-4 2 15 16 2 2 -2 -5 
0 -18 4 -12 -4 -4 6 12 
-4 5 -11 -2 -3 -1 1 20 
21 9 17 17 1 0 8 7 
-24 -12 -23 -19 -6 -5 -13 -34 
3 -8 -47 4 3 3 -6 -4 
0 5 63 -2 0 -2 -2 5 
-1 9 -11 0 -2 -2 7 3 
16 -10 -1 7 -1 -2 1 17 
-26 -2 3 4 -1 -2 -7 -24 
1 4 -18 -4 1 3 10 9 
-6 -6 -3 2 -3 -5 -21 -13 
9 -8 17 2 -1 2 16 17 
-3 10 21 2 1 -2 -2 -2 
18 7 -11 -1 -1 -1 6 11 
-21 -16 6 2 -2 1 -4 -17 
-3 -1 -20 -13 -3 -1 3 9 
22 -5 -2 4 3 -1 -15 2 
-19 3 7 4 -3 -1 22 -32 
20 2 1 6 5 2 4 31 
-5 -21 0 -6 -3 -4 -14 -9 
-10 17 18 2 -3 0 -7 -39 
9 1 -13 -3 -2 -2 -2 21 
-17 -7 -18 6 -1 -2 2 -25 
17 -3 18 -3 -2 -2 -2 -17 
-6 -6 32 6 -2 -3 0 14 
-6 5 -17 -5 -1 -2 -8 -1 
13 -12 -6 -4 1 1 1 18 
-28 -5 -7 11 2 1 -1 -5 
9 12 30 -5 -2 0 1 9 
11 -4 -22 -8 -2 -2 -10 -13 
-11 -12 -10 -4 -7 -2 7 0 
9 6 11 5 1 -2 -9 26 
2 1 -11 -11 -4 -1 4 -35 
-25 -5 16 -5 -1 -1 -3 -24 
2 9 9 -2 1 0 -2 -17 
-2 -1 -21 1 0 -1 -20 -2 
2 0 -4 2 -2 0 30 28 
21 5 15 1 0 0 -2 56 
-33 -9 -7 -4 -4 -4 -17 -88 
-7 12 2 0 -2 -2 16 11 
13 -27 -3 -3 1 0 -6 28 
-3 -6 -15 -14 -4 -2 -3 -14 
23 15 10 0 1 2 0 39 
-30 -10 3 10 1 -2 -6 -17 
-1 5 -16 8 -4 -2 13 6 
3 8 -13 -26 -2 -4 -20 6 
-2 -10 2 -7 -8 -3 9 -9 
25 5 -1 -3 -3 2 4 25 
-16 -3 -5 6 2 -2 -23 -38 
33 -2 10 11 1 0 19 19 
-12 4 14 1 -1 -1 0 8 
-12 10 -3 8 -1 0 2 -20 
3 -10 -4 -9 -6 -4 -4 23 
-6 8 -9 -7 -3 -3 -9 -11 
-6 -3 -21 5 3 2 -2 -8 
19 3 51 7 -3 -2 17 34 
-12 -3 -10 -22 -4 0 -4 -6 
-49 2 -11 0 1 -1 -5 -87 
16 19 -7 -1 -2 -5 -15 27 
12 -2 -7 -1 1 1 5 -7 
-11 -1 1 1 3 2 3 15 
4 20 4 6 -3 -3 0 6 
4 -19 -1 -4 0 -2 -7 -5 
9 1 15 0 0 -1 -6 -4 
13 19 1 -3 3 3 12 4 
1 -23 -15 1 0 2 6 40 
-27 16 7 5 0 -5 -11 -52 
-34 -30 -38 -2 1 -3 4 -8 
21 -6 24 0 -4 -4 6 7 
-6 -4 40 9 -1 -2 -13 -5 
4 -4 -8 -9 -3 -3 -1 -8 
-18 8 -4 3 2 0 -9 -22 
-7 2 6 7 0 -1 3 2 
-24 -20 -39 -11 0 0 16 11 
20 -12 19 5 -2 -3 -6 9 
5 0 -3 -2 1 3 -2 -6 
5 -8 -19 0 -2 -2 -7 -2 
1 -13 10 -4 -4 1 -7 0 
-3 6 -6 1 2 0 1 21 
11 -8 -19 1 -3 -1 10 22 
-15 -9 -10 -9 -5 -6 -11 -49 
13 2 14 2 -1 -3 -4 -2 
1 7 8 -9 -4 0 5 38 
-22 -10 -6 1 2 -3 -13 -46 
-5 -20 -7 -1 0 2 5 6 
4 0 -12 23 1 0 -3 16 
3 6 4 -34 -3 -2 18 -17 
-10 0 -42 -15 -4 -2 -11 16 
0 2 13 10 2 -1 8 23 
-1 -1 8 9 2 -1 -1 -15 
-4 4 0 7 0 -1 -1 7 
13 -8 14 4 -1 0 -3 8 
-15 -3 -16 -22 -3 -1 -6 -14 
8 2 3 10 5 3 12 15 
-4 2 -7 6 -4 -1 -6 -20 
-5 6 -7 -11 -2 -2 -2 54 
12 0 20 4 -2 -3 -15 -35 
4 3 13 -12 -2 -2 2 1 
-12 -22 -9 4 1 1 -2 -17 
15 26 3 -5 -5 -1 -8 5 
-5 -15 10 3 -1 0 7 14 
1 0 -21 -8 -1 -2 2 -10 
9 8 27 16 -1 0 -7 17 
-16 -19 -25 0 1 -1 1 -5 
5 -3 -30 5 -4 -5 -11 -13 
-9 11 18 -41 -7 -7 -19 -14 
9 -6 -25 3 1 0 10 14 
12 -4 22 -2 -2 1 28 -1 
-7 3 3 2 1 0 -26 -9 
13 -7 -20 2 -3 -2 -11 27 
-16 -9 1 -9 -2 1 19 15 
-14 -7 -15 -1 0 0 2 -71 
6 10 2 -1 0 -1 -3 35 
-13 -8 -20 6 -7 -6 -2 -55 
-6 4 -4 -8 -2 -2 -9 11 
-4 7 20 1 1 -2 -4 0 
10 12 -10 -5 -1 0 8 3 
-2 0 13 4 -3 1 0 11 
4 9 3 2 2 0 -11 2 
0 4 -15 -2 0 3 2 -13 
-16 5 13 -8 -4 -6 -1 11 
5 2 -27 3 0 1 7 21 
-12 0 23 -3 1 1 -10 -36 
6 -3 -2 6 1 0 1 13 
11 -4 -7 -1 -4 -6 -12 -7 
19 25 20 20 3 2 0 10 
-32 -21 -26 -30 -5 -1 5 -16 
19 -13 10 -1 2 -1 -5 8 
-18 -7 -3 -9 0 1 6 10 
-4 -1 5 8 -3 -2 -2 -31 
7 2 -11 4 1 -1 -22 4 
13 18 32 3 -3 -2 23 30 
11 12 -9 0 4 2 3 -1 
10 -10 -18 -10 -2 -1 -10 11 
-21 0 1 12 -4 -3 11 0 
-9 -34 -5 -9 -4 -5 -24 -40 
19 -9 7 8 3 1 6 5 
-24 -10 -7 -10 -3 -2 -2 -30 
12 -5 -8 24 1 -1 -1 9 
-13 -16 -23 -19 -7 -4 -7 -9 
15 10 2 8 -2 0 -9 43 
-31 -11 11 -28 4 0 13 -31 
14 3 2 8 -4 -3 -7 2 
10 24 -2 7 -1 -1 0 9 
-2 -10 22 -7 -2 -1 27 27 
-10 -14 34 4 -1 0 -9 -14 
2 13 -19 -5 -1 -3 -4 -6 
13 12 27 -8 1 3 -20 -5 
-42 -2 -48 -2 -6 -2 21 -5 
27 -8 -6 4 -1 -3 -4 9 
-5 8 11 -7 -2 0 5 -3 
-1 -42 12 1 2 2 -2 5 
-16 -17 -13 -7 -5 -2 -14 -26 
9 14 -39 26 5 2 6 11 
3 -32 -41 -30 -3 -1 -3 57 
-31 13 37 -2 -6 -9 -8 -79 
-12 -5 28 4 6 5 -3 -8 
-23 -19 30 22 -6 -5 -9 -33 
19 1 -17 -1 -7 -3 -3 10 
13 -17 -22 -15 -7 -7 3 44 
-18 -31 13 13 5 2 -16 -16 
-19 37 -14 24 2 1 12 -54 
9 -21 35 -31 -7 -4 18 40 
-7 40 -2 10 1 -4 4 9 
-2 -49 30 -2 -2 -2 26 19 
23 22 -52 0 -2 3 0 29 
-44 -6 13 6 4 -1 -4 -51 
48 13 11 9 -5 -3 -5 17 
23 8 -56 -16 -4 -5 -37 19 
42 21 23 -9 -3 -4 0 -9 
3 52 29 13 5 9 -6 -26 
-56 -48 -2 0 6 5 7 -10 
13 23 -28 -6 0 -2 -10 -13 
2 3 21 -19 -7 -5 1 15 
10 -6 -10 3 1 0 -10 -22 
-10 19 -15 11 1 -3 -23 -2 
13 0 -1 -26 -9 -8 -7 2 
-16 -20 -7 0 2 4 5 20 
14 9 -3 -4 -1 -1 11 34 
-43 -61 -44 -3 -3 -2 -33 -47 
56 1 82 19 3 2 -1 1 
-34 -32 -6 -8 -1 -2 0 19 
-15 -22 13 10 1 -2 3 -21 
1 0 -50 -14 -7 -6 -21 5 
2 27 0 7 5 7 8 5 
-6 -8 8 -27 -3 1 25 -3 
4 -21 -8 7 -5 -9 -12 -6 
7 34 13 -3 3 2 3 14 
-1 -20 -20 10 -1 -4 -16 -35 
8 16 -2 0 3 6 19 37 
-2 -9 2 -5 -5 -2 5 8 
25 14 -1 -4 -3 0 18 -4 
-24 12 -12 -11 -7 -8 -2 3 
20 -8 -18 16 2 -3 -37 -22 
-17 -28 40 -8 -5 -7 -24 32 
15 3 20 3 -1 6 61 -24 
-46 -4 14 24 4 1 -10 -65 
54 20 -26 -47 -5 -4 -3 53 
-5 4 -32 -4 -5 0 15 -8 
2 -45 27 4 3 0 0 44 
-23 2 -4 2 -2 -3 8 -37 
-15 -25 17 12 4 -4 -5 -9 
-7 6 -6 21 -2 3 1 1 
4 -7 40 -38 -4 2 8 -8 
24 48 41 17 8 11 12 43 
-54 -19 -49 -5 -8 -13 -33 -54 
39 -1 -2 13 12 -4 -9 -13 
0 66 -19 -28 -13 8 5 2 
7 8 -52 -4 4 0 6 31 
-22 -31 13 0 2 2 -15 -19 
14 43 39 -8 2 7 21 28 
-7 11 16 20 3 -7 -5 16 
6 -24 -3 25 1 -3 -7 -25 
-1 -2 -18 -30 -9 -6 8 46 
-23 8 8 5 5 3 -8 -66 
23 -13 8 1 0 0 -3 11 
-30 15 18 4 -9 -11 -11 13 
3 5 51 19 18 15 16 38 
-41 8 14 -1 -11 -3 -5 -35 
43 -29 -40 6 4 -3 -6 7 
16 -1 32 -21 2 2 5 8 
-19 4 -20 -5 -4 -2 1 -44 
10 33 4 28 -4 0 -1 20 
-28 -17 -3 30 2 0 6 2 
4 9 -24 -6 4 -2 -15 -34 
29 8 -9 -20 2 2 0 54 
-29 -41 10 -37 -4 -5 -2 -67 
-11 -5 -18 24 -8 -11 -46 5 
14 -15 -29 -10 -3 5 38 28 
26 28 0 -26 -2 -3 -41 -11 
8 -46 -36 1 -9 -8 9 28 
13 37 37 -14 1 2 20 34 
6 2 10 33 4 5 -5 8 
-31 -21 21 -39 -8 -3 -12 -107 
76 35 -19 35 -3 -7 -6 79 
-54 -32 -38 8 1 -5 2 17 
68 20 3 -29 -6 2 46 87 
-36 -35 13 36 1 -2 -24 -87 
-34 -34 -35 -38 -7 -6 -31 -59 
20 33 -14 -77 -3 -2 12 -14 
-44 8 12 43 7 22 74 3 
67 15 17 28 2 -16 3 80 
-34 -24 -51 -7 1 2 -2 -31 
29 3 17 0 -4 -2 -16 -1 
-70 -6 -3 -18 4 1 -60 -77 
44 -6 -64 -24 -16 -5 13 66 
20 6 14 28 8 7 62 -9 
-36 -10 -23 6 7 2 -26 -34 
17 -23 16 -23 -12 -14 -18 -26 
-10 6 -40 2 -6 0 -11 27 
16 0 -18 -16 2 -3 -11 19 
-1 9 30 24 3 3 -13 -13 
-4 -10 13 -14 -1 -4 -4 21 
-11 10 10 38 0 -4 3 -18 
-17 -7 -1 -32 -4 2 -9 5 
10 5 -37 -8 -3 -7 2 -15 
0 -6 2 -2 -8 -4 -18 -4 
-11 -16 19 2 5 7 22 -13 
4 17 -15 35 5 4 -11 -6 
-15 -9 3 -30 -7 -6 13 7 
15 -7 -21 -17 -9 -11 -48 7 
-18 11 16 10 0 4 43 34 
13 -22 11 1 9 9 -3 17 
-20 24 2 12 3 -3 -3 -23 
-8 14 -38 5 -1 4 3 4 
-25 -22 37 -20 -22 -21 -32 -74 
-4 7 30 1 6 6 7 18 
5 -8 12 4 -2 4 11 13 
-1 -17 -40 6 4 -4 -1 7 
7 37 67 33 4 5 -3 30 
-15 -9 -22 -18 -4 -2 14 -34 
-13 -47 -58 -26 -16 -8 -4 60 
-11 8 9 -11 -2 0 -4 -96 
-9 -7 -41 -2 8 1 7 15 
-4 6 15 16 0 -3 -13 16 
-3 -2 21 -5 0 -2 -1 -6 
16 -4 54 -14 -11 -5 2 23 
-17 6 -37 25 6 5 4 -58 
3 10 12 15 2 -6 -26 -34 
2 -32 -23 4 2 0 2 -3 
21 69 17 -21 1 5 15 68 
-18 -9 -10 16 3 2 -9 -45 
6 -6 -25 -10 -5 -3 8 33 
20 18 23 -1 -1 -1 -2 -15 
-40 -26 -30 34 1 -3 -6 -15 
59 2 11 -49 -8 0 14 105 
0 38 -18 2 0 -1 -10 -43 
-23 -27 50 20 8 5 -3 -8 
35 -14 -47 -13 -8 -6 -4 -11 
-11 -24 -27 -7 -5 -3 4 30 
-10 -8 12 2 -7 -5 -5 -18 
13 -16 -14 2 -1 -1 -6 -22 
-4 -5 -46 12 5 2 7 -13 
-24 -23 71 -9 -4 -3 -16 -15 
12 48 7 -15 -2 3 31 43 
38 8 -22 8 4 4 -7 8 
-29 -16 -27 -33 -11 -8 -1 27 
-15 18 0 12 0 -1 -3 -39 
12 -20 12 2 9 3 -10 -6 
-34 5 46 9 -4 1 10 13 
-12 -2 0 -12 -3 -2 4 25 
26 12 4 -14 1 -2 -10 -21 
-7 -15 -13 9 -2 -2 -9 -10 
15 25 2 17 1 3 4 -9 
-8 -8 7 -11 0 -3 -3 9 
-25 7 -3 6 -1 -2 4 4 
14 -5 0 1 0 0 1 24 
18 5 -4 5 1 -4 -12 -20 
-3 3 13 11 4 0 3 -25 
-26 -23 -26 -11 -4 -1 1 -19 
28 4 -12 -14 -4 -3 5 79 
-32 0 3 3 -2 -6 -11 -58 
15 29 7 15 2 -1 -4 -18 
-20 -13 7 -10 2 3 9 12 
-4 -4 -17 -13 -7 -6 -10 9 
6 7 -9 3 -1 -1 5 16 
0 -31 -2 8 0 -2 -11 -17 
10 30 11 -8 -1 4 5 15 
-1 -10 -1 -1 -4 -5 -10 -36 
9 -35 -25 -6 -2 0 14 17 
0 -5 10 -11 -3 0 1 2 
-3 10 11 9 2 2 -2 -1 
0 -11 -9 -11 -3 -1 2 7 
8 -19 -5 6 1 0 8 19 
5 -5 22 7 1 -3 -13 25 
17 -11 -25 -4 -1 -2 -14 -26 
-25 -4 4 -4 -7 -8 -4 -52 
-35 2 -2 -17 -4 1 3 0 
11 -20 1 7 -2 2 9 18 
4 15 1 15 8 3 3 11 
5 5 10 3 -1 0 -1 -17 
-4 -8 -34 -13 -5 -5 -7 -5 
3 -5 14 -2 -2 -1 -4 -7 
8 1 -11 5 -1 -4 1 22 
-4 -7 5 0 -1 -1 1 -7 
9 -3 29 13 3 6 7 38 
-4 16 -25 -10 1 3 -5 -23 
18 -8 -20 9 -2 -2 3 12 
-26 -11 -17 -27 -11 -9 -19 -16 
-23 25 10 2 -2 -4 11 6 
-11 -8 -5 1 0 -2 -6 -23 
3 2 18 3 -1 2 9 62 
-1 7 7 6 4 5 -3 -5 
-15 -13 -6 -8 -6 -3 -9 -39 
5 -22 19 1 3 4 7 0 
1 9 -1 5 2 -1 2 6 
-18 -17 -7 -30 -11 -5 0 11 
13 3 -11 2 3 -1 -11 -19 
10 -4 3 -4 -9 -4 1 1 
3 9 30 6 0 0 1 1 
3 -4 -35 10 5 5 6 11 
-3 -7 -10 -3 -2 -2 -3 -10 
-8 8 4 -4 -1 -2 -1 14 
-6 -2 -3 -16 -6 -7 -10 -51 
-7 2 9 12 1 -2 -2 22 
29 16 -1 -1 2 2 2 21 
-21 3 -1 8 1 -1 -2 -39 
2 -5 -19 -4 -2 -1 3 14 
3 -2 20 6 2 1 3 -19 
33 10 9 4 3 1 -6 15 
-37 10 -8 -9 -5 -6 -2 -20 
-1 -11 3 0 2 1 7 -9 
2 -3 1 -7 -3 -2 -14 0 
6 2 8 12 -1 0 -1 10 
4 12 16 -7 -6 -4 -3 30 
-12 -19 -43 -24 -9 -4 12 -35 
-6 -11 16 -1 0 -1 2 13 
-32 -3 -13 -3 -3 -3 -1 -26 
42 13 5 -1 1 -2 3 35 
-6 57 18 17 8 4 -9 17 
-7 3 2 -12 -2 1 0 -24 
0 -11 -13 -5 -4 -2 2 2 
-3 5 -2 -2 -1 0 -7 -27 
-6 -15 -16 -3 -5 -2 4 15 
21 2 0 9 1 -1 2 48 
-33 0 -19 -8 -5 -3 -9 -62 
-43 -11 -5 -2 -1 -2 -4 -1 
-6 -14 -5 -4 -5 -1 1 -9 
17 12 40 7 1 -2 -6 -16 
18 -11 -8 -10 -3 -2 4 37 
9 -4 -12 6 -1 0 0 -5 
5 -2 8 3 -3 -2 -7 -14 
-27 -10 14 4 1 1 5 -1 
14 12 8 1 2 1 1 19 
14 -7 -13 -10 4 4 1 -15 
-21 -11 4 7 -3 -1 -8 32 
14 42 -6 1 -3 -7 -7 -24 
-2 -10 -5 -5 -2 1 6 16 
-2 -5 -32 0 -2 -4 -4 -5 
-17 8 26 -7 2 1 -5 -30 
23 -27 19 5 -1 1 7 16 
-5 4 -23 10 3 3 5 31 
-1 3 -9 -21 -6 -2 0 -1 
2 -11 -12 3 -1 -2 -4 5 
-18 -5 -27 -8 -2 -5 -7 -22 
8 -2 15 2 -2 -2 8 22 
1 -12 13 6 0 0 2 7 
7 -14 -8 -6 -1 -4 -16 -16 
9 10 -21 2 1 3 9 22 
-21 -15 23 2 1 1 -6 -27 
-11 -3 -21 -10 -9 -4 1 10 
8 4 5 -4 -5 -2 3 14 
-7 -15 -3 1 1 1 -3 -8 
8 5 0 2 0 -3 -7 -19 
2 17 22 12 7 8 4 2 
3 -7 -34 -7 0 1 0 5 
0 2 42 -2 -4 -4 1 -10 
-4 11 -2 1 0 -2 0 12 
1 5 21 12 4 -2 -9 3 
14 3 -22 -11 -4 -2 8 5 
-17 11 -4 -2 0 0 -6 -12 
-1 -2 3 -2 -3 -2 -3 -13 
8 -2 -10 1 -3 -4 -11 -8 
-15 -11 25 2 -2 0 -2 -11 
-1 -9 18 3 0 3 5 10 
8 10 2 -4 0 -2 -2 20 
-2 11 -1 6 0 -2 2 -28 
11 -17 -24 -9 -4 -5 -2 -5 
-29 -13 -10 -1 -5 -4 -2 -5 
-3 -7 5 -5 2 -1 -4 -14 
9 -2 9 8 1 -2 1 13 
7 20 6 4 -1 1 -3 6 
-23 -13 -18 -8 -1 -2 2 10 
17 2 -2 4 -2 -2 -6 -18 
-11 -21 -9 -10 -2 -2 0 -5 
10 15 17 8 3 4 4 10 
-7 -3 -3 -3 -2 -2 1 9 
-8 8 -3 -3 -2 0 -16 -36 
-5 -12 -4 6 -3 -3 17 5 
5 -23 -7 -15 -1 -1 -3 23 
-12 4 -3 1 -3 -5 -20 -82 
4 -5 3 -2 0 -1 2 31 
-1 -15 -11 -2 -2 -1 -4 -19 
-6 -15 2 -6 -5 -6 -6 0 
9 9 -21 -2 1 0 2 -13 
-12 -6 -5 -6 -5 -2 4 23 
1 -3 3 -4 -1 1 -5 -1 
-4 8 12 6 1 1 8 3 
14 10 -18 0 0 1 2 8 
-20 -23 3 -1 -4 -6 -10 -6 
0 4 -29 -29 -2 1 5 5 
-1 -7 6 13 -1 -4 -7 -4 
-4 -9 -6 2 -5 -4 5 -3 
0 6 -1 -6 -1 -1 0 -11 
-4 -2 7 2 -1 0 -3 7 
17 21 16 3 2 0 0 27 
-33 -22 -39 -9 0 5 -4 -52 
16 -22 30 -2 -3 -2 3 11 
-26 -7 17 0 -3 -3 -4 -7 
0 7 -47 -5 -4 -3 -1 -7 
16 11 25 0 -1 -3 -1 43 
0 0 -5 0 0 1 1 -24 
1 0 -1 -1 -1 -3 -7 -9 
-15 9 12 5 2 1 2 -6 
-2 2 26 0 0 -5 -10 10 
10 -4 -45 -13 -5 4 24 10 
-7 3 26 1 -1 -5 -16 1 
1 -2 -5 -1 0 -1 0 -16 
11 5 10 4 1 1 1 28 
-3 12 -1 -4 4 2 -2 13 
4 -3 -12 15 -4 -4 -3 -53 
-7 -23 -20 -12 -5 -1 3 8 
6 38 10 -4 -2 -1 7 -8 
-11 -20 -1 0 -3 -3 -20 -5 
17 12 -5 -2 3 2 4 25 
-22 -1 9 1 0 -2 -6 -32 
2 2 11 3 2 -1 -6 18 
-6 -25 -35 -10 -7 -6 8 -23 
5 13 -23 -4 0 -1 -1 1 
20 11 3 -2 -2 -1 -2 14 
-6 -7 -3 4 -2 -2 -8 -34 
17 3 15 4 3 3 6 34 
-18 -27 -1 -2 -1 -3 -12 -35 
-14 1 -3 -6 -5 -3 4 -14 
8 -12 -8 -4 -6 -4 0 17 
-9 13 10 3 0 0 1 -5 
0 1 -19 10 -3 -3 0 16 
-10 12 54 -5 6 7 -3 -20 
-1 -36 -27 -17 -7 -4 1 17 
-3 20 10 8 -1 -4 -14 -24 
11 -8 -8 -5 -1 3 14 41 
-28 19 19 13 4 0 -7 -21 
7 -14 -17 2 2 1 3 11 
-9 -8 -2 -9 -4 1 0 -10 
-4 -5 -33 0 -1 1 -3 8 
2 21 4 -16 -7 -9 -5 0 
21 10 23 2 0 0 0 -17 
-5 -12 4 6 1 -2 -3 9 
-5 17 17 -2 0 2 3 -6 
29 -15 -9 0 0 0 7 42 
-40 0 -12 -3 0 3 2 -24 
9 10 0 -6 -5 -6 -9 9 
-7 4 20 2 -1 1 0 -16 
28 -22 -39 0 -3 -4 -1 23 
-2 -13 24 -4 1 2 12 3 
-3 -4 -9 1 1 -1 -14 -2 
2 11 24 -5 3 1 -12 7 
-8 -10 -28 6 -4 -4 14 15 
-5 -35 -32 -10 -7 -3 -8 -2 
-1 21 13 5 4 1 3 -17 
11 -15 -4 -1 -2 -2 1 36 
-14 16 11 4 5 2 -7 -49 
6 -1 2 3 -4 -5 -1 19 
-13 -8 -3 -14 -4 0 3 -5 
23 1 4 -3 2 0 3 -2 
-14 9 -6 -1 -2 1 -3 5 
-1 37 9 7 3 -1 -2 19 
7 -8 16 0 -3 -2 7 -1 
-15 3 -26 0 0 -1 -10 -50 
6 -19 3 -12 -6 -1 -6 -2 
7 11 14 6 1 1 2 14 
-4 -2 -26 -5 -3 0 4 8 
9 -5 8 -1 -2 -2 0 6 
-22 -7 3 5 1 -1 -7 -2 
37 -5 9 6 5 2 -4 -8 
-8 1 -31 -2 -2 1 7 3 
-9 -5 3 2 -2 -2 2 1 
-16 8 11 -2 -1 0 -3 -19 
38 1 4 0 -4 -4 -7 15 
-25 6 18 8 5 2 -5 -10 
-13 5 6 -14 -5 -9 -4 -18 
19 -9 -9 2 2 5 14 9 
-18 -11 -32 -10 -1 -1 -8 -11 
1 -1 12 -1 -4 -3 -3 -20 
17 -5 -14 1 -6 -6 3 61 
10 18 9 -2 1 1 1 -19 
-6 2 13 5 -1 0 -3 -37 
-10 -9 -32 -13 -5 -5 -5 12 
-18 -13 12 -7 0 1 4 10 
22 0 7 0 -3 -3 -3 3 
-18 -7 -5 3 2 5 2 -2 
7 3 8 5 1 -2 -3 -6 
-1 9 13 3 0 0 1 7 
18 0 -19 5 1 -1 -5 -9 
-27 -11 -31 -6 0 1 6 43 
-20 0 -25 -18 -11 -10 -3 -81 
22 -12 -12 0 1 0 -1 10 
-3 -2 -2 -5 -3 -3 -6 4 
1 9 10 2 -2 -2 3 9 
18 -1 10 11 5 6 1 27 
-31 37 16 3 1 4 3 -27 
-6 -17 -15 -7 -2 -1 -2 3 
2 -3 -7 -5 -2 0 11 29 
29 11 -18 9 -3 -6 -20 -37 
-12 4 32 -22 -9 -6 -2 -9 
-12 -2 -8 -2 -4 -3 -6 -10 
4 5 1 1 2 2 7 17 
16 -4 2 9 6 5 1 20 
-16 -14 9 10 4 5 13 -3 
2 -9 -20 -7 -5 -4 1 3 
12 22 0 -7 -1 -3 -3 -2 
-18 -20 26 -4 -4 -3 -5 2 
4 -5 -5 -2 1 1 -5 -6 
-18 -9 18 5 2 -1 5 -8 
-4 -3 -53 -6 -4 -5 -9 -35 
4 3 28 8 3 -1 1 37 
-6 0 -29 -12 -2 0 -2 -9 
9 0 1 -3 -3 -2 -3 35 
-17 -36 -6 0 -2 -2 -4 -37 
12 13 35 -4 -1 1 2 7 
-13 -16 -3 10 2 -1 -1 -4 
-2 3 -9 -3 -1 -6 -16 -24 
3 -5 10 -1 -3 -1 -2 8 
-6 4 -11 -3 -1 1 12 30 
20 -15 -7 -2 -4 -4 -6 -48 
-21 7 12 -3 0 -1 3 11 
-3 -25 -3 0 -4 -6 -2 6 
-10 -2 -8 -13 -1 -1 -4 -15 
