#EMG
#7
#ID:7-48
0 -8 -10 8 0 -3 -5 -5 
21 8 22 -14 -1 -1 -9 -11 
-7 -6 -8 1 -1 -3 12 7 
-10 0 -17 3 -1 0 6 27 
-9 -1 7 -5 -4 -4 -9 -44 
-3 5 3 5 3 5 12 6 
3 0 -4 -1 -4 -11 -30 -3 
2 4 5 6 -2 -1 19 7 
0 -17 -1 -2 -5 -1 2 13 
-4 23 5 -6 -1 1 -10 -13 
-2 -10 -3 0 2 0 21 8 
-3 -1 10 10 -1 -5 -35 -9 
3 0 6 -3 -3 0 21 4 
-3 -5 9 8 0 -4 -14 -12 
1 3 -1 14 4 5 1 28 
-5 -17 -25 -24 -4 -4 -2 -24 
3 6 11 5 -1 1 1 -13 
7 -23 -22 -7 -3 -3 4 4 
-9 4 -1 0 -2 -2 -3 -13 
5 6 -2 5 0 2 8 -7 
14 -10 22 4 3 2 -10 24 
-10 4 -17 -6 -4 -4 -12 1 
-1 -18 8 10 -2 -3 11 -4 
-2 -4 -16 -10 -1 1 -4 -8 
-4 3 8 -5 -2 -4 -6 1 
1 12 4 7 0 2 16 8 
0 0 3 -7 0 1 3 10 
-9 -15 0 -10 -4 -5 -13 -32 
0 -6 -4 0 1 1 9 30 
-7 -7 -2 0 -2 -8 -21 -21 
-4 14 0 15 3 0 5 -41 
-7 6 -1 -17 -3 -1 8 16 
18 -4 -11 -12 -1 -1 -8 -13 
-6 -6 3 2 -3 -1 5 27 
12 1 -4 -6 -3 -2 -12 1 
6 3 7 9 4 -2 -13 -8 
-14 -5 -18 2 -3 -2 0 -9 
7 1 9 -6 1 4 7 13 
-7 -9 -10 -9 -4 -2 12 6 
8 9 -4 0 0 -1 -43 1 
-1 6 10 4 -2 2 23 4 
-1 -5 1 5 2 2 13 3 
9 7 13 -7 1 -2 -20 -5 
-22 -10 -14 6 -3 -1 20 4 
-6 -7 -18 6 1 -2 -13 -4 
-6 4 10 -12 0 3 4 -10 
-3 -5 -7 -15 -7 -5 1 2 
3 7 12 3 0 1 2 9 
10 -8 -9 4 0 -5 -17 -7 
-11 -20 -8 -14 -6 -6 -11 -19 
14 6 -11 10 2 4 26 54 
6 9 8 4 3 5 1 -37 
-5 12 12 -2 0 0 15 -9 
-2 -13 -5 2 0 -2 2 -1 
-5 1 13 2 -1 0 -9 2 
17 18 -5 -3 -3 1 11 32 
-14 -5 -7 1 0 -1 -5 -22 
8 10 26 4 -2 -4 -7 1 
-26 -2 -22 2 -4 -7 6 -8 
-7 -25 -16 8 1 0 2 11 
9 -5 -6 -37 -2 -2 -15 -3 
3 3 -4 -4 1 0 8 4 
-3 3 6 13 1 0 -18 -20 
-5 11 11 5 -2 4 28 -3 
4 -11 -14 1 -2 -11 -16 54 
1 -1 -17 -3 0 4 15 -16 
-3 8 36 -1 0 0 -12 -43 
-5 -17 -9 -3 -1 0 15 7 
1 3 10 0 0 6 -2 11 
15 17 -2 -4 0 -11 -18 17 
-16 -21 9 0 0 -1 -13 -12 
-29 -12 -26 -12 -4 -2 6 -3 
13 10 10 6 -2 -3 -19 -16 
-9 1 -20 -4 -4 -6 -16 9 
0 3 -13 20 3 9 31 17 
15 -2 21 -26 -2 -6 -42 -1 
-22 -15 -33 -15 -3 -4 33 -4 
-11 24 -6 23 3 0 -14 -17 
10 3 -8 -23 -6 -1 -15 36 
4 23 25 12 0 -7 -25 -76 
-6 4 -11 0 -1 5 10 5 
-10 11 44 13 1 -2 -17 -15 
5 -1 -36 -8 0 -2 -15 5 
9 6 7 3 -1 2 32 24 
11 19 3 -6 0 -2 -11 -17 
-4 -11 -1 7 -1 2 -24 20 
-6 19 13 6 -2 -6 -5 -50 
1 -34 -16 -22 -3 0 -8 10 
4 11 29 16 0 0 32 20 
2 -28 1 -7 0 0 3 -13 
-9 -20 -11 -8 -2 -3 3 -1 
4 21 31 8 2 -1 -9 -6 
-6 -7 -22 4 -1 0 -11 0 
6 -6 -53 1 -1 5 0 -20 
-2 -26 17 -3 -2 -5 23 11 
10 21 7 -1 0 0 18 40 
-13 -9 0 15 4 2 1 -38 
-2 -10 -26 -27 -10 -7 3 2 
-4 -27 -63 -9 -3 1 -4 -18 
3 13 -33 4 -1 -3 -11 14 
1 -17 85 16 -3 -11 -44 -23 
4 15 8 -11 7 12 49 32 
4 46 25 6 -2 5 6 -32 
-15 -64 4 -8 -10 -9 16 21 
3 5 -25 1 1 -1 -2 22 
-9 -19 3 -8 -7 -7 -23 -19 
-5 -26 8 -17 0 -1 9 25 
-6 -4 26 31 9 8 -17 -21 
7 5 -35 -11 -3 0 53 15 
15 -1 22 -2 -5 -1 12 47 
4 10 -63 3 7 5 -11 -18 
-6 -4 26 -4 -4 -5 -13 -20 
-10 20 -14 -1 -1 -6 -21 -18 
3 23 -1 12 -8 -3 -9 7 
18 33 40 0 12 1 13 12 
-7 1 -21 -6 -16 0 -8 -22 
-14 -23 25 -9 0 0 -9 0 
2 -12 -1 9 0 1 13 11 
-15 -31 -18 -7 -11 -12 -44 -26 
-2 -26 -39 6 9 2 16 -21 
4 -7 18 -13 2 -2 -3 3 
-3 15 54 29 4 2 4 -8 
-13 -45 0 1 -7 -6 -31 40 
6 1 23 2 9 3 46 -13 
-7 -13 -43 1 -5 -1 -26 -7 
-3 -19 11 -9 3 -4 16 18 
5 -4 -9 -19 -9 1 4 -5 
-20 8 -47 -12 -3 -5 -14 -3 
1 6 55 11 0 -5 -6 11 
2 -4 11 10 6 9 0 -37 
1 -25 -26 -6 -10 -13 -2 32 
-15 -3 -14 4 -2 -1 -36 -23 
9 8 -17 -6 -1 14 103 53 
-5 19 -17 -18 -6 -15 -51 -47 
-8 -16 33 13 3 1 24 -40 
7 9 22 2 2 -3 -11 16 
3 -10 -26 -11 -7 4 -10 34 
5 -9 -11 -4 -2 -2 -5 -6 
-23 25 15 3 -1 -4 -4 -12 
5 -11 -9 -1 1 2 4 23 
0 15 27 -6 -4 -7 -19 -26 
-21 -38 -67 -6 -1 2 8 2 
9 15 21 -11 -6 -5 -19 12 
8 36 10 15 3 0 9 15 
-4 2 -14 -15 -5 -2 -11 -34 
8 -1 3 -10 0 0 5 42 
1 12 0 15 5 15 31 1 
-5 -13 -18 -12 -11 -17 -53 -60 
-12 -36 -31 4 -1 -6 -45 -5 
6 2 8 -2 -6 -2 63 0 
-6 -11 -4 3 -2 2 -9 13 
10 6 -15 -38 -15 -5 25 59 
-3 16 -6 6 0 -2 -29 -39 
-2 32 7 -5 1 -3 -15 -20 
-6 -33 -17 28 6 8 17 28 
6 -7 6 -4 -3 0 3 6 
-11 3 3 -2 0 -4 13 -35 
5 5 0 2 2 -3 -38 15 
10 18 -3 -19 -2 2 -38 -34 
1 0 30 8 3 11 81 53 
2 -4 -35 -12 -5 -6 -10 16 
0 -2 42 4 -2 0 -15 -37 
-7 0 7 -4 -4 -5 30 -7 
-10 -15 -5 -3 -2 -1 -32 -8 
12 4 5 17 0 -1 2 -4 
9 26 -6 -9 6 10 28 33 
-6 -11 -21 -17 7 -8 -27 -43 
-3 2 19 9 -12 1 -8 -2 
2 17 -10 -19 -10 4 11 31 
-7 -8 -30 7 -4 -6 2 -6 
0 -4 -7 -2 -1 -10 1 18 
-1 5 -36 -3 8 1 -8 -24 
-10 -23 1 -2 -2 -1 -17 -39 
-7 -12 -9 -4 -11 -2 -8 7 
3 11 2 -3 1 2 -10 -1 
14 4 -12 12 6 -2 9 6 
-7 -22 8 -13 -2 -1 -10 10 
6 13 -12 -22 -8 -4 -5 -6 
10 -9 -1 24 -2 1 8 11 
8 13 27 13 3 -8 -23 -11 
-11 5 7 0 5 6 -7 -10 
-15 5 -18 -14 -4 -4 1 -7 
-2 -2 -6 -7 -6 -3 -11 -11 
1 -11 -12 -43 2 5 -6 4 
-7 -30 -18 24 1 -3 -11 22 
-2 5 17 -2 3 4 57 19 
29 11 10 -7 -4 -10 -45 -15 
-15 -20 4 31 2 8 28 20 
1 18 -4 -37 2 1 2 -23 
-20 -37 17 12 -2 -13 -14 -42 
-11 5 6 9 2 8 18 41 
-21 -12 -1 -11 0 -1 -16 -43 
-5 -3 12 3 -2 -9 -90 -43 
9 -25 -18 16 -4 2 45 43 
35 50 4 -11 2 8 -15 -2 
-12 -26 34 -5 -7 -6 50 -6 
8 -6 -12 -1 -3 -1 -17 74 
-17 -21 -3 0 1 -6 -25 -86 
-15 -5 12 10 0 -8 -10 -16 
13 34 -5 7 3 4 -27 3 
13 -30 3 2 2 15 27 48 
-5 -5 -32 -4 1 -13 -1 -20 
7 22 16 -8 -8 -4 18 6 
-3 15 29 1 -3 -7 -67 -20 
-9 13 -31 1 -2 0 43 1 
25 70 31 1 6 9 -24 36 
-13 -13 -33 1 0 6 8 2 
6 29 59 20 -1 -7 -18 -22 
4 -7 -33 -15 3 0 26 0 
-11 -15 20 -5 -15 1 -20 -2 
-4 -28 50 -25 0 -6 6 -19 
5 -5 -31 2 -2 1 17 37 
1 42 41 9 -6 -5 3 -13 
3 28 4 15 15 -1 -13 6 
-10 -43 -27 -7 -22 -3 7 7 
2 -30 -5 -4 4 2 4 1 
-12 -17 -24 -6 3 -8 -7 -34 
5 1 39 -7 -3 4 -18 6 
1 8 -18 -13 -16 -9 14 27 
-3 8 -22 10 8 -2 -1 -30 
6 1 -8 11 10 6 14 -4 
-2 11 43 7 -7 -4 -4 27 
-8 12 10 9 10 4 4 -35 
10 -24 -41 -4 -7 -7 -7 3 
16 32 12 -22 -3 1 21 20 
-9 -24 -44 -4 4 4 -15 9 
7 -2 9 5 2 -1 -2 -33 
-15 -5 -10 0 1 6 14 47 
-11 -20 46 21 -3 -8 -5 -68 
26 3 11 -14 -3 3 0 -4 
-12 -3 -25 -5 3 -2 -1 42 
-4 15 -4 -9 -5 1 -2 18 
-7 8 10 13 8 -3 8 -28 
-3 -12 -16 -2 -11 -8 -13 -13 
6 4 16 -1 4 1 1 6 
2 -6 -28 -19 -7 -2 1 29 
1 3 7 6 -3 -6 -30 -39 
-17 -1 8 9 3 0 3 -17 
19 -2 0 0 3 1 1 16 
-9 5 5 2 0 -5 -3 7 
2 -8 -13 -3 -4 5 9 0 
-5 -2 -28 -15 -2 -6 -5 -4 
4 -3 -5 8 1 2 -6 18 
1 17 22 12 1 4 0 -50 
18 12 -5 -21 0 -2 5 37 
-4 -12 -7 -9 2 1 5 9 
-7 7 0 -7 -9 -8 -10 4 
16 -6 -11 -9 -2 -2 -1 13 
-23 -5 13 18 2 3 7 -8 
2 -17 -6 1 -3 1 0 1 
9 7 -2 -3 2 -2 -2 -8 
-17 -9 -10 -9 -4 -3 0 -27 
-8 1 -3 3 -7 -4 -6 -1 
18 8 -1 0 2 2 6 50 
-8 -9 1 6 -1 -4 -1 -25 
-2 -9 -1 0 0 -1 6 -17 
1 6 6 -4 -2 -2 -4 18 
-2 -3 0 4 0 1 0 0 
-3 -6 -26 -3 -2 1 7 15 
-15 13 4 -5 -3 -5 -8 -11 
1 -4 -12 -6 -4 -1 5 27 
-9 -9 -13 6 0 -3 -9 -41 
-1 6 24 8 4 3 1 10 
5 -3 -18 -8 -3 -4 -3 -16 
5 12 -5 -1 -4 -2 -1 22 
2 0 11 2 -4 -3 2 -23 
-15 -1 4 1 2 -1 -2 -17 
-6 -15 -23 -6 0 1 -5 8 
-22 -23 -4 -3 -5 -5 0 -6 
-1 3 -7 -2 -3 -3 -3 2 
2 -9 -8 -15 -4 -2 -2 1 
1 1 2 6 0 -1 -2 -11 
11 7 10 9 1 -1 -3 -5 
-17 -6 -1 -3 -1 0 -1 3 
0 5 -6 2 -2 0 2 9 
5 2 10 -2 -1 -3 1 -10 
-5 0 -14 -6 -1 0 -5 -19 
4 -6 -2 0 -2 -2 -8 11 
-4 12 -14 -3 -2 1 -2 -7 
0 -5 21 -2 -3 1 -2 37 
13 5 -6 4 1 0 13 39 
-14 13 11 5 4 1 -18 -94 
1 -7 -7 -7 -2 -3 15 4 
-16 -16 6 -2 -1 -1 1 0 
-2 -12 -5 0 -6 -3 -9 -6 
-9 -4 -19 -11 -5 -2 5 27 
-4 -12 8 10 2 1 -1 12 
13 2 -7 -1 -2 -4 -11 -26 
3 0 7 -5 -3 -4 -7 -23 
-21 -1 0 -6 -1 -2 4 14 
0 -3 1 9 0 0 -6 -1 
11 8 -7 -5 0 -1 8 20 
-3 -2 -6 -5 -2 1 -4 -22 
9 -1 3 4 -1 -2 -5 7 
-8 -1 -3 -5 -2 0 4 -12 
2 -1 17 5 0 0 5 10 
8 10 2 5 6 3 -4 18 
0 -17 -16 1 1 -1 -4 8 
1 0 2 0 -3 0 -2 -29 
-7 4 -8 -3 -2 -2 -5 -1 
-2 -13 -11 -10 -8 -7 -4 -13 
2 36 1 2 3 -1 14 29 
1 -11 -13 2 1 -3 -6 3 
2 4 12 0 2 3 0 -9 
-6 0 0 -3 1 3 3 -2 
14 9 -8 -3 -3 1 -7 37 
7 -7 2 0 -2 -2 3 -18 
-30 -2 -6 -10 -4 -8 0 -35 
-1 8 18 8 -1 -2 -4 5 
0 -19 -28 -2 -1 0 0 -11 
2 10 15 1 0 4 -2 12 
16 15 8 8 2 2 1 23 
17 4 -7 3 3 1 5 6 
-13 -19 -4 -3 -2 3 10 40 
-19 -4 -11 -13 -4 -9 -16 -76 
-1 -13 -11 -2 -8 -5 -3 -8 
-5 2 9 0 -1 -4 -12 -7 
15 2 15 5 1 -3 1 5 
0 1 1 5 5 7 9 37 
-10 4 0 -1 0 1 -6 -37 
9 -2 5 -9 -9 -3 -1 24 
6 1 -8 -8 -6 -4 -5 -13 
-23 2 -7 -2 -1 -3 -4 -22 
2 -8 -15 -5 -3 -4 -3 6 
-6 0 8 -4 -1 -1 3 6 
-1 -1 4 1 -2 0 -5 -11 
3 16 2 -3 0 1 5 11 
17 -1 -11 -1 0 0 -6 15 
-11 -32 -16 -3 1 1 2 -10 
-4 -5 -1 -3 -6 -6 -2 -12 
5 0 11 3 -2 -1 14 14 
0 2 8 2 2 1 -3 -9 
-6 -4 -6 4 0 -4 -5 -8 
-2 5 5 2 0 -3 -4 7 
6 -10 1 2 -4 -1 3 -42 
-19 5 0 -7 -3 -5 -7 20 
6 -5 -27 -3 -3 -2 2 -1 
-5 -5 -6 -4 -3 -3 -7 -9 
19 11 5 2 -1 0 2 52 
-24 -1 -7 -8 0 5 2 -44 
4 12 24 8 6 6 -14 -24 
-16 -21 -20 -7 -6 -9 19 2 
-5 -2 -2 -8 -5 -6 -15 19 
8 -23 -34 -2 -2 0 9 19 
-2 22 40 2 0 -2 -11 0 
8 -10 5 4 3 3 -3 -17 
-3 2 0 -1 2 -2 1 5 
8 10 18 3 0 -1 -6 20 
0 -13 -23 0 -1 0 12 -7 
-2 -4 -17 -3 -4 -1 -9 -24 
-8 -4 6 -2 -2 -5 -8 -33 
4 16 21 6 0 -1 2 5 
-2 -7 -39 -13 -8 -7 -4 25 
-22 -9 13 1 3 8 9 2 
11 -3 -3 -1 -2 -2 -12 -16 
-2 -10 -17 -2 -3 -1 3 0 
-4 7 20 4 0 -6 1 10 
0 0 -2 -1 -1 -4 -8 -11 
0 4 -6 -2 0 2 -4 3 
4 -5 11 4 2 1 7 13 
14 4 4 3 1 3 9 -3 
-1 -10 -22 -2 2 -1 -15 8 
-7 -15 -22 -18 -10 -8 -25 12 
-11 7 -3 -3 -2 -2 14 -25 
-15 -19 2 0 0 -1 0 -25 
15 19 15 3 -3 1 5 -2 
4 15 12 12 6 1 -1 13 
2 -8 -39 -7 0 3 -4 9 
5 5 1 -3 0 1 6 39 
6 -8 5 3 3 -2 -14 -33 
-25 -13 -6 1 -4 -5 20 -21 
5 0 0 2 -4 -1 -2 0 
-4 2 3 1 1 -3 -1 -4 
3 7 -1 -5 -3 -1 0 10 
1 -10 -10 -6 -4 -1 -7 -1 
11 4 13 2 1 0 -2 -5 
-4 -2 1 3 0 0 -2 1 
0 0 0 -6 -2 1 7 27 
4 0 4 5 4 1 5 -20 
1 18 -5 -7 -6 -7 -14 3 
-13 -18 0 -2 -4 0 3 -36 
-5 4 9 0 -2 -4 -1 -7 
1 -7 -4 -1 0 -2 1 27 
10 2 19 -4 -2 -5 -1 -9 
-1 -1 -46 1 3 2 -6 3 
6 -6 25 -1 -4 3 9 20 
-10 -6 -24 -3 -2 -6 -9 -24 
-17 -8 1 -1 -2 -2 -7 5 
-2 6 9 0 -1 2 4 -5 
2 1 7 2 3 2 5 5 
2 8 -4 -5 -1 3 1 8 
7 -3 -6 5 1 -6 -19 7 
-1 15 -5 -15 -4 -3 17 -23 
-4 -6 3 -2 -2 -5 -13 -4 
-4 -2 16 2 -3 1 2 -1 
0 -5 3 3 -1 -1 3 3 
2 -1 3 5 0 1 -7 19 
4 25 26 1 -1 1 -1 5 
-14 -42 -41 -7 -1 0 12 -4 
6 -8 -4 -8 -3 0 -13 -6 
-21 -3 -6 -5 -4 -3 -9 -3 
-3 -2 1 3 -2 -4 3 -6 
-1 10 9 6 3 1 -6 2 
21 2 14 -2 0 2 23 16 
2 -3 -3 -11 -4 -3 -8 5 
-1 -2 -6 9 4 3 -4 -29 
-1 -2 -4 -4 -6 -2 -2 -10 
-9 -12 -4 1 -2 -4 -8 3 
2 10 27 0 -4 -2 4 1 
-5 -2 -4 -4 0 -4 -8 7 
11 15 4 1 0 0 -6 12 
-15 -10 -32 -6 -5 -3 2 -21 
9 0 8 1 0 1 1 15 
-5 -8 -21 -4 -1 -3 2 -6 
-8 18 12 0 -2 -2 -6 -20 
-1 -11 7 1 0 2 -1 5 
2 2 2 4 0 2 -5 29 
3 -2 -14 -7 -4 -4 4 -38 
-34 0 4 -2 -1 0 7 -24 
-7 -12 -13 -9 -4 -4 -3 -4 
3 0 -3 -3 -2 -3 0 0 
1 4 16 4 2 7 11 14 
2 -6 -1 1 0 -7 -16 -16 
0 10 -6 -7 -1 -3 7 -10 
-12 -13 -7 3 -2 -4 -17 -13 
2 4 -6 -4 -4 -2 -2 13 
9 -3 -7 -3 1 0 3 10 
2 1 18 9 3 3 6 22 
10 20 16 8 5 7 18 3 
-12 -24 -34 -13 -7 -10 -21 -35 
14 -13 14 2 -1 -2 2 19 
-9 -4 -12 -8 -3 -2 -9 -11 
-1 -5 -11 -3 -1 0 5 11 
2 11 5 3 2 0 2 0 
4 11 24 4 2 4 0 21 
-6 7 -15 -2 -3 -5 2 13 
-12 -12 -35 -4 -3 -3 -4 -39 
-4 -6 -5 -6 -2 -3 0 -1 
3 -7 20 -3 -2 -2 -5 4 
9 -1 12 6 1 5 3 14 
0 -5 1 1 -2 -2 -6 8 
0 3 3 8 4 8 10 -8 
18 9 -12 -6 2 1 1 50 
-15 -14 -11 1 -2 -11 -16 -45 
-5 -8 19 -4 -6 -4 -9 -11 
-3 -9 -5 -3 -5 -2 1 2 
3 14 -1 1 1 3 4 3 
-2 -7 4 -1 1 1 -1 -4 
0 4 4 -2 1 -4 -7 -9 
-3 -2 2 -1 -1 -2 0 9 
1 8 8 4 -1 2 1 14 
15 6 -3 -4 -1 3 1 3 
-49 -18 -13 -12 -10 -8 -10 -55 
1 -12 -4 -3 -3 -1 -3 -8 
-1 -3 -11 -5 -4 -3 -1 -11 
4 18 27 6 1 -1 2 8 
13 11 8 3 3 3 -2 21 
-3 -4 -5 3 2 1 11 -1 
0 -3 -1 2 0 -3 -21 1 
-12 -7 -10 -12 -2 -1 10 -27 
18 -5 -10 2 -4 -7 -3 27 
-6 -11 -15 -11 -4 -6 -7 -25 
1 -7 -5 0 -2 -2 6 -6 
2 7 7 4 2 4 -3 11 
4 1 0 1 4 2 5 4 
0 5 14 5 2 0 -12 3 
-4 -8 -3 -5 -3 -6 19 4 
17 5 -2 -1 -3 -1 -6 26 
-30 -3 4 0 0 -3 -1 -19 
-4 -8 -4 -2 -4 -4 -12 -25 
-3 -1 -7 -3 -3 -1 -6 -19 
1 8 5 -1 -3 -2 0 13 
12 3 7 4 2 5 12 31 
12 1 -2 -5 -2 -4 -13 -15 
-9 -6 -4 -2 -1 -1 -1 -14 
-1 -8 -4 2 -2 -2 16 -14 
9 12 14 0 0 -2 -17 9 
-6 1 3 3 1 0 0 14 
4 -5 -5 3 1 3 11 2 
-3 -3 -9 -5 -3 -4 -9 2 
-3 0 -6 -9 -2 -1 -3 -21 
-2 -1 -2 2 -2 -1 4 21 
0 0 5 0 -1 0 -2 -6 
-8 1 1 1 -1 1 -7 -3 
1 -5 -12 1 0 0 0 -3 
22 -4 28 5 2 9 15 44 
-11 -4 -5 0 6 -2 -5 10 
-30 -27 -23 -12 -11 -11 -17 -91 
6 -2 -2 -3 -4 -6 -13 -3 
-17 0 -5 -2 -2 -1 -3 6 
15 7 16 -1 -4 0 2 3 
3 -7 3 5 4 5 13 28 
9 -2 -2 2 2 2 12 -1 
-3 -1 -3 -6 -3 -6 -26 -7 
-4 -6 -11 -2 -5 -3 9 15 
-1 7 -3 -3 -3 -3 -9 -10 
5 2 2 4 -1 0 3 -3 
2 14 0 -4 -1 0 7 17 
-9 -16 -18 -2 -3 -2 -5 -35 
0 8 14 6 0 0 -9 9 
9 2 7 1 0 0 3 7 
-19 2 -13 -2 -3 -6 -5 1 
4 -4 -5 -7 -3 -2 1 -1 
-10 1 4 2 2 2 0 2 
-1 3 11 2 1 -3 -6 -3 
2 -10 -15 -2 0 -2 4 -1 
6 5 -12 -6 -4 1 -4 13 
-5 -4 0 -2 2 3 6 4 
13 -3 -22 -1 -2 1 1 3 
4 -1 14 1 -2 -3 -1 -11 
-16 4 12 2 0 -3 -10 2 
6 11 -5 -2 -3 -3 4 7 
-5 -7 -4 -3 -1 -3 1 0 
-3 -15 -14 -1 0 4 2 -4 
-2 -5 8 -3 0 -3 -12 -9 
0 -7 8 0 1 0 -1 4 
8 1 -20 -4 -3 -2 -1 11 
-1 9 17 5 1 -1 4 -1 
-8 8 -36 -7 -4 -5 -4 -42 
-7 0 8 1 -1 0 -5 0 
-11 -4 -3 -3 -2 -5 -1 1 
1 -8 -13 -10 -5 -2 -1 -8 
-1 0 4 8 3 0 -10 -4 
14 3 7 -1 2 2 0 3 
-8 1 6 -8 -4 -1 0 -7 
-12 2 2 -2 2 -1 4 17 
14 -8 -17 -4 -2 -2 0 3 
5 0 -2 4 2 -1 -5 -10 
1 9 10 -2 -1 2 -3 20 
-13 -13 -10 -4 -4 -5 -3 -30 
-1 0 11 1 -1 0 5 -2 
2 14 -24 -14 -7 -3 -5 7 
-4 -9 1 4 -1 -3 -2 -10 
5 0 2 6 0 -2 -6 4 
5 -2 1 4 0 4 16 30 
-2 2 12 1 -2 -3 -15 -30 
-5 -1 -7 -3 -2 -3 16 3 
-13 0 -6 -7 -5 -4 -11 -1 
-6 -15 8 -3 -2 2 3 -20 
5 -4 -5 2 1 0 0 10 
-8 -3 0 -2 0 3 -3 -11 
11 -1 5 5 1 -2 -1 7 
7 12 1 2 3 2 10 47 
-10 -4 -5 -6 -3 -2 -14 -47 
3 -7 -6 -6 -3 -4 -8 -5 
-2 4 1 -2 0 -1 -1 -37 
-8 -5 -9 -2 -3 -2 1 10 
5 -13 4 5 3 1 11 20 
-4 -4 1 2 1 2 -5 2 
9 1 4 -1 -2 -1 9 20 
1 14 3 -1 -1 -5 -8 -17 
-13 -22 -27 -6 -4 -1 -4 -13 
4 -2 14 -5 0 -4 -22 -11 
6 -5 -3 0 -2 1 17 10 
-6 4 -2 -2 -2 -2 -8 -13 
7 10 12 5 0 -1 4 22 
-4 -3 -18 -2 -3 1 2 -2 
3 -6 -12 -7 -1 -2 -1 41 
-7 0 0 -3 -4 -3 -18 -71 
1 3 -2 -1 0 -2 15 -3 
-6 -7 4 -3 -1 -2 -6 -3 
-2 -4 -5 1 -3 -2 -3 -8 
3 -2 1 -2 -2 -2 -3 33 
3 17 -3 3 0 1 -3 -13 
0 -4 -5 -4 -6 -5 18 -7 
-13 0 -1 -2 -1 -1 -32 -30 
-19 -27 -15 -11 -4 -8 2 8 
6 8 13 0 0 -1 0 1 
0 13 8 8 2 1 7 22 
20 22 2 3 1 6 1 21 
-9 -8 2 7 2 3 6 4 
-19 4 2 -6 -3 -6 -15 -17 
-11 -23 -38 -6 -3 -3 -5 -28 
1 1 12 -4 -6 -7 -4 10 
5 6 -1 2 0 2 3 6 
6 0 4 0 0 3 6 27 
-1 6 1 1 3 4 -7 18 
0 2 3 1 -1 -1 6 -48 
0 -16 -10 -7 -7 0 9 2 
-1 3 -7 0 -3 -7 -10 4 
5 8 14 -6 -3 -1 -2 -13 
-3 -9 -18 6 3 0 -1 3 
-6 7 28 7 1 -2 -2 -1 
5 -21 -22 -5 -4 3 5 9 
2 2 -8 -5 -1 -6 -17 29 
-11 -4 6 0 -1 0 -8 -20 
11 15 -6 -4 -3 -1 2 -15 
-4 -14 -11 -4 2 2 2 13 
14 4 15 3 -2 0 12 -5 
-4 -3 -1 -6 -2 1 6 11 
5 -2 -3 2 0 -2 -14 14 
-3 -4 5 -2 -1 -3 -3 -18 
0 3 -3 1 -2 -2 2 26 
-1 3 6 3 1 -1 -6 -41 
-2 -3 -11 1 1 1 9 15 
2 -7 14 -3 0 -2 -1 7 
