#EMG
#9
#ID:9-75
-3 -4 -10 -1 -4 -4 16 35 
13 1 -5 -3 -3 -2 2 22 
12 15 16 -4 1 2 -7 -9 
-4 -28 -15 -7 -5 -1 -8 -19 
-1 -1 -2 -5 -3 0 -4 0 
-6 -3 24 6 3 -1 -2 -7 
18 2 -11 -13 0 0 -2 25 
-14 -5 -5 -5 -4 -4 -15 -21 
-3 -3 -19 -9 -1 -1 -1 -13 
0 5 28 10 -1 0 1 31 
-3 -7 -6 9 3 2 -1 -16 
2 12 11 -5 -1 2 5 -3 
4 -6 -17 -6 -2 -1 0 6 
-16 8 21 8 3 -1 -7 -9 
19 -12 -38 -9 -7 -6 7 14 
2 28 -3 -15 -4 -2 10 -12 
-9 -11 1 0 -5 -5 -9 -11 
12 -9 -11 -3 -2 -1 -1 3 
-1 6 14 3 3 3 6 -8 
-5 -2 2 11 0 2 3 4 
3 5 9 4 3 0 -4 2 
-3 -8 -19 -22 -3 0 5 2 
19 5 3 16 -1 1 14 13 
-2 -14 -12 6 -1 -11 -40 -17 
-10 -2 3 -7 -6 0 14 -1 
-3 -13 -3 4 0 -4 -7 4 
-9 1 31 5 2 1 0 0 
-7 -13 -26 -1 -2 -3 0 -1 
-4 6 -7 -19 -3 -4 -6 -5 
-14 -23 1 -5 0 0 -7 -7 
20 8 -6 20 1 -2 1 47 
-51 -13 17 -31 -7 1 0 -85 
8 -16 -15 5 0 -1 -7 20 
-19 3 -3 7 -2 1 -1 0 
-18 5 1 18 3 -2 -12 -21 
18 5 9 -8 -1 1 17 50 
23 15 14 9 -2 -1 3 14 
10 -18 -19 -9 -2 -1 -2 -74 
-8 -2 8 -8 -4 -5 -12 28 
19 4 -5 10 4 -1 -1 -15 
-15 11 11 0 1 2 12 -1 
7 -8 -16 0 -7 -5 9 18 
1 -3 29 -6 -1 4 14 -5 
7 12 0 -1 -3 0 -7 -1 
-2 -14 6 8 2 -4 -8 5 
-1 -8 -19 -10 0 1 -15 -12 
-12 6 -5 0 2 2 6 -13 
9 -4 5 -9 -7 -4 27 47 
-1 -18 -25 -3 -1 0 -9 -26 
6 24 29 4 -2 -1 5 10 
-8 -9 -16 -11 -3 -3 -5 -24 
9 0 9 10 5 1 -3 23 
-7 2 4 8 5 -2 -14 -27 
15 -20 -39 -15 -4 -2 10 19 
-17 10 -5 -6 -6 -7 -8 -3 
7 5 -7 -9 1 -1 -8 2 
-8 -6 11 -2 -2 0 -6 -25 
16 16 32 22 8 2 -8 -11 
-19 -4 -15 -20 -2 1 2 40 
-1 -20 -8 10 -2 -5 6 -7 
3 10 -3 -3 -1 -1 -5 -23 
-10 -11 1 -2 -1 -4 -2 4 
14 0 -7 -2 -2 -3 -14 -2 
-9 0 -1 3 -2 0 -8 -5 
4 -1 -22 -5 -1 0 6 22 
-4 0 13 6 0 0 -1 -2 
16 21 7 0 0 -1 3 -11 
-8 3 -19 -4 -2 3 -1 17 
4 -3 19 -4 -4 -8 0 -27 
-10 -11 -22 -2 0 2 5 38 
3 -17 0 -9 -5 -4 2 -58 
-10 14 8 8 6 1 -42 -88 
18 5 27 -14 -8 -2 51 121 
-30 7 1 -5 -3 -4 5 -50 
11 -12 0 2 1 1 1 23 
-3 -18 -22 2 2 -1 -1 7 
4 23 48 22 3 3 -19 -23 
-3 -11 -69 -27 -5 -7 -18 5 
-5 -13 -6 9 -1 3 26 8 
1 -8 21 -3 -1 0 -6 18 
12 2 -21 9 2 -1 1 -9 
-29 26 34 4 0 -2 4 -8 
28 -8 11 0 -3 -5 -29 1 
15 2 -19 -6 -5 -1 27 17 
-36 -19 -13 5 1 2 -3 -21 
16 -26 -17 2 -6 -4 1 20 
-4 4 -25 -26 -2 -3 -7 -6 
-14 11 36 0 -2 -3 -21 -38 
21 -34 -32 -3 -3 5 40 44 
5 16 5 1 -3 -4 -3 -19 
-21 -22 -8 0 -4 -5 -3 11 
16 23 37 9 1 0 3 21 
-18 17 3 -12 -3 2 0 -26 
4 -18 -13 10 3 0 -17 -24 
-32 -3 -23 -2 -4 -5 1 -2 
17 4 -16 -16 -3 -1 14 53 
-31 -38 15 8 -4 -6 -2 -46 
11 -10 21 1 -1 -4 -4 27 
1 -16 -65 9 4 1 -8 -39 
-22 -28 69 4 -1 -4 1 20 
-8 14 7 -3 -6 -3 -19 3 
35 9 2 -14 4 5 -2 10 
-17 37 34 8 -1 4 20 2 
-15 -40 -49 2 -1 -3 -6 -5 
-2 5 4 -11 -1 -1 10 -24 
-14 18 6 13 -2 -1 -17 11 
27 30 44 10 7 3 -11 -26 
-5 -24 -18 6 1 -1 6 -13 
24 -2 -11 -2 -3 -4 -4 23 
-42 -3 -27 -39 -5 -2 8 15 
10 1 6 0 2 5 9 11 
-4 -11 -17 8 -1 -2 1 11 
-6 16 18 7 1 -3 -24 -39 
8 21 24 16 6 4 13 11 
8 -8 5 11 -3 -2 5 23 
-1 16 12 -14 -8 1 -4 -19 
4 2 -61 -23 1 1 -10 -2 
9 48 56 2 -2 -4 3 -11 
-9 -24 -36 -16 -11 -6 -3 17 
9 15 14 15 5 4 7 -5 
-11 -24 -44 -14 -5 -2 -7 36 
32 -23 -20 -4 -2 1 3 7 
-28 5 30 3 9 3 8 -66 
-24 -6 25 22 -10 -5 -4 -10 
19 32 26 14 7 1 -8 8 
-16 -45 -37 -23 -13 -2 6 6 
32 18 14 18 3 -5 -21 21 
-13 -3 -49 -51 -2 1 1 -25 
-21 -2 35 11 2 0 14 -16 
10 15 10 21 0 -1 1 22 
-9 -5 -31 -13 -6 -2 -7 -3 
22 -46 -31 0 -3 -3 -3 24 
2 4 -12 -7 -2 -3 -7 -1 
-40 26 54 24 7 2 -2 -38 
-17 -11 -20 -42 -10 -3 9 46 
30 14 5 48 9 5 -7 -19 
4 -31 -58 -27 -8 -10 -22 -28 
2 -17 9 9 4 2 11 -12 
10 -20 -8 -13 0 0 -2 8 
-12 16 -2 -38 -8 -3 29 25 
21 20 31 -15 -2 -7 -53 -45 
-31 3 -4 26 0 4 16 -17 
-49 -7 5 1 3 -2 3 33 
14 29 -11 -11 3 -1 -7 -25 
-52 -24 -1 -4 -4 -4 -10 -48 
45 0 -21 4 -6 -12 -51 -7 
2 -6 15 11 0 2 33 35 
24 -5 -39 -7 -2 4 41 10 
-81 -8 26 -33 3 -1 -17 20 
-11 -3 -3 -14 -1 -3 -10 -66 
-41 -2 -11 28 1 4 -2 11 
-35 8 15 14 -3 -9 -35 -79 
56 15 15 18 -6 4 -37 0 
42 -13 -34 -22 0 4 66 99 
25 10 8 -32 -2 -4 -23 -19 
-94 -10 33 50 5 -4 -4 -70 
48 -1 1 3 4 -2 -77 1 
-13 -12 0 10 -5 14 77 71 
-52 10 50 26 7 -3 -41 -56 
7 1 -10 -19 2 3 -9 -4 
18 -28 3 -6 -8 -10 -18 -1 
6 8 -21 21 6 4 -42 -5 
53 1 -17 -23 -11 -4 66 25 
26 9 17 10 -4 -7 -15 22 
-51 -5 -14 26 1 1 56 31 
-11 -26 10 -8 2 1 8 -29 
33 3 5 -8 -3 -4 -16 -3 
5 25 16 3 6 -6 -74 -61 
17 -6 -31 -7 -11 0 103 79 
-18 -1 15 -13 -4 -10 -102 -35 
14 -29 -25 -20 -5 2 33 -39 
4 -52 -13 -5 -3 -11 -25 56 
20 16 20 20 8 16 79 52 
-21 8 13 -9 -2 -12 -61 -45 
23 -3 1 16 -1 7 44 -23 
-13 3 -4 -15 -4 1 4 50 
-4 -21 1 3 5 -3 -24 -32 
13 54 -4 -8 -10 -3 17 7 
-39 -14 24 23 8 -8 -69 -22 
17 0 -21 -17 -11 -1 38 20 
-14 27 -3 -7 -1 -3 -30 -60 
4 -9 12 5 3 4 22 55 
7 -1 -27 -15 -3 -5 -5 -29 
6 13 2 -2 4 1 -9 27 
0 -20 8 7 -4 2 -7 14 
-27 -52 -55 -8 -5 -1 51 -45 
1 15 -9 -5 2 -6 -23 28 
-23 -26 17 13 0 1 14 3 
21 48 33 -32 -6 -2 -5 23 
-17 -35 7 -31 -1 1 -7 -25 
28 48 -16 23 -8 -9 -19 14 
-32 19 15 15 25 5 -1 -14 
-15 -39 21 4 -7 2 16 26 
3 19 -1 11 0 0 -13 -10 
-29 -4 -13 -11 10 -5 -10 7 
33 15 -25 15 -2 10 8 -6 
4 0 -6 -17 -6 0 1 -1 
21 -8 53 5 0 1 24 53 
3 1 13 2 7 11 -23 -25 
10 74 10 -6 -3 -3 0 -2 
-13 -17 -17 -24 -9 -3 8 -27 
0 25 -3 23 -8 -14 -45 16 
2 -40 -36 -26 -3 2 28 -18 
-7 -10 55 45 -2 -12 0 -10 
18 3 -88 -62 -15 1 -10 -24 
13 -8 7 2 -5 -7 -7 -7 
17 13 7 16 12 5 -4 35 
-6 -30 11 -61 -31 -12 -42 -44 
7 17 -41 53 10 -4 14 27 
-26 -13 -5 5 10 7 44 -58 
-19 -41 -5 21 -17 -10 4 27 
23 2 27 18 6 4 -1 29 
-1 -26 -35 -16 10 -4 -12 10 
-3 19 15 -13 -5 2 -4 -23 
-36 6 -6 -27 -5 -6 -84 -27 
46 0 -6 -22 1 2 71 20 
19 52 47 42 -5 -2 2 -11 
-29 -22 -2 16 8 2 5 31 
-17 -11 -27 3 -11 -7 -31 -31 
44 -6 -39 -30 0 3 -8 60 
17 26 42 32 13 5 -28 -50 
-66 -23 -27 -12 -8 -9 3 -9 
41 35 51 19 -1 4 14 12 
5 -23 -33 -30 -4 -7 -55 -34 
-17 1 21 38 -2 -2 70 30 
-22 26 6 7 4 -4 -59 -1 
34 -53 -2 42 0 7 69 18 
0 25 -31 15 -8 0 -8 5 
-87 -61 64 -10 -2 7 -31 15 
8 -29 -49 -18 -6 -12 40 -36 
-32 -6 10 18 1 1 5 -32 
-18 19 -32 -2 -1 -5 -6 15 
13 33 3 22 5 4 -12 9 
-20 0 -24 -10 3 1 7 -20 
53 52 74 -21 -4 2 0 27 
-36 -24 24 39 4 4 -33 -15 
21 -7 -44 -30 -6 -5 28 14 
27 23 29 16 1 -3 6 32 
-24 -50 -76 6 4 -2 5 -14 
-8 2 5 -65 -7 -2 -63 -85 
0 -10 5 30 5 4 59 97 
17 -14 6 -6 3 5 -66 -57 
-7 -2 67 -7 -1 2 57 21 
20 4 -18 -6 2 1 46 33 
-7 7 -9 -31 -9 -10 -48 -58 
26 8 -16 -7 -9 -7 -2 20 
25 23 -41 -8 2 0 -13 34 
-53 -56 12 3 3 10 20 -36 
10 -23 -3 5 2 -2 -13 -22 
38 45 -2 9 -2 3 9 67 
-44 -26 -8 -44 -3 -7 -28 -100 
43 -9 -23 34 -9 -12 37 78 
-22 9 -10 -7 2 4 -43 -48 
24 -7 11 -23 -1 1 -44 -4 
-12 17 -5 7 3 10 39 32 
-31 2 -33 -5 0 -8 -2 -14 
-10 -11 -2 -14 -1 -9 8 8 
19 -35 -35 9 -5 -6 -21 -27 
28 12 1 -12 -7 -1 -19 44 
-30 29 1 12 7 13 43 -38 
23 -16 15 3 -7 -12 -26 -14 
-22 -7 -22 -33 5 5 21 5 
44 -15 -2 29 1 -1 -15 -5 
-36 -9 29 -8 -11 -5 8 31 
-14 -4 -45 -1 10 5 -3 -21 
3 -2 2 13 -1 3 20 -2 
-22 18 22 -18 -16 -19 -56 -2 
10 -4 -24 -12 1 1 17 -22 
-2 -14 36 -4 -7 5 16 10 
-4 -45 12 1 11 2 -6 42 
-6 0 0 -6 -2 -3 -17 -89 
30 7 29 17 8 7 2 72 
-15 5 -27 -16 -7 -11 -7 -34 
51 54 18 31 15 13 25 2 
-16 -21 -28 -41 -9 -5 -17 -7 
-17 -52 -22 -36 -7 -4 8 -18 
46 55 4 11 4 5 14 36 
-28 -35 -34 -9 -10 -9 -45 -32 
-3 41 39 15 11 9 69 39 
-4 -5 -55 2 0 -16 -37 -40 
17 0 29 2 -5 -6 -17 44 
7 6 -22 13 3 5 32 18 
-24 -1 10 28 8 -1 -20 -61 
1 -34 -79 -56 -23 0 -1 17 
-26 8 29 15 -2 -10 -5 -38 
-1 6 43 9 9 9 11 10 
-9 -7 -7 12 3 5 3 26 
-3 13 12 -6 -12 -15 -2 -9 
-4 -12 -15 6 6 11 -7 19 
11 20 28 -10 -4 -3 5 -21 
17 6 -7 -28 -7 -3 -5 17 
-12 -10 28 -10 3 1 -10 -4 
0 -40 -2 39 3 1 0 -29 
-86 5 -11 44 -10 -5 2 -26 
46 -17 -22 -21 -8 -5 5 25 
41 13 26 32 5 4 5 38 
14 -6 -39 -65 -9 -5 0 -18 
7 -20 40 33 3 4 7 49 
-49 1 -21 -13 -3 -5 -17 -52 
1 20 26 26 1 3 1 -46 
5 2 -7 15 7 0 -2 27 
2 -2 -7 -25 -9 -3 3 -22 
-29 18 -5 3 0 0 11 41 
30 -10 6 22 13 5 2 -27 
-71 6 26 -6 -4 0 3 -85 
101 21 -7 -39 -7 -10 -24 63 
-49 -35 -6 21 -4 2 5 4 
28 27 18 7 4 2 6 26 
-3 -44 -83 -41 -12 -9 -1 18 
-20 31 3 -14 -3 7 6 -26 
21 13 55 10 -1 -13 -18 -23 
-15 20 -11 6 1 1 -7 4 
13 11 3 -5 1 -1 5 24 
-31 -26 -26 -13 -8 -4 10 -16 
11 -33 20 4 3 3 -2 -15 
-10 11 34 -7 4 3 15 11 
-5 5 26 -9 -7 -4 -16 8 
16 0 -27 0 1 0 4 1 
7 19 -7 -5 -1 3 5 1 
28 14 6 14 0 -2 -11 12 
-13 -4 -9 5 1 -3 -11 -33 
-63 -22 12 -7 -7 -11 -6 -9 
47 1 -31 -16 -3 -1 -1 15 
-10 5 -7 10 7 7 -16 27 
41 31 28 10 1 3 32 -23 
-16 -10 -12 -33 -2 -4 -2 -9 
-23 -6 -13 2 -7 -3 -4 16 
-12 -4 -13 -1 -6 -6 -3 -10 
-15 -34 -8 -1 2 0 -16 47 
-7 -63 -18 -20 -11 -6 -6 -34 
-27 2 3 -10 4 3 10 -23 
-11 -4 13 11 6 0 2 10 
-4 -7 11 16 -3 -3 -9 -7 
16 16 6 4 -5 -1 4 14 
27 -16 -16 -6 -4 -4 -11 7 
-6 -15 -10 -13 -2 -2 9 5 
15 7 11 6 7 2 -1 -4 
-15 13 2 6 -5 -2 -3 -5 
-22 10 10 5 -1 -3 -8 -17 
2 17 14 -4 0 -2 2 -7 
0 8 11 4 -2 1 -2 11 
32 9 -35 -18 -4 -3 5 3 
-2 -10 11 35 2 5 6 88 
-3 -17 4 -18 -9 -7 -22 -109 
8 3 3 9 7 4 16 13 
-26 -2 -12 -8 -5 -4 -18 -27 
-11 22 -7 -4 2 1 8 21 
31 5 5 0 -2 1 6 49 
-1 -7 28 21 2 3 -7 -5 
32 24 24 6 7 4 4 10 
41 -6 -19 -14 1 3 7 -4 
-55 -1 -38 -5 -4 -8 0 11 
7 19 7 -15 -6 -5 -8 -25 
2 3 25 16 1 -2 0 9 
-20 1 2 -1 4 2 5 6 
31 9 5 0 -1 2 -3 -28 
-23 1 -55 -26 -6 -4 -11 11 
3 -32 10 26 5 7 16 26 
-7 -6 6 -17 -16 -8 -6 -56 
-7 -5 26 8 7 -1 -3 16 
6 -5 -37 -10 -7 -10 -8 -7 
7 13 13 -4 2 0 9 -2 
-19 -6 -33 -1 7 4 11 63 
32 -3 38 18 5 7 1 -41 
-24 -17 -53 -27 -15 -5 -20 -60 
18 -17 -14 8 -4 -3 6 12 
-23 -6 22 10 2 -2 -18 4 
-5 12 0 -1 -1 2 9 34 
15 1 22 8 3 2 1 25 
14 57 22 -6 -4 -4 6 -29 
5 -31 17 34 -2 -4 -18 -7 
-5 -39 -65 -74 -13 -2 1 12 
1 0 -1 -13 -5 -1 9 -11 
-4 -43 -12 2 -2 -10 -17 56 
1 15 35 7 1 2 -2 -79 
-6 12 4 12 1 -1 1 21 
36 0 27 16 6 0 -28 -1 
-22 12 -64 -26 -1 2 43 -13 
5 -8 -13 -11 -10 -6 -2 17 
-18 -19 -8 -7 -7 -4 -7 -8 
-19 -5 -2 7 3 0 6 7 
13 1 -3 5 0 1 -21 -5 
38 41 37 9 13 5 0 16 
-41 -1 15 -12 -15 -4 8 -1 
13 -30 -2 15 1 -2 10 11 
-23 -14 26 -4 1 1 -19 -51 
4 1 -32 -10 0 0 12 14 
8 2 0 9 -2 -2 -11 21 
8 28 19 8 8 6 11 2 
9 -20 -18 -3 -9 -3 -14 9 
6 -10 -10 6 7 5 5 13 
-15 -2 14 -11 -8 -6 -12 -42 
5 -3 -37 -8 -12 -3 8 17 
-16 3 9 -2 -3 -4 -9 -19 
-8 9 -26 -2 -5 -6 -11 -29 
-17 -9 -8 13 10 2 0 -1 
-15 4 16 2 7 12 17 40 
1 22 37 23 10 4 2 -3 
-19 -9 -44 -24 -13 -11 -6 2 
18 -9 -6 -6 -5 -4 4 18 
-28 1 -37 -8 -2 -4 -7 -25 
26 18 41 2 4 2 1 25 
-20 -6 -3 -7 -1 2 4 -25 
5 7 10 15 1 1 -6 -7 
10 3 24 -4 0 -3 -6 -8 
-19 7 -9 -3 2 1 23 44 
32 2 -18 -13 -1 -2 3 -32 
-34 -27 -18 2 -4 -6 -18 2 
11 7 -22 -15 -12 -3 11 -8 
-16 -35 11 -4 0 -5 -14 -47 
-14 -4 -3 -10 -4 -3 -2 -4 
21 17 7 10 7 -1 2 9 
-3 9 19 14 3 -1 -7 -1 
-12 0 -2 -1 4 7 0 -18 
8 -40 -51 -38 -9 -4 4 49 
20 19 -3 -4 -8 -2 -4 -15 
-12 -38 -9 -7 -5 -7 -1 -2 
9 -4 -1 1 -1 0 -7 -15 
4 15 22 21 10 5 0 13 
-10 6 13 9 0 0 10 13 
20 13 -11 -18 -6 -8 -3 29 
-18 -3 -4 -5 1 1 -9 -58 
-28 -1 8 19 2 -1 0 -7 
-16 -15 -26 -8 -11 -5 -2 -11 
10 12 20 13 3 1 6 4 
19 0 -8 -8 -9 -5 -15 -8 
-51 4 -6 -12 -4 -2 1 6 
19 -4 -5 -2 0 0 -2 -10 
3 36 25 11 8 3 6 7 
-2 29 -14 1 3 1 1 18 
6 -4 3 0 7 3 0 -18 
41 -1 10 -3 -4 3 -12 52 
-48 -21 -9 -5 -5 -6 -5 -42 
9 -11 -6 -2 -4 -4 -7 12 
2 7 5 3 -2 -2 2 -9 
-7 13 31 14 10 3 -1 -15 
20 8 -24 -7 -2 0 -2 45 
-29 -7 -11 -11 -5 0 2 -8 
14 -1 -7 12 1 -3 -13 -63 
-11 -9 17 -4 -5 1 6 -14 
4 -1 24 -6 -3 0 -5 -14 
8 9 -21 -3 -3 -2 3 28 
3 -12 2 -1 -5 -4 -2 38 
-11 9 1 -24 -7 -2 6 -36 
-17 -4 -9 8 3 1 -2 -24 
0 -18 16 1 -3 -3 -8 17 
20 9 7 1 1 2 -2 19 
-19 -25 -26 -2 3 -3 -5 -41 
25 3 10 7 6 4 9 20 
1 -17 -16 -5 -2 -8 -11 -15 
20 -3 21 -1 -5 0 -5 11 
-29 -5 -17 5 2 -2 -10 -13 
-34 -6 6 -7 -6 -4 3 -2 
17 1 11 8 1 -1 4 -15 
-37 -3 32 -1 -3 0 1 5 
39 13 -3 12 9 7 9 5 
-35 -16 -22 -7 -4 -3 -14 -43 
47 -3 11 2 -4 -1 5 49 
-8 8 -11 -3 -3 -1 5 7 
15 -18 -5 -3 0 -1 2 29 
11 -8 3 -1 -5 -1 0 18 
-44 1 -6 -8 -2 0 0 -46 
31 14 6 0 1 3 -4 0 
-8 11 -37 -18 -6 -6 4 18 
20 -19 12 13 3 4 4 33 
-47 -4 -15 -4 -7 -4 -1 -26 
35 -4 -24 -12 -5 -3 -1 2 
-6 -10 17 0 1 -2 -9 -28 
4 13 11 -1 -1 1 9 28 
24 11 11 -2 0 3 -6 -24 
-57 -28 -12 3 0 0 1 18 
19 6 0 -5 -6 -4 14 11 
-2 -6 -4 -1 -5 -7 -36 -13 
0 5 23 7 8 4 30 1 
-18 -28 -29 -18 -9 -8 -8 14 
-11 13 -12 8 2 2 -4 -10 
5 -8 1 -9 -5 2 -2 -4 
1 9 -1 -8 -1 0 -4 19 
-1 3 2 6 -3 -4 2 -3 
10 2 22 7 2 -1 -4 -5 
2 12 3 -6 0 1 3 -13 
-3 -16 -43 -7 -5 -5 -12 -4 
19 18 6 -3 -1 2 6 9 
12 11 33 18 6 2 5 68 
-21 5 -26 -20 -2 -1 7 -36 
6 -23 -3 0 -11 -9 -14 -56 
7 -27 4 3 -1 -5 -1 -2 
0 18 11 -8 -2 -4 -8 -15 
-21 7 12 9 -1 -1 -5 20 
32 30 -37 -5 1 6 7 38 
-1 13 -5 -5 1 -1 -6 -30 
9 -10 5 -5 -4 1 7 -2 
6 -7 -9 3 2 -2 -1 -6 
-10 -10 22 7 1 -8 -6 6 
-6 -2 -22 13 2 1 -5 28 
21 13 5 -14 0 -1 -4 -52 
-30 -16 -7 -3 -2 -2 2 7 
7 -5 15 -14 -8 -5 -3 24 
-2 2 -15 -9 5 2 -5 -26 
-13 4 3 14 2 1 6 23 
11 -15 -4 1 -4 -6 -13 -35 
-21 5 -9 -4 -7 -6 6 38 
-14 6 28 -8 -7 -5 -14 -43 
-15 2 -32 -13 -5 -3 -5 1 
23 -35 -2 -1 1 0 5 -7 
2 29 44 18 12 10 -12 25 
-7 -26 -3 12 0 1 9 -4 
-54 0 -24 -5 -12 -7 -5 -19 
22 -20 -14 -4 -8 -12 -9 15 
-18 -9 -12 -6 1 -1 1 -29 
2 5 9 -3 1 1 4 18 
3 1 16 8 6 5 2 19 
0 24 15 6 9 7 13 46 
-31 -27 -34 -10 -5 -3 -10 -85 
2 2 -17 -29 -12 -5 -4 -24 
-9 -23 -30 1 -3 -5 -6 -6 
-8 12 15 3 0 1 6 9 
16 10 3 3 4 1 2 12 
15 19 9 10 3 0 -7 13 
5 0 -15 -1 0 2 6 5 
-1 -11 24 -6 -1 0 11 9 
30 -12 -17 -1 -4 -3 -9 11 
-25 18 10 1 -3 -4 11 -24 
8 -2 -3 -6 -1 3 5 30 
-17 20 19 25 10 2 -4 -23 
18 -7 -20 -8 -5 -1 1 27 
-29 -21 -15 -15 -13 -8 -11 -18 
23 -2 -1 -9 -1 -6 -6 17 
-7 -7 -3 6 -1 4 7 -31 
3 6 -1 -2 2 0 -4 37 
22 19 23 10 7 5 8 -11 
0 -3 34 4 3 1 -12 -27 
43 32 5 5 -9 -11 -4 31 
-36 21 -10 -7 7 1 5 -16 
-9 -53 -39 -9 -10 -4 -3 2 
12 13 15 2 0 7 7 13 
20 14 -18 -5 0 -2 -8 16 
16 -22 -11 4 -4 -6 2 -16 
-12 26 15 -5 1 4 -2 -4 
-19 -3 -6 6 -4 -4 0 -33 
2 -2 -30 -14 -5 -1 -4 -6 
-15 -20 10 3 -3 -3 2 16 
4 5 13 7 6 3 1 29 
16 0 10 -2 -5 -3 -7 -7 
2 -7 -18 -22 3 -2 0 -25 
-28 -2 12 9 -6 4 -21 -6 
14 -5 1 2 4 0 31 -9 
7 11 14 4 -7 -10 -10 45 
-16 -5 -32 -3 0 -3 0 -40 
7 6 16 3 -2 2 -5 5 
2 13 12 -5 0 -2 -4 10 
-13 -5 1 2 -4 -3 -6 22 
16 -9 -18 -9 2 2 6 -49 
-21 4 21 19 5 -6 2 4 
11 -4 -10 -6 -12 -3 -14 0 
-8 14 10 9 3 1 13 29 
11 14 3 4 -4 -2 -16 1 
-61 4 -40 -19 -4 1 12 -62 
17 8 3 -5 -1 -2 -4 -29 
17 -30 -8 7 2 -1 -12 21 
-18 -2 17 4 -3 -1 -3 2 
32 -15 -13 -1 -2 -4 -2 34 
-22 -2 12 8 3 -1 -33 -23 
1 10 -5 -1 4 8 37 -33 
-31 -27 -29 -11 -2 -2 -5 11 
19 26 56 11 -3 1 -1 -27 
0 3 -2 0 4 2 4 17 
14 -4 -1 -8 -2 -5 -11 25 
-23 -2 -28 0 -5 -7 -3 -23 
23 -11 5 2 0 -3 1 52 
-4 -27 -23 -2 -2 -2 0 -36 
-20 13 -14 2 4 4 7 24 
8 -3 13 -16 -6 -3 -7 -61 
-20 -15 -18 7 0 -1 -2 -29 
-1 7 21 0 -4 -6 11 67 
-6 -23 -32 -13 -4 -5 -12 -40 
10 -13 -1 -10 -7 -3 -4 55 
-14 -10 4 -7 4 4 0 -22 
9 14 26 14 4 1 5 4 
-56 10 -31 -17 -2 -2 -9 -53 
27 -29 -6 11 0 -2 11 58 
33 6 -2 -17 -6 -3 11 67 
-5 4 -4 2 2 0 -4 -30 
22 21 30 2 3 5 3 7 
-49 4 3 14 -1 0 -2 -35 
-3 -14 -10 -4 1 1 -1 11 
24 -11 -28 -7 -8 -3 1 13 
-55 -17 -14 -9 -6 -10 -11 -5 
47 -8 35 5 8 10 2 -3 
-42 26 -27 -9 -6 -4 4 -9 
-12 -11 7 10 0 0 4 4 
32 -12 -28 -14 -6 -2 -1 -17 
-9 9 26 0 3 -3 0 15 
-7 4 4 3 5 5 4 13 
-22 2 16 -8 -3 -3 -13 -26 
34 -12 -16 -16 -6 -7 -4 19 
9 12 12 12 2 0 3 64 
-2 -9 -11 -3 2 0 -13 -106 
24 2 -21 -5 -7 -7 7 50 
-16 -13 19 23 11 6 -4 -18 
