#EMG
#7
#ID:7-56
16 9 4 -6 4 3 32 12 
-13 1 19 3 -2 -1 3 13 
-1 -10 -18 -6 0 -8 -15 0 
-16 -9 -3 12 4 3 -3 -3 
-3 -10 -21 -16 -14 -4 -10 -32 
16 -5 -8 7 -3 0 5 13 
10 -6 -22 -33 -6 -4 -26 -14 
-48 1 63 21 1 -4 -8 32 
21 -2 3 12 5 3 13 -18 
-30 -7 -29 -15 -2 -3 -5 -11 
13 7 7 13 -3 -4 8 4 
13 4 -13 -8 -2 2 0 -3 
-5 -11 -8 -1 4 5 -2 4 
10 2 15 5 2 2 3 41 
-11 -13 13 -4 -2 0 -9 -44 
21 5 23 10 2 1 20 4 
-22 -18 -27 -9 -6 -2 -5 -15 
10 -1 11 4 1 1 -2 1 
-10 7 -3 9 1 0 6 -1 
25 -10 -17 -16 -6 -1 19 15 
-3 -7 7 -2 -5 -9 -23 -39 
-10 -4 -18 11 1 4 5 19 
-2 16 70 -20 -5 -1 -9 -2 
-1 -21 -62 2 0 -2 5 -9 
-4 6 7 -2 5 0 -4 13 
4 17 -3 -5 -5 -1 -8 -16 
5 -6 -17 9 0 -1 11 5 
-3 6 18 4 0 0 -22 31 
1 -1 -6 8 2 0 38 -11 
-2 0 13 -11 -7 -8 -17 -20 
0 -4 -43 -2 3 0 6 8 
4 -7 1 -8 -7 -2 1 37 
-10 -8 12 16 3 -1 -21 -68 
18 -14 -29 -18 -3 -1 -2 -5 
-34 10 9 -4 -5 -2 6 -10 
-1 14 -3 24 4 -6 -22 -20 
5 -4 -3 -27 -3 1 7 27 
1 5 2 -11 -8 -4 -15 5 
3 -13 -16 -7 -2 -2 12 9 
-6 0 -14 7 -1 -3 8 -21 
-4 7 -2 -1 -6 -3 -3 11 
36 10 51 11 0 0 6 15 
-43 -11 -7 3 1 -1 -15 -13 
-5 -6 8 -11 -2 2 13 -10 
0 0 -23 -1 -2 -7 -8 3 
11 2 -2 -3 4 5 -1 15 
22 -3 7 9 -4 -1 0 7 
-15 6 -3 -2 9 2 -2 -22 
-3 2 16 5 -9 2 -31 9 
-3 -4 -8 5 -3 -9 12 -1 
17 -7 -9 -19 2 3 -9 5 
5 26 34 2 -2 0 -3 -4 
5 4 -11 -4 1 1 -10 11 
-21 0 6 2 0 2 17 -23 
8 5 -7 -7 -4 -5 -12 4 
10 -14 -9 2 -4 -4 0 14 
3 1 7 3 0 -2 1 -10 
-17 2 -1 -2 4 3 -10 -6 
-19 0 -8 7 2 1 7 -3 
9 4 -1 -17 -7 -6 -5 -7 
2 -18 5 6 0 0 -3 -1 
-14 7 -8 -4 -2 0 13 8 
7 5 20 19 3 1 0 4 
-2 -8 -1 -8 -5 -6 -24 -14 
8 8 -12 -2 -1 3 33 12 
12 1 15 -1 -1 -3 -12 10 
-15 -8 -9 -7 -2 2 10 -18 
-14 -15 -34 -9 -6 -7 -13 -7 
17 15 10 1 2 -1 -8 14 
3 -17 -7 -2 -1 -4 1 0 
7 18 -1 13 2 -1 -1 7 
8 -5 20 -3 0 5 15 -9 
-2 3 -9 -14 -1 0 5 13 
-23 -3 -9 -2 0 -4 5 16 
-2 -9 1 6 -4 -1 -19 -18 
25 8 -4 0 5 2 -37 -16 
-32 -18 6 3 -6 -5 25 19 
11 29 -5 -7 -2 2 -9 -16 
0 -3 -2 0 2 -1 -9 -22 
4 -7 -2 19 2 3 16 25 
3 0 15 -19 -1 0 -8 0 
10 2 -15 -6 -1 -5 -5 6 
10 -21 -3 -17 -3 -2 -5 -29 
-38 -3 -22 3 -3 0 3 3 
8 7 20 11 2 1 -3 -6 
-9 -15 -11 1 3 -1 2 0 
18 15 10 8 6 1 10 33 
0 -2 -9 -28 -10 -2 4 -5 
-2 -11 -18 0 2 2 10 3 
-18 0 14 7 -3 -4 -28 -29 
5 -7 -25 -9 -4 -3 -4 27 
-10 -2 28 14 5 4 17 -36 
21 12 -13 -17 -3 -2 -8 24 
-18 -1 -19 0 0 -1 -4 -14 
-6 3 23 -1 -2 1 -3 -31 
0 -1 -4 5 -4 -4 -1 31 
-2 6 -37 -5 -3 -5 -16 -22 
9 -42 33 13 0 0 5 7 
4 -11 -12 -13 -4 0 27 24 
2 -27 17 -3 2 2 -8 4 
-9 -5 -15 3 -4 -2 -15 -28 
8 13 -1 -3 -2 -4 -2 16 
0 26 25 14 2 -2 -26 8 
5 6 -6 -8 -5 -4 -8 -21 
-8 -15 -2 12 5 3 -19 -15 
-7 -2 -7 -9 -2 3 45 5 
21 -6 0 2 -2 -1 1 27 
-37 2 -30 -15 -6 -4 -3 -61 
20 1 4 5 3 -4 -30 -7 
-8 3 -6 1 1 6 47 1 
-10 12 15 -17 -10 -2 2 18 
7 -30 8 7 2 -3 2 42 
-6 -31 14 -5 -9 -6 3 -19 
10 -3 3 14 3 0 -20 18 
0 15 -24 -34 -7 -8 -17 -26 
-2 -40 0 8 2 2 11 4 
-6 62 31 8 4 6 11 26 
6 -14 0 1 -1 -2 -8 -4 
-15 10 -4 16 1 2 27 -24 
23 -4 -19 -18 -7 -7 -23 12 
-15 -30 -7 24 3 -1 -30 -21 
5 32 -20 -33 -2 3 32 3 
3 24 31 4 3 -3 -5 8 
0 -10 32 -9 -10 2 -11 -13 
-13 -20 -22 -7 -5 -6 11 -8 
-4 -22 -17 3 -5 -5 -38 -36 
-21 -44 -8 -5 -4 0 5 0 
35 44 31 18 10 1 4 22 
-23 -15 -29 -25 -4 -4 -5 9 
-7 -19 26 24 -3 -3 -21 -23 
-7 -21 -58 -11 -5 -3 9 21 
-10 -3 13 3 6 2 7 2 
0 0 -51 -14 -9 -3 30 -9 
16 10 55 -1 0 0 3 8 
-10 2 -26 15 2 1 -6 5 
-2 4 11 1 0 -2 9 9 
8 3 8 -7 6 -6 -1 -15 
-8 -19 14 18 -7 -1 -46 -3 
18 27 16 -1 4 2 52 80 
-7 -26 -18 -10 2 -3 -11 -36 
-20 -44 27 15 0 4 -11 -53 
5 30 -25 -12 -2 -3 -4 -20 
4 -14 61 13 1 -1 -17 -4 
-6 22 -74 -18 -7 1 22 19 
24 21 85 14 10 4 6 42 
1 4 25 12 6 4 3 -5 
-8 -12 15 1 -2 0 -12 -17 
-9 12 -39 -1 -10 -6 -6 -13 
-3 -4 -81 -20 -7 -6 -1 1 
-9 9 55 -23 -7 -3 -3 1 
12 -26 -14 15 5 -2 1 13 
-7 6 41 -6 -6 -1 -3 -19 
4 9 -13 -11 7 7 2 15 
2 35 -26 -5 -9 -4 14 -2 
-6 -26 -40 -7 8 -6 -27 -11 
9 -7 -6 8 4 -1 2 -2 
-3 22 -2 -1 -14 -5 3 15 
-35 -37 -42 -28 -1 -2 -18 -5 
18 -7 -29 10 -4 5 4 -60 
-28 -6 28 -14 -4 -12 -26 2 
4 37 48 33 16 6 58 24 
21 12 -69 -14 -9 3 -9 29 
-13 1 28 1 -4 -2 -24 -61 
3 20 -13 25 9 0 -3 -1 
-4 -39 -42 -17 -4 0 5 6 
17 -5 -6 9 1 -7 1 -7 
-21 9 -13 -40 -19 -5 7 22 
13 38 4 20 11 5 2 -28 
-7 -31 45 19 6 6 5 31 
9 3 -5 -51 -25 -9 10 4 
5 8 16 26 5 -5 -22 -6 
6 9 37 8 -1 4 13 22 
8 20 -9 -16 -2 4 -5 20 
-13 -26 -27 1 5 -8 -52 -64 
-39 -19 -10 -7 -6 -3 38 14 
-4 -2 7 -1 9 5 1 34 
-5 -29 -14 5 -12 -15 -15 -40 
8 35 39 15 4 4 10 15 
15 -9 -13 -29 -5 -2 -40 -16 
-23 -25 -24 7 5 2 14 3 
15 -5 34 31 -2 -2 1 37 
-10 -26 20 -1 8 3 -5 -18 
14 -8 -31 -7 -24 -9 -1 3 
4 -5 -5 -7 -6 -1 7 9 
7 -43 10 -4 2 3 15 18 
-29 15 13 14 1 -9 -4 -48 
21 43 21 10 12 6 -11 12 
-10 -24 -57 -33 -9 -3 9 3 
-47 -9 26 7 -14 -7 -85 -80 
4 -38 -55 -6 7 7 96 56 
20 21 22 1 -8 -11 -18 19 
5 -24 23 2 -3 -2 -4 -28 
2 10 -38 -15 5 0 -12 -27 
-3 -2 9 4 -1 -2 2 12 
-2 -1 -5 3 1 -4 -11 1 
14 9 -31 -8 -6 -4 1 3 
-14 11 -23 -14 0 -3 0 -34 
1 -3 16 3 -4 1 -11 15 
-6 7 6 -6 0 2 24 -2 
18 -8 6 9 1 -3 -11 41 
3 24 -15 0 2 -3 -3 -15 
-17 -12 20 4 -9 0 -33 -32 
5 -4 -1 11 13 2 -12 -21 
-16 -7 15 -7 -14 -5 19 14 
25 15 -3 -3 -1 1 26 27 
-1 -7 -1 -9 3 -3 -25 -65 
-1 -1 -37 10 7 6 5 6 
-11 6 26 -12 -3 -4 -29 -14 
1 -17 5 3 -1 2 20 16 
-6 26 13 15 5 -2 4 35 
-11 -12 55 -11 -5 4 6 -32 
-6 -3 -48 -7 -5 -6 -5 41 
15 0 -6 -4 -2 2 4 -24 
2 3 3 13 17 1 -18 26 
-8 11 -2 2 10 2 -5 -36 
-2 9 45 2 -19 -9 -14 -4 
-5 5 -10 -22 -13 -1 -19 -2 
9 -5 -29 -8 3 6 37 31 
15 30 21 5 -2 -6 -1 50 
-27 -35 -20 6 12 -3 -40 -92 
-15 -11 19 -3 4 3 26 0 
25 5 -35 -11 -6 1 38 50 
-3 7 -11 8 -2 2 19 2 
18 42 29 -8 6 7 32 30 
-6 -4 -9 20 -5 -3 -17 -18 
-9 -4 -29 -25 -3 -7 -15 1 
-3 -14 57 11 9 5 -4 1 
5 17 -19 1 -3 3 -2 -18 
-6 3 -18 13 16 -4 -12 16 
22 10 44 1 -17 3 6 11 
-49 -19 -44 -13 -4 1 -19 14 
-3 2 -13 7 11 2 -20 -45 
0 6 19 -11 -8 -6 28 14 
-6 -5 -14 -21 -36 -11 -20 -13 
16 -11 11 14 5 3 -2 -2 
-12 -6 -26 -8 -13 -5 6 4 
17 39 80 24 20 2 4 32 
-25 -3 -47 -33 0 0 -5 -42 
-9 -55 -42 -27 -23 -5 -6 -4 
9 22 18 21 14 7 24 43 
33 12 52 13 -7 3 -9 -42 
-20 -23 -26 -32 0 -8 -11 -16 
15 0 -41 46 -6 -5 0 15 
-3 -24 -29 -33 -15 -7 1 6 
24 -4 6 51 7 4 5 18 
-47 -10 11 2 -3 0 -14 -12 
3 14 3 17 -7 -11 17 63 
-10 -14 -17 -8 7 3 -2 -57 
-15 -21 -38 -7 -15 -7 13 20 
68 8 13 19 6 4 38 20 
3 4 -20 -25 7 -1 4 32 
-13 2 30 38 1 6 14 30 
-21 3 -29 -59 -7 -11 -21 -59 
17 -17 15 31 13 11 -10 38 
-7 -10 23 -15 -3 -14 -26 -44 
5 7 -2 -17 -4 -7 -79 -13 
-46 -20 -8 -17 -9 -1 6 1 
28 30 0 20 5 -3 -51 22 
14 -14 -18 -4 -3 6 44 8 
-7 20 0 -11 1 -7 -88 -107 
29 14 -8 6 2 13 96 96 
-65 -35 57 22 0 -1 10 -7 
-26 22 -17 -18 3 -7 -95 -101 
31 -22 -6 -17 -6 2 101 79 
4 17 26 -6 -3 -1 -46 -11 
8 17 -9 -1 2 0 26 -1 
4 37 13 -12 1 0 -26 -30 
-13 17 -10 13 -6 -5 9 29 
4 -11 -18 -9 -1 5 45 6 
-21 -27 -15 0 -5 -9 40 -18 
10 -15 74 21 6 0 -61 4 
31 -18 -22 -17 -13 5 72 18 
-12 -19 -22 -14 -7 -15 26 14 
-4 8 27 1 0 -2 -80 -69 
11 -37 -15 -1 8 9 68 53 
-2 33 52 32 19 4 -5 -41 
-15 -42 -68 -43 -30 -9 -49 -8 
-3 -6 -19 5 2 1 -5 -10 
25 36 -17 1 -1 0 -2 2 
-2 -11 33 24 11 11 25 64 
2 46 14 -2 14 -4 -41 -43 
-2 9 -41 -38 -28 -12 15 11 
-23 -39 18 5 -10 -4 10 -23 
-26 -24 -75 -22 -3 -2 -15 -3 
4 25 65 8 7 2 -13 8 
11 28 9 45 48 -1 -13 -16 
7 31 85 -10 -38 6 21 6 
-12 -8 -43 -24 10 -8 -9 -12 
5 -12 -31 27 6 -3 -2 44 
-6 22 9 -39 -29 -1 -12 -15 
-4 36 41 48 15 2 9 -15 
7 -2 26 16 -5 -5 -11 27 
-48 -48 -67 -18 9 5 -39 -48 
15 28 -10 9 7 -6 -11 3 
-3 24 -2 1 12 15 47 6 
-14 -24 71 -14 -10 -17 -17 -37 
8 22 8 9 -7 -2 -10 26 
8 -1 8 19 -6 2 4 -25 
-41 23 -78 -55 0 -8 -9 -14 
-10 25 -32 6 -21 -7 -27 -7 
31 8 26 2 12 5 2 35 
10 11 5 -9 -17 1 77 75 
10 -33 -26 -18 -7 -12 -18 -1 
-17 -10 -46 -11 -17 -2 -16 -96 
11 19 -25 14 14 -2 -8 -13 
-20 -54 -13 -33 -17 -6 -14 -1 
-8 -4 -26 25 12 0 -9 26 
23 -5 17 -18 -1 14 40 46 
21 -17 -22 0 -11 -14 -30 -62 
-1 7 13 21 34 9 4 9 
-18 11 25 11 -11 -3 -33 16 
23 -20 -8 -17 10 0 22 -21 
-9 -57 2 3 -14 -3 -4 25 
61 13 22 21 11 9 15 24 
-36 -21 -83 -43 -10 -13 -14 -54 
24 39 -5 30 0 -1 25 53 
-41 -14 14 -37 -3 1 4 -47 
15 -11 9 13 2 -1 -21 21 
-8 -2 20 8 -1 8 -13 33 
26 1 -3 -2 -5 -9 12 -24 
1 42 16 4 -4 -4 0 -9 
-24 -45 -20 -9 -4 -2 -10 1 
18 1 -9 2 12 4 5 -55 
-14 6 -2 2 -1 -1 -23 67 
-6 -5 -22 -5 -3 -1 2 -29 
0 -10 21 -14 -11 -1 -5 -11 
-19 -67 -36 -16 -1 -9 1 -21 
-10 -9 22 -7 -9 0 -4 -8 
-17 10 -5 14 12 2 5 -12 
3 -11 -23 -2 -13 0 -3 25 
16 -11 -8 -17 -4 -5 14 42 
-21 -7 5 23 20 4 -11 -61 
32 5 38 -1 -17 -3 -6 44 
-32 -6 -50 -2 8 -5 -14 -60 
4 -11 20 4 -3 1 -4 -3 
18 8 14 -4 -5 1 17 26 
-20 -17 -11 5 2 1 1 23 
-11 22 22 -3 4 0 -2 -7 
-11 14 -15 -1 2 -2 1 -23 
20 -36 -7 -4 -1 0 -34 6 
2 -13 -30 -7 -10 3 40 56 
7 25 86 7 -5 -7 -11 -45 
13 7 3 3 9 4 21 17 
-12 -15 -10 -6 -6 -8 -36 -22 
-24 26 27 1 2 6 -3 -17 
13 -18 -40 -5 -9 -5 -5 31 
2 19 19 11 4 2 11 5 
-4 -10 11 -8 0 -3 12 19 
3 -17 -30 -13 -6 1 -9 -10 
-28 14 -9 -3 7 1 -7 2 
43 -25 24 3 -6 -5 12 6 
-19 40 60 14 0 5 7 24 
18 -8 -81 -31 -7 -11 -11 -20 
-22 5 22 7 -3 3 -4 -2 
-28 3 -11 0 -4 -3 -10 -7 
32 -7 -15 1 6 -3 0 36 
-7 27 50 28 20 6 0 -35 
-1 1 -22 -13 -28 -14 -7 -1 
5 8 -34 9 3 3 7 12 
-33 6 23 -19 -3 0 -1 -12 
24 -7 8 0 1 -2 -13 0 
-24 1 -14 16 12 6 9 -5 
24 44 36 2 -8 -2 -14 12 
-37 -11 -45 3 -1 -1 31 -50 
12 -25 -17 -3 -2 -4 -6 20 
5 -2 26 -6 -2 4 0 2 
9 8 2 -11 -2 3 20 32 
-45 5 -25 8 3 -4 -40 -63 
12 24 57 2 -4 -2 12 -9 
17 -14 -38 -14 -4 -7 1 -2 
-17 -9 0 4 7 5 -8 -14 
26 -10 -45 1 -2 1 -5 33 
-12 -3 61 -9 -11 -4 4 0 
0 20 -30 4 2 0 -10 10 
-4 -33 4 -19 -6 -6 -2 -27 
2 9 3 3 3 3 8 9 
6 12 -5 12 -3 1 -43 8 
9 -5 47 10 7 7 46 20 
2 -8 -59 -15 -12 -10 -7 -17 
14 -16 -4 6 1 2 4 0 
-26 -14 -52 -9 -1 -5 -7 3 
9 -3 30 -10 -2 -5 -14 -11 
8 2 14 15 9 1 -2 42 
-6 4 14 4 -6 2 -4 -35 
7 -1 -49 -10 2 2 18 -21 
-10 -7 7 -9 -8 -5 -8 -5 
-5 -9 27 0 1 2 16 4 
10 21 41 0 5 -1 -13 16 
-4 -7 0 6 -4 -2 2 8 
-12 8 -20 -6 0 1 5 0 
14 10 12 17 3 1 -9 -19 
11 20 17 -4 -2 -1 6 23 
-11 -17 8 -8 -5 3 -1 -10 
7 -23 -3 2 4 0 1 30 
-4 16 1 1 -1 -4 -11 -60 
15 -4 -14 -2 -3 -6 0 49 
-37 -30 29 3 -1 -3 1 -65 
13 7 29 11 4 2 -10 21 
-23 -27 -49 -18 -7 -1 1 2 
8 -11 -14 0 -4 -2 2 4 
7 24 -9 0 0 0 0 12 
13 -16 16 0 0 -3 -10 -4 
-10 25 -43 5 2 3 13 21 
-8 -23 55 -5 -6 -5 -2 -37 
15 16 14 -10 -2 -5 -3 28 
-1 26 -27 8 4 1 -1 -45 
-7 -16 38 4 -1 -1 -6 -13 
-16 -29 -46 -12 -6 -3 -15 -6 
0 14 39 11 4 1 22 1 
-1 -6 -14 -7 -6 -3 -3 19 
20 0 13 1 -1 -2 -4 6 
-9 0 1 -2 2 1 5 0 
6 -14 15 15 3 2 -2 -5 
-27 25 -25 -4 6 4 -2 -22 
-9 -10 35 -9 4 -5 -1 29 
17 0 -7 1 -11 -1 0 14 
-8 -24 -40 2 -3 -2 1 -3 
8 47 -9 -8 1 -4 -1 -3 
-11 -17 -18 -13 -11 -4 -6 -2 
-1 13 15 -4 2 1 -3 -17 
-18 -21 -12 0 -6 -1 6 17 
6 -17 -1 10 3 2 6 16 
6 13 5 -12 1 0 -12 -19 
-32 -20 -16 3 1 -1 1 -12 
11 35 -13 -1 -6 -6 -8 -8 
-5 -25 -2 -2 0 -1 -6 -5 
6 -5 -26 5 4 3 10 0 
10 9 35 -5 -2 -1 -5 47 
-10 -9 17 -7 -3 -6 -13 -21 
-17 -18 -39 -21 -12 -14 -4 -22 
1 -25 -9 -6 -5 -1 -4 26 
1 14 -41 8 -1 -4 0 -21 
-3 -39 79 7 6 7 -1 31 
15 -4 -25 -11 -2 3 0 10 
26 16 22 -2 -7 -3 11 -7 
-24 -5 -25 -5 0 -3 -23 -61 
-3 12 -16 -8 -1 -3 3 11 
-5 0 7 16 6 1 -7 -10 
2 19 -1 7 0 2 -1 24 
25 24 16 -1 2 5 10 1 
-10 8 -31 -18 -10 -5 -4 -26 
15 -4 -3 4 -4 -4 6 32 
-14 10 18 3 -2 -5 -12 -48 
-13 -15 -26 -10 -1 -4 3 8 
3 12 -15 -1 2 0 -12 22 
3 0 45 14 2 2 11 -11 
11 18 2 -7 3 7 10 13 
-22 -28 28 -8 -6 -3 -3 7 
1 -16 -21 -3 -6 -5 1 -20 
-10 -6 3 -1 -1 1 -11 0 
-3 -5 -8 5 2 -2 -23 -17 
24 2 5 4 1 0 15 16 
-4 18 18 10 9 4 7 34 
-1 28 -18 -16 -8 7 10 -5 
-10 -3 -6 6 -5 -8 -16 -27 
22 -9 -16 -11 -5 -8 -9 2 
-6 2 5 0 -3 -4 4 -4 
-5 -12 -3 5 3 -1 -5 -14 
-7 2 17 6 4 5 11 3 
17 -1 -24 -4 -3 -1 0 14 
-5 10 -7 6 5 6 8 32 
14 -5 15 -15 -2 -7 -9 -53 
6 -15 -3 -1 -12 -1 20 55 
-15 -5 -3 5 2 -9 -15 -63 
7 0 -8 -10 -6 -6 -7 -2 
0 18 -6 -1 -4 -3 -1 24 
-8 -2 32 8 8 -1 0 -2 
-5 -4 3 8 7 11 14 18 
30 61 -5 -10 3 0 -4 -24 
-10 -26 -21 6 -9 1 4 45 
-16 -4 23 -6 -3 -6 -27 -50 
-2 -3 -35 1 -4 -2 11 41 
-4 9 34 -1 1 1 1 -29 
-18 -32 -23 -4 -1 -4 -3 -14 
-2 5 -19 -7 1 1 0 14 
-17 -7 -14 3 2 3 -4 -32 
47 18 52 17 5 6 11 72 
4 -20 -67 -22 -8 -8 -8 1 
-9 -39 -27 3 -3 -6 -10 -46 
-17 3 22 -14 -3 -2 -1 -5 
-2 -20 -35 -3 -6 -4 -5 -4 
-5 17 54 17 8 5 4 12 
31 13 -18 4 1 3 8 31 
-36 -8 25 -9 -2 -4 -9 -8 
-18 -13 -26 -9 -10 -7 -4 -11 
13 -13 -4 1 -2 -2 2 17 
-19 13 -12 -19 -10 -3 -5 -18 
25 -8 13 11 4 0 -1 28 
-6 -10 -11 -2 0 1 4 -37 
7 21 44 15 16 4 5 12 
3 -35 -42 -9 -10 -5 -1 8 
-9 -12 -39 -27 -19 -11 2 27 
-8 -15 -21 -5 -7 -5 -9 -54 
-3 8 15 2 0 -2 -8 -5 
-5 15 10 6 7 4 7 -2 
6 1 3 6 4 2 -4 -8 
-5 -25 -24 0 -3 -1 -13 7 
21 11 -2 -8 2 3 22 14 
-19 -17 -7 -4 -5 -4 -7 -7 
-2 11 9 5 -3 -3 -6 -37 
-5 -8 -23 -2 -2 -4 -6 5 
-1 5 22 4 -2 0 -8 -28 
11 -6 27 -2 2 2 14 73 
9 29 -6 17 9 5 2 -46 
2 -6 4 -31 -16 -8 -20 -14 
-15 -10 -48 1 -2 -3 2 -19 
0 8 16 -12 -10 -6 -2 -2 
-10 18 28 5 5 2 -1 5 
1 -17 -9 3 0 2 2 11 
-9 -3 -21 -4 -2 -3 -6 3 
-26 -15 35 5 -2 -4 -10 -59 
44 -13 -21 3 -1 -5 0 58 
-38 1 9 3 10 6 13 -6 
-8 -19 -13 -6 -3 -5 -9 -21 
5 13 9 11 2 2 3 2 
-6 -19 -12 -15 -4 1 -13 1 
-10 -33 -35 -1 -5 -4 11 4 
9 7 15 0 4 -3 -12 -9 
-10 16 -20 -2 -4 2 3 3 
-12 -25 -22 -12 -2 0 0 -4 
14 37 22 15 -2 -3 -6 5 
-31 -10 -26 -31 -10 -3 -5 -10 
-3 1 -30 7 3 -4 -5 -30 
4 12 13 12 -2 -2 6 19 
12 23 27 11 6 4 12 50 
6 -18 -9 -10 2 1 -1 -29 
-14 12 11 -6 -6 -5 -7 -17 
-19 -6 3 7 -3 -4 -6 -29 
-4 -21 -26 -17 -2 -3 -4 -6 
27 14 40 17 4 2 -2 14 
-16 20 -4 -3 7 4 9 25 
10 -6 18 4 -1 4 6 14 
-7 -9 -22 7 6 -2 3 -23 
8 -19 -3 -11 -14 -5 -38 1 
-23 -14 6 -16 -7 -4 25 -7 
-3 6 16 6 2 -2 3 4 
7 5 8 4 2 3 4 17 
3 4 -5 7 1 0 1 6 
17 9 13 6 6 1 -12 -7 
-13 -18 10 -4 1 3 0 17 
14 -17 -30 -15 -4 0 3 -35 
-24 2 4 4 -11 -5 -1 -16 
10 -5 -3 5 -1 -6 -7 10 
13 20 10 -2 0 0 0 -4 
-20 -19 19 -1 1 2 -5 11 
1 10 0 -3 2 4 9 2 
6 -26 3 6 0 -2 -1 43 
2 15 -36 -16 -3 -1 -5 -44 
6 -22 31 2 -2 -4 -16 -22 
-32 -7 -33 3 5 -1 7 -8 
19 21 56 10 -5 2 0 37 
9 4 -11 -9 -1 -3 -5 -24 
7 34 31 4 1 -1 -19 16 
-16 -20 -25 -5 -3 1 21 -22 
1 -23 -34 -10 0 -3 -11 -22 
3 2 -20 -3 -1 -2 10 12 
-5 3 4 -8 -6 -5 2 18 
1 -12 2 4 -3 -2 -3 0 
-3 4 -15 3 3 1 -9 -22 
8 -4 8 -13 -4 -1 -2 13 
-6 -1 1 3 -3 -2 10 10 
-7 10 25 7 1 -2 -2 12 
-4 -33 -16 -5 -6 -5 -3 -21 
0 18 11 7 0 2 -1 4 
21 3 -3 -2 2 3 2 -2 
-12 6 17 -5 1 2 6 27 
-10 3 17 0 0 -2 -13 -30 
-22 -9 28 15 1 -2 1 -12 
1 3 -34 -15 -10 -9 -3 1 
38 -4 -13 -3 2 3 -1 8 
-14 1 -8 -2 -1 0 -3 17 
-6 -14 -17 -1 1 -1 4 -7 
6 12 21 8 5 1 -5 -27 
1 0 10 0 -4 -3 -14 38 
-7 3 0 2 2 1 40 -11 
-8 -22 -15 -2 -2 -2 9 -30 
6 -5 5 3 -6 -5 -11 -13 
-24 8 4 -19 -9 -3 3 -8 
9 -1 -21 -1 2 1 -7 27 
9 24 8 -4 -5 -3 -4 20 
-33 -53 22 6 4 5 8 -20 
2 -6 -11 4 1 -3 -5 -8 
12 11 -8 -8 -4 -1 -7 9 
18 45 27 8 2 -2 -2 19 
-15 5 -45 -16 -3 -2 -3 -16 
-5 4 -25 2 5 -1 -2 -6 
-1 -9 9 -3 -8 3 2 -14 
4 -16 -9 -2 -1 -4 -5 11 
4 22 -8 5 -3 -5 -16 20 
11 -9 2 -11 -6 -2 21 -1 
-22 -8 -8 10 3 -4 0 12 
2 -11 -23 -8 -6 -2 -8 -12 
-13 20 19 -6 1 0 -9 -28 
-7 -28 12 11 4 -1 -3 -47 
5 4 -8 6 -2 0 7 7 
-8 0 7 -13 -4 0 -1 13 
10 -9 -23 1 0 -2 -1 10 
19 19 12 4 -3 -3 -6 9 
