#EMG
#5
#ID:5-88
-1 -11 -5 -3 -3 -4 -3 31 
-6 2 -8 -2 1 -4 -14 -41 
-5 8 4 10 -3 0 4 7 
-3 2 4 -12 2 3 14 -1 
-2 -12 9 -10 -4 -2 -8 -11 
-1 -14 14 3 -2 1 9 24 
5 -7 -11 -14 -2 -1 -4 -11 
1 0 -21 1 -5 -8 -17 -5 
-3 3 27 6 0 0 13 2 
1 5 11 -8 -3 -4 3 10 
34 3 -2 16 3 2 -12 -2 
-29 11 12 -1 -1 2 24 2 
-2 -2 0 -4 3 2 -12 -14 
5 -8 -5 3 4 0 -6 1 
-5 -5 13 0 -2 -1 1 4 
9 -2 -5 -3 -1 -4 -6 4 
7 4 -12 -1 -3 -2 -9 -8 
-15 -10 6 0 1 -2 4 -7 
6 -6 -5 -1 -2 -1 8 8 
0 -6 10 -7 -2 -1 0 -7 
-10 -2 -7 16 3 -1 3 -1 
12 31 3 -34 -4 -1 -24 5 
-17 -13 -37 -15 -7 -6 9 -12 
5 -9 33 7 -2 -2 -11 6 
-7 7 3 1 -3 -2 -8 -12 
3 -14 -37 -4 0 -2 8 6 
3 -1 22 1 -2 0 5 0 
-6 0 -24 -9 3 0 -9 -5 
1 21 5 11 -2 -1 9 -5 
-10 -16 -7 -3 -7 -3 -2 -2 
5 12 -5 -4 -1 0 -4 6 
-4 -27 -11 4 0 -3 -15 -13 
6 -26 31 -5 3 4 4 4 
-12 -10 -23 5 -8 -5 8 19 
-4 14 16 8 2 -1 -1 -22 
2 7 8 1 -4 -4 -7 1 
-4 8 -32 -39 -3 0 -7 -5 
7 -1 18 11 1 2 16 8 
-1 -8 -7 2 -2 -4 -17 7 
-5 -9 -6 -3 4 1 7 -9 
-1 5 4 9 -3 -3 -8 0 
9 9 -5 12 5 2 7 12 
-9 -16 17 -10 -4 -4 -3 -36 
1 11 -5 -2 -2 0 7 2 
-5 3 5 -2 -2 -1 2 18 
-6 10 -20 -8 -3 0 -16 -27 
-7 -9 13 5 0 -3 6 2 
15 2 -9 7 2 3 3 6 
-8 -10 1 1 2 -1 -7 -9 
4 19 4 -6 -4 -4 -5 1 
4 5 -28 -2 -4 -2 0 15 
-20 9 27 2 -2 -6 -7 -15 
19 1 -8 -15 0 2 0 11 
-5 -17 -3 1 -4 -6 -15 -10 
-4 1 -15 0 6 2 16 6 
-2 -3 -4 -1 -9 -2 -15 10 
11 -8 -3 10 1 1 4 -12 
-40 10 10 4 0 3 -8 -19 
8 8 22 -3 -2 -6 5 21 
-8 -9 -21 -2 1 -2 7 5 
3 6 11 6 -3 -3 3 6 
14 -9 16 -2 0 0 -2 -18 
-6 48 5 -15 -6 -2 -6 2 
2 -9 -27 0 4 0 1 13 
-1 -12 11 10 5 -1 -9 -31 
-8 6 -13 14 -1 -3 20 1 
-2 -35 -2 -16 -6 -2 -23 -1 
7 18 6 -1 2 0 1 -5 
-8 -25 -1 3 0 -4 -1 -1 
24 -18 -8 -3 1 0 -21 44 
15 3 -16 1 -1 -1 9 -52 
-42 2 5 -5 -6 -4 5 -10 
-11 -4 -33 -6 1 2 -2 5 
2 9 1 -3 2 2 -16 -15 
-4 -18 -2 -2 -2 -2 11 14 
16 0 -4 4 -3 2 7 29 
-8 1 -9 -6 -7 -9 -13 -31 
5 -7 16 19 3 -1 0 0 
-11 -14 -31 -26 -5 -2 5 23 
-27 -34 -8 -24 -1 -4 -10 -39 
-8 -8 -9 6 -4 -1 -3 14 
8 7 -8 -3 -2 -1 -1 -5 
1 8 9 15 1 -1 -12 6 
8 -3 -2 10 0 -1 0 -3 
0 13 -2 -11 6 2 -2 -3 
1 -15 -3 -6 -6 -7 0 1 
-1 19 6 5 -2 1 -4 4 
12 8 4 -5 1 2 10 10 
8 22 24 10 2 1 3 -2 
-25 -18 14 6 4 3 5 -5 
-5 5 13 -4 -2 0 -7 -1 
10 -7 -11 1 -3 5 9 -2 
20 28 -7 -6 -4 -5 -6 16 
2 -1 -10 -5 3 0 7 1 
-11 -8 12 23 4 0 -12 -1 
-1 -5 5 -22 -5 -4 -4 -24 
-19 -4 -3 -3 -5 -1 10 1 
26 -7 1 -4 3 1 -6 2 
6 -11 -4 11 2 2 -17 -2 
10 12 1 11 0 -3 4 -9 
-11 -13 -7 -1 1 -1 31 13 
1 1 -9 6 4 1 5 50 
-12 -10 -1 -26 -16 -9 -7 -82 
-1 -6 -5 -4 -1 -5 -20 -1 
3 2 5 -10 -5 0 -2 1 
-12 -1 1 13 4 2 -4 -4 
19 13 -3 13 6 5 27 33 
-21 26 2 -17 -5 -5 -34 -17 
12 5 -4 11 2 -1 -11 1 
-10 -4 21 4 -10 -7 17 -14 
16 10 1 -18 2 1 -2 21 
-15 -36 -7 3 2 0 0 -22 
-3 5 -12 -6 0 -3 -28 5 
2 -5 1 2 -1 -1 8 -11 
3 -15 -20 -2 2 3 2 18 
9 -5 14 11 -5 -1 17 23 
-3 -5 2 -21 -6 -4 -19 -24 
-1 -3 -25 -1 -1 -1 -19 -11 
-11 -15 8 15 1 -1 23 2 
13 7 -11 -10 0 -1 -4 13 
-9 -6 18 7 2 4 19 -4 
1 15 -5 -12 -2 1 -30 7 
3 -30 17 3 2 1 28 13 
-28 -11 -2 32 2 -5 -22 -39 
-6 -18 -34 -19 -9 -6 8 -2 
-4 19 23 3 -1 0 -14 4 
-1 -5 -23 -3 2 -3 -25 -20 
9 27 15 2 -9 1 35 34 
5 -27 -21 -9 -5 -3 -12 -9 
-9 -12 14 -13 -3 -1 16 -8 
-11 -9 -29 4 2 1 -16 8 
17 0 4 -6 2 1 10 -9 
-15 21 7 6 4 1 -5 3 
14 -9 0 -4 -2 -1 21 13 
-13 16 16 -17 -6 -5 -30 -19 
8 37 -6 -10 0 2 8 17 
9 -25 4 23 0 0 -20 3 
-20 -8 -31 -9 -6 -3 6 -3 
12 23 12 8 3 1 -10 -12 
16 12 25 -6 -4 -1 10 40 
-11 67 11 10 1 -1 -5 -34 
-5 4 -7 -15 -1 1 -14 -34 
-11 -11 -11 -7 -6 -5 7 32 
8 -8 2 17 7 -1 -32 -16 
-2 3 8 -2 2 1 20 9 
0 -20 6 -2 -5 -4 30 35 
7 9 -13 -3 -2 -3 -17 -18 
-16 -20 -22 -6 0 0 3 -13 
7 19 40 14 0 2 -10 1 
-21 -31 -34 -41 -9 -8 -41 -30 
21 1 3 13 3 5 39 17 
1 -26 -2 17 2 1 -14 -10 
-12 -22 -18 -28 -4 -2 33 8 
2 -20 10 9 -3 -5 -22 -10 
-6 -14 -22 -6 -3 1 29 29 
-13 -38 14 6 2 -3 -8 -3 
10 -2 -7 -6 -2 0 -41 -60 
0 25 20 20 1 3 42 14 
-23 -12 -15 -12 -4 -2 -72 -23 
9 55 12 5 -1 -1 55 28 
12 -22 -26 -8 -2 -7 -15 12 
-18 -5 23 -7 -2 -3 4 -14 
-22 -10 14 11 6 2 -10 -14 
-7 0 -16 -7 -4 4 -7 5 
21 -29 4 3 -6 -8 -10 6 
20 46 -38 3 2 2 24 33 
-12 -50 -1 -2 -5 -6 -16 -19 
-12 -8 20 0 3 -8 -16 -35 
-19 16 -76 -14 -11 0 15 36 
22 -3 -3 -17 1 1 -12 -32 
1 4 8 -3 0 -3 5 3 
4 1 -33 -13 1 3 2 0 
-8 1 64 7 -4 -10 -8 0 
17 15 -3 10 0 4 -9 27 
-8 12 0 -6 -5 -6 15 -25 
9 -24 -26 -9 -8 -3 7 40 
-19 -31 -14 4 0 -2 -6 -67 
6 35 6 1 7 6 -2 9 
-15 -11 6 -2 -9 -6 13 8 
3 13 -11 12 4 5 9 8 
5 -30 -42 -17 0 1 7 33 
0 -40 31 3 -3 -8 -36 -25 
1 67 0 3 5 3 33 -18 
-3 -25 -29 -24 -17 -6 -18 -8 
0 26 -32 5 3 -2 6 19 
22 -3 54 13 4 1 -32 -45 
-12 -13 -23 -9 -1 -2 27 44 
13 0 29 9 0 -2 1 19 
-27 39 28 19 -2 -2 1 -38 
9 1 -44 -15 -10 1 19 25 
-1 -7 5 7 -2 -6 -71 -22 
6 20 12 -10 -4 -4 52 1 
-9 -32 15 21 8 8 2 37 
-5 47 4 -11 0 2 7 -18 
10 -26 -14 -14 -11 -3 -25 -13 
-6 8 -26 -11 1 0 45 19 
-8 -28 10 11 3 1 -11 -1 
-12 -25 -31 -17 -8 -4 2 -1 
8 8 -8 1 4 2 18 10 
-13 -23 23 5 -6 -1 -31 -13 
13 1 26 -1 3 5 10 6 
-7 5 8 13 4 -5 13 36 
18 -1 -25 1 -5 1 -18 -64 
-17 -4 -30 -30 -2 -4 -33 -2 
-3 -13 14 5 0 -2 27 23 
3 21 -17 8 1 0 4 1 
13 6 15 3 -12 -4 -8 -4 
-12 8 -27 19 5 6 3 6 
14 16 87 17 2 8 25 35 
-14 -48 -29 13 0 -7 -15 -21 
1 -4 25 -35 -1 -5 29 28 
-10 -6 -18 0 -11 -7 -27 -43 
2 9 7 2 5 -4 -16 -10 
0 14 54 18 -3 8 13 39 
-13 -12 -30 -14 -3 -2 -5 -25 
33 4 9 10 5 3 0 10 
-4 -29 58 -34 -5 -6 -32 -36 
-25 -4 -33 14 0 -2 10 -5 
4 -5 -2 9 14 11 18 34 
-9 16 29 -20 -7 -3 -21 -20 
22 13 -12 27 0 1 8 -1 
5 -6 -37 -24 0 -6 -89 -43 
24 22 27 36 5 12 26 55 
-30 -24 -16 -15 -6 -12 25 -31 
-8 -10 -62 -17 -5 -3 3 1 
-3 -30 -32 -11 -4 -4 -6 -19 
4 -6 20 2 5 9 2 16 
17 39 30 26 8 -4 -39 11 
-16 14 -48 -17 1 2 18 -26 
1 5 12 4 -10 -2 34 -8 
1 -4 -31 -12 -4 -7 -15 3 
13 28 25 -20 -1 4 -14 6 
-17 3 -9 3 3 -2 2 -10 
16 17 31 25 8 1 27 49 
-18 -7 2 -12 -6 -3 -1 -31 
15 -11 -53 -31 -1 1 -7 -12 
-2 -9 -8 -32 -16 -9 -20 2 
4 28 34 3 14 4 -2 -2 
-8 -11 16 8 -4 -4 21 25 
-2 -17 4 31 6 2 -62 -40 
13 -2 -33 -10 -4 1 81 43 
-24 -46 88 -17 -8 -3 11 -15 
-12 -21 -50 -4 5 -2 -28 7 
-1 -6 22 7 2 -5 18 18 
-6 9 -34 11 -2 4 -18 -41 
18 24 -12 4 4 -14 -27 -1 
15 30 -21 0 -9 3 22 -17 
-21 2 53 -21 -22 -7 -1 -2 
25 -8 29 17 10 0 -33 22 
3 -11 -37 0 -8 1 64 43 
3 16 33 -13 8 -5 -23 -24 
7 -8 -27 -10 -1 -2 10 14 
-35 -51 -34 -23 -31 -7 8 -24 
-5 0 1 -2 1 -3 -18 -9 
10 42 16 24 -1 -9 -9 9 
-14 -42 -16 11 8 6 17 -20 
10 25 58 -20 7 0 -23 0 
-3 -32 -60 24 0 12 -6 21 
-22 -2 -12 -16 -13 -8 10 -72 
-18 -8 18 3 0 -12 -30 0 
24 36 12 23 13 8 24 37 
-13 -7 1 -29 -7 -5 -27 -22 
6 -6 7 -2 -5 -4 1 0 
-14 -1 6 6 4 9 31 17 
3 -3 -9 8 2 -5 -24 -36 
-6 20 36 9 9 -2 -6 10 
4 -45 -23 -31 -17 4 -1 17 
12 26 -44 13 3 -3 -14 -17 
-33 -13 19 -6 -7 -3 -7 19 
2 -4 -3 4 4 -2 -25 -40 
-7 13 34 18 5 9 28 -28 
26 -12 -9 9 1 7 68 47 
11 29 -20 -16 4 1 6 21 
-21 -15 -9 -21 -9 5 -39 -39 
5 17 18 32 10 -7 -13 26 
13 2 5 -35 -6 4 -13 17 
-12 8 -43 1 -1 -7 -81 -54 
6 3 -21 -2 -2 1 126 74 
-7 -4 14 18 8 5 -28 8 
2 -12 18 7 -5 0 -27 -44 
9 -26 -4 -23 -2 -4 39 80 
-9 14 -30 -5 -5 -13 -98 -36 
-23 -11 -25 -6 1 9 70 -19 
5 -2 4 10 -8 -12 24 45 
16 -34 -12 9 0 4 -40 -74 
-35 -3 27 1 -10 2 61 50 
41 10 -2 1 -4 -15 -53 26 
-25 10 -7 -16 8 8 0 11 
-14 -26 5 14 -8 -15 23 -5 
-2 3 -32 30 7 6 74 -18 
-19 -9 -9 -99 -7 2 6 -8 
17 12 -15 31 -5 -10 -92 -49 
-33 0 23 3 -5 3 71 72 
27 -15 33 8 -2 -4 -19 5 
39 37 -8 7 8 1 -85 -10 
-10 -36 -43 -36 -7 -3 73 -8 
15 17 10 12 -1 4 -20 -2 
-2 -5 9 -16 4 -10 -46 -57 
1 -4 28 44 2 5 36 88 
-21 26 22 -9 5 2 -9 -59 
-6 9 5 28 0 -1 -31 -35 
21 2 -27 -21 -2 6 22 40 
11 -29 5 -8 0 -5 21 19 
-18 38 59 22 2 -4 -33 -20 
-27 18 -65 -17 4 2 36 -5 
13 0 55 28 13 11 -10 -23 
-28 -24 -9 -16 -30 -21 -18 -15 
15 3 27 -9 13 10 2 19 
20 -17 -44 -41 -20 -10 -19 12 
-22 21 -8 -5 0 -4 -53 -27 
-1 6 -25 32 6 -5 12 -13 
-7 -30 5 -28 -19 0 6 16 
21 4 24 30 13 2 -5 12 
-10 3 -17 -54 -8 -5 -6 -10 
17 -2 26 54 -8 -2 -2 2 
-12 -7 -40 5 12 -7 -4 4 
-19 -3 -9 12 -8 7 -34 -42 
38 7 24 -5 -7 -3 60 41 
-45 0 3 -36 2 3 -7 -30 
26 -18 32 41 6 -2 0 56 
-14 -11 -32 -47 -12 -6 3 -30 
-6 -9 -46 10 -2 0 -23 -8 
4 20 24 23 3 0 7 -15 
-2 -35 -71 -37 -8 -2 -40 9 
-37 -3 27 19 6 -2 -39 -31 
2 -27 3 -14 -10 -9 -2 12 
3 4 -14 -22 11 6 3 -17 
-11 5 -25 -15 -18 -10 -73 -22 
0 24 46 10 0 1 60 51 
-9 0 16 -13 -5 -14 -107 -60 
-14 -29 -26 2 6 8 59 27 
7 -22 -29 -15 -6 -7 -16 25 
-23 6 27 -3 3 -3 12 -14 
53 -26 8 28 3 6 30 53 
-23 -29 -28 -17 -1 -2 -8 -26 
6 30 56 22 1 8 5 -23 
62 -1 -14 -7 7 3 -53 -9 
-25 5 -21 -5 -3 5 50 19 
-24 -6 -5 -2 -4 -13 -41 -32 
4 -5 -47 -5 5 9 49 8 
-5 22 100 -19 3 -2 -22 11 
32 34 -9 -6 -8 0 21 43 
-7 -8 5 14 -2 1 6 10 
-24 20 -9 -18 -2 4 73 -43 
58 -22 41 6 4 -9 -55 51 
-7 1 -71 17 0 -3 33 -90 
-7 13 23 -6 -3 -3 3 53 
-12 0 57 4 -3 -5 10 23 
23 -42 -68 2 1 5 -2 -10 
-1 7 18 -31 -10 -3 -1 20 
2 -23 0 28 8 7 -45 -48 
8 -3 -37 1 -7 -8 -85 -47 
-13 -11 -23 -1 -9 2 127 72 
-28 31 14 3 9 4 -11 7 
-5 10 -7 -10 -3 -10 -20 -56 
13 0 -14 -2 -11 -3 -2 6 
8 16 5 12 5 8 -8 -11 
-30 -15 -15 -6 -2 -2 -14 -13 
21 12 -48 -9 -1 2 46 45 
-24 3 33 25 6 -2 -66 -15 
25 -12 1 25 -3 -3 16 -45 
-19 -17 4 -36 -1 -5 5 60 
18 23 77 -31 -5 -2 -4 -4 
-8 -58 -61 38 9 5 5 11 
-30 42 56 -14 -11 -8 -56 -31 
6 -24 15 34 8 -1 34 -7 
6 -31 -26 -14 -5 10 -3 6 
0 41 36 -4 -3 -5 24 -7 
-11 8 -24 -8 12 0 -15 2 
14 12 0 38 12 10 -2 21 
5 -11 -83 -36 -16 2 -1 4 
-11 -36 54 -33 -5 -9 15 2 
-10 -39 3 18 -4 -4 -5 -3 
-1 4 38 -18 -4 -5 -31 -53 
-11 6 28 54 4 -4 -12 -3 
10 -8 -63 2 5 1 22 30 
4 38 38 -13 -2 2 -8 -7 
9 18 -5 -3 -1 -4 -8 29 
-12 9 45 0 -6 -2 -11 -28 
8 9 -29 -10 4 1 19 -5 
-16 -27 53 23 -7 -6 1 27 
-52 -40 -35 -33 -18 -5 -13 -6 
47 28 -12 -34 0 -7 -3 2 
-36 1 7 25 3 6 1 -45 
17 -4 -22 -35 12 7 14 18 
-8 -17 -22 -7 -6 -1 -12 -4 
-44 -13 -2 29 -4 -8 -6 -22 
41 15 29 5 7 -1 12 55 
-7 8 -5 -11 3 0 -2 -4 
9 -4 -15 -12 -10 -6 -4 -8 
-7 12 5 7 6 4 -10 6 
27 -3 7 -3 6 7 16 1 
-23 1 -18 12 -9 -2 1 9 
7 23 -22 -4 3 8 -3 -35 
4 9 -1 -7 0 -7 5 49 
-4 -3 7 -1 -9 -13 -17 -41 
-12 -20 -24 -9 -2 -2 5 25 
9 3 -6 3 0 -1 -6 -6 
7 -10 37 13 -8 4 -2 -40 
9 2 -9 8 -1 -2 -6 -13 
-15 20 -14 -19 5 3 7 -12 
-14 -21 1 16 3 -6 -5 -15 
25 8 -5 3 2 3 6 51 
0 11 -1 -14 -7 -5 2 19 
15 -40 5 7 13 -2 -9 -26 
8 4 7 -29 -32 -4 -7 3 
-16 -34 -36 19 11 2 5 34 
-26 24 3 -12 -2 4 6 -47 
13 10 -16 -13 -7 1 4 18 
-6 -6 23 28 14 0 0 -32 
2 5 -8 -43 -4 0 -1 3 
6 -7 -14 12 -1 1 -12 28 
-16 -6 -30 3 -7 -2 26 3 
20 31 22 19 8 6 -1 3 
12 14 8 14 5 -6 11 38 
-29 -17 12 -2 4 -3 -31 -75 
2 -9 -26 -13 -10 -2 -3 -15 
-3 -8 -7 9 7 3 -10 10 
-3 2 13 9 -2 -3 10 -29 
-18 17 30 -6 -1 5 16 13 
14 -17 -52 -3 -14 -11 -11 8 
-11 9 23 -5 4 -2 -11 -13 
8 -13 0 -6 2 1 -7 -8 
11 -4 17 -3 -6 -1 7 47 
-11 4 -9 8 8 0 -4 -52 
-4 -12 -23 16 -11 -3 -2 13 
-15 -5 5 -21 -6 -7 -14 -45 
13 -28 -6 11 1 4 16 17 
-8 25 30 6 11 -1 -11 6 
16 8 -16 5 -4 -4 4 14 
-3 -15 17 -20 -8 0 3 2 
-13 -5 -53 -3 -5 -7 -14 -13 
15 -16 51 4 -2 -1 5 13 
-6 12 -33 -6 0 0 9 -18 
11 6 5 15 6 2 -2 4 
7 7 5 4 -2 2 5 15 
2 4 4 1 0 3 0 6 
8 4 13 -8 -5 -7 -14 -30 
0 4 -8 11 6 2 12 22 
-20 -18 -35 -22 -12 -10 0 -24 
25 15 -41 5 -3 -2 -18 -11 
-43 -15 -4 -6 -1 1 33 28 
-8 26 4 -2 2 0 -12 -25 
24 -1 9 -1 -6 -4 4 28 
-15 -33 16 -1 -7 -2 2 0 
5 -19 -36 -11 1 -5 -19 -16 
0 -19 -41 3 3 -2 2 26 
1 8 -26 -19 -11 0 6 -9 
6 27 25 2 -11 -2 1 9 
6 -17 14 0 1 -2 -12 -7 
-9 5 0 -6 -2 -1 -6 -23 
-4 1 24 28 7 1 3 7 
7 18 -42 -4 8 0 0 -6 
-17 7 41 -10 -21 -9 -6 3 
0 -5 -25 -11 -1 0 -10 14 
-3 1 18 12 5 0 10 -28 
6 7 26 -6 -1 2 0 4 
-5 5 -36 16 13 4 9 -1 
4 -21 -7 -9 -11 -8 -27 56 
16 11 19 -9 -3 -4 17 -60 
-32 -9 -19 -2 -1 -4 -8 -20 
15 -11 23 3 10 5 0 -1 
-10 13 -13 6 -8 5 0 12 
24 -16 2 -12 2 -3 -1 33 
-11 24 7 -1 -7 0 9 -36 
10 -32 -6 -23 -7 -9 -24 4 
-14 -5 15 1 5 6 20 -7 
5 -7 -6 13 4 2 -7 33 
-27 3 30 -15 -3 -1 -11 -35 
12 -1 20 21 -6 -1 10 24 
-15 6 -20 -5 -1 -1 -3 -27 
-15 -4 -24 -9 -2 -3 -3 2 
15 -9 14 -13 5 4 6 8 
-5 2 -5 -2 -9 -11 -22 15 
0 5 19 8 0 -5 19 -9 
-22 0 2 1 0 2 -2 15 
14 -5 -14 5 -4 -2 -7 -28 
1 4 -38 -5 6 4 4 5 
12 29 78 15 4 2 -7 -17 
12 19 8 -5 10 8 13 49 
-13 -33 -28 10 -19 -10 6 5 
-1 12 9 -3 2 -1 -5 -29 
-8 -15 -30 -3 -7 -5 -6 -15 
-1 16 64 3 4 4 -10 -5 
27 10 -11 3 3 4 18 57 
-8 38 49 32 5 1 -1 -31 
-32 -54 -85 -67 -15 -9 -9 -14 
4 -3 -4 2 -8 2 -4 -5 
-8 -7 -18 -2 -1 -6 -4 15 
2 -10 8 2 -2 -1 4 15 
7 6 11 20 6 0 -2 -11 
2 12 4 -2 -1 -4 -8 12 
14 -9 -20 5 8 0 -8 -9 
-14 9 27 -15 -14 2 7 -35 
-8 -3 -14 3 0 -2 -5 -17 
6 -17 -6 -3 -6 -7 0 18 
-10 17 23 17 6 -1 -3 2 
17 -2 -8 -7 5 4 8 17 
13 7 18 9 1 1 -7 2 
1 4 -23 14 10 2 16 13 
-7 10 34 -18 -11 -1 -14 -3 
-1 -17 -52 -35 -11 -13 -13 -13 
-3 -25 6 0 -17 -8 -15 -8 
-2 4 -11 5 2 1 -3 -8 
0 2 8 12 8 -1 4 8 
1 -5 -20 3 3 4 4 13 
22 22 27 5 3 2 3 13 
-18 -30 -42 -3 -2 -2 -15 15 
-5 33 13 -24 -13 -8 -14 -74 
-18 -31 -5 5 -5 -3 0 9 
-12 -9 -17 0 4 0 1 -15 
-3 4 11 -2 -5 -1 3 2 
-1 1 -15 -2 2 3 1 20 
13 11 13 7 7 2 7 19 
7 19 11 24 25 6 6 -6 
-19 -28 -12 -39 -48 -17 -1 -28 
-4 -23 -19 1 2 0 2 18 
20 14 42 10 3 2 -7 -18 
-8 9 -2 4 6 5 5 21 
-21 11 11 6 5 -4 -28 -31 
13 -7 -18 15 -1 -1 25 14 
-7 -6 -12 -24 -5 -4 11 9 
3 -11 26 2 -6 -2 -1 -4 
1 -2 -10 -4 5 2 -7 -16 
-11 -26 -7 5 -4 0 -7 1 
4 14 -6 5 6 3 -18 7 
24 4 4 -6 -1 1 37 -8 
-45 -12 -24 1 -7 -4 -16 -26 
-1 -5 22 -13 1 0 -4 7 
-14 5 -23 -3 -4 -4 1 -10 
8 1 -7 -6 -9 -3 -9 0 
23 15 26 9 16 8 10 25 
-11 8 -3 28 6 2 -1 -18 
-6 -18 -41 -30 -16 -5 -6 -1 
-12 3 26 -10 -10 -9 -11 -27 
14 7 5 3 7 -1 5 10 
-4 5 0 1 2 0 -16 8 
6 16 18 18 7 3 21 26 
14 -11 -27 -10 -6 1 -9 16 
-37 -21 -9 -13 -11 -6 16 -37 
3 -5 -14 -3 -1 -3 -5 1 
-9 0 15 3 -1 -1 -1 -18 
-9 4 -4 1 2 -1 -15 -3 
28 14 8 4 3 1 -4 14 
12 4 18 -1 1 2 10 49 
-25 -10 -31 1 5 3 -7 -67 
-21 -19 -22 -9 -11 -7 -1 6 
8 -6 -6 -3 -2 -2 5 9 
-1 3 11 -6 -4 -5 -4 -5 
7 -14 -8 5 3 2 -3 24 
0 11 27 6 2 1 -5 -6 
-4 -12 -22 2 4 0 -2 -6 
3 0 -8 -18 -12 -2 -5 -9 
3 -12 -21 2 -1 -2 -3 6 
12 14 9 3 3 2 -7 22 
-37 -3 10 1 11 -3 23 -33 
14 -1 -41 14 -11 -5 -1 0 
-11 -29 6 -26 -12 -6 -12 -4 
5 3 14 -2 0 -1 7 -3 
17 18 32 1 -1 0 -19 7 
-5 18 -7 9 13 4 -2 -8 
12 -14 0 9 5 4 13 52 
-32 25 27 2 -3 -1 -5 -63 
48 -23 -14 -13 1 0 -16 33 
-55 -8 5 -17 -10 -6 6 -58 
-6 3 3 11 4 1 2 6 
9 -7 -52 5 0 2 3 5 
10 12 30 8 -5 -4 -6 15 
25 1 -19 -12 2 4 3 11 
-10 4 21 -7 -9 -6 -16 -32 
-32 -13 -23 -13 -3 -2 17 20 
18 4 -19 -5 -7 -6 -1 7 
-14 -31 -19 -14 -2 -6 -16 -24 
2 23 -3 5 2 -1 7 -10 
7 -3 9 4 -1 0 2 7 
14 25 -3 8 4 7 -9 40 
1 -45 -4 -21 -3 -5 12 -35 
-17 17 6 2 -5 -1 -3 -13 
-18 -21 8 -4 -7 -8 -4 0 
1 8 6 3 2 5 -3 0 
-5 5 4 4 3 1 7 25 
17 1 2 -3 -2 -5 -8 -7 
5 -7 -2 -4 -2 -3 -3 12 
-8 -10 -22 0 -2 0 5 -23 
16 -1 5 21 2 4 5 6 
-11 18 -12 -36 -6 -2 -15 25 
4 3 -13 -1 -3 -5 -14 -42 
-14 -17 16 -3 -5 -3 8 -14 
8 12 1 0 -4 -4 -8 19 
15 7 -8 18 11 2 4 -7 
-1 5 19 -4 -2 0 -4 11 
-9 0 -2 -18 -11 0 5 -7 
15 20 14 3 -2 -3 -22 -17 
-7 -10 -13 -5 -6 -2 -1 10 
7 7 8 18 3 1 38 78 
-12 -17 -3 -7 -6 -10 -12 -104 
-20 -9 -38 -12 -6 -2 2 56 
-17 -9 3 -3 -4 -7 -9 -90 
10 -4 -7 7 5 2 -9 -1 
16 15 17 9 3 3 10 24 
