#EMG
#6
#ID:6-53
8 8 -13 -34 -8 -2 -2 1 
8 13 8 14 4 0 -5 -19 
4 9 6 7 -1 -1 -4 2 
-2 0 -14 -17 -8 -4 3 13 
-14 17 17 23 7 7 11 23 
-17 -13 -21 -19 -10 -12 -17 -38 
25 4 0 2 5 1 4 2 
-2 9 0 -1 1 -1 -2 5 
-15 -9 -1 19 3 0 15 -12 
23 -5 18 15 -1 1 -12 10 
-9 -7 -26 -48 -8 -5 -4 -4 
6 2 7 18 0 0 -2 3 
0 -7 -1 5 -1 -1 -2 6 
6 -4 -8 -7 0 -1 2 -2 
6 15 8 21 5 3 0 20 
-12 0 -6 -24 -8 -2 -3 -17 
-13 -13 -20 -6 1 -3 -7 -20 
9 2 23 13 0 0 5 -5 
-1 2 -8 3 -1 -3 -7 -4 
29 0 -19 -4 -2 -1 -1 17 
-25 -11 20 8 6 3 8 13 
4 -1 -2 -18 -4 3 -3 -30 
-7 -9 17 2 -4 -4 -5 -16 
4 2 13 7 1 -3 6 22 
13 -3 -38 -11 -5 -9 -15 7 
-24 -11 4 23 3 -2 2 -13 
1 3 -18 -23 -1 1 12 -17 
-33 1 50 10 -2 -4 -15 -10 
13 -5 -7 1 -4 1 7 26 
-4 -4 -5 0 5 2 4 -23 
20 -5 10 29 0 -4 -3 13 
-39 -1 -32 -29 -7 0 -4 -28 
20 0 10 -7 -2 -2 -7 -11 
16 6 1 10 -6 -2 0 16 
-14 -2 11 12 1 0 -8 -26 
33 5 -17 -13 -3 1 5 48 
-18 -7 11 -2 -1 -1 -4 -12 
12 11 17 -1 3 3 13 31 
-16 16 -26 -2 -4 -3 -6 -59 
-2 -24 6 6 2 -1 3 10 
14 0 -2 -2 -5 0 1 -6 
-22 3 12 8 3 0 -6 -7 
20 -1 -15 -26 -6 -1 -1 62 
11 8 25 7 7 2 -1 -53 
-12 5 -3 -4 -2 -5 -7 10 
-5 -14 -26 2 -2 -1 -1 0 
-4 -1 20 -1 -6 -4 -3 -9 
-15 -5 11 16 -1 1 -2 4 
20 0 -12 -13 1 3 5 9 
-12 -2 -4 -26 -1 -1 -3 -13 
3 -3 21 22 6 3 6 35 
7 3 1 5 -3 -3 -7 -9 
-3 4 -14 -12 -3 -3 -18 -1 
-20 -2 21 -5 -1 1 21 -11 
17 -3 -9 -2 1 -2 -6 4 
12 -3 9 4 3 1 9 -6 
-5 26 9 32 2 2 -1 -14 
25 15 -1 -40 -9 2 2 37 
-24 -12 -19 -4 -5 -3 7 -8 
4 -5 -31 4 -4 -10 -7 26 
-11 5 38 -8 -2 -1 11 -11 
22 -8 -33 -6 1 -3 -22 7 
0 25 11 -3 1 1 7 -14 
-5 18 8 4 0 4 6 4 
-59 -18 3 9 -5 -3 -3 -15 
78 -8 -1 18 -8 -9 -17 -4 
-25 -41 -29 -21 -3 -2 -6 12 
37 7 -17 -4 1 1 5 19 
-9 1 26 1 2 1 -9 -12 
-41 -16 -1 5 -2 -3 9 -13 
-11 -29 -5 13 -4 -1 7 -12 
0 3 -12 -14 -3 -4 -16 18 
24 29 -2 35 0 -4 1 -4 
-22 -12 -31 -66 -10 -4 -9 12 
8 52 22 8 2 2 -9 -24 
-2 -6 29 12 2 2 12 25 
-4 -7 2 -11 1 -1 -10 -44 
-28 12 -16 10 2 -3 -4 5 
-2 -9 -11 -1 -1 -1 2 14 
-36 2 -14 -17 -4 -2 -18 -25 
46 -1 -51 8 -1 -3 16 25 
-35 16 76 10 6 2 -26 -19 
7 12 0 5 -3 0 46 24 
-9 18 -9 12 0 1 -23 -52 
-14 -32 -29 -20 -5 -2 47 40 
6 -8 12 2 5 4 -15 3 
-3 -21 -10 4 2 -4 -36 -16 
4 5 30 -1 -6 -3 20 21 
-1 6 27 -9 1 -3 -11 -36 
6 -10 -38 -13 -6 -1 7 14 
8 34 3 -1 -3 -3 -8 12 
-2 -3 18 23 5 7 7 -44 
-30 -14 -17 -10 -3 -4 -23 2 
1 -2 31 12 -1 -1 2 -18 
0 -11 -42 -29 -6 -3 7 -4 
-29 -24 58 9 -5 -6 2 6 
47 12 29 16 2 4 -9 27 
-9 -10 4 12 0 -2 -5 -28 
-23 -19 -31 -9 -4 0 0 6 
-20 1 -38 -11 0 -1 7 -7 
14 -21 -27 -12 -5 -3 -6 -12 
6 0 8 11 -2 -3 24 13 
-2 43 32 0 0 -2 -22 8 
6 -13 -12 -4 -3 -3 3 4 
-3 2 -18 -3 1 6 -17 -17 
8 -7 -2 18 -1 0 11 2 
-25 -18 0 -17 -3 2 0 18 
27 13 -5 4 1 6 15 12 
-19 -6 6 -10 -5 -9 -34 -31 
22 6 -25 6 3 5 19 44 
-19 -21 -20 -2 -9 -5 10 -11 
3 -12 2 -2 2 -3 -13 -4 
-15 -22 31 17 0 -3 -18 -12 
3 -12 -63 -37 -8 -2 8 -15 
12 4 27 0 1 -3 -22 -1 
-11 9 -23 -14 -1 -2 7 -4 
0 -3 -9 10 -2 1 -7 -29 
-4 10 5 -2 -3 -8 10 13 
11 -15 3 -9 -4 -1 29 10 
-40 -39 -2 -3 -7 -5 -17 0 
20 21 18 9 11 11 22 33 
-45 11 30 -19 -9 -4 -14 -43 
1 -7 -14 14 5 0 -34 -46 
11 1 -3 10 2 -1 34 40 
-32 -8 -31 -24 -14 -1 9 -21 
30 4 4 20 5 -2 -8 7 
0 -27 0 6 1 1 8 8 
8 -6 24 20 -3 -10 -30 -15 
21 18 40 6 12 10 35 33 
-19 -53 -85 -18 -9 -10 -11 12 
4 24 5 22 5 1 -13 -21 
1 5 22 -38 -8 -3 -5 -10 
9 8 25 13 4 -2 10 48 
16 -4 31 9 3 0 -13 -45 
-4 -9 -69 -60 -15 -2 5 25 
-24 -10 -36 31 -4 -2 -12 -19 
-11 -2 10 4 -11 -7 -7 3 
2 16 -3 -6 7 4 -28 11 
10 -7 43 37 7 1 11 -7 
35 27 -38 -21 -2 11 21 40 
-18 -23 -42 -9 -4 -13 4 7 
-12 -2 1 -2 5 1 -12 -32 
22 38 36 -4 -6 -4 5 2 
-51 2 -11 13 8 -2 -27 -28 
37 18 -28 -15 0 1 11 33 
-50 1 -13 -8 2 -2 -3 -34 
4 19 51 23 -6 0 3 22 
-9 22 16 -48 6 5 8 -20 
25 -21 -14 43 -13 -3 -9 24 
9 26 -8 -20 11 3 0 -27 
-12 -20 -16 -1 -2 -5 -8 -16 
34 -10 -19 1 -4 -3 5 43 
-18 7 8 -3 5 2 -16 -46 
6 -1 0 25 1 5 12 82 
-70 12 -23 -23 -1 -6 -18 -95 
16 -25 1 -2 -4 -1 -9 26 
-29 -3 -17 -2 1 2 19 -25 
-7 -5 1 -27 -6 -6 -58 10 
65 -21 23 55 2 -1 64 72 
-31 0 -41 -44 0 5 2 -8 
-14 -27 29 -3 -12 -19 -67 -30 
49 44 27 24 2 13 96 59 
-43 -30 -31 -12 -4 -2 -41 -67 
18 3 37 16 5 4 29 7 
24 30 1 -33 4 -10 -8 73 
-3 -5 -19 -4 -8 -5 -9 -11 
24 -31 1 2 -4 -9 -16 -58 
1 16 -41 4 -8 -6 26 -27 
-16 11 55 -5 -1 4 -77 -28 
12 2 11 10 -2 2 65 70 
18 -10 -1 -21 -1 -1 -40 -19 
-90 -39 2 12 1 1 43 -24 
25 34 1 0 -3 -5 15 -18 
-3 -15 -4 -15 -5 -5 -8 -9 
-40 -17 26 8 3 5 8 45 
32 12 17 11 4 -1 -32 12 
-4 -23 -29 -8 -6 1 35 -51 
-1 26 -5 3 -3 -6 -24 -42 
1 -20 -23 -6 6 1 -17 18 
33 -7 26 8 -8 -8 -5 39 
-15 2 -7 10 7 9 35 5 
2 -10 7 -3 -4 -4 -30 -12 
-11 48 7 -11 -4 1 27 23 
24 -10 -41 1 -1 -1 -17 10 
-11 -18 10 -21 -3 0 16 25 
-6 -18 7 13 -1 -4 -14 -51 
-5 12 9 -5 -4 -3 -27 -33 
0 22 55 16 0 3 26 66 
-6 -8 -49 -33 -6 -5 -14 -59 
3 9 13 25 4 2 -8 27 
-13 -28 -67 -22 6 -3 10 -5 
40 21 74 7 1 9 -10 15 
-14 -15 -46 -6 -15 -18 -40 -65 
-9 10 34 6 -1 5 10 10 
-2 -8 20 5 2 2 -2 8 
4 5 10 9 12 0 -25 -32 
8 25 -24 24 -7 4 29 21 
-20 -12 -46 -46 -19 -8 9 -8 
31 32 -12 -29 10 17 16 40 
6 -11 -32 18 -1 -7 -9 -32 
-8 -2 70 6 1 4 8 39 
4 -15 -49 8 14 -9 -17 -17 
-4 -6 20 49 -14 -9 -24 -15 
-50 -5 36 -25 -2 0 24 -11 
60 16 -5 -21 6 9 9 17 
19 -24 -15 44 -3 -8 -8 15 
7 -6 17 6 0 1 9 15 
36 3 -37 -77 -11 -12 -37 -8 
-57 -15 16 14 8 2 35 4 
40 -3 14 -42 -12 1 2 32 
-71 1 -10 41 6 -1 7 5 
13 -1 -2 24 -11 -4 -22 -7 
2 20 3 -63 -6 0 1 -35 
-10 -14 -23 11 -2 -2 -5 -31 
34 10 28 11 7 2 5 33 
5 4 10 41 5 1 -11 -11 
-10 -30 -20 -1 -3 -3 -13 20 
-11 -3 18 7 -3 -5 -1 -4 
-3 12 7 -13 1 2 2 14 
14 10 18 5 0 -2 18 -8 
44 -16 -11 5 -11 -7 -10 37 
-49 12 -6 -22 0 -3 -6 -86 
22 -10 -1 -14 0 1 0 31 
-30 -13 -25 -6 4 -3 -1 -37 
8 1 -22 5 2 1 3 36 
17 -7 40 5 6 8 1 -24 
-28 14 -34 -24 -11 -16 -11 -38 
-4 6 -57 -5 0 2 -2 8 
24 2 63 29 2 1 -5 41 
-32 -22 -17 5 2 1 1 -16 
5 0 -12 -24 3 -5 7 -3 
-2 -3 18 8 -6 0 0 -3 
-10 -32 -60 3 1 -3 -12 -18 
-5 14 11 -6 2 1 2 25 
6 7 34 5 -1 -2 -3 -2 
-2 -12 -17 -3 -2 -1 -1 -14 
-15 -7 9 -1 -2 -3 1 -4 
-18 -15 -23 7 -5 -2 -4 3 
48 17 34 9 3 2 -6 -18 
-7 -7 -7 6 -6 -2 2 55 
-45 3 5 -8 4 -2 -3 -43 
32 -4 -11 -5 -6 -6 -3 -11 
-7 -3 10 9 -4 2 5 9 
-16 12 19 -4 -2 -1 -9 -36 
18 -3 -18 0 0 2 7 29 
-7 10 19 1 3 -2 -1 13 
1 -13 -26 -19 -12 -9 -17 5 
-4 -11 -5 -14 4 1 -1 -28 
-8 1 -11 9 -1 1 14 -1 
-24 17 28 -3 -2 0 6 -9 
9 -22 -9 -5 -2 0 -7 14 
12 5 -12 16 4 1 -4 19 
-12 2 10 -13 -2 -5 -8 -21 
6 0 -9 7 -3 -2 -10 -2 
-14 -6 -6 10 -2 0 10 -23 
-1 3 2 -13 -1 -3 -5 3 
-8 16 -20 2 -1 3 2 -10 
-1 -4 -20 2 0 2 2 21 
-6 12 -32 -9 5 -1 2 2 
-13 -19 -12 -3 -3 -4 -5 -27 
48 25 46 12 -3 -4 -8 41 
-15 -13 -12 -21 -4 -2 9 13 
0 1 3 18 3 4 3 -20 
-11 -9 -33 -27 -8 -6 -3 13 
-27 -18 4 -4 -4 -3 -4 -9 
31 24 3 8 2 -7 -11 -17 
5 11 -7 -25 -14 -3 0 -7 
-9 -7 -1 0 1 0 3 -11 
-2 0 6 -3 0 2 -1 7 
21 -3 8 1 2 3 4 45 
-35 -6 -25 -9 0 2 4 -39 
29 6 22 4 -3 -2 1 43 
-61 -11 -24 -8 -10 -13 -14 -54 
1 -14 -1 -7 -6 -1 0 1 
13 0 2 -4 -3 -2 -3 4 
3 1 -6 -14 -2 0 2 9 
2 2 14 16 9 6 6 -9 
-10 -2 17 10 0 4 4 15 
15 -6 0 -29 -3 -3 -11 19 
15 0 -16 -8 -9 -9 -2 -12 
13 -10 0 4 -2 0 3 -2 
-10 2 0 -4 3 -1 -4 -8 
-1 6 23 18 3 1 3 11 
-3 1 2 8 2 2 -1 -1 
13 4 11 -2 4 3 4 28 
2 -6 2 -14 -11 -4 -2 -26 
-8 -4 3 4 -1 -2 1 8 
-16 -11 0 5 -3 -5 -4 -26 
8 6 24 2 2 -2 -2 1 
-4 -20 -13 -4 1 0 -1 6 
5 -4 3 -7 -5 -3 -3 7 
-3 11 2 2 1 3 7 -7 
13 6 10 0 1 0 -6 2 
16 -3 9 -2 -3 -3 -2 10 
-18 -10 -36 -1 0 -5 -1 -9 
-19 -6 -3 -12 -7 2 -7 -29 
7 -8 -10 -3 -2 -1 1 -5 
-12 12 25 1 3 0 -2 -2 
8 -2 -10 5 -1 2 11 19 
7 5 2 2 1 -4 0 14 
6 -21 -26 -10 0 -3 -11 12 
10 15 19 15 6 4 8 -13 
-12 -9 -12 -13 -3 -6 -11 -6 
-13 -4 -8 -11 -2 -1 14 -12 
9 -24 -7 -10 -7 -8 -8 -9 
-5 -2 0 8 1 4 14 10 
8 0 11 11 2 -10 -12 -12 
7 6 11 2 5 14 15 23 
6 3 13 9 4 -8 -22 16 
-22 -4 -56 -29 -13 -14 -17 -63 
4 -12 -2 22 2 8 13 18 
-14 -7 2 -36 -13 -15 -17 -1 
-11 33 10 13 4 10 18 -2 
14 2 -21 -16 -2 3 -6 33 
-5 18 5 2 3 4 11 -8 
19 -12 15 20 2 -3 -12 -81 
-7 -3 2 -12 0 1 -2 -7 
-2 5 4 9 0 -4 3 19 
-4 29 -3 -10 4 3 8 3 
9 -1 4 3 -8 -6 -2 51 
-21 -16 -36 -20 -10 -5 -14 -33 
16 -3 14 6 1 3 8 11 
-4 -19 -1 2 0 -2 -10 -5 
-53 0 14 7 4 2 -1 -1 
14 -2 1 -3 -1 0 4 12 
-14 2 -7 0 -4 -6 -7 5 
19 -2 9 -1 -3 -1 -1 -15 
6 6 -6 1 3 1 -10 11 
-24 -11 -9 4 -2 0 8 -3 
-12 1 -9 0 6 6 5 -1 
6 17 44 12 5 5 -23 33 
23 -8 -29 1 -9 -11 17 -32 
1 -10 -16 -1 -4 -7 -9 22 
-18 -2 1 -19 -8 -7 1 -57 
-1 -26 -8 -4 -2 -2 0 27 
-5 19 7 11 8 6 13 16 
13 25 22 7 6 7 -8 -2 
15 -4 4 4 -2 -2 3 21 
-20 -6 -7 -3 -1 -4 -4 -11 
-11 -9 -29 -5 2 3 -6 7 
29 3 15 14 0 -3 8 -9 
-22 5 -9 -22 -18 -8 -17 -10 
-1 -6 -6 4 -5 -3 1 -18 
-4 -10 -14 -1 0 -3 -6 2 
6 6 20 10 3 2 2 19 
18 -9 -17 -2 3 -2 3 12 
-6 -1 -13 -8 -4 -5 -1 -5 
-2 11 38 11 0 1 1 32 
-18 -4 -31 -11 1 2 0 -48 
-7 -11 -13 9 6 -2 -10 12 
23 13 24 7 2 6 7 19 
3 -27 -39 -32 -13 -13 -20 -23 
-50 -20 4 2 -3 -2 1 -34 
2 13 8 6 1 0 -2 10 
9 3 -8 10 -1 5 27 17 
17 26 16 3 4 -5 -27 -6 
3 -3 -13 -15 -7 2 -5 30 
-14 -17 -1 -2 -2 0 25 -20 
22 3 1 -7 -3 -2 -9 4 
-28 -8 5 0 2 0 6 -17 
-4 -3 -13 -2 -6 -7 -1 -17 
-2 0 -2 0 0 0 -7 12 
11 17 14 20 14 4 -4 21 
-1 -6 -23 -11 -11 -2 2 -43 
-12 -29 -17 -2 2 -6 3 24 
-19 -6 -7 -12 -8 -6 -10 -12 
-6 6 21 3 -2 -2 -3 -13 
9 2 -5 5 5 2 -1 26 
-16 13 8 5 5 6 11 -11 
34 -17 -24 1 -1 -1 -15 16 
-34 -21 -17 -27 -13 -9 -10 -23 
-3 6 18 6 -3 -4 -1 -22 
24 0 -1 -6 -4 1 5 6 
-4 7 16 14 10 -3 -6 11 
-2 -2 7 -13 -11 -3 -14 -43 
15 -17 -12 0 4 0 -1 34 
5 -29 0 -1 1 2 12 8 
11 2 14 7 -2 0 -5 17 
-18 -6 -22 -7 -1 -1 0 -35 
5 32 56 5 6 4 7 40 
-3 -13 -26 15 -3 -9 -10 -36 
7 8 27 -8 -5 2 -2 -7 
-1 -5 -12 -7 -4 -4 3 3 
11 4 9 -1 -1 4 12 -4 
-9 11 6 -2 -2 -6 -15 18 
13 10 26 10 4 3 5 -8 
2 -23 -15 12 2 4 11 17 
-1 29 -6 -17 -7 -12 -22 -19 
-22 -21 -33 -18 -8 -5 -3 3 
-17 -11 -1 -3 -6 -2 -3 -43 
16 -6 -1 -4 2 -1 -5 9 
-7 -17 -19 17 11 9 19 10 
12 22 39 9 -5 -3 -16 25 
4 0 -17 -12 0 -1 -5 -45 
1 9 -5 4 -2 -1 -3 33 
-33 -23 -10 -20 -9 -4 -3 -25 
-10 -8 -13 10 2 0 4 -3 
1 6 5 -3 -1 -2 7 22 
8 7 -10 -6 -2 -4 -3 -3 
16 5 22 10 3 1 -2 16 
3 -9 -16 -6 1 3 7 -1 
-2 -14 5 -10 -4 -3 4 32 
-5 -2 -29 -4 -4 -6 -11 -47 
-14 -5 -3 -14 -7 -4 -10 -8 
5 0 7 4 0 -2 1 -10 
4 13 -2 3 1 2 0 10 
-9 -1 25 0 -2 -2 3 6 
-1 12 -7 10 3 2 8 23 
52 1 -12 -10 -5 -5 -5 -1 
-39 -12 -7 -7 -3 -6 -12 -17 
3 14 43 8 5 4 17 -7 
-32 -12 -21 -8 1 4 4 -13 
8 15 15 -9 -8 -7 -9 10 
-19 2 2 12 0 -4 -11 -9 
-10 -5 -10 -7 -3 3 9 -9 
16 -12 3 7 -2 -4 -14 5 
3 12 6 -4 4 4 10 14 
3 -20 -3 0 1 0 -3 -32 
8 43 22 12 7 0 -2 28 
-4 -22 -23 -10 -11 0 3 -11 
-10 -2 -10 -27 -6 -1 15 -15 
-2 -12 -32 -20 -10 -8 -10 30 
-3 -3 15 15 4 -3 -7 -19 
21 3 6 6 -1 -2 3 8 
-6 6 3 14 6 1 -8 4 
12 7 42 15 7 7 13 49 
6 -16 -47 -20 -9 -2 -5 -47 
-15 1 -5 7 -2 -3 -9 -14 
-15 -4 -2 -11 -2 -3 -9 -50 
3 11 -7 4 -1 0 6 0 
4 -24 -4 -7 -4 -4 -4 33 
4 -7 -10 2 -3 -2 1 -2 
-5 5 6 4 2 2 -1 -1 
7 49 19 4 4 3 2 8 
0 14 -15 -6 -3 2 0 -6 
-5 -8 -5 -6 -2 -8 0 9 
0 -2 7 2 1 -1 -19 -24 
13 -4 -8 0 1 4 11 27 
-33 -1 -2 -5 -6 -9 -6 -22 
16 4 17 6 5 -4 -9 -21 
-23 -7 -21 -12 -4 -2 4 12 
23 -15 -18 5 1 1 0 -3 
-5 9 23 6 0 -1 -5 -6 
-6 0 -3 2 -2 4 6 12 
-5 13 56 13 7 2 4 1 
-11 -26 -50 -27 -10 -4 -5 -6 
17 -1 -12 5 -10 -10 -8 5 
-13 -11 -17 -10 -4 -4 -8 -6 
-13 2 16 6 1 2 4 -6 
0 10 14 -3 2 2 2 -5 
1 -10 -6 -12 0 1 2 11 
5 11 0 7 5 2 1 6 
16 23 10 32 10 6 1 7 
-15 -19 -10 -22 -10 -5 1 11 
-19 -42 -33 -12 -9 -3 5 -14 
8 40 -11 -8 -6 -4 -8 -4 
-13 -19 -6 -3 -3 -6 0 -2 
0 9 15 12 -1 -2 -11 -11 
11 10 25 15 8 7 9 14 
9 -6 -9 -3 2 2 5 15 
-18 -12 6 -4 -5 0 4 24 
8 5 -37 -21 -5 -1 1 -14 
-2 -20 11 3 -4 -7 -22 -71 
2 -7 1 1 -3 -2 1 -9 
7 9 -19 -6 0 -4 -4 2 
-15 -11 5 6 3 0 6 9 
-1 7 -4 -3 1 3 8 29 
10 6 34 10 4 1 -5 -11 
-1 6 -32 10 -6 -1 -17 -6 
-18 -15 -26 -37 -11 -6 25 21 
5 -5 -17 -22 -9 -3 -8 -21 
-1 -4 27 14 -1 0 -4 10 
10 5 28 11 5 5 6 -5 
5 5 -18 24 4 0 -11 0 
-10 37 22 -15 -3 -2 1 13 
-22 -22 -1 -11 -5 -7 2 -16 
-16 -17 -24 -9 1 1 -2 19 
13 19 21 19 2 -7 -15 -18 
1 -13 -11 -2 -2 1 0 -6 
8 10 12 2 1 6 -3 18 
15 -20 7 -3 0 2 14 -33 
-14 -28 -4 -1 2 -5 -5 12 
2 -9 -19 5 -2 1 3 16 
-20 -2 3 -7 -6 -6 -5 -8 
13 -2 -16 -12 -3 -2 4 43 
-1 16 35 11 4 5 -2 -51 
0 2 15 26 9 4 0 10 
5 -11 -39 -21 -6 -6 5 2 
2 -4 -4 -14 -11 -9 -13 20 
-13 -8 -6 6 0 0 1 -33 
-23 3 8 -3 4 1 -3 -2 
7 19 7 17 9 9 3 -7 
5 -10 11 -9 -2 -3 -5 -6 
6 -14 -5 -5 -14 -3 6 18 
8 1 8 -4 -4 -7 -2 8 
-2 -13 11 -6 -3 -3 2 2 
16 8 12 5 0 1 -1 -10 
-12 4 5 13 8 6 -3 67 
28 -4 0 -15 6 7 21 -59 
-29 -37 -49 -9 -16 -15 -26 -25 
2 3 7 -1 -2 -2 1 5 
13 -11 2 3 3 -2 -7 -16 
3 1 2 -2 -8 -4 -2 52 
7 8 15 5 8 3 5 10 
-15 -18 -71 -25 -6 -4 -6 -42 
-20 3 7 2 -5 0 -11 -37 
5 -6 -8 1 -1 -1 5 30 
7 3 1 2 1 3 6 -7 
2 5 28 8 -5 -6 -9 17 
6 14 3 3 5 0 1 -6 
-4 -30 -45 -9 -7 -6 -5 -17 
-29 2 2 -3 -2 1 1 15 
13 -7 -9 6 2 1 5 0 
6 -1 15 -8 -3 -3 -8 -14 
-8 12 -2 6 2 4 1 45 
13 -21 -9 -3 1 -1 -4 -42 
-26 -4 -10 -3 -2 -7 -2 -28 
12 4 2 2 -1 -6 -3 7 
0 9 -4 1 2 -1 -4 -5 
7 12 10 8 3 4 9 27 
-6 6 5 -1 1 5 4 -1 
5 7 -2 5 2 2 5 14 
6 -14 -23 -4 -2 -4 -5 2 
-15 -3 6 -10 -8 -5 -9 -26 
-2 -7 4 -4 -4 0 -1 -3 
-6 4 3 -2 -3 -2 -1 -8 
-6 12 12 4 2 -2 -4 1 
18 38 0 10 9 5 1 6 
-1 -33 4 4 1 3 8 2 
-20 0 12 -5 0 4 3 -2 
-9 -3 -14 -17 -8 -5 -13 -16 
16 -17 -20 -5 -8 -9 0 5 
-17 6 5 7 2 -1 1 2 
1 -1 1 0 -1 -1 2 -7 
-3 22 20 7 4 3 3 -7 
9 13 13 0 2 2 3 28 
0 9 -7 5 5 -3 -3 -23 
-8 -39 -73 -38 -16 -12 -11 5 
12 -6 9 2 -7 0 0 8 
-28 -13 -2 8 -2 0 -4 -27 
-11 6 -11 -19 -8 -7 -18 -35 
22 6 30 4 4 0 10 12 
-10 -8 -7 7 4 0 0 5 
10 -14 -18 -15 -7 1 -1 19 
-15 7 -1 1 0 3 15 27 
15 -3 3 4 1 -1 -15 -27 
-3 -5 13 5 3 0 0 17 
-12 -10 0 2 7 0 3 -15 
10 24 -5 0 -6 2 0 -2 
-7 -9 2 0 -6 -4 -3 -8 
4 7 -7 -2 1 1 1 -5 
7 -1 -4 -3 -2 -4 -6 9 
16 16 11 1 5 1 5 24 
11 9 -24 -6 -2 2 4 12 
-10 18 19 2 -3 -1 -4 -34 
8 -10 -45 -7 1 -5 -6 -4 
-35 -12 20 -8 -6 -4 10 -16 
7 9 21 -15 -3 -1 -14 12 
-1 -12 -13 -1 0 -3 -2 2 
-1 12 13 4 -1 4 2 5 
10 -11 -14 5 -2 -1 0 6 
15 -18 -8 13 -1 0 8 16 
-28 -9 -15 -13 0 -6 -12 -33 
4 13 8 -4 -1 1 2 3 
-8 -16 -4 4 0 3 -8 -18 
-6 20 42 11 5 2 2 1 
4 -5 -35 -4 1 3 4 56 
11 -1 -21 -6 -9 -7 -2 -34 
-7 -33 -26 -30 -10 -7 -14 -13 
-22 -5 -10 9 0 -2 -2 -26 
6 3 32 0 1 -1 3 9 
-17 -1 9 15 5 2 -1 0 
12 10 1 1 2 3 9 22 
19 -7 -9 -12 0 2 1 38 
-22 -4 4 -8 -2 -5 -20 -83 
12 -3 7 13 4 3 25 55 
9 5 17 -2 -5 -4 -7 -28 
-29 6 -16 0 -1 -2 -3 -45 
6 -18 30 2 -2 -1 -11 21 
10 7 17 -3 -1 1 -8 -1 
9 11 20 11 5 3 4 20 
-19 -16 -49 -6 -8 -9 -5 -6 
-13 4 -7 -5 -1 2 10 9 
18 -1 8 -3 1 -1 -7 -14 
3 -6 -6 8 -3 -3 -5 -6 
-13 -4 1 -25 -2 0 1 -19 
2 6 -27 -3 -6 -4 6 12 
-10 -23 6 -3 2 -1 -8 0 
-2 14 -12 12 7 2 6 -4 
-18 4 24 -2 -8 -8 -12 -24 
4 -2 -30 -3 1 3 4 7 
5 2 5 -12 -11 -1 3 30 
-23 -19 -38 -10 -8 -11 -23 -24 
-1 -3 -15 0 5 3 24 18 
-1 10 37 25 0 -1 -2 -28 
-2 -8 5 -12 6 4 -5 -10 
-15 -2 -10 -14 -7 -3 0 3 
26 -19 5 -1 -1 0 2 54 
-27 3 6 2 -2 -2 4 -49 
