#EMG
#4
#ID:4-69
28 6 14 7 3 -1 2 37 
-15 -6 0 2 -1 -3 -14 -15 
8 13 8 1 -2 1 22 20 
-15 -5 -7 -4 2 -2 4 5 
13 16 12 1 2 2 14 14 
15 -6 -3 -5 -3 -7 -23 -21 
-40 10 5 0 1 -1 -9 -10 
-4 -15 -3 -4 -4 2 -6 -13 
8 1 -24 -4 -2 0 8 8 
-6 3 15 1 1 0 9 30 
4 -11 -2 -6 -4 -7 -13 -29 
-4 0 -3 -5 -6 -5 -1 -24 
-11 -7 17 3 1 3 -11 -10 
9 -1 -24 -5 -2 -3 7 1 
5 -8 -13 -2 -1 -2 -9 11 
4 10 28 9 1 -1 2 5 
-6 -16 -14 -3 -1 -2 -5 9 
-15 -3 2 1 0 0 2 -28 
8 -5 -13 -8 -2 0 0 13 
-18 4 -2 2 -3 -3 0 -27 
1 8 32 3 -1 0 -2 -17 
15 -4 -31 -1 -2 -3 -5 24 
-4 -6 -8 1 -2 0 -8 -25 
-10 19 27 0 -1 1 8 10 
6 7 5 1 -1 2 -2 6 
-3 -7 -8 3 2 3 8 0 
-11 -5 13 -7 -1 -2 -13 -1 
16 -6 -24 -8 -4 -5 -4 6 
-5 1 -1 2 -3 -4 5 26 
-12 -1 20 2 4 2 0 -12 
20 -12 -31 -4 -3 0 -1 -3 
-4 -6 -3 4 1 -1 1 -3 
5 -1 1 2 4 3 1 -4 
-1 -6 -7 -5 -5 -5 5 12 
-11 -4 12 1 0 -3 4 5 
11 14 3 1 3 0 -1 15 
-17 -16 -1 -1 -3 -3 15 -22 
6 -8 -10 -7 -1 -2 -17 13 
-13 -3 -4 -1 -5 -3 2 -24 
-12 -9 1 2 -2 -3 -5 9 
12 4 -4 0 2 -1 -8 -1 
0 -1 5 1 -1 0 5 -5 
7 8 3 1 2 2 -11 17 
8 -7 1 -5 -5 0 8 -4 
-22 -14 -23 -2 -3 -3 -8 -3 
2 -7 -9 -4 -3 -2 4 5 
6 0 4 0 -1 -2 -8 -25 
-1 12 53 7 4 4 13 6 
6 -8 -29 -7 -3 -4 -7 -10 
5 10 2 0 -2 -3 -19 11 
-12 -5 -8 -1 0 1 3 11 
6 -8 -7 0 0 -2 -2 -10 
1 18 15 -4 0 -1 -2 -1 
-15 2 13 3 1 1 4 -2 
7 -8 -15 0 -2 -2 -5 -5 
-21 -21 -20 -7 -4 -3 0 7 
10 19 12 -3 -3 0 -7 -17 
-8 5 -8 -3 0 0 1 -4 
27 8 8 -7 -2 1 3 51 
-19 -2 -1 11 5 0 -8 -61 
0 -6 6 0 -3 -5 5 11 
2 0 2 -2 -2 -2 -3 -12 
-9 -4 -6 0 2 -2 17 9 
24 16 15 -2 -2 -1 -3 23 
-7 -4 -25 -2 -1 0 -14 -2 
3 -8 10 1 -5 0 3 -8 
-31 2 -9 -1 -4 -4 -10 -20 
6 -8 1 -1 -1 2 10 34 
-19 -9 -46 -6 -4 -4 -4 -57 
5 -3 8 -1 0 1 3 10 
1 -2 -10 -6 -2 0 -6 -13 
1 -5 -8 -1 0 0 -15 -4 
7 4 14 0 -1 0 29 32 
-1 8 23 6 3 2 4 -10 
-1 -3 -8 -7 -6 -4 -9 -10 
4 -16 -31 -7 -5 -2 4 21 
10 -12 31 -4 -1 0 -14 -13 
-14 -9 -17 5 0 -1 1 0 
-2 3 30 9 0 2 -4 -4 
6 -8 -36 -9 -6 -3 3 13 
-10 0 15 0 1 1 -7 -2 
-2 11 5 -3 -2 0 8 1 
13 -4 -1 -2 1 -1 -4 -6 
10 2 -16 2 -1 0 -4 6 
-4 3 8 -1 -1 0 -12 1 
-3 -6 -3 3 -1 -1 13 -5 
-2 9 0 2 0 1 6 15 
-4 -2 18 1 0 -3 -5 -13 
-5 7 13 6 3 0 -2 -5 
3 -6 -12 -8 -3 -1 -11 12 
-7 1 -18 6 3 0 0 -9 
-3 7 33 1 0 0 4 -11 
3 -11 -36 -6 -7 -3 -13 -1 
2 8 22 -3 -2 2 15 31 
-4 -21 -29 2 -2 -5 -12 -21 
-21 -9 -22 -10 -2 -2 -1 -12 
3 -3 19 4 0 1 5 9 
-5 -1 -18 -5 -3 -3 -8 -4 
2 -5 -1 -1 -2 0 11 10 
2 5 24 2 0 -2 0 0 
30 19 1 9 3 -1 -3 14 
-12 -22 -25 -10 -4 -1 0 -36 
-10 5 14 -2 -2 -2 -10 -10 
5 -11 -21 -3 -3 0 3 4 
-4 8 0 -4 -3 -5 -3 16 
19 -1 7 4 1 -1 -10 2 
4 1 21 -1 -3 0 16 -46 
-25 3 -6 -10 -2 -7 -21 -10 
-2 -15 -50 -5 -7 -1 2 -9 
1 0 -3 1 0 -1 -12 -6 
-9 0 12 -1 0 0 13 16 
5 11 4 -2 -2 1 26 14 
-2 1 20 5 1 0 -2 -3 
-2 -1 -5 -9 -2 -5 -7 -1 
-23 -14 -12 1 0 0 -5 14 
24 3 10 8 6 3 -11 -34 
-22 -13 -5 -5 -5 -4 -1 -8 
3 12 32 11 2 1 12 3 
18 4 12 -3 -2 -5 -12 25 
-33 -13 -26 -2 -3 -5 -12 -18 
-5 -6 7 -4 -5 -4 0 -3 
6 4 -30 -2 1 -2 9 30 
-12 4 26 -2 -2 -3 -18 -68 
9 -1 2 -4 -3 2 10 24 
5 8 -6 2 1 3 9 8 
-7 -2 -9 -3 -3 -1 -14 -22 
16 1 23 4 -1 -1 3 29 
-22 2 -31 -9 -4 -4 1 -6 
7 -30 10 0 5 2 -4 -17 
-4 -2 -6 -4 -3 -6 -5 -1 
0 -4 -4 -1 0 1 13 10 
16 13 13 3 -1 -1 1 -4 
-7 4 -11 -9 -3 -6 -17 7 
-5 -14 -28 -2 0 5 -2 -1 
15 4 27 -1 2 2 1 12 
-12 2 0 4 -1 -2 12 4 
8 -1 -11 -9 -1 -4 -1 -4 
-23 8 23 7 2 -1 -2 -6 
-3 -3 -51 -2 -4 -1 -8 11 
6 3 20 1 -1 2 1 3 
-1 7 2 -3 -2 0 1 16 
-7 -13 -9 -9 -2 0 2 -6 
14 -7 5 1 1 1 9 -12 
7 5 -10 6 2 -3 -33 14 
19 3 -22 -8 -4 -2 -10 -12 
-12 -6 -4 -1 -1 -3 2 0 
-15 -6 -7 -3 -1 1 -7 -2 
18 -6 0 -1 -1 2 19 27 
-7 3 10 6 1 -1 0 -32 
6 3 8 0 -1 -6 -11 -14 
-6 -4 -5 -2 -4 -6 10 20 
17 -5 -11 -3 -1 -1 -8 17 
-29 -1 19 4 3 2 -11 -52 
5 7 28 3 -1 2 22 18 
-7 -18 -21 3 -1 2 -6 -6 
-16 2 8 -2 -4 -13 -18 -22 
20 4 -1 1 -3 -2 8 21 
-4 -4 -12 0 -2 -3 -5 5 
2 24 4 -5 -2 -2 -13 -41 
-2 -8 -1 2 0 3 25 8 
4 5 -4 2 3 3 6 30 
3 -4 0 -1 -2 -6 -1 -16 
10 0 3 0 -2 -2 -5 19 
-17 -9 -24 -11 -4 2 0 -15 
-6 -3 26 3 3 1 -6 6 
-1 1 -4 1 -2 2 0 -1 
-1 1 -8 -4 -1 -1 0 4 
4 9 6 0 0 -2 -14 -13 
-3 5 0 5 -2 0 9 4 
9 8 11 0 -1 -1 -10 3 
-3 -4 3 -3 -2 -4 -15 -2 
-1 -2 -4 3 1 2 20 21 
-8 -2 -18 -2 -3 -6 -9 -40 
-11 -5 -2 -9 -3 -3 2 -3 
-4 -4 -26 -2 0 1 1 3 
-20 -3 49 3 2 1 -28 -12 
-2 6 -34 -10 -4 -2 21 23 
0 -11 6 2 1 3 -5 -7 
-4 -1 -16 -11 -5 -4 5 1 
4 12 21 -2 -1 0 -7 -2 
9 -18 -30 2 0 -4 -4 7 
-32 -4 0 3 3 -4 0 -4 
6 -15 10 -3 -1 -4 0 5 
0 7 -13 -3 -2 1 12 -10 
-13 -2 9 3 7 2 -4 17 
23 7 14 2 -3 1 -5 3 
-6 -7 -45 -12 -5 -2 2 0 
8 -2 -15 -5 -2 -4 6 3 
-7 -11 57 4 -2 2 -4 -18 
1 -4 -29 1 0 -1 -3 8 
-2 2 8 16 -1 -3 5 18 
7 2 2 2 -3 -5 -20 -29 
13 4 -5 -13 -10 -5 9 23 
-2 -10 -18 -6 -2 2 18 -13 
-7 4 24 2 -3 -4 -18 -10 
-11 -2 -28 -4 3 1 3 19 
-8 18 26 21 4 4 -16 -14 
0 -13 -2 -16 -5 -3 9 8 
6 17 12 -2 0 0 10 24 
21 -19 -19 10 4 0 -23 -60 
-1 -1 10 -13 -4 -1 12 18 
-24 -24 -41 -5 0 2 -11 -6 
-3 6 -5 14 4 2 1 -2 
-2 6 27 6 -1 -4 -7 7 
9 -7 -6 -2 -1 6 14 8 
17 14 11 2 1 -2 -6 19 
8 -1 -9 -1 1 0 -8 -6 
-33 -13 18 -6 -3 0 8 -31 
3 -2 -10 -13 -2 -4 -16 -7 
21 -3 12 -5 -3 -3 1 13 
-3 -7 -4 4 3 4 -22 -28 
11 -7 -12 -1 -5 -3 41 49 
-12 0 -12 -4 1 -6 -1 -7 
-6 4 9 18 -4 0 -9 -20 
6 5 28 -26 -1 0 16 17 
-5 -14 -17 -1 0 -2 -13 -15 
-32 -13 -30 -12 -5 -1 -9 -27 
9 -2 -2 3 3 -7 -8 -11 
2 -11 13 7 2 1 11 27 
-6 41 47 14 4 5 -6 13 
5 -5 -18 -5 -3 -5 2 -23 
5 27 6 4 -1 0 -20 -3 
-9 -20 -21 -6 -6 -5 14 -15 
13 -2 9 5 -1 -1 17 25 
0 12 -12 3 1 2 6 13 
1 -9 -3 -18 -5 -9 -17 -17 
0 -10 -16 -10 -7 -5 14 15 
6 5 -36 1 4 4 -2 -8 
3 7 0 12 3 0 -15 -10 
-16 1 18 -19 -4 3 35 31 
-22 -9 -5 14 3 0 -33 -9 
12 -14 -11 -8 -4 -2 -18 -24 
20 15 -8 -19 -2 -3 14 41 
-16 -23 -19 8 1 -4 -13 -3 
-15 -8 -7 0 -3 -6 -16 -56 
-5 14 -4 3 -3 -3 -11 30 
25 1 18 -20 -7 -4 11 -1 
-3 -5 3 18 2 -2 -2 -15 
1 25 21 -25 0 2 17 11 
8 -6 -9 9 2 1 -33 -29 
-16 -18 31 -1 1 4 10 18 
-8 7 -16 -14 -4 -1 5 8 
-18 17 -14 -2 2 1 6 14 
-1 -47 -2 4 -11 -7 -26 -3 
4 -6 2 -3 1 0 -5 -35 
-20 38 -10 27 0 -3 -14 -23 
28 6 49 -21 5 0 1 33 
-3 5 22 -2 1 -1 6 17 
-24 1 -33 5 -7 -5 3 11 
14 22 9 -3 2 5 8 -29 
38 13 12 10 1 4 1 -17 
-24 -17 32 6 4 0 32 7 
0 13 0 11 2 1 -35 12 
1 8 0 0 -2 -5 -23 -12 
-3 39 15 9 6 7 -54 -10 
17 -15 -17 -35 -3 -7 56 12 
-27 24 42 11 -3 -3 -27 -31 
0 -14 -13 -9 -5 -3 3 32 
-3 -62 -47 -12 0 -4 -17 -35 
-13 18 -80 -15 -8 -11 -12 18 
0 13 65 -5 3 9 11 -34 
-23 -2 -77 6 3 3 -20 6 
22 -4 96 23 -1 6 83 46 
-6 23 -31 -24 -4 -4 -30 -45 
21 40 -102 42 6 -5 -1 22 
11 -16 14 -33 -10 -6 -3 3 
-11 19 2 0 0 -3 -11 6 
-36 -54 11 5 -4 6 -10 -36 
-46 -51 14 -7 -2 -10 -11 -10 
9 6 33 7 7 9 17 15 
-12 -10 -81 -22 -12 -10 1 -15 
14 9 25 -5 -1 -1 -20 18 
-13 -16 6 7 -1 0 65 26 
15 -16 37 10 0 0 -14 18 
-9 -11 -12 -9 -7 -7 26 -40 
4 -7 6 4 0 3 -2 14 
-3 -42 -4 -9 0 0 -10 12 
-14 -6 -9 -2 -4 -3 15 -26 
15 19 25 26 10 6 -16 0 
2 4 6 -7 -6 0 5 11 
37 5 -47 -16 -9 -6 19 7 
-8 -6 16 -4 -2 4 3 8 
-1 2 9 12 2 -3 -27 -4 
-32 -14 -59 -9 -8 -13 33 -16 
22 3 34 6 11 8 -56 45 
4 -16 0 -3 -7 -8 -49 -46 
-1 12 22 2 -2 7 69 31 
-4 -10 29 16 6 -3 -24 -16 
10 6 -59 -31 -9 -1 -7 -9 
9 -15 -1 -5 -4 0 1 6 
-21 21 -8 28 8 1 -69 -23 
29 33 29 -8 10 13 78 48 
-4 -41 -21 -10 -13 -7 13 7 
-30 -33 -34 -3 10 -3 4 -11 
-9 36 2 -10 -29 -8 -11 -26 
1 22 -12 8 2 1 -15 19 
14 28 99 12 16 6 -1 -54 
-1 -32 53 -1 -11 -7 23 10 
1 -14 -1 36 17 1 -11 -39 
-26 -4 -69 -51 -14 0 -13 4 
10 68 83 15 -5 4 7 15 
-1 32 54 -4 10 12 4 -7 
2 -79 -52 -81 -19 -20 -10 52 
-10 -12 37 67 10 5 -23 -96 
-25 -8 -3 16 7 6 7 -21 
26 23 -18 10 5 -4 0 -12 
12 14 1 -16 -2 -4 2 30 
13 -4 19 4 -2 4 13 18 
-12 -26 -42 -41 1 -5 -51 -1 
4 16 -6 1 -7 -1 45 42 
-23 -45 -17 12 -2 -2 1 -40 
-2 11 1 -5 6 2 -28 -23 
20 5 0 8 -3 -6 -28 -57 
-10 -6 10 9 2 -3 12 83 
-13 -7 -18 -15 -9 -2 0 -18 
26 1 5 -3 6 3 2 40 
3 14 3 9 -4 4 -33 -31 
-25 -1 -17 -12 -11 -8 60 -7 
1 9 1 24 14 7 -22 -3 
1 -15 -3 -30 -11 -6 66 48 
-3 3 10 18 0 1 -11 -8 
60 23 -16 -2 -4 -4 -26 -31 
-68 -18 -22 -3 8 16 5 -7 
22 11 33 -7 -15 -20 5 32 
-17 -21 -44 -7 0 -5 -9 -16 
-4 10 -12 7 1 4 18 30 
-3 -15 29 0 -4 -7 -71 -6 
-4 56 1 17 7 10 -9 11 
14 -41 3 -6 -8 -5 74 13 
12 -8 -29 -9 -7 2 -15 -24 
14 -1 -3 18 -1 0 7 12 
-17 -22 11 -9 -6 -5 -24 -2 
-16 -51 -20 17 5 4 0 5 
-10 7 -2 -10 4 4 5 -7 
86 14 56 -5 -5 -1 22 33 
-40 -30 -84 -10 -13 -11 11 -25 
-16 -4 -28 -4 -1 -5 -3 21 
0 42 57 8 0 6 -91 -56 
0 5 -21 -13 -1 -13 9 -33 
-6 -20 11 16 2 8 35 31 
19 -6 -36 -2 -3 -3 -5 3 
-7 7 6 -23 -6 -11 -51 -6 
-9 -44 -7 3 1 4 10 -8 
-24 -4 -17 -5 0 4 -53 -18 
3 12 21 5 -5 -1 71 10 
-22 -39 -29 -7 -1 2 -2 -9 
19 10 24 3 -2 -3 -27 -5 
34 29 -7 -32 -4 1 37 25 
6 5 9 4 1 0 33 89 
1 -25 -21 3 3 3 44 -60 
-8 7 -22 -17 -10 -13 -29 0 
-10 11 46 25 7 6 -21 -27 
11 45 23 -2 1 -3 -26 -6 
9 13 11 -1 -1 -2 18 34 
-25 -4 -3 11 1 -4 7 -17 
14 -16 3 -1 1 2 5 21 
4 3 -55 -6 9 13 -12 -20 
1 -22 23 8 -4 -10 -11 2 
-13 2 -3 -6 -8 -2 5 1 
22 -5 9 -16 -7 -11 -20 -13 
-34 5 15 11 6 6 -1 -24 
13 6 -6 25 -1 3 -10 35 
2 31 -19 -44 -13 2 33 21 
8 -7 9 13 14 1 13 -73 
-6 5 12 -1 -16 -15 -19 -3 
10 13 32 7 11 8 36 46 
0 3 -4 17 8 -3 -1 -4 
-1 -7 -23 -4 -5 9 -10 -3 
-10 -21 -53 -16 -2 -17 -39 -18 
-23 18 -25 -11 -12 -12 3 -23 
19 24 0 8 3 3 10 -13 
-21 -7 52 4 -10 -19 -52 -63 
-14 -20 -38 -40 -7 3 -9 -25 
-4 -24 -44 10 -4 5 27 30 
3 58 3 15 15 16 9 8 
-15 -10 50 -11 -8 -21 -27 -12 
-8 -19 16 12 16 8 30 27 
5 -11 -29 -4 -22 -1 -4 38 
-24 -41 -29 4 14 -2 -19 -78 
9 16 56 -24 -11 -2 -3 15 
-10 -12 21 -10 5 4 -1 5 
7 -15 -15 13 19 6 -8 22 
-1 -9 3 4 -18 -7 14 23 
-7 5 -17 16 5 3 0 -19 
33 19 39 2 -6 -6 5 47 
-13 -11 -18 -2 3 -6 -21 -58 
-15 -16 -21 -24 -12 2 23 48 
9 5 -27 12 11 -3 18 14 
10 13 36 -11 -8 -1 0 -18 
-6 -12 -5 0 2 -5 -13 -28 
-5 0 -14 -11 8 0 11 24 
4 1 -6 12 -1 8 9 38 
13 25 14 19 0 4 0 -27 
-9 -8 6 -31 -11 -11 -1 2 
3 -2 -6 -4 -4 -2 -4 -9 
1 0 -14 0 -1 3 -2 14 
-17 16 -6 -8 -3 -1 3 -9 
-1 -16 0 4 2 1 -13 -7 
33 -10 13 2 6 1 -8 -26 
-40 -22 -46 -3 -13 -4 8 4 
-10 0 6 7 0 -6 -32 -38 
-1 5 6 -14 -3 0 41 24 
-12 0 4 13 -1 -5 -19 -21 
10 9 -10 1 4 3 12 5 
-7 -13 -61 -8 -5 0 6 10 
9 2 23 -5 -1 -3 -15 -10 
-11 -15 7 1 -4 -5 4 17 
28 9 -3 1 3 0 -11 6 
-24 -3 -6 -5 -6 -1 7 9 
-14 9 -11 -8 2 0 -9 -56 
11 5 6 13 -2 -2 -2 37 
-17 1 3 -4 -1 4 -11 -32 
14 -9 -21 0 -4 -4 2 -6 
-4 -14 9 -8 -3 -6 -14 3 
-4 -7 -21 -5 -1 1 12 -1 
4 -4 18 -9 -7 -4 -1 26 
-11 -9 4 0 -3 -3 -5 -10 
9 7 10 5 1 2 1 -8 
-15 -2 -15 -3 -1 -1 -1 5 
18 -10 -7 7 6 -1 -4 9 
-22 5 25 7 -2 0 -6 -54 
7 1 -16 -13 -6 -2 -1 24 
-31 -8 20 5 1 4 -3 -14 
-2 1 -35 -3 1 1 7 -2 
12 -3 35 1 2 0 3 40 
3 2 -3 4 0 -2 -8 -12 
0 -3 -4 -6 -2 -2 -5 0 
4 1 -3 -3 -1 -1 -2 -7 
1 -19 -25 -12 -4 0 -1 20 
-8 9 18 11 4 2 4 7 
12 -10 -3 -6 -4 -4 -2 -4 
-14 -2 -11 0 -1 -3 -9 -8 
11 -2 -1 -2 -4 -4 -2 9 
-2 -2 -2 4 0 -2 3 4 
2 0 5 -6 -2 -1 -2 -5 
-4 23 7 3 0 -3 -2 -26 
10 -12 -31 -11 -9 -8 -5 25 
-31 -6 13 8 7 0 1 -49 
12 11 -8 -6 -13 -3 2 55 
-2 -5 -35 -5 1 1 -9 -43 
3 -4 16 3 -4 -4 15 21 
4 12 -6 -4 0 -3 -11 4 
-10 -9 6 6 4 3 -3 -10 
-4 -16 7 -5 -2 0 3 12 
-2 32 25 5 3 3 0 1 
-3 -25 -42 -8 -5 3 3 17 
2 0 -19 -6 -4 -5 -1 -18 
4 -5 5 3 -2 0 -2 23 
-2 -2 -6 0 0 -3 -7 -23 
4 4 17 3 -2 -3 0 2 
-3 9 -2 -4 0 -2 -6 -7 
3 -2 18 3 3 3 10 1 
2 -7 -21 -2 5 4 1 15 
5 -11 -3 -7 -6 -3 -10 9 
-5 -19 -1 1 3 3 10 -21 
-7 -8 -9 -5 -5 -5 -9 -1 
-7 5 18 4 5 1 2 -5 
14 1 -3 -11 -11 2 1 51 
-14 -9 4 0 -2 -2 -10 -70 
5 14 5 -5 -6 -1 6 11 
-12 -22 -36 4 -1 -6 -4 -17 
-6 -5 -7 -1 2 -1 -2 -7 
13 12 10 6 1 -1 2 33 
-5 7 10 11 5 1 2 -6 
4 -2 7 0 -2 -1 -2 -1 
6 -13 -19 -7 -1 0 -7 -7 
-9 7 -6 -1 0 0 13 17 
-14 -2 12 -2 -5 -3 -8 -19 
2 3 11 -7 -6 -3 -3 8 
-1 14 19 8 3 2 0 -16 
8 -1 6 0 2 1 -2 14 
4 1 -5 -3 -2 -1 0 6 
1 17 23 12 10 3 -7 -9 
3 -28 -45 -9 -11 0 16 53 
-17 3 78 -11 -9 -9 -15 -73 
-6 -11 -76 -20 -9 -8 -8 7 
-20 -18 -15 -9 -5 -3 -9 -31 
1 11 11 9 7 -1 -12 -38 
-8 8 -5 6 3 1 1 27 
7 3 12 5 3 2 2 11 
5 3 6 -2 -2 -2 0 0 
-5 7 7 0 0 -3 1 -3 
1 -11 -14 5 4 6 12 25 
0 -15 -4 -9 -5 -5 -24 -42 
4 -20 -39 -8 -12 -4 11 12 
4 4 24 -1 0 -2 0 -14 
-19 -18 -40 -7 -7 -7 -3 1 
5 -2 0 -2 4 2 0 15 
1 13 17 2 2 1 1 2 
4 1 6 3 1 -1 -3 -10 
12 8 -3 3 3 0 -1 8 
-3 8 16 7 2 1 5 7 
2 1 -8 -3 -2 -1 0 1 
-11 -7 -9 -9 -5 -3 -1 -8 
15 6 -13 1 2 0 -5 28 
6 5 21 2 -3 0 19 0 
-19 -15 12 -4 -5 -5 -3 -16 
-8 3 -24 -2 -2 -4 -9 -22 
-1 10 39 -3 -6 -5 -2 14 
3 20 -4 2 2 1 -3 5 
9 -1 6 1 3 4 -3 11 
-6 18 12 1 3 1 5 6 
8 -5 -29 -3 3 4 -1 -15 
-12 -5 19 -2 -7 -5 -3 0 
-6 -4 0 -3 -2 0 6 30 
16 -7 -5 -3 -5 -5 -11 -32 
-19 1 -1 3 7 -3 3 -9 
5 0 0 2 -8 0 -4 -12 
-1 6 -2 -1 0 2 4 2 
-1 0 12 5 1 1 0 10 
8 -4 -16 -1 -3 -5 -8 -7 
1 -4 5 -1 3 -2 9 9 
-1 -18 -23 -8 -3 -1 -17 10 
-16 -4 11 -2 -2 1 4 -30 
-12 -5 -14 -4 -5 -2 -5 -9 
15 9 5 6 6 2 0 14 
6 -2 -14 -5 -6 -9 -19 -42 
-42 -14 6 -10 -3 -4 -2 -11 
4 -22 1 -3 -4 5 13 15 
-7 -4 -15 -2 0 -4 -15 -8 
12 5 17 3 -1 -1 7 6 
7 -1 -1 4 1 1 -3 22 
-7 0 -4 -2 -4 -3 -2 -11 
-1 -6 -4 -2 0 0 3 3 
-6 8 7 2 1 1 4 -2 
30 38 27 5 6 4 -3 28 
-16 -36 -24 0 -1 -2 -1 2 
-5 -9 -9 -14 -8 -4 3 -20 
-11 2 -3 -6 -1 -3 -1 4 
1 -7 -7 0 -2 -2 -2 -4 
17 16 16 3 3 0 0 18 
-5 -2 -10 6 3 3 -3 2 
19 11 27 6 -1 1 -4 -13 
-12 -30 -2 -4 0 -2 19 42 
-30 -7 -4 -10 -6 -5 -9 15 
-28 -23 -21 -8 -2 -4 -7 -59 
8 15 5 4 -1 0 3 -2 
20 8 6 8 0 1 -3 5 
16 12 7 2 -3 -2 0 8 
-5 1 9 3 -1 1 0 9 
4 -8 -8 1 3 0 2 32 
2 6 -8 2 0 4 3 -33 
-21 -2 -3 -6 0 -9 -17 -30 
6 9 5 -2 -7 -3 2 16 
-7 12 0 -3 2 -1 1 -13 
-3 -22 -19 -5 -4 -6 -2 9 
13 13 4 4 1 3 0 -6 
14 -8 -5 0 3 1 1 3 
-10 -7 4 -1 -6 -1 3 37 
-20 -2 3 2 -1 0 -12 5 
-21 -15 -34 -9 -7 -7 2 -65 
5 5 13 3 -1 -2 -3 7 
1 4 -14 -5 -4 1 3 -4 
5 6 -30 -3 2 -4 -6 0 
20 14 4 4 0 4 2 20 
6 -11 28 -2 1 0 6 13 
-20 9 -18 1 -5 -6 -3 4 
-9 -13 1 -3 -3 -3 -5 -58 
8 15 3 -2 -5 -3 -3 12 
-6 11 2 -1 -1 3 5 -3 
10 -8 -3 1 4 1 -11 7 
3 -12 0 1 0 0 3 11 
0 -1 -5 2 3 2 0 -2 
-14 -12 0 -18 -12 -6 -6 26 
2 -10 2 -2 0 -3 2 -56 
-16 9 -11 -1 0 0 3 1 
19 2 31 0 2 -1 -1 1 
-3 2 5 11 5 4 6 20 
-7 -22 -29 -5 -2 0 -4 0 
22 10 -9 -4 -7 -7 -11 3 
-4 -2 25 -1 -2 2 9 -21 
-3 0 -12 3 2 -2 -8 -8 
-3 12 28 2 0 0 3 -8 
3 0 2 3 3 1 0 36 
-22 -17 -9 -6 -4 -3 -3 1 
4 -2 -10 -3 -2 -5 -2 -9 
0 -3 4 -1 -2 -3 -4 -2 
-11 0 6 0 -3 -1 3 5 
12 9 -1 -2 -2 -3 -3 7 
9 -8 -4 -1 5 6 2 -2 
-17 5 -5 8 10 2 -5 16 
2 -13 17 -8 -17 -7 2 -24 
-10 -11 -25 -11 -2 -3 -1 -5 
0 6 -1 4 -1 0 -2 -11 
5 2 7 1 -2 -1 3 11 
-1 2 8 7 7 3 -1 2 
23 23 -10 6 4 3 7 14 
-21 -3 48 -10 -6 -2 -4 -6 
0 -4 11 -2 -5 -5 -2 -6 
-7 -7 -6 -4 -2 -3 -3 -8 
2 -8 -1 0 -2 -3 -1 9 
5 17 -13 7 6 1 2 7 
7 10 10 1 2 4 -2 -17 
-10 7 3 -13 -3 -4 -9 -10 
-14 -9 2 0 1 1 3 10 
-1 2 -6 -4 -5 -4 0 -5 
0 -4 -5 -5 -5 -4 -8 -12 
9 6 -1 5 2 3 4 -5 
