#EMG
#7
#ID:7-20
2 16 11 -1 3 -1 11 -6 
7 10 10 7 -1 -1 -16 2 
7 11 3 6 4 7 16 0 
20 2 -13 -7 -3 -4 -1 -22 
-13 -21 0 4 0 -1 -3 -8 
0 5 -14 -4 1 -3 -12 19 
-13 7 11 4 1 3 -6 -42 
22 -2 5 6 2 1 8 41 
-19 -13 3 -8 -6 -1 0 -18 
33 10 16 8 -5 -2 9 14 
-24 -18 -31 -19 -4 -8 -27 -1 
-52 -12 -5 9 -1 1 -2 10 
32 14 5 1 4 -3 -1 -7 
3 -19 -22 5 3 3 -9 -22 
9 10 30 -9 -6 -5 1 0 
-17 -7 17 -19 -4 -4 3 6 
14 7 6 0 -1 -2 -4 7 
-7 13 -22 -13 -7 -2 -3 12 
-13 1 12 14 2 4 21 0 
28 -12 -17 -6 0 0 -22 -15 
-6 10 22 19 3 4 17 8 
27 10 -9 -25 -3 -3 -6 24 
-50 -32 -10 25 -5 -11 -25 -16 
7 12 8 6 0 2 12 -11 
11 6 -24 -5 -1 -1 -4 2 
-14 5 29 8 5 2 1 -16 
11 4 -15 -3 -4 2 -3 24 
-15 -4 -9 -12 -6 -5 0 7 
-6 -12 -26 -8 -5 -6 -10 -15 
-3 -4 -5 14 2 -1 4 -9 
-10 1 16 -6 -1 -1 0 16 
-5 -3 28 4 0 -2 1 -40 
17 1 -3 -5 -1 2 10 62 
-12 0 8 -13 -3 -3 -6 -52 
11 -4 3 6 1 -1 -1 -10 
-8 3 -11 6 1 0 -7 -6 
-5 3 9 5 -2 -3 2 46 
6 -21 -29 -15 -5 -2 4 -24 
-3 4 -13 1 -1 -1 4 3 
-5 -10 10 11 0 0 -10 -6 
0 2 -22 -35 1 1 -15 -13 
0 -8 -3 8 -4 -1 35 1 
15 10 4 5 2 -4 -8 14 
-16 8 -26 -18 -5 -6 -6 -25 
-3 6 17 4 -1 3 2 -2 
4 -5 -9 -4 -2 -5 -5 58 
1 1 6 1 3 0 -8 -86 
10 4 -14 6 0 3 28 22 
-4 -3 3 -4 0 -1 -13 -7 
0 17 19 -5 -3 0 -10 -17 
-7 -19 -25 -10 -6 -5 5 49 
15 9 5 14 3 2 -19 7 
7 6 11 -1 1 1 21 -4 
-41 -23 -26 -26 -5 -2 -4 -22 
3 5 -3 7 1 1 4 -8 
21 21 13 -4 1 0 -7 20 
8 -24 -14 12 -1 -4 -2 16 
-15 -5 23 -1 1 0 -8 -14 
16 -2 -9 -8 -3 0 14 47 
-17 4 3 -13 -2 0 -10 -52 
4 7 12 10 1 -1 3 -7 
32 6 -2 7 6 3 -6 6 
-11 -7 4 -11 -4 -3 -24 -3 
-1 -6 -8 6 2 1 20 16 
2 -1 6 -5 -5 -7 -9 -9 
-4 12 -9 -10 -1 3 -2 -9 
-28 5 -7 -1 0 -2 -1 5 
26 -1 22 16 2 0 -14 16 
-35 -8 -25 -13 0 3 10 -25 
-15 -7 -29 -48 -10 -12 -13 18 
-8 -5 5 2 -4 0 12 -33 
16 4 -17 9 2 0 4 22 
-24 -3 38 12 2 -3 -25 -48 
32 2 12 19 -1 1 -21 20 
31 13 8 -8 -1 0 22 -14 
-65 -27 -52 -4 -4 -3 16 21 
9 15 29 -8 -3 -2 -31 -36 
0 -18 -17 11 -1 -6 17 12 
17 24 6 4 2 -2 -9 27 
19 11 -11 -25 -5 2 -36 19 
-17 -2 10 18 4 0 6 -26 
45 9 6 6 -3 2 27 12 
-43 -16 -5 6 -1 -6 -24 -16 
37 -26 -16 -24 -4 -4 29 36 
1 43 -18 -8 -7 -5 -10 3 
-17 -21 -1 -5 2 2 -24 -13 
1 29 9 5 -4 1 0 2 
-12 -16 42 37 4 0 -5 -23 
-26 -35 -69 -19 -8 -2 3 -25 
-6 0 31 25 7 4 13 -1 
11 -36 -77 -22 -8 -10 -2 0 
-10 20 29 -7 -5 -7 -14 -2 
15 -29 -48 -17 -3 0 3 37 
-66 8 40 -6 -2 -5 -22 -68 
45 -8 23 6 4 2 24 16 
1 38 4 30 4 2 2 -11 
-3 2 -62 -19 -3 -2 -12 1 
-10 16 7 22 -3 0 40 13 
1 -3 52 -2 0 1 5 14 
-18 -4 16 10 0 -1 -11 -33 
42 3 28 6 2 3 15 14 
0 -13 -25 -17 -4 -5 -20 6 
17 -14 25 -5 -3 1 -19 -23 
-25 -45 -64 -18 -6 -1 10 1 
10 -3 29 -16 4 1 0 41 
-26 -8 -4 53 2 -8 -10 -36 
36 8 -12 6 -2 3 -11 -5 
-4 -12 12 -41 -14 -7 18 16 
-30 -8 20 30 4 2 5 4 
21 -15 -23 5 4 4 2 31 
-12 -15 -38 -22 -1 -8 -14 -57 
-13 11 -8 15 0 6 -2 -20 
13 -20 73 -23 -11 -9 2 14 
1 20 26 6 -3 0 10 19 
-38 -40 -82 -14 -6 -5 -7 -11 
30 7 49 21 4 -2 -6 10 
-30 45 -20 -14 -11 -2 6 -15 
33 7 -13 -3 6 4 -15 5 
-6 -20 54 0 4 0 3 13 
11 -12 34 8 -1 0 10 -21 
-11 3 28 36 1 -2 -3 -10 
32 -6 -75 -55 -15 -4 14 58 
-38 11 -3 -5 5 4 -29 -62 
23 16 -6 -8 7 3 28 56 
-19 -21 3 19 1 3 8 3 
37 3 24 -7 1 -7 -82 -50 
35 32 5 14 5 5 6 51 
-8 -21 -8 -3 -2 1 73 -21 
12 -9 -12 -17 -10 -9 5 15 
-27 -24 -32 -7 0 1 -6 -17 
-9 -27 12 5 -1 4 -8 -4 
-5 22 4 1 -1 1 -28 -9 
27 26 31 13 8 -2 -22 24 
-29 -33 -36 -7 -10 -11 18 -33 
27 21 1 2 -1 -7 -62 -21 
-17 -1 25 6 8 8 44 -1 
22 14 7 -18 -11 -10 -19 5 
10 -5 -3 15 2 -2 22 7 
-23 -9 20 -14 -13 -10 14 72 
-18 3 -66 -9 -3 -8 -63 -109 
-33 -31 -85 -7 -1 -3 0 -35 
19 88 89 22 9 5 30 40 
-6 10 -14 -27 3 1 26 -4 
26 -13 -23 -11 -10 -5 -31 14 
-1 5 -11 3 -6 2 -1 -9 
-24 -37 -34 -35 -23 -7 -1 -8 
-2 4 -25 10 5 4 16 5 
-14 20 9 -8 -6 -7 -15 37 
4 -4 29 -23 10 5 1 -44 
-3 5 -3 57 8 3 4 6 
6 -2 -12 -10 -19 -1 8 19 
-10 -5 41 -28 2 0 -3 -8 
-20 -42 -35 10 -3 -1 6 -1 
-12 -9 -15 -22 7 -3 -8 -23 
-11 1 -19 -4 3 3 9 17 
7 3 47 37 4 -3 -10 48 
-1 7 -45 -9 -8 -9 -3 -57 
-13 -14 52 -2 -5 1 -18 5 
1 -3 -13 26 3 0 17 -61 
-7 1 -10 -12 -2 -2 7 42 
21 12 16 -10 7 6 24 51 
6 -18 -14 -23 -3 -8 -71 -49 
-24 11 -5 -42 -2 2 34 -9 
-27 -22 -39 -3 1 2 -58 -30 
60 32 61 43 13 12 57 78 
-54 -2 -36 -43 -12 -7 16 -39 
44 4 17 47 4 -9 -63 -12 
-14 -14 -24 -7 -5 5 52 37 
9 -19 11 8 -1 6 -21 21 
51 5 39 18 7 -2 -10 44 
-71 -25 -20 -5 -5 -9 -24 -28 
1 -17 1 -3 0 0 20 18 
37 8 17 14 9 5 -29 -16 
-43 18 -50 -22 -1 8 45 -17 
74 27 62 31 0 0 -29 22 
-8 1 -23 7 6 -1 -32 11 
0 14 5 -7 -4 4 38 -32 
30 17 48 30 4 1 25 66 
3 -9 8 22 2 0 3 -10 
-17 -22 -36 -52 -16 -10 -48 -43 
-32 -34 -76 -11 -4 -8 -32 -30 
24 5 52 -4 4 13 21 20 
-7 12 -70 -2 0 0 13 25 
17 -5 56 23 1 -6 9 -7 
-15 -19 26 -11 -12 -6 -12 -4 
-17 -25 -50 -17 4 -4 -5 -5 
-5 -1 53 32 7 0 23 29 
14 -2 -19 -22 -9 -3 2 -8 
-23 28 -55 6 8 2 0 -28 
-11 -7 10 -6 -18 -4 -16 -23 
-2 51 45 -13 -6 0 8 -22 
17 -5 -80 25 1 -12 -3 13 
-14 -1 22 -37 -16 -11 -7 13 
12 1 -24 4 7 4 15 30 
-33 43 23 5 -2 2 3 3 
28 31 127 19 -3 -7 -6 -17 
-10 -28 -58 10 0 0 2 -2 
-2 6 9 5 -2 -6 -17 -17 
5 -40 -47 -13 13 -5 9 21 
-15 -20 -39 -47 -39 -5 -5 -60 
-23 52 79 -6 -3 -5 -15 -3 
36 -34 -13 36 6 3 2 5 
1 -12 15 -41 4 -1 2 -12 
25 36 21 31 15 11 24 31 
-10 -20 -30 -10 -8 -6 -16 -19 
-4 6 30 39 10 4 -4 8 
-7 23 -28 -32 -9 -1 7 19 
-14 -12 -10 20 17 9 -10 13 
54 -3 23 -3 -13 -5 37 -2 
-15 8 1 -9 7 -7 -20 -5 
12 0 2 17 -18 -6 -4 -9 
-17 -13 -17 -9 4 6 4 10 
-51 -1 0 27 11 6 0 6 
-2 4 3 -11 1 2 -2 -44 
16 -26 -16 -12 -5 -3 6 58 
6 10 4 4 -10 -4 -3 -19 
19 -14 -22 23 2 -1 -5 11 
-26 -6 -15 -7 -13 -6 -1 -9 
0 9 16 2 2 9 6 1 
-1 -17 6 16 2 -4 -7 38 
32 -8 0 -3 2 -2 -9 -36 
-31 37 12 -11 -2 5 2 -2 
-4 -27 -21 35 -1 -4 -3 -9 
-31 -18 -10 -25 -2 -4 -3 -41 
-11 13 5 0 4 4 8 17 
15 1 0 -12 -6 -2 -2 4 
2 6 -18 -5 1 3 0 -3 
-8 3 -22 -9 7 5 9 -13 
5 7 45 0 -3 -4 -12 21 
14 14 3 0 0 -6 -2 -22 
-4 7 30 -9 1 2 -1 -8 
8 1 -38 -4 0 -1 4 0 
-9 5 1 4 2 1 -1 5 
8 -23 -2 -6 -11 -6 3 33 
-11 -6 -4 -13 -4 -2 0 -31 
2 -2 -6 -22 -5 -6 -9 -12 
-3 -10 -1 7 4 0 -1 6 
-15 -15 -12 -7 -7 -3 -2 2 
7 -13 -3 -5 -1 -4 0 -15 
0 1 11 1 -6 1 0 -2 
-12 -5 -27 -16 -3 -3 -7 -3 
5 5 2 27 9 0 4 27 
-13 -16 28 -13 -10 0 0 19 
8 17 -3 -6 1 -3 -6 -39 
-2 -3 40 0 5 0 1 -2 
-6 -14 -51 -20 -7 -5 -6 -14 
-2 -3 -9 9 5 3 6 45 
-31 4 0 6 1 -4 -10 -19 
22 -1 -14 12 -1 2 1 -7 
0 22 71 -1 -1 1 2 5 
-10 -9 -30 -12 -4 -6 -7 -45 
20 19 11 11 0 4 6 34 
-32 -12 -29 -10 -3 -4 -4 -20 
-2 -13 0 -5 -3 1 -1 -2 
4 -12 -16 18 5 -1 -1 -18 
-24 23 -16 -25 4 4 6 37 
34 -30 2 4 -7 -6 -8 -20 
-11 -4 8 -10 -3 1 -1 -29 
15 -3 -6 0 -5 -4 -4 21 
1 -19 5 5 -2 -7 -3 -10 
-5 -4 -28 0 -4 2 8 59 
1 8 0 -1 3 0 2 4 
-9 -3 11 -22 -8 -4 -9 -77 
-15 3 9 12 0 -1 -1 -7 
0 1 -5 -13 -2 -2 1 28 
9 -19 -20 -8 -3 -4 -5 -4 
-13 7 0 5 7 0 0 18 
14 -3 11 4 -11 -3 5 5 
-21 -3 -38 -12 -2 -3 -7 -34 
41 -11 10 -1 -2 -3 -6 1 
16 -12 4 4 -1 -1 -3 8 
-15 2 15 9 7 3 4 -2 
14 27 -8 -4 4 1 6 18 
-18 -15 -21 2 -3 -4 -6 -15 
-7 18 -9 -3 0 -1 -1 27 
33 5 21 1 0 -2 -4 -42 
-8 20 7 7 0 0 2 34 
-25 -15 -13 -14 -1 -3 -5 -22 
4 -3 -2 7 -3 -3 -2 1 
-11 -14 -8 -12 -4 -1 -1 20 
6 1 11 -4 -5 -2 -2 -23 
-1 -2 -16 2 -4 0 2 12 
-9 3 13 8 4 5 7 -7 
11 -17 -15 -23 -2 -2 0 33 
-18 -25 11 -14 -11 -8 -8 -24 
-2 6 -12 7 1 -1 -4 -25 
-11 16 21 -9 -6 -7 -2 14 
-13 -17 -17 6 1 0 1 4 
-7 3 13 9 14 7 2 -6 
0 9 -6 -1 -5 0 3 -6 
12 -7 -43 -3 0 3 2 29 
-14 0 8 -10 -6 -1 1 -12 
17 0 -7 10 -3 -6 -3 -18 
-7 13 5 5 -3 -5 -6 8 
4 -9 2 2 2 1 -2 -18 
0 7 -1 1 2 0 -4 -10 
25 -4 -30 3 0 1 10 69 
0 13 60 3 6 6 4 -20 
-18 -10 -25 -15 -11 -3 -2 -21 
10 8 -12 -5 0 -2 -2 -1 
-14 -5 16 1 -2 -1 0 3 
5 0 -8 2 0 -1 1 24 
-4 0 5 0 2 0 0 7 
-4 5 1 10 5 2 -1 -19 
29 1 22 0 -4 0 -5 6 
-34 2 -44 -26 -3 -4 3 4 
-14 -25 19 -11 -8 -3 1 -11 
5 -4 -10 3 0 -5 -8 -6 
-6 8 1 3 -4 -1 -4 19 
-6 -9 -8 -6 -3 0 -3 -26 
20 22 11 7 5 1 1 8 
-11 -20 -22 -11 -10 -6 -3 -12 
-9 -6 -34 3 4 0 -3 -4 
7 -1 15 -2 -2 0 5 10 
-30 -13 -21 -4 -2 -3 -6 -37 
38 34 27 14 1 -1 -4 34 
-15 1 -3 -10 -2 0 -1 -19 
-11 -7 -15 0 -4 -5 -7 -36 
11 -7 3 -1 2 4 5 -4 
-15 -13 -22 2 -1 1 4 3 
8 1 19 -4 -7 -6 -2 3 
10 25 -6 -10 2 4 8 40 
-4 -13 18 7 1 -2 -15 -47 
4 3 -2 8 -1 -4 0 16 
-12 -9 4 3 0 1 -1 2 
13 9 6 8 4 -1 1 -18 
-4 11 3 -2 -2 -1 4 29 
11 9 18 7 2 2 -4 -14 
-16 3 -23 -2 3 2 -2 -8 
-6 -13 -15 -16 -10 -5 -1 25 
46 5 7 14 -5 -8 -7 -12 
-67 -19 -12 -22 -2 0 0 -10 
-7 -9 25 -1 0 0 -2 -18 
0 -3 9 9 3 -2 -5 0 
5 10 6 1 2 4 4 20 
5 0 -12 -4 -4 -2 -3 4 
4 6 0 -9 -2 0 0 -34 
-8 -12 24 7 3 1 3 34 
-16 17 -5 5 -1 2 3 25 
-9 10 1 10 -1 -7 -11 -67 
20 -5 25 -16 -3 -1 0 4 
2 -21 -52 1 -5 -5 -7 0 
-6 -9 27 -3 0 -3 -4 -3 
11 1 -15 -5 -5 2 5 22 
-5 -10 -11 1 -2 -4 -3 8 
-27 -20 -2 0 -1 -1 -7 -30 
4 -6 -4 -1 2 -1 -2 0 
5 -4 -5 -2 -3 1 2 -7 
-20 14 23 1 -3 -2 -4 -19 
6 1 9 6 1 2 4 29 
-24 13 -2 1 1 0 3 4 
24 -14 -36 -36 -7 -7 -10 -10 
-9 -1 6 22 -2 -2 -6 -12 
35 -6 -1 -1 1 -1 -1 22 
-3 3 21 1 0 2 4 16 
12 10 12 8 4 1 2 -10 
-15 0 -8 -6 -1 -2 2 -4 
-4 -7 6 0 -5 -1 -4 -19 
-1 -35 -42 -17 2 -1 -1 -12 
3 4 19 12 1 -2 5 23 
13 -1 -5 2 4 1 0 7 
-15 2 5 12 6 0 -1 -7 
8 -5 16 -7 -6 2 -3 -17 
-14 -13 -32 9 2 2 0 33 
-2 6 5 -10 0 2 0 -27 
3 11 -1 5 -2 -4 -1 9 
-4 10 -22 -5 -6 -2 -2 -11 
1 7 35 3 0 0 1 23 
2 4 4 2 2 1 2 -9 
9 29 17 12 9 10 6 15 
1 10 -36 -15 -6 -8 -6 -22 
-9 -18 -14 -4 -4 -1 -4 -17 
-4 -6 6 -7 -6 -6 -3 16 
-9 -1 -6 -4 -2 -3 -3 -25 
5 -1 8 9 -2 -2 0 9 
12 0 16 5 3 3 3 18 
-19 -3 -28 -14 4 4 0 22 
-10 -28 -15 -1 -12 -7 -6 -36 
-4 -6 11 -2 2 1 2 6 
11 -4 -6 -3 -4 -4 -9 -17 
-8 5 1 3 -1 0 0 2 
-4 4 20 -2 3 0 5 34 
25 13 1 3 -1 1 -5 -23 
-12 -8 -10 2 -2 -2 2 -21 
18 4 14 -2 -1 -3 -2 13 
13 -24 -6 -11 -6 -2 0 23 
-27 -2 -16 -2 -4 -5 -11 -42 
10 -14 27 13 4 0 4 22 
7 -3 -27 -12 -3 0 1 7 
-20 2 16 4 4 1 -2 -12 
2 -6 10 -2 -3 -4 0 28 
-8 9 8 3 1 0 -2 -21 
-16 6 -15 -11 -5 -4 -4 4 
15 -5 3 -2 -3 -2 -8 -32 
3 3 17 -4 0 -1 -2 12 
-3 -3 -20 6 3 -2 -1 14 
3 1 -5 7 -8 -1 0 -6 
-1 -2 5 -8 -2 2 0 -5 
8 4 12 18 1 0 7 42 
12 -3 -18 -15 -6 -3 -5 -25 
-12 -6 -2 0 3 -2 -7 -26 
-3 -25 -18 -6 -5 -5 -5 -17 
9 -2 -2 2 4 6 7 23 
-13 9 33 3 1 2 1 3 
22 -14 -15 11 3 0 -2 -9 
-25 -9 -42 -31 -15 -8 -2 -7 
-15 -10 -14 0 5 2 0 -6 
6 4 27 1 0 -1 -1 4 
1 3 -1 -3 -3 -5 -5 -6 
8 1 6 17 9 6 7 16 
-23 4 8 0 -2 -1 -5 -10 
20 -8 -31 -19 -7 -6 -5 17 
-25 -10 -4 16 2 1 3 -17 
5 25 36 -12 -3 -5 -4 -14 
-9 -14 -25 -12 -10 -6 -2 16 
-2 2 -19 1 2 3 2 4 
8 15 34 -9 -2 1 5 16 
0 -3 -30 5 1 -4 -10 -10 
2 -1 -9 -5 -4 -2 -2 -12 
-8 -5 3 -1 -3 -1 -3 1 
18 0 -6 6 5 3 2 -4 
-26 -14 17 3 1 -3 3 11 
-4 19 -12 -10 -2 -1 0 -42 
-19 3 26 19 -4 -4 -5 3 
-6 -30 -16 -19 -8 -4 -3 13 
11 0 5 4 2 0 -3 -2 
8 -7 -8 5 3 -3 -3 4 
-4 7 29 5 0 -2 1 -11 
3 -4 -7 -13 0 0 2 22 
-2 6 -16 5 -4 -4 -6 -22 
-4 -11 11 -1 1 1 1 1 
-5 8 -27 -9 -2 -1 -1 -24 
2 10 30 9 1 1 -1 8 
10 3 -17 -7 -2 2 2 7 
-2 -1 -4 -2 0 -2 0 4 
-2 -7 -1 0 -2 0 -7 -10 
8 -3 -14 -7 -2 -4 2 10 
0 5 5 2 1 -2 -3 7 
-1 -7 6 11 1 0 3 16 
-3 13 -6 -4 0 -1 -1 -25 
-12 -18 -2 4 0 -1 -4 -37 
4 4 -7 -1 2 3 6 49 
9 3 -13 -5 -2 -2 -8 3 
-22 0 12 -7 -4 0 0 8 
-7 4 19 9 -1 -3 -5 -20 
-16 -5 -12 -5 0 -1 1 -28 
28 19 -13 -15 -6 -6 -3 9 
3 -10 -13 6 0 1 5 14 
8 -9 -16 -8 -2 0 1 4 
-15 -14 23 9 0 2 -1 3 
-27 2 8 5 -3 -1 -4 -19 
2 -5 -24 -14 1 -1 3 -5 
5 13 4 -6 -5 -5 -4 14 
0 7 5 8 0 -4 -3 -25 
6 -24 -10 6 3 -2 -4 -2 
1 5 -1 -2 -4 -1 2 47 
-11 1 26 1 -2 -2 -6 -57 
6 18 -24 -4 3 -1 -3 0 
-34 -8 11 -6 -2 -2 1 -12 
28 -16 -30 -9 -2 -5 -2 6 
-22 -6 -3 0 -3 0 1 9 
9 8 3 7 3 -1 1 9 
5 14 27 -9 -8 1 0 -8 
-3 -18 -4 -17 0 1 1 4 
-8 -1 -15 8 -1 -2 -4 -13 
12 -36 37 -12 -2 -3 0 8 
-3 -30 -61 -7 -3 -1 5 18 
-33 -6 22 11 -1 -2 -13 -44 
9 20 -3 -15 -1 -1 1 11 
-8 -32 -8 0 -3 -3 -4 -7 
13 5 16 10 4 1 2 15 
4 19 28 5 3 2 0 -16 
-6 -12 -19 -5 0 -3 -7 2 
4 10 -11 -4 -1 6 8 21 
2 -7 -10 -17 -7 -8 -6 -1 
-12 6 2 8 2 0 3 -11 
-9 3 7 5 1 -2 1 1 
-9 6 -10 -5 -4 0 2 -1 
39 -6 -8 -5 -5 -6 -12 -2 
-21 -9 4 -8 -2 -3 -1 -3 
10 -10 -23 -4 -2 -1 -1 -2 
-15 9 22 3 -4 0 -1 -5 
28 4 -1 1 2 0 -1 -2 
3 2 -8 5 3 0 3 9 
5 -6 -7 4 3 2 1 9 
5 4 -4 -9 -7 2 0 -8 
-22 -7 5 2 -2 0 -2 -5 
21 27 -2 8 1 0 -3 1 
-22 -5 5 -4 -4 -6 -4 0 
10 -13 6 4 4 2 5 27 
-3 7 -1 0 2 3 7 45 
-16 -6 0 -1 -3 -2 -15 -81 
5 3 4 4 -2 -2 1 2 
-3 18 -18 11 3 -3 -6 3 
6 5 31 -2 -4 1 5 -1 
3 -16 0 -2 -3 -4 0 15 
-8 -2 -4 1 -1 -1 -4 9 
8 0 -16 -7 -1 -3 -7 -37 
-48 -7 5 5 2 1 0 12 
6 -10 3 3 -2 1 3 -6 
23 -2 -1 0 1 0 -2 0 
-14 -2 -21 -12 -1 -1 4 20 
-3 20 28 -1 -1 -1 -3 -33 
-6 -11 -10 1 -2 -2 -2 19 
2 11 15 1 1 0 1 -1 
11 10 5 8 0 -1 -1 21 
12 15 21 10 4 4 -1 -22 
3 -2 -25 -21 -3 2 7 50 
-1 -1 6 7 0 -2 1 -10 
3 5 1 -1 0 0 -1 -32 
-14 12 15 8 -2 -4 -5 -20 
9 -17 4 -16 -7 -4 -3 9 
5 25 24 2 2 4 3 35 
-49 0 5 9 1 -3 -7 -13 
5 -17 -35 -11 0 -1 3 -25 
16 -3 -1 9 1 0 1 10 
-28 -8 -14 -7 -4 -1 -2 -23 
21 1 15 2 -4 -5 -7 9 
-28 -10 -27 -6 -1 -2 -2 -7 
9 37 7 4 2 2 2 3 
1 -38 -5 0 3 2 -1 -4 
15 -3 4 -12 -4 -2 -1 4 
-8 3 -10 -11 -6 -1 -2 -1 
4 -2 -6 1 -1 -4 1 6 
3 2 4 4 0 -4 -4 -2 
3 -4 -24 -5 1 -1 3 -4 
15 21 53 10 8 5 3 20 
-9 -37 -19 -7 -5 -4 -9 -17 
3 -4 -7 -14 -8 -3 -2 -2 
-8 -4 -2 2 -1 0 -1 10 
15 0 -6 1 -1 -2 2 17 
-30 13 18 2 1 0 -2 -32 
-4 -29 -35 0 -3 -2 -2 -8 
10 -5 12 -21 -1 2 7 31 
-16 2 -11 8 0 -2 -9 -39 
-3 -16 -4 -8 -1 -3 -1 24 
3 -5 18 7 0 0 -1 -28 
-5 1 -28 4 1 -1 -2 0 
-7 -10 -12 -6 -2 0 2 2 
13 5 -9 0 2 -2 2 2 
7 11 22 -9 -7 -4 -3 11 
3 6 -6 -2 -2 -4 -5 -7 
-6 -14 7 5 3 1 -2 11 
4 8 -7 -2 -2 -1 0 -38 
5 -6 -37 -9 0 0 3 33 
-3 -6 -3 -10 -1 0 -8 -26 
-15 -16 -12 6 -3 -6 -3 -1 
-5 9 19 -1 -4 -3 -2 20 
-17 7 12 10 8 2 3 -12 
19 20 20 7 -5 0 -2 -20 
3 -8 -21 -12 -2 -2 4 34 
0 3 -13 -1 6 1 -3 -27 
10 15 -12 -9 -7 -1 -3 5 
2 -17 3 4 -2 -5 -4 3 
-15 3 0 -2 -1 -2 0 -15 
11 -3 9 4 -2 1 5 23 
-26 16 3 4 4 2 -3 -21 
-2 -6 -5 -9 -3 -2 -1 36 
-10 -1 6 10 -3 -2 -7 -36 
5 -9 -15 -3 -5 -3 -3 -3 
4 -23 -2 2 0 -3 -1 26 
-3 10 10 -1 2 1 1 -27 
17 8 16 1 -2 2 6 6 
-29 3 -4 6 2 -2 -6 -7 
-3 -22 -11 -8 -6 -3 -6 -6 
-11 2 -1 -3 -4 1 1 15 
11 -12 -28 -10 -6 -5 -5 0 
2 11 18 6 3 2 1 -3 
2 2 3 -1 -1 -1 2 6 
12 8 -36 2 2 -1 -3 -10 
-1 -42 21 -4 -2 -1 3 -4 
15 3 8 -2 0 -1 -3 9 
-20 0 -4 -2 -3 -3 0 -13 
-3 -7 -1 8 0 -4 -5 -9 
-4 17 -6 -10 -3 0 -3 -8 
1 15 18 2 -1 0 2 14 
11 -5 -8 -5 -6 -4 -3 -7 
-7 5 13 1 -2 -3 0 -13 
-25 -3 18 2 1 -1 -4 -6 
7 -5 -12 -15 -3 -1 2 4 
10 6 -3 7 0 -2 -2 17 
5 -4 11 -3 -3 -1 1 -11 
21 36 -16 2 1 3 3 45 
-11 -4 -6 -4 -5 -1 1 -31 
-8 -5 -18 -11 -3 -4 -12 -15 
-11 2 -8 -4 -2 -1 0 4 
14 -15 -17 2 1 1 1 0 
0 -9 17 3 -3 -4 -1 6 
13 20 4 1 4 4 6 -1 
6 -6 22 5 1 1 1 24 
-41 -6 -24 -7 -9 -8 -10 -37 
8 7 1 -9 -4 -3 1 12 
5 -10 19 3 6 3 -2 1 
-12 4 16 17 8 2 0 -5 
1 -14 -9 -19 -14 -4 0 5 
5 -7 0 2 -3 -4 -3 9 
-22 4 -11 -6 -3 0 -1 -27 
11 3 14 2 -2 -2 -1 -1 
