#EMG
#0
#ID:0-45
9 15 9 9 5 1 -7 4 
0 -11 -9 -13 -2 -4 13 -21 
8 -2 10 1 -6 -2 -1 4 
-8 -15 -23 -4 0 -7 -22 26 
-3 -8 11 -2 -3 -4 8 -39 
-6 -5 -2 -2 3 3 -1 2 
-2 -18 -11 1 -3 -3 -6 -6 
2 3 17 -4 0 4 21 9 
1 -4 5 23 -1 -5 -15 12 
-5 2 -3 -28 -1 0 -7 -6 
-5 -9 -3 -16 -1 -3 -6 -5 
8 6 -12 9 -5 -2 3 8 
-16 -9 -12 -8 -5 -2 0 -7 
-3 -8 -2 16 7 -1 -3 -2 
14 12 18 -8 -8 1 6 16 
-11 -16 -9 -12 -5 1 5 -7 
-3 -18 16 -2 -1 -2 2 -1 
1 2 0 19 -2 -1 -12 10 
2 -9 -42 -8 5 1 -3 13 
-6 -2 5 1 4 2 3 -35 
2 -17 -15 -10 -4 -2 -4 8 
9 3 21 2 -2 0 2 13 
-4 5 8 -5 -2 -4 -13 -3 
8 -6 -1 13 -1 -1 -1 -24 
-19 -10 -15 10 -3 -2 -8 -6 
10 12 -11 -30 0 1 8 3 
0 -1 29 11 3 4 9 0 
0 -10 -35 -13 -6 -8 -21 15 
9 12 24 -1 -2 -1 -1 -9 
-8 9 -26 14 -4 -4 0 -4 
-24 -18 9 -15 -4 -2 -1 -12 
-8 7 33 5 5 3 2 2 
8 16 -21 3 2 2 -3 1 
1 -5 4 0 -3 1 4 8 
1 2 -16 -7 -1 -2 -4 -6 
-5 1 4 1 0 2 5 31 
-3 2 -2 -8 0 -3 5 -31 
9 -1 18 6 2 1 -10 -8 
0 3 7 27 1 1 15 5 
1 -3 -9 -14 0 0 -22 8 
-2 4 -5 -16 -7 -3 16 17 
-5 10 -13 7 3 1 2 -1 
3 2 24 13 1 1 0 -3 
8 8 0 -7 1 -6 -13 4 
-11 -18 -1 -5 -3 -2 2 -14 
-4 -4 4 6 -5 -4 -6 -16 
-10 0 -25 2 8 2 3 6 
-2 10 25 -7 -14 -1 -3 -6 
2 0 -3 -18 -2 -1 3 27 
9 -20 -10 0 -1 -2 -5 -18 
-3 3 1 -8 -2 -4 1 1 
-3 -15 -24 25 2 -1 3 -16 
4 9 10 -25 -4 -5 -19 12 
-5 -3 -15 -4 -3 1 14 0 
17 4 34 8 1 -2 -10 6 
-24 -17 -24 -15 1 -1 3 -20 
14 10 5 21 -3 0 2 -1 
-20 -7 -1 3 -1 0 0 19 
15 -5 4 -7 -2 -2 -11 -29 
-5 6 17 -5 1 1 8 14 
14 -11 -10 0 -1 2 -19 -2 
-7 1 3 4 -1 0 24 12 
-8 -12 -23 5 -3 -3 -4 1 
1 -22 -10 -8 -2 -2 3 0 
1 -5 0 -4 3 1 -2 17 
12 -7 -6 -3 -4 -1 -1 -19 
-11 13 -1 -1 -3 -5 -17 -3 
16 29 1 8 0 -4 7 9 
-13 -25 -12 8 4 1 4 7 
5 14 28 -8 -4 -2 0 21 
-12 -19 -35 -22 -9 -1 9 -34 
2 16 22 0 1 -1 -16 2 
0 9 -20 10 -1 -2 1 -3 
-6 2 17 8 0 -1 -4 -2 
21 8 -14 -6 -4 -3 3 13 
-26 -19 12 3 0 1 0 -8 
-6 30 14 -7 -2 1 5 -13 
11 -18 -21 -21 -8 -6 5 22 
-18 7 -1 13 2 -1 -33 -57 
-1 -13 -16 -4 2 1 12 15 
-2 4 34 20 1 -2 -4 -8 
-5 6 1 -16 -1 0 -6 -3 
5 -12 -18 -7 -5 -1 4 15 
7 19 11 4 1 3 6 13 
-11 5 12 5 3 3 3 -14 
46 -6 7 13 -1 -4 -17 8 
-24 -4 1 -2 1 1 24 17 
-2 -9 -11 -4 -3 0 -15 -29 
-6 -29 -12 -11 -7 -3 5 17 
3 8 16 1 2 0 -1 -13 
-22 -6 2 6 3 2 -3 7 
0 -16 -22 -28 -9 -7 0 -7 
-1 -9 9 12 1 -1 -3 -10 
-9 -6 7 12 5 4 2 0 
17 9 2 -10 2 0 -15 20 
-7 18 11 2 1 2 5 -10 
7 -14 -18 -6 -3 -2 1 12 
-28 7 7 29 2 -2 4 -19 
8 -6 -6 -46 -7 -1 2 11 
12 1 -2 5 0 -3 -15 -3 
1 15 4 -2 0 0 6 -1 
-15 -1 -11 2 -3 2 6 -7 
15 2 8 11 -1 -2 -10 1 
-18 -12 5 7 -1 -1 6 3 
16 7 -8 -12 -2 -1 -15 -12 
-26 -6 10 11 1 -1 -10 -20 
9 5 -10 -5 0 -2 23 17 
9 -37 -24 -13 -7 1 -6 14 
-1 15 29 2 3 -2 -1 -41 
1 -4 -7 -1 -6 -6 -8 5 
-8 -1 0 13 1 -3 -11 -14 
-5 -14 2 5 -2 -2 9 5 
3 4 -33 -25 -8 -3 14 11 
7 6 -31 -9 1 0 -15 -1 
-13 -8 12 4 -2 -4 -7 -5 
2 17 12 -19 -3 -2 2 -11 
-5 8 -10 7 0 0 -6 10 
5 0 7 -5 0 -1 -2 -7 
13 27 11 13 -1 0 -2 7 
-16 1 -3 1 0 1 11 7 
-1 11 6 -1 0 0 -4 -3 
1 -9 -3 -8 1 -1 -9 8 
8 -1 -5 21 -3 0 8 -9 
-6 -6 16 -5 -5 -4 7 1 
10 -8 15 0 5 -4 -14 -1 
-7 -12 -9 0 -7 2 -4 6 
0 14 4 -7 -2 1 13 12 
6 14 -2 1 1 -2 13 -13 
-2 -18 -2 0 -3 -3 -11 25 
6 -2 -8 6 0 -1 2 -11 
-18 -13 -2 -4 -1 -2 -4 -13 
13 11 -10 4 0 -2 -10 -4 
-7 -14 16 10 0 0 10 -4 
13 15 -9 -12 1 1 3 11 
-1 4 58 -2 -5 0 0 21 
-24 -37 -70 2 3 -2 -11 -53 
11 11 -18 -9 -6 -2 1 0 
-6 -6 5 7 4 -2 -6 3 
-6 -23 5 -9 -5 -3 12 -10 
12 -3 2 -5 1 0 -21 1 
-24 12 16 18 -1 2 -7 -4 
6 -10 -27 -39 -2 -7 1 5 
-1 6 -17 0 -9 -3 -5 -5 
0 16 30 5 4 -1 -11 1 
-19 -16 -44 -21 -8 -4 1 -18 
10 10 39 13 0 -1 15 17 
-8 -12 -26 -1 6 2 -10 -9 
-9 2 9 3 -1 -4 -8 -10 
21 11 53 1 -6 1 7 33 
-15 13 14 3 -3 -6 -3 -9 
-22 -28 -16 -6 2 2 -15 -37 
11 7 -19 -10 -5 0 15 21 
11 -9 7 9 5 6 23 1 
-6 19 17 12 -3 -6 -21 -9 
12 -1 -27 -29 -2 2 6 9 
17 0 17 8 -1 -2 -1 12 
-11 -36 -26 4 1 -4 -12 4 
-19 15 -6 -13 -2 3 -2 -20 
0 4 0 17 -1 -4 3 2 
9 2 17 1 2 0 -8 18 
-4 13 -29 -13 -1 0 3 -31 
11 -18 -37 -7 0 0 -5 0 
-15 -24 -21 -1 -1 -5 -3 12 
-9 -14 -5 8 -7 -1 -5 -6 
3 -3 3 8 1 -1 8 11 
-11 -11 -2 29 1 2 8 -17 
7 0 6 -23 -2 -1 -45 13 
14 1 -14 -6 -2 -8 5 10 
-15 -4 0 -8 -1 7 -9 -17 
0 -7 -3 -9 -2 -1 5 -2 
19 -2 9 11 0 -2 -3 17 
-23 -1 10 3 2 5 -3 -26 
-3 -8 -13 -19 -4 -12 -20 -22 
3 13 6 -11 4 6 21 17 
5 6 -25 17 -3 1 15 -8 
-7 -28 20 5 5 5 -11 -7 
-17 26 -12 -7 -5 -8 2 24 
18 -10 49 8 -3 -3 -54 -16 
13 63 32 -16 -1 2 102 37 
3 -21 -2 19 5 -1 0 14 
-11 39 6 3 -1 2 -17 -33 
-12 -25 1 -6 -8 -11 -6 25 
-12 -15 -51 -15 4 7 -9 -22 
45 28 8 2 -3 -4 -5 29 
7 4 12 6 5 2 -10 -30 
-26 14 -41 -8 -1 -1 -14 -31 
-11 1 12 2 -7 -11 31 22 
-28 -11 -21 -29 -7 -4 3 -12 
31 -9 6 3 2 1 -1 25 
15 -7 -15 -8 -3 -3 -17 -1 
0 -10 8 18 3 2 11 8 
-15 16 -37 -58 -8 0 -9 -2 
-19 -15 -12 -18 -7 -14 -20 -25 
-27 2 6 2 -1 -3 -1 -8 
9 -13 4 -1 2 0 -13 9 
3 6 2 28 2 1 -3 -15 
4 -11 -14 3 0 6 19 33 
-13 13 -11 -28 -7 -1 36 -11 
-20 -13 14 20 0 -9 -58 -49 
16 10 -18 -8 -2 2 3 18 
-7 -10 -4 11 2 2 -6 2 
-10 -26 -19 -5 -3 -4 -5 -12 
20 12 22 14 6 4 -7 2 
-14 6 5 0 0 -3 -4 -36 
-12 1 8 6 3 7 21 39 
28 28 -20 5 0 -3 6 9 
-15 -6 -24 -44 -9 -3 9 -13 
1 -14 36 14 3 0 8 -8 
0 -3 3 -1 -4 -5 -5 23 
-5 -9 -13 -3 -4 -2 -18 -37 
11 7 -3 4 2 3 13 8 
-5 19 34 -1 -5 -3 1 21 
1 -10 -3 -2 -1 -2 13 18 
11 11 1 12 4 0 -15 -41 
-10 47 11 18 18 8 4 3 
-3 -33 -32 -7 -13 -5 -27 -43 
-2 3 -8 10 -3 -7 4 -4 
7 -16 53 -19 -6 5 33 49 
2 5 2 6 2 -5 -29 6 
-10 -6 -8 1 5 -1 0 -21 
0 8 8 -8 1 6 -1 -17 
9 -1 58 45 7 0 25 16 
-16 -7 -7 -23 -7 -8 -7 -2 
-9 7 7 18 5 0 -2 11 
18 -6 -18 -8 -2 1 -3 -12 
-9 -17 43 0 1 6 3 12 
-5 -54 -12 -16 -9 -7 -20 -1 
12 18 8 2 3 3 21 29 
-17 -52 -61 21 9 -1 -7 -33 
1 31 -20 -18 6 1 4 20 
6 -8 71 13 -38 -11 0 -18 
-9 -22 -75 -39 1 -5 -8 9 
12 18 84 7 -14 -2 -6 -17 
-12 23 25 -1 15 2 0 12 
-6 -14 -54 5 7 5 -1 -10 
10 33 30 4 -2 -2 6 16 
-11 -4 -4 1 -1 -5 -2 -2 
18 -4 -43 18 -14 -6 -30 15 
-20 20 -11 -13 -5 -1 28 4 
-10 20 26 -7 9 5 1 -44 
21 24 -3 13 7 2 -3 33 
12 -9 -58 -42 -9 -6 -7 -46 
28 46 38 27 14 12 18 36 
-35 -17 -33 -9 -9 -7 -4 -10 
16 -4 14 -9 -6 -5 -8 5 
-6 -11 -11 17 -4 5 8 24 
-17 -28 -6 -15 -4 -11 -20 -33 
-23 20 20 37 3 2 27 -33 
43 9 5 -13 1 4 -43 14 
50 -16 -15 -4 -6 -12 31 46 
-46 -2 -27 8 1 2 17 -9 
-30 -1 -3 -15 0 10 8 16 
-36 -13 -10 29 -6 -14 7 34 
-22 29 17 -32 3 3 -82 -88 
41 -14 -27 16 -2 -1 32 73 
47 -44 20 -48 1 -2 6 40 
-103 55 -22 44 12 12 17 -5 
-14 -26 18 -11 -11 -3 -43 -59 
-14 3 22 12 0 -3 -38 -21 
37 -7 6 47 -1 -13 -13 -4 
16 -37 -18 -56 -4 7 31 20 
-44 4 -14 -21 -12 -6 73 21 
15 -6 -4 16 4 0 -40 -1 
8 -28 8 0 -8 -7 -46 -24 
12 8 19 27 5 8 51 -3 
13 24 28 9 6 4 15 15 
-10 -24 4 -3 -1 -2 32 4 
-5 -28 -22 -13 -5 0 -17 0 
-7 8 21 -27 -6 -13 -54 -58 
11 -23 -43 6 -3 0 16 42 
13 23 20 -6 7 3 -16 -17 
-38 -3 12 8 -7 -6 11 -6 
16 -9 -1 -22 -2 1 -7 -28 
4 9 8 20 3 -2 4 21 
10 33 -90 -9 5 2 -14 -15 
-10 -10 43 3 -18 -7 0 -1 
6 6 -29 -15 -4 -2 14 14 
8 0 -2 17 11 6 -4 -2 
-2 -22 9 -8 0 0 -2 -4 
7 32 13 26 24 6 -21 -12 
8 17 -14 -31 -39 -19 12 -3 
-3 -23 -15 1 2 3 15 17 
0 -22 26 -15 -7 -7 -17 -20 
4 -5 -90 -1 -5 3 14 21 
4 7 106 8 19 8 -3 16 
-9 19 -7 -1 9 0 -5 -29 
-15 -50 -13 -19 -30 -11 -2 -8 
3 -55 -22 -6 -1 -1 0 10 
-2 3 -38 -7 9 1 2 -4 
-9 24 -15 19 -1 3 4 -30 
-3 -8 26 -28 -3 -6 -11 2 
14 -2 -23 -24 -6 -4 8 31 
9 13 -16 8 -1 1 -6 -25 
-17 -7 36 -10 2 1 -1 18 
11 23 16 33 13 6 -7 -19 
8 5 -4 2 -6 2 12 31 
-19 -24 -10 -6 -10 -12 -23 -51 
-3 -3 13 4 0 -1 -6 18 
-8 -9 -6 -4 4 2 1 -80 
6 44 -25 -6 3 3 32 99 
-7 -32 10 18 4 -10 -53 -88 
-2 -7 -12 -18 -15 -6 -12 40 
1 2 -3 -16 -2 -3 -10 23 
17 15 -2 -5 -2 2 8 -5 
13 -4 -35 8 -1 3 17 49 
-34 -18 12 14 -3 -10 -24 -70 
22 41 -3 -9 -1 4 20 50 
19 12 33 23 5 4 11 3 
-62 -25 -35 -31 3 4 9 -44 
15 8 -5 6 -7 -6 2 21 
14 27 -30 -8 0 2 4 8 
-18 0 33 17 2 -2 -28 -40 
1 5 -2 -4 -2 -3 20 48 
10 4 9 -15 -3 -1 4 3 
-24 -27 -8 -12 -6 -6 -3 -19 
-6 6 -1 -2 -5 -5 -10 -32 
21 -9 21 -5 0 1 -14 9 
12 22 12 14 6 2 12 32 
-2 -29 1 9 -3 -5 -9 -13 
-11 -16 -2 -7 0 1 -2 -14 
21 10 -6 -6 -2 3 14 59 
16 -11 -5 4 -2 -2 0 -16 
-35 -21 12 21 2 1 -3 14 
6 16 -27 -32 -3 -2 -11 -36 
-26 3 -22 7 -4 -5 -7 0 
1 -15 13 -1 -1 -1 0 4 
5 15 46 -9 -1 2 3 29 
11 -5 -6 11 1 -1 5 -3 
15 -24 -8 1 0 2 1 32 
-38 -14 -21 -20 -9 -6 -5 -46 
12 -8 -6 -7 5 1 -10 -21 
-21 -8 -12 2 -3 -7 7 9 
14 -7 3 1 -5 3 -2 -4 
1 1 -5 -15 1 2 0 -1 
-6 -13 -22 8 -2 -2 6 16 
10 0 31 3 1 3 1 -35 
-3 4 -9 -3 -3 -5 -10 15 
21 -8 -38 1 2 2 5 13 
-4 18 -2 4 2 1 -6 0 
-11 31 34 -12 -8 -5 -1 -3 
10 -30 -27 2 4 6 12 4 
-9 -15 21 -1 -4 -3 -5 -12 
14 -3 15 22 4 0 -5 11 
-12 -11 -33 -30 -6 -6 -7 11 
-10 4 27 -3 1 0 1 -16 
6 15 -6 3 0 0 -1 12 
-7 -19 -26 0 1 -1 -5 -13 
0 -7 16 13 0 6 16 8 
-1 9 -13 -14 -6 -7 -4 38 
-6 -2 -12 -3 -3 -5 -12 -78 
12 -8 -14 -16 -8 -10 10 30 
2 16 16 7 5 2 -7 7 
3 3 -5 -3 -1 -2 -5 -20 
-16 -15 -18 1 -2 -1 1 8 
3 -4 15 -20 -10 -3 -2 -12 
-5 -36 -14 4 1 0 -6 -11 
-13 12 13 5 -2 -3 5 1 
26 25 16 3 2 -1 -6 14 
-16 -32 -19 -7 -3 1 -1 -3 
1 14 7 -2 2 2 1 20 
10 -4 32 23 4 2 0 -28 
-38 -19 -41 -15 -7 -9 -13 -22 
5 10 19 -1 1 0 3 9 
-4 3 -6 3 -3 -3 -3 -7 
16 10 -2 -2 -2 -2 0 14 
29 8 27 0 3 2 4 24 
3 6 1 23 2 3 -5 -8 
-22 -15 -7 -13 -4 -5 9 -2 
-1 14 10 -13 -5 -5 -13 -31 
-4 -4 -13 7 4 3 12 27 
-9 -4 2 -2 2 -3 -6 -4 
10 -4 10 6 0 3 3 -1 
-4 5 3 -3 0 0 0 5 
-4 12 12 10 1 2 6 31 
12 -3 -24 -12 2 -1 -5 -21 
-19 -27 10 -1 1 -1 -7 -25 
7 -11 -22 -18 -14 -8 -4 12 
-4 -1 12 4 2 2 -3 -15 
-12 0 8 6 -1 0 6 14 
14 11 -6 5 3 -4 -6 1 
4 -11 1 1 2 1 3 8 
-1 11 30 8 -1 1 9 49 
24 16 15 5 5 5 -6 -77 
-23 -23 -57 10 -4 -5 -9 -4 
-7 1 -36 -31 -8 -5 1 7 
-4 -14 -11 -6 -7 -7 -4 -4 
-1 2 15 3 1 0 -1 15 
10 17 16 6 1 0 -5 3 
-8 1 7 14 5 2 2 -17 
6 3 -8 -4 1 1 -2 -5 
-12 -2 -17 -15 -8 -5 4 15 
1 -15 -36 -1 0 1 -3 -11 
6 -8 15 -3 -3 -2 0 40 
-8 0 4 0 -1 -1 0 -23 
-30 -17 -23 -13 -7 -8 -7 -77 
0 -11 -30 -9 -6 -2 6 13 
7 26 21 2 0 -2 -14 -5 
4 -3 -22 -5 -4 -2 1 9 
1 -3 -3 4 -1 4 5 26 
7 4 14 0 -1 0 -4 -4 
1 11 13 4 3 1 4 0 
-16 -11 6 8 -1 -1 -3 -5 
-4 -9 -41 -12 -3 -3 -8 -10 
-18 -3 26 -3 -4 -4 4 1 
11 -1 1 2 -2 -4 -5 1 
4 -8 -10 0 8 -1 0 -6 
26 -1 -12 -15 -17 -3 3 35 
-46 0 -11 -10 -2 -3 -18 -23 
4 10 7 24 5 4 15 7 
-31 0 -16 -10 -1 -2 -7 -51 
18 -12 20 3 4 -1 -6 15 
23 -2 10 -1 0 3 -2 13 
-7 -1 -2 2 4 4 5 5 
4 -15 0 -4 -5 -2 1 10 
4 44 9 8 6 2 0 26 
5 -20 10 3 -6 -3 -6 -32 
-6 3 -32 -24 -4 -3 5 -6 
2 -13 -18 -12 -9 -3 -4 -16 
-16 -8 13 2 -2 -4 -8 -11 
22 36 34 6 2 1 2 22 
-4 -3 -18 5 1 2 15 -12 
-3 6 3 -2 6 -1 -9 6 
11 -16 -2 -10 -14 -2 -4 24 
-12 13 3 -1 -4 -3 -2 -15 
-6 -12 -5 2 -1 -2 -14 -22 
1 2 -1 -4 -2 1 12 15 
0 1 15 9 10 0 6 14 
26 4 3 1 1 2 1 19 
-21 -10 -23 -4 -6 -2 -4 -22 
-17 -3 -1 3 -3 -4 -6 -7 
2 -5 -8 -18 -2 -1 -1 19 
-4 3 -3 3 1 0 1 2 
11 -5 24 2 -1 -1 -4 9 
-13 8 4 -1 -4 -4 0 3 
-6 -20 5 4 2 0 -1 -25 
-5 11 -5 -3 2 -1 0 4 
-6 -26 -36 2 1 -2 -12 -15 
32 39 41 5 1 4 17 15 
-39 -4 -12 -8 -3 -3 0 5 
35 12 7 -4 -1 1 12 23 
-16 -15 -8 2 0 -4 -7 -41 
11 -18 -7 2 -1 2 -2 5 
1 -1 7 -5 -3 -3 -7 -16 
-16 -5 -28 -9 -3 -2 6 21 
21 34 20 5 0 -1 3 47 
-5 -27 -3 0 1 0 -10 -33 
3 -1 5 9 -1 -3 -1 -3 
10 -12 -8 -9 -4 -3 -7 3 
-22 22 6 7 2 2 1 0 
5 2 8 -11 -6 -5 -3 2 
-3 13 -4 2 2 5 4 1 
1 -29 -32 -6 -1 -4 -13 -16 
0 -8 -10 -5 -3 -1 3 0 
9 21 6 4 -2 -2 2 9 
-19 -12 -7 0 4 1 -1 -7 
9 33 29 1 0 2 5 21 
-9 -11 -8 -3 -2 -6 -10 -29 
-1 -7 -20 -3 -4 -1 -6 5 
-3 1 0 8 3 0 21 0 
-13 -10 19 -3 1 -3 -23 -7 
9 6 -14 -17 -5 0 11 16 
4 -5 1 -3 3 -2 3 5 
0 -15 -9 -1 -7 -4 -10 17 
-9 1 6 6 -5 -3 -3 -53 
-12 -12 2 1 0 -1 0 -9 
18 1 -5 -1 0 -2 -5 30 
-41 9 -1 2 4 0 2 -22 
-15 -5 -8 -11 -3 -5 -7 1 
25 -7 24 4 2 3 -2 -8 
3 13 2 0 0 -2 8 45 
-3 -24 33 -1 -3 -2 -7 -64 
-10 -15 -37 -4 -3 2 3 7 
1 -5 -7 -5 -3 -4 -12 2 
4 8 0 4 -1 1 2 -2 
13 3 31 2 -1 2 0 28 
-1 2 -2 1 -1 -1 0 -38 
8 45 37 10 6 1 3 4 
-9 -23 -32 -9 -2 0 -8 -20 
4 12 1 -2 -3 -3 -9 1 
16 5 -8 15 -1 -2 14 19 
-9 7 6 -3 3 -2 -3 4 
8 52 17 5 -6 0 -1 -12 
8 -25 -24 -7 1 0 -5 7 
-17 9 1 -3 0 -3 -2 -2 
6 -15 6 7 2 4 3 -1 
-8 -14 -10 0 0 -3 -10 5 
-6 9 -30 -5 -1 -1 -5 -26 
4 -19 9 1 -3 -3 8 -13 
-2 -5 -11 -4 -1 -3 0 6 
-43 -25 -3 -6 -3 -2 -4 -18 
19 -6 -18 -6 -4 0 11 26 
6 -8 24 8 5 0 -5 -2 
-18 -9 -20 -7 -3 0 6 1 
9 -13 -4 1 -1 -3 -8 13 
3 7 6 -1 -2 -2 4 -14 
-1 0 3 -1 1 0 -6 0 
-1 -7 -1 -6 -5 -1 2 -5 
9 -1 -21 0 -5 -6 -4 -5 
2 21 4 3 1 -3 -3 5 
-2 6 2 3 -5 1 0 0 
-3 10 22 -6 -2 1 -2 0 
1 -3 -3 0 2 2 5 5 
-3 -17 -2 -5 -1 -4 -8 -9 
-12 0 4 -5 -3 -3 -9 -58 
1 -5 -37 -7 -6 -4 0 15 
-9 -1 8 -2 -4 -2 1 -9 
8 12 14 3 2 1 3 9 
1 11 4 9 6 5 6 37 
-4 -34 -2 -9 -2 -2 -9 -15 
0 -2 12 8 0 1 -2 -41 
8 -1 -23 -1 -3 -5 -8 14 
-28 -6 -12 -8 -3 -5 -8 -3 
1 9 14 8 0 1 1 11 
1 2 23 -1 2 1 9 10 
0 -16 -11 1 0 2 -3 11 
8 -5 -2 1 2 1 4 -14 
3 36 -2 1 1 -1 -9 -14 
-21 -29 -21 -12 -6 -3 6 -5 
-2 2 8 1 -2 -5 -2 6 
23 2 -4 -4 -3 -3 -2 17 
-10 7 -1 5 5 -2 10 -10 
10 -11 34 4 -3 3 -16 21 
-14 -2 -26 -5 -4 -1 -3 -50 
-1 4 -14 -3 -2 -2 -4 29 
-4 -25 -26 -6 -3 -2 0 -23 
4 7 -4 1 1 -3 3 3 
-2 -12 19 -1 1 2 7 9 
5 -5 13 1 -2 -5 -11 12 
7 13 19 9 1 1 -4 2 
11 0 -13 -6 0 -1 1 -5 
-18 14 -13 -2 -4 -1 0 10 
0 -5 -7 -6 -2 -1 3 -15 
2 -2 0 2 -3 -3 -5 14 
-6 0 -4 -2 -1 0 4 -10 
7 -3 7 4 3 4 1 27 
-5 -11 27 9 2 1 1 -20 
10 -4 -34 -11 -5 -2 -6 1 
-43 -5 -11 -11 -9 -6 0 -12 
-1 -7 15 5 1 -3 2 1 
0 5 -22 -2 -2 -2 -4 7 
-6 -13 13 7 2 0 -1 0 
4 21 11 3 7 -1 -7 -13 
12 -4 -10 -13 -7 0 1 17 
-18 -2 -17 -4 -6 -4 -2 -1 
-4 -8 11 -6 -4 -2 0 -1 
11 -6 -14 1 -1 -1 -4 0 
-11 -2 11 3 1 -2 0 -5 
10 -14 6 -1 4 3 -2 -1 
-7 -3 0 0 -3 -2 0 1 
4 27 14 7 5 4 3 15 
21 -4 -25 -6 -4 -2 -4 -25 
-43 -2 5 -2 0 -1 2 13 
26 -5 -11 -7 -6 -3 0 35 
-19 -7 12 -6 -2 -4 -6 -74 
1 5 9 6 1 -3 -11 8 
8 8 9 0 -1 -1 12 6 
-11 -4 -11 2 1 0 3 7 
26 21 4 -2 -3 -2 -1 18 
-25 -4 14 4 4 2 -5 -11 
14 -36 -8 -13 -5 -4 1 9 
-14 1 -9 -1 -1 -2 -10 -23 
13 -3 -16 -5 0 2 13 32 
1 1 1 2 1 -2 2 -23 
2 8 12 4 0 3 1 8 
16 4 0 -4 1 0 -2 5 
-44 -40 -4 -1 -3 -4 -3 -14 
2 -12 -7 2 8 1 6 14 
-1 10 -5 -6 -12 -1 -2 -7 
-2 5 13 2 0 -2 0 1 
6 10 -1 6 1 0 0 46 
26 -13 -45 -15 -6 -4 -11 -45 
-27 8 24 2 2 -2 0 -24 
-9 -3 -24 4 -1 1 -4 -4 
3 -11 3 0 -2 -1 -7 1 
1 8 2 -1 -5 -2 10 15 
14 9 -7 4 1 -1 -15 4 
-12 -8 10 -6 -1 0 7 -8 
3 12 -10 -2 -2 0 -3 -9 
-3 -7 -7 -3 -5 -2 -3 8 
4 6 -20 -3 -2 -3 -3 -9 
-3 22 21 10 3 -1 0 0 
2 -1 11 -1 0 0 0 -9 
18 -6 -24 -5 -3 -2 5 67 
-7 -8 -9 0 3 1 -1 -42 
-6 -11 16 2 -1 -4 -16 -12 
5 -12 -19 -15 -12 -3 9 -1 
-3 8 22 1 -1 0 -1 6 
13 14 -24 -1 2 -1 5 27 
14 -9 23 7 6 4 1 4 
-29 -12 13 3 -1 -6 3 -11 
-2 -6 -29 -17 -7 -5 -5 -3 
-3 -6 -15 -3 -6 -4 0 2 
-2 20 10 2 -1 -2 -10 -21 
1 -33 -11 1 2 -1 2 8 
-2 41 43 12 4 4 -2 -19 
5 -17 -11 -6 1 2 6 15 
-8 -9 -28 -8 -7 -5 -2 -18 
1 -11 -6 -5 -1 0 -7 -3 
