#EMG
#5
#ID:5-49
-15 2 -2 -4 -1 -5 -16 -3 
26 18 30 -3 3 5 12 1 
18 -6 -19 3 0 1 10 3 
-11 3 12 2 -4 -7 -16 -17 
-10 -12 3 2 -3 -5 -18 -3 
-1 29 -1 -5 2 4 30 75 
16 -11 -5 -13 -9 -9 -8 -70 
-9 -3 27 20 4 -1 -6 -2 
-1 -9 -20 -11 -5 -1 -2 19 
-15 -10 -5 -1 0 0 -25 -29 
-1 -7 2 2 0 -6 -3 22 
-10 1 25 24 4 4 8 -4 
4 12 -1 -24 -2 2 6 18 
-11 -12 -10 -9 -2 -4 -16 -25 
26 17 5 3 3 0 2 7 
-17 -19 -5 -10 -3 1 5 1 
2 15 12 10 3 -1 -25 -10 
-18 -30 -30 -16 -8 -2 -12 -34 
20 22 12 -5 -4 -6 15 24 
-12 -8 -16 1 -3 -3 3 1 
-5 -1 0 8 1 4 12 4 
8 28 7 1 3 6 13 -30 
10 -7 17 13 -1 -9 -25 59 
-7 2 -26 -16 -4 -2 -17 -79 
-5 -19 -20 -4 -5 -5 24 13 
-7 -5 4 -2 -2 -5 -2 7 
-9 -11 -2 -1 0 4 1 -17 
13 15 9 -1 2 1 3 19 
3 15 12 22 4 1 1 -7 
15 -38 -40 -50 -10 -9 -13 24 
-9 -13 24 27 -4 -2 0 -48 
-9 -1 -5 -7 -2 0 3 9 
1 2 -5 3 -6 -6 -3 -4 
4 28 34 17 4 6 23 10 
6 -11 -26 -12 -2 3 -4 10 
38 14 5 -3 3 1 -6 28 
-25 -3 15 7 7 -2 -23 -9 
7 19 -5 -5 -10 -7 -2 -53 
-2 -19 -12 -10 -2 0 8 3 
2 -11 32 17 5 2 8 -1 
5 -5 -17 -6 -1 -1 -6 6 
-8 -2 13 16 11 11 -6 16 
17 3 15 11 -3 -7 11 -19 
-46 -23 -40 -43 -8 -9 13 -6 
12 -4 -5 -7 -6 -5 3 19 
-11 -13 -14 -3 -2 0 -1 -24 
18 13 5 7 1 1 -10 25 
-4 5 18 12 4 5 -2 0 
15 -1 3 0 -5 3 14 -2 
-10 -2 -25 -2 5 1 -15 -4 
-12 1 -4 -7 -5 -4 10 10 
10 -8 -7 -4 -5 -9 -22 5 
-9 -10 -21 0 -2 1 13 23 
-9 -6 16 9 0 -7 -12 -60 
15 36 -21 -1 3 7 -3 3 
7 7 11 -6 -1 0 3 11 
6 5 22 10 0 0 1 -6 
-3 -22 -34 0 -4 -6 0 33 
-32 4 -7 -14 2 4 -15 -24 
4 -21 -27 9 -6 -1 29 26 
6 25 57 -9 0 -3 -32 -15 
19 6 -8 -9 -6 4 27 26 
-66 0 -6 9 2 -15 -34 -46 
26 0 -20 -10 -2 5 6 14 
19 10 8 1 1 -1 -3 35 
3 -9 22 5 -2 -3 1 -8 
15 -18 -37 -14 -3 0 10 18 
-14 -2 17 7 1 -2 -8 -20 
3 11 -30 -10 -4 -2 10 1 
-24 -19 1 11 -4 -7 -21 33 
15 -6 30 7 6 9 -15 -35 
-24 -4 -8 7 -1 -6 1 -6 
13 -1 -25 -27 -5 3 11 -11 
37 34 7 1 -2 -6 11 31 
-40 -16 -25 -6 -6 -4 -28 -21 
-3 4 -1 -15 -1 0 -13 -4 
-4 4 -4 9 0 1 5 -2 
-11 -23 1 12 4 5 16 -59 
28 -40 24 -3 -4 -5 -4 35 
-18 17 -28 -6 -1 -6 -4 -8 
-13 -19 -14 -1 -2 -1 11 -1 
-17 -12 1 -1 -3 -3 -32 10 
13 26 11 -4 -2 3 27 9 
-7 1 23 7 -1 4 22 -5 
21 -16 -24 -1 -3 -3 -21 22 
-9 -11 25 -5 -3 -2 -1 -18 
-17 10 -25 -14 -4 0 3 -5 
-8 -8 -7 -4 -2 -8 -25 -10 
-14 3 22 22 3 0 5 -12 
4 31 4 -12 0 1 6 14 
22 -10 19 30 5 8 2 41 
22 10 -6 -6 -8 -8 7 11 
-18 -13 -29 -3 -1 0 -9 -41 
-13 -14 31 -3 -4 -6 -19 -18 
26 26 -5 9 5 5 8 12 
-18 3 -4 -15 -9 -2 27 30 
-11 8 -27 -12 -6 -2 -10 -22 
0 -16 3 8 4 2 11 6 
1 33 -16 14 0 -1 11 1 
18 -34 0 -40 -3 -1 -17 -3 
-24 -30 -10 -7 -6 -6 8 8 
21 12 -27 10 3 2 11 8 
-36 2 9 -14 -6 -10 -17 -28 
9 -7 28 12 2 6 -11 -20 
-15 -27 -23 -11 -5 -15 -4 14 
14 3 -20 2 4 5 -22 20 
-1 -11 39 -14 -5 -8 2 -35 
-6 50 -21 12 1 3 3 31 
-20 2 5 -9 -4 4 13 -13 
10 51 19 11 1 -3 -16 -4 
8 -49 -44 -14 -3 4 5 25 
-6 30 31 29 5 2 -7 -26 
35 6 2 -20 1 3 10 33 
-49 -25 -39 -18 -13 -9 -8 -16 
46 17 4 10 3 4 13 42 
-12 -40 10 -3 0 0 -5 -27 
-31 -8 -3 -2 -2 -5 -27 -44 
-9 -8 17 -9 -3 3 6 11 
-4 -10 -33 -8 -6 -11 -3 50 
18 3 9 20 3 0 -14 -74 
18 20 19 11 0 2 3 29 
-2 -4 -6 -11 -1 -1 5 -21 
-21 -21 0 1 -7 -5 -22 -43 
15 -16 -16 5 0 4 51 93 
1 -9 9 8 0 -6 -15 -45 
1 22 16 -18 0 3 10 7 
-6 -6 4 4 1 3 7 16 
4 12 41 13 3 2 -8 -31 
-18 -8 -13 -11 -3 0 -3 16 
-13 -21 -18 23 -4 -7 -11 -11 
-15 -2 -8 -25 -3 -3 5 -18 
-5 30 -2 -24 -8 -10 -29 7 
2 -20 12 23 5 4 17 10 
12 10 -8 -7 -2 -4 -10 2 
-21 -40 13 7 3 4 4 17 
-12 -12 -4 -7 2 2 2 9 
28 14 2 14 0 1 7 -33 
-15 -17 0 -5 -2 -1 0 -16 
-10 -1 -13 -13 -6 -7 -26 -9 
5 -27 31 39 0 -4 3 16 
1 18 -5 -35 -7 -1 -9 8 
23 0 29 19 13 4 -1 0 
2 31 -42 -20 -6 7 23 17 
38 16 -20 -4 3 1 -7 6 
-58 -24 34 20 3 -4 -8 -15 
-6 -11 -29 -8 -10 -14 -24 -22 
3 -4 32 14 2 2 11 11 
6 -8 -19 -16 -3 3 -18 -15 
-3 1 -24 8 1 1 8 0 
16 27 24 -16 -1 -3 -10 16 
-5 23 38 14 -1 -1 18 -35 
25 22 9 20 8 5 9 49 
-17 36 8 -11 1 -7 -13 -64 
-25 -21 -10 -4 -14 -2 -1 -15 
10 -37 14 3 3 -4 -21 0 
-6 32 -30 -6 -10 -1 19 12 
24 -11 38 2 -8 -8 -11 29 
-5 -37 -30 6 15 2 15 -1 
-12 -8 -11 -24 -14 -4 -16 -74 
-27 -1 -25 6 2 -5 10 -7 
0 57 26 23 4 5 17 50 
20 -49 -9 -15 -7 1 13 13 
0 34 28 10 8 -1 -7 51 
19 -62 -84 -59 -10 -6 -15 -77 
-7 50 54 32 -3 -1 0 12 
-10 14 39 21 3 3 7 -14 
3 10 -49 -27 -3 -3 3 9 
-8 -18 11 13 -13 -8 -26 -16 
-27 -32 -22 -18 3 -6 -14 3 
4 41 -12 12 5 5 30 23 
-18 -66 5 7 4 0 -26 -45 
-5 0 -2 -29 -3 -2 6 11 
34 -15 29 5 0 7 4 0 
-24 52 11 -22 -10 -10 1 -23 
17 18 -29 27 6 -4 2 36 
-5 -9 6 6 4 2 -3 9 
14 10 21 -19 1 6 2 -46 
-24 -64 -53 14 -4 2 -15 2 
0 -10 -16 -17 -10 -11 -9 -13 
3 11 20 -8 -1 -5 30 48 
18 -52 -56 -23 -12 -2 -10 32 
-40 11 77 18 9 2 6 -21 
27 10 34 -19 2 9 25 40 
-38 -23 -22 24 5 -5 -39 -109 
-9 -32 -40 2 7 1 19 -12 
26 8 36 -7 -4 -5 -9 21 
-21 -45 -26 1 5 4 8 24 
2 -32 44 -10 -2 0 12 43 
8 49 -11 -10 3 6 12 -14 
22 53 40 59 13 2 -10 13 
-8 -12 2 -23 -8 -5 -7 -9 
17 41 -16 -24 -9 -1 -1 36 
2 -24 -48 -3 -1 0 15 34 
4 5 -37 -19 -3 -11 -31 -65 
-38 -9 43 28 10 0 -4 8 
-1 -9 -27 -26 -14 6 23 -35 
-7 5 -9 3 0 -7 -23 -3 
22 -1 0 -8 -6 5 -23 23 
32 20 4 10 9 8 50 16 
-15 -16 -14 -5 -4 -11 -5 4 
-7 9 7 5 0 -6 -22 -30 
-4 -21 -14 12 -2 -2 -6 -2 
-1 2 -24 -23 -7 -6 -20 -23 
-8 4 36 18 0 2 -1 40 
14 -18 -26 -12 -6 -3 -5 -41 
4 17 -20 8 7 7 18 58 
13 0 6 19 -3 -5 -18 -43 
-4 -15 7 -9 9 2 10 12 
-18 22 31 10 -8 -6 -56 -7 
19 -36 -40 -45 -3 5 47 24 
-36 4 12 11 -14 -2 -25 -36 
35 7 12 29 1 -17 -68 -25 
-13 -25 14 -5 4 9 46 70 
13 -6 -14 -7 -3 -5 48 -6 
3 1 -40 -15 -2 3 -10 22 
22 -11 -12 3 0 -6 -2 28 
-58 30 19 -11 0 7 -51 -76 
25 -20 -3 -6 -8 -9 -30 12 
-71 3 30 -30 -3 -3 42 -16 
23 -4 -33 20 3 3 7 11 
20 -32 -44 -12 -4 -6 81 81 
-49 -8 17 -5 -2 -2 -36 -16 
-8 15 40 49 11 0 -54 -52 
-8 -4 5 -16 -4 8 7 35 
-42 -17 10 17 -2 -10 15 -57 
14 16 -6 -38 -7 7 83 63 
24 -51 -8 39 1 -6 6 10 
-5 7 -63 10 -7 -9 -16 11 
19 9 56 27 7 -2 -46 -37 
-19 -15 -28 -29 -12 -8 19 -10 
2 33 -26 -29 -7 1 5 13 
5 0 66 -7 1 5 22 -16 
16 3 -29 12 6 -6 -39 2 
-24 -43 -58 9 -10 -5 -28 -33 
28 8 -14 -21 -6 5 6 12 
-27 13 8 20 11 3 -12 -25 
-3 -12 0 -26 -6 3 28 19 
8 23 2 2 -4 -3 -28 -5 
7 -16 26 -5 4 -2 21 -10 
-15 24 -10 8 -1 -8 -17 -18 
10 8 -20 -9 4 3 3 15 
22 -14 -61 -5 5 4 1 -13 
33 11 52 -19 -21 -11 -29 -7 
-41 4 29 23 10 7 7 -4 
30 -6 -20 14 -4 -2 7 51 
-9 10 13 -10 3 3 -14 -21 
-24 9 -32 0 -7 -3 10 -10 
18 9 -7 -9 1 5 12 -12 
4 -13 -6 20 -5 -4 13 12 
8 3 0 -3 -2 -5 -13 44 
-26 -6 3 59 14 4 -20 -42 
14 -20 -6 -63 -10 6 23 -27 
-21 38 -8 4 4 -4 -7 -8 
11 -17 21 -1 3 -1 -35 -17 
-25 10 -24 -20 -5 -6 0 -22 
9 -15 4 5 -6 -3 -2 58 
-2 51 -2 -30 -2 9 32 -28 
-11 9 23 31 -5 -19 -2 -33 
-7 -12 -45 -41 0 5 19 65 
7 3 19 6 2 -3 -37 -39 
9 -6 39 -7 -3 4 4 1 
19 15 -29 8 -1 0 8 14 
-25 -19 -3 33 5 5 1 -10 
-39 27 -70 -2 -14 -22 -83 -71 
22 -58 17 -14 -4 1 44 38 
5 24 -8 -4 2 4 7 4 
-12 -19 33 1 9 2 -31 9 
-6 -3 -29 20 -4 2 38 -7 
-39 0 -8 1 -2 -6 -8 -56 
17 8 -29 -36 -7 1 -1 -22 
14 7 22 -3 -2 1 13 21 
-2 -8 -11 18 9 0 8 26 
30 -11 -6 -13 -6 -8 -41 -5 
-24 7 4 16 2 4 18 6 
1 -19 13 -3 3 5 8 -11 
-8 -20 -7 -25 -8 -7 -28 4 
10 -20 -14 3 -4 -3 -2 14 
-17 3 23 -1 0 1 -12 1 
34 56 -19 4 0 -3 -18 22 
12 13 41 16 6 7 66 22 
-12 -12 -30 -7 -9 -8 -26 -42 
-42 -27 7 -29 -7 -3 -14 5 
18 14 -9 7 -1 -1 -1 -62 
-13 -4 50 14 3 -1 66 11 
9 42 -32 -11 4 8 34 61 
6 -19 36 17 3 0 -16 -60 
-7 -38 -79 -16 -4 -13 6 26 
4 2 34 1 -5 9 -12 -9 
25 -17 -22 -26 -3 -17 -47 12 
-25 19 23 31 0 1 16 12 
26 -3 -8 1 0 7 33 19 
-19 3 0 0 0 -2 -22 -44 
10 20 31 7 2 4 -34 12 
5 -26 -63 -22 -5 -1 55 79 
12 23 36 11 1 -5 -18 -52 
-41 -44 11 -8 -4 1 3 -7 
-10 -7 22 10 -3 5 -9 -15 
37 12 8 -3 7 7 -8 25 
-3 -4 27 24 6 -1 9 29 
-3 15 -22 -44 -6 -4 -62 -32 
8 -2 14 10 3 1 23 -12 
-5 -15 13 3 2 3 0 -11 
-1 31 1 -4 -3 8 72 40 
17 11 -22 -3 -6 -22 -100 -6 
36 -6 32 26 8 10 36 65 
-40 -35 -67 -29 -8 -8 -26 -71 
5 -36 -22 -18 -5 2 -21 -16 
-19 -3 9 4 4 4 30 10 
-25 6 -15 -1 -2 -3 -35 -14 
56 11 34 41 4 3 49 32 
-22 -21 -10 -40 -3 -9 -69 3 
11 8 -58 -20 -8 -2 33 12 
-24 -46 35 -9 -5 2 71 3 
9 53 80 12 0 -12 -72 -40 
-2 -27 4 -15 0 -5 -29 8 
0 -11 13 16 4 7 9 -4 
0 14 2 10 -1 10 32 -9 
-26 -13 -45 -45 -15 -14 -47 25 
29 61 60 12 7 7 24 56 
-7 14 52 15 -7 0 -42 -79 
-24 0 -28 14 4 -8 45 -2 
3 7 62 13 -7 -11 10 9 
21 -28 -66 -17 -4 -7 -21 -37 
-28 -39 -27 -3 -2 0 26 61 
7 30 26 7 5 5 -56 -28 
-7 13 -16 16 5 6 -2 -22 
-11 -41 5 0 -4 3 32 -3 
27 -11 6 11 15 1 -7 21 
-24 -49 -24 -38 -22 -11 -14 -5 
4 5 -3 -14 8 -3 6 22 
-10 -49 -18 3 -11 6 -4 -13 
7 19 -44 16 -8 -2 18 33 
-7 -14 -9 -20 6 0 -25 -51 
12 -14 39 -4 1 -4 -16 12 
4 74 -26 12 2 -4 10 -29 
5 -3 -11 -27 3 1 28 39 
-17 21 11 32 9 2 8 -12 
38 -24 -35 -49 -22 -1 -17 -5 
-37 17 2 27 -4 -11 -13 -9 
19 19 0 -17 0 0 6 3 
12 11 5 -20 -1 -1 -29 10 
-20 4 2 54 9 9 24 8 
14 60 48 3 -7 -9 -6 -14 
-6 -13 -14 12 0 1 16 -25 
11 -9 -9 25 2 1 -5 25 
-19 -5 -18 -94 -5 -2 -3 -21 
-27 -33 -25 5 -15 -7 0 1 
-25 -1 36 33 9 4 -1 -81 
24 -21 -34 -16 -6 -9 -9 23 
-29 -9 -3 50 7 9 18 20 
-2 -11 -11 -48 3 1 -8 12 
51 33 41 -4 -1 1 17 46 
12 24 -10 -5 -9 3 -31 -44 
13 -35 -6 32 0 -8 -3 16 
-40 -17 -12 -12 -2 3 23 -38 
23 18 44 2 0 -7 -11 43 
-17 -35 -26 -22 -15 -7 7 -28 
-15 -18 -19 4 -1 2 -4 -17 
17 3 21 -12 4 -2 -18 5 
-8 0 -21 12 -7 -3 4 5 
-24 -3 -37 13 12 2 10 8 
-4 13 15 -15 -11 -9 -24 -34 
24 -24 -18 0 -3 -2 6 35 
-17 -6 -4 -21 -7 -8 -4 -11 
4 43 17 -6 7 4 0 6 
7 -10 -15 19 7 4 6 13 
-22 -2 25 19 -1 2 7 -1 
12 35 -24 -10 1 1 1 7 
-4 17 18 15 4 2 3 12 
-35 22 64 -9 1 3 7 -18 
38 -19 -19 11 2 -1 -2 33 
-33 -29 -29 -13 0 2 -11 -61 
1 6 18 12 -3 -6 -1 2 
40 10 17 24 -4 1 3 36 
6 8 -32 -18 -1 -2 -6 23 
-2 -38 2 3 -4 -3 -2 -4 
2 5 9 -9 -3 -3 9 13 
14 -16 -41 -4 -2 -2 -1 25 
-14 15 17 5 7 12 40 -46 
-22 8 11 -5 -11 -20 -50 -38 
18 -9 -1 -6 -6 -1 7 39 
-16 -1 -24 -3 -6 -2 3 -38 
7 10 31 -9 5 6 5 22 
39 -7 10 1 -1 6 13 51 
-3 12 -20 -5 -2 -9 -16 -37 
-31 -20 -13 -11 1 1 -2 -38 
-1 -13 -18 3 -6 -6 -10 28 
-14 3 21 4 1 4 13 -32 
-12 14 -4 -12 -6 -5 -24 5 
28 -11 -35 -8 0 4 27 19 
8 18 0 -6 -4 -7 -17 24 
9 1 16 10 2 1 0 -37 
-17 14 7 -1 2 4 10 -8 
-17 2 6 9 -5 -4 -9 -19 
11 -15 2 0 -2 -6 -14 -4 
4 -8 -31 2 -4 -2 1 8 
-5 -13 -6 -2 2 3 6 8 
-13 -4 9 -12 -4 2 2 -4 
4 7 12 13 0 -5 -10 16 
45 8 -16 -7 0 5 9 29 
-8 -17 39 6 4 2 -2 -19 
-6 9 -20 -4 -3 -8 -12 -9 
-3 -17 -8 2 0 -2 -16 1 
-26 7 -19 -15 -2 3 19 3 
8 2 -8 3 -7 -2 7 23 
-12 -5 -6 -3 2 -1 -6 -2 
-6 -8 -10 -10 -4 -2 -2 -27 
18 21 4 1 2 -1 -4 13 
-48 -11 -2 8 -3 0 2 -33 
11 -7 11 -2 0 -2 -11 18 
-20 28 6 2 0 -1 2 -34 
-40 -18 22 -6 2 1 -7 1 
61 -1 -4 -7 -2 -4 6 18 
7 -1 0 12 7 2 1 22 
-4 -11 -25 0 -8 0 -3 -55 
-22 -33 -3 -14 -3 -2 -5 2 
1 16 9 9 -3 -7 -13 -35 
12 10 3 5 5 3 -1 0 
-7 -11 20 9 0 -4 -4 20 
-13 -3 -8 -6 -2 -1 -2 -8 
-7 -6 -4 -6 0 1 0 16 
22 16 5 11 1 0 5 16 
5 -12 4 -3 -2 -2 2 -16 
-15 -4 -40 -19 -7 -4 -1 10 
1 2 30 5 -3 -1 -15 7 
7 4 -7 1 -2 0 23 22 
-3 6 -2 -7 -1 0 -2 -8 
8 -3 12 8 2 2 -2 -13 
23 -8 -14 -8 0 -3 -4 12 
-30 26 52 11 2 1 -4 -30 
12 -27 -58 -11 -3 -6 -7 63 
-4 15 8 -6 -3 -1 7 -52 
11 -3 -3 9 6 0 -4 -38 
-36 -17 8 1 -4 -1 10 23 
7 -15 -15 -3 1 -1 -14 3 
14 39 42 13 5 -3 -8 -4 
-4 -12 -23 -6 2 1 5 21 
5 -5 20 -7 -1 -4 -13 -19 
32 -16 3 3 -2 -1 17 47 
-17 10 4 -5 -2 -1 3 13 
-7 -11 -32 -11 -11 1 2 -12 
-4 5 -13 -11 -2 -1 -7 -13 
7 14 16 -1 1 2 2 -7 
-3 -2 20 18 6 1 -5 9 
-7 -13 -25 -19 -8 -9 3 -22 
-23 -12 -20 -3 -5 3 -6 -11 
-11 13 18 0 2 -1 -3 -27 
-9 -3 -14 -4 1 -2 3 55 
2 -4 22 5 -1 1 5 5 
5 0 -14 4 -1 0 -3 -15 
-17 3 -6 -3 1 1 11 -15 
-41 -12 4 0 0 0 -13 -19 
31 5 -6 -4 -4 -2 6 29 
5 -10 4 -1 2 0 -5 -13 
-25 -5 24 1 -3 0 -2 7 
30 -17 -31 -8 -8 -7 -5 2 
-24 -9 12 -4 2 -1 0 3 
-1 -16 -22 -4 -1 -3 -4 -20 
8 -18 0 4 0 -2 -4 3 
-1 8 20 3 0 3 8 -6 
19 6 2 -5 -1 -3 -21 23 
3 -3 -35 2 -1 -2 9 28 
0 -1 -3 -29 -18 -9 -2 -31 
6 -10 -11 5 1 -4 -8 -27 
5 11 19 4 0 1 4 11 
-19 44 17 7 7 3 -7 -9 
14 -10 -3 5 1 -1 2 10 
-4 0 0 -2 -2 0 3 10 
-9 -3 6 13 5 -2 -21 -22 
3 -4 -21 -15 -6 -6 29 3 
-20 7 -13 -6 -1 1 4 11 
38 3 24 2 0 -1 -6 -27 
-6 -30 -31 -4 -2 0 8 9 
-3 -24 1 -1 2 1 -16 -25 
33 21 16 0 0 2 1 81 
-30 -7 -8 3 1 -1 18 -38 
24 16 -25 -12 -7 -10 -9 13 
2 -22 13 10 -5 -3 -7 17 
-16 20 5 -6 0 0 0 -18 
8 -7 -7 -1 -4 2 -11 -8 
7 27 -9 5 3 1 9 27 
-5 -7 31 -6 -3 -1 0 -18 
6 4 9 18 7 6 1 13 
-6 -13 -31 -26 -13 -7 -7 -21 
-42 5 25 11 1 1 1 -18 
22 -18 -21 -5 -2 -5 -1 17 
-15 -1 15 2 -5 -4 -8 -11 
23 -15 -33 -7 -1 1 3 28 
-19 -5 15 3 5 3 -5 26 
13 37 5 3 -9 -2 4 -6 
-12 -13 -38 -15 -6 -8 -21 -95 
-3 -1 12 -7 -7 -6 8 66 
6 1 3 1 4 4 2 -51 
1 3 10 6 5 2 -8 5 
-2 2 -3 4 1 0 -3 -4 
-19 1 -17 2 1 2 -5 25 
3 -5 19 -3 1 1 3 -4 
2 3 -24 -5 -8 -9 -4 -19 
-2 -27 1 -1 0 -1 1 -9 
-1 -7 9 7 -2 -4 -8 -4 
-9 1 6 6 0 2 4 7 
7 -5 5 -2 6 0 2 -15 
15 39 18 0 -8 3 1 63 
-26 -4 26 7 6 4 -6 -66 
13 -38 -23 -14 -8 -4 2 23 
-11 8 -16 -15 -4 -1 -4 19 
0 -4 23 12 1 -2 8 -22 
3 3 -29 -8 -1 -3 -1 10 
1 8 5 4 -2 -3 -3 -25 
-4 -8 14 4 5 6 4 27 
0 -9 -15 -2 1 -3 3 -4 
-18 -6 -8 -1 -4 -1 4 13 
-2 3 6 -3 0 -2 -7 -46 
5 10 -12 -2 0 1 10 35 
16 8 1 6 6 0 -15 -24 
10 -9 8 1 -2 0 19 24 
3 7 -35 -16 -12 -6 2 7 
-6 -16 -6 -2 -2 -4 -9 -11 
-10 -15 6 -5 -1 -1 -1 -2 
9 7 14 10 4 4 -2 -4 
-5 6 4 3 -2 -2 2 48 
-7 -20 6 -5 -1 -1 -6 -41 
-5 8 7 15 4 -6 0 6 
10 -18 -35 -31 -20 -9 4 5 
1 -6 8 2 0 5 4 -1 
-15 -5 -2 -6 -6 -4 -9 -7 
-17 -2 -1 4 8 4 2 -8 
15 12 12 9 4 -2 -10 13 
4 1 9 2 -1 2 16 12 
-20 -27 -15 -8 -1 -5 -21 -28 
23 2 -7 -13 -6 -1 0 29 
6 -6 7 11 5 2 -2 -3 
-34 2 6 0 -2 -1 -2 12 
6 7 16 4 -3 -3 0 -35 
0 -3 0 1 -2 2 7 -9 
5 -19 -32 -13 -5 -5 -12 1 
-14 -2 -16 -2 2 1 0 5 
-16 4 19 4 2 1 3 -13 
5 12 2 0 1 0 -41 9 
-4 8 -26 -4 2 1 53 -39 
3 -1 27 -9 -8 -12 -14 8 
13 -24 -12 6 1 -4 0 17 
-2 5 -16 -17 -14 -2 -2 -35 
-10 3 -2 6 2 -4 -19 5 
-15 5 -13 1 3 2 6 -11 
53 33 38 10 4 7 12 33 
-36 -41 -60 -16 -6 -16 0 -50 
-19 18 16 9 3 3 -34 13 
-20 -9 -11 -10 -6 -3 12 -34 
17 -2 2 -3 -2 -3 -11 2 
5 8 12 7 4 6 15 16 
-2 8 21 5 1 -1 0 -4 
4 1 -9 7 5 2 -9 -6 
1 -7 8 4 3 4 7 49 
-56 3 -12 -2 -2 -1 1 -61 
38 2 -8 -12 -8 -6 -8 -12 
-31 -2 11 14 10 1 8 -21 
1 0 -16 -17 -20 -8 -3 29 
4 -13 -4 2 3 0 4 4 
-8 15 12 2 2 3 -2 6 
19 -8 -2 0 0 2 -5 29 
19 16 -4 2 1 -2 -11 -48 
-62 -25 -37 -9 -2 -2 4 8 
17 2 8 4 -3 -1 6 41 
5 -7 -9 -3 -3 -6 -17 -59 
-13 -2 -5 2 2 0 4 5 
30 18 32 11 7 5 -4 42 
-7 -19 -15 -8 -2 -3 5 -30 
-32 3 -56 -7 -10 -4 -1 10 
32 -16 0 -7 -1 -2 -12 -12 
-20 -2 -5 -2 -2 -1 5 -1 
8 7 16 7 2 -6 -2 19 
12 43 38 5 1 -1 -6 -4 
-21 16 -24 2 1 3 -8 -19 
35 -17 1 1 -3 -2 16 49 
-33 6 13 2 -1 3 1 -20 
17 -11 4 -16 -7 -4 -2 -7 
-14 0 -2 -1 0 -5 -3 4 
-7 -4 0 -1 1 3 8 0 
-21 -21 -7 -1 4 -4 -48 -23 
47 6 18 9 5 7 47 32 
-8 -17 -43 -19 -16 -6 -5 17 
6 12 22 7 2 -2 -13 -48 
6 1 -1 1 2 6 21 61 
-27 -13 -11 -2 -1 -3 -24 -57 
7 -8 -9 -5 0 -2 9 10 
31 7 6 2 1 3 -2 23 
-14 2 -9 -11 -8 -4 -4 -35 
-5 -10 12 5 4 4 -4 29 
-3 -2 8 6 5 2 14 -5 
0 3 -8 3 1 -7 -15 0 
5 -13 8 -2 -14 -1 7 -13 
13 -17 -11 -10 -1 -2 -5 32 
-47 -15 -13 3 -2 -4 -6 -49 
-25 8 15 0 -1 0 1 6 
64 26 19 6 7 4 -1 22 
-18 -15 -35 -12 -10 -7 -3 -12 
-13 6 -10 -1 -3 -9 -11 5 
5 -5 7 -1 -1 1 -7 -20 
-15 -13 -3 -3 0 -5 13 14 
