#EMG
#2
#ID:2-15
1 6 6 4 0 0 -1 -1 
-3 -3 -7 -1 0 1 2 -4 
9 3 5 4 1 0 1 -2 
7 5 5 4 -1 -4 -10 1 
8 3 3 -1 -1 2 3 -3 
-1 -7 -25 -14 -3 0 -1 0 
-2 -3 6 2 0 -3 2 3 
8 -3 -7 -4 -3 -2 -1 1 
-7 7 12 8 4 1 -1 -4 
4 0 15 6 0 -1 3 1 
8 -5 -17 -4 -1 -1 -7 0 
0 21 -3 -5 -1 -1 5 -3 
-3 -5 -4 -2 -2 -6 -12 4 
-12 -10 -4 -5 -2 0 7 -3 
1 8 10 1 0 1 4 -2 
6 -2 9 7 1 0 -4 1 
10 1 14 16 1 2 5 -2 
-8 0 -28 -28 -5 -6 -5 -2 
-8 -23 9 -1 -2 2 1 1 
1 -5 -26 -9 -1 3 6 -2 
2 1 7 -2 -7 -7 -14 0 
-1 -1 7 10 -2 -2 -2 1 
2 2 2 0 0 1 -9 -2 
-10 -2 5 -3 -1 1 9 2 
11 6 -1 2 1 -1 5 -5 
-12 -19 -11 1 -6 -4 -6 -6 
-6 11 -4 -8 -3 -2 2 -4 
12 0 -14 -4 0 -2 -5 -1 
-5 4 6 0 1 2 3 4 
-2 3 0 -4 -2 0 -6 -1 
3 -1 -1 0 -3 0 4 -1 
-2 -7 2 1 -1 -2 -6 -1 
-10 -2 -5 -6 -3 1 4 -1 
12 7 10 6 -1 -5 -9 7 
19 26 -7 3 0 0 -4 3 
-21 0 -3 -7 -3 -3 -1 -2 
-10 -16 -17 -12 -4 -2 4 -2 
-7 4 -4 -3 -1 5 16 -2 
0 -21 11 2 -2 -5 -16 -1 
4 1 4 4 -1 -4 -8 -5 
0 1 -8 1 -3 1 -1 2 
-11 3 5 1 2 0 0 -1 
21 -3 -1 -5 -1 -1 1 0 
4 1 11 5 -1 0 1 2 
-2 -7 -11 -4 0 0 1 -1 
-12 -20 6 -2 -2 -2 -6 -9 
-9 8 -8 -6 -3 -2 4 -5 
0 1 1 0 -1 -1 -5 5 
-5 -2 8 1 1 -1 1 -1 
7 3 -1 6 1 0 -5 1 
3 -2 -15 -15 -4 -2 2 -4 
-14 -5 3 1 -3 -2 -7 0 
-3 -1 3 0 0 0 -1 1 
-2 8 4 2 0 -1 -3 -1 
-15 -25 11 7 2 0 1 -5 
13 -2 -13 2 2 -1 -5 6 
-4 3 3 -10 -4 -1 -1 0 
-3 2 -9 -7 -2 -2 0 -3 
-5 0 2 2 -1 -2 -5 -2 
-3 11 16 5 -1 4 7 5 
19 -2 -3 4 1 -3 2 0 
-7 -2 -4 -1 -1 -3 -7 -2 
-10 12 -18 -8 -2 0 7 -2 
5 5 5 0 -1 -4 -6 -3 
0 -5 8 7 1 3 -7 -5 
-9 5 -3 -7 -3 -2 6 -3 
10 -16 13 10 -1 0 8 5 
-3 -5 -13 -11 -3 -4 -12 -4 
-13 -9 1 1 -1 1 -6 3 
11 6 1 -1 -1 1 3 3 
-11 0 -18 -11 -4 -3 -4 -2 
14 -16 -17 -6 -4 -3 12 1 
-10 39 16 3 -2 1 -15 -2 
20 -11 -27 -2 2 4 4 2 
6 -13 18 -1 0 -6 -6 0 
-22 5 -24 -10 -2 1 12 -8 
-11 -14 -1 -3 -2 -6 -21 -1 
6 -3 2 8 2 0 0 -6 
-25 6 2 2 -2 3 -1 2 
0 -9 -1 -6 -1 2 9 -4 
17 -1 1 -3 -4 -16 -8 -2 
-25 -16 16 10 -1 -2 1 -1 
7 23 -17 -15 -2 1 -7 -4 
-12 -26 -17 -1 -2 7 16 -3 
-11 -3 -28 -19 -5 -5 3 -6 
22 10 8 -1 0 4 9 12 
-10 -12 5 2 -2 -11 -8 -2 
7 19 20 9 1 0 -4 -4 
-4 -4 -10 3 0 1 4 1 
0 1 7 -10 -3 -3 5 -5 
1 -5 -3 10 0 4 6 5 
4 4 6 5 -1 -6 -16 -1 
-7 -19 -31 -26 -3 3 -13 -2 
-6 -1 -1 2 2 1 0 -6 
-1 2 5 2 -4 2 0 -4 
5 0 13 -7 -4 -6 -16 -3 
5 -15 -3 15 1 4 9 4 
-19 -13 1 5 -3 -3 4 1 
9 11 2 -4 0 -5 -26 -3 
-6 -11 -14 -6 -3 -4 0 -1 
-6 -9 6 2 2 6 15 -1 
15 3 -8 -18 -4 -2 -17 -5 
-8 -12 -6 6 0 -7 3 -2 
5 -8 -1 -4 -7 -3 -4 -1 
-1 0 12 -1 -2 0 2 2 
4 -1 8 22 0 -5 -6 -1 
-2 14 -37 -21 -1 3 5 -1 
-8 5 9 -2 0 -1 -1 4 
14 6 -9 -4 -1 -5 -10 -8 
-9 -5 0 2 -1 0 -6 -6 
11 1 18 16 3 -1 0 6 
3 2 20 7 4 -2 -6 -1 
20 9 -14 -10 -4 1 13 20 
-34 5 9 0 -7 -6 1 -24 
-8 -4 -11 -17 0 7 6 -2 
-2 -7 -18 3 -7 -11 -13 -3 
-17 15 32 9 6 2 -1 -3 
10 13 1 3 -1 3 -4 9 
5 -11 -6 -10 -2 -7 15 -1 
3 5 10 6 1 0 -5 0 
5 3 2 -4 -2 -2 0 -7 
-7 8 -1 1 0 -1 -2 -3 
8 2 27 15 0 3 9 5 
-1 -18 -35 -24 1 -1 -8 1 
-4 -16 -14 -9 -8 -4 -4 -10 
7 15 14 2 3 -1 3 8 
-15 -22 6 18 1 -2 -7 -4 
0 -6 -17 -19 -8 -2 6 0 
10 7 -4 -1 2 4 -4 5 
-6 4 -2 3 4 -1 -4 -6 
-3 1 22 13 8 7 -2 -2 
-1 0 -1 -8 -9 -2 1 -2 
-16 -17 -7 2 -3 1 16 1 
6 -3 -11 2 -1 -8 -20 5 
2 -5 -36 -30 -3 -6 -11 -8 
-16 17 40 21 0 4 6 0 
1 -1 -9 -13 -6 -1 -3 5 
20 4 -13 -10 -2 1 10 1 
-22 -14 5 8 2 -3 -4 -1 
-3 4 12 4 6 1 -1 -3 
-19 -13 6 25 4 2 0 -6 
1 -6 -22 -28 -9 0 -4 5 
14 1 -13 -11 -7 -6 0 7 
-6 -17 26 20 7 6 1 -31 
-2 5 -14 4 8 -5 -5 4 
-11 -8 -3 -13 -15 -4 -2 -13 
-6 8 -25 -26 -8 0 9 5 
13 -4 5 15 2 -2 -4 10 
-9 18 24 7 1 -4 -7 -3 
-13 -20 -30 -18 -6 -2 0 1 
-1 11 0 0 -3 0 -1 -9 
17 -4 -22 -7 -3 -2 4 9 
-25 -2 12 7 -2 -1 -2 -15 
1 2 22 3 3 -5 -12 1 
-20 3 10 11 -3 -1 -1 -1 
34 11 -14 -4 0 0 1 4 
-31 -11 0 -5 -5 2 7 4 
-4 7 10 -4 0 -2 0 -5 
16 18 -43 -27 -9 -3 -8 -6 
-49 -4 13 7 0 -2 -4 -7 
24 9 17 12 -1 -2 -7 12 
40 33 13 6 3 3 34 0 
-25 -73 -10 -3 -2 2 -5 -10 
9 -2 -27 -18 -1 -5 -5 6 
14 16 14 1 2 -1 -9 -7 
16 -3 16 20 6 0 -6 5 
-1 40 12 5 8 1 6 5 
0 -15 -8 -14 -12 -1 8 0 
-6 -19 2 -13 -6 1 12 -7 
-3 -23 -8 2 2 -4 -28 6 
21 9 15 14 3 -4 5 3 
-26 -3 3 1 4 -4 -15 -2 
8 -1 2 1 -2 1 15 -8 
-8 -8 3 -9 -9 -8 -7 -3 
11 -1 -18 -11 -2 -2 -17 4 
28 9 0 0 0 5 7 1 
14 8 -1 -2 -3 -10 6 0 
-29 -30 -5 3 -1 -1 -2 -9 
-6 -13 50 35 4 0 -1 0 
3 -2 -54 -53 -15 -2 10 -1 
-12 21 -30 -10 1 0 -11 -6 
17 8 18 10 3 10 19 -2 
-5 -14 10 5 1 -12 -21 4 
7 7 25 19 3 0 -3 12 
-14 -10 -45 -27 -7 -2 -10 -24 
2 2 -10 -6 3 4 3 3 
-34 3 23 7 -3 -5 -3 -10 
0 21 -3 3 0 -2 -3 1 
1 -4 29 12 0 -3 -6 6 
-36 0 1 9 1 4 4 -4 
17 -7 -44 -26 -8 2 9 -1 
-10 -27 16 5 0 1 11 -1 
-10 -3 -21 -17 -2 1 23 -3 
25 7 17 11 0 -7 -7 5 
59 23 -9 -20 -5 -5 -12 2 
-42 0 -7 1 -3 -4 1 -6 
28 -18 2 3 1 8 9 18 
1 1 -6 6 -4 -9 -12 -21 
-4 29 27 8 0 3 14 -3 
-10 -6 -3 16 4 1 -15 -7 
-18 -8 -5 -17 -5 -4 -11 1 
-12 -12 -17 -30 -7 -3 -7 6 
-5 -3 8 16 8 8 5 -8 
9 -2 -7 -4 -6 -3 -7 5 
17 4 19 10 1 -3 -7 -3 
-6 -14 -22 -14 -1 -3 -3 1 
-36 -22 -16 9 -3 0 3 -7 
9 16 23 1 1 0 12 -2 
-31 -16 11 5 0 -4 -7 2 
6 5 -44 -31 -6 0 3 -2 
10 7 26 12 5 2 -5 3 
-20 -33 -34 -8 1 -4 -3 -10 
14 4 -4 7 4 2 12 1 
-5 23 -14 -4 -8 -7 -23 6 
-35 13 14 -11 -5 0 7 -8 
18 -1 18 13 10 5 -6 2 
-9 -7 -13 -7 -7 -5 4 0 
33 9 22 19 1 0 0 -2 
-16 -27 -37 -30 -1 1 -6 -2 
1 6 20 7 -2 -4 4 3 
21 5 -6 -3 4 6 -2 11 
-23 -3 2 4 0 1 6 -8 
7 12 -10 1 -8 -7 -5 1 
-28 -22 6 6 9 1 2 -13 
-33 -15 30 15 0 0 -10 -4 
16 -7 2 -4 -6 -5 -1 2 
13 -7 -6 -3 0 -2 4 3 
-4 9 -17 -5 1 -2 -7 -4 
17 14 29 21 3 -2 -2 -2 
-25 -26 -61 -26 -6 0 0 -4 
17 6 3 -1 0 1 1 -6 
28 22 -3 2 -3 1 1 9 
-16 -10 -7 -4 0 -1 -8 -11 
-10 -6 -31 -11 -2 -2 4 -6 
-2 -33 -2 -6 -4 -4 -5 6 
3 9 7 5 2 1 1 0 
17 11 15 9 -1 3 2 7 
12 18 43 9 2 1 5 -1 
-26 -46 -38 -18 -2 -1 -8 -5 
-2 15 8 -6 -6 -6 -4 1 
21 -12 11 2 3 -2 -1 -3 
2 -5 11 0 4 2 -2 0 
8 12 13 2 -3 2 14 5 
-5 -1 -1 -2 -2 -2 -6 -15 
-8 -9 -22 -1 0 -3 -8 -4 
-4 -9 8 6 -2 2 -7 1 
21 46 19 6 0 1 17 10 
5 -8 -18 -11 -3 2 9 -7 
1 1 -14 -8 -9 -9 -9 1 
-3 6 21 14 6 0 4 11 
-33 -3 14 15 3 0 -19 -25 
0 -28 -38 -23 -15 -6 -8 2 
5 -10 -24 -18 0 10 25 -3 
-12 -1 5 1 -4 -10 -13 4 
36 16 2 2 -1 -4 -17 5 
-18 -5 30 17 4 3 4 1 
-2 4 -15 -7 -1 -4 -8 -2 
2 -11 -12 -16 -7 1 10 0 
14 -17 12 14 1 -5 -7 -2 
-19 4 -4 -7 -3 0 6 7 
7 5 -2 -7 -4 -3 -12 -15 
-1 8 12 13 5 11 27 3 
-3 -5 5 -8 -6 -12 -31 3 
9 7 -9 -8 -1 -3 -11 3 
-7 3 12 13 3 -2 0 -4 
0 -22 -18 -27 -8 -3 2 -1 
-8 -7 -3 5 -1 7 23 -8 
9 4 -2 -2 -3 -9 -15 2 
3 -5 -3 4 0 -3 -5 7 
-11 -19 16 16 8 3 -3 -13 
-13 -3 -11 -3 -2 3 14 1 
24 27 -11 -9 -4 1 -7 12 
4 11 7 2 -5 -5 15 -24 
-10 -24 12 22 6 -4 -18 4 
0 -10 -42 -29 -5 -1 3 -8 
-9 -15 -6 0 -6 -5 -8 -10 
10 3 -17 -12 -3 1 4 11 
-29 3 -8 -4 -2 -1 -10 2 
-5 9 9 6 6 -1 3 1 
-5 -12 -2 2 -1 2 -11 -5 
1 26 16 14 1 1 -8 5 
-9 -1 -23 -26 -9 3 11 -7 
-4 8 -3 -3 -4 -8 -7 5 
-4 9 15 2 -3 -7 1 -9 
-18 0 11 10 -1 -1 -5 10 
3 -14 -39 -12 2 -3 -9 -13 
13 9 17 -4 -6 3 7 3 
22 0 -3 -7 0 2 9 4 
-50 -11 -2 11 4 0 -8 -8 
8 16 24 13 1 -5 -9 4 
-15 -31 -51 -28 -7 -1 -2 -8 
21 -3 11 7 2 -1 2 10 
-4 -24 -6 -9 -4 -2 -3 -6 
7 29 31 4 -3 -2 -2 3 
1 -9 -4 14 6 -1 -3 -3 
-13 12 20 4 2 -1 -2 -6 
4 -6 -23 -6 -1 -1 0 0 
-8 -4 4 -9 -2 -3 2 3 
0 -5 3 1 -5 -3 -16 -9 
-11 12 -19 -6 0 5 15 5 
7 -4 21 3 0 -2 0 -5 
14 -11 2 17 5 1 -11 -7 
-8 12 23 1 -5 -1 -10 1 
1 -9 6 -6 0 1 1 0 
5 -6 -43 -20 -5 -1 0 1 
-14 -2 22 12 0 0 1 -5 
10 12 8 5 7 3 5 5 
-28 -14 3 5 -1 -1 -7 -9 
10 8 13 2 2 -4 -7 1 
6 -5 -20 -13 -8 -2 0 2 
-9 -4 8 11 4 0 2 1 
8 -4 -5 -2 -1 -1 8 1 
-3 12 -2 -11 -5 -3 -5 -12 
3 5 -4 9 3 1 5 2 
5 14 -3 4 1 0 3 6 
3 12 25 5 -1 -1 -5 -6 
11 -10 -33 -7 -3 0 3 -2 
1 -6 -18 -7 -3 -2 1 4 
0 1 4 -2 -3 0 2 -5 
-9 -24 -7 3 0 -1 -3 3 
3 13 15 0 0 0 -2 -4 
-13 4 -3 -4 -8 -5 -3 -3 
3 -11 4 5 7 -2 3 7 
-8 4 -6 -2 -3 2 0 -6 
3 -8 -13 -4 3 0 1 5 
6 0 0 -11 -12 -1 3 -2 
1 16 14 5 0 -2 -5 -3 
0 -5 -25 6 5 -2 -3 -3 
-27 -5 22 -5 -1 0 -3 -8 
5 0 -2 -2 2 3 8 3 
3 4 -3 6 1 -2 -14 -1 
-24 -6 8 0 -3 2 18 -5 
14 6 -11 -12 -6 -1 -10 7 
-7 -8 -16 3 3 -5 2 -17 
2 -16 -12 -12 -5 0 0 0 
5 -2 -13 -7 -1 -4 -6 1 
8 37 12 5 -3 -2 8 3 
-3 5 11 3 -2 -6 -8 -13 
2 3 -19 -9 -6 -3 10 4 
-15 -29 -1 3 0 3 -7 -9 
13 -19 12 0 -3 0 3 12 
17 5 -9 -5 1 1 -5 5 
3 1 4 0 -4 -2 6 -1 
3 11 2 -2 0 0 4 0 
-2 -9 10 8 -4 -1 -6 -2 
1 -8 12 4 5 0 -4 -1 
3 -11 -17 -7 0 1 12 1 
-14 -5 1 1 -5 -8 -19 -11 
-7 -12 -14 -4 1 0 2 -6 
-2 2 11 1 -4 2 -1 6 
-6 10 6 0 -1 -1 -5 -1 
5 2 1 -3 0 -1 1 0 
3 -1 -9 4 1 -2 1 7 
1 1 -5 2 3 1 1 6 
-19 -6 -1 -1 -2 -2 -1 -12 
3 -3 4 0 -3 -2 -7 6 
14 13 13 3 1 6 11 -1 
18 -4 -11 -13 -7 -10 -13 1 
-40 0 -5 -2 -2 -2 -5 -4 
-3 6 2 0 2 -1 -3 -7 
-7 -32 6 5 -1 2 0 4 
-5 6 -18 -8 -3 2 1 -1 
4 -12 -1 -14 -13 -4 -3 -9 
8 2 5 0 0 -1 1 5 
-7 -2 -22 -10 -3 -5 -5 -2 
-5 -9 -2 7 4 2 3 -4 
-2 -2 4 6 0 -2 -8 -7 
6 5 -2 -4 -3 0 4 1 
4 31 19 9 -2 0 -3 3 
1 11 5 -8 -3 -2 0 -7 
-3 -7 -2 0 0 -1 3 6 
-9 -7 -23 -8 -1 -5 -6 -6 
-4 -14 -8 1 1 -6 -6 2 
0 -7 13 10 7 2 7 -1 
-8 2 5 3 -4 0 1 -1 
14 10 14 3 3 4 1 4 
-16 -13 -11 -4 -4 -6 0 -5 
-9 -10 -12 -5 -4 -4 -6 -1 
6 2 4 2 2 0 0 0 
-6 -26 -2 2 0 3 0 1 
-8 -1 -10 -7 0 2 5 -4 
-5 -1 6 6 0 1 0 -2 
6 -1 -1 1 3 1 -2 4 
-7 -10 -9 -2 -2 -3 4 0 
6 8 6 -6 -2 -2 -10 -7 
0 -1 -3 0 0 -1 -2 0 
5 -2 -13 -1 0 -3 -1 -2 
6 13 7 -3 -2 -1 1 -1 
5 -3 10 1 -2 -2 -2 -4 
4 8 -8 -1 -3 0 -2 2 
2 0 6 -1 0 -2 0 0 
8 -4 -4 1 -3 -1 -2 1 
-13 -2 -6 -4 -4 -3 -4 -9 
0 0 -7 -4 0 0 2 0 
-1 -1 1 -3 -1 -2 -3 -4 
8 6 -1 0 -4 -3 0 6 
0 -2 0 -1 -1 1 -3 -9 
-14 -11 -5 -2 -3 -6 -5 3 
-1 -9 3 2 -1 -3 -8 -1 
2 7 -8 -6 -5 0 13 -3 
16 -3 -11 -1 -1 -3 -9 8 
-13 15 10 -3 -3 1 26 -3 
7 -12 -1 -1 -1 -5 -13 -2 
5 9 2 -1 -1 -5 -1 0 
-17 -6 -9 -3 -1 -3 1 8 
-7 -18 20 1 -1 1 -4 -13 
4 3 -14 4 -2 2 8 11 
2 -3 -8 -7 -5 -1 -3 -6 
1 8 -3 1 3 9 17 0 
-26 -5 10 -2 -3 -13 -36 -4 
4 0 12 0 1 0 0 -6 
-11 15 1 0 -1 -2 -14 -3 
13 -12 -7 -3 -4 0 4 12 
8 -7 3 1 1 4 14 2 
1 -4 -6 -1 -1 -5 -1 2 
-16 -8 0 3 2 -1 -2 -14 
-6 1 -2 0 0 -3 -10 -7 
11 13 -5 -5 -6 -1 -2 5 
-4 4 1 -4 -1 1 -3 -3 
7 -11 -1 -3 -1 2 5 7 
6 4 8 2 -1 -2 -2 3 
3 -7 -10 -4 0 2 -3 1 
-21 -5 -7 -3 -2 -1 0 -7 
-9 -6 -5 -5 -3 -3 -1 -3 
3 4 1 0 0 -3 -4 -6 
5 -4 -3 5 3 1 3 9 
-2 -4 2 -1 -2 1 2 -12 
-2 9 1 -3 -4 -3 -4 -7 
-16 -14 -1 -2 0 -2 -6 -3 
4 -4 -14 -2 -1 -2 2 -4 
5 9 9 2 1 -1 -1 6 
7 -13 -11 -1 -2 -1 -4 -1 
1 1 -15 -6 -1 -2 1 1 
0 4 2 4 3 1 -1 -6 
-3 -2 -1 -1 -3 -1 6 -3 
10 -1 8 0 -2 -6 -12 1 
2 2 -10 -3 -3 1 4 -1 
-7 10 -3 0 1 0 -11 -3 
10 4 -4 -1 0 0 5 8 
-1 -17 6 3 -1 1 -2 -6 
-2 -1 -9 -7 -5 0 4 1 
-5 -7 -3 -1 -2 -3 -1 -4 
5 3 0 3 -1 0 -4 0 
-6 3 1 -1 1 0 -1 -1 
-1 -2 13 10 3 -1 -10 -7 
10 0 -12 -13 -9 -1 13 4 
-19 -17 -12 -2 3 -2 -7 -2 
-4 4 3 5 2 2 -4 0 
-7 1 -10 -14 -11 -8 -1 -1 
15 2 10 6 6 -1 1 0 
-16 -14 -4 6 -2 -2 -10 -8 
5 3 -3 -16 -8 0 4 -4 
0 -5 -1 -21 -19 -7 -4 -1 
-9 16 6 3 -2 0 -2 3 
6 -13 -11 0 2 -2 2 -2 
-7 3 -5 16 11 1 3 0 
-1 -1 5 -7 -5 3 -1 0 
-4 -7 3 -3 -2 -5 -1 -6 
8 8 10 -2 -1 2 15 7 
0 0 -7 -1 1 -4 -18 -8 
-9 11 -5 7 6 -1 -2 -2 
-1 13 6 -2 0 1 0 -2 
6 1 3 -2 0 3 -5 -1 
-3 -2 1 -4 -7 -3 6 -8 
13 -5 -3 4 3 -2 0 -5 
6 0 -9 0 -1 0 2 -2 
-29 0 -2 -3 -5 -2 -5 5 
9 15 1 -2 -2 2 3 1 
-2 11 26 9 5 1 -6 -3 
-13 -39 -40 -8 -3 -2 -1 -4 
9 -5 -4 -6 -4 -3 -2 -5 
-6 -1 6 1 1 -3 -2 5 
-6 -6 5 3 2 -2 4 -2 
6 -13 -7 -1 -4 -3 -5 3 
-5 8 5 0 -1 -3 -2 -4 
-7 0 -2 -1 0 -1 4 1 
7 1 1 -1 0 0 -4 3 
-9 2 10 0 -2 -2 -3 -2 
14 -4 -9 -3 -2 -2 -3 -3 
-5 2 3 -1 0 1 3 3 
-8 -5 -8 -2 0 0 -3 -3 
-5 -3 3 1 1 0 -8 -2 
-6 4 1 -1 -2 -2 5 -1 
9 -9 -6 -2 -1 1 10 3 
-25 -11 -4 0 0 -2 -24 -1 
1 6 4 0 -2 -5 -8 -8 
13 10 2 -1 -2 1 6 1 
-6 -11 -9 -5 -4 2 2 0 
10 -4 -3 0 0 2 12 -1 
-3 3 5 -1 -4 -3 -7 2 
4 2 -6 -3 -3 -6 -10 -7 
-6 -7 -6 1 -1 0 -4 -3 
-8 5 5 2 -3 -4 1 -4 
14 -1 3 1 2 0 4 5 
-1 -4 -10 -5 -1 0 5 1 
-15 -8 -9 -5 -1 -4 -1 0 
1 -1 -7 -3 0 -1 2 4 
3 11 5 1 -1 -2 -2 -15 
-6 2 7 -8 -4 -1 -6 -3 
3 4 1 -1 -3 -3 -6 -2 
3 -8 -15 0 0 0 0 9 
12 6 6 1 3 2 4 3 
1 -8 -8 -2 -4 -3 -1 1 
-15 -3 4 -6 -6 1 -1 -4 
-7 0 -9 -5 -3 1 8 -3 
0 -10 -2 0 0 -3 -7 0 
-9 -3 5 4 1 2 -4 2 
3 4 7 1 4 -3 0 0 
5 -8 -6 1 -1 1 1 -3 
-15 1 -6 0 1 3 12 3 
-3 6 1 1 -2 -3 -12 -3 
6 -3 -7 -3 -3 -2 4 2 
7 4 6 -1 0 -2 -4 -9 
-1 -6 -4 -4 -2 0 -1 4 
2 -4 3 -2 0 -1 3 -7 
-3 6 1 0 1 0 -5 -3 
16 0 2 -3 0 0 0 1 
2 -4 -3 -2 -4 -4 -1 -1 
2 3 -4 -2 -2 -4 -1 -1 
-4 -4 -4 -1 -1 -1 -5 6 
6 -7 -5 1 1 0 0 -10 
-2 15 13 -3 -5 0 1 5 
-8 -9 0 -2 -2 -5 7 1 
2 -9 -16 -1 -1 -1 -7 -3 
-7 -4 7 3 -1 -2 -4 0 
-7 -2 -1 -3 -3 -1 5 2 
3 -1 1 -1 1 1 -5 -8 
5 12 9 2 1 -1 2 1 
1 26 3 2 -1 -3 -1 3 
-2 -8 -13 -1 2 0 -4 -3 
9 -5 -5 3 -3 1 2 -4 
-22 -13 -1 -12 -9 -4 -3 -4 
-1 7 3 -1 1 -2 -2 -2 
10 1 1 0 0 -1 -5 0 
-7 4 8 0 3 2 2 3 
8 -5 -8 3 3 2 -4 0 
-4 -6 -2 -4 -5 0 -1 1 
-9 0 1 -3 -3 -6 -14 -4 
0 -10 -14 -5 -1 0 -4 2 
4 2 -2 0 -1 -2 7 3 
-2 -2 6 -1 -1 -2 -4 4 
-6 -1 -5 1 -2 3 -7 -4 
-8 4 -7 -3 -3 -2 11 2 
7 -7 1 -3 -2 -3 -8 -10 
2 -3 -8 -1 0 0 1 -1 
-7 0 8 0 -1 -2 2 -3 
-2 -1 2 -1 -2 -2 -2 0 
3 6 -2 0 0 -1 3 4 
-1 5 -3 1 1 -2 -1 -2 
-2 -1 5 -2 -4 -1 3 -2 
8 -3 -5 -1 2 1 -3 9 
-8 -9 -5 -1 -2 0 2 3 
-11 -7 4 -3 -4 -2 -8 -7 
-2 3 2 -1 0 -4 2 -1 
11 1 -5 2 0 0 8 2 
-28 -12 2 4 3 5 1 -9 
10 -6 -7 -5 -3 -6 -17 -2 
-3 -1 -3 -3 -4 -2 -10 -1 
-6 -1 3 -2 -1 -2 -3 0 
9 4 0 -1 1 -1 13 -1 
-9 2 3 -1 -1 1 -3 -4 
1 -9 -18 -2 -1 1 7 -2 
-4 5 9 2 1 -2 -11 -7 
9 11 -2 1 1 2 -8 3 
5 -15 -9 -3 0 -1 9 0 
0 0 0 0 -1 -3 0 4 
-3 -8 -1 -3 -2 0 -9 -5 
6 14 8 1 -1 0 -3 -3 
-11 -8 -9 0 -1 -1 4 0 
9 6 2 -3 -1 0 2 4 
-12 -7 -5 -2 -1 -5 -9 -10 
0 -2 0 -3 -2 -1 -4 0 
7 0 -2 0 -2 -4 -1 1 
-3 3 2 -2 0 1 7 -2 
-2 -4 -3 0 -1 0 -4 -2 
18 12 -7 -4 -3 -5 0 -2 
-14 0 1 1 -2 -1 0 0 
4 10 -5 -1 0 1 -2 -1 
-4 1 3 -4 -5 0 -2 -1 
2 -5 4 1 1 2 3 2 
-3 3 -3 -2 0 -4 -6 -2 
4 2 4 1 -1 -1 -6 -4 
8 -15 -8 -4 -2 -3 -10 1 
-4 5 5 -1 -3 -3 6 0 
-5 -7 0 -4 -1 5 5 -4 
-11 -16 -6 -1 -2 -11 -13 -11 
2 5 2 2 1 -1 5 1 
-5 0 8 4 3 3 -1 -3 
4 4 -10 -2 1 -1 1 7 
-4 -13 -9 -4 -2 0 0 0 
-6 5 0 0 0 2 14 0 
-5 -15 -10 0 -3 -3 -13 -2 
-12 8 14 1 1 3 5 -6 
1 0 4 0 -2 1 2 2 
-3 -3 -20 -3 -1 -2 -9 0 
4 -3 0 -3 -4 1 10 7 
