#EMG
#2
#ID:2-2
6 -3 -6 -7 -5 -5 1 6 
2 -12 -5 2 0 1 -2 1 
-12 -4 20 5 -8 0 -1 -6 
8 38 -22 -15 -3 -2 1 2 
-12 9 0 2 1 -2 -3 -2 
0 -10 -3 -10 -4 -2 -4 -2 
2 -3 -12 1 -3 -1 4 5 
-12 -11 -8 -10 2 -1 8 -2 
-6 -7 -19 -17 -8 3 -4 -1 
-5 18 22 17 5 -1 1 -1 
4 -14 1 4 1 -4 -5 -2 
0 -7 -21 -15 0 -3 -1 -2 
2 9 11 5 -3 -2 -1 3 
0 -26 6 -2 -1 2 1 -5 
-9 16 -21 -9 -5 -1 -3 -9 
2 2 22 16 2 1 2 4 
4 1 20 20 5 -2 2 0 
-3 -12 -44 -28 -6 -1 -3 -2 
-6 -3 -16 -4 -1 -2 -6 0 
-7 -5 11 6 -2 -3 -5 -10 
7 -4 -6 -5 3 1 0 3 
-12 0 2 5 -3 -1 -7 1 
19 12 1 8 1 1 5 3 
-3 1 1 -15 -3 -1 3 -1 
-4 -16 -7 2 6 6 3 -3 
-1 -14 9 10 -2 -5 -3 -2 
-4 6 -14 -16 1 -2 13 -1 
0 0 20 11 1 -2 -23 -6 
-2 -7 -8 -7 -5 -3 4 3 
5 4 14 4 -1 1 4 5 
-8 1 -8 4 -3 -2 -9 -4 
-1 -35 -15 -12 -4 -1 22 3 
-9 16 -7 4 3 -1 -11 -13 
1 15 10 -4 -4 0 2 1 
-19 -5 11 0 -3 0 -4 -6 
8 12 11 7 -1 -1 -8 12 
1 -4 -15 -10 -4 -5 1 2 
18 8 -17 -4 0 -3 1 2 
-7 -2 1 1 2 3 3 -2 
-5 2 -1 1 1 -3 -14 -9 
0 -7 1 -2 -4 2 4 0 
-6 1 8 1 3 -1 -8 -6 
3 -3 -15 -12 -6 -1 12 0 
-2 1 -2 -1 -4 -4 -14 0 
6 4 12 2 -5 -2 -3 4 
-9 -6 -32 -14 -3 2 9 -6 
-5 -7 0 3 -2 -3 1 -2 
7 6 1 -1 -2 -3 -13 -5 
3 -2 5 0 -1 -6 2 4 
-9 14 12 8 0 -1 2 -6 
-4 -25 -4 -1 0 -2 -9 4 
2 1 -2 -4 -3 2 20 -2 
-18 -13 -11 0 2 -2 -9 -4 
25 -3 0 1 4 -1 -10 -2 
1 8 8 2 -2 -4 -7 0 
0 -13 7 1 -2 3 10 12 
-9 -8 -27 -17 -4 0 -8 -22 
-3 -7 13 2 -2 -2 0 -3 
-9 -10 -6 12 -1 0 -6 0 
0 13 -26 -26 -2 -4 3 -1 
7 -2 -30 -9 -3 0 -14 5 
-9 -10 0 -2 0 1 9 -5 
7 -4 10 3 -2 -4 -8 -4 
-1 1 7 15 3 3 1 -2 
12 11 11 1 -2 0 13 7 
0 8 -4 1 -3 -2 -6 -3 
-4 28 11 -6 -1 0 4 -1 
-7 12 -31 -9 -4 -1 4 4 
27 5 24 13 3 1 2 6 
2 -5 -13 -4 2 4 -1 5 
-5 -2 13 9 -1 -2 -17 -5 
3 13 -10 -24 -6 -4 -3 -7 
-13 -4 -8 0 1 -2 4 -1 
-12 3 6 7 1 2 1 2 
4 2 1 -1 0 0 5 2 
-6 -11 7 5 -2 -8 -10 -5 
6 4 3 3 0 0 -9 -4 
-6 -5 11 3 0 -5 -2 4 
1 -5 -28 -10 0 5 3 -5 
-14 -55 12 -6 -9 -7 -7 -4 
-14 19 20 3 2 1 9 -2 
21 -4 -10 -5 -1 -4 -5 14 
-12 -22 -24 -5 -1 3 1 -2 
-2 -16 14 5 1 -1 -14 -9 
-10 0 7 2 -1 -1 -2 0 
-3 -2 9 6 -3 0 0 -9 
11 -6 1 -4 -2 -10 -17 2 
2 4 -4 4 2 3 7 -5 
-8 -12 5 1 0 1 -5 0 
-8 35 10 7 2 2 2 -4 
5 3 -18 -9 -2 -4 6 1 
-1 3 6 1 -2 -1 -3 -3 
29 16 -16 -14 -4 -5 0 5 
-1 14 -10 11 -2 -5 -10 1 
-3 -4 10 -11 1 4 9 11 
10 -1 -13 -5 -3 0 -4 -16 
21 25 1 2 0 3 -3 1 
-29 20 18 -1 1 1 -1 -3 
4 6 7 7 -1 1 22 9 
-10 20 5 7 5 -2 -16 1 
-10 -14 -22 -11 -4 -1 4 -10 
29 -10 -1 2 -6 -4 -5 5 
-15 -7 -8 -8 0 -1 0 -5 
5 6 1 -1 -1 1 6 4 
-5 -9 5 20 4 -2 -2 3 
-7 -23 -21 -31 -9 -9 1 -8 
2 13 6 -4 -1 2 -4 -9 
11 -9 -10 -11 5 2 7 0 
20 31 -6 14 1 -2 -5 -2 
-1 -9 6 2 -7 -7 1 12 
0 6 13 12 4 0 -7 -29 
-9 -5 -26 -5 -2 1 0 3 
-22 -23 9 -14 -6 -1 -1 2 
40 -3 0 6 -3 3 13 13 
-31 -12 -37 -30 -5 -5 -4 -9 
2 7 15 12 3 4 20 7 
-8 -9 12 6 -1 -12 -21 -4 
13 2 1 2 1 -2 1 -11 
-36 -20 7 10 2 3 2 5 
-6 -7 -4 -6 -5 0 -3 1 
-12 -36 -17 -9 -4 1 9 -2 
-11 16 5 1 3 1 -3 -4 
12 7 21 13 -1 -4 -4 14 
-2 -5 -8 8 10 1 -6 4 
-14 6 16 -4 -10 -2 3 -15 
-1 -25 -14 -12 0 0 -5 4 
40 38 -14 -12 -7 1 5 11 
-29 -3 35 27 1 -5 -4 10 
-5 -39 -68 -32 0 -2 -10 -33 
-15 -13 -4 -2 -2 -1 3 0 
6 -16 -4 -3 -4 -2 -1 3 
15 9 26 12 -1 1 2 7 
-10 11 14 3 3 0 2 11 
-15 -6 14 2 0 0 -5 -13 
11 -7 -33 0 -5 -5 -4 -1 
7 2 -2 -12 -4 -1 -1 -1 
-1 -1 10 15 3 2 5 9 
-6 -10 -3 -29 -12 2 6 -5 
0 -1 -11 -1 2 -8 -6 0 
-3 10 -17 0 1 -1 -18 -13 
8 -13 -7 -5 0 3 7 16 
8 3 12 15 5 -1 -24 -8 
20 39 37 20 -1 2 4 3 
3 4 -25 -29 -4 -4 0 -16 
-12 -7 -1 -5 -4 -3 -1 9 
-6 11 1 4 -2 -2 -5 4 
-5 -16 8 13 1 0 -3 -3 
13 -2 -13 -12 -3 5 12 -3 
19 24 30 10 -5 -8 -11 14 
2 -19 -14 -10 1 -2 1 -14 
0 2 9 11 8 0 -8 1 
-10 -10 -29 -29 -19 -1 -2 -7 
-3 6 -5 1 3 0 1 -6 
-26 -17 0 6 -2 0 16 -2 
-21 10 3 -7 -2 1 -13 -5 
-5 4 22 23 5 1 10 7 
30 -31 -23 -23 -5 -1 -13 10 
-13 11 4 17 8 -3 -5 -26 
-10 -27 -18 -37 -10 -7 2 -13 
19 -4 3 12 -4 0 7 15 
-10 -1 5 -2 -6 -8 -7 -11 
6 4 11 16 4 2 0 12 
8 39 62 26 4 4 4 -6 
-12 -3 -40 -30 -3 -5 -8 -10 
1 6 0 1 -1 2 14 0 
9 15 18 3 1 2 3 4 
-19 -7 -1 -3 -3 -4 -8 -4 
24 -13 -33 -10 0 2 0 7 
-22 10 8 7 0 8 32 -4 
-16 -20 -8 -12 -9 -17 -24 -5 
15 -13 20 22 2 1 5 2 
-15 -22 -26 -13 0 1 2 -2 
8 -17 -10 -8 -1 4 17 -11 
4 10 21 11 1 -2 -15 -4 
23 -6 -19 -3 -3 -5 4 14 
-6 -9 -5 -21 -7 -7 -22 -16 
-2 15 10 10 0 8 16 7 
8 -14 -19 -17 -6 -8 -2 -1 
5 19 -5 10 10 1 -7 -10 
-4 11 12 10 -5 0 5 4 
-4 -19 2 -4 4 -3 -12 -3 
-4 34 -21 -5 -4 4 7 2 
-3 -11 -9 -7 -3 -4 -2 0 
-14 11 33 20 6 -2 -1 -7 
3 -2 -20 -16 -6 -2 -6 3 
-1 -41 -18 -8 -8 -6 0 -2 
1 7 -16 -7 -3 2 3 3 
-16 -1 7 -3 5 2 9 -9 
-8 -14 31 26 2 -8 -36 -9 
5 4 -5 -5 4 6 13 8 
15 -20 -31 -14 -5 0 2 6 
11 11 44 36 0 -5 -7 -4 
22 2 -13 -28 1 0 -3 -1 
-9 6 -32 3 1 1 -1 0 
-8 26 -8 -23 -13 -5 -3 -5 
-14 -27 -8 -2 -13 -2 -6 -2 
20 5 -9 -10 2 -1 1 8 
-14 -2 27 7 4 2 -3 -3 
7 -13 10 19 12 -1 1 1 
3 -43 -67 -18 -9 -7 -6 -6 
-20 30 -52 -30 -18 -9 6 -2 
-6 -10 4 -5 0 3 -11 5 
2 -4 8 -1 -1 1 1 -1 
-39 -4 33 14 6 -4 3 4 
-18 -5 20 27 7 6 -5 -5 
11 -9 -32 -17 -2 5 2 5 
-19 -7 15 -3 -7 -5 -3 -12 
19 19 2 4 0 -4 -15 4 
-10 -20 37 14 8 -3 0 6 
-19 -9 -33 -31 -5 1 2 -5 
17 -2 -3 6 -6 5 0 -2 
2 10 14 3 4 -1 5 5 
-15 -17 -1 6 1 -5 -9 -6 
-5 -7 -26 -5 -3 -3 -10 -18 
-5 42 6 -4 -3 2 19 5 
11 3 8 -4 -7 -4 -3 3 
-24 7 -2 6 4 -1 -3 -10 
22 7 23 17 5 1 6 11 
-16 -3 6 -5 0 0 -3 12 
-7 25 19 14 2 -2 -8 -4 
9 24 -9 -4 -5 -3 -8 -10 
11 -33 -36 -13 -8 -4 6 -4 
-9 -16 -35 -25 -9 -4 -2 5 
15 -2 30 11 7 3 10 4 
12 -26 0 33 3 -5 -9 -4 
-7 6 -10 -42 -15 -4 -2 -6 
-14 6 22 9 3 0 -1 -5 
-30 12 -34 -13 -2 2 13 -4 
-8 7 11 -5 -3 -3 -8 -5 
8 2 35 31 6 -5 -9 9 
1 0 4 1 2 2 -3 -8 
18 9 -4 -11 -3 -3 -5 -3 
-28 25 29 18 4 7 26 1 
12 20 0 0 0 -2 -10 8 
-2 -38 -42 -43 -13 -7 -6 -5 
-10 -5 0 9 2 3 -3 -4 
13 -11 -14 -9 0 0 3 0 
9 19 21 15 1 -5 -2 5 
1 -8 5 15 4 2 -3 -12 
-17 -13 -13 -4 -2 -2 -3 1 
17 -6 -4 -14 -2 7 14 2 
-19 -14 -6 -4 1 -8 -26 -7 
33 -1 12 17 5 -3 -2 4 
-10 7 -6 -5 -4 -1 0 -3 
13 32 6 -19 -6 -4 -5 7 
-7 1 11 6 -5 4 16 -1 
8 -1 -6 8 2 -5 -8 4 
20 23 12 6 4 -3 -9 -7 
-20 -34 -17 -4 -7 -3 -13 -8 
5 0 4 2 3 4 22 3 
-25 1 2 4 1 2 15 -6 
36 -6 6 -4 -3 -8 -19 6 
6 47 16 8 0 0 -2 7 
0 -11 -30 -12 -4 -6 -6 -14 
-2 -2 -8 -9 0 5 6 1 
6 1 3 0 4 0 -3 1 
-9 -34 -23 -14 -6 0 -1 -8 
27 8 27 11 -1 1 13 11 
-11 7 4 5 -1 -4 -10 -5 
-14 -3 -10 0 0 1 0 -4 
-2 -13 -34 -20 -1 -9 -8 -1 
-13 3 0 -3 0 6 5 -3 
-6 -19 -10 -9 -8 -4 -3 0 
0 15 19 12 -2 0 -4 -4 
5 22 20 1 3 0 3 6 
-21 -8 -12 2 2 2 -7 -12 
8 22 -11 -10 -2 -1 3 5 
-31 -16 6 8 -3 -1 0 6 
19 0 3 -11 -3 -1 -1 12 
-10 5 12 7 2 -3 -5 -16 
-11 12 6 -1 1 2 -1 -3 
-1 -4 -20 -10 -4 -1 7 -5 
8 -2 2 9 1 1 1 3 
-9 -10 -2 2 2 -5 -13 10 
-7 -17 17 6 -4 -5 -13 -14 
-6 -17 -13 -4 1 2 22 4 
-5 13 2 3 -5 -1 2 -6 
12 1 -15 -11 -4 0 -13 1 
7 -12 9 9 2 -4 -1 -1 
-5 -12 4 -7 -2 0 -3 -3 
-5 -6 -4 -1 -3 0 -9 -3 
3 8 1 -1 -4 0 12 2 
5 -3 -3 -2 -2 -1 -10 8 
9 4 2 -3 1 -1 -6 5 
-9 -31 -12 0 -7 -5 4 -14 
5 10 11 8 -1 -2 8 5 
1 24 1 -13 -3 -1 1 4 
23 -7 -11 -4 -1 -4 0 -2 
-9 14 -29 -18 0 0 0 1 
1 -9 5 -2 -4 -3 -5 2 
-9 -8 0 6 0 1 5 -2 
14 18 28 14 6 -1 -10 0 
-6 -20 -23 -1 -1 -3 1 2 
-21 -9 15 -5 -5 -1 3 -10 
11 -15 -22 -7 1 -2 -7 4 
17 11 -4 -6 -3 3 1 1 
-22 -4 17 9 -1 -1 6 -4 
6 5 4 2 0 1 -2 -1 
-26 -11 -18 -11 2 -2 5 -13 
10 24 18 18 0 -3 0 1 
4 3 -8 -15 -5 1 0 1 
-4 -13 -10 -8 -4 -4 -2 0 
-7 -6 -3 -1 -3 -1 1 -3 
-20 -11 13 6 3 2 6 -4 
16 19 7 12 4 -4 -19 3 
-7 4 3 1 -6 -6 -1 -4 
-1 -19 -16 -13 -6 -2 -3 -2 
-10 -1 -2 -6 -2 0 0 -3 
-4 -6 17 10 1 -4 -5 -5 
27 8 23 5 5 2 2 11 
-25 4 -27 12 1 1 -3 -6 
-16 -10 -33 -26 -10 -2 -1 -5 
3 -1 -8 -19 -6 -3 -5 -7 
-3 -10 -5 1 3 2 -1 -5 
13 2 24 14 2 2 4 3 
-3 0 -1 0 3 1 -4 -4 
7 24 16 12 3 3 2 0 
0 20 -22 -22 -11 -6 5 -1 
-11 -22 17 -2 -4 -3 -1 -4 
3 -16 -26 -12 -2 -6 -7 -1 
-6 14 12 7 3 1 1 -5 
-1 -2 7 11 7 -1 -4 -3 
2 10 -11 -1 -3 5 14 6 
-4 12 13 -11 -7 -7 -14 2 
9 -21 -8 1 -1 -2 -4 2 
-19 -16 -23 -8 2 5 10 -4 
3 -2 4 -1 -1 -4 -17 0 
3 9 6 5 -1 -1 0 -3 
2 -12 6 1 -1 -2 -4 2 
-5 -10 -7 2 0 -3 -6 -7 
16 1 -3 1 -1 -2 -2 7 
-18 -17 -13 -14 -5 2 0 -6 
-14 -4 8 2 -5 -1 1 -2 
8 -11 -2 -6 -2 -4 -5 1 
-6 -7 -10 -3 2 0 -5 -2 
1 -7 -5 5 2 3 13 1 
-5 -16 19 0 -3 -3 -1 -6 
9 24 -13 -5 -6 -3 -4 6 
-4 -8 -5 -8 -3 -2 4 -7 
-19 -2 -1 1 0 -5 -7 -2 
-11 -10 -2 1 2 0 0 5 
-10 -12 13 1 -3 3 1 -27 
4 4 20 1 -1 -6 -9 0 
7 -7 -30 -6 0 1 2 3 
5 5 -1 2 0 -3 6 6 
-8 -5 4 5 0 4 -4 0 
4 14 0 2 0 3 7 0 
-3 -11 3 -1 -4 -7 -14 -10 
1 6 -4 -4 -2 1 -3 -1 
0 -8 -26 -2 -1 -2 1 5 
-9 1 15 -4 -6 -2 -6 -4 
0 -2 14 6 1 4 7 4 
5 -4 -26 -10 -3 -3 0 -6 
15 12 -10 -8 -3 0 1 5 
-35 -52 -8 3 2 1 0 -7 
-2 12 11 3 4 2 1 -8 
1 -10 -11 -5 -6 -4 -2 -1 
2 -24 10 5 3 -4 -11 0 
12 49 -1 -3 -4 -3 -1 2 
-2 -6 7 -1 -3 -2 -7 4 
-5 -8 -19 0 4 4 3 -13 
-2 -5 9 0 0 1 2 11 
6 4 -14 -6 -1 -2 2 -2 
1 -3 0 1 0 0 -1 0 
2 9 11 2 0 -2 3 3 
-13 4 6 2 -2 -3 -9 -1 
6 7 -7 0 2 4 3 2 
9 8 5 3 2 -2 6 -9 
7 -6 1 6 -6 -6 -17 2 
-4 25 7 -4 -2 0 5 1 
-6 -17 3 -8 -3 -3 -3 -2 
-1 -3 -15 -6 0 2 2 1 
-17 -22 -5 -2 -2 0 0 -2 
3 -2 -18 -5 -2 1 1 -2 
-9 -16 13 0 -1 -3 -2 -3 
3 -1 4 1 -2 -1 -3 -6 
3 -3 4 6 5 2 1 -1 
-10 7 6 0 -3 -1 0 -3 
19 21 9 -3 -3 0 -3 6 
-13 -13 -11 -1 -1 0 -5 -4 
0 11 9 0 1 4 1 4 
-7 2 -2 3 -2 -1 9 -6 
14 1 -7 3 2 -2 -1 1 
-8 -10 -5 -6 -5 -4 -6 -1 
-3 3 -9 -8 -5 -3 -1 -6 
0 -11 -5 -2 3 3 3 2 
1 0 13 1 -2 -3 2 -4 
-2 7 0 -2 -3 -3 -9 6 
3 5 -8 -9 -1 -3 1 4 
0 -11 0 -2 0 -2 -1 -3 
-5 -7 -5 3 0 -1 -3 -3 
3 -3 6 1 0 -2 -1 -5 
7 3 -11 -2 -4 -1 -2 2 
-3 -3 21 0 -7 -1 -4 -2 
-4 -21 -24 -5 -1 -3 -3 2 
6 12 17 0 -1 1 14 17 
-16 13 -7 -3 -1 -1 -5 -22 
8 -1 -5 -1 -1 0 -1 4 
-2 2 -4 -1 -1 -3 -8 -4 
-22 -43 2 6 -4 -3 6 2 
0 -4 6 1 3 1 -3 -2 
0 4 -4 -4 3 -1 0 0 
1 12 -6 0 -3 1 3 -3 
7 -4 -8 -3 0 -3 -16 -4 
6 -14 12 4 0 1 9 7 
-12 5 7 4 1 -5 -7 -9 
2 -36 -30 -9 -5 -2 -4 5 
4 12 -11 -4 -1 1 -9 -1 
0 0 7 1 -2 -1 -8 -2 
-7 -8 -10 2 2 0 -1 4 
-1 24 38 10 2 1 5 -2 
2 2 -19 -9 -5 -4 1 -7 
5 2 4 1 2 -1 -7 4 
3 2 1 3 5 0 3 -7 
-2 -1 2 -8 -10 -3 -6 -3 
-10 3 -5 -2 -2 2 -2 -8 
2 0 -15 -2 0 -2 0 1 
-10 -4 -4 -4 -4 -2 -1 -1 
-2 -5 -3 3 3 -1 -3 -6 
5 -2 1 -4 0 -2 3 0 
6 3 13 -1 -5 -4 2 7 
2 0 -6 5 2 0 -2 2 
-5 -3 10 1 0 0 -4 3 
-1 29 -3 -1 -3 -1 8 -5 
-1 -4 -1 8 1 -4 -15 -1 
1 3 -10 -14 -4 -1 5 1 
-10 -3 4 1 0 0 -5 -2 
12 3 16 1 2 4 6 3 
1 29 -7 -3 0 1 0 -4 
-8 -24 -13 -1 -5 -2 -3 6 
-1 11 1 -4 0 0 -2 -10 
1 -11 -6 1 0 -2 -1 -4 
-19 0 5 0 -1 -1 4 -1 
3 -3 2 -1 -3 -1 -5 2 
-5 4 -7 -2 2 -1 1 3 
4 -1 1 -1 -3 -3 -4 2 
-6 4 -1 -3 -2 2 3 -4 
-3 -7 -1 -2 -3 -4 -1 3 
-13 -15 -2 1 -1 0 0 -1 
5 8 4 -2 -4 -4 -4 3 
12 -13 -16 -5 -3 -2 2 0 
-9 18 8 1 -1 -3 0 -2 
-10 3 -7 -3 -4 -1 -4 -10 
-8 -15 0 0 -1 -1 -5 -1 
2 -2 4 -3 1 0 1 -1 
10 5 -2 -1 -1 0 -3 -3 
5 4 -2 2 1 -1 -1 0 
-2 -2 0 -4 -3 -5 -3 -2 
-4 -5 3 -3 -3 -2 1 0 
5 4 2 0 -3 -2 -2 -2 
4 3 2 -1 -3 -1 1 0 
2 -4 -15 0 -3 0 1 2 
-10 7 8 -6 -4 -2 -2 -8 
-8 -8 1 0 0 -1 -3 -1 
6 9 4 -2 -2 -1 -2 -3 
1 -5 -6 -1 0 1 1 3 
-3 -4 5 -1 -2 -2 -1 -4 
-2 -5 -9 -1 -2 -2 -2 -8 
-3 -5 -2 -1 0 -3 -3 2 
-4 -3 -3 0 0 0 1 1 
2 -8 -8 -5 -4 -2 1 1 
9 21 8 -1 -2 1 -1 4 
10 13 -4 1 1 2 1 -6 
-4 -20 -14 -2 -4 -2 -4 3 
1 6 0 1 -1 -1 -1 -4 
-1 -11 -3 -1 -3 -1 0 -2 
-3 -7 -1 -2 -2 -3 3 4 
-2 2 3 -1 -1 2 10 -5 
-6 -5 3 1 -1 -4 -13 -2 
1 -17 -9 -2 -1 -1 -2 -4 
4 0 -10 0 1 -1 -2 -1 
-2 8 9 -1 -1 0 -1 0 
-4 -11 -5 0 -3 0 4 -1 
-4 8 0 -2 0 1 0 -4 
7 1 -3 -2 -2 0 2 1 
1 -2 5 -1 -1 0 -6 -3 
-13 -6 -3 -2 1 2 2 -7 
2 -1 -3 -2 -3 -4 -4 5 
2 -8 -6 1 -1 0 3 -1 
11 7 7 -2 0 0 -1 3 
-2 -14 -8 1 1 -3 -1 8 
0 5 13 0 -3 -2 -1 -5 
-10 -12 -20 -5 -2 -3 -5 3 
3 -1 0 0 0 -1 -4 -9 
-2 4 2 0 0 1 0 2 
3 -3 -7 -4 -2 1 -1 3 
-5 5 6 -1 -1 -4 -1 -5 
-7 -7 -6 -2 -2 -3 -4 5 
3 -4 -11 -3 -2 -2 -1 -4 
-3 5 5 3 0 0 -1 -5 
-2 -8 -2 1 0 3 -3 2 
0 0 5 1 -2 0 -1 -4 
1 4 -10 -2 0 -2 1 0 
3 -6 -1 -2 0 -1 0 0 
-1 -7 3 1 1 0 0 0 
-4 3 -10 -4 -4 -2 1 1 
-3 -8 1 0 0 3 0 -1 
12 -1 -2 0 1 -1 0 -3 
0 6 4 2 1 -1 -3 0 
-4 -5 -2 1 -2 -3 -4 -4 
12 8 12 -1 -4 -2 -6 1 
-30 -39 -19 -4 -1 0 4 -8 
-1 -1 -6 -4 -4 -1 3 3 
1 1 -1 -1 -1 -2 -2 0 
-6 4 5 -1 -2 0 2 -3 
4 8 9 -1 -1 -1 -3 8 
-8 -13 -10 -1 0 -1 -5 -4 
-9 -3 5 -2 -3 -2 1 -2 
1 -4 -5 0 -3 -3 -3 -2 
4 10 -1 -1 -1 -1 3 0 
-4 -5 -1 -1 0 -1 -6 -3 
2 3 5 0 -2 -4 -9 -5 
-1 -3 -5 -2 -1 -2 6 -1 
-3 3 4 0 -1 -2 -2 1 
-6 21 20 0 -1 -1 3 -9 
3 -36 -32 -5 -2 1 -1 1 
1 3 2 1 0 -2 -1 1 
-8 8 8 -2 -2 -1 -1 -2 
0 -8 -12 -5 -6 -5 -3 -3 
-2 4 -1 -2 3 4 1 2 
-5 -2 -1 2 -2 -3 0 -1 
-2 4 -1 1 0 1 -2 -2 
4 -17 4 -2 -4 -3 0 1 
-5 6 5 -1 -3 -3 -1 -4 
13 -11 -10 -3 2 2 -1 -1 
-3 1 0 -1 1 -1 -3 -4 
0 2 7 -3 -1 -1 -3 0 
-4 -8 -14 -3 -1 -1 3 -2 
-1 1 2 -2 -4 -1 -2 1 
0 -3 1 -1 -2 -3 -1 0 
4 25 0 -1 -1 -2 0 -2 
14 17 10 0 0 0 -3 3 
-17 -14 -11 -4 -2 -1 -2 -1 
2 -2 -2 -1 -1 1 0 0 
-6 -12 -11 -1 -1 -4 -1 2 
2 14 20 2 1 -1 2 3 
3 6 4 1 -2 -3 -7 -1 
-1 -6 -2 -2 -2 1 2 -3 
6 -1 -5 -1 -2 -3 -1 2 
-9 3 -2 -4 -3 -1 2 -2 
-3 -9 0 -2 -1 -3 1 -5 
-1 -1 -10 -2 -1 -3 -5 1 
1 4 6 -1 0 -2 -1 -3 
-6 -11 -3 -4 2 -3 -5 -4 
-3 3 0 -2 -2 0 1 0 
0 -7 -2 0 -1 2 10 -4 
-2 11 3 1 -1 -3 -10 -2 
2 0 0 -2 -4 -2 -2 3 
-3 4 1 1 1 3 4 -2 
-3 1 4 -1 -1 -4 -3 -1 
6 -3 -1 -2 1 3 3 -2 
-11 -17 -19 -3 -2 2 -2 -6 
2 2 3 -1 1 0 -2 -3 
1 -1 3 -3 -2 -1 -5 -1 
-5 -3 -4 -1 -3 2 3 3 
9 10 4 -1 0 0 -2 0 
-3 -14 -6 -1 -1 1 -3 -3 
-4 -3 -3 -2 0 0 0 -2 
-3 -5 0 -1 1 0 -1 -5 
-4 -4 -3 2 0 0 2 4 
-1 5 -1 -1 -2 -3 2 2 
0 -2 -6 -2 -1 -3 -5 -4 
-1 -2 1 -2 -3 -2 -3 0 
-2 0 0 -1 -3 -2 -2 7 
4 1 3 -2 -1 -2 -1 -3 
-1 5 -2 -2 -2 -1 -3 -1 
-1 -20 -11 -2 -2 0 0 0 
0 -1 0 1 1 -2 0 -5 
0 5 7 -2 -2 -2 -4 5 
-1 -4 -4 1 3 2 0 -3 
-4 0 -1 0 -1 -1 1 -1 
14 -4 -7 -1 -2 -1 -1 -2 
-6 0 -2 -1 -2 -4 -4 -5 
0 2 7 -1 -1 -2 -2 0 
-3 -17 -3 -1 -1 0 -2 2 
0 5 5 0 -2 0 -4 -8 
0 -7 -3 -3 -3 1 0 5 
-4 0 -4 0 -1 -3 -2 1 
-1 2 2 0 -1 -3 -1 3 
-12 -17 4 -1 1 -3 2 -5 
5 6 -7 -4 -3 -5 -3 3 
-3 -1 -4 -2 -3 -3 -3 -1 
2 0 -4 0 -1 0 0 -2 
-11 -4 -1 -1 0 -1 0 0 
-3 4 7 0 1 -2 -1 -2 
0 -13 -11 -3 -2 -1 -2 1 
-3 0 3 0 -3 2 9 -5 
-2 7 -1 -2 -4 -2 -13 -1 
-1 4 1 0 0 2 0 -1 
0 -4 -17 -3 -3 0 0 1 
-4 -6 12 -3 -3 -1 -2 -3 
2 0 4 0 0 -2 4 5 
6 -2 -2 0 -2 -3 -3 -11 
-9 -10 -3 0 2 -2 -3 -3 
-3 2 -6 -2 0 -4 -2 -5 
-2 0 -4 -2 -3 -2 4 -2 
1 -6 -4 -2 -3 0 -2 1 
