#EMG
#8
#ID:8-19
-4 -5 4 4 0 -1 -3 -1 
3 2 -21 -14 -3 -2 -1 0 
-4 12 3 4 0 1 -1 -5 
-6 -10 -5 -5 -3 -2 -1 -3 
6 6 3 -1 -4 0 -1 4 
-4 1 4 0 -2 -2 -1 -2 
-5 -12 5 2 0 0 0 -2 
5 1 -14 2 3 0 -4 0 
-9 -4 5 1 2 -1 1 -3 
-7 4 10 5 -1 0 2 1 
1 -4 -14 -4 -3 -2 0 -2 
16 0 1 4 3 0 -1 4 
-19 4 -21 -14 -3 -2 -4 -6 
-7 6 2 1 -1 -3 3 -4 
-12 -4 4 -1 1 -3 -5 -10 
6 -3 13 10 -1 1 -1 9 
-1 1 7 1 -2 -1 1 0 
10 -10 -8 -8 -1 -2 -2 -3 
-9 0 2 -6 -5 -3 0 1 
-6 -6 -21 -9 -3 -1 -2 -5 
2 2 9 0 -4 -1 -1 -2 
3 -5 -3 0 -1 -2 -4 0 
-9 3 8 1 -1 0 -1 -2 
12 8 0 -1 0 0 0 4 
-13 -16 -12 -2 -1 -1 0 0 
-3 -4 -11 -1 0 -1 -1 -3 
7 -2 10 0 -1 -2 3 3 
-23 -2 -31 -18 -7 -2 3 -1 
-18 -1 1 2 -2 -1 -3 -10 
-1 -9 -16 -5 -2 0 1 9 
3 0 5 3 1 1 -2 1 
-1 3 7 1 1 0 0 -3 
10 -1 5 4 0 -2 -3 1 
-5 -2 12 3 1 -1 -3 -4 
0 3 -11 -8 -2 -2 -2 2 
2 7 11 4 -1 -1 1 -4 
17 6 9 0 3 -1 1 1 
7 -9 -12 -8 -2 -2 -4 -5 
8 -7 -11 -4 -2 0 0 3 
-5 2 13 11 1 -1 -3 -6 
6 7 15 -3 -1 3 3 -3 
5 -10 -17 -10 -7 -4 -3 6 
-20 -6 -14 -9 -4 -3 -1 -5 
-8 -1 -5 0 0 0 -2 -3 
11 -3 7 13 2 -1 -3 7 
-2 0 9 -1 3 -1 1 -4 
1 7 0 -7 -7 -2 -1 1 
0 -11 -25 -3 1 0 -3 -2 
-7 8 2 -4 -5 -4 2 -2 
2 14 15 9 1 0 -4 -2 
4 -6 0 0 4 0 4 3 
8 2 13 6 1 0 1 0 
-3 -20 -36 -17 -6 -3 -1 0 
-2 6 11 2 -1 -2 -2 0 
-17 0 -5 -2 -1 -2 1 -4 
15 -5 18 8 -1 -4 -3 -5 
6 16 -4 -4 3 0 1 3 
-3 -1 8 0 -4 -2 0 -2 
-9 -7 -9 -6 -3 0 -3 -6 
1 10 -4 -3 0 2 5 4 
1 1 21 10 0 -5 -12 -4 
-7 -5 -23 -5 -1 0 4 -4 
5 -7 -2 1 0 -2 -6 0 
23 -9 -8 -2 -1 0 3 5 
-47 -8 18 1 0 2 -1 -16 
-20 -7 -46 -13 -4 0 -2 -2 
17 -6 -2 -7 -3 0 -1 -1 
-11 3 10 -1 -1 -2 -4 1 
30 4 13 12 2 -2 -1 5 
0 0 -8 -8 -2 -2 -1 -1 
3 3 5 2 1 -1 -6 -8 
-26 -21 -14 -7 -2 -2 -1 -4 
14 13 9 2 0 1 2 2 
14 -6 11 4 -2 -3 -1 5 
5 -4 -23 -8 -2 -2 -6 -4 
-10 3 -6 -7 -3 -1 -1 0 
-12 -19 -7 -3 1 -1 0 -6 
-2 6 24 14 0 1 7 -8 
20 6 -24 -10 -2 -4 -2 25 
-8 -1 0 -1 -3 -2 -7 -11 
-6 -3 -9 -4 -2 2 6 3 
-6 -2 20 8 0 -1 1 -3 
12 9 12 7 0 3 2 4 
19 4 -19 -10 -3 -2 -3 -3 
-19 0 -6 -4 -4 -3 3 1 
-2 -5 6 2 -2 -1 -6 0 
-7 -5 -2 2 -2 -2 -4 -9 
3 0 13 4 -3 -2 2 4 
-3 -4 -34 -18 -1 -1 -3 -15 
15 -2 -5 -8 -2 1 2 19 
-34 8 25 18 4 0 1 -11 
-12 -11 -8 0 0 -3 -2 -7 
21 3 7 -6 -4 -2 -2 6 
7 -5 -30 -6 -3 -4 -3 -4 
-32 -7 0 -8 -2 -2 1 -6 
-2 -1 5 4 -1 0 -2 -4 
-7 -6 14 4 -3 -2 1 5 
-1 2 -13 -7 1 1 -3 0 
10 -9 11 3 -4 -4 2 2 
-10 3 6 -1 2 -1 0 -3 
12 1 4 12 4 -1 -3 0 
-6 14 1 4 3 0 -3 -3 
5 3 -37 -28 -5 -2 1 3 
-19 -3 14 4 -3 2 0 3 
12 4 -5 -13 -6 -3 -3 1 
-27 -9 14 11 3 0 -3 -2 
-2 8 13 13 5 0 -5 -6 
-2 -9 -7 -17 -8 -7 1 -1 
1 7 -40 3 -1 -2 -2 -5 
7 -16 8 -2 0 1 -2 -3 
6 11 -30 -20 -7 -2 0 2 
-10 15 27 19 8 0 -2 -1 
2 -30 8 -7 -5 0 -3 1 
6 -10 -18 -16 -6 -5 -2 2 
-6 8 50 29 5 6 3 -4 
24 -1 -29 -18 -9 -6 0 8 
-26 -7 -20 -4 -3 -5 -8 -22 
-4 2 21 10 3 0 -2 -3 
-4 -9 22 1 -8 -3 0 5 
15 -4 -19 -16 -4 2 -3 -12 
-8 -6 12 9 1 -1 1 11 
7 22 31 19 11 2 0 1 
-1 -33 -56 -35 -15 -7 -5 -10 
-5 -6 3 -11 -6 -2 2 5 
22 14 21 10 2 3 4 7 
-19 -11 -27 -3 0 -3 -2 -2 
10 3 14 19 8 1 3 12 
-12 -2 15 7 1 -2 -8 -19 
10 2 2 4 4 1 -1 3 
-9 -10 -56 -45 -22 -6 1 -1 
11 -5 -14 -11 -2 -2 1 -2 
-20 -9 -13 -2 -1 0 3 16 
-2 17 39 21 12 4 -4 -28 
2 8 9 27 9 3 1 3 
-6 -18 -10 -22 -12 -6 -3 0 
9 2 -1 0 2 0 -2 -2 
-9 23 14 5 7 3 8 10 
-2 -13 -3 -3 -6 0 0 3 
5 2 -11 2 3 -3 -6 -10 
3 15 50 26 6 1 -1 -5 
-7 -13 -15 -19 -9 -5 2 14 
-1 -5 -39 -40 -14 -5 -2 -4 
8 15 29 16 5 6 8 13 
-41 -20 -20 -6 0 0 -7 -22 
4 1 4 6 0 0 -6 5 
8 0 32 16 4 0 0 3 
0 -10 -25 -12 -8 -4 1 -3 
15 13 -33 -15 -2 2 4 6 
-18 -10 -5 -7 -7 -4 -1 6 
-7 1 13 5 3 1 -6 -22 
0 14 36 18 5 2 -3 1 
12 -5 8 3 -1 -4 2 19 
-6 -9 -55 -35 -10 -5 -3 -18 
2 -6 9 2 -4 -2 -4 0 
-12 0 23 14 5 -1 -4 -3 
12 3 -3 -4 -4 0 3 4 
-3 -14 -34 -17 -7 -5 -2 8 
-10 2 16 6 3 0 -1 -6 
-16 -13 -23 -15 -4 -3 -3 1 
-26 -8 12 16 8 3 1 -5 
12 5 -8 -10 -8 -3 -2 7 
5 7 16 10 5 4 -1 9 
-7 0 23 16 4 -2 4 -3 
19 10 -24 -23 -9 -5 -3 -6 
-11 -18 21 10 2 -1 -1 -9 
-1 0 -20 -2 2 -3 -9 -10 
15 4 -7 -2 1 -1 15 12 
-23 -4 15 10 1 0 -9 -7 
17 10 -2 -3 0 0 -3 4 
-3 6 1 -2 -1 2 3 3 
-4 9 16 20 7 1 -6 -2 
-26 -28 -54 -42 -18 -8 -4 -12 
6 11 27 16 4 1 -6 -1 
22 10 38 15 -2 -1 7 4 
-47 -19 -80 -34 -6 -2 4 -10 
1 -6 24 17 3 3 1 0 
-8 -8 16 2 -1 -1 1 -8 
0 3 -20 -4 1 -1 -22 -3 
3 -4 29 7 0 -1 4 1 
20 6 -20 -15 -7 -10 -4 -8 
-7 2 18 16 4 2 9 -9 
10 3 -23 -24 -3 3 22 11 
-10 -8 -16 -4 -2 -3 -12 1 
17 4 26 18 8 3 1 9 
6 10 -11 -5 -5 1 6 -7 
-31 -28 -27 -22 -10 -9 -3 -6 
22 -15 2 -4 -1 1 -13 -4 
-2 7 15 6 2 2 14 3 
10 27 20 13 4 -2 -2 16 
-8 1 29 11 0 -2 0 -10 
-19 -19 -46 -17 -7 -1 -6 -11 
5 15 11 3 1 -3 -11 -1 
-2 8 2 -4 -3 -5 0 3 
7 1 -2 6 1 -3 -3 4 
-7 2 14 -12 -3 -1 -1 -2 
17 1 -1 2 -2 -3 3 5 
-7 -8 1 -5 -1 2 -5 -6 
-19 -7 -4 2 -2 -8 2 4 
34 29 29 22 7 3 1 4 
-40 -28 -40 -12 -4 -2 -5 -9 
-13 -10 -28 -23 -4 -5 -8 -10 
5 11 25 17 4 2 3 -5 
7 4 10 6 -4 0 -5 15 
13 -14 -13 -6 -4 -3 0 -27 
-10 -1 -13 -8 1 0 0 4 
10 20 -17 -11 -2 1 -1 -7 
0 -9 1 10 -1 -5 -7 -6 
5 17 10 -3 -1 5 3 9 
-11 -23 -40 -8 -6 -5 -6 -5 
-12 13 31 4 -2 0 0 4 
16 17 14 6 3 -1 0 -8 
30 8 -23 -2 -2 -6 -3 7 
-51 -27 -12 -13 -10 -1 1 -6 
17 7 -10 -12 -3 -4 -9 -1 
-6 1 32 19 5 1 1 -6 
3 -1 -28 -7 1 0 0 4 
10 3 -17 -15 -4 -1 -1 -1 
2 -20 2 6 -1 -2 17 -8 
-18 14 -2 -2 -2 -2 -22 5 
10 7 26 13 4 -2 5 3 
9 -5 15 10 0 -4 -12 0 
-15 -21 -57 -21 -3 6 -1 -6 
10 4 2 -6 -2 -6 1 8 
-27 -3 -10 -5 -1 -1 -6 -21 
28 1 14 13 1 0 2 12 
-35 -27 27 15 1 0 -6 -2 
18 -3 -22 -16 -5 4 23 -10 
-16 -5 -14 -16 -5 -4 -33 0 
-8 -19 8 5 4 -3 8 8 
7 2 -4 -8 2 0 3 -9 
3 -9 16 24 -1 -3 -6 4 
6 3 32 4 -3 -1 3 0 
-7 14 -55 -21 -3 4 7 -4 
-5 -14 -3 4 -3 -4 -8 7 
3 11 -6 -11 -1 0 -3 -4 
-31 -14 -4 -20 -10 1 14 2 
26 16 20 10 1 -2 -6 -8 
-19 -6 4 -1 1 -2 -9 -2 
-17 -3 -3 -3 0 -7 -6 -27 
18 13 14 18 8 15 38 13 
-5 -3 4 -1 -3 -7 -19 2 
32 8 1 1 -3 -13 -16 1 
-26 -9 -9 -7 -4 -1 -3 -2 
5 -3 7 5 0 -1 -14 -4 
1 4 8 0 -1 6 15 1 
21 -5 -7 0 -2 1 -2 4 
-5 -2 -18 -11 -4 -3 3 0 
4 9 -11 -5 1 -2 -4 -5 
-10 -15 6 -1 0 1 0 -7 
24 7 14 1 -2 -4 -6 7 
-2 -14 -4 0 -2 2 6 -1 
-14 -8 -17 -6 1 1 -3 -2 
18 6 19 16 1 2 3 5 
-5 -16 12 -9 -3 -2 -1 8 
6 1 -36 -7 -2 -1 -2 -10 
-15 -4 7 8 0 -4 -3 6 
25 0 -8 -4 5 7 23 0 
-38 2 -3 -8 -5 -8 -12 -4 
-3 -8 10 -2 1 4 -5 11 
3 -2 0 6 -1 -6 -3 -6 
9 -4 -5 2 3 3 -3 -8 
-3 6 -5 -2 -6 0 20 -5 
-9 -13 4 -3 -4 -5 -7 3 
5 2 -16 1 2 -2 -8 -1 
-11 4 35 16 2 0 4 -4 
31 4 -21 -7 3 1 -10 -11 
2 4 -29 -18 -6 -5 0 12 
-23 -11 14 -4 -3 -5 3 12 
-2 1 -3 16 4 -2 -9 -5 
0 10 24 0 -8 0 -1 -3 
10 2 -6 -15 1 2 11 -8 
10 -5 -20 -8 -2 -1 -6 4 
-17 3 22 -1 -6 -4 -6 -2 
-16 5 -21 -8 -1 0 2 20 
-15 -9 4 1 -1 1 5 -13 
21 17 9 4 1 -2 -8 -1 
-24 -4 -18 -13 -3 -9 -8 -22 
16 -9 12 6 1 2 7 10 
13 10 22 8 1 0 -5 4 
-15 -3 -2 2 1 3 9 -9 
15 20 8 6 -5 -1 -2 25 
-2 9 -21 -8 1 -4 4 -15 
-15 0 19 12 2 0 0 -4 
7 0 -24 -25 -9 -4 -2 7 
-14 -23 -17 -8 -1 0 -6 0 
0 9 7 9 -2 0 6 -5 
1 -7 -6 -2 -1 -2 -6 -5 
-2 -12 14 11 4 -3 -3 -5 
10 -5 -3 -8 -2 -2 -2 1 
7 -1 12 5 -7 -2 0 -4 
2 -2 -17 2 1 0 3 -3 
-7 -13 -40 -23 -8 -3 -8 -2 
12 1 3 -4 3 0 1 1 
4 -11 -1 -2 -4 -1 -3 1 
-8 47 29 11 1 -4 -4 -9 
-5 -7 20 13 2 -2 -3 2 
-9 -5 -38 -14 -5 -2 2 -9 
-2 -11 -3 -5 1 -1 -3 0 
2 -16 -5 -5 -2 -1 -5 2 
13 28 30 18 5 2 0 -1 
4 9 24 4 -1 -2 1 -4 
11 -1 -27 -4 -2 2 -2 3 
-40 -7 2 -7 0 -2 0 -12 
12 -11 13 3 -4 0 -6 -6 
-24 -17 -11 0 -6 -3 8 2 
15 4 19 11 4 1 -4 16 
4 -5 -58 -28 -7 -3 0 3 
-7 -8 12 5 2 0 0 -9 
-4 5 5 -2 0 -1 -5 -1 
-11 11 12 5 2 -1 -2 -8 
-13 -21 6 4 -1 0 0 1 
-1 4 -12 -5 -6 -3 -4 4 
15 1 1 -6 -4 -2 -5 2 
-8 8 13 5 3 1 2 -8 
15 -6 8 5 -1 0 -5 -3 
4 -7 -53 -29 -6 -4 2 5 
-11 8 23 8 -1 3 4 -4 
-13 -3 -13 -1 0 -5 1 -7 
6 -3 20 5 -2 -4 -9 3 
-3 -7 2 -6 -1 0 1 -7 
7 4 0 3 -2 -1 15 3 
-11 6 -10 -9 -3 -1 -20 1 
15 -9 -47 -24 -3 1 8 4 
-37 0 12 7 0 0 -3 -9 
2 -13 -9 1 4 -2 -5 -2 
1 -4 15 9 6 4 13 -5 
-6 -23 3 -4 -7 -3 -8 -1 
12 23 -3 8 1 -7 -6 -2 
-7 -11 -27 -16 -4 -2 -9 -6 
-1 -13 -13 -7 0 -3 3 4 
13 -3 8 9 -3 2 4 2 
13 -6 9 -4 -3 -2 6 4 
1 11 8 7 4 0 -9 -15 
-28 -14 -16 -5 -4 -1 7 -1 
37 9 -1 -2 -2 -4 -10 5 
-12 1 24 16 2 0 -1 -2 
8 3 -15 -14 -5 -3 -8 5 
4 2 -7 -5 0 2 9 -9 
-12 5 -16 -2 -3 -1 1 -3 
5 -2 9 8 2 0 0 -1 
14 -2 10 -2 -2 -2 -5 1 
-2 -3 -7 -2 -2 -3 -10 -2 
-5 2 19 2 0 0 3 -6 
2 6 -14 -5 2 1 -3 5 
-3 12 3 6 -1 2 3 1 
9 1 8 3 -2 -1 3 -4 
-36 -2 10 -5 -3 -3 -4 1 
21 4 -44 -16 2 0 3 -2 
0 -7 -2 4 -2 -4 -3 9 
14 -3 6 -2 -2 0 -3 -6 
-37 -3 3 8 4 -1 -5 -8 
-7 -11 17 -5 -5 -1 8 1 
-4 1 -15 -9 -8 -5 -2 3 
10 15 -6 -11 -4 -1 -7 -5 
20 -5 8 7 6 -1 5 7 
-1 1 3 0 -5 -2 -6 -5 
-23 -8 -12 -7 3 0 8 -5 
8 5 -10 0 -2 -1 -4 6 
8 7 3 -3 1 5 7 -3 
-37 -15 13 11 2 -2 17 1 
7 7 -6 1 -2 -6 -26 -4 
3 -6 -8 -5 -2 1 3 -5 
6 6 3 3 -1 -3 3 13 
27 1 -1 3 0 2 1 -7 
-5 -14 11 -7 -7 1 1 0 
-10 -8 -17 -18 -7 -8 -9 1 
17 0 1 2 -1 -1 6 6 
-1 6 17 13 3 2 -8 3 
-7 1 3 8 3 0 -1 -6 
-2 -9 -7 -16 -3 -2 2 1 
-3 -8 -1 8 7 1 -4 -8 
-5 11 -17 -22 -10 -5 -4 5 
10 2 3 -1 -2 2 -3 -5 
-23 -7 6 9 1 1 4 -6 
31 13 -8 -3 -4 -1 -3 15 
-6 -4 19 12 5 2 -5 -6 
-4 -6 -16 -3 0 -2 5 -3 
-6 2 5 2 -3 -1 -10 -4 
-1 -7 1 2 1 -2 9 -3 
5 0 -5 -4 -6 -2 -18 1 
-7 1 5 2 -2 -4 0 4 
-13 -22 0 3 4 2 6 -5 
-16 3 6 -6 -4 -3 5 -7 
-3 4 -10 -2 -6 0 -1 -4 
-12 -14 -24 -15 -1 -3 4 7 
0 0 7 11 4 1 0 -4 
-1 -5 7 -1 -4 -5 -12 -2 
-4 7 34 14 2 -1 0 -2 
6 4 -48 -19 0 1 6 -2 
3 1 6 0 -5 -4 -1 3 
-2 7 0 -12 -9 -2 -6 -6 
-6 -16 -1 -10 -5 -3 -2 2 
8 5 24 18 2 -1 -1 1 
-6 -12 -5 -7 3 3 0 1 
-4 11 5 8 1 -5 -9 -8 
4 3 -23 -6 2 3 3 -5 
-7 -20 11 -1 -3 -5 -10 6 
3 1 -2 2 0 1 2 -3 
-6 -4 -15 -3 -2 -2 -7 -2 
-1 2 -14 -9 -1 0 9 1 
-3 -2 7 5 2 1 -1 -5 
3 3 10 5 -3 -4 -5 3 
-1 1 6 3 -3 0 8 3 
-6 -11 -21 -12 -5 -2 -5 0 
-3 4 -6 -11 -5 -2 0 -4 
-4 -3 -23 -2 4 -2 -4 -1 
-3 -8 -7 -3 1 -1 -3 -1 
1 -1 9 12 2 0 2 -3 
3 -9 3 -13 -7 0 -1 -3 
-1 5 0 2 -3 -3 -6 -3 
6 -3 4 6 0 -3 0 2 
-27 -7 -2 -3 2 -2 0 -1 
17 -1 8 0 -5 1 -2 4 
-9 -2 -1 6 2 0 -2 4 
-2 -2 -10 -9 -1 3 3 0 
14 3 5 4 -1 -1 -2 -5 
-13 -9 -37 -20 -1 -1 -2 4 
6 3 5 4 -3 -3 1 -2 
1 10 19 3 0 1 -1 0 
8 7 -5 0 -1 0 0 2 
16 4 18 14 1 2 0 -11 
-1 -8 0 -8 -6 -3 0 2 
1 -1 -13 -8 -1 -1 -1 -1 
-16 0 7 -13 -2 0 -3 -1 
13 4 9 6 0 -3 -1 1 
-18 2 -11 -5 -2 -3 -4 -5 
2 2 7 -11 -8 -1 -2 -3 
4 3 -2 6 3 -2 1 1 
-11 0 4 2 0 -1 -1 -4 
9 4 4 2 -2 1 1 0 
-10 3 13 9 3 2 0 -1 
1 -6 -46 -19 -3 -3 -4 1 
5 -4 -2 0 -3 0 -1 -1 
2 -3 14 0 -1 -5 -6 -2 
-1 -10 -7 0 -2 0 6 -6 
-28 2 11 -5 -2 -4 -7 -3 
-13 0 -12 1 0 -2 6 -4 
12 13 1 -1 1 2 -3 -4 
-6 -12 4 8 0 -3 -3 0 
19 -1 1 -1 -3 -2 -1 -1 
-12 1 -8 -6 -1 -2 -3 -10 
0 -2 17 5 1 1 3 6 
1 -6 -24 -11 -7 -2 1 -1 
-1 -5 13 5 1 -1 -4 -6 
-1 5 19 10 0 1 3 6 
-7 -5 -26 -9 -4 -2 -1 -3 
3 -18 7 15 4 -1 -3 -4 
9 3 -18 -14 -4 -3 1 2 
-15 -8 -17 -12 -5 -2 -4 -3 
18 3 -1 5 3 0 5 2 
-24 -15 -2 -10 -6 -6 -4 -5 
6 -5 16 9 1 0 -2 1 
2 2 12 10 2 1 1 -9 
1 7 -9 -6 -4 -5 -9 6 
7 11 -4 2 2 2 3 9 
-10 -2 -4 -14 -6 -4 5 9 
4 2 17 12 4 -1 -1 5 
-9 -8 -9 -7 -2 0 2 -5 
4 5 -24 -9 -1 -3 -12 -3 
-5 -1 1 0 -3 2 20 -4 
-5 -1 9 2 -1 -2 -25 -4 
-9 -6 14 2 -2 2 2 -1 
14 10 -5 -8 0 1 -1 -2 
-5 -10 -11 -6 -5 -4 -5 -4 
-3 10 7 4 2 1 6 1 
1 6 10 9 1 -2 -2 -2 
-1 -1 -4 -4 -2 -2 -2 1 
10 7 12 7 1 -1 -4 0 
13 -3 8 11 1 -1 1 3 
-14 -11 -27 -26 -3 -2 -3 -5 
11 -1 -12 -7 -5 -2 5 2 
0 -5 8 2 -2 -1 -5 0 
-5 -1 -5 -2 0 -4 -4 -2 
-1 4 21 14 4 -1 -2 -3 
-2 -5 -4 -6 -6 -1 -1 -4 
16 3 -7 -1 -1 1 -3 2 
-30 -5 -2 -7 -4 0 1 -6 
27 -3 -2 6 0 -3 0 11 
-23 -4 6 -11 -5 -1 -1 -6 
3 -1 0 4 2 -1 -8 0 
5 2 -11 -12 -3 -2 6 4 
-11 0 -1 0 -1 -1 2 -6 
12 8 10 12 6 2 0 3 
-33 -2 8 5 -2 1 -4 -6 
2 -6 -10 -10 -3 -2 0 0 
-8 -2 -12 -2 -5 0 -2 -3 
5 -1 4 -5 -1 0 -3 -2 
-2 -9 -5 -1 -2 -2 5 -1 
1 5 10 11 4 -4 -6 -4 
-2 -6 -1 -4 -2 0 3 6 
-5 2 0 3 -1 -2 -2 0 
7 7 5 6 6 4 -4 -9 
12 -8 -22 -9 -3 -1 -1 0 
-8 13 3 2 -2 -3 -4 -7 
-3 -2 -4 -16 -7 -2 0 2 
5 3 -13 -6 -2 -3 -2 -1 
4 0 13 7 -1 -1 -4 -3 
4 0 9 7 4 0 4 -2 
-35 -2 3 14 1 -3 -4 -12 
4 -15 -57 -32 -8 -7 -6 13 
-3 3 10 -3 -1 0 -1 -1 
7 -9 -3 -5 -1 -1 -1 0 
8 10 20 15 2 -1 0 3 
3 7 19 13 2 -3 1 -1 
-12 -11 -18 -11 -4 -1 -1 -3 
2 -5 1 0 -2 -1 -2 -1 
4 3 1 2 3 2 -3 -5 
1 5 10 6 1 1 -1 -2 
-2 3 3 2 -1 -1 3 -7 
-6 -11 -27 -15 -7 -4 -1 0 
15 -3 6 2 3 1 0 -1 
-4 -1 -1 0 -5 -1 -2 0 
6 5 16 6 2 1 -1 5 
-3 6 14 4 -1 0 -2 -4 
-15 -2 -24 -18 -2 -1 0 0 
2 3 8 3 2 0 -2 -1 
4 0 0 -1 -2 -1 1 -3 
-10 -9 -14 -6 -3 -3 -4 -5 
-7 7 1 6 2 1 -2 8 
-6 -2 10 8 3 3 1 -6 
18 -5 -9 -4 -1 -1 2 4 
0 4 1 -6 -4 -6 -7 -4 
3 2 8 9 -2 -2 -2 -1 
-4 -2 -17 -9 -2 0 0 -8 
15 2 -14 -2 1 -3 -1 8 
-13 1 17 5 2 1 0 -2 
20 -6 -10 -12 -10 -5 -2 1 
-11 -7 13 5 0 1 -3 -1 
1 -5 -20 -7 -4 1 -4 -4 
21 2 -12 -4 0 0 4 0 
-13 -8 0 -7 -1 0 4 -4 
-4 -1 7 3 1 0 -1 2 
-5 6 11 5 -1 -2 -2 -11 
6 -7 -1 -4 -1 -1 -7 15 
-2 4 -4 0 -1 -1 -1 -5 
-18 -8 -1 0 -1 -3 -1 -7 
-6 3 -13 -7 -2 -1 1 4 
-11 -5 8 6 -1 -1 -1 -5 
4 -2 -9 -4 0 -3 -1 0 
8 19 6 -2 0 0 0 2 
-8 -3 7 0 -3 -1 -1 -4 
0 -11 -34 -7 -4 -1 1 -8 
9 -5 0 2 3 -1 -2 8 
3 -5 -8 -3 -5 -1 -1 -4 
4 1 4 -4 0 2 -5 0 
-6 3 9 1 2 1 5 -5 
2 -6 -1 13 -4 -5 1 0 
0 2 -2 2 1 -2 4 3 
-6 -8 8 -6 -4 -1 -2 -6 
-13 5 4 2 0 -1 -5 2 
-7 -5 -12 -8 0 1 3 1 
-3 -5 5 3 1 1 0 -2 
-11 -1 8 8 0 -2 -2 5 
-7 1 -2 2 -1 -2 0 2 
-11 -4 -17 -9 -3 -2 -4 -7 
14 -6 -7 -5 -1 -2 0 -1 
-10 -2 0 4 4 2 5 -1 
6 2 -4 -9 -8 -2 -5 -1 
5 7 8 -4 1 0 0 1 
-4 -3 7 -6 -4 -4 -5 -2 
-14 -10 -14 4 -1 -2 0 -3 
-4 2 12 7 5 3 3 0 
6 -6 -16 -3 -2 -3 -5 -3 
-8 5 -1 -7 -4 -2 -2 -10 
-2 1 5 6 -1 -1 -6 7 
15 -1 10 10 2 2 8 -2 
-12 -7 -1 -20 -3 0 -4 -3 
3 -5 -11 -2 -2 -4 -4 -5 
1 4 -2 -4 -4 -1 2 2 
-7 -8 -5 -2 0 -1 -5 -4 
-14 2 19 12 1 -1 4 1 
0 -8 -1 -6 -3 0 0 7 
-1 1 -10 -7 0 -1 -5 -9 
-3 -1 12 1 -1 -2 1 -4 
-9 -17 -27 -5 -1 -2 -1 1 
26 2 -1 3 -3 -1 -2 0 
-14 -10 -2 -5 -1 -3 3 0 
12 2 -6 -5 -3 -3 -6 3 
3 14 27 9 2 -1 -1 -4 
-10 -8 -23 -9 -3 -3 -3 0 
4 -3 -3 1 -2 0 0 0 
12 7 6 -1 -2 -1 -1 0 
-12 1 -1 0 -4 -2 -6 -7 
-19 -12 5 7 3 1 11 7 
2 4 -13 -3 -1 -3 -2 -1 
-8 -5 -8 -1 -1 -2 -2 -2 
-10 2 4 -9 -6 0 -1 -2 
8 9 14 2 0 -2 -7 -10 
-13 -2 -3 -11 -2 1 3 -3 
26 3 -19 -6 2 1 0 7 
-11 -8 -2 4 1 -1 -4 -8 
4 -2 2 -4 -4 -3 14 3 
-5 2 3 -5 1 -1 -11 0 
-18 7 11 4 -2 -2 -6 -6 
18 0 -5 -1 2 0 0 4 
1 -4 -6 5 1 0 0 1 
