#EMG
#7
#ID:7-7
6 0 2 3 0 -1 0 6 
1 0 -15 -3 0 1 3 -1 
1 1 -6 -11 -5 -1 1 -2 
7 -6 0 2 -1 -3 -8 0 
3 -5 0 4 2 1 3 -3 
-7 -4 6 1 -2 -3 1 0 
-6 1 2 5 1 1 -1 -3 
3 2 -6 -8 -4 -1 -2 -2 
-3 9 11 4 -1 -2 -3 1 
9 -4 2 0 -1 -2 3 1 
-1 6 -15 -4 2 0 -4 -3 
-6 -1 4 -2 -3 -2 -2 -3 
-2 -7 -1 -2 -2 -1 -1 0 
-2 7 1 -7 -4 0 1 1 
18 -1 6 5 3 1 0 2 
-5 -7 -6 5 -2 0 -2 3 
-2 -4 -12 -11 -5 -3 -1 -4 
-4 2 0 -3 -2 -4 -2 -3 
4 -5 6 2 -1 -1 8 4 
-7 -5 -6 0 -1 0 -19 -5 
0 -6 -2 0 2 -2 -3 -4 
-2 10 -5 -7 -6 2 3 0 
-8 -3 -6 -4 -3 -3 -2 -4 
5 -2 3 4 2 -1 0 -1 
-8 -3 -8 -4 -3 -1 -3 1 
-1 6 4 7 2 1 -4 -1 
7 0 -2 2 -3 -3 -4 -3 
-6 0 -5 -7 -1 0 6 -2 
3 -3 5 2 1 -1 -3 0 
-4 -5 -9 -3 -1 -4 -1 0 
3 2 -3 -5 0 -2 2 2 
-1 -3 -2 3 1 -2 1 -3 
-4 -3 2 3 -2 -1 -1 -2 
0 -8 0 -6 -1 0 -2 -2 
-6 6 -2 -5 -5 -2 -4 -3 
7 -4 -2 -1 3 1 2 4 
0 1 -11 -9 -6 0 12 3 
-2 0 5 6 1 -7 -24 -6 
-9 -7 -6 -3 -2 -1 2 -2 
1 -3 7 0 0 -1 1 -2 
0 6 0 0 -2 -1 -2 0 
-1 -3 -5 3 -2 0 3 -4 
-8 -3 4 -4 -2 -1 -1 3 
3 2 3 6 -2 -3 -6 -1 
7 1 0 -13 -2 -1 -2 1 
-4 -14 -15 -3 -2 -3 6 -3 
-4 5 7 1 1 -2 -4 -3 
-4 -4 1 5 -2 0 5 0 
-5 -2 -3 -6 1 -5 -7 -5 
26 6 5 -1 -2 0 1 6 
-5 0 10 2 0 1 -2 -2 
-4 2 -8 -3 0 0 1 0 
-2 -7 1 5 -1 -2 -2 -3 
-5 3 -3 -4 -1 0 4 0 
-4 -4 -2 1 -1 -3 -2 -1 
9 -1 11 1 -1 5 12 1 
2 -6 -9 -1 0 -3 -20 -3 
-6 -3 -9 -8 -4 -2 11 -2 
2 -8 -3 2 -1 0 -11 -5 
-15 2 -10 -9 -3 -3 9 -2 
20 -8 7 1 -3 -2 1 7 
-3 2 8 7 3 1 -3 1 
-5 -1 -9 3 0 0 -1 -3 
0 -2 1 -5 -2 -3 -2 -1 
0 3 -1 -7 -3 -3 0 -2 
-5 -2 1 0 -1 0 -3 -1 
5 4 7 -2 -3 -1 -1 1 
-5 -7 -2 3 -2 -1 -4 -2 
-2 3 -3 1 1 -1 -2 -3 
-6 0 -12 -2 2 4 9 -1 
-7 -1 3 2 -3 -8 -12 -2 
17 0 2 -4 -7 -6 -5 1 
-9 3 5 1 -1 0 3 -6 
7 -12 5 5 -1 1 0 -3 
-5 1 -8 -5 1 0 7 3 
-10 -3 -8 -1 0 -2 0 -3 
18 0 -7 -3 -1 0 -9 3 
-8 0 4 3 0 0 -1 -3 
1 0 -1 -8 -4 -3 0 2 
-5 2 -3 -4 -1 -2 -11 0 
-11 -10 5 3 0 -2 13 -1 
-10 0 -27 -5 -5 0 -4 -1 
6 -1 5 1 -1 0 1 -3 
-1 -1 -1 -2 -2 -3 -3 0 
-3 -5 2 5 0 1 5 -2 
3 5 6 1 2 -4 -12 0 
-4 -1 -1 -3 -1 -1 0 -5 
-4 1 -2 -1 -4 -2 0 -3 
-1 -4 3 7 0 0 3 2 
22 6 1 -8 -4 -1 5 1 
-15 -7 -8 -3 -2 1 -5 -1 
3 -3 -6 -4 2 -2 -9 -5 
-18 4 -1 -2 -2 4 16 -4 
-3 -7 4 -7 -5 -4 -18 3 
14 6 4 3 3 0 -3 -1 
-5 -10 -7 0 -2 -2 3 2 
-2 -1 -1 0 1 -1 -1 -2 
-11 3 9 8 0 -4 -10 -4 
-5 -9 -22 -19 -8 -3 -2 0 
-4 -4 -10 -6 -5 0 -2 -2 
1 4 3 -6 -1 2 1 -2 
0 0 10 1 1 -3 3 -1 
3 -2 0 6 1 -1 -5 -2 
3 0 0 7 -1 -1 14 1 
-1 -4 -12 -11 -6 -3 -20 2 
-10 -6 11 0 -2 -3 -3 -3 
10 6 -6 -3 0 2 11 -6 
8 -6 -18 -8 0 1 -5 7 
-2 5 6 8 0 5 7 -3 
-5 -4 -3 -3 -3 -9 1 -2 
-10 -1 -3 -2 0 0 -6 0 
7 -4 10 2 0 -1 10 -3 
4 2 -8 -3 -1 0 -14 1 
-3 -3 4 1 0 2 -1 -4 
-13 0 -3 2 -5 -1 12 -3 
0 -1 9 -7 -3 -5 -16 -4 
-1 -8 -8 -2 0 1 2 -1 
-3 -3 -8 0 -1 -7 -1 2 
7 3 7 3 0 -4 -12 0 
-10 10 8 9 6 9 12 -3 
21 4 -1 -7 -2 -4 -1 4 
-47 -20 -19 -11 -6 -3 -2 -11 
2 8 0 -6 -1 0 4 -1 
-3 6 7 2 0 -3 -20 -3 
-5 -1 0 3 2 -3 3 -4 
8 -7 13 9 3 6 4 5 
3 -8 -23 -10 -3 -2 0 -1 
-13 -12 -15 -10 -4 -4 2 0 
-1 -5 11 5 1 -2 4 0 
6 8 1 6 4 3 -7 -2 
-15 -8 11 0 -5 -1 4 -5 
9 -8 7 1 -2 -2 -10 -4 
1 11 -6 -11 -1 -2 2 -1 
11 17 8 6 0 1 7 10 
1 -22 -30 -12 -1 1 -4 -2 
-9 -37 -31 -8 -6 -2 -1 -6 
-1 13 2 1 -2 -2 -4 -4 
12 20 58 9 4 3 1 6 
-9 -28 -54 -8 -4 -4 -6 -7 
-9 -8 0 -3 -2 0 4 8 
-2 -9 5 5 -3 -9 -16 -5 
9 1 -8 -2 2 2 2 -4 
6 16 36 17 1 1 4 3 
1 7 -4 -8 -5 -5 -3 -4 
-15 2 -26 -26 -10 -3 -8 -7 
-2 -1 -3 -7 -6 -3 5 -4 
5 15 34 7 2 0 -3 1 
1 8 -2 12 5 2 -3 -2 
-6 -9 7 7 0 -2 -1 5 
11 -2 -22 -11 -4 -3 3 0 
-53 -17 -2 0 0 0 0 -14 
12 29 20 0 1 -1 -6 0 
-8 -6 -9 -3 1 3 2 -1 
-5 -14 -15 -2 -4 -2 1 -3 
10 8 12 2 -1 -5 -6 1 
-3 1 -7 -5 -2 1 4 0 
-11 -14 7 1 -2 0 0 1 
0 -2 -11 -3 -1 1 -11 -5 
8 8 13 8 4 1 -3 4 
-2 0 -3 -6 -7 -1 2 -3 
12 1 -5 -1 -2 0 0 -4 
13 -5 -22 -5 -2 1 2 -6 
7 10 19 10 1 -1 1 4 
-7 -7 -32 -22 -11 -5 -4 1 
0 6 -11 -1 -1 0 -1 -3 
0 6 14 4 -1 2 3 4 
11 -4 -9 -18 0 -3 -4 4 
-2 -18 -15 3 3 0 0 -3 
6 0 15 6 3 0 -2 -4 
-10 16 1 6 -2 -3 1 -1 
8 13 -5 -2 -5 -2 -7 5 
-4 9 42 22 6 2 0 3 
-3 -5 -16 -1 -1 -1 2 6 
22 -7 16 -10 -1 -1 -3 -3 
-14 -7 -3 -3 -3 1 -1 -4 
13 15 17 3 0 -1 -1 5 
-12 -6 -7 7 2 1 4 -8 
5 4 -14 -6 -2 -5 -5 9 
-5 2 -5 -6 -3 -1 -2 -6 
-2 -23 -4 6 5 0 -4 0 
4 13 11 -5 -4 0 2 -1 
-7 14 -4 6 3 -2 4 13 
3 -15 -36 -23 -9 0 4 0 
-4 6 11 7 0 1 -1 -3 
-14 -17 8 -1 -2 -4 -7 -19 
-8 -14 0 -2 3 2 1 -17 
6 0 11 13 -2 -4 -2 5 
34 5 -28 -29 -7 1 0 8 
-13 -16 -20 -5 1 1 6 11 
0 -6 17 7 1 1 -5 15 
4 2 17 12 9 4 9 17 
-2 -7 -11 -6 -4 -6 -9 -17 
0 3 -22 -1 1 -8 -10 -15 
-16 -21 -19 -5 -5 -3 -4 -1 
9 19 17 5 1 2 8 15 
0 7 22 10 2 1 8 12 
-7 11 -9 2 3 -1 -6 0 
-6 -3 -6 -15 -10 0 0 -14 
1 -9 5 7 3 -2 -5 1 
-2 -2 5 9 4 -5 -2 13 
-4 -10 -8 -8 -6 -2 -3 -12 
-18 -26 -67 -33 -17 -8 -4 -10 
-16 -2 8 0 -1 0 0 -8 
3 15 9 7 4 2 1 -1 
16 20 37 21 11 2 10 6 
5 18 -2 1 -3 -3 -13 3 
-2 4 -16 -7 -4 -5 -3 -7 
-7 6 11 7 4 2 6 -8 
3 -3 11 -3 -2 -3 -7 14 
-3 2 17 13 3 1 0 -4 
-4 -9 -19 -19 -1 -2 -4 -8 
-9 -3 -12 -5 -4 -3 -9 -8 
-18 -16 3 -5 -3 4 11 2 
-1 5 12 7 4 -2 -3 2 
-2 17 13 10 2 -2 -4 1 
-2 -14 -3 3 2 2 5 -6 
9 -13 -7 -8 -2 -1 -11 2 
11 3 11 5 -1 -3 1 -6 
-27 -3 1 5 0 0 2 -11 
-23 -7 -39 -21 -8 -4 3 -14 
11 13 22 13 -2 -9 -17 12 
-5 -16 3 14 9 5 9 -2 
9 3 18 -6 -10 -5 -2 -7 
-22 -12 -38 -24 4 1 -3 -3 
15 -17 -31 12 3 3 6 -7 
4 10 -5 -32 -17 -6 4 6 
29 1 45 26 8 -3 -12 -4 
-26 -2 27 32 -1 1 3 -2 
-4 6 -33 -29 -4 -2 -5 -2 
7 -9 -15 -8 0 7 10 9 
-6 -19 -5 1 -3 -13 0 -14 
-18 -4 -19 -9 -4 -5 -3 -10 
20 14 23 9 1 -1 -3 6 
-16 -2 -9 8 7 5 4 -7 
4 6 -1 -12 -5 -4 -12 6 
0 1 14 4 -4 -4 -1 -1 
-7 1 6 -2 -4 3 17 -6 
-25 1 -19 -7 0 -1 -10 -9 
-1 -9 -3 4 5 3 0 3 
19 3 -2 4 0 -1 4 9 
0 -16 -6 -18 -7 -9 -10 -2 
1 -3 10 8 1 -2 -9 -5 
0 2 3 5 0 3 7 -5 
4 -8 -32 -23 -9 -4 -12 6 
13 52 30 4 -1 1 9 -1 
4 -2 -11 0 0 -3 -12 -2 
-1 0 -15 -5 -2 3 6 7 
8 -6 35 6 3 -1 -9 -7 
-19 -9 -9 5 3 6 6 2 
23 -19 7 -5 -8 -11 -1 -3 
-6 -3 -23 -9 1 9 6 2 
28 11 13 4 0 -3 -8 5 
-19 0 -12 -3 -1 5 8 -6 
-5 12 20 9 3 -9 -14 -9 
0 -5 -8 1 -4 0 13 5 
-7 0 -5 -4 -1 -6 -27 -7 
2 -14 0 -1 -2 1 -7 1 
-23 -4 -18 -7 -2 2 22 -5 
7 10 5 -3 -2 -5 -4 0 
-6 -11 -18 -14 -6 -4 4 3 
-2 23 4 -4 -5 2 2 -12 
-2 -15 6 1 -2 -4 -2 7 
-8 -7 -20 -14 -3 0 -9 -15 
-9 6 14 6 2 0 5 -1 
-5 -20 1 4 -1 2 -1 2 
-11 -11 9 2 -5 -6 -8 -5 
5 -1 6 -1 0 -3 4 5 
17 14 -7 0 -1 5 5 -3 
1 -11 -14 -11 -5 -5 -2 3 
-27 1 -33 -21 0 1 4 -6 
3 -4 4 3 -1 1 -12 2 
15 2 15 8 2 -4 12 10 
4 -1 8 10 1 -2 -6 1 
4 15 18 6 -1 -1 -5 0 
21 2 -3 -4 -1 -3 -19 -2 
-8 -1 -15 -9 -5 -2 19 -3 
2 -5 3 -2 0 1 20 3 
11 10 7 3 -1 -7 -25 -6 
-6 -15 -3 3 1 4 1 -1 
0 -1 14 1 0 2 -6 9 
-9 -1 0 2 -2 -6 -2 -6 
1 -1 18 9 3 4 3 2 
-19 -14 -48 -16 -3 -1 -2 -5 
-12 -4 -15 -8 -3 0 -5 -4 
-6 -23 4 -4 -2 -6 -4 1 
-13 33 34 13 7 8 11 2 
14 36 -23 -5 -5 -3 3 -4 
3 14 3 -3 -2 -2 -16 -5 
11 1 7 2 -2 -8 -12 3 
-8 -7 6 7 1 1 7 1 
-15 -5 -10 -3 2 -1 3 -8 
-5 2 -32 -12 -5 3 -7 2 
11 -4 6 -11 -3 -1 -6 -4 
9 -7 -17 1 -1 -1 -6 4 
-2 -1 34 11 -3 3 9 6 
-7 -28 12 6 -1 -2 5 -4 
1 8 3 12 4 1 -8 -2 
-1 -37 -49 -34 -8 -3 5 0 
-10 -7 12 5 0 4 8 -2 
18 0 22 14 1 -3 -8 1 
-33 -13 17 9 1 1 0 -4 
5 14 -20 -15 -5 -1 0 -2 
-11 -39 -15 -10 2 -2 -3 -5 
5 13 13 -3 -2 -3 -1 10 
-5 -11 -32 -5 -4 -1 1 -5 
7 -5 2 7 2 -2 -6 -5 
8 13 -6 -6 0 -5 -9 3 
-7 15 30 -3 -4 -1 3 -11 
-6 -13 -19 -3 -2 -2 -4 1 
3 -29 -7 2 -3 1 -1 -9 
3 12 13 -4 -7 -5 5 13 
0 -13 -13 -1 0 0 2 4 
2 17 15 -2 -1 -2 -1 0 
6 -1 -5 -3 0 0 6 -4 
1 0 -13 -11 -3 0 -16 1 
5 3 1 1 -1 -6 -2 -1 
-34 -13 -7 -7 -4 -6 -11 -3 
12 15 36 26 5 5 4 -1 
-5 9 -3 -5 2 4 0 -3 
4 -18 -53 -24 -13 -6 1 10 
9 21 5 -1 -2 -4 -9 -10 
3 3 4 1 -1 -2 -2 2 
-5 -6 17 14 3 -1 -4 -9 
1 4 8 3 1 2 0 2 
-5 1 -4 -7 1 2 5 3 
3 -2 -4 5 2 0 -24 -1 
-10 -18 -24 -15 -9 -7 10 0 
-5 6 0 0 3 0 4 -8 
3 -20 -5 -6 -2 -2 -3 7 
13 27 12 -4 -4 2 0 3 
-2 5 8 10 0 -7 -1 1 
-14 -14 7 -1 -3 1 -3 -9 
7 1 5 2 -1 2 3 4 
9 -7 -33 -17 2 -2 -1 8 
8 8 8 6 0 -3 -14 3 
-3 -1 7 9 3 5 1 -3 
11 5 -10 -9 -2 5 20 -2 
-14 7 3 -2 -4 -10 -15 -6 
-1 8 -1 -2 -4 -3 1 4 
-3 -4 12 11 6 1 3 -4 
-2 -4 -8 0 -3 0 -5 -2 
-4 5 6 0 0 -1 15 2 
1 -5 0 -12 -5 -2 3 3 
9 -4 -8 -4 -1 0 1 4 
16 7 -10 -1 1 0 -16 -3 
-20 -3 9 5 -2 -7 9 -2 
6 -17 14 9 2 -1 -12 -1 
-3 -3 8 3 2 -1 1 4 
-9 1 -23 -15 -5 -3 -6 -6 
1 9 6 0 -1 2 0 2 
-10 -11 -7 -1 -1 3 14 -7 
-4 5 4 5 0 -3 -14 -4 
5 -3 9 9 3 -3 2 5 
1 -9 19 8 -2 -1 -3 -5 
-3 -4 -24 -16 -6 -2 -1 -6 
-9 -3 -31 -18 -6 -3 -6 -2 
-4 3 1 2 -1 -3 1 -1 
4 -5 1 1 0 4 -4 4 
4 9 21 9 -3 -5 9 -7 
0 10 21 9 2 2 7 -2 
18 -5 -7 3 0 -3 -5 7 
-15 -33 -45 -21 -5 -3 1 0 
1 -4 2 -2 -3 -2 -8 -2 
-10 -7 -2 -7 -5 0 1 -8 
-3 5 12 1 1 -1 4 -2 
11 0 21 18 2 4 3 5 
-6 -5 -18 -6 1 4 7 -8 
13 1 -1 -2 -3 -10 -3 10 
-7 -8 1 -3 -3 -6 -9 -6 
-25 3 -7 -4 -2 0 -3 -2 
-4 4 5 2 2 -1 -7 -10 
-1 2 0 6 1 1 9 -3 
2 0 1 -9 -7 -2 -15 -2 
4 9 -8 -8 0 1 5 -5 
4 7 5 -7 -2 4 -2 3 
-17 2 11 17 4 1 -3 -7 
28 -7 -28 -16 -2 -2 7 10 
0 2 0 0 -2 -2 -2 -6 
-11 -1 -9 5 -2 -3 -8 2 
5 -3 -1 -6 -1 2 -2 -3 
-10 -13 6 7 1 0 3 -1 
4 -20 7 0 -4 -1 0 0 
6 16 0 3 3 2 -6 -2 
-6 15 1 -3 -4 0 20 -9 
2 1 12 8 -5 -7 -4 6 
-7 -7 -4 -5 1 -3 -10 6 
-2 -6 -31 -10 -5 -2 -9 -11 
-12 -12 -8 -11 -2 -2 -1 -4 
-8 2 5 1 1 4 1 -5 
0 1 11 2 -1 1 6 1 
3 4 9 5 0 -1 1 5 
2 2 -1 1 3 5 1 -1 
-2 -1 -2 -6 -5 -3 -7 -4 
-13 0 4 6 3 1 7 0 
23 3 5 7 2 -3 -9 8 
-8 -4 -7 -8 -5 -7 -6 -14 
-9 -1 -40 -18 -4 1 9 5 
0 4 -2 -3 0 0 -4 -7 
-2 -10 7 -3 0 -2 6 1 
6 -15 9 5 1 5 1 4 
-14 4 13 14 3 -5 -18 -9 
7 -5 -14 -19 -10 -7 -10 -4 
-21 -20 15 6 0 0 10 1 
5 -7 -7 -9 -5 -5 -7 3 
-17 -5 -18 -8 -1 2 6 -11 
-4 8 0 4 1 0 3 -2 
0 -4 4 3 2 2 -4 -1 
6 4 7 7 1 -3 -8 0 
-1 7 10 1 1 2 8 -1 
7 3 -5 1 -2 0 5 -2 
12 7 1 -3 -3 -3 -15 -3 
-14 -6 3 7 3 6 12 14 
11 16 0 6 -4 -9 -10 -10 
-4 -5 -86 -48 -10 -4 -1 -1 
0 -2 7 1 1 3 4 -2 
2 6 4 -2 -2 0 -2 0 
-1 0 14 2 -1 5 2 0 
4 3 23 15 5 1 3 7 
-16 15 0 -2 -2 -2 1 -7 
24 14 -3 -2 -5 -6 -18 -3 
-1 -6 1 0 2 1 14 16 
-9 2 10 1 -4 -3 -2 -10 
-4 -6 -26 -16 -4 -3 -4 3 
-4 -6 4 1 0 -1 1 -4 
5 -12 10 0 -1 3 0 -1 
6 3 9 7 0 -10 6 -1 
-4 -3 7 4 1 2 -10 -1 
10 -1 1 -3 -1 -3 -6 -8 
-10 -7 -22 -6 1 0 2 0 
4 5 26 8 -1 0 -6 1 
-1 -8 -19 -6 -4 -3 9 -2 
2 -8 -12 -8 -1 -2 -2 0 
-5 -9 8 0 -1 0 0 -3 
-1 -2 6 11 3 6 1 0 
3 9 9 4 0 -6 0 1 
-11 -1 14 3 -1 0 -2 1 
4 -3 -23 -12 -8 -7 -4 -5 
-10 -4 -16 -7 -2 -2 -8 -4 
6 3 3 -2 -2 1 10 0 
-13 -1 -6 0 1 1 -1 -4 
3 10 15 1 1 0 2 -2 
11 4 3 1 -1 0 -6 3 
-4 4 0 -5 -2 0 -5 -8 
2 -5 1 13 1 -2 15 11 
15 22 -3 -11 -4 -1 -8 9 
-10 -17 -24 -15 -5 -5 -18 -13 
-7 -7 7 3 -3 -2 4 0 
3 -1 -4 -5 -4 -2 -7 -5 
3 -1 9 9 3 3 10 -1 
1 5 7 2 1 0 1 6 
9 1 -1 -2 -1 -3 -4 -2 
-10 7 6 3 2 2 5 -8 
-3 5 -10 -9 -6 -7 -1 4 
1 -4 -1 -3 -2 -1 -2 -1 
4 -10 -6 -2 -2 -2 -5 -1 
-11 -5 -5 -6 -2 -1 -3 1 
-7 -10 12 9 4 2 -3 -9 
-1 3 2 2 1 0 -1 -3 
-1 9 5 3 0 1 9 3 
10 3 3 5 0 -3 -8 3 
-11 -2 -3 0 1 -2 0 -5 
-7 -12 -20 -19 -6 -2 0 4 
-6 -9 -5 -8 -6 -3 -3 -6 
-3 0 0 -1 -1 0 -3 -2 
0 -1 24 15 4 2 -6 -6 
4 5 16 10 3 3 5 1 
-6 -7 -8 1 0 0 -1 3 
-1 5 -1 -4 -5 -3 -8 -4 
-1 -6 -6 -12 -5 -2 2 -6 
-14 2 -1 4 -1 -2 -3 -9 
-2 -19 -12 -9 0 -1 7 9 
0 -2 -6 -2 0 -2 -6 1 
-8 -12 -7 -2 -2 3 1 0 
5 11 9 4 -1 0 0 -5 
2 6 9 4 -3 0 -5 4 
-4 0 -8 -4 0 -4 -1 -3 
-5 -3 -11 -7 -3 -2 -2 0 
3 -22 -3 2 1 0 1 -2 
5 15 -9 0 -3 -1 1 2 
0 -6 -2 -3 -1 -2 1 -4 
2 0 4 0 -5 -1 0 -2 
2 4 6 2 -1 -4 -2 -5 
-4 -5 -3 -3 2 -1 -4 -5 
-2 6 -10 -1 -1 4 -3 2 
4 4 16 5 -1 0 -3 -5 
5 -2 -4 -2 -2 -3 3 11 
-6 -1 4 2 0 -5 -7 -5 
2 -3 0 -2 -1 -1 -2 1 
2 7 4 5 2 1 5 4 
9 1 -5 -3 -2 0 -14 -3 
-1 -6 -26 -6 -2 0 6 -4 
-8 -4 4 -3 -2 -4 -3 -5 
4 -7 -9 -5 -2 -3 -5 6 
1 1 17 9 2 2 -1 2 
-4 2 0 0 -2 0 6 -6 
1 -3 -3 -3 0 3 4 3 
-6 5 -2 -2 2 1 -4 0 
7 -6 -16 -13 -8 -11 -7 -8 
4 -7 7 7 3 1 -11 2 
-14 4 2 -7 -4 0 6 -2 
1 -3 1 10 1 -1 -10 -4 
-12 1 -2 -9 0 2 15 5 
-2 -5 -5 -8 -3 -1 6 -2 
4 -7 5 5 -1 -5 -4 -6 
9 6 -6 -3 0 -2 2 1 
-3 12 4 0 -2 1 -2 0 
-4 5 -4 -1 -2 -1 -1 -1 
-2 -5 -5 -3 -1 0 -1 1 
-8 -3 10 3 2 -2 1 -3 
5 -14 -15 -1 0 -2 -1 -2 
-3 7 1 -2 -1 -2 -5 1 
-1 7 2 1 0 0 -1 -1 
-11 -18 -14 -5 -4 -4 -3 -6 
12 2 5 0 0 0 0 -1 
-1 -8 1 1 4 3 3 -4 
-5 4 -5 -5 -5 -5 -7 -4 
12 5 -2 -5 0 0 0 2 
0 4 -2 1 1 2 0 3 
9 -6 -3 0 -2 -2 -6 -1 
5 -6 -8 -13 -6 -1 1 -3 
-4 3 5 0 -1 -2 -2 -3 
-7 -1 3 5 -2 -3 -4 -1 
2 -4 4 0 -1 -3 -2 6 
1 -5 3 -3 -1 2 -1 1 
-1 2 -17 -12 -1 1 6 -2 
-18 -8 4 0 -1 0 -11 -10 
1 -10 2 2 -1 0 6 0 
2 3 6 6 1 -1 -1 1 
-18 -12 -1 2 -2 0 0 -1 
-12 1 1 0 -2 -2 1 -2 
6 2 20 6 1 -1 -5 -1 
-6 4 -11 -3 0 5 2 2 
-4 -16 -14 -11 -7 -8 -8 -6 
-3 -18 -19 -6 -4 -2 -1 4 
3 17 -1 -1 -2 0 -1 2 
5 1 4 3 1 -1 -3 -4 
-1 4 5 3 -1 2 -3 -1 
0 12 0 0 0 -1 -1 0 
-7 -14 0 0 2 2 -1 -3 
12 -6 -14 1 2 -6 -10 0 
-8 5 3 -5 -4 -1 0 -3 
1 0 13 4 0 -1 2 1 
-6 6 -9 1 -3 0 0 -4 
2 -7 -7 -7 0 -1 -9 0 
7 -1 1 4 -1 -2 3 1 
2 12 17 3 0 1 6 4 
-4 -5 -22 -5 -2 -3 -6 -7 
-2 -2 -3 -8 -5 -4 7 3 
2 2 3 1 -1 -1 -5 -1 
3 0 1 -3 0 -1 -2 -3 
-2 0 12 6 1 -4 1 2 
-1 -2 -8 5 3 -3 -2 -2 
-11 2 8 0 -3 1 3 -5 
13 4 -34 -14 -4 -5 -1 4 
3 -2 10 -4 -4 -2 -9 2 
-10 -18 -6 -4 -6 1 9 -2 
0 27 18 3 0 -3 -12 -2 
-5 -3 4 5 -1 1 -2 -9 
9 7 1 1 0 0 3 -3 
-4 4 0 -8 -8 -4 4 5 
-1 -8 6 6 2 0 4 6 
-9 -10 -9 -8 -6 -3 -3 -3 
-2 -2 -13 -12 -1 -3 -10 -3 
-5 2 10 5 0 2 1 -6 
6 -8 -13 -4 1 2 9 5 
-1 -3 10 6 3 -5 -4 -4 
-7 -4 4 0 -2 0 0 -3 
5 3 -8 -2 0 -3 5 -2 
1 -3 -2 -4 -1 -3 0 -4 
0 -4 -3 -1 0 3 0 2 
-5 -4 -4 -2 0 -3 -3 -1 
2 1 0 5 -2 -1 -4 -2 
-20 -7 -13 -6 -3 -1 -1 -2 
-3 -2 12 3 0 0 1 -1 
-2 2 -6 -4 -2 -1 -2 2 
-4 -8 -4 -2 0 3 4 0 
-2 -7 -1 0 -2 -6 -7 -1 
-5 -7 -3 0 0 1 -1 -2 
-1 1 7 4 -1 -2 1 -3 
7 15 6 -1 -1 -1 -5 -1 
0 -7 -11 -2 -2 1 2 7 
-2 -4 -2 -6 -4 -3 -5 -7 
3 -3 2 0 -2 7 9 4 
-12 -7 -4 -1 -2 -7 -6 -3 
-3 -1 -1 -1 -2 -6 -9 -3 
12 6 -1 1 0 1 -4 0 
-14 -9 0 1 -1 1 -3 0 
2 3 -1 -1 0 2 0 1 
5 2 -3 -3 1 0 -1 -3 
7 16 6 1 0 -2 3 1 
-8 -11 -3 -2 -2 -4 -8 -7 
-1 -7 -1 1 1 0 -3 -1 
1 4 -3 -3 -2 0 -2 -4 
-4 -7 1 0 1 2 1 3 
1 0 -3 3 0 -1 3 -7 
-13 -13 -2 -2 0 -3 -7 -2 
