#EMG
#9
#ID:9-16
4 6 20 11 1 -2 -2 3 
-8 1 -13 -7 0 -2 -3 -5 
-8 -9 3 4 -1 -1 2 0 
0 -6 -22 -24 -9 -2 9 -2 
4 8 -1 0 -1 3 -2 0 
-7 -8 9 8 1 -2 0 0 
5 2 5 3 -4 -1 0 0 
-9 -5 0 -1 0 -5 -12 1 
-1 3 -2 3 -1 -4 -1 -17 
-4 3 6 3 -1 -1 -1 3 
-4 -10 -15 2 3 3 2 2 
3 4 7 -2 -3 0 3 -1 
15 10 1 -1 -3 -2 -6 14 
-5 -4 5 2 2 1 0 -16 
22 19 3 -6 -4 -7 -7 8 
12 3 7 1 0 2 7 -1 
0 -6 -1 -1 1 -2 -5 -4 
7 -2 -32 -13 -4 1 2 6 
-12 -14 0 -2 0 -2 3 -1 
11 1 3 5 2 0 -6 0 
-5 7 7 10 5 3 -1 1 
-16 -1 -12 -17 -6 -2 0 -1 
20 -7 -4 1 -1 0 -4 -8 
-4 1 13 0 -1 0 5 9 
-3 -7 9 10 -3 -1 -6 -7 
10 1 -24 -14 1 -4 -2 12 
-18 4 22 13 1 2 -4 -2 
-3 -8 -12 -8 -2 -1 12 -3 
-12 -9 -12 -8 -2 -1 -5 -6 
3 3 15 11 3 -2 -6 0 
-2 -4 -4 -5 -6 -4 0 -9 
-5 0 -10 -1 0 1 -10 5 
-4 -2 15 7 3 2 14 2 
-5 -1 -19 -14 1 -1 -3 -2 
-2 -4 -15 -6 0 2 -8 3 
-10 -8 -2 -3 -9 -7 -1 -8 
-7 -9 -10 -7 1 2 1 4 
-36 7 25 17 0 -2 -3 -17 
-2 1 6 3 3 1 6 5 
3 -1 -28 -15 -3 1 -9 -5 
-15 21 -18 -11 -5 -10 -12 2 
10 -14 -6 -4 -4 3 12 2 
2 4 10 5 1 -3 -9 5 
-2 -2 15 7 2 1 3 -1 
-10 -6 3 -4 -1 1 8 -2 
3 1 6 8 1 -2 -1 -1 
-9 -5 -8 -10 -3 3 16 -6 
2 4 17 10 0 -7 -30 -1 
11 -3 -8 -6 -1 -5 -1 8 
0 -4 -24 -8 -2 -1 8 -3 
1 -8 11 5 -4 -3 -1 5 
-7 5 4 1 -1 -1 -2 0 
5 -3 6 -1 -1 1 11 -6 
0 2 2 5 2 2 -1 0 
-24 -4 -21 -1 -1 -6 1 -9 
8 -3 13 7 -1 -1 -2 -6 
12 -6 -13 -11 -4 0 0 7 
9 -2 -7 -10 -4 -3 -5 7 
-14 0 4 0 2 1 4 -9 
-1 -5 0 4 -2 -4 2 2 
-1 4 1 5 1 2 -11 -6 
-18 -17 4 -4 -4 -5 5 -8 
15 8 -13 -9 0 -1 -2 1 
1 2 11 6 -1 -4 -17 -1 
19 -1 6 -1 0 4 0 3 
-8 -1 -6 -3 -5 -2 -1 3 
9 2 8 -3 -2 -5 0 -3 
-11 19 -9 1 5 9 13 -5 
11 -10 -5 -7 -4 -12 -8 -1 
11 2 7 4 0 5 -7 -8 
-3 4 19 6 -1 -2 1 14 
-12 2 -18 -15 -1 -1 4 3 
-6 -6 8 7 0 0 -4 -6 
8 10 2 7 3 1 -5 -2 
-10 -20 -27 -17 -5 -4 -1 -3 
16 -8 1 -5 -3 2 1 7 
-29 8 1 -5 1 -6 -19 -10 
-21 -24 -2 15 2 -2 4 1 
0 -2 -6 -5 -2 5 -4 -3 
-3 -7 -7 0 0 -8 14 3 
8 -6 -12 -13 -8 1 -2 -2 
5 11 18 8 2 1 -1 -6 
-3 0 -7 0 0 3 -2 9 
6 -8 -3 0 -1 -6 -12 -11 
35 14 12 6 2 4 18 8 
-17 -13 -7 -19 -2 -3 -7 -4 
1 -1 -25 3 -2 1 9 -9 
-14 -14 4 -1 -5 -6 -11 2 
-6 6 12 7 -2 -2 1 4 
24 10 6 1 -1 2 -7 4 
-5 0 12 1 3 3 16 -1 
3 1 6 1 0 -5 1 -7 
-11 -11 -21 -5 -2 -3 -6 -3 
-60 -13 -14 -8 -3 -3 4 -6 
6 6 19 8 -1 4 -13 1 
-2 -5 -32 -14 -2 -3 1 0 
8 -7 -8 -6 -3 1 3 -2 
-5 -2 16 12 -1 -3 -14 -6 
-6 6 2 -3 3 0 18 -4 
-3 5 5 -3 -3 -6 -50 -11 
-7 -16 -17 -6 -2 7 40 8 
11 3 2 -1 -1 -4 -19 -6 
2 2 7 4 -2 -7 -12 4 
-5 -9 14 2 3 3 12 -5 
4 1 -20 -4 -3 -6 -16 4 
22 2 -8 -7 -6 -2 1 10 
-2 -3 3 -2 -3 -1 -5 -20 
18 3 -13 -3 0 2 3 6 
-13 -1 11 7 1 0 0 3 
36 9 27 14 2 3 17 3 
4 -1 -24 -7 0 -5 -35 -2 
-40 -14 -22 -21 -9 1 11 -5 
-15 -3 6 0 0 3 -2 -7 
9 -3 -1 -2 -1 -2 -5 7 
14 11 15 13 1 -1 0 3 
-21 -10 21 7 -2 4 5 4 
3 0 -21 -5 -4 -15 -17 -10 
-18 -4 -6 -9 1 2 10 -5 
5 -3 -8 5 -3 1 2 -3 
-1 8 20 12 3 -1 -4 -1 
-2 6 1 -2 0 0 8 9 
1 -1 -25 -29 -6 1 1 -16 
10 -10 -22 -15 -7 -6 -2 8 
2 5 3 5 1 -1 -7 -25 
-21 -16 16 6 0 3 0 -4 
-9 7 24 16 4 -7 -5 1 
-6 -14 -35 -16 -5 -3 3 6 
48 9 22 16 7 4 5 9 
-56 -4 -13 -21 -15 -6 -3 -19 
2 -12 9 -5 -5 -4 -2 8 
-1 17 18 4 4 1 -4 -4 
25 8 10 17 8 3 7 4 
-41 8 -9 -1 7 4 -5 -10 
0 -49 -8 -10 -8 -4 2 -11 
-4 9 19 11 9 1 2 6 
1 8 1 -12 -22 -9 2 13 
-2 -27 -19 -9 -1 -3 -5 -10 
1 -4 -13 -5 -1 2 10 7 
3 4 31 12 6 -3 -4 -1 
-15 -4 -19 -4 2 1 2 -3 
22 -13 16 7 -5 0 -2 10 
-4 -4 -27 -12 -6 -5 -1 -6 
1 2 4 -6 -5 -4 -8 -15 
-30 -4 -14 -11 0 -1 3 6 
12 6 13 -1 -1 -1 -1 11 
-11 13 7 10 8 0 -6 -27 
2 0 -8 -1 -2 2 -2 9 
12 3 -24 -9 -11 -8 -3 -4 
12 8 -2 -1 2 1 -1 2 
20 12 -13 2 -2 -2 2 15 
-50 -6 34 19 2 2 -3 -25 
7 -2 -24 -4 2 0 4 -2 
8 1 -25 -24 -6 -3 -3 -8 
0 15 11 7 -1 2 0 17 
6 -9 -15 -7 -6 -5 2 17 
-12 -12 12 7 4 -2 -13 -33 
9 14 27 16 7 5 2 1 
1 3 -1 -2 -1 -13 -7 -3 
-5 -14 -41 -23 -7 -1 -3 17 
13 12 -3 -11 -5 0 12 -7 
7 -2 19 9 0 -3 -17 1 
-20 -6 -15 -2 -1 9 14 -9 
-6 1 9 -10 -15 -12 -6 -3 
8 -11 -4 -3 2 2 7 16 
-9 16 3 10 2 2 2 -15 
26 8 -5 5 7 3 -4 4 
-18 -15 6 -5 -2 0 0 -7 
-10 -8 -3 -4 -2 -5 -15 -6 
18 -2 -2 8 3 0 20 6 
-21 -15 -27 -13 1 2 -13 -3 
4 -6 2 7 4 11 28 -13 
13 7 17 -15 -13 -24 -34 12 
-10 -4 -22 1 0 1 -10 14 
-10 -3 10 -9 -2 4 11 -28 
10 -3 -7 11 1 -13 -20 -12 
4 6 1 -5 2 8 27 14 
5 6 10 -1 -4 -2 -2 -4 
-20 -11 -4 -2 -3 2 2 4 
13 -4 -21 -10 -3 -5 5 8 
-8 0 16 17 5 5 -3 -12 
29 0 -12 -6 -2 -6 -6 12 
-2 17 10 -2 -3 5 3 7 
2 10 11 6 2 -2 -7 -4 
-34 -10 -10 -2 0 -4 -1 2 
-15 4 -5 1 4 7 5 -11 
8 -3 20 11 -8 -10 -11 -7 
8 -1 -11 -13 1 3 1 6 
20 8 -19 -5 -4 3 15 12 
-5 -12 10 -7 -4 -2 2 2 
8 8 -14 0 3 -4 -5 9 
-9 -3 21 3 -8 -3 -6 -17 
-19 -23 0 -2 1 6 2 -12 
32 -2 -28 -8 -5 -7 -10 19 
-11 -3 13 2 0 5 28 4 
0 -1 -16 1 4 -11 -19 5 
-9 -6 -12 2 0 -2 -7 2 
-12 -3 21 13 -7 -8 -5 -19 
23 2 7 -1 2 3 1 3 
1 -13 -4 -13 -6 3 7 10 
-28 21 -7 -9 -2 -1 4 0 
0 2 -17 2 3 0 -6 -10 
3 4 4 -4 -7 -7 -11 -2 
0 18 34 15 3 1 3 1 
7 -10 -19 -9 0 1 -2 -5 
1 -2 1 5 2 2 10 7 
-18 -2 -7 0 -3 -3 -10 -1 
13 4 -7 -6 1 0 -4 -1 
14 4 0 -2 -3 0 -4 -1 
-11 -9 -18 -18 -8 -3 8 7 
21 -13 7 16 2 -5 -14 -4 
-3 6 -14 -16 -1 1 -3 -3 
6 -1 15 9 1 0 6 4 
7 9 9 5 2 1 -5 -8 
-45 -4 -26 -8 -4 -4 -1 3 
-13 -17 15 6 0 3 4 1 
1 -1 -10 -4 2 4 0 13 
-1 30 -9 -7 -6 -4 -9 -23 
-3 -5 12 -7 -1 -5 -9 -23 
0 -4 -21 2 3 4 8 2 
16 -1 12 -6 -7 -5 -6 15 
5 -3 1 -9 -3 -2 1 -22 
-12 -13 -16 -4 6 2 1 11 
0 3 3 5 -2 -4 -4 2 
0 -6 0 -5 -3 -1 -3 -22 
0 -7 -19 0 -1 0 -3 -6 
1 15 23 4 1 -6 2 2 
2 -7 -31 5 8 3 3 9 
-10 -4 16 0 -5 -2 -1 17 
-11 -12 10 4 2 -3 -6 -16 
-6 -5 16 0 -2 2 -2 -14 
7 -7 -11 -4 -6 -3 -2 10 
4 32 -2 0 0 1 2 -4 
-6 -1 2 8 6 1 0 11 
14 -10 0 -4 -7 -3 -4 6 
-14 2 3 -6 -6 -3 2 -38 
10 -5 0 2 1 0 -13 5 
-31 -18 -18 -19 -4 -2 7 45 
-4 3 -1 10 8 1 -10 -39 
1 2 19 -5 -7 -3 -8 7 
-10 -16 -21 4 4 5 8 -6 
9 9 36 -2 -4 -7 -5 13 
8 0 -43 -6 -1 0 -1 7 
-4 -5 11 1 4 -1 2 -9 
-4 -6 -26 -2 4 8 12 11 
-6 -8 13 4 -4 -14 -25 -30 
1 2 -5 -15 -8 1 6 8 
4 -3 -4 -5 -3 -3 -12 14 
-1 -6 23 12 3 -2 -1 -11 
23 23 -9 3 3 6 18 1 
-19 -17 7 -1 -3 -5 -19 7 
8 15 -11 -2 -1 0 9 5 
-8 -19 13 0 -4 -3 -1 0 
5 -2 -2 3 1 3 8 -8 
6 8 11 2 -1 0 -4 2 
-7 -5 -10 -7 -2 1 4 7 
21 13 -7 -1 -2 -1 -5 2 
-13 -24 -3 -3 -3 -3 3 7 
18 10 -3 1 -1 4 7 3 
-10 2 28 15 2 -2 -6 -10 
15 1 -26 -18 -6 -6 -6 6 
-44 -12 -17 -9 -5 1 -2 -23 
-3 4 11 4 1 -4 5 14 
11 1 4 10 2 3 -20 -6 
-11 -2 4 0 -1 0 10 -18 
6 4 -3 -7 -2 2 -2 13 
9 2 -10 -5 -3 -8 4 8 
-5 8 18 7 2 2 3 -14 
-10 -18 2 4 -2 1 0 -10 
4 -15 -13 -7 -3 3 -32 -5 
-7 9 -17 -8 -6 -13 -8 -2 
-7 -2 9 4 -3 -7 -4 -11 
2 -6 -18 -11 0 1 -4 -5 
13 5 5 6 0 10 20 3 
0 15 17 0 -1 4 3 28 
38 -14 -21 -5 -4 -10 3 -14 
-74 -15 21 13 1 -7 -21 -3 
9 7 8 4 4 0 1 -7 
16 1 -10 -13 -5 5 -4 1 
17 4 -14 -16 -7 6 39 20 
8 5 21 7 -2 -14 -16 -14 
0 0 -25 -6 2 -4 4 7 
-12 12 10 5 2 0 -5 -16 
-22 -1 -4 -2 2 13 21 8 
9 -1 -2 -4 0 -8 -12 -8 
15 5 29 10 0 -3 3 12 
8 -8 -20 -2 -2 -1 -1 -17 
-19 18 -16 -13 -1 2 5 -1 
-11 -10 5 5 -3 -2 -27 -5 
-1 -1 13 3 -1 -8 -8 0 
4 0 13 8 2 5 17 9 
-5 -6 -1 0 0 -3 -11 6 
17 -7 -27 -23 -9 -5 -1 -33 
-1 19 7 5 1 5 -4 -5 
13 -2 -7 -10 -10 -3 -3 4 
-21 -7 -6 -4 -3 -10 -18 0 
0 1 11 9 2 9 17 12 
-17 -15 9 -2 1 -1 8 -6 
2 17 -6 8 2 -3 -3 3 
17 -1 -16 -15 -4 -5 -18 -11 
-19 4 5 -3 -2 6 25 8 
3 -11 -1 -3 -2 0 -6 -7 
-8 -9 16 2 2 -4 -2 5 
-6 -1 8 6 2 -3 -6 -5 
8 2 -10 1 2 1 -2 7 
-3 7 -2 1 0 -1 -6 11 
-12 -29 0 0 -1 -1 5 -54 
-23 -15 -10 2 4 0 -8 -5 
7 3 3 1 -6 -5 2 2 
12 -7 -10 -11 -9 -4 -3 16 
-4 -4 -1 -3 1 6 14 16 
8 9 6 15 -1 -2 -3 -14 
-4 -1 7 -9 -3 -8 -12 2 
-11 -11 -11 3 -2 -2 2 -14 
-5 -9 -27 -19 -3 -4 -7 2 
3 7 -3 -7 -3 2 2 -2 
2 -6 24 12 2 6 -1 -1 
20 12 5 11 2 -6 6 17 
-26 -12 -3 -3 -4 -5 -12 -27 
5 -11 -9 -9 -6 1 18 16 
11 9 -7 -3 0 -6 -7 -13 
-20 0 9 -1 1 4 -3 -3 
20 14 8 12 5 4 1 7 
-5 -13 -3 -10 -5 -4 -5 5 
-21 4 -2 3 0 2 4 -20 
5 -5 22 16 5 2 6 11 
1 1 -34 -19 -5 -6 -25 10 
-18 -14 -19 -14 -6 -5 -15 -11 
7 2 8 -4 0 3 9 17 
5 4 1 -3 -3 -1 2 -12 
-12 1 19 13 0 -2 -5 -11 
3 2 3 4 4 2 -1 2 
-1 -2 -1 8 6 4 -5 1 
-20 -1 0 4 -7 -12 -19 -14 
2 -29 0 -4 0 -2 14 8 
-5 -9 -42 -21 -10 -6 4 -5 
0 -1 -21 -13 -5 -5 2 4 
6 23 3 -1 5 4 3 -2 
2 7 19 10 3 4 -12 5 
-2 0 18 14 5 -1 11 -6 
4 -4 13 16 3 0 4 4 
21 -4 -21 -17 -10 -13 -8 0 
-25 -11 -30 -22 -7 -5 1 5 
-24 -8 14 5 -1 2 -4 -11 
6 2 -10 -4 -1 2 5 7 
1 -8 6 6 3 2 4 -6 
17 9 7 4 -1 3 12 7 
11 18 4 1 -1 0 -2 13 
-22 -19 2 0 -3 -10 -33 -18 
-20 0 -6 -5 -3 -7 -19 -6 
2 -15 -39 -13 -7 1 20 0 
-2 2 13 -2 1 3 -2 0 
11 9 -2 1 1 3 5 11 
-2 -6 14 5 2 9 19 3 
1 6 6 0 0 -13 -20 -8 
6 5 2 6 0 0 0 11 
0 -20 -21 -11 -3 -1 -2 -4 
-7 -20 -12 -11 -7 -9 1 1 
8 10 17 10 2 1 -11 -7 
-9 -17 11 2 -2 2 -2 -5 
10 17 -5 1 2 4 -2 2 
-16 -6 -3 4 0 5 26 -5 
12 13 -1 -7 -1 -9 -13 20 
10 -6 -3 -3 -2 -4 -3 -12 
0 0 -2 -6 -5 -2 -7 4 
-22 -15 -22 -8 -2 5 30 -8 
-22 5 24 10 4 -1 -26 -2 
5 6 8 9 5 -1 -5 -18 
-1 -2 18 -10 -13 -1 27 7 
32 6 -33 -8 -1 -5 -30 13 
-16 -11 0 -5 1 2 23 -16 
-4 -1 -19 4 3 -2 -8 -1 
-2 -11 0 -10 -7 -6 0 -10 
-5 -2 8 -4 -1 1 10 3 
15 -1 -6 1 -2 1 -18 -5 
-17 -6 4 7 4 -2 -13 2 
9 -2 -31 -14 -2 -3 4 -3 
5 2 -22 -7 -3 -2 -5 4 
-3 5 8 5 1 2 9 -3 
9 5 19 6 0 3 8 7 
-2 0 -16 1 -1 -6 -9 -18 
-14 3 8 -7 1 -2 -11 -3 
12 5 4 5 -1 1 7 -3 
2 0 2 -4 -2 -6 -15 8 
-3 1 15 12 7 7 13 6 
-8 -5 -9 -4 -2 -5 -19 -26 
12 -10 -14 -2 -2 -3 4 5 
2 9 -18 -23 -10 0 11 4 
13 2 8 -2 0 0 -7 9 
-22 -7 10 12 4 6 3 3 
-20 0 0 -4 -4 0 0 -6 
-4 -5 -4 2 1 -3 1 -2 
17 4 3 6 5 -4 -5 7 
-28 -6 6 11 5 4 -1 -3 
2 -1 -4 -5 -6 0 11 4 
2 0 -7 -16 -7 1 4 12 
-17 2 8 5 2 -5 -8 -18 
23 -1 -16 -12 -7 -4 -2 8 
-7 -2 -1 -11 -9 -5 -9 -27 
0 0 2 10 1 -2 0 -4 
-5 -2 -10 -15 -11 -4 3 5 
10 5 13 8 4 1 -2 8 
-5 -4 -9 -12 -7 2 4 9 
8 -2 1 -3 -2 -3 3 -4 
-16 0 9 11 0 -1 -8 -8 
15 -5 -16 -13 -5 -6 -14 -3 
-12 -1 14 8 5 3 5 -7 
11 2 -4 7 4 3 -2 7 
2 3 31 15 4 -4 -3 5 
1 -7 -47 -32 -8 3 4 0 
-8 -4 -15 -1 -1 -11 -19 -5 
-3 -3 7 3 -1 -3 -5 -2 
-3 -2 -1 0 -2 2 8 -15 
4 5 34 16 1 1 2 -5 
5 2 -7 -6 0 0 4 6 
-9 -10 -25 -13 -7 -4 -9 -5 
-7 1 -2 4 -3 -3 -2 6 
17 -3 -4 -18 -3 -2 18 -4 
6 3 9 11 5 4 -17 10 
-3 -1 11 4 0 -3 -4 -10 
-10 -5 -15 -5 1 -3 -3 -3 
-7 6 7 4 0 -3 -3 1 
0 -2 3 8 5 9 10 1 
15 2 0 0 -5 -8 -5 16 
-19 -11 -9 -8 -2 1 -1 -1 
-2 2 14 7 -2 -1 4 11 
-2 7 -9 4 4 -7 -22 -15 
-1 -5 5 -11 -5 10 12 -8 
0 0 -21 -11 -4 -18 -8 7 
-4 -1 7 10 5 -1 -1 -5 
-2 2 15 18 2 1 5 4 
7 -1 -26 -20 4 3 1 13 
16 8 2 6 -3 4 4 -18 
-14 -16 -2 -8 -5 -1 -5 -1 
3 2 -4 -6 -5 -4 -3 5 
-11 -7 14 11 1 1 -3 -14 
5 7 -1 -3 1 3 4 9 
2 9 -3 2 -1 -3 -3 -7 
2 -8 6 0 -3 -2 12 10 
-3 10 -6 1 -3 -3 -13 -15 
-9 -1 3 -2 -2 0 -4 10 
-1 -3 -8 -3 -4 -1 -9 -11 
0 -1 -1 -7 -4 -4 1 1 
3 -2 1 5 2 3 10 17 
5 -3 21 10 5 4 5 1 
-14 -2 -17 -6 -5 0 -6 -25 
2 -14 -5 -3 -2 -3 0 16 
4 -11 0 -6 0 2 8 -10 
-19 5 9 4 -1 -10 -12 6 
-23 -8 17 8 3 -3 -6 10 
-10 -7 -11 -1 0 2 1 -12 
2 4 9 5 -1 2 20 13 
-7 -18 -18 -10 -1 0 -17 -12 
12 4 5 3 1 1 5 -4 
8 -2 -4 -15 -8 -4 -4 -1 
-8 -1 -1 5 -2 -3 2 -3 
7 -2 -8 -6 -3 2 2 4 
5 2 -3 1 1 -1 -10 -9 
6 4 11 4 1 4 12 12 
-9 2 9 6 3 -3 -4 -8 
3 -5 -15 -6 -4 -2 -4 -19 
5 -6 -27 -10 -6 -3 -5 10 
-4 5 -9 -13 -4 -3 -2 -10 
-6 1 -3 -4 0 -3 -11 -4 
0 -2 11 10 3 3 5 4 
30 7 17 6 0 -1 -4 16 
-27 -9 -20 -10 -2 0 -15 -18 
-1 -13 -7 -1 -3 -4 -7 -2 
0 6 -8 -4 -3 -6 -2 2 
1 3 6 4 -1 0 1 -5 
9 1 6 -1 -1 1 4 10 
-14 -5 -2 -5 -4 -2 -5 -9 
20 0 7 3 4 7 24 6 
-7 -5 -28 -9 -2 -7 -24 -2 
-12 0 0 7 4 3 7 -15 
-4 1 -12 -11 -3 -6 -9 4 
2 -2 11 2 0 4 10 3 
-7 5 16 6 2 2 5 4 
4 -7 -8 -1 2 -2 1 3 
-1 3 -2 4 -3 -3 -4 -5 
-5 -5 -8 -12 -5 -1 -9 -3 
-6 -5 6 -1 1 3 9 -4 
-3 -2 1 3 -3 -4 -7 1 
8 -5 -2 0 4 3 0 2 
-4 9 -12 -8 -9 -10 -3 7 
-7 -4 0 -14 -5 -1 -4 -16 
15 9 1 2 1 0 -1 0 
-2 -4 -3 -5 -11 -14 -4 0 
-7 -9 -2 7 5 4 -2 -9 
3 1 3 8 5 -1 -3 2 
13 8 10 7 8 5 14 8 
-39 -21 -2 -15 -9 -1 -22 -12 
3 3 -8 -5 -8 -7 13 15 
-8 -15 9 2 -2 -3 -1 -17 
-10 0 3 4 3 3 -6 -11 
0 2 -17 -1 4 0 7 2 
20 -10 1 -6 -4 1 1 -6 
-1 0 1 0 -1 -5 -8 7 
7 -5 -1 -3 -4 -4 0 4 
16 5 1 1 -2 4 2 1 
-9 1 -2 -3 0 -11 -20 -15 
4 6 1 3 0 6 18 8 
-8 1 -12 -6 -3 -6 -9 -3 
8 7 10 1 1 1 1 5 
-1 -1 -12 -2 1 3 -13 4 
-3 0 6 6 -1 -5 8 -3 
-13 -5 -4 -15 -5 -2 -12 -5 
-6 -2 10 8 4 0 -4 -10 
-3 -3 -10 -3 3 11 17 -2 
-4 -2 -4 -6 -7 -9 -9 4 
2 1 3 3 -1 0 7 10 
7 1 0 1 -1 1 7 -1 
6 5 3 1 -2 -3 -7 0 
-2 2 -6 -7 -4 6 4 -2 
-1 0 5 -3 2 -2 10 12 
1 -1 4 4 -1 -6 -15 -25 
-5 -10 -6 -5 -3 -4 -3 -12 
-1 -1 1 2 0 1 -9 3 
0 4 4 -1 -3 2 7 5 
-2 -1 -4 0 -1 1 7 7 
-5 0 6 4 0 -4 -5 7 
-1 -4 -1 2 3 2 3 -6 
-10 -2 5 -2 -6 -3 -8 -10 
25 1 -6 -2 1 -1 6 5 
0 -2 3 1 -3 -1 -23 1 
-3 -5 -4 -12 -3 -3 1 4 
32 6 -2 0 -1 -1 2 4 
-11 8 4 2 1 0 -1 1 
-14 -9 2 1 -1 2 12 -12 
1 2 1 1 -2 -7 -10 -1 
-5 -9 -3 4 -1 0 -1 -4 
11 -1 -6 -7 -4 -2 -4 4 
-2 0 8 2 2 2 5 1 
-1 -1 -28 -12 -3 -3 -2 6 
-9 -18 -2 -1 -1 -3 -3 -21 
-14 3 -3 11 6 -1 -8 1 
-2 -2 8 -1 -3 9 4 -5 
3 -1 7 -2 -4 -10 -7 1 
-10 -6 -11 -7 -4 -2 -2 4 
-3 -1 -11 -6 -5 -1 2 0 
3 -9 -1 2 0 1 6 0 
-4 1 6 6 3 8 13 1 
1 6 3 0 -2 -9 -15 1 
-9 -3 10 9 2 0 -2 -4 
-4 -3 -19 -9 -4 -5 7 -1 
7 4 1 1 -2 1 -4 0 
-12 -5 5 1 2 2 5 -5 
6 -1 -17 -12 -4 2 -8 -2 
4 -1 2 -1 0 -6 2 2 
-7 0 -2 -3 -1 2 8 -4 
8 9 3 5 -1 -3 0 15 
-11 -8 2 -2 -3 -1 -7 -12 
-4 0 -5 -3 0 -2 -8 -3 
5 1 0 3 1 -2 -4 -2 
-7 -2 0 -1 -1 4 3 1 
6 6 14 -2 -2 2 7 16 
-20 -6 -13 0 0 -8 -7 -3 
6 -5 -12 -3 -3 2 2 -2 
0 2 -7 -15 -5 -4 -6 -8 
-7 -1 1 -2 -3 -5 -2 -3 
5 3 12 5 3 5 3 1 
1 1 4 8 5 -1 3 9 
-3 21 -3 5 -2 0 -7 -5 
0 -3 -8 -9 -3 -2 2 -4 
0 13 1 -13 -8 -1 0 -7 
-7 -6 -5 -2 0 -2 -7 1 
2 -6 0 4 1 -2 -2 0 
-5 -4 2 7 5 -2 5 0 
23 1 1 5 0 -1 -5 7 
-12 -1 -6 -9 -9 -5 -7 -13 
1 -10 1 -1 0 2 10 -14 
3 2 -2 -1 -1 -4 -1 5 
2 -3 -5 1 -1 0 -1 -1 
5 5 7 3 1 2 5 7 
1 -10 -3 0 -1 -5 -9 2 
-14 -10 -4 -5 -3 1 3 -6 
-3 -3 -6 -3 -3 -5 -5 -5 
0 0 -1 -2 -1 -1 -5 4 
0 1 0 1 0 4 3 2 
3 -2 -1 -2 0 3 7 5 
-6 -1 -1 -1 2 -10 -16 -7 
-2 -3 6 3 -1 0 1 -3 
-2 -5 -4 -10 -5 -2 0 1 
2 -1 -5 -5 -5 -1 -3 0 
-2 0 15 5 3 3 16 0 
1 -4 -32 -6 0 -2 -22 -12 
-6 -4 5 -1 -4 -2 2 2 
-2 0 -4 -5 -3 1 -2 -6 
-3 0 -2 -6 -4 0 -1 9 
-3 -1 13 6 4 -3 7 -8 
6 1 -1 1 -1 0 -10 4 
-3 -2 -5 -2 -2 -5 0 -6 
-1 1 3 6 2 3 -2 -4 
-3 -3 -1 -3 0 4 7 -5 
-6 -1 -4 -3 -1 -13 -14 6 
9 0 3 2 -2 -6 -10 -7 
-2 -1 -5 -4 -2 3 5 9 
2 1 4 -3 -3 0 -9 -3 
-1 1 -4 0 2 3 7 -8 
-2 -6 -1 -1 -2 0 0 1 
-7 -1 -6 2 2 -1 -2 -1 
