#EMG
#9
#ID:9-17
-20 19 11 10 2 1 1 -3 
6 9 -30 -20 -8 -5 -1 1 
3 -9 -17 -9 -1 0 -5 1 
-2 -7 3 0 -4 -1 1 0 
-13 -5 38 10 0 -1 -4 -10 
3 -6 -6 -3 -2 -2 8 6 
22 7 -3 2 1 1 -2 10 
-10 1 -5 -9 -6 -4 -4 -31 
8 -9 9 5 0 -2 -1 10 
7 -2 20 9 1 -3 -3 0 
-1 -8 -23 -10 -1 0 2 -2 
-15 -5 14 5 -2 -2 0 3 
-26 -21 -25 -18 -2 -3 -5 -14 
-26 8 9 8 2 1 -1 8 
-6 -21 9 1 -3 1 4 -6 
11 8 -13 -12 -6 -8 -16 5 
-5 -13 -3 1 3 -1 0 -5 
4 -4 -2 3 3 1 -1 11 
-19 7 7 0 -1 0 0 -2 
16 -4 -2 -2 -2 1 15 4 
-6 3 5 -1 -3 -3 -21 -1 
0 -3 6 6 1 0 2 -1 
8 6 -11 -5 -1 0 -7 -15 
3 4 1 -1 0 0 0 -3 
31 22 10 3 -2 -1 11 26 
-5 -21 -27 -11 -1 1 2 -2 
-33 1 14 4 -4 -9 -13 -36 
-3 -3 -12 -4 -1 -2 -1 3 
1 -7 -13 -10 -6 -2 1 -7 
9 6 12 8 1 -1 -1 -1 
10 -3 13 10 4 2 5 12 
-2 -4 -13 -5 -7 -2 0 -4 
-6 8 30 16 2 1 2 -9 
-1 -17 -16 -15 -4 -5 -2 7 
2 -1 2 -5 -2 -3 -1 -2 
7 0 3 1 4 1 -3 -1 
-8 -4 -18 -4 1 -1 4 0 
-9 3 18 7 0 0 1 -11 
9 5 -5 -4 0 3 -1 0 
3 -5 -25 -11 -5 -6 -7 5 
5 -6 -6 -2 0 3 8 -5 
-15 -5 -15 -3 -3 -7 -7 -6 
-8 6 12 3 -1 -1 -1 -1 
3 1 17 11 2 1 3 -7 
-4 -9 -23 -11 1 -1 -2 -5 
19 14 14 7 0 0 4 21 
11 25 13 6 0 -1 3 -6 
1 -9 -2 -14 -5 -3 -4 10 
3 -10 -6 0 0 -2 2 -7 
12 8 13 2 0 2 -4 7 
-30 -15 -2 3 -2 -2 4 5 
-8 -5 -3 -4 2 -1 -6 -8 
0 5 7 4 2 -1 0 0 
-13 -1 -16 -7 -5 -1 -1 -10 
21 -7 -6 -8 -2 -2 -5 11 
-4 3 10 2 -1 -1 -2 -4 
6 13 -8 -9 -9 -7 -3 2 
-8 0 25 12 1 -3 -4 -5 
26 -4 -35 -12 1 0 -5 3 
-22 -8 -11 -4 -5 0 6 -4 
-3 12 10 -1 0 -1 5 10 
27 -8 -8 1 -1 -1 -3 -7 
19 -4 1 3 -1 -1 0 -9 
-3 -10 1 4 0 -2 -4 4 
-4 5 -20 -11 -3 1 6 -9 
-5 -1 0 -7 2 1 -11 -4 
-1 -1 -16 -1 -2 -2 -8 17 
0 1 12 -5 -5 -1 9 -9 
17 -5 1 8 -2 -5 -11 0 
-6 -4 7 -5 -1 0 5 -6 
-2 4 -1 -3 -1 2 7 4 
-4 -2 -3 0 0 -1 -4 2 
11 1 5 1 0 6 4 5 
-39 3 20 16 0 -14 -8 -14 
10 -16 -21 -20 -7 -7 -10 -7 
9 -2 -15 -3 -3 1 -1 -1 
-15 -13 1 -1 1 5 23 -4 
-2 0 -20 -5 -3 -7 -24 -7 
-11 7 26 17 0 -2 12 -5 
2 5 -19 -9 1 2 -10 1 
4 -12 -16 -15 -4 1 -13 1 
1 20 16 8 2 1 1 14 
-9 -23 -1 0 -5 -5 9 -8 
7 4 27 14 2 -2 -3 0 
1 -7 -37 -2 2 1 -6 -2 
28 4 -4 -13 -1 6 12 9 
-19 -6 -14 -9 -4 -2 -21 -4 
17 4 16 5 1 3 13 6 
-10 11 28 14 1 -6 -6 -5 
22 -4 8 8 -3 2 15 2 
13 3 -22 -11 -2 -1 -1 4 
-18 -2 11 -4 -2 -2 -5 -4 
-8 25 21 12 -2 -2 -1 -14 
15 5 -23 -17 -4 -1 -3 11 
-8 5 26 11 0 2 4 -2 
4 -6 -25 -8 0 -3 -1 7 
24 -4 4 0 -1 -4 -15 -2 
-48 -4 14 11 1 0 5 -15 
2 6 -30 -16 -2 1 -11 -14 
12 -12 -8 -6 -3 2 6 -2 
-13 -2 17 4 0 -7 -3 -1 
-6 -6 -33 -6 -5 -1 -7 1 
-5 -11 1 1 1 1 4 3 
16 24 -4 -2 -3 -4 5 5 
-34 -10 2 -4 -1 1 -9 -4 
10 -12 2 -3 0 0 1 -16 
-8 2 19 12 -1 -3 -8 8 
13 12 -33 -12 -2 0 -2 -5 
16 -7 -2 -8 -3 -1 13 14 
-27 6 -10 -7 -1 -7 -13 -1 
8 -3 17 6 3 2 8 2 
-11 -6 30 22 3 -5 -11 -4 
3 4 -8 -8 -1 -2 -4 -25 
-42 -8 -24 -15 -2 0 7 -6 
32 18 12 3 -5 -3 -2 12 
-52 -1 -4 3 0 2 0 5 
-7 -16 -29 -20 -7 -9 -8 -12 
34 0 4 4 0 6 6 0 
-3 -7 -2 -2 -4 -4 -2 -5 
-3 2 -13 -5 -3 -3 -5 -1 
-18 -18 -4 -3 -4 -4 -1 -1 
34 11 -3 1 0 1 3 12 
-15 7 24 7 3 3 4 2 
-8 -3 -4 19 7 -2 -12 -27 
-4 -11 16 -23 -12 1 -3 -4 
-10 -5 -12 -10 -1 -2 4 6 
22 15 3 5 2 -1 -2 6 
-17 -3 25 10 1 -2 -5 -11 
19 -7 -7 4 1 -2 1 27 
-8 4 -26 -18 -8 -4 -5 -15 
-4 10 2 -4 6 3 7 4 
4 -11 21 16 5 0 -8 -20 
6 -17 -14 -21 -16 -1 3 22 
-2 4 34 13 1 0 1 2 
-45 -20 -28 -16 -6 -4 -12 -20 
21 14 34 9 5 2 0 13 
-47 -14 -29 5 11 3 2 -9 
5 -11 -13 -5 -3 0 2 8 
5 3 -1 -2 -9 -3 3 18 
-2 -5 2 4 3 1 5 7 
28 63 44 31 8 3 -8 -25 
-16 -30 -70 -47 -16 -6 -5 2 
-2 -6 -13 5 3 0 0 -9 
7 0 6 -18 -6 0 4 19 
7 38 59 26 5 -4 0 2 
-12 -22 -40 -2 1 -3 -6 -21 
-1 1 11 4 1 1 0 8 
-7 -10 -32 -22 -11 -4 2 3 
-3 -9 -3 11 5 0 -5 -12 
6 12 29 7 2 -3 -4 8 
0 -17 -27 -4 1 0 0 6 
6 -3 -18 -17 -13 -6 -1 -1 
-9 0 8 -1 -1 0 0 0 
25 0 11 4 -4 1 5 2 
-55 -5 -6 -4 0 -5 -12 -19 
-8 -3 2 1 4 -3 -5 -4 
12 -22 12 2 -1 0 0 1 
-7 -10 -60 -15 -4 -4 -5 4 
19 17 38 7 0 1 9 -1 
-16 -1 -3 10 -3 0 -6 -8 
0 -26 -22 -19 -3 -1 8 22 
2 19 51 28 8 4 2 -19 
19 -13 3 -2 -4 -6 -13 8 
-20 -6 -18 -12 -7 -2 4 -35 
9 7 -9 4 1 -1 -12 7 
9 20 25 9 3 1 19 15 
7 -2 -25 -14 -4 6 10 -8 
-12 -10 5 -5 0 1 -24 2 
-4 5 4 9 2 -9 1 11 
5 7 19 8 3 9 6 -5 
12 -5 0 -4 -4 -9 -6 -5 
5 -14 -28 -9 -2 0 -10 5 
-5 11 -20 -12 -2 10 11 -10 
-19 25 17 10 -1 -13 -27 -9 
32 2 13 -2 -1 7 20 16 
2 -4 2 2 0 1 -1 -18 
-7 -9 -30 -8 -3 -4 -6 1 
12 1 13 -3 -4 -3 -4 5 
-25 -8 -15 2 1 0 -2 -4 
-26 -9 -10 -12 -2 -6 15 6 
10 7 10 6 2 -2 -30 -5 
1 -8 20 9 6 9 9 1 
19 1 -17 -5 -7 -4 -2 -5 
0 9 -9 1 -2 -5 14 9 
-30 -19 8 -1 -3 2 10 -20 
-6 -14 -35 -26 -7 -10 -7 1 
6 21 12 11 4 2 -15 -12 
7 -22 1 2 5 1 12 35 
1 -18 -6 -6 -10 -1 4 -11 
0 4 12 -2 -4 2 -10 -1 
-1 23 9 -1 3 -2 -5 -1 
13 8 14 10 1 0 -7 9 
1 -7 -23 -2 2 -2 -1 -3 
-9 3 28 11 -1 -2 -1 3 
-10 -20 -13 -11 -2 -1 -1 0 
-6 -11 -20 -2 -2 -4 -6 -20 
28 10 22 12 0 -4 -11 5 
18 5 10 -2 1 1 -1 -4 
-31 -16 -40 -20 -7 -3 4 -6 
-1 11 23 10 2 0 -4 6 
21 -28 1 -11 -2 0 3 -7 
-11 -10 -3 9 -6 -3 6 -9 
1 5 42 -3 -5 -3 -12 -7 
18 -5 -19 -5 2 5 7 3 
-21 5 3 -2 -7 -4 0 11 
9 7 -4 -3 1 1 9 19 
-6 -7 -3 4 3 1 -2 16 
-26 -15 -11 -10 -7 -8 -9 -60 
7 9 -9 0 3 7 13 32 
-6 -14 -26 -14 -2 -3 -5 -14 
-2 23 13 7 2 -2 -10 -25 
26 22 12 11 4 -2 -4 6 
-20 -18 -49 -21 -14 -7 -6 -20 
8 -2 -10 -10 -4 3 1 10 
-18 5 -13 -4 3 2 3 -16 
-8 -21 35 10 5 2 5 33 
-12 14 -6 9 4 -2 -3 -32 
-11 -17 0 -9 -14 -5 -8 -15 
15 8 1 10 4 -1 2 9 
1 10 -8 -11 1 1 3 4 
-9 -15 0 1 -1 -8 1 26 
14 -4 -7 -15 -7 -3 -2 -2 
-19 -14 -7 4 -3 -5 -10 -40 
4 4 -6 -9 -5 -2 0 10 
3 1 4 -1 1 1 -1 0 
-10 10 4 20 7 -3 -7 -9 
9 -17 -10 -5 -3 2 10 18 
3 9 -4 -10 1 1 -3 -9 
-3 11 -3 1 -3 -3 -1 -3 
-6 -15 -10 -2 1 -1 -5 -6 
4 -1 19 1 -7 -2 4 14 
25 7 -3 -3 -3 2 5 0 
-2 1 9 13 9 2 -7 4 
-35 -12 22 25 9 -4 -6 -17 
10 -14 -27 -19 -11 -5 5 5 
-12 4 -38 -25 -10 -4 -8 -1 
2 -7 17 1 0 4 1 10 
22 17 5 8 5 1 4 6 
-4 33 25 20 5 1 -1 -16 
-9 1 -18 -4 -9 -3 -2 7 
4 -1 -11 -8 -2 -1 -6 -7 
9 -13 -33 -14 2 1 -4 17 
13 1 24 12 0 -6 -1 4 
14 50 72 16 -1 4 3 11 
27 -24 -89 -53 -11 -1 -5 0 
-28 -8 21 10 3 -5 1 -13 
-9 -7 -13 -4 3 3 -7 1 
2 2 26 14 1 2 -14 8 
-3 15 16 5 -5 0 39 -6 
-2 8 -6 -6 1 -8 -3 10 
-13 2 9 5 0 -4 -6 -17 
-13 -31 -47 -15 -4 1 5 -1 
13 48 24 4 2 1 2 8 
17 3 -12 -4 -1 -2 -13 -34 
-8 2 22 3 3 0 4 10 
-6 -2 -7 -2 -4 -1 0 -12 
16 -2 -26 -17 -4 -3 6 5 
14 1 31 16 -2 -2 -5 11 
-17 -14 -26 -20 -1 -1 3 0 
10 -13 18 9 2 5 -5 3 
-24 -11 11 6 3 -9 1 -5 
-15 -6 -1 -4 -7 -1 3 8 
0 -6 2 4 0 4 -5 -3 
-13 -13 -12 2 4 -2 4 1 
-11 -5 -26 -6 -1 5 -6 -6 
18 30 18 14 5 4 18 11 
-15 4 -19 -20 -6 -6 -13 0 
18 -4 -12 -9 -3 -6 -1 -9 
-30 3 53 23 4 -4 -24 -12 
1 -6 -4 -8 -5 -5 3 -3 
-3 -2 -25 -9 -4 2 16 2 
1 -8 -10 -11 -1 -3 -6 -3 
3 3 17 7 1 1 18 7 
-17 -28 2 -4 -3 -2 -21 -12 
11 -1 -16 -1 -6 -2 -4 0 
7 -8 17 4 3 -1 -5 5 
-17 7 24 4 2 -1 3 2 
-2 30 -53 -15 -6 0 3 -2 
10 -2 2 3 -3 -2 -5 -4 
-14 -8 -14 -15 -3 -4 -9 -16 
9 -4 14 2 2 0 -2 13 
5 6 40 7 -1 4 11 -2 
30 6 -11 2 3 3 -3 18 
-15 -6 -11 3 0 -4 -2 -3 
13 24 1 1 -1 -5 -12 -6 
-21 -22 25 -2 0 8 9 3 
5 -10 -34 -18 -9 -5 -11 -3 
-5 25 23 12 -3 -4 10 1 
4 -11 -16 -9 -5 -1 -3 0 
13 -5 5 5 7 5 -1 4 
-25 -7 13 6 1 -6 0 -14 
-30 -5 2 8 3 -4 -2 -1 
-16 -15 -32 -20 -12 -6 -5 -7 
11 6 -4 -9 -2 3 6 3 
7 1 1 2 1 -2 5 4 
2 11 10 9 5 2 -2 -3 
15 -18 6 13 5 3 -3 7 
-52 -9 9 8 -1 -4 2 -20 
-8 -1 -14 -20 -3 -8 -13 -9 
20 8 8 4 -2 -6 0 1 
-10 -4 8 1 3 6 8 6 
10 -8 -20 -1 -2 0 -4 9 
3 0 16 8 -2 3 12 1 
-7 17 0 1 0 5 11 -5 
-3 -4 10 -3 -6 -6 -10 -24 
-10 8 -5 -1 -1 -7 -11 3 
-1 -4 -11 -5 3 3 5 -1 
7 -7 -4 4 4 -1 2 12 
3 -16 28 27 2 1 -1 -15 
-2 -15 -72 -54 -15 -5 -11 -3 
5 -4 20 2 -5 1 7 8 
-1 8 1 -9 -3 0 -4 -10 
5 -12 -17 7 0 -12 -17 8 
0 -2 6 17 9 4 -1 -8 
6 -1 -12 -16 -6 -3 -4 9 
4 5 7 11 3 2 4 -1 
7 -3 -13 -7 -3 0 3 -1 
11 12 39 -4 -12 -8 -6 -4 
-10 -3 -64 -44 -12 1 -2 -7 
-2 -17 21 6 -7 -7 -3 3 
7 27 21 3 5 1 1 20 
10 -8 9 11 8 0 -5 -12 
-4 2 37 44 11 3 -1 -4 
0 -1 -20 -20 6 0 -4 -1 
-3 -11 -49 -20 -19 -3 -1 0 
-2 -16 -7 -20 -1 3 4 1 
-9 7 24 4 -3 -2 -4 6 
-4 -6 -4 -1 1 2 1 -3 
-6 -7 4 12 7 -2 -2 -11 
-5 1 -24 -10 -4 -2 0 5 
-5 -2 22 17 5 0 0 -5 
11 -2 -5 -11 -7 -3 -4 1 
-21 -25 -23 -15 -5 0 1 -12 
6 11 27 24 2 1 2 8 
12 -3 -18 -21 0 -2 -8 -18 
-25 -17 -16 -4 -8 -5 -5 -3 
2 9 17 6 2 -3 -4 -5 
-15 -15 -13 -14 -4 -4 -2 2 
5 -5 22 15 5 1 1 4 
9 -3 -8 -8 -6 4 7 6 
-12 4 -17 -7 1 -1 -10 -25 
-1 10 6 16 6 1 0 -5 
11 15 32 7 1 1 -2 10 
-7 -10 -8 4 0 0 1 6 
5 -12 -35 -19 -4 -4 -2 4 
-6 -15 -6 -3 -4 0 0 -4 
-14 -14 6 0 -2 -1 -1 -4 
5 9 4 2 3 3 4 9 
4 -5 32 9 0 -1 1 -4 
-3 -4 -41 -13 -6 -5 -4 -13 
4 -9 7 5 2 0 0 8 
-6 -17 1 -16 -13 -6 -5 -8 
-2 17 8 3 4 2 -1 -8 
10 16 8 4 0 -3 4 10 
-10 -2 5 26 4 2 -9 -4 
3 4 -6 -27 -4 -3 1 -1 
14 30 23 7 -1 7 -5 7 
10 -17 -16 -8 -4 -11 1 -3 
-2 20 -23 -9 -2 -6 4 0 
-8 -16 -30 3 1 0 -6 -3 
-3 -4 4 -11 -6 0 4 5 
3 10 39 21 7 5 -4 -1 
-2 -42 -28 -11 -2 0 3 1 
0 6 0 0 -4 -1 -4 -7 
-2 -12 -9 -1 0 -3 0 4 
-5 9 4 11 3 0 -4 3 
-9 -1 1 -7 0 -1 -3 -7 
3 -6 -11 3 -1 0 5 4 
-17 -11 8 1 -5 -6 -7 -14 
4 3 -9 -17 -7 -2 1 6 
2 8 -9 -6 -2 -3 -2 -4 
6 7 15 11 7 2 2 4 
-1 16 26 5 3 -4 -3 -10 
-4 -21 -47 -10 -3 0 4 -5 
3 11 26 -2 -3 -3 1 15 
-4 0 9 18 1 0 -3 -15 
8 -12 11 -14 -6 0 9 22 
1 26 3 -5 -4 -5 -15 -12 
-4 -14 -31 -10 -3 -4 -1 -3 
-20 -1 14 8 5 -1 -1 -10 
3 10 -9 4 -1 3 -6 -2 
14 -1 -14 -8 -4 -4 12 16 
-38 -20 -4 2 -1 -5 -6 -40 
20 5 -10 -12 -4 -2 -7 0 
0 -6 12 6 3 2 4 4 
-3 -21 5 -2 -3 -1 -2 6 
1 16 -25 -9 1 6 -1 -14 
0 -8 13 -1 -12 -11 16 8 
2 -8 -14 -8 0 -4 -1 -1 
-3 14 -15 2 6 2 -1 -2 
-3 -5 16 -10 -10 -2 6 11 
3 -10 -21 -8 2 4 -4 -13 
4 15 5 5 -2 1 4 11 
-26 -18 9 -2 -3 -2 -2 -21 
14 12 -10 -6 4 6 2 22 
-5 -4 -16 -1 -7 -9 -12 -6 
10 -4 -13 -5 -1 -4 2 -1 
-19 -17 21 8 3 5 -2 -15 
11 14 7 5 0 -3 -5 4 
2 0 7 1 1 0 -8 6 
-2 9 3 2 -4 -2 13 6 
-5 3 15 10 1 0 -3 -7 
-6 -4 -8 3 3 1 2 -7 
32 -5 -8 -10 -3 -2 -7 18 
-41 -18 -48 -17 -7 -4 -10 -31 
-2 4 19 2 4 2 -2 22 
-1 3 18 10 -2 -2 -2 -11 
2 18 30 -1 -3 -1 -4 -8 
4 -4 0 9 3 1 -1 3 
14 3 10 -3 -1 0 1 4 
-19 17 -5 15 1 -2 5 16 
-36 -11 6 3 2 -4 -11 -31 
-5 -9 0 -9 -4 0 6 -7 
6 4 -22 -10 -7 -3 0 6 
23 36 21 2 0 -2 -7 4 
25 7 -8 -3 -1 6 13 -3 
-21 4 26 12 5 -9 -18 -6 
-3 -15 -47 -19 -8 -4 6 -2 
6 -20 0 -7 -2 -4 -2 -3 
-9 4 -2 2 0 1 -3 -1 
6 -3 1 1 -2 1 5 12 
3 3 14 8 5 1 -1 -8 
-1 -5 -2 -2 -8 -7 -7 -3 
18 10 4 3 10 1 3 15 
-25 -6 -7 3 -6 -1 -2 -11 
-6 8 7 -4 -4 2 1 24 
2 4 -12 -8 -1 -1 -14 -24 
-5 6 1 13 3 -7 -11 2 
-17 -14 7 -6 4 3 -10 -6 
15 1 -7 -14 -7 -2 -7 9 
-24 -18 -24 -5 -3 1 -1 -5 
-29 -9 3 -3 -2 2 7 -3 
25 14 13 8 -1 -5 -14 14 
4 10 10 7 7 6 6 -7 
6 -2 14 2 -1 -4 5 9 
-18 -27 -19 -9 -7 -3 -5 -11 
35 17 4 9 4 0 13 5 
-21 -12 -11 -25 -14 -5 -5 -10 
5 -10 6 4 5 -2 -1 -3 
-3 8 -5 7 2 5 0 1 
30 3 -16 -8 0 -3 -9 6 
-20 26 -7 -4 -8 -8 1 -7 
-14 -21 -9 -8 -5 -1 2 -6 
5 -10 -24 -8 -1 -3 2 4 
7 6 -10 1 5 3 3 6 
13 7 26 22 7 2 -1 1 
18 -5 4 4 -4 1 -3 -6 
2 5 -34 -20 -1 2 -4 16 
-45 -26 13 -4 -5 -5 -11 -27 
8 -4 -8 1 -3 -2 -9 13 
3 12 20 7 2 1 21 6 
-7 23 7 -4 -5 -2 -22 -16 
-3 -13 -20 -2 3 2 12 3 
-3 -15 -3 2 1 1 -9 -11 
3 7 20 7 1 5 9 12 
-5 -1 -34 -19 -6 -7 5 -3 
-3 10 4 -1 0 -1 -2 -6 
-11 -4 35 26 3 -3 -3 -11 
9 -2 -44 -17 -7 -2 -3 2 
2 -25 24 0 -1 -2 7 7 
1 -6 -20 5 -2 -3 1 5 
-15 -13 8 -13 -7 1 7 -7 
-20 3 6 4 1 -3 -14 -21 
-2 9 15 6 -1 -3 -2 23 
0 -5 9 -1 0 -2 -7 -23 
12 -19 1 10 3 -1 -2 -4 
8 -13 -39 -15 -1 -5 8 6 
0 -10 -1 -3 -10 0 -4 -18 
13 12 4 -8 -1 -1 -6 5 
-11 2 21 12 2 -4 -6 2 
-9 -9 -19 -9 -3 1 -6 -8 
2 -19 -40 -19 -1 1 9 -5 
3 5 15 3 -1 3 4 6 
-1 16 3 10 9 4 4 -7 
0 -1 3 6 -1 -2 -7 9 
2 8 21 -13 -14 -5 -14 -10 
-16 -18 -38 -16 -6 -3 1 5 
6 -2 6 -8 -2 -2 -2 -6 
-14 9 1 7 -1 -3 -9 -13 
12 0 -12 2 0 -1 4 9 
0 -7 -8 -12 -6 -3 -7 -9 
22 10 -8 0 4 2 7 49 
-47 -3 14 5 -4 -2 -1 -27 
-14 3 19 4 1 -2 -7 -21 
-4 5 17 -1 -3 2 8 4 
4 -2 -34 -13 -4 6 7 5 
5 3 22 6 0 -15 -13 17 
0 -28 15 17 5 1 4 -5 
7 11 -29 -15 -3 -2 -4 2 
-17 2 8 -3 0 1 7 -23 
18 -3 -8 5 3 5 1 14 
-18 10 1 1 -1 -2 1 -4 
3 4 10 4 0 0 2 14 
2 -6 -9 -7 -6 -6 -8 -20 
1 -1 -13 -13 -3 0 4 2 
-13 10 11 16 7 4 5 1 
-11 -13 4 -1 -1 0 -4 -1 
6 11 11 11 8 -2 -2 4 
2 4 -11 -5 -7 1 -7 3 
9 2 -6 -12 -4 6 28 5 
17 27 2 2 -2 -7 -21 8 
-38 -6 10 8 5 0 -1 -16 
-12 -28 20 15 1 -15 -11 -13 
-27 1 -34 -22 -6 -1 -2 5 
3 -17 -26 -6 -4 0 7 8 
6 -38 -38 -9 -4 -5 -3 -5 
15 -3 13 -7 -3 6 8 7 
2 10 14 5 -3 -2 -2 -3 
-22 -5 1 4 4 -1 3 -15 
26 9 4 1 -5 1 -3 15 
-21 5 3 -18 -8 2 1 -14 
4 3 4 10 5 0 3 4 
4 -1 21 12 1 -4 -10 -11 
4 25 -21 -1 1 -1 -2 1 
15 9 23 1 -1 1 4 14 
5 -8 -38 -8 -5 -5 -7 -1 
-13 -17 -12 -15 -6 -3 -4 -15 
2 -2 3 -4 -2 -3 5 -7 
8 -7 2 5 4 1 -6 11 
24 4 21 6 1 5 13 -2 
-7 -2 0 1 -2 -6 -3 -5 
-9 -12 6 -1 -6 -4 -7 -2 
6 -7 -14 1 5 6 4 -1 
9 -4 12 7 6 3 -7 4 
-6 -15 -13 -23 -17 -14 0 1 
-8 10 0 -7 -4 4 17 1 
6 -3 7 0 -3 -10 -1 22 
12 -13 0 -3 3 2 -9 -32 
-13 -1 13 17 0 1 4 0 
-16 -22 -61 -47 -13 -7 -17 -8 
-4 7 -2 -5 -2 3 6 1 
1 -5 10 4 -2 -3 -10 14 
3 9 17 6 5 7 14 -3 
9 7 16 7 -1 0 -1 4 
1 5 1 16 4 4 2 -5 
5 1 -1 -14 -8 -7 -14 -2 
-47 -7 -21 -18 -5 0 -7 -14 
-5 22 28 9 -1 3 19 3 
5 -3 -9 0 0 -2 0 -7 
1 17 20 16 10 0 -2 17 
10 -9 -3 -4 3 4 9 1 
9 -11 -33 -11 -6 -10 1 10 
-11 0 11 -9 -12 -5 -23 -11 
-9 -3 -9 -1 -1 4 8 -5 
6 -2 -3 7 4 -1 -6 -1 
1 3 27 9 6 2 5 -2 
14 -3 -4 -5 -2 0 5 3 
-21 -8 25 23 -1 -4 -6 -2 
27 18 -49 -44 -9 3 -4 6 
-18 14 7 2 -2 -4 -5 -35 
-2 -1 -14 -6 -4 -4 1 1 
1 4 13 2 -1 -1 3 5 
8 5 24 17 8 6 6 8 
2 20 29 17 4 0 -11 -9 
20 -18 -28 -23 -8 -3 -2 4 
-12 -13 -26 -13 -6 -8 -12 -11 
-1 -2 1 3 0 -3 4 -4 
3 -13 -1 3 4 -1 2 9 
4 5 28 12 6 1 1 0 
4 4 3 -5 -2 4 4 5 
6 0 2 15 3 -2 -6 -4 
0 -2 -1 -12 -6 0 -4 19 
-12 -8 -41 -22 -8 -6 -1 1 
-8 -11 -21 -8 -4 -5 -8 -20 
-2 -11 1 5 4 3 0 -11 
4 0 14 10 1 1 -2 1 
-2 -8 -1 9 3 2 5 6 
6 5 3 -2 -5 -2 -3 8 
6 14 21 4 -4 -5 -5 -1 
0 -24 -50 -11 -3 -1 -6 4 
-16 -4 -5 -8 -9 -6 -6 -18 
0 -4 -14 -13 -4 -1 8 -6 
-5 1 23 8 -2 -4 -7 0 
-2 -6 10 -1 0 -4 -6 -4 
6 10 -4 7 4 1 5 9 
-10 6 14 2 1 0 5 -3 
18 8 -30 -7 -3 0 -2 10 
-10 23 -3 -6 0 0 -3 -8 
4 6 15 6 4 2 -7 7 
-1 21 5 5 4 1 8 -5 
10 12 9 0 -1 -2 0 11 
-3 -18 2 9 1 2 -5 -23 
-13 -2 -9 -15 0 -1 0 -4 
7 -8 1 5 -1 -1 -3 11 
-5 -3 5 -2 -4 -1 -1 -1 
-1 -6 -15 -5 -4 -5 -3 -6 
-15 -4 -5 -2 -1 1 6 8 
1 -15 -4 -9 -2 -2 -9 -14 
-6 4 -8 4 2 2 2 -1 
6 -8 16 1 -2 -4 -1 0 
0 -4 -8 10 4 -4 -3 -7 
-5 -21 -16 -11 -4 -3 5 10 
-11 -8 9 4 -1 3 13 -5 
8 -8 -9 -13 -12 -5 -19 3 
3 3 -2 6 3 0 1 -2 
7 9 -8 2 0 2 4 0 
11 -2 7 3 1 -16 -10 4 
-6 -2 11 10 3 3 1 -5 
2 1 -4 -8 -2 0 5 26 
4 -14 -43 -11 -3 -2 -16 -6 
