#EMG
#9
#ID:9-5
28 5 1 4 2 -4 -7 -6 
-15 -17 7 0 -5 -9 -17 0 
-10 -9 -31 -21 -5 -4 4 -10 
-6 -16 -23 -13 -8 -1 -5 1 
20 15 5 -1 -2 -2 3 1 
12 4 13 4 2 0 -2 0 
0 13 22 8 2 3 3 2 
-2 -11 -9 2 -1 -2 -12 3 
4 30 38 25 7 -7 -4 1 
-20 -10 -16 -26 -15 -4 0 6 
-18 -34 -32 -23 -5 -4 -7 -17 
1 18 13 4 2 4 5 -1 
-3 8 7 2 2 2 -2 3 
12 6 12 14 6 4 4 0 
6 11 26 10 2 1 15 2 
-4 3 11 13 4 0 -22 0 
-8 -26 -34 -15 -5 6 10 -11 
8 -9 2 -6 -9 -15 -4 12 
4 -2 -29 -24 -13 -4 -11 1 
-18 -5 1 2 1 -2 7 -8 
-17 -9 6 -2 -1 4 1 0 
8 6 2 5 6 5 -5 -4 
1 9 -2 12 -5 -3 10 -1 
24 1 -1 -5 -2 -5 0 5 
-17 -9 -12 -13 -8 -4 -6 0 
-14 -14 -25 -10 1 1 -4 -10 
-2 4 22 7 -1 -1 -6 0 
-1 0 5 5 0 0 4 -1 
-2 -1 1 4 1 0 2 2 
2 5 12 13 9 2 -24 -5 
8 31 5 -6 -6 0 3 -7 
2 -9 -14 -7 0 3 8 5 
3 -8 -12 -8 -5 -8 -14 -1 
-2 20 0 1 -1 -3 7 3 
10 -4 23 10 6 3 7 5 
-5 2 4 3 1 1 5 -8 
29 13 12 10 1 0 -1 8 
-24 -21 -21 -7 -1 -5 -3 -2 
-28 -29 -20 -18 -8 -5 1 -3 
2 -3 -4 -9 -2 -3 3 -4 
-1 0 -7 -2 -6 -4 -3 -1 
14 -7 11 7 1 5 6 -2 
6 13 24 10 4 0 -5 2 
-13 -5 0 8 2 1 -5 -2 
5 -7 -11 -6 -3 -1 2 -3 
-9 -10 -2 -5 -4 -2 -2 -4 
-2 2 -12 -6 -3 -5 3 -2 
3 -4 -20 -10 -3 -3 4 8 
-20 1 0 -2 4 4 -2 -3 
7 3 2 -6 -7 -7 4 4 
19 22 -1 7 -2 2 -4 -4 
-19 -3 11 4 -2 -2 -3 5 
-8 0 -16 -10 0 -5 5 -8 
-11 -17 -13 -4 -5 6 -3 -5 
2 -9 4 2 0 -2 -10 3 
3 24 13 9 2 -7 -5 -3 
11 10 -2 -7 -1 3 -1 4 
13 10 16 10 4 -1 5 -1 
-12 -12 2 6 2 -2 2 3 
-1 -9 -16 -21 -5 1 -4 -6 
10 -24 -1 -4 -8 -6 1 -1 
-8 9 0 1 1 2 1 0 
13 9 6 1 4 2 -4 0 
-20 1 -8 -3 -6 -1 -3 4 
-1 26 8 -10 -7 -7 -7 -8 
8 -11 -27 -8 -2 -1 -4 -3 
-11 -6 9 9 1 -2 1 -1 
5 -1 12 10 5 3 -2 -11 
13 -14 -19 -16 -7 -2 -3 8 
-16 -1 -2 -2 2 0 -6 -6 
-15 -12 -28 -14 -6 -3 2 -1 
10 -15 6 -1 -6 -4 -10 -2 
-4 -5 17 11 3 1 6 -5 
6 -1 4 -3 -2 2 5 3 
46 13 -31 -6 2 2 -3 5 
-49 -21 -5 0 -2 -2 18 -2 
-19 4 6 -5 -3 -4 -15 -3 
12 3 13 8 6 4 4 2 
5 -5 8 11 -1 -4 4 -2 
14 11 -46 -38 -12 -5 -1 3 
-20 -10 5 10 6 3 5 -10 
-16 16 22 12 -1 -5 -10 0 
-5 -17 -1 -5 0 -1 -1 -2 
6 -9 -4 8 6 9 3 -5 
-24 -32 -5 -1 -3 -9 9 -2 
18 3 -17 -15 -5 -1 -5 -5 
-19 -7 8 -6 -3 3 8 4 
26 17 21 9 -1 -5 -3 4 
-6 -16 -22 6 4 -1 -27 -6 
-51 -12 -8 4 -1 5 11 -4 
-12 -12 2 -16 -3 -1 -1 -4 
13 5 -36 -19 -1 2 0 -1 
16 6 26 16 4 4 20 4 
8 -19 -31 -16 -6 -10 -25 -12 
-9 -1 16 7 1 5 12 11 
0 -6 -8 3 1 -10 -30 -6 
-11 4 9 2 0 6 1 1 
8 26 -8 -1 -3 -8 2 -4 
8 14 12 0 0 9 32 6 
11 4 16 14 2 -3 -28 -1 
3 -1 -23 -6 -1 -3 -7 0 
-9 -17 21 4 -1 2 6 -5 
15 1 -11 -8 -3 -7 -14 -8 
-8 4 20 10 1 3 32 8 
-11 4 -37 -17 -3 -5 -49 -13 
-14 -2 5 -2 1 3 25 14 
26 3 -30 -9 -1 -8 -17 1 
-1 6 23 6 0 1 4 3 
-18 -16 -5 3 0 0 1 -10 
19 -10 -11 -9 -6 -2 6 11 
-8 10 12 14 1 -3 -7 0 
-2 -18 -4 -9 -3 -2 -19 -12 
7 14 -1 0 -1 -1 10 5 
2 -9 2 3 0 1 -7 -5 
-18 -15 -1 -1 -7 -8 -14 -5 
-8 2 -5 -6 -2 -5 4 0 
-2 1 -3 0 0 0 2 -6 
16 10 0 -7 -4 0 0 -4 
17 -1 -17 -1 -4 -2 -7 -8 
-12 -16 9 5 -1 1 9 13 
6 4 12 9 3 -8 -14 -1 
-9 -6 -3 -5 -2 2 10 -6 
23 3 11 -3 1 2 -1 0 
-24 -11 1 -7 -5 2 5 3 
29 -6 -25 -8 -4 -7 3 11 
-39 -15 -14 -9 0 -6 -6 -5 
-22 -49 0 14 2 -4 -10 -13 
7 1 -18 -11 -7 -2 -4 0 
-4 1 36 11 0 2 6 -12 
14 3 -4 7 2 1 -3 1 
2 4 9 14 5 1 -7 2 
2 0 -22 -19 -7 0 6 -9 
28 26 12 -4 -7 -12 -5 0 
5 -13 -6 3 2 1 -4 -3 
-6 -11 -13 -16 -6 -2 1 -7 
-27 -18 18 16 11 0 -8 -5 
10 4 8 7 3 8 6 -6 
7 1 -4 -8 -10 -1 3 12 
-2 11 25 15 0 -2 -1 7 
-8 7 -1 4 4 -4 -11 -29 
-12 -16 0 -14 -13 0 5 9 
-11 6 -47 -24 -4 -8 -3 -2 
-1 3 -32 -20 -12 0 -2 -1 
11 35 40 13 6 -2 0 11 
-8 4 0 2 2 3 7 5 
10 -16 -11 -4 -9 0 0 6 
-19 -3 -7 -9 2 -3 -5 -19 
14 18 24 18 8 3 0 -4 
13 -2 3 17 6 1 -1 6 
-29 -5 -19 -28 -14 -8 -4 -2 
0 12 9 -6 0 -1 -2 14 
2 -4 6 5 -7 -3 -2 -8 
-1 -22 -34 -17 -5 0 3 -1 
-3 -2 5 2 3 -2 -5 -3 
15 12 11 -4 0 -1 2 2 
11 15 3 4 -4 -3 4 7 
-20 -27 6 3 1 -2 -2 8 
10 13 7 17 2 1 0 0 
-14 -12 -12 -6 3 1 -4 -13 
-7 -10 8 -4 0 -1 2 0 
5 -1 -18 -12 -7 1 -5 0 
26 17 40 20 10 5 7 -1 
-22 -14 -34 -10 -4 5 9 -12 
11 -13 -17 -7 -7 -11 -9 21 
-17 5 30 22 6 -7 -11 -4 
13 11 -13 -16 1 5 -9 -3 
-6 18 -6 -4 -7 -10 2 -3 
26 -18 3 6 1 6 8 -11 
8 3 -8 -9 -1 1 19 5 
0 -1 23 7 -1 2 -6 -2 
-26 -9 -21 -14 -1 -7 -7 -1 
10 15 13 7 1 -1 -12 8 
-2 -1 16 11 1 1 3 2 
-5 15 -11 9 8 3 -1 -6 
4 -6 -7 -11 -10 -9 -3 -3 
-6 -7 -41 -31 -8 1 10 1 
6 14 20 -1 1 3 -9 -5 
-16 1 -2 9 5 0 8 4 
-12 -6 39 25 -2 -5 -8 -7 
-13 1 -18 -14 -4 -1 -1 1 
14 8 -14 -11 1 0 2 -3 
-18 1 22 -15 -8 -4 -2 5 
13 2 4 18 9 4 1 5 
-8 -9 -15 -8 -3 -6 -1 -2 
-20 -17 -7 -10 -9 -3 -6 -15 
-1 -20 -42 -18 -8 -9 1 -1 
-9 1 12 4 6 8 -2 -3 
16 -2 -13 1 1 3 3 6 
-35 2 22 11 2 -2 7 7 
6 6 -1 11 1 -2 -22 -13 
0 -6 -6 -18 -12 1 2 15 
-6 16 18 15 10 -1 -1 -14 
9 8 6 1 -5 1 11 17 
16 4 1 5 5 1 4 -7 
-9 -35 -7 -18 -8 1 0 20 
-14 15 11 -4 -6 -8 -11 -34 
-9 -4 -17 -1 1 0 -9 -15 
3 -4 19 5 1 0 3 2 
9 4 -12 -3 -6 -1 8 3 
20 2 1 12 7 -1 -5 9 
-23 3 3 -4 0 1 -6 -25 
13 3 9 3 -5 -2 0 14 
-22 4 4 10 1 -4 3 7 
-5 -14 -13 -21 -10 -2 -2 -3 
5 6 -5 8 6 1 5 5 
4 2 33 15 5 1 3 -10 
10 13 -18 0 0 3 -1 14 
-4 -9 -33 -27 -10 -5 -9 -26 
-9 11 4 14 5 -2 -4 0 
12 -7 -13 -24 -11 -5 -1 1 
5 16 19 -5 -5 -1 6 10 
-7 -7 13 22 6 6 12 18 
10 0 -48 -29 -5 -2 -5 -19 
-11 -8 25 23 6 -4 -11 -5 
-3 12 10 5 -1 7 15 -9 
13 -3 -24 -29 -13 -2 5 15 
-8 -13 -23 -17 -7 -2 0 -5 
4 1 3 2 -1 -10 -20 -10 
-4 8 18 18 11 5 14 -4 
4 -3 -26 -8 -1 -2 14 8 
8 12 15 -9 -5 -2 -28 6 
-29 -22 -29 -4 -3 0 7 -19 
34 -10 -13 -6 -4 -8 -15 -9 
-10 -11 25 13 -1 6 7 5 
3 0 -5 4 1 -2 -4 3 
10 1 -19 -13 -2 1 -11 5 
8 -13 -19 -13 -2 9 25 -6 
5 3 -2 2 -3 -26 -34 1 
4 -4 14 6 -1 -3 11 13 
-2 -10 22 11 2 6 7 3 
-36 -1 -33 -11 5 2 -15 -9 
21 4 5 -7 -2 4 5 -7 
6 13 9 10 3 1 1 2 
2 10 5 0 -6 -9 0 9 
-14 -1 -1 7 -1 -3 -2 -13 
1 -11 -41 -14 2 6 -5 4 
-16 -10 12 -1 -3 -1 -3 -7 
2 -2 -35 -21 -2 -1 35 -5 
-35 -25 27 6 2 -9 -34 -4 
-5 20 18 24 9 5 6 2 
-9 -15 3 -24 -16 -2 -1 1 
3 7 2 6 -1 0 4 1 
8 -12 -4 -6 -3 -1 -10 -10 
-20 -11 -7 -7 0 -4 -7 2 
1 6 3 2 -2 -6 -3 -4 
-4 -11 22 14 3 -1 -9 1 
38 29 7 4 -3 -9 -10 1 
-19 -1 -10 -5 0 3 7 -11 
14 -16 -6 0 2 0 1 1 
-3 8 12 -2 -5 1 -11 1 
12 3 -27 -9 -2 -3 8 1 
-2 5 16 9 3 4 1 -4 
-2 -14 -9 -3 -1 1 8 15 
18 2 -14 2 1 -2 -7 -8 
-46 -11 16 -10 -8 0 -6 1 
-20 -3 13 11 0 6 17 8 
4 -1 -17 -10 -2 -16 -21 -19 
2 -13 -12 -11 0 3 5 11 
23 25 19 1 -4 -3 -2 6 
3 -6 -6 2 -3 -1 0 -1 
-8 -3 15 17 2 5 7 1 
-23 -7 -4 -8 -6 -5 -4 -1 
-7 -4 -1 1 3 0 3 -10 
-3 -12 -12 -5 -1 -1 -4 2 
8 13 -5 0 1 2 -5 3 
-8 -18 3 0 -2 -1 -8 -7 
-2 -15 24 13 8 -2 13 0 
17 10 1 4 -2 -3 -28 7 
-14 -11 -17 -10 -3 0 9 5 
1 -1 -5 -3 3 5 1 -8 
-5 -3 -1 5 3 -1 4 -2 
15 -7 1 -4 -7 -4 0 -8 
-23 -10 -8 -14 -7 -2 3 6 
3 -3 -41 -15 -5 1 3 5 
15 5 14 12 2 0 -12 -8 
2 -1 -8 -7 0 -5 -9 -6 
4 7 -2 2 -1 -1 6 -1 
-16 -4 1 -1 -4 -2 -5 -5 
5 6 -13 -4 -1 2 7 4 
-3 5 4 1 -1 0 6 -1 
19 5 29 13 3 0 2 -2 
-1 -9 18 11 8 3 1 -6 
1 -11 -53 -29 -7 -4 -13 1 
-23 -26 -7 -10 -12 -9 -1 -6 
1 -3 -12 -2 2 2 0 -7 
8 11 13 5 0 -3 4 12 
8 0 11 16 6 7 5 7 
8 8 16 2 0 -3 -17 3 
-46 -13 2 8 -1 -12 -18 -6 
-17 2 -20 -11 -5 -1 -3 -15 
0 1 -39 -15 -8 -8 -6 -2 
-12 4 8 -5 -1 7 18 1 
19 5 -2 -1 1 3 1 4 
-7 5 32 15 4 1 -5 -1 
-11 -4 3 -1 -2 -1 20 0 
19 32 23 9 3 -3 -11 -6 
-9 1 16 8 -1 1 4 6 
25 -8 -57 -32 -9 -4 -8 -5 
-3 -12 2 -9 -5 -1 -4 -3 
-4 0 -8 1 2 -2 4 -3 
7 -3 14 5 4 1 -2 -1 
-1 -8 9 4 -2 1 6 4 
3 2 12 6 0 -3 12 7 
8 4 15 20 9 -8 -24 -7 
-11 -8 0 -14 -6 1 -1 -18 
-14 -3 -34 -35 -15 -7 0 7 
-1 -7 6 2 2 -1 -8 1 
-9 2 -1 -3 -3 6 15 -2 
26 8 0 9 2 -1 -5 -4 
4 9 18 14 2 -2 2 9 
-7 1 17 7 5 3 4 -13 
0 4 14 15 -1 -4 -10 3 
-5 -20 -58 -19 -8 -6 -2 3 
4 -3 -6 -27 -10 -2 -5 -5 
-1 -16 -9 -4 -2 -3 -5 -2 
-5 -6 15 8 5 6 -3 -2 
-4 21 12 7 2 2 16 5 
-1 -1 14 18 6 -4 -3 -3 
4 6 3 1 -3 -2 -3 7 
10 -1 2 -6 -4 0 0 -4 
-21 -8 -26 -11 -4 0 6 -12 
-2 -16 -5 1 -1 -8 -9 1 
-1 0 -9 -6 -2 2 -7 -5 
-4 -6 -7 -1 -2 -3 7 1 
13 18 9 6 1 3 7 17 
8 30 10 5 3 1 -1 -2 
-21 -6 0 -5 -1 -1 -8 -15 
-19 -21 -35 -20 -10 -5 -3 -4 
-3 -8 -10 -6 1 2 -1 -4 
6 -6 -5 5 2 -1 -1 4 
13 2 24 12 3 1 -10 8 
-6 7 4 4 2 5 20 -4 
18 -4 13 4 0 -6 -5 -1 
-15 -18 -15 -11 -4 2 1 -4 
2 0 -21 -8 -8 -9 -20 -3 
3 12 -3 -10 0 1 9 -6 
-8 -1 9 -2 -1 3 6 4 
-10 13 21 12 3 -3 -2 5 
7 13 7 12 2 1 11 -8 
1 -5 -15 -14 -8 -6 -24 9 
-3 7 -5 -9 -3 3 12 -1 
1 -9 -35 -15 -6 -7 -11 2 
-3 -17 -7 -11 -4 -1 3 -12 
2 8 19 12 5 3 -3 3 
7 -4 -1 0 1 -3 -14 -2 
-1 2 18 16 3 3 -4 3 
-6 3 0 1 -4 -3 2 2 
-36 -15 -35 -20 -2 -5 -7 -5 
2 -12 4 -5 -7 -2 -5 -7 
3 11 12 9 6 4 10 -3 
0 -5 4 5 0 0 -7 3 
8 -2 -7 -9 -7 0 8 5 
-19 -3 -10 -4 -1 -4 -7 -7 
4 10 23 8 3 8 1 1 
-45 -13 6 2 -1 -17 -9 -4 
-16 -30 -34 -12 -4 -2 8 -1 
10 -11 -7 -6 -1 -3 -7 -3 
-2 0 7 4 3 3 12 -4 
30 17 12 -5 -7 6 13 5 
-9 -3 18 9 0 -5 -15 3 
-4 -5 -6 5 0 -2 0 -14 
-3 -8 0 -4 -1 -3 1 -7 
34 13 -6 -5 3 -1 11 6 
4 10 3 -8 -4 -1 11 -3 
3 18 -12 7 4 -1 5 8 
-5 15 9 3 -3 -3 -17 -6 
0 -4 -17 -10 -7 -3 -9 7 
10 -7 2 2 2 2 -1 -9 
5 -3 2 -1 -2 -5 -10 -3 
-8 -20 -23 -6 -1 -3 0 -1 
-7 -7 -2 0 0 -2 -6 0 
2 9 13 3 1 1 -1 -4 
-1 2 0 -4 -2 2 1 7 
10 20 22 11 2 6 17 11 
7 10 -11 -4 2 -3 -35 -17 
-17 -9 -2 -1 -2 -2 1 -4 
4 2 4 -7 -2 -2 7 7 
-7 -19 -6 -3 0 1 -7 -4 
1 7 11 9 2 4 11 5 
0 9 -11 -6 -3 -2 2 2 
-5 -2 6 7 2 0 -12 1 
1 -5 -26 -24 -8 -6 2 -3 
-19 -6 -25 -7 0 1 0 3 
20 -31 9 2 3 -3 -3 -4 
8 -7 13 7 -1 0 -1 -2 
-4 -3 -11 -5 -7 -4 -6 -5 
26 2 5 -1 1 0 -2 1 
-6 8 10 2 -1 3 0 6 
-5 5 6 1 0 3 2 -8 
-3 -10 14 6 -1 -8 -10 -2 
5 -1 -11 -9 -2 0 2 -2 
3 3 11 0 -4 -2 4 -10 
2 5 -30 -5 -2 3 8 11 
-22 -5 8 2 0 -10 -10 -8 
2 4 -28 -14 -7 2 9 4 
9 7 8 -3 -4 -2 -10 3 
-17 5 0 -2 3 3 9 -2 
4 6 9 4 1 1 -18 -4 
-10 -3 11 11 5 5 9 6 
-11 -2 -9 -1 1 -4 0 -10 
5 -11 -15 -9 -3 -7 -11 1 
13 2 1 -3 -2 0 8 -2 
-18 -10 15 4 -1 -2 -4 3 
-19 9 -2 1 -2 2 2 -1 
19 -3 5 2 -1 -2 3 -10 
5 4 2 -4 -4 -5 -8 -1 
-12 -16 4 0 -3 1 2 1 
3 -2 -14 -7 1 -3 -6 -5 
4 5 7 3 -1 0 -1 9 
-21 -17 -22 -7 -2 -4 -2 -3 
10 7 11 3 0 2 1 0 
-2 -5 -4 8 -1 -1 -5 0 
8 3 6 -11 -5 -5 -11 -8 
5 5 3 0 0 3 10 6 
5 -20 12 5 1 -5 -4 -16 
-37 -18 -3 3 -2 1 11 4 
-9 -8 9 8 2 -8 -27 1 
-8 -9 -28 -21 -8 -4 2 1 
-7 0 1 -4 -2 -1 0 1 
6 3 23 3 0 0 -1 -3 
-17 -2 5 0 3 4 9 -10 
-7 -1 14 10 3 -3 1 5 
-6 3 -26 -6 -3 -4 -4 -1 
18 7 -5 -4 0 -2 1 2 
-12 -16 -14 -1 -1 1 6 -1 
13 11 9 -2 -1 1 -3 2 
-12 -4 4 -2 -4 1 4 -3 
4 3 0 4 2 -5 -12 1 
6 4 -15 -8 -2 -4 -10 -2 
-5 -3 -5 1 1 7 2 -5 
5 4 -1 8 -3 -4 1 -3 
5 4 1 -7 0 0 -9 1 
-18 -8 -12 -18 -7 -3 -5 -7 
29 -2 4 -4 -7 -2 1 -7 
-30 1 1 -1 1 0 -6 0 
2 -6 -4 8 3 4 11 4 
8 -7 7 6 2 -3 -5 -3 
9 5 2 3 1 -6 -3 0 
5 -4 2 0 0 1 -1 -1 
20 4 -22 -10 -6 -2 -5 -4 
-4 12 -12 -8 0 1 9 2 
-14 -9 -3 1 -1 1 5 0 
11 2 12 4 1 1 -7 1 
-10 -3 15 3 -1 -3 -9 0 
9 1 2 4 -2 -1 5 -6 
-8 -13 -4 -1 -1 1 -5 1 
5 5 -22 -12 -7 -5 -3 -4 
6 9 -3 -5 -2 2 4 0 
1 16 17 6 1 2 1 5 
-2 1 12 8 4 0 -6 -5 
17 -9 4 2 -1 0 -5 0 
-8 -2 -28 -21 -5 -2 5 -16 
13 -4 -1 0 -5 -5 -5 5 
-15 0 -7 -3 1 -1 2 5 
2 -3 -8 -6 -1 2 8 -2 
0 8 18 16 5 0 0 1 
21 20 9 -1 -2 1 8 7 
3 19 -5 2 -7 -10 -13 -6 
-15 -4 12 6 3 -1 0 -5 
-3 -10 -29 -6 -3 0 2 2 
-2 -13 -27 -18 -5 -4 -7 -2 
2 10 6 4 1 2 2 2 
-8 -9 -3 -3 -3 -2 -2 -3 
-4 -9 13 4 0 1 -2 0 
-10 -8 8 8 1 -1 4 12 
25 12 4 -4 -2 1 -1 -2 
-12 -10 -14 -1 0 -1 -4 -12 
8 1 12 -4 -2 -1 -7 5 
-19 -7 -20 -11 -6 -2 3 -10 
8 -10 0 -6 -1 1 1 4 
3 15 11 3 -1 -2 2 8 
-11 -16 10 9 4 0 -2 -6 
-3 2 12 9 1 -1 4 -1 
-17 -9 -9 -13 -8 -4 1 0 
3 5 1 1 -3 -2 -2 0 
11 -2 -11 -13 -4 -3 -2 1 
-38 -16 8 3 3 2 1 -7 
4 -4 -5 6 5 3 0 -5 
-21 -13 1 -1 -5 -2 -2 1 
10 5 8 3 0 -4 0 1 
6 8 8 1 -1 -2 -7 1 
-22 -21 -20 -3 -1 4 6 -2 
0 13 10 1 -2 -8 -2 -5 
4 -16 -44 -18 -7 -6 -2 6 
6 -13 1 -2 0 0 -4 -4 
-13 -11 -5 0 -2 0 -2 -3 
0 8 6 5 0 2 1 9 
-8 0 -1 -6 -2 0 4 -16 
-8 -7 0 -3 -2 0 -9 -6 
-3 -17 -3 -2 -1 -4 -6 -1 
12 -1 -10 -5 0 1 -1 -1 
-6 1 7 10 2 -2 0 0 
14 4 -1 -2 -4 2 -4 -3 
-16 -14 6 -1 -2 -1 0 -7 
3 -5 -12 -7 -3 -3 5 7 
-6 12 4 -3 -6 -3 -6 4 
31 17 -2 3 0 -1 -1 0 
0 -4 -1 -2 -4 -3 1 4 
-1 9 -8 -5 -2 -2 -5 -5 
-7 -1 3 3 2 1 2 -1 
0 -10 -3 2 -1 -3 9 2 
11 6 13 2 2 -1 -15 -5 
3 5 -22 -10 -3 -2 -2 4 
5 7 0 2 -2 1 -1 1 
-10 2 6 2 0 0 3 0 
9 9 -5 -1 -2 -1 -1 -1 
-7 18 -2 -2 1 2 1 4 
15 1 9 5 1 5 -1 -12 
-9 -7 -9 -5 -3 -8 -9 -2 
-39 -13 2 0 -1 1 0 -10 
4 -8 -8 -3 1 -6 -2 -1 
1 -5 5 0 -4 -2 -2 -2 
4 10 9 2 0 3 3 3 
3 7 -2 -1 -3 0 0 -1 
10 11 6 -5 2 6 8 -5 
-11 2 -8 -1 -3 -9 -15 1 
-7 -43 3 -3 -4 -4 2 -2 
-11 -2 -8 -1 0 0 -9 2 
4 -14 7 9 4 3 -8 -10 
12 11 14 1 -6 -2 9 15 
3 -4 -32 -13 -5 -1 -4 -3 
14 4 8 2 1 -3 9 -2 
-7 -8 -3 -3 -1 -4 -3 -1 
-4 -8 3 6 5 4 2 -3 
2 1 -13 -4 -4 -3 -2 -3 
-4 -5 -1 -9 -6 -3 3 7 
-37 -10 1 -2 -3 -1 -2 -3 
1 0 16 8 2 -5 -7 -11 
-4 2 -24 -15 1 1 -2 1 
7 -6 -7 -3 0 1 0 -1 
15 -6 6 0 -4 -3 -5 4 
-14 5 1 2 0 2 6 2 
-6 -8 27 9 2 1 -1 0 
4 5 -21 -7 -5 -3 3 10 
26 4 -1 -5 -4 -3 -9 -12 
-8 -20 0 4 0 1 22 5 
1 4 2 2 3 2 -14 -16 
-5 11 -13 -10 -2 -5 1 1 
-2 -8 4 4 3 3 0 1 
0 -2 -7 -10 -3 -5 -8 0 
-3 7 13 4 -2 -2 2 5 
15 2 0 5 2 2 10 -5 
-3 -5 0 2 -2 -6 -15 -1 
-17 -4 -8 -11 -3 1 -7 -7 
8 10 -10 -7 -4 -1 4 3 
-10 12 21 12 8 5 0 -2 
-1 -1 2 7 -1 -2 2 4 
-35 -16 -21 -12 -8 -7 -5 -5 
-6 -5 9 -3 -2 -5 -11 -9 
-9 -15 -30 -11 -4 -2 1 -1 
1 12 16 6 1 3 4 0 
11 2 -1 5 5 1 1 4 
-5 -21 1 5 0 -3 -3 1 
7 11 8 3 -3 2 1 -4 
-1 24 8 3 4 5 24 4 
-14 -7 -45 -24 -6 -8 -18 0 
-11 -2 5 5 2 1 1 -8 
9 -4 9 0 1 -4 -5 6 
9 -6 -5 -5 -3 -2 4 2 
0 -4 10 4 1 2 0 -5 
-1 11 3 4 1 2 4 3 
4 7 4 1 -2 -1 -2 -4 
26 7 19 9 2 4 0 5 
11 -16 -13 -2 -1 -2 -2 -3 
-12 -8 -40 -20 -8 -10 -9 -3 
-4 -4 -3 -2 -2 0 -1 -3 
2 -7 -10 -7 -1 -1 -6 -4 
12 13 24 12 4 4 1 -2 
4 -20 7 6 0 3 6 4 
23 6 -11 -2 -1 -3 -3 -1 
-32 -12 -5 -1 1 -1 -13 -8 
4 1 2 0 -5 0 0 -5 
-13 4 30 15 -4 -4 -2 -1 
-9 -12 -50 -34 -5 -3 0 -10 
7 -4 -13 -7 -3 -3 7 5 
-35 -18 9 0 1 -1 -20 -3 
18 5 -1 3 -1 2 4 3 
-1 -18 31 20 4 0 -3 -6 
12 13 -12 -5 -1 1 0 -3 
-10 -2 -7 -3 2 -2 8 -3 
17 24 23 9 1 0 1 13 
-11 -11 -17 -13 -7 -1 -4 3 
-9 -15 -18 -9 -4 -2 -4 -9 
18 6 10 3 1 -5 2 -4 
-4 -1 -7 -4 2 -5 -14 -2 
0 8 17 6 1 -1 2 4 
-6 6 -1 -3 -4 1 3 -6 
1 19 7 8 2 1 -1 13 
-7 8 -6 -4 -2 -3 1 -7 
1 -7 -19 -20 -7 -5 -6 5 
-14 -8 1 -4 0 0 -2 -12 
26 14 10 9 1 3 1 2 
-36 -9 -1 -12 -4 -2 -4 -1 
5 9 18 13 1 0 0 -2 
-13 -13 -18 -6 -1 -3 -3 1 
23 10 -1 -4 -2 -1 3 1 
-6 -8 -8 3 3 2 8 2 
8 12 7 3 -1 1 -2 -8 
-17 -1 16 3 -2 -7 -6 0 
1 -8 -18 -7 -4 -4 1 -1 
