#EMG
#3
#ID:3-6
19 -2 -27 -18 -7 -4 -3 7 
-20 0 -3 -1 -2 -1 -5 -3 
2 -7 6 -4 -2 -2 -1 -6 
1 4 0 9 4 0 -1 3 
-1 4 24 14 1 0 -2 0 
-8 0 -27 -19 1 1 3 -4 
1 -6 7 -2 -3 -3 -6 -5 
-7 2 3 1 -3 -1 3 3 
5 8 7 5 0 0 3 0 
12 -16 -27 -8 -4 -5 -11 -1 
-8 14 10 1 -2 -4 -3 -5 
19 4 -4 -2 2 0 -1 4 
-25 8 14 4 1 3 5 -4 
6 8 9 6 0 -5 0 -1 
2 -13 -13 -4 -4 -2 -5 -1 
2 -5 -2 -4 -3 0 -4 -2 
0 0 0 -1 0 0 -5 3 
-5 0 -2 -1 -2 0 10 -3 
1 -22 8 2 -3 -3 -12 3 
8 6 -19 -5 1 0 1 -9 
-26 -8 -3 -6 -3 -3 5 -2 
1 -5 12 5 0 -1 -8 -5 
-3 6 0 7 3 -1 -1 -1 
-1 -6 1 -8 -2 -2 1 -2 
10 15 -23 -11 -3 -5 -8 3 
12 -3 6 3 -3 -1 5 3 
-20 -4 -5 -1 -1 1 2 -1 
-5 7 12 8 -2 0 6 -4 
0 -8 -21 -16 -4 -7 -6 -2 
-9 0 13 6 3 1 -9 -3 
12 14 -8 -5 -4 2 6 2 
4 -1 11 7 0 -1 3 -3 
-13 -12 -2 1 0 0 2 -4 
1 -2 -16 -13 -4 0 -1 0 
4 -4 -2 -6 -2 -3 -2 -2 
-12 2 1 0 -1 -2 -4 1 
16 8 9 4 -2 -1 -3 8 
-5 -1 -3 3 0 -2 -4 -24 
2 -6 0 4 2 -2 -1 1 
-1 -2 -16 -15 -4 -1 3 -4 
1 1 -26 -11 -4 0 -3 -3 
7 1 11 1 -2 0 3 5 
-2 2 2 0 0 -2 -2 -3 
4 -8 6 6 0 -1 -10 2 
-11 -4 -1 -1 0 4 20 -3 
-2 5 -11 -4 -2 -6 -19 -4 
2 1 4 -4 -3 -2 2 -2 
-35 -5 1 2 4 5 1 1 
5 -16 -5 2 2 2 -2 -7 
-1 1 2 0 -3 -2 6 7 
-8 -3 -2 1 -2 -3 -3 -5 
13 -7 -2 -1 -2 -2 -6 1 
0 3 2 -2 -1 -3 2 -1 
-1 -5 -10 -7 -1 1 3 2 
9 -4 -9 -6 -1 -2 -4 0 
8 19 4 -1 -2 -1 2 1 
-5 2 14 8 1 -3 -9 -3 
0 -5 5 4 -1 0 1 0 
5 7 3 3 0 1 4 4 
-8 -11 -12 -10 -5 -5 -3 -3 
-2 -7 -6 -3 -3 -3 -7 -7 
8 3 -4 4 -1 -2 -2 8 
-4 -6 -4 -8 2 6 27 1 
-4 1 12 5 -1 -7 -27 -6 
14 0 11 2 -4 -5 -7 17 
-1 -2 -3 -2 0 1 10 -29 
-12 -2 14 8 -1 1 0 1 
18 2 -26 -10 -2 0 8 4 
-10 4 -3 -10 -2 0 -7 1 
15 25 19 7 1 -2 -1 9 
-16 -12 -12 -4 -4 -3 -1 -3 
1 3 7 4 -2 -3 -4 -3 
-3 -8 -3 -1 1 2 -5 -5 
0 0 3 -4 -2 2 18 6 
3 -2 -17 -12 -4 -8 -24 -3 
-7 -4 9 7 0 1 5 -1 
0 0 25 13 3 -1 1 -4 
2 -4 -31 -23 -2 -3 9 7 
-21 -9 1 -7 -3 -3 -13 -5 
-5 -4 -13 -2 -1 -1 3 -2 
9 16 -2 5 2 4 4 3 
-19 -6 24 11 0 -5 -12 -7 
10 5 -8 1 -1 -1 3 2 
-5 0 -5 1 -2 -2 -1 0 
-7 -16 -46 -27 -4 -3 3 -12 
-1 -5 20 16 -1 -2 -12 1 
14 9 5 -9 0 -1 2 12 
-13 -10 -17 -6 -2 3 9 -16 
2 -5 -19 -11 -3 -6 -13 -2 
-3 1 0 3 -3 -5 6 6 
2 -1 11 10 1 2 -9 -8 
-1 -5 16 7 1 -1 -3 2 
10 0 7 2 1 1 -8 4 
-6 7 -2 -3 -3 3 19 -3 
0 -6 -9 3 1 -2 -6 -4 
0 -6 9 0 -2 -3 -10 6 
-3 -1 -22 -12 -5 -4 -9 -3 
-5 -7 2 0 3 7 14 0 
2 -7 6 2 -3 -6 -19 -7 
-6 -10 -10 -11 0 1 8 5 
-5 12 26 13 1 -4 -3 -4 
-24 -6 -31 -12 -1 -1 -3 -7 
2 -10 -4 6 -5 -3 1 8 
5 1 19 -2 1 2 11 -1 
-5 -13 -31 -21 -8 -7 -2 3 
8 0 6 3 3 1 -13 3 
2 4 4 2 2 2 10 -14 
-4 9 5 9 0 -2 -4 9 
-1 -1 7 6 1 1 -1 -2 
4 -5 -18 -9 -4 -2 -9 -8 
-1 5 0 -6 -1 2 13 1 
23 9 -2 -2 1 -4 -11 -2 
-3 -6 8 5 1 2 7 -4 
6 1 -4 7 -1 -4 -12 5 
-5 4 16 -2 1 2 2 -1 
9 0 -46 -21 -3 -5 -17 4 
-9 0 23 8 0 0 14 -2 
12 -6 25 22 2 -2 -7 5 
-10 6 -18 -17 -2 2 8 -12 
-2 -4 5 -2 -4 -5 -3 7 
-3 -21 19 9 3 1 2 6 
-15 0 -10 -23 -2 1 -8 -23 
-4 -6 2 14 -2 -2 1 6 
-4 -4 13 8 0 0 3 -2 
10 7 2 -8 -1 0 2 -4 
-3 -7 -36 -22 1 1 5 5 
29 -10 -19 -7 -7 -4 -12 0 
-14 -7 5 -3 -1 -1 2 -3 
11 13 40 27 4 0 -1 7 
24 2 -33 -17 -3 1 -3 2 
-27 -12 -5 -11 -4 -5 -8 -1 
-3 0 11 14 3 2 1 -1 
10 1 3 5 2 3 2 -5 
-9 -4 7 -9 -8 -1 3 2 
7 -5 -34 -16 -2 -3 -10 2 
-5 5 11 1 -2 0 8 -9 
-11 4 19 14 3 0 1 7 
6 -7 -13 -15 -5 -4 -5 -3 
-23 -11 9 4 0 -1 0 -1 
-6 -4 2 0 -1 -1 2 3 
-6 5 -7 -4 0 -1 -7 -23 
-17 4 12 13 3 -2 -7 5 
2 4 -2 -7 -8 0 15 -3 
3 -1 -37 -22 -6 -2 -12 -3 
-1 16 7 6 3 0 0 -6 
-35 -24 9 6 -1 -3 -2 -3 
18 17 3 0 0 -1 4 6 
-34 -13 6 -6 -5 -2 10 -3 
-8 -4 -33 -25 -9 0 -4 7 
9 10 12 17 7 -4 -16 -6 
-9 -12 8 8 -3 -1 -2 -5 
22 -6 -6 6 2 0 -2 -1 
7 2 -11 -12 -4 -2 2 4 
-3 10 24 13 7 5 7 3 
23 3 21 17 5 -1 0 1 
-16 -3 -4 -23 -20 -3 -7 -8 
-20 -22 -26 -23 -5 -4 0 -4 
14 10 8 6 -1 -2 -5 5 
10 5 20 11 7 2 -2 -2 
1 -1 6 16 6 1 3 -1 
30 25 -1 -1 -2 -3 3 8 
-47 -9 5 1 -7 -4 -4 -9 
10 11 -10 -8 0 0 -11 -2 
-22 -5 1 -1 2 6 6 -6 
7 -2 4 3 -7 -12 4 6 
-21 -14 -17 -1 -4 -7 -14 3 
22 5 -42 -32 -3 0 -5 -6 
-52 -14 -8 -4 -1 3 7 0 
5 9 13 8 3 6 5 -3 
13 -3 51 36 2 0 -1 3 
-17 -9 -45 -31 -7 -4 5 2 
40 5 -46 -28 -7 -5 -10 1 
-43 -14 1 -1 -2 0 5 0 
20 5 -13 -9 -5 -2 6 -8 
-7 2 18 17 0 2 22 -1 
7 7 9 -2 0 -13 -34 -5 
1 -9 -1 8 2 -3 -9 -4 
-6 -20 5 -11 -4 0 3 -4 
18 -25 -15 -18 -4 3 15 9 
-13 6 -9 2 1 1 -7 -7 
33 3 4 7 -3 -1 -5 16 
-24 -6 1 -2 0 -2 -8 -27 
-2 1 20 13 0 -10 -13 1 
26 1 11 5 1 5 22 4 
-34 -18 -17 -8 -2 2 -16 -9 
30 8 20 15 2 -2 16 10 
-33 -18 -13 -17 3 -1 -7 -9 
36 35 9 8 0 0 0 5 
-43 -16 -7 -11 -4 -5 -10 -11 
27 12 -18 -10 -1 3 12 7 
-8 4 33 26 3 0 -15 -1 
-4 -17 -10 -5 0 -3 4 -4 
9 -14 9 1 4 -1 -3 0 
-4 17 -7 -5 -2 -1 -5 3 
-22 -1 4 1 -10 -2 1 2 
10 -3 -13 -12 2 5 5 1 
-14 -14 24 9 0 4 0 -15 
35 18 -16 -11 -2 -2 -10 27 
4 -1 12 5 2 0 -1 -24 
-8 0 12 2 -3 -1 10 8 
17 1 -5 7 1 -1 9 -2 
-35 -24 -20 -9 0 -5 -9 -2 
7 17 -26 -9 -4 -1 -8 3 
12 -8 13 3 -2 -2 -4 -1 
-34 -8 -6 3 -1 -5 -2 -3 
8 4 10 5 -1 3 2 -8 
-15 2 8 -6 -1 1 -2 4 
-11 -12 -29 -17 -1 -4 5 -1 
21 14 -27 -8 -2 3 25 9 
-20 -8 9 5 -2 -4 -3 -5 
3 5 -6 12 5 -3 -14 0 
-28 -8 8 0 0 -1 -4 -7 
7 3 21 7 2 0 1 1 
-7 -3 -25 -30 -14 -1 -1 -9 
19 9 -6 2 -1 0 6 9 
0 -6 39 25 5 -1 -10 -1 
2 3 -14 -5 0 0 -13 -1 
-6 -1 -12 -17 -6 -3 -3 -13 
6 8 11 7 2 -2 3 10 
19 -18 -1 16 2 0 1 -4 
-8 4 4 -22 -5 -1 -2 -3 
9 -8 -14 -2 -2 0 -5 4 
-4 -5 -9 -5 -2 -2 9 -11 
5 7 7 3 -2 -2 -2 7 
19 12 37 23 6 -1 -5 1 
8 -11 -10 3 0 0 2 -1 
-7 -4 -23 -18 -8 -6 -6 0 
-11 6 24 3 0 0 -4 -12 
29 -3 -8 6 -3 -1 -3 6 
-3 14 7 -6 2 1 4 0 
-12 -7 -23 -12 -3 -4 -4 -7 
6 2 -7 -4 -4 -6 2 16 
-5 -1 -6 -1 -2 0 -4 -29 
8 -3 13 8 6 2 3 6 
-5 -4 20 13 1 2 1 -5 
16 -9 -19 -9 -8 -1 15 -2 
-45 -22 -22 -16 -7 -12 -18 -7 
-14 -2 12 5 2 2 1 1 
6 -2 -9 -6 -2 0 -4 3 
-3 8 -5 -4 -3 -1 2 -2 
-4 -10 9 9 4 2 4 5 
7 -9 14 8 1 -2 1 -6 
4 18 -45 -24 -7 -3 6 5 
-7 8 -6 -7 -5 -2 -16 -12 
20 2 2 -7 -4 -4 0 6 
-20 -1 20 17 1 -3 -7 6 
19 4 29 26 11 3 5 -3 
-18 -12 -14 -10 1 2 -6 2 
1 1 -26 -9 -5 -2 -2 2 
14 9 -8 -18 -11 -6 -5 -17 
-13 -24 -12 11 1 -4 -3 -5 
-4 22 21 8 5 0 -2 -5 
2 -2 -20 -12 -2 0 6 7 
-11 -14 -3 2 -2 5 19 27 
-5 5 10 -6 -1 -6 -20 -11 
13 -14 10 13 2 -3 -8 -8 
-12 5 -24 2 4 1 0 -11 
30 6 -11 -21 -7 1 3 15 
-45 0 15 7 0 0 0 0 
-6 3 9 5 1 3 4 -16 
-5 0 0 -8 -5 -3 -27 -7 
11 24 -13 1 2 -8 -18 2 
11 -5 30 14 2 -1 2 11 
0 2 -13 -1 3 3 1 -8 
7 -5 2 -18 -10 1 8 -13 
-11 -5 -8 5 3 3 6 7 
11 -2 -16 -18 -6 -2 -5 -3 
1 -1 3 5 1 -5 -5 -7 
-15 -3 -2 1 -1 1 5 3 
7 5 12 1 2 1 5 -5 
-16 -9 -1 15 4 -4 -7 -4 
-6 -16 -17 -17 -14 -6 -2 14 
10 5 11 -3 0 -2 7 5 
-1 -6 -20 -1 3 0 0 -1 
20 12 12 -18 -14 -3 4 -8 
7 -5 -1 0 1 -1 -2 5 
10 5 3 9 1 0 6 5 
-34 -5 13 9 4 -3 -2 -20 
21 15 12 12 4 11 17 7 
1 -3 5 -7 -7 -15 -38 8 
-12 18 -6 -7 -1 1 4 -13 
-22 -31 -51 -20 -6 0 1 -8 
-4 -12 3 -7 0 8 19 7 
-7 -3 29 18 0 -12 -16 -6 
21 -6 -36 -20 -2 -6 -25 3 
37 11 23 0 -5 -2 7 -3 
-20 -27 -9 -2 -3 -5 -15 0 
-8 13 -5 4 6 14 18 -13 
30 7 28 20 -3 -7 -5 21 
5 11 10 -12 -4 -8 -12 -8 
3 -5 -9 -4 -4 4 11 11 
28 11 16 13 1 -3 1 4 
-61 -24 -3 -8 -1 0 3 -3 
7 -1 -4 9 -1 -4 -8 1 
-4 11 13 -1 -1 -4 11 -6 
6 -4 -15 -18 -2 8 -5 7 
-67 -11 9 8 -1 -8 -13 -11 
15 -6 -11 6 2 0 -8 -2 
1 9 -2 -3 -1 4 36 1 
2 15 -7 -1 0 -7 -10 10 
38 19 6 3 3 4 -1 -7 
-30 -18 -11 -5 -5 -3 -14 7 
-8 -2 3 3 3 5 3 -8 
7 4 -4 0 -4 -7 13 12 
-30 -15 -17 -5 0 5 6 0 
3 0 4 0 -3 -8 -13 -9 
-5 -1 9 2 -4 -3 -9 1 
2 -26 -9 -7 -2 -3 5 0 
45 13 2 0 -3 0 6 -6 
-34 -1 0 -1 0 11 14 0 
5 -12 -10 -5 -5 -12 -28 -11 
-8 7 15 6 2 -1 -3 7 
25 11 8 10 3 8 21 -1 
-10 -8 -26 -17 -7 -4 5 11 
3 -1 4 2 -1 -9 -32 -10 
-7 -4 -17 -8 -1 3 15 -6 
13 14 25 7 -1 0 -4 10 
17 20 1 9 4 5 10 -16 
-8 -17 -14 -8 -2 -1 -9 0 
6 -6 -13 -7 -3 -3 2 -2 
-8 4 12 5 1 2 3 4 
22 -5 -38 -27 -9 -4 11 -2 
1 22 16 8 1 -8 -33 -9 
-6 13 3 3 0 0 1 7 
-13 -6 11 13 5 1 4 -5 
27 1 -2 -5 -7 -5 -3 -4 
-1 -8 -8 -5 -1 1 9 3 
-54 -15 -26 -23 -5 4 4 -11 
13 -15 -16 1 -1 -9 -4 4 
2 30 23 17 7 3 -2 4 
10 -2 -32 -15 -6 -8 -5 4 
-45 2 20 9 1 2 -8 -17 
23 -9 -16 -15 -5 -3 2 3 
-6 12 27 2 1 3 -3 5 
9 4 10 1 3 4 13 -4 
6 0 -12 -7 -4 -9 -12 2 
7 7 13 3 -2 0 0 1 
-14 -20 -6 2 -1 -3 -4 -3 
-2 6 23 5 0 3 10 2 
32 13 -3 0 -4 2 1 1 
-42 -14 -1 -6 -3 -9 -17 -9 
13 -4 2 7 -1 3 11 2 
1 -1 16 20 5 -3 -1 -2 
-36 -26 -46 -29 -2 0 3 0 
2 -7 -11 -12 -9 -4 -1 -8 
-7 1 16 6 4 0 -12 -4 
-3 11 -16 -4 -4 -3 2 0 
-19 6 29 18 4 3 7 -9 
4 -7 16 12 3 -2 -8 11 
15 -7 -17 -18 -6 -4 -4 -7 
-17 -21 -8 -11 -4 -3 -2 1 
20 6 1 -3 -4 1 5 0 
-4 -7 -3 -5 4 8 24 -1 
-8 -1 8 10 0 -6 -16 -1 
6 10 22 15 2 1 5 4 
-7 -17 -40 -22 -4 -2 -1 -3 
-16 -10 -20 -17 -9 0 -5 -5 
6 7 6 -4 -2 2 6 5 
-7 -1 3 1 1 0 -4 -5 
14 -9 16 16 4 -3 -1 -2 
7 8 -3 2 0 -2 -8 -3 
-7 -21 4 1 1 1 4 -7 
-32 -6 -13 -4 -2 3 8 0 
9 22 41 26 6 -6 -6 3 
-14 -22 -43 -31 -8 -5 -1 -2 
-23 -12 -11 -16 -7 -6 -11 -5 
13 -3 4 0 0 3 9 3 
9 6 3 0 -1 2 4 3 
3 16 30 17 3 0 -7 -1 
-11 6 -3 6 5 0 9 0 
-11 -11 -14 -13 -5 1 -8 0 
10 -4 1 0 -3 -4 12 -6 
12 10 9 10 1 0 -17 -1 
-17 -2 -11 -7 -4 -3 -7 -4 
-6 -20 -13 -12 -4 -7 -8 -9 
-1 -4 -1 1 -2 3 -2 -2 
15 -9 -3 -4 -3 -1 10 4 
3 12 12 8 0 0 -2 2 
4 14 16 16 4 3 -5 -1 
-2 -5 -3 -3 -4 -2 0 4 
-6 -20 -67 -33 -7 -7 -6 -4 
4 3 13 4 0 -2 -4 3 
0 2 -1 0 2 -2 -3 1 
4 3 2 4 0 1 -3 0 
-10 10 21 12 4 3 8 -1 
4 19 -5 -5 -2 -3 -7 -8 
-6 -2 -10 -1 -1 -4 -3 -1 
-9 -4 -1 -4 -3 1 -3 -2 
-13 -7 -6 -12 -4 -5 -5 -2 
3 -15 -16 -3 -2 1 2 -1 
7 0 8 -2 -1 2 8 1 
10 2 -6 2 -2 -5 -15 1 
-8 -2 8 5 -1 -2 4 -5 
3 -2 2 -5 -4 1 1 0 
12 4 5 5 -1 -4 -7 1 
-7 -9 0 -5 -1 1 0 -6 
-1 8 -37 -16 -4 -3 1 1 
-21 -15 8 3 2 1 4 0 
0 2 -3 -4 -6 -6 -7 2 
1 -6 -4 -3 1 1 1 -1 
0 7 24 13 2 0 -4 -3 
-5 2 1 0 -3 0 -1 -1 
-9 -7 -6 -1 1 -1 -1 -4 
9 -1 -14 -3 -1 -1 0 1 
-14 1 17 9 2 -1 -3 -3 
-2 -3 -3 -3 2 -1 0 -1 
7 -12 -17 -8 -1 -1 0 -5 
4 24 6 -3 -2 -2 -1 -1 
38 6 0 2 1 1 -1 -2 
-30 -15 -7 1 -1 -5 -6 4 
-9 0 2 -2 -2 -2 0 -1 
-16 -8 2 0 -2 2 11 2 
1 0 -12 -2 -1 -2 -18 -6 
-8 2 4 -3 -3 -2 0 -3 
5 -2 -1 -1 0 -2 -4 0 
-6 17 -1 -1 -1 -1 -3 -4 
0 4 12 6 -2 0 13 8 
4 -10 -2 1 -2 0 2 -2 
4 10 -9 -7 -3 -4 -7 -2 
10 -5 -6 -3 -1 -2 -3 -2 
4 8 2 -4 0 0 -3 -2 
6 -3 -9 5 0 -1 -2 -3 
-5 -6 8 -1 0 -1 3 -2 
5 -12 -17 -8 -3 -1 -4 -5 
5 -1 1 0 -2 0 -2 -5 
11 7 17 9 0 0 9 3 
-1 15 0 4 2 -1 -7 -1 
-14 -15 -19 -14 -5 -4 -11 2 
-14 12 8 1 -4 -3 5 1 
-8 -2 -5 -5 0 0 1 -13 
-12 -13 2 0 -3 1 -4 1 
13 -6 9 7 0 0 1 0 
11 12 -3 -3 4 7 17 6 
-20 -16 19 3 -1 -9 -16 -8 
8 -18 -40 -17 -6 1 5 1 
-7 2 -19 -8 -1 -4 -9 -2 
-7 -7 8 6 1 4 -1 -6 
36 -16 11 10 0 -2 -1 21 
12 -8 0 -7 -1 -2 -11 -10 
-6 1 7 0 -2 1 5 2 
3 -8 -15 -2 3 0 -3 -9 
-4 -3 -11 -8 -1 -1 -1 -1 
7 3 0 5 -2 0 0 2 
-3 16 16 5 1 -1 0 -1 
-6 -17 -1 -1 1 -3 -7 -1 
10 14 4 -8 -3 -3 -2 -3 
3 -1 -8 5 1 4 12 -1 
-17 -14 -1 -1 -1 -4 -10 -7 
-15 -8 -1 -4 -3 -3 -2 3 
0 18 -11 -4 -1 1 -7 -1 
-5 -11 -3 -4 -1 -3 2 2 
3 2 3 -2 2 3 6 3 
-15 8 -8 2 -1 -2 -3 -4 
-1 6 4 -1 -3 -2 -1 -4 
-6 10 7 1 1 -3 -2 1 
6 -4 -4 0 1 -1 1 -2 
22 -5 5 -1 -4 -4 -1 0 
-5 -16 1 1 1 2 -4 -3 
-4 -2 -7 -1 -1 1 0 -1 
-5 -12 -1 -1 -3 -7 -10 -4 
-5 0 -3 -3 0 4 4 -3 
11 26 10 2 -2 -6 -1 5 
2 -6 0 -4 -4 -1 -2 2 
-16 4 7 0 1 10 12 -16 
5 -6 2 -3 -7 -15 -19 15 
17 2 -4 10 3 2 4 -1 
-4 -7 -16 -15 0 -1 -2 -6 
27 10 2 -5 -3 -1 4 5 
-14 13 -10 0 -1 1 0 -9 
-28 -18 -11 -3 -3 0 3 -4 
-4 11 19 7 -1 -4 -3 -1 
-7 -14 -1 0 -1 -2 -3 -4 
6 -3 -1 1 1 -1 -5 1 
16 5 1 0 0 -3 -6 4 
-13 7 -10 -4 -3 1 8 -5 
-4 -3 -8 -2 -3 -2 -6 -2 
-2 -4 8 0 0 -2 0 3 
9 3 -3 -1 0 -2 1 -2 
1 -2 12 4 1 0 -3 3 
-10 -12 -3 4 1 -2 3 0 
-7 -4 1 -3 -1 -1 -4 -6 
24 -2 -10 -7 -1 0 -5 0 
-27 -17 1 3 0 0 -4 -3 
7 8 3 2 -1 0 -3 5 
-12 -3 -1 -2 -2 2 6 2 
5 38 -4 -4 0 0 -7 -5 
6 3 -2 0 -1 1 -3 -2 
4 -6 -3 3 0 1 -1 2 
-4 -2 2 -3 -3 0 2 5 
-17 -20 -2 -1 0 -2 0 1 
5 7 -7 -1 -4 -3 0 -4 
5 14 6 0 0 -1 1 7 
7 -1 -2 -1 -1 0 -3 -2 
20 -11 0 -4 -4 -4 5 -2 
-3 -1 6 1 -1 -1 -8 0 
-21 -10 -2 -1 -1 2 13 -9 
-22 -6 -5 -1 -1 -7 -6 2 
-11 2 8 -1 -2 -1 8 -1 
16 0 1 2 3 -2 -13 0 
-2 -8 3 -1 0 -2 -2 0 
-4 -19 -6 3 -1 0 1 -9 
-31 -6 -15 -8 -3 -2 2 2 
11 -9 0 -2 -1 -1 3 0 
-4 -18 -3 -1 -1 -1 -6 -4 
8 9 9 -1 -1 -2 -1 3 
11 -13 -4 3 2 1 -5 -3 
-9 8 -10 -3 -2 -3 1 -6 
-14 -22 3 -1 -4 -4 -9 -5 
15 5 -5 -1 -1 -1 10 4 
-10 2 -3 0 -2 -1 -3 -1 
-24 -15 4 3 -1 1 -3 1 
4 19 -4 -3 -1 -1 2 -2 
4 1 -3 -1 -1 -2 -3 -4 
-10 -4 -4 0 -2 0 0 -3 
15 6 5 -2 -2 0 -2 1 
12 -1 -4 -4 -2 -1 5 1 
-2 -1 -5 -6 -6 -3 -3 -4 
-9 8 5 -1 -1 -1 -1 -2 
3 -2 1 2 1 1 2 1 
11 1 -3 2 0 -2 -7 -4 
1 -3 -7 -3 -1 0 -1 -4 
-5 -9 -2 -2 0 -2 -3 -1 
2 -17 3 -1 -4 -4 0 0 
4 6 -7 -4 -2 -2 -2 4 
22 -3 5 4 -1 0 -2 -7 
-29 -24 -5 -5 -3 -1 2 -2 
-32 0 -1 1 -1 -2 0 -2 
8 4 3 2 -3 -3 -5 -3 
-10 -4 -21 -6 2 1 0 -2 
24 15 0 -3 -4 -4 -5 -1 
14 5 4 -1 -3 -2 2 0 
-28 -5 -2 2 2 3 0 -2 
0 2 0 0 -4 2 4 2 
3 0 1 3 1 -3 -7 1 
-3 -3 -14 -2 0 0 2 -3 
1 5 -10 -8 -2 -2 -4 -3 
1 -6 6 -2 -3 -2 -3 -2 
-1 3 -1 1 -2 0 5 -3 
24 6 4 0 0 -3 1 6 
-8 6 -2 1 -1 -3 -14 0 
-4 -7 17 7 1 1 2 2 
-8 -20 -14 -8 -1 -1 -3 -4 
15 13 -7 -8 -4 -2 -3 -5 
1 -3 -2 -2 0 4 3 0 
-13 -9 6 2 0 -2 5 -2 
6 5 10 4 -2 -4 -11 0 
1 -1 4 2 -3 -2 1 3 
-4 -1 -14 -7 -4 -2 -6 0 
5 6 8 1 -1 2 9 1 
10 -10 -7 0 1 0 -5 -7 
-57 -20 -8 -9 -5 -3 -5 -10 
-10 0 -2 -2 -4 -3 1 -4 
9 1 -4 -3 -3 -4 -7 6 
2 1 -7 -5 -4 1 9 2 
-23 2 9 1 1 0 0 -3 
10 4 16 5 -1 0 -1 0 
-9 -5 -6 -2 0 -2 -4 -1 
-5 4 -17 -8 -2 -1 -3 -4 
7 4 9 4 0 -1 4 3 
6 -6 -7 -4 0 -4 -6 -3 
-2 9 2 -3 -2 -3 -3 -6 
6 0 9 6 2 -1 0 -1 
12 -7 0 1 0 0 -3 -1 
-2 2 -16 -5 -1 1 0 0 
7 2 -2 -3 -3 -4 -9 0 
7 2 7 3 1 1 2 0 
2 -14 -8 0 -1 -1 6 -4 
-8 -4 7 -1 -1 -2 -6 -1 
14 1 -8 -1 -1 0 -11 -1 
-9 1 3 2 1 3 12 3 
2 6 3 1 -3 0 -10 0 
-8 -10 -3 -3 -1 -3 0 -9 
-1 3 -4 -2 -3 -1 1 -2 
-8 16 11 -1 -4 -5 -8 0 
13 7 -20 -4 1 1 7 2 
9 0 3 1 -2 -2 0 0 
-6 -12 -22 -10 -3 -4 0 -2 
-16 -8 9 1 -1 0 0 -3 
7 2 2 0 -1 -2 -4 4 
27 11 4 3 0 0 3 6 
5 -2 3 2 4 2 -2 -1 
-11 -8 -3 -5 -4 -1 -1 -8 
-2 3 -6 -4 -5 -1 4 -3 
-1 -9 3 1 -2 -5 -11 -1 
7 3 8 2 1 1 5 0 
-13 -10 -7 -1 1 2 2 1 
0 2 5 -2 -1 -1 -14 -2 
1 3 3 -1 -4 0 6 2 
-18 -8 -17 -5 0 2 2 -3 
28 17 8 1 0 -2 -11 1 
2 3 -8 -4 -3 0 5 2 
-6 6 -2 -2 -1 1 3 -2 
-12 -6 5 -1 -3 -5 -9 -2 
-1 -7 1 2 -1 1 3 4 
9 -19 -1 0 1 0 -4 -4 
-3 -10 -8 -4 -2 -2 -2 1 
-4 5 5 -3 -3 -2 2 1 
9 -4 -5 1 -1 -4 -3 -4 
-6 2 1 0 0 -3 -1 -2 
20 8 2 -2 1 4 7 1 
