#EMG
#5
#ID:5-9
-7 3 16 -8 -2 -1 -5 -8 
-2 0 -5 4 -2 -4 -2 4 
61 -3 -16 -4 -2 -5 -6 14 
-50 2 16 1 -2 0 0 -31 
4 9 1 0 -1 1 -1 -2 
-13 9 19 -6 1 0 7 -4 
29 -7 -22 -3 -4 -2 -13 5 
21 -8 -13 -1 -3 -5 -5 21 
-45 -13 -15 -8 0 0 2 -17 
10 -2 18 11 2 -1 -3 6 
4 31 1 9 2 -2 8 0 
1 18 -2 -15 -6 -1 5 0 
10 -3 -21 -1 -2 -6 -9 -4 
0 9 14 -4 1 1 1 4 
-14 -9 21 11 3 0 7 -3 
-2 -9 -13 -6 -4 -5 -18 -4 
10 4 19 13 -2 -3 1 6 
-10 -6 -11 -3 -2 3 0 -6 
-9 -15 -10 -13 0 1 5 -1 
2 -2 -11 -6 -4 -2 2 -5 
9 -5 0 4 0 -1 1 10 
4 -8 17 6 1 -2 -1 -1 
-69 -15 -18 -2 -1 2 2 -17 
12 -6 -12 -2 0 0 -7 2 
8 4 6 -8 -1 -1 -1 -3 
-6 9 -12 5 2 1 0 0 
14 7 18 7 1 -1 1 5 
1 -16 -17 -18 -4 -1 3 5 
-15 8 9 -5 -4 -2 -3 -10 
6 -1 -21 -14 -2 1 -8 0 
1 -3 28 5 -3 -7 -1 -6 
-1 10 -21 -3 1 3 1 7 
27 1 5 5 1 2 -5 0 
-7 -10 -6 3 0 -2 6 -2 
22 -1 -6 -7 -5 -4 -12 -1 
4 -5 20 17 3 -1 -1 -10 
-22 3 -6 -7 -3 -1 1 8 
8 0 -12 2 1 3 -1 -4 
-8 -13 -14 -8 -4 -3 -3 3 
-2 -2 11 2 2 2 3 0 
15 1 2 5 2 0 6 -1 
-8 -10 -6 -13 -6 -4 2 2 
9 0 -4 -6 0 2 -8 -5 
8 3 1 6 -3 -5 -10 -5 
-12 -5 -8 -5 -1 0 0 0 
-4 1 -4 -5 0 -3 -4 3 
4 -2 -8 -2 0 1 7 0 
9 20 16 10 5 3 8 -1 
4 -3 5 2 0 1 3 6 
2 3 -7 3 -3 -6 -22 0 
7 17 3 -6 -3 -3 -10 1 
0 3 6 9 3 1 8 6 
-4 -2 1 -6 -6 0 0 -17 
18 -1 -12 -3 0 1 5 10 
-11 4 1 -2 -4 -2 1 -2 
-9 -12 -5 3 1 -1 -3 0 
-1 3 1 4 4 1 -1 -3 
1 12 8 -8 -3 3 12 -8 
11 13 4 4 -3 -2 -9 2 
19 -10 -30 -15 -7 -2 -1 3 
-21 2 -17 -5 -2 0 4 -1 
-7 -7 17 9 -2 -5 -7 -6 
8 -7 2 5 2 2 11 10 
-24 8 22 -6 1 2 -4 -34 
17 -7 6 10 -2 -5 -6 11 
12 -4 -36 -7 -6 -4 3 9 
-29 -25 -14 -7 0 1 2 -17 
5 -14 10 2 -1 -4 -11 10 
-1 -1 -2 0 -2 -2 -2 -12 
-3 -2 37 14 3 2 3 6 
-1 -12 -38 -12 -5 -10 -9 2 
0 -11 23 -2 1 3 3 -3 
-15 4 -37 -12 -1 -3 -8 7 
-9 6 9 -2 2 5 13 -1 
-6 -15 14 11 0 -1 -8 -4 
-17 6 7 3 -1 -2 1 0 
10 -7 11 2 1 1 0 -2 
13 9 4 -4 1 -2 4 5 
-53 14 1 2 -4 -3 -8 -16 
7 0 -1 -1 -3 0 6 2 
9 3 4 -1 0 -3 -8 -3 
-2 -3 0 3 0 1 1 -1 
2 0 3 -9 1 4 21 -1 
0 -9 -13 2 -10 -7 -21 5 
-19 7 -12 -10 -6 -5 3 -2 
14 19 15 -12 -2 -3 -14 -4 
8 -11 13 9 2 2 8 5 
-7 29 31 8 5 5 9 -1 
17 -26 -43 0 1 4 3 7 
-22 -9 21 1 -7 -6 -1 -9 
7 12 -13 -7 -2 1 -4 5 
6 -4 -5 10 1 -1 3 -4 
16 11 31 2 1 -1 -3 13 
-10 -6 -33 -17 -1 2 11 -20 
24 -16 2 -7 -5 -6 -17 1 
-7 -1 -10 0 -2 -2 -5 6 
7 1 -1 -5 -2 -5 -10 -11 
-26 -6 5 6 -1 3 11 -3 
17 -1 10 6 1 -2 -25 4 
4 5 -23 -15 -2 4 21 -1 
-16 -6 -1 -3 -3 -5 7 3 
20 7 9 5 0 -12 -32 -8 
-34 2 11 5 1 0 -4 -5 
-2 -5 -36 -8 1 2 4 0 
6 1 21 4 0 6 38 7 
6 -7 -26 -23 -7 -10 -27 -6 
24 13 16 8 1 5 29 11 
-22 -17 5 1 1 0 -5 1 
-20 12 13 19 2 -3 -19 -6 
5 -9 -30 -9 -2 0 7 10 
-21 0 -27 -15 -3 -4 -4 -36 
13 10 9 -4 2 2 7 8 
-32 -30 -28 -12 -6 -4 -18 -16 
-29 5 29 15 2 0 7 2 
10 -2 14 5 0 3 12 4 
-21 10 -46 -14 -7 -10 -13 -6 
-6 -7 14 -10 1 3 -3 -3 
11 -3 -24 -5 -2 1 -1 4 
-1 12 12 9 -2 0 1 7 
9 8 36 9 5 1 -5 -5 
47 7 -23 -11 -5 -5 -6 1 
0 -5 11 6 -2 3 9 -5 
11 4 5 0 1 0 -2 2 
-13 -3 41 11 -2 -2 -2 -1 
-10 5 -28 -4 -3 -2 -1 11 
-5 -9 11 2 2 4 -3 -14 
5 -9 -41 -7 -2 0 3 4 
-5 8 7 -3 -2 -8 -8 11 
-4 8 8 4 -1 -2 2 -10 
3 0 7 -6 -4 -4 -1 5 
-19 19 -6 6 -2 -1 -9 4 
27 -8 -16 -20 -2 0 3 -4 
1 4 38 25 0 1 2 3 
-6 -7 -57 -34 -6 0 -1 3 
11 -15 -5 -3 0 0 -5 -5 
7 -7 1 4 -4 -7 -12 2 
6 51 23 12 2 2 2 0 
-4 4 34 24 4 1 0 -11 
-16 -13 -19 -20 -3 1 2 -3 
-4 -20 -61 -20 -7 -3 1 -4 
-2 -15 7 -11 2 2 -3 -5 
-10 -1 4 14 -6 -5 -1 4 
12 15 36 13 4 3 -2 11 
1 -15 16 11 0 -2 2 -11 
1 0 -41 -14 -3 -2 -4 -5 
21 0 -4 -19 -2 -1 4 9 
-2 -8 -1 2 0 -6 -7 7 
-32 -30 -6 0 0 0 -1 -23 
4 -18 -17 -9 -2 0 2 6 
7 -3 -2 9 4 -1 0 -6 
-8 -16 -22 -11 -8 -8 -6 -2 
-2 24 26 16 4 2 6 5 
32 1 -3 -8 0 -1 -1 8 
-23 0 23 3 5 1 -4 -4 
1 -10 4 14 1 0 0 -19 
-6 13 -56 -39 -9 -2 2 -3 
-5 -8 28 23 0 1 1 6 
-1 21 32 3 3 0 3 7 
-8 -30 -68 -35 -7 -6 -8 -5 
0 -12 -5 3 -3 -2 -2 3 
-8 7 2 -2 -1 -1 -2 -10 
5 -9 8 11 -1 -1 0 -6 
3 10 25 9 2 1 3 7 
6 4 13 3 0 -1 -1 -3 
0 -6 -11 -11 -5 -1 1 1 
-9 1 1 7 0 3 0 2 
4 -2 -2 -11 -4 1 5 -18 
2 14 21 1 -2 -4 -18 2 
-5 6 29 17 4 -1 -3 -3 
15 8 -42 -13 -5 0 5 -3 
-24 7 -9 -6 -1 0 6 10 
16 -6 29 12 0 -3 2 -3 
13 -33 -1 -10 0 -3 -12 4 
-37 3 0 5 -6 -3 -8 -7 
-9 -21 -3 -9 -3 -3 2 -4 
3 -6 0 3 0 0 -12 -6 
-12 -4 -7 -1 -1 -2 6 8 
2 -14 10 2 2 1 4 -7 
4 3 3 -4 -4 0 6 8 
-12 4 13 2 -1 -4 -10 -1 
-11 4 -9 -5 -2 0 0 -4 
-27 -11 -43 -20 -4 -5 -4 -9 
3 0 -12 -13 -3 0 -4 -3 
3 3 17 9 2 1 14 7 
1 4 -13 -3 0 -1 -8 0 
18 -13 14 4 1 -2 -5 -5 
-11 -2 6 9 1 -2 -4 -5 
2 0 -1 -2 -1 1 6 0 
-21 4 24 5 3 2 1 -6 
-26 -17 -24 -10 -4 -4 -5 -15 
37 -6 16 7 -4 -5 -7 2 
-2 -11 -22 -13 -4 0 0 22 
31 -14 10 0 1 -1 5 -9 
-16 2 -16 9 4 3 3 8 
-8 24 49 6 1 -1 -6 2 
-18 -14 -45 -13 -7 1 18 -7 
9 4 -5 -2 -2 -9 -21 7 
37 12 36 17 1 0 -3 5 
1 3 -17 -15 2 -1 -1 -2 
-14 5 28 13 3 3 5 -8 
-3 8 -8 -3 -1 2 8 7 
-19 -21 -48 -18 -7 -5 -7 -12 
1 9 -9 3 3 0 -3 -3 
12 8 27 6 0 -4 -2 3 
0 -9 -21 -3 -3 -1 -3 -10 
-2 16 41 13 4 2 3 14 
36 -3 -24 -6 -2 -1 1 17 
-55 -21 -25 1 -1 -2 -10 -42 
-2 16 -3 -11 -2 0 2 -3 
18 8 19 0 0 -2 -2 5 
3 6 -8 12 -3 -1 -1 -6 
5 11 -32 -26 -9 -2 -6 8 
-14 -14 10 6 -1 -1 0 -6 
7 6 9 -4 0 4 8 5 
-18 -1 18 11 3 -6 -14 -13 
33 6 0 8 6 5 2 5 
-16 -3 -11 -8 -5 2 1 1 
-10 5 -9 -9 -4 -4 5 3 
6 -5 28 12 3 2 5 3 
21 -6 2 0 -2 -4 -7 0 
0 -2 -20 -22 -7 -8 -8 -12 
9 -1 -13 -2 -1 1 2 10 
-8 4 15 13 -3 -4 0 -9 
-15 -1 3 -17 -3 -3 -14 3 
1 1 12 22 4 2 4 3 
8 -30 -40 -27 -11 -8 -5 0 
-23 20 -1 2 0 2 0 -13 
10 11 46 19 10 8 4 20 
-5 -1 -14 -6 -6 -6 0 -16 
-7 2 14 2 1 -3 -8 -8 
-1 -13 -6 -11 -5 -2 2 5 
15 -7 -23 -3 -1 -1 6 25 
-18 0 30 18 6 3 -1 -25 
6 6 6 6 3 2 5 4 
1 9 -21 -17 -5 -3 -6 10 
-13 -22 9 2 0 -3 -2 -25 
2 -11 -8 -5 -6 -2 3 15 
6 -3 -10 -3 -2 -1 2 -14 
9 3 18 6 4 -2 -10 11 
-18 -2 13 4 -1 -4 -5 -16 
5 -14 -19 -2 -3 -4 -7 -11 
-21 -11 -2 -6 -4 -3 4 11 
-9 -15 19 16 1 3 17 -9 
12 -15 -57 -21 -6 -4 -19 14 
-2 12 12 -1 3 -1 0 -18 
4 -7 -5 -4 -3 1 1 -7 
6 -21 -35 -13 -5 -5 -11 -9 
-7 12 36 19 2 1 10 17 
-4 6 33 20 3 0 -1 -1 
8 -15 -65 -41 -7 -5 -10 -3 
-4 9 14 1 -1 0 0 0 
-15 8 13 11 0 1 -2 -17 
7 9 -3 1 0 4 16 23 
10 3 37 19 0 -2 -13 12 
-26 -30 -40 -20 -7 -8 -17 -29 
3 11 -43 -25 -7 -2 7 -13 
0 -2 6 -11 -1 0 -1 12 
4 8 28 17 6 5 8 5 
16 13 12 5 2 1 -1 22 
-31 -27 -19 2 -1 -8 -29 -49 
-24 -8 -20 -10 -6 -1 2 -16 
2 13 40 13 5 2 -3 -1 
-4 -8 -38 -19 -4 7 19 10 
28 4 8 4 -3 -7 -14 3 
0 -11 -38 -16 -4 -4 -5 11 
-20 12 17 12 -1 -1 -6 -24 
6 -1 -9 6 1 0 6 -1 
18 -11 -11 -13 -1 5 22 9 
4 -21 -2 -3 -4 -6 -13 3 
15 15 3 12 1 -7 -3 -2 
-27 -2 -9 -2 -1 0 -5 -5 
10 -3 -14 -8 -3 -3 10 3 
13 -1 20 4 3 5 -6 3 
12 29 7 14 0 -2 -13 7 
-8 -21 -31 -32 -9 0 18 -11 
7 11 15 9 0 -5 -28 12 
-9 12 -9 -5 -2 -7 1 -31 
4 8 23 7 -2 2 9 9 
-16 -6 -9 -3 3 -3 -12 -5 
18 8 -14 -3 0 7 27 21 
14 7 4 1 1 -4 -4 1 
-4 -2 6 -6 -4 -8 -25 -13 
22 22 -1 5 1 4 13 2 
-15 -10 -4 -3 0 1 -2 -3 
-2 -2 -10 -4 -1 -6 -2 7 
-6 -15 -2 2 4 7 11 -4 
-17 -3 2 4 0 -4 -8 1 
-6 -9 1 -11 -5 1 3 -5 
-11 -10 -16 -1 0 0 20 20 
10 0 -22 -13 -5 -9 -20 -28 
19 18 63 28 5 2 0 9 
-32 -2 -33 -22 -3 -2 2 -10 
-2 -6 -8 -1 -1 4 -5 2 
21 -14 4 -8 -2 5 21 18 
-46 -10 16 14 7 -1 -21 -12 
-10 6 16 7 -4 -12 -8 -2 
-5 -19 -16 -8 -4 1 0 -5 
-14 -18 -46 -17 -5 -2 0 2 
23 -11 25 6 0 1 3 0 
0 -4 7 5 2 0 2 2 
5 6 -5 -2 2 0 -6 0 
-3 -16 -12 -4 -5 -2 5 1 
-13 -7 -23 -12 -6 -5 -3 -4 
16 13 8 4 2 -2 -4 -2 
4 13 23 8 0 -1 -3 5 
2 -4 -10 -12 0 1 -2 -4 
-18 9 -8 -1 -3 -4 1 1 
28 7 -11 -8 -4 2 -1 -1 
-16 -21 18 -2 -1 0 -1 1 
-7 24 5 6 4 4 1 8 
4 2 -1 4 -2 -3 -8 -14 
6 -7 -17 -3 -4 -3 -1 2 
-18 1 -33 -17 -8 -3 -1 -1 
-1 0 8 6 3 -1 -4 1 
10 -9 23 -1 1 -1 -1 -2 
1 -4 27 19 3 1 0 -9 
11 13 1 3 -3 -3 -4 4 
-19 -13 -10 -7 -4 -6 -7 -18 
10 4 -16 -5 -1 -1 3 5 
-12 2 18 -6 -3 2 13 0 
22 1 2 -10 -3 -8 -20 0 
-15 -3 1 4 -2 -1 3 12 
4 0 -9 3 1 0 -6 -14 
4 6 25 20 4 1 10 15 
23 14 6 -14 1 2 0 3 
-40 -19 -17 -3 -2 -6 -2 -14 
1 2 2 -4 -4 -2 -4 0 
4 -2 -13 -2 2 2 3 3 
-3 -2 22 11 1 2 1 -6 
18 6 -5 1 2 4 3 8 
1 9 -11 -11 -4 0 -1 6 
-15 -2 -5 -3 2 -6 -13 -10 
4 -11 1 -8 -2 1 6 11 
3 5 8 4 4 8 30 -7 
0 16 29 17 5 -9 -27 4 
22 -9 -8 -3 -5 0 -6 -13 
-2 -8 -59 -19 -6 -3 -1 -3 
-2 2 5 -5 -5 -2 1 -2 
-8 -1 10 -1 -2 4 17 0 
2 0 15 8 2 -4 -24 8 
10 10 17 16 4 9 8 -13 
-51 -20 -4 -4 -5 -11 -22 7 
4 -10 -24 -8 -7 1 16 0 
-3 3 -8 -15 -3 -3 -1 1 
-10 -3 8 6 -1 1 6 -9 
25 11 52 16 7 4 -6 10 
5 -31 -44 -1 -1 -1 -5 12 
-33 -13 -44 -22 -5 -2 6 -17 
1 0 -2 -5 -2 -4 -13 -2 
10 5 -3 -4 -2 -4 0 0 
7 8 28 10 5 2 2 18 
-2 -11 22 10 3 3 4 -10 
-5 -9 -17 -6 -5 -6 -9 8 
6 5 -4 5 -1 -3 -5 -8 
5 -4 -15 -23 -8 -5 -6 -9 
2 1 -19 -8 -3 -1 2 13 
-16 2 14 6 1 -2 0 -7 
6 -1 4 0 1 -1 -4 -14 
1 7 10 8 1 5 4 2 
-6 -18 -30 -11 -4 -5 -10 -1 
27 -3 -9 -13 -5 -4 -3 6 
3 -3 -8 -7 -2 0 3 -4 
1 8 7 -2 -1 0 -16 -7 
2 13 37 17 2 2 6 4 
-2 0 11 11 4 0 -3 -6 
2 -7 -31 -12 -4 0 -2 5 
0 -3 0 -6 -5 -4 5 -3 
-7 -13 4 1 -1 1 -5 -16 
3 13 -4 2 -1 -1 11 7 
-18 0 4 2 0 -6 -13 -4 
-12 0 -10 -9 0 2 9 -2 
10 7 -17 -5 -5 -4 -12 3 
-10 -2 -1 1 1 3 -1 -5 
-1 15 2 0 -2 0 15 7 
-1 -15 7 2 -1 -2 0 -23 
-15 12 12 4 1 0 5 9 
-12 2 22 24 5 3 -6 -5 
-4 -3 -30 -30 -4 0 -2 3 
4 4 -4 -17 -6 -4 -1 8 
2 10 3 -2 -1 -1 -5 -5 
-6 -4 14 7 -2 -9 -8 0 
16 -5 3 15 1 1 -1 2 
-3 -4 8 5 -1 3 0 2 
-3 -7 -31 -16 -4 1 23 2 
-3 6 11 2 -1 -4 -3 4 
28 -1 7 7 0 0 4 -8 
-37 -1 -1 -8 -1 -5 -9 -3 
8 -10 -1 7 3 1 1 15 
-7 -8 -18 -7 0 0 0 -4 
-5 2 -13 -6 -5 -1 -7 18 
12 -3 11 11 3 -1 -3 -39 
-9 4 25 5 -1 -4 -5 3 
-21 -16 -4 -4 0 0 6 1 
-10 -1 -13 -7 -5 -2 -2 -2 
27 1 -5 -5 -2 -3 -1 15 
-6 8 1 4 0 -1 1 -2 
10 9 13 3 -2 0 -4 -9 
-11 13 7 4 3 4 13 -3 
-7 -12 -11 2 1 -1 -15 3 
3 -2 -11 -6 -2 -3 -2 -1 
-1 -1 6 -3 -1 3 8 19 
4 -5 -13 -2 -1 -5 -8 -3 
9 8 -1 -2 -2 0 23 30 
-2 -4 2 5 -2 -7 -18 -46 
-13 -2 -9 -4 -1 -1 -4 -18 
3 -11 -14 -2 -1 -1 -5 -2 
-7 5 13 1 0 3 14 0 
27 -4 8 2 -2 -6 -21 21 
-5 3 -13 -2 -2 1 3 1 
-10 -9 15 -6 -3 -4 -1 -18 
-1 -4 -3 1 0 0 0 6 
-11 -21 -38 -11 -2 2 -1 -6 
-2 4 8 -8 -3 1 2 2 
7 0 15 2 -2 2 4 6 
3 5 -2 0 -3 -6 -27 -12 
-36 -5 34 11 4 4 9 -1 
1 -9 -26 -5 -6 -6 -7 -9 
-6 -4 3 4 -2 -1 1 0 
-3 -3 -32 -28 -7 -4 0 6 
7 -20 -1 1 -1 1 0 -7 
-4 -26 -7 -2 1 0 5 9 
0 7 12 7 0 -3 -10 -6 
-4 -17 -6 0 -4 -6 -4 -2 
-2 4 -15 -4 -2 -1 2 10 
7 -4 -10 2 2 0 -2 -18 
-10 -11 -46 -21 -6 -4 2 6 
1 2 15 8 4 1 -3 -1 
-3 15 42 2 -2 -4 3 -4 
5 10 -7 7 3 -4 -8 -3 
7 6 11 3 2 1 0 7 
-16 7 -18 -3 1 -2 3 -23 
-9 -3 4 -8 -3 2 -9 9 
-1 6 4 -2 0 -2 -2 -12 
4 3 9 -3 0 -1 -2 3 
3 -4 -3 3 -2 -1 7 0 
9 8 9 4 1 0 -3 8 
-3 0 -19 -4 -2 -1 -3 -1 
-5 19 18 -3 -3 -2 -8 -5 
20 5 -4 3 -1 -2 -1 2 
-26 -9 -14 1 1 0 9 -1 
-9 2 -4 -9 -2 -1 -5 -3 
4 -13 3 0 -2 -5 -1 -7 
3 -11 2 1 0 2 1 0 
9 -4 -3 -2 -2 -1 2 0 
-3 0 9 1 -3 -3 0 5 
-8 -11 -13 -4 1 -3 1 -3 
-11 -8 11 -4 -1 -2 -2 -1 
8 6 -15 -3 -1 -2 0 -6 
2 -4 21 2 -2 0 4 9 
7 -7 -20 -1 -2 -1 -6 -8 
-3 3 3 6 1 -1 -8 3 
5 7 8 -2 -2 -2 2 -5 
-11 -3 -24 -19 -4 -1 2 -1 
-1 5 10 -1 0 0 -1 -1 
7 7 0 -1 0 3 13 2 
-1 13 30 10 2 -4 -14 -1 
9 -26 -11 3 3 7 5 -3 
-1 12 -13 -9 -6 -12 -8 -7 
-13 -13 2 -1 -2 -3 -7 5 
9 2 0 0 1 2 24 17 
16 1 16 9 1 -4 -20 3 
-26 -16 8 6 0 2 4 -18 
-6 14 -21 -13 -3 0 1 -2 
9 10 6 5 0 -5 -7 -2 
-4 -18 -26 -18 -5 -2 3 3 
-3 -14 -23 -6 -1 0 2 3 
-16 1 2 2 0 -3 -5 3 
14 1 -1 -3 0 -2 -13 -15 
-13 12 21 10 0 0 20 1 
30 2 8 3 -2 -2 -19 5 
-34 -8 -3 -4 -2 1 5 -5 
4 -1 11 0 -3 -3 -12 -1 
4 12 8 2 1 0 0 -4 
-2 -1 -13 -4 -2 1 0 11 
18 3 7 9 1 -2 -3 -13 
9 -6 15 6 -1 4 5 5 
-36 -5 -44 -32 -7 -3 1 -17 
3 6 9 1 -1 1 -4 18 
14 -2 -2 1 -2 -1 -3 -2 
-12 -18 -18 1 -2 -7 -2 -2 
12 10 13 4 1 2 -5 3 
-3 7 -5 3 2 -1 4 -1 
16 1 -5 -1 -2 -1 -1 2 
-12 -1 2 -3 -2 1 5 -3 
-9 -8 -6 3 -1 -1 -7 4 
0 17 6 1 -1 -3 7 -6 
0 -1 27 2 -1 -4 -21 -7 
-4 4 -28 -9 -1 1 3 -4 
-14 -25 9 -1 0 -3 -2 2 
-4 5 -14 -1 0 0 5 -5 
2 -11 -8 -4 -3 -2 2 6 
11 -6 -1 -4 -1 4 11 11 
4 17 14 7 -2 -7 -23 -5 
-8 -18 1 -2 -3 -2 -3 -17 
-4 6 7 0 0 0 4 13 
6 -2 -26 -4 -4 -5 1 5 
2 -2 10 1 -3 1 7 -2 
-1 1 10 3 2 1 -3 -6 
2 4 -4 -5 -3 -1 -1 -6 
-14 3 13 5 3 1 -5 -7 
7 0 19 8 -1 1 3 5 
2 -15 -46 -17 -4 -7 -13 -3 
-20 -2 -2 -3 -3 0 1 -6 
-5 3 -8 -3 -3 -8 -9 -5 
6 11 14 8 1 1 10 -1 
-8 -17 17 5 1 0 1 5 
20 0 -9 -3 -1 -2 -3 -10 
-9 -7 -15 -7 -2 3 9 -2 
-2 7 -14 -3 -3 -6 -28 -6 
2 6 40 7 3 4 12 4 
13 -13 -33 0 0 1 7 9 
-7 -2 12 -4 -3 -7 -12 -5 
24 8 -13 -9 -2 1 8 3 
-13 3 14 0 -2 -1 -8 -2 
6 5 6 -2 0 0 1 1 
-15 -10 -26 -4 -4 -1 -3 0 
6 3 -4 -3 -2 -3 2 -4 
0 -18 -14 -5 -1 -3 -7 4 
-12 14 -3 -6 -2 3 17 -2 
1 -1 6 3 1 -7 -15 -2 
-7 -8 1 -2 -2 1 6 -5 
-10 -3 -19 -1 -3 0 -13 -5 
-11 -7 1 -4 0 -3 -1 -3 
7 -1 0 -6 -3 2 -5 -1 
-2 3 -9 -1 0 3 19 0 
11 4 13 13 2 2 12 3 
-12 -8 -4 2 5 1 -23 -4 
-5 -8 1 -9 -6 -5 -8 18 
10 -3 -16 -4 -3 -11 -18 -18 
3 0 1 1 0 5 15 3 
2 3 11 5 0 -2 -5 -1 
9 30 14 7 2 4 12 -5 
-3 -11 20 4 1 3 -1 7 
-16 1 -51 -7 -3 -3 -2 -4 
8 11 17 0 -2 -4 4 -8 
-6 -17 -20 -9 -2 1 0 -8 
-3 1 16 4 -2 -2 5 8 
8 14 23 14 2 -3 -11 -3 
-7 -16 -19 -16 -5 -4 0 0 
-1 5 4 1 -1 0 8 -8 
-10 -1 -1 1 1 6 10 2 
-1 -9 1 -3 -1 -7 -18 4 
1 8 23 14 3 0 -1 -6 
-22 -18 -32 -7 -5 -9 -11 -10 
12 -7 -23 -10 -2 -2 -8 6 
-16 21 24 -2 -2 1 18 2 
-2 4 -2 4 0 -1 5 1 
0 9 19 3 0 1 -4 -14 
-3 1 -1 7 3 2 -11 1 
4 -5 -9 -9 0 7 24 -5 
2 12 0 0 -4 -22 -27 10 
15 -18 2 -4 -4 -5 1 -2 
-13 -8 -8 -4 -1 -4 -6 2 
-2 -43 -5 -6 -1 4 8 -3 
7 1 6 3 1 9 -9 4 
4 6 5 7 1 -10 -9 -5 
3 0 18 8 -1 -1 4 2 
-13 -47 -40 -21 -10 -10 -10 -9 
1 -10 -25 -13 -2 5 5 2 
1 1 -1 0 0 2 -3 -1 
3 6 7 -2 -4 0 -2 -5 
-3 22 18 7 2 2 1 5 
-14 -18 -9 -5 -5 -5 0 -9 
4 -1 -16 -5 2 6 -10 7 
0 8 16 3 -2 -8 4 -6 
4 13 -3 1 -2 -3 -10 3 
-8 -10 -29 -2 -5 -3 1 1 
7 1 -10 -11 0 5 16 7 
-10 -6 -21 -10 -2 0 0 -1 
4 11 14 5 2 -2 -14 0 
4 13 36 10 5 -1 -7 -9 
-6 -9 -6 3 -2 -3 1 13 
4 10 -16 -1 1 5 6 -2 
-6 -5 3 -4 -3 -3 2 -2 
1 6 25 11 2 2 4 1 
-3 -9 -33 -15 -3 6 18 -6 
0 0 2 -6 -6 -17 -26 -3 
-44 -2 1 -3 -4 -1 -10 -18 
-4 10 1 -6 -5 -3 -22 1 
0 5 12 3 1 2 10 4 
4 -4 -3 2 4 6 10 5 
20 7 8 3 -1 -6 -4 -11 
-1 -26 -22 -6 -2 1 6 -4 
-6 2 12 3 -3 -3 -6 2 
-9 -6 -21 -4 -2 -3 -10 -4 
12 24 46 2 2 2 6 7 
-5 -32 -34 -7 -3 2 24 -9 
6 13 -25 -6 -4 -2 -9 1 
-6 -1 -5 -9 -2 -9 -24 -6 
4 0 1 3 1 2 6 4 
6 3 25 7 2 1 3 3 
0 -6 20 8 0 2 8 5 
-15 -20 -31 -11 -2 2 -3 -15 
-6 13 -2 -2 -2 -4 -1 7 
11 10 11 2 0 0 -1 4 
-31 -19 -1 2 -2 -4 -7 -9 
9 1 32 12 3 2 4 8 
10 -7 -29 -9 -3 1 5 8 
