#EMG
#1
#ID:1-3
2 0 -3 4 1 0 -3 -3 
-11 -6 21 9 2 0 -3 -10 
8 5 -26 -10 -3 1 0 0 
-20 -16 5 -3 -2 -4 -9 -2 
-5 9 -9 -2 0 1 11 -7 
7 -7 -3 -2 0 -1 -15 -4 
-4 25 1 -3 -2 0 0 -6 
-6 12 1 0 0 0 0 19 
-4 1 6 2 1 1 -2 -5 
3 16 20 6 -2 -3 8 -4 
-4 -27 -15 -2 0 2 -4 0 
6 -4 -11 -8 -5 -7 -9 6 
-6 -2 0 4 -3 4 6 -9 
1 -14 -4 -1 -1 -9 -12 -6 
-6 -8 18 3 -1 4 4 9 
-12 -9 -12 -3 0 2 11 -7 
-6 -15 0 -7 -2 -3 -2 0 
6 -3 -2 3 4 3 3 -2 
-23 -4 3 1 -3 -4 -5 -4 
2 -4 2 2 -1 2 11 1 
3 6 -16 -12 -5 -1 -18 -5 
4 8 3 1 0 2 1 5 
-2 4 -31 -12 -3 -1 0 2 
5 -7 11 -3 -4 -3 -5 -4 
-2 -13 3 8 0 0 2 9 
0 -10 -6 -2 -3 -3 2 -6 
-7 -20 12 9 3 0 1 0 
-1 -3 -4 -4 -2 -7 -13 -12 
3 17 0 1 1 -2 -1 6 
-6 4 -9 0 -1 -2 2 4 
-10 11 22 4 -1 1 11 -26 
3 -7 -17 -9 -2 -5 -17 -4 
3 -4 -5 0 0 -1 3 5 
0 6 15 2 -2 0 -9 11 
1 2 -2 2 -1 1 6 -8 
-3 11 0 -8 -4 -1 -5 -2 
-1 8 4 0 -2 -2 1 -4 
5 -17 -33 -17 -5 -6 -3 4 
-1 -8 4 -1 3 1 -8 1 
2 6 5 7 2 -1 6 -2 
-1 -8 12 8 4 0 -5 2 
3 19 4 2 0 2 6 -9 
3 -6 -26 -18 -9 -9 -16 5 
-24 -9 -6 -10 -5 -1 4 -1 
-3 -6 -3 2 -1 2 2 -7 
-8 7 29 13 7 3 5 -7 
7 18 7 8 1 1 -3 8 
2 -13 -18 -4 -1 4 2 5 
0 0 -1 -7 -5 -3 -7 -17 
-18 -8 -2 -4 -4 -6 -1 1 
8 -13 4 -1 -4 -2 2 1 
-2 -5 -6 2 2 5 6 3 
-1 11 1 1 0 5 2 12 
-15 -10 7 -2 -1 -3 -11 -5 
11 -4 -7 4 3 -3 -3 5 
7 -22 23 9 1 -3 -9 -3 
8 3 -44 -23 -5 0 8 -9 
-4 5 4 -4 -4 4 9 2 
2 28 -3 -5 -5 -10 -7 -4 
14 12 10 4 1 -1 1 -6 
4 15 3 6 3 -4 -7 10 
-4 -20 -9 5 0 4 5 -17 
3 -5 6 -8 0 -2 3 3 
7 -2 -2 4 3 1 -2 -1 
-7 -2 15 -1 -2 -7 -3 0 
-1 -4 -22 -8 0 -2 4 6 
-6 -1 13 4 -2 2 -2 -8 
-2 12 19 1 -2 6 12 1 
-1 -1 -13 3 -1 -15 -17 4 
-5 -23 7 -1 -2 1 -28 -11 
11 -38 -32 -12 -2 2 4 3 
-7 16 -14 -8 -1 0 -12 -4 
-10 -4 27 8 -3 5 5 1 
10 17 19 4 -1 -5 4 0 
-1 -12 -23 -2 -1 -2 -6 -19 
-3 12 9 -6 -4 -6 -3 -4 
-12 -13 -10 1 0 2 -7 0 
1 -13 -11 -4 -5 3 16 2 
-18 -2 11 2 0 -2 2 13 
12 -5 -4 4 -1 1 6 -11 
-1 18 10 -2 -1 -3 -7 -4 
13 -2 -21 -10 -7 1 5 0 
-13 0 3 -3 0 2 4 5 
23 11 -20 -10 -2 -5 21 -4 
-32 -6 11 0 -1 -4 -39 -8 
24 13 3 8 3 0 6 3 
-8 -9 -2 0 -3 1 8 1 
-2 -1 -5 10 -4 -4 -18 3 
7 -6 -13 -16 -5 -7 10 -1 
-1 7 0 -4 -1 -1 0 13 
-9 -5 16 10 2 -1 -9 -24 
-1 8 -5 -6 -1 -1 -6 4 
7 13 34 9 -4 3 28 -7 
-13 6 4 7 2 -9 -17 -4 
3 -9 -17 -14 -3 1 0 13 
-19 -42 -28 -4 0 3 4 -3 
23 4 4 -1 -1 -5 3 16 
-33 -10 -11 -4 1 8 27 -15 
-5 -1 22 9 -2 -4 -22 4 
6 2 16 5 2 -5 -9 -2 
-6 -4 -14 2 2 4 -2 -1 
29 -27 -22 -23 -6 -3 4 7 
-18 14 10 4 -1 -7 12 2 
-15 -2 -1 -7 -4 -3 -8 -7 
-5 -8 -10 6 0 1 13 -3 
9 24 15 9 2 5 -8 6 
0 12 -21 -17 -6 -8 -1 -10 
15 3 -14 -11 -4 -8 -20 4 
-12 1 -1 1 8 10 14 -6 
-9 -5 14 5 0 0 -3 -2 
5 -24 -19 -7 -2 2 19 4 
-28 17 9 0 -8 -6 -30 -10 
22 -2 -3 -5 -5 -6 -3 3 
-5 0 2 -2 -1 -1 -2 6 
0 1 -9 1 1 1 6 -3 
9 -10 4 4 2 2 15 14 
4 -8 -5 -7 -3 -9 -14 -13 
-4 -2 8 8 0 0 -1 0 
7 6 3 -7 -1 3 -8 -8 
6 -6 -29 -10 0 -1 11 7 
-13 -1 1 3 -1 -1 -8 -1 
3 -6 -7 -18 -8 -8 -1 0 
-11 11 20 8 2 4 -6 -2 
8 -9 -27 -10 -2 3 5 -4 
1 -7 -3 -7 -1 -2 0 7 
-8 3 1 5 0 -4 -8 -12 
5 16 17 8 1 5 -2 14 
-4 7 31 17 4 1 7 -9 
-1 -8 -15 -11 -6 -2 -12 -9 
1 -17 -43 -15 -7 -3 0 16 
-3 -18 15 8 3 -1 -10 -23 
3 -4 4 13 3 9 9 15 
-11 -5 -19 -15 -4 -12 5 -9 
4 7 10 -3 0 -4 -12 1 
12 -8 -8 -2 -2 0 2 15 
0 5 23 8 4 -1 10 16 
-6 -6 8 9 -3 4 -3 -21 
-19 -12 -18 -15 -8 -10 -5 -5 
2 -1 -3 -4 -2 0 2 6 
-5 -5 1 2 1 -1 -5 -5 
1 -22 1 2 5 1 2 17 
9 22 -6 6 2 0 1 -2 
11 26 -1 -5 -1 1 -1 1 
-5 -15 -18 -16 -10 -4 -2 -1 
-4 8 -9 -17 -5 0 -1 -7 
-7 0 11 -2 -3 -5 -5 -17 
3 4 24 21 5 -1 -1 4 
7 16 -23 -7 -1 0 6 10 
-6 -14 4 -3 -5 -4 -7 -19 
8 -8 -4 2 0 3 5 21 
-5 -3 -6 -9 -3 -6 -10 -23 
1 14 25 14 6 4 -6 -5 
0 0 4 1 -1 1 0 -1 
-10 -8 -18 5 4 0 -5 -18 
-1 -8 -19 -12 -2 -2 4 13 
-11 -3 23 10 3 -2 1 3 
4 -2 -4 5 -2 -2 -3 -5 
9 5 1 -13 -3 -1 -2 15 
-11 6 -18 6 1 -1 -6 -23 
-10 -5 -3 -14 -10 -7 -7 -18 
3 7 1 6 2 -1 -1 5 
15 8 39 17 5 3 6 13 
0 -4 -18 -9 -2 3 11 1 
-7 -19 -24 -4 -3 -7 -37 -24 
5 7 6 -7 -5 0 1 12 
-26 7 3 1 -2 -9 -6 -28 
-5 -7 18 11 5 4 -2 7 
1 -14 -23 -2 6 1 8 10 
1 14 -4 -9 -10 5 6 1 
1 13 3 -10 -6 -2 -5 5 
3 -10 27 5 5 -9 -8 -7 
-14 9 -23 -7 -5 1 2 -20 
1 -11 8 14 8 1 3 20 
-2 -4 -13 -10 -1 1 7 -4 
11 14 12 -1 -5 -3 3 15 
4 10 26 19 9 -2 -6 -19 
-10 -23 -7 0 3 -3 -4 -3 
4 -5 -7 -5 -8 1 5 25 
-2 -2 -6 7 1 1 2 -5 
1 -5 -3 -7 -6 -3 -3 -7 
13 13 45 12 1 2 9 20 
-12 -8 -36 5 4 -5 -19 -40 
5 -14 -20 -23 -11 -1 -3 12 
3 17 9 -12 -10 -1 15 10 
-3 4 -3 -3 -2 3 11 1 
17 7 6 4 5 -2 -7 3 
-13 9 1 3 -2 -7 -10 -9 
5 -12 6 -4 -1 0 2 5 
3 0 0 9 3 3 6 8 
-6 10 32 12 1 -4 -3 -14 
10 10 -31 -10 -7 2 3 5 
-13 -21 1 -7 -7 -5 -2 0 
-4 7 -12 -7 -3 0 1 0 
-2 -16 -24 -9 0 8 6 1 
1 -2 15 4 0 -3 -3 7 
2 12 11 3 5 0 18 1 
2 -3 -27 -10 -2 -8 -13 -7 
-15 -14 -13 2 -3 -2 -20 -17 
-2 -14 4 1 1 -2 -5 5 
2 -3 -12 -3 -3 0 -8 -3 
-8 2 9 2 1 -3 -2 -20 
8 14 24 8 4 1 10 9 
1 31 8 1 -7 -1 2 3 
2 -24 -43 -18 -1 -3 -3 9 
7 -10 1 1 1 1 -3 2 
-12 -13 0 4 3 -5 -10 -18 
-1 -5 -2 -11 -11 -2 3 -5 
-7 7 28 11 3 3 -3 0 
0 8 -17 -7 -1 1 -11 2 
-6 -4 -2 -4 -3 -4 24 13 
-10 -11 2 10 5 1 -12 -5 
16 -12 -1 3 -1 -4 -5 -4 
-4 7 -6 -17 -11 -4 0 -19 
-8 3 16 6 -1 -4 0 9 
-11 -12 -38 -8 3 1 -1 -8 
-4 -2 15 -4 -9 -4 8 7 
2 -3 3 12 2 -6 -7 0 
16 -5 3 -16 -9 0 -6 4 
2 -7 19 5 1 -2 3 -9 
-4 -14 -43 -14 -3 -2 -8 6 
-4 10 16 9 4 6 5 6 
2 -13 -15 -3 -5 0 -7 4 
1 9 13 3 0 0 2 -4 
-6 3 -7 2 -1 0 -6 -6 
10 -15 -3 -4 -6 -5 2 9 
-6 -2 -4 1 1 -2 -3 -5 
0 8 -13 -2 -2 1 3 2 
0 8 7 -5 -2 -4 -2 -7 
-6 -10 0 1 -1 0 -4 12 
4 17 -1 1 1 6 13 -23 
-4 3 -4 -4 0 -4 -14 -8 
3 4 17 13 1 0 4 2 
-12 1 -16 -34 -12 -4 -7 -7 
-5 -9 -14 -3 -3 -3 -2 16 
1 -2 -2 -3 0 -2 -2 -12 
2 1 -4 4 4 4 10 11 
1 13 6 12 7 2 11 14 
-1 -19 -9 -19 -6 -1 -14 -35 
-21 -5 3 -2 -2 1 -3 10 
9 13 3 3 0 -3 -16 0 
1 -19 -7 8 5 -2 -7 -4 
-5 7 8 2 1 2 17 20 
4 -3 -21 -5 -4 0 2 -19 
-1 6 9 -10 -6 -7 -3 8 
-6 -1 2 2 1 -2 -6 -33 
1 -2 19 18 3 4 -2 13 
-5 -19 -50 -31 -2 -4 -3 4 
-7 -9 -2 4 -2 0 1 2 
9 -15 4 -14 -9 -2 0 -6 
-7 8 6 19 7 -3 -4 11 
5 3 7 -9 -9 0 4 3 
-9 -4 -5 -5 -1 -2 1 -13 
-3 -3 -3 11 4 1 -3 5 
-2 6 10 -1 -1 0 -7 -4 
4 1 0 7 3 -5 4 27 
-12 -22 -3 -2 -1 3 -5 -30 
2 5 -32 -8 -3 -1 -4 4 
-2 13 11 -3 -3 -4 3 1 
7 -1 14 14 0 2 0 7 
5 9 14 -11 -8 -1 2 0 
-5 0 -4 -10 -4 -1 3 -4 
8 -4 -19 -9 -5 1 3 3 
-3 -3 20 13 0 0 6 8 
-1 26 1 -9 1 -2 -30 -17 
-2 -15 -10 1 1 -3 -1 -5 
1 -1 0 -4 -1 2 0 5 
3 1 -3 8 7 0 2 -20 
3 16 14 2 -6 3 15 24 
-6 3 -8 -5 -3 -5 -7 -21 
3 -6 -2 10 4 -5 -6 -1 
7 8 6 2 2 3 3 6 
-4 -1 -17 -8 -7 -3 2 2 
3 11 17 4 1 -3 1 9 
-11 -11 -17 -8 -2 -3 -2 -5 
-1 -3 20 10 5 -2 -7 -7 
-1 -23 -11 6 3 1 7 9 
-3 -4 -2 -1 -3 -3 -6 7 
2 9 -5 -7 -3 -6 -12 -15 
-7 -13 0 -1 2 1 -1 -4 
1 11 24 5 -5 -5 2 2 
-7 -23 -25 -6 -2 8 7 6 
-3 -12 -7 -14 -4 -2 -2 -28 
-12 5 4 -8 -7 -7 -5 -9 
0 -2 11 11 6 -2 4 4 
5 21 21 7 1 -1 -1 0 
1 -3 -15 -13 -6 7 29 7 
6 -5 -7 -11 -8 -6 -50 -2 
-10 3 3 3 1 -7 3 0 
0 -8 17 13 4 0 -5 -8 
20 0 -8 0 0 -2 -6 12 
-36 -13 -16 -10 -6 2 14 -8 
45 -3 6 1 2 3 0 9 
-19 -3 -1 -4 -1 0 -4 -16 
6 1 -23 -5 -3 -3 0 15 
11 11 7 3 -1 4 10 -3 
-11 -16 -13 -4 1 -6 -10 0 
-2 13 13 5 0 3 10 -15 
-7 11 15 13 2 -2 -2 -15 
3 -8 -13 -23 -19 -9 8 11 
-11 -12 -31 -7 -4 -6 -15 -4 
7 -13 5 -1 1 1 10 -1 
-12 0 10 7 5 2 -19 1 
9 6 -13 -2 6 -2 -3 5 
-9 2 -5 -14 -5 3 7 -10 
-2 -1 4 -11 -10 -9 -8 6 
-11 -8 -22 -6 -2 -2 0 -2 
6 1 17 9 2 1 5 -2 
-1 2 11 17 7 4 4 8 
-1 4 -17 -7 -3 -2 -3 -4 
3 -8 21 -7 -5 -4 -6 -6 
-7 11 -18 -1 3 0 -2 6 
-5 -22 -13 -14 -7 -2 -3 -24 
-10 -9 -4 5 3 -3 2 15 
-2 -8 -1 -2 -2 -1 6 0 
6 -3 11 10 2 -8 -6 -6 
-1 12 13 2 7 6 5 2 
-11 -2 -52 -18 -13 -6 -3 4 
7 -7 15 4 1 2 -4 7 
-10 -18 -14 0 0 -2 -8 -28 
-5 9 4 10 3 3 4 -7 
5 36 12 -5 -5 -1 7 1 
-5 5 -32 -18 -2 -1 -10 8 
10 0 10 5 -2 -1 -6 7 
-1 13 4 7 0 -1 -5 9 
-5 -5 9 9 2 2 -9 -37 
-2 5 15 6 -3 -1 1 6 
-1 -1 -41 -21 -4 -1 6 -2 
0 -5 -3 -7 -3 -2 0 5 
8 -13 7 13 7 -1 -4 9 
5 -4 13 -6 -7 3 16 7 
-8 -6 -11 -4 -4 -11 -12 -22 
6 5 -3 0 -1 -1 -11 -3 
0 -11 -6 -9 1 3 1 10 
-6 -3 8 14 4 -2 -3 -6 
14 -4 -2 -13 -8 1 3 13 
-7 -12 -18 -12 -7 -5 -4 -8 
-4 8 27 15 5 -1 -3 0 
12 -25 -17 4 5 4 18 22 
-11 4 24 9 1 -2 -23 -32 
9 5 -7 -5 -8 -6 2 2 
-9 -20 -21 -17 -3 -1 -1 6 
-1 10 5 2 -2 -1 -3 -2 
3 4 25 15 5 4 11 23 
-6 -8 -18 -2 -4 -1 0 -19 
4 4 21 0 -3 -1 -6 -3 
-7 -4 -26 -13 -6 -7 -5 -2 
3 4 27 11 2 3 -3 -1 
-14 0 15 2 2 -1 -6 -4 
-1 -11 -18 1 4 -1 -7 9 
-3 -2 -6 -4 -5 -1 -2 -16 
1 -9 -6 -7 1 4 16 16 
-3 3 8 -2 -1 1 8 -2 
6 3 0 9 -1 -2 -8 -6 
11 -9 -4 -1 2 -1 -8 -9 
-12 0 9 6 0 0 -4 -35 
-13 -11 -9 -10 -4 -6 -16 8 
18 10 -9 -7 -2 -4 3 -4 
2 -4 -15 8 4 5 2 7 
3 0 -1 -11 -8 -3 7 15 
1 -2 -1 1 3 -1 -11 -9 
-8 4 -5 5 3 0 -1 6 
-10 8 9 -5 3 1 -8 -7 
-3 3 -13 0 -4 -4 0 0 
4 -9 -6 -2 -4 -1 12 13 
-4 -6 16 3 -1 3 2 -7 
6 5 1 5 1 -5 -13 -2 
-3 2 2 -1 1 2 4 3 
-2 -5 -16 -11 -4 2 0 -8 
-10 1 0 -8 -7 -2 -2 -14 
-9 3 15 0 2 1 -6 -7 
4 12 5 4 -1 -4 13 10 
8 11 36 25 9 -1 -5 18 
-10 -7 -33 -6 -3 2 3 -6 
-5 5 -15 -31 -15 -5 12 0 
-1 -32 -16 0 2 2 -17 9 
5 8 11 2 0 -3 14 7 
-3 12 25 18 8 -2 -29 -27 
3 14 15 7 2 0 -7 -8 
-5 -22 -48 -29 -13 -1 7 9 
-2 -4 4 -7 -2 -1 0 0 
0 -4 3 3 -4 -3 0 -4 
-3 -5 11 -4 2 -1 2 -2 
2 8 9 9 4 -4 -10 -8 
-5 -2 -10 -2 2 6 3 -2 
7 3 6 2 -1 -7 7 19 
-8 -6 10 9 2 -1 3 -5 
-3 5 -9 -13 -2 2 1 1 
-1 -7 -6 0 -3 1 2 -3 
6 1 8 -5 -6 -1 1 4 
-12 4 24 27 6 -1 -3 -6 
4 14 -24 -4 2 3 4 -9 
-6 -2 -12 -22 -9 -12 -17 1 
0 3 3 -1 -3 0 4 1 
3 3 -3 1 -1 -4 1 1 
0 4 28 16 2 1 -2 0 
-1 -7 0 6 5 6 -1 -7 
-2 -13 -19 -2 0 -3 0 4 
-4 11 9 -7 -10 -6 -7 1 
-8 -3 8 0 3 1 2 -4 
-3 -12 -34 -9 -3 0 -4 3 
-2 -6 0 -3 -1 0 5 5 
-1 -8 -3 -3 2 1 -2 5 
1 -15 -13 2 3 1 -2 -4 
-3 6 9 1 -2 -3 -3 -14 
3 7 3 -7 -2 -1 0 -4 
6 -4 -10 -4 -3 -1 -4 7 
-6 4 9 1 0 1 -1 -15 
4 -1 14 10 3 -1 0 0 
-8 -14 -22 -9 -2 -1 -1 3 
-2 -1 -14 -9 -3 -4 1 1 
1 1 3 -1 -3 -4 -4 1 
-10 -6 2 2 -2 1 0 -5 
10 7 1 1 -1 -4 0 8 
0 -2 -16 -9 -2 0 -1 -1 
0 -1 0 0 -4 -1 0 13 
-1 8 7 2 -1 -2 -1 -17 
-3 -1 2 -1 -2 1 3 4 
-5 6 6 10 1 0 -1 -3 
-7 -11 -10 -18 -9 -3 -3 -4 
3 -4 -15 -1 -1 1 15 9 
-6 -2 1 -4 -2 -7 -32 -1 
-8 2 6 7 5 1 3 -22 
2 -10 -14 0 -1 0 -1 -2 
1 19 -13 -20 -16 -1 1 3 
3 -5 0 2 3 1 5 9 
-8 -13 1 0 -3 0 3 -1 
-1 10 25 14 7 -4 -14 5 
-6 -28 -16 -2 1 -5 -9 -17 
3 -2 12 0 -2 4 13 -4 
7 -6 -7 -6 -3 2 9 10 
-4 0 -25 -4 2 -9 -18 -11 
1 -1 5 6 0 5 15 5 
3 -1 -2 -3 -2 -5 -23 6 
-3 -5 -10 -7 -5 -3 6 -7 
-2 2 21 4 2 3 -3 -1 
6 -10 0 9 6 -2 -2 5 
-3 14 1 -2 -7 1 9 -4 
-2 -5 -15 -9 -3 -3 -5 2 
-3 -16 10 0 -6 -3 5 -3 
-5 2 -3 -2 2 -4 -10 -2 
4 -2 -1 3 5 3 9 5 
-12 -29 -19 -13 -6 -5 -10 -4 
-2 1 -3 -2 -5 1 4 0 
2 -4 -7 -5 -3 -8 -15 -7 
1 0 8 -3 -3 -1 4 -1 
-1 -2 16 2 2 -1 -4 -2 
4 23 0 2 1 1 5 9 
-24 -38 -10 -10 -5 -2 -2 -6 
5 27 -13 -5 -1 -2 -3 -20 
11 20 7 -3 -3 -2 -2 2 
3 -13 5 4 -1 2 5 4 
0 21 1 0 2 5 2 0 
0 -24 -7 -4 -3 -3 0 2 
6 13 -4 9 3 3 5 3 
-2 -17 -12 -10 -4 -4 -1 7 
0 0 10 4 1 -1 -3 -6 
-11 -2 4 -2 -3 0 -1 -13 
5 10 6 3 4 4 -2 6 
-2 6 1 10 4 -1 5 -5 
2 6 -6 -24 -12 -2 -11 16 
-5 -4 3 2 2 -1 -4 -6 
3 -2 -3 4 -1 0 12 7 
-2 3 16 7 0 2 7 -1 
-6 -4 -5 -2 -2 -8 -20 -14 
8 -5 -6 -2 0 0 4 7 
-15 -7 5 1 0 -3 -7 4 
9 14 5 3 0 1 -1 -9 
10 -4 -5 -1 0 10 26 28 
-17 -6 -22 -11 -7 -11 -23 -26 
-8 -1 -9 -5 -2 -4 -5 -13 
2 -4 -3 1 2 0 2 4 
-2 0 17 -2 -2 -3 0 -3 
-1 2 -4 4 2 2 10 24 
0 -19 11 -3 -2 -2 -9 -16 
-6 -5 -3 -8 -1 -1 -4 -8 
-1 -7 -33 1 1 -3 -2 0 
-1 3 21 11 4 0 1 -3 
5 2 -18 -12 -8 -7 -14 -7 
-12 -6 6 -19 -7 -1 8 -1 
10 3 23 14 7 -1 1 3 
-13 -8 -14 2 -2 0 -1 6 
4 -1 16 8 4 4 5 17 
-2 -2 -38 -9 -7 -6 -15 -24 
-13 0 5 -1 -3 -2 3 -8 
-5 -2 2 -3 1 6 12 -2 
5 -1 -10 -6 -4 -3 0 6 
-3 13 2 2 1 -6 -12 7 
6 7 10 7 -2 -3 -4 -4 
2 -5 -9 -5 -1 0 1 -1 
-7 -2 1 0 -1 -4 -3 -9 
-1 -15 -10 -9 -7 2 5 -3 
-2 -4 -7 -4 -1 -1 2 -7 
-1 2 7 6 8 1 -10 4 
2 10 -1 -5 -8 4 14 4 
-5 -13 3 -2 -4 -11 -18 -4 
-2 18 -5 -1 0 5 0 1 
3 -6 -1 -7 -4 1 12 11 
-3 2 -3 5 5 -9 2 -2 
4 1 2 7 1 5 -17 -1 
-2 7 16 -2 -3 -3 -13 -14 
3 -22 -22 -7 -4 -4 8 -4 
-9 15 4 4 2 2 -8 7 
-1 6 9 5 2 -2 6 -3 
-3 -5 -8 -2 0 -2 3 -3 
13 11 -3 -3 -2 -2 -13 -3 
-3 -13 -5 -11 -7 3 16 7 
-1 1 0 -3 -2 0 4 -14 
-7 -2 6 10 -1 -7 -6 -3 
-8 -4 22 5 -1 0 11 6 
2 1 -9 -3 -5 -4 -15 -14 
-3 3 6 -5 -2 4 5 3 
-1 4 5 -2 -1 0 -2 5 
0 -20 -20 -4 -7 -6 1 7 
-14 16 11 5 4 -1 -3 -8 
28 1 -7 5 2 -2 -10 -1 
-2 -6 -10 -25 -13 -5 -1 -8 
-1 3 19 4 -1 0 -7 4 
-3 -10 -14 -1 1 1 -5 -8 
-6 16 20 9 2 3 5 10 
-1 0 -33 -8 4 -5 -7 3 
-4 -9 14 -2 -5 2 1 -3 
0 -18 -13 -10 -4 -3 -3 2 
4 1 22 3 0 3 10 -3 
-13 -13 3 15 3 2 -1 -8 
-4 -5 -32 -18 2 3 2 -5 
6 19 9 0 -2 -1 15 6 
-6 -6 -5 -5 -3 -3 -20 7 
1 0 29 7 0 -2 -6 -9 
-6 -8 -22 2 -1 -2 -6 -18 
3 -18 -15 -4 1 2 -2 10 
-5 -5 -8 1 -1 -1 7 0 
5 4 -2 -7 -7 -1 4 13 
-3 14 25 7 2 1 -11 -17 
6 17 -9 -6 -3 -3 -3 -4 
-8 -17 -3 -3 -3 -7 -4 5 
1 -3 3 6 2 0 -8 -4 
1 11 2 1 3 0 0 -6 
-4 -7 9 -2 -8 -1 -2 -6 
5 -8 -4 0 0 -2 3 11 
3 0 -11 2 3 7 11 3 
0 -13 -14 -8 -5 -8 -6 2 
-1 0 7 1 2 0 -8 -10 
3 7 3 1 -3 0 3 2 
-5 2 12 -3 -1 0 3 -7 
-5 -21 -27 -8 -4 -3 -3 7 
1 0 2 6 -1 1 -5 7 
-12 10 -6 -15 -5 1 6 -12 
-1 -6 -7 0 -1 -6 6 -16 
5 11 15 2 -3 -2 -4 12 
2 -2 15 4 5 1 -14 4 
4 -2 -25 -15 -6 -5 -1 5 
-1 3 3 4 -1 0 -2 3 
-5 9 5 4 1 1 5 -1 
0 10 -4 1 -2 -4 -1 -6 
1 -11 -20 -5 -2 1 1 0 
2 1 0 -4 0 0 1 14 
-1 10 9 3 3 2 1 -8 
-6 -11 -2 3 -3 -1 -5 -22 
-8 -4 -7 3 1 -2 -2 -5 
-3 -8 -5 -3 0 -1 6 6 
6 -1 7 2 -3 -3 0 21 
1 -1 -4 -3 3 3 -1 -22 
-8 0 -2 1 0 -2 -2 0 
4 -10 -3 6 -3 1 -3 1 
-2 7 5 2 2 1 -10 -3 
-4 -26 -9 -5 -1 1 15 14 
2 13 -14 -2 -3 -4 2 -10 
2 6 4 -3 -5 -15 -16 -2 
0 3 -4 -7 -2 0 -1 -8 
4 1 3 -1 -2 0 0 0 
-3 -2 18 5 4 5 13 7 
-9 5 -21 -4 -2 1 -10 -1 
-8 -1 2 2 0 -4 -15 -10 
-1 -2 9 4 -3 -4 2 -6 
1 1 -11 -4 1 1 1 7 
0 4 11 2 0 1 7 -9 
-2 -13 -3 2 0 7 16 4 
4 15 26 3 1 -4 -24 -10 
-13 -13 -15 3 0 -3 -8 -4 
13 -18 -5 -3 1 2 4 2 
4 7 2 1 1 0 5 -1 
1 3 -12 -8 -1 -1 3 4 
8 1 14 1 -2 -2 -1 2 
-3 2 2 -2 -2 0 -4 -1 
-2 2 1 5 3 2 0 -5 
-7 -3 -14 -3 -1 2 11 15 
-1 2 -2 -17 -9 -9 -19 -17 
-6 -3 -6 -1 -1 4 0 -17 
0 -2 7 2 -1 -5 -4 2 
1 1 -17 4 2 -3 -3 2 
-1 -7 8 0 1 1 5 9 
1 28 -1 -3 -1 -2 -3 8 
-6 -8 -8 -1 -6 1 6 -11 
-6 -3 2 3 -1 -4 2 4 
6 -3 -4 3 1 1 11 2 
-3 -13 9 3 2 -6 -19 -4 
-4 -8 -8 -2 -1 -2 -5 1 
0 1 -12 -6 0 1 -4 1 
