#EMG
#8
#ID:8-9
-8 -6 -42 -17 -3 -2 -3 -6 
-4 -9 27 3 -1 -2 1 -4 
-6 -3 -30 -17 -4 -2 -1 0 
-20 0 11 3 0 -3 -6 -6 
35 21 17 10 4 0 -1 9 
-40 -1 11 13 1 4 6 -8 
-9 -28 -41 -29 -7 -6 -3 -4 
2 3 18 7 0 -1 2 -4 
1 0 -10 1 1 -2 -2 -2 
-15 1 -13 -4 1 0 7 4 
9 6 24 5 -6 -2 0 -5 
-26 -5 -15 -8 -2 -1 1 -1 
1 -1 7 -1 0 0 -7 -8 
25 -3 5 6 -1 2 8 29 
-17 0 6 6 3 2 -11 -17 
20 2 -6 -10 -5 -3 0 5 
-27 -9 -15 -5 -3 2 7 -10 
16 7 2 0 0 -5 -13 2 
10 9 54 19 4 0 5 11 
-3 -5 -54 -15 -3 -1 -3 -5 
-3 14 -1 -1 -4 -1 2 -6 
16 -9 -18 -19 -6 -4 -11 3 
-10 4 14 10 2 0 4 -1 
14 1 15 7 5 3 2 -1 
0 -3 6 2 1 0 5 -1 
20 6 -7 -2 -2 -1 -5 -3 
1 4 2 8 2 1 10 6 
-9 3 14 3 1 0 2 -10 
26 -33 -46 -24 -8 -7 -4 21 
-20 -6 4 1 2 -1 -3 -12 
7 5 -8 3 0 4 1 3 
-5 -2 10 -1 -3 -3 -4 3 
-8 -9 0 -3 -4 -2 -4 1 
-5 -4 -1 -9 -1 0 -1 -24 
9 -4 -10 0 4 0 6 7 
16 7 17 6 1 4 10 6 
-48 11 18 11 3 -1 -6 -3 
-24 2 -4 1 -3 -4 -6 -11 
-2 12 5 2 -2 0 -2 -8 
1 -6 -14 -9 -5 -3 -3 0 
9 -3 -14 -13 0 -1 0 5 
-3 -3 6 4 -1 1 6 5 
-7 2 9 -2 0 2 -1 -1 
5 3 28 14 3 -2 0 -2 
-11 5 -12 6 1 -3 -5 -13 
4 -19 -38 -18 -6 -5 -6 7 
-4 -7 5 3 -2 -3 -1 -7 
2 1 -16 -12 -2 0 -7 2 
5 2 35 16 3 5 3 -5 
6 8 14 8 2 2 1 -4 
30 0 -13 0 0 0 2 4 
-37 -13 7 -1 -3 -8 -24 -14 
-5 -1 -23 -20 -9 -5 -3 -9 
10 2 -9 1 -1 2 3 5 
-3 -2 -1 -4 -2 -1 5 -4 
11 7 17 16 4 2 1 14 
-13 -11 -7 -7 1 0 -1 -17 
1 5 4 -3 -2 -2 -4 2 
-3 4 9 5 0 1 -6 -6 
10 -10 -40 -13 -4 -3 10 10 
-4 0 1 0 -1 -2 -2 9 
5 -3 11 2 0 -1 1 -2 
-11 12 10 1 -3 -4 0 -1 
-3 6 -21 -12 -5 0 2 -2 
6 -6 11 6 -3 -4 -1 1 
8 8 12 11 2 2 0 -6 
-7 -18 -13 -8 -3 -3 -5 8 
-3 -7 -5 -9 -5 -4 -6 -7 
5 11 10 4 2 1 0 1 
6 -7 -27 -3 -1 -1 -2 3 
-18 0 10 2 -2 -2 -2 3 
12 -6 -4 3 0 -4 -3 -9 
-7 -4 9 -3 -3 -4 -4 -2 
4 -6 -6 2 -2 1 3 2 
-15 -5 -10 -5 -1 2 2 -8 
2 -2 -5 -4 -1 0 0 7 
2 5 7 4 0 1 9 4 
4 2 0 -3 -1 -1 -9 2 
-10 -4 -19 -12 -4 -1 5 1 
22 15 22 8 -2 1 3 -3 
11 7 25 17 2 3 4 4 
-22 -8 -60 -35 -7 -7 -9 -1 
11 -8 -24 -10 -5 -7 -8 6 
-51 0 5 -1 1 2 2 -18 
8 -2 2 2 0 1 -1 2 
3 6 4 10 0 -2 0 -2 
-4 -8 9 -5 -3 -1 -4 -10 
5 -1 -5 0 -1 -1 -3 8 
14 5 -4 -5 -3 2 -1 -6 
-2 9 21 5 1 1 1 -6 
-23 -3 -4 -2 -3 -1 -1 -14 
3 -5 -4 -3 -3 -6 -22 15 
7 1 11 11 4 -1 6 -5 
-1 5 41 9 -1 -1 -3 12 
0 -14 -56 -28 -7 -3 -6 -9 
-4 0 19 3 0 3 9 1 
-17 -17 -23 -9 -5 -6 -8 -6 
0 4 3 5 4 2 11 20 
6 5 11 12 3 -1 -7 -25 
-22 -9 11 -6 -3 -2 -2 -4 
18 -10 -13 -5 -4 -4 -9 1 
-1 -16 4 6 -2 -1 8 -4 
-3 12 8 6 2 3 0 4 
21 -4 -4 2 -2 -2 1 5 
-28 -18 -46 -26 -2 -3 -3 -12 
3 -11 1 4 2 1 0 7 
4 10 6 1 -3 -4 0 6 
4 -5 -25 -7 -3 -5 -3 -14 
0 12 1 0 -1 1 3 -1 
-30 -39 -15 -2 2 -1 -3 -12 
25 -9 2 -7 -1 0 0 12 
-54 10 4 4 0 -3 11 -9 
9 10 26 11 4 2 -2 5 
-11 0 -45 -27 -12 -5 -2 -10 
6 6 45 19 1 -1 -2 10 
-1 -16 -50 -24 -3 0 0 -1 
3 6 12 -3 -1 -2 -5 -4 
22 6 23 11 3 0 -1 5 
-7 11 -6 9 -1 1 1 -5 
-1 -11 28 9 -1 -2 -8 -5 
1 8 -25 2 2 0 0 2 
8 20 4 -20 -10 -6 -4 3 
-9 2 -4 -1 2 1 -1 -3 
26 4 21 12 2 -1 -2 7 
-18 6 2 7 5 4 -4 -12 
-5 -13 -6 -4 -4 -3 -3 4 
7 -15 -45 -13 -8 -6 -5 -13 
-6 -2 -15 -13 -4 -2 -1 1 
18 4 21 3 -1 -3 2 0 
-28 12 26 27 7 2 1 -8 
-8 0 12 -8 -1 0 1 15 
16 -5 -11 -8 -6 -2 -2 -10 
-4 -2 -22 -6 -7 -3 -5 4 
20 20 25 11 5 5 6 11 
-4 -37 -32 -2 0 -3 -5 -2 
10 21 2 3 1 1 1 4 
-20 -10 -7 -10 -6 -4 -8 -2 
3 -3 22 2 -3 -3 -2 -6 
1 18 13 3 3 4 8 9 
17 0 -23 2 1 2 5 35 
-7 -15 10 -9 -10 -9 -22 -54 
0 2 -14 -1 0 -6 -2 14 
-20 4 31 8 2 -2 -5 -26 
0 -2 6 1 3 3 3 15 
6 8 -4 -1 0 5 13 24 
-16 -6 -14 -11 -4 -3 -4 -18 
3 -17 2 -4 -3 -4 -3 -6 
3 2 23 11 -1 -2 -4 -27 
-1 -2 6 7 1 0 1 10 
14 -3 -39 -24 -6 -5 -3 -15 
-6 -5 -10 -7 -6 -3 5 6 
16 -5 8 6 -1 -4 -5 15 
-17 -8 -16 -5 1 -1 -4 -12 
9 4 8 7 1 2 -4 -4 
4 7 32 4 -1 2 2 4 
-4 -10 -74 -19 -6 -2 -4 -8 
-1 0 9 5 0 1 10 10 
-7 3 29 16 5 1 -2 2 
-2 -18 -47 -21 -8 -5 -1 9 
-17 -7 -11 2 8 5 -1 -19 
9 -5 8 -1 -6 -3 -2 27 
-5 -10 -26 -15 -4 -1 -4 -28 
11 14 22 11 2 -1 -5 14 
-12 2 17 1 1 -2 -4 0 
-1 5 -6 9 4 -1 -3 -30 
1 -11 9 0 -3 0 13 12 
8 9 -6 -9 -4 -3 -10 4 
-10 -4 7 2 -1 -1 1 10 
8 13 20 1 -1 -3 -2 -1 
-1 -5 -46 -7 -1 0 -3 -3 
-2 -3 -12 -5 -3 -4 -2 -17 
7 6 17 3 -3 2 5 -5 
-13 -12 -31 -18 -2 0 -5 6 
23 3 31 5 0 -2 -10 -5 
-2 3 1 6 -1 -1 4 14 
1 -2 4 -4 1 2 5 -13 
0 -12 7 6 -2 -4 -13 6 
-17 -12 -15 -11 -6 -4 -15 -14 
-12 -2 15 8 4 -2 -6 4 
15 12 21 6 0 -2 8 -7 
-9 -18 -50 -13 -4 0 3 6 
-4 -6 -13 -10 -3 4 17 34 
9 9 33 14 4 -7 -14 -70 
-26 -8 -42 -20 -4 -1 -3 7 
1 1 20 -3 -7 5 21 4 
10 -3 -6 5 0 -9 -24 8 
2 11 -6 -6 -2 1 8 12 
-16 3 27 11 4 0 -2 4 
14 3 -18 0 3 0 -6 -11 
15 5 11 3 0 6 14 14 
-2 2 25 10 2 3 24 6 
4 10 1 -3 -1 1 -10 -8 
-19 -2 11 6 0 2 -5 11 
-1 -4 -14 -11 -6 -8 -11 -20 
2 -14 -17 -9 -3 0 5 15 
18 6 18 8 -3 -4 1 -7 
-29 -24 9 7 3 0 -3 -11 
-23 -4 -22 -14 -3 6 25 -2 
-18 0 -4 -3 -2 -12 -47 -5 
-2 -5 16 8 2 2 -1 5 
26 9 5 -7 -4 -5 -1 -3 
-7 -5 -10 0 0 1 0 -3 
-5 12 -5 0 3 8 11 3 
-11 2 6 -3 -2 -3 3 14 
4 18 36 17 3 0 -5 4 
-10 -4 12 1 -2 -2 -1 -4 
-11 -16 -43 -20 -5 3 5 -2 
5 -1 9 4 -1 -4 -9 0 
15 12 19 1 7 4 3 -5 
0 9 21 3 1 0 -5 6 
-1 -13 -1 9 3 2 0 2 
-3 -8 -30 -12 -3 -2 0 -7 
6 1 -10 -7 -8 0 0 0 
-5 0 3 -2 -6 -4 12 -3 
14 0 18 1 1 -7 -17 15 
6 -10 -19 -9 -3 -1 2 -8 
2 10 24 15 7 3 1 11 
-16 9 -11 -6 7 3 4 -15 
-2 -14 -42 -29 -13 -1 15 -2 
-8 14 4 -4 -3 -13 -24 -11 
5 -5 25 9 1 0 5 4 
10 -4 -6 7 0 -3 -8 4 
-22 -7 -10 2 0 2 6 -7 
8 -7 10 -4 -3 0 0 1 
-25 -5 -8 -6 -1 -4 -2 -7 
8 3 22 6 0 -2 -8 5 
20 -2 -28 -14 -5 1 1 9 
-4 -7 -21 -6 -3 -2 10 -3 
-10 -8 13 6 -4 0 -4 -9 
6 3 20 12 1 -8 -20 8 
-1 -9 -11 -5 -3 -1 0 -15 
4 17 -9 -4 0 2 6 15 
19 3 -19 -2 -2 -5 -1 7 
-24 -13 2 -5 -4 1 -3 -22 
-6 9 24 -2 -4 1 1 -8 
-6 -6 29 16 5 3 -5 -4 
15 -3 -38 -15 -4 -3 -1 11 
-12 -11 3 -13 -8 -3 -1 -21 
9 9 9 6 3 5 16 -6 
-10 -7 2 -1 -6 -10 -27 4 
-20 6 19 5 1 -2 1 3 
32 22 -17 -1 0 0 -2 24 
-14 -2 2 6 -1 -3 -4 -5 
10 -5 -9 -8 -2 7 9 -11 
-2 -8 -35 -17 -6 -4 -19 -10 
-34 1 14 3 1 5 12 -9 
27 7 14 13 0 -14 -17 9 
-1 -4 26 9 0 -4 -17 -1 
-27 -7 -31 -15 -1 2 17 -10 
8 -6 -3 -1 0 5 -8 13 
-4 17 14 8 1 -3 -15 7 
-5 -2 -27 -8 -3 -1 11 -11 
33 -4 5 -1 -2 -4 -5 9 
-5 5 13 12 5 3 5 -2 
-5 -7 -43 -7 1 1 4 3 
-5 -8 -9 -15 -7 -5 -5 -9 
-20 -2 -4 -15 -5 0 3 -7 
16 1 -3 6 0 -2 4 3 
0 -3 16 0 -1 -3 -5 2 
1 4 -1 7 2 1 9 -7 
-20 -20 -4 -1 -3 -3 4 4 
-4 5 7 1 -2 -1 7 -10 
-6 -3 9 2 0 -2 -33 3 
3 -8 -19 -4 -2 2 11 18 
-3 4 14 6 3 -5 -13 -32 
8 -9 -3 1 -3 -4 -3 5 
11 26 29 13 3 5 14 6 
-35 -13 -55 -35 -7 -3 -4 4 
2 -4 4 -2 -5 -3 6 0 
2 -8 -9 -2 0 -1 -5 -3 
-8 -5 13 2 1 4 -1 -12 
5 2 24 22 2 -8 -14 0 
-10 6 -1 -13 -4 0 3 -9 
13 2 -10 -6 -3 -6 -10 11 
-7 -17 7 0 0 2 12 8 
13 3 4 6 3 0 0 -3 
-11 -11 -9 -7 -2 -1 -8 -2 
2 -7 -14 -2 -3 -2 4 -6 
-2 -1 9 -2 0 -3 -10 -3 
13 -3 -32 -13 -5 -3 0 -3 
-6 6 18 14 1 -2 -4 -1 
2 0 1 -3 -2 -5 1 11 
-23 -14 -52 -23 -5 -3 2 -36 
-11 4 27 12 6 5 2 -4 
-1 -10 -14 0 -1 1 1 4 
-4 5 10 -3 -2 -2 -4 -6 
6 -5 -1 -8 -2 -2 -4 4 
8 -1 -7 -1 -3 -3 7 3 
24 0 -5 -6 -2 -2 -5 13 
-13 -12 12 6 3 2 8 -11 
1 -1 1 1 -2 -2 -9 12 
0 17 -2 -8 -3 -4 -13 -9 
14 4 0 -1 0 2 5 3 
9 3 -12 -1 -1 -2 -1 -5 
1 -2 32 11 -1 3 11 3 
-3 -8 -33 -10 -2 0 5 4 
-9 -12 -2 -7 -6 -5 -17 -7 
11 16 5 -4 0 1 9 1 
5 11 13 8 3 1 -10 0 
2 7 24 15 1 0 -9 1 
-5 -1 -10 -3 0 -2 5 -6 
14 -9 -19 -4 0 -1 -4 6 
-23 -1 -21 -14 -5 -4 5 4 
-4 4 26 2 3 1 1 -3 
3 -7 -4 13 3 1 -2 1 
-10 4 10 -4 -5 -4 -14 -11 
3 -15 -20 -10 -5 -3 13 9 
-13 -13 -5 -1 -2 -1 -2 -7 
3 1 7 1 0 -1 3 14 
-17 -13 1 3 1 2 -2 -1 
7 0 -1 6 -1 -2 -1 -3 
-3 -5 7 -7 -4 0 0 1 
-4 2 -3 -3 1 2 29 3 
-16 -7 -13 -11 0 0 -42 -10 
6 5 -12 0 -2 -2 6 -5 
17 4 33 0 -7 -7 -7 0 
-4 2 -6 5 0 0 -2 -6 
-10 -2 -6 -3 -1 -2 11 -2 
-13 -7 21 6 0 1 1 4 
7 -11 -35 -9 0 4 6 -19 
-1 1 6 -3 -2 -9 -15 -3 
-12 9 -3 3 0 -1 2 5 
11 6 -3 -10 -4 1 1 -5 
-16 4 17 5 0 -1 -2 -1 
5 -3 -7 3 -1 1 0 4 
17 8 31 5 3 0 3 -1 
12 -18 -73 -19 -6 -3 0 17 
-15 -4 0 -8 -5 -3 2 -23 
1 9 -2 1 0 0 -7 2 
5 -3 19 6 -1 -3 -3 0 
12 9 12 0 -1 -2 6 1 
-14 -3 -2 2 0 1 1 12 
12 0 0 -2 0 2 -15 -2 
-39 9 6 10 4 8 43 -10 
5 -8 15 -1 -1 -15 -47 4 
-17 -18 -38 -5 -9 -4 3 2 
0 2 -25 -15 -2 -2 -1 -11 
1 -6 -14 -14 -5 1 -2 4 
-3 12 27 11 4 5 10 -7 
3 6 26 14 4 0 -1 6 
3 -9 14 5 -1 -1 -4 5 
-9 -3 -15 -4 -2 -5 -3 -6 
0 -6 8 7 2 3 13 -12 
-8 1 0 3 0 -9 -21 15 
-12 -4 -15 -15 -6 -3 4 -5 
9 -4 -18 -12 0 -3 -9 -1 
-1 2 9 0 0 -1 3 -3 
11 -1 -2 -2 1 3 7 3 
0 -10 9 7 6 5 -1 -2 
-5 -12 -8 2 -2 -5 -10 0 
2 -1 -6 -5 -2 0 1 1 
3 0 1 0 1 4 1 -4 
-5 1 9 0 -2 2 19 -5 
20 3 6 10 -1 -7 -15 1 
12 0 6 -4 -4 3 -4 -4 
-4 -1 -42 -13 -6 0 9 0 
-10 -3 -4 -7 -4 -6 -20 -1 
-2 -2 -4 -6 -3 -1 2 5 
-4 3 19 11 1 -2 13 -8 
7 8 19 9 4 4 0 5 
8 6 9 4 -3 -2 -1 -1 
-4 -10 -6 -8 -5 0 -3 -6 
-33 1 -22 -2 -1 -5 -5 4 
2 -10 21 0 -1 -1 -2 -12 
-1 2 -28 -4 1 -1 0 9 
0 1 11 0 -4 0 8 0 
-10 -10 -15 -13 -7 -1 2 0 
10 6 16 7 2 -3 -5 1 
3 -9 3 4 3 -2 -12 -4 
-21 -9 4 -2 -1 -2 -2 -2 
13 -5 -53 -12 -4 -4 -8 -7 
-9 -8 10 -2 -1 -1 5 1 
4 1 10 5 1 1 -4 -4 
14 1 -12 -2 -1 0 3 7 
28 5 21 6 1 3 1 2 
1 1 -14 -7 -1 -2 -2 1 
-6 2 0 -4 -5 -5 -2 -1 
0 -2 -10 -3 -2 -1 4 -6 
-8 -1 -4 -2 0 2 -4 3 
-4 -2 -6 -4 -2 -1 7 4 
25 4 25 9 1 4 -14 4 
2 4 -4 12 0 -1 -5 4 
-23 -18 -24 -31 -6 -9 -14 -15 
14 20 15 2 -1 0 2 0 
-13 -7 -16 -4 -2 0 1 1 
6 -3 4 2 0 2 11 0 
0 4 27 18 1 3 1 -1 
10 -1 3 -1 1 0 -5 7 
10 4 -7 -9 -5 -2 4 6 
0 -4 -5 -7 -2 -6 -8 -3 
1 9 -2 4 3 2 1 3 
-7 0 3 1 -1 1 5 -5 
-1 3 16 10 3 0 -3 0 
0 -8 -33 -18 -3 0 -16 -10 
7 -9 -3 -8 -3 -2 9 4 
6 0 -1 4 -2 -5 -17 -5 
-11 -2 -5 0 -2 -1 8 2 
-14 0 27 14 3 1 -7 -3 
-11 -15 -28 -12 0 -3 10 -12 
2 2 -17 -8 -3 1 0 -3 
-12 -8 5 -5 -2 0 4 -9 
10 -7 -3 -3 -3 -4 -6 5 
-7 7 16 12 1 2 -2 4 
-13 -1 -3 0 -1 -2 -3 -3 
-2 -8 -14 -12 -4 -1 13 -5 
-13 5 12 -2 -1 -2 -19 -4 
11 -3 -11 3 -2 -2 -1 7 
3 4 10 -1 1 -2 -3 -5 
-3 0 1 -2 -3 1 14 5 
13 -1 -34 -10 -4 -6 -1 1 
-7 5 13 0 -2 -2 -15 -2 
-12 -5 1 2 1 1 1 -1 
9 6 16 10 3 1 3 -3 
-7 -9 -11 -2 0 0 8 0 
-1 1 7 0 -3 -2 -4 1 
10 -15 -13 -7 0 0 3 -5 
-10 -11 -33 -11 -5 -6 -8 0 
-1 7 17 7 0 1 4 -5 
3 6 1 0 1 0 3 2 
2 -1 10 1 -2 -2 2 1 
4 -2 3 3 0 -2 -10 -2 
-7 -3 -2 -4 0 1 -4 -1 
10 0 7 8 0 -1 15 -1 
-4 1 -17 -8 -3 -4 -14 2 
-13 6 2 -1 0 1 -3 -12 
7 -1 -11 -1 -3 -4 -2 6 
-6 -2 16 3 0 1 -5 -5 
-16 -3 -17 -1 -1 -1 -1 -1 
16 4 -6 -7 -1 -2 -2 1 
-7 -5 14 2 -2 1 5 1 
-4 -6 3 6 1 1 -1 -6 
-11 -4 -8 -8 -3 -4 -1 7 
9 10 16 5 -1 -3 -8 -4 
-2 -2 2 -3 -1 -1 5 0 
-4 -7 -24 -13 -2 -4 -5 6 
-4 -4 -4 2 0 5 12 1 
18 1 10 1 0 -1 0 0 
6 -14 9 7 0 0 -17 -7 
-10 -1 -15 -6 -4 -2 5 -4 
-6 -5 -13 -7 -4 -3 -10 -5 
-8 -3 -2 -2 -1 -1 2 4 
-1 4 16 1 1 0 2 -5 
9 7 -10 3 1 2 -1 3 
-23 -5 12 1 -1 -3 -2 -5 
-15 -9 -28 -5 -2 -1 -8 -5 
-12 -3 -11 -4 0 -1 14 -4 
-1 4 25 7 -2 0 -4 5 
9 5 -8 -10 2 1 8 1 
-17 -1 9 2 -3 -3 -6 -6 
-5 4 -18 -4 0 1 10 11 
22 1 9 1 -1 -3 -3 4 
0 1 21 13 -1 -2 -3 -2 
10 5 7 2 2 2 2 3 
-12 1 -53 -25 -6 -5 -5 -5 
1 14 17 3 3 1 -2 -9 
-1 -4 -8 -8 -5 -5 -1 -1 
5 -2 8 0 -1 -3 -3 7 
10 8 19 14 2 2 0 0 
-12 -10 -3 -10 -2 -3 -5 -3 
5 2 -19 -5 -3 1 3 -3 
-6 -5 -3 -1 0 2 11 -2 
4 -1 6 1 -4 -8 -19 -9 
-16 -4 5 1 -1 -1 -1 -3 
10 -1 10 5 0 -1 0 2 
-3 -6 -18 -6 -2 0 0 3 
2 5 19 2 1 -2 2 0 
-3 -9 -24 -5 0 1 0 -7 
-7 -2 -6 -4 -1 -1 -3 -2 
-2 0 1 -4 -4 -6 -14 -1 
-15 2 0 -3 -1 1 4 -7 
17 -1 9 -1 -2 -1 -1 7 
7 3 -3 8 1 -1 -3 -2 
-5 1 3 -3 -1 -1 2 -2 
5 -4 6 -2 -1 1 3 3 
-17 -6 2 3 0 -2 5 -7 
0 0 -2 -4 0 2 -17 -5 
2 4 5 4 -1 -1 -5 -1 
16 -6 -6 -3 -4 -1 9 13 
-38 -4 -6 -4 0 -5 -8 -11 
3 -4 8 7 -1 -1 3 -1 
-6 4 -5 -4 -1 -1 5 -6 
5 -4 -1 -4 -1 1 -10 -1 
6 1 7 5 -2 1 6 4 
-2 -1 -19 -9 -3 0 4 -7 
-8 -5 -11 -8 -2 -2 -26 -2 
7 1 5 3 -1 -4 2 2 
4 2 8 6 1 1 -4 2 
1 -9 -6 -3 0 0 5 0 
1 -7 -17 -8 -4 5 24 1 
-9 6 -16 -7 -4 -9 -33 -7 
0 5 6 -2 -1 1 3 1 
4 5 12 6 -1 -1 -9 3 
1 -5 11 8 2 2 -4 -3 
-18 -10 -8 -1 -3 2 9 -8 
4 -4 -14 -8 -3 -3 -2 -2 
2 -2 7 0 -3 0 8 3 
16 0 1 -1 -2 -4 7 5 
1 2 5 4 3 2 -2 -3 
-3 -2 -14 -2 -1 -1 -2 0 
-8 -6 -9 -7 -2 -2 0 -8 
-4 5 8 5 1 -1 -1 9 
-1 -8 -6 -2 -2 1 5 3 
-18 -2 -15 -4 -3 -4 -5 -8 
0 2 17 2 -1 -2 0 -3 
-20 -5 -16 -5 -5 -2 2 -16 
34 5 13 3 -3 -5 2 25 
4 -9 -39 -17 -6 1 0 -3 
-6 3 2 -2 0 -6 -10 0 
-5 -1 7 5 0 -3 -5 -7 
-4 1 6 2 -2 1 4 -5 
2 -1 13 4 -1 1 4 0 
10 -2 -11 -8 -2 -3 -3 6 
-5 -3 5 0 -1 -4 -6 -5 
-10 -3 -10 -1 1 3 4 0 
20 3 5 2 -1 -4 -10 3 
-1 1 -5 0 0 1 8 -3 
-19 -5 3 1 1 0 -1 -1 
10 1 11 -1 -2 -1 0 -7 
-1 16 23 9 0 1 0 5 
-4 -10 -38 -15 -4 -1 -1 -5 
10 -1 -11 -10 -2 -2 0 1 
-1 -9 -4 0 0 -1 -4 -3 
6 -1 31 8 3 1 -1 -1 
0 -7 -5 9 1 2 -1 -2 
-1 5 -18 -5 0 0 -2 0 
-6 3 9 -3 0 -1 2 -4 
-11 -10 -12 -5 -1 -4 -3 -2 
22 0 12 7 2 1 -4 -1 
-24 -9 -2 -5 -4 -3 -1 -4 
-33 -3 -12 -6 -2 -2 0 -5 
0 2 2 0 0 0 -3 -4 
2 1 2 1 -1 3 7 2 
16 1 -3 1 -1 -4 -11 7 
-1 9 24 5 0 1 3 -9 
5 -11 -38 -13 -5 -3 -2 2 
-43 -5 9 0 -2 -3 -2 -9 
40 3 19 6 -1 -1 -3 9 
-8 -1 -25 -17 -3 -2 1 -1 
-6 -2 10 2 0 0 0 -4 
10 1 0 -1 1 1 3 3 
-5 5 15 8 0 0 -5 1 
5 -5 10 5 2 3 10 -11 
-2 -6 -9 -6 -2 -10 -11 25 
-8 4 10 1 -2 -5 -5 -4 
-6 -12 -20 -8 -3 1 1 -6 
-1 4 -9 -2 -3 -2 2 0 
0 6 1 0 -3 0 -2 -7 
-6 -6 13 10 1 1 4 2 
-6 2 12 4 1 -3 1 1 
-1 -11 -36 -13 -5 -3 -6 -1 
1 -5 8 2 -1 1 5 -5 
-1 -6 -2 -2 -3 -5 -8 2 
2 5 12 5 2 2 3 -7 
0 -6 -26 -10 -1 -3 -8 2 
10 2 -2 -7 -3 -1 -1 -4 
-30 -12 1 -5 -3 -1 -1 -8 
-9 3 1 2 1 0 -3 -3 
18 6 20 10 0 -4 3 8 
3 -3 -7 -1 0 -2 -7 -10 
12 7 0 -2 -3 0 -5 2 
-1 -6 -19 -7 -1 2 17 0 
-12 -1 15 5 1 -4 -22 -5 
16 11 -2 -4 -1 1 15 4 
-29 -10 -9 -5 -3 -3 -20 -4 
-7 6 -8 -7 -2 2 3 -4 
4 -1 6 1 -3 -2 -9 6 
-6 -7 -10 0 -3 -1 8 -4 
5 6 5 3 0 -2 0 -2 
1 3 5 -4 -2 0 -1 5 
-11 -11 -31 -13 -3 0 4 -8 
-1 -3 12 5 1 0 -2 -2 
12 10 1 -1 0 1 2 5 
-7 -14 -19 -4 -4 -3 -1 -7 
7 -7 21 6 1 0 1 0 
4 -2 -14 -4 -3 -5 -4 -1 
12 2 3 0 2 -1 1 0 
2 -2 17 7 0 -1 -1 4 
-6 -3 -24 -13 -3 -6 -14 -4 
-12 -2 -11 -10 -2 -2 3 -9 
33 3 6 -1 -1 -1 -3 12 
-3 1 -4 0 0 1 1 1 
-22 -2 -4 2 -3 -1 8 -17 
-1 -1 1 1 -1 0 -9 0 
5 7 22 8 4 2 7 -5 
-8 -9 -31 -17 -3 -4 -9 -9 
8 -4 -18 -2 -1 -1 -1 4 
-18 1 13 2 3 0 -2 -3 
-1 1 -1 0 -4 -2 13 4 
16 10 25 8 1 -2 -7 4 
20 -4 19 7 2 2 5 2 
-20 -13 -21 -9 -5 -2 -6 -4 
-8 6 -2 -1 1 1 7 2 
-4 -3 8 4 -3 -4 -6 -4 
3 0 -27 -9 -2 -2 -2 2 
0 1 16 5 1 0 3 -3 
-2 -3 0 -2 -4 -3 -10 -6 
0 2 17 10 1 3 15 5 
-8 -7 -43 -22 -4 -9 -13 -5 
