#EMG
#1
#ID:1-1
-7 5 -12 -12 1 4 -1 -6 
0 -1 3 4 0 -1 -2 0 
-1 2 -4 -2 -3 -3 -2 0 
0 -4 3 4 4 1 0 1 
1 5 -4 -6 -3 -4 -2 -3 
-1 2 6 19 0 -1 -1 -2 
-1 -2 -7 -12 -2 -1 0 0 
-1 -8 -8 -8 -2 1 -1 0 
-1 -2 -4 -11 1 1 2 0 
0 1 4 7 -4 -4 -3 -2 
-2 0 -7 -1 1 0 -1 -3 
-5 5 -11 -4 -3 -1 -3 -3 
3 -35 17 17 0 -1 -2 3 
-2 16 -16 -30 -2 0 -2 -8 
0 7 6 3 0 -1 0 1 
-2 -6 -6 5 0 0 0 -4 
1 1 -5 -1 2 -3 -1 4 
-8 -7 1 4 -1 0 0 -11 
1 -6 -2 -5 -1 2 -1 2 
0 -1 2 1 -2 -1 0 -2 
2 12 4 -5 -5 -5 -3 0 
0 -9 -16 2 1 -5 -2 4 
-8 -7 -11 -4 -2 2 0 -1 
-2 -8 4 4 -2 -4 -1 1 
-2 13 0 -6 -4 1 -3 -5 
-4 -4 3 11 3 2 -1 2 
-2 -2 0 -1 0 -4 -3 -4 
2 -2 10 2 2 2 1 -1 
-5 -2 -12 -11 -5 -4 -1 -1 
-1 3 -3 -5 -1 -1 -1 -3 
4 4 4 3 1 0 0 3 
1 -2 6 -6 0 2 0 0 
-7 5 -4 8 -5 -2 -2 -5 
2 3 -6 -1 -2 -4 -2 0 
0 22 -5 -3 -4 -3 0 3 
-3 4 3 -2 -2 -5 -6 -8 
1 1 -21 -18 -1 -1 -1 2 
0 -11 2 -4 -1 0 1 1 
-4 -6 -6 3 -3 0 0 -2 
-3 -11 -1 1 0 -1 -2 0 
3 10 1 0 0 0 0 0 
0 3 6 -3 -3 -3 -4 0 
-2 -6 4 -8 0 0 1 -3 
-1 5 4 21 3 -1 0 0 
0 -6 0 -14 -3 -2 -1 1 
2 -18 -2 4 3 -2 -2 -1 
4 16 6 2 0 2 -1 3 
-12 -2 -2 0 -2 -5 -3 -7 
3 -7 -9 6 4 -3 -3 1 
-3 2 -6 -16 -8 0 -1 -3 
-4 -13 -2 -8 -3 -2 0 -3 
1 1 7 18 3 -2 1 3 
0 9 2 -5 2 4 1 -1 
0 2 8 1 -5 -1 1 2 
-1 -7 -3 2 1 1 -3 -1 
0 -4 -2 -22 -1 -1 0 2 
-2 13 9 3 -2 0 1 -6 
4 -16 -7 4 0 0 -1 2 
-3 -2 2 13 0 0 1 -4 
3 5 5 -8 -1 1 1 3 
-3 -12 -5 -4 0 -4 -1 -1 
4 11 9 -2 4 1 -3 2 
-1 -7 -2 6 -7 -1 -1 4 
-3 -5 -6 9 -2 -1 0 -2 
2 14 2 -9 -1 -1 -1 0 
-7 -2 -6 8 -1 -3 0 -2 
0 -8 5 -7 0 -2 -2 -1 
-2 0 -7 -7 -1 -1 -2 -1 
0 -4 0 5 -4 -1 0 0 
2 -5 -4 -6 -1 -4 -2 1 
-5 7 1 1 -3 -3 -3 -5 
-2 -5 1 -6 -3 0 -1 -2 
2 13 -9 4 -2 -2 -3 -1 
-7 -13 -3 -6 -2 -1 -1 -6 
1 0 -4 -4 2 -1 -2 0 
0 3 5 8 -5 -4 -2 -4 
0 13 0 -13 2 -1 -1 2 
1 -9 7 0 -5 3 0 0 
-3 1 0 -1 -2 -1 -1 -2 
4 -7 -6 5 4 0 1 3 
-3 6 7 2 -1 0 -1 -4 
-1 7 3 9 3 -1 0 -1 
2 10 22 2 -2 -1 -1 -4 
1 -8 -3 -4 -1 -1 -2 2 
0 -8 -5 1 -2 -1 -2 -1 
0 6 2 -4 0 -2 -3 0 
1 -4 -13 -3 -3 -5 -2 1 
-2 1 0 -1 1 1 1 -3 
0 -6 -8 -10 -4 -1 -2 -4 
-3 -3 -1 9 -2 -3 -2 0 
-1 -18 -18 -26 -2 -1 -1 0 
0 0 -1 -1 1 -1 -1 1 
-4 -6 -2 7 -3 -1 -1 -3 
-2 7 9 12 0 -2 0 -1 
-4 -11 -11 -11 0 0 -2 -4 
-2 8 2 -6 -3 -2 -2 -4 
-1 8 -10 -5 -3 -4 -4 0 
-3 -22 -2 0 1 -1 1 -1 
-7 -15 -20 0 -1 -2 -3 -1 
-3 -1 -9 -11 -5 -1 -1 -2 
1 2 20 11 -4 -3 0 1 
3 12 -8 -26 0 -2 -3 1 
2 -1 4 26 0 -3 -2 1 
-3 -7 -13 -17 -1 -2 -3 -3 
-3 -11 -7 5 -2 0 -1 0 
3 11 19 6 1 5 2 4 
-5 4 0 -20 0 -2 -3 -10 
-3 -5 -4 3 -1 -1 1 1 
2 2 6 5 2 0 -1 1 
-10 -4 -12 0 0 0 -2 -9 
2 4 13 7 0 2 1 3 
-1 -1 -16 -2 -1 -2 -3 0 
-2 -13 3 -14 -2 -3 -2 -2 
3 -22 -7 -2 -3 0 -1 1 
-6 -13 13 13 2 0 -1 2 
-2 18 12 -8 -5 1 0 -3 
-1 -17 -2 9 2 1 -2 0 
2 15 -4 0 -4 -6 -5 0 
-11 -1 -5 1 -1 -1 -2 -8 
4 -8 4 2 0 1 2 7 
-9 -9 -8 -3 0 -1 0 -6 
-6 7 4 3 -3 -3 -2 -7 
7 1 -11 -16 -1 0 0 7 
-2 2 1 3 -1 -1 -4 1 
6 2 -20 -7 0 2 5 0 
-4 -9 1 -6 -2 -3 -3 1 
4 -40 21 10 1 1 3 -5 
-5 -17 -10 -6 -2 -7 -5 -5 
1 1 4 5 1 1 -9 -1 
-3 3 -6 -3 -1 -2 13 5 
1 -10 -9 2 0 -2 -4 -4 
-9 3 14 -4 -3 1 -1 -2 
-2 -8 -16 -4 -2 -3 -2 -5 
-1 17 -11 -1 1 1 -5 -2 
4 -6 -1 -13 -4 -1 -2 2 
5 17 44 14 -3 0 4 0 
3 54 12 -2 -2 -5 -5 2 
-2 23 8 0 -4 1 -2 -3 
-3 -31 -18 -11 -2 -2 2 2 
2 6 -8 1 1 1 0 -5 
-5 -12 8 0 0 -1 -2 -2 
11 -12 8 -1 -3 -3 -10 8 
2 25 -18 -5 -2 -1 9 -2 
-6 -14 6 -6 -4 -3 -4 -4 
-3 -5 8 8 0 -1 0 0 
2 1 -10 -6 -2 -3 -13 -7 
1 9 -10 -2 0 3 8 5 
-3 -7 -16 -2 0 -3 -2 -4 
6 -2 -15 -1 -2 -4 -21 4 
-17 -7 -8 -15 -4 0 25 -6 
1 9 14 13 4 -1 -11 -2 
5 44 0 -13 -1 -1 4 -4 
5 17 6 7 -2 3 7 10 
-1 -8 -24 0 1 0 -7 -8 
-6 10 39 11 -2 -4 -2 -3 
-3 -12 -34 -12 -1 -2 -3 3 
-5 -12 9 -4 -3 1 0 -5 
6 51 9 2 2 -1 -2 1 
-9 1 -29 -8 -7 -1 -1 -1 
0 -31 -26 0 3 -1 -4 3 
-3 -8 -4 -7 -3 -5 1 -5 
0 24 27 -5 0 -1 0 0 
-6 -53 -11 18 -1 0 -7 -5 
1 -22 -10 -12 -3 -3 -2 -3 
-4 -6 -4 -22 -8 -4 2 -2 
4 -23 9 41 1 1 0 4 
-12 3 7 -43 -3 -2 -5 -10 
9 26 16 0 3 8 7 6 
-7 -23 -12 5 3 0 2 -5 
7 -23 17 -16 -6 -6 -8 -2 
-10 8 -17 32 -10 -6 -3 -7 
-6 -6 17 10 0 1 -1 1 
5 0 6 -3 3 1 3 1 
9 -5 -8 -10 -2 -2 -3 6 
8 15 -6 4 3 -2 -1 5 
15 -8 22 -8 0 0 0 11 
-2 -39 -33 3 -3 -4 -2 -5 
-20 -12 -15 -5 2 1 -3 -8 
5 16 6 -22 -6 -3 -9 -1 
-9 -9 6 12 4 -1 5 -4 
12 2 -2 0 4 2 -1 7 
-1 -7 1 -23 -10 -1 -1 -3 
-5 1 -10 8 -1 -1 -10 0 
7 5 -8 7 0 -3 12 10 
-11 -13 -8 -4 0 -5 -9 -6 
-1 9 -1 -7 0 2 2 -5 
1 17 -9 0 2 1 -1 -1 
3 20 30 16 1 1 -6 -5 
-3 18 15 0 -2 4 5 -1 
-11 -11 -6 12 4 -2 -8 -6 
12 18 5 -22 -8 0 5 7 
-3 9 -36 -4 -3 -5 -8 -8 
-5 -23 32 2 -2 1 2 0 
-3 -36 -18 -1 -2 -7 -5 -1 
3 18 5 -1 3 -1 0 1 
-9 17 -11 5 0 -2 -7 -7 
0 25 5 -2 -5 -3 -2 -2 
-2 -29 -3 -1 2 0 5 2 
-7 -10 1 0 -3 -3 -2 -3 
-4 -34 9 8 2 -1 -2 -6 
0 31 6 -1 -1 0 -5 -3 
0 -25 -22 -5 -6 5 8 10 
3 21 -1 5 1 -5 1 0 
-2 1 9 -9 -8 -5 -12 -2 
-9 -23 -35 -6 1 -3 -1 -6 
-1 19 -1 8 1 -5 -4 -1 
-1 9 19 8 9 -2 0 1 
-5 -21 -19 -18 -15 6 0 -2 
-4 30 -17 -15 -1 -1 -2 1 
-1 -13 -18 1 -1 -4 -4 -8 
1 -10 9 4 0 1 1 3 
1 -2 2 -3 -2 -2 1 1 
-4 -3 -8 -1 -1 -4 -2 -2 
14 57 37 -1 -1 8 4 9 
-3 6 14 22 1 -5 -7 -10 
-9 -12 -24 -8 0 -4 -1 -4 
6 -8 15 1 -4 1 2 5 
0 13 -12 9 6 0 -3 -2 
-3 -30 -24 -6 -8 2 2 7 
-1 2 -1 -34 -5 -3 -2 -10 
0 4 -19 0 -3 -4 -5 -3 
4 -9 42 -4 -2 -1 -2 -4 
-7 0 0 20 1 2 2 -2 
-5 -18 -34 -22 -8 -4 -9 0 
11 6 22 6 0 2 5 9 
-6 1 -9 -4 -4 -3 13 -9 
-6 -11 -3 -11 0 -6 -10 3 
1 -5 9 17 3 -2 3 0 
-2 -3 6 -3 1 -3 -8 -6 
-7 -9 -9 0 -3 -1 -7 -1 
2 -6 -15 -13 0 1 2 -3 
11 74 75 26 7 2 0 2 
-3 -3 -4 -11 -3 3 0 2 
0 -14 -17 1 -6 -2 -4 -1 
0 14 33 30 1 -5 1 -5 
-2 -15 -51 -24 1 -1 -2 -3 
-1 -10 13 2 -7 -4 2 -1 
-2 1 2 -25 -9 1 -1 2 
2 7 13 19 19 -6 -4 -2 
-1 -18 -21 -21 -5 13 2 0 
-8 -9 4 50 14 -15 -5 -6 
1 1 -1 -19 7 17 3 2 
0 -8 -32 -63 -26 3 0 1 
0 -3 5 31 0 -7 -2 -1 
-1 -3 -8 -24 -5 -4 -3 -3 
-4 7 10 23 3 -7 -5 -2 
4 5 6 -4 0 4 4 1 
-3 -3 -14 5 1 -6 0 -1 
-1 -20 11 -2 0 6 0 -1 
0 -2 -6 9 0 -7 -3 1 
0 -1 -2 -9 -2 0 0 1 
-7 -12 -30 -5 2 -5 -4 -2 
1 20 8 5 0 2 1 -1 
1 -6 -5 -1 -1 -1 0 2 
-4 -11 -23 -11 -8 -5 -2 -1 
0 11 22 14 -1 -3 -2 -6 
-5 -12 -3 -15 0 2 1 -5 
3 12 11 13 -1 -4 -2 0 
2 12 -1 -6 4 0 1 -2 
-2 -11 5 -1 -5 -2 -2 1 
2 8 0 -9 5 5 2 1 
-4 0 -10 4 -17 -8 -2 -4 
-3 -10 -4 3 9 1 -3 -3 
2 -2 8 2 3 3 1 1 
-4 8 -5 -12 -10 -6 -2 -2 
0 -13 -9 4 2 -1 -1 -1 
-3 -4 2 4 2 -3 -2 -3 
-3 -4 -2 -7 -10 0 1 -1 
0 2 -4 -1 2 2 -2 0 
-2 5 -8 -7 -3 -3 -3 -3 
0 0 9 14 7 1 1 -2 
-1 4 -3 -19 -5 0 -2 -3 
3 1 8 7 -2 -2 -1 2 
0 -19 31 6 -1 -3 -2 0 
-11 -40 -39 -14 0 -3 -1 -4 
-3 2 -5 4 -1 -3 -3 0 
-2 5 -1 -3 -10 -5 -2 0 
-1 9 0 -5 9 -2 -1 -2 
3 3 4 2 -3 3 0 -2 
3 16 20 24 18 -2 -2 1 
-7 -12 -17 -33 -19 3 1 -4 
-4 -4 -14 -5 -5 -5 -3 -4 
2 7 7 -1 -6 -4 -3 0 
0 2 4 -5 -1 -3 -1 0 
3 -3 -6 8 2 2 0 -1 
-3 3 -3 4 -3 0 -1 -2 
-2 4 -4 -10 3 1 1 -1 
-1 6 16 3 -7 -4 -2 0 
-3 -28 -4 3 13 0 -1 0 
0 0 -4 0 -2 1 -1 -2 
2 22 8 -1 -4 2 -1 0 
-3 12 -18 -5 -4 -6 -3 -4 
-3 -17 -2 19 15 0 -3 -4 
-4 -8 -7 -25 -17 3 0 1 
-2 3 0 1 3 -1 -1 0 
3 -2 -6 2 6 2 1 -1 
0 10 5 -3 -9 -2 -2 1 
-2 4 -14 1 13 1 1 0 
1 -8 0 -8 -4 -2 -2 -1 
-4 -13 3 9 -4 -1 0 -1 
0 5 10 -1 -6 -2 0 -1 
3 23 20 15 8 -1 0 2 
-2 -5 -2 -4 -11 -1 -2 -4 
0 8 4 8 6 -1 1 -1 
1 7 -9 -7 2 0 -1 0 
0 -5 -1 -17 -2 -3 -4 -3 
2 0 4 -1 -7 0 1 1 
-2 -11 2 3 -6 -4 -2 -2 
-2 0 -18 -2 6 -1 -2 -2 
-5 -11 -11 -5 -5 -1 -1 -4 
0 -13 12 -6 -1 0 0 -1 
-1 -5 -11 -6 -6 2 -2 -1 
-3 0 19 3 -2 -3 -3 -3 
2 -31 11 9 1 -2 1 1 
-4 8 -1 -2 2 1 -1 -2 
-3 -5 -10 -6 -2 -3 0 -2 
2 1 10 4 -1 1 -1 0 
0 7 -4 5 7 -4 -2 -1 
0 -6 -5 -1 -8 -4 -3 -2 
1 1 0 -14 -9 -2 -1 0 
-4 -37 -7 -4 -6 1 0 -2 
-3 -6 -12 -4 4 2 -2 -3 
-6 -19 -7 -3 -7 -4 -2 -3 
-1 5 -4 -5 4 0 -1 0 
0 11 1 7 -6 -3 -3 -2 
1 7 0 -5 5 0 -1 -1 
0 -2 2 8 3 -1 -1 -2 
-2 -11 1 -7 -6 1 0 -2 
-1 6 -5 3 3 -1 1 1 
-2 -3 5 1 -4 -2 -2 -3 
-6 9 5 9 -4 -7 -4 -2 
4 -8 0 -4 14 4 0 2 
-2 5 -10 -9 -8 2 -2 -1 
2 34 24 1 -4 3 1 1 
1 -35 18 -2 -1 1 0 1 
2 3 -1 11 3 -2 -2 -2 
-3 -5 -5 -2 -1 -3 -2 -5 
0 2 -7 -6 -4 -2 -2 -4 
-1 9 -8 3 3 0 0 -1 
-3 -5 9 1 -8 -3 -1 -1 
-2 -2 -11 -1 9 -2 -2 -1 
-1 -9 -10 -7 -6 -2 -1 -3 
1 10 -10 -6 -9 -1 -2 0 
-1 -6 -11 1 9 0 -1 -1 
-1 15 4 -5 -5 -4 -2 -2 
-6 -17 -4 2 2 0 -2 -2 
-2 7 0 1 3 -2 -1 -1 
-2 -3 1 -11 -11 0 0 0 
-1 2 0 -1 0 -2 1 0 
-2 1 -7 7 5 -3 -1 -2 
2 0 -11 -12 -6 1 -1 1 
-3 0 12 9 -2 -3 -4 -3 
0 -26 9 7 2 1 -1 0 
-5 -37 -29 -23 -9 0 -1 -2 
1 12 15 13 10 4 4 2 
-1 -31 9 5 -1 -3 -1 0 
2 15 -4 -7 -2 0 -3 -1 
-1 7 10 9 -1 -5 -3 1 
-2 -5 -4 -5 -1 -4 -2 -3 
-2 -2 -7 -6 -2 2 -1 -1 
-2 -4 -10 2 1 -4 -2 -1 
-1 -1 1 1 -2 0 -1 2 
-1 -1 6 6 -3 -4 -2 0 
-1 10 -14 -15 -6 1 -2 -4 
-5 -3 -8 5 -5 -3 -2 0 
1 10 -6 -14 -2 -5 -2 0 
-3 2 1 -6 -5 -2 -2 -1 
-4 0 -7 3 3 -3 0 -3 
2 -1 3 0 2 1 1 2 
1 2 1 0 -4 -1 -1 -1 
-1 -2 -10 3 -1 1 1 -1 
-4 -5 -2 -2 3 -3 -3 -2 
0 8 -4 -5 -1 -1 -2 -2 
-1 1 0 3 -1 0 0 -1 
-3 0 -4 0 -3 -1 -2 -5 
0 10 7 15 3 -1 2 1 
-5 -12 -15 -23 0 1 1 -3 
-2 -7 4 5 -3 -2 0 0 
-2 -1 -5 -9 -3 -1 -2 -1 
-2 3 4 0 -1 -1 0 0 
0 1 5 4 -4 -2 -3 -2 
-1 -1 -1 4 3 -2 -1 -3 
-1 3 -3 -4 -2 -1 -2 -1 
0 -5 -5 -5 -7 -2 -3 -2 
1 23 7 5 6 0 0 0 
-1 5 5 -5 -5 4 2 1 
-2 -7 0 -3 2 -2 -1 -2 
-1 -1 5 -3 -3 -3 -3 -1 
-1 -6 -7 -3 -4 -2 0 -2 
0 5 1 9 7 -1 -2 -2 
-2 1 -4 0 1 -2 -1 0 
-2 -1 -11 -21 -11 0 -2 -1 
-1 -1 4 1 -2 -2 -2 -1 
3 -3 -3 -5 -5 -4 -1 2 
0 -1 -2 2 2 0 0 -3 
-1 1 -2 1 2 -2 -1 -2 
0 -3 3 1 -10 -7 -3 -1 
2 8 6 -3 11 6 0 1 
-2 -9 -18 -2 -1 0 -1 -1 
-1 -8 -2 6 1 -2 1 -1 
-1 -2 -3 -1 2 -2 -1 1 
-3 -3 -2 -1 -7 -4 -2 -2 
0 10 -1 1 4 0 -4 -2 
1 4 1 -6 -4 1 -3 1 
-3 -2 4 15 9 -3 -1 -3 
-1 -3 -7 -15 -13 -1 -2 0 
0 -16 -1 -4 -3 1 1 1 
-2 -4 -4 2 2 -2 -2 -2 
-1 -2 -4 -11 -7 -1 -1 1 
1 5 5 4 1 -2 1 1 
-5 -2 -12 -5 0 -2 -2 -2 
-3 -12 -13 -2 -1 -1 1 -1 
-1 -5 2 3 -5 -3 -1 -3 
-3 -1 -5 -1 -4 -2 -2 -1 
4 -16 4 -19 -2 4 2 3 
0 -3 -3 6 3 -3 -3 -1 
-1 2 0 -3 0 1 -1 -2 
-3 -2 -3 3 -3 -2 -2 -1 
1 4 4 6 3 -4 -3 -2 
0 5 -3 2 0 1 -1 0 
-1 -8 9 -17 -8 -3 -2 0 
-2 -7 -13 -2 -1 -1 -1 -2 
-2 6 -1 4 -1 -5 -4 -1 
-1 -3 6 4 3 -2 -3 -2 
-5 16 -7 -7 -3 -4 0 -1 
-1 -16 8 1 -1 2 -1 -1 
-1 1 7 6 -3 -3 -1 0 
0 8 -6 -5 -3 -3 0 -1 
-6 -17 -18 2 2 0 -1 -1 
-1 9 26 4 1 -4 -1 0 
-1 5 -6 -4 8 2 -1 -1 
1 -6 -1 0 1 2 -2 0 
1 -3 5 3 2 -1 -2 -1 
0 15 -15 -2 -7 -2 -1 -3 
-3 -6 9 -2 -5 -3 -1 -2 
-2 -1 0 -5 -1 0 0 0 
3 22 9 4 2 -1 0 1 
-2 1 -6 9 9 -2 -3 -2 
4 26 7 -11 -12 1 -1 0 
4 11 9 0 -3 0 1 2 
0 -4 -2 4 2 0 -1 0 
-2 10 -11 -8 -11 -6 -3 -2 
-1 -8 15 16 3 0 -1 -2 
-3 11 -26 -22 -10 0 0 -2 
2 -19 19 2 -3 -1 -1 0 
-1 3 -3 3 3 1 -1 0 
-2 -6 -11 -3 -4 -3 -3 0 
-3 1 4 0 -2 -4 -2 -2 
-3 -1 -7 5 3 0 -1 -2 
1 -6 0 -12 -14 0 0 -1 
-2 -5 -2 4 2 -3 -2 -2 
-3 -17 -2 2 -3 -2 -1 -1 
2 9 -6 -3 -3 0 -1 0 
-2 -13 1 4 8 0 0 -1 
2 7 -12 -6 -6 1 -1 0 
0 2 15 5 -1 -4 -2 -1 
-3 -5 -11 -8 -6 -2 -1 -2 
-2 -1 -4 -1 1 -2 -3 -1 
-4 -23 -21 -1 2 -2 -2 -1 
2 0 0 -2 -3 0 -2 -2 
0 -6 2 -2 0 -1 -2 -1 
-2 -1 0 -3 -7 3 3 1 
-5 -12 -13 -8 1 -2 -2 -2 
0 -3 3 5 0 -2 -2 -1 
-3 -10 -4 3 -4 -2 -2 -3 
-2 3 -2 -7 0 -3 -1 -1 
0 -7 8 1 -2 -3 0 0 
-1 7 -5 -6 -2 -2 0 -1 
3 -31 39 7 2 3 1 2 
-3 -10 -12 1 3 -2 -2 -3 
0 8 4 -3 -2 -1 1 -1 
1 7 -2 0 -1 -3 -3 -2 
4 22 5 -1 -1 -1 0 0 
1 0 -3 2 -2 -2 -1 -1 
1 3 17 -5 -4 0 0 0 
-2 -7 4 6 6 0 -1 2 
-3 5 -16 -9 -10 -2 -2 -1 
0 -1 3 3 2 -4 -3 -2 
1 13 -2 2 -6 -1 0 -3 
-5 -31 -17 -4 3 1 1 -2 
-1 4 0 5 3 -2 -1 0 
2 23 9 -8 -5 -2 0 1 
1 6 5 4 1 -4 -1 -1 
-2 -4 -8 -1 -3 -1 -2 -1 
-1 -57 -10 -5 -1 -1 -1 0 
-3 1 7 0 2 -1 -1 -3 
-3 5 -1 0 -2 0 1 -1 
0 5 2 -6 -5 0 -2 -1 
-1 19 -6 8 0 -2 0 -1 
-2 -13 -8 -11 3 1 -1 -1 
-2 -7 6 11 1 -4 -1 0 
-2 6 -4 -4 -4 0 0 -2 
0 -4 23 3 0 4 -1 0 
0 -3 -3 15 4 -4 -4 -1 
0 7 -8 -17 -12 0 0 0 
-1 5 19 11 10 -2 -3 -1 
0 14 -11 -12 -8 -3 -3 -2 
-4 -19 -7 -1 -2 2 1 -2 
-2 -2 -1 -1 2 -2 -2 -3 
1 0 -4 0 -2 -3 -2 -2 
-1 7 -8 -10 -4 -1 0 -1 
-3 -6 -1 4 -2 -2 -1 -3 
-2 1 -6 -9 -4 -1 -2 -2 
-1 -4 -4 3 5 -2 -1 -2 
-4 12 -2 5 -3 0 -1 -1 
-3 3 -28 -15 -12 -8 -5 -2 
-4 10 6 8 8 3 2 2 
-1 2 -2 -8 -11 -3 -2 -1 
1 16 1 -2 5 -2 0 -1 
0 0 -2 -2 -1 -1 -1 -1 
-2 -6 -9 0 1 -3 0 -2 
1 -1 4 -5 0 0 0 1 
-1 2 -15 -3 -9 -2 -3 -1 
-2 -5 7 -10 -1 2 1 -1 
-1 -6 -12 8 4 -5 -1 -2 
3 -1 9 -15 0 6 1 1 
-4 -12 -18 -2 -2 -2 -3 -3 
0 -8 3 1 -2 -2 -3 -1 
-1 -2 0 0 -4 -1 -1 -1 
-1 1 -10 1 -3 -2 0 0 
-3 -1 -2 -5 -2 -3 -1 -3 
-1 -2 6 4 1 1 -1 1 
-2 -2 -2 -10 -6 -1 -4 0 
1 4 8 16 4 -2 -1 -2 
-1 -8 -10 -16 -6 1 1 1 
-1 0 5 11 8 0 -1 -1 
2 -6 -7 -16 -13 -3 -2 -1 
-3 2 -2 -8 -4 -2 -2 -2 
0 3 3 3 1 -2 -2 -1 
-2 22 -9 -2 0 -1 1 -1 
-2 -4 4 3 2 0 -2 -1 
-4 -12 -13 -3 -3 1 -1 -1 
-5 -5 -7 8 1 -3 -3 -5 
0 -4 2 -4 -5 -2 -1 1 
-3 7 -14 -3 3 -1 -2 -1 
-4 -22 4 5 -3 1 2 1 
-1 9 0 0 3 0 0 1 
-1 -4 -1 -10 -6 -2 -2 0 
-1 -9 0 -2 -3 -2 -1 0 
-1 -1 -12 4 0 -1 -1 -1 
-1 -2 13 6 5 -2 -2 -4 
-3 -9 -16 -12 -7 -3 -2 -2 
0 -3 -4 2 -1 -1 0 -1 
1 7 -4 -9 -7 -1 -1 0 
1 3 1 9 6 -1 1 0 
-1 1 0 -16 -9 -2 -2 -1 
0 2 4 4 1 1 -1 -3 
-2 -6 1 4 0 -3 0 -2 
-1 -14 -1 -5 3 1 0 -2 
0 1 10 1 -3 -2 0 -1 
3 1 -5 14 12 5 1 0 
-3 2 10 6 -8 -4 -3 -3 
2 5 -4 -8 -3 0 -1 5 
-1 -9 -5 3 1 -2 0 -1 
-1 2 7 -7 -5 -1 -2 -2 
-2 3 -7 3 4 -3 -3 -3 
-1 2 -7 -8 -7 -1 -4 -2 
-3 18 -3 0 1 -1 -2 -3 
-5 -22 3 2 1 -1 0 0 
-2 -5 -18 -7 -1 -3 -2 -3 
-3 2 5 -4 -4 -2 -3 -1 
1 4 14 16 11 -2 -2 1 
0 2 0 -15 -16 -2 0 -1 
0 -2 2 4 1 -1 -2 0 
1 11 -3 -7 1 -1 -1 -1 
-3 -17 -2 3 0 3 0 -3 
-4 -11 11 7 0 -1 -3 -1 
4 21 8 -2 2 -1 0 3 
1 5 -2 2 0 -2 -1 -2 
-1 -4 6 -11 0 -2 0 -1 
-2 -5 -7 -2 -4 -3 -1 -2 
-2 -1 -3 -7 0 -1 0 -3 
-1 -3 5 6 0 -2 -1 -4 
-1 4 -6 0 -3 3 1 0 
0 6 5 5 5 0 0 1 
0 9 -17 -14 -10 -4 -4 -3 
-1 10 5 2 2 0 2 -2 
1 -35 6 1 -13 0 -1 -2 
0 -3 11 8 9 -1 0 -1 
-3 1 1 -2 -3 2 0 -1 
-1 -9 -6 -8 -5 -3 0 -2 
1 5 -7 -1 1 -3 -1 -2 
1 5 -4 -4 -2 -3 -2 -2 
-1 -11 3 6 4 -2 -1 0 
-3 1 -8 -8 -4 1 0 -1 
-4 -1 20 11 0 0 -1 -2 
2 -3 -18 -14 -9 -4 -3 -2 
-2 0 4 4 11 2 -1 -1 
-2 -5 -8 -7 -10 -2 -1 -1 
-1 2 -7 -2 3 0 -1 0 
-1 3 2 -1 -6 -1 -2 -3 
1 -7 1 -2 -2 -3 -3 -1 
-6 -7 -2 -1 1 -1 -2 -1 
-6 1 -13 0 1 -3 -1 -3 
-2 -13 1 1 -5 -2 -1 -2 
3 12 6 13 9 -2 0 -4 
-1 -10 -10 -22 -14 -2 -3 0 
-2 5 -11 -3 -2 -3 -2 -3 
4 16 11 1 1 0 -1 2 
-3 -6 3 0 -5 -1 0 -3 
