#EMG
#8
#ID:8-7
4 -9 44 10 1 2 3 -1 
7 25 -6 -6 -2 -2 0 0 
-8 -8 0 2 0 1 -2 -6 
-2 -16 -17 -15 -2 -3 -2 1 
8 25 -15 7 1 -2 -1 5 
-8 0 -11 -10 -8 -4 -5 -7 
-6 -3 13 10 0 -2 -3 -10 
-3 13 -2 -5 -6 -1 -2 -2 
0 0 -6 -12 -1 -2 -1 2 
-1 -20 -9 4 0 -1 -2 -1 
2 -3 7 8 -1 -1 -1 2 
-3 2 -9 -11 0 0 -3 -2 
2 4 5 3 -2 -3 -1 -1 
3 -8 -1 3 -1 -2 -1 5 
0 -6 -11 -12 -2 1 0 3 
-1 25 19 0 -1 -1 -2 -5 
11 -3 -3 9 -2 -3 -2 8 
-12 -10 -8 -8 -3 0 0 -9 
2 4 3 9 3 0 0 1 
-3 -5 -7 -4 -1 -1 -2 -4 
-2 -8 -5 -8 -5 -3 -1 -1 
1 10 9 4 3 -2 -1 3 
-2 4 -20 -14 -7 -6 -4 -7 
-1 -16 -2 9 5 4 4 0 
-3 -19 13 0 1 1 -3 -5 
6 19 0 5 2 -2 -2 0 
8 57 41 -5 -6 2 3 3 
2 6 -4 -7 -4 0 -2 -1 
0 1 -12 0 0 -2 -1 0 
3 13 4 3 -2 -3 -1 -1 
1 -29 -31 -9 -2 0 0 6 
-12 2 12 6 0 -2 -2 -17 
6 -14 4 -5 -1 0 0 14 
-9 -15 -19 -5 -5 -6 -8 -10 
1 -11 -14 -4 0 -1 -1 2 
5 -22 -2 -2 0 1 2 8 
-23 -1 -19 -4 -6 -6 -5 -15 
4 11 11 3 -3 1 1 3 
-5 -60 11 4 4 0 1 -2 
-4 -15 -19 -8 -2 -5 -4 -3 
3 -38 -3 -5 2 2 1 4 
-3 7 27 21 0 1 -1 -2 
-4 -1 -17 -10 -2 -1 -1 -3 
0 20 0 3 -3 -1 -1 1 
6 -3 -1 2 4 -1 -2 -1 
0 -22 -8 -8 -7 0 3 1 
-3 -6 -19 -2 0 -3 -4 0 
-5 14 -1 -5 -6 0 1 -3 
-1 13 0 3 -2 -2 -2 -3 
0 7 5 -6 0 1 0 0 
-3 -18 5 5 -1 -4 -2 -2 
5 2 11 3 1 -1 0 7 
3 16 -6 -13 -5 1 1 5 
-8 -8 -10 8 3 -1 -2 -14 
3 13 4 2 -1 -2 -1 1 
-5 -2 -7 -9 0 0 -1 -1 
2 -5 6 16 -1 -1 0 -1 
11 9 -5 -7 0 -3 2 9 
-12 6 3 -3 -4 -1 -4 -9 
-3 -11 -2 -6 -1 -2 -1 -3 
7 22 -4 -11 -1 1 0 2 
-6 -16 -14 2 -5 -1 -3 -2 
3 17 2 5 -1 -1 0 -1 
0 -5 0 3 0 -2 0 1 
-1 23 -6 -3 -1 -3 -2 -1 
-6 -7 3 -9 -2 -2 0 2 
6 4 7 2 0 -2 -3 1 
1 -1 -3 5 -4 -2 0 1 
1 -3 0 -5 2 -1 -3 -7 
-3 -4 6 -2 -2 1 2 0 
-2 4 -9 8 -1 -3 0 -3 
-4 2 7 5 0 2 -1 -3 
-6 -12 -4 -2 -6 -3 0 -3 
4 4 -6 -18 -1 -1 -1 2 
-3 -2 0 1 -1 -1 -2 -1 
1 -5 -2 5 1 -3 -2 -3 
-2 -17 -10 1 2 -1 1 4 
-4 7 -19 -2 -3 -1 0 -5 
2 -25 13 2 1 1 1 2 
7 -2 4 -2 -1 -1 -2 6 
-19 19 0 -9 -4 -3 -5 -20 
3 -2 6 -9 1 -2 -1 2 
-3 -7 -8 11 0 -2 -1 -3 
-2 16 7 -1 0 -2 0 -3 
5 5 10 7 0 1 0 4 
-10 -50 -15 9 1 2 -2 2 
-2 8 -12 -24 -5 0 -1 -5 
-1 -5 -7 5 -1 -2 -1 0 
3 4 -5 -4 -6 -4 -2 3 
3 2 4 0 4 3 0 3 
1 6 2 2 -2 -3 -2 4 
0 -5 1 0 -2 -1 -2 -4 
0 -26 -18 -7 1 1 0 1 
-2 19 8 9 -4 -5 -2 -6 
-3 -7 -14 -13 -1 -1 -2 -2 
0 1 -3 -2 -1 0 -2 -3 
0 6 4 12 -1 -5 -4 -4 
3 9 6 -7 6 3 2 1 
1 9 11 1 -5 -2 0 1 
1 7 -15 1 -2 -3 -2 -4 
-1 -17 -16 -4 -2 -1 -2 0 
0 17 18 -5 -6 1 0 2 
-8 -2 -5 -2 -3 0 -1 -9 
4 2 8 0 -1 -2 -2 7 
1 2 -24 -9 2 1 -2 3 
9 0 9 15 0 -1 -1 4 
10 14 6 -7 -1 0 -3 -5 
-6 -9 -2 1 -1 1 0 -1 
-9 0 3 -3 -5 0 -2 -4 
3 -12 3 -9 -3 -3 -3 2 
0 3 -1 8 -2 -1 1 5 
-1 -19 14 7 4 1 2 -5 
-2 -7 14 0 -2 -1 -2 -1 
5 26 -7 -4 0 -1 -2 -2 
-4 -16 -9 -13 -4 -2 -1 0 
-4 -9 -14 4 0 -2 -3 -1 
-1 -2 1 -7 -8 -1 -1 1 
-9 -27 -1 4 -2 -8 -5 -6 
4 41 19 -11 4 1 1 3 
-9 -13 -8 5 -5 -2 -1 -5 
5 4 8 -1 1 -3 0 -3 
-3 1 -3 -1 3 -1 -3 1 
-4 -36 8 11 -3 -3 -3 -13 
4 8 4 -9 -4 -3 -3 1 
-5 -26 -2 4 1 0 1 -1 
0 22 8 -6 0 3 1 -1 
-1 9 -6 -6 -2 -2 0 1 
9 32 41 10 4 5 3 9 
-8 -13 2 -2 -2 1 1 -8 
2 4 -8 1 -2 -3 -1 1 
0 8 -7 0 -3 0 -3 3 
1 58 2 -12 6 4 3 -1 
0 13 -3 7 -5 -3 -3 2 
-3 -7 -4 11 -3 -4 -2 -4 
4 -12 -13 -3 -1 -2 -1 2 
-22 -26 -18 -8 -3 -2 -4 -12 
0 11 6 -8 3 0 0 0 
-14 -34 -19 -2 -3 0 -1 -11 
-3 -1 -1 1 0 -3 -4 -2 
-2 -1 -22 -11 -5 -4 -2 0 
4 8 4 7 2 -1 -2 0 
0 -4 -4 1 -2 -2 -3 -2 
-1 -4 0 -4 -1 0 1 -1 
1 -11 -2 -1 -1 -1 -1 1 
-5 -6 -12 -4 -3 -4 -3 -2 
4 8 4 -1 -1 -1 -1 3 
-8 0 -3 3 5 -1 0 -3 
4 -8 -4 -5 -10 0 -1 2 
-1 5 0 -6 4 1 1 1 
-6 -12 -10 10 -2 -4 -2 2 
7 21 9 1 0 2 0 3 
-2 -7 -17 -8 -2 -7 -3 -1 
0 -10 1 -3 -3 0 -1 0 
0 -27 9 -2 1 2 1 1 
-4 -1 -10 3 2 0 -1 -3 
-1 -31 -14 -1 -2 0 1 6 
-12 16 19 -1 -3 -1 -3 -12 
5 48 5 -12 -4 -1 -1 1 
-5 -22 -17 -4 -4 -5 -5 -3 
8 17 19 -3 4 1 0 -3 
-3 -17 -29 -4 -4 -2 -1 0 
1 23 25 7 2 1 1 -1 
1 2 4 -5 -1 0 -1 1 
-3 -14 -7 0 0 -2 -3 0 
-3 -45 -8 0 4 3 2 1 
2 9 5 -10 -8 -3 -3 -3 
-6 -6 -21 4 -2 2 3 2 
2 -8 14 1 0 -3 -2 -1 
1 24 2 -2 -1 -4 -2 -6 
0 3 -7 -5 1 1 1 6 
-4 -33 11 0 1 0 -1 -4 
-6 3 -30 -9 -1 -2 -4 -10 
-9 -33 -13 -3 -6 -7 -5 -1 
-8 -45 -16 -9 -2 -2 -4 -6 
0 -21 1 5 0 -2 -2 1 
-13 -2 5 -2 -4 -2 1 -10 
8 15 -1 -1 -1 0 -3 0 
-9 -25 6 13 5 0 -2 -4 
8 28 2 -9 -3 -1 -1 5 
-3 -2 -13 4 0 0 1 -2 
3 -5 3 -3 -2 0 5 4 
-4 -5 -11 -3 0 -1 3 -1 
0 15 5 -1 0 -1 -3 1 
2 2 5 -7 0 -2 -3 0 
2 19 11 7 -1 1 -3 -3 
3 -12 6 4 0 0 3 7 
3 -4 -4 3 -2 -1 -1 2 
-8 -1 -1 -1 -5 -3 -3 -8 
-1 3 2 4 4 2 2 2 
-3 9 11 -8 -2 -1 -2 -6 
1 -5 2 -8 -3 0 1 1 
-4 -11 -9 3 0 -2 -3 -5 
1 6 -7 -8 -3 -4 -1 -1 
9 1 10 0 2 1 -1 4 
-11 -21 -31 -12 -2 -2 -2 -4 
8 47 29 11 2 1 0 -2 
-3 -19 3 4 -5 -5 -3 6 
-1 20 14 1 0 -1 -2 -5 
-1 7 1 -3 1 1 1 -2 
3 -11 -13 -3 -2 -1 1 7 
3 10 -12 -9 0 0 -2 -1 
2 5 -4 -2 -3 -2 -10 -2 
-1 -1 7 5 1 1 13 3 
-4 -14 -3 3 -3 5 2 3 
-8 12 8 1 -1 -3 0 -23 
12 4 -16 -5 -6 -8 -7 15 
-27 -66 -6 2 3 -3 -9 -13 
9 21 7 0 3 0 0 4 
9 12 5 0 -2 2 1 10 
10 50 15 -7 2 7 -12 -5 
-19 -7 -7 2 -4 -3 24 0 
13 24 10 11 -1 -6 -11 1 
-3 -12 8 -4 0 -2 -1 1 
1 8 -20 -3 -2 -5 -2 0 
8 19 0 -5 -2 1 -5 0 
0 13 -8 -5 -3 -1 -1 0 
-6 -1 -11 -10 0 1 5 -3 
-6 -10 -4 4 -3 -2 -14 -13 
9 4 -6 2 -2 -4 13 3 
1 6 -2 -4 -2 -1 0 0 
-2 18 -8 -1 -3 0 -8 -3 
-7 -8 -14 -15 -1 1 0 -12 
3 26 19 11 -3 -9 -25 9 
-1 -15 -6 0 -2 0 27 9 
-7 5 4 -1 0 -4 -3 0 
-11 -6 -6 -1 0 0 3 -7 
9 17 -1 -11 -2 4 -3 0 
-17 -20 7 6 -1 -11 -23 -15 
3 -12 -13 3 0 4 11 6 
-5 -17 5 0 -3 -7 -1 2 
6 0 1 -4 -3 -4 -10 -4 
-7 -17 -4 -4 2 5 -1 -5 
1 -40 -22 -11 0 -3 3 -2 
-5 -16 -20 6 -3 -3 0 -5 
6 64 54 8 2 4 8 -2 
2 -21 -11 -20 -3 -4 -10 0 
-3 9 8 16 -3 -2 -2 0 
-3 -4 -26 -12 -1 -4 6 2 
-3 3 -25 0 0 1 -4 -6 
-2 9 -5 -10 -10 -1 -1 -2 
5 26 34 5 7 2 -3 4 
-2 18 -28 -11 -3 -5 2 1 
4 -3 5 8 1 2 -2 -2 
-10 -22 -24 -13 -2 -1 0 -2 
-6 -6 6 9 -6 -7 -6 -3 
3 3 -9 -2 -4 -4 1 -7 
-4 0 15 -13 -5 -3 -10 -6 
-2 -11 5 -13 2 -3 3 5 
1 -11 -31 -2 0 4 -2 -1 
-5 -34 16 1 16 6 4 1 
-2 1 -59 30 10 -3 -3 -2 
0 8 47 0 -23 -3 -2 -5 
-4 -17 -52 -34 -6 -5 -6 -4 
-6 -24 64 -38 -2 3 4 4 
0 -17 -42 -8 11 -4 0 0 
-9 -24 -26 8 -3 2 0 -4 
6 18 41 22 -8 -6 -4 1 
7 20 6 27 -4 1 1 2 
-6 -2 34 -7 -2 -5 -3 -3 
-5 -38 -19 9 14 6 4 4 
4 12 5 -18 -1 4 0 -1 
-2 -1 -17 -7 -5 -2 -1 3 
-8 -31 11 -2 -9 -2 -4 -7 
4 44 -13 9 4 -2 0 -5 
10 42 43 -4 -2 -2 -1 2 
-11 -18 -3 11 -4 -4 -5 -8 
-1 -22 -25 -13 -8 2 -1 -8 
11 14 4 0 -3 -3 0 11 
10 -17 -11 1 2 0 0 8 
-19 15 7 6 0 -3 -8 -16 
1 14 10 -2 -3 -2 2 4 
-6 -1 -4 -7 1 -3 -6 -5 
2 -10 -1 8 1 0 -1 2 
7 -5 -1 -1 0 2 5 7 
-4 -13 -9 2 -7 -1 -14 -7 
6 -1 10 2 -1 1 23 10 
-14 -18 -13 -6 -1 1 4 -7 
-6 7 -5 6 -5 -5 20 -29 
0 3 10 5 -1 -6 -47 -1 
-1 1 12 0 -1 -6 -7 -9 
-1 4 1 1 -1 -1 5 -6 
8 -4 -14 -11 -2 2 -4 15 
3 2 8 -3 -1 5 22 10 
-8 -4 2 7 0 -1 -11 -13 
3 -28 -17 -7 5 1 -5 0 
-2 -43 -5 10 -3 0 2 5 
7 7 34 1 -1 1 8 5 
-5 -37 -18 11 3 -2 -7 -2 
-5 15 -9 -6 -13 -6 -2 -5 
4 27 -10 5 2 -2 -4 4 
-2 -1 24 34 0 -3 4 0 
-3 -14 -48 -68 -4 -2 -5 -3 
-2 4 35 73 7 -3 -1 0 
4 27 9 -59 -6 0 -4 5 
-29 -67 -37 -10 -7 -1 2 -17 
-3 -28 1 75 21 8 5 1 
-3 44 35 -32 -19 -10 -9 -2 
6 -15 12 18 11 6 0 6 
-2 5 -43 -63 -16 -8 0 -3 
14 53 66 54 14 3 3 6 
-40 -31 -38 -40 -22 -5 -7 -25 
10 6 11 27 8 1 -1 6 
15 42 7 -37 6 4 6 -3 
-15 -14 -9 -14 -7 -4 -21 -6 
9 2 -7 -2 0 1 21 9 
15 16 7 19 -1 -4 -7 10 
-36 -3 -11 15 2 4 -1 -9 
10 21 4 -25 -2 3 11 12 
8 4 17 18 12 -5 -17 -4 
-9 -17 -33 -6 -8 -1 -3 -10 
6 -3 4 11 2 -3 -10 -1 
2 -2 1 -23 -15 -2 13 0 
-3 -25 -20 -4 3 3 0 2 
-3 2 12 17 -5 -5 2 7 
8 5 2 17 16 -6 -4 1 
-2 3 -14 -28 -14 6 0 -2 
4 2 -13 -6 9 6 2 4 
-3 6 -1 20 -1 -10 -6 -4 
7 9 12 -18 -5 16 10 1 
-6 -22 -29 1 -7 -12 -7 -8 
3 -10 6 -20 -5 5 -1 8 
-16 -3 -4 1 4 -1 -3 -7 
1 -3 -1 21 9 -5 1 2 
1 1 25 14 -3 1 -1 -1 
0 -27 -5 -1 -3 -7 -5 -2 
-7 -32 -29 -18 0 0 -2 -7 
-10 -90 -28 -7 -12 -2 3 0 
1 13 1 -12 1 -2 -2 0 
1 12 3 20 5 -3 -3 -4 
-5 -4 -21 -37 -8 -2 0 0 
10 16 19 22 1 -2 1 2 
-16 -4 -6 -16 -3 -1 -1 -12 
-1 -16 -5 -3 -1 -4 -5 -4 
7 32 20 5 0 1 1 3 
0 11 -15 3 -3 3 2 3 
9 9 2 -5 -2 -4 -3 4 
5 22 5 7 0 1 1 -2 
-14 -6 6 5 -4 -2 -3 -11 
0 13 5 -6 -5 -5 -1 0 
1 2 -4 0 -1 -3 -1 0 
-3 -6 -14 5 3 -2 -5 1 
4 35 0 -26 -4 -1 -4 -1 
-1 -4 -7 10 0 -2 -2 -3 
2 -4 -15 4 -4 -1 -3 -1 
6 5 8 -16 -4 -1 1 10 
-13 2 0 5 -2 1 1 -12 
11 28 19 -4 -1 -3 -2 3 
-4 -5 -8 5 -1 -3 -7 -3 
0 18 16 8 2 2 3 3 
2 -9 -5 0 -1 1 -1 3 
-5 -7 2 -5 -4 -4 -1 -2 
7 -2 7 1 2 -3 0 7 
-9 -2 -14 -13 -2 -3 -2 -12 
4 -18 -9 4 5 0 -2 4 
-6 -11 0 12 -4 -2 -1 -3 
8 27 25 -13 -1 -1 -1 5 
-4 1 -11 -10 -4 -1 -1 -2 
4 -9 -6 -8 -7 -3 -2 1 
-2 6 2 -1 4 1 -1 2 
-9 -10 2 11 -3 -2 -1 -5 
3 -7 -8 -4 0 1 1 0 
1 5 12 8 -4 -2 -3 -1 
-4 -7 -22 -8 1 -2 -5 -4 
9 -1 26 -4 5 8 7 12 
-12 -8 1 14 -8 -6 -5 -18 
0 -9 -7 0 -1 -6 -3 1 
-3 0 0 -8 -8 -4 -4 -5 
1 0 -10 -3 4 0 -1 -3 
0 -2 -3 0 1 2 0 6 
-1 -4 5 1 -1 0 0 -1 
1 3 -2 -9 -3 -1 0 0 
-7 -5 -5 -1 -1 -1 -3 -6 
-3 -4 -1 2 -2 -3 -3 -3 
-3 -12 -6 -7 -2 2 3 1 
0 8 2 -2 0 -2 -1 3 
-4 -3 0 12 -3 -2 -2 -5 
-8 -16 -24 -20 -5 -4 -4 -7 
-2 3 3 6 -6 -1 -1 0 
-1 3 3 -8 -1 -1 0 -1 
-6 -5 -7 3 0 -2 -1 -4 
0 9 -6 0 2 1 2 1 
2 4 7 -4 0 0 1 -1 
0 3 -1 0 1 2 1 1 
-7 -8 -8 3 -3 -3 -5 -8 
4 6 -1 -1 -1 2 2 12 
-1 25 -12 -15 -1 -1 -5 -11 
0 0 12 19 -6 -5 -3 -4 
8 5 -1 -6 2 1 0 0 
-8 -3 5 1 -1 -1 -1 -3 
1 -1 -13 0 0 -1 0 1 
2 -1 -1 -7 -1 -3 0 1 
-5 -16 -4 -5 1 -2 -3 -3 
2 2 3 0 1 2 2 1 
-3 -13 -4 -2 -1 -3 -3 0 
-4 1 -5 -9 0 0 -1 -4 
-1 -8 -1 4 -4 -5 -2 2 
4 1 3 -5 -3 0 -1 -2 
-2 -7 4 3 0 0 1 -2 
1 0 1 -2 -6 -4 -2 -1 
-2 7 -1 -2 3 1 0 -2 
-2 -6 1 2 -2 0 -3 2 
1 0 2 -7 -5 -1 -2 -2 
-4 0 1 3 1 1 -1 0 
0 3 0 -5 2 -1 2 2 
-1 -1 4 18 2 -3 -2 0 
2 -1 -1 4 1 -2 -2 1 
3 30 16 -8 3 4 2 2 
-9 -20 -51 -14 -10 -9 -8 -8 
-2 15 9 2 4 5 2 -1 
-4 3 -17 -1 -5 -4 0 -1 
-1 -35 -10 0 3 -2 -3 1 
-4 -16 3 -4 -9 -1 -1 -5 
-2 -1 0 -8 -4 -3 -1 -5 
1 -8 -7 -2 2 2 0 -2 
2 6 -2 -2 -4 -1 -3 -1 
5 8 10 13 1 -2 1 3 
-1 -9 0 -1 2 -3 -4 -1 
-3 -4 12 -4 0 0 -2 1 
-3 -1 2 3 4 0 -2 -3 
-1 11 8 -5 -3 3 2 -3 
4 -2 -1 0 -2 -2 0 2 
6 -21 7 2 0 3 2 5 
-3 11 -4 -3 -4 -2 -2 -5 
-7 2 -1 -3 0 -1 -3 -9 
-1 1 6 0 1 0 -2 0 
1 4 1 -1 -2 -1 0 1 
-1 -4 -10 -2 -5 -3 -2 0 
-1 -22 -3 -3 -2 0 -1 1 
2 13 -6 -2 2 3 2 -1 
-5 1 9 6 0 -2 -1 -4 
-2 -1 -14 -7 -2 -2 1 -1 
-5 -8 -5 -18 -6 -1 -3 0 
4 11 2 11 -5 -3 -4 2 
-7 -5 -9 -10 -4 -3 1 0 
-3 -8 2 0 -3 -4 -5 -8 
3 9 -4 0 1 -4 -2 0 
0 10 22 -5 2 0 -2 -3 
-4 19 -3 5 4 4 2 0 
1 5 -4 -5 -6 -3 1 6 
-7 -1 -5 2 0 -1 -1 -5 
2 -12 -5 -2 -2 -3 -1 -1 
-4 -1 -8 9 1 -4 -5 -7 
9 9 11 -6 -5 2 -1 7 
2 11 6 3 -2 0 0 3 
-4 -11 -13 -2 -3 -3 -1 1 
-3 -7 5 -2 -2 -4 -2 -1 
-6 -12 -7 1 4 -1 0 -5 
3 5 9 1 0 -2 0 1 
-7 -9 -1 -2 -1 4 3 -4 
1 -9 -2 2 1 0 -2 4 
3 2 10 1 -4 2 0 2 
-2 3 -6 -15 -6 -4 -2 3 
-4 0 2 11 -2 -4 -5 -10 
-2 -14 -9 1 0 -1 -2 -2 
-5 -5 -6 1 3 0 0 -4 
2 9 10 5 -2 3 2 5 
1 -5 -4 -6 -4 0 -1 2 
4 8 -8 -16 -5 1 0 -1 
-6 -23 3 0 -3 -5 -3 -5 
1 5 2 1 1 -2 -1 -3 
-3 -6 -6 -4 -1 -3 -3 -1 
1 7 11 7 -3 -4 -3 -3 
-4 2 -4 -3 0 2 -1 0 
-3 13 -9 0 0 -1 -2 0 
2 -17 2 -5 -4 -2 -2 -1 
0 1 2 -3 -2 -2 0 1 
-3 2 5 0 0 1 -2 -5 
-4 2 4 4 1 -1 -2 -4 
2 6 -13 -7 1 0 3 6 
-1 8 -11 6 -3 -4 -5 -2 
1 -21 11 1 -2 -1 -1 -4 
0 1 -2 -1 -1 0 -1 -8 
-2 10 5 6 1 -2 -1 -2 
-1 -3 -4 -19 -1 1 1 -2 
2 6 -12 13 0 -1 -1 2 
-5 -7 -2 -3 -1 0 1 -1 
1 -4 -6 -5 -3 -2 -3 0 
0 2 6 -3 2 -2 0 -3 
0 -1 -1 2 0 0 -1 -2 
-2 -17 -7 1 -4 -2 -1 -1 
-1 3 1 0 2 2 1 1 
-2 -3 8 1 -2 0 -1 0 
-3 -4 0 -4 0 -1 0 -2 
6 11 6 -1 4 -1 -1 1 
-4 -7 -13 -9 -8 -2 -2 -6 
-1 -2 5 5 -1 -2 -2 -2 
-2 1 -6 2 -2 -1 -1 1 
-1 -42 1 -5 -1 -2 -1 -4 
-4 3 -8 -3 -1 -1 -4 -4 
-1 -1 3 -6 -2 1 -1 1 
-4 4 2 -5 1 0 -1 -3 
9 5 1 7 -2 -1 0 9 
-4 -2 -2 -8 -1 -1 0 -7 
-10 -18 -5 4 -3 -5 -3 -7 
-1 1 -10 -10 0 -1 0 -2 
-3 1 -3 1 0 1 0 3 
0 -3 0 3 0 0 -1 -1 
0 -5 5 5 -2 0 -1 1 
3 2 -8 -7 -5 -1 -1 0 
-4 2 1 -3 -4 -5 -5 -4 
1 -3 6 -1 0 -1 1 3 
1 4 -6 0 0 -1 -2 -1 
0 5 -5 -9 -3 0 0 0 
1 2 4 1 2 -2 -3 -2 
-5 -8 -4 -2 -5 -2 -1 -3 
4 6 3 0 3 1 1 2 
1 2 -4 -2 -2 -2 -3 1 
-6 6 -2 -5 4 1 0 -5 
8 -5 17 18 3 0 1 8 
-4 13 -7 -7 -6 -3 -2 -6 
-3 -36 0 -2 3 1 4 5 
2 -4 4 4 -4 0 -3 1 
-9 4 -7 -10 2 0 -4 -13 
-3 -3 2 1 -1 -1 -1 -5 
0 8 -3 1 -2 -2 -1 0 
-1 5 -4 -8 -1 -1 0 -2 
5 -8 0 0 -3 -3 -2 7 
-6 -28 -34 -9 0 0 0 -1 
-2 36 10 13 -4 -4 -5 -5 
-3 -30 24 8 -1 -2 0 0 
-1 15 -4 -4 -4 -2 -2 -2 
0 -8 -8 -3 -1 -2 0 1 
2 5 -5 -13 -1 0 0 -1 
-3 2 -9 4 1 0 -1 -1 
0 2 0 0 0 -1 -1 0 
0 -1 4 -3 -5 -4 -1 -1 
-2 -2 3 -8 2 4 1 -2 
-1 6 -2 15 -8 -3 -3 -5 
-6 -12 -14 -6 3 -1 -3 -3 
1 5 2 -3 -1 -3 -2 2 
-2 -3 2 -2 -3 -2 -1 -3 
0 1 -7 -8 -1 -3 -2 -1 
5 3 -1 -1 -2 1 4 9 
-6 2 13 4 -1 -1 -1 -6 
-1 -17 4 2 0 -3 -4 -3 
-5 0 -20 -5 -2 -2 0 0 
2 -3 -5 0 -3 -1 0 1 
-6 18 7 -2 1 1 0 -6 
2 -28 -4 -5 -3 -1 0 2 
-4 -11 2 1 -1 -2 -3 -3 
-3 4 1 -9 1 -1 -1 -4 
7 -2 -8 -1 -6 -4 -1 9 
1 12 -10 -2 1 -3 -1 -2 
-3 -2 -1 0 3 1 0 -1 
-3 -5 -5 -8 -3 -3 -1 -5 
0 -4 7 12 3 -2 -1 0 
-1 5 0 -3 -8 -2 -1 -3 
5 5 1 -9 4 3 2 4 
-3 0 -6 -6 -3 -3 -1 -1 
0 0 4 19 -2 -3 -3 -1 
-2 0 0 2 1 -3 -1 1 
-3 5 0 0 -1 -1 -1 -3 
-1 0 0 -7 2 1 0 -2 
-2 -3 6 -7 -3 0 0 -1 
-3 -3 -6 7 -3 -4 -3 -1 
-1 2 -4 -9 -1 -1 -1 0 
-1 -1 2 8 3 -2 1 -2 
3 0 -3 -8 -3 1 0 3 
5 7 -3 -12 1 4 1 5 
-8 -2 -3 10 -3 -3 -2 -9 
-2 -4 3 3 -3 -3 -2 1 
-1 -4 -12 -17 -2 -2 -3 -5 
2 5 5 0 1 0 0 -2 
2 0 2 1 -1 -2 -2 -1 
-2 -4 4 7 -1 3 0 1 
2 0 0 -4 0 -1 0 3 
-5 0 -1 -3 -2 0 -1 -3 
1 2 4 -3 -1 -2 -2 1 
-6 -4 -4 -1 -3 -2 1 -1 
-1 0 2 0 0 -2 0 0 
-1 -2 -3 -2 0 -3 -2 0 
1 -3 -9 -5 -5 -3 -2 -1 
4 3 -1 -8 -5 -1 0 -1 
0 -3 0 2 1 2 2 -5 
1 5 3 6 4 -4 -3 -1 
-6 -35 -2 6 2 3 3 2 
3 33 15 3 -2 -1 -2 0 
4 2 -5 -3 -2 -4 -2 1 
-2 -5 2 0 -1 -2 -2 0 
2 14 -4 -10 0 -2 0 2 
1 -12 -7 8 -1 -4 -3 -1 
-5 -4 2 5 1 1 1 1 
0 8 -8 -13 -5 -2 0 0 
-1 0 0 -1 -2 -1 -2 -1 
-3 -7 -1 -4 1 0 0 -1 
-1 0 -6 -1 0 -2 -1 -4 
-4 -10 3 13 -1 -1 0 -3 
4 19 -2 -10 -2 1 1 -1 
-3 -8 3 2 -3 -3 -4 -4 
-1 0 -4 5 1 0 -2 1 
-1 -3 -4 -6 -4 -1 -2 -4 
-1 1 6 2 -1 -1 0 -1 
1 3 -6 -6 -1 -1 -3 -1 
-2 -6 2 1 1 2 0 -3 
-6 -4 -5 -4 -1 0 1 -4 
-1 2 -1 0 -4 -4 -2 -3 
0 -5 -6 1 -3 -2 -2 4 
-6 -6 -3 -3 -3 -4 -2 -7 
-2 -3 2 -6 0 0 0 1 
-1 1 -1 3 1 -1 1 -1 
