#EMG
#6
#ID:6-13
-3 -13 -4 5 1 -2 -1 -1 
-1 -10 4 4 1 -1 1 0 
0 4 -3 -1 0 -2 0 0 
3 3 12 -4 -1 1 -2 0 
-4 -10 0 9 -4 -1 -3 0 
-2 4 0 2 2 -2 -3 -2 
0 -4 -1 -5 6 1 -2 -1 
-2 -11 -18 -8 -1 0 -1 -2 
0 13 4 -8 -3 -1 -1 -1 
1 -8 6 2 -3 -1 -2 0 
-4 -11 -3 -5 -4 -4 -1 -2 
-1 5 1 0 4 -1 0 4 
-1 5 -2 -4 -3 0 -1 -1 
-2 4 -3 2 2 0 -1 -2 
0 -4 0 0 0 0 0 1 
-2 2 1 -1 -7 -4 -3 -2 
-2 -1 -9 -13 -6 0 -2 -2 
1 7 7 0 2 -1 -1 1 
-1 0 -5 3 -4 -1 -2 -1 
0 20 6 4 -1 0 -2 -1 
0 -3 -3 -1 -1 -2 -2 -2 
-3 -30 9 1 6 1 0 -3 
-1 6 3 5 -5 -2 0 -2 
-2 -3 -6 -5 0 1 -2 -3 
2 -23 0 -3 -2 -2 1 -1 
-1 13 -1 -6 -4 0 0 -1 
-3 -5 -5 -1 2 -2 0 -1 
-2 -9 15 18 -3 -3 -1 0 
-1 0 9 3 3 1 0 1 
-2 12 -9 1 0 -2 -4 -3 
-3 -7 5 -8 -2 0 -2 0 
-1 0 -9 -4 -3 0 -1 -1 
-4 3 -8 -1 -1 -1 -4 -4 
2 3 -5 -3 -4 -2 0 1 
-3 12 -10 -3 1 -2 -2 -3 
1 12 7 -4 -5 -2 -3 -2 
1 3 0 2 0 -2 -1 1 
0 -1 -3 -4 0 2 -2 -1 
-2 -2 -14 -1 -2 -3 -1 -2 
1 0 2 -6 -2 -1 0 0 
-3 -4 -11 -1 -2 -3 1 -1 
-7 -11 -10 -3 -3 -2 -1 -5 
0 -5 8 12 1 1 2 2 
-3 -5 -2 -3 2 -1 0 -4 
2 -1 -5 -4 -3 0 1 2 
-4 -7 -8 -4 -1 1 -2 -4 
0 -2 6 3 -2 -1 -2 1 
-1 -3 -6 -3 0 -3 -1 -1 
-4 11 -6 -5 -2 -2 -2 -2 
4 30 22 10 11 0 2 0 
0 -6 3 -6 -10 0 -2 0 
1 1 -3 -8 2 1 -2 0 
0 6 -1 1 -2 0 0 -2 
-3 -46 4 -2 -3 -1 -1 1 
0 5 0 1 2 -1 -3 -2 
-2 4 -1 3 -1 -3 1 0 
-1 -5 3 -1 -2 0 0 0 
-2 0 -11 -3 -2 -2 -1 0 
-6 -6 -2 -7 1 0 -1 -3 
-2 -10 -2 12 -4 -3 -3 -2 
-6 -7 -12 -4 -1 0 -3 -4 
1 4 -1 -1 -6 -2 -1 2 
1 6 3 -5 -1 -1 -2 -3 
-3 -4 -3 -2 -1 0 0 -2 
-2 -4 1 1 0 -4 -2 -3 
-1 3 -6 0 1 -1 -1 -1 
1 9 -8 -2 1 -2 -1 0 
-3 -20 -3 -4 -2 1 -2 -2 
1 13 8 2 -2 -2 0 -1 
1 -4 8 0 0 -3 -1 0 
-2 0 -12 -13 -3 -1 1 -1 
-2 4 -1 8 4 2 0 -4 
2 -5 2 0 -2 -1 0 2 
-3 9 -7 3 -2 -2 -2 -1 
-2 -7 4 8 0 -1 -3 -2 
-1 -1 0 -3 -5 -3 -4 -1 
1 -2 -4 -3 3 -2 -3 2 
-5 9 1 -4 -2 -2 -1 -6 
-1 -3 5 2 -1 0 1 -1 
1 8 -5 -10 -2 -1 0 2 
0 12 3 9 -1 -3 -2 -3 
1 -3 -4 -4 -1 -1 -1 2 
-2 -6 3 -5 -1 -2 -3 -4 
1 5 7 1 1 0 -3 -1 
-4 -4 0 8 -2 0 -1 -2 
2 -2 3 -2 -2 1 0 -1 
-1 3 -2 -4 -3 -1 -2 0 
-1 -8 5 -7 2 2 3 0 
2 -10 10 1 -2 -3 -2 2 
-2 2 -5 -3 -2 -1 -1 0 
2 -2 -5 -1 0 -1 0 3 
-5 -3 -7 -1 -5 -4 -3 -2 
-1 3 -4 -3 2 -1 -1 2 
0 -2 -1 2 0 4 2 -1 
-5 -19 -17 -6 -2 -3 -4 -5 
5 5 -7 -1 -2 -3 0 3 
-1 -6 -2 -9 1 1 -3 -1 
0 2 -4 2 1 -3 -3 -1 
-3 -6 0 7 1 -1 0 -3 
-4 -5 -3 -4 -3 -1 -3 -5 
-2 10 7 0 0 0 2 1 
-3 1 -8 -9 -7 -2 -1 -2 
1 0 14 4 4 -1 0 2 
0 -31 6 2 -2 -1 0 -1 
0 4 -3 -11 -7 -3 -2 -4 
-1 9 9 -1 3 1 0 2 
5 -7 12 5 -1 0 1 5 
-5 17 3 4 2 -1 -1 -5 
-4 -7 -10 -6 1 -1 -1 -2 
1 -6 -5 -10 -7 -2 -1 -1 
-3 -11 -16 -4 1 -2 -3 -3 
2 20 -12 -10 0 -1 0 1 
-1 -12 -3 0 -7 -2 -3 0 
-3 -16 -16 -13 -2 -5 -4 -1 
-6 -2 3 12 -4 -4 -5 -6 
-3 -7 -16 -14 -2 0 -2 -3 
-1 10 5 14 -3 -2 0 -4 
0 -3 -8 -4 -2 -2 -2 1 
2 7 6 -1 -2 0 0 0 
3 -14 -2 -1 -5 -2 1 7 
-2 7 5 -14 3 -2 -2 -4 
-4 1 11 25 -1 -2 -2 3 
4 7 -3 2 -3 0 4 4 
-3 13 -4 -14 -3 -3 -14 -6 
4 5 -14 -9 -1 0 11 4 
-8 0 13 5 -3 -1 -4 -11 
0 -2 -15 3 1 -1 -2 -2 
-12 -13 -11 -8 -3 -3 1 -12 
1 -16 14 -2 -1 -1 -5 -3 
-1 4 -15 -18 -2 0 -1 -1 
0 -1 3 33 4 -1 -1 0 
0 -12 6 8 0 1 0 0 
5 6 2 0 0 0 0 5 
-5 -10 -9 -10 -1 -4 -3 -4 
0 -17 25 -12 1 5 0 1 
6 33 -7 6 -3 -3 -1 2 
-6 -31 6 0 -4 -3 -3 -5 
9 -30 -2 7 -2 -2 1 7 
5 60 28 -6 3 2 0 -2 
4 16 19 1 0 1 6 4 
-2 5 -7 -1 -1 -1 -1 -4 
4 9 -17 -6 0 2 -2 -2 
0 10 7 0 -1 1 2 3 
-1 -5 7 2 -2 -2 0 -3 
-5 2 -42 -2 -1 -2 -4 -4 
0 -4 32 6 -1 -3 -1 1 
-3 3 -38 -22 -6 -5 -2 -3 
5 -20 15 3 0 0 -3 4 
-10 -22 -7 2 0 1 -11 -2 
6 41 6 1 -3 1 11 3 
-9 -23 -16 -8 -7 -4 -9 -9 
1 12 2 -2 -1 -5 6 -4 
-3 -25 28 4 1 0 1 -2 
3 -9 -12 -5 -2 -3 -8 3 
-4 12 18 -4 0 -1 0 -4 
-8 -54 -9 18 1 2 -1 -1 
1 9 -12 -10 -5 -1 -4 1 
-5 -7 -4 0 2 0 4 0 
-2 -18 -21 -13 -3 -3 -1 -6 
4 30 15 -1 -3 -3 -14 0 
1 2 -3 -3 -1 -1 15 -1 
-3 5 3 2 -1 0 1 3 
0 3 -25 -10 -6 0 1 3 
-10 -39 -12 -6 -2 -7 -5 -6 
4 -4 5 -1 -3 -4 -1 5 
-2 3 -13 1 -4 -4 -6 -7 
12 -8 -1 -5 -3 -1 -9 6 
-31 10 -15 1 -1 2 16 -13 
5 21 12 -4 -3 -1 -4 3 
-4 -2 19 4 3 0 4 -6 
-1 5 28 5 -4 -5 -10 0 
9 14 -6 -6 0 2 2 6 
-1 -24 -24 -2 -2 -4 -5 0 
-3 -12 5 1 0 2 -4 -1 
-9 -4 -2 -2 -2 -1 13 1 
10 17 -10 -13 -3 -1 -6 5 
0 9 7 6 1 2 6 -2 
-2 7 -3 1 -2 -1 -14 -8 
-4 -14 -4 0 -1 -1 1 2 
-8 -13 4 1 0 -3 9 -4 
-5 3 -7 -6 -3 -5 -21 -8 
-3 -8 -8 -9 0 3 14 3 
11 36 22 16 3 -5 -6 -1 
5 9 -12 -4 -4 -2 -7 -3 
7 14 7 4 -1 3 2 5 
-3 -11 -2 1 0 -3 2 -1 
3 -4 -14 -8 -1 0 -9 -1 
1 1 10 1 -2 -2 3 -4 
-12 -7 20 4 4 3 7 5 
-1 40 -15 -4 -5 -6 -10 -6 
-4 9 33 1 -1 3 10 2 
3 -2 3 -3 -3 -5 -20 -4 
-1 -10 1 5 4 3 11 -1 
3 14 -8 -5 -1 -5 -1 0 
-8 -24 -22 5 11 1 -3 -10 
-3 -14 -1 -10 -11 2 3 -1 
-1 31 2 9 5 -5 -2 -6 
3 -25 6 -14 -10 5 -1 4 
-3 -2 -5 10 4 -1 2 -2 
-3 -12 -9 3 -3 1 1 3 
3 1 -11 -7 0 -1 -2 -4 
-5 -25 -27 1 -5 -1 -4 -4 
-21 -57 -8 -2 -10 -10 -4 -8 
-6 13 -31 -16 -9 1 0 -3 
-3 -33 -15 3 0 -2 -2 -3 
-2 21 22 5 -4 -4 -2 -3 
4 2 -12 -15 8 7 4 1 
6 17 32 37 15 -3 -1 5 
-13 -27 -93 -25 -13 -9 -11 -10 
-6 29 38 -8 -7 -2 -1 -6 
6 35 -18 -14 -19 -1 1 7 
5 12 34 3 0 1 -2 0 
18 81 88 45 29 7 7 5 
3 10 38 -21 2 1 2 8 
-1 25 0 -3 -8 -7 -6 -1 
-18 -35 -43 -4 3 0 1 -25 
17 -14 2 -14 -5 2 4 22 
1 -26 -12 29 -1 -8 -7 -1 
-3 -22 -6 4 4 3 3 -3 
3 2 -20 -11 0 -2 -3 5 
3 32 -29 -19 -4 -1 -1 2 
-41 28 -4 -42 -1 1 -4 -36 
1 -25 -62 3 -8 -5 -5 8 
7 29 72 18 5 -1 -1 5 
-15 7 -18 -27 -10 -3 -10 -11 
23 11 -4 30 2 -1 11 14 
-7 16 27 3 0 -1 -3 -11 
2 -10 -18 -15 -4 -1 -8 1 
3 -13 7 -2 0 1 11 6 
-14 -44 -17 11 3 -5 -8 -8 
-4 -11 12 2 5 -4 -9 -9 
10 7 0 11 -1 3 -4 11 
-4 -11 -17 -23 -9 -7 10 1 
27 1 -10 3 5 4 -3 23 
-17 9 4 3 -3 -1 12 -15 
-26 -5 -13 -6 -4 -6 3 -5 
-18 -8 12 6 -5 -11 -31 -23 
1 -5 -4 -3 -1 5 6 1 
16 -1 13 2 2 -5 -8 12 
16 0 -10 -3 1 8 13 14 
-2 -21 0 0 -4 0 20 -13 
-8 -1 -2 7 -3 -7 -20 9 
1 -12 -6 -6 0 2 -16 -2 
-7 -3 -12 -8 0 -1 21 -6 
7 15 13 16 0 3 2 8 
1 -10 -13 -6 0 0 3 -8 
0 23 -11 -10 -3 -3 2 -1 
-8 -20 -1 -11 -6 -5 -13 -6 
9 -6 -4 4 -6 2 -2 11 
-8 2 -13 1 3 -6 -8 -8 
-4 22 23 3 4 0 7 1 
10 7 -46 -9 -12 -3 -2 3 
-1 0 42 8 5 2 -3 -9 
-6 -14 -26 -11 -15 -6 -4 -5 
-5 4 -9 35 -12 -12 -2 -4 
-9 -48 -13 -20 29 9 -1 0 
-4 4 -20 -17 -12 5 -3 -1 
-4 2 -5 -2 13 -2 2 -4 
2 -34 -15 4 -19 5 4 2 
5 45 54 7 -6 -10 -9 -7 
-18 -88 -6 15 9 -13 -6 -4 
3 -6 10 -19 8 14 9 3 
2 -13 -11 -11 1 -4 2 1 
3 22 0 -13 0 1 -3 0 
1 0 -12 -8 0 3 -3 -1 
-8 -22 6 8 -6 -11 -4 -5 
2 4 17 -1 8 4 1 0 
4 -9 -5 4 -3 4 3 8 
-10 19 10 11 0 -6 -5 -13 
-8 -5 8 3 0 0 1 -5 
-3 1 -9 -18 -2 2 -2 -1 
-3 2 1 3 -8 -6 -3 -3 
4 12 -3 1 -2 -4 -1 7 
3 5 1 1 -2 0 0 3 
0 1 -3 -12 -1 1 -2 -3 
-2 -12 -12 6 -5 -6 -4 -1 
4 9 15 3 3 2 0 -1 
0 -5 -4 0 -3 1 0 -3 
2 6 3 -10 -5 -2 1 4 
-3 -7 4 2 0 -3 -3 -4 
-2 14 -7 -2 -3 2 -3 -1 
5 -11 0 0 0 0 2 1 
-3 -10 2 4 4 -1 -3 -1 
-3 7 0 1 -3 -2 -2 -4 
-1 4 -4 -6 -7 -2 -2 -1 
5 12 0 4 1 -2 -2 1 
-3 -10 7 -2 4 0 -1 -3 
-4 -3 -5 -1 -3 -1 -3 -4 
1 7 2 -3 -3 -2 -1 0 
1 -4 -1 -1 -3 1 -1 1 
1 0 -2 -2 1 -2 0 -2 
1 36 -9 8 2 -2 -2 -1 
-1 -5 2 -12 -10 -1 0 -1 
-2 9 2 3 1 1 0 -2 
-1 -10 -10 -12 -2 1 -2 -1 
0 11 -1 3 2 -1 -2 2 
1 -7 5 3 -1 -2 -2 -1 
2 15 5 2 0 0 -1 2 
-3 -4 -6 -1 -1 -3 -4 -1 
2 -9 -2 -1 3 -1 0 0 
-1 2 1 5 -2 -2 -3 -3 
0 -7 9 8 3 -2 -2 0 
1 -7 -5 -11 -8 -3 0 -1 
-3 -10 0 -3 0 1 0 -1 
-2 13 -4 -2 3 1 1 1 
-1 -2 -11 -9 -6 -4 -2 -1 
0 1 7 4 3 0 -1 0 
-2 -13 -4 -1 -5 -1 -4 -2 
1 -1 -1 1 6 -2 -3 -2 
0 0 -4 -1 -1 0 0 -1 
-2 0 -1 1 1 -1 -1 -1 
-2 -6 2 -5 -5 -2 -1 -1 
1 0 -3 3 0 -1 -3 -1 
0 8 0 -4 -5 -1 1 0 
-7 17 -27 -7 -5 -2 -1 -3 
2 -5 45 17 5 5 5 4 
-7 -9 -14 -18 -13 -2 -3 -5 
-2 -9 -11 -4 4 0 0 -2 
1 17 8 2 -1 -3 -2 0 
-3 -8 -9 0 0 -4 -1 -2 
-1 -7 -2 -2 -5 -1 0 0 
0 6 8 -3 -6 -1 -1 -1 
0 -9 3 11 11 1 -1 -1 
0 -3 -8 -7 -7 -3 -2 -4 
-1 -3 3 -1 0 0 1 1 
-3 -4 -8 -2 0 -3 -2 -3 
0 -7 -3 -1 0 -1 0 0 
-2 -6 1 4 4 -3 -2 -2 
-2 1 -9 -1 -6 -1 -2 -3 
-1 5 -3 -6 -1 3 0 -4 
0 -12 -3 -1 -3 -3 -2 -1 
-1 4 2 2 0 -1 -1 1 
-1 -1 1 1 1 -2 1 -1 
-1 -4 -1 -1 -2 -3 -1 0 
0 -2 13 1 1 1 0 -1 
-2 0 -10 -2 -3 -4 -2 -3 
0 2 9 2 8 -3 -2 1 
-4 -3 -23 -11 -9 1 0 -3 
-3 -5 -8 -1 -8 -1 -2 -2 
2 0 -10 -10 2 2 1 0 
0 3 -1 2 1 -3 -2 0 
3 7 10 3 3 -3 -1 -2 
-1 -2 4 4 5 -1 -2 -2 
-1 -1 -2 -5 -9 -3 -1 -2 
-8 -30 -27 -9 -4 -1 -4 -3 
1 13 14 5 11 1 0 1 
-3 -6 -5 -5 -3 3 2 0 
2 0 10 0 -9 -2 0 0 
-3 -5 -9 -4 2 -3 1 0 
-2 -12 -5 -3 -11 -4 -3 -1 
0 -4 2 -2 4 0 -1 -1 
-2 2 -8 -3 1 -2 -1 -2 
1 6 7 4 -2 0 -1 -2 
-3 -6 0 1 -2 -3 -3 0 
1 12 -5 2 4 -1 -1 -1 
-3 -7 0 -14 -12 0 -1 0 
0 5 6 -1 -4 -1 -3 -2 
-3 -6 -2 7 8 -1 0 -1 
0 -8 -7 -10 -9 -4 -2 -1 
-3 -3 -10 2 5 0 -2 -1 
1 4 9 2 -5 -1 1 -3 
0 -13 -11 -6 5 -3 -3 -3 
-7 -24 -4 1 -2 2 1 -1 
-3 14 7 21 11 -3 0 -3 
-2 1 -2 -14 -11 0 0 0 
1 -8 -1 -2 -11 -2 -1 0 
0 4 0 -6 1 -2 -2 -1 
-2 -6 -15 -10 -7 -3 -2 -2 
0 12 6 10 9 1 -1 2 
0 6 0 0 -2 0 0 1 
-3 -8 3 -1 -3 -2 -2 -2 
6 14 6 -1 -5 0 2 1 
-1 -1 -2 9 7 -3 0 -1 
0 -2 -4 -19 -13 1 0 0 
4 15 13 5 -2 -3 -1 0 
-4 -12 -9 -9 -2 -2 -3 -2 
-4 -9 3 8 11 2 1 -1 
1 5 1 -6 -14 -3 -2 -2 
-2 -11 6 1 4 -2 -1 0 
-1 -1 -9 0 2 1 -3 -2 
2 0 0 -8 -9 0 -1 -1 
-2 -1 -2 6 4 0 -2 -1 
1 27 -7 -2 3 -2 -3 -3 
0 -14 7 3 3 -1 0 1 
-1 -6 -5 -1 -4 0 1 0 
-1 1 1 -1 3 -1 0 0 
1 4 -6 -11 -5 -1 0 -1 
-2 3 -2 0 3 1 -2 -1 
0 -1 -1 1 1 -5 -2 -4 
-3 -15 -3 1 -3 -2 -3 -4 
-2 -2 2 -3 -2 -1 0 -1 
-1 -5 0 7 7 0 -1 -1 
-1 -4 -4 -13 -9 0 0 -1 
-1 7 8 7 6 -1 -2 0 
0 -2 -5 -1 -6 0 -2 0 
-1 0 1 -4 -5 -1 0 -1 
-1 3 2 -1 0 0 -2 -1 
-3 1 4 7 3 -2 -1 -1 
-1 -3 -2 -2 -5 -2 -1 -1 
0 3 1 -4 -3 -2 0 -2 
-2 0 -3 -3 -5 -4 -1 -2 
-5 -21 -8 0 3 -1 -2 -2 
1 9 19 15 6 0 0 0 
-2 -12 -10 -14 -10 -1 -1 -2 
0 -2 -4 -2 3 -1 0 0 
0 0 -5 -4 -8 -3 -1 -1 
-2 0 -1 5 6 -4 -1 0 
1 -2 1 -6 -5 0 -1 0 
-1 3 0 -1 -9 -1 -1 1 
0 4 2 1 5 2 -1 -2 
-2 9 -14 -7 -3 -3 -3 -2 
-2 -7 6 8 1 -1 -1 0 
-1 -4 -5 0 -5 -2 -2 -2 
2 4 0 -3 0 -1 -1 0 
0 -2 -3 -10 -8 1 -2 -1 
0 3 -4 -2 -3 -5 -1 -3 
-2 0 -4 11 11 0 -2 -3 
-1 -2 5 -3 -2 0 2 -1 
1 -7 1 -4 -8 -3 0 -2 
1 0 -2 0 6 1 -1 0 
-4 5 0 -4 1 -2 -1 -1 
-1 5 -1 1 -3 -2 1 -2 
-3 -11 -6 -6 -5 1 -2 -1 
-1 2 -1 4 -2 -5 -2 0 
-1 2 3 -3 0 0 -1 -2 
0 -4 1 -1 -2 -1 -3 -1 
0 -2 -4 4 -1 0 -1 0 
-1 3 2 -10 -2 0 0 -1 
-5 -3 3 2 0 -3 -3 1 
-1 1 -3 -7 -7 1 -1 -1 
-2 -9 1 5 3 -3 -2 -2 
-2 2 -5 -3 -2 -2 -2 -2 
2 -4 -1 -6 -3 -2 -1 0 
-3 -1 0 7 3 -4 0 1 
0 -1 -1 -6 0 1 0 -1 
-7 -7 -11 1 -2 -1 -2 -3 
-1 -1 2 0 5 3 0 0 
0 -3 -6 0 -2 -2 -3 -1 
1 -3 1 -2 -3 -1 -1 -3 
-2 3 2 -1 -2 -2 0 -3 
-2 -2 -4 1 -1 -2 -3 -3 
2 2 0 -1 3 -2 0 -1 
-3 -5 -4 -2 0 -1 -2 -1 
-1 -5 6 -2 -6 -1 -1 -1 
0 11 -1 -4 -2 -1 0 1 
-2 -4 -3 -2 -2 -1 2 -1 
0 4 1 0 -3 -2 -2 -1 
1 0 -1 2 0 -3 -2 0 
-1 -2 -1 0 -1 -3 -3 -2 
-6 4 -14 -1 -5 -2 -2 -3 
3 3 7 -2 6 2 1 2 
-1 -2 -7 -2 -3 -2 -2 0 
-2 1 0 -7 -9 -3 -2 -2 
-1 -2 -5 2 1 -3 -1 -1 
-2 -4 -2 1 0 -1 -3 -3 
0 2 -2 -4 -3 -1 -1 -1 
1 2 -7 -1 0 -1 0 1 
0 -3 11 3 6 -4 -2 -1 
-1 -2 -4 -3 -10 -1 0 0 
-1 -1 -4 -6 0 1 -1 1 
-2 -9 -4 3 0 -1 0 -2 
-1 -1 4 -8 -3 1 0 -1 
-4 -3 1 3 2 -2 -1 -1 
-1 2 -2 7 2 -3 -1 0 
1 -5 -1 -6 -5 3 1 -1 
0 -2 0 0 -1 0 -2 -2 
0 -4 1 -1 -4 -2 0 0 
-2 4 1 2 -3 -3 -3 -2 
-2 -4 -4 -1 4 -3 -4 -3 
2 3 3 -10 -8 -1 0 1 
-4 -7 -8 -2 1 1 1 0 
-3 -32 12 3 -2 1 0 1 
-2 0 1 3 0 -2 0 0 
-1 1 -4 1 -2 -3 -1 -3 
1 0 0 7 7 -1 -2 -4 
1 10 -3 -10 -12 2 1 1 
0 -2 1 -1 2 -1 0 -3 
-3 -16 -5 -1 -3 0 -2 -1 
-2 1 -3 -2 0 -4 -1 -1 
0 2 -3 -7 -4 -1 0 -2 
-4 -22 -22 -3 -2 -3 -5 -3 
-3 -5 4 0 1 1 0 1 
-3 -33 -5 -3 -3 -3 0 -3 
-1 3 -4 1 1 -1 -2 -3 
-1 0 2 -3 -3 -2 2 1 
0 6 7 2 -2 -2 -2 -2 
-3 -2 -12 -2 0 -1 -2 -1 
0 1 -1 -3 2 -1 0 -1 
-4 -6 3 -1 -5 1 -2 1 
0 22 -17 0 -1 -3 -3 0 
-1 2 4 -9 -6 -2 -1 -2 
2 17 4 5 4 1 0 -2 
4 9 3 1 -4 -3 -1 2 
0 6 -1 -4 0 2 -1 -1 
-2 7 2 -4 -7 -4 -2 -1 
-1 -7 -5 1 2 -3 -3 0 
-2 2 1 5 2 -3 -1 -1 
-2 -12 2 -5 -2 1 -1 -1 
0 5 -2 -2 -1 -1 -2 -2 
-2 -7 -1 5 -1 -4 -2 -2 
-1 3 2 -8 0 0 -2 0 
-4 -19 -9 -3 -2 -2 -3 0 
2 17 5 2 -1 0 0 2 
-5 -12 -2 -1 -3 -2 -3 -2 
3 7 8 2 -3 0 1 0 
0 -7 -2 0 -1 -3 -2 0 
-3 -3 -3 -1 -3 -2 -2 -3 
-3 -9 -6 -3 -2 -1 -1 -2 
-4 -1 0 -1 0 -1 0 -3 
0 -3 1 -1 -3 -1 0 -4 
-1 -2 -4 2 2 0 1 0 
0 14 -1 -2 -3 -2 -2 1 
-2 -8 -3 -10 -4 -1 -1 -1 
1 8 1 0 -1 -2 0 0 
0 -4 -2 -2 -3 -1 -2 -2 
-1 4 -2 0 2 0 0 -1 
-1 -2 -2 1 -2 -1 -2 -2 
-1 -32 0 2 1 -3 1 1 
-2 -2 -3 -9 -5 1 0 -2 
1 0 -1 0 1 -1 0 1 
-1 -3 2 0 -3 -2 0 0 
-1 7 -4 -1 2 -1 0 0 
0 -1 -1 2 0 -1 0 -2 
-2 -2 2 -5 -4 -4 -1 -1 
-2 1 -11 -2 -1 0 -3 -4 
1 5 2 -1 -3 -1 -1 -3 
-1 -2 1 -2 -2 -3 -2 -1 
1 13 4 0 2 1 0 0 
1 9 20 6 3 2 1 1 
2 13 1 0 -2 1 -1 2 
1 -4 6 2 1 0 0 0 
-2 -8 -1 -2 -1 -2 -3 -3 
-2 -5 -3 7 8 -2 1 0 
-3 1 -3 -19 -17 -1 -1 -1 
-2 4 -2 3 2 0 -2 -1 
-1 -5 -3 -1 -3 1 -1 0 
2 -2 -8 -2 0 -3 -1 -2 
-2 -3 -1 3 1 -2 -4 -2 
4 15 3 0 -1 -1 -1 0 
-2 -2 4 -1 3 0 -2 -1 
-2 9 -13 -3 -6 -3 -1 0 
-1 -10 10 4 0 0 0 1 
-1 -4 -4 -2 -2 -2 -2 -2 
-1 2 0 2 -2 -2 -1 -3 
0 3 -3 -6 -3 -1 0 -3 
-1 2 -5 -2 1 -2 -1 -2 
0 -5 -2 1 0 -3 0 -1 
0 -6 -4 -3 -2 -1 1 0 
-1 -7 1 -4 -6 -3 -3 -1 
-2 0 -6 2 3 0 0 -1 
-2 -4 -3 0 1 -1 -2 0 
-2 2 -6 -6 -5 -2 -1 -3 
0 -4 1 0 -2 -2 -1 -1 
1 -2 -3 -8 -3 0 1 -1 
0 14 2 9 9 -3 -2 -2 
-7 -18 -17 -14 -13 0 0 -3 
-2 -2 3 0 -1 -2 -2 -2 
-2 1 3 4 -3 -2 -2 -3 
-4 -8 -6 -3 6 2 1 -1 
-1 1 -1 4 2 -3 -3 0 
-1 -4 -1 0 -2 -2 -1 -1 
-1 4 -3 0 2 -2 -1 -1 
-2 -6 -5 -5 -7 -3 -2 -2 
1 -7 9 6 2 -1 1 1 
-1 -1 3 -2 2 1 -1 0 
-2 -3 -9 1 0 -1 -1 -1 
-1 -1 0 -7 -5 -2 -1 -1 
-3 19 -15 -4 -1 -3 -1 -2 
0 -1 3 -2 -2 -2 -2 -1 
-1 1 1 2 3 0 -2 -1 
-1 -4 0 -3 -6 -4 -2 -1 
0 6 -3 -2 -1 -3 0 -2 
-2 -1 1 15 8 -2 -1 -2 
-2 3 -10 -28 -15 2 0 -2 
3 -1 12 3 4 3 2 2 
-1 -3 3 0 -2 -1 -1 -1 
-1 -2 -2 -2 -2 -1 -2 -1 
-1 -7 5 8 0 -1 -2 0 
-3 6 -5 -2 -2 0 -1 -2 
-1 -5 0 0 2 -2 0 0 
0 -6 -1 -2 -1 1 0 -2 
0 1 5 12 3 -4 0 0 
-2 -6 -8 -19 -13 -2 -1 -2 
-2 -12 -4 3 3 -3 -1 -1 
-1 -3 -8 -7 -6 -1 -2 -1 
-2 1 1 0 2 -3 -1 -3 
-2 -4 -5 7 6 1 -3 -1 
2 -2 2 -3 -1 -1 -2 -2 
-2 -2 1 3 -2 -2 0 -1 
2 0 -2 -8 -8 -1 -2 0 
-2 -11 -3 2 2 -2 1 -1 
0 -1 1 0 -2 -1 -3 -2 
0 0 -2 -4 1 0 2 0 
0 -3 -4 3 6 -1 -2 -2 
-1 6 2 -1 -6 -1 -1 -2 
0 -7 4 1 2 0 -1 0 
0 2 -1 -1 -3 -1 0 -1 
-3 -3 -1 -1 0 -1 -1 -2 
-1 3 2 -1 -1 0 0 1 
0 1 -1 -1 -2 -1 -1 -3 
