#EMG
#9
#ID:9-3
2 0 2 9 -8 1 -1 2 
-1 -2 1 -2 -3 -2 -2 -2 
0 4 -1 -4 -3 -2 1 0 
-5 -1 -3 -8 -2 -3 -1 -7 
-2 -11 5 4 1 1 -2 0 
1 9 -2 3 0 -1 0 1 
-4 26 -19 -11 0 -1 -1 -6 
2 -7 -5 -4 -3 1 0 3 
1 3 0 -2 -2 -3 -1 -1 
-1 -3 -1 7 0 -1 -2 -1 
-4 4 12 6 -2 -1 0 0 
-3 2 -6 -1 2 -1 -1 -1 
2 5 6 -4 3 -2 0 -3 
0 -13 -6 -9 0 -1 -1 2 
4 -2 3 4 -2 -2 -1 -2 
-3 -5 3 6 -4 -2 -3 0 
0 -3 -6 -8 0 -1 0 0 
-3 0 -4 -5 -1 -3 -1 -1 
-4 -17 4 3 0 -1 -1 0 
2 -1 -4 -3 -5 -2 -3 3 
-2 5 -2 2 -1 -1 -1 -3 
-3 0 1 -13 0 0 -1 -1 
0 0 -20 -4 -4 -2 -2 -2 
1 0 -5 -2 -5 -1 1 -1 
-2 2 0 -2 0 -2 1 1 
1 4 6 12 -2 -2 -1 -3 
-2 -12 -5 -1 -1 0 -1 -5 
-2 -5 -1 1 -2 -2 -1 -2 
0 0 -4 -8 -3 -1 -2 -1 
-3 -9 -10 -7 -3 -1 1 -2 
-3 -3 12 3 5 -2 -1 -3 
0 -4 -21 -7 1 -2 0 -1 
2 1 11 3 -4 0 -1 0 
-4 -36 7 5 2 1 0 0 
-2 1 2 -1 -3 -3 -1 0 
-1 5 5 -1 -4 1 0 1 
-2 -4 3 8 1 -1 -2 -2 
1 6 -15 -12 -1 0 0 -2 
2 0 3 -2 -1 -1 -2 -1 
-3 0 1 3 0 -1 -1 -3 
-1 1 -9 0 -1 -2 -1 0 
-2 6 3 -6 -3 -1 0 0 
1 -2 4 4 2 1 0 0 
1 4 1 -1 -4 -3 -1 -1 
-2 -9 -5 -4 -1 -2 -2 0 
4 4 -5 0 1 -1 -1 2 
-6 -3 -2 -4 -3 -2 -2 -3 
-6 -2 1 -2 1 -3 -2 -5 
3 2 5 -5 0 0 0 -1 
-2 0 1 9 -3 -3 -2 -4 
5 9 -19 -11 -5 -3 0 2 
-9 -3 2 -1 -2 0 0 -5 
-1 10 17 4 3 -1 0 -5 
2 8 0 -1 -1 0 -2 0 
-2 -2 4 -2 2 0 0 -3 
0 -17 -4 4 -4 -1 0 1 
9 48 15 0 2 4 4 6 
0 5 7 2 -1 -1 -3 -1 
-2 -4 -1 -3 -3 -2 -1 -2 
-1 -4 -1 7 4 -2 -2 -2 
-5 -20 -13 -5 -2 -1 -2 -5 
-2 -4 -1 -2 0 1 0 -2 
2 13 2 1 -4 -2 -3 -2 
4 12 4 -12 -3 0 0 2 
-3 -18 -9 10 1 -2 -3 -1 
-2 11 1 2 1 1 -1 -1 
1 -19 2 -1 -3 -1 -1 0 
1 1 -2 -10 0 0 -2 2 
-7 -9 -5 0 -5 -2 -2 -7 
-1 -2 -6 -6 0 -3 0 0 
-1 -1 6 8 -1 0 1 1 
-1 -1 -3 -9 -6 -2 -3 -5 
-3 -15 -17 -2 1 0 -2 2 
1 1 1 1 -2 0 -1 1 
-1 0 7 5 5 -1 -2 0 
0 17 -19 -9 -8 -5 -3 -2 
1 -17 11 -5 -3 -2 0 1 
-4 0 3 3 -3 -3 -2 -2 
-3 6 -6 -6 -1 0 -1 -5 
-6 1 3 7 -2 -1 0 -2 
1 4 -11 -11 -1 -3 -2 -2 
3 -5 2 6 -1 -2 -1 3 
-1 15 9 -3 -1 0 1 -1 
-1 -21 -10 2 0 -2 0 -1 
3 1 2 -1 -3 0 0 0 
-12 -16 -12 -2 -2 -1 0 -4 
0 0 5 0 -3 -2 -2 1 
-2 11 11 3 -3 1 -1 -1 
0 -14 -7 2 -2 -3 -2 4 
-1 10 -3 -13 -6 -4 -3 -8 
-4 -9 -9 -1 1 -3 -2 -4 
3 13 2 0 4 0 1 1 
-4 3 28 15 -1 0 -1 -2 
4 -13 -12 -4 1 0 0 2 
-3 2 1 -9 -2 -2 -1 0 
-2 -10 -1 4 -5 -1 -2 -5 
4 26 -14 -6 3 0 -1 4 
-6 -25 -6 -2 -8 -4 -3 -5 
-5 10 -10 -1 1 -1 -1 -2 
2 -29 12 -1 4 -2 -2 -1 
-5 -14 -11 -11 -4 -3 -3 -3 
-2 -13 7 8 -1 -1 -2 0 
3 -7 -9 -3 -1 -1 -2 1 
-1 38 2 1 -2 0 -1 1 
-2 -13 -2 -1 -4 -3 -1 -1 
2 7 -6 -11 2 1 -1 0 
0 -13 3 4 -1 0 1 3 
-2 4 -9 -12 0 1 -1 -4 
2 -11 -7 9 2 0 -2 9 
-5 17 10 -3 -3 -5 -6 -15 
0 21 -22 0 -6 -4 -9 2 
3 -6 14 -1 -1 2 9 0 
6 5 -5 -15 -4 -1 2 6 
1 -5 21 25 5 1 0 1 
-3 -16 1 -5 -1 -4 -5 -4 
8 5 -27 -1 0 1 -11 3 
-11 -18 -23 -12 -6 -4 10 -5 
-6 5 -15 -3 1 3 -6 -6 
-7 6 30 2 -3 -5 6 -11 
17 -32 -1 6 4 0 -3 17 
2 11 -10 -5 -4 -1 -2 -10 
-20 -8 -28 -15 -2 -1 1 -3 
-1 -18 13 7 0 5 6 0 
-6 34 16 10 2 -10 -15 -9 
9 10 -11 -3 -1 0 -11 3 
2 -20 -39 -8 -6 -4 9 2 
4 26 13 -1 2 1 -4 -3 
-3 -8 19 8 -2 2 -2 2 
14 13 1 -19 -1 -2 2 5 
-2 -7 -7 13 0 -2 3 -3 
2 -13 -9 -8 4 3 11 12 
-18 -52 -35 -8 -9 -4 -3 -21 
-2 2 -3 17 -3 -4 -6 6 
7 45 13 -23 -4 1 -2 2 
0 -13 -11 -4 -5 -1 -3 -1 
-6 5 8 -7 -2 -3 -4 -6 
-16 -27 6 1 0 4 15 -2 
6 13 22 4 1 1 0 6 
5 2 -11 2 0 -3 -22 0 
-14 3 10 6 -3 3 -4 -11 
-9 -15 2 2 -2 0 24 -6 
7 17 4 -2 1 -11 -25 2 
5 -25 -12 -4 -1 1 21 6 
-6 4 -3 -5 0 -3 -10 -6 
-3 3 17 5 0 3 -25 6 
-3 -16 3 2 -3 0 13 -6 
0 10 -2 0 1 -2 -2 -1 
2 13 13 0 -2 -4 7 -1 
-2 -4 5 1 -1 -2 -14 -4 
-3 -14 -10 -1 -3 -3 7 6 
-7 4 -6 -6 -2 -2 -11 -7 
9 1 -9 1 1 7 11 9 
-6 24 -25 -2 -1 -2 1 -8 
0 -36 18 -3 -6 -4 -11 -2 
-2 9 2 2 -5 -3 6 -1 
2 -24 3 -3 4 1 5 8 
5 54 7 4 1 -3 -11 -7 
-5 -1 -2 -5 6 3 5 -6 
-4 24 -5 -19 -9 -3 -4 -3 
6 14 20 15 2 -2 0 5 
0 -47 46 33 13 5 5 0 
-2 19 -25 -7 -9 2 3 -4 
-5 18 -22 8 12 -5 -3 -1 
-5 -19 -25 -39 -17 -1 -3 -2 
-2 -8 0 -16 -3 4 7 -2 
2 -20 -3 32 12 1 1 3 
8 29 30 5 -3 -4 -9 0 
-10 -100 -10 -14 1 0 4 -2 
-15 0 12 21 16 -3 -3 -8 
-6 6 -59 -11 3 -9 -9 -2 
-7 -53 -57 -15 -32 11 4 -3 
-4 3 1 11 4 0 1 -6 
-4 -7 -18 -2 -25 -11 -9 -4 
12 62 61 13 19 8 4 7 
5 -33 12 -19 -8 -9 -3 3 
-14 -33 -32 20 -4 -6 -4 -13 
7 51 15 -38 1 5 1 7 
0 -10 7 2 -6 -2 2 -1 
-7 39 56 23 6 -2 -4 -8 
5 28 -15 -21 0 -1 -6 3 
23 -23 8 20 -3 -6 3 14 
-24 -23 -20 -33 -6 2 -1 -26 
-22 -5 8 19 8 4 -4 -14 
-2 11 -1 -8 -4 2 19 -10 
1 -5 -10 1 -1 -15 -18 11 
14 17 13 -1 -5 5 -6 3 
11 -25 -22 -5 0 -7 8 0 
-7 18 9 7 -5 -5 -12 5 
-1 -1 -11 -6 -2 7 1 -9 
-2 -46 18 5 -1 -2 3 5 
-5 -15 -3 3 -1 -2 -13 -5 
21 17 11 11 4 6 15 22 
-19 14 3 -6 -3 -7 -8 -17 
-4 -8 1 10 -4 -3 9 -2 
3 -7 -11 -2 2 2 0 3 
10 44 21 1 2 -2 -9 0 
-8 -31 -18 -21 -7 -1 -2 -5 
-1 -11 -1 23 -7 -6 -11 -5 
4 34 6 7 4 5 2 5 
-3 13 -6 -15 -3 -4 3 -5 
-4 -1 9 6 -1 2 -2 -5 
4 -8 0 -20 -5 -4 2 6 
3 13 20 9 0 -1 -5 -1 
-5 -6 4 15 -1 -4 -6 0 
7 17 -17 -9 1 3 6 9 
-15 -42 -26 -4 1 -1 7 0 
4 -1 -12 -14 0 -4 -2 2 
-1 27 1 -18 2 -3 -8 -5 
-10 -46 -18 15 -5 -3 -1 -6 
7 82 -4 -22 -7 -3 -1 2 
-17 -68 -15 -18 7 2 -2 -6 
-2 -12 -16 0 -15 1 1 1 
-6 -22 -40 -5 6 -3 -1 -8 
-2 6 12 2 -4 -1 -4 1 
1 5 2 -2 0 -1 3 -1 
-9 -17 -4 10 5 -4 -3 -3 
-4 1 -25 -6 -10 -1 1 -3 
2 -4 21 1 -1 -5 -9 -3 
-9 -43 -2 18 -6 -8 -2 -4 
9 -16 -22 -30 2 10 5 4 
-5 -5 36 24 1 0 1 -2 
-8 -4 -32 -23 -13 -4 -7 -9 
7 9 10 3 -3 -4 1 11 
-2 -19 65 14 6 5 3 1 
9 14 6 -6 -1 0 1 6 
-8 -19 -20 -14 18 0 -6 -8 
-1 33 25 13 -1 4 2 -2 
-4 -26 -19 -6 -10 -10 -3 1 
16 9 -5 0 3 5 4 9 
-23 3 12 1 -7 -12 -9 -12 
7 16 -72 -9 -1 -1 -5 -10 
4 29 5 19 16 2 0 1 
-5 6 27 -20 -8 -6 -1 -2 
8 9 3 -9 -16 0 2 4 
-9 -15 2 0 1 -1 -4 -6 
-3 -28 -4 1 -7 -5 -5 2 
-6 15 -1 -5 -1 -2 -4 -10 
19 17 5 5 5 7 5 16 
2 6 28 -4 0 0 -2 -2 
-17 3 -6 3 -5 -4 -12 -13 
-1 5 0 0 4 3 15 -4 
-4 -18 5 -2 -5 2 19 -2 
12 -13 -7 -4 -2 -8 -36 8 
-6 -7 -33 -10 -6 -2 23 10 
21 21 16 6 4 14 22 15 
-15 23 7 10 -1 -12 -26 -2 
-4 -10 -6 -9 1 12 16 -19 
-22 14 -5 1 0 -14 -28 -15 
-7 -4 -25 -11 -8 -3 8 -8 
16 -51 -27 -3 -2 -4 -13 8 
-10 18 14 -9 -5 -2 26 18 
-3 8 21 21 10 5 -27 -8 
25 -54 -20 -29 -7 0 -19 14 
-11 27 -7 -13 -1 -4 7 -15 
9 -11 15 16 -4 -4 6 2 
3 7 -26 -7 -5 3 7 -10 
-13 16 19 29 4 -6 -17 -2 
9 -12 25 -22 1 8 8 6 
-2 -32 -38 -43 -9 -2 -3 -1 
14 7 21 11 0 -1 -5 4 
-11 21 15 28 1 -6 0 -14 
-4 -23 -29 16 -1 -3 8 -1 
-1 51 37 0 4 9 12 1 
5 -28 -15 -13 5 1 -6 3 
-6 10 -5 -4 -1 -4 -8 -8 
4 16 -22 -21 -21 7 6 3 
3 38 -3 26 -4 -12 -16 -3 
-7 -2 3 -21 4 -3 7 -5 
2 22 30 37 5 -6 -3 0 
0 26 12 -24 -22 10 3 1 
4 -4 9 23 31 5 -2 3 
3 17 37 20 -7 -5 2 0 
-9 -41 -44 -52 8 12 8 -7 
3 26 4 30 7 -8 -11 6 
-6 6 2 -19 -14 -7 -6 -3 
-5 -7 -28 2 6 -8 6 -2 
-6 -24 7 -29 -13 5 -5 1 
8 44 27 15 8 3 -1 0 
-5 -20 -7 -1 2 -1 1 -3 
11 11 2 4 -4 -4 2 7 
-5 -1 -8 -2 -3 -8 -7 -1 
-9 -19 3 11 5 -2 -5 -10 
-13 -3 -1 -7 0 -1 1 -10 
13 47 -8 14 -7 -2 -3 4 
-5 -7 11 1 -5 -5 -4 -8 
-10 -17 -11 -6 7 1 1 -5 
8 -12 -4 4 -9 -3 0 11 
-6 -2 -20 -20 -3 2 0 -5 
-4 10 -4 5 -2 -2 -2 0 
9 -19 20 3 3 0 0 9 
-12 -32 -32 -4 -5 -4 -7 -15 
-1 -9 13 -3 -3 3 2 -1 
10 31 7 1 1 -4 1 5 
0 -15 -1 2 2 1 -2 -1 
-8 -5 -13 -19 -7 0 2 1 
10 -10 12 12 -3 -1 0 0 
-11 -14 -26 -23 -6 -2 -5 -8 
4 -11 1 21 3 -4 -6 -1 
2 11 9 9 2 1 5 6 
1 3 -4 -20 -2 0 -5 2 
4 -14 0 -1 0 3 6 3 
-18 -6 -14 -12 -1 -7 -9 -12 
13 61 33 23 8 1 0 8 
-5 -34 26 -10 -10 2 1 -4 
-1 -17 -12 1 -13 -2 -4 -1 
4 10 13 3 1 2 1 6 
0 -14 -30 -3 1 -3 -2 -3 
-2 18 -13 -5 -1 -2 2 0 
-7 -5 3 -4 -6 -5 -3 -3 
-1 -12 -11 -7 2 -1 1 -2 
-2 -14 -3 -4 -2 5 -1 -1 
3 19 18 6 2 -3 2 2 
-5 -8 -4 4 0 -2 -3 -2 
1 12 0 5 -1 -3 -4 -2 
-2 -14 -12 -4 -1 -3 -2 -2 
-7 16 -15 -13 -16 1 -1 -2 
-1 -11 8 2 6 0 -4 -5 
4 -7 1 0 1 0 -3 8 
-7 -2 6 -10 -2 1 19 -6 
2 -8 -6 9 6 -7 -9 3 
-13 22 -6 -10 -6 0 -4 -7 
-2 -10 -6 3 1 1 -1 -5 
6 -8 10 3 -4 -4 -8 6 
-7 2 -10 -5 -4 1 1 -10 
1 11 -12 -1 6 -3 2 3 
4 -2 18 10 7 -1 -4 4 
-10 -14 1 -8 -4 -1 -5 -3 
2 4 1 6 -5 -4 5 3 
11 4 2 13 1 3 -3 6 
-8 18 1 -25 -2 10 5 -7 
-7 -21 0 -1 -21 -12 -8 -10 
0 -11 3 2 22 8 3 1 
-1 0 3 14 4 -2 -2 0 
2 -11 -8 -17 -9 -7 2 0 
4 -6 -15 4 2 0 -3 5 
-4 5 3 1 -5 -3 -1 -8 
-5 18 25 8 2 -3 0 -4 
-1 -16 -2 -5 -7 1 1 0 
3 16 0 -8 -1 2 -3 2 
-2 -17 -13 -3 -3 -5 -5 -6 
2 16 8 -2 4 1 -1 5 
0 12 0 7 -5 -6 -2 0 
1 -4 5 7 18 0 -2 -1 
-3 -2 -7 -20 -18 4 -2 1 
3 -14 -6 1 -6 0 -2 1 
-8 -3 -2 12 14 -3 -5 -10 
2 -3 -9 -24 -17 3 11 -4 
1 -2 12 18 17 0 -4 1 
-3 6 -27 1 5 -1 -1 -3 
-1 -20 -6 -13 -14 -2 0 1 
-4 2 10 -4 7 -2 -4 -5 
0 -2 -4 -2 -4 1 3 1 
-2 -10 3 0 -1 -2 1 -2 
4 11 5 11 2 1 0 6 
-7 -2 0 8 1 -5 -6 -8 
-2 8 -3 -9 -5 1 -2 -4 
1 -19 -3 -2 0 -3 -2 7 
-7 -10 -12 -6 -5 -1 -7 -12 
11 0 3 -3 -4 -1 3 15 
-28 0 6 7 1 -4 -3 -24 
0 -1 -6 3 4 0 -2 -2 
8 -14 -9 -5 -6 1 3 7 
-6 22 1 -3 -8 0 -5 -5 
6 -7 -9 -18 -7 1 2 9 
-2 16 -2 5 6 -1 1 -2 
2 0 17 2 -5 -4 -1 -2 
-3 -14 -19 8 -7 -5 -4 0 
1 -12 -7 14 8 2 3 1 
-1 -2 -5 -45 -6 2 0 -4 
2 22 14 14 1 -2 0 2 
-2 -30 2 -5 7 0 0 0 
4 13 6 6 -15 -2 0 0 
-4 -11 -3 2 -1 -2 -1 -3 
-6 -14 -6 -3 1 -2 -1 -3 
4 2 13 8 7 0 2 2 
-3 -20 -10 -17 -7 -2 -4 -4 
-1 3 0 4 -2 -3 -2 0 
-6 -4 -1 13 0 -1 0 1 
-7 4 -10 -11 -3 -3 -8 -12 
2 -5 0 3 7 -1 0 3 
-1 7 13 10 -9 -2 -3 -5 
-6 3 -7 -2 -5 -2 -2 -3 
2 4 -14 -12 7 4 0 -1 
-2 -13 -11 -2 2 0 1 1 
-2 1 4 -4 -7 -1 0 0 
4 3 0 11 4 -2 -1 -3 
-8 -1 22 10 -6 -4 1 -1 
1 8 -14 -10 -2 0 -2 2 
0 -14 -4 -14 6 -1 1 -3 
2 -3 -12 -5 -12 -1 -4 7 
-6 -4 -13 -17 3 -2 7 -7 
-2 9 15 10 1 -7 -8 -2 
-4 -6 -7 1 -7 -4 -3 -3 
7 6 0 -1 11 4 3 7 
-6 -10 1 4 0 -3 -7 -9 
2 12 7 1 -6 1 2 3 
-1 -2 7 7 -6 -2 -1 -1 
-1 1 -18 -11 0 -3 -1 -3 
8 3 8 2 -10 -3 -4 2 
-3 -19 5 8 15 -2 1 -3 
0 5 4 -15 -18 1 0 -1 
0 -29 -7 1 -7 -2 3 5 
-12 14 -1 -10 2 -1 -5 -10 
0 -5 -7 9 10 -4 -1 0 
1 -6 -9 -13 -11 -1 0 1 
-7 6 10 1 3 0 -1 -4 
5 -3 -10 1 -6 -3 -3 3 
0 20 3 1 -8 1 -1 0 
-11 -13 -19 -2 -3 -3 -1 -3 
0 9 -2 -5 -2 -4 -2 -5 
3 4 9 5 1 1 0 4 
2 6 -14 -10 -9 -3 -2 2 
-1 0 4 10 9 -2 -2 -1 
-3 -8 -4 -5 -3 -2 -3 -5 
6 5 -4 -2 0 1 1 6 
-7 -12 1 -3 -12 -4 -4 -10 
-2 0 0 -16 5 1 0 -1 
-4 -10 -4 5 4 -3 -3 -3 
1 -2 3 7 5 2 2 3 
1 -4 0 -7 -3 1 0 -4 
-2 0 4 17 5 -1 -2 1 
-4 8 -2 -10 -6 -1 -1 -5 
1 2 -2 -2 -9 -2 -1 2 
4 -7 -5 -17 -5 -2 -2 1 
0 -1 6 14 11 0 -2 -2 
3 1 -6 -4 1 -1 2 2 
-5 2 4 4 0 0 -1 -6 
0 -2 6 3 0 1 1 1 
-4 -7 -9 -9 -6 -1 -1 -3 
0 5 9 5 -1 1 1 3 
0 -10 -4 -3 0 -4 -3 -2 
-2 2 -3 -7 -3 -1 0 -1 
-2 -5 11 12 6 1 0 2 
-2 -5 -18 -21 -6 -1 0 -3 
1 -4 -2 -4 -7 -4 -4 3 
-3 -1 4 11 3 -5 -2 -2 
-4 0 -5 -4 -2 1 -1 -6 
11 14 13 13 -2 -4 0 10 
-10 -1 2 1 -1 2 -3 -8 
-6 -17 -13 -24 -1 -5 -3 -2 
3 2 2 0 -10 1 2 3 
-5 -1 -5 0 2 0 -4 -9 
4 3 -4 -7 -7 0 3 4 
3 4 3 19 15 -2 -5 -1 
-5 -10 -5 -19 -14 -1 -2 -3 
1 -3 3 -4 1 -2 -2 -1 
2 -6 -12 7 4 0 3 3 
-1 2 17 2 -2 3 1 -2 
-1 3 0 -2 4 -1 5 -1 
-3 -2 -12 2 3 -1 -1 0 
2 3 -4 -3 0 -4 -9 0 
-5 5 -8 -25 -13 -3 5 -2 
7 -5 2 8 8 0 -5 2 
12 8 10 0 -4 0 1 9 
-14 1 7 2 6 1 2 -14 
-2 -6 -8 6 -5 -3 -5 -2 
2 -1 -1 4 -5 -6 -2 4 
-4 -5 5 -4 2 2 3 3 
8 0 -7 -5 -2 -2 -2 0 
-1 0 10 1 0 1 -2 2 
-2 1 -7 -2 -6 -4 -1 4 
-6 -2 4 15 5 -1 0 -3 
-3 0 6 -11 -9 -1 -3 -4 
7 15 -12 -3 -2 1 1 3 
-14 0 6 0 2 -2 -2 -8 
-8 -8 -2 0 1 -1 -2 -4 
2 1 -2 3 -3 0 -2 -1 
12 13 -1 3 0 3 2 8 
-7 -3 -12 4 4 -2 -6 -11 
-9 -6 16 13 4 -1 0 -7 
-5 -23 -14 -14 -7 -3 -1 -1 
-3 -2 3 -3 -9 -2 1 -4 
5 -7 -10 2 4 -3 -9 0 
-3 3 5 6 0 0 0 -7 
0 0 -10 -14 -3 0 1 4 
-5 -16 -11 -5 -2 -1 -1 -1 
2 6 27 1 2 0 5 -2 
-7 15 -24 -10 -6 -5 -7 -6 
-4 -9 -3 11 -3 -5 -3 1 
1 -1 -3 1 0 2 3 5 
-4 -2 -1 2 -3 -3 -4 -9 
0 0 0 -2 10 -4 -7 -7 
1 2 1 -23 -18 0 2 1 
-6 21 0 11 16 1 -3 -4 
-1 -14 -26 -15 -12 -3 -7 1 
0 0 14 1 -8 1 9 2 
-2 3 -2 1 9 -2 -1 -3 
-1 3 -3 2 -3 -6 -5 -5 
8 6 9 2 -3 0 1 6 
-5 -7 -13 -2 1 -3 -3 0 
3 17 1 -5 -6 0 -1 3 
6 -6 0 -3 1 0 1 4 
-19 4 4 3 4 -2 -3 -16 
-4 -26 -19 -2 -11 -4 -1 2 
4 10 10 6 1 0 2 2 
1 -15 -7 -5 -2 -1 -1 4 
1 4 -3 3 1 -2 -1 4 
2 -3 -6 -35 -9 -1 -1 -4 
-2 -4 3 24 7 0 -3 0 
-6 -9 6 23 0 -1 -3 -7 
3 -4 6 -4 -1 2 4 3 
-4 2 -1 -13 -7 -2 -3 -3 
1 -1 -4 -4 3 1 1 2 
-5 -4 2 -2 1 -1 -2 -3 
5 2 0 6 2 -1 1 4 
4 -4 -8 -5 -2 0 -4 1 
3 -1 19 5 3 -2 -1 -2 
-9 -23 -5 9 -2 -3 -1 4 
-5 -21 -13 -26 -16 -2 1 -7 
-2 2 9 0 10 5 0 -3 
-2 -2 -5 5 -3 -3 -3 -4 
4 4 -6 -11 1 -4 -3 0 
5 6 4 15 5 1 3 10 
1 -2 -3 3 -3 -1 -2 -3 
-2 -2 -5 0 0 -3 -1 -1 
-1 -4 6 1 -7 -2 -5 -3 
2 3 0 -5 4 1 4 5 
-3 -14 -23 7 -2 -3 -3 -5 
-6 -26 -23 -24 -11 -4 -2 -1 
10 28 27 12 4 0 1 -1 
3 1 -2 -10 -14 -1 -1 1 
0 -5 5 3 4 -3 -1 0 
-3 -1 -3 10 3 -1 0 -1 
-4 -10 -13 -16 -3 -1 1 0 
0 7 5 2 4 -1 -1 -4 
11 4 8 17 -2 -2 -2 7 
-17 2 4 -2 -1 1 -1 -14 
2 4 -9 -7 -5 -2 0 -4 
-4 13 -12 -4 3 -3 -2 -2 
-3 -7 17 -15 -1 1 0 -5 
3 0 -21 -11 -12 -5 -5 5 
-4 -9 -7 -2 1 0 1 -1 
-6 -1 -4 5 -6 -3 -3 -6 
8 5 7 28 5 -2 -1 5 
4 0 -11 -48 5 2 1 -1 
-7 0 2 11 -13 -6 -6 -11 
-1 -12 6 11 9 0 -1 1 
-5 -3 -8 -13 -10 -1 0 -5 
0 9 9 22 12 2 0 1 
-6 -10 -26 -31 -14 -1 -3 -6 
0 0 1 -1 -3 -2 -2 0 
-5 7 0 1 2 -5 -2 -2 
1 -2 15 21 2 -1 -2 -3 
3 -4 -14 -43 2 1 2 3 
-3 -3 -4 -4 -6 0 0 -1 
-1 1 -13 -6 3 2 1 4 
1 3 10 15 -1 -3 -2 2 
0 3 12 22 6 0 0 0 
4 9 -5 7 -4 -3 -4 2 
-3 -5 7 -18 -5 -2 0 -4 
-6 6 -6 5 0 2 -2 -7 
-5 -14 4 21 10 0 -2 -1 
1 5 -7 -5 2 1 1 0 
4 -9 -14 -13 -15 1 -1 3 
-7 2 4 8 2 -2 -4 -6 
-2 -14 -13 -29 -7 -1 -3 -1 
0 -4 1 4 3 1 -1 2 
2 6 1 4 6 0 0 3 
-7 -16 4 7 -5 -2 -2 -4 
8 9 14 12 1 -1 1 5 
1 -8 -6 -11 1 -1 -2 0 
-5 3 -6 -2 0 -2 0 -5 
7 6 4 4 0 0 1 4 
-8 24 2 -26 -3 -2 0 -3 
-1 -17 -1 -1 -7 -3 0 -2 
-1 1 -1 0 -1 -2 -1 1 
-5 9 -3 -9 1 1 -1 -6 
-2 -10 -7 9 -4 -1 0 2 
1 0 -1 -8 3 0 1 -1 
-4 1 9 14 1 0 -2 -4 
5 -2 2 -1 2 1 1 6 
0 -4 -9 -11 -2 0 -1 -3 
-8 17 -15 -6 -8 -4 -6 -7 
2 3 1 3 -5 -3 -3 -3 
0 -11 3 1 -3 -1 0 3 
-7 -10 -3 -5 1 -5 -4 -8 
-3 -3 -3 -16 -10 2 -1 -5 
-8 16 2 10 -1 -1 -3 -7 
0 -4 -4 7 -5 1 2 2 
1 4 12 2 6 0 -1 0 
-2 -9 -6 -7 5 -2 0 1 
5 11 11 6 1 0 0 0 
-1 -12 -4 -5 -4 -1 2 -1 
0 -1 8 19 0 1 1 3 
0 -17 0 1 0 -3 -1 0 
-5 -11 -2 -23 -7 -3 0 -2 
1 2 -20 -1 2 0 -1 2 
-4 -16 11 -5 -8 -2 -1 -5 
5 28 12 5 -9 -2 0 2 
-2 -1 -6 -6 5 -1 -1 -1 
-2 1 3 5 1 -4 -3 -1 
1 -2 -9 -5 0 2 1 4 
-6 -2 8 4 2 0 -2 -8 
-4 -21 -3 10 -2 -2 -1 4 
1 11 -9 -20 0 -3 -2 0 
3 9 -3 13 -7 -3 -3 -3 
-2 -31 31 14 10 4 4 3 
0 1 -12 -19 -9 1 -2 -1 
