#EMG
#1
#ID:1-9
2 14 -6 -4 -4 -2 -3 -2 
-1 -9 -6 2 2 0 -2 -7 
-2 -12 -4 -8 -5 -1 -1 2 
-2 -1 0 4 -1 -3 -2 -4 
1 22 0 -1 2 -1 -2 -2 
-3 -17 6 -2 -5 1 0 1 
-3 0 -11 -2 -2 0 -2 -5 
0 -7 20 9 3 -1 0 0 
-1 10 -16 -5 -6 -5 -3 -4 
-2 -18 -3 -11 -6 -1 0 0 
0 9 6 -1 -3 -1 -1 -2 
-2 -9 5 2 2 -2 -2 -2 
0 26 10 -8 -1 2 -1 0 
2 29 -14 10 4 -3 1 0 
-3 -36 16 -2 -6 -3 -3 -1 
-4 3 -9 -2 -1 -1 -2 -3 
2 1 1 -4 -3 -1 -1 -1 
-4 7 -9 -6 0 0 -3 -2 
-2 0 -7 2 2 -1 0 -3 
1 -4 -6 -2 -3 -3 0 -1 
-1 -3 3 0 4 0 1 -1 
1 -4 2 6 5 -1 -2 -1 
2 3 10 -11 -9 4 0 1 
-4 -17 -22 -10 -4 -3 -4 -4 
-1 0 -6 -1 -3 -2 -2 0 
1 2 7 0 -4 -4 -4 -1 
-2 3 1 3 2 -2 -1 0 
0 13 -2 -2 -1 -1 -1 0 
-2 -5 1 -1 -3 0 -1 0 
-1 2 -1 -3 -2 -2 1 -2 
-2 -9 -8 1 4 -3 -3 -2 
-2 -1 -2 -6 -9 -4 -2 -2 
2 20 0 9 13 2 -1 -1 
0 -17 -6 -7 -7 2 -1 1 
2 9 3 -12 -10 -3 -2 3 
-8 -20 -1 4 1 0 -2 -8 
-5 -1 -4 2 -6 -5 -3 -2 
1 19 -9 1 3 -1 -1 0 
-3 2 0 4 2 0 -2 -5 
1 11 5 1 0 -1 0 1 
-1 -16 -4 -1 -3 -1 0 -2 
-3 -1 0 -3 -4 -1 -2 -3 
-1 -3 -4 3 6 -1 -2 0 
1 7 -4 -1 -4 -1 0 3 
-1 -8 -13 -2 0 -2 -2 -2 
-1 -3 3 -5 -7 1 1 -2 
-2 5 0 2 -2 -2 0 -2 
0 5 -3 0 4 0 -1 -2 
-2 -3 6 -3 -1 -2 -1 1 
-1 -1 2 1 -2 -3 -1 -2 
-2 -2 -3 2 3 -1 -3 -1 
-2 -2 1 -2 -3 1 0 -1 
1 -1 -5 -2 -3 -2 1 0 
-1 -2 3 2 0 -3 -3 -2 
-1 6 -6 -4 6 4 1 -4 
1 -10 -23 -15 -5 -2 -4 1 
-1 9 7 -3 -6 -1 -2 -4 
1 -15 -7 -4 -1 -3 -1 5 
-4 -5 4 5 0 -2 -1 -8 
0 -26 13 5 1 1 0 0 
-2 -3 -6 -2 1 1 0 -4 
-5 -8 -6 -4 -1 -2 -3 -4 
0 -2 -11 2 -3 -5 -3 -1 
1 6 4 1 0 -2 -3 0 
-8 -21 3 3 -3 -5 -3 -3 
-1 2 0 -3 1 5 3 0 
-3 -10 -29 -15 -7 -3 -1 -1 
1 15 7 10 0 -6 -2 -1 
-3 -8 5 -7 -5 0 1 2 
1 12 5 4 3 -1 0 -1 
0 3 6 4 2 0 0 1 
-1 2 7 -8 -4 0 0 -2 
0 0 -4 7 8 0 0 -1 
-2 -2 1 0 -5 -3 0 -1 
0 4 4 -2 -1 2 0 1 
-1 1 -4 0 2 0 -2 -1 
3 3 7 -2 -4 -1 -1 2 
-2 1 0 -1 2 0 -1 -2 
4 0 -5 -5 -9 -3 -4 -1 
-8 -4 -8 0 4 1 0 -6 
-5 -32 -4 -4 -3 0 1 -1 
1 6 -3 -2 -2 -3 -2 0 
-3 0 -9 13 12 -3 -1 -1 
0 2 -5 -8 -15 0 0 3 
3 11 -8 -7 3 1 -2 2 
1 -2 3 -3 -1 -2 -2 -2 
-2 3 0 0 -1 -1 0 -1 
1 -5 1 5 7 -2 -3 0 
-4 0 0 -4 -6 -2 0 -4 
3 15 1 -3 0 0 0 1 
-2 -5 3 0 -2 -3 -3 0 
3 16 7 1 -1 0 0 2 
1 3 2 2 -2 -3 -1 -2 
-4 -6 0 -4 -4 -2 -1 -3 
-2 -6 1 -4 -5 -2 0 -1 
-3 -1 4 2 1 -2 -1 -6 
-2 -7 -17 -6 -1 0 -1 0 
-2 2 1 0 2 -2 -1 -3 
2 0 0 -1 -2 0 -1 0 
-5 -32 -4 -4 -1 -1 -3 -1 
0 23 -8 2 -1 -1 -1 -3 
-5 -11 -16 -7 -3 -1 -3 -3 
-2 9 8 5 1 0 -1 -2 
1 5 -2 -10 -8 0 -1 1 
0 2 -5 -5 -4 -2 -1 -1 
0 -5 5 1 0 -1 0 4 
-2 -5 0 1 2 1 0 -3 
3 21 -21 -1 2 -3 -2 0 
0 -9 11 1 2 0 -1 1 
-6 -7 2 -1 -4 -2 -2 -7 
-1 0 -1 -1 -3 -2 -1 1 
-3 -6 -9 -3 1 -3 -3 -2 
2 3 7 -3 -2 0 -1 1 
-6 1 4 7 0 -7 -3 -6 
-1 -5 -6 -6 2 3 2 -1 
2 -5 1 0 -3 -3 -1 -2 
-5 -3 -1 0 2 -1 -4 -4 
3 -7 -4 1 -5 0 0 5 
-1 7 18 5 1 0 0 2 
3 -23 -3 0 -2 -5 0 1 
-8 5 -2 -1 1 0 -2 -6 
-4 -20 9 -3 -4 4 1 1 
0 2 3 -6 -9 -1 0 1 
-2 2 -5 -2 5 -1 0 -2 
0 13 -2 -1 -6 -4 -2 -1 
-2 1 1 -1 2 -1 -2 -2 
2 7 -2 -3 3 -2 -3 -1 
-6 1 6 -4 -8 0 -1 -3 
4 -2 0 7 1 2 0 -1 
2 11 -2 -5 -2 -3 0 3 
3 -7 -4 -5 -6 -2 -3 -4 
-8 9 0 2 3 -3 -4 -5 
-2 4 11 9 5 -3 -7 -2 
0 -2 -14 -16 -11 1 7 -2 
-2 -2 5 -1 6 3 5 3 
-7 -14 -16 0 -1 -3 -5 -4 
1 5 3 0 -5 0 10 2 
3 -21 9 4 3 -2 -5 0 
-4 -2 -14 -8 -15 -5 -5 -2 
-4 -28 21 2 3 3 0 1 
5 -30 -9 -3 -1 -1 -2 7 
-10 32 -11 2 2 -2 -8 -11 
-4 -29 -25 1 -1 -3 8 -6 
1 11 19 2 0 -4 -9 -2 
6 18 -18 -9 -7 -5 0 0 
-9 -21 12 -4 3 0 -2 -3 
-6 4 -23 0 0 7 3 -1 
3 15 39 9 -2 -7 10 8 
-11 -18 -4 -17 -8 -7 -14 -7 
3 11 -3 4 2 0 -1 3 
-6 19 -8 -6 -6 -4 -6 -5 
4 -2 14 2 0 3 5 2 
-7 -39 -67 -9 1 -7 -7 -8 
11 41 44 -2 -2 3 0 4 
-3 5 5 -10 -4 -2 -4 -1 
8 9 -9 0 -2 2 5 1 
-14 -26 27 23 13 0 -2 -6 
-1 -10 -63 -37 -20 0 -2 -4 
4 0 9 5 6 -4 -3 6 
18 25 3 -3 -5 3 -1 4 
-6 -24 13 7 3 3 4 -2 
6 38 25 20 8 -3 1 4 
-4 -101 13 -5 -4 -1 -4 3 
-5 15 -20 -9 4 -3 -6 -2 
8 16 -3 7 -3 1 1 2 
1 -13 8 7 2 -1 0 -2 
0 -10 -18 6 -7 -6 -7 -3 
-3 0 34 -1 12 8 7 -4 
-3 -7 -29 0 -10 1 -1 1 
16 -6 -19 -18 -1 -3 4 17 
-10 36 10 13 12 -4 -9 -14 
5 -23 -46 -11 -21 -3 -7 6 
-22 29 6 -19 3 2 3 -15 
3 -23 -11 -10 -6 -3 0 -3 
-1 19 24 25 5 2 8 -6 
-7 -19 -19 -9 1 -1 -6 4 
1 0 27 21 -6 -1 -6 -2 
-5 -5 -21 3 22 2 2 -5 
2 -5 11 -4 -17 2 3 6 
3 11 -33 -22 0 2 -3 -3 
2 26 -11 -6 -7 -8 0 5 
-7 -12 17 18 2 -3 -6 -3 
1 21 -5 -8 5 3 1 -4 
4 -17 6 7 -1 1 2 16 
-4 5 -1 -5 1 -2 3 -12 
-8 -5 -10 -4 -7 -2 -6 -9 
-1 -4 -18 -13 -7 -7 -1 1 
3 18 -1 1 1 1 -3 -4 
7 3 29 6 1 3 7 8 
-3 10 2 10 -1 -3 -11 -4 
-3 -15 -21 -9 -5 -4 2 4 
-11 -53 8 -2 1 -2 -6 -10 
6 11 27 3 4 -2 8 1 
-1 22 7 19 6 6 4 1 
-3 -29 29 -17 -15 1 -4 3 
-3 6 -35 -4 2 -3 3 -7 
-1 7 0 -12 10 0 -5 3 
1 -14 6 14 -17 0 -2 -1 
3 14 -1 4 18 -1 2 -3 
-8 -9 -18 6 -5 0 2 -5 
6 -6 32 -10 -3 -1 -5 4 
-2 -12 -30 -9 0 -1 1 0 
-2 17 6 13 9 -2 -3 0 
-4 -15 -8 3 0 -2 -7 -3 
3 19 -23 -9 -7 3 9 2 
-2 -3 0 -3 4 -4 1 2 
-4 21 6 -7 -4 2 -5 -8 
-5 17 7 11 2 -4 0 -6 
-4 -12 -10 9 -1 -1 -3 -4 
-3 -1 -6 -9 -4 -4 -3 -4 
3 -5 -16 -6 -2 -3 1 8 
-10 16 1 -5 -4 -2 0 -12 
-7 -28 3 -10 -9 -4 -7 -5 
-4 -14 10 -11 -2 2 8 2 
0 -12 -11 5 9 -6 -19 -4 
5 50 25 8 -5 5 7 2 
9 -3 -26 0 -4 1 10 11 
1 -7 21 9 9 -3 -8 -4 
4 -15 -4 -11 -16 3 10 12 
-3 40 39 7 8 -3 -7 -3 
5 -9 -8 -30 -22 -5 -8 -4 
-1 12 -2 1 10 7 5 6 
-1 19 -33 5 6 3 6 2 
-30 -49 -54 -2 1 -13 -19 -35 
7 -4 -21 -18 -13 6 4 43 
3 7 -23 3 4 -3 -2 -25 
-6 24 1 -4 -7 -5 -8 -14 
0 9 21 3 5 -1 4 8 
-8 45 -13 16 16 -1 -6 -13 
1 -36 2 -9 -24 -6 -1 17 
8 11 10 1 3 0 3 4 
0 -25 7 -11 -6 1 1 -5 
3 30 7 13 0 -6 -7 -5 
1 0 -9 -20 -4 0 -1 4 
-2 2 28 11 -2 -2 -6 -8 
1 4 -2 -10 -3 -3 2 4 
5 -37 -13 -3 1 -2 0 4 
-20 23 -9 -1 2 -3 -6 -24 
-7 3 -1 5 -6 0 2 -5 
9 -30 5 -5 -5 -1 -5 20 
8 -12 -15 -3 3 1 1 -4 
4 11 13 0 -1 -4 2 -3 
-9 -11 -6 -4 4 1 -3 8 
-10 -6 -15 -26 -6 0 -3 -15 
-11 -3 46 13 1 -5 -4 -11 
1 -13 -24 26 23 -1 -5 3 
2 2 -11 -53 -31 3 3 0 
5 6 -3 8 3 -2 8 8 
-5 -18 -10 -10 2 1 -4 -7 
2 10 15 24 4 2 3 2 
1 -12 2 -10 -29 -18 -7 -3 
1 -4 -6 49 30 13 2 -1 
2 8 35 2 -26 -8 0 -4 
-4 -20 -27 -64 6 6 1 4 
0 -6 -1 5 -10 9 1 -5 
6 10 12 -8 -46 -13 -3 6 
-6 -7 -16 13 26 -3 -4 -2 
-4 0 13 9 -19 -8 -2 -1 
3 0 15 13 10 -6 -5 -4 
-1 -4 -3 -13 -2 1 2 1 
-6 -14 -15 -3 -1 3 -1 -1 
-1 1 -1 -10 -11 -4 -3 -3 
-8 -26 7 8 14 0 -2 -2 
3 4 11 9 9 1 0 1 
1 24 -2 -12 -12 -1 -1 -1 
-1 -13 18 10 10 1 0 3 
-3 17 -20 8 11 0 -2 -6 
2 2 -3 -13 -12 0 1 2 
-3 -41 21 9 11 1 0 -1 
1 18 -9 0 -7 -3 -2 -4 
6 -8 6 4 3 1 3 8 
-2 -5 -14 -12 -3 -4 -2 -1 
0 16 -14 12 13 3 1 -2 
-2 50 5 -14 -19 -3 -3 -3 
-4 -16 11 -1 2 1 0 -3 
0 8 -1 4 9 -1 -1 -4 
6 6 6 -6 -7 0 2 11 
-2 -3 -5 -1 0 0 0 2 
-3 -7 -16 6 6 -4 -6 -11 
-6 9 9 -1 4 0 -2 -3 
0 6 2 -1 -6 -3 -3 -1 
-6 -26 -2 -3 -2 -4 -2 -3 
4 5 -7 -8 -7 -1 0 0 
-1 -14 9 21 14 -4 0 -2 
-1 45 13 -24 -17 7 5 1 
5 -5 10 16 -1 -3 -1 2 
-2 -7 -11 -14 5 2 2 -1 
2 18 -23 -12 2 0 0 1 
-4 1 0 2 0 -5 -4 -4 
0 -4 3 -2 -4 -1 0 -1 
-1 13 4 3 2 -4 0 -1 
0 -10 -7 -7 -5 -3 -1 1 
-6 -11 -18 -4 -1 -4 -3 -2 
-2 -17 6 19 4 -2 -2 -2 
-1 7 -1 -8 -1 -1 -2 0 
0 3 -13 -29 -24 3 1 0 
-2 -15 -8 12 15 -1 -4 -3 
-1 -3 -8 -6 -6 1 0 0 
1 4 21 9 -4 -1 0 3 
2 8 5 2 5 1 -2 -1 
-2 -10 -1 -5 -3 -3 -2 -3 
-5 -11 -9 -8 -12 -1 0 0 
3 -3 -13 15 10 -5 -5 -4 
-4 -12 12 -13 -9 1 1 1 
-2 -5 -16 -4 -3 0 -1 -3 
-1 10 -2 4 1 -2 -2 -1 
1 1 12 -2 -3 2 0 2 
-2 -5 1 8 2 -5 -4 -4 
1 2 -2 0 -1 -3 -3 -1 
-4 -7 -6 -7 1 3 0 -2 
-4 -2 0 2 -4 -3 -2 -2 
5 1 -4 -4 7 5 3 1 
-3 -17 -10 0 -8 -3 1 0 
-1 -21 16 -1 1 -4 -3 -2 
-2 -3 -5 -6 0 2 0 1 
-4 -8 1 10 -3 -1 -1 -5 
2 6 -3 -4 -2 -2 -3 -6 
2 9 -5 -4 0 -1 -1 0 
-3 -8 -3 -1 4 -1 -2 0 
-2 1 0 3 -3 -4 -2 0 
-5 -8 7 12 7 0 0 -5 
1 4 -13 -16 -9 -3 -4 -2 
0 -8 2 -6 -4 -4 -1 1 
-3 -10 -3 -2 2 -1 -3 -3 
-1 -2 3 1 -4 -2 -1 -3 
0 -3 3 8 4 -1 -2 -2 
1 9 0 1 -4 -1 2 1 
-7 -8 -24 -3 -1 -4 -2 -1 
-1 3 0 -4 -4 -4 -3 -3 
1 13 -2 1 5 3 1 0 
-1 -12 -8 -3 6 0 0 -1 
0 7 1 -10 -7 -3 -1 -1 
1 -5 -4 1 3 -1 0 1 
0 8 -1 -8 -6 1 1 0 
-1 6 -5 4 2 -2 -1 -3 
-2 -5 8 4 -1 -3 -1 -3 
0 -4 -1 -4 -4 -2 -2 -1 
-5 -18 -3 7 2 -5 -3 -2 
-2 1 -1 -8 -5 6 1 -1 
-1 -9 -9 -12 -9 -3 -1 -2 
1 3 2 -6 -3 1 0 0 
-1 -5 -2 2 -1 -5 -1 -2 
0 -3 -2 -3 -2 -1 -2 -3 
1 9 7 11 4 1 0 0 
-2 1 -2 -10 -7 -1 -2 -2 
-8 -17 -58 -4 -2 -5 -3 -4 
0 1 -3 -12 -4 -2 -2 -1 
2 4 5 5 5 1 1 1 
-3 -2 2 2 0 0 0 0 
2 8 14 -2 0 1 0 1 
0 2 7 5 1 1 -2 -1 
-1 -5 -13 -9 -4 -3 -2 0 
-1 1 -1 3 5 -2 -2 -1 
-2 1 11 -2 -1 1 1 1 
-1 0 1 7 1 -2 -1 -3 
1 0 13 4 1 -3 -3 -2 
-2 -7 -7 -11 -7 -1 1 0 
2 2 12 2 2 -1 -1 -1 
-3 -3 -2 6 2 1 1 0 
-5 -10 -9 -5 -9 -2 0 -3 
-1 -10 -8 -1 5 -2 -2 -2 
-2 -2 4 -5 -5 2 -1 0 
-3 -6 -11 -4 -1 -5 -3 -3 
-1 3 1 11 1 -4 0 -1 
-2 -1 2 -10 -7 2 -1 -2 
1 1 -6 -1 1 -2 0 0 
1 16 7 1 -3 1 -2 -2 
-2 -6 7 -5 -4 -2 -2 -2 
-1 3 12 7 -1 0 -1 0 
-2 -3 -14 -2 6 -3 -3 -2 
1 16 -7 -6 1 -3 0 2 
1 -9 5 -2 -7 4 1 0 
-3 4 6 -1 1 0 -1 0 
2 8 5 1 -3 0 0 -3 
0 4 8 4 -7 -1 0 0 
2 6 -13 4 12 0 -1 0 
-5 -20 -2 -2 -4 -3 -3 -3 
-2 -2 9 2 -5 -1 -1 0 
-2 -10 -2 4 4 -4 -4 -1 
-1 4 8 -5 -11 1 0 2 
1 3 -4 -7 0 0 0 -1 
1 0 2 8 7 -3 -1 2 
-5 -4 -1 -12 -9 -3 -1 -4 
-2 -6 1 4 1 -2 -1 0 
-1 -6 -4 4 5 -2 -1 -1 
4 15 7 -4 -5 4 1 -1 
0 2 12 4 -1 1 0 0 
0 12 4 3 4 -4 -3 -3 
1 -2 -8 -8 -3 -2 0 0 
-4 -33 5 4 2 -3 -2 -1 
0 -5 -10 -3 1 1 0 -2 
-2 -1 0 1 1 0 0 0 
1 -17 7 9 -2 -1 -1 -1 
-2 7 -7 -9 -7 -1 -4 -1 
-2 -4 -7 -8 0 -2 1 0 
-1 -5 -2 -2 1 1 -1 -2 
1 -12 16 -3 -5 3 0 1 
-3 -4 -10 -9 -6 -2 -2 -2 
-6 -11 -6 -3 2 -4 -2 -3 
3 13 -1 2 2 0 -1 -1 
-2 8 -6 7 -7 -5 -1 -2 
-2 -8 -4 -3 12 3 0 -2 
2 1 8 -4 -11 1 0 -1 
-5 -12 -10 3 5 -5 -1 -1 
-1 12 1 -7 -7 0 1 -2 
1 -4 -3 8 0 -1 0 1 
1 4 -6 -1 -4 -6 -6 -3 
2 9 6 1 8 3 -1 0 
-3 -3 -17 -23 -19 0 -2 -2 
-1 7 7 2 -1 -1 -2 -1 
0 -2 -6 4 3 -1 -1 -1 
-2 -3 -3 -1 -5 -4 -4 -3 
-2 3 3 5 8 0 0 -2 
-1 2 -4 -7 -4 3 1 -1 
4 28 16 4 2 3 2 2 
-2 -12 2 -2 -6 -1 2 -2 
1 5 -5 7 0 -3 -2 1 
-3 -4 2 -2 -2 -2 0 -1 
-3 -13 -12 3 4 -3 -3 -2 
-2 9 -3 -14 -12 -5 -1 -1 
0 17 -1 15 15 1 -1 -4 
2 -13 22 -20 -17 1 -1 -2 
-1 -10 -20 -7 -1 -1 -1 -1 
0 4 -5 0 -4 -1 0 -2 
-4 1 -9 2 5 -4 -3 -2 
-7 -46 -13 6 6 -1 -1 1 
-1 -6 3 -3 -1 -2 0 -2 
-2 -9 -5 -3 -3 -1 -1 -2 
-3 -2 1 -2 1 -4 -1 -1 
-1 9 -4 0 1 -3 0 -3 
-2 -8 -6 -2 -7 -2 -2 0 
-2 -5 -4 0 7 -2 -1 2 
-2 -9 2 0 -4 -1 -2 -2 
1 13 -9 5 0 -2 -1 -1 
-1 -2 5 -3 -1 2 1 1 
-2 0 1 4 0 -4 -4 -1 
0 0 0 -20 -9 0 0 1 
1 9 4 5 3 0 0 -2 
-1 -2 2 3 6 -1 -2 0 
-2 -7 2 4 2 1 -2 0 
-2 -4 -3 3 -3 0 -2 -1 
0 6 -3 -4 -6 -4 -2 -1 
-1 0 -4 -3 -2 -2 -2 -2 
-2 -5 -2 -3 -3 -1 2 0 
0 0 1 4 3 -2 -3 -1 
-1 5 -5 -2 -4 -3 -2 -1 
-2 -1 -1 7 8 -1 -3 -4 
-1 -6 -6 -13 -12 0 1 0 
1 2 -1 4 7 0 -1 -1 
-2 1 6 4 1 2 -2 -2 
0 -2 -7 -5 -6 -3 0 0 
-2 1 1 4 3 1 -2 -2 
-1 -9 -4 -6 -3 -2 0 -3 
-3 -3 -8 -3 1 -3 -2 -1 
-4 16 -12 -1 3 -1 -3 -4 
-3 -13 -4 -6 -9 -1 -1 -2 
-2 3 -15 -8 -5 -3 -2 -2 
3 6 15 2 -2 -1 -1 2 
-2 -1 0 2 -2 -3 0 0 
0 1 -6 -10 -1 0 -2 -1 
-3 -3 3 5 1 1 0 -2 
-3 -3 -14 -10 -4 -5 -1 -3 
-1 -8 9 6 -8 -1 0 -1 
1 3 0 -8 1 -2 -2 -2 
-1 -4 3 12 10 1 1 1 
1 5 -1 1 0 -4 -4 -2 
1 1 -6 -5 -5 3 0 0 
-1 -2 15 6 3 -2 -3 -1 
0 1 -3 -4 -3 -1 1 -1 
-2 -1 4 -1 -3 -1 -1 -2 
-1 -4 -15 -11 -2 -3 -2 0 
-2 -3 3 5 2 1 -1 -1 
0 3 -6 -6 -4 -3 -3 0 
-3 -1 2 7 1 -3 -2 -1 
-2 -7 9 -5 5 -1 -3 -2 
0 3 -1 -15 -14 4 2 1 
0 -34 11 2 -2 0 -1 1 
0 -1 -11 3 -1 -3 -1 -1 
-2 0 2 -9 -7 -2 -1 -1 
-1 -2 -3 10 7 -2 -2 -1 
-1 7 -2 -2 -1 -2 0 0 
-2 -1 -1 -4 -2 0 0 -1 
-3 -8 -3 1 -3 -2 -2 -2 
0 14 2 2 4 0 0 1 
1 23 11 3 -3 2 1 -1 
-3 -9 -2 -1 3 -2 -1 0 
-2 -1 -2 -3 -7 -2 1 -1 
-1 -1 4 8 0 -2 -1 -1 
1 -2 -11 -13 -9 -2 -3 1 
0 -8 -8 -2 3 0 -3 0 
-1 -6 4 2 2 1 -2 -1 
-1 -5 -6 2 -1 -4 -1 -2 
-1 -2 -1 5 3 -2 -4 -2 
-1 1 -3 -3 -2 4 -1 -2 
-2 -4 -1 0 -4 -1 -2 -3 
0 3 -11 -3 1 1 -1 -1 
0 11 3 -4 -3 -2 -1 -2 
0 0 2 -6 1 1 0 -2 
1 -4 2 2 5 -3 -1 0 
1 2 -7 -6 -7 -1 -1 0 
-1 -3 -2 4 6 1 -2 -2 
-1 -2 6 1 -2 -3 0 -1 
-1 19 -11 1 2 -3 -2 -1 
-1 -3 -8 -10 -11 -1 -1 -1 
-1 -1 -6 0 -3 -5 -2 -2 
1 0 4 0 2 -1 0 -2 
0 -3 -5 -1 -3 -2 -1 -3 
0 0 6 3 1 -3 -2 -1 
-4 -9 -5 -4 -3 -2 -1 -1 
-1 6 -7 -2 -4 -2 0 -1 
-1 -4 13 4 2 -3 -4 -2 
-4 -10 -17 -12 -4 -3 -1 -4 
6 33 33 11 3 2 2 1 
0 0 -5 3 1 -1 -1 -1 
0 -9 -1 -12 -11 0 0 1 
-2 -7 -3 5 2 -3 -2 -2 
-3 -6 -3 -2 1 0 0 -3 
0 0 -2 1 -2 -2 -2 0 
-3 1 -3 2 -1 1 1 -2 
1 3 18 12 6 0 -1 0 
-5 -25 -21 -13 -2 -2 -3 -3 
1 -25 7 -7 -12 1 2 1 
-2 -5 -5 -5 3 1 -1 -2 
-4 1 -8 -2 3 0 -1 -1 
-4 -9 -4 1 -1 -3 -2 -2 
-2 6 1 1 1 -1 -2 -1 
0 -3 -1 -1 -1 1 0 3 
-1 -2 5 0 -8 -4 -3 -2 
-1 -1 -6 10 15 1 0 -2 
0 5 -3 -27 -15 -3 0 -2 
-1 3 -3 2 -3 -1 -1 -3 
0 3 0 -1 3 -1 -3 -2 
0 -5 -4 -2 -8 -4 0 -1 
-1 2 1 5 1 0 -1 0 
-2 -10 -4 -3 -4 -3 -2 -2 
2 8 4 6 5 -2 -2 -1 
-3 -9 5 -9 -14 -2 -1 -2 
-2 -13 -17 -11 -1 1 0 -2 
6 33 32 1 -5 1 2 2 
-2 2 -2 1 3 -1 -2 -1 
0 -2 -1 0 -2 -1 -1 -1 
-1 5 0 5 3 -2 -2 -2 
-3 -10 -8 -1 3 0 0 0 
-1 -4 2 2 -2 0 0 -2 
-3 1 -4 -12 -4 0 -1 -2 
0 7 11 6 -7 0 -3 0 
3 10 -4 3 7 0 -1 1 
-2 -7 -1 -5 0 0 0 0 
-2 1 -6 -6 -5 -1 -1 -3 
-1 -19 15 7 2 -1 1 -2 
-3 -7 -8 -2 -4 -3 -4 -2 
1 4 0 -1 -5 -1 -1 -1 
-1 6 -1 1 2 1 -2 1 
-3 5 0 1 0 -1 -2 -2 
-3 -11 -9 -6 -2 -3 -1 -2 
-1 -7 0 2 6 -1 1 -2 
2 -5 -4 -6 -7 0 -1 0 
0 5 -7 0 2 -2 -2 -2 
-4 -9 -4 0 -3 -1 -1 -2 
-1 5 -8 4 5 1 -2 -1 
1 1 9 -16 -9 -1 -2 0 
0 -21 5 0 -2 -2 -2 0 
-2 -1 1 1 2 0 0 0 
-2 -2 -1 3 -4 -2 -1 -2 
-2 0 2 9 3 -3 -1 0 
-2 5 -9 -6 4 0 0 -3 
-1 -2 -3 0 -1 -2 -1 0 
0 -6 6 -1 -1 -1 -1 -1 
0 1 -4 2 -4 -2 -1 -1 
-2 5 -3 -13 -2 1 -1 0 
0 -2 -4 2 4 -1 -2 -3 
0 0 -5 -10 -5 -2 0 0 
-2 -1 -3 7 7 -2 -1 -2 
0 4 -1 13 2 -2 0 -1 
-2 -12 -6 -13 -12 1 0 -2 
-2 11 -16 -17 -8 -4 -4 -4 
-2 -11 -5 0 1 -1 0 -1 
-2 5 2 4 2 0 0 -2 
-1 -2 -3 2 5 -3 -2 -1 
-2 1 -4 -11 -6 1 -1 -2 
1 6 2 0 0 0 -1 2 
-4 -13 -15 -6 -2 -2 -2 -3 
1 4 6 7 4 -3 -2 -1 
0 -3 8 -5 -13 -2 -1 2 
-2 -3 -10 -6 5 1 -1 -2 
-1 0 -2 3 0 -1 -1 0 
-3 -2 2 3 -5 -3 -3 -2 
-1 -12 8 9 15 1 0 -1 
-1 1 1 -2 -10 1 -1 -2 
2 7 -6 -6 1 0 -1 4 
-1 -2 0 -4 -3 0 -1 0 
0 -1 0 0 -1 -2 -1 1 
0 6 -4 1 -3 -3 -2 -3 
-1 3 8 1 1 0 -4 -3 
-2 -4 -3 -1 -6 0 -1 -2 
1 0 -1 0 5 -1 0 -2 
-5 -12 -8 6 7 -1 -2 -1 
0 2 -4 -17 -9 3 2 0 
1 -31 10 9 5 -2 1 1 
-2 3 -4 -24 -19 -1 -1 -3 
