#EMG
#5
#ID:5-14
1 11 -4 -7 -1 -2 -1 3 
1 -15 15 4 -1 2 -1 -1 
4 15 18 3 1 2 0 4 
-3 9 -8 5 2 -2 -2 -4 
2 -1 6 -3 -3 -1 0 1 
-3 -3 -3 2 0 -1 -2 -2 
1 -3 1 -5 -4 -2 -1 0 
1 1 4 0 -3 1 1 1 
-2 -21 -8 -4 -1 -2 -3 -1 
-1 1 -1 -3 -2 -3 -2 -1 
-3 -2 -2 -7 0 1 0 1 
-3 0 2 -2 0 -1 -4 -5 
1 -39 10 18 2 -1 1 1 
0 2 -5 -4 -7 -2 -2 -2 
-1 2 -11 -6 7 -1 -1 -1 
-1 -7 5 -3 -7 0 0 -1 
-3 -3 -23 -7 0 -4 -4 -5 
0 4 5 3 2 -1 -2 -1 
2 -6 2 4 -4 0 1 1 
-3 2 -7 -2 -1 -4 -4 -4 
-4 2 -8 -3 -2 0 -1 -3 
-1 -13 8 2 0 -2 -1 -1 
-1 -1 -8 -3 -4 -3 -2 -1 
1 8 0 -6 -1 -3 -3 -2 
-3 -3 14 3 -1 0 1 -4 
-2 1 -9 -7 1 0 -1 0 
4 -2 0 -2 -3 0 -2 0 
-6 -2 -5 6 -3 -3 -2 -1 
-1 2 -4 -3 0 -1 0 -1 
1 4 -2 -2 -1 -2 1 -2 
-1 31 -6 -6 -6 -3 -1 0 
-3 -17 1 2 4 1 3 0 
0 10 -7 -8 -4 0 -1 -2 
0 13 16 4 2 -2 -1 1 
-1 -1 -3 1 -3 -2 -1 -2 
5 12 8 2 0 1 0 2 
0 4 4 2 2 0 -1 -1 
1 -3 -3 -7 -10 -3 -2 0 
-2 -8 13 4 6 0 0 -3 
-6 -20 -12 -3 -3 -3 -2 -2 
-1 -2 -1 -8 -5 -5 -1 -1 
1 4 -9 1 2 1 -1 1 
-4 -12 -6 3 -5 -3 -3 -1 
-3 2 5 -1 3 0 -2 -6 
0 11 -5 1 -2 -3 -2 2 
-3 -8 -6 -2 0 -2 -1 -5 
-1 -11 -3 0 1 -2 -2 -2 
-2 -1 4 -1 -2 -2 1 2 
2 2 2 -3 -3 0 1 1 
-2 -12 5 4 0 0 -2 -2 
-3 -20 -5 -2 -2 1 0 -1 
2 9 -3 0 -3 -3 -4 -3 
0 3 2 -3 -2 0 1 1 
-8 -1 -10 -1 -1 -2 -1 -5 
-1 -3 1 -3 -3 -2 -2 -1 
-1 -5 -6 1 -4 0 -1 -1 
-5 -13 -1 -5 2 -1 -3 -2 
-3 -3 -2 -2 -1 -2 -2 -3 
0 3 -2 4 -3 -3 -2 -2 
0 -5 -8 -6 -4 0 0 1 
-7 -3 2 3 -2 -4 -3 -10 
0 2 -2 -4 -5 -1 -2 3 
-4 0 -7 -7 5 1 0 -1 
-3 5 3 -2 -2 -2 -2 -4 
1 5 -6 1 -3 -3 -3 -2 
3 15 12 -2 -1 -1 0 -1 
-3 9 -14 -4 -4 -1 -2 -2 
1 -18 12 4 1 -3 0 1 
-1 2 -2 0 4 4 1 2 
-1 0 -8 -3 0 -1 -1 -3 
-2 -11 -8 -4 -4 -1 -3 -2 
3 17 -3 1 2 -1 -1 2 
-1 -2 -1 -7 -4 -2 -2 -2 
-1 -31 4 9 -1 -2 -1 0 
-3 -6 -2 -8 -5 0 2 -2 
5 2 -1 -4 -3 -4 -2 5 
-7 12 19 3 1 1 0 -9 
-3 -4 -18 -6 1 -2 -2 0 
8 32 29 3 3 0 1 2 
-2 -1 -5 1 2 -3 -2 -2 
1 0 -10 -2 -4 -2 -2 3 
-1 -6 -3 -1 -3 -1 -2 -1 
-6 -1 -13 -3 -3 -3 -3 -6 
-1 -3 -1 -2 -1 1 -2 0 
2 0 -2 -1 2 1 0 0 
-1 9 -1 0 -3 -4 -2 0 
1 1 -7 -2 0 -1 -2 0 
-1 2 1 -4 0 0 -1 1 
-6 -5 -5 -9 -1 -1 -2 -11 
-2 2 -5 6 -3 0 -3 -1 
4 -8 6 -3 -2 -1 0 3 
-7 -7 -3 0 -1 0 0 -5 
-2 1 4 1 -1 0 -3 -4 
3 6 2 -4 0 -2 0 2 
-4 -9 1 2 -2 -2 -2 -3 
-4 -18 -16 -2 -2 -3 -3 -1 
2 0 -6 -3 -6 -2 0 4 
-3 4 -2 0 0 1 1 -2 
1 -9 -4 -1 -1 -1 -1 0 
-1 -9 -13 -5 -2 -2 -1 -3 
0 -3 -5 -4 1 -2 1 2 
17 -5 0 0 2 0 2 15 
-26 -1 1 -1 -1 -4 -6 -17 
-5 -44 8 1 4 7 4 -1 
0 -10 -13 0 -1 -2 -4 3 
4 15 8 0 -2 -1 -2 3 
20 -9 -8 -4 -2 -4 -1 17 
-19 13 -2 -2 -3 -4 -3 -21 
4 -5 -4 3 0 1 0 4 
-10 -10 -2 -7 -2 -1 -1 -5 
3 12 4 4 1 1 2 3 
2 13 -3 0 -4 -1 -1 2 
4 13 8 -5 -1 -3 2 4 
-5 -1 1 4 -3 -3 -3 -6 
2 15 7 2 0 0 0 -2 
10 27 1 0 -1 -1 1 5 
-2 28 37 9 3 3 1 -2 
2 -5 -21 -7 -1 -2 0 1 
-6 9 -13 -5 -2 0 -3 -3 
0 -5 -10 -3 -5 -5 -1 0 
1 -1 1 -2 -2 -2 1 4 
-7 -2 -2 -1 0 1 -5 -10 
1 -8 -4 -4 -2 -1 1 -3 
4 15 -5 -2 0 0 -14 -1 
4 -19 -8 -2 -3 -5 7 1 
-19 10 20 4 2 -5 -13 -13 
-6 -15 1 0 0 4 5 -6 
6 -15 6 -2 -2 0 6 4 
-17 -1 7 0 -4 -3 0 -18 
12 -2 -13 -3 -1 -2 -5 7 
-12 -22 -18 -3 -3 -5 -12 -4 
-4 25 21 -1 0 1 2 -5 
10 25 10 4 5 3 -4 3 
0 -21 -21 -2 1 1 3 0 
-4 7 38 1 0 -1 3 -1 
0 -30 -60 -7 -3 -2 -2 2 
-2 8 35 1 -2 -3 -2 -2 
7 33 -28 -7 -2 -2 2 2 
5 -2 14 -1 -3 -1 0 0 
-1 8 19 6 1 2 4 0 
-2 -37 -48 -7 0 -2 -6 -1 
-1 13 56 5 -2 0 2 -5 
0 22 -29 -8 -2 -1 -2 -2 
-5 -53 -10 -1 -1 -2 -3 -2 
-9 -11 -60 -12 -10 -6 -5 -5 
-1 -16 11 -1 0 -4 -2 0 
0 -1 10 -6 -1 0 1 -3 
-2 22 1 11 2 0 1 -2 
-1 10 21 6 0 0 -3 2 
-14 -63 -20 -8 -3 0 1 -4 
7 40 2 -1 3 -2 -2 0 
0 -4 40 1 -3 -6 -5 -4 
-3 -18 -13 -6 -3 0 -1 -3 
3 25 39 9 3 5 5 -2 
-10 -24 -71 -5 -18 -7 -5 -2 
1 -16 -2 -15 2 -1 -4 0 
-9 1 14 -6 4 2 -1 -7 
8 25 12 10 -5 -1 1 2 
-1 -9 16 4 3 -1 -1 1 
5 19 8 3 -3 -1 0 1 
-3 -15 -4 0 0 0 -1 3 
1 6 -10 -4 2 1 1 -1 
1 -13 18 3 -2 -2 -1 -1 
-1 6 -9 -1 0 1 -1 2 
4 12 5 -5 0 1 0 -1 
-1 -20 -16 -6 4 3 1 2 
-20 -12 4 15 -5 -4 -3 -14 
6 5 -3 -3 -6 -4 -1 8 
-3 2 -2 6 2 -1 0 -7 
3 1 -7 -10 -9 -4 0 3 
12 -12 -2 -13 -2 2 1 11 
-13 8 -4 -9 3 4 0 -20 
0 -3 9 7 -8 -4 -1 4 
-7 -3 -14 -6 1 -1 -6 -9 
-4 2 2 2 1 -1 -1 -5 
4 26 0 1 -1 0 3 6 
-7 -13 -7 -1 -3 -4 -3 -14 
-7 12 -14 -6 3 2 0 -5 
-4 -19 -17 4 -3 -5 -5 -4 
9 22 30 12 1 -1 -2 8 
-8 -39 -17 -11 -1 -2 -5 -7 
-1 4 -9 1 -1 -3 0 1 
4 14 14 4 2 2 1 4 
4 -7 -13 -6 -2 -2 -1 -3 
7 14 16 6 1 1 5 10 
-3 -26 -5 -8 -6 -2 -5 -4 
12 -2 2 2 4 1 4 9 
-7 -3 15 9 2 1 -4 0 
2 -2 -34 -18 -4 -2 -3 0 
-5 7 -40 1 0 -1 -1 -3 
-5 43 -13 -11 -6 -5 -5 -7 
7 18 38 3 3 2 3 3 
-1 -6 -8 0 -2 -4 -3 -2 
1 10 3 -2 -3 -3 3 2 
-5 -23 4 4 3 0 -2 -2 
-4 -16 -5 -7 -3 -1 0 -3 
-2 -15 -37 -5 -4 -3 -1 -4 
6 -1 36 22 1 -2 -6 8 
-2 -15 -7 -6 0 3 1 -4 
-8 -12 -3 -2 -6 -4 2 -8 
0 -6 17 2 6 4 0 4 
-3 -11 -8 -8 -1 -2 -3 -4 
5 1 6 2 -3 -2 -2 3 
-3 -8 -21 -3 0 2 4 -4 
2 12 -3 -2 -4 -3 -8 -1 
-3 13 -3 -4 -6 -8 4 -3 
-2 -10 7 0 -1 -2 -1 -2 
0 -9 -19 -8 -3 -4 -1 2 
6 31 5 6 2 1 -4 2 
-1 -21 21 1 -2 -1 1 -5 
-6 4 -6 -7 -1 -3 -6 -6 
-3 -14 -24 -7 -2 0 -3 0 
-1 -2 2 4 -1 0 2 2 
-1 2 17 -1 -4 -2 2 2 
0 -13 -35 -8 -4 -3 -2 -5 
2 54 39 3 0 -1 -6 1 
-5 -32 -4 -1 -3 -2 1 -2 
0 10 -24 -3 -2 -1 1 0 
3 -11 -4 -5 4 0 -2 1 
-4 -9 -15 -1 -3 -3 -1 -9 
0 -11 12 -3 -2 -3 1 1 
10 18 38 6 -2 1 -3 4 
-1 19 12 10 4 3 4 2 
-4 -10 -19 -3 4 2 -3 0 
2 19 11 2 -5 -2 1 -2 
-3 -23 -2 -7 2 0 -4 0 
-1 -7 7 1 -4 -2 -3 -1 
-5 -4 0 -1 -3 -1 -1 -2 
7 4 -1 3 -1 -2 1 9 
-16 -1 -19 -9 -3 -5 -4 -15 
7 9 9 -1 1 -1 -1 5 
-4 -1 -4 -1 1 -4 -4 -2 
1 -33 30 0 -4 2 -3 1 
6 5 28 4 -1 -1 0 3 
-2 6 -4 -5 1 -1 1 -4 
10 7 21 -1 -2 -3 -1 10 
-3 42 -5 -15 0 0 1 -5 
-3 -7 11 25 -1 -3 -6 -5 
-5 -27 -6 9 4 0 1 -3 
-6 -10 -3 -35 -10 -2 0 -4 
7 22 -12 23 6 2 2 2 
-1 -5 1 -5 -5 1 2 1 
6 18 4 15 -1 -2 -2 4 
-12 -24 -17 -5 -6 -9 -6 -11 
-2 3 -12 -44 -8 -3 -2 -2 
-7 -19 -1 4 0 -3 -4 -4 
3 -4 13 6 1 -4 0 1 
7 17 -13 5 6 4 1 2 
-3 4 20 13 4 3 0 -2 
0 8 18 10 -3 0 0 -2 
-5 -9 -31 -15 -10 -2 -2 2 
-4 -34 -40 -3 0 0 2 2 
-1 1 10 37 15 -4 -3 -2 
-3 0 3 -19 -14 2 -1 -1 
2 9 -8 -14 7 1 2 2 
4 -24 51 18 -5 2 2 3 
2 12 18 5 6 3 0 -1 
-3 -11 -103 -26 2 -3 -1 2 
-10 22 62 0 -10 -6 -5 -9 
-5 -32 -47 -10 3 -1 0 -1 
-1 6 8 5 -7 -3 -1 -3 
4 21 13 6 6 -2 -5 -2 
0 -17 -5 -3 -4 1 0 -3 
-2 20 -2 6 1 -4 -3 -3 
0 -7 -11 -13 -5 -1 0 1 
-3 -14 -8 -3 3 -1 -2 -2 
1 -21 -12 2 0 -1 0 0 
2 13 19 0 1 4 0 -7 
-15 -15 -25 -12 -13 -11 -9 -4 
9 -4 2 -2 3 4 -10 10 
-12 -3 -2 -1 0 -1 21 0 
3 -10 -4 -3 -6 -5 1 -1 
2 -4 -6 -3 0 2 -8 -10 
-5 -6 -9 -4 -3 -7 -30 1 
4 -2 -3 -5 -1 2 20 1 
10 -9 -8 2 0 -9 -2 6 
-8 4 -3 0 3 -1 0 -8 
-28 -5 5 -2 -1 2 8 -3 
7 3 -2 -2 -1 -2 -15 -7 
-1 9 8 2 -1 0 6 6 
13 -3 -9 -8 -2 -1 -8 7 
3 10 -12 -5 -5 -1 13 -6 
-2 27 22 1 1 1 -24 -2 
8 24 27 6 -2 -1 16 9 
-28 -27 -12 -9 -5 -6 -8 -14 
7 6 -3 3 -1 0 10 1 
-2 0 -10 0 -2 -1 -4 0 
-4 -1 -5 -6 -3 -4 -11 -6 
10 19 28 7 2 1 2 5 
-1 -12 -13 0 -2 -4 4 -2 
-1 -8 -18 -7 -2 -3 -3 -1 
-1 -52 23 18 3 4 -7 1 
-6 -5 42 -28 -12 -4 8 0 
-11 -65 -40 -2 -3 -3 -2 -9 
1 -29 -8 -7 9 4 -2 4 
-4 20 -26 -9 -2 1 -1 -6 
-1 -9 7 49 17 -7 -1 1 
6 0 12 -35 -32 6 0 1 
-4 -6 -9 -3 16 7 2 0 
-3 18 -4 -8 -36 -17 -4 -4 
-1 -25 -15 -10 21 8 0 -1 
1 28 32 59 27 -9 -6 0 
1 5 -6 -25 -2 17 8 2 
-7 15 18 36 -1 -26 -15 -9 
5 -5 -36 -20 30 40 13 8 
0 2 -1 12 -7 -20 -4 -5 
-2 -2 7 -38 -31 -3 -1 2 
1 -3 -6 -10 18 7 0 1 
0 5 -14 -33 -45 -9 -3 -1 
1 6 5 8 21 -2 -1 -1 
2 7 2 22 -8 -9 -4 -2 
-7 1 -8 -12 -4 -2 -5 -5 
1 3 -8 7 -4 -10 0 0 
3 -2 4 -18 -6 13 3 -1 
-5 22 -5 24 2 -13 -7 -5 
1 7 -6 -13 -3 5 3 4 
0 0 -4 7 2 -2 -2 0 
-2 13 6 -5 -6 0 -2 -1 
-6 -10 -9 1 -1 -4 -3 -1 
-1 0 -5 2 11 5 -2 -1 
1 -2 -7 -3 -12 -7 1 1 
2 17 6 -4 1 1 1 1 
-3 -6 8 11 1 -5 -2 -3 
-1 0 -5 -5 -1 7 1 0 
3 -2 0 1 -6 -9 -3 -1 
-3 -2 4 -10 -4 0 0 -1 
-1 -4 -5 2 3 -2 -2 -1 
1 0 6 -1 1 2 1 2 
-1 13 -17 -1 -8 -9 -3 -2 
4 19 24 4 3 2 2 1 
1 1 1 -3 5 3 2 1 
-5 2 -19 -5 -5 -1 -3 -4 
-5 -13 14 13 6 -3 -1 -1 
-2 -9 -10 -8 -8 -1 0 -1 
-1 -4 -2 -8 -6 -4 -2 -3 
-1 3 -5 -15 -3 1 0 -3 
-5 -23 -31 1 0 -3 -4 -3 
0 -4 -1 -2 -8 -3 -3 -3 
-4 -8 -4 2 19 9 4 -2 
0 -8 4 11 0 -4 -2 -2 
0 4 -1 -15 -18 -3 -4 -1 
0 -7 -7 -12 0 3 -1 0 
0 11 9 6 -7 -7 -3 -1 
-4 -2 -2 -1 -4 -2 -2 -4 
7 24 20 8 4 3 3 2 
-2 -12 -12 3 7 -3 -1 -2 
3 1 8 1 -1 -3 -1 -1 
-1 -12 -11 -3 12 5 0 1 
-7 -31 -4 0 -3 -2 -3 -1 
-5 -6 -10 -12 -9 -1 0 -1 
-1 -3 -4 2 0 -3 -3 -2 
0 3 4 -1 -1 0 -1 -1 
-2 0 -3 1 3 0 -1 -1 
0 6 -2 8 11 -2 -1 -1 
-1 -4 -1 -9 -13 -2 -4 0 
-3 -5 -5 -6 -8 1 0 -2 
1 11 3 2 1 0 1 -2 
0 0 -3 -6 -3 0 1 0 
-2 2 6 3 -4 -4 -3 -3 
-4 -13 -5 0 5 1 -1 -2 
0 3 6 -4 -3 -3 1 -1 
0 -2 1 3 -5 -2 -2 -2 
-1 -7 -8 0 1 -4 -2 -2 
-2 3 3 -5 -5 0 -2 0 
-2 -2 -3 1 1 -3 -2 0 
-3 1 -6 -6 2 -2 -1 -2 
-2 0 -2 -11 -7 0 0 0 
2 1 1 10 1 -5 -1 -2 
-3 5 4 0 -1 -2 -3 -3 
4 12 6 -11 7 8 4 4 
-5 -13 -15 -7 -6 -4 -3 -3 
0 7 7 -3 -7 -1 2 1 
0 0 -5 2 4 -3 -3 -2 
-1 1 2 7 -4 -5 -3 -3 
-1 -3 -10 0 -1 -1 2 -2 
0 1 0 -1 1 0 0 -2 
0 6 1 -1 -2 -1 0 -1 
0 -4 -2 -2 -2 -2 -3 -2 
0 -4 -5 -2 -1 -2 -1 1 
-2 6 3 3 1 -1 -4 -1 
0 31 -10 -10 -11 -1 0 0 
-4 1 3 5 1 -4 -4 -3 
0 -6 8 -9 -4 2 3 2 
-3 -1 -6 -3 7 1 0 -2 
-2 6 -1 0 0 1 0 0 
0 -3 6 -4 0 0 0 1 
0 5 5 4 -2 -2 -4 -2 
-2 0 6 0 -1 1 1 -2 
2 -7 9 4 2 0 -1 1 
-4 -17 -29 10 4 -5 -2 -3 
-3 -9 -2 -13 -2 3 1 1 
-1 -6 2 -1 1 -2 -1 2 
-2 -9 -8 -7 -7 -1 -2 -4 
-2 3 3 -1 1 -1 1 2 
1 9 1 8 1 -2 -1 0 
-1 -7 -10 -1 -3 -3 -3 0 
-1 -7 0 3 2 -1 -3 1 
-1 -1 3 -1 -5 0 -2 -3 
1 6 11 8 4 -1 0 -1 
-5 -7 -8 4 5 -2 -3 -4 
-2 -6 3 -12 -8 -2 1 0 
0 0 0 -8 -5 1 0 1 
-2 -6 -4 3 1 -4 -3 -2 
1 2 -11 0 -3 -1 -3 -2 
-2 -2 0 1 1 0 -1 -1 
-3 1 -2 -4 -1 -1 -1 1 
-6 12 -18 0 -8 -3 -2 -3 
-1 -4 15 9 6 -1 1 1 
-3 -2 -4 -6 -2 0 -1 -2 
-3 -7 -2 -16 -12 -4 -2 -2 
-1 2 2 4 4 0 -1 -5 
0 -1 -3 -8 -9 0 2 1 
0 1 3 7 7 -1 -1 -1 
0 4 1 4 3 -2 -2 -2 
-1 -9 -2 -6 -6 -2 -1 0 
-3 -1 5 2 5 0 -2 -2 
0 -7 -1 -4 -9 2 -2 0 
1 -1 -1 -1 1 0 0 0 
-2 -5 -1 0 -4 -1 -3 0 
1 -5 -8 -3 -2 -4 -2 -1 
-4 -3 -1 0 0 -2 0 -1 
-3 -16 -8 -3 -6 -3 -3 -4 
-1 0 4 3 1 0 -2 0 
-1 3 6 7 2 -1 0 -2 
-3 -3 -7 -13 -10 -2 -2 -3 
3 2 4 6 0 1 2 3 
-2 -7 -4 -3 1 -5 -3 -1 
-9 -19 -24 -20 -16 1 -1 -4 
1 16 8 10 8 1 1 -1 
-4 -2 -3 -5 -2 -1 1 0 
0 1 0 0 -1 -5 -4 -1 
2 6 3 1 2 -1 -1 0 
-5 -25 -2 3 -1 -3 -1 2 
0 5 4 3 2 1 1 -2 
0 4 -1 4 1 -1 1 -2 
-5 -10 -14 -11 -5 -4 -4 -4 
1 1 5 -1 3 -1 2 -3 
-1 4 -7 6 -2 -2 -2 -1 
-6 -35 14 4 3 -2 0 -1 
2 8 0 -3 -7 0 1 2 
-2 -14 -18 -11 -2 -2 -4 0 
-1 -3 7 3 -1 -2 -4 -1 
-2 6 -6 -6 -2 2 0 -1 
1 7 15 6 -1 -4 0 0 
0 1 -13 2 4 0 -1 -2 
-1 5 -4 -2 0 -1 0 -2 
1 6 1 2 0 -1 0 0 
-2 -3 3 7 -1 -3 -3 -1 
-1 4 -6 -18 -7 1 1 0 
-3 -2 -1 3 3 0 -1 -2 
0 23 -8 -14 -11 -2 -2 1 
3 -3 17 3 3 1 -1 1 
-2 3 -3 8 0 -4 -2 -2 
-3 -15 -10 -4 -3 -1 -1 -4 
1 11 -2 4 4 -1 -2 -2 
1 3 -5 -12 -3 0 0 0 
-3 -10 -4 1 -4 -4 -3 -3 
1 21 -15 -9 -3 0 2 4 
-1 -2 35 10 8 3 2 2 
-1 3 -3 -1 -2 0 -2 -2 
0 -2 6 5 3 -1 -3 -1 
0 10 6 -2 -4 -3 -3 -3 
-1 -5 -12 -4 -4 -2 -1 -2 
-2 -2 -4 -4 0 0 -1 -1 
-1 30 1 0 -3 -1 -3 -1 
-1 -19 9 -1 -1 -1 -2 -1 
-5 -9 -11 -2 3 1 0 -3 
2 -5 -4 -6 -5 -1 -2 -2 
-2 4 -5 3 -3 -6 -3 -3 
0 -2 -4 0 1 2 1 -1 
-3 -23 -8 -7 0 0 -1 -1 
-1 23 8 2 -3 -1 1 1 
-2 -7 11 15 16 -2 -2 -2 
-3 -6 -15 -16 -19 -2 -1 -3 
1 -3 -6 -1 -4 -2 -1 -2 
-2 -3 -4 -3 -2 0 -1 -2 
0 -3 0 -3 0 -1 1 -2 
-1 -3 8 6 6 -2 -2 -1 
-1 8 -3 1 -2 -3 -3 1 
-2 6 -11 -2 -2 -3 -3 -2 
2 5 25 5 -3 0 -1 0 
0 20 -2 1 7 1 2 -1 
-2 -27 2 -10 -7 1 -2 -2 
0 0 1 11 17 0 -1 0 
0 -5 -8 -12 -18 0 0 0 
-1 -7 4 2 -2 -4 -3 -2 
1 10 -1 4 -5 -2 -2 0 
-2 21 -9 -3 -5 -3 -3 -2 
-1 -15 -7 -2 2 0 -1 0 
-2 -4 -6 -2 -4 -2 -2 -1 
0 15 12 5 8 -1 0 -2 
1 -9 -4 -1 -4 -1 -2 -1 
-1 1 -7 -4 -2 -1 -1 -1 
-1 -2 3 1 3 -1 -2 1 
-2 2 -2 0 -1 0 0 1 
-1 -12 4 -2 -2 -1 -2 -1 
-2 -1 1 1 1 0 1 -2 
-2 -26 -10 -4 -4 -3 -2 -5 
-4 -13 6 2 4 -1 1 -1 
-1 -5 -4 -3 -3 -1 2 -1 
-4 -13 -13 5 2 -1 -2 -2 
-3 -3 -7 -4 0 0 -2 -2 
0 4 -8 -14 -12 -1 -3 -1 
1 2 2 1 -2 -4 -2 -1 
0 1 3 -5 -3 1 -1 -1 
0 5 4 4 2 1 -1 0 
0 3 -4 3 -2 -4 -3 -1 
-2 -8 2 -3 -5 -1 -2 -1 
2 25 6 1 2 0 1 0 
-5 -16 15 3 -2 -2 0 0 
0 2 -11 2 4 -1 -2 -2 
-2 -7 -2 -12 -6 1 -1 -1 
-1 -2 -2 -1 -3 -3 -3 -2 
0 5 -2 -7 -3 0 -1 -1 
-1 23 -9 -2 -3 -3 -2 -3 
-2 -5 5 4 1 -3 -2 -2 
-2 -6 -2 -1 -6 -2 -2 1 
0 4 0 2 6 2 0 -1 
-4 -19 -11 -5 -1 -1 -2 -3 
0 1 -1 -4 -6 -2 -1 0 
-1 -6 0 6 5 -2 -2 -2 
-2 3 -5 -10 -15 -5 -4 -3 
0 -5 1 1 1 1 2 1 
-3 -6 2 -6 -5 -1 -1 0 
3 -6 6 -4 1 1 1 2 
-1 3 10 9 5 -2 -2 -1 
-1 -1 -1 -2 -1 -1 -1 -2 
-2 -4 -1 4 1 2 -1 -2 
-2 2 -6 -8 -3 -2 0 -2 
0 -1 -3 7 3 -2 -3 -1 
-1 -1 -6 -12 -8 0 -1 -1 
-1 3 -2 6 4 -1 -1 0 
-2 4 -1 -4 -1 -1 -2 -1 
1 -1 18 2 1 2 2 0 
1 13 1 10 7 -3 -1 0 
-5 -5 -1 -14 -13 -1 -2 -3 
0 -1 -1 -3 -5 -1 0 -1 
0 5 -5 -2 -2 -1 1 -2 
1 5 1 1 4 0 0 0 
1 -5 7 8 11 2 0 -1 
0 -2 -2 -11 -10 -2 -2 -3 
-1 0 -10 -4 3 -2 -2 -2 
-2 -10 -2 0 1 -2 -4 0 
-2 -8 -12 3 2 -2 -1 -1 
-3 -5 1 -5 -6 0 -1 -2 
-5 -11 -10 -1 -2 0 -1 -3 
-1 0 5 2 -2 -1 0 -1 
0 -1 0 -5 -2 -2 -2 0 
-3 -3 -2 0 1 -3 -2 0 
2 4 3 1 0 -3 -2 -1 
-1 -4 -2 -12 -9 0 -2 -1 
-3 -6 0 6 2 -4 -2 -1 
-2 12 4 5 1 -1 1 0 
-1 3 -11 -8 -1 -1 -1 0 
-3 -1 -1 5 -1 -3 -1 -2 
0 -12 -4 -8 -5 -1 -1 -1 
-2 -1 -4 -3 0 -2 -3 0 
-2 -3 0 2 -2 -3 -2 1 
-2 2 4 -1 -3 2 -1 0 
-2 16 -3 -3 -2 -2 0 -2 
-3 -10 -4 4 3 0 1 -2 
0 1 1 -1 -3 0 0 -1 
-1 -6 -5 -3 -1 -2 -1 -1 
1 9 14 22 12 0 -1 -1 
-2 -4 -22 -25 -20 0 -2 -2 
0 -1 12 -3 2 1 -2 -1 
0 3 0 -2 3 1 -1 0 
-2 -4 -8 0 2 0 0 -1 
-2 -5 -3 3 3 -1 -2 -1 
-1 7 -5 -2 -5 -2 -1 -2 
0 -2 0 -2 -3 -2 -1 -1 
-3 -7 1 -1 -1 1 0 -2 
-4 -6 0 5 5 0 0 -1 
-1 -5 -7 -3 -1 -2 -1 -2 
0 9 12 8 5 1 -1 1 
-3 -11 -11 3 -2 -2 -2 0 
1 -2 -3 -15 -7 1 -1 -1 
1 -1 -2 6 4 1 -1 0 
-2 -6 -5 -9 -7 0 1 -4 
0 8 5 -4 -4 -4 -3 0 
-3 9 -11 3 2 -2 -2 -3 
-4 -11 1 2 0 -2 -1 -1 
0 -2 4 1 0 -2 -2 -1 
-1 1 -2 -4 -5 2 1 -2 
-1 -5 -5 9 2 -4 -2 1 
-2 -3 -11 -9 -3 1 -1 2 
-2 -1 -6 -12 -6 -2 -1 -2 
-3 0 1 -4 -6 -3 -2 -3 
-2 -3 3 3 1 -1 -2 -4 
-3 -8 1 5 2 1 0 0 
-3 -12 -10 -8 -11 -2 -2 0 
0 0 -6 -6 0 -1 -2 0 
2 0 8 6 1 -2 -3 -1 
-2 21 -2 1 -1 -4 -1 -2 
-2 -6 -17 -6 7 1 -1 -3 
-3 -14 -8 -6 -2 -1 1 0 
1 -15 7 7 5 0 -1 0 
0 5 -3 -3 -10 -3 -1 -4 
-2 1 -1 7 1 -2 -2 -1 
-1 -1 -4 -5 -1 -1 -1 0 
