#EMG
#5
#ID:5-6
0 29 -9 -7 -4 -1 -2 -1 
-8 -24 14 2 7 10 6 -2 
6 21 13 2 0 -3 -1 2 
1 12 9 5 -3 0 0 1 
-4 -19 -13 -8 -7 -3 -4 -2 
0 19 4 -5 -1 -3 -2 -6 
-1 -1 -5 1 0 -1 -2 -1 
-3 -31 -4 -3 2 2 -1 2 
0 -2 -10 2 1 -3 -1 2 
-3 22 14 2 2 1 -2 -6 
-1 -20 -14 -6 -1 -2 -1 -1 
2 15 0 -1 -2 -3 -2 -2 
-3 -14 4 4 -3 -2 -1 -1 
0 7 -6 -16 -1 -1 1 1 
-3 1 -4 7 -2 -3 -4 -2 
3 11 5 1 2 -2 -1 -1 
-2 -2 20 0 4 3 0 1 
-7 6 -13 2 -2 -3 -3 -7 
5 5 2 -6 -2 0 -1 -1 
-2 14 8 0 1 4 2 1 
2 -16 -5 -1 -3 -2 -4 -1 
-5 -22 -27 -11 -4 -3 -5 -4 
0 -8 12 3 0 -1 1 2 
-3 -8 -9 1 -6 -4 -3 -5 
0 4 -10 -5 1 0 1 -2 
1 23 4 5 0 -2 0 3 
-3 -5 -5 -6 -1 -3 -2 -2 
-1 -5 -6 3 -3 -4 -2 1 
-2 -7 3 1 -1 0 2 -1 
5 22 8 -3 -3 0 0 4 
-2 -5 4 2 0 -1 -2 0 
0 5 1 -7 -2 -1 -2 0 
-1 1 -6 3 -2 -2 0 -3 
-2 -2 2 3 1 2 1 -1 
0 -36 2 -6 -2 -2 0 -1 
4 29 20 -2 0 2 1 2 
0 -6 -5 1 -4 -2 -2 1 
-1 1 15 4 2 -1 0 -4 
-1 5 -18 -8 -3 -2 -3 -6 
-2 -7 -7 -2 -3 -3 -2 -2 
-3 -14 1 0 2 -3 -1 -2 
1 0 3 -6 -2 -1 0 1 
-3 8 -5 5 -5 -3 -2 -2 
-1 -12 -6 -11 2 0 0 1 
-6 2 -16 9 -5 -4 -5 -5 
-4 -59 17 -1 -9 -2 -2 0 
-1 2 -11 -1 3 -1 0 -2 
-2 -2 -8 -6 -4 -2 0 -1 
-1 -1 7 -3 -2 -1 -2 0 
6 12 4 9 0 -2 0 2 
-5 6 -4 -5 -4 -1 -1 2 
1 -4 -9 -1 0 -4 -3 0 
-4 -54 -5 -7 4 3 0 -3 
0 16 0 5 -3 0 -3 -2 
1 8 -1 -2 0 0 2 3 
-2 -10 -11 -2 0 -4 -3 -2 
-5 4 0 5 -1 -4 -4 -3 
2 4 -15 -20 -4 -4 0 1 
-1 -2 14 9 1 0 0 -2 
-3 -6 -11 -1 0 1 -1 -1 
-1 1 -12 -12 -5 -3 -3 -2 
-1 0 3 2 -2 -1 -1 -2 
1 12 7 6 2 -1 -2 0 
-2 -1 1 1 -1 -1 -1 -2 
-1 16 0 -2 -1 -2 -2 -3 
-2 6 -10 1 2 -2 -2 -2 
-1 -9 6 -10 -5 2 0 0 
-4 -8 -4 1 2 0 -1 -1 
0 6 3 2 -5 -2 1 1 
5 12 -11 0 3 0 -2 2 
-5 -13 14 2 -1 -2 -1 -8 
2 9 2 -4 -2 -1 1 2 
1 5 0 -4 -2 -2 0 1 
-7 3 2 5 0 -2 -3 -6 
0 1 -8 -6 -1 -1 -2 0 
0 -11 16 2 -2 0 0 -2 
6 19 12 1 2 1 0 2 
-2 -11 -3 -4 -1 1 1 1 
-6 -11 -11 -2 -1 -3 -1 -1 
-3 1 9 10 -1 -2 -2 -1 
3 1 -3 3 -1 -1 -1 4 
-1 -2 4 -1 -2 -3 -2 -2 
-2 6 -10 -9 0 0 -1 -3 
0 -2 -7 -3 -3 -1 -3 2 
-2 -9 11 -6 0 -3 -1 -3 
3 6 5 7 1 0 2 4 
-2 37 -14 -4 -4 -3 -2 -2 
-6 -35 16 3 -1 0 0 -3 
-1 15 -3 -12 -2 0 0 0 
1 -11 -4 0 -1 0 0 3 
-6 15 -6 -1 -6 -1 -1 -7 
-1 3 -10 1 -1 -2 -2 -3 
-4 -10 -9 -4 -2 -1 -2 -4 
1 -4 4 -2 1 -1 -1 1 
-1 -8 -4 0 2 -1 -2 4 
-2 5 -6 -7 -3 -2 -4 -5 
-5 -11 5 7 2 3 2 -2 
2 35 -6 -5 -7 -2 -3 -2 
2 -14 9 5 -1 0 -2 0 
-3 9 -2 -6 3 0 -1 -2 
-3 -2 5 6 0 -1 -1 4 
2 -11 -4 -12 -2 -1 -1 0 
-4 -8 2 8 -1 -1 -3 -8 
4 16 13 4 4 1 1 4 
-1 17 -14 -3 -3 0 -1 -5 
-4 -35 10 4 -3 -2 -2 -1 
4 4 3 -8 0 -2 -3 2 
-5 6 -1 -5 -5 -5 -2 -3 
-3 5 -10 -1 0 -5 -2 -4 
-5 -37 1 -3 -5 -1 -2 -2 
0 -5 -11 3 2 -1 0 0 
-1 -4 4 4 0 1 -1 -2 
-1 -29 -29 -6 -3 0 -3 -4 
0 12 -4 -1 -1 -2 -1 -1 
-1 -2 1 0 1 0 0 -4 
-1 -5 -2 5 -3 0 -10 1 
-4 -9 -1 -2 -1 -3 10 -2 
-2 9 -3 -1 -1 -3 -5 1 
4 -9 -8 -1 0 0 4 -2 
-2 1 -7 0 -2 -1 -5 -5 
1 4 2 1 -2 -3 0 2 
-4 3 -5 -2 -2 1 0 -6 
2 4 5 3 -1 -3 0 4 
-4 3 -16 -3 -2 -6 0 -6 
0 0 -6 -4 -6 -1 -4 -1 
-4 -18 6 4 2 0 4 4 
0 -24 -17 -12 -5 -4 -31 1 
2 18 8 3 1 3 30 2 
-1 2 2 2 0 -3 -13 -5 
-1 9 -8 -9 -3 -2 2 -3 
-7 -16 -11 1 1 1 2 1 
3 -15 17 -3 -3 -3 -5 4 
-2 -6 -4 -2 0 -1 -4 -2 
4 0 26 5 -1 0 1 -2 
-3 -19 15 2 0 2 5 0 
5 -10 -9 -4 -1 0 -4 5 
-12 -11 -12 -5 -4 0 7 -14 
-6 0 -20 -2 -3 -8 -12 0 
5 10 8 2 0 -2 1 -3 
1 -5 -1 4 2 1 -2 0 
-4 -66 -10 -9 -1 -1 -3 -1 
-9 -30 -16 1 -2 -1 0 -1 
5 35 4 -5 -3 -2 4 1 
-10 -12 8 4 2 1 1 -1 
8 46 56 4 4 0 -11 5 
1 29 -29 -5 -2 1 8 -5 
2 -11 8 1 -3 -1 5 -2 
-2 8 -9 -11 -6 -7 -11 -5 
2 -12 -17 -2 -4 -4 -1 -1 
-3 4 7 -1 -4 -1 -3 -2 
-2 30 0 -6 0 1 0 -2 
-4 -7 -35 -8 -10 -5 -2 -9 
2 9 -13 6 1 1 -3 4 
-1 -27 37 3 -3 -3 -2 -2 
13 81 77 15 7 7 5 8 
-6 -34 -17 1 4 0 -3 -4 
-1 7 -33 -29 -9 -1 1 -1 
8 39 18 19 5 6 3 2 
-3 -4 26 -17 -8 -4 -2 -3 
-2 5 -11 8 2 -3 -3 -2 
1 11 -4 -4 0 2 3 2 
-6 -4 -22 -11 -7 -5 -5 -6 
-9 -39 -38 0 -12 -2 -3 -3 
3 25 9 -21 1 -2 -2 0 
6 -19 56 20 4 0 2 5 
-5 8 -36 3 7 1 -1 -10 
-5 -30 -31 -10 -13 -5 -3 2 
-8 11 7 -7 1 3 1 -8 
0 22 12 3 1 -3 1 2 
-2 3 14 3 1 -2 -1 -3 
-1 -11 -14 5 -1 -3 -2 -1 
2 -5 -7 11 -6 -4 -3 2 
-1 -5 3 -3 3 -2 0 0 
6 1 5 0 -3 0 0 5 
-7 -10 -23 -7 6 2 0 -9 
2 -2 11 -2 -3 3 -1 1 
-3 5 -10 6 -5 -2 0 -3 
6 -7 -4 -4 0 -1 -2 7 
-3 11 3 -21 -15 -1 9 0 
2 0 3 -4 5 -3 -13 -3 
-1 5 11 9 -4 -3 7 -2 
0 0 -7 -7 -1 -1 -3 1 
-4 -18 -6 18 9 -4 -2 -4 
-1 15 -6 -14 -13 3 1 6 
-1 4 -7 -5 8 1 1 1 
1 12 36 9 0 0 -1 -1 
-8 -29 -36 -6 5 -2 -2 -4 
6 20 15 5 -4 -2 -1 1 
3 -2 -10 7 2 -2 0 3 
-14 16 0 -12 -7 1 4 -13 
11 4 6 10 4 -3 -7 4 
-3 -14 -4 -4 -1 -2 -2 -5 
-6 10 14 -3 0 5 4 -3 
4 -1 -14 -7 1 -2 -5 3 
-2 33 -30 -16 -6 -1 3 -5 
4 18 34 20 -4 -6 -6 3 
6 -12 -9 -10 -3 1 7 0 
0 6 -3 0 -3 -2 -6 0 
-2 -5 -23 2 1 -3 -4 -8 
4 30 43 -11 3 3 0 1 
-6 -27 -10 11 -7 -1 -2 1 
-4 4 -15 0 -1 -4 -2 -2 
-1 -46 -8 -25 -6 -1 -6 0 
1 0 -5 3 2 -1 10 5 
-7 -14 -7 -3 -3 -3 -10 -1 
10 -1 18 4 1 3 10 5 
-6 1 18 9 2 -2 -13 -6 
-9 -27 -29 -10 -5 1 17 -2 
0 15 5 -1 -1 -6 -13 -6 
5 38 17 9 2 -1 0 6 
-3 -28 10 6 3 3 -3 2 
0 10 -14 -7 -3 0 0 -5 
-2 14 -24 4 -2 -6 -2 -3 
-5 7 8 10 2 -3 -11 -8 
-5 -7 -25 -18 -2 -2 11 3 
1 28 4 -5 2 2 -12 -3 
5 -2 37 10 -1 4 15 11 
0 7 -15 -21 -6 -7 -20 -12 
2 17 10 10 2 2 7 3 
-5 -24 -27 -4 -3 -1 16 4 
7 -1 -2 -7 -2 -1 -15 -7 
-22 -56 -27 -7 -5 -8 -6 -3 
5 21 -8 7 0 0 -1 -7 
4 -26 31 6 1 -3 -10 -3 
3 10 -18 -7 0 1 11 5 
-3 1 -17 -4 -2 2 8 5 
-11 -28 -2 -8 -3 -6 -8 -6 
-3 -6 -7 -1 -6 -3 -5 -6 
-4 -16 8 1 1 0 -4 -4 
4 30 -25 -3 0 5 3 3 
-1 0 17 1 -4 -5 2 4 
0 -11 0 5 0 -1 -2 2 
-9 -7 -4 -6 1 -4 -7 -10 
1 -22 -12 -4 -3 0 5 1 
1 42 8 4 4 2 0 -1 
-5 1 7 6 2 -1 1 -4 
-2 -14 -37 -17 -10 -2 -3 -5 
10 -2 1 1 -1 -1 0 4 
-4 -17 -4 7 1 1 1 -3 
-3 -25 42 12 6 2 -2 -9 
-13 -8 -6 -2 -3 -4 -6 -5 
9 7 34 15 2 0 2 2 
1 0 2 9 -11 -4 -5 2 
3 -8 -2 7 5 0 -1 2 
5 9 12 -1 -2 1 -2 3 
-8 -46 -17 -11 -9 -7 -1 -5 
4 9 11 -29 -11 5 0 2 
-7 -6 -24 19 5 -2 -7 -2 
1 23 27 -3 2 3 14 0 
-3 12 11 39 17 0 -1 -2 
-3 -12 -31 -40 -17 -8 -4 0 
-6 -14 2 -13 -3 0 1 -3 
-6 20 -28 7 -2 -8 -12 -8 
6 25 46 -3 2 1 1 3 
-5 -8 1 -12 0 -2 0 -5 
-2 26 -19 6 -15 -4 -4 -2 
5 5 -13 -34 6 3 0 2 
-8 -25 -19 18 -11 -5 -1 -7 
5 -5 31 36 12 0 0 3 
8 45 -7 -10 8 1 0 4 
-12 -6 -35 -26 -7 -2 -2 -4 
2 -25 34 16 -4 3 3 2 
1 -11 -2 6 -1 -1 -3 1 
-6 -6 -31 -19 -7 -7 -2 -3 
0 -21 -4 20 15 1 1 -2 
-6 3 -2 -33 -14 3 0 0 
-3 1 39 -4 1 -4 -2 -2 
3 -24 -15 -1 -7 1 -1 0 
-5 28 -1 1 3 0 -3 -5 
2 2 -18 -15 -6 -6 -2 -3 
0 -27 14 20 4 -1 -1 -3 
-7 -18 -24 -3 3 2 -3 3 
-1 -17 5 -4 -13 -8 15 -3 
-1 21 1 -8 1 -2 -5 -2 
-4 15 -1 -1 -1 -1 -6 -6 
2 -3 -4 -10 0 0 3 4 
-3 -27 -18 5 -4 1 -11 -5 
1 -14 -9 -10 3 9 14 4 
-2 10 -6 7 -1 -5 -15 6 
-10 3 -2 -11 -6 -8 8 -11 
-4 12 34 15 1 -4 5 -8 
1 -7 -16 -6 -2 -8 -17 -1 
4 14 -10 6 6 -1 -16 6 
13 1 10 -7 -5 17 18 12 
-13 -8 6 -5 -6 -21 -3 -5 
-14 -4 -7 -5 2 -2 -11 -15 
-5 9 -29 -4 3 -1 10 -9 
7 12 -1 -5 -4 -4 -3 -3 
12 -2 15 14 0 10 -5 6 
2 6 -21 -25 -3 -1 6 7 
5 49 74 27 6 6 10 8 
-9 -5 -24 -4 -1 -4 -5 -9 
6 15 9 2 -5 1 -2 4 
3 -13 4 4 -3 -2 -2 -1 
1 -34 -21 27 18 -4 1 -2 
-3 -6 2 -16 -24 3 0 -2 
-3 -16 -5 -32 -13 -7 -12 -1 
0 -13 -2 26 13 0 0 2 
4 17 1 -28 -14 -1 9 0 
-6 -24 19 30 -5 -10 -13 -6 
7 41 52 33 29 2 0 6 
-12 -47 -72 -19 0 -11 -2 -9 
-4 -1 -13 -61 -28 9 6 -2 
-1 -5 5 33 21 -8 -12 -3 
0 14 -24 -37 -23 10 3 0 
2 5 42 46 12 -5 4 1 
-2 8 -16 -12 -4 -7 -6 -4 
-1 0 -1 -11 4 -1 -1 1 
0 -21 -2 8 4 -3 1 1 
-3 -1 -1 -3 -2 3 -2 -1 
-3 -15 -23 7 -1 -2 -5 -3 
-4 6 14 -7 -3 -2 1 -2 
0 -18 -6 14 6 -1 -2 0 
3 18 9 -18 -8 2 -1 -1 
1 -7 1 6 2 0 3 1 
-5 -8 -3 -1 1 -3 -1 0 
-3 3 8 8 1 -1 -6 -3 
-1 -4 0 -5 -6 3 0 -2 
-2 1 -9 -3 -3 -2 1 2 
0 3 -7 3 8 -1 0 0 
-2 13 -10 -10 -9 0 0 -1 
-3 9 4 -10 -2 1 3 -5 
2 1 1 16 5 -1 -1 2 
-2 1 4 -6 -1 -1 -2 -1 
2 -2 0 -2 -1 -3 -3 -1 
-5 -8 1 4 4 -4 0 -1 
-1 -13 -7 -5 -5 3 1 -2 
3 -7 -4 -6 -1 1 0 3 
-1 1 -3 1 -1 -4 -1 -2 
1 11 1 -9 -8 -1 -1 0 
-7 4 -7 17 5 -2 0 -5 
-2 -2 -4 -6 -6 0 0 -1 
-1 -9 -9 0 0 -2 -2 -1 
2 0 3 -9 -10 -3 -1 1 
-4 -13 -5 -1 7 0 -2 -4 
-1 1 -5 -8 -6 -3 -2 -1 
0 -8 0 8 0 -1 -2 -1 
0 9 3 -1 1 0 -1 0 
-2 -6 -2 -5 -7 -5 -3 -2 
-4 7 0 2 0 -1 0 -1 
-2 -12 -1 -2 -3 2 0 -3 
2 10 7 -3 0 1 2 4 
1 -12 -6 18 9 -6 -1 -2 
0 11 -1 -26 -13 0 -1 -2 
-4 -14 -14 -11 -5 2 0 0 
-3 -1 0 -11 5 4 -1 -5 
3 10 13 0 -2 -1 -1 -1 
1 1 1 13 3 -3 -2 1 
-4 3 -4 2 -4 -4 -2 -2 
-1 -41 14 0 -3 0 0 -1 
-2 2 2 -1 2 2 0 -1 
0 -20 2 0 0 -5 -2 -1 
0 6 5 -1 -1 -1 -1 -1 
1 10 -8 0 0 -1 -3 -1 
-1 -7 3 -2 -2 1 1 1 
-4 -5 -4 4 1 0 -3 -1 
-3 -13 -14 -5 2 -3 -3 -4 
2 13 3 -2 -8 -4 -1 0 
-4 -4 -5 -2 1 2 1 -1 
-1 2 -5 -1 -2 1 0 0 
0 -2 3 -5 0 1 0 1 
-2 2 -8 0 0 -2 -3 -6 
-4 4 -3 6 2 -2 -2 -3 
2 1 5 3 4 -1 -3 0 
-3 -5 3 4 -5 -3 -3 -3 
-3 2 -2 -6 4 1 2 -2 
1 4 -3 -12 -8 -1 -2 -1 
0 -6 -3 -2 -1 -3 -2 0 
-6 2 -17 2 1 4 1 0 
4 -10 28 21 7 -4 -1 4 
-3 -12 -11 -19 -15 -4 -3 -2 
-1 10 1 8 1 0 -1 -2 
2 7 7 0 5 3 1 2 
-4 -3 -16 -10 -12 -3 -5 0 
-1 -4 -10 0 3 -5 -4 -2 
2 -3 3 -6 -6 -1 -1 -2 
-2 -4 -7 -2 2 -2 -2 -1 
-3 0 -10 -1 -1 -2 1 -1 
-2 -2 8 1 -4 -1 -1 2 
-5 4 -16 -11 5 -3 -2 -7 
-1 -16 10 14 0 0 2 6 
-8 -17 -3 -11 -5 2 0 -6 
3 12 6 2 -1 -1 -1 0 
-3 -2 -4 -2 -2 -2 -2 1 
1 6 -3 -1 2 -4 -2 -1 
-2 -5 -7 -17 -9 -2 -1 2 
0 1 -3 3 -1 -2 -2 -3 
-3 -7 2 11 8 -1 -1 -3 
1 3 5 -17 -6 2 2 0 
-3 8 -11 8 -1 -2 -1 -2 
-2 -16 0 -7 -3 -1 -1 -1 
-1 4 2 1 -1 -3 -2 -1 
1 7 7 4 -4 -3 -2 -1 
2 7 -5 -6 -4 -1 0 -1 
-1 7 -2 -2 3 -2 -3 -2 
-3 -7 -4 -3 -3 3 3 0 
1 6 14 2 -1 -2 -1 -1 
0 5 -3 -3 1 0 -2 -1 
3 8 12 11 2 -2 -1 0 
0 -4 -10 -23 -14 -5 -3 -2 
-6 -11 -14 25 10 -3 -4 -6 
-4 -18 -17 -19 -10 1 -1 0 
0 0 1 -9 -7 -3 -1 -2 
-4 2 1 -1 2 2 1 -2 
0 2 -3 -10 -10 -5 1 0 
-1 1 1 13 5 -2 -2 -2 
-5 -8 -3 3 7 0 -1 -1 
0 2 -1 -2 -1 0 -2 1 
-1 -12 -7 -8 -5 -1 -1 -2 
0 8 8 14 7 0 0 -2 
-1 -6 -9 -9 -8 0 0 -3 
0 2 -3 -10 -9 -1 1 -1 
-4 -5 2 -3 -1 0 1 -1 
1 -1 -4 -3 6 -2 -1 0 
-2 0 -1 -2 -6 0 -1 -2 
2 9 -1 9 5 -3 -2 1 
-2 -15 -2 -7 -5 1 0 -2 
0 -4 2 1 -3 -3 0 -2 
-2 5 -2 3 1 -2 -2 -1 
-1 -13 1 1 -3 -5 -2 1 
0 18 1 -6 2 1 -1 1 
1 3 -5 1 2 -4 -3 -2 
-5 -16 -7 10 8 -1 -1 -2 
-2 4 -1 -16 -12 1 0 1 
4 21 19 7 -4 -3 -2 1 
-2 -5 -7 -6 -2 -2 -1 -3 
-1 0 -7 5 8 -3 1 0 
-1 -2 -2 -13 -10 2 0 0 
-1 -5 -7 -3 0 -3 -2 -1 
-2 2 9 -8 1 0 -1 0 
-3 -8 0 13 -8 -5 -3 -2 
-6 -2 -6 11 6 0 0 -3 
-2 -6 5 -9 -7 -2 -1 -1 
-2 -16 -12 -5 -2 -1 -1 -1 
2 23 5 -7 -2 1 1 -1 
1 -24 12 10 3 -2 1 0 
-1 0 -5 -4 -3 -1 -1 -1 
-1 4 0 11 1 -4 -4 -3 
1 -10 -3 -9 4 -1 0 0 
0 5 -5 -16 -15 1 -1 -2 
-1 -5 0 0 7 -1 0 -3 
2 15 5 2 0 1 0 0 
-1 -17 -2 -5 -3 -2 -1 0 
0 17 4 10 9 1 1 -1 
2 5 0 0 4 1 -1 0 
-3 -2 1 0 -3 -5 0 0 
0 1 -8 -5 -7 -1 -2 -1 
-5 -9 -4 0 3 -3 -2 -1 
-1 -8 -4 -2 -5 -2 -1 -1 
0 4 0 3 6 2 1 -1 
0 6 13 -1 -2 4 1 2 
-3 -6 -4 -1 -2 -3 -5 -4 
-1 5 -3 0 -3 1 -2 0 
0 0 1 -2 -2 -3 -1 0 
-3 -3 -9 0 4 -3 -1 -2 
2 27 -6 -13 -10 -1 -2 -1 
-3 -29 2 3 -4 -1 -1 -2 
-2 1 -5 -8 -5 -1 -1 0 
-2 -5 -3 -3 -1 -2 -1 -1 
-1 5 -1 8 8 -2 0 -1 
0 4 -6 -2 0 -1 -1 0 
-1 -3 3 -1 -6 -2 -1 -1 
0 0 2 -2 -1 -3 -3 -2 
-2 -16 -13 8 9 0 0 -3 
-4 1 -14 -19 -9 -1 -1 -1 
1 4 16 -1 -4 1 -1 1 
-2 -3 -9 0 -10 -3 -3 -2 
6 7 4 1 2 -2 -3 1 
-5 -9 -5 -6 1 -1 0 -4 
-3 6 1 8 1 -2 0 -3 
0 -1 0 -8 -4 -1 -2 1 
-1 -6 -2 1 1 -1 -1 0 
6 21 9 2 -1 0 0 2 
1 5 12 0 2 -2 -2 0 
-4 -5 -4 -3 0 1 0 -2 
0 -8 4 -3 -12 0 -2 -3 
-1 4 -4 1 4 -2 -1 -2 
-2 -12 -9 3 -1 -1 0 -2 
1 5 -2 -4 1 0 0 0 
0 1 5 1 2 -4 -1 1 
-3 -35 8 5 1 -1 -1 -2 
0 0 -11 -1 -1 1 0 -2 
-3 -4 21 8 -5 0 -1 -2 
-3 -14 -7 -1 5 2 1 -2 
0 7 -3 0 -2 -2 -3 -5 
3 3 0 0 -1 -2 0 3 
-2 -7 -11 -3 0 -3 -2 -1 
0 -15 8 3 1 -1 -1 -1 
-7 -22 9 10 0 3 2 -2 
-1 4 -3 5 8 0 0 2 
0 12 -6 -21 -19 0 -2 0 
1 -3 5 -6 1 -4 -1 2 
-7 4 -11 7 4 -2 -3 -6 
1 9 20 -13 -11 -1 -2 -1 
-5 -14 -3 4 5 -1 -2 -4 
-1 14 2 3 -2 0 0 0 
0 1 -10 -3 -2 -4 -2 -1 
-6 -7 -11 -7 -8 -4 -3 -2 
0 5 -1 7 2 -2 -1 -2 
-1 -1 0 -8 -5 -2 -2 -1 
2 -1 -10 -4 3 -5 -2 2 
-3 -1 -11 -12 -10 -1 -2 -3 
0 21 -11 -1 3 1 3 0 
-4 -12 -8 4 1 -1 -1 -2 
1 6 -2 -5 -5 0 0 0 
3 -8 -7 -3 0 0 0 -4 
1 3 0 -2 0 -4 -2 0 
0 9 3 8 1 -2 -1 -3 
-1 14 -3 -8 -9 0 -2 1 
-3 -4 -4 -1 4 1 1 -2 
-3 -1 2 4 0 -3 -2 -2 
-3 -6 -5 2 -1 -3 0 -3 
0 -1 7 -4 0 1 0 2 
-1 -10 0 1 -1 -2 -2 1 
-1 -12 -6 2 5 -1 -2 0 
2 -4 14 -14 -11 2 1 2 
0 7 -1 3 1 -4 -3 -1 
-3 -8 -3 -4 0 2 0 0 
-1 -3 0 -1 2 -2 -3 -2 
-1 2 -1 12 0 -3 -1 -2 
0 -3 -11 -15 -10 1 -2 0 
-4 -18 7 4 -2 -3 -3 1 
-2 -1 -1 -6 0 -1 -1 -2 
-5 5 -24 -2 4 -3 -1 -2 
-2 -7 11 1 1 0 2 0 
0 3 -7 5 4 -2 -3 -3 
0 0 2 -2 -3 -1 1 0 
-2 1 -7 -3 -6 -3 -3 -2 
0 5 -5 4 1 -4 -2 -1 
-2 -3 -3 -5 -4 -1 -1 -2 
0 -4 2 0 -2 0 0 0 
3 5 11 -3 0 0 0 -1 
-6 -10 -4 -2 0 -2 -1 -2 
-1 -2 -2 0 0 -1 -2 -1 
2 1 1 -3 -6 -3 -2 0 
-4 -7 -6 -1 2 0 -2 -1 
0 3 2 1 0 -2 -2 1 
-4 13 -10 1 -3 -3 -1 -3 
-1 -1 4 5 6 0 1 -1 
0 1 1 -4 -5 -2 -2 0 
-2 -5 -18 0 -1 -2 -1 -1 
-2 -21 9 -12 -7 1 0 -1 
0 -4 -14 -7 -9 -2 -4 -4 
0 -27 16 3 1 0 0 1 
-2 10 0 2 -2 -2 -2 -1 
1 4 -2 8 4 -1 -1 1 
-2 -8 -2 -6 -4 2 -1 1 
-1 7 -3 1 0 -4 -2 2 
1 0 9 -2 -1 -2 0 1 
-4 -5 -17 0 2 2 2 -1 
-1 4 6 -5 0 -2 0 -1 
-2 5 -3 4 -3 0 0 -3 
0 -7 4 6 4 -1 -1 -2 
-1 3 -3 -10 -4 0 0 1 
-1 0 1 5 -3 -2 -2 -2 
-3 -10 -14 -10 -1 -2 -1 -1 
0 -2 1 -8 -4 -2 -3 -3 
-1 3 1 7 -3 -5 0 -2 
-3 -4 -6 3 8 1 1 -1 
-3 0 0 -2 -1 -2 -3 1 
-1 2 -1 1 -3 0 0 -2 
1 6 4 1 0 -2 -4 -3 
-2 -3 3 0 3 1 2 0 
-1 3 -4 1 1 -1 0 -3 
0 -3 2 -1 -1 -1 -1 -3 
-2 -2 -2 1 0 0 -2 0 
-1 25 -14 -5 -4 -4 -4 -1 
2 5 20 -1 -3 0 1 1 
-3 -5 -3 1 0 1 0 1 
-1 -2 4 2 0 1 0 -2 
-3 -3 -2 2 -2 -3 -3 -1 
0 -4 -10 0 3 -1 -4 -3 
-3 7 -6 3 -5 -4 -4 -3 
5 -6 12 -14 -7 1 2 2 
2 -8 -4 -3 0 0 -1 0 
-6 -3 -4 -6 -1 1 -1 -1 
0 0 2 7 -1 -3 -2 -1 
-2 -2 -7 7 0 -4 -4 -3 
2 2 11 0 -7 2 2 2 
0 0 -2 -1 4 -1 0 -1 
-4 -8 0 -6 -6 4 1 -1 
-4 -1 -8 -4 2 -3 -3 -1 
-1 -6 5 -3 -1 -2 -2 -2 
-1 7 1 3 0 -2 -1 0 
2 12 -8 -7 -2 -1 0 -2 
-2 -3 -3 -4 0 -1 0 -2 
0 -2 2 10 -2 -2 -1 0 
-3 -3 -5 0 -2 0 -2 -3 
1 1 -3 3 1 -1 -1 -1 
0 2 1 -5 -1 -3 -2 -2 
-2 -5 -3 5 0 0 -2 -2 
-2 17 -13 -18 -12 -2 -1 -2 
-3 -8 2 -1 7 1 -1 1 
-1 -4 -9 -5 -6 -4 -3 -1 
-2 -4 5 1 2 1 1 -2 
0 1 -3 8 -7 -4 -2 0 
-1 -13 -6 -7 1 -1 -2 -2 
1 6 6 8 4 -1 1 -1 
-2 4 -6 -4 -1 -2 -2 -3 
0 -9 1 -4 -3 3 2 1 
