#EMG
#3
#ID:3-18
-3 -3 -8 -4 1 0 0 1 
-5 -24 11 -3 1 1 0 -5 
4 1 -1 -6 1 -2 -2 5 
-11 -25 -12 0 -5 -4 -5 -13 
-4 -20 -17 -1 -1 0 -2 0 
-2 27 2 3 -3 -1 -3 -1 
5 -3 -4 -2 -1 -2 -1 3 
-2 19 12 3 0 -4 -3 -3 
-1 6 -25 -4 -7 -4 -2 -2 
0 -13 9 -15 -1 0 1 0 
-1 -4 8 13 -5 -3 -2 -1 
2 7 -12 -3 1 -1 -2 5 
5 18 8 3 4 -1 -2 0 
-1 -5 3 -4 0 -3 -3 0 
3 8 -5 -2 1 1 1 2 
1 -17 0 -7 -3 1 2 6 
-2 -3 3 6 6 2 0 -4 
3 -2 -4 -12 -11 -2 -1 1 
-3 -5 -3 4 1 -2 -2 -3 
-1 -4 4 -5 -1 0 1 6 
-4 1 2 3 -3 -3 -2 -8 
2 -21 -15 -3 2 0 -1 5 
-3 -8 6 9 -2 -1 1 -3 
-1 -13 5 0 -2 -1 0 0 
0 14 15 -1 -2 1 1 1 
-4 -2 -5 -3 -2 -2 -2 -8 
-2 -4 -12 -10 2 0 -3 -3 
0 11 -3 3 -2 -1 1 2 
0 6 -16 -4 -3 -3 -1 3 
-5 -14 -17 4 -3 -5 -4 -7 
1 -5 -3 -4 -3 1 0 0 
-6 12 -3 -3 0 0 0 -6 
2 7 -3 -11 2 0 1 1 
1 7 13 13 4 1 -1 3 
-1 9 3 -9 -2 -1 -2 -1 
1 -11 -1 2 -2 -1 -1 1 
-3 -18 4 4 -8 -3 -3 -2 
-1 -4 10 3 1 0 0 -1 
-2 2 4 -5 -2 -4 -1 -3 
6 -4 2 2 -3 0 -1 4 
-11 -8 1 -1 0 0 -1 -9 
5 3 2 -1 -1 -2 0 9 
-3 -17 -25 -10 -2 -2 -4 -3 
8 10 7 2 0 2 1 3 
-8 -7 6 3 -1 0 -1 -5 
-6 -10 -13 -7 -2 -3 -1 -3 
2 17 -7 -4 -3 0 1 1 
-6 -25 2 2 0 -2 -4 -5 
5 9 3 -6 0 0 1 0 
-3 -5 9 8 -1 -2 -2 -2 
0 6 2 -2 0 1 0 2 
-2 3 -16 -5 -2 -1 -1 -5 
-2 -37 5 1 0 0 -1 2 
-5 -10 -9 -11 -2 -2 -2 -4 
-4 -28 -14 10 -3 -1 -2 0 
-2 8 3 2 2 -2 -2 -4 
5 5 -4 -8 -2 -2 1 4 
-9 10 4 7 1 -2 -1 -12 
0 -10 10 0 -8 -1 -2 2 
-6 0 -21 -3 2 2 1 -6 
1 -14 -14 -8 -2 0 -1 3 
-5 12 18 4 0 -1 -2 -8 
4 6 4 -2 1 0 -1 7 
-1 -20 12 -2 -2 0 -2 -2 
1 6 0 3 -2 -1 -1 -1 
4 0 -1 -1 1 1 1 8 
-11 0 -19 -5 -1 -4 -3 -12 
-1 5 5 -4 -2 0 1 1 
-4 -7 -7 -2 -3 -2 -1 -2 
1 -2 1 -3 0 1 -1 -2 
3 23 1 5 -2 -3 -1 -1 
0 -5 -9 -9 0 0 -1 1 
1 13 14 9 -2 -1 -1 -3 
5 24 -24 -12 -4 0 0 4 
-2 -5 -1 -5 1 -1 -2 -4 
-1 3 4 -4 -2 0 -1 0 
-2 0 3 8 1 -1 -3 -4 
2 5 -1 -5 -1 -3 -2 2 
6 8 17 8 -1 1 0 3 
-4 -12 -10 -3 2 0 1 -5 
4 13 -2 -3 -2 -2 -1 4 
1 -1 11 -5 1 0 -1 -2 
-3 -9 -1 5 -9 -4 -4 -5 
-1 -27 3 2 -2 -1 -3 0 
3 5 -2 -7 -2 0 -2 0 
-5 0 12 8 -2 1 1 -2 
2 -10 -5 -14 -3 1 -2 1 
-5 11 -2 14 1 -7 -5 -1 
-5 -16 -15 -3 2 -1 -1 -1 
0 -2 -4 -11 -9 -2 -2 -2 
-1 7 -2 -12 3 0 0 1 
0 1 -9 -4 -4 0 0 3 
-5 -1 8 -1 -1 0 -2 -4 
-1 6 -4 11 1 0 -2 -2 
0 5 5 -4 0 -2 1 0 
2 8 -1 -4 0 -2 -2 -1 
1 5 16 7 2 0 1 1 
-2 -9 -9 -11 -1 1 -1 0 
-8 -5 -13 6 -6 -6 -5 -6 
5 -3 1 6 3 2 -1 3 
-8 -10 -10 0 -6 -4 -3 -2 
3 11 3 -4 0 -1 -4 -3 
-3 -8 -6 -4 1 -2 -1 -4 
-1 -31 3 0 -4 -3 -2 -3 
-4 -12 8 -2 -2 1 0 1 
-7 -39 -37 -8 -2 -4 -3 -4 
-9 8 4 -3 -4 -1 -2 -10 
0 15 -8 -2 -2 -4 -2 -1 
0 -2 -9 -13 1 -1 -1 -1 
-4 4 -5 4 -1 -2 -1 -4 
2 -6 -4 -10 0 1 2 3 
-3 4 1 6 -1 -1 -2 -3 
1 5 5 2 1 0 -2 -3 
-1 13 -18 -9 -3 0 0 2 
5 9 11 9 -3 -4 -3 1 
-7 -28 12 -11 4 5 2 -5 
0 -12 -12 9 -5 -2 -2 3 
4 4 13 13 1 0 -1 -1 
4 25 9 9 2 1 2 3 
-1 -17 2 -9 -4 1 0 -4 
10 33 13 -4 -1 0 1 6 
-8 -6 0 -6 0 -1 -3 -9 
-5 -23 3 15 1 -2 -2 -4 
2 29 -13 -6 -2 -4 -2 4 
-4 -10 2 -9 1 2 3 -5 
4 18 24 -1 1 1 2 2 
-1 -13 2 6 0 -2 -2 0 
-3 9 -8 -9 -2 -3 -1 -3 
-1 8 22 20 2 2 3 -2 
-1 -1 -4 -24 -7 -4 -4 -4 
-6 -7 -4 -12 3 4 2 0 
-1 3 7 10 -1 -2 -4 -1 
4 20 12 2 0 -3 -2 -1 
5 -10 -5 2 -4 0 1 7 
-8 0 -2 -6 -2 0 -1 -11 
-1 -1 -2 4 -2 -2 1 -1 
-2 13 -16 -11 -2 -3 -1 -3 
-4 -19 7 11 -1 -2 -1 0 
1 -16 -4 -16 -1 1 1 2 
6 17 3 2 0 0 2 6 
-7 -14 -37 -16 -7 -2 -2 -9 
5 10 6 3 0 2 5 5 
-6 -1 26 13 2 -2 -6 -6 
-3 -6 -3 -2 -3 -2 -3 -5 
0 -7 -1 -1 -2 1 1 5 
-5 10 -1 -1 -1 -1 -3 -4 
1 -7 -13 -7 -2 -3 -1 0 
3 11 0 1 -1 -1 -6 1 
-2 -6 4 -4 -2 0 -8 -7 
-12 -5 -27 14 -1 -5 2 -5 
5 48 30 -1 -4 0 -6 1 
-6 -16 -29 -17 -5 -2 11 1 
6 10 8 2 0 -3 -8 -2 
-5 2 0 -7 -2 1 3 -2 
-9 -28 -3 10 4 1 3 -1 
1 -2 -3 2 0 6 6 -1 
1 18 2 0 -2 -7 2 0 
3 -3 8 1 2 -3 -13 -1 
0 -19 -2 -6 -2 -3 0 -5 
-2 -11 6 3 0 2 -14 1 
-6 -23 -13 0 1 14 32 -6 
4 -1 5 -3 -2 2 29 1 
0 7 -19 -7 -2 -22 -44 0 
-10 10 -25 -13 -3 -8 -8 -16 
-5 -26 -4 2 -1 -5 -18 -3 
-2 -9 -10 -11 -1 4 2 -6 
6 16 16 17 -4 5 19 7 
1 41 2 -3 1 -2 -26 -8 
-5 -1 -1 -2 1 2 29 11 
1 -1 -8 -11 -1 -5 -15 -3 
10 2 10 -10 4 6 8 6 
-7 -12 26 16 -1 -4 -5 -8 
-1 8 -15 11 -3 -1 -5 -2 
1 -10 16 -9 -2 -2 -4 -2 
-8 -20 -14 -10 -3 4 6 1 
2 -7 -3 1 2 -2 2 0 
3 7 0 -14 0 0 -13 -5 
1 4 10 0 -1 -6 10 8 
-14 -52 -53 -5 -5 -2 -1 -9 
-6 10 23 0 1 -1 -9 -2 
0 -17 7 5 -3 -9 3 0 
6 44 -19 -5 -1 -5 -21 1 
0 -8 -9 1 -5 -2 7 -1 
14 80 11 16 13 7 13 12 
-11 -57 -42 -46 -12 -6 -13 -4 
-3 9 -20 -9 0 -1 -5 -5 
-10 -29 -33 42 -8 -9 -1 -5 
6 3 14 -19 -8 5 7 4 
0 25 -8 5 8 -1 -7 -4 
-8 -39 11 -5 -4 1 4 1 
-9 -31 -38 -21 0 -3 -8 -4 
-4 -25 -12 -21 -16 -5 2 -2 
3 10 17 22 1 -4 -3 0 
-12 -22 -31 -6 -4 -1 -6 -5 
6 46 18 4 6 -1 -1 0 
-2 -47 -32 -1 0 -1 3 6 
2 1 13 -11 -1 3 1 -5 
-2 27 -3 14 -1 -3 -6 -6 
3 -2 12 -6 1 1 0 3 
3 -10 -9 -4 1 -2 6 1 
-7 2 10 8 3 -2 -6 -4 
0 -29 7 8 3 1 -3 1 
7 8 3 -11 -2 2 5 3 
-4 16 15 4 0 -1 -10 -7 
-4 -31 4 7 2 -1 11 10 
3 -8 8 -1 -5 -3 -4 1 
-1 14 11 -12 -2 -5 -1 -9 
-2 -20 4 11 3 0 3 -3 
1 28 -2 -1 -4 0 -4 -5 
-3 -22 -3 -3 -1 5 -8 0 
3 22 21 5 1 -1 11 3 
-1 -47 -2 3 -1 -6 -5 -1 
10 16 -6 -10 -3 -5 13 9 
4 19 12 9 0 2 -14 8 
6 25 60 6 1 3 -3 1 
3 -6 -8 -6 -1 6 11 -7 
-18 -10 -19 -18 -2 -9 -21 -7 
11 55 17 24 0 -2 16 12 
-5 -55 -10 21 0 2 -3 4 
-7 -37 -28 -39 2 1 4 0 
0 -20 -3 33 1 0 -9 -5 
-6 -15 -14 -60 -6 -3 3 -8 
0 32 15 4 -7 3 -2 -2 
-7 -46 25 35 -1 -3 2 0 
3 0 -31 -19 16 0 -1 -2 
-8 -15 -2 1 -20 5 0 -7 
-7 -12 20 20 5 -6 -2 0 
9 33 -73 -39 -6 2 -4 2 
-7 -9 57 30 5 -2 -5 -2 
-3 6 25 -24 10 3 3 -2 
-1 -24 -73 -10 2 4 -2 -2 
-6 39 48 48 -11 -9 -3 -3 
13 8 -41 -6 2 3 0 5 
-7 -5 -24 -10 -9 -10 -5 -7 
0 2 29 -11 0 -3 -3 0 
7 -23 -29 -20 11 0 0 7 
-24 44 29 20 -18 -4 -2 -17 
5 -47 -13 -1 2 -4 -2 5 
4 37 -10 -9 14 -3 0 -3 
-7 -23 27 17 -23 2 1 4 
7 -10 19 -36 3 4 -2 1 
-1 -17 -2 28 2 -2 2 4 
-6 -1 -30 -14 -5 -2 -5 -17 
9 47 23 14 7 -2 5 9 
-3 -8 -31 -14 -2 -2 -3 1 
-9 -26 11 17 4 -7 -5 -6 
17 58 -24 -12 -5 2 6 17 
-37 -12 -1 -14 -1 -8 -19 -69 
23 40 19 7 -2 2 3 30 
6 9 9 15 1 -4 1 5 
-26 -3 0 -26 -9 -1 -4 -31 
1 5 -1 4 -2 0 -1 8 
-2 -14 5 5 -1 1 0 -3 
2 13 -7 -9 0 5 9 0 
19 -7 16 13 2 1 4 17 
-15 11 3 -16 -5 -6 -5 -2 
8 9 -2 -1 -2 -1 -3 -11 
-27 21 -2 -1 -1 0 -7 -19 
-6 -23 -10 -2 -5 -1 4 -3 
29 50 10 3 8 1 -11 26 
-13 -4 -34 -11 -4 20 30 -5 
-6 -1 -11 -5 -1 -22 -17 -6 
-2 4 11 2 -2 -3 -19 -10 
-5 -16 -1 -10 0 -2 13 3 
8 -2 10 10 -1 1 -10 1 
7 23 8 18 -2 13 6 -6 
-12 -19 -13 -6 -2 -4 4 3 
10 -4 0 -3 0 -4 -2 20 
4 47 45 -4 -1 -4 8 -8 
1 7 5 -1 5 -3 -20 -2 
-6 5 -14 2 1 -3 -6 6 
4 -14 9 4 0 5 3 -8 
-10 -15 3 2 -5 -7 2 6 
3 0 -17 -9 -7 -1 9 4 
21 11 20 5 1 3 9 14 
2 27 -29 -10 -2 -5 -14 -3 
-9 -31 -41 -20 -3 -3 -8 -8 
2 -8 12 13 -1 0 0 1 
-5 -8 -5 -1 -3 1 0 3 
1 -9 -17 -2 -2 -5 11 -10 
8 5 18 -7 1 -4 -12 11 
-7 -46 11 -6 1 3 3 -10 
6 19 -8 -23 -9 -3 -2 1 
-6 9 14 15 3 0 -6 -2 
-2 -7 12 9 -3 -4 -5 -4 
4 -12 -28 -20 13 3 9 5 
-10 -9 35 8 -13 -4 -5 -9 
-4 -7 8 -17 -8 0 0 2 
-3 -18 -17 6 2 -2 1 0 
7 38 17 1 1 -2 0 2 
-2 0 0 4 4 5 2 -2 
-4 8 4 12 1 -4 0 2 
-4 -36 10 -2 -16 -8 -5 -7 
0 0 3 17 19 4 -2 0 
-3 -2 -30 4 5 -8 -5 -3 
4 -5 16 -2 3 14 9 1 
-3 22 -4 -16 -16 -6 -5 -4 
0 -13 -24 -23 -14 5 0 -2 
-4 2 9 -4 -5 1 0 0 
-2 -12 3 15 15 -6 -3 -4 
-5 -13 -27 -2 -7 -2 -7 -3 
2 13 13 23 7 0 1 2 
0 -1 9 -5 3 0 -2 -2 
2 -6 -16 -15 -12 -3 -1 3 
-2 -3 8 21 14 -3 -5 -3 
-3 2 3 0 -7 -3 1 -2 
-6 -13 -8 -12 1 0 -1 0 
-7 -1 -22 -1 -11 -6 -5 -5 
-1 -23 3 0 3 2 1 2 
6 20 18 7 7 2 4 6 
-1 0 -3 -19 -8 -2 0 -3 
4 3 6 1 4 -1 -1 5 
-5 10 -4 5 4 1 -1 -2 
-6 -10 -10 -11 -17 -6 -4 -6 
1 -9 3 7 8 3 1 2 
7 3 2 -1 -1 -3 -2 2 
-9 -6 -5 5 0 0 0 -12 
-8 -9 -12 -7 -2 -1 -2 -1 
3 -9 -1 5 2 -2 -3 4 
-5 -38 -2 -3 2 -2 -1 -1 
6 4 2 -3 -3 0 2 5 
-4 -4 -3 1 2 1 -1 0 
3 16 35 11 2 1 -1 -3 
-1 7 -7 -10 -4 -1 -2 0 
-4 -11 -4 5 4 1 0 -2 
11 -3 -1 -5 -9 -4 0 6 
-8 -22 -18 -4 -3 -3 -4 -2 
-1 -3 1 5 -2 -3 -1 -6 
-5 -18 -24 -15 0 -2 -2 -1 
-2 8 -11 2 -3 -4 -8 -12 
-3 -3 -5 0 -1 -6 -5 -4 
-4 -2 -4 -5 -8 3 1 -3 
6 -7 -9 2 -1 -6 -4 7 
-9 6 1 -7 -5 0 -1 -8 
6 17 -8 -10 2 3 2 5 
-6 -11 4 6 2 -1 0 -5 
2 15 14 10 -1 -1 0 0 
2 6 -12 -2 4 -3 -2 0 
0 7 1 1 -6 -1 1 -1 
3 11 -7 4 5 -1 0 5 
-2 12 4 -9 -10 -2 -3 -6 
2 -3 5 -6 -3 -2 0 3 
-8 -28 -8 1 0 -3 -2 -3 
-5 11 -8 -1 0 -2 -3 -4 
0 -18 -8 -12 -3 1 0 0 
3 4 -24 -12 -1 -1 1 -2 
-6 -4 22 26 -6 -4 -1 -7 
1 2 -3 -17 -8 0 -1 0 
-1 6 10 8 6 -2 -1 0 
0 4 -12 -10 -6 2 -1 2 
10 37 34 1 1 1 -2 3 
-1 -31 23 21 5 2 1 -3 
-2 1 -13 -32 -9 -1 0 -4 
1 0 15 17 1 -3 0 5 
2 -12 -13 4 -3 -1 -2 -1 
-8 9 -9 -4 9 -3 -2 -5 
-1 -33 16 0 -8 1 1 1 
-2 -5 10 12 6 0 0 1 
-3 0 -17 -9 -2 -2 0 -7 
1 5 -7 -4 -1 0 1 3 
1 9 -7 4 4 -2 -4 0 
-1 -1 12 3 7 -4 -1 -1 
-10 -27 -15 9 -1 3 2 -3 
-2 -5 -2 -11 -14 -2 -2 -2 
2 7 -6 -1 5 0 -2 0 
-5 -10 1 -6 1 0 -2 -3 
3 4 -1 1 1 -3 -3 3 
-6 0 3 1 -2 -2 -1 -5 
-1 7 -3 2 2 0 -3 -7 
0 -1 -5 3 -8 -2 -3 -1 
1 36 -2 -12 2 -1 1 0 
-4 -13 -5 1 -5 -4 -4 -3 
0 2 -1 -1 -4 0 2 4 
-5 -7 -2 -6 -3 -3 -1 -3 
-2 -9 -8 4 -7 -1 -2 -4 
3 0 -3 -6 1 -4 0 2 
0 5 6 0 4 2 1 0 
0 0 -3 -7 -2 -2 -2 0 
-1 -7 -2 -6 2 -3 -1 -3 
-2 3 -1 2 1 0 -2 -2 
0 -3 -5 0 10 -2 1 -1 
-1 2 8 -9 -14 -2 0 -3 
3 -16 5 3 1 2 -1 3 
-2 2 11 20 3 -2 0 -1 
-4 7 -3 6 1 -1 -2 -2 
0 0 1 -4 -7 1 -1 0 
0 -1 -6 -17 2 -1 0 -1 
2 -1 -3 -10 -2 1 -1 0 
-4 9 4 15 -1 -5 -1 0 
0 -8 -5 1 4 -2 -2 -2 
-1 17 8 -1 -6 0 1 1 
1 -8 -8 -9 2 0 0 0 
-2 -12 -15 -13 1 -1 -1 1 
0 2 12 22 -3 -5 -2 0 
-1 -8 -11 -12 1 -1 0 -1 
-1 7 4 2 -5 -1 -3 -2 
-4 -3 -2 -18 2 3 2 -2 
5 -25 13 6 3 1 1 4 
-8 7 0 6 -1 -3 -2 -8 
4 13 7 -1 2 0 1 4 
1 -8 2 -3 -10 -4 -3 -2 
-1 -2 0 -3 3 -1 -2 -2 
-2 -35 -9 -6 -6 -2 -3 -3 
-6 -4 -24 -10 -2 -1 0 -1 
-3 14 -6 11 -7 -5 -3 -1 
-5 0 -1 2 0 1 1 -3 
3 8 -4 -3 0 -2 1 4 
-3 -7 -1 -1 4 -1 -3 -3 
-2 -32 -17 -14 -7 1 -2 -1 
-5 4 -12 6 -2 -3 -3 -5 
-2 -8 -4 -10 -10 -3 -4 -5 
0 9 0 -2 3 -2 -1 -2 
0 5 5 8 3 -2 -2 -1 
0 10 12 -1 -3 2 2 2 
-2 0 -4 -4 0 -1 -3 0 
-5 -16 0 9 7 0 -1 -4 
1 9 10 5 -9 1 -1 -1 
-2 2 -11 -15 -2 0 -2 -3 
1 23 -4 4 -1 -1 0 -1 
7 -11 6 -3 -3 -1 1 7 
-8 7 7 6 10 2 -1 -10 
-7 -3 -15 -11 3 -3 -1 -2 
1 4 0 -3 -2 3 0 3 
-2 16 -4 8 -3 -3 -2 -4 
4 1 3 -1 -3 -1 0 3 
-3 -3 3 -2 -6 -2 -3 -4 
2 -16 -18 -11 -3 -3 -2 1 
-5 -3 -12 -5 4 0 -1 -6 
2 5 -21 -7 -6 -1 0 1 
3 21 71 11 1 -1 -1 -2 
2 -1 5 12 -1 1 0 2 
-3 -13 -1 -3 -3 -1 -2 -3 
3 19 -4 -10 -2 -1 0 0 
1 -7 -17 2 0 -4 -2 -2 
-4 -11 -1 8 2 1 -2 -1 
0 5 11 -10 -5 -1 0 -1 
-5 -12 -5 -9 -4 -3 -3 -1 
3 14 -10 -11 0 1 3 3 
-8 21 3 24 4 -6 -4 -7 
-1 -4 -3 3 -1 -2 0 0 
-2 -2 2 -4 -2 1 -2 0 
-7 -5 -15 -4 1 -3 -2 -2 
-1 -8 -4 -1 -1 -2 0 0 
2 4 4 0 -4 -3 -2 -2 
-1 -6 4 0 -1 -1 -2 -3 
2 1 -14 -4 -4 0 -1 0 
-2 -5 8 -8 3 0 -1 -1 
-4 -3 -5 -4 -8 -2 -2 -3 
1 -3 9 -1 -1 0 0 3 
-2 -16 -25 -4 1 -2 -1 2 
3 14 18 -2 -4 -1 0 0 
2 14 10 -1 -3 -3 -3 -1 
-5 -7 -28 -7 -2 -4 -3 -4 
-4 -11 1 7 10 -3 -1 2 
-2 -8 -2 -3 -16 1 0 -2 
2 2 -3 -7 -1 -2 -1 2 
0 -10 4 -1 2 -1 -1 -3 
-2 -12 -3 -13 -8 -3 -1 -2 
1 6 2 9 8 -6 -3 -1 
-4 -3 4 7 0 0 0 -1 
1 -2 4 2 -3 1 1 2 
-5 -6 -7 4 -1 -3 -4 -9 
-3 -7 -2 -6 -3 0 -1 -2 
-3 -2 -5 -4 0 2 1 -1 
-3 7 -16 -2 -2 -4 -5 -2 
-4 -4 5 2 -7 -1 -1 0 
1 -1 -6 -8 4 0 0 -1 
-6 -15 -10 -5 7 1 0 0 
-2 9 -2 5 4 0 0 0 
-1 2 2 11 -16 -3 -2 -3 
1 -6 -5 -12 -1 0 0 3 
1 -7 2 8 2 -1 0 2 
-1 -6 5 -5 0 -2 -2 -3 
3 27 2 -3 4 1 2 1 
-2 -4 13 15 12 0 -3 -4 
-1 1 -12 -10 -10 -2 0 -3 
1 14 15 -2 -1 -2 -1 3 
-3 -23 -10 -2 -4 -2 -1 -3 
-2 -5 -12 -10 -6 0 1 -1 
-4 6 6 4 4 1 1 -2 
-1 3 7 2 0 -2 -1 -2 
-3 -6 -14 -5 -3 -1 -1 3 
-1 -4 -3 -4 4 1 -1 -2 
-5 9 -12 3 -4 -4 -5 -4 
0 -12 16 10 0 2 1 1 
3 5 2 -2 -1 -1 0 -1 
3 11 4 -8 -4 -2 0 0 
1 10 0 4 -1 -4 -2 -2 
-2 0 9 11 0 0 0 -1 
-1 11 1 -23 -4 -1 -2 -3 
-3 -14 -3 1 -5 -1 0 0 
2 -4 9 1 -4 -4 -3 0 
-2 -6 -13 6 9 0 -1 -4 
-2 -28 3 -1 -2 3 1 0 
-6 -4 -1 -10 -7 -1 0 1 
-3 -8 -2 9 2 -2 -4 -8 
-3 -7 -3 -6 -4 2 0 -2 
2 24 7 11 -2 -1 -1 0 
-2 -4 -9 -3 10 0 0 -3 
0 -5 4 -13 -7 2 1 0 
2 3 2 -4 -5 -2 -1 2 
-1 -13 -12 -1 3 1 -1 0 
-4 -14 -8 -1 -5 -1 0 -1 
0 17 1 -2 -2 0 -2 3 
-2 -5 -5 3 0 -4 -2 -4 
-1 19 -15 18 7 -5 -3 -2 
1 -15 6 -8 -16 -1 -2 -2 
-2 -1 -6 -10 0 -3 -1 0 
-2 -7 -12 -11 -7 -3 -4 -5 
-1 -8 -1 -2 1 -3 -2 -2 
2 19 9 7 6 -3 -2 -1 
-4 -15 -4 0 -8 -2 1 2 
4 15 21 4 1 -2 -4 -3 
-1 0 -1 -3 -1 -3 -1 -1 
-1 1 4 8 12 0 -2 -1 
0 -7 -8 -12 -14 1 0 1 
-3 -3 -5 -7 7 -1 -1 0 
0 7 9 5 -6 -1 -3 0 
0 -1 -1 -4 -2 -2 1 -2 
0 -13 4 15 6 -2 -1 -2 
0 12 -3 -2 -3 -1 0 4 
1 -9 2 -9 -1 1 0 0 
-4 -3 -12 -2 -5 -3 -2 -2 
1 7 3 -2 -2 -2 -2 0 
-2 -37 7 6 4 0 -1 -1 
-3 -11 -5 -21 -13 2 0 -1 
0 3 -2 -2 -2 -4 -3 -1 
1 -6 2 1 -3 -1 -2 1 
-5 8 -10 -2 -3 -5 -4 -4 
0 11 2 7 7 0 -1 -3 
3 34 -6 -13 -1 0 -2 3 
-4 5 1 -1 -5 -2 -1 -7 
-3 2 -15 -4 -1 -2 -2 1 
-1 -5 5 19 6 -3 -1 -2 
-4 -11 -13 -18 -11 2 0 -1 
2 3 -3 -2 6 -1 0 1 
2 3 -5 -8 -5 0 1 0 
-1 8 9 -9 -4 -3 -1 -1 
-5 -24 -3 13 1 -5 -3 -1 
-4 -16 -10 -5 1 -1 -1 -1 
-5 -14 -16 -2 -5 1 1 -4 
0 -1 9 -3 1 0 -2 1 
-3 -6 -6 1 -3 -3 -1 -4 
2 -3 -4 -2 -1 -1 0 0 
-3 1 -5 -3 -9 -1 -1 -2 
0 -6 8 3 3 0 1 0 
-1 -16 2 -4 -5 -4 -3 -3 
-3 10 -1 -3 -1 -3 -3 -3 
-1 -27 10 4 3 1 2 2 
-1 10 15 -3 -5 1 0 -1 
2 5 12 8 0 1 2 2 
-2 -7 6 4 3 -1 -1 -8 
-1 3 10 -1 -2 -2 -2 2 
-1 14 -19 2 -2 0 -1 -8 
-1 -6 4 6 3 -1 -1 0 
0 -5 -11 -3 -3 -1 -1 3 
2 11 -1 -17 -11 -2 -2 -1 
-1 -10 -12 -9 1 -4 -2 1 
-4 5 0 5 -2 -2 -3 0 
0 5 -3 -2 12 0 -1 1 
-2 -8 -5 14 -4 -2 -4 -3 
0 7 -15 -4 -1 1 1 2 
-7 -2 13 -3 -6 0 -2 -3 
-1 -8 6 -8 -5 1 -3 -2 
-6 -20 0 7 5 0 1 0 
-3 -16 -10 -14 -5 -1 -1 -1 
-1 0 -13 8 3 -2 -3 -2 
-1 -3 6 1 -5 2 -1 0 
1 10 -8 -1 8 0 0 -4 
-1 -7 -8 -1 -2 1 -1 1 
-4 -12 -2 -7 -1 0 1 -4 
2 11 -2 6 2 -2 0 2 
-2 -5 9 9 7 -3 -4 -2 
-1 -2 -11 -11 -8 -3 -2 0 
5 13 5 -4 1 0 1 1 
-2 4 -1 3 0 -2 -3 -2 
2 5 -5 -7 -5 0 0 0 
-2 -20 -2 5 1 -3 -3 -4 
-3 1 -8 -4 -4 -1 0 -5 
0 2 -1 -2 -5 -1 1 2 
-3 -21 -14 -16 3 2 1 -2 
-1 -5 6 27 6 -3 -3 0 
-7 -5 -3 -17 -3 -4 -3 -7 
-1 -7 -6 3 -2 -1 -1 -1 
0 1 -2 -25 -12 -2 -2 0 
0 0 5 14 1 -1 -2 0 
1 3 -3 9 6 1 -1 3 
-4 -16 -1 1 -1 0 0 1 
-1 7 -4 -2 0 -2 -2 -2 
2 6 -5 -14 -4 -2 -1 -2 
-3 -6 2 5 2 3 4 2 
8 -34 59 3 1 0 1 2 
1 6 -27 -4 -4 -1 -1 -4 
-1 -2 15 2 -3 -1 -1 2 
4 7 2 -4 4 1 -2 0 
-5 -1 -14 1 -6 -3 -2 -4 
0 3 6 6 6 -1 0 1 
-1 -5 4 -10 -9 0 0 -3 
