#EMG
#1
#ID:1-2
-1 -1 1 0 0 -3 -1 -1 
2 0 7 -3 0 1 -1 1 
1 21 -16 -4 -1 -3 -3 -3 
-7 -66 6 -3 -1 3 1 -1 
-3 7 -2 6 -5 -4 -4 -4 
1 -7 4 1 4 0 2 0 
-1 7 0 8 1 0 -1 -1 
-2 13 -13 -34 -5 -4 -3 -1 
-2 -7 4 9 1 -1 -3 -1 
-3 -6 2 -6 -1 -3 -2 -5 
-1 -12 1 0 -5 -3 -1 -3 
3 25 -2 7 6 -2 2 -1 
0 -7 14 0 -9 3 2 2 
3 18 11 -2 0 0 -1 1 
-3 -7 -12 -5 1 -1 3 -2 
0 18 14 8 -1 -3 -2 -3 
1 8 -8 -12 -1 -3 -1 -2 
-4 -12 -2 5 -2 -3 -1 0 
-1 -6 -4 -8 -2 -1 -3 -2 
1 7 4 8 -2 -1 -3 -2 
-3 -7 -7 -7 2 -2 -3 -2 
-2 -3 -4 16 -2 -4 -5 -2 
0 3 1 -12 -3 -1 0 -1 
-1 2 -36 -21 -10 -3 -3 -1 
-10 -4 1 9 4 2 -2 -7 
6 29 8 -4 -2 0 0 0 
1 -10 -12 -5 2 -2 -1 -3 
0 6 2 11 -1 0 1 0 
-1 -16 -1 -4 3 1 4 4 
0 -5 0 5 0 -3 -2 -3 
-1 8 -1 3 -5 -3 -1 1 
-5 -4 -4 -7 1 0 1 -5 
3 5 4 6 1 -3 -1 1 
-2 -7 -2 -8 -5 1 0 -2 
2 -3 11 4 2 3 -1 1 
0 0 1 6 0 0 -1 0 
1 3 1 -5 -6 1 0 -2 
-3 -16 2 -1 1 -1 0 -1 
-2 -1 3 3 -5 -2 0 0 
-3 -2 -10 2 -1 -3 -5 -2 
0 -39 16 5 -3 3 3 1 
1 4 -8 -11 0 2 -1 -3 
0 0 1 -3 -6 -1 -1 -3 
0 5 14 12 2 -3 -2 -2 
0 10 -11 -3 -2 -3 -2 -2 
-4 -15 -14 -9 -2 -2 -3 -3 
-1 -7 8 0 -1 0 -1 -1 
0 -3 -9 -3 -1 -1 -1 1 
-1 30 -4 4 -1 -5 -3 -4 
0 4 7 -16 1 5 4 1 
-3 9 5 -6 -7 -2 -2 -3 
0 -4 -20 -11 -2 -1 -1 1 
1 4 -1 7 -3 -2 -3 -1 
2 -2 -2 6 1 -2 -2 4 
-2 -3 -1 -2 1 0 1 -3 
0 6 13 -6 -1 1 -1 -1 
-1 -3 0 -1 0 -2 1 2 
-3 -1 -7 3 -3 -5 -2 -2 
0 -7 -2 -1 1 -2 0 1 
0 0 8 10 5 0 -2 0 
-2 -2 -4 -19 -8 -2 -2 -1 
-4 -6 4 3 0 -2 -2 -2 
1 1 -5 -3 -1 -2 0 0 
-10 11 -20 4 3 -2 -3 -4 
7 45 11 -10 -7 -1 -1 -1 
-1 4 -4 -7 2 0 0 -2 
-4 -9 -7 -7 2 1 1 -1 
-2 -11 0 17 1 -1 -1 -2 
-1 2 -8 4 1 -1 -3 0 
-5 -6 2 -14 -8 -4 -4 -6 
-1 4 2 3 5 -1 -1 -2 
1 -2 9 -12 -7 -3 -1 0 
-7 -27 -11 7 2 1 -1 -2 
4 -8 5 8 -2 -1 2 6 
-8 -8 -24 -13 -3 -5 -6 -12 
-3 -8 17 2 1 -2 -3 0 
-2 -14 -9 -8 -6 0 -2 -1 
1 5 0 -6 -3 -2 -1 -2 
1 -1 4 3 0 -2 -1 2 
1 0 -2 1 -7 -2 0 -1 
0 -20 6 7 11 2 -1 -1 
2 14 21 -6 -4 1 0 3 
-3 1 -1 10 -5 -3 -2 -1 
0 1 7 -3 0 -1 0 -2 
-3 -7 -7 -3 -1 -3 -3 -1 
-1 -1 -20 -3 -1 1 0 -3 
2 -28 17 0 2 2 0 3 
-2 -8 -11 -6 -1 -2 -1 -2 
3 17 6 3 -1 -1 -1 1 
-2 -18 -8 3 -1 -1 -1 -2 
-2 14 9 -8 -7 -6 -5 -1 
3 -2 -5 -5 5 2 1 2 
-2 -8 -4 -2 -3 -4 0 -1 
-6 -22 -7 5 2 -3 -3 -8 
4 23 7 8 0 3 2 3 
-2 -3 5 -1 -4 -1 0 -2 
-7 -2 -5 -5 1 -1 -1 -4 
-6 -2 -6 2 -2 -4 -3 -6 
-3 -3 -7 2 1 -1 -2 -5 
1 8 1 -7 -7 -1 0 1 
1 0 -14 -1 1 -2 0 -3 
-4 -1 4 -6 1 0 3 2 
1 -32 10 3 -4 1 0 2 
0 9 -14 0 0 -1 0 -1 
3 18 11 -1 -5 -2 0 1 
2 -5 12 -1 -3 -1 -2 1 
-3 -3 -17 11 5 -1 0 -3 
2 2 3 -18 -7 -2 -1 -1 
-3 -6 -1 -1 -1 -1 -2 -1 
-1 5 -12 -13 -1 -3 0 2 
-5 14 -8 0 -3 -4 -3 -4 
2 -3 8 -1 -3 -2 -2 -1 
-1 -12 -11 2 -1 -1 -1 1 
-1 8 2 1 -2 -1 -1 -3 
0 -6 -1 -9 -3 0 1 0 
-1 9 2 7 3 -2 0 2 
0 -3 -8 -4 -5 0 0 2 
-3 -11 2 2 -1 0 -3 -3 
-2 7 -4 -4 -2 1 1 0 
-1 2 11 2 4 1 1 1 
-7 13 -25 0 -1 0 -2 -6 
2 -2 -4 0 -1 0 1 -1 
1 9 -3 -7 -1 -3 -4 2 
1 -6 6 10 0 -1 -7 -4 
-4 -8 -10 -20 -3 -4 5 2 
-4 5 -16 2 -4 -3 4 -4 
-1 -7 -12 -7 -3 -7 -12 -4 
-8 23 9 3 -2 0 1 -10 
6 -13 11 8 0 -2 -5 5 
5 26 12 5 -2 3 -13 6 
-1 -1 9 1 2 2 25 -1 
3 -50 -32 -11 -2 -12 0 7 
1 67 43 7 0 2 -6 -3 
17 -3 15 1 0 4 16 19 
-10 2 -10 5 4 6 -8 -11 
-27 -29 -25 -2 -2 -12 -20 -5 
-8 9 -35 -8 -8 -11 -10 -14 
10 26 33 2 3 0 -9 4 
-3 -68 -37 -7 -3 -2 1 0 
13 37 69 10 -2 10 18 5 
-2 -25 -21 19 6 -1 -1 1 
-15 -26 -50 -29 3 -2 -4 -11 
-1 -9 -7 -4 -6 -4 1 -1 
-3 9 -2 6 5 2 3 -5 
12 34 29 -3 0 0 -4 4 
-4 4 -23 9 -1 -2 2 -8 
1 20 12 -19 -5 -3 -5 0 
-2 -10 -14 7 -1 -1 -5 -2 
6 -53 -12 -8 -2 2 8 6 
-17 1 -2 7 3 -4 -3 -14 
11 56 31 8 5 1 -1 6 
-1 -20 -32 -13 -7 0 -3 -5 
-14 -46 5 -7 -3 -2 1 -6 
8 33 21 8 -3 -3 -1 3 
-9 -52 -73 -18 -2 -5 -7 -5 
3 14 -8 6 -12 -2 2 -3 
-6 7 -5 6 11 -3 -1 0 
7 -15 -9 -7 -5 3 0 7 
-15 15 23 10 4 -1 -4 -12 
5 11 -20 0 -4 -7 -6 0 
0 0 -26 -36 -14 -4 -4 -1 
13 4 24 30 11 0 4 10 
-8 16 7 7 2 -1 3 -6 
-10 15 31 10 5 -1 -6 -15 
-2 0 26 19 -12 2 -2 1 
-2 -5 -15 -10 5 0 3 2 
21 6 8 -18 -4 2 -3 13 
-12 -31 -33 -5 -2 -2 4 -5 
5 -2 0 -5 12 3 6 -3 
-3 -30 -1 16 -9 -2 -15 -2 
-4 -15 -3 -2 -5 -7 16 3 
14 24 0 10 2 0 -8 0 
2 -13 1 -30 -4 1 1 4 
-26 -9 -10 -7 -3 -3 -6 -20 
9 1 9 11 0 6 -4 5 
2 0 -5 -20 0 2 3 7 
-6 -5 -1 13 -2 -6 -3 -7 
-1 3 -3 -5 -3 2 -1 -5 
-3 2 5 0 -7 -5 -8 -3 
-1 10 5 -8 4 3 6 5 
-3 11 0 0 6 -1 -1 0 
1 -8 1 -7 -15 -6 1 -2 
-4 -3 3 16 9 1 -2 0 
6 3 -14 -22 -3 1 -2 0 
-3 -14 8 13 1 1 1 -3 
-7 9 -15 -5 0 -3 1 -6 
1 10 3 -6 -5 -4 -16 -2 
6 -2 2 3 5 4 11 2 
-3 12 21 9 -1 -1 -2 -2 
1 -27 6 -2 6 -2 2 4 
-1 40 -20 0 -5 -4 -3 0 
-6 -48 15 -6 -5 0 -1 2 
-2 -3 -41 9 5 0 -4 -4 
-4 11 4 -20 -3 -2 -4 -5 
6 -3 2 2 2 -2 0 0 
-4 6 -4 -6 -9 0 -3 -1 
-6 0 -12 -5 -2 -5 -1 -1 
-4 -15 16 -1 -5 -1 -2 -3 
7 0 -9 17 17 6 8 8 
-8 -28 -39 -23 -13 -4 -1 -5 
-1 -16 12 7 0 0 -3 -1 
-4 29 3 -2 0 2 2 -6 
8 -28 -3 -3 -6 -1 -1 2 
-1 5 24 8 1 -2 0 2 
-7 -15 -8 -2 6 -1 -5 -8 
3 -2 -37 2 2 4 2 2 
-8 -4 29 4 3 -4 2 -3 
5 -2 6 -5 -9 -2 -8 0 
3 -5 0 -15 -7 2 1 0 
-1 5 0 3 1 -2 3 3 
2 24 9 -9 -4 -3 -3 0 
-4 -14 9 1 -1 -6 -4 -5 
-1 4 11 2 4 -1 -1 0 
4 7 1 -7 -4 -2 -1 2 
-9 -15 -16 3 -2 3 2 -7 
0 7 -11 3 3 -4 -3 -2 
-4 -21 -23 -37 -5 -3 -2 0 
-7 -13 9 11 -5 -7 -5 -10 
1 9 0 -8 -6 -1 0 1 
3 -6 25 33 10 3 2 3 
-2 -18 -1 -30 -9 1 2 1 
4 20 17 12 3 -3 -1 4 
0 -1 8 -6 -8 -3 -1 0 
-13 20 -12 -7 5 -2 -4 -10 
5 13 9 22 -6 -4 -3 1 
-3 -18 -16 -9 3 0 0 -1 
-2 -11 -8 -25 -9 0 -3 -2 
2 12 13 29 4 -2 2 3 
-2 10 2 8 -7 -1 0 -2 
-1 1 -9 -15 10 2 -1 -2 
-9 -9 11 21 -2 0 -3 -4 
-4 -4 -13 -37 -12 -3 -4 -1 
0 3 -20 12 -3 -6 0 0 
1 -10 -1 3 11 -2 -3 -2 
2 3 -6 -17 -5 10 2 4 
-4 -9 -2 4 0 -3 -5 -3 
2 9 11 11 10 3 1 -1 
-2 -3 2 2 -16 -2 -2 0 
-6 -4 -9 0 3 -3 -2 -4 
4 14 8 -2 -4 -1 0 1 
-2 -5 4 1 -1 -1 2 -3 
4 -12 -18 -3 -2 -2 0 6 
-12 -7 13 -4 0 -3 -4 -10 
-1 1 -1 -8 0 1 2 1 
0 6 16 5 7 0 -1 2 
-3 -6 -5 -11 -7 -2 -1 -2 
0 -9 -7 12 3 -3 -3 -3 
0 7 7 0 -4 1 2 1 
-3 -31 9 9 2 -1 -2 -2 
-4 -3 -4 -20 -5 2 2 -1 
4 6 1 5 1 -2 0 1 
-5 -20 -10 -5 5 -1 0 -1 
1 14 -5 5 -2 2 1 -3 
-6 1 -5 2 -5 -3 -1 -4 
4 -5 -3 0 5 -4 0 3 
-1 -3 0 -7 -7 0 -2 -2 
0 3 -19 -3 -4 -1 -2 2 
-5 -12 7 -1 5 4 0 -4 
0 18 -2 0 -3 1 -1 -1 
2 -2 -7 2 2 -1 -1 0 
-2 3 -11 -10 -6 -1 -1 -3 
-2 2 7 12 11 0 -1 -3 
0 1 4 -6 -17 -4 -2 -1 
-3 -8 -15 -1 8 0 -1 0 
-1 9 7 -8 -4 -2 -2 -3 
-1 13 -17 -4 4 -6 -4 -1 
-3 -27 6 -1 -3 -2 -2 0 
1 6 -5 -5 -8 -1 0 0 
0 0 -6 9 4 -2 -1 -3 
1 7 5 -2 -17 -7 -5 -1 
-4 -6 -9 3 6 -3 -1 -2 
1 1 -4 -7 7 5 1 -3 
1 -1 5 3 4 -1 -1 1 
-7 -38 -13 3 -2 1 0 -1 
4 27 25 6 -8 -2 -1 1 
-4 -6 1 7 6 -1 -2 -3 
0 -3 -8 -23 -12 0 1 0 
2 2 -7 -1 -4 -1 -2 0 
0 -3 -12 -20 0 -1 -2 -2 
-3 -2 0 8 1 -2 -2 0 
0 6 6 3 1 -1 -3 -2 
1 -1 1 1 -1 -1 0 -3 
-1 -1 -3 1 1 -4 -2 -2 
-3 -7 -6 -4 2 -1 1 -2 
-1 0 -1 12 -2 -3 -3 3 
-4 2 -8 -17 -3 -1 -3 -4 
-2 -21 -2 0 4 2 -1 -1 
0 2 5 -7 -5 -4 -1 1 
-1 6 -10 3 -1 -1 -2 0 
-2 4 6 10 0 -4 -3 -2 
-2 -11 -21 -21 -5 1 -1 1 
1 2 6 11 0 -2 1 -2 
-2 -4 4 -7 -3 -2 -1 -2 
2 3 6 -1 -1 -1 -1 -1 
-6 1 -37 -2 -3 -2 -2 -6 
3 4 5 -4 -7 -2 -2 0 
-1 5 8 7 5 0 -2 -3 
-2 -8 -1 -3 -5 -1 -3 2 
0 2 -6 2 6 0 2 1 
1 11 15 10 4 -2 -1 2 
0 3 -14 -25 -18 -1 -1 0 
5 17 14 22 17 2 0 0 
1 -2 7 3 2 1 -1 1 
-5 -7 -11 -9 -8 -1 -1 -2 
-1 19 -2 6 10 -1 -2 -1 
2 2 8 -5 -13 -1 -2 0 
-2 3 4 5 7 1 -1 -1 
-1 -2 -1 4 0 0 0 -2 
-5 -7 -4 -6 -1 -3 -4 -3 
-3 -6 -8 2 -2 -4 1 0 
-1 3 1 -3 -3 0 1 1 
-2 -4 1 -6 -1 -3 -2 -1 
-4 -14 -6 7 1 -2 2 -2 
0 -5 -1 -17 -8 2 -1 0 
-3 -9 11 6 -4 -3 -1 -2 
6 3 -14 -11 -4 2 2 0 
-2 -6 15 2 1 -2 0 -4 
5 23 20 7 2 0 0 0 
0 2 -9 -1 3 -2 -3 -3 
-7 -14 -2 2 -2 0 -1 -1 
-3 0 -5 3 -2 1 0 2 
-2 -6 -6 0 -3 -1 -1 0 
-3 -12 4 -9 -3 -3 -2 -1 
-2 2 -6 -3 -8 -4 -5 -3 
-2 -4 3 1 6 3 1 0 
-2 -4 -13 -24 -6 2 1 1 
0 11 1 9 -2 -5 -1 0 
-1 -2 -3 0 5 1 -1 -2 
-2 -20 2 -16 -11 -2 0 0 
-1 -1 -7 5 -1 1 -1 -1 
1 4 3 1 3 0 1 0 
-1 -6 1 5 0 1 0 -1 
-1 1 -7 1 -2 -1 -1 -1 
-2 -2 13 4 2 -2 -1 -1 
0 -5 -7 -5 -6 -1 -3 -2 
-3 6 -13 -8 0 -2 -2 -2 
1 -1 6 -3 1 -2 -2 0 
0 -7 -4 6 2 0 -1 -1 
-2 3 -14 -4 -1 -4 -2 -3 
-5 -7 5 -1 -3 0 0 -3 
0 2 -19 -4 -1 -3 -1 -2 
-2 -6 4 11 10 -2 -2 -1 
3 -1 5 -7 -14 -3 -1 0 
2 -3 -11 -9 -4 1 1 0 
1 4 14 10 -4 0 -1 -2 
-1 12 -14 -23 1 -3 -3 -1 
-2 -2 11 15 8 3 1 -1 
-2 1 7 0 -7 -3 0 -1 
0 4 -6 2 6 0 0 -1 
2 -1 0 0 -7 -1 -1 -1 
-1 16 -7 -10 -5 -2 -2 -1 
1 -8 9 4 -1 -2 -3 0 
3 13 0 -1 0 1 -1 -1 
-3 -14 -2 1 -1 -1 -1 -2 
-1 3 -7 -4 0 3 -1 0 
-1 6 21 9 0 -3 -1 -3 
-1 0 -7 -3 -8 -3 -3 0 
-1 -6 0 6 6 -4 -2 -2 
0 -7 9 -1 -7 1 1 1 
-2 1 -6 -1 -1 0 -2 -2 
1 -4 8 -31 -2 0 -1 0 
-3 -9 -21 -2 -8 -3 -1 -2 
-2 -5 6 9 3 -3 0 0 
0 -1 -14 -4 6 -2 -1 0 
-3 -1 7 13 0 -2 -2 0 
0 1 1 -1 0 -2 -1 -3 
-1 -5 -5 -9 -4 -1 -1 -1 
-3 -6 -6 -7 -5 -2 -4 -4 
0 3 1 5 1 -2 -1 -1 
1 -2 0 0 1 4 -1 -2 
-2 -5 5 9 4 -3 -1 -2 
-1 31 0 -10 -1 5 4 1 
-4 -15 -8 1 0 -1 -3 -2 
-2 4 -3 -1 -2 -1 -1 -2 
1 10 -4 -9 5 0 -2 0 
3 -18 -1 -7 1 1 1 1 
-3 -6 5 16 -2 -3 0 -2 
1 3 2 2 -1 0 1 1 
-2 2 -18 -12 -4 0 -2 -3 
0 2 9 2 1 -4 -2 -2 
1 0 -10 -10 -2 0 0 1 
-3 -19 4 6 -3 -3 -2 -1 
-1 -2 -2 -6 4 -1 -2 -1 
-1 0 -2 -4 -6 -2 -1 -1 
0 1 5 4 3 1 0 -1 
-2 3 -5 -2 -10 -1 -2 -1 
0 -2 19 7 1 0 -1 -1 
-1 -1 -21 -7 -1 0 0 0 
-5 -14 -17 1 4 -1 -4 -6 
4 4 2 -4 -3 1 0 2 
-1 -8 -2 -2 -6 -3 -2 -1 
1 -2 5 3 0 -2 -2 -1 
0 0 -2 2 1 -1 -1 -2 
-4 -2 -5 -3 3 -1 0 -1 
-1 0 4 -4 -5 -1 -1 -2 
-3 -1 1 4 -3 -2 0 -2 
-1 31 -12 -5 2 -2 -4 -3 
1 12 13 -2 0 -2 -1 -1 
-3 6 2 5 -5 -2 -2 -1 
-1 -1 -6 -4 2 -2 -2 -2 
-3 4 4 1 -4 -1 -2 0 
-1 -6 -8 -12 -8 -4 -3 -2 
-4 -5 0 0 0 0 0 -3 
0 0 -1 -9 -1 -1 1 -1 
0 -10 5 8 2 -2 0 -1 
-1 -3 -10 0 4 -1 -1 -1 
-4 3 -5 -8 -8 -3 -1 -1 
0 -16 22 15 10 2 0 -1 
0 -6 -7 3 -2 0 0 1 
-2 -13 -5 -22 -6 2 1 -1 
-1 9 -7 2 1 -1 0 0 
-1 4 -1 0 -4 -2 -2 -1 
0 -5 9 6 -3 0 3 1 
-3 -9 -19 1 -1 -2 -3 -3 
-2 -8 2 -7 -4 0 0 -1 
-2 -2 -1 10 -3 -3 -3 -3 
-4 -9 1 -4 2 0 1 -2 
0 5 10 -2 -7 -3 -2 -1 
-1 -9 -8 -3 3 -1 1 -1 
-1 11 -6 -3 -3 -4 -1 -2 
1 -18 10 -5 -1 0 0 1 
0 3 1 -6 -3 -4 -3 -2 
-1 -3 1 10 7 0 -2 -1 
-4 4 -9 -18 -11 -2 -4 1 
-2 -2 -3 3 2 -3 -1 -1 
-3 -3 -5 2 0 0 0 -1 
-1 -24 -8 -5 -3 -1 -3 0 
0 1 6 7 8 -1 1 -2 
-2 -6 -4 -9 -10 -1 -1 -1 
0 -2 -15 7 8 -2 -1 -2 
-1 3 -4 -12 -4 -6 -3 -2 
-4 -4 6 18 -1 0 -3 -4 
2 -2 -25 -41 -10 -2 -1 -1 
3 39 6 15 7 3 0 0 
2 3 -3 -14 -11 -1 -1 -1 
-1 2 -5 0 2 -2 -1 0 
1 4 8 9 -2 -2 -2 1 
-2 -6 0 -5 -5 -3 -1 -2 
-2 2 0 6 4 1 -2 -2 
-1 -3 0 -9 -6 -2 -1 -1 
-1 -5 -3 2 -3 0 0 -2 
-2 13 -10 -5 -1 -4 -2 -1 
-4 2 7 13 9 1 -2 -2 
1 -3 -1 -10 -6 1 3 2 
1 5 -1 6 5 -3 -1 -1 
-2 -7 5 -16 -9 1 -1 1 
3 1 -13 2 3 -2 0 -1 
0 0 -5 0 3 -1 0 0 
-2 4 1 -9 -7 -1 0 -2 
-4 -16 8 12 3 1 1 0 
-1 0 -3 0 -3 -1 0 -2 
1 -7 -3 0 1 0 0 -1 
-1 -1 3 2 2 -2 -3 0 
2 -9 8 -5 -6 -1 -1 0 
-3 -12 -6 -7 -4 0 -1 -1 
0 17 6 1 0 -4 -3 0 
-6 -12 -18 -8 4 -1 -2 -3 
0 -1 3 6 4 0 -2 -1 
0 0 8 4 -4 -4 -2 -1 
0 -6 -6 -3 -6 -3 -3 -1 
-1 3 1 3 -2 1 -2 -1 
-2 -7 -1 -3 4 -4 -3 -2 
0 4 8 -11 -9 1 1 0 
-3 -9 -3 9 3 0 0 -2 
0 -2 1 -1 -8 1 1 -1 
-3 25 -7 -5 -5 -4 -3 -3 
0 2 28 13 9 5 3 1 
-3 3 -15 -7 -9 -3 -3 0 
-3 -3 -3 3 4 0 -1 -2 
0 -1 -5 2 -3 -2 -2 -1 
-4 -5 -16 -8 -6 -3 -4 -2 
1 -3 3 0 4 0 -1 -1 
0 3 6 -5 2 -1 -1 -2 
0 2 4 2 -8 1 0 -2 
-1 3 -8 0 4 -1 -2 -2 
-2 -7 1 3 2 -1 -1 0 
-3 -5 -6 0 -4 -2 -3 -3 
2 2 10 0 -2 -4 -2 -1 
-2 -12 -8 -13 -12 -2 -1 -1 
-2 2 -3 -8 0 -1 1 -2 
-2 1 -4 -5 -1 -1 -1 0 
-1 -7 0 4 -2 -1 1 0 
-1 -1 -5 5 3 0 0 0 
-1 0 12 -2 -3 -1 -3 -1 
0 -3 3 17 4 -1 0 -1 
-2 -13 1 -19 -6 -1 0 -2 
3 15 6 13 3 0 0 1 
-3 -13 -4 -16 -3 -3 0 -1 
2 9 2 -1 -9 -1 -3 0 
0 1 5 13 10 0 1 1 
-1 -8 -18 -17 -13 -1 0 -3 
-1 2 11 8 2 -3 -1 -2 
1 5 3 -1 -2 -3 -1 0 
-2 -9 -2 4 0 -1 -2 0 
-1 3 -10 -10 2 -4 -2 -1 
0 -1 -3 2 1 0 0 -1 
1 -1 -1 -4 -1 -2 1 0 
-2 -5 1 3 -2 -1 -2 -1 
2 21 4 5 2 -1 -1 -2 
-4 -2 -17 -12 -6 1 0 -2 
-3 -6 20 11 7 -2 -1 -2 
-1 17 -28 -19 -9 -1 -1 -3 
-4 -11 -2 6 7 -5 -4 -3 
3 6 -1 -19 -12 5 1 2 
0 7 -3 -5 -1 1 -1 -1 
-2 -8 0 23 4 1 -1 -2 
0 -11 -2 -23 -4 -4 -4 -4 
0 0 -7 6 8 -3 -3 -2 
-4 -3 -4 -10 -4 0 0 -2 
-2 -8 0 9 3 -3 -3 -2 
-1 -26 12 8 1 1 2 2 
2 10 4 2 1 2 1 1 
-1 -1 -7 -5 -4 -3 -3 0 
-5 -10 4 -5 -1 2 2 -4 
3 8 0 10 4 0 1 2 
-5 -6 -3 -5 -5 -5 -1 -2 
-1 -4 0 3 3 -2 -2 -2 
0 3 -7 -14 -3 -2 -1 -2 
-1 3 4 18 13 -1 -1 -1 
-3 -7 -13 -6 -16 1 1 -2 
-1 6 15 -1 -7 -1 0 0 
-1 -8 -7 -22 4 0 0 1 
-2 5 6 8 -1 1 -2 0 
-1 -4 1 11 5 -4 -3 0 
-2 -6 -3 0 1 -1 0 0 
-2 -2 -2 -3 -5 -2 0 1 
-6 -8 0 4 -3 -3 -2 -4 
3 -1 -11 7 5 1 -3 1 
-1 -4 2 -9 -6 1 2 -1 
-1 -2 4 8 3 -1 -2 -2 
-3 4 -2 -6 -6 0 -1 -2 
-1 -4 5 -5 -5 -5 -1 -4 
-2 0 -6 4 13 1 -1 -2 
-2 -8 -3 1 -12 -1 -2 -2 
-2 -2 3 -5 -5 -3 -2 -1 
-4 -5 -3 1 2 -2 -2 0 
0 5 0 7 5 -2 -3 -1 
0 2 1 -17 -7 1 0 0 
-3 -3 -8 -4 0 2 0 -2 
-2 -3 0 8 0 -4 -3 -2 
-1 -1 -6 0 -4 0 0 -2 
-1 1 1 6 1 0 0 -2 
3 3 -2 -1 -8 -5 -2 -1 
0 3 4 -1 7 0 0 -2 
0 -3 -5 -5 -5 0 -1 1 
-1 -9 4 5 2 -1 -2 -2 
-3 -28 -11 -16 -4 -1 0 0 
-1 4 8 15 10 -2 -1 -1 
-3 -3 -13 -14 -18 -3 -1 -1 
1 11 1 -8 -1 -2 0 1 
-3 -7 11 13 0 -1 -1 -2 
-4 -11 -12 -5 -2 -3 -2 -2 
1 -5 7 -6 -4 -1 -2 -2 
-2 -4 -18 3 1 -2 -1 -1 
2 12 5 -3 1 -2 -2 -2 
-2 -8 0 -3 -9 -2 -1 -1 
-3 -5 -16 8 7 3 1 -3 
0 -2 -5 8 5 -5 0 -1 
-3 3 -4 -24 -18 1 -1 -1 
0 -5 0 -1 -1 -1 -2 -1 
-1 5 -1 -6 -1 -2 -2 -1 
-2 -1 7 2 -2 -1 0 0 
-1 -4 -15 0 2 -3 0 1 
2 6 5 -1 0 1 0 -1 
-3 -4 -2 -3 -5 -4 -1 -2 
-1 -3 -2 5 7 -4 -2 -1 
1 5 4 6 -3 -1 -2 -2 
-4 4 0 -9 -6 -2 -3 -3 
1 12 10 7 3 -2 -2 -1 
-2 -30 -8 -25 -11 -1 -3 -1 
1 13 6 6 0 -2 -2 -3 
-1 6 10 7 0 3 -1 -1 
0 5 -3 5 1 -5 -3 0 
-1 5 7 7 -8 1 0 -2 
-1 0 -6 -3 7 0 1 2 
-3 -17 -7 -9 -3 0 -1 -2 
0 2 1 5 1 -1 -1 -2 
2 11 -7 -7 -4 0 1 -1 
-4 -5 12 0 -1 -3 -4 -4 
2 -22 12 0 -2 2 1 1 
-2 -3 -7 -5 0 1 0 -2 
-1 0 -2 7 4 1 -3 -1 
-1 -2 -4 9 -5 -4 -2 -1 
2 16 -2 -6 7 3 0 1 
-2 -6 -7 -8 -4 -3 -3 -1 
-1 1 9 -2 -5 -5 -2 -2 
-3 -5 -16 1 -1 1 0 -1 
-4 -1 -1 -12 1 -5 -5 -2 
0 -1 1 0 -1 1 1 1 
-3 4 -10 -7 -3 0 0 0 
-2 -3 10 11 11 0 -2 -1 
0 3 -13 -3 -5 -2 1 0 
0 -2 1 -3 -1 0 -2 -1 
0 1 7 1 -1 -4 -2 -1 
-2 18 -23 -13 -7 -1 -1 -2 
4 17 23 10 -2 1 2 1 
-3 -5 6 -2 -2 -3 -3 -1 
-3 -4 -5 -2 -2 -2 -1 -1 
