#EMG
#4
#ID:4-3
-3 -17 -18 -8 -5 -4 -2 -1 
1 4 7 2 6 -1 0 1 
-9 -7 3 -3 -3 -3 -4 -11 
1 3 8 5 8 3 0 3 
-2 -8 -2 -2 -5 -3 -1 -3 
0 -10 0 -1 1 1 1 -1 
1 6 -1 1 -1 -2 -4 1 
1 -7 8 3 2 2 0 1 
2 10 1 -5 0 0 -2 2 
-8 -22 -3 1 2 0 -1 -4 
1 6 8 3 -1 1 2 0 
0 11 -4 -6 -3 0 -1 -1 
0 4 -1 5 3 -2 -1 -1 
0 -31 5 -6 -6 0 -1 1 
1 -2 -13 -2 -2 -3 -2 1 
3 19 3 2 0 -1 -1 0 
-6 0 -22 -3 -1 -4 -2 -2 
2 4 2 -2 -5 -2 -2 -3 
-1 2 6 4 -3 -1 -1 -1 
0 5 -8 -5 2 0 -1 1 
-5 -3 -13 -2 -3 -4 -2 -3 
-1 -17 3 -9 -3 1 -2 -1 
3 1 -1 3 -3 -3 -1 -3 
-1 -4 1 -2 0 0 -2 -1 
-1 -2 -2 -4 -4 0 -3 -2 
-4 -12 -5 2 0 -1 -1 -2 
2 -2 2 0 2 -1 1 2 
-4 -6 3 3 -1 -3 -4 -4 
0 6 -2 -2 -3 1 -2 -3 
4 12 8 4 -6 -2 1 0 
-2 9 -11 -10 3 -1 -2 1 
-3 2 -2 1 -2 0 0 -3 
-2 12 -4 1 1 0 0 0 
-2 -14 -13 -8 -8 -2 -2 2 
-1 3 2 0 1 -2 -1 -3 
0 -7 -1 -4 -6 0 -1 2 
3 2 10 4 -3 -2 -2 1 
-2 3 -10 2 3 -2 -3 -2 
0 -2 1 -16 -10 3 2 1 
0 4 2 10 9 -1 -3 -3 
-4 -16 -8 -6 -9 0 0 -1 
-3 -6 -4 -1 3 -1 -1 -2 
-4 3 -11 2 -2 -3 -2 -4 
0 -43 19 7 2 4 6 1 
1 33 8 -5 -1 -3 -2 0 
-1 0 -1 -3 -3 1 1 -3 
1 -8 -8 2 2 -2 -4 0 
2 4 -2 1 -11 -5 -3 0 
-7 -8 3 -3 7 1 -1 -3 
-6 -41 -14 -4 -1 -1 -2 -2 
6 15 4 1 -5 -4 -1 5 
-4 -5 -8 0 5 -2 -1 -4 
2 -11 7 -6 -6 -1 -1 2 
7 25 -6 1 3 -1 -2 -1 
-5 -27 -3 -1 -2 0 -2 0 
2 5 2 -3 -4 -3 -1 1 
-2 -17 -7 3 3 -2 -1 -3 
1 29 9 -2 -4 1 1 2 
-1 -17 -1 -5 0 -1 -2 -3 
0 10 -1 -3 -3 -3 -1 -1 
0 -15 -3 1 2 0 -1 0 
1 21 9 1 -5 -2 -2 2 
-6 -6 8 5 0 0 0 -5 
-5 8 -19 -9 -4 -3 -3 -1 
-2 -19 -10 -4 -1 -5 -2 -2 
-5 12 8 2 -2 0 0 -6 
2 4 -1 3 4 1 0 0 
5 38 12 -2 -1 -1 0 2 
-3 -13 8 2 -2 1 -2 -2 
0 10 -9 -6 -3 0 -5 -1 
0 2 1 -3 -2 -1 -1 -2 
-2 9 -7 5 -1 -3 -3 -3 
0 -13 7 -1 -3 0 0 0 
-1 14 10 3 5 2 2 -2 
-1 -1 -8 -6 -7 -5 -3 -2 
0 -8 -9 -1 7 -2 -2 -1 
-2 17 -3 1 -2 -4 -2 -2 
-2 -19 -5 -2 -6 -2 -1 0 
-2 5 -1 -6 4 1 1 -1 
-5 -15 10 -1 -5 0 -2 -1 
0 2 -9 -8 -4 1 0 -2 
-4 -20 -8 2 5 -4 -2 -4 
2 3 5 13 7 -3 -1 4 
-8 -24 -7 -17 -15 1 -1 -4 
1 1 -9 0 4 -2 -2 -2 
2 8 7 -3 -5 -4 -2 -2 
-3 -11 -5 1 -3 -2 0 -4 
3 10 4 0 6 1 -1 -1 
-2 20 -7 5 -4 1 0 -2 
-4 10 2 -10 -1 1 -1 0 
4 11 4 -2 -3 -3 0 1 
2 -12 3 18 11 -2 0 2 
-4 8 -5 -22 -16 -1 -1 -4 
-2 -14 -7 -1 1 -2 -3 2 
-2 -8 -2 -1 -4 0 -1 -1 
-2 11 -8 -2 -1 -2 -3 1 
-1 4 -1 2 2 0 1 -1 
3 9 11 5 -1 0 0 0 
3 15 33 4 2 0 0 3 
2 -3 -5 -12 -9 0 0 1 
-2 -5 12 7 3 -1 -1 1 
-2 -13 -19 -5 -4 -2 0 -4 
-4 6 -9 -3 3 -1 0 -1 
-1 8 2 -5 -4 -2 -1 -3 
-3 -16 2 4 0 0 -1 0 
-1 -4 0 1 3 -2 -3 -1 
0 -4 -5 1 -5 -1 -3 -2 
-9 -10 -8 -3 -3 -1 -2 -3 
1 -8 -11 -1 0 -1 -3 1 
0 -25 10 8 4 1 2 0 
-2 -6 -15 -8 -8 -3 -4 -2 
3 0 4 -1 0 -1 2 0 
2 5 -6 2 2 -5 -4 -3 
0 0 5 -1 -3 0 -1 1 
-5 -12 -14 -3 3 -2 -1 -2 
-4 -1 8 4 -2 -1 1 3 
1 7 16 4 0 1 0 1 
1 -3 -5 -8 -8 -2 0 -2 
-1 -2 -6 -5 -2 0 0 0 
2 2 4 5 9 0 -2 -1 
0 25 -7 -6 -2 -2 -2 -5 
-5 -4 -1 -5 -2 -1 -3 -4 
1 4 2 -3 0 -1 1 -1 
-1 -5 -6 8 1 -3 -4 -2 
-8 -34 -6 -8 -5 -2 -4 -10 
1 12 1 4 -4 -2 -1 2 
-2 17 -16 -10 -6 -4 0 2 
-7 -31 -8 2 2 -2 -3 -12 
-1 0 -19 -7 -2 -4 -3 1 
-2 -5 -1 -14 -8 -2 -2 -1 
-2 -8 10 18 6 0 -1 1 
-6 6 -2 1 -6 0 -1 -7 
7 13 13 4 1 0 1 7 
4 16 -4 -8 3 1 -1 -1 
8 -6 1 4 0 -2 0 8 
-9 -5 -13 -16 -5 -3 -3 -5 
-3 -14 -8 -8 0 2 3 1 
-5 12 1 23 3 -3 -7 -11 
-6 -16 14 -20 -1 -1 -19 -7 
-3 -2 -6 2 -4 2 14 3 
7 7 6 0 2 -1 2 3 
-4 -13 -21 -9 0 -5 -5 -4 
-2 5 -12 -18 -2 0 5 -2 
7 8 4 8 5 2 -4 5 
-2 -5 13 -9 -3 -2 -8 -3 
2 -3 -3 11 1 0 11 6 
-1 -2 19 6 2 1 -2 -2 
4 -10 -14 -11 1 -2 -1 -1 
6 31 0 9 -2 1 1 7 
-7 -4 3 -2 -3 -3 -10 -15 
-4 -10 -21 -5 2 1 1 -1 
-7 -15 -10 5 -13 -7 -2 -3 
-1 -3 -5 6 1 -2 -3 -1 
5 -5 -6 -14 -4 -1 1 6 
-6 -40 6 2 3 2 4 -6 
6 19 1 6 -2 -2 -5 1 
0 -3 4 -7 0 -2 0 -4 
-10 -2 -6 -16 1 -2 0 1 
-3 27 -7 -2 -1 -2 0 -2 
-5 -13 4 7 -5 -1 -3 -5 
4 -19 5 12 -1 0 0 2 
1 37 -20 -6 1 3 2 0 
5 48 20 5 -5 -2 -2 -1 
1 -25 10 2 15 0 1 1 
4 -15 5 -19 -17 0 2 7 
-10 -10 -18 4 3 0 -1 -9 
0 11 -3 -3 -10 -5 -12 -2 
5 6 16 -8 2 0 6 -1 
-6 -4 6 1 3 -1 -2 -4 
10 -10 21 18 3 -2 -1 8 
7 -6 -16 19 1 1 0 4 
-10 6 -1 0 -6 -1 -2 -3 
2 3 -10 -5 1 -4 3 3 
-6 -2 -1 -17 -6 -2 -2 -1 
-4 -17 -3 -2 0 -3 -2 -5 
0 18 4 -5 -1 -2 -10 0 
-7 -25 -15 0 -1 -1 -2 -4 
1 8 5 -1 0 2 2 4 
-18 12 3 22 -1 -3 -2 -17 
-2 -12 -15 -29 -4 0 1 0 
-3 -5 5 -2 0 0 0 -4 
-1 -13 -6 26 -13 -9 -3 -1 
2 -5 -2 -6 0 0 -2 2 
0 4 1 -3 0 0 1 2 
-6 6 -15 8 12 -1 -2 -4 
9 7 13 -14 -12 4 -4 2 
-6 -11 -10 -14 -2 -4 13 -1 
8 26 13 12 -2 0 -7 1 
-25 -43 -6 -15 0 -2 6 -6 
2 -18 4 6 5 -1 -5 0 
-2 -37 -1 9 -3 -1 0 3 
15 29 27 8 3 2 4 6 
-1 14 2 9 -4 -2 -4 -3 
6 -24 -12 -15 5 1 2 0 
1 -9 17 -2 0 3 -2 -1 
-6 -15 -12 -13 1 -3 1 -6 
-4 -33 -10 7 -3 0 -6 -7 
-18 49 32 3 -2 -4 3 0 
0 -42 -25 -12 -1 -3 -7 -2 
4 -26 -40 -9 -7 -2 -8 7 
-1 39 21 7 -3 6 17 7 
-3 -12 -24 -12 1 -6 3 -11 
1 20 5 7 -1 -3 -2 -1 
-13 -32 34 8 3 4 -9 -10 
10 13 2 2 -2 -1 2 7 
-9 -21 -2 -1 -1 1 -1 -3 
3 8 3 -6 1 1 -6 8 
0 12 -9 -2 -4 1 12 2 
4 41 13 -1 3 5 9 1 
-1 -26 14 5 -1 -3 -6 -1 
0 -15 -10 -3 2 -2 -6 -3 
0 35 10 1 0 3 2 -3 
-2 -22 -12 -2 -1 -2 -2 0 
6 33 3 -1 0 2 1 -2 
-4 0 3 -5 -3 -1 7 0 
-3 -27 -11 2 3 -1 0 1 
10 10 3 -4 -2 -2 -5 0 
-1 2 1 3 3 4 -3 6 
-5 18 8 -3 -3 -2 4 -14 
4 -5 -41 -1 -7 -4 -4 1 
9 59 52 27 20 1 -5 -1 
4 15 -5 -26 -19 -4 -2 1 
6 -35 14 0 5 7 8 11 
-6 24 8 8 -3 -4 0 -3 
-2 -24 19 1 7 -2 -3 -3 
3 27 -17 12 5 -2 -2 0 
-3 -6 37 -5 -19 -1 -2 -2 
-1 6 -1 -16 -5 -5 -1 -1 
4 -11 -11 -3 6 -2 -7 0 
-6 -11 23 20 8 2 0 -2 
-2 -6 -30 -18 -4 -6 -5 -4 
0 20 29 5 5 1 0 0 
-5 -15 -27 17 -1 -7 -6 -5 
-10 -8 14 -9 -11 -2 -1 -2 
0 32 -38 -39 -2 4 2 1 
2 -55 8 -4 0 -3 -1 3 
-6 13 -10 28 -20 -4 -7 -10 
4 -6 -31 -32 9 -2 -2 1 
7 29 18 34 14 2 3 6 
-4 3 -6 -13 -12 -4 -1 1 
-2 -6 -32 -16 7 -2 -4 -7 
-16 -31 -2 2 -12 -3 -1 -9 
-4 -13 -16 -11 -10 -8 -8 -2 
-1 1 -17 -1 6 2 1 -1 
-14 -35 -10 -8 -8 -7 -6 -6 
10 8 -8 0 -4 -2 -5 5 
-8 19 -5 1 3 -2 1 0 
-2 8 0 2 -3 1 -1 -2 
12 31 8 -11 -10 -2 -2 1 
-12 -48 5 -5 0 -1 1 -3 
4 15 8 20 4 -2 -5 -1 
-3 -29 -17 -15 -13 -4 -4 -2 
-3 -1 -27 -32 -1 3 3 -1 
14 16 -5 -7 5 5 4 10 
0 10 29 41 -2 -6 -3 -1 
1 -17 -18 7 4 2 -5 -9 
-9 5 24 -7 -5 1 8 6 
-14 -24 -35 2 0 -4 2 -17 
6 18 9 -6 3 -1 -12 4 
-7 -24 0 -5 1 -1 4 -3 
1 8 -9 -4 -5 -2 -3 0 
-8 -28 2 6 2 -2 -5 -2 
-1 1 -21 -6 -7 1 4 -14 
-4 19 17 8 6 -2 -5 1 
0 16 -33 -3 -1 -1 -1 1 
14 47 70 19 -1 1 -20 14 
-4 -7 -33 -12 -2 1 14 -8 
-1 22 0 -2 -3 0 10 3 
4 -22 11 -9 -1 -1 -3 1 
-14 -62 -46 7 -1 0 -2 -6 
-7 13 18 -27 -10 -5 -13 -3 
12 7 -12 1 0 -5 3 6 
-11 -13 24 -2 1 1 -3 -6 
5 20 -6 -4 1 0 7 -5 
0 -6 10 13 0 -1 -2 4 
-9 -16 3 13 3 0 -4 -5 
4 5 1 4 -3 -3 5 0 
3 23 11 -2 -2 0 -7 3 
-6 -14 -11 1 8 4 16 -5 
2 40 3 -12 -10 -2 -2 -3 
-6 18 13 11 2 -5 -10 -5 
1 8 6 -1 6 1 4 0 
4 4 -11 -28 -16 -2 -3 1 
-9 -25 -15 3 1 -1 -7 -5 
0 28 -21 -10 -5 0 4 -3 
-4 -18 -47 -8 1 -8 1 -4 
-2 -2 28 11 -1 -5 -13 0 
-3 16 3 -3 1 -2 0 1 
10 -27 -9 8 15 1 3 6 
-8 26 10 -11 -20 -4 0 -1 
5 -1 8 -6 -4 -4 -2 0 
2 -23 4 -7 -12 6 3 3 
-13 -2 4 -4 6 -4 -4 -10 
8 -4 -22 9 -1 -10 -5 4 
-2 11 11 -2 0 5 3 -1 
-5 4 2 -8 -5 -2 -4 -6 
6 7 5 3 -3 -1 -3 3 
3 -24 27 -5 -1 4 5 1 
4 -17 -28 13 5 2 1 7 
-4 -2 18 -1 1 -7 -4 -5 
-11 -30 23 -9 -8 -5 -10 -8 
-5 -3 -8 1 0 -4 -1 -4 
-3 -12 -20 -2 0 -1 1 1 
2 -2 11 7 6 3 -2 -2 
0 -12 -12 -1 -5 0 1 2 
-3 -2 13 0 -2 3 3 -1 
-4 -7 8 1 -1 -4 -2 -1 
-3 -8 -31 2 9 -1 -3 -2 
3 3 -10 -16 -26 -2 0 1 
5 13 -1 1 11 0 0 -1 
2 23 42 8 2 4 3 2 
1 -4 -20 0 2 -3 -2 0 
-1 -11 5 1 -5 2 1 4 
-5 -12 -13 3 5 0 -2 -4 
-2 -12 -11 -12 -4 0 -1 0 
-5 7 8 4 -1 -4 -2 -3 
5 -8 -5 6 2 -3 -1 5 
0 16 13 -5 -11 1 -2 -7 
-2 -3 -16 -6 -3 -3 -3 -2 
-1 -7 -14 -7 -8 0 -1 -1 
0 5 0 7 7 -2 -1 1 
5 21 14 -10 -17 3 2 3 
-6 -19 -23 4 -5 -7 -3 -4 
3 -1 5 2 4 0 1 3 
-8 -2 -14 -4 4 1 -4 -11 
0 7 0 -5 -3 -2 -1 2 
-3 -18 4 6 3 2 -2 0 
4 34 11 4 1 -4 -2 -1 
2 -20 -2 -5 -1 0 1 0 
-3 26 6 8 5 -1 0 -1 
-3 -17 -7 -7 -3 -2 0 0 
-3 11 4 -1 -1 -2 -3 -2 
-4 -18 -16 -1 -2 0 -3 -1 
2 2 -2 -13 -6 0 0 1 
4 -10 2 5 7 -1 -3 -1 
-6 -13 -8 -16 -14 -1 -2 -1 
-2 2 8 5 4 -4 -4 -6 
-3 -14 -4 2 4 -2 0 -1 
-3 11 -6 0 -4 -2 -4 -5 
4 -3 5 2 10 1 1 -1 
-9 -41 -27 0 -4 -1 0 -3 
2 8 7 3 2 -1 -3 -2 
-1 16 1 -15 -14 -3 -1 -3 
-4 -7 -26 -7 -4 -5 -4 -3 
-2 -2 -10 -8 -3 -1 -3 1 
-2 -5 0 7 3 0 -2 -2 
1 2 4 7 5 1 -1 0 
-1 -2 1 -3 -6 -1 -1 0 
4 22 13 -1 -3 0 1 -1 
-5 -25 -5 6 1 -1 1 -1 
3 27 -2 -3 4 3 2 0 
-3 -38 16 11 6 0 -1 -1 
1 25 1 -12 -19 -2 -2 -1 
1 11 7 -5 7 -1 -2 0 
-3 -14 -21 -15 -7 -7 -5 -2 
-2 8 3 1 -1 3 1 -1 
3 6 10 10 5 -2 0 1 
-1 -10 -11 0 -3 -2 -1 -2 
-1 -5 3 0 0 -1 1 0 
3 6 -1 2 1 -1 -1 -1 
-3 -3 2 -4 1 3 0 -2 
0 1 -7 -2 -6 -2 -1 -1 
-4 6 -22 7 18 -2 -3 -2 
1 17 -2 -18 -17 -1 -1 -3 
-5 1 -19 -13 -11 -3 -3 -2 
-4 -19 -12 -5 -3 -4 -2 -1 
-2 3 4 15 1 -4 -2 -4 
-2 -6 -9 -14 -7 1 -2 1 
2 6 3 1 4 -1 -1 0 
-1 4 1 3 -1 -1 -1 0 
-3 -14 3 -2 -4 0 -2 -1 
-4 0 -1 1 1 -2 0 -3 
1 -8 9 0 2 1 0 1 
1 4 3 6 7 -2 0 0 
-2 6 11 5 -3 1 0 0 
-2 -12 -6 -22 -12 0 1 -3 
-1 9 1 -1 0 -3 -2 -2 
0 -14 1 0 -1 -1 -3 0 
-1 -5 -6 0 0 1 1 -1 
-3 0 -2 8 3 -2 -2 -2 
-1 0 4 0 0 -1 1 -1 
-1 2 -3 1 -6 -1 0 -3 
-3 -14 3 2 8 -1 -2 0 
2 -5 11 -4 -12 -3 -2 -1 
-5 9 -9 -12 -2 0 0 -3 
-2 -11 4 -1 7 1 0 -1 
1 8 4 -2 -5 -1 0 -1 
-1 10 2 3 1 -2 -1 -1 
2 0 1 5 1 0 -2 0 
0 -27 -3 -3 -3 -1 0 -2 
0 11 -4 -2 -1 0 0 0 
2 5 -1 6 0 -2 -2 -1 
-1 -7 -2 -1 1 0 -1 0 
2 19 9 1 -3 -3 -2 2 
0 12 0 -5 -5 -4 -3 -1 
-1 -19 -6 10 22 2 1 0 
0 -4 -4 -12 -17 -2 1 1 
-3 13 -1 0 4 -1 -2 -3 
2 -7 2 -8 -10 -2 -2 -1 
-1 4 -7 6 -4 -4 -1 -1 
-3 3 18 4 8 2 -1 0 
0 -1 -3 7 -1 -3 -1 0 
2 -7 6 0 2 0 1 1 
-4 0 -8 -3 -3 -2 -2 -1 
1 -36 4 2 5 -1 -1 -2 
-5 6 -4 -11 -6 3 1 -1 
-4 -7 -6 0 0 -1 -1 -1 
-1 0 6 5 2 -3 -3 -1 
-2 -4 -4 6 -1 -4 -1 -1 
-2 21 -14 -5 0 0 0 0 
1 -4 7 3 3 2 2 -1 
-2 0 -1 -1 0 0 -1 0 
-1 4 -3 -1 -7 -4 -3 -3 
2 2 6 2 6 -4 -3 -1 
0 -7 -9 -7 -5 -1 0 1 
-1 -23 3 1 -5 -3 -2 -2 
-5 -6 -7 -3 -3 1 0 -2 
-2 2 3 -2 -3 0 -2 -1 
0 -3 2 -1 -3 -2 -3 -2 
2 6 2 -3 1 -1 -2 -1 
0 -4 -7 6 6 -2 -1 0 
-1 -11 -2 -1 -2 -4 -1 -1 
-5 -4 -8 -2 -2 -2 -1 -1 
-5 -9 -11 -6 -3 -2 -2 -2 
0 17 -10 -9 -4 -4 -3 -1 
-1 -8 0 -5 -5 1 0 -2 
-1 31 15 6 6 -1 -2 -2 
-1 8 1 2 -3 -3 0 1 
-2 1 4 0 -1 -1 -1 -3 
0 -6 -4 2 -4 -1 -1 1 
-4 -11 -12 -13 -5 -1 -3 -3 
-3 -4 -1 3 -1 -1 1 -2 
2 2 4 -4 -5 -2 -2 -1 
-1 8 -3 1 -1 0 0 -1 
-5 5 -7 10 7 2 0 -4 
-2 -4 -1 -13 -10 2 -2 0 
0 6 -5 -4 4 1 0 1 
-4 -9 6 -9 -4 -5 -3 -3 
3 -3 -12 -6 -6 -5 -2 -3 
-1 -1 -3 -1 1 -2 -2 -2 
-2 -4 1 6 4 0 0 -1 
2 -3 -10 0 1 -1 -2 0 
3 -4 15 -6 -6 1 0 3 
4 25 -2 0 -4 -1 1 0 
-5 -19 1 3 4 -1 -2 -3 
-2 7 -7 -7 -4 2 1 2 
-2 -8 -8 1 -1 -2 1 0 
-1 5 8 0 -1 -1 -1 -1 
1 9 1 6 0 1 1 0 
-2 -5 -2 8 12 -4 -1 -1 
-2 -12 -7 -21 -23 -3 -3 -2 
-2 -23 -16 -1 4 -3 -5 -3 
-1 14 9 0 -1 3 3 -1 
0 -1 8 3 -5 1 -2 -1 
-1 -1 -1 4 3 0 -1 -1 
-2 -8 -6 -2 0 -2 0 0 
-1 -15 -3 -1 -2 -2 -2 -1 
-3 -7 -5 0 -1 -1 -3 -2 
-3 2 -3 -2 0 -1 -2 1 
-3 -15 6 0 -1 1 -1 0 
4 -31 9 3 -1 0 -1 -2 
2 0 2 -1 -2 0 3 2 
-2 -9 -6 -1 0 -3 -2 -2 
1 3 2 -7 -2 1 0 1 
-2 8 0 -1 0 -2 -1 0 
-1 -7 -5 -5 -7 -3 -2 -3 
-4 -3 1 12 16 -3 0 -1 
0 -3 -3 -11 -14 1 -2 0 
-1 13 -7 -8 -5 -2 -3 -1 
4 13 4 4 -2 -2 -2 -1 
-9 -44 -2 6 11 5 -1 -4 
-4 4 0 -3 -3 -2 0 -2 
3 20 -2 -4 -5 -4 -2 0 
0 -3 17 0 -1 -2 -2 1 
3 8 1 1 -3 -1 1 0 
-4 -10 -5 3 5 0 0 -3 
-3 -9 -5 -6 -4 -1 -1 -3 
4 22 -6 1 1 -2 -2 0 
-3 -4 -3 -5 -5 1 0 -1 
1 -40 8 2 0 -2 -1 2 
-2 1 -10 0 2 0 -1 -1 
-6 -4 -4 -3 -5 -3 -1 -3 
1 8 2 -2 -4 -2 0 1 
-2 11 -6 0 1 -2 0 -1 
-2 -10 1 1 2 -1 -1 2 
-3 -16 -7 0 2 -1 -1 -3 
2 13 7 3 -4 -5 -3 -1 
-3 17 -5 -6 -4 4 1 -1 
-1 -16 -8 -5 -1 -3 -3 -1 
-3 27 -1 -9 -10 0 0 -2 
0 1 -2 -1 -1 -5 -3 -1 
2 12 1 8 5 -1 -1 -1 
-1 1 -2 1 -1 1 -1 0 
-2 -2 1 -1 -2 -3 -1 2 
0 -1 -13 -2 -1 -1 -4 0 
1 1 15 0 -2 1 2 2 
-1 3 -8 -3 -1 -2 -2 0 
2 3 7 1 3 2 0 0 
1 4 1 1 -1 0 -2 -2 
0 5 -3 -4 0 -3 -2 -3 
-2 -3 0 0 -2 -1 -1 -2 
1 -12 -4 -3 -3 1 0 1 
-5 21 7 6 0 -3 -3 -1 
-3 -8 -8 4 6 -1 -2 -2 
-2 -7 -22 -21 -14 2 1 -1 
-5 6 -7 -2 9 -1 -3 -2 
1 -8 -4 -5 -2 -1 -1 1 
-2 0 0 6 -3 -4 -2 -2 
-1 1 1 8 2 -3 -2 -1 
0 -7 -6 -3 -4 -1 -2 -1 
-2 -5 1 -4 -7 -2 -1 -1 
0 21 0 7 6 -2 -3 -2 
-3 5 17 -1 1 0 0 -1 
-5 -18 -15 -9 -3 -1 -1 -1 
2 2 10 -9 -4 2 1 1 
1 8 -5 -5 -5 -2 -1 0 
-2 -2 8 5 3 -2 -1 -1 
-2 -7 2 0 0 -1 -3 -2 
-2 -10 -10 -1 1 0 -2 -2 
1 -2 1 3 1 0 -2 -1 
-1 8 5 3 -1 -1 -1 -2 
0 -1 -1 4 0 -5 -3 0 
-2 -11 -16 -2 -9 -2 0 -2 
2 -38 18 -8 3 1 1 1 
-4 -5 1 4 -2 -4 -3 0 
1 -9 -10 -7 -1 -2 0 -2 
-1 31 1 2 4 -2 -2 -1 
-8 -23 -7 -2 -4 -1 -2 -2 
-1 -11 -8 -3 -1 -1 -2 -2 
1 -3 3 1 2 -3 -2 -2 
0 3 1 -2 -7 -1 -2 -1 
-1 12 -5 2 4 1 0 -3 
-4 -11 -4 -3 -2 -1 -1 -3 
-1 18 5 5 0 0 0 -1 
1 -6 -10 -7 -1 0 1 0 
1 2 11 -3 -4 0 -1 -1 
-1 -5 -6 5 8 -2 -1 -2 
-1 -6 -1 -10 -11 -1 -1 -1 
-1 -3 -1 -2 -1 -4 -2 0 
-3 -4 -7 5 1 1 0 -2 
0 13 4 5 6 -4 -3 0 
-2 -12 6 -9 -10 4 0 2 
-6 1 -12 5 11 0 -1 -1 
5 6 18 -9 -10 2 3 3 
2 5 1 -4 -7 0 -2 -1 
-5 -17 -6 3 -2 -2 -1 -2 
-1 6 1 -2 -1 -1 -2 -4 
-4 6 -11 -4 -3 -3 -2 -2 
1 10 -3 -2 -2 0 -3 -1 
-2 -4 6 2 -1 0 0 -1 
0 -10 4 2 -2 1 1 1 
-3 12 -9 3 -1 -5 -3 -3 
4 1 10 3 5 1 2 4 
-3 -2 -11 -4 -1 -3 -2 -3 
0 -6 5 -2 2 -1 -1 -1 
2 13 -7 0 -1 2 -1 0 
-8 2 3 -15 -11 1 -2 -4 
-2 0 -4 4 10 -2 -3 -1 
-1 -8 6 -1 -5 -2 0 1 
1 -4 4 2 -1 -4 -1 -2 
0 -4 -12 3 -1 0 -2 -2 
0 0 0 6 3 -2 -2 -2 
-1 8 -5 -10 -5 -2 -4 -4 
0 -7 -18 -9 -5 -3 -3 -1 
-5 -11 -1 -3 -3 -4 -1 -1 
1 -25 2 -1 2 2 3 0 
-3 -8 2 3 -3 -2 -3 -1 
-5 -13 -10 -1 -1 -2 -2 -2 
2 8 8 2 1 1 1 0 
-2 5 -5 1 -4 -2 -1 -2 
1 -1 4 -2 -5 -1 -1 -1 
-2 -11 -1 10 9 -1 -1 0 
-1 0 -10 -20 -10 1 1 -1 
3 21 22 12 7 -1 -2 -1 
0 -7 -7 -13 -2 0 1 -1 
-2 -3 -18 -5 0 -2 -5 -2 
3 11 23 8 1 -4 0 -1 
-1 -7 -13 -6 -6 -3 -2 -1 
-1 8 8 2 -2 -2 -2 -2 
0 7 14 -1 -2 0 0 -1 
-1 -10 -11 2 1 0 0 1 
0 17 -3 -5 -4 -2 -1 -2 
-3 -11 -5 8 0 -2 -1 -2 
-1 -1 3 -10 -1 -1 -3 -2 
-3 18 -8 -6 -2 -2 -2 -4 
-3 3 -5 -4 0 -1 0 -3 
0 0 -15 0 0 -1 -2 0 
0 8 15 0 -4 0 1 2 
-2 -3 -9 -1 3 -3 -3 0 
-1 4 12 -1 -3 -1 -2 2 
-1 -6 -4 2 5 -1 -1 0 
-1 3 -7 -4 -4 -1 0 -2 
-1 -6 0 10 5 -4 -1 0 
-4 -17 -14 -12 -9 -3 -4 -4 
1 10 -3 -11 -9 2 0 -1 
-5 2 3 1 1 -5 -2 -2 
-2 0 0 2 2 3 1 0 
-1 0 -1 4 -1 -2 -1 0 
-2 -12 5 1 1 -1 0 -1 
-2 -11 -4 1 -3 0 -1 -2 
