#EMG
#7
#ID:7-2
5 1 6 0 -3 -2 -3 -1 
-1 -1 -2 -1 -2 -1 0 0 
-2 -4 -3 -2 -3 -4 -1 -1 
0 -3 -1 -1 0 -1 -1 0 
-5 1 0 -1 -2 -1 -4 -2 
0 -1 1 -1 -3 -2 -3 -2 
-4 0 -2 -2 0 -2 1 -1 
5 0 -2 -1 0 -1 0 0 
2 0 2 0 -1 1 -1 1 
9 2 0 -1 -3 -3 -2 -1 
-15 -4 -4 -2 -2 0 -1 -3 
0 -1 -2 -2 -2 0 -1 -1 
-4 1 2 -3 0 -2 -2 -2 
-4 -1 2 -1 -2 -1 -2 -1 
9 0 -4 2 0 0 -1 -1 
1 0 -2 -2 -2 -1 0 -2 
-8 0 0 0 -3 -2 -1 -3 
-2 -3 -3 -3 -1 -2 0 -1 
2 1 -1 -1 -2 -1 0 -1 
-10 -4 -4 -1 -1 -1 -3 -2 
4 0 1 1 -1 0 0 -1 
7 2 -1 0 -3 0 -2 1 
-5 0 1 1 3 1 0 0 
-1 1 -3 -1 -2 -3 -2 -1 
0 -2 -6 -2 -1 -2 -2 -1 
-7 1 3 -1 -1 -1 -2 -5 
4 -4 -3 -2 -1 0 -2 1 
1 0 1 0 -2 -1 1 0 
-1 -3 -5 0 -3 -1 -1 -3 
1 0 6 2 0 1 0 -5 
4 -1 1 -2 -4 -1 0 -1 
3 -3 0 -2 -1 0 -1 -2 
-3 -1 -4 -3 -1 -1 0 -1 
-4 -5 -6 1 0 0 -4 0 
-6 -2 -4 -2 -2 -3 -2 -2 
4 1 -4 -2 0 0 0 1 
-4 1 -1 -1 -1 0 0 0 
-4 -4 2 -2 0 -1 -1 2 
6 1 -4 -1 -1 -1 -2 -3 
-13 -4 -2 -1 -2 -4 -1 -2 
-3 2 8 0 -1 -1 -2 -3 
-5 -4 1 -2 1 -1 2 0 
3 1 2 0 0 1 0 2 
-1 -1 3 -2 -2 -1 -1 -2 
-2 -3 -9 -3 1 -1 0 -1 
-2 -3 -6 -1 -4 -1 -1 -2 
-2 -2 -3 0 -1 -2 -2 -1 
16 -1 -5 -1 -3 -2 -2 0 
-20 -2 1 -1 1 -2 -4 0 
1 4 10 -2 -1 0 -1 1 
0 -4 -1 1 0 -2 0 -2 
-2 -3 -1 1 -1 1 0 -1 
9 -1 -2 -3 -2 -2 1 1 
-3 -2 -7 -1 -1 -1 -1 -3 
-6 -2 4 -3 -2 -2 -3 0 
-1 -1 -2 -3 -2 -1 -2 -3 
7 0 0 1 0 1 0 -1 
-9 -4 -3 1 -2 -1 -1 -3 
2 0 -2 -2 -2 0 -1 -1 
-3 -2 -4 -2 -1 -1 -2 0 
1 0 0 -1 -2 -1 1 0 
3 -1 -3 -3 -1 -1 0 1 
-3 -1 -1 0 0 -1 -2 0 
-5 -2 -1 -1 0 -1 -1 0 
2 2 2 -1 -1 -2 -3 -2 
5 -2 -7 0 0 -2 0 1 
-4 1 -4 -4 -2 2 -1 -4 
-16 -2 1 -2 -1 -1 0 -3 
1 1 -2 -1 -1 -1 0 -1 
13 -5 -4 0 -1 -1 -2 -1 
-15 0 -1 0 0 -1 0 2 
-7 -2 0 -1 0 -2 -2 -7 
-6 0 0 -1 1 3 1 -2 
-4 -2 -3 -2 -2 -2 -1 1 
2 0 -2 -1 -3 -2 -2 -1 
4 -2 -6 -1 -3 -1 -1 1 
0 -2 5 -2 -3 -2 -2 -3 
-6 3 0 2 -1 -1 -2 -3 
8 -2 -3 -3 -1 -2 -1 0 
2 1 -1 -1 -1 -3 -2 0 
-8 -3 -5 -1 -2 -1 -1 -5 
-4 -1 -5 0 0 1 -2 -1 
-7 -3 0 -3 -2 -2 1 -2 
2 -4 -9 0 -2 0 0 1 
1 0 19 2 -3 -1 -2 -1 
-3 3 0 -3 -1 -2 -1 -3 
12 -1 -4 1 1 0 0 -2 
2 -2 -10 -3 1 0 0 2 
0 -2 -2 -1 0 -2 -1 0 
-7 -1 2 -2 -2 -2 -4 -2 
-1 -2 -5 -2 -2 -1 0 -1 
3 1 7 -1 -2 0 -1 -3 
-1 4 1 -1 -2 -3 0 1 
3 1 3 1 -1 1 0 -1 
1 1 -2 -1 0 0 -2 2 
-4 -2 -4 -5 -2 0 -2 -2 
4 -2 -10 -2 -3 -1 -1 -2 
-3 -2 -7 -4 -1 -1 -1 -1 
-4 0 12 -1 -2 -2 -2 -2 
2 2 7 1 -3 -1 0 -2 
-20 -7 -19 -4 0 -1 -2 -3 
10 0 8 2 -2 -3 -1 -3 
-5 -6 -10 -1 -1 -1 -1 -3 
2 2 15 0 1 1 1 1 
0 -1 -3 -3 -2 -1 -1 2 
-8 -5 -3 -2 0 -1 -1 -1 
-13 -1 4 0 -1 -1 0 -5 
7 -2 -14 -4 -1 0 -1 1 
8 0 1 2 -1 -1 -1 0 
-9 3 1 -4 -3 -2 -1 -2 
3 -4 -1 -1 -1 -1 -1 -1 
-10 -4 3 1 2 -1 0 -1 
2 -2 2 -1 -2 -2 1 -3 
-1 -2 -5 -3 -3 -2 -1 0 
0 1 5 -3 -3 -1 -3 -1 
-4 -1 -8 -1 0 -1 0 -3 
4 -2 -1 0 2 -2 -2 1 
0 -1 5 1 -3 -1 -1 -3 
-4 7 -8 -5 -2 -3 -1 -4 
-3 -5 -2 -4 0 -1 -3 0 
8 -5 -6 -4 -1 0 -3 -1 
-2 -4 0 2 1 1 1 1 
14 3 7 0 -3 -2 0 -2 
-3 -3 -11 0 -2 -2 -2 -1 
-11 -6 2 2 -1 -3 -1 -3 
12 0 15 0 -1 -1 -1 1 
1 -6 -25 -7 -2 1 0 4 
1 0 3 -2 -3 -2 -1 -2 
-4 3 -3 0 2 1 -1 -2 
9 -3 -13 1 1 1 -2 -3 
-9 5 23 2 -2 -1 1 -5 
-5 -25 1 -1 -1 -2 -4 1 
0 13 -9 -4 -2 0 1 0 
-5 -16 -13 -6 0 -2 -3 -4 
9 0 -3 1 3 2 1 4 
-2 17 7 1 0 -3 -1 0 
-8 -53 -5 -1 -2 0 -2 -4 
-10 -64 -11 4 1 -1 -1 1 
-3 62 -9 2 -1 0 -3 -3 
-14 -32 -10 -22 -6 -2 -2 -1 
6 11 26 2 -3 -1 -1 2 
6 8 -18 -8 -3 -3 1 2 
-18 -28 -7 -1 1 0 -1 -1 
9 23 6 6 0 -2 0 -1 
-25 20 -3 -3 -1 -1 -2 -3 
-8 -3 2 -4 -1 -1 -2 -1 
5 -5 7 -3 -3 -2 0 0 
6 -1 -5 13 3 1 -1 -1 
0 -13 -6 8 3 -1 -2 -3 
-2 13 8 -4 -8 -2 0 -2 
-1 -8 -1 -16 -4 -5 -2 -1 
-3 -6 -4 1 0 -1 -1 -3 
10 3 -1 0 -4 -2 -3 -1 
-9 16 1 -2 -7 0 0 0 
-4 -3 -3 12 2 -2 -2 -2 
-12 -5 9 -8 -11 -4 -4 -8 
18 11 -13 23 13 1 2 8 
-14 24 6 -11 -3 1 0 0 
4 -23 -2 0 1 -1 -2 -2 
-8 5 3 6 0 0 0 2 
1 2 9 -18 -8 -2 0 3 
10 11 -9 -14 -2 0 -1 -5 
5 -10 -9 7 3 2 -2 -1 
0 -10 5 -19 -8 -7 -4 -3 
-1 4 18 7 -1 -3 -5 -3 
2 4 16 9 5 0 2 0 
-8 -14 -37 -16 -7 -4 -3 1 
10 6 -6 8 5 3 2 0 
-1 -5 -13 -8 -4 -3 -1 5 
-8 5 -3 5 6 1 1 6 
2 8 33 5 -6 -3 -4 -5 
-2 -1 -14 2 2 -1 1 -1 
2 -11 -22 -11 0 0 2 -3 
-13 1 2 4 -3 -5 -8 5 
-1 2 8 -1 -3 -1 4 -23 
-7 15 -6 -12 -1 0 -2 1 
-8 -14 12 11 -1 -1 -3 -5 
3 -9 -53 -3 -3 -3 -3 -8 
-10 -6 4 -8 -2 -3 -1 20 
17 3 19 -3 1 -1 -7 -15 
1 8 -15 -18 -7 -9 -9 -13 
0 -2 4 -1 1 10 14 37 
-3 -11 -31 0 1 -4 -4 10 
2 10 18 10 0 0 -4 -12 
-3 14 -14 -9 -3 -1 0 3 
10 -33 68 13 0 -8 -8 -7 
-17 -6 -81 -18 -5 1 2 -5 
-15 4 -27 -1 -1 -2 2 1 
-1 -12 3 -2 -1 -4 -2 -9 
11 20 21 3 -2 0 -2 -11 
9 4 44 9 6 -2 -7 2 
-2 -8 18 4 2 -3 6 -3 
4 -1 -23 -3 -4 -1 4 5 
-5 -4 -14 -15 -2 0 18 -3 
9 15 11 3 -3 1 -33 7 
17 -27 -50 -25 -6 -2 4 7 
6 17 38 64 9 3 4 -4 
-23 -16 -14 31 18 2 0 3 
-9 -27 -59 -16 -5 -3 12 -5 
-4 19 -2 -10 -9 -4 -4 -1 
-2 4 -4 -37 -6 2 1 16 
-5 -21 9 7 -5 -4 -10 -21 
-7 35 64 23 25 7 9 -5 
8 -22 -37 -12 -6 -2 2 0 
-8 48 31 1 -3 -2 -4 20 
-5 -30 -1 -5 -7 -12 -9 -9 
22 32 -35 -10 -11 7 16 30 
-6 -21 8 10 3 3 36 -7 
-19 -12 23 -4 -1 -6 -37 27 
-3 9 -41 -10 0 1 -9 -35 
0 -9 38 5 -4 -9 -26 8 
7 26 66 21 4 0 10 -1 
-17 -30 -62 -3 0 1 10 -26 
3 -2 0 -8 -6 2 -1 10 
-3 -10 14 -16 -9 -5 6 27 
6 35 -16 -3 -1 2 -12 -1 
7 -14 -5 -21 4 2 10 -17 
-3 20 0 1 -2 0 -5 8 
18 -1 6 37 5 0 5 -22 
-22 -31 -20 -1 1 -2 -7 -2 
10 -21 -23 -7 -10 -5 -6 4 
11 67 -11 -37 -5 -3 -3 -10 
0 -10 26 -5 -4 0 2 -13 
10 -18 43 17 0 -2 -13 27 
7 25 4 -11 1 0 15 -33 
-13 -6 9 -24 -9 -3 38 9 
0 0 -49 6 -3 -2 -56 -8 
-18 4 9 -5 8 -4 -15 0 
36 -9 15 -3 -1 1 3 -6 
16 32 -14 14 4 3 5 17 
-41 -32 5 -8 -2 -1 26 -8 
11 2 -72 -8 -7 -1 -16 17 
-12 -31 49 14 1 1 3 -46 
-19 1 41 10 1 0 -5 -21 
-10 -1 23 -14 -9 -3 24 -20 
-6 10 -21 0 2 -3 -27 76 
11 -3 -25 -5 1 10 18 -13 
1 -20 -28 -2 -5 -5 5 14 
-4 -4 21 10 4 -2 -20 -25 
9 0 10 2 1 -2 -3 -20 
-8 23 38 -2 -1 -5 -3 38 
2 -36 -72 -9 -5 -4 -13 -3 
0 10 -21 -1 -1 -7 29 -11 
-19 -3 18 4 -2 0 -26 11 
-1 1 -38 4 2 1 0 -24 
-6 -5 -3 2 -1 1 -21 -12 
24 -12 65 -2 -2 -7 21 19 
1 29 8 -10 -4 5 -6 -19 
-25 -16 -3 0 1 0 12 -28 
-5 -53 -28 -1 0 -6 -3 41 
23 16 -18 -7 -2 3 -10 -10 
-16 -62 12 3 -1 0 23 -17 
-7 5 11 0 -4 -1 -9 9 
33 19 44 7 2 1 6 -13 
-6 -34 -18 2 4 5 -5 26 
9 21 30 -4 -5 -8 -26 -16 
-40 63 -45 -2 -2 -8 -5 -8 
-11 -32 14 1 -1 2 -6 -1 
8 17 53 1 1 1 0 18 
-29 -3 -41 -12 -4 -1 30 -17 
1 -42 35 -12 -9 -3 -11 24 
-17 -7 -9 14 10 -9 -29 -4 
-10 -7 -19 11 7 3 1 -2 
35 60 89 5 -8 -3 3 -23 
-10 -75 -79 -17 -3 -4 0 3 
-6 28 42 -14 -8 3 -1 5 
24 -26 -65 -22 -2 1 5 -11 
10 -44 65 35 12 3 15 20 
22 44 -30 9 0 -2 -12 -11 
-33 1 -60 -15 -9 1 -2 -29 
26 21 -28 0 -1 -1 -11 -27 
18 -8 -61 -14 -2 2 17 14 
19 -15 46 8 5 3 -6 18 
10 -1 15 -6 -2 -3 5 32 
-21 31 28 -3 -7 -11 -1 -51 
-11 -33 -21 -1 3 9 0 -4 
4 4 -7 0 -1 5 -1 27 
0 21 -42 12 2 -6 -13 -16 
-23 -18 73 6 -1 -2 4 12 
-11 27 86 -14 -17 -9 -5 -17 
-2 0 -26 -14 -1 1 7 -17 
29 12 24 11 4 3 -18 -9 
1 3 -45 9 1 0 -20 5 
-7 -5 30 8 6 0 15 -3 
-5 18 20 4 0 6 14 -7 
40 -7 -5 -9 -8 -6 9 40 
-42 19 -5 -2 -1 -2 -16 -24 
3 -32 -39 -1 3 2 -11 -5 
-29 -13 4 -4 -8 -18 -3 -13 
11 3 7 6 2 4 15 -2 
10 -4 13 -6 -2 7 8 41 
-4 30 -42 -8 -1 9 5 -14 
13 0 8 1 -1 -5 -6 1 
-18 7 23 3 -1 -6 3 -4 
-7 -8 -26 -3 0 6 10 5 
10 15 27 2 -2 -8 -4 -13 
8 -23 -46 -8 -5 4 -15 12 
-3 21 22 3 4 0 9 -40 
-18 -82 -20 -14 -5 -6 -19 67 
26 43 -26 3 1 -3 12 4 
-6 -5 20 2 -9 -5 0 8 
-11 10 4 -4 5 -1 -13 -10 
26 -2 -11 -19 -7 -4 10 -27 
-60 16 -16 5 3 -5 -27 -1 
11 -18 17 -3 -7 -12 -1 10 
-23 -28 -21 -12 -6 7 -9 -11 
12 27 8 8 6 5 20 2 
16 -62 -9 -10 -7 -5 -1 8 
7 103 27 -1 -4 -4 -4 8 
-21 0 -69 -1 4 3 4 -36 
2 26 20 1 -5 -6 -12 -9 
-8 24 -37 -2 0 3 4 2 
3 -64 63 21 5 2 3 3 
1 22 8 -16 -2 5 7 18 
-3 -17 -21 9 0 -6 -16 -10 
7 9 -9 0 -3 -3 1 5 
-13 14 25 4 9 6 -5 1 
27 -20 -72 -7 -10 -7 14 -17 
-16 -1 66 -1 -7 -2 -2 28 
-12 -8 50 4 3 2 -2 2 
28 -4 -105 -8 -3 -2 2 -7 
-16 -7 127 4 -6 -8 -7 -21 
15 8 -76 -17 -4 4 7 3 
-22 -43 -12 -6 -1 -7 -16 -6 
15 18 59 3 -1 5 -1 -5 
14 -5 -45 6 4 -3 -5 13 
-31 4 48 12 -2 -5 -1 -11 
20 19 -14 -5 2 -11 9 3 
-14 -11 3 8 4 24 -2 4 
-20 -18 -56 -6 -5 -4 12 -11 
20 29 36 0 1 0 -11 -3 
-1 6 -22 -2 0 -4 7 -12 
-12 -34 -15 8 4 -7 -6 4 
10 6 7 -13 -9 5 3 24 
13 -41 -38 21 19 2 7 -1 
-32 -17 -14 -28 -14 -1 -5 -14 
23 19 8 31 4 -6 -3 4 
-36 -6 46 27 15 6 -3 0 
12 -8 1 -6 -11 -9 -8 -19 
21 -4 -14 -34 -10 1 -7 1 
-31 6 52 22 4 1 6 -4 
-11 6 -26 -2 0 1 -1 -25 
-3 11 3 -7 -6 -2 -8 27 
-14 -6 6 -1 2 6 5 -11 
16 0 -19 -26 -11 -10 10 28 
13 5 28 13 6 -8 -20 -40 
-8 8 -8 6 4 11 7 -4 
15 37 14 8 0 15 39 -12 
-51 -30 -14 -14 -3 -22 -24 8 
10 -13 -57 -10 -2 4 -18 -36 
5 17 8 -2 -1 -2 0 73 
22 15 19 15 3 -47 -7 -29 
-45 10 -47 -6 -1 68 25 -35 
13 8 -21 -5 -6 -21 -12 27 
-3 -39 -23 -10 -4 -2 5 -41 
7 29 20 9 -2 4 28 20 
29 -15 49 -10 -5 -16 -22 1 
-6 3 84 -1 -3 2 27 15 
30 3 -20 -4 0 5 -4 16 
-20 -65 -63 -5 -4 -6 -9 5 
-51 40 -25 -13 -5 -13 -14 -30 
21 -2 68 5 -2 11 20 25 
-13 -9 26 9 4 -9 -3 -38 
6 -4 -1 -2 -2 8 1 63 
34 12 -10 -9 -4 -6 -23 11 
-25 21 -7 10 3 0 -5 -3 
0 -13 25 -6 -2 -1 2 -9 
12 -25 -1 -1 -4 4 -13 -12 
8 -9 20 -4 1 -7 10 -10 
12 22 42 0 -4 -4 -9 26 
-35 0 16 -8 -6 -6 -9 -24 
8 -32 -5 -13 -7 4 -5 -11 
-24 -3 11 -1 -7 -13 10 -6 
35 -80 -20 -5 1 1 -11 17 
-40 75 3 1 -1 2 -5 -12 
-19 -52 37 4 3 1 -10 0 
24 67 -3 8 -2 -10 -5 8 
17 68 -86 -8 -6 3 5 -11 
14 -53 19 8 9 5 9 6 
-57 27 36 -11 -8 -5 -13 -8 
43 -63 7 -1 -1 1 8 -2 
-1 32 -25 4 -2 0 1 8 
5 -15 -23 -1 -3 -4 1 1 
12 63 4 5 -2 0 -4 -13 
9 -23 13 -4 4 2 6 -16 
-2 -30 -75 -2 -1 -5 -9 63 
-14 -7 -15 -5 -4 -3 -4 -28 
-14 -40 -16 0 0 1 -10 5 
4 17 -16 2 5 -7 8 -20 
-2 -18 30 -2 2 10 6 -18 
20 -3 -17 4 0 -1 4 29 
-17 33 -23 6 1 0 -12 -11 
-8 -11 22 -4 -5 -1 -1 1 
-5 0 17 4 1 -3 -6 -15 
3 8 -27 -3 -4 -5 6 -9 
19 -6 8 -2 9 8 11 8 
-7 0 -52 2 0 -3 -13 2 
-12 -16 46 4 -6 0 4 -13 
-3 2 -24 -8 5 1 -5 0 
29 11 -85 8 6 1 -4 9 
-23 8 80 -7 -5 -3 2 1 
7 0 8 -11 -10 -7 1 28 
-40 4 8 6 -2 -2 -16 -40 
14 9 -19 9 8 10 16 -21 
3 -1 6 4 7 6 9 -12 
17 -6 5 -5 -1 -3 -1 -2 
-19 -8 -10 -12 -13 -11 -9 1 
6 8 28 7 1 -11 -10 -2 
10 -2 -24 -2 -3 7 -1 10 
-22 -6 13 -1 3 0 3 -11 
15 -6 -14 6 1 3 13 -10 
-31 -17 8 -7 -10 -4 -13 -4 
8 -1 -4 1 9 2 0 8 
-14 -18 -11 -17 -3 -2 -3 0 
12 10 11 2 1 2 3 10 
12 2 -26 -40 -22 -6 -8 -6 
-11 -11 -29 16 -4 -8 -4 9 
-6 10 45 41 7 1 1 -8 
4 12 26 -15 3 3 4 4 
-3 -62 5 0 -3 -2 -2 3 
-8 -8 -36 -41 -25 -8 -6 -9 
-12 -6 2 -3 2 -2 0 -9 
10 7 45 5 -2 0 1 1 
1 26 5 4 4 1 4 15 
25 5 5 -4 2 -3 -2 2 
-15 -10 -44 1 -2 -2 -5 -7 
-4 0 -28 -6 -6 -4 -4 -1 
6 3 16 14 6 -1 -2 8 
3 8 15 11 1 1 3 -11 
2 6 12 -3 2 1 -2 -2 
-14 -4 -4 -7 -6 -3 8 -19 
-8 0 -1 1 -4 0 -11 13 
8 13 11 0 4 -1 -3 11 
18 1 -13 -16 -8 -2 2 15 
-6 -8 -20 -1 -3 -5 -10 -42 
-1 19 29 13 5 2 9 -13 
7 -34 -41 -5 3 -1 1 29 
2 -9 26 -3 -5 -5 -3 -20 
1 8 1 6 -1 1 -3 14 
-7 2 -9 -8 -1 -3 1 -7 
-14 10 -47 -5 -2 -1 -2 -12 
0 -6 5 0 -5 -2 -6 1 
17 -7 -1 -1 0 -2 -2 12 
-12 14 -10 1 -1 1 0 -7 
-26 14 30 -1 -3 -2 -5 2 
-10 -36 -38 -11 -3 -2 -2 -6 
2 1 -22 -2 -5 -1 -2 -14 
9 0 -1 9 3 2 2 -2 
-18 5 33 2 -2 -3 -1 -9 
-2 21 -32 -6 -3 -2 -1 4 
-15 -7 -24 -6 -1 0 -2 0 
-6 -23 -2 -2 -4 -3 -4 -3 
4 4 34 11 3 1 0 0 
19 12 10 -3 -1 -2 -2 1 
-7 -15 -2 -8 0 2 0 6 
-4 -3 -11 0 -2 -4 -2 -4 
8 -7 21 -3 -2 0 1 10 
-2 7 -12 3 3 1 0 -4 
-3 -3 -1 1 -4 -3 -2 7 
-5 5 24 3 -4 -1 -2 -5 
16 -6 -3 -6 4 0 -5 -6 
-13 2 -14 -15 -6 -3 0 -2 
13 -2 -3 0 0 1 -2 0 
-4 0 16 -5 1 2 1 1 
-1 -1 -10 1 -4 -2 0 1 
-8 -1 18 5 -2 0 -1 -1 
-1 -16 -18 -2 1 -3 -3 3 
9 -2 -62 0 -1 -2 -1 0 
-8 -12 0 0 -3 -4 -3 -2 
1 5 21 2 0 0 1 -3 
-4 11 37 1 -1 -1 6 4 
3 -3 4 0 0 -2 -10 1 
3 -1 -26 1 0 1 2 -1 
-14 4 51 2 0 -2 -3 0 
-5 -8 21 -1 -2 -1 -3 -2 
9 -13 -71 -3 3 1 1 0 
-3 5 -12 -6 -6 -4 0 -2 
11 0 3 -6 -2 0 -5 2 
0 6 -17 0 -2 -1 -4 0 
-11 1 36 -3 -2 -2 -1 -4 
5 -1 -3 6 2 1 -4 0 
-9 0 13 -1 -2 -1 4 -1 
-2 3 4 1 -4 -4 -2 1 
-5 -6 -33 -14 -6 -3 -6 -2 
5 -1 4 3 1 1 9 -5 
-3 0 11 3 0 -3 -2 -1 
7 0 22 0 0 0 -4 -1 
0 -3 2 3 -4 -1 0 -2 
0 -1 13 -4 -3 -2 -3 0 
8 -7 -34 -8 1 -1 2 0 
7 3 9 6 1 2 3 -5 
-1 1 10 -1 -3 -2 -1 3 
-9 -3 -15 -6 -1 -3 -5 -7 
5 -4 -10 5 -1 -4 -1 2 
-1 5 5 -2 -1 -1 1 2 
5 1 20 1 0 0 2 3 
-3 0 3 -2 -4 -1 -4 1 
-7 -2 -13 -5 -2 0 -1 -3 
-10 3 -3 -4 0 -1 0 1 
7 -4 40 2 -3 -1 -2 -8 
-2 3 8 -4 1 -1 -2 -1 
2 -8 -49 5 -1 0 -4 -2 
-7 2 4 -3 -2 -1 -1 1 
4 14 0 -2 -3 0 1 2 
6 -4 27 1 4 3 2 3 
-16 -23 -14 -3 -2 -1 -1 -9 
3 -14 -28 -6 -5 -1 -1 -3 
-24 -1 20 2 2 -3 -1 -7 
5 0 -18 -1 -5 -3 -1 0 
8 13 24 -1 1 1 1 3 
-20 1 -15 -1 -2 -2 -2 -4 
11 2 24 0 1 -2 -1 2 
-16 -10 -9 -9 -4 -1 0 0 
-1 1 0 8 5 0 0 1 
8 7 4 -2 0 0 1 1 
0 -6 -14 6 1 -1 0 -1 
-5 -5 -22 -3 -4 -3 -1 -4 
3 -2 -5 -3 -3 -2 0 0 
-7 1 3 -2 2 2 -2 -1 
-4 -1 -8 -4 -3 -2 -2 1 
2 -2 -10 -6 -2 -1 -1 0 
-3 1 16 2 -3 -1 -2 -5 
3 -3 -3 4 -2 -3 -2 0 
4 1 -5 -5 -4 -3 -2 -1 
2 -1 3 0 0 -1 1 3 
-14 0 28 0 0 -1 -2 -2 
-3 -9 -70 -7 -4 -3 -5 -14 
9 -1 -3 -2 0 1 0 3 
-19 -1 -3 7 -1 1 -1 -1 
2 5 7 -1 0 -2 1 3 
8 6 33 0 0 -1 -1 5 
7 -7 -13 -3 -1 -1 -2 -4 
-2 -7 -15 -3 1 -2 -3 -4 
4 1 0 -4 -1 0 -1 2 
0 -3 7 -2 -3 -3 -2 2 
0 7 4 0 1 1 -3 -2 
9 3 37 -8 -2 -1 -1 3 
10 -11 -75 -12 -2 -2 -2 1 
-14 0 12 6 0 -1 -1 -1 
-15 -4 -5 -1 0 0 0 -10 
-13 -4 -7 1 -2 -2 0 -1 
17 -2 27 -4 0 1 0 4 
-24 -3 -42 -1 0 0 1 -6 
14 1 -2 -1 -3 0 -3 -1 
-11 -2 -12 -10 -5 -4 -2 -9 
-9 2 13 2 2 -1 -3 -1 
10 0 21 -2 -1 1 1 7 
-11 -21 -7 2 0 -1 1 3 
0 -8 -23 6 2 -1 -2 -4 
-1 4 6 4 0 -1 -3 2 
4 8 26 -4 -1 -2 0 -2 
-1 8 13 -7 -4 -2 -1 0 
15 -2 -27 -4 -4 -1 -1 0 
-7 -2 -28 -4 -5 -3 -1 -3 
3 -7 -6 0 -2 -1 -1 0 
-7 4 16 -5 3 0 1 1 
-9 -1 15 2 -3 -2 -2 -2 
-3 4 8 -3 1 -3 0 -3 
14 1 18 -1 -2 -2 -1 -1 
-2 -4 -45 -1 -1 -2 -1 0 
1 -3 -40 -2 0 -2 -1 0 
-10 -2 12 1 -2 -2 -2 -7 
6 -3 -5 -6 -6 -1 -2 -1 
-6 -3 -3 -5 3 -1 -2 -4 
8 4 12 0 -2 0 -2 2 
-7 -1 4 -2 -4 1 0 -3 
-3 0 26 5 4 0 1 2 
-2 -2 -63 -6 -5 1 -1 2 
5 2 2 -4 0 -2 1 1 
-5 0 9 1 -1 -2 -4 -10 
3 0 3 -1 -4 -2 -2 1 
0 3 12 3 -1 -1 0 1 
5 5 6 1 2 2 1 3 
4 -14 -17 0 2 0 1 3 
18 -1 8 2 0 1 0 3 
-16 -5 -10 2 -5 -4 -3 -10 
-6 6 9 -3 -1 -2 -2 -2 
-4 3 12 -5 0 0 1 -3 
-7 0 -15 5 1 -1 -3 1 
13 -4 12 0 -2 -2 0 5 
-30 0 20 -12 -6 -3 -2 -6 
4 0 -9 4 3 -1 -1 1 
-9 -8 -24 2 -3 -3 -1 -3 
5 3 25 3 2 0 -2 0 
13 -1 -6 2 -1 0 -1 -3 
-17 -1 -6 -13 -9 -2 -2 1 
4 1 -11 0 2 0 0 -1 
-2 3 14 2 0 -1 -2 -4 
6 -10 9 -2 -1 0 -1 -1 
-6 1 -7 8 -4 -2 -1 0 
0 1 -4 -4 4 2 -1 -5 
11 6 -1 -3 -3 -2 -4 -4 
1 0 8 -1 3 -1 2 2 
2 -4 45 -2 -4 -2 -2 -5 
-18 -19 -59 -2 0 -3 -2 -4 
0 3 30 2 0 -1 0 2 
0 -1 3 4 -1 -1 -2 -3 
9 6 5 -12 -2 -1 -2 4 
-1 2 10 1 -4 -2 0 -2 
-2 -6 -2 -4 -1 -2 -1 -3 
