#EMG
#5
#ID:5-5
-8 -6 -54 -10 -5 -1 -1 -12 
-2 1 33 11 4 -2 -1 -3 
10 -1 35 2 1 1 1 1 
-9 16 -11 -3 -2 -1 -1 0 
6 -3 -2 1 -2 -1 1 13 
9 -2 21 -3 1 0 0 3 
-22 -1 -7 -2 -3 -1 -3 -1 
3 -10 -24 -1 1 -1 -1 -26 
6 5 20 -2 -3 -1 -4 4 
0 -3 -18 -5 -1 0 -2 1 
2 -4 13 13 1 -2 2 -1 
-9 8 15 -8 -3 -1 -1 1 
14 -27 3 -1 0 -2 6 13 
-5 3 -1 -5 -2 -1 -2 -9 
-34 -11 -45 -9 -4 -4 -9 -12 
1 -4 8 -1 0 -3 -5 0 
-6 5 -29 -5 -3 0 0 -3 
9 1 15 2 -1 -1 -1 1 
14 3 30 -1 -1 1 0 4 
-7 -2 12 2 0 0 3 6 
6 -1 -52 0 0 -3 -4 -1 
-16 -4 -7 -7 -2 -2 1 -4 
8 1 7 -2 -3 -1 -3 -1 
3 -8 -3 -6 -2 -2 -1 0 
-9 3 9 8 1 -1 -1 8 
-4 -10 -21 0 -2 1 2 -4 
13 -4 3 -2 -1 2 1 1 
-9 -9 8 -3 1 -1 -1 12 
-3 2 30 5 2 -1 0 -9 
3 0 -52 -2 -2 -3 2 1 
-11 7 31 -4 -1 -2 -2 -12 
-13 -14 -28 -5 -4 -1 -5 5 
0 0 3 -3 -2 -2 -3 -5 
-2 2 10 2 2 0 1 -1 
15 9 7 0 0 1 4 11 
0 -14 -13 -3 -3 -3 -2 -5 
-2 5 19 -2 0 0 1 0 
-5 -1 18 2 -1 0 -1 -12 
-13 -8 -68 -5 -2 -4 -5 -4 
13 7 -1 1 -2 -3 -3 -5 
2 4 4 -4 -2 -2 -1 -6 
6 3 17 0 -2 -2 -2 4 
1 -2 12 -3 -4 -1 0 0 
-10 -3 -11 2 6 1 2 -12 
-1 -12 1 -4 -2 -2 1 42 
-17 10 -7 2 -1 0 -11 -39 
25 -2 13 0 -2 0 3 7 
-24 -4 22 -4 -1 -1 1 -8 
-13 5 19 -6 -3 -1 -5 -15 
-6 -10 2 -5 -2 -1 -1 8 
3 5 -7 1 -2 -2 -3 -2 
19 6 -3 1 0 0 0 2 
-6 -5 -6 -2 -1 -2 -1 -8 
-10 -5 -12 -2 -3 -3 -1 12 
2 0 6 2 2 -1 -1 -15 
5 6 3 0 -3 -1 0 4 
-2 3 -8 0 -1 0 0 -7 
4 -4 -3 -2 -2 -2 -2 -2 
-4 -14 0 1 1 -1 3 7 
-4 4 -12 2 -2 -1 -2 -4 
-4 1 -7 -1 0 0 -3 -4 
8 3 6 -6 -2 -3 5 3 
3 -9 1 1 2 -2 -4 27 
-26 6 -5 -2 -3 -2 -1 -56 
-7 2 2 -2 0 -2 0 7 
19 7 8 -2 -2 0 -3 -2 
2 0 11 -6 -2 -1 4 19 
-2 -19 -50 11 0 -3 -3 -3 
8 5 -20 0 1 1 2 5 
-7 4 -5 -1 -2 -1 -4 -5 
0 4 20 -5 0 -2 -2 -16 
13 3 27 -3 0 1 -3 13 
-7 2 17 1 -1 -1 -1 -7 
-1 -6 -53 -2 0 -2 -4 7 
-6 2 3 -1 -3 0 0 -10 
14 -2 1 -4 -2 -2 -4 13 
-10 -2 14 -1 -3 -1 -1 -21 
-4 -6 13 1 3 -2 0 7 
-8 5 22 -3 -1 0 -1 -13 
18 -8 -41 2 -1 -1 -1 13 
7 1 10 0 -4 -3 -1 4 
-10 -10 17 1 -3 0 -1 -12 
-8 -9 -15 -4 -4 -2 -3 -7 
1 16 -16 -3 0 -1 -3 7 
2 -18 -3 -2 -2 1 1 0 
4 0 22 2 0 0 3 31 
3 2 -21 1 -1 -1 1 -34 
-19 -7 26 -8 -3 -1 -3 1 
-6 0 -40 -8 -4 -3 0 2 
-4 -9 -6 0 0 -3 -8 -21 
15 -2 6 2 1 -2 2 11 
4 15 9 -2 3 -1 -2 4 
-9 -2 6 5 1 -2 -1 -1 
9 -4 12 -4 -3 1 4 -2 
-12 2 -20 -5 -4 -2 -7 -15 
-4 -3 11 2 -2 -2 4 13 
0 0 2 -1 0 -2 -3 -8 
17 6 -10 -1 1 1 2 5 
-2 -2 13 1 -1 -3 -3 4 
-9 0 -16 -2 -2 1 1 -5 
1 -3 18 -1 0 -1 0 1 
-6 14 -11 -4 -5 -4 -4 0 
14 -4 -8 -2 0 0 -1 1 
-9 -4 34 9 0 -2 -2 19 
-6 -5 -54 -4 -5 -1 -2 -35 
0 11 5 -1 0 -2 0 -5 
-16 -29 10 2 0 0 0 5 
-5 -5 -4 -2 -1 -1 -2 -5 
7 19 18 0 1 0 1 8 
-1 -8 4 1 -2 0 0 -4 
-8 5 -48 -4 -3 -4 0 -2 
-13 -9 7 -2 -2 -3 -6 -11 
5 1 9 1 2 -1 -2 4 
-16 -3 -17 -5 -2 -3 -1 -6 
0 1 21 3 -1 -1 4 5 
3 -4 6 -5 -2 -1 3 -7 
2 1 -11 4 -5 -3 -3 5 
-5 -5 -4 1 4 2 -1 -2 
2 5 23 0 0 0 0 2 
-2 2 -11 10 2 -2 2 -12 
-1 -3 16 -5 -2 -3 -1 11 
22 -3 9 0 -2 0 1 2 
-15 10 -39 -7 -3 -3 -1 0 
11 -36 15 -8 -3 -1 2 24 
0 -3 -12 -1 1 0 -4 -30 
3 12 4 4 -2 -1 -3 3 
-15 -11 22 3 1 -1 -1 -14 
0 21 -10 -5 -5 -1 -3 -6 
-7 -13 -1 1 0 1 3 16 
-25 -4 23 -3 -1 -1 -2 -5 
32 -6 -39 -4 -2 -1 1 6 
3 -8 15 2 -1 -2 -7 -14 
2 13 -63 -1 -1 1 -1 7 
-15 -12 -2 -6 -6 -3 1 -4 
8 0 12 2 -5 -1 1 8 
-5 0 -2 -7 2 -1 -2 -10 
-8 12 37 -1 0 -5 -4 -14 
6 -29 -17 -4 -3 -2 5 14 
4 2 9 0 3 -2 -9 16 
-23 12 2 1 -2 -1 2 -10 
9 -12 43 0 1 1 -2 -3 
-2 17 -10 -2 -4 -2 2 34 
-22 4 28 -7 -5 -3 -1 -54 
23 -9 -59 0 -1 1 0 10 
-24 4 -7 -13 -3 0 -1 0 
6 2 26 25 5 -2 2 -6 
18 17 41 6 -1 -2 -10 14 
7 4 -33 2 0 -3 -3 -16 
-3 -7 1 -9 -4 -1 3 4 
-17 -4 -6 -5 -4 2 1 -3 
-10 -14 -25 -1 4 0 0 -1 
22 7 30 1 -2 -2 1 -4 
-23 2 -17 -5 -4 -1 -2 10 
-19 -5 -13 -12 -5 -3 -9 -8 
-9 -5 -2 2 -2 0 2 9 
13 -18 3 -7 -1 2 12 36 
-16 35 10 2 -2 -2 -8 -28 
5 3 18 2 0 -4 -7 -19 
2 3 -16 0 -2 -2 -5 -4 
0 5 16 -3 1 1 6 15 
-4 -20 6 3 0 -1 0 4 
10 4 22 3 -2 0 -10 -12 
6 -14 -49 -6 1 0 -4 -11 
1 -10 17 1 1 2 6 -1 
33 -1 -31 -5 -3 -1 12 -13 
-28 -12 -16 1 0 -1 -5 27 
11 -5 24 4 0 4 2 -19 
-16 20 19 2 -2 2 -7 -6 
7 2 20 4 3 -2 -8 -8 
37 21 4 -4 -3 -3 -5 9 
-18 -6 -48 -9 -5 -2 9 8 
-1 -35 -21 0 -1 -1 -11 -14 
-28 -15 50 -4 -4 -2 -1 -2 
4 -1 -65 0 1 -3 9 1 
27 44 27 0 -1 -1 -8 17 
-40 -31 -7 -3 -6 -5 5 -23 
-16 12 19 4 3 0 -5 1 
14 -14 29 -1 -1 2 4 -10 
-1 -14 -43 -5 4 0 -5 13 
18 -12 -2 -1 1 -4 -3 -2 
9 20 -18 -9 -7 -1 -11 23 
-16 -6 -8 -2 0 4 20 -12 
-29 -30 0 -3 -5 0 -5 22 
10 25 37 2 -3 -5 -16 -63 
15 -17 -24 7 5 -1 -6 70 
0 18 -3 -5 -1 2 11 -14 
-5 -3 16 -2 -5 0 -23 5 
8 -9 -28 -5 0 2 20 19 
56 40 -32 2 0 -1 -2 -36 
-47 15 7 -7 -2 -4 -3 3 
-10 12 35 3 0 -3 -7 -7 
-3 -8 -28 -5 -4 -2 -3 15 
11 -49 -8 -3 -3 0 9 3 
-1 31 48 -3 -3 -3 -10 -12 
16 -42 -24 1 3 1 7 -64 
0 13 18 -2 1 0 -9 35 
25 2 -10 6 4 0 19 47 
-21 29 -18 -3 -5 -2 -17 -25 
-89 -17 47 -3 0 5 -1 -30 
56 18 -22 2 0 -11 4 -32 
11 7 -19 -7 -2 8 -32 -15 
4 -36 6 3 0 3 28 36 
1 6 32 4 1 -10 -6 30 
26 50 -51 -6 -2 4 17 23 
-12 -83 23 3 -1 -10 5 -13 
21 -31 -111 -14 -7 0 -2 -9 
-21 7 23 -3 -4 8 5 -21 
-15 -11 14 4 1 -1 0 21 
0 18 35 -5 -4 -5 -4 -82 
-1 -9 24 13 9 -3 -1 16 
-2 -2 6 -1 1 -15 7 18 
2 -3 -13 -14 -7 22 -11 -22 
0 15 16 2 4 18 22 2 
-29 -21 2 -3 1 -19 -8 -8 
63 16 -30 0 -8 22 -24 7 
-16 0 37 -5 -4 -31 16 -7 
-8 16 20 4 0 -9 -23 19 
12 -29 -56 -1 3 17 27 -12 
13 12 -9 1 1 -9 5 29 
-30 -19 7 1 -4 -9 -23 -6 
-19 -4 12 -4 -4 4 16 -4 
-13 -20 -21 -20 -6 -15 -14 -2 
19 5 -22 4 -2 3 3 3 
-31 7 31 3 -2 10 -6 -7 
-4 2 -38 4 2 -21 3 14 
16 -76 89 7 3 16 -9 -5 
-18 70 -12 -2 -6 -5 3 -15 
22 10 -53 -3 -2 -9 -1 12 
-24 -2 -103 -8 -4 5 0 -8 
-4 63 83 -2 -4 3 -10 -32 
16 -109 14 -6 -1 -4 6 79 
-37 89 49 -2 -5 -10 -22 -22 
34 22 -57 6 3 6 5 8 
11 -32 -33 -2 3 2 -10 -2 
-58 29 69 -4 -5 -12 -2 -4 
-34 -17 -18 -7 -7 1 -14 -59 
-39 -29 40 -5 -1 5 12 -2 
23 35 -13 8 -3 -14 -15 7 
4 -2 -18 1 3 7 44 4 
-2 -31 -4 4 8 0 -23 -11 
14 12 1 -5 -2 8 -35 -1 
-23 -7 -15 -1 -4 -16 -15 -21 
45 20 -4 6 2 0 8 -33 
-34 -20 -15 -3 2 5 9 41 
-32 -11 -4 4 0 -1 1 -15 
58 19 16 -10 -8 16 -10 27 
-63 -24 -37 -8 -6 -23 16 -18 
25 4 -9 6 5 26 25 6 
22 -12 28 3 0 -25 -20 -11 
-35 18 12 -2 0 10 -15 -19 
-23 2 -57 -5 1 -8 13 -2 
44 -19 32 3 -2 -4 -20 11 
-30 3 6 -4 -4 4 30 24 
-4 16 -7 3 -1 -15 21 5 
38 6 35 16 2 16 -33 -3 
23 -13 -81 -11 -3 2 -3 -20 
4 -76 24 -12 -6 -6 -5 60 
0 93 22 -3 3 -10 -14 -8 
17 -11 -30 4 0 9 29 1 
-44 -58 44 -12 -12 -11 -12 -6 
-36 40 -20 -9 -11 -7 -14 -38 
52 -23 1 14 6 3 13 24 
44 39 11 -2 5 -1 -7 27 
-30 17 -12 8 5 7 10 4 
43 9 -74 -13 -8 -8 7 -11 
-20 -13 34 0 -5 -2 -21 2 
-4 19 29 0 -2 6 -9 -12 
2 -68 -41 -8 4 -15 13 22 
-17 -6 60 3 -3 5 2 -9 
-4 -10 -64 1 -2 12 -1 -26 
28 0 36 -3 -1 12 -17 40 
25 37 21 8 1 -36 13 9 
-35 -4 82 -2 0 28 10 -40 
16 11 54 4 2 -11 6 25 
-3 -43 -47 -11 -5 -4 -5 -22 
-21 33 65 -2 0 8 11 6 
6 37 52 13 5 -14 -22 -17 
-3 -66 -118 -11 -9 -6 11 8 
-14 -1 58 5 -1 -5 -7 -27 
15 15 -47 1 0 7 24 20 
-46 1 20 -1 2 -3 -43 -16 
-7 11 8 -3 0 -7 15 -17 
-45 -19 -39 -18 -9 -4 -15 4 
6 9 32 9 5 -1 -5 -5 
-4 10 -25 -8 -3 -7 16 -27 
-7 11 -31 -2 -2 -24 -23 21 
10 -9 -28 1 1 25 5 -9 
44 22 57 6 -2 0 -4 -24 
-25 -7 -79 -5 1 2 3 17 
13 -1 10 3 -5 -6 8 -1 
32 -6 17 -10 0 -10 7 -10 
-57 -15 29 3 0 9 -24 -2 
43 19 -3 -3 0 -5 20 21 
40 12 19 12 12 12 1 0 
-33 22 0 -7 -4 -8 -7 -5 
25 -98 19 4 -2 4 -2 10 
-6 71 -65 -2 -3 -6 6 7 
-18 25 3 -13 -8 7 1 -6 
19 3 -18 5 3 -4 -10 -7 
19 -10 -41 -8 -1 -4 11 29 
11 29 84 12 2 -1 -15 -18 
20 -38 -38 -9 -4 4 -7 5 
-35 -51 22 -5 3 -6 4 -6 
-26 17 -44 2 -6 -1 11 -4 
12 -72 -47 11 1 3 -4 15 
20 70 31 7 4 5 11 12 
0 -87 -72 -18 -8 -11 -15 -10 
-9 -7 74 4 4 0 -1 -15 
12 -13 45 -7 1 5 9 14 
-45 -50 -48 -14 -8 -9 -20 -24 
39 27 38 6 1 4 18 14 
-7 28 10 -4 -7 -11 -24 -7 
25 30 34 11 6 2 -10 8 
7 -4 15 -5 -2 10 16 15 
-49 -13 -17 -3 -10 -20 -2 -19 
10 41 -7 13 10 10 -34 -12 
3 -10 -29 -3 -2 -2 17 15 
-23 -43 19 0 -2 -4 -9 -4 
-2 70 -35 -10 -11 -12 -7 -31 
-6 -23 -40 -3 -3 5 32 13 
9 -25 -73 -6 -2 -15 -29 7 
10 5 49 4 0 15 -4 -5 
-18 -7 2 4 3 0 7 22 
12 7 21 -2 -1 -31 -28 -17 
12 10 48 -7 -5 38 33 -28 
-15 -8 -50 4 3 -3 9 16 
29 18 41 10 4 -8 12 6 
-5 7 1 -7 -1 10 -19 -21 
22 -14 5 -2 -4 2 7 19 
-25 15 35 -7 -4 0 12 -4 
-15 -6 -17 7 -2 -9 -2 -41 
1 -10 -7 -9 -4 -9 -4 44 
-1 -20 8 5 -5 -13 -8 -15 
-14 -13 19 -5 -1 -5 0 -14 
-3 48 -28 -27 -5 15 -14 4 
-17 -15 -8 31 2 7 18 -7 
-18 -8 61 -14 -3 -2 -5 -5 
22 -23 33 25 -4 -3 3 1 
-59 35 3 -13 13 0 -6 4 
-9 6 69 -9 0 7 3 12 
-6 13 -50 -44 -12 -11 -15 -13 
-2 6 -34 -3 -1 -7 -4 -20 
-19 13 45 16 -2 5 -1 6 
-9 -3 -31 -2 -9 1 -5 -8 
14 4 30 23 8 0 36 18 
-56 -26 -10 -27 -5 -9 -25 -14 
49 9 -27 8 -2 -1 -46 -25 
-10 -21 37 -7 -6 -7 8 59 
-29 -33 8 19 6 -6 -14 5 
0 -29 3 -12 -7 0 15 4 
5 41 -16 3 -2 4 15 -5 
-3 20 -25 -2 1 0 -10 -16 
15 11 19 0 -2 -2 -18 15 
1 -25 -73 1 3 7 15 12 
4 -17 64 3 -6 -8 -3 0 
-15 -12 -34 -9 -3 -1 -1 -21 
-9 4 -29 0 -1 2 30 9 
20 25 38 0 1 -4 -27 -1 
11 -12 -8 7 5 -2 -5 6 
19 13 -13 -16 -5 0 8 -5 
-10 -8 13 10 1 -3 -3 -6 
-8 2 -12 1 1 0 -2 3 
-9 -5 8 -1 1 5 19 -5 
-6 -1 -22 -4 -2 -2 -5 -3 
12 -20 -11 2 0 -3 -4 -5 
16 20 -37 1 1 -1 -4 14 
2 -16 46 11 2 -2 -3 -4 
8 11 -58 -23 -5 1 6 -1 
0 -38 -34 7 4 -3 -7 2 
-5 25 55 0 -4 -3 9 -4 
8 -24 -6 11 1 2 5 5 
-12 10 10 3 2 -1 12 -44 
-1 11 -11 -4 1 -1 -14 26 
-6 2 -7 3 3 3 1 -22 
15 -8 24 -6 -1 0 -3 10 
14 9 2 1 -2 0 2 -8 
6 8 -12 -8 -2 -1 -4 -3 
-9 -10 -30 -1 -2 -3 0 2 
-9 -20 3 -7 -9 -5 -1 -14 
-2 -8 23 -10 0 -1 -2 11 
2 50 31 28 10 -1 1 -11 
12 -27 -14 -9 -1 -1 -2 -1 
-12 -13 26 8 1 0 2 9 
15 7 -90 -26 -10 -3 -9 2 
-13 -5 28 3 -8 -1 -3 -6 
6 23 -32 10 2 -1 1 -3 
29 -9 -25 -4 2 0 -3 15 
10 8 2 5 2 -1 1 0 
-37 -7 5 -19 -7 -3 0 -12 
10 31 43 -4 -3 -3 -1 6 
-4 -26 -27 -12 -2 -1 3 1 
6 6 25 13 4 1 2 7 
8 -11 8 -12 -9 -4 0 -4 
-20 -9 8 9 2 1 -6 -3 
-5 7 -24 -8 -2 0 2 2 
-2 2 33 6 4 1 -2 3 
24 -14 -84 -7 -1 -2 -11 -6 
-2 3 55 -3 -2 -1 -14 -3 
-14 4 -72 2 -3 0 8 -2 
0 -15 -7 2 1 0 4 -5 
16 -4 -28 -17 -4 -4 -3 -11 
-4 13 13 16 2 -2 3 5 
12 -1 23 2 2 -1 -4 8 
-20 2 11 7 -4 -1 -1 -3 
-15 -5 8 -13 -4 -2 -2 -2 
6 -6 -30 2 -4 -2 0 -1 
4 0 8 -7 -7 -5 -5 4 
-7 -6 -10 -1 0 2 4 -7 
3 8 37 3 1 3 11 2 
1 -1 -40 -5 -1 -2 -9 0 
-7 -6 40 2 -2 -3 -2 -4 
-2 -7 44 -3 -4 -2 -6 8 
-5 1 -30 3 0 0 3 -5 
-3 25 69 -2 -3 -1 12 -3 
-9 -7 -34 -4 -4 -4 -8 -7 
-2 15 -49 2 0 -1 -5 -5 
35 -30 6 5 3 2 0 17 
-34 4 13 -4 -3 2 0 -4 
26 -4 29 -2 -1 0 -1 2 
12 0 -24 0 0 -3 -5 9 
-25 17 -4 -7 -2 -1 7 -5 
3 -14 0 -3 -3 -2 -11 -11 
2 -5 -16 4 -3 -1 0 3 
-14 -1 33 6 2 1 -7 0 
-7 -6 -9 -1 1 -1 0 4 
6 -2 -4 -14 -5 -5 -3 -20 
-14 3 -1 -5 -2 -1 2 5 
10 0 -8 9 8 0 -1 0 
-9 7 31 0 -4 -1 -6 -4 
-8 -14 -19 -16 -5 -3 6 4 
4 10 1 13 3 1 -2 0 
-5 -9 8 -8 -10 -2 -4 -9 
1 4 20 14 -2 -3 -2 -4 
1 -2 2 4 7 2 2 -1 
-7 1 -14 -10 -3 -1 0 -3 
-3 -27 -16 -9 -1 -1 2 -3 
-7 3 1 1 -2 -4 -3 -3 
10 3 40 5 -1 1 1 6 
-4 2 -85 -6 2 -1 0 -1 
3 8 30 -1 -3 -4 -3 0 
-10 -11 -34 -10 -5 0 -9 -10 
-2 1 2 9 1 0 12 26 
10 3 34 -3 -1 -1 -13 -34 
-14 3 -16 -4 -3 0 1 -6 
2 -3 -7 6 4 0 4 6 
14 0 -36 -12 -5 -2 1 0 
-12 -8 19 22 4 -1 0 4 
2 -10 -11 0 -1 -2 -1 3 
-8 14 7 -4 -3 0 -2 -8 
5 -2 16 -3 -3 -1 0 2 
4 0 8 -7 -4 -3 4 6 
-2 10 44 4 2 0 -4 -5 
-4 -16 -35 -1 2 -3 -4 -1 
-8 -2 -40 -2 -3 -3 -2 1 
15 -10 15 -5 -3 1 2 3 
1 4 -3 -1 -1 -3 6 17 
-14 -8 11 -3 -3 -3 -13 -8 
-9 -1 -3 0 -3 -2 -3 -7 
-6 4 1 -7 0 -2 -1 3 
23 2 -15 8 0 0 3 -1 
5 7 2 7 5 2 6 9 
5 -10 -3 0 -1 -2 -8 -10 
-6 6 35 -6 -4 -2 0 2 
-1 -5 -39 -6 -6 -4 -5 -2 
1 2 29 1 1 0 3 1 
-4 -4 -36 -2 1 0 -1 -7 
-7 -10 -5 -7 -3 -2 1 9 
1 -8 4 -1 -1 -2 -3 -6 
-11 9 16 4 -4 -4 -5 -8 
4 -4 22 2 4 1 1 7 
14 7 -10 -3 0 1 0 3 
-29 -2 -4 -2 -4 0 -3 -1 
-3 -13 -10 -7 -4 2 -2 -12 
-4 9 30 1 -2 -4 -8 0 
-1 -1 -35 -1 0 1 0 10 
-1 -16 13 -10 -9 -6 -8 -19 
6 -1 -18 3 6 0 5 1 
-15 -10 18 10 7 2 2 0 
-2 8 0 -2 0 -3 -7 -5 
13 -1 2 -2 0 2 5 4 
-5 1 -5 -4 -7 -2 -1 4 
15 0 45 -13 -7 -2 -3 -3 
-22 0 -11 14 4 1 1 0 
0 10 -7 -7 -1 -2 0 -3 
-8 -8 4 0 -2 -3 -2 -7 
-6 -2 -7 -3 3 1 -2 2 
-2 -5 9 -3 -8 -3 1 -6 
-2 -3 -26 3 5 -1 -2 2 
8 -3 -28 -7 -6 -4 -3 4 
-3 0 -3 0 1 1 2 -2 
-1 -1 2 1 -2 -2 -3 -6 
-5 4 29 3 0 0 -1 0 
3 -1 3 -8 -2 -3 5 2 
0 -6 -24 12 -3 -2 -6 0 
-11 -2 10 -5 -1 0 -1 -2 
23 3 -2 20 11 0 -5 1 
-8 0 11 -5 -5 0 3 -2 
0 -8 -34 -12 -5 -3 0 -5 
10 -1 24 -1 -2 -2 3 3 
-1 0 13 -1 -4 -2 -1 -4 
7 13 8 -2 1 -1 -3 -1 
1 -4 -9 -13 -3 -2 1 3 
-10 -1 -18 12 1 2 -2 -7 
-10 -1 -13 -7 -5 -2 0 -2 
9 5 11 1 3 1 -3 4 
-1 4 19 0 -2 -1 0 -1 
2 -6 -9 -9 -1 -3 -1 -1 
-10 -6 0 -10 -5 -3 -1 -3 
-4 -8 -30 -1 -2 -3 -4 -2 
-2 -1 -12 0 1 -1 2 -1 
0 7 29 1 2 1 -3 -1 
-3 2 23 8 1 3 0 0 
2 2 1 -5 -7 -2 -3 1 
-5 -4 -23 -5 0 1 0 -5 
-2 -3 4 -5 -8 -4 -3 -3 
-5 -9 -30 6 6 -1 0 -1 
-2 5 14 -3 -4 -2 -2 1 
15 3 33 5 -3 0 -1 1 
-5 3 -27 -5 -3 -2 -3 -3 
-2 -3 11 -14 -5 -3 -1 -3 
0 -6 -21 17 2 0 -1 -1 
-1 -1 -7 -4 -1 -1 -6 0 
8 0 7 -1 -3 -1 -1 1 
-21 1 20 -3 -3 -2 3 -2 
-4 -6 -7 -3 -1 0 -7 -1 
0 -2 -14 1 -3 -4 -1 -1 
3 3 45 4 5 2 0 0 
2 -1 -93 -6 -1 0 -3 0 
-1 -10 -40 -6 0 -1 4 -1 
-8 2 -2 -1 -3 -2 1 -2 
1 6 16 -5 -2 -1 -4 -1 
5 1 -4 -1 -1 -1 2 3 
-6 4 14 -3 0 0 -1 1 
5 -8 -1 5 -1 -2 -2 -6 
8 -2 -29 -5 -3 -2 3 3 
-7 -1 20 4 0 0 -1 0 
-34 -3 5 3 1 -1 2 -10 
-3 -4 2 -5 -1 -1 -3 2 
1 0 -5 0 -2 -2 -1 -3 
8 3 -14 -4 -4 -2 0 2 
9 -10 -3 -11 -4 -1 0 4 
-15 -3 2 -4 -5 0 0 -3 
-4 -1 -6 7 0 -2 -1 -3 
3 -2 18 14 8 2 1 1 
5 1 0 -7 -2 -2 0 0 
0 -2 -4 1 -4 -2 -2 -2 
-1 -1 -15 1 -2 -1 -3 0 
-4 2 5 -3 -4 -2 -5 -5 
3 -2 4 -6 -2 -2 -2 -5 
-5 -6 -12 -2 0 -2 5 2 
6 -2 0 -1 -1 -3 0 4 
-11 1 4 2 -5 -5 -3 -7 
-9 -4 4 -1 -1 1 1 -5 
10 4 11 4 -1 0 0 2 
-23 -4 -1 1 4 2 1 1 
0 -2 -16 -11 -4 2 -2 13 
1 -3 9 5 -2 -5 -5 -33 
-22 5 -19 1 3 2 0 -3 
13 -4 -13 -17 -5 1 3 -2 
21 -1 10 3 -5 -3 -2 8 
12 4 0 8 1 -1 -2 11 
-2 0 7 1 -4 -3 -2 -3 
1 4 16 21 10 1 -1 -1 
-9 1 28 -12 -1 -1 2 -3 
-1 -13 -45 15 -3 0 -1 2 
3 -3 9 -6 -4 0 -4 -3 
2 2 23 -5 -5 -3 -3 3 
0 -3 14 -21 -3 -1 1 0 
-23 4 -12 -13 -1 -2 -2 -15 
0 -4 31 23 2 -1 -1 2 
-21 -8 -56 -16 -8 -5 -2 -2 
14 -5 -31 11 1 -2 1 -4 
7 6 20 -24 -7 -2 -1 10 
6 0 8 -14 -5 -2 1 4 
-16 -4 13 12 4 0 0 -2 
-25 -3 -10 -6 3 -2 -5 -22 
0 -1 1 -5 1 0 1 6 
6 2 -12 3 -2 -1 -3 -2 
8 3 8 -10 -3 0 -1 0 
-1 -5 -16 -1 -3 -2 -1 -1 
-1 3 0 -1 2 1 0 3 
4 -1 16 0 0 -2 -2 0 
0 -1 -12 -4 -4 -2 -1 -1 
-2 -3 2 -4 1 0 0 0 
10 -2 24 16 3 -1 1 2 
5 -2 -8 -15 -8 -5 -3 1 
-19 -1 -10 7 -3 -1 0 -3 
11 3 14 0 3 1 1 -7 
6 4 5 -3 -5 -4 -1 4 
-3 -7 27 12 3 2 0 0 
4 -6 -69 -22 -10 -3 -3 -5 
-4 -2 -12 -1 -6 -3 -2 0 
-5 0 3 29 9 2 0 3 
-9 0 -17 -2 6 1 -1 -5 
6 3 34 -4 3 -2 0 -1 
-4 -8 -40 4 -3 -2 1 -1 
4 -5 2 -7 1 0 -1 3 
-2 7 10 -14 -8 -4 -2 -3 
