#EMG
#4
#ID:4-3
-6 15 12 -1 0 -1 -1 -5 
4 -2 12 1 1 -1 2 -4 
0 -15 -27 -2 -2 -3 -4 0 
-10 -16 -50 -4 -2 -3 -3 3 
-5 -2 1 -1 0 -2 3 -1 
0 1 0 -1 -2 -1 -5 0 
-2 -1 17 0 -1 -1 -7 -13 
7 2 23 0 1 0 0 8 
0 -5 -32 0 -4 -2 -2 3 
-2 -1 -6 -3 -1 0 4 -7 
-7 -8 6 -3 -3 -3 -3 -2 
-1 8 9 -1 0 -1 -2 6 
-5 -1 -1 2 1 0 -2 -2 
7 2 5 1 -1 -1 0 16 
-5 -1 -3 -2 -3 -2 -2 -46 
3 2 2 -2 -2 -1 1 9 
-5 -1 -4 0 -2 -2 4 3 
3 4 15 0 0 0 -2 -3 
1 -5 -1 -3 -1 0 -3 19 
2 8 10 0 -3 0 -3 -11 
-2 -4 1 -2 0 0 -2 -5 
-1 2 14 1 -1 -5 3 -1 
-6 -10 -23 -2 -1 1 2 6 
-4 0 -43 -6 -3 1 -1 -1 
7 -9 0 -1 -1 1 -4 -2 
-10 -13 -12 -5 -1 -1 2 -3 
8 13 15 5 1 -2 -4 14 
-1 4 13 1 0 -1 3 -5 
-4 5 1 1 1 -1 -7 19 
-4 5 -10 -1 -2 -1 3 -42 
4 -6 7 0 1 -3 -8 1 
-6 -4 1 1 -2 -3 0 3 
0 -4 5 -3 -1 -1 1 1 
-3 0 -6 0 -1 0 2 5 
-1 4 -10 -2 0 -2 -2 -1 
7 0 17 1 -1 0 2 9 
-11 -9 5 -3 2 -2 -7 -23 
-3 -15 -52 -5 -4 -2 -4 2 
-2 -3 3 -2 -1 -3 6 4 
-1 -1 -2 -1 0 0 -2 4 
3 7 9 0 -2 0 1 0 
0 5 4 2 -1 -2 -1 3 
-2 3 -2 0 -2 0 -1 -5 
-2 4 41 0 0 -3 -6 0 
-1 -9 -56 -4 -4 -2 2 11 
-8 -5 2 0 -1 0 -5 -14 
1 5 0 0 -1 -2 0 -1 
3 7 1 -1 -1 -4 -1 17 
-3 13 14 -1 -2 0 2 -35 
3 -8 9 0 1 -1 -1 2 
-1 -10 -13 -5 -3 0 4 8 
-1 -6 -9 -3 -2 -2 -4 4 
0 3 12 0 -2 -1 -2 3 
-3 2 -5 1 0 -1 -3 3 
-1 10 20 2 2 1 0 -12 
1 0 -14 -1 -2 0 -2 -3 
2 6 -3 -3 -2 -2 0 10 
2 -7 14 -2 -1 -2 -3 -12 
-12 -12 -9 -2 -1 -1 -1 -1 
-4 -15 -15 -4 -2 -2 -2 -1 
1 1 19 1 0 0 -2 0 
0 -1 -24 -4 -2 -2 1 8 
6 4 14 -1 0 0 -2 1 
-6 -4 -19 -1 -1 1 0 -10 
-2 2 14 0 -3 -2 -5 0 
2 -1 5 -1 -3 0 -7 22 
-4 -6 -3 -2 4 -2 3 -43 
-4 10 5 0 0 -1 1 -10 
0 -24 -4 -2 -2 0 -4 7 
-3 -4 -4 -1 1 0 0 11 
-4 14 16 1 0 -2 0 4 
2 0 -7 -5 -3 -3 -6 -1 
0 -21 -1 -2 -3 -1 3 -4 
-8 1 -34 -4 1 -3 -1 -6 
0 -4 0 -1 -2 1 -1 13 
1 0 12 0 2 0 0 -12 
4 10 17 0 2 -1 -7 8 
-7 -6 11 -1 -1 2 0 -2 
9 -5 -13 -3 -3 -5 -7 -10 
-4 17 -3 0 1 1 4 28 
-13 -15 -5 0 -1 -2 1 -41 
7 11 10 -1 -1 -2 -3 -8 
-7 -3 -2 -1 -1 0 7 4 
2 1 15 4 -1 -1 0 2 
4 2 -10 -2 0 0 -1 11 
-3 -9 4 -2 -3 -3 -11 -3 
1 4 -4 -1 -2 -1 -5 0 
0 -2 -4 -3 0 -1 -2 -5 
-3 15 3 -1 -2 -2 1 4 
1 9 3 -2 -2 3 4 6 
-4 -4 2 0 -4 -2 -8 4 
-1 -25 -13 -3 -2 -1 -5 -38 
0 -3 14 -2 -1 -2 2 15 
2 -1 -26 -1 -1 -1 -5 28 
-13 6 9 -1 -2 -1 12 -23 
-9 -10 -9 -1 -1 -5 -12 0 
3 -2 -17 0 -2 0 4 -7 
5 6 7 1 -2 -1 6 -3 
11 2 22 0 -1 -2 -12 11 
-2 -17 -21 -1 1 1 5 -1 
3 22 0 2 -2 -1 1 2 
-4 -11 9 -2 1 -1 1 -5 
0 5 -17 1 -2 -1 -9 2 
0 -7 4 -3 -5 -1 0 0 
-3 1 -7 -2 -1 0 -7 3 
-1 -32 -12 -4 -3 0 4 -3 
-4 -3 -2 -3 -2 -3 0 7 
0 -10 -1 -2 -3 -2 -4 -17 
-3 13 -6 -2 -3 -1 1 3 
-7 1 24 3 2 -4 -6 -9 
4 -26 -7 -2 -1 3 -6 22 
-3 22 2 1 0 -2 1 19 
-4 -10 1 -1 -2 -3 12 -9 
4 -9 -14 -2 -3 -5 -17 -9 
-1 -3 0 -4 -2 -1 -6 -1 
0 13 20 0 0 0 4 -5 
-1 -1 -3 1 0 1 -7 9 
3 7 15 0 0 -1 4 0 
3 -1 4 1 2 0 13 -8 
-2 16 -9 -3 -4 0 -10 -22 
-3 -21 4 0 0 -3 -5 50 
-3 9 11 1 0 0 5 -14 
-3 -18 -43 -6 -5 -5 -2 -17 
3 2 16 2 2 0 3 9 
-2 2 -12 -3 -3 -5 -6 -2 
2 10 10 2 1 1 4 -2 
-5 -9 12 -1 0 -1 -4 0 
6 -8 -38 -5 -3 0 9 14 
-4 -26 -3 -3 -1 -2 -9 -21 
2 4 10 0 -2 0 1 1 
-4 15 5 1 -1 0 6 -12 
3 -13 -13 -3 -2 -1 -11 7 
-2 -4 -1 -1 0 1 12 10 
-7 22 19 -2 -5 0 -2 -43 
-13 23 24 3 0 -3 -13 -24 
14 -21 -41 -6 0 0 9 19 
15 -24 -32 -4 0 -1 0 8 
-32 -18 -17 -3 -3 -1 -19 -15 
-11 -17 4 -2 -2 6 3 9 
-6 25 29 -2 0 -8 0 -4 
4 73 25 2 1 2 -5 -22 
-3 -29 -28 0 1 -2 9 7 
11 -5 -25 -2 0 -2 -11 13 
-17 -23 26 1 -1 0 4 -58 
-3 15 7 -3 -3 2 -17 55 
0 -8 33 -4 -8 -8 -5 2 
18 20 -47 0 -1 2 24 17 
8 -5 -3 0 -3 -7 -23 12 
17 14 -43 -3 1 1 22 -10 
-45 -11 -11 -4 -3 -1 -27 -17 
13 -2 11 2 1 -3 7 35 
-15 34 55 7 3 10 13 2 
-3 4 3 -2 -1 -4 -14 -32 
27 22 -22 -2 1 -2 7 23 
-28 -56 -9 -3 1 2 1 -1 
27 26 -6 1 0 0 1 22 
1 -69 19 0 -2 -2 -2 -23 
7 -31 -20 0 2 4 14 -12 
8 43 12 -3 -2 -3 -11 -1 
-18 -16 4 0 0 -4 -7 -24 
-7 12 10 -2 1 6 4 27 
21 2 -1 -1 0 0 -4 -22 
-3 -3 -18 -2 -2 -4 6 48 
-12 -15 11 -10 -3 5 8 13 
-1 11 -3 -3 -1 -2 1 -28 
-10 18 -18 -9 -7 -10 -22 5 
-9 15 50 7 -3 1 -14 -24 
15 -31 -70 2 -4 0 8 0 
10 -5 24 0 3 0 -4 20 
6 -11 15 4 1 -2 8 16 
0 79 -34 -11 -5 -1 -10 -34 
-9 -8 25 -10 -7 -14 -4 8 
-39 20 56 14 6 1 -7 -42 
-5 -8 -10 -3 2 3 7 15 
-4 -16 28 4 -1 -4 1 -5 
19 32 34 -2 -2 -3 -4 -5 
-14 -34 -100 -10 -7 -1 6 35 
-16 32 46 11 8 5 9 -30 
-26 -57 2 -3 -6 -9 -14 -7 
-11 -4 -13 -4 -2 1 -4 -17 
0 -12 -15 -3 0 -9 -10 39 
18 4 -3 4 0 15 17 -10 
26 6 22 10 4 -4 1 54 
-11 6 18 -1 -1 -2 -17 4 
8 -2 13 -9 -9 -10 -8 -9 
-34 16 -35 -3 -4 -1 9 -14 
3 -17 3 -1 5 4 8 -14 
-9 -39 -70 -3 -3 -4 -16 -3 
4 66 50 4 3 3 -15 -20 
20 -4 69 4 0 -6 -5 17 
6 -27 -54 -22 -16 -4 0 -25 
-14 -20 41 4 1 6 14 12 
-24 -128 -53 4 1 2 16 -19 
28 98 29 -3 0 -5 -11 12 
3 -90 19 1 -2 -4 6 -1 
6 -26 -32 2 4 6 6 9 
-13 4 -5 5 -1 -7 -5 -56 
11 -15 41 -5 2 5 12 92 
-12 4 -75 -4 -6 1 2 -15 
-9 1 -27 -9 -7 -10 -21 -7 
-41 -19 -1 9 7 4 14 -25 
-14 53 44 -6 -10 -8 -10 -8 
-8 -18 -29 1 10 9 12 -5 
9 70 -52 2 0 2 8 20 
33 -39 19 -3 -5 -6 -7 -6 
-32 -26 47 1 -3 -4 -3 -14 
-1 16 21 -1 1 1 -6 -6 
10 11 2 3 4 4 10 4 
22 51 17 0 -3 -2 -3 17 
-13 -88 -59 -13 -12 -6 -5 -57 
18 30 21 -4 -6 -5 -10 4 
-4 -19 -4 1 -1 -4 8 -3 
15 12 16 -1 -2 3 -9 -38 
9 9 15 7 4 1 4 -11 
16 24 -15 2 6 -1 5 14 
-16 -15 -2 -1 -4 5 -15 -12 
16 21 15 -10 -10 -6 16 27 
20 7 -44 5 3 -1 -11 -1 
-30 -26 -8 2 1 1 1 -25 
-3 -39 10 -5 -2 0 0 -5 
-2 6 -9 -6 -5 -6 0 13 
12 -16 -60 -1 0 1 1 21 
6 30 24 3 0 0 1 14 
13 26 57 -3 -1 4 -10 -21 
-32 -17 -31 -8 -4 2 -1 -2 
24 -28 -53 -1 4 0 -2 8 
24 28 46 -10 -5 -8 -3 -13 
-11 -39 -74 5 -1 -6 1 -3 
-1 10 29 -3 -8 -2 -10 0 
-1 18 14 -24 -9 -2 9 -11 
18 -16 5 66 15 3 1 7 
3 11 -7 18 5 -1 -5 2 
1 14 5 2 17 1 2 10 
-2 -33 11 -10 -3 -2 -6 5 
-34 30 -10 -23 -10 -2 -1 -19 
23 12 91 11 7 -1 -2 -1 
-11 -64 -46 9 -13 -3 20 3 
3 4 -33 -9 -1 -10 -31 46 
4 -17 -7 -18 -6 5 17 -34 
19 28 16 3 -1 -6 -34 -7 
47 51 9 -9 4 -8 -18 9 
-16 -28 -24 -3 -8 0 -10 6 
-5 -8 4 -2 -8 -21 24 -49 
-11 -5 28 -5 -5 -5 22 72 
22 -18 -9 -5 4 8 -7 -4 
-37 37 -32 6 1 -1 -49 -63 
4 18 35 -3 -1 -1 0 32 
-2 14 -70 -7 -4 -3 22 -4 
0 -8 20 -2 4 7 27 59 
-38 -11 8 1 -9 1 9 -48 
-10 -21 23 -4 4 13 -33 5 
-16 -13 -20 -14 -9 -13 -1 -34 
-7 19 -15 3 1 6 4 23 
-1 11 18 10 8 -3 1 -13 
38 19 -7 -6 -1 15 -15 -4 
2 -8 20 -4 -4 -6 -10 -24 
-33 11 -16 1 -2 -6 -19 -33 
31 -5 17 3 3 2 28 53 
-3 37 -15 -8 -3 -1 5 -4 
-29 -90 -34 -5 -2 0 3 -4 
-4 4 1 -2 -2 1 -13 -12 
8 -8 -16 -5 -1 -1 30 9 
-2 3 -27 14 3 -9 -12 18 
6 39 80 2 4 10 4 -2 
-17 -58 -4 1 -4 -8 -6 -24 
5 -33 -65 -11 -4 3 0 6 
1 17 25 -6 -1 -4 -10 10 
-6 30 28 16 1 -5 -12 -12 
13 24 8 -15 -2 4 19 -18 
22 -48 23 34 11 9 10 32 
-51 -18 -43 -20 -9 -12 -13 -16 
-2 27 -13 6 -2 -1 6 -5 
28 30 46 -5 1 1 6 10 
-14 -38 -42 -9 -8 -3 -8 -4 
7 14 47 -7 -1 -8 -9 -1 
-16 -89 -99 -21 -5 4 2 2 
-13 49 35 2 -1 -5 -1 -3 
7 32 -7 -7 -5 -1 6 -17 
-6 -15 -24 36 17 4 5 4 
22 50 77 1 4 4 4 22 
-12 -65 -83 0 -2 -4 -6 -13 
-3 -22 15 -8 -9 -11 -8 -15 
-1 -18 -33 -22 -10 3 -1 8 
6 32 12 4 1 0 -3 -6 
9 52 44 6 1 0 0 9 
-20 -30 10 -4 -6 0 -13 -26 
-17 -11 -31 -2 -5 -4 33 0 
32 18 15 -1 5 7 0 16 
-14 -16 -37 -11 -14 -11 -10 -43 
-29 4 27 7 6 0 -2 17 
31 22 15 -2 1 5 -2 -18 
-21 -97 -12 -10 -10 -23 -7 -6 
-1 28 -13 1 5 26 -4 18 
11 36 36 7 1 -6 4 15 
-27 -8 24 -5 -6 -2 -3 -6 
-2 32 14 1 1 -2 5 -8 
-6 -9 15 7 3 -1 4 2 
27 21 -5 3 4 4 1 6 
8 -29 4 -23 -9 -1 -10 9 
-26 -16 1 -3 -15 -8 -7 -16 
-12 -12 -25 -1 3 -5 -5 -4 
1 34 -14 -6 2 4 -1 -6 
-6 -14 17 -18 0 -2 -5 11 
-3 45 19 -8 0 3 9 -14 
22 -34 -79 58 0 -6 0 8 
-19 6 8 -3 -4 -6 3 -3 
16 -1 17 1 -3 0 -13 -3 
-8 -8 -25 -21 -1 4 10 11 
-3 -8 31 -8 -3 0 -7 0 
3 5 21 0 -2 -1 -9 -10 
-1 -12 -21 2 -1 1 0 0 
13 2 -9 2 -1 0 20 -7 
-15 37 18 -7 -1 -2 -24 82 
-10 -25 -26 -7 -3 -5 -7 -61 
-11 -29 -14 -3 -1 0 -5 -6 
-12 14 -4 6 2 2 -12 -3 
31 -8 9 -9 0 -1 20 -6 
2 7 21 -3 -2 1 -1 16 
-4 8 -52 9 -2 -2 -1 3 
7 -15 -15 2 -2 0 -2 9 
2 0 2 -15 -7 -4 -6 -28 
8 -17 19 4 3 -1 13 9 
-11 16 4 0 -1 -4 -27 -7 
-5 14 -3 -1 0 -1 -15 -5 
-30 -16 -4 -11 -3 -2 -7 -20 
12 9 8 -2 -5 -5 11 11 
50 1 -3 9 1 0 11 18 
-8 11 -9 -4 0 -1 -11 -20 
-12 -38 31 -4 0 -2 -1 -19 
-5 28 -29 1 1 1 -4 3 
-8 -5 16 1 -2 -3 -10 10 
9 1 0 0 -4 -8 3 6 
2 10 15 2 1 -4 2 -12 
11 -6 -28 -3 -1 -3 -1 10 
-23 15 28 -2 0 3 6 -5 
13 -7 -23 -3 1 1 -4 13 
-33 -8 -11 -2 -2 -3 -1 -18 
11 -13 45 -6 -4 -3 0 3 
-13 13 -45 7 -4 -5 3 -8 
-9 2 -1 1 3 1 2 0 
11 4 -46 -16 -4 -2 2 4 
-4 3 -31 8 -1 1 -6 1 
8 -16 8 0 3 -1 8 -7 
0 1 29 2 -2 0 -4 -5 
-1 12 9 5 2 1 -2 5 
4 0 -5 -5 0 1 -1 -1 
4 -4 7 -8 -4 -2 10 -1 
-31 -6 -14 -6 -3 0 -11 -6 
8 -7 3 -11 -9 -5 -11 -1 
-22 -5 -7 8 3 0 4 -7 
9 2 24 6 4 -1 -5 -9 
17 2 21 -6 1 4 6 2 
-27 -20 -78 10 -2 -2 5 -1 
-4 -13 29 3 -1 -5 -3 2 
-1 3 -42 -5 -2 -1 -1 -5 
-18 -3 -4 -3 -5 -3 -3 -4 
14 9 22 -4 0 0 -4 3 
3 -2 8 -10 -4 -3 0 3 
-14 -4 5 -2 -1 -1 0 -5 
6 8 14 0 -1 -3 -2 -2 
11 16 53 -5 2 -1 2 3 
0 -23 -64 15 4 2 -3 -2 
8 11 29 -4 -3 -1 0 5 
-2 -13 -17 -2 -3 -1 5 6 
-31 -1 27 1 2 -4 -10 -13 
29 8 21 -6 -1 -1 -5 -13 
-18 -7 16 3 -1 -2 -3 -3 
15 -13 -89 1 -3 0 4 8 
28 2 21 -2 -1 -2 6 9 
-37 4 -2 -5 -6 -4 -4 -3 
5 10 7 5 -1 1 -3 -3 
1 -8 10 0 -1 -1 -6 -1 
2 -18 -26 -13 -4 -2 2 0 
-1 3 18 -3 -3 -1 -9 7 
-6 -18 -47 4 -1 -2 -1 -4 
1 -7 12 1 0 1 14 -2 
-2 6 -15 5 0 1 -3 0 
1 6 49 2 -1 0 2 -1 
1 2 -52 -11 -4 -1 -6 4 
9 -16 2 -2 -4 -3 -7 1 
-2 -20 -14 -3 -4 -2 -3 -19 
0 -3 8 -5 -2 0 1 9 
-21 4 37 4 4 2 0 -10 
6 14 -37 -2 0 0 -2 6 
29 -23 16 -4 -1 -1 6 4 
-44 0 -23 -9 -4 -3 -7 -23 
24 -10 19 -3 -4 -3 3 3 
-8 11 -35 -2 1 -1 -3 -3 
-4 15 47 0 -2 1 -1 7 
12 -7 -70 -4 2 2 3 3 
2 -7 4 12 2 -1 2 1 
19 5 7 -4 -3 -4 -8 -6 
-10 6 -10 2 -2 0 -1 -1 
3 2 15 -2 -3 2 3 4 
8 1 3 -8 -4 -3 2 -3 
-1 1 44 -5 -1 -4 -9 -1 
-1 -8 -43 3 -3 0 0 -5 
7 -1 -7 1 1 0 2 1 
-3 -4 6 -5 -1 -4 -3 5 
-13 10 28 12 2 1 2 -8 
-18 -7 -4 -12 -7 -5 -4 -6 
4 15 7 0 -2 -2 -2 6 
3 -12 -6 21 9 1 2 4 
10 -20 3 -4 -2 -1 -3 -5 
-6 8 -44 -4 2 0 -3 -6 
-4 12 9 -4 -2 0 11 7 
1 24 52 -7 -5 -2 -6 6 
-4 -10 -48 1 0 -3 -2 -8 
-8 -1 32 -1 -3 1 6 -9 
-6 -1 10 19 -1 -3 -10 -3 
-3 -4 -11 -7 -4 1 1 2 
-2 -2 10 1 -3 -2 -5 3 
-4 -7 -20 1 2 0 1 1 
1 -4 14 -7 -3 -2 -1 -3 
-12 -4 2 -5 -2 -1 2 -4 
-1 8 19 12 -1 0 0 4 
9 7 33 3 3 1 -2 5 
4 -21 -86 -10 0 0 -3 -5 
-5 -5 -6 7 -1 -2 -4 -3 
-27 6 1 -13 -2 -2 -2 -7 
10 17 37 -4 -3 -1 -1 6 
5 -14 -37 5 1 -2 -1 3 
-4 -7 -35 -14 -6 -3 0 -6 
-7 -3 -18 -7 -1 0 0 -9 
-5 -11 -1 7 2 0 -2 1 
3 11 34 -7 -4 -2 -3 -1 
-2 3 -9 2 0 1 -1 -1 
2 -1 24 0 -1 0 2 5 
-8 6 -19 0 1 0 -6 -9 
17 -4 14 -4 -1 1 1 -4 
-2 2 -14 0 1 -1 -1 -2 
-5 -14 15 -4 -1 -2 2 5 
-7 -4 -14 -4 0 -1 -3 -2 
-8 2 40 6 0 -1 -1 -5 
7 -3 -20 0 1 -1 -1 -1 
2 -2 -26 -3 -3 -1 -3 -1 
12 3 2 0 -3 -3 1 4 
0 3 -9 -6 -3 -2 -3 -3 
-4 13 45 -10 -1 -2 -1 -2 
4 0 -3 18 2 -1 -1 -1 
5 -1 -1 -1 -2 -1 0 1 
-7 -14 -21 -4 -4 -1 -4 -3 
1 -2 0 -6 -1 -4 -4 -2 
-7 5 35 -10 -1 1 0 0 
2 -5 -56 7 1 -2 -1 -2 
1 -5 16 -2 1 -3 2 3 
-6 -5 -12 0 -3 0 -4 1 
0 0 12 -2 -2 -1 -2 -5 
1 10 17 -3 -1 0 0 1 
-1 -9 -14 -1 -2 -1 -2 -1 
-2 -14 -6 2 -1 -1 -3 -4 
3 4 19 -3 0 -1 -2 20 
5 7 -1 -3 -2 -2 0 -28 
-7 2 -7 1 0 0 2 -1 
-9 -6 30 -3 -4 -1 0 -6 
-2 -3 -14 -2 0 0 -2 3 
-6 -21 -5 -1 -2 -3 -3 8 
7 9 19 0 1 0 -1 -2 
-2 0 -8 -3 -4 0 2 -1 
3 0 -12 -1 -2 -2 -6 -5 
6 3 15 0 -1 -2 2 4 
-8 -2 6 -4 -2 -2 -2 -2 
3 2 5 2 0 0 7 6 
9 -3 -4 -3 -1 0 -6 -5 
-5 -4 -20 -3 -3 -2 0 1 
7 -1 16 0 0 -2 -6 3 
-2 -3 -39 -4 -2 -3 -1 -3 
-21 -3 31 0 0 -1 2 -4 
-2 -3 4 2 0 1 7 6 
1 -3 -26 -3 1 -3 -7 1 
3 -5 20 -6 -3 -2 -1 -4 
1 1 -11 10 1 -1 1 -4 
12 0 0 -1 -2 0 -1 5 
-16 3 -2 -4 -4 -1 3 -3 
0 -3 0 1 -1 0 -5 -2 
4 -4 -19 -2 1 -2 0 -1 
-7 1 13 -2 -5 0 -2 -1 
8 4 16 0 -1 0 2 0 
-12 -8 -33 -2 -4 0 -2 -2 
-1 -1 1 -5 -2 0 1 -3 
-3 2 17 2 1 -2 -9 -4 
-5 -1 -9 -6 -2 1 2 -2 
5 2 4 7 2 -1 0 1 
0 -2 -6 0 -2 -2 3 -1 
-3 -2 -3 -1 0 -2 -7 -1 
2 4 5 -1 0 -1 -2 -1 
-7 -13 1 -1 0 -1 -2 0 
-7 0 -4 -2 -1 0 -2 -3 
-1 0 3 -2 -2 -2 -1 1 
7 0 0 0 -1 -3 3 -1 
-3 14 4 -5 -2 1 -3 -6 
-3 -6 -5 -1 -1 -1 2 -1 
-5 -9 -10 -4 -1 1 0 1 
-1 -5 -4 2 0 0 -1 1 
3 2 1 -2 0 0 1 0 
-2 5 -1 -3 -1 -1 2 -3 
-1 4 2 0 -1 -1 -2 -3 
-2 -2 -1 2 -1 -1 2 0 
2 0 0 -1 1 -3 -1 -2 
0 1 6 -2 -2 0 -5 -2 
1 -3 -6 2 0 -2 -1 0 
1 -4 -2 0 -1 0 -1 0 
-8 2 -1 -2 -1 -1 1 -1 
1 -6 3 -1 -2 -3 -1 0 
0 -3 -28 -3 -1 0 1 0 
-4 0 1 -1 -1 -3 -2 0 
4 4 5 0 0 -3 -2 2 
3 -1 -10 -1 -1 -1 1 0 
-6 -1 9 -5 0 -1 -1 -1 
0 -3 -5 -2 -2 -1 -3 -3 
0 -1 -3 0 -2 -1 -3 0 
-3 -7 -3 -2 -2 -3 -2 0 
-1 -1 5 -2 -1 -4 -1 -1 
-2 2 -5 -2 -3 -1 -3 -1 
-6 -2 2 -1 1 -1 -2 0 
2 1 -4 -1 -1 -2 0 -1 
-2 -2 0 2 1 1 -1 0 
-3 -4 -2 -3 -2 -1 -2 -4 
2 -2 0 -3 -1 -1 -3 0 
-1 -1 -5 -1 -1 1 0 0 
-5 -1 -1 -4 -4 0 0 -3 
-3 0 1 4 3 0 0 -1 
-1 -5 -1 -5 -4 0 0 -2 
0 2 -3 -2 -1 -1 0 0 
1 0 4 -4 -1 -2 -1 0 
0 0 -1 4 -1 -1 0 0 
-2 -3 -3 0 0 -2 0 -1 
0 1 0 -3 -2 -1 -3 0 
-2 -1 1 -1 -1 0 -2 -1 
-3 -4 -3 -3 -3 -2 -1 -3 
4 0 -3 -4 1 -1 -1 0 
0 3 1 0 -1 -3 -1 -1 
-5 -2 2 0 -1 -2 -2 -3 
-4 -4 -1 -3 0 0 -2 0 
1 -1 -1 0 -2 -1 2 0 
-4 -1 2 -4 -2 -1 -4 -3 
0 0 -3 1 -2 0 1 -3 
-15 3 0 -2 -1 -2 -2 -3 
8 -11 -2 2 -2 -1 -1 -1 
-5 0 -5 -2 -1 -1 2 0 
0 2 0 -3 -1 -2 0 1 
4 -4 -1 -2 -1 -1 -3 1 
-2 0 -3 -3 -2 -1 -1 -1 
-1 -3 -1 -3 -1 1 -1 -2 
3 -4 1 6 -2 -2 -2 0 
-2 1 -4 -2 -2 -1 -1 1 
-9 3 -1 -1 0 -1 -3 0 
6 -4 1 -1 1 -1 -1 -1 
-5 3 5 0 0 1 -2 -4 
3 -4 -2 -3 -3 -1 -1 -1 
-6 -2 -3 0 -3 -2 -2 -3 
-4 -1 -4 -2 -3 -1 -1 -1 
3 -2 -4 -1 -1 1 2 1 
0 1 -2 -4 -3 1 2 -1 
1 -1 4 -1 -2 0 -6 -3 
-1 -3 -2 0 0 -2 -2 -2 
1 -2 -2 -5 -1 -2 -2 -3 
0 3 1 0 1 -1 2 -2 
-4 -2 -2 -4 -3 -1 -1 -2 
2 3 -1 -1 0 1 -2 -2 
0 -1 3 -1 -1 -1 -1 2 
-11 -9 -7 -3 -3 -2 -3 -3 
1 -10 -4 0 0 -2 0 -1 
-3 -1 0 1 -3 -2 1 -1 
-1 2 -4 -2 0 -3 -2 0 
6 7 5 -2 0 0 -3 -1 
-1 1 2 0 1 -2 -1 -1 
-2 1 -2 -1 1 -1 -1 1 
-1 0 -2 -2 -1 0 1 -3 
2 -5 -1 2 -3 0 -2 -3 
0 0 -2 -1 -1 0 1 -3 
-3 -5 -2 -1 0 0 0 -2 
-1 2 1 0 0 -1 -2 1 
-5 -6 -2 -1 -1 0 -3 -1 
-1 0 -1 -1 -2 0 2 -2 
5 2 1 1 -2 -1 -5 -2 
-2 -4 -3 0 -1 0 -2 -2 
-1 -2 -2 0 -1 -2 1 0 
-3 3 0 -2 0 -2 1 -1 
1 1 -1 -2 -3 -3 -3 -1 
-1 -5 -2 -1 -2 -1 1 0 
0 0 0 -1 -2 -2 -2 -2 
0 5 -3 -1 -1 -2 -2 -1 
-1 0 -1 0 -1 0 -1 -2 
-3 -7 -2 -1 -3 -1 -1 -3 
-2 -1 0 -3 -2 -4 -1 -2 
-2 -10 -4 -3 -2 0 -3 2 
-1 -2 -4 -2 1 -1 -1 -2 
-3 6 -2 -1 -2 -3 0 0 
1 -3 0 -2 -1 0 -1 2 
-1 3 0 2 -1 -2 -9 -3 
-1 0 0 -1 -1 -2 0 -1 
1 -2 -3 -4 -1 -2 -2 -2 
-2 -1 -1 0 0 -3 -1 -3 
0 4 1 1 -1 -1 0 -2 
-1 -4 -1 -2 -2 1 0 1 
-4 -2 -2 -2 -2 -2 -3 -2 
0 3 -3 1 0 0 1 0 
-1 -1 0 0 0 -2 0 0 
1 -3 0 -2 -1 0 -2 -2 
