#EMG
#3
#ID:3-4
-1 -14 -25 -4 2 -2 -4 0 
25 8 27 1 -2 1 -5 14 
-42 -2 -1 -11 -5 -4 -1 -16 
-4 -20 28 22 3 -1 -7 -20 
-12 -11 -18 -17 -4 -2 11 5 
6 2 -1 -10 -1 7 -4 6 
12 4 -31 7 -5 -4 -5 5 
-16 -43 -22 -3 -5 -2 -4 8 
8 54 61 5 1 0 1 -7 
-22 -39 -25 11 2 1 6 -18 
10 25 2 2 -1 -4 -5 -2 
1 -32 -13 -6 -1 -1 -2 -10 
-11 7 13 -12 -4 -2 -3 8 
21 30 1 5 -1 3 3 5 
-2 -12 -4 18 7 -3 1 -10 
-11 -1 4 -4 -1 -3 -15 -8 
-16 -2 -1 -3 0 2 2 -16 
1 7 27 -10 -5 -6 1 3 
3 -19 -30 2 -3 1 -10 15 
-11 6 12 4 0 -4 4 -25 
2 -20 -9 4 -1 2 1 -13 
-8 15 7 2 -2 -8 -6 66 
7 3 0 3 0 1 8 -12 
-4 -19 -42 -9 -3 2 4 20 
2 -19 14 -3 -5 -5 -12 -1 
-16 7 6 0 1 0 9 -28 
13 -12 -38 -14 -5 -6 -3 14 
16 6 -27 7 -1 0 -2 -4 
-9 -6 22 4 2 -3 -4 -11 
13 10 15 -3 -4 1 5 1 
-14 -23 13 4 0 -3 -23 -8 
-7 -8 3 -15 -5 0 12 -3 
0 17 -2 13 3 -1 -3 19 
-4 0 -12 -4 -4 -13 -11 -45 
2 -8 0 -7 -4 14 7 2 
2 20 21 25 4 0 0 16 
0 10 -36 5 3 6 7 -22 
4 -26 6 -7 -3 -3 -13 41 
6 14 -19 -6 -1 -4 6 -33 
11 -5 17 -8 -3 -5 -4 21 
13 -2 3 -2 -2 2 3 19 
-24 16 -5 -2 0 -3 8 -25 
9 -37 10 6 2 7 -9 10 
-1 7 -36 -10 -4 -4 1 -4 
3 -46 -24 -5 -2 -3 -7 -16 
5 6 -2 -1 0 2 4 -1 
-7 41 19 4 2 -6 1 16 
-7 -4 2 -1 2 1 -4 -5 
-7 -7 -7 -5 -4 -1 -1 -24 
5 15 11 5 0 7 6 10 
-6 -16 3 -26 -7 -3 -1 -2 
4 -1 9 30 7 2 7 -4 
-22 10 -11 1 3 -2 -4 9 
-2 -18 -9 -3 -2 1 1 2 
-1 46 2 6 0 -5 -2 -7 
17 8 12 -20 -7 2 -5 2 
-13 -24 4 -5 -4 -1 4 6 
-14 16 10 13 -1 -2 2 -32 
7 -25 -40 -5 -1 -1 -13 42 
-5 12 16 -7 -5 -4 12 -19 
28 3 14 6 1 4 0 21 
4 8 -35 -9 -1 -8 -3 -25 
-15 -20 -14 2 -2 -2 3 -5 
0 13 10 0 2 -5 -23 -24 
1 -1 44 1 -1 1 1 19 
-2 -6 26 -9 -5 3 -8 2 
12 -9 -8 11 0 -6 8 -16 
-45 -13 -3 -6 0 5 -9 4 
7 1 -28 -13 -7 -10 8 -7 
-16 -14 -25 -8 1 8 -7 -2 
10 18 30 7 2 -2 1 11 
8 -19 2 -5 -2 -1 1 -8 
-22 -19 -37 6 1 2 -6 -10 
3 27 -50 -4 -3 -1 -9 22 
-7 -48 12 1 -2 0 11 -59 
11 20 5 -3 -2 -5 -11 55 
21 17 10 -5 -3 -5 5 7 
0 -19 1 1 4 8 -5 8 
-4 17 33 1 -5 -3 -3 -28 
3 5 7 0 -1 2 10 -13 
7 -11 -19 -3 1 -7 -5 2 
-8 21 26 3 0 1 2 -1 
0 -3 -64 -5 -2 -4 -6 17 
-3 -7 -3 -2 -2 -1 -4 3 
-3 4 5 0 -1 2 4 -1 
8 0 -27 0 -2 -1 1 -8 
-13 -4 14 -1 -1 -7 0 4 
9 -26 14 -3 -2 14 5 -17 
-9 -6 -19 -4 -1 -1 -8 29 
6 9 19 1 -1 -4 -5 -14 
-4 -4 -1 5 2 2 5 18 
0 8 -27 -1 3 -6 -2 8 
-23 -9 26 -3 -3 0 -1 -80 
9 -22 -4 -1 -4 -10 -1 24 
12 23 -12 3 1 14 3 6 
-11 -3 10 -3 -1 -7 4 -2 
3 22 49 4 0 3 -9 13 
-16 -10 -28 -2 -1 -7 13 -10 
6 1 25 1 -2 2 -12 -10 
11 12 14 -3 0 -2 0 5 
-28 -8 11 0 -1 2 1 -5 
-1 -29 -10 -4 -1 -1 -8 -15 
-6 18 21 0 2 1 7 35 
-9 28 -20 -3 -2 0 3 -26 
26 -2 25 1 0 -1 -12 29 
-5 -5 -1 -4 -1 5 3 -31 
-14 0 4 -2 -4 -6 -7 -13 
-13 -15 8 1 -3 -2 -1 5 
10 3 -49 -2 0 -5 8 -13 
17 10 12 -1 -1 3 -7 -4 
-5 -20 -20 -6 -1 2 -7 0 
-16 -4 -17 0 -1 -6 -24 -15 
-3 26 -11 -1 -2 -7 -5 3 
2 -7 18 -2 -1 1 -1 9 
-21 -33 -51 -4 -3 -3 3 -5 
19 -10 -27 -1 1 3 9 1 
-1 11 37 -1 -3 4 -4 7 
-4 8 40 0 -2 -1 -18 -12 
1 -6 -13 -1 1 -8 17 1 
8 11 -2 1 0 4 2 26 
-17 -18 1 5 2 -7 0 4 
-7 26 -43 -4 -4 7 4 -15 
2 2 43 -3 1 -7 -8 -4 
-7 -11 14 -1 -2 -2 15 -14 
20 -2 -36 -2 -1 -4 -3 9 
-3 -22 48 2 1 -1 -15 4 
2 -4 -41 1 -4 -2 -1 -9 
-3 -10 9 -2 -1 -1 0 6 
-2 0 -11 -3 0 -9 1 -12 
-6 -18 -16 1 -1 6 -4 1 
-5 14 -27 -3 0 -2 -8 24 
15 0 26 -2 -2 -6 3 -31 
-4 22 -45 -3 -2 7 2 7 
3 -20 7 -3 -2 -11 15 -13 
5 16 47 3 -2 -7 -4 21 
-14 7 -16 2 1 9 -8 -5 
-15 -30 21 -2 -2 4 11 -22 
15 7 -23 -1 -1 -7 8 70 
-5 0 15 1 -3 0 -6 -19 
8 6 2 -2 1 -8 -17 -17 
-8 5 4 -1 -2 9 10 4 
6 -20 -34 -3 2 3 1 0 
12 6 3 -3 -4 -15 11 -28 
3 -1 8 0 -1 5 -19 12 
11 6 -1 -3 -2 2 7 9 
-14 -43 -16 -1 2 0 5 8 
-7 1 8 -4 -7 -8 0 -14 
5 13 7 1 -1 17 -2 -25 
-9 -18 0 -3 -2 -21 -13 54 
3 23 -33 0 -2 13 3 -29 
-15 -8 13 -1 1 -3 -1 19 
-16 -39 -39 -4 -5 -13 -3 -5 
23 4 5 -3 -3 4 -8 -12 
-34 24 31 2 1 -22 -4 -19 
7 -12 7 3 2 19 -1 2 
4 12 -7 -4 -3 5 14 21 
-1 -9 -22 -4 -3 -15 -7 6 
19 10 20 5 -1 2 -11 14 
-5 -14 -30 -1 -2 11 4 -35 
-2 37 33 -4 -1 -19 5 12 
4 -37 17 2 -4 13 -7 -8 
4 -12 -37 -8 -6 -14 6 -22 
-16 28 10 1 3 -12 -11 -2 
-6 -12 -47 -5 -3 15 6 2 
-6 -23 -30 -1 0 -13 -2 2 
-2 28 39 2 0 6 4 -5 
5 -18 12 -2 1 5 -2 2 
-9 -39 -12 -3 -5 -11 -6 -12 
-10 46 13 2 3 11 -2 -33 
6 -16 -1 -6 -7 -11 -8 15 
8 0 12 -2 1 -11 3 9 
14 -16 32 6 2 9 -1 16 
-9 15 -70 -4 -2 -7 1 2 
-13 -23 -9 -3 -2 1 4 -18 
12 7 -14 -1 -2 3 -3 -21 
2 35 34 0 1 -9 1 56 
-4 -31 -61 -5 0 19 1 -7 
-2 22 6 -1 0 -3 -5 -14 
-13 -2 4 -10 -10 -9 13 7 
-12 -16 11 1 -1 -4 -8 -17 
9 29 -6 -2 2 9 1 -11 
7 -12 -17 -1 2 1 -12 10 
-7 -4 35 5 3 2 10 13 
15 9 -40 -4 -2 -9 0 3 
2 -13 23 2 -1 -2 2 1 
-17 5 46 0 -1 -10 -10 -12 
-6 7 -17 -1 -3 8 -11 1 
4 7 27 -4 -3 -4 4 -4 
-10 -38 16 -4 -6 -6 -12 -19 
-27 3 6 4 4 0 20 -25 
18 4 6 4 1 4 -8 -2 
9 7 6 -2 3 7 -3 2 
-11 37 46 3 0 -7 -16 5 
-1 -5 -5 -9 -10 -8 10 -22 
-26 -14 -6 4 6 0 -2 -5 
-5 8 1 1 1 9 25 -28 
31 41 20 7 3 -12 -44 18 
27 9 -22 -14 -7 0 -6 22 
-18 9 -22 0 -5 -2 -4 22 
-10 -11 7 3 -3 -6 5 -20 
-13 5 -37 -1 2 2 10 -18 
12 -12 -3 -2 -3 2 -15 33 
14 -34 -49 -10 -1 1 6 -8 
-18 49 38 -2 1 -2 -6 2 
-17 -72 -51 -4 -4 1 8 -12 
12 28 47 10 4 2 -3 10 
0 -1 35 -1 -3 -2 0 1 
11 -82 10 -2 -4 -7 -11 0 
-26 -6 -14 -9 -6 -3 20 -1 
-5 -28 -73 -3 -1 4 -7 6 
21 41 11 3 4 -4 -6 6 
3 2 -15 -2 -2 -4 -16 -17 
10 21 59 5 2 4 19 4 
-13 11 -4 -1 -3 0 1 -5 
-57 -12 -18 -6 -3 2 -12 3 
23 -41 -8 -3 -2 -5 -9 -27 
17 -45 -32 -7 -6 -9 -5 0 
-7 -14 7 -3 -2 3 10 1 
-5 3 5 1 3 2 -3 4 
-16 -25 -41 -2 -6 2 9 -8 
-3 15 21 4 2 -7 -7 20 
-25 -14 18 -6 -2 0 -14 -52 
6 2 25 3 -4 4 12 -3 
14 16 -27 1 2 -1 -16 18 
12 11 28 1 1 -9 -2 1 
18 16 6 -1 0 13 21 28 
-10 -9 -46 -9 -7 -12 -1 -9 
-14 20 14 0 -6 3 -8 -1 
17 5 33 2 1 3 5 14 
-21 -31 -36 -2 -4 16 -9 -23 
29 15 14 -1 3 -36 13 -5 
-14 -17 4 -4 0 40 6 -12 
8 20 27 -3 -1 -19 -26 14 
-20 -6 14 6 1 -4 -11 -32 
30 9 9 2 -4 -12 13 -2 
-12 12 -66 -2 0 4 -8 -2 
-6 0 21 3 0 -23 5 -1 
18 9 -48 -4 2 37 29 19 
10 -25 43 2 1 -8 -34 -2 
-6 3 74 3 -2 -23 13 9 
-13 22 -52 -7 -9 21 -1 -17 
25 -33 -4 3 -1 -33 -6 25 
3 -15 -6 -4 2 12 3 -4 
-4 -11 -15 -1 6 -2 6 5 
-18 -3 19 12 7 5 -4 -10 
-7 26 46 -7 -5 -18 4 5 
19 -55 -44 -13 -10 14 -12 3 
2 -20 16 9 0 -9 8 3 
-26 7 -81 -10 -4 3 1 -5 
4 33 4 6 7 3 0 21 
-23 -66 14 -10 -4 6 -8 -25 
16 80 9 0 -1 -10 3 -13 
-7 0 -20 2 -2 6 9 54 
7 22 -2 2 -3 -3 -3 36 
2 34 87 1 1 -3 -8 -23 
-17 -23 -62 -4 -1 -3 -2 0 
33 -4 25 -1 -3 3 5 -13 
-26 -20 20 0 0 -6 -13 -15 
-22 43 -77 1 -3 2 4 9 
-2 42 45 0 -4 -2 -2 10 
-2 -25 33 -6 0 7 9 -3 
-23 -77 -60 0 -5 -6 -12 -16 
-17 4 -57 1 5 11 18 1 
1 -33 7 -6 -5 -11 -17 3 
14 23 20 2 -1 -2 -17 -15 
18 25 15 -3 -3 -8 -1 -3 
-3 -8 -15 1 0 5 9 8 
6 55 -39 -7 1 1 3 9 
-6 34 41 1 -2 -5 8 -31 
14 11 30 6 0 3 8 13 
15 7 47 -2 -3 -2 -9 10 
-22 -42 -47 -15 -8 -6 2 -4 
8 -55 3 -9 -8 -6 -10 -4 
-12 40 -9 -1 0 -5 -8 -8 
-1 -17 13 3 -3 -2 2 -1 
23 53 57 0 4 5 5 6 
-16 -39 -44 -5 -8 0 2 -9 
-8 -4 51 -2 -2 -2 14 4 
11 36 -37 2 4 4 -14 10 
-15 -76 11 4 0 -5 5 -9 
-3 26 -27 -5 -3 -2 3 -8 
15 56 21 -9 2 4 -26 7 
34 2 1 5 1 -1 -9 -3 
-27 8 -3 14 5 1 -1 -25 
-4 26 42 6 1 -4 15 10 
18 -62 14 -10 0 2 -5 -1 
2 38 3 6 -2 -3 5 7 
1 -66 -75 -11 -5 -1 -13 20 
-2 15 48 11 -1 3 13 -66 
8 24 -20 3 0 11 16 74 
-32 -30 4 -11 -7 -6 -10 -18 
19 9 9 3 1 0 -18 3 
-9 -10 9 -3 1 -18 -34 12 
-11 -30 -39 -7 -9 16 4 -2 
-6 13 7 4 0 2 9 -37 
0 0 43 11 6 -9 25 -6 
-12 -5 -37 -13 -2 13 -2 38 
-2 4 -5 2 -4 -30 -11 -36 
-9 28 -4 5 -1 -1 2 9 
26 34 36 -6 -4 -3 -26 9 
-18 -28 -7 -4 -7 -6 -6 -15 
18 47 58 13 5 1 0 -14 
-16 -87 -102 -18 -5 -3 12 8 
8 -5 -40 -2 -5 -8 6 -3 
-3 0 -1 -3 1 10 -11 -1 
-23 -6 -35 4 0 -11 -6 -23 
5 13 85 5 9 3 3 3 
-8 31 -5 3 0 8 8 6 
9 -52 -55 -14 -4 -3 17 -20 
-13 -24 34 0 -7 -3 -12 10 
8 -1 -31 8 2 -5 -5 2 
-17 27 31 -3 1 7 5 12 
12 2 -13 4 6 2 0 -18 
13 -6 6 -6 -3 -10 7 -14 
-30 2 -8 -14 -18 -4 -14 6 
-40 -25 8 -48 -14 -2 -4 -24 
16 17 33 26 10 4 4 22 
-9 -16 3 38 10 3 7 -9 
53 3 9 -1 1 0 10 23 
-13 22 -35 7 -1 -3 -17 -11 
-23 11 -33 -33 -8 1 26 -3 
-2 -76 -81 -24 -12 -5 -36 -3 
5 53 62 12 -3 -2 6 -9 
13 -23 35 5 0 4 6 2 
-5 -5 14 4 0 -3 -2 -8 
18 12 14 -4 -2 6 27 19 
-2 -4 0 2 7 -12 -19 -6 
-5 8 -3 9 3 4 0 -31 
1 -67 -26 -1 -3 0 1 21 
-35 -61 31 -4 -4 0 13 -17 
43 2 -80 -12 -2 8 -15 -4 
-1 -7 22 7 -4 -12 -7 -3 
-2 36 17 17 5 -2 0 7 
21 40 12 -8 -1 0 -3 -6 
-9 -33 6 -4 0 -2 0 5 
15 1 2 5 2 3 3 30 
2 15 43 -4 -4 -3 -8 -22 
-9 3 -90 -7 0 -1 4 15 
-20 5 28 -12 -3 1 -7 -9 
4 -8 -27 9 -1 -3 -4 6 
4 26 24 -5 -2 3 -10 5 
4 10 2 -2 0 -2 7 -12 
-25 -9 4 7 3 -3 7 -1 
12 -2 -29 -12 -7 -1 -2 4 
-4 24 -6 0 1 1 -14 2 
7 13 -55 -6 -1 -2 -7 -6 
-11 -30 40 -4 -3 1 3 4 
-4 -19 -66 -3 -3 -3 3 0 
-14 8 22 3 -4 -3 5 1 
7 35 6 4 6 -1 -13 1 
5 -10 6 -1 1 -1 7 0 
4 -2 7 7 8 2 1 -2 
10 -2 -30 -5 -4 -2 0 5 
-6 -8 14 -9 -4 0 -3 -2 
-6 5 17 7 -5 0 0 -7 
8 -14 -35 0 0 -2 -4 -6 
4 8 -11 -3 -3 -1 0 10 
2 -2 55 -1 5 0 7 0 
-4 19 8 10 5 -2 6 4 
21 -14 -69 -8 -6 -2 -23 -1 
-13 -10 -5 -7 -6 -3 1 -20 
-1 2 41 10 -8 -4 -9 -7 
-11 -25 -51 -5 -6 0 8 -2 
-10 11 57 6 1 -2 5 10 
19 -3 7 -23 4 1 -5 6 
-24 1 -21 32 2 -1 3 -16 
9 8 -29 -1 1 0 -6 8 
-11 15 36 -7 -8 -7 6 -7 
-7 -15 -29 -9 -3 0 -1 7 
-14 -10 17 7 9 0 -2 -1 
2 10 -7 16 -1 0 -1 -2 
-5 -8 19 -2 -3 1 4 -15 
-1 2 -14 -6 -5 -3 -2 4 
13 16 -12 -10 -5 -1 0 1 
-6 -27 -15 -6 -5 -3 -6 -2 
-19 11 27 -11 -1 0 1 -2 
2 -9 11 20 6 2 10 4 
-6 10 -12 -6 -3 -3 -2 -6 
4 6 48 -3 -4 -5 -16 -1 
-2 -15 -70 -8 -1 0 7 3 
4 -4 1 12 5 1 -1 -1 
7 2 -1 -5 -4 0 5 10 
-2 14 22 -19 -5 0 5 -5 
-1 4 42 19 6 -2 -1 -1 
6 -46 -55 -6 0 -1 -6 3 
-6 28 16 8 0 -1 0 -4 
8 -45 -35 -6 -2 -1 -3 -8 
10 11 -50 -9 -7 -5 -5 7 
-26 15 43 4 -3 -2 2 1 
-7 -5 -3 -10 -3 -2 -4 -8 
2 30 22 -3 1 0 0 -3 
-1 -15 28 4 3 2 1 -6 
3 11 -37 -7 -3 -2 0 0 
7 -5 -3 0 -3 -1 0 -1 
-18 9 -5 0 -3 -1 -3 4 
3 -12 -6 -5 1 2 2 -8 
8 -8 -14 6 -3 -2 -3 1 
-1 -1 4 -7 2 -1 2 4 
1 5 7 5 -1 1 -4 2 
-11 0 28 -7 -6 -3 0 -5 
7 2 15 1 -3 -2 3 3 
0 -13 -37 -9 -6 -3 -11 -15 
-30 12 23 0 -1 -2 1 -6 
-6 20 7 -4 -1 -2 -3 2 
-4 -43 -10 -3 -1 -2 -1 0 
2 2 20 12 -1 0 2 2 
5 3 -34 0 1 0 -4 -3 
21 5 36 -6 -1 0 1 1 
-6 8 -52 -1 -2 -3 -4 -3 
-8 -7 -30 -7 0 0 -1 -2 
8 12 10 -8 -4 -2 -1 -2 
-6 -7 0 28 8 1 1 3 
-1 -9 26 -2 -1 -1 0 -2 
1 -16 -2 -13 -4 -1 1 -1 
3 7 -13 -1 0 -3 -6 0 
-9 0 0 -8 -3 -3 0 4 
19 10 14 21 2 0 1 -4 
-13 -3 -1 -6 -4 -1 -3 -3 
-7 -3 -17 0 -3 0 2 -17 
-1 -2 5 -5 -5 0 0 6 
6 5 52 -3 -3 -2 -4 3 
12 -9 -63 -9 -2 0 0 3 
-1 -1 16 0 5 1 1 3 
3 -12 -10 2 -3 -4 -1 -4 
-2 26 18 0 1 -1 -3 -2 
1 3 38 -2 2 3 4 -5 
-6 -8 -5 6 2 -3 -4 5 
0 -4 -55 -7 -2 -2 -2 0 
-13 1 37 -8 -6 -2 -4 -5 
-14 -19 -51 9 1 -1 -4 1 
2 -3 -9 -4 -1 0 4 -1 
10 1 24 1 -3 -1 -2 -1 
-7 6 -33 -12 -1 -2 -2 -1 
-10 -5 20 10 1 -1 0 -5 
3 1 -5 -10 -4 -2 -1 -2 
-13 -1 5 12 3 2 1 -2 
-4 -9 0 -2 -2 -1 -1 -3 
8 -6 5 -11 -6 -3 -4 3 
14 8 -4 -1 -1 -2 -1 7 
-23 -26 -6 -8 -1 -1 3 -2 
0 20 20 4 -3 -1 -2 -3 
-10 -3 10 -2 0 -4 -7 -12 
-1 -7 5 -5 -5 -4 0 0 
14 12 32 -3 -4 -2 0 -1 
-2 -20 -66 2 2 -1 2 4 
5 12 -4 3 -1 2 2 4 
1 -1 13 -8 -1 1 1 -1 
-3 -8 -10 -5 -2 -1 1 -5 
0 -3 20 10 -2 -2 -8 -1 
17 6 16 -9 -2 -1 1 2 
-14 -1 -25 1 0 1 -4 -2 
2 3 -7 -5 -2 0 -2 1 
-6 6 12 -11 0 -2 0 -5 
3 -4 2 7 -2 -3 1 3 
-4 -19 1 -12 -7 -1 -1 -3 
-1 -1 -17 8 9 0 -3 -3 
-3 6 20 9 3 1 0 2 
0 2 -35 0 -2 -1 -2 2 
6 -7 7 -1 -5 -5 -4 -6 
3 1 -3 -6 -5 -2 13 1 
-2 -3 1 -14 -2 1 -3 0 
-1 1 25 -6 -1 -2 -10 0 
-5 10 -2 9 2 -1 1 -3 
4 12 -1 -12 -4 -1 -5 0 
12 3 24 18 -1 -3 3 0 
-30 -23 7 -3 2 1 4 -4 
1 -9 -29 1 -2 -3 -4 -1 
-11 0 -9 -5 -4 0 -4 -4 
4 5 -3 -7 -3 0 1 -2 
6 8 28 -1 -4 0 0 1 
0 -9 -53 -8 -1 -1 -3 -3 
-1 -1 12 15 0 1 0 -1 
3 -1 -8 1 3 -1 2 -1 
-5 6 7 -13 -5 -5 -4 -3 
6 10 48 21 6 1 3 8 
12 -29 -42 -37 -14 -5 -6 -2 
-21 1 7 33 12 0 -3 0 
11 -2 -42 9 4 0 1 -10 
5 14 15 -27 -7 -3 2 3 
4 -4 3 21 6 0 -7 1 
-9 0 -9 -19 -10 -3 -3 2 
3 20 15 -6 2 0 -1 3 
-17 -25 -27 -4 -1 0 -2 -3 
1 5 15 -5 -7 -4 -1 -3 
-4 -12 -39 -8 -9 -1 -5 -4 
6 9 13 21 6 0 4 5 
4 0 0 -4 -2 1 -4 -4 
-9 2 31 6 2 0 -1 -2 
4 3 3 -10 -3 -2 -3 -1 
-11 -14 -14 -14 -8 -2 -4 -2 
5 2 18 7 2 2 3 3 
-7 -5 -32 -2 1 0 -2 -4 
-3 2 -1 -7 -2 -1 1 -4 
17 2 19 -17 -4 0 2 6 
0 3 6 11 1 -1 0 -6 
4 -1 -18 -3 -5 -1 -6 0 
-14 2 34 -29 -5 -1 -4 -4 
-27 -17 -31 15 6 0 -1 0 
0 14 50 24 8 -2 2 -7 
5 6 2 1 6 -2 1 -2 
13 -16 -68 -12 -8 -2 2 2 
-1 -3 18 -11 -4 -4 -10 -3 
-7 -1 -13 -9 -4 -3 -1 4 
4 3 37 6 0 0 1 3 
12 -2 -1 1 3 0 -2 1 
-6 8 11 -2 -4 0 4 -5 
-2 -9 -46 0 -2 -1 -4 -5 
-3 -5 -12 -4 -4 -1 0 -3 
-3 3 21 -3 0 0 1 -1 
4 1 -16 16 3 -1 0 -1 
-12 -4 17 -5 0 0 -2 0 
-2 -7 -22 -15 -6 -2 1 2 
4 -3 3 22 3 0 -2 0 
-24 -7 14 -1 -2 -2 -4 -5 
-23 -11 -10 -3 -3 -2 -4 -18 
2 5 2 -1 -2 -3 -2 1 
7 0 -12 21 9 2 -3 4 
14 9 0 -9 0 -2 1 4 
-3 -1 -6 7 3 1 -1 -5 
-6 -3 2 -5 -4 -1 -2 -1 
-6 -6 2 -7 -6 -1 -1 -3 
17 11 21 -4 -5 -1 0 5 
-5 -9 -27 -12 -5 -3 -2 1 
-5 -6 -50 -5 -3 -2 -3 -8 
-5 1 12 7 5 1 4 0 
10 -4 2 -1 0 0 0 0 
12 3 13 -2 -1 -2 -1 9 
5 9 27 -6 -3 -2 -3 -1 
-8 -8 2 -29 -12 -3 -4 -8 
-29 -2 -14 44 1 -1 -1 -4 
20 -10 11 -9 -4 -1 1 0 
-1 -2 -2 14 2 1 0 2 
2 7 11 -14 -5 -2 0 -1 
4 -2 26 -20 -7 -1 -1 -5 
-9 2 -6 7 4 -1 -1 0 
-6 -1 5 4 1 0 -3 -2 
4 -5 -18 -3 2 -3 0 -2 
1 0 20 -10 -4 -2 -3 1 
1 -1 -7 3 -5 0 2 1 
-3 7 30 -6 -1 -2 -5 -4 
-7 0 -2 6 -2 -1 -1 -5 
3 -6 -25 -11 1 0 0 0 
1 -2 -2 2 -3 -2 2 3 
1 0 8 0 0 0 -2 -1 
-1 -3 0 9 -3 -3 -5 -6 
-4 -8 -27 -6 -1 -2 -1 -1 
15 5 1 -7 -2 0 -3 8 
-28 -10 -8 16 2 -1 -1 -12 
-8 2 8 9 1 0 -1 -7 
1 -8 -2 -13 -5 -2 -1 -2 
-2 -1 -5 -1 -2 0 -2 3 
10 -3 3 -10 -3 -3 -2 7 
4 2 -3 2 2 0 2 -1 
-8 -1 8 3 0 -1 -2 -1 
3 1 -19 -4 -2 -2 4 -2 
-7 -1 5 -10 -3 -2 -10 -2 
-3 -1 17 2 -5 -2 0 3 
9 0 -18 2 2 1 1 1 
-15 8 -5 -11 -3 -1 -7 -6 
3 -4 19 14 2 -1 4 -1 
-5 -9 -10 -15 -5 -3 -3 1 
2 12 5 8 6 -1 0 -1 
10 3 17 -14 -4 -2 0 -2 
-6 -7 -56 1 -3 0 -6 0 
8 1 14 -4 -4 -1 -1 -2 
1 -2 -3 -11 -7 -2 -3 -2 
-4 0 8 1 -4 -3 -2 -2 
1 0 7 -4 1 1 6 2 
0 -1 -10 6 5 3 2 3 
1 -3 -3 -7 -3 -1 -6 -5 
-11 -1 10 6 0 -1 -1 -2 
-1 -5 1 -7 -8 -4 -2 0 
2 1 0 -11 1 -1 0 2 
2 -6 -15 8 -1 -1 -3 -1 
-15 -9 -43 4 -3 -2 -4 -4 
-6 -1 -4 -4 -1 -3 -1 -2 
-4 1 13 -3 1 -2 0 -1 
1 -4 5 -6 3 -3 0 2 
9 0 11 -2 -2 0 -2 1 
13 0 -11 3 3 1 2 3 
-18 -1 0 16 1 0 -1 -10 
8 8 5 -13 -4 -3 -1 0 
-3 -5 7 3 3 0 -1 0 
3 0 13 1 0 0 0 0 
2 -9 -15 -6 -4 -3 -3 2 
-2 -10 -37 0 -4 -1 -3 0 
3 3 20 -14 -1 -1 2 0 
-6 9 24 7 -1 -1 -4 -7 
0 -9 1 5 2 -2 2 3 
3 -5 -51 2 -2 0 -1 -3 
-3 -6 15 1 1 -1 -2 0 
6 -3 -4 -10 -6 -3 0 2 
-3 5 5 -16 -3 -1 -2 -3 
-26 -5 9 12 0 2 6 1 
9 -7 5 30 2 -2 -5 3 
-5 10 2 -4 -1 -2 0 -3 
