#EMG
#1
#ID:1-8
3 1 0 0 0 1 3 -3 
13 10 3 -1 -1 -3 0 1 
0 -26 -10 -10 0 -1 -2 -10 
-23 -3 -3 4 -1 0 -1 -4 
4 9 1 0 -2 -4 4 3 
-1 -7 -2 -4 -2 -1 -7 1 
3 10 4 -1 0 -2 2 1 
18 1 3 2 1 -2 -2 7 
5 15 0 -1 -1 4 0 8 
-6 -13 3 -3 -1 -3 5 -6 
-20 -12 -7 -4 1 2 -3 -12 
2 -7 -3 0 -1 -2 0 1 
-6 3 -1 -4 -4 -2 0 3 
10 -2 4 3 0 -2 -2 3 
8 25 7 -5 -4 -2 1 3 
-6 -30 -4 -1 -3 -2 -1 -2 
-20 -1 -5 -1 -1 -4 -1 -8 
-1 -7 -6 -5 -1 -1 -5 -9 
9 -1 -2 -3 -1 -3 2 0 
5 23 4 2 0 1 -1 3 
4 -11 -2 -1 -2 0 0 3 
-4 2 -1 1 0 0 0 -3 
-14 0 5 -4 -2 -2 0 -4 
4 6 0 1 1 -1 1 0 
2 -2 -4 -4 -1 -2 -5 -4 
-12 -22 -9 -2 -2 0 0 -1 
7 9 1 2 1 1 -2 3 
6 3 2 -5 -2 -5 3 -4 
-4 7 1 -3 -2 6 -2 -1 
-11 -8 -8 1 -3 -3 3 3 
8 -13 -3 3 -1 -4 -3 2 
-7 3 -3 -2 -1 0 0 -8 
4 -4 0 0 -1 -3 -2 7 
-4 0 1 -2 -5 -1 -3 -2 
2 -1 -3 0 2 3 -1 -3 
-4 0 -2 -2 -2 -2 -2 4 
1 5 9 -6 -3 -1 3 1 
-2 -1 -3 1 1 0 -9 -12 
-11 -17 -8 -7 -4 -2 1 -6 
9 6 0 5 1 0 -2 3 
4 1 0 0 1 0 -1 -3 
8 10 4 -8 0 -2 0 2 
3 14 -6 2 -1 -1 -1 -1 
-22 -29 -7 -3 -5 -2 -7 -8 
-3 -2 -2 1 0 -3 0 -3 
8 11 3 2 -1 -2 2 13 
6 10 -1 -3 -3 -1 -3 -1 
-9 -6 3 -2 -1 1 1 -3 
1 -5 -6 -2 0 -2 -3 -1 
-1 2 0 2 -1 0 0 18 
-15 -11 -3 -2 -5 -3 -2 -33 
10 6 -3 -2 -1 3 -1 -8 
-2 -12 -2 -1 -2 -5 -1 -4 
1 -1 0 0 1 -1 7 0 
2 15 4 2 -2 -1 -1 12 
0 -16 -4 -2 -1 -3 -1 0 
-4 -24 -8 -1 0 0 -4 -6 
-6 11 -2 0 -2 -2 -3 -8 
-5 -4 0 -2 -2 0 2 1 
16 6 -1 -5 -2 0 1 -1 
-4 -5 4 0 -2 -1 -1 2 
-4 -14 -10 3 0 -2 0 -4 
-1 11 6 -1 0 2 -2 7 
-3 11 3 -3 -3 -2 -2 -5 
-7 -41 -19 -5 -3 -2 0 -3 
10 -6 2 -3 -4 -2 -3 -2 
-5 -8 -5 -1 0 -1 -2 -17 
0 1 0 0 0 -2 0 6 
3 24 6 -2 -1 2 1 2 
-18 -1 -3 0 -4 -1 -1 -3 
23 -3 -4 -2 -1 0 0 -14 
-12 -3 0 -1 -2 -4 -5 -2 
-2 3 -1 -3 -1 -2 0 -7 
-17 3 -3 -5 -2 -2 -1 -3 
-22 -1 0 -3 -2 -3 3 15 
20 0 3 0 -2 -1 -1 1 
3 3 -1 2 -1 -2 -2 -5 
8 1 1 0 -1 -1 1 0 
-1 7 -1 -1 0 -2 -7 9 
-10 -23 -8 2 1 0 -2 -2 
-2 6 3 1 4 0 -2 3 
-6 -1 0 3 1 -1 -1 -8 
-1 -25 -9 -3 -1 -3 -3 5 
-2 15 2 -2 -2 0 0 0 
-1 15 4 2 -2 0 3 -2 
-3 -7 1 -1 0 -2 -5 -2 
14 8 2 -1 1 -3 1 0 
-6 -16 -7 1 -1 2 -3 9 
-1 5 -3 -2 -4 -5 -1 11 
-3 -3 -2 -4 -1 -1 -1 -47 
16 -7 0 5 0 0 -3 13 
-2 11 0 -4 -1 -2 2 0 
3 -1 1 2 3 0 -5 -8 
-23 -15 -4 -5 -6 -4 -1 10 
1 12 -1 -4 -1 2 -2 -5 
-2 -6 -4 14 5 -1 2 -8 
4 6 1 -3 0 0 -6 3 
9 -3 -1 0 -4 -1 -5 7 
-10 -8 1 -2 -1 -4 -2 -5 
-13 13 1 -3 -4 -2 -2 0 
-7 -11 -2 -4 -2 -2 3 -4 
10 5 -5 -1 1 1 0 7 
-8 8 -1 -2 -4 -3 -1 0 
8 -11 0 -2 -2 1 -4 -1 
-10 -11 -6 3 -2 0 1 -13 
-1 3 0 -6 -3 -2 -2 2 
5 5 4 1 -2 -2 -1 3 
11 12 -1 -3 -1 1 1 0 
-6 -24 -12 -3 -4 -2 -3 1 
2 5 12 0 0 0 -1 4 
-1 3 -1 -4 0 -3 -2 21 
-27 -1 1 -5 -2 -2 -3 -42 
6 -5 -1 4 0 -3 1 8 
-3 -1 -4 -2 1 0 -2 -13 
5 -9 0 -3 -3 -1 0 0 
-18 2 1 -7 -3 -3 -9 10 
16 15 3 2 0 -2 -2 4 
-12 7 -2 2 1 -1 3 -1 
-6 -11 -1 -4 -1 -1 -1 -14 
10 -17 -8 5 -1 -3 1 11 
-11 8 -1 -4 -2 -1 -4 -6 
7 -2 4 -2 -4 -1 0 5 
2 -8 -6 7 0 1 -1 1 
-15 0 -2 -7 3 -3 -4 -10 
18 0 -2 -3 -1 2 -2 9 
2 7 -3 -3 1 0 1 7 
-14 -9 -2 3 -3 -3 1 -16 
19 6 -5 5 -1 -1 1 16 
-12 -19 -1 -10 -5 -2 -3 -25 
2 21 6 -9 -7 2 -2 3 
0 -40 -5 -22 2 -1 5 6 
1 -1 3 29 2 -2 -9 -1 
-9 5 -13 -4 -2 -2 -1 -1 
3 0 -2 -9 0 -2 -2 2 
-5 3 0 -1 -2 -1 -2 -4 
8 13 2 -43 -10 -4 2 13 
-6 -17 -9 29 -1 0 1 -7 
-7 0 3 15 7 -1 -1 -4 
-1 14 8 -9 -1 2 -1 -6 
14 -5 -14 1 -1 -1 -1 10 
-26 0 6 -19 -5 -4 -1 0 
6 -5 1 -5 -6 1 0 4 
-10 7 4 12 3 -4 -8 -8 
6 0 -6 -10 -3 -2 -3 9 
7 6 2 -1 0 -2 1 -33 
1 -8 18 8 0 -3 3 6 
-3 -30 -25 -2 -1 -1 -3 0 
-5 1 7 -6 -3 2 4 13 
2 24 -3 -3 2 -1 5 -3 
11 -8 0 -6 -2 0 -1 -4 
3 -12 -10 36 5 2 -3 11 
9 -10 -7 11 4 -2 -3 -21 
6 44 10 -39 -2 2 -7 19 
-13 -85 -27 16 -7 -5 -6 -7 
-9 25 12 5 0 -1 0 -8 
-9 9 17 6 -2 -1 2 -2 
14 -10 5 4 3 2 8 13 
1 27 -2 -26 -3 0 -8 -8 
-3 11 -21 -3 -5 -8 -19 -33 
3 -9 16 -6 -3 -4 -1 5 
-3 -1 7 20 -1 -9 -5 0 
10 7 0 2 5 26 10 17 
0 26 5 3 -2 -7 -1 14 
12 25 -3 -13 -4 1 4 -6 
-18 -106 -25 -15 -15 -11 -16 1 
-12 36 -11 14 15 -4 7 -9 
12 -7 30 -10 0 -2 -9 6 
-12 4 0 11 6 0 14 -19 
-3 -5 -13 -5 -6 5 -8 -1 
14 -1 -20 2 -7 -8 -13 -42 
-12 -4 0 -19 -5 0 16 10 
13 -2 0 -1 -7 -5 -16 -15 
10 6 14 15 5 0 0 2 
-16 5 6 -12 -3 1 8 2 
7 -6 -6 -20 -3 -4 3 -3 
9 -11 -6 27 -2 -8 8 13 
-13 15 -8 5 1 13 -3 -9 
1 4 2 -11 -7 -12 -4 13 
-9 -49 -22 -4 -7 -1 -1 1 
4 -28 12 5 6 5 3 -4 
10 21 -13 -6 -1 -3 8 0 
1 29 -1 1 0 -8 -6 42 
-9 -40 -13 -7 -6 9 -2 -57 
3 37 -14 -19 -8 -5 -4 -3 
-9 -4 11 6 1 3 1 -32 
-11 -9 9 -1 -5 -5 8 4 
5 19 3 3 0 7 8 41 
-18 -12 -8 2 4 -1 -28 -34 
5 1 6 5 1 -3 14 11 
3 35 2 -7 0 -4 -1 -7 
8 -11 4 5 1 -15 -1 5 
-28 -36 -4 -4 -6 22 15 1 
8 -5 -11 -4 -5 -6 0 27 
-10 -12 -4 7 -2 -1 -10 -20 
11 9 -12 4 -1 -3 -2 -26 
-12 18 -5 -15 5 1 -1 21 
12 -4 8 0 -1 -1 14 -11 
-2 -28 5 -9 -7 -12 -5 15 
-11 23 9 24 6 15 -12 -16 
-17 47 24 -2 -3 -8 8 -19 
27 -48 -6 -19 -8 -2 -24 3 
-2 16 -8 8 2 -1 25 -12 
-21 -48 -33 -13 -5 -7 -15 -9 
26 9 4 6 1 2 6 5 
-10 12 23 8 3 0 2 7 
31 28 -8 -6 -1 1 -2 -3 
-28 9 -2 1 -2 10 -12 -1 
-7 -3 -17 3 2 -4 -1 -10 
-24 28 -18 -2 1 2 0 9 
13 -30 43 -2 -3 0 -13 -3 
13 38 8 1 0 -5 2 21 
-11 -65 2 7 -1 3 6 17 
13 27 14 -7 -4 -2 -1 -21 
-15 -32 -24 -10 1 0 -11 -13 
-12 32 26 2 -2 -6 17 21 
33 40 26 -4 -9 -8 -6 3 
-36 -41 -18 8 9 1 2 17 
16 -38 -14 -8 -1 4 -10 -4 
7 29 64 -14 -10 -15 4 -17 
-16 -15 20 -4 -3 -6 -9 19 
-4 14 -36 6 -1 13 0 -28 
5 6 36 2 4 -4 -8 1 
19 -39 -75 -16 -6 -4 15 -23 
4 9 11 16 3 -5 -12 51 
-1 33 38 -3 1 -8 -7 9 
-28 -19 30 -22 -5 6 0 -5 
30 6 -64 11 6 8 5 9 
-32 21 20 -6 0 -4 13 -26 
5 9 38 -1 -10 -6 -21 -20 
-9 -10 -76 2 -1 -4 16 5 
8 8 44 -12 -1 2 -15 28 
2 -3 -17 -19 0 7 -14 -24 
-23 -12 -16 39 13 -1 15 11 
-57 10 79 -6 -16 -7 15 -20 
-48 -20 -61 -2 -2 -2 -4 -27 
63 -6 2 4 4 2 -1 19 
13 18 -35 -8 3 0 3 13 
-22 -29 6 12 -2 16 14 -24 
33 3 15 5 3 -10 -7 22 
-77 -10 -3 3 2 15 3 -43 
56 22 18 -23 -8 -12 -6 6 
20 -30 -30 29 11 3 9 -5 
-49 5 -5 1 -4 1 11 27 
81 1 -14 -15 -11 -9 -2 -4 
-3 2 1 -18 -2 10 -14 -5 
-2 -13 -9 44 10 -5 -1 9 
-29 9 38 -15 -13 2 2 -15 
8 4 -18 5 3 -4 4 23 
-62 -2 -25 -17 -13 -2 5 -33 
44 35 0 -12 1 -12 -19 25 
7 -33 17 14 10 -22 3 6 
-2 47 -9 -7 -5 30 -8 -3 
8 -35 4 8 5 -1 5 17 
-12 -44 -49 -17 -11 -8 -15 -8 
16 -21 1 -5 -3 1 -4 1 
-16 -33 -29 16 1 -9 13 -24 
14 32 35 10 2 -2 -7 76 
32 33 -8 1 -1 2 -8 -6 
-18 0 33 -19 -6 8 8 -23 
-30 -28 -22 14 -1 -9 0 8 
53 -29 9 23 6 11 -1 -28 
7 26 -4 -10 -1 -5 -4 1 
12 -4 -19 -13 0 0 -6 19 
-25 -13 11 -7 -8 -20 -11 5 
-7 14 8 3 -3 7 14 -18 
-19 -31 -16 -20 -7 -1 0 19 
-38 -5 -2 9 1 1 -11 -21 
3 -9 -15 -8 -5 4 20 8 
16 1 -14 -8 0 -14 -26 0 
32 28 24 1 -1 5 13 5 
-58 3 7 8 1 -4 -10 -15 
33 -6 -10 3 2 0 -5 -18 
-26 1 -9 -7 1 0 6 16 
-18 9 6 -2 6 9 -12 -13 
31 -20 -5 6 -6 2 19 -26 
-22 4 19 -14 -6 -8 -21 25 
11 -12 -52 -2 -1 -10 9 -9 
-12 13 20 -3 -2 -1 -3 -15 
32 12 16 1 4 4 -4 13 
-4 -29 -2 -5 -6 -5 -6 -6 
8 4 16 -4 -6 7 -1 -3 
-42 -8 -6 -22 -6 -1 3 2 
28 42 -5 55 15 -1 -9 23 
-1 -21 6 -14 -1 -1 -1 -27 
-25 -30 -17 -17 -7 -8 3 1 
3 30 7 22 2 2 -7 -1 
26 -18 -2 -19 -4 3 0 -4 
-5 35 13 18 8 3 6 10 
-1 25 -9 4 3 0 -5 -21 
-54 -107 -48 -20 -9 -6 -1 -8 
23 80 32 1 -2 -2 0 13 
-3 -6 0 0 2 0 5 4 
-26 10 14 -3 3 3 -13 2 
1 18 2 -7 -5 -7 20 0 
0 -12 -14 -8 -2 -1 -11 -11 
-21 35 6 1 -2 1 11 9 
-7 -23 7 -2 -1 -6 -7 -24 
5 -29 -16 10 5 5 -8 13 
-50 -36 -26 -26 -9 -1 -5 -18 
48 29 -6 26 7 6 1 2 
-40 6 -17 6 -2 -4 4 6 
31 39 42 21 15 4 0 8 
35 -20 8 -27 -19 -10 -4 -8 
-44 -43 -16 -19 -8 -1 -12 2 
9 -1 -27 -2 -4 -1 14 -7 
35 17 -8 -1 1 -2 -3 21 
-33 33 23 4 -1 2 -3 -21 
35 1 27 -12 -5 -9 -20 -18 
-17 -59 -75 -3 -3 -5 9 -46 
-12 39 25 0 -7 -13 -4 -30 
-31 -29 1 0 2 7 -1 14 
-3 -48 -41 -6 -8 -5 6 -2 
10 23 49 -4 2 0 -4 2 
9 9 -6 1 -6 -5 -21 3 
16 -7 -1 10 10 4 17 18 
-13 6 6 -5 -2 -2 15 -17 
13 11 20 3 4 -2 -26 21 
-4 -7 -34 -10 -7 2 14 12 
40 -2 0 14 4 -11 -14 -9 
-7 19 -17 -10 -3 -3 16 17 
8 -17 19 -10 -11 -5 -4 2 
-25 33 12 -10 2 4 -5 -2 
-17 -17 -1 42 10 7 1 6 
3 1 2 2 1 -2 -19 -1 
6 20 17 -9 -10 -4 3 8 
15 -19 9 -17 7 3 -10 -6 
5 -29 -79 -6 -2 0 5 3 
-14 0 23 -2 -2 0 -4 -3 
-10 22 26 11 -2 -1 -3 5 
-1 -62 -8 12 3 -2 7 -6 
-14 15 -35 -16 0 1 3 10 
16 -12 8 -11 -4 -4 -12 -11 
-4 14 1 1 -5 -2 5 -13 
10 3 5 -2 -4 -5 -3 2 
-2 -10 -7 15 0 -2 -5 6 
8 0 -15 -11 1 3 -4 4 
4 0 13 -1 2 4 11 10 
-21 -12 -9 10 3 -5 -10 -8 
-14 8 25 -27 -8 -1 -2 -9 
2 6 8 10 -1 -2 0 0 
3 -25 -31 -3 0 2 -2 4 
-5 -17 8 -8 -10 -3 -3 -2 
-9 9 6 -10 3 -2 -7 5 
4 27 1 10 -3 -2 5 -3 
-18 -25 6 3 10 0 -7 -6 
12 16 -14 1 -4 -1 -3 3 
12 10 9 -13 -5 0 2 -1 
-9 -10 4 -13 -1 0 -3 1 
2 -4 -3 7 -3 -4 0 7 
-3 9 -5 -8 -4 -3 0 -5 
7 6 16 5 -3 -2 4 3 
9 -15 -7 7 1 -3 5 13 
-57 -1 -2 0 0 0 -15 -3 
54 19 6 2 4 1 -8 2 
11 3 -12 -11 -8 0 7 -4 
-12 -8 -1 4 3 6 7 -1 
-10 -15 -13 -10 -5 -6 -3 9 
-27 8 3 5 0 -3 2 12 
39 3 13 2 0 1 -9 -12 
-19 1 -10 8 0 -5 -8 -23 
43 -1 0 -2 0 1 8 4 
9 17 6 -4 -6 3 7 5 
0 -5 16 -2 -1 0 -2 14 
4 -2 6 5 0 -3 0 -21 
-7 6 19 1 -3 2 -24 -12 
-14 -15 -56 2 -2 -8 15 -6 
10 16 5 -28 -9 -4 -1 18 
-42 -18 3 14 -2 -4 0 -16 
4 14 5 -5 -2 1 -2 -3 
5 0 33 -4 1 1 6 23 
21 10 2 20 5 -1 -2 20 
39 -32 -99 -28 -16 -4 -6 -25 
65 10 3 14 4 -2 6 24 
-56 7 23 0 1 5 -7 -46 
-48 1 22 -2 0 -1 6 -15 
-38 12 18 1 6 2 -7 24 
-14 -9 0 -4 -6 1 10 -8 
43 2 -23 -6 -1 -1 -4 -14 
31 19 7 2 4 -3 1 8 
-65 -32 -5 2 -3 -6 -6 -20 
-14 14 -12 -14 -5 1 4 0 
-9 -15 22 32 5 -5 -6 10 
-43 -21 -16 -9 -3 2 6 -11 
14 25 17 -2 4 3 3 -7 
16 -6 17 -1 1 -4 -6 2 
11 -6 6 -5 -8 -4 -6 -6 
-4 -5 -58 0 0 -2 0 -1 
28 0 17 -4 -3 -1 2 23 
-19 -9 -9 -11 -3 2 5 -27 
-12 12 11 0 -1 -4 -6 6 
28 9 40 -2 -4 -2 1 -2 
-56 -37 -33 -16 -4 -2 -6 -4 
-19 -7 -23 24 2 -2 0 1 
33 4 -4 6 3 2 3 21 
-19 -3 20 -17 -3 -5 -11 -53 
26 24 17 -3 1 2 2 9 
15 -1 11 -9 -6 -7 -3 3 
-25 -11 -24 -4 -3 6 1 3 
52 -16 2 13 0 5 5 8 
8 11 26 -5 0 -2 1 4 
-1 -18 -43 2 1 -3 -3 -16 
-7 4 0 -23 -4 -5 -1 -5 
-18 -6 -7 19 -2 1 -8 -1 
-10 8 3 -1 -2 1 -1 4 
15 -14 45 4 -1 0 4 8 
1 -10 -42 -4 2 -3 -6 -1 
-16 -13 -26 -27 -9 -5 -6 -1 
31 9 31 7 1 -2 -1 7 
-5 23 1 19 5 2 2 1 
-15 -16 14 -8 -7 -1 -2 -10 
-20 12 1 -28 -2 1 5 6 
16 -2 -15 31 -2 -6 -10 0 
10 13 -8 -15 -2 -9 -2 0 
11 -3 3 -5 0 6 2 2 
-36 -4 10 13 0 0 -5 -2 
14 2 -1 -3 -1 0 6 19 
-39 2 -1 -16 -4 7 1 -47 
34 -12 2 19 2 -9 -6 -5 
-16 5 -3 -14 -7 -1 -1 4 
33 -2 -10 -9 -3 0 0 6 
-32 -15 -7 7 -3 -2 1 23 
4 8 4 -14 -3 -3 -2 -28 
-6 -1 -7 12 4 -1 -3 -10 
23 11 4 6 0 -1 -1 11 
-5 -20 -28 -11 -3 0 -3 -4 
1 6 -5 0 -2 1 0 7 
22 -12 -13 7 -2 -4 -1 6 
-15 -6 3 -3 2 1 0 2 
20 6 1 0 -1 -2 -3 0 
-41 4 2 8 -2 -1 -1 -1 
45 -2 11 12 5 -4 0 -3 
-12 -2 0 -14 -2 2 -1 -3 
13 3 6 4 -3 -1 -3 1 
7 3 2 0 -4 -3 -1 20 
-24 8 8 -2 2 -2 -2 -40 
5 1 0 -4 -4 0 -4 3 
-12 -24 -4 -7 -3 0 3 -5 
38 28 2 3 0 -8 0 -1 
-5 -29 0 1 -1 10 -3 13 
-48 0 -6 -12 -4 -3 -4 -15 
51 -10 0 6 2 -1 -2 2 
1 -5 -11 -5 -1 0 4 16 
-17 6 13 8 5 -2 -3 9 
1 -2 0 -16 -3 -2 -2 -28 
-15 14 4 24 2 0 -3 17 
-53 -19 -2 -5 -4 -7 -7 -24 
19 5 -3 4 0 2 1 15 
-2 2 -2 5 2 2 -6 -1 
2 11 8 -15 -2 -5 3 5 
15 -2 20 -3 -2 1 0 3 
-36 -10 -12 3 -2 -3 -5 -10 
23 3 -3 -1 -4 -8 0 3 
9 4 5 -2 1 0 0 1 
-14 -2 -3 5 2 4 3 -1 
34 4 8 -2 -1 -4 0 8 
-10 -3 -6 0 -4 2 1 -24 
6 6 3 -1 0 0 -2 10 
-39 2 -2 -4 0 -1 -6 0 
-19 -16 -7 7 0 -5 2 -16 
9 -10 -2 -4 -5 -4 2 4 
-9 8 0 -3 -2 0 -6 2 
14 -3 -1 1 -1 -1 -7 -2 
-21 -3 -8 -10 -3 -2 7 4 
1 9 -5 0 1 0 -3 7 
-4 -7 16 12 0 0 3 -4 
6 -1 -5 7 1 0 -1 -8 
13 -20 -12 -2 -7 -3 -2 3 
-22 15 19 -5 -3 -2 -4 0 
-8 -14 -13 -6 1 2 1 -5 
8 4 2 1 -2 0 2 13 
30 7 0 -8 -4 0 -5 -14 
1 -5 -1 3 -1 -8 -3 5 
-21 6 -1 -5 -3 0 -4 -18 
11 -3 1 3 6 1 2 4 
-8 8 -2 -22 -6 -1 3 17 
-10 -7 -4 15 -2 -1 -4 0 
-2 5 -2 12 1 -2 2 -6 
8 -12 -1 -18 -5 2 2 -8 
-7 -2 -13 24 1 -2 -3 -1 
1 2 5 -15 1 -1 1 0 
-5 -21 -19 -5 -3 -3 2 4 
5 1 -1 -3 -4 1 0 -14 
3 5 2 -6 -2 -1 -4 7 
18 0 -6 2 3 1 2 19 
-37 7 7 -6 -4 -3 -1 -13 
28 9 0 4 1 -1 0 11 
-10 0 0 -5 -1 -2 -2 -5 
38 -4 -7 4 3 0 2 8 
-18 3 6 -6 -4 -2 -4 -6 
21 0 -4 -1 -3 -2 -1 -5 
-2 0 2 1 -1 0 1 11 
-9 5 1 0 -1 1 0 -7 
15 -23 2 -3 -1 -1 4 11 
-19 -30 -12 -4 -3 1 -3 -4 
0 31 7 0 1 0 -3 -4 
8 -16 -6 -5 -3 -3 -1 -9 
3 -2 -4 -1 0 0 -5 0 
-22 10 -1 -4 2 -4 3 2 
7 -8 7 7 1 6 -3 -2 
1 9 -2 -5 -2 -1 2 -3 
-11 3 0 -5 -3 0 -4 5 
-13 0 -3 -2 -2 -1 0 -2 
7 6 7 -3 1 -4 -2 0 
-39 -16 2 1 -2 1 2 -14 
28 0 -5 1 0 -1 -2 8 
-24 4 -4 15 4 -2 0 -7 
-9 -6 -2 -4 0 -3 -2 19 
5 -1 -2 3 -3 -2 -1 -10 
-5 -11 -6 -6 -1 -2 -3 -15 
-9 -5 -10 -6 -1 0 -2 -11 
11 22 19 6 -3 -8 0 14 
-7 4 4 -2 -3 6 4 8 
-3 3 3 -9 -5 -2 -16 -8 
10 -1 -4 -6 -2 0 0 2 
-10 -18 -20 10 2 6 2 -14 
6 12 -12 -6 -3 -6 -2 16 
-2 10 18 -3 1 -5 -2 -11 
6 -1 6 -25 -7 3 -5 7 
-9 -6 4 -7 -11 -5 -5 -13 
-15 -35 -20 30 13 0 -3 -1 
39 12 -5 -11 -4 -1 6 19 
-47 -1 6 25 6 -3 -3 -23 
10 7 2 -32 -8 -1 2 15 
-29 -7 -12 13 -7 -1 -5 -26 
7 3 2 -3 1 -2 2 13 
7 1 1 -7 -5 -4 -3 5 
2 -10 -4 -4 -1 0 -5 -15 
5 5 13 -2 4 0 0 2 
2 -5 -12 -1 -3 1 0 2 
0 12 1 -4 -3 -1 1 3 
-1 -12 -3 7 1 -1 0 -7 
4 10 7 -2 -1 -2 -1 3 
-11 -33 -11 -33 -2 -1 3 -9 
24 5 -5 44 6 -2 -2 7 
-10 -5 -6 0 -3 -3 1 -3 
9 8 11 -11 -4 -1 -4 -9 
-9 7 -6 -25 -8 0 0 3 
0 0 0 10 -1 -1 -1 5 
-26 -7 9 10 10 2 1 -13 
23 3 -7 0 -1 -3 -3 1 
-4 0 -3 5 -2 -1 -2 -2 
13 -5 -10 -22 -1 0 1 -3 
5 2 -5 0 -3 -1 3 4 
-2 -3 9 -4 -3 -1 -3 3 
-1 13 -14 7 1 -5 0 -3 
-2 -18 17 -3 -3 4 0 1 
-11 -23 -17 2 -3 -4 -3 -7 
-5 5 22 -9 0 0 -1 -1 
4 6 -23 14 0 0 -3 -1 
-8 -20 -65 -8 -5 -3 -2 -5 
2 0 5 -3 1 -3 -2 -1 
7 -3 0 -1 1 -1 1 14 
-1 7 23 4 -4 -1 1 -5 
12 13 15 -14 -1 -3 -3 -7 
-14 -1 -4 24 1 2 -4 -4 
7 -7 -7 7 4 -2 -2 5 
-2 7 13 -1 1 2 1 0 
-2 -2 6 -10 -2 -2 -1 1 
3 -2 -11 -25 -8 -4 -4 -5 
-5 -4 10 -3 -4 -1 0 -5 
-2 -7 -9 12 2 2 0 0 
-2 -5 5 -5 -3 -3 -4 1 
-1 10 -7 -1 -1 -2 -2 0 
-10 -9 -9 -2 0 -2 -2 -3 
-2 -7 -2 -3 -2 -2 1 -3 
-3 13 12 5 3 1 4 1 
9 -12 5 -20 -4 0 -2 3 
-16 -4 -17 8 -6 -1 -2 -9 
3 -1 8 2 10 1 1 1 
17 5 8 15 1 -1 0 3 
-43 -1 -4 6 -2 -3 -3 -9 
8 3 4 -30 -6 -2 -2 1 
4 1 30 7 -5 -3 -4 -2 
-8 -7 -22 -12 -9 1 -2 -4 
28 4 30 -22 -4 -2 0 3 
-18 -4 5 33 7 2 -1 0 
10 5 13 -2 -2 1 0 15 
-37 1 22 -6 -2 -5 -4 -34 
5 -3 -14 2 0 -1 -1 7 
10 -2 -12 -18 -4 -2 -2 0 
-2 2 8 13 0 -1 0 -1 
4 -2 -5 -1 2 0 -2 14 
-3 -1 -6 5 -1 -4 -1 -8 
-5 1 2 -1 -6 0 1 -4 
4 -8 -18 -5 1 -2 -1 0 
-5 -3 -5 -23 -2 -3 0 3 
8 2 -3 17 3 2 2 1 
-33 -9 2 6 6 0 -2 -2 
-5 -3 -4 -18 -4 -2 -1 -6 
7 0 -7 9 -7 -4 -3 1 
4 5 10 -11 -2 -2 -3 2 
3 -2 -10 -10 -2 -1 0 2 
-13 -5 -5 7 -1 -3 -3 -5 
-2 5 7 -8 0 0 1 0 
11 4 0 -4 -5 -2 -3 1 
-4 0 7 21 5 0 -1 -2 
0 -1 -2 20 1 -1 -1 -2 
7 -8 -12 14 4 -1 0 5 
