#EMG
#5
#ID:5-18
-3 -31 -87 -18 -8 -10 4 -18 
4 -11 -3 -11 -4 -5 6 2 
-3 -29 -17 -8 -3 10 23 -4 
6 33 44 19 4 6 -5 7 
-4 -4 9 4 1 -4 -11 4 
-7 -6 -2 3 1 -2 -5 -14 
9 -6 -24 -14 -1 -3 -7 2 
-12 -9 8 -2 -2 5 28 2 
3 -16 -9 4 0 -3 20 9 
1 6 4 -3 -3 -10 -31 -2 
-16 -5 -5 -4 -3 6 22 -6 
-8 -23 -35 -6 -3 -1 -2 -11 
3 -6 31 1 0 -3 -22 0 
17 12 24 5 1 4 6 10 
-33 -5 -21 -2 -3 -3 -12 -24 
3 -49 -26 -8 -1 -7 -5 13 
-1 -3 5 5 -2 3 -19 -11 
-1 -3 -5 -4 -1 -3 25 11 
20 2 25 -4 -5 -3 3 3 
-19 10 -34 -3 -1 -1 -6 -12 
-3 -4 18 7 5 6 -5 -13 
1 6 -9 4 2 4 -3 6 
3 -28 -10 -4 -4 -5 1 16 
-5 40 57 4 -3 -8 -20 -20 
10 7 -55 -8 0 2 4 -2 
-15 -5 0 -2 -6 -3 3 0 
0 4 -5 -5 -5 -11 -6 -6 
4 -3 -8 -5 2 7 14 4 
8 13 46 8 1 2 -16 9 
6 -5 -23 0 -3 -5 -3 -6 
-20 0 7 4 0 1 26 -8 
3 -23 -41 -3 3 3 2 4 
-7 5 31 0 -4 -5 3 5 
10 -10 10 -3 2 6 -20 13 
20 11 -23 0 -2 8 18 -8 
-16 -3 -2 -2 -8 -17 -3 -8 
5 -4 -11 -5 1 5 22 9 
-26 -4 -16 -7 -3 -14 -29 -19 
9 18 74 22 6 18 24 2 
-2 8 -22 -12 1 -3 -3 2 
-3 -44 -41 -14 -8 -8 -7 3 
4 -6 16 6 -3 -7 -18 -13 
-12 0 3 -2 1 2 2 -2 
10 -4 -26 -10 -3 2 14 16 
-3 1 31 11 1 -2 -7 1 
11 9 -10 -15 -2 1 19 -2 
-8 -1 4 5 -2 -2 9 -8 
-11 -10 18 15 5 -3 -37 -14 
0 -25 -72 -25 -9 4 28 -2 
3 21 9 8 1 -1 7 7 
12 11 -2 -13 -1 -5 -39 10 
9 -4 -3 14 -1 -2 11 0 
-14 14 41 4 3 3 -15 -4 
-10 0 -8 6 0 -2 -59 -13 
-10 -43 -55 -15 0 6 48 5 
-4 33 34 -5 -5 -2 23 -2 
4 -17 -12 6 -1 -5 -6 -8 
3 -23 -17 -5 -3 3 36 15 
3 2 26 4 4 0 -24 -1 
-7 -1 -51 -15 -1 12 -13 -6 
-3 9 21 4 -1 -23 -27 7 
13 -50 21 4 -4 -3 9 -16 
8 2 -13 6 -2 -15 -5 -11 
19 -4 -4 1 1 3 7 15 
-27 15 -4 -7 -6 -10 -66 -18 
-1 1 -32 -7 2 17 86 29 
5 9 19 4 -1 -10 -19 -3 
-17 -3 30 2 -3 -4 -8 -8 
8 0 7 1 -2 6 -1 -3 
0 -2 15 -2 5 -4 14 12 
-15 -20 -48 -7 -6 -5 -6 -17 
-5 2 24 -13 -3 -3 -6 12 
15 -49 41 16 2 2 -16 -20 
-12 18 -15 -3 1 -2 6 -9 
7 -7 -7 -5 -3 -2 6 11 
8 49 38 16 4 3 -31 1 
8 -19 -7 -3 -1 -9 37 9 
-11 2 9 -6 -3 0 -35 -11 
11 -3 -59 -12 -7 -14 -4 -1 
-6 -12 -17 -9 0 6 -27 -6 
-2 30 17 5 3 15 95 14 
16 21 37 5 2 -3 -36 3 
-31 -44 6 -4 3 4 0 -2 
-13 -36 -7 1 0 -12 -45 -12 
-5 28 23 12 1 -4 16 7 
4 81 -10 1 -3 -1 -12 -20 
4 -62 12 1 -1 6 9 26 
7 20 -50 -21 -8 4 8 -1 
-6 19 12 8 5 -2 -28 1 
-11 -42 9 -12 -7 -3 17 -7 
-3 15 0 -2 1 1 1 -1 
5 -19 -7 7 -3 -2 12 -3 
4 13 17 -8 -2 0 -13 -5 
-7 5 1 1 -2 -2 5 2 
6 49 -1 22 0 -7 -17 -6 
2 -14 -22 -31 0 0 35 42 
0 7 -23 -14 -3 1 -4 -47 
1 -3 35 3 2 -5 -31 -4 
7 10 -30 -6 -7 -6 -27 -4 
14 28 -4 15 5 7 48 1 
-25 -88 -58 -21 -12 -12 -10 2 
-13 15 -13 13 1 7 -15 3 
11 16 48 -17 -1 0 35 -1 
-9 -41 -38 -7 -11 -7 -3 -5 
-4 7 12 8 5 2 -18 -6 
10 -18 -1 12 4 0 -4 15 
-9 -5 10 2 -4 -1 6 -2 
-13 -20 -45 -8 2 1 -17 -27 
17 -20 -1 0 -6 -12 -6 14 
-30 4 19 11 5 2 -4 -9 
5 12 15 -6 10 2 -7 20 
1 40 89 8 1 -2 -6 -9 
7 44 -50 0 3 4 8 10 
12 -4 43 -13 -4 -6 8 -21 
-4 48 -72 -2 -4 12 33 0 
-7 -16 6 3 -8 -2 17 -6 
0 53 54 15 15 11 -15 18 
-1 -8 -6 -1 0 0 22 9 
-6 -2 18 -1 -5 -9 -17 -31 
4 -36 -16 12 8 7 -10 -7 
-3 4 -1 -7 -8 -4 2 7 
-12 -24 -3 -27 -6 -7 -4 9 
-6 18 -17 -1 -1 -6 -25 8 
5 42 46 25 -2 1 11 -4 
-20 -103 13 -4 -3 -4 -9 -15 
12 3 -31 -3 -6 5 2 19 
-12 -21 -9 -4 -8 -18 -22 -16 
7 6 -23 -3 4 -3 -25 -1 
-2 -1 -10 -14 11 15 47 28 
-27 -8 -37 -17 -6 -5 -13 -40 
1 -5 41 10 3 6 -3 1 
0 -32 -32 -4 -8 -9 -7 3 
0 43 42 12 -6 -10 -15 1 
18 -25 -52 -3 6 11 36 14 
-2 5 40 16 2 13 13 13 
-16 -14 -33 -7 2 -5 -10 -23 
12 51 -24 -13 2 6 6 -7 
7 41 17 1 -3 -2 -22 5 
8 -11 1 1 -1 -17 -43 -20 
5 1 49 11 -8 -3 39 24 
-9 -17 -21 3 -3 -4 -10 -3 
7 -2 21 11 1 -4 11 -18 
-12 -33 -67 -22 -7 0 -13 15 
-5 -39 30 3 2 -3 -17 -24 
8 -1 -24 -8 -6 3 7 -3 
-12 -45 4 -9 -1 -8 -42 -2 
-32 -12 15 4 -2 9 37 -39 
29 -2 -5 9 4 5 14 46 
1 15 -14 -29 -12 -4 7 14 
-4 1 -30 21 -1 3 -36 -25 
22 17 19 7 2 -16 -9 6 
-3 -5 -21 -13 -2 -2 40 -12 
-3 -2 30 14 -2 -1 -13 -7 
3 -18 -8 -6 -1 -7 -17 25 
-3 -21 -35 -6 -6 1 19 -3 
-18 -1 32 -12 0 2 -11 -2 
32 15 1 10 6 9 10 5 
-36 -1 -25 -11 -12 -24 10 -18 
-4 -13 15 -1 1 -5 -33 1 
5 21 9 -1 5 4 -1 -5 
-12 -22 -17 9 -6 1 3 -32 
30 1 1 9 10 19 -19 30 
13 10 31 1 3 -6 11 26 
-8 2 -27 -8 -6 -9 3 -6 
-10 -7 -7 -7 -2 -5 -16 6 
11 -2 0 -5 6 4 5 -17 
-23 -30 -13 8 0 9 4 -11 
10 18 5 -2 -4 -10 -27 11 
-6 -6 1 -1 -5 -12 -11 -12 
-14 -13 -8 -14 -3 -1 27 0 
1 -2 8 -5 3 19 -4 -4 
-3 -1 0 2 -4 -10 -32 -10 
-24 -8 4 9 0 8 3 6 
14 -5 -4 -6 -6 -12 1 -12 
3 15 14 -16 -1 -7 -7 24 
-26 36 -8 8 2 24 51 -8 
1 -16 4 -5 -5 -28 -29 1 
10 9 -4 -3 -3 5 35 -8 
-11 3 24 7 -1 5 -3 1 
22 -1 -9 9 -3 -13 -49 9 
-18 -5 8 0 12 22 55 -11 
3 -11 17 1 -8 -1 31 13 
21 3 -20 1 -3 6 -23 -2 
-15 -14 -8 -8 0 -13 34 2 
12 -8 -31 0 -2 -2 -13 3 
-10 -1 10 2 0 -11 -56 0 
6 15 20 -6 2 -5 18 -13 
-1 -12 9 21 -2 30 91 14 
-1 9 -8 -16 -2 -1 -29 -32 
2 -10 19 12 0 3 30 43 
10 -9 -47 -22 -4 -7 -5 7 
-2 -33 -23 -16 -3 4 -31 -13 
-15 -3 -6 -20 0 -7 -14 -25 
3 22 72 31 -1 -8 -1 18 
-6 -12 -38 -7 -3 0 1 -17 
28 -8 -14 0 -1 -13 -68 -6 
-4 -19 -19 3 1 17 61 21 
16 28 38 2 3 -9 -56 -20 
-5 -8 2 19 -3 -5 27 8 
-16 -48 -80 -41 -10 -2 33 -22 
4 -19 26 9 -2 6 -38 10 
8 6 -27 -20 -7 -2 51 4 
5 18 77 24 10 9 17 6 
-2 18 2 28 -1 -3 -2 2 
3 -15 -3 -19 0 -3 -37 -8 
-10 -13 -21 -13 -8 -3 50 -1 
-22 -18 10 0 0 -5 -35 -16 
1 24 -1 -27 2 -2 -14 3 
-5 13 75 48 -5 -10 14 9 
-5 -5 -84 -8 -2 4 -45 6 
4 2 -1 -13 -6 -7 25 -13 
12 4 19 -2 3 8 -10 -15 
-8 20 25 3 -4 1 21 45 
-5 5 -9 10 -1 -5 -12 -28 
-17 -42 -1 -16 -1 2 1 -14 
6 27 54 8 1 -17 -35 20 
8 -34 -89 -29 -6 -3 8 -30 
-10 -71 41 18 3 1 -33 -15 
4 5 -62 -18 -4 12 15 21 
12 58 35 22 0 -10 2 -1 
-20 -2 20 -8 2 -2 -22 -2 
-13 -15 -32 -35 -6 4 18 -19 
6 3 28 44 -2 -12 -30 2 
-26 -26 27 10 -2 0 -43 -10 
22 -27 -64 7 -1 5 63 32 
0 37 -21 -49 -3 1 -12 -20 
12 -12 -33 -26 -10 -9 -25 13 
-10 10 33 28 0 13 41 7 
-3 -2 27 3 -3 -20 -38 -23 
-4 84 0 -3 1 6 26 24 
-10 -22 0 3 2 -9 -18 -18 
-6 -18 -4 -9 -3 3 -24 -28 
15 -15 -13 0 -3 -5 -9 34 
11 2 12 -6 -3 3 14 10 
-10 8 -31 -15 -6 -8 -7 -12 
10 12 9 24 4 -11 -28 5 
-13 -36 9 -14 6 10 9 -19 
-6 -33 62 61 7 3 14 15 
-7 -43 -86 -89 -15 -8 -16 -1 
9 -16 -6 -17 7 2 -31 -1 
-11 25 28 26 0 9 49 -8 
-17 -100 -42 6 -5 -5 -5 0 
-3 48 43 1 -1 3 9 -8 
-15 0 -67 -26 -8 -6 7 3 
10 52 15 -4 -3 -1 -36 -14 
6 -41 -35 -9 -1 -3 20 10 
-4 28 48 32 1 -1 18 3 
-11 32 -14 -21 -3 0 -9 -10 
42 37 -3 8 3 1 6 3 
-54 86 2 -2 -2 0 -15 -16 
16 -11 -19 7 3 2 -28 10 
0 -13 39 -10 -1 4 30 10 
-8 -10 -45 -8 -5 -10 1 -17 
16 5 -4 -12 -6 0 4 4 
8 12 35 31 5 -4 -51 9 
2 -21 -3 4 3 26 98 19 
5 3 -4 -21 -5 -6 -14 -8 
-6 -30 -35 -19 -3 -2 -26 -3 
-6 12 31 27 -1 -1 23 -4 
5 -38 9 -4 -7 -24 -43 -7 
0 -18 -3 7 -2 0 -30 4 
15 7 11 -1 5 2 30 5 
0 0 17 -12 5 7 9 -5 
-24 18 -65 -13 -12 -13 -39 -6 
21 33 65 24 4 11 54 9 
2 4 -75 -22 1 -2 -23 -12 
4 5 5 -5 3 1 -17 6 
23 -6 29 10 9 10 59 1 
-68 -60 -8 -14 -10 -11 -40 -15 
13 19 28 21 -4 -5 -2 14 
5 -11 -7 -20 3 -3 15 10 
-31 -5 0 -11 -7 -16 -77 -27 
9 3 -39 -11 -6 -1 2 -12 
13 -6 58 20 8 16 86 30 
-9 -36 -88 3 0 5 -47 -19 
1 -21 18 1 -11 -12 33 5 
-4 16 43 3 6 -3 27 -7 
18 -6 -18 -15 -3 -4 -56 0 
2 -31 61 -5 -4 -1 7 -7 
-7 -28 -57 13 8 9 -5 11 
1 10 25 6 -7 1 2 -12 
-13 -54 -38 -9 -5 -7 -5 -7 
4 38 -50 -3 1 -3 17 2 
7 11 43 14 -1 -4 -49 -16 
-10 -11 2 3 0 1 34 25 
-10 10 -25 -30 -4 3 -7 -11 
0 -3 42 36 -4 -2 8 -3 
-1 87 -6 -20 -1 -2 14 5 
20 26 -2 5 -3 -1 -24 22 
-38 -12 17 10 8 0 -32 -63 
10 -2 15 9 -1 -5 -37 21 
29 -51 -38 -23 -8 2 31 7 
11 -15 27 2 6 0 -5 9 
-22 18 -4 11 -3 -7 -10 -12 
-1 -47 -48 -27 -13 -19 -47 -11 
4 37 21 14 18 30 46 29 
-15 -2 10 -18 -3 -15 -33 -42 
19 20 86 12 1 2 -17 28 
-15 12 -93 -8 -6 4 60 6 
15 33 29 10 -11 -7 -13 16 
-19 -9 -87 -35 11 1 -18 -43 
-10 -34 9 5 -3 0 22 11 
2 25 54 25 1 1 -13 -2 
-4 -38 -1 2 -1 4 20 2 
10 14 -3 -17 -1 -1 -7 23 
-8 37 19 10 -3 -6 -9 -12 
-3 11 0 1 -1 4 41 -14 
-16 -59 -30 -1 -5 -10 -10 -17 
5 30 85 25 7 11 -5 1 
-7 -42 -47 7 0 -8 -41 19 
-34 -77 7 4 2 7 49 -29 
0 -1 5 -36 -11 -16 -27 -4 
18 31 -25 25 11 4 2 23 
17 2 4 -11 4 15 15 -7 
13 -21 -14 -6 -12 -21 -8 20 
-19 -7 23 29 8 4 -16 -33 
4 8 2 -2 3 1 21 20 
16 -4 -64 -44 -7 3 4 3 
-3 28 27 -12 0 0 0 -11 
3 -18 25 18 3 3 -10 2 
20 20 -62 -14 -9 0 -23 -2 
16 5 20 16 2 -9 25 -4 
-18 -44 13 -15 -4 8 3 6 
11 62 57 8 0 -4 2 17 
-13 -14 -64 -10 7 8 -3 -20 
-1 39 40 19 -3 -12 -47 -14 
26 24 -19 6 6 14 70 28 
-7 -76 -57 8 2 5 -6 -5 
-3 -20 1 -25 -6 -3 6 10 
13 49 37 9 2 -3 -28 8 
5 5 -25 -4 3 -6 -16 -22 
-29 -28 0 13 -7 -7 -10 -25 
-11 -67 -32 -21 -11 -11 -2 -13 
-8 -48 -5 -4 -8 0 10 32 
5 16 99 16 6 4 -33 -34 
8 87 -69 -20 -3 -10 -2 9 
-6 -41 7 15 -4 2 1 -3 
0 -83 38 -2 -3 -1 10 9 
6 37 -16 -6 2 4 16 19 
-12 -41 22 -3 -10 -3 1 0 
-12 6 -11 -1 3 -3 -13 -7 
-15 0 -1 11 -2 0 13 -11 
14 0 -27 -29 -8 -13 -31 -1 
-6 -4 107 5 0 -16 -34 -17 
-9 -74 -73 20 -8 9 10 15 
-12 -15 -15 -4 13 12 11 -27 
-12 -31 -11 -4 -2 -11 -36 14 
24 7 -14 8 4 12 74 17 
14 27 67 9 -1 2 4 2 
-34 0 -22 -2 -14 -21 -4 -24 
-5 57 -60 -20 10 10 -12 0 
-3 -26 2 -2 -7 -6 -22 -1 
18 16 47 -4 0 -9 6 26 
15 -15 -35 6 1 9 7 -3 
-4 90 83 19 -1 5 7 1 
-9 -26 -61 -33 -4 -8 4 -9 
2 66 8 -7 -10 -4 19 11 
-7 -9 -1 -10 -3 -2 -24 9 
6 -29 -45 -8 3 0 8 -11 
32 30 39 24 4 3 -3 9 
-40 -13 23 14 -1 1 19 -1 
16 -38 -67 -50 -9 -11 3 -18 
8 37 78 4 -3 -2 7 23 
-1 8 -46 -11 -1 14 1 -8 
-3 16 16 19 -8 -16 -44 -39 
1 -35 27 16 20 14 8 6 
12 -36 9 10 -3 5 0 5 
-19 48 -19 -23 -2 -2 17 -3 
-3 -47 3 -14 -8 -11 -14 -2 
-22 6 -13 17 5 6 -2 -11 
-5 -31 -7 8 -5 -5 -8 8 
2 -45 4 -24 17 4 -20 -7 
-10 -32 -45 12 -2 2 45 14 
10 102 92 -2 -1 5 0 -10 
-13 -65 -40 -6 -8 -21 -29 1 
-1 -34 -25 16 -11 -5 34 0 
0 -69 -24 -21 11 9 -20 -17 
-4 48 55 2 -14 -19 -16 1 
-4 50 -4 21 14 25 16 2 
-9 -33 -40 -18 -4 -13 -20 4 
10 31 61 8 -4 -6 -31 -31 
9 -7 -72 -12 -5 3 -36 9 
-4 -3 -1 6 -5 -8 41 -2 
-4 -33 2 -16 3 2 -70 0 
-23 31 3 -8 -3 3 52 5 
12 -4 -2 -13 -3 7 70 15 
-25 -12 -52 -13 -3 -1 -19 -40 
7 11 31 25 -15 -14 4 16 
20 56 -6 -21 6 -10 -82 -26 
-18 -19 -38 3 -10 -2 35 23 
6 8 2 1 9 -15 -60 -21 
-10 26 38 6 -5 21 74 1 
8 -17 -3 -5 -11 11 67 20 
11 -6 7 2 7 -17 -14 10 
5 11 29 18 0 2 -25 1 
-17 -13 -14 -16 7 9 -40 7 
8 -4 -44 -16 -3 -9 -64 -13 
10 0 14 34 -3 -1 -9 -36 
7 -26 14 -30 -12 0 72 48 
-2 -2 -18 1 11 -10 -28 -21 
-3 -22 23 4 -10 3 90 34 
-5 22 -6 -15 -2 5 -122 -104 
0 29 -59 -13 0 19 83 81 
29 24 57 17 1 -1 -59 -1 
-9 -18 -70 -17 -4 -10 71 -19 
16 -14 16 8 -7 0 76 30 
8 13 31 7 -3 -27 -112 -55 
2 1 -75 -20 1 22 98 27 
23 -12 20 20 5 6 -69 10 
-60 26 63 11 9 -4 24 10 
1 -31 -31 -39 -17 -18 -53 -16 
-19 -38 -29 14 -6 -2 25 3 
-18 5 32 14 7 15 -31 -56 
53 57 73 -6 4 -24 -65 51 
3 -55 -92 -19 1 36 116 31 
51 18 47 17 -7 -16 -49 19 
-5 10 -63 -19 -9 -22 -55 10 
-47 0 82 31 11 42 79 -39 
-3 2 -68 -19 2 -25 -106 -32 
-9 16 7 44 13 33 -62 -68 
12 12 31 -17 -15 -53 60 81 
19 -42 -60 -5 -9 -7 5 35 
-41 -18 80 -13 0 2 -20 -23 
-3 2 -29 -14 0 4 -9 -16 
6 16 35 49 6 1 -63 4 
-5 -7 -66 -46 -10 -5 -47 -5 
-5 -6 36 3 -7 -11 11 -54 
8 66 9 29 -6 -4 28 42 
-2 38 16 20 38 31 -10 0 
9 -18 0 -38 -12 -1 8 18 
-5 -50 -76 -8 -5 -4 -30 -27 
-14 -22 -10 -28 -6 -19 6 -9 
14 -14 7 5 6 18 32 2 
2 -18 30 34 4 -7 -21 -3 
11 -13 -24 30 -3 -4 12 6 
4 23 14 -35 7 8 27 27 
-29 -27 -19 -2 -16 -7 -27 -36 
9 -15 5 10 9 -4 -13 -15 
10 17 43 40 -4 4 27 27 
-5 -23 -25 -55 -4 -9 -2 -1 
5 -24 -57 -15 -6 -2 -17 6 
-4 -1 -43 -30 0 -3 -17 -18 
-3 20 38 5 -1 12 18 12 
-15 -49 8 35 -3 -17 -11 1 
12 14 30 20 2 -4 -24 -37 
-2 -5 -46 -41 -14 -5 9 11 
-16 3 29 25 11 8 13 11 
-3 -16 6 -24 -8 -2 6 -12 
-9 -31 -9 -8 -2 4 -4 0 
-5 5 -15 12 0 3 -21 -21 
30 21 33 2 1 6 26 42 
-14 -9 -13 -4 -8 -20 -35 -35 
2 -6 17 8 -4 5 47 37 
2 -22 -35 -8 -8 -3 6 -10 
11 -6 9 2 5 -2 -32 7 
-20 -6 -7 0 -3 0 -15 -20 
14 -4 12 -14 0 2 -5 16 
-11 1 6 13 1 2 5 -6 
16 27 -15 -10 -1 -5 2 15 
-5 0 24 16 5 2 3 -7 
-37 -5 0 -12 -5 -5 -13 -17 
2 11 11 14 5 10 -1 6 
-4 -9 -24 -6 -4 -11 -2 -16 
11 -3 15 7 1 1 1 -6 
-4 -8 -18 -34 -4 -2 -12 -13 
8 -4 8 33 1 1 8 11 
-23 6 20 -1 -4 -7 -2 -22 
13 -40 -11 -2 3 3 -6 30 
-12 5 17 6 -2 -3 0 -4 
-8 -3 -7 2 0 -1 12 -7 
1 -2 0 -2 -1 -4 -11 -7 
-1 3 -7 -8 -7 -2 -2 1 
-2 -6 -9 10 2 9 13 16 
16 7 -18 -18 -6 -9 -8 -23 
2 2 27 9 1 -6 -5 15 
-10 9 13 -9 -4 1 3 0 
-7 1 -9 -1 0 -3 -3 -19 
-14 2 7 2 1 5 -10 13 
-10 -14 -21 5 -1 1 -13 -23 
-2 2 -2 -2 -5 -19 -11 -3 
10 25 1 0 -3 0 -3 -6 
5 1 -2 16 3 4 1 15 
1 0 19 -23 0 1 6 -5 
2 15 -9 19 10 8 7 7 
-4 -10 23 -3 -7 -8 -9 -6 
6 -15 -22 -18 -3 -3 4 17 
-3 -4 -4 6 -5 -2 4 -14 
-9 0 0 -15 1 4 5 -2 
4 -7 -12 4 7 4 -5 8 
-6 -1 -2 -10 -3 -5 1 -2 
-6 -14 -8 2 0 5 2 3 
9 1 -5 -9 -6 -10 -15 -32 
4 9 5 5 -3 -4 -4 33 
-5 -12 7 19 4 0 5 -19 
3 -1 -10 -21 -3 1 10 2 
-12 4 4 -20 -1 6 -12 -24 
-20 -15 -18 -4 -2 -2 5 13 
6 -13 -18 -10 -8 -7 -3 10 
-11 -6 19 4 1 0 -5 -17 
-5 7 -4 20 0 7 12 7 
10 1 4 -13 -3 -1 -4 -11 
-12 -1 -2 -2 -3 -5 -6 -2 
9 21 9 -3 2 5 6 21 
-3 -13 -3 9 -1 -5 -3 4 
-5 8 0 -1 1 0 -10 -25 
17 22 17 9 4 1 8 25 
-5 -4 -6 -13 -7 -6 -6 -16 
-2 -7 -9 3 -2 -4 -2 4 
5 -31 8 -3 -3 -1 -1 -4 
-16 -8 -8 -9 1 0 -10 -15 
7 -1 -5 1 -3 -3 6 14 
-3 2 10 9 3 3 -10 0 
-7 3 -2 1 -4 -3 16 -9 
0 7 -16 -8 -3 -2 -9 10 
14 -4 -7 -2 2 1 -4 -20 
10 -28 -2 0 -5 -2 -4 14 
21 34 -7 -2 0 -2 -6 0 
-4 13 13 11 1 1 4 10 
-13 4 10 6 2 -3 -5 6 
-18 2 -13 -13 -6 -1 7 -15 
2 -10 9 6 4 4 -5 -8 
10 7 -4 -10 -6 -7 -3 1 
-7 -36 -13 -6 -3 4 -10 14 
7 20 5 -2 -6 -9 1 -3 
-19 -15 -12 0 1 6 21 -2 
-5 -11 -10 1 2 -1 -2 -17 
3 0 12 3 -5 -6 -2 1 
14 9 -10 0 6 7 9 20 
1 -6 -16 4 -4 -8 -19 -22 
-13 -18 10 -27 -8 -2 5 -11 
2 4 0 -5 -1 -4 -1 27 
-23 -12 -4 -4 1 0 -7 -18 
1 -6 4 1 -1 -3 -16 4 
1 14 -3 9 0 1 18 2 
3 2 5 11 0 -4 -3 -15 
2 9 6 -21 -6 2 6 20 
-5 -3 -5 -4 -2 2 -12 -15 
-1 -18 -5 1 -7 -16 -11 8 
-9 -13 -12 -9 -3 -2 -4 -10 
-7 15 21 21 8 -1 -1 -30 
13 16 39 3 6 4 -8 35 
10 -17 -60 -6 -12 -1 22 18 
-2 -17 -17 -5 -4 -2 2 -15 
-1 14 -9 -1 -6 -3 -11 -6 
-18 -16 -3 -3 5 3 2 -13 
13 17 15 9 8 1 -13 -8 
-5 2 16 16 -1 0 -9 8 
7 -12 -18 -24 -2 1 18 -3 
-6 -29 5 -11 -7 -2 5 0 
-2 -10 -19 0 -1 1 -8 -2 
3 -4 -6 -3 2 -1 0 -6 
3 11 17 17 4 4 -4 8 
2 4 -3 7 1 -2 7 7 
-8 -20 -6 -4 -5 2 -3 -10 
-4 11 -22 -11 0 -3 -1 -1 
-14 -10 2 -5 -7 -9 -7 -13 
0 1 -8 -1 -2 -6 -4 -4 
5 -2 5 2 1 5 6 14 
-17 36 32 6 2 3 -18 -14 
20 -3 -1 6 3 -2 27 12 
13 26 6 -4 -3 -4 -3 -2 
-6 -2 -1 7 3 3 2 -6 
-14 -17 -9 -26 -4 -1 5 -12 
11 10 -2 -3 1 -3 -10 45 
-4 -8 -8 -7 -6 4 -2 -12 
7 33 21 13 6 -1 4 14 
5 -10 -1 5 2 3 -2 -10 
-11 -4 -3 -2 -3 2 -10 -13 
2 0 1 3 1 -4 4 8 
-8 2 -1 2 -5 -5 -12 -31 
3 6 -7 -10 -4 -6 -1 5 
-3 -19 3 0 -5 -2 -2 0 
-4 -3 -3 13 0 0 5 10 
-15 -2 1 -16 0 0 -9 -5 
22 18 3 13 4 3 4 -10 
-3 -3 1 2 0 2 0 10 
0 11 -6 8 -2 -2 -2 2 
-9 4 -5 -22 -7 -3 -5 -7 
-10 -8 -2 -1 0 0 1 -4 
-5 -26 -23 -7 -3 0 4 16 
5 12 0 -5 -1 -2 -7 -7 
-7 -8 10 -2 0 3 8 -45 
1 7 9 4 -2 -1 5 54 
4 -10 -16 6 1 0 -5 -32 
-22 3 7 -2 -1 -4 -26 3 
6 -6 -12 3 -3 1 21 15 
-9 -13 -2 -19 -4 -7 -5 -27 
9 29 21 8 1 1 4 31 
11 2 -18 -6 0 -2 6 -5 
-6 -4 -11 -5 -4 -3 -17 -4 
5 -26 -12 4 1 3 -1 5 
-24 -20 3 1 -2 -1 3 -15 
-7 2 17 1 1 1 -3 -12 
12 0 -13 -1 0 3 -1 29 
-4 13 7 -2 -6 -7 -3 -3 
0 -5 -8 -10 -3 -4 -7 -34 
18 26 14 5 1 2 7 21 
-7 -1 15 13 7 2 2 4 
2 34 2 -4 -4 3 14 0 
10 23 8 11 1 -1 -9 8 
