#EMG
#9
#ID:9-43
5 -5 -1 -7 0 -4 -11 -10 
-7 4 -7 -3 -3 0 -2 -3 
-3 -3 32 9 1 -2 9 1 
-2 -14 -48 -7 -4 -4 -4 -19 
-5 -9 21 10 1 2 2 24 
26 64 -6 -1 -1 2 17 40 
-21 -8 1 0 -3 -6 -15 -29 
14 -6 -3 -12 -1 -2 -2 21 
-18 -11 -1 -9 -5 -5 -5 -37 
-24 -22 14 -1 -5 -1 -1 -17 
5 -3 -14 4 0 -2 -2 14 
8 15 -8 4 -1 0 0 -31 
-2 -18 -12 -3 -2 0 9 0 
-13 -25 5 -4 -3 -4 -10 -13 
-3 1 -27 -8 -1 -1 -1 12 
-16 -8 15 8 -2 -3 -13 -16 
-1 6 11 -5 -2 1 21 22 
-9 -25 -10 1 2 0 2 -16 
-1 -28 -10 -12 -7 -4 -6 1 
-8 31 34 8 -2 -3 7 -7 
-1 5 -6 -6 -3 -2 -11 25 
11 6 -4 -1 0 -2 2 -16 
-7 -9 1 7 3 2 -6 -1 
4 -2 9 -1 -4 -4 -10 -2 
-8 -17 -18 -5 -2 2 12 17 
14 -16 -24 -3 2 -3 -16 -16 
3 17 23 1 -1 3 10 -20 
0 -27 -29 -5 -4 -3 -1 7 
-2 -6 8 7 6 1 0 -19 
2 -40 24 0 0 4 -6 32 
1 25 -9 1 -1 -1 2 12 
-6 -22 -38 -8 -3 -1 11 -5 
3 17 8 1 -4 -8 -20 -11 
3 -17 -37 0 0 -1 -1 5 
-9 -7 4 -3 -1 -3 -11 -17 
-3 2 23 9 5 3 13 -2 
22 -7 -1 -3 -4 -4 -2 23 
-13 13 -21 -7 -3 1 5 -16 
6 3 -12 -10 -5 -3 2 21 
-1 -5 -12 4 -1 -7 -7 -13 
-16 27 32 7 6 7 5 7 
24 23 31 6 -4 -6 -13 -14 
4 -14 -31 -7 1 0 2 9 
-4 -20 -6 -5 -1 2 3 -5 
5 9 4 3 0 -6 2 -2 
-24 -9 -10 -1 -3 1 2 -10 
-3 4 7 2 1 0 -7 14 
16 18 10 0 -2 0 -8 3 
-1 5 2 -2 -5 0 10 -5 
-28 -31 -43 -10 -4 -4 -11 -22 
12 -15 -12 -6 -2 2 5 -4 
0 -31 37 12 -1 0 6 22 
6 31 4 -7 1 2 -9 23 
8 17 10 0 3 0 15 -29 
-21 -42 -15 -6 -9 -8 -12 -5 
8 28 4 -6 -2 2 16 30 
-3 -9 29 -1 -4 -6 -17 -35 
-11 13 14 5 0 0 4 -1 
-11 -10 14 9 5 3 12 -4 
3 -3 -9 -1 -3 0 -11 25 
-3 -10 5 -13 -2 -6 -31 -39 
24 5 4 11 -6 -3 38 32 
-1 9 -5 -3 0 -3 -17 -24 
-4 -39 8 -7 0 -4 -46 -6 
-8 11 -48 -8 -6 7 55 22 
-5 -24 6 2 3 1 -16 -2 
1 -10 1 1 -1 -2 -7 -2 
16 39 -20 -16 -2 -3 -9 26 
-47 -51 -6 6 -1 -2 -10 -48 
-2 -15 44 5 0 1 -9 14 
6 -12 19 14 1 8 42 0 
15 24 -20 -24 -2 -4 -15 -8 
14 5 -42 13 -4 -5 -7 4 
-9 36 -38 -22 -5 -5 -13 3 
-25 -27 36 14 -2 -5 -21 -23 
5 -5 -20 -14 -1 6 11 15 
23 -1 17 5 -4 -9 -10 28 
1 -53 -19 -3 -4 -3 3 -32 
-32 -25 -86 -66 -2 -7 -54 0 
-12 16 67 53 -5 -3 43 -25 
-3 -8 -45 -3 10 12 7 17 
6 18 32 26 0 -5 -39 -12 
2 4 30 6 0 10 37 10 
-58 -31 -31 -31 -8 -5 13 -17 
39 -31 8 2 -4 -8 -26 18 
-5 75 -20 -3 3 -5 3 -28 
30 16 11 1 -4 -4 -24 38 
-10 22 28 5 5 1 2 -25 
-12 -40 -53 -9 -6 -4 -17 -2 
-23 -3 -6 -7 -1 8 37 -8 
17 -4 8 6 1 -6 -31 -11 
5 3 5 5 2 1 3 9 
1 16 18 5 2 -4 -31 -17 
7 -10 23 -3 -1 1 16 23 
-18 -19 -35 1 -4 -4 9 23 
16 -66 -20 -10 -1 -2 -8 -31 
-23 8 26 3 -1 0 15 -21 
16 0 16 10 3 2 -23 39 
10 56 -4 -9 -6 -4 22 -7 
20 -23 30 23 3 -5 -37 6 
-27 -5 9 -26 -3 3 20 -52 
-1 -4 -45 -36 -5 -5 -20 23 
9 -8 9 7 3 3 14 -1 
-5 2 -24 10 -4 -6 -8 -16 
15 39 61 20 3 0 -37 27 
-22 3 -15 0 1 7 50 -17 
25 6 -14 -5 1 3 32 44 
-5 18 -53 -30 -6 -11 -32 2 
-4 17 38 25 -1 0 12 -8 
50 -13 0 9 -6 -9 -10 -6 
4 -11 -1 -11 4 -1 -65 -22 
-6 92 23 3 2 11 62 34 
-27 -25 7 -17 3 3 19 -10 
-4 -9 -57 10 -3 0 10 -11 
8 19 -20 -28 -1 3 27 -7 
11 -40 23 37 -5 -3 -48 -17 
33 -5 -15 2 -1 -10 -16 35 
-44 -8 28 -22 -6 -9 24 52 
-11 -18 -42 -11 -3 -12 -59 -67 
-13 13 -17 -15 -2 0 42 29 
-3 21 50 27 9 15 22 -8 
-2 -4 0 6 -1 1 -43 -6 
-7 -23 -30 -21 -7 -3 -10 3 
-18 -39 8 6 2 12 22 7 
-7 -30 -15 21 -5 -12 -20 -26 
13 12 23 -3 7 -4 -27 -2 
-27 27 30 8 -6 -4 4 -11 
14 1 -75 -30 0 7 40 24 
-24 19 19 -6 -2 -8 -37 -29 
15 90 22 23 3 11 68 9 
-25 18 52 18 7 13 -38 -19 
26 25 22 3 1 -4 29 -5 
19 -30 -88 -42 -8 -11 26 12 
-21 -37 -5 -27 -6 2 35 -12 
3 29 39 41 1 0 21 27 
-17 -10 -17 -25 2 -4 -33 -23 
31 16 52 45 5 20 72 11 
12 18 19 -19 4 2 -33 32 
-20 -37 -4 6 -3 3 14 -32 
11 1 20 18 1 7 -10 18 
14 0 -59 -51 -6 -15 -55 12 
7 -24 -44 5 -3 1 -49 -2 
-22 8 6 -13 6 3 66 9 
-10 17 21 34 -3 -12 -63 -41 
-34 -2 4 -26 -9 13 112 8 
36 -14 -1 21 -4 -17 -37 0 
-1 -35 -56 -21 -7 -6 -28 20 
-6 1 38 -12 -9 -7 17 -3 
4 -27 23 11 8 3 -27 -2 
17 6 -51 -22 1 2 -12 -9 
-23 29 115 56 1 12 61 23 
-9 -36 -91 -11 2 -3 -34 -1 
18 9 -7 8 -3 -15 -61 -27 
-34 14 11 -11 -17 4 40 1 
30 46 22 -7 3 -3 -14 -15 
12 69 29 -8 2 2 4 13 
6 21 -38 1 0 -7 -45 5 
-10 13 43 33 13 13 8 -20 
-4 -7 -9 -25 -10 -3 -7 -14 
-29 -13 28 25 -1 -4 -33 -5 
-9 -19 -14 -41 -5 -3 58 9 
-11 -20 -18 1 -4 -10 -60 -10 
10 -40 -40 -2 -3 6 52 21 
22 31 74 7 1 3 -21 -19 
-13 38 -34 11 1 -20 -93 2 
-11 -69 -42 -17 -5 9 95 9 
18 24 -13 -2 2 -9 -34 14 
8 -25 -26 -8 -2 -12 -25 -23 
-2 -37 23 -14 -2 19 58 14 
-3 31 84 50 5 -13 -29 -15 
-4 0 -15 -19 -9 -9 -54 -31 
-12 -45 -84 -9 1 0 44 13 
-15 17 48 3 0 11 -1 27 
20 -7 21 15 5 -17 -55 -33 
4 32 7 -15 -2 11 28 16 
-1 -22 -34 -2 2 5 26 6 
-8 -22 2 7 -2 -5 10 -18 
1 3 26 -7 2 0 -17 -4 
-11 -65 -46 -1 0 -10 -23 5 
2 0 33 -3 0 5 -34 -1 
5 -6 -54 -16 -3 -1 38 0 
10 -24 26 6 5 8 -9 -43 
0 1 -49 -37 -1 -10 -20 28 
-25 0 76 35 -10 -3 1 3 
8 15 8 11 -1 4 47 17 
-14 14 -2 -30 0 -4 -13 -12 
24 -19 23 19 6 7 40 -17 
-1 74 -37 -23 -1 -10 -68 -2 
6 1 -9 7 6 7 10 -8 
-4 34 23 5 -9 3 67 42 
-28 -58 -36 -11 -12 -14 -25 -22 
-9 -26 -17 -14 -7 -5 -14 -3 
-2 8 29 26 3 0 7 -14 
20 17 -50 -9 0 2 -13 14 
-5 -16 1 9 10 5 -36 -28 
28 -68 14 18 1 1 43 51 
-18 -55 -38 -18 -18 -13 -39 -10 
11 -26 29 -41 0 0 4 19 
-27 54 -61 18 -4 -2 -11 -8 
8 71 19 -7 -5 -12 -27 -17 
-31 -48 5 28 5 15 6 18 
-20 4 34 -8 12 1 -9 -35 
15 -68 -10 1 -16 -7 33 2 
-24 -17 17 23 18 2 1 -13 
17 1 -29 -19 -7 6 11 48 
-10 -42 -73 9 -12 -9 -10 -12 
-7 27 16 3 8 5 -5 11 
-4 -64 -10 -17 2 3 -3 -24 
-18 45 102 9 -1 -1 34 -28 
-12 -7 -54 -12 -7 1 22 27 
34 23 43 24 -6 0 27 10 
-12 -12 21 -27 -7 -2 7 -4 
16 73 15 0 12 5 -24 -10 
7 10 7 12 5 8 -5 -12 
-2 -23 6 11 -8 -13 -10 17 
-12 -10 -31 -20 6 -2 0 -19 
7 -12 -78 -31 -8 -9 -9 -6 
-45 2 37 43 -3 -8 -34 -62 
34 -49 35 8 9 -7 -22 78 
8 -6 -1 -30 -22 2 31 1 
17 -14 16 9 1 -11 -98 -20 
16 2 19 -28 2 8 80 35 
-57 -12 -53 -18 -11 -8 -17 -36 
8 19 2 39 4 2 1 4 
24 28 -43 16 6 5 2 -8 
24 11 -3 -37 -17 -12 -47 -1 
-32 -45 8 -21 4 2 22 -15 
12 62 39 14 6 0 -15 21 
-32 18 -13 -3 -3 -1 26 -54 
26 22 0 54 20 9 14 20 
13 0 -8 -38 0 4 32 20 
-18 -45 -19 56 -5 -2 -10 11 
-13 -17 -9 -33 -12 -7 41 -13 
17 40 1 3 4 1 -27 -2 
11 17 6 26 3 2 37 15 
-10 5 -13 -35 -7 -3 -9 -17 
32 -31 -17 -13 6 -2 -35 12 
-27 -59 19 23 1 1 -14 -15 
29 30 34 26 4 16 35 39 
4 75 17 -31 -5 -10 -34 21 
-19 -26 -19 -18 -12 4 59 -26 
-44 -112 -95 -20 -14 -9 -18 4 
22 64 2 -2 -5 -9 -49 -2 
5 -51 13 -8 19 9 7 -8 
-10 6 18 -20 3 -6 -49 24 
5 -9 14 -4 -10 -1 53 -18 
-2 2 38 48 -5 2 -6 2 
1 -69 -66 14 0 3 18 25 
-4 -15 20 21 -6 -10 -42 -48 
22 23 42 -18 8 1 -27 60 
-7 -73 -16 -21 -8 -11 -25 -42 
1 23 -9 -14 -9 5 22 -28 
-17 -103 -111 38 12 -6 -4 21 
29 103 55 -14 -10 6 -3 -4 
-15 -9 58 4 0 -9 -1 -22 
15 -42 -9 -11 -10 -16 -38 21 
-14 4 0 0 -2 1 9 4 
-8 -24 16 14 -4 4 31 -12 
37 9 -53 7 -2 -3 -30 15 
1 -40 -33 -41 4 11 43 -4 
-11 -5 65 40 -16 -20 -60 4 
-10 10 55 3 7 -2 -21 5 
-30 58 -11 -16 2 12 -16 -51 
-6 -41 8 -5 -3 -2 43 27 
31 25 35 7 -3 -9 -30 -35 
-38 -107 -40 8 -7 -9 -8 41 
19 -55 -19 -3 -3 3 36 14 
-12 -10 -38 -14 5 -1 -42 -23 
-9 19 1 -11 2 21 60 46 
5 18 2 -2 2 -6 -45 -45 
-5 -8 -44 -8 -8 -19 8 -1 
26 -2 -32 0 0 2 4 -9 
1 10 30 -15 -3 1 29 12 
-20 -2 -60 -1 -5 0 4 -44 
-20 -67 -1 -27 1 11 11 -1 
-11 31 55 30 0 -16 -44 -52 
29 18 -37 -5 1 4 34 74 
-42 0 -57 -46 -16 3 7 26 
-6 82 14 -4 1 -12 -1 -21 
-3 -16 16 -43 -2 -4 -12 -27 
-14 -12 -6 23 12 12 -19 -25 
22 11 -12 -4 -15 -12 -3 -6 
9 -22 -24 27 7 8 -26 -2 
-8 89 12 -15 -5 -8 -20 26 
-4 21 -12 11 -1 8 62 -33 
-10 4 36 -28 7 8 27 -19 
30 37 13 -26 -2 1 14 66 
-18 -7 -28 -15 2 6 11 -37 
-12 -53 79 34 -12 -16 -45 50 
50 20 -46 -9 2 -7 -27 -23 
-5 69 17 37 1 5 46 -13 
-6 58 -26 -20 -5 1 -30 3 
-26 -7 13 -19 3 -12 -45 -4 
-1 -43 12 15 -4 16 95 20 
-4 -38 51 9 5 -2 -44 -21 
-15 13 -97 -60 -13 -6 -2 -12 
35 2 61 11 -3 -4 -4 30 
-22 -29 -4 15 2 -24 -114 -12 
-19 -23 -3 -2 5 21 80 -43 
26 -52 2 -9 -8 -17 -18 78 
28 -65 52 14 -5 10 41 -9 
-34 -26 -62 -42 -6 -10 -42 9 
-28 -19 39 63 4 0 -25 -43 
50 -16 -32 21 -7 5 69 19 
-69 15 -25 -30 -2 -15 -68 -25 
9 -14 38 4 9 11 45 81 
12 54 69 31 4 -8 -48 -83 
-19 -101 -69 -37 -7 -3 7 40 
26 112 40 27 7 1 -31 -10 
-28 55 4 19 0 7 36 -43 
36 -12 -35 -3 -4 -7 -58 21 
-16 0 61 16 8 7 40 5 
8 8 -27 -13 -10 1 11 -4 
1 -10 18 -23 2 -24 -111 -48 
12 0 -31 -26 1 16 102 101 
-4 -47 31 46 0 1 2 -72 
-42 63 -8 6 -10 1 4 -47 
5 11 42 16 2 -2 -12 40 
-19 -29 5 -47 -14 -16 -37 -2 
-11 68 31 27 9 -5 -47 -38 
-11 -24 -60 -54 0 12 55 22 
14 -31 -25 44 -2 12 97 -1 
-8 37 18 -58 -4 -17 -90 -7 
90 -86 -7 12 -7 -11 43 115 
-43 -38 1 -4 -1 -4 -11 -56 
-18 25 -24 19 6 3 -15 -7 
9 -16 -47 -24 0 7 18 -4 
-29 10 22 -28 12 9 -23 -27 
49 -17 60 68 -12 -19 -39 27 
-29 -37 20 21 -7 2 40 -19 
-10 19 -42 -52 -3 2 -16 22 
13 28 72 49 4 9 23 7 
19 39 -40 -49 7 -3 -31 -17 
4 -1 -20 -27 1 4 -55 4 
-17 -1 -46 -18 -11 -14 18 -14 
31 78 -36 6 -3 4 63 34 
-45 -64 23 -12 1 -4 -31 -23 
21 -3 38 40 -3 -16 -80 22 
17 12 -4 15 10 14 6 -33 
-17 7 92 62 6 15 65 19 
-23 -23 -83 -75 -14 0 77 1 
17 -30 50 -40 4 0 -32 -3 
-11 23 71 61 1 -3 -15 -10 
-2 -6 -9 -5 -3 1 -40 -21 
18 -5 -18 -2 1 4 52 15 
25 -3 -40 -31 -6 -6 12 8 
-7 -58 26 36 7 1 33 2 
-41 54 -38 -6 -8 -4 -16 -44 
13 30 -10 -41 0 -3 -66 27 
6 25 -4 8 7 11 5 -49 
-14 -60 -41 -15 -15 -15 56 48 
-9 -16 58 79 8 -2 -54 -13 
14 -75 -86 -37 6 3 -19 -9 
6 42 88 65 4 -3 -1 15 
11 12 -24 -21 0 3 -22 -18 
0 -15 48 -35 -6 -5 0 3 
11 71 -1 2 -2 -5 -43 5 
-6 -2 49 25 0 9 86 1 
-6 23 39 16 -8 -12 -40 -5 
-32 -54 -128 -81 -13 -3 7 -38 
28 37 98 27 7 2 -8 31 
-31 -34 -49 -12 -7 -5 -30 -26 
11 -22 28 3 -4 -1 47 38 
-18 -59 -27 -5 -4 -7 -11 -18 
-2 -2 53 66 5 -6 -8 8 
18 -46 -98 -54 -2 0 1 27 
-22 -6 11 21 -1 -6 -29 -30 
-22 10 -68 -36 -7 -8 -58 -6 
-6 -4 -19 7 7 24 99 -8 
23 10 10 -15 -3 -11 -39 14 
25 -28 46 6 4 9 24 17 
-2 22 5 8 2 6 12 0 
-19 -67 -70 -44 -12 -13 -25 -30 
-27 15 10 9 3 -2 26 -2 
3 -14 33 8 -1 -1 -4 -7 
6 -3 2 1 -3 -6 -70 19 
5 -24 -31 -6 -3 -4 3 -29 
32 16 -3 -24 0 7 42 58 
-22 124 33 28 12 7 -14 -21 
10 -21 -10 1 -8 -19 -70 -9 
-1 7 20 3 2 23 73 5 
24 -2 -33 -4 -6 -13 9 9 
-44 21 85 10 7 3 -10 -44 
1 -7 -37 -3 -9 -5 8 11 
-5 15 16 -15 4 0 -38 18 
-20 -8 52 34 -4 4 17 -21 
31 16 -62 -37 -1 -2 -5 13 
-43 -4 -6 -13 5 1 22 -19 
11 -21 -28 -4 -13 -23 -65 -15 
0 35 22 14 4 8 34 11 
8 -33 -46 0 -6 -8 -27 3 
9 -24 85 33 20 21 45 6 
-26 -34 -50 -26 -4 -1 14 -2 
-22 -61 -31 -33 -20 -15 -27 -27 
7 35 -7 4 3 -1 -8 1 
-6 -39 -12 -4 0 3 12 -10 
5 -21 61 43 8 -5 -41 -5 
22 17 -52 -18 1 5 35 -4 
-8 -13 18 -3 -4 4 1 29 
6 -20 18 20 7 -4 8 -36 
12 16 8 -9 0 4 12 22 
-55 40 -54 -13 -6 -12 -44 -4 
30 -42 -17 7 -1 -2 5 -4 
18 49 40 -23 -6 -1 -6 5 
-9 94 -14 14 5 0 -28 -36 
-9 -62 -37 -15 13 9 15 -6 
-11 -53 -33 4 -7 -4 23 14 
14 -15 -5 0 -11 -5 -21 -4 
3 -58 30 0 1 -13 -21 -1 
21 8 16 9 -2 -6 -14 -6 
-24 -15 -72 -27 -3 -6 -29 23 
1 20 -22 -13 5 22 99 7 
-8 46 58 54 -14 -11 -4 8 
3 -24 24 8 9 7 -23 -11 
26 -12 26 -19 3 0 -2 18 
-13 57 -31 -11 -3 -8 -15 -5 
-5 -60 -39 -21 3 6 16 -10 
-46 -14 94 50 -5 -7 -13 -8 
3 18 8 -32 -4 0 -3 -11 
7 9 -39 20 0 5 -9 35 
7 -50 -21 -10 1 11 73 3 
9 -80 25 -3 -4 -13 -44 -27 
-30 16 11 -24 2 2 -14 -17 
-8 24 20 -14 -10 -10 7 2 
-11 -36 12 4 -1 3 -15 12 
16 1 1 36 5 2 17 10 
-12 3 -16 -48 -12 -15 0 -7 
15 -2 -3 10 3 11 25 9 
2 18 76 14 10 2 -16 -9 
7 36 -101 -68 -18 -11 1 -24 
0 35 -16 18 -1 -3 -4 10 
-2 68 51 -4 -12 -6 -11 22 
-20 31 11 1 -3 -4 37 35 
2 -12 -8 5 -1 -3 -13 -16 
12 3 -15 36 2 5 14 19 
11 -41 41 13 -2 -8 -48 -70 
5 -24 -20 -2 10 6 -5 -2 
-20 -46 -95 -6 -9 -15 -7 -10 
6 14 21 -19 0 4 -10 -19 
-12 -35 -13 -16 -2 2 47 38 
33 -3 -28 0 -1 3 -8 2 
-16 -48 -3 -14 -4 -1 16 -21 
-20 -121 -40 -11 -4 -3 -17 5 
-9 76 55 1 3 -15 -40 -33 
13 3 -23 -3 2 6 0 -2 
-12 66 71 34 -5 -7 -32 4 
2 4 -25 -10 3 6 14 -1 
-12 -39 -34 27 11 18 45 -2 
28 3 16 -19 -15 -25 -23 30 
5 5 8 31 0 -4 -25 4 
-39 24 0 -17 -6 -7 27 -9 
5 -30 4 -7 3 2 -33 -14 
-38 -56 -6 11 5 -2 -9 -8 
16 2 -5 -27 -6 4 2 2 
23 8 66 52 8 2 20 -16 
-33 -38 -108 -33 -3 2 31 25 
-15 -8 25 5 -13 -18 -36 -14 
27 67 53 2 7 20 32 47 
-7 -46 -3 22 -18 -9 10 -45 
0 68 63 0 5 -11 -36 0 
15 -49 -104 -19 -6 -6 -9 -5 
-20 1 54 -13 -2 7 -24 -20 
22 35 -19 -3 -11 -18 -34 15 
-10 -49 44 37 5 -4 -19 -4 
12 7 -86 -46 -12 12 89 20 
-16 30 -4 -8 4 4 30 -16 
33 -10 -24 -6 2 20 71 32 
-15 -80 -80 0 -11 -22 -70 -16 
2 -9 68 44 4 5 20 -7 
26 26 23 -2 -1 1 11 -8 
-18 -18 -24 10 5 -4 -65 14 
28 7 20 -1 0 14 44 5 
-2 44 1 -21 -23 -33 -38 -4 
-22 -35 6 11 4 -13 -68 -16 
9 15 9 -5 13 3 46 -14 
-21 -35 58 42 -8 -6 -24 3 
-16 11 27 -16 6 18 74 54 
-5 -14 -70 -37 -9 5 -16 -45 
-18 49 12 9 -1 -31 -128 -29 
-18 7 -19 -44 -1 12 52 -15 
40 19 51 71 11 9 2 10 
-29 -53 -73 -31 -11 -24 -52 -26 
21 -10 39 7 2 -10 -75 52 
29 -11 -20 -10 1 11 69 -1 
-6 56 82 -2 11 -2 -128 -64 
-14 -24 -10 53 5 27 127 86 
-6 -38 -65 -32 -14 1 85 -29 
12 -61 -17 -38 -1 -36 -128 -16 
9 19 8 79 15 15 42 7 
3 -34 -48 -61 -6 34 58 -1 
-32 13 13 22 6 -38 -69 -47 
40 13 38 8 -4 17 99 94 
-7 -39 -124 -50 1 29 -3 -53 
25 16 63 41 2 -7 36 56 
-14 10 -12 -18 -1 5 -27 36 
-29 7 7 37 -11 -55 -74 -67 
16 2 -11 -21 3 22 56 -4 
-46 32 72 -9 -4 -23 12 -1 
24 24 -32 -77 16 49 107 -59 
-21 -13 -2 28 -12 2 -70 12 
25 -34 -9 16 -7 -37 -40 19 
29 6 17 -12 -6 -8 14 58 
-32 -16 -17 0 3 5 -56 10 
62 40 -27 -8 4 23 6 -27 
-44 -35 -16 -57 -14 -15 23 -13 
2 44 104 34 4 1 -42 -27 
0 -38 11 31 -4 -15 -42 26 
-15 -29 -22 -13 -8 10 -30 -38 
-31 18 12 -10 13 7 27 -8 
31 -16 -75 -25 1 -14 -77 -18 
0 13 77 43 2 30 98 15 
-45 3 -34 -16 7 -14 -23 10 
12 -1 9 -25 0 4 25 25 
-14 -49 -14 14 10 -9 -40 -29 
8 43 42 15 -8 -6 0 -7 
3 8 4 -4 -11 3 35 19 
2 39 48 24 14 -10 -47 -11 
0 -6 -25 -22 -1 8 6 12 
9 -21 -25 -26 -19 -4 4 5 
-2 -1 12 -13 25 5 32 5 
-16 -7 14 3 -23 -7 -2 2 
5 22 0 24 21 10 -29 -3 
-2 -42 -36 -39 -4 -4 2 -14 
-17 5 32 10 -1 0 0 4 
1 -21 -61 -2 -8 -7 -7 1 
-3 11 25 34 -4 -3 4 -11 
-1 9 35 25 -4 -9 -45 -11 
16 -9 -53 -42 4 4 37 25 
-11 2 29 4 -3 -8 -32 3 
21 30 3 -2 -8 -6 22 15 
-17 -16 -13 14 7 2 -18 -9 
16 3 20 13 -3 5 2 -14 
-9 6 -3 -6 -4 -7 3 8 
-5 -6 -2 -18 -6 -13 -2 8 
-7 -13 5 11 1 -6 -8 -30 
11 -4 0 13 1 12 13 20 
-20 3 14 -11 -4 -6 -16 -22 
1 1 -31 1 -1 2 -7 -9 
7 -14 36 -5 -3 3 25 28 
-16 36 -59 -12 -12 -6 15 -23 
-14 -11 18 6 1 2 -7 4 
-1 -9 14 7 -3 -6 -7 0 
10 14 -14 1 -2 2 5 8 
8 1 32 4 3 -4 -23 3 
8 4 -39 -14 -5 8 41 -2 
-19 -33 -2 -9 3 -2 -7 -20 
18 5 -2 4 -3 -2 3 25 
-13 -28 -11 24 -2 -2 -10 -21 
27 42 35 4 6 -3 -16 23 
-21 -20 -34 -28 -5 2 0 -23 
-12 -19 -14 1 -1 -2 -4 -50 
17 -13 22 -4 -3 -5 6 69 
-13 4 13 4 3 2 -6 -7 
11 15 -12 -1 -2 2 -7 -1 
-12 -14 -5 -14 1 4 20 -2 
-4 1 15 7 -2 -10 -17 -6 
6 -6 -10 0 -1 0 0 -17 
-15 13 20 9 0 -2 -3 -1 
18 14 -16 -3 4 -2 -47 2 
-10 -12 6 -8 -3 0 8 12 
5 -4 -7 2 -5 0 58 -3 
3 -16 -42 -33 -9 -5 2 -11 
-9 -2 14 15 1 1 3 4 
-6 4 21 25 -1 -2 -17 -5 
-1 -12 -56 -20 2 -2 -25 -26 
6 -20 -12 -12 -2 -7 -26 -10 
-12 10 6 -8 -6 6 69 36 
-2 -13 18 8 -4 -6 -4 -2 
8 21 21 1 -4 1 -8 -19 
-15 -26 7 -16 5 6 2 -5 
15 -14 -69 2 1 -2 -9 31 
5 59 67 -15 -3 -3 -17 -44 
-12 -23 -19 -4 -5 -1 34 48 
11 21 2 -3 -3 -2 1 -14 
5 11 31 20 0 -5 -11 -12 
-16 -17 -25 -20 -2 2 9 -7 
10 1 0 -1 0 0 -27 6 
14 29 5 8 8 8 -3 7 
-10 6 31 30 0 -1 8 -6 
15 -14 4 7 0 1 10 -3 
-26 -2 -45 -44 -10 -8 -20 -3 
-9 -14 1 18 -7 -11 -1 11 
12 -2 7 -19 -1 -2 -29 5 
-11 8 0 8 -1 8 15 -4 
16 14 47 17 17 8 14 15 
-1 -21 -53 -9 -11 -6 -13 -8 
-3 -6 7 -9 -2 -7 15 -6 
-9 5 0 0 -6 -3 -8 2 
-13 10 -8 7 -6 -8 -9 -41 
23 12 16 16 7 4 11 19 
-15 -15 1 6 5 0 -1 -8 
9 30 38 4 11 6 8 31 
-11 -28 -50 -11 -9 -3 -15 -1 
-13 -4 18 16 1 0 13 -17 
-6 25 -16 -19 -10 -7 -13 -17 
2 -18 -11 1 0 1 2 -1 
-4 -12 -6 7 2 -3 -8 -7 
4 -33 -7 -15 -4 -4 0 38 
5 6 23 -8 2 1 2 -4 
