#EMG
#0
#ID:0-10
14 -13 -54 -14 0 -2 14 6 
-2 -6 9 5 -7 -1 -14 -1 
12 8 13 -3 2 -3 -20 13 
-4 -15 -31 -13 4 13 23 18 
29 59 57 18 -6 -18 -11 -13 
-25 -5 -14 17 6 -1 9 -3 
-20 7 3 -47 -7 1 13 -23 
5 -11 -7 17 -3 -1 -17 -15 
3 0 13 -4 2 0 -28 10 
6 3 -11 4 2 8 32 17 
-6 -16 -12 11 -3 -3 -3 -8 
-10 -3 13 5 -3 -5 -39 -2 
-1 -21 1 -17 -10 -11 11 2 
13 33 2 -4 3 2 -9 -17 
-26 -20 1 8 -1 1 -5 -2 
-2 9 34 -8 4 6 5 1 
2 -18 -55 -12 -1 2 7 -17 
-7 12 3 10 -3 -4 -7 5 
21 -12 -4 -14 0 1 10 24 
3 0 10 19 -1 -9 -12 -10 
-20 -21 3 14 4 3 -3 -6 
6 -24 8 -15 -4 -4 6 1 
7 66 -2 -2 5 4 7 -3 
13 -16 -10 0 -3 -2 -1 16 
-26 2 65 0 2 12 4 -21 
-8 12 -30 5 -5 -24 -67 -15 
7 -16 -5 18 1 7 34 28 
5 -2 4 -20 -7 -8 -14 12 
12 6 78 21 4 10 48 1 
-14 -10 -61 -34 -5 -1 -20 7 
-13 -16 8 6 -5 -16 -20 -35 
11 18 -16 -17 -2 -2 5 9 
1 -15 -42 -12 -6 -5 -23 7 
0 -19 -12 -22 0 8 14 1 
-11 -19 26 18 1 -4 -2 2 
-14 4 -8 8 0 1 3 -20 
-4 -25 -32 -9 9 2 -14 -9 
1 21 37 15 -1 3 10 -16 
7 17 -22 -6 -3 -7 7 27 
-2 -27 -17 -9 -4 -8 -41 -16 
-8 28 12 7 0 -1 31 -17 
3 -27 -9 11 -2 0 9 22 
-3 -1 -11 -6 -2 2 -16 -9 
-1 66 38 28 2 4 -13 9 
8 1 -29 -29 -3 3 8 -14 
13 2 61 31 0 1 48 24 
-9 15 -6 -13 -2 -7 -13 -10 
-14 -47 -35 -16 -3 -4 -19 -17 
3 15 18 2 -3 0 2 45 
-10 -7 -7 3 2 4 -18 -48 
30 7 2 -17 -3 6 11 24 
-4 -5 15 -5 -1 -11 15 3 
-6 -44 -87 -14 -3 -4 -19 -6 
-10 3 15 7 -5 -9 -18 -4 
-5 -27 -17 6 2 3 -4 13 
-1 -7 2 -7 -1 8 23 -16 
28 -11 -40 0 -4 5 3 8 
-12 17 34 -27 -5 -21 -2 15 
14 -6 3 -5 -4 -3 -19 -38 
-33 23 80 43 3 0 8 -21 
-14 -6 -35 -23 -5 0 -16 5 
19 -9 -22 -11 -1 -2 5 -4 
-29 12 39 12 0 -4 -20 8 
8 -5 -26 -19 3 3 5 11 
-2 13 43 45 0 -7 -63 -25 
5 -3 4 14 8 21 32 34 
8 0 -42 -27 -7 0 28 -25 
11 -7 -32 -12 -2 -10 -24 -15 
-47 -17 -23 -16 -5 -5 18 7 
-2 -30 30 31 2 -1 -38 -12 
-23 -33 -27 -23 -7 -4 -1 6 
7 49 16 8 0 5 6 -21 
1 4 3 -7 1 -2 16 -11 
13 3 -6 3 1 -8 -30 20 
-15 -2 26 -6 0 4 -26 -13 
14 21 -9 11 -1 10 42 18 
1 -57 -18 -6 -11 -11 23 0 
5 26 -4 -14 -2 0 12 -6 
7 -8 0 17 10 0 -21 36 
16 -16 13 -4 4 2 -29 -53 
-1 -59 -1 13 -4 2 -15 27 
-25 -12 2 -4 -5 -4 13 -34 
2 6 -6 17 -2 -8 -10 4 
5 -15 0 -7 -6 -5 -4 20 
15 21 32 5 5 10 -7 4 
-31 -12 -44 -18 -5 -8 77 -12 
30 31 32 27 1 -3 -12 -14 
-9 -94 -16 3 -4 -1 -6 4 
13 40 7 -16 0 -5 -31 14 
7 24 21 -4 -5 -1 -2 7 
-6 12 39 12 4 2 5 -21 
-13 -15 -29 -12 -6 -7 29 31 
-6 23 9 -4 -1 -1 -6 -17 
25 -17 -12 -3 4 5 -31 -15 
-20 -39 -26 -24 -7 0 62 24 
11 20 65 35 8 5 -3 13 
-5 9 -35 -15 1 -16 -81 -25 
-7 21 27 12 -5 4 57 -20 
13 17 -33 6 8 10 10 2 
-12 63 42 6 -8 2 11 13 
2 10 -14 3 5 -12 -50 2 
1 -5 -12 -12 -1 8 49 18 
39 13 -1 4 2 -10 -38 -18 
-33 43 -21 -13 -4 4 24 10 
23 40 2 1 -3 3 15 14 
-20 -8 -13 -22 1 2 -26 -11 
16 -2 -8 -14 -8 -7 2 -5 
14 -35 -29 -18 1 -8 -26 2 
-22 11 26 48 -3 7 42 -11 
7 -20 -12 32 9 0 -44 3 
2 -9 -26 -54 -4 1 19 13 
-21 -25 -18 -3 -3 -1 -35 -15 
-6 -16 44 4 -3 0 71 -6 
28 -28 -23 9 -3 -4 2 20 
-19 -9 47 40 4 -3 -36 0 
-8 -51 -9 3 -3 1 20 -11 
-2 25 -27 -25 -1 -4 -21 -4 
-5 18 -56 -24 1 1 -16 -23 
-23 -106 -10 10 -6 -3 14 35 
24 41 19 -11 -1 -4 -19 -19 
8 0 -5 6 0 5 25 34 
-7 2 32 -6 -9 -2 -48 -46 
-10 50 -38 15 9 2 4 5 
-20 -53 21 -30 -4 -7 2 -11 
-4 -28 -3 18 1 -7 -11 -5 
-1 -10 -6 -5 -4 -5 -31 13 
7 12 10 -9 1 10 39 -7 
-19 0 -8 19 -6 -5 -11 -4 
14 -1 -21 -36 6 17 46 3 
2 -9 -6 4 -9 -15 -29 7 
-1 2 45 32 2 1 -1 -10 
32 33 -13 -9 2 -10 -43 12 
-30 -19 37 25 -3 3 16 -25 
21 15 -16 -24 3 13 17 34 
-23 42 35 -13 -7 -20 -22 -30 
14 -31 -80 -11 -6 3 38 16 
-48 -37 32 -1 1 -1 -33 -12 
15 69 13 -21 -13 -12 21 -4 
24 29 -19 -4 4 -1 -22 1 
-42 -22 15 -6 -5 -2 -22 -18 
11 13 -34 -8 -6 1 47 38 
-4 -20 33 15 -1 -2 -7 -27 
-3 -1 -24 -24 -7 -5 1 17 
16 19 18 34 11 8 10 -11 
13 -2 49 7 0 -1 -6 12 
-23 -25 -21 -7 -9 -14 -58 -16 
7 5 -5 -15 1 15 83 -2 
2 46 26 21 1 -6 -11 15 
2 -24 -26 -35 -2 8 -9 8 
-30 3 16 -11 -3 -12 3 -15 
-1 -12 -57 -2 -6 -5 -30 -22 
7 -32 56 -7 1 -4 -45 -11 
-26 10 -26 22 -7 5 69 7 
-9 -1 -22 -19 1 0 2 -5 
-18 -56 -3 -23 -4 -5 -12 19 
8 4 3 -12 -2 -2 5 -8 
19 1 38 21 -9 -12 -53 -10 
-22 -17 -31 -9 9 9 22 -5 
-3 -31 2 16 -5 -5 -23 -12 
0 32 23 -18 -2 3 31 18 
8 -29 -78 -29 -8 -12 -19 -13 
18 2 59 61 9 8 3 16 
-8 -3 -28 -40 -2 -3 -30 -27 
-14 28 -20 12 1 -1 -28 30 
14 -48 3 10 6 7 74 26 
-3 -4 30 -20 -8 5 43 5 
-9 1 -23 29 -13 -21 -32 -18 
4 5 -53 5 3 4 -4 -11 
-7 68 62 -14 -2 -12 -30 -8 
0 -19 -43 -36 0 2 -27 11 
-3 -51 7 43 5 14 56 19 
-17 22 54 22 5 1 2 -8 
2 -37 -68 -18 -9 -15 -25 -16 
7 -7 -12 -12 0 4 12 1 
11 79 63 24 3 8 -2 5 
3 -54 -76 -26 -11 -9 -3 -5 
1 33 32 5 1 -4 -16 -7 
-1 10 11 18 8 1 -18 9 
-3 42 -17 -37 -18 -4 30 -4 
20 3 33 19 5 8 21 20 
-12 7 -41 -5 2 -11 -41 -13 
13 -42 -70 -9 0 3 53 -6 
-40 10 61 10 6 7 -21 5 
21 8 25 -12 -3 7 18 -6 
-16 -4 -10 3 -9 -14 -35 -5 
21 6 49 32 8 5 21 12 
8 -122 -97 -38 -1 -2 -4 8 
-20 8 6 17 5 4 11 -15 
21 7 -6 -16 -6 0 -16 15 
1 127 23 -14 -1 -5 -23 -1 
-1 -16 -11 17 -4 2 -6 -11 
-12 40 63 4 15 0 -2 -8 
0 -15 -13 -17 -4 4 6 -14 
-9 9 48 62 -1 3 14 42 
-5 -61 -52 -41 -2 -16 1 -35 
12 -54 -33 -9 -13 -7 4 6 
-5 -43 -17 8 6 8 -4 0 
-6 -36 24 10 -8 -14 -21 -26 
3 52 59 10 15 8 -10 20 
-12 -46 -33 -33 -18 -11 0 -7 
31 9 4 5 22 18 22 22 
-18 -27 16 2 -21 -14 -34 -21 
16 28 21 -4 3 4 9 19 
-13 -29 -15 36 -2 -7 17 -3 
-6 10 0 -20 3 -2 10 4 
4 -64 -26 9 -4 -1 -24 -10 
8 -23 36 -5 3 9 46 17 
-5 15 -45 -5 -1 -5 -42 -10 
-7 -67 13 8 -7 -8 12 -41 
-3 -19 29 -3 6 -3 -38 -4 
-6 -3 -56 -11 -7 3 24 5 
4 28 16 -14 -1 10 15 20 
-19 24 71 28 -9 -15 -2 0 
2 -37 -104 -70 -13 -14 -14 -11 
-7 13 -18 18 2 -1 -20 -1 
-6 -17 -1 0 3 -3 -3 -11 
4 13 19 3 1 3 12 -27 
-9 -15 34 32 9 13 11 17 
6 75 -28 -16 0 -6 7 -5 
2 -37 -36 -41 9 7 17 0 
13 33 55 8 3 1 0 35 
-12 17 60 22 -5 0 2 -35 
-3 1 -28 9 1 -14 -77 2 
-4 50 27 18 -8 -7 25 -15 
4 6 -32 -9 3 4 25 -11 
8 29 -47 -29 0 8 28 37 
4 -4 52 6 -4 1 -16 9 
11 -10 17 11 2 -2 -19 -22 
2 48 -22 -19 -5 3 9 21 
5 47 -17 -2 -3 -6 -5 -29 
14 -15 83 28 1 -1 -35 -27 
-27 -5 20 -16 -9 -4 15 31 
10 -8 2 11 4 9 -19 -23 
-16 -19 -57 14 12 -10 6 5 
6 -37 7 -10 -14 -4 36 15 
20 96 -10 -24 -4 5 -6 -17 
-5 -49 -18 -1 -5 -11 -22 27 
7 23 67 17 5 12 9 3 
-17 -80 -61 -38 -3 -5 -20 -29 
-13 1 4 33 6 -8 -58 -10 
8 -5 -48 -11 -5 -2 86 -6 
8 14 43 -2 -3 -9 -40 -6 
-6 13 -5 16 -1 1 14 -15 
-6 53 57 -17 -1 -2 -21 -34 
-11 18 61 17 1 3 -20 28 
-6 1 -65 -5 5 13 15 25 
5 11 12 -9 -11 -22 -29 -31 
0 -63 -26 -13 -1 8 60 29 
-2 40 30 19 6 -3 -34 -33 
-13 -50 -33 -27 -1 -2 2 8 
-7 -18 -24 22 8 14 4 36 
-4 -100 -3 -8 -10 -11 42 -10 
13 27 49 23 10 -6 -13 -13 
-15 -42 29 -16 -11 0 -8 -13 
-8 -7 -52 -53 0 3 -30 23 
-14 13 -33 22 -11 -2 20 3 
11 18 24 -4 -2 9 -8 1 
-1 6 -70 -15 -2 -9 17 -1 
10 -2 -12 27 4 -1 8 7 
5 -14 -19 -1 3 -2 -13 -23 
-10 -25 14 -55 -11 -7 -21 20 
27 27 -39 -12 11 7 13 24 
10 7 77 43 -4 13 21 19 
-1 24 25 3 -2 -27 -42 0 
-15 -64 -41 7 -3 3 35 -3 
13 -5 6 14 -1 2 5 0 
-10 -31 -54 -41 8 1 -18 -57 
15 -6 22 40 -3 5 -11 19 
-25 -88 -46 -22 0 1 -33 4 
7 51 26 23 -3 -8 29 21 
1 43 24 17 7 10 17 -15 
-15 -51 -77 -53 -7 -4 -18 -12 
19 61 41 13 -7 -18 -73 -25 
-27 -4 17 13 0 12 53 16 
8 -53 26 -1 -3 -14 -22 3 
-9 5 4 5 5 7 -6 -23 
-1 -32 -92 -11 -6 9 78 50 
1 -13 7 -1 -6 -20 -55 -31 
7 40 46 -14 -6 -6 -10 18 
-16 4 0 4 7 4 27 -15 
0 41 51 47 5 4 -25 2 
21 3 -24 -9 1 3 36 4 
-15 -27 -13 -4 -11 -20 -37 -20 
23 -34 -12 -39 -11 4 -8 34 
10 43 33 18 11 5 41 21 
-32 -83 -48 -6 2 -8 -31 -48 
2 22 37 21 -11 -5 22 46 
7 2 -15 -37 5 8 -22 -38 
17 -25 -27 -31 -11 -1 41 -22 
-12 37 45 -6 -11 -10 -28 17 
10 -25 30 9 2 3 14 -7 
16 -15 -48 6 -7 -8 -5 21 
-10 19 71 18 1 -7 -31 -3 
25 -66 -4 -64 5 2 -38 -34 
-54 60 -32 47 -3 -1 27 -19 
16 -36 21 9 -8 6 73 99 
-16 37 33 15 17 5 -32 -36 
12 -7 -27 3 -2 2 2 19 
1 32 5 8 0 1 -17 -22 
-27 -62 14 3 3 6 72 -25 
1 -4 -32 -30 -1 -1 -37 22 
-21 -8 -21 -25 -10 6 -3 -14 
8 -10 -17 1 2 -9 -5 -1 
-14 39 -24 -7 -4 -9 -63 -46 
3 -71 -28 28 -5 -8 -8 -5 
-14 -63 27 5 1 2 25 21 
20 -41 -61 -23 -4 -1 -4 6 
2 43 32 -43 2 -8 -95 1 
-2 -62 -49 17 -16 8 94 -8 
-32 -21 18 47 9 -3 -14 -36 
39 16 22 -42 -16 -11 40 41 
2 -38 -84 -49 2 -5 -5 5 
-27 -14 23 -13 -9 -16 -95 -16 
56 53 21 47 17 26 74 5 
-25 11 2 -2 0 -2 -10 -32 
33 31 77 1 -6 -4 18 76 
-59 -70 -23 -8 -6 -16 -60 -93 
12 78 20 11 -8 9 52 44 
-7 11 26 -3 5 5 10 -16 
1 26 -25 14 -7 -7 -18 12 
15 -31 -68 -18 4 -1 8 9 
-7 20 7 -8 -5 -2 -29 -38 
-57 -56 89 34 8 7 -8 -1 
22 52 -47 -30 10 5 -19 16 
-9 25 41 14 -9 -15 43 38 
-13 -15 -22 -25 -3 -15 -32 -46 
30 -18 -49 30 3 6 -6 24 
-51 -19 30 18 3 2 -54 -78 
23 50 24 6 10 11 16 28 
18 99 24 -6 -10 -4 28 66 
-10 -10 -30 -5 3 -3 -13 -22 
30 -25 -2 22 -4 -7 8 11 
17 27 -12 -5 0 6 23 -36 
-3 -29 44 43 4 -6 -25 -12 
-48 -60 -79 -58 -7 -1 -13 -1 
13 30 48 17 6 17 21 -17 
20 25 -17 -55 -7 -18 -59 29 
9 -57 -33 -10 -6 -4 21 7 
20 8 16 29 1 -1 -6 21 
3 17 18 25 -2 -4 -22 4 
19 9 20 6 6 18 53 10 
-45 33 -5 -2 -6 -9 -16 -51 
1 17 -41 -22 0 -1 4 3 
9 -14 -47 4 -6 0 33 11 
-25 -17 13 -7 1 1 -27 -24 
6 0 -2 1 -7 -4 -15 39 
35 113 26 16 -5 -1 19 -7 
-20 -18 20 -24 -1 0 -16 2 
-9 -12 -18 -2 -2 -2 15 17 
3 -41 -67 -68 2 9 -16 -34 
39 12 12 16 12 6 1 79 
-28 -22 37 34 -15 -9 66 -53 
-7 3 6 -6 -7 -2 -4 -35 
15 79 -13 -2 1 -5 -42 42 
-31 -1 4 -27 -1 5 9 -88 
-37 -90 -4 62 12 0 -71 6 
-28 -35 17 -43 -8 1 84 -11 
36 -11 59 18 4 7 31 61 
15 -57 -76 -34 -11 -10 -46 3 
13 44 9 7 -3 -4 20 -4 
3 28 30 24 2 0 -38 -2 
-6 -43 -30 -67 -3 -1 -25 -19 
-4 38 56 73 -5 -14 14 7 
7 -31 -53 -25 9 14 27 7 
16 -1 19 37 1 -11 -2 6 
-25 -21 51 -36 -2 -5 -23 -15 
-46 -49 6 -5 -17 -18 -31 -41 
14 -40 -12 -8 -4 1 5 12 
29 25 -29 -20 6 3 20 35 
12 -59 -30 -10 -11 -10 -8 9 
-2 21 44 0 5 3 -6 19 
23 59 17 -3 -4 -4 23 36 
-73 0 -53 -23 -8 -2 -6 -74 
-2 11 56 70 12 1 -20 -6 
15 24 -10 -36 9 6 -20 -31 
-24 -2 -25 3 -2 0 11 20 
28 2 28 4 -7 -9 -25 20 
-35 -65 -36 55 -8 -15 -51 -56 
-3 31 27 -37 0 23 107 13 
20 10 5 2 8 -8 -27 4 
7 -15 -5 5 0 -5 -40 -54 
-22 -12 -26 17 -7 7 -1 68 
-14 -69 42 9 3 -5 27 13 
-10 8 20 -8 -7 -9 -18 -30 
-17 33 -25 4 2 0 -59 -8 
-36 29 50 -26 4 15 85 12 
30 29 8 35 6 13 -5 -13 
-23 -2 -61 -62 2 12 19 38 
21 -8 40 66 0 -13 -14 -40 
26 60 8 -28 -7 -19 -23 55 
16 27 -37 -6 -1 1 5 2 
-39 -39 -9 15 2 -7 -24 -27 
-11 7 -3 -40 1 19 7 -9 
-51 -32 -37 -3 -3 -25 -23 -37 
46 -17 50 45 -9 -1 59 84 
-6 20 -5 1 -7 -8 -25 -42 
-4 10 -26 -40 4 0 -41 16 
3 25 6 27 1 8 20 -30 
0 -59 10 -56 -9 -10 -26 22 
-2 -35 -5 27 7 -3 -31 -30 
11 11 -16 39 -4 -6 -53 28 
-10 -6 31 -14 2 2 63 -7 
-50 -27 25 51 4 2 18 -50 
19 37 -21 -33 -1 8 31 17 
52 3 -68 27 3 1 66 26 
13 -50 20 -5 4 0 -118 -22 
-13 -20 -18 6 -7 -2 57 19 
9 -2 25 -21 -10 -12 -47 -23 
-32 -30 -37 8 8 7 0 -20 
48 -14 -1 39 2 10 13 62 
13 31 -54 -114 -12 -4 -12 -56 
-7 9 0 8 -11 -11 -6 -18 
-20 -7 101 57 6 -4 -18 -33 
0 -20 -100 -58 -17 -4 -26 14 
23 -26 -21 2 10 -9 -2 5 
22 67 39 12 8 18 73 45 
-33 -16 74 -40 -2 5 1 5 
-13 -32 -69 21 2 -9 -78 -70 
-29 1 22 40 -1 5 33 13 
28 -17 6 -20 -3 -2 15 50 
58 -20 -37 -12 -7 -17 -67 27 
1 84 50 0 0 21 127 37 
-5 -3 -52 -27 -8 -13 -121 -40 
-34 -20 43 33 4 4 -60 -85 
40 -6 14 -22 -5 3 116 98 
6 -78 -80 4 -2 -12 -48 -32 
-22 87 -1 2 -2 -2 -22 3 
-7 -55 90 67 4 -4 0 3 
29 57 -8 -11 -1 0 -53 18 
-22 -39 52 -3 -3 4 65 -59 
-9 -20 -21 4 10 17 64 61 
22 -57 -32 -31 -9 -5 32 -1 
-56 22 -5 -35 -3 4 -3 9 
13 9 -19 13 -13 -18 -10 6 
13 15 37 22 9 12 -5 -10 
25 50 6 22 6 9 -6 18 
-33 -14 -110 -56 -6 -17 -14 -26 
-27 10 51 -14 11 -2 -46 -33 
-14 39 10 -35 0 18 83 14 
8 2 19 25 -4 -17 -42 15 
11 -6 65 23 -3 3 16 -19 
-12 -8 -26 -12 3 5 -13 10 
24 -6 -44 -16 2 -11 -109 -25 
-15 -21 -13 -31 -11 -1 81 -7 
-45 -99 -16 19 -11 -2 17 -23 
39 55 40 -14 -9 -11 -3 34 
-42 -42 24 19 -1 -12 -84 -46 
34 0 -22 -34 -5 2 -3 21 
-3 7 -6 13 6 11 53 3 
25 43 -5 16 15 14 11 -1 
-40 -12 39 29 -6 -19 -44 -32 
-24 9 55 27 0 -5 -54 -3 
-12 -6 -38 -79 -8 1 52 -5 
-9 -21 -30 4 -2 -6 -16 26 
35 23 19 -25 -2 10 5 34 
-18 -26 -7 63 -3 -21 9 0 
6 28 31 50 9 0 -28 -17 
-15 34 27 -10 5 3 1 -30 
13 -33 -19 -43 -6 -7 -19 -14 
-6 41 -22 7 8 11 8 14 
2 -4 -39 -13 -18 -6 -3 7 
15 10 54 -14 4 2 -7 13 
14 3 -7 18 0 -3 -1 -5 
5 4 21 -1 -5 0 19 12 
-3 4 -71 -10 2 -5 -11 23 
-6 -14 -23 -24 2 3 -8 -49 
-5 -9 15 50 -2 -2 10 1 
-4 -1 3 -41 -2 3 3 -17 
16 17 66 31 15 7 -13 -9 
-36 -37 -44 25 -7 -4 11 25 
13 0 -26 -2 -2 -1 7 -40 
-5 -17 -39 -6 -5 -7 -8 18 
7 18 39 11 -8 -2 -15 5 
11 -6 -5 -41 -6 -5 10 0 
-6 6 -3 15 4 2 2 6 
-42 -13 -5 -9 1 0 -3 -20 
6 -3 -2 -12 3 -5 -16 -25 
4 -11 29 35 -2 6 8 0 
-3 -2 -21 -20 -10 -6 -5 16 
5 60 -1 -19 9 4 1 -23 
21 -14 -17 1 -12 -9 7 42 
-18 -8 -28 7 -1 -8 -22 -22 
12 -4 29 -6 -2 0 30 20 
-15 -4 -35 2 2 11 8 -18 
36 8 57 30 1 5 -12 12 
-18 26 -6 -7 -7 -14 -8 -15 
14 -7 -24 9 0 -4 -7 -5 
-11 -39 -8 -37 -12 -7 -11 16 
0 -3 -21 3 1 3 1 -11 
12 -5 2 -16 -6 2 5 9 
-5 -9 -19 -10 -2 -8 -27 -11 
2 3 17 30 7 4 32 -8 
-11 -20 -4 -11 -9 -4 1 6 
-1 -6 -5 -35 -6 -1 13 40 
2 7 -38 24 -1 -2 -14 -43 
20 4 13 -5 4 1 -10 14 
-15 -19 29 18 0 -4 -2 -12 
-4 21 30 15 1 3 8 -1 
-6 -12 -29 -69 -16 -7 -3 12 
5 -14 -23 10 4 5 3 -9 
4 -9 -16 -10 3 -2 -1 -30 
4 -4 8 16 -4 -4 -6 50 
30 12 40 8 10 2 9 33 
-19 -17 -10 21 -5 1 -3 -15 
4 65 -21 -28 -1 1 -4 -23 
-2 -5 -3 0 8 11 7 0 
-28 3 6 -5 -6 -6 -4 -54 
17 5 29 5 -1 -4 -2 54 
-1 -25 -11 -6 4 2 -4 -6 
17 -15 -19 -48 -14 -10 -7 -5 
-13 7 29 38 16 6 6 -1 
29 -18 -51 -11 0 -2 -10 -5 
-33 20 40 29 3 -3 -18 -13 
12 22 22 -12 -4 2 18 4 
-15 -38 -37 -20 -10 -6 34 4 
23 19 4 -6 0 3 -9 -3 
0 -7 -3 0 -1 -3 8 6 
-5 -4 -7 17 3 -1 -22 -10 
-3 -1 22 16 -3 -2 -13 7 
-4 -8 -21 -36 -1 0 0 -5 
-16 1 -3 4 -5 -2 1 0 
11 -9 5 27 -4 -2 -4 -9 
-14 2 13 1 6 3 1 6 
-14 -13 -19 -16 -7 -7 -10 -24 
-1 -9 -9 -3 1 1 5 4 
-3 8 4 -15 0 2 -6 -36 
1 18 -22 6 6 1 10 62 
-11 24 29 -5 -7 -6 -12 -23 
13 -14 -18 -8 -9 -6 1 14 
-3 5 8 7 4 3 8 7 
3 -8 5 15 -10 -6 -18 -27 
-3 5 -1 -1 2 -2 -6 -26 
-6 -24 -13 -18 5 2 5 6 
10 1 -9 12 -4 -5 3 -3 
-13 -45 2 -2 -2 2 -8 1 
7 8 7 8 -1 -4 -2 20 
-3 -17 -25 -8 -9 -5 1 0 
-6 4 2 0 9 6 -1 -6 
2 -7 0 22 6 2 0 6 
0 18 -6 -34 -4 0 -3 -7 
-9 1 9 4 -2 0 -1 4 
-2 -10 0 14 0 -4 -1 3 
12 7 -7 -12 -2 -2 0 0 
-19 1 12 14 3 -1 -3 -4 
-11 13 4 -8 2 0 -2 -39 
11 1 1 9 -1 3 4 49 
-3 -6 -1 -12 -8 -4 -4 1 
-7 -13 4 19 1 -7 -6 -11 
3 27 -9 -17 0 3 8 9 
-7 2 4 -6 1 3 -1 -7 
4 3 -9 -12 -2 -8 -16 -40 
-3 -38 -17 10 -7 -7 -7 6 
1 15 20 8 4 2 8 18 
0 17 22 2 9 8 8 -13 
-10 -2 -24 -10 4 1 1 7 
-7 -17 -9 -6 -13 -6 -4 -8 
4 -21 -1 12 -3 0 1 17 
-11 9 -1 -7 -3 -9 -15 -44 
16 -5 -15 -16 -3 -2 5 27 
-3 -11 -6 12 6 6 8 -3 
-1 5 37 -5 -6 -3 -5 9 
0 -3 -4 7 -2 -5 -1 1 
-7 2 -2 -11 -7 -1 -4 -15 
1 1 -1 3 2 0 0 -16 
0 -7 -25 -30 -4 -3 -3 18 
11 -12 -2 -12 1 -3 2 28 
-36 1 4 -3 -6 -3 -7 -34 
14 4 8 -2 4 4 6 18 
4 -2 4 12 4 1 -3 4 
-19 -16 -21 3 -5 -2 -16 -56 
29 -4 10 -2 4 -2 14 67 
-7 -2 13 -6 -4 -3 1 -2 
-2 6 11 -5 -3 -3 -6 -7 
4 20 -43 -7 -5 -6 -2 0 
1 10 11 0 -2 3 -2 -20 
-6 3 0 4 -2 -4 -2 24 
4 -1 -6 8 9 2 2 2 
-6 6 26 17 -4 1 1 -10 
-6 -19 -18 -13 3 1 -1 -13 
6 -4 18 -10 -6 -6 -12 11 
-5 -8 -11 6 0 0 7 -10 
4 9 17 17 1 -1 4 7 
6 -3 14 9 -3 0 -2 -7 
-8 -19 -37 -27 -10 -4 -2 7 
-8 -27 3 12 -1 -4 -9 -32 
-8 -4 -9 -14 2 3 4 -1 
-3 6 -6 -2 -7 -2 -7 -8 
12 7 7 -1 1 1 10 2 
-4 -10 -16 -3 -3 -3 -3 6 
-4 26 3 7 -2 -4 -1 4 
9 7 21 3 5 7 0 -3 
-4 -8 -49 -5 -5 -8 -7 0 
-3 -2 -1 -6 -4 -2 0 -11 
-14 -30 16 4 -4 -4 -2 -18 
6 14 -7 12 7 4 2 18 
-9 -6 4 -4 4 5 3 -7 
3 34 7 3 0 0 -4 -9 
-2 -30 -16 1 4 1 -3 3 
3 17 32 -8 -10 -4 1 10 
-7 -4 -35 8 -2 -8 -13 -34 
