#EMG
#1
#ID:1-15
-9 8 13 0 -3 2 5 -4 
-2 -2 -7 2 -1 -3 3 4 
-2 -9 13 -11 -1 1 -6 2 
15 2 -8 4 -1 -4 -4 1 
-6 0 -2 -9 -1 0 11 6 
-7 -10 -13 1 3 -3 -11 -8 
0 7 7 4 0 6 15 -2 
3 3 11 6 0 -1 -12 -1 
7 -4 -7 -1 -3 -3 2 -8 
10 10 22 0 -1 -5 1 30 
-2 -16 -34 -14 -3 -5 -12 -12 
-2 -6 1 -2 2 -1 -25 -5 
-1 0 12 6 -1 4 31 12 
1 16 4 0 -1 0 -1 -17 
2 -15 -8 -1 -4 -4 -1 3 
5 13 11 7 0 6 7 7 
0 11 10 -6 2 -1 -35 -6 
-7 -17 -21 -7 -6 -5 24 1 
7 5 -1 1 -2 0 8 -3 
-10 -20 -3 -5 -1 2 0 -3 
1 14 -4 4 0 -5 -6 -3 
1 -5 40 1 1 -2 -11 0 
4 4 -40 -10 -1 0 -21 -8 
-14 -22 -17 -4 -2 -5 -2 12 
4 15 19 0 0 7 34 6 
5 6 1 1 -4 -1 -1 11 
-12 3 32 5 1 -2 -2 -12 
-8 -26 -35 1 0 2 -15 -3 
-2 0 4 7 0 -7 -17 -1 
-16 -15 -35 -25 -7 -1 -2 -9 
5 1 4 1 -1 -2 5 6 
4 21 13 -5 0 -3 10 -2 
2 0 7 3 1 0 -7 3 
6 0 -9 -3 2 2 -1 -7 
-25 -16 -4 5 -3 -10 -14 5 
2 -4 -1 -6 -4 1 1 -4 
13 -4 11 6 -2 -7 -33 -8 
-10 10 -29 -7 2 9 42 8 
4 6 11 4 2 5 1 6 
4 -17 -22 -8 -1 -1 14 9 
-5 9 7 -5 -3 -5 -13 -11 
6 6 18 6 -1 -2 -4 4 
6 12 8 7 3 3 -14 -6 
8 4 -5 0 -4 -12 32 14 
-2 -21 -16 -13 -4 1 -2 4 
-15 -11 -10 -1 -6 -3 -12 -25 
-4 2 -1 -3 -5 -8 -3 3 
7 18 43 10 2 3 -20 -4 
2 -9 -10 -1 1 0 7 9 
7 24 5 3 4 1 -2 -15 
6 -43 11 -1 -2 -1 2 23 
-51 -1 -1 -7 -3 -3 -19 -20 
-16 4 12 2 -4 6 52 2 
10 -5 -33 -1 0 -5 0 12 
2 17 26 0 2 4 7 -13 
19 -10 2 -6 -3 -16 -36 -11 
-8 3 -40 -1 1 -1 -1 1 
-1 -2 25 4 0 2 -10 -2 
5 7 -17 -1 1 -2 28 2 
-8 6 17 -3 -4 -5 -27 -14 
17 13 8 -3 1 5 28 6 
-8 -42 -2 -1 -2 -1 -5 -9 
2 26 17 10 -1 -2 -17 7 
-8 -14 -47 -4 0 6 17 -9 
-10 -10 0 1 0 -4 -12 6 
5 16 0 2 0 -3 -37 -14 
4 -5 -4 -14 -4 -1 11 21 
4 -50 -43 3 1 -2 19 7 
2 28 40 3 5 3 -10 -2 
-9 -31 -29 -11 -1 -5 -3 1 
-8 -1 -33 -6 -3 -8 -28 -18 
5 -10 10 1 -1 3 14 5 
-7 33 12 2 -5 -2 -15 -11 
7 -48 21 7 -2 -4 -37 11 
-1 41 -8 -6 1 7 65 -9 
-2 7 13 5 2 3 -15 -10 
30 -13 -18 -19 -7 -4 11 17 
-36 -5 -54 3 -3 1 14 -3 
-8 -61 -31 -13 -3 -5 -20 -11 
-8 26 58 23 -4 -7 -32 -4 
6 -40 -7 -14 -3 -2 7 -5 
20 27 8 -1 0 -1 0 9 
-26 -6 -6 1 -2 -1 13 -3 
-15 6 -6 -7 -1 -5 -19 -20 
-6 -34 41 9 -2 -9 -19 -9 
4 -3 -14 -8 -5 -1 10 4 
-12 -27 -3 -1 1 -1 -16 -6 
17 35 53 14 -1 2 8 13 
-8 -9 -30 0 -1 -1 -7 -25 
1 14 26 -6 2 3 29 22 
15 16 -12 12 -2 -5 -23 -4 
-11 -5 -15 -30 -5 1 21 4 
11 -2 -13 5 4 0 8 -2 
-2 15 -10 -5 1 0 -13 -7 
-1 -8 42 7 -2 -4 -36 -12 
3 -6 4 4 -3 6 52 18 
-10 5 -48 -16 1 3 28 8 
-7 -13 44 14 -1 -6 -2 -16 
-2 21 24 1 2 -3 -31 -20 
-2 -9 -68 -4 -4 0 44 27 
2 9 33 -4 0 -4 -48 -4 
-13 -11 -12 1 -2 1 32 -5 
-3 -50 2 18 -1 -1 -1 0 
10 0 9 4 5 -1 -26 -7 
4 27 4 4 0 -3 -3 17 
-8 13 -31 -18 -2 -1 -7 0 
-26 -31 -23 -6 -6 -9 9 -29 
0 -1 -11 -15 9 10 15 5 
-6 34 76 39 -6 -9 0 -4 
6 10 21 0 -1 -2 -19 0 
31 10 -33 -5 0 1 2 22 
-6 3 -45 -29 -6 -6 -30 -22 
-13 -19 -9 -13 1 3 19 -14 
-2 38 3 5 -3 -4 -16 -14 
8 16 -23 -22 -6 6 37 29 
13 15 41 13 -3 -1 8 17 
-4 -8 -7 11 0 4 -21 8 
-14 -16 3 7 4 -2 -12 -17 
-2 -13 31 2 2 -1 16 -12 
1 -32 12 10 -2 -6 -29 -23 
-11 -23 -57 -53 -8 -4 9 12 
6 -93 -12 18 -2 -1 9 5 
-1 35 1 -20 -1 2 0 26 
-8 1 34 7 1 -2 -8 -17 
-8 -12 -32 13 -2 1 0 -19 
25 65 14 -9 0 -4 -39 5 
3 -32 -21 7 -1 -1 2 7 
5 2 25 -4 -1 3 8 5 
-8 7 16 10 -1 0 -4 -8 
-1 8 -31 -12 5 8 1 9 
-14 10 13 3 -1 2 -19 -7 
12 29 -16 -10 -5 -5 17 -3 
-8 -23 -21 -14 -3 -6 -16 -20 
-3 -11 -23 7 -2 -4 9 0 
7 -3 24 -9 1 2 4 0 
-3 -39 -36 11 -6 -1 -7 -15 
-8 65 4 -14 0 -4 -10 25 
8 25 56 16 -1 1 23 -1 
3 13 -4 -5 2 -4 -6 -16 
4 -22 -67 -38 -1 2 -6 22 
4 -25 -3 23 0 2 2 -12 
-21 2 42 19 -6 -1 33 15 
-21 2 17 9 5 8 7 -15 
-3 -19 -43 11 -7 -7 -7 -3 
-2 -63 -19 -29 8 2 -5 -18 
-5 -24 -28 -10 -4 0 -10 15 
4 -11 28 21 -2 -4 -6 -14 
-3 14 11 -18 -1 3 0 9 
3 9 27 15 0 -4 -8 -6 
-4 -36 8 2 -1 0 2 -14 
0 5 -46 -9 -1 1 0 12 
-2 6 2 3 2 -1 3 -1 
35 24 -13 -16 -3 3 -5 48 
-25 24 -7 12 2 -3 9 -32 
12 64 31 -4 -5 -10 -15 -9 
-22 -48 -32 -9 -1 -2 0 -26 
11 19 43 18 -3 -1 -5 9 
-4 25 11 9 -2 1 -11 -1 
15 -72 26 -10 -4 -2 -11 31 
-3 31 -41 6 1 6 31 -14 
-8 8 0 -8 -4 -1 2 -3 
6 0 -8 -12 -10 -8 -15 -21 
-19 -32 -16 -2 5 -2 -13 -11 
11 15 58 -5 4 5 5 37 
-20 -8 -25 15 -3 1 13 -5 
15 -19 -56 -30 -2 -9 -13 3 
-17 -15 5 9 0 -4 -5 -33 
-7 25 61 37 2 2 -10 11 
-18 3 6 3 -5 -2 -6 -13 
21 -32 -16 -17 4 5 7 15 
5 16 23 -6 -5 1 9 4 
-8 41 -2 -3 4 -10 -19 -22 
24 2 -2 -4 -5 -6 4 20 
-4 -18 7 0 -3 -4 -19 -20 
2 7 -14 -11 -2 11 23 -12 
-1 -28 0 -24 -12 -8 -8 9 
0 13 -5 5 5 -3 -20 -22 
-2 20 46 0 0 8 44 15 
14 7 11 -11 4 0 -2 23 
-2 7 -14 33 -4 -6 -6 -4 
1 22 -14 -12 -3 -5 -11 -10 
8 26 -8 -9 -1 -1 3 31 
14 70 14 12 -2 -3 -16 -38 
-23 -24 6 -6 0 6 23 6 
-5 -28 -37 -15 0 -2 -12 -20 
-9 13 -16 -32 0 -2 -14 -19 
28 41 59 49 -4 -8 2 48 
0 -10 -9 -5 2 5 6 -32 
-5 -21 -2 32 2 -1 7 -5 
-8 5 -31 -19 -3 -2 -4 6 
-4 -33 -34 -11 5 2 -4 3 
-1 -19 -11 -32 -1 -2 -9 2 
-13 -18 35 22 -8 -3 2 4 
1 -30 0 1 -2 -6 -7 -5 
-28 -43 -47 -27 -5 -1 -7 18 
23 50 33 21 -4 2 2 -2 
-4 -10 -6 -35 3 4 -6 -3 
-17 10 42 -1 -8 -7 -14 -9 
4 21 -33 -2 8 6 38 -7 
10 25 30 5 -2 -3 -7 16 
9 42 -11 3 1 -3 -3 5 
-12 15 -17 21 -2 0 -5 -21 
8 -5 3 -22 0 0 -12 5 
-11 32 -25 -6 0 0 15 -27 
23 -30 -19 -29 4 8 -8 15 
15 18 19 34 -2 -11 23 34 
-10 -11 -11 -9 -10 -8 -6 -45 
-1 9 19 3 -5 -8 -5 14 
-10 1 -12 6 -3 -8 -18 -22 
15 0 -11 -49 2 7 -3 15 
-31 -6 28 42 -2 1 7 -12 
20 5 -22 -20 -1 -3 -8 15 
-37 -17 -3 -3 -2 0 11 -8 
32 22 27 25 -2 -3 -18 2 
1 -7 -4 -29 -3 2 22 5 
0 35 13 14 -5 -8 -19 -11 
-17 -33 -55 -72 1 6 31 5 
0 -18 46 69 5 2 6 14 
11 -5 -6 -11 -10 -10 -26 -6 
6 -38 8 1 8 4 -1 -8 
-17 -41 -54 1 -9 -5 -5 10 
-3 35 49 21 5 2 1 -16 
-25 -1 -14 -6 5 7 17 -2 
13 -55 -8 -34 -11 -13 -1 21 
0 -1 18 -9 -6 -11 -15 -40 
-30 -17 -22 2 0 2 2 24 
0 79 4 14 1 -1 -16 -13 
7 17 -14 -15 2 4 3 -3 
11 39 73 33 2 1 -4 11 
-14 -30 -80 -22 -2 -3 -1 -42 
19 -19 6 9 -5 -5 -28 40 
3 -23 -13 13 4 4 23 18 
-4 -17 -35 -62 -9 2 52 5 
31 -16 -23 -8 -6 -1 -13 -5 
-2 -54 42 24 -5 -6 6 -22 
-32 12 -9 9 0 -1 -21 -22 
1 28 17 28 2 2 -34 -5 
-16 -20 -12 -27 3 6 64 42 
15 -3 27 35 -2 -3 -14 -23 
5 -81 -68 -37 -10 -12 -9 20 
11 19 -37 -33 1 1 8 -7 
-5 27 90 59 0 -7 -23 -18 
6 4 -14 2 -3 0 -3 14 
-6 -6 10 25 3 0 -8 -14 
-16 3 12 -1 2 1 4 2 
37 39 -37 -14 8 8 -10 12 
-6 -78 -8 -19 -11 -2 16 16 
-9 -10 23 41 -4 -8 -41 -28 
26 50 -16 -11 9 9 46 52 
-24 28 19 -26 -10 -9 -2 -60 
-8 25 27 45 3 -4 -2 10 
-16 -54 -21 -24 -5 4 1 5 
2 -27 26 28 -1 -6 -31 -8 
-20 -61 18 -13 -1 -6 -5 -9 
2 34 -77 -45 -2 0 0 -3 
-37 -7 70 23 0 -5 -39 -6 
33 -45 -7 12 -1 9 40 52 
8 -55 -64 -15 4 0 0 -12 
-5 -60 40 -4 -9 -7 -8 -4 
-16 53 9 4 3 -2 -32 -10 
-1 17 29 1 -1 5 46 -36 
-15 -17 -22 -8 -4 -3 26 19 
21 46 -11 17 7 5 -13 7 
-1 -22 3 -32 -7 -1 25 -22 
8 37 40 4 -7 -12 -41 26 
12 -15 -13 -12 3 2 -31 -36 
-22 -14 -5 25 -3 -8 22 17 
-1 -41 -35 -35 -3 0 21 20 
-3 -40 -51 15 -1 -3 -24 -6 
4 48 9 -8 6 6 -11 -38 
-13 30 20 -3 -1 3 2 -20 
10 -13 -15 -7 0 2 17 13 
-11 -6 -21 11 -1 -8 -31 -29 
-1 20 0 0 -3 -1 -4 32 
17 32 37 -11 5 9 19 17 
2 6 -3 5 2 4 19 -4 
-25 -32 -14 -6 -10 -12 -13 -15 
11 36 19 17 3 -4 -28 5 
-27 -52 -23 -16 1 13 38 0 
39 88 -6 -18 -4 -5 -6 13 
-4 -15 -9 -7 -8 -7 3 -7 
-6 -19 53 47 1 -4 -5 16 
5 1 -32 -26 0 -7 -22 -21 
-3 -9 6 8 2 5 1 3 
8 -36 15 15 3 2 -4 -13 
5 4 8 -12 -7 -1 4 7 
7 1 -18 -11 -3 -5 -6 27 
19 -15 -15 -32 3 5 12 -23 
-15 3 77 73 -1 -9 -6 17 
2 -29 -13 -16 -1 9 10 18 
4 30 -4 2 1 -4 -20 -10 
-1 -39 -25 -10 4 -3 1 -8 
7 57 37 -2 0 8 36 15 
-4 -24 -86 -55 -14 -8 10 -29 
-2 -14 37 25 -2 -5 -5 6 
15 19 0 11 -2 7 6 21 
-13 -9 -8 16 7 -3 -26 -24 
-11 -23 -17 -30 -3 0 -6 -16 
-16 6 -4 -4 -3 -3 17 -4 
5 -1 7 15 -7 -6 -3 17 
11 13 14 18 11 8 -5 0 
-29 -5 -2 10 -1 -2 -1 -8 
-5 -22 -20 -23 2 1 -21 -24 
-14 31 22 23 5 8 3 5 
4 9 -57 -35 -11 -4 -11 2 
-18 -11 56 36 3 -13 11 -4 
10 -2 6 -27 -7 -3 3 23 
-4 -29 -12 35 4 -6 -7 -19 
-2 -36 4 -38 -1 -6 -25 8 
5 90 -24 -19 -8 3 19 -28 
2 -2 4 -7 -1 -3 -12 2 
12 2 12 1 -1 3 20 -8 
12 -3 -21 -24 -1 -1 -3 12 
15 -25 12 40 3 -2 13 42 
-18 -9 -25 -7 -2 -5 -29 -35 
-8 -1 2 -4 -6 2 19 17 
-6 12 23 -4 -2 -5 7 -36 
-7 -23 -54 -15 1 2 -14 3 
-13 17 41 55 3 -2 -16 9 
-9 -10 17 -1 4 5 2 -21 
-29 -4 -14 -12 -5 -5 -6 5 
16 -10 -2 8 -3 -1 -7 16 
-15 -6 -28 -31 -1 2 3 -3 
-9 47 6 -27 3 -8 -20 -8 
-10 -48 -12 3 -5 -4 12 -1 
10 4 62 13 8 9 -32 8 
2 -27 -70 7 -10 -5 36 -34 
7 -4 -20 4 -1 0 -5 41 
6 -15 -8 1 -5 -6 1 0 
-54 1 -4 -38 -3 -2 -16 -21 
7 -2 6 8 6 1 -5 14 
-1 -33 -6 -1 2 1 -3 -19 
16 -2 17 14 -2 -3 8 -2 
-7 1 1 -6 -9 -6 0 22 
7 23 32 -5 -1 0 -6 -6 
-16 -43 -79 -37 -18 -12 -1 0 
-23 13 60 7 8 7 -1 -13 
33 29 25 25 -7 -3 -2 -13 
-15 40 -13 -41 0 -2 7 -1 
-4 -36 24 16 4 -7 -35 -11 
23 95 -18 4 6 14 38 5 
-9 -58 -53 -34 -8 -6 11 14 
29 -19 31 19 -2 -4 -22 6 
-19 -13 -9 3 -8 -1 23 -9 
-16 -19 -29 -14 2 -1 6 -8 
-9 29 68 30 -2 8 15 8 
6 -9 -55 -8 11 11 13 22 
0 13 28 18 -1 -8 -11 -17 
26 -12 37 17 -4 -7 -32 6 
11 -27 -82 -41 -3 0 13 -5 
-19 -19 15 1 -1 -2 -9 2 
1 80 -14 -3 -7 -5 21 14 
7 -1 -26 -19 3 5 2 -9 
16 15 69 28 3 -10 -22 -26 
-36 -38 0 12 -6 -2 -7 0 
19 42 5 -2 4 -1 -16 -8 
-19 -20 6 12 -3 -1 -1 6 
17 7 7 -18 0 3 29 12 
-2 -68 -84 -35 -6 -1 5 -15 
0 1 15 7 2 -1 -21 -14 
-2 6 1 12 -7 -7 -25 1 
3 -9 -15 -39 -7 0 40 7 
17 2 10 28 10 2 -12 1 
-2 10 -4 -9 -7 3 15 -7 
10 -45 -3 8 -1 -2 0 2 
-22 -42 -17 11 7 0 -16 2 
30 5 41 -12 -11 -6 -4 -3 
4 30 17 8 -5 2 36 14 
7 -9 -11 -10 -2 -10 -4 -7 
-18 -7 -8 -2 -1 1 -19 -5 
4 -11 2 -4 3 8 21 3 
5 -58 25 27 7 -4 -44 1 
3 -11 -34 -49 -10 1 34 12 
-17 5 6 5 1 1 14 0 
8 2 -9 -8 -13 -3 -6 -9 
-5 4 24 8 4 -5 -20 -6 
-19 -25 -44 14 6 1 -12 -18 
4 6 -18 9 9 2 -13 10 
2 26 33 28 -2 2 8 0 
10 13 22 -27 11 2 -10 7 
-8 -14 -15 5 -8 -6 -17 3 
-12 16 11 -2 1 -1 0 -3 
-23 26 28 19 -3 -8 -7 -7 
-50 -30 -40 -25 2 10 21 -29 
-2 48 35 11 -3 -10 -44 5 
-3 -31 18 -19 0 -1 7 -8 
9 -5 -29 -13 -4 -6 -19 11 
14 -23 -12 31 -1 7 17 10 
-6 -4 -2 7 3 1 -12 -24 
-3 -5 -16 8 -12 -17 -23 12 
-5 -2 5 -27 4 -2 1 -17 
21 3 0 -4 -3 3 12 8 
1 -14 -13 -6 -6 -6 13 -11 
32 -47 13 10 -2 -3 3 26 
-22 -8 -22 26 6 3 22 -14 
10 28 -5 -45 -9 -8 -25 11 
5 -4 14 39 -1 5 10 -8 
2 39 13 -11 -4 3 31 8 
3 -15 -23 -6 2 2 -13 11 
-6 -26 -25 18 -2 0 7 5 
-5 5 39 -17 -3 -5 -1 6 
4 32 -45 -11 -3 1 -18 -27 
4 16 10 -10 0 3 13 25 
15 -30 -70 -4 -8 -13 -20 -19 
-32 -8 -13 -18 -1 4 2 -14 
-18 13 22 23 9 -7 -14 -36 
-31 11 -2 -13 5 5 18 15 
1 45 57 2 1 9 10 3 
-9 -9 10 -12 -6 -14 -3 12 
-5 -24 -9 10 -7 2 8 -17 
35 1 9 15 1 -3 -24 10 
-27 -8 3 -29 2 1 9 -16 
-1 -4 5 26 8 15 60 9 
25 23 -1 -9 -4 0 -4 30 
-18 -68 -17 4 -3 -5 8 -21 
22 -4 -15 -4 2 4 -12 9 
5 11 19 -9 -4 -13 -36 -30 
-11 -52 -86 -13 -6 -3 -6 25 
30 -3 -24 -31 -5 -11 -26 12 
-31 0 28 28 -1 4 30 -37 
-6 41 26 19 7 13 25 31 
-6 53 12 2 -2 -12 -33 -30 
3 41 50 -1 0 3 0 -3 
8 -28 30 32 -1 -6 -10 4 
23 17 -16 6 4 -2 -31 14 
-9 -4 -14 -14 1 -1 -3 0 
12 3 -27 -13 -7 2 28 -7 
1 -1 10 -3 -6 -16 -26 2 
14 22 15 3 0 7 24 -2 
-20 0 -3 4 3 -8 -85 -27 
6 2 -6 12 2 18 72 52 
-17 -46 -30 -37 -13 -18 -32 -28 
12 38 14 9 1 5 15 3 
17 10 44 20 10 8 -12 27 
-7 -7 -54 -18 -15 -20 -47 -59 
-57 -54 -12 -6 0 10 79 31 
-5 -37 7 4 1 -7 -24 -13 
7 -40 -94 -32 -8 1 23 1 
22 6 35 14 12 10 -17 -8 
-7 34 20 -9 0 -6 -19 -2 
-23 10 -15 10 -12 -11 -11 0 
-3 1 49 0 9 11 25 -27 
-9 -1 -30 16 -2 -4 -24 15 
21 -14 -63 -26 -8 0 6 4 
10 73 28 -39 1 1 -1 -2 
7 -25 45 58 0 -1 9 14 
-20 27 16 -17 -6 -8 -7 -10 
0 34 16 20 12 13 -3 17 
13 14 31 -14 0 -9 -57 -16 
21 38 -18 -7 -2 11 98 27 
-38 -12 -54 -11 -6 -12 -20 -27 
-4 -5 13 -13 -7 -5 -23 5 
-8 -54 -18 5 -2 4 2 2 
17 35 28 -14 8 1 -29 -7 
-19 -38 5 0 -7 -10 10 -13 
-25 -9 -23 10 -1 -8 1 -4 
16 -32 6 1 -4 2 2 9 
-8 1 43 5 0 3 -2 0 
29 4 -3 -1 4 0 -35 -1 
28 19 -55 -5 -6 4 47 7 
-12 -35 -12 -1 1 -4 14 -3 
-10 -37 -58 -13 -4 -3 -11 1 
-12 42 67 -1 -2 -3 -38 -29 
4 7 15 8 5 3 16 20 
-13 -12 -27 11 -5 -2 3 -5 
-3 -1 21 -17 -5 -7 -5 4 
17 -10 2 -5 2 7 7 7 
20 -15 1 6 1 -10 -38 -13 
5 9 -14 -6 -5 4 45 7 
-12 11 14 0 -5 -6 -23 -6 
-2 -16 -17 -1 0 2 19 26 
19 9 38 6 2 1 -4 -19 
-11 -8 -12 -13 1 6 24 5 
1 -21 -14 6 -6 -9 -21 -14 
28 20 -5 -20 -2 4 32 12 
-43 -16 18 13 4 1 -6 1 
11 23 -41 8 7 -1 -16 7 
17 56 25 -10 -2 0 -2 7 
-22 29 -18 6 -1 0 6 -16 
16 19 21 10 2 -1 -13 9 
-18 -38 15 -2 -7 0 -2 -21 
6 -12 -23 9 0 3 7 16 
-19 4 6 -9 1 -8 -39 -17 
7 -2 -9 8 -5 13 65 1 
-4 13 22 -4 6 -3 -23 4 
9 2 17 5 3 3 11 -10 
0 -41 -44 -10 -11 -6 -3 12 
-4 -30 -30 -4 -3 -7 -15 -3 
-9 -40 -17 -20 -2 -1 2 2 
-4 -18 -15 -3 -5 -7 0 -30 
0 18 35 2 2 3 6 5 
17 -27 -34 -9 -1 0 -16 -5 
-5 66 -15 -1 -7 -8 -14 8 
-14 -6 -35 -6 -6 -2 18 3 
-10 -16 21 8 4 0 4 -5 
-1 33 22 16 6 1 -16 3 
11 36 28 -12 2 5 -4 -11 
-10 -21 10 -1 -1 -2 -33 -5 
-6 -4 -36 7 -10 -2 46 4 
1 -13 -15 -11 -10 -14 -20 -15 
6 -54 6 -9 1 -6 -4 8 
-19 -29 5 -15 -11 -3 -10 -10 
15 -19 14 4 8 7 7 6 
-10 -13 -4 6 2 -2 -14 -3 
19 3 44 -4 -4 -3 4 9 
-13 -33 -77 -14 -10 -8 3 1 
1 7 10 -2 -3 -1 -11 -12 
1 83 35 -7 1 0 3 20 
11 -17 -4 15 0 1 -6 -8 
14 21 34 5 8 7 19 5 
10 7 7 11 -4 -3 -14 4 
17 11 33 6 3 2 -10 -1 
-31 -59 -20 -25 -9 -5 2 -3 
14 36 7 -5 -5 -4 -4 -16 
-8 6 -29 6 9 7 8 7 
1 -7 3 -4 -6 -2 -10 -20 
1 -20 -24 -7 -2 -1 11 0 
3 -4 -7 5 2 0 0 7 
-2 -12 15 -10 -7 -3 2 14 
-3 -7 45 33 4 -2 -6 -1 
1 5 -65 -31 2 2 -5 -7 
-14 6 45 14 1 1 -3 7 
4 4 -35 -22 -6 -3 -1 1 
-12 -2 -6 -11 -8 8 -8 -28 
1 1 12 24 0 -11 6 7 
11 -18 21 11 7 4 6 14 
-16 -29 -1 -7 1 0 -7 -18 
14 -19 -19 9 5 3 1 11 
-6 58 -1 -9 -3 5 -5 -4 
-3 1 -7 -22 -2 10 22 -26 
-38 -10 25 9 -3 -20 -44 -32 
19 7 -34 -7 -3 3 32 45 
10 0 3 0 -4 1 -9 -9 
-30 -55 -35 6 -8 -6 19 16 
25 -61 9 9 4 0 -17 -14 
-14 18 33 -16 1 -5 -25 -20 
12 -48 -23 9 -2 4 32 58 
14 77 32 13 12 5 -19 -18 
2 -3 -3 -20 -14 -2 27 18 
-7 -19 -39 11 -2 -6 -22 -26 
7 -5 -3 -14 5 -3 3 -5 
7 -36 10 15 -4 -9 -16 5 
-8 2 -12 -1 0 -1 4 -3 
-3 16 24 -11 -2 2 16 -2 
5 43 19 11 0 -2 -9 4 
22 29 -32 0 -4 -4 -3 -20 
-17 54 36 4 1 -2 -7 -5 
-4 -16 -39 -13 -1 2 5 8 
-18 -50 16 9 -6 -6 -8 -19 
-9 17 14 1 2 -2 -18 -8 
44 21 8 7 -3 4 17 60 
-8 -31 -17 -4 4 -1 0 -18 
-10 -4 -14 -1 -1 -2 -7 -9 
-5 -9 -8 -6 0 0 -7 -5 
-15 -13 -2 -23 -6 1 5 -14 
-4 -69 14 2 0 -5 -6 18 
-5 17 -1 -10 -8 -5 -10 -26 
-9 -28 -48 6 -5 -2 7 8 
18 11 33 10 4 3 -2 2 
-16 -1 12 1 -6 -10 -11 -9 
-20 -17 -20 -3 -1 4 -1 -34 
14 -73 -25 -14 -4 -7 -3 20 
-28 -21 20 18 2 2 6 -11 
4 -3 -13 -4 -1 4 1 -17 
1 -4 7 7 1 -10 -13 27 
4 5 23 -8 -2 -1 -13 34 
8 7 -23 -3 1 -2 -2 -36 
-31 -9 -37 -21 -5 4 12 -11 
5 2 23 20 1 -1 -1 -3 
-9 8 29 2 1 -3 -4 -19 
-2 19 -9 -1 5 3 -3 28 
31 -6 51 18 2 -3 -29 -4 
2 18 -57 -30 -6 3 33 -6 
6 -21 -39 -17 -13 -13 -12 -5 
-10 12 35 17 0 -2 2 -4 
-17 -41 -16 6 -1 0 4 12 
4 56 26 3 8 7 -12 -24 
22 35 43 18 2 7 8 41 
-6 29 -66 -25 -1 3 24 27 
-26 -29 21 -36 -19 -25 -37 -51 
3 -30 4 11 -7 -6 8 16 
-37 18 24 -2 1 5 7 -21 
21 14 7 9 1 -1 -14 1 
23 39 -5 3 8 8 18 34 
-10 -3 -5 6 0 0 -13 -8 
7 -14 48 8 8 5 -1 -4 
4 -28 -55 -3 -1 -5 -4 4 
1 37 0 -4 -6 -7 -9 -13 
-3 -27 -14 -16 -1 1 18 -5 
1 17 10 3 1 1 9 7 
-5 -9 49 7 -4 -7 -5 -31 
21 9 -26 4 8 6 13 43 
14 7 14 21 4 7 -7 37 
-14 -1 -30 -42 -9 0 7 -32 
-3 -3 -47 6 -6 -6 5 -17 
-29 -53 0 -5 -2 -9 -3 2 
-17 14 10 1 0 0 -15 -22 
-2 -18 -6 -1 -1 2 3 4 
-1 -6 -3 -5 -4 -6 -13 -17 
4 7 -1 -3 -5 5 15 33 
