#EMG
#5
#ID:5-11
8 20 5 4 -1 -8 -2 -2 
-7 -8 -18 -9 -1 -5 4 -14 
-3 -15 -6 6 -2 -1 -18 -3 
-8 -42 -3 -13 1 5 -1 10 
15 8 12 -2 -4 2 13 -17 
-11 -26 -24 -2 -1 -3 3 -10 
10 18 38 -3 -3 -2 3 28 
-8 -16 -45 -5 -4 -4 -5 -8 
0 -15 11 1 1 -2 -31 21 
-3 16 -5 -13 0 3 35 -22 
-12 -23 7 10 -2 -1 2 -11 
13 30 15 17 3 1 0 -2 
19 -1 44 18 6 0 -21 31 
-2 -25 -57 -24 -7 8 28 -7 
-44 11 -25 -17 -2 -6 -14 -29 
6 -5 33 1 -4 -13 -16 14 
19 4 -4 -2 -3 5 11 18 
2 11 17 4 -3 -4 -9 6 
6 -5 18 16 0 3 -1 -7 
-18 3 -9 -4 3 5 -15 -22 
-9 1 4 -6 -1 0 -3 12 
3 -8 -20 21 0 5 49 10 
2 -8 -11 -31 -6 -6 -13 -1 
-2 -5 -17 -4 -6 -6 -12 -17 
-3 9 47 23 4 1 -1 -9 
-3 27 -14 -17 3 -4 -39 13 
16 -50 -14 1 -5 1 39 15 
3 25 9 -9 3 5 -13 -29 
-21 -11 -17 -3 -4 -1 46 -3 
-1 22 1 8 -4 -5 -3 0 
-5 -10 16 -5 0 -10 -31 -2 
3 -8 -36 -7 -3 -1 8 17 
0 -6 1 0 -3 0 -9 -17 
3 3 2 -5 0 2 -15 1 
-16 11 42 17 6 4 17 -6 
-5 6 -48 -16 -7 -2 7 23 
-10 1 1 -2 -3 -11 -47 -25 
6 -16 -16 -13 -5 5 48 18 
0 -8 -10 2 -2 -10 -27 -11 
9 -9 7 7 7 10 20 3 
-2 4 -3 7 -1 -2 -4 2 
-5 6 42 3 3 0 -42 -9 
3 25 -48 -18 -3 3 35 -5 
5 5 34 17 -1 -4 -1 8 
-4 -18 -14 -34 -6 0 20 4 
-15 20 21 21 7 -3 -12 -12 
7 14 13 4 -1 1 -21 -4 
-1 -5 -18 1 -3 -6 -22 16 
-11 -2 8 0 0 1 32 -20 
3 -42 -9 9 1 4 9 -13 
-4 7 24 1 -3 -9 -26 10 
-5 12 -18 -21 -2 0 4 0 
10 9 11 4 0 -2 -15 7 
-9 -23 -15 7 -1 -1 -1 -33 
7 23 3 2 1 3 4 34 
0 -39 -11 -10 -3 -8 -23 13 
16 -1 -10 5 -4 -4 -8 -10 
-5 -13 -8 -10 -2 5 18 5 
1 3 25 17 1 1 -18 -8 
3 13 -7 -10 -4 -19 -73 -26 
1 17 -28 5 0 9 63 23 
13 -3 -10 -6 -2 0 20 -2 
-18 -10 3 -13 1 5 8 18 
10 -18 23 12 0 -8 -13 -24 
-4 -25 9 8 0 -1 -3 -3 
0 28 13 -1 -3 -8 -38 0 
11 -13 -39 -6 -2 9 46 9 
-5 15 10 1 8 14 15 -4 
8 23 20 -2 0 -1 17 -11 
-10 -14 14 0 -3 -9 -54 4 
8 0 21 16 0 1 -1 -1 
-2 -23 -65 -17 -5 6 32 16 
3 0 -9 -7 0 1 39 -14 
-6 8 43 -8 -3 0 -19 -1 
-14 8 12 -2 -2 -4 -12 -21 
10 18 55 30 2 0 -4 1 
-24 -25 -26 -8 1 4 6 -2 
16 -5 -2 -12 -3 -12 -39 15 
21 54 2 9 3 2 13 -10 
-24 -12 -3 -7 0 3 1 -5 
-9 12 33 18 2 10 -3 -3 
7 -19 -25 0 -9 -25 -17 12 
0 -26 3 -16 -1 1 23 16 
-14 -59 -51 -16 -3 -2 5 -8 
10 48 61 7 0 -11 -61 9 
-25 3 -11 5 -4 15 92 -24 
-7 3 -17 -33 -2 -9 -31 -19 
-1 9 24 15 -9 -9 9 -2 
6 -20 -13 -16 -1 -4 -26 10 
-1 0 11 13 3 8 14 1 
-5 -15 -26 -1 -5 -16 -59 -26 
10 11 9 -1 -3 10 75 23 
4 -17 -10 -1 3 0 -50 0 
1 -70 -83 -27 -9 -15 0 8 
-14 30 69 10 2 0 7 -26 
-7 24 24 -5 1 4 1 16 
12 10 2 13 -5 -11 -40 -11 
5 5 -20 -9 2 -1 7 18 
8 -41 -37 -8 -1 2 -10 9 
-15 39 18 18 -2 -7 -16 -28 
15 -21 -54 -28 -3 -1 -6 32 
-18 19 56 15 8 11 40 -50 
10 -41 -59 -16 -9 -14 -45 -1 
19 20 23 1 1 7 43 6 
-8 -1 19 11 -1 -6 -50 -21 
25 59 -4 -12 -6 10 78 57 
-6 -15 67 13 0 -3 1 -4 
-9 31 -20 -4 0 -2 -14 -21 
-12 -39 -27 4 0 -8 -22 -14 
-5 13 -11 4 2 5 -26 17 
-24 -2 -26 -16 -3 1 13 -10 
17 -46 17 17 1 -6 -22 -16 
-15 58 -14 -26 -3 1 38 -8 
-16 10 49 23 3 -5 -26 0 
4 40 -8 24 -2 2 -7 12 
-2 28 -19 -23 -1 6 49 -8 
-23 -27 -1 14 1 3 -8 -9 
14 -61 -45 -3 2 -8 -52 17 
-11 4 28 13 -6 -1 28 -21 
-6 -48 -45 -25 -4 -5 -28 13 
20 26 36 9 1 0 28 -1 
-1 -37 25 -1 1 -4 -38 -4 
10 -16 -53 -18 -2 -1 -6 10 
-27 -17 14 1 0 -1 -4 -17 
-11 -14 -29 -10 -5 1 26 -13 
-2 45 4 -10 -6 -8 -18 0 
17 -14 26 15 1 -15 -67 2 
21 11 -1 7 -2 15 86 24 
-15 -10 4 9 -1 -8 -23 4 
3 -11 -14 -10 -1 0 7 -20 
-22 59 -19 5 1 5 12 -12 
8 -25 14 5 3 -1 -12 -2 
-6 -8 -5 1 -4 -10 -34 24 
18 54 -12 -1 3 5 28 16 
-4 -32 58 3 -2 2 33 -36 
-10 0 -17 -1 1 -4 -42 1 
17 36 17 12 0 10 45 12 
-19 -64 -3 -7 -6 -6 -20 -5 
-5 -8 -45 -22 4 -1 -13 14 
-8 -1 -36 0 -6 -11 -61 -23 
-9 -86 -66 -12 2 10 64 11 
8 -16 31 -6 -7 -6 -15 0 
-6 -68 25 17 5 7 44 -13 
10 -46 -16 -10 3 -9 -40 25 
-12 27 -53 -17 -2 -3 -4 -26 
-14 -40 3 30 2 4 17 20 
0 -28 -45 -30 -6 -16 -69 -12 
-6 49 71 2 -4 11 58 3 
0 6 -30 -24 -5 -4 10 0 
11 21 -25 -7 -2 -7 -20 -12 
-3 -48 30 -6 1 11 31 8 
6 -32 -6 36 4 -1 -11 -8 
5 20 31 -5 -12 -10 -17 3 
0 58 2 4 8 7 2 -4 
-13 -14 -75 -12 -9 -4 -17 13 
20 -20 24 6 -3 -3 16 0 
9 22 35 -12 5 3 1 -14 
-19 -14 0 9 1 -1 -22 -15 
4 77 43 -8 0 -6 -26 32 
3 27 -31 9 7 11 42 -4 
-6 -53 -72 -33 -4 -6 -30 0 
1 16 31 28 -4 -1 27 -7 
8 -52 48 -2 1 1 24 17 
-5 44 38 7 -1 -3 -21 -10 
-12 -2 -37 -1 2 0 -28 6 
26 16 30 3 -4 -1 14 -16 
3 17 -11 11 9 4 -2 -7 
-9 -10 1 -17 -8 -8 -26 2 
28 -8 19 1 -2 7 46 32 
-21 -36 -28 -5 -4 -4 13 -1 
17 26 10 17 3 1 2 -7 
-21 0 11 -17 -2 -4 -27 -26 
7 -21 8 13 -2 -2 -5 18 
-16 -15 -42 -15 1 3 12 -19 
-11 53 -25 -17 -19 -12 -18 -2 
3 41 45 13 8 -6 -51 1 
-8 -35 -47 -21 -4 14 91 6 
5 -8 -8 -10 -2 -9 12 -20 
-1 8 39 -1 6 3 0 24 
-10 -50 -39 -2 -2 -3 -19 12 
-19 59 74 19 5 3 6 -13 
0 -75 -67 -16 1 4 -16 1 
16 108 59 32 -4 1 18 -17 
4 -23 14 25 2 1 11 11 
-3 -49 -12 -25 -5 -10 -38 11 
21 33 61 -22 0 5 0 -7 
-42 -75 -69 31 -1 -1 0 -32 
-1 -41 -36 -52 -14 -14 7 28 
-14 56 50 29 0 2 -13 -49 
21 23 15 -19 -5 -9 -30 60 
19 41 22 5 -1 3 35 -28 
-29 -55 -47 -11 0 -5 -48 8 
25 -31 16 22 4 8 24 -15 
-61 79 -22 -20 -10 1 -16 -11 
25 -49 -27 -12 -2 -12 15 13 
4 29 30 -7 4 5 21 -20 
4 41 -4 19 -5 -21 -45 18 
11 15 18 11 14 18 7 -10 
-26 -35 -46 -12 -1 8 -5 -21 
7 61 37 10 0 -3 13 26 
3 -42 -48 -28 -8 -7 -14 -4 
5 -4 30 48 0 -6 7 8 
-6 -16 -19 -31 4 0 -25 -2 
-8 -58 -13 -9 -1 4 19 -50 
0 -73 24 -16 -4 4 56 42 
-24 -59 -62 -10 -13 -12 -3 -33 
13 23 4 6 1 2 -8 35 
10 19 -4 -1 2 -2 -51 6 
-25 -19 -11 5 -1 7 65 -33 
28 38 67 5 -3 -6 1 -1 
5 0 -17 -6 1 0 -30 8 
-5 6 2 23 -2 -1 52 1 
10 42 3 -24 0 -7 -34 -6 
5 -12 -20 -13 -1 -1 3 9 
-17 -17 -31 14 -3 -3 -6 -39 
1 -4 -15 14 0 0 1 21 
-8 25 86 40 14 9 -87 -3 
0 -13 -78 -54 -15 1 68 60 
11 -7 42 4 -3 -9 20 -25 
2 13 -74 -13 4 5 21 -24 
-5 43 41 -15 -6 -11 -33 0 
3 -8 14 24 11 5 -42 -21 
1 23 -18 -1 0 7 16 40 
3 4 23 -23 -6 -10 -3 -9 
-3 -9 -40 15 3 2 -49 -20 
2 -11 -15 -16 -13 10 80 13 
-2 -29 21 7 2 -4 0 13 
-24 15 33 -8 -2 -3 -15 -7 
-1 -8 -34 6 5 -5 -13 -3 
-11 -10 12 16 -6 1 3 -28 
13 -17 -9 -21 -1 -5 -45 9 
-1 -11 -35 -18 -4 10 65 12 
4 -11 68 49 1 -8 -4 -1 
-1 44 -14 -13 10 2 -27 -5 
0 -1 -10 0 -7 0 30 -5 
9 -7 -29 -19 1 -4 -26 4 
1 -17 -5 -9 -2 0 3 4 
-7 -22 6 11 2 -4 -17 -29 
16 66 52 14 5 9 22 50 
-8 5 18 15 -1 -11 -67 -14 
-9 -6 -16 -25 -10 -5 -3 -34 
18 16 39 28 9 14 78 52 
-7 -35 -48 -39 -8 -7 -5 -30 
13 4 59 44 3 6 -19 20 
-3 -2 -23 -15 -8 -14 6 -22 
1 3 11 -14 -2 -12 -34 16 
-10 -15 30 12 3 -1 -48 -49 
18 -5 -28 1 -2 14 81 9 
-3 13 -52 -13 -1 -9 -27 9 
1 -6 11 17 2 4 -4 1 
21 28 1 4 0 -3 13 0 
-27 -23 -17 -28 -7 -4 -7 -11 
-10 -50 23 24 5 5 -13 6 
2 -4 -10 -23 -3 7 51 -12 
15 -9 -13 -12 -6 -19 -58 12 
-11 0 19 20 2 11 16 -14 
-14 -4 -15 -6 -5 -6 3 3 
-13 -25 42 6 1 -3 -17 -12 
-27 -5 -38 -9 -1 3 17 -18 
33 96 33 -4 1 -1 -24 9 
6 34 11 19 4 7 -6 2 
-3 -8 -34 -30 -11 -24 -18 -16 
-2 10 4 16 10 13 22 19 
-11 -18 -19 -14 1 -6 -52 -13 
-3 -13 -1 -4 -4 16 84 27 
3 4 -16 8 4 -9 -65 -6 
-12 -25 -14 18 -7 -1 39 15 
12 12 30 -11 4 6 -63 -48 
-10 -16 -29 -3 -5 -10 48 38 
-13 -19 44 -4 0 1 -39 -9 
-4 -2 -41 -23 -5 -11 2 -9 
-7 -39 -9 26 0 -5 -58 -1 
34 60 35 -13 2 8 61 12 
-43 -45 -79 -6 -7 -3 -21 -24 
13 43 101 31 3 11 0 19 
-42 -20 -89 -39 -11 -17 16 -36 
20 -32 -2 -40 -9 -9 -41 19 
9 -57 -21 30 6 0 -39 26 
3 25 49 7 3 7 20 -8 
10 -15 -17 1 -4 6 47 28 
0 11 49 20 5 -5 -36 -6 
6 11 13 12 -1 -6 5 -5 
-24 -20 -9 -34 -7 -3 3 -32 
3 -2 -29 -14 -1 2 34 12 
-3 -5 -44 -7 -6 -12 -49 7 
30 84 67 13 3 5 -12 -19 
-33 -23 -11 -12 -3 -10 -20 0 
5 49 70 41 9 20 27 29 
6 9 -8 11 -8 -20 -18 -25 
16 -30 -60 -18 -6 -10 -42 -11 
6 -16 -17 -32 -2 15 80 19 
-7 -91 1 -21 -10 -14 4 8 
-22 -31 22 28 12 13 -10 -25 
-17 -36 -98 -24 -12 1 51 25 
17 8 16 -1 -1 -12 -99 -24 
-9 17 51 41 10 17 44 -16 
4 -8 -6 5 -8 -4 11 18 
9 24 15 -12 1 0 -10 -21 
-1 -48 -15 -24 -8 3 9 53 
11 20 -14 5 -1 -11 -53 -40 
-13 29 1 9 2 4 -6 -15 
10 9 10 -7 -3 -9 -11 11 
6 26 25 27 3 0 33 6 
-11 34 -14 -37 -5 -3 14 -3 
-11 -51 14 -9 0 3 -18 -22 
-9 22 -80 -16 -2 1 -13 -2 
5 80 42 39 -2 -3 3 2 
20 25 50 -7 -5 -9 11 4 
-2 -29 -57 -22 -3 1 -15 16 
-36 -31 34 -2 -1 -8 -9 -26 
-12 -59 -50 -17 -4 -11 -25 -30 
-12 -23 -31 17 0 4 5 17 
-4 -20 -26 -11 1 16 3 -35 
15 3 79 21 -2 -24 -21 37 
10 -24 -67 -20 4 12 31 1 
18 31 59 3 -2 -4 30 20 
-10 8 1 0 2 -4 0 -9 
8 -48 -22 3 -2 8 14 -22 
-32 -61 -9 15 1 0 -25 2 
-13 -57 -14 -33 -6 -5 -16 -6 
7 -6 24 12 0 1 6 -7 
-33 -28 16 18 3 5 5 3 
28 81 -35 -19 0 -6 -16 5 
-4 -62 -32 -2 -13 -9 -3 10 
17 22 28 0 3 -7 -32 -1 
-32 -6 -17 -21 -4 0 -14 -24 
17 54 -15 25 4 18 63 17 
-18 4 -39 -12 -2 8 4 16 
1 17 2 -2 2 -11 -23 -75 
31 29 14 3 -6 -12 -18 50 
-6 -13 24 -10 1 7 -16 -8 
-11 44 49 39 2 -13 -20 11 
24 -26 -85 -23 -3 3 19 27 
-17 37 37 -2 -1 10 -14 -38 
-13 -24 1 -9 -3 -12 -11 -1 
-4 -23 -15 -6 -3 -3 -19 -18 
30 -19 34 10 2 7 44 31 
36 73 80 34 8 10 15 6 
-32 -36 -100 -27 -13 -12 -41 -12 
-6 7 36 11 5 0 -12 -27 
-30 -64 -77 -26 -9 -10 -13 21 
2 -9 3 0 1 11 74 9 
-11 -3 71 24 -2 -15 -21 -11 
36 -62 -12 3 9 16 -13 8 
-11 12 0 -24 -4 -11 -4 -13 
2 -6 -54 -24 -5 -5 26 16 
-41 -31 -5 24 4 -3 -53 -7 
15 -44 -58 -18 -3 -2 41 -5 
9 68 108 41 2 11 33 47 
0 -20 -55 -34 -4 2 -22 -11 
4 28 -3 -5 -4 -9 -20 -14 
-1 -8 22 13 3 0 -6 -14 
-15 27 19 7 -3 0 -26 -7 
-4 34 22 -17 -7 -3 14 -2 
25 21 1 6 4 6 9 6 
3 -60 -21 -3 -3 1 0 38 
14 -60 -126 -40 -10 -10 -19 -23 
-20 53 82 17 5 1 -9 -1 
17 -14 -7 2 0 10 27 -3 
11 86 23 4 2 -5 -19 9 
-5 35 46 0 -2 -6 20 -10 
-22 -32 -46 6 -6 -13 -34 -13 
12 -11 53 14 10 13 24 20 
-29 17 -82 -27 -10 -6 0 -16 
8 -49 12 13 3 1 -8 18 
-19 37 63 14 0 -2 -15 -53 
38 -61 -11 -16 -9 -15 -28 20 
-37 -10 -18 -9 -2 1 -19 -10 
-6 16 15 7 -4 -5 -26 14 
13 -24 52 18 4 11 56 12 
-4 36 -70 -29 -2 -2 7 -9 
-12 13 43 3 4 -12 -82 -32 
-12 -3 -87 -16 -5 18 82 28 
-2 -42 30 33 3 -6 11 0 
-15 -7 5 -14 1 1 -25 -6 
22 -42 38 6 -2 -3 -1 3 
-36 -40 -16 -3 1 1 -7 -30 
30 -33 -128 -30 -5 -1 -2 -3 
-1 37 54 0 -4 6 35 -1 
25 19 9 23 -3 -12 21 17 
-4 -9 55 -5 2 6 -5 4 
21 -14 24 -2 -2 -5 -20 6 
-4 -39 -6 36 -4 -7 -28 -19 
-17 5 -61 -4 4 0 -12 -4 
3 16 8 -22 -7 -5 8 -7 
-19 -79 -26 2 9 13 0 -3 
4 17 32 -12 -5 -12 32 19 
1 82 74 12 -8 -4 -5 -13 
19 -8 -29 -3 9 -3 -17 -5 
-24 24 42 23 1 3 -16 -19 
2 22 -27 -9 -6 -3 -12 4 
-3 -39 6 -2 -4 4 23 15 
-8 -20 -31 -8 -3 -12 -28 -26 
27 32 6 9 0 1 28 36 
-12 -34 -23 -49 -4 0 -14 -20 
-14 50 18 11 10 1 -8 -22 
-5 21 63 30 4 3 16 23 
12 38 -50 -21 -10 -10 -28 1 
-34 -3 -18 -4 -7 -8 -1 -5 
9 -55 -54 1 -5 1 17 7 
4 -9 27 4 5 4 1 -2 
29 61 25 -3 -3 -6 -45 -14 
-18 -24 40 33 13 18 47 21 
-1 -41 -36 -27 -7 -6 5 5 
5 67 43 6 -7 -10 -15 -19 
-1 7 -123 -46 -4 -5 -4 31 
8 -21 60 34 -2 0 -24 -37 
12 7 46 -31 2 6 20 13 
-12 -43 -43 15 -3 -2 -2 2 
-19 -40 -38 6 1 -8 -40 -24 
20 49 45 16 -1 3 54 8 
-3 -16 -32 -26 0 -3 -30 -6 
-13 88 36 30 8 24 75 22 
9 -38 14 -31 -7 -12 -9 -7 
-14 -19 -78 -11 -2 -3 -21 -3 
2 40 46 35 -3 -1 4 12 
-19 -86 -71 -47 -4 -10 -20 -47 
9 19 66 19 -6 -5 9 16 
4 -10 -2 -2 13 7 7 19 
29 69 56 -3 0 1 -25 -13 
-28 43 -11 -9 -6 -7 -2 8 
-20 2 -22 -7 -2 1 -6 -34 
24 -87 5 4 -1 -6 -11 14 
6 -52 -46 -32 2 1 21 -27 
15 72 24 37 1 9 -4 20 
-20 -33 68 7 0 -16 -35 -2 
9 43 -20 -14 -6 8 23 7 
-20 -21 27 41 5 -2 3 -4 
35 -12 -94 -29 -9 -6 -10 8 
3 10 45 9 3 7 8 -3 
-19 7 0 -43 -7 -3 2 -9 
20 -42 -30 -14 -1 2 34 15 
-21 54 41 32 12 7 -10 -17 
19 13 40 39 -6 -3 8 14 
-17 -36 -46 -7 4 1 1 -3 
-1 -22 -40 -5 -16 -20 -29 40 
-8 -19 4 -18 10 6 41 -37 
-33 14 -15 -49 -7 -2 9 13 
25 37 31 60 4 -8 -31 -17 
-39 41 11 -36 -7 6 26 8 
23 6 -2 34 2 -2 -34 1 
16 -32 -40 -14 7 8 22 5 
-12 -12 -15 -17 -10 -7 3 -6 
11 20 83 27 4 1 -13 -2 
-2 -54 -46 -23 -7 -7 -5 5 
-22 9 42 -10 -5 -2 8 -4 
-3 1 13 18 -5 0 -25 -23 
4 -11 -33 -9 -1 -3 -1 -23 
-4 -87 61 8 -1 -10 -12 13 
-11 -39 -86 -32 4 15 42 3 
-14 -16 50 11 -5 -16 -33 -1 
-9 -30 -30 6 -6 -8 3 7 
9 7 -58 -32 -3 13 12 -7 
42 53 64 13 14 3 -45 7 
-1 26 19 11 -11 -13 -14 12 
-11 61 -101 -29 6 6 26 -18 
15 -8 25 -20 -14 -7 4 -10 
-7 -43 -27 -9 -12 -14 -56 -24 
-14 -38 -49 12 8 9 69 14 
9 27 -18 -37 -9 1 -7 -10 
-2 89 47 20 5 0 -3 -24 
11 12 -22 24 1 3 16 60 
8 72 96 2 -2 -14 -50 8 
-24 -44 -67 12 1 12 4 -22 
-12 13 21 -17 -3 -2 7 14 
-19 -40 -49 -28 -13 -8 -14 -73 
1 -41 -21 19 3 -1 24 25 
18 -73 25 -7 6 14 27 22 
-10 77 49 20 -15 -18 -32 13 
-7 3 11 10 -2 10 43 -4 
10 -46 -10 -4 0 -3 -43 -7 
-37 3 36 20 -10 -23 1 -37 
-3 -45 -64 -34 -3 1 -20 0 
2 -47 7 20 5 13 67 44 
23 -4 31 2 3 12 9 -19 
0 -16 -12 -4 9 3 -19 13 
-4 -44 -22 -27 -10 -13 -30 12 
12 -19 21 62 4 1 11 -7 
8 -8 3 1 -1 6 2 0 
-1 9 1 -19 -9 -19 -46 -16 
37 -24 43 18 6 5 3 9 
-1 -16 -89 -15 9 6 -20 2 
-15 -39 -44 -25 2 11 8 -36 
25 21 56 31 -12 -28 -31 25 
-10 -19 -1 13 9 2 15 12 
4 -49 -10 -20 -5 13 75 41 
-19 28 24 -14 -2 -13 -68 -82 
26 -22 -69 -6 0 7 0 5 
-6 52 39 14 -4 -3 -19 -14 
-6 -44 6 23 7 -1 37 16 
3 60 -16 -34 -4 -1 3 29 
-29 27 18 -22 -1 -9 -87 -29 
-2 -12 66 34 7 22 111 62 
-22 -10 14 -1 2 -27 -128 -91 
-4 56 -89 -31 -16 -2 115 41 
29 -5 -4 15 16 41 2 1 
-5 -42 -24 -32 -11 -30 -40 -26 
-4 20 44 6 -20 -28 -79 -27 
-25 61 6 5 2 25 72 -22 
16 16 50 5 6 1 33 56 
-17 -29 -95 -7 -12 -25 -75 -30 
-27 -31 39 -46 -3 0 27 -12 
31 -30 33 28 21 23 -50 38 
-11 -11 -103 -16 -25 -37 66 -27 
-43 9 88 -5 6 9 -68 -39 
-2 -18 -42 -10 -4 -17 -63 45 
3 -14 -4 3 9 4 -113 -69 
-31 -60 35 14 -4 24 102 64 
36 0 -10 12 1 -38 -64 31 
-7 23 -16 -33 -14 -19 48 -21 
30 13 -11 -3 7 17 44 20 
-34 -56 42 -7 -5 -5 69 -83 
-28 41 66 53 10 25 -41 -9 
43 43 -70 -34 -3 -3 34 61 
-12 -52 112 68 1 -30 -102 61 
31 -43 -82 -47 -4 33 56 -42 
-7 -53 -95 -74 1 -5 65 -1 
-43 -5 -9 46 6 -8 -88 -4 
-58 2 13 41 -2 16 56 14 
90 4 6 -1 6 -38 -128 -53 
-38 -54 -31 -34 -16 28 127 22 
63 12 -11 23 -2 6 -4 -11 
-16 -46 -84 -106 -20 -21 -29 -13 
-5 14 127 94 15 -1 -93 38 
26 -58 -127 -23 4 15 25 -17 
7 50 51 -6 -5 7 49 10 
-6 -6 52 46 3 -12 -74 -31 
-7 57 91 31 7 15 90 33 
18 -1 -5 -23 -1 -3 -26 -8 
-11 42 87 79 23 33 31 17 
3 17 -105 -68 -15 -23 14 -16 
-50 -3 39 22 -8 -12 -35 -5 
-14 20 -29 -16 5 4 20 14 
-1 11 11 8 2 4 2 -20 
10 -29 -3 -38 -7 -6 5 -3 
15 37 44 18 4 4 13 29 
15 78 14 3 -4 2 -6 2 
-31 -43 -59 -23 -6 -1 -18 -25 
25 19 56 43 -9 0 30 16 
-11 -31 -22 -21 -8 -4 -18 6 
-4 -17 -74 -27 7 -7 -34 -32 
1 3 -9 -16 -10 -5 3 6 
-7 44 49 13 0 -2 22 -6 
8 42 -24 16 1 -1 -12 15 
7 -26 46 11 2 2 -7 4 
22 -9 -21 -1 3 6 25 3 
-17 -19 -13 -21 0 -7 -31 -21 
-30 -10 -73 -43 -11 -3 27 -3 
20 2 50 30 -2 -2 2 18 
1 -21 16 -5 7 9 14 11 
10 -24 -62 12 3 -3 -4 -3 
8 35 55 26 13 9 -10 8 
-4 -47 -42 11 -17 -14 -2 1 
5 25 21 12 -5 -2 -8 -11 
14 -35 -67 -46 2 -3 -3 -7 
0 -7 13 -4 -4 -6 -14 22 
11 9 15 19 9 -2 -64 -23 
-25 -8 4 -6 -2 15 72 -9 
-6 7 3 0 -3 -7 8 13 
2 -40 -23 -33 -3 -6 -40 -23 
15 18 58 37 0 1 12 52 
-46 -40 -24 -7 6 4 -18 -54 
10 5 14 -4 -5 2 15 35 
8 28 -53 -3 0 -1 9 -28 
-14 -46 19 -8 -5 -7 -13 4 
15 70 11 1 8 9 -2 21 
16 -6 7 14 -10 -7 19 3 
-5 -33 -69 -28 -7 -4 -26 -40 
0 0 30 -12 1 7 27 6 
-9 -3 -26 10 -7 -9 -9 -2 
5 18 44 -8 9 4 -3 5 
13 13 5 -2 -2 -9 -34 6 
-59 -9 4 18 -1 12 56 -58 
3 -13 4 -11 -6 -11 -36 29 
21 20 -8 -15 0 5 -8 14 
11 -26 6 32 5 13 36 8 
-29 -2 -5 -14 -9 -18 -34 -17 
12 7 8 -13 -4 -3 20 0 
-11 -24 -12 6 -3 -7 -23 -14 
1 31 24 3 6 10 23 24 
-7 44 -47 -12 0 -7 -32 -42 
5 10 73 -19 -12 -6 27 25 
-17 -13 -36 52 -1 -3 -11 -25 
-16 13 5 -19 -9 -11 -13 18 
34 15 74 14 3 12 40 16 
6 -38 -47 -13 -3 -4 -23 -8 
-21 -90 -43 -25 -10 -1 15 -29 
-53 -18 -7 15 3 -2 -6 -7 
20 -7 -7 -10 0 -1 -9 3 
8 -4 16 6 6 1 -33 23 
3 9 83 6 -6 2 38 2 
0 -18 -56 -20 -3 -5 13 4 
8 -24 6 -5 4 -1 -16 7 
-9 -6 -18 17 3 6 21 -6 
10 9 7 6 4 -1 -18 0 
-26 10 11 -18 -3 -3 -24 -25 
14 2 -25 -5 -10 -8 28 9 
-17 -50 -12 -14 -2 -4 -19 -24 
