#EMG
#1
#ID:1-4
-2 -2 28 5 -1 11 -22 -2 
-6 -3 2 -3 1 -9 -1 6 
13 -2 11 8 -2 -8 -32 0 
-7 5 6 -3 4 0 19 -2 
3 -12 -37 -3 -5 -7 -2 3 
-3 -16 3 15 1 3 4 -4 
-7 14 7 -22 -3 4 -13 -12 
-2 -4 -2 -6 2 2 -7 -6 
5 9 -4 13 -4 -2 -9 3 
-7 0 2 -12 -3 4 39 -3 
8 -11 -13 -8 -8 -10 -16 5 
-7 -5 8 8 7 5 4 -2 
-10 -7 -19 -27 -10 -8 1 -8 
7 6 6 17 3 -2 -19 3 
-12 -4 -13 -10 -4 8 11 -11 
3 10 18 4 1 -9 -18 3 
-7 -6 -15 -12 -3 1 23 -3 
14 -2 15 13 -2 -6 -12 11 
-7 -10 -49 -18 -3 -3 11 -17 
-11 -27 -13 -8 -12 -2 -8 -6 
2 12 8 -4 5 -6 -21 -8 
-6 4 13 -3 -3 8 2 5 
9 3 21 13 2 -3 -5 12 
-10 -2 -2 -4 -2 2 -25 -9 
-2 1 24 28 4 0 14 -7 
4 -5 -36 -32 -10 -4 0 12 
-4 -26 -3 -4 8 0 0 2 
-3 14 23 12 3 0 -3 -3 
8 1 -25 -33 -5 -1 0 2 
-4 11 18 28 7 -1 -7 -5 
0 2 24 20 2 7 -8 -4 
-2 -7 -39 -21 5 -17 4 10 
9 -1 2 1 -6 3 2 -3 
-6 -2 -1 -14 -7 2 18 0 
5 -3 16 17 5 -2 1 2 
-7 5 13 4 1 -2 2 -1 
2 -15 -9 2 -1 -7 -5 -11 
-10 -12 -11 1 4 -6 -15 -7 
17 16 17 -2 -3 2 4 0 
15 8 -18 -25 0 9 7 5 
-15 0 -3 -1 -8 -9 -5 6 
-7 -11 12 4 4 6 -2 -13 
-5 7 2 2 -5 2 -5 10 
6 -1 20 8 -1 -3 18 -2 
0 17 29 16 9 9 -10 6 
5 8 -19 -13 4 -5 -15 0 
-9 -9 9 3 -5 -9 -26 -6 
2 -5 -29 -2 0 7 41 6 
-2 10 19 20 -7 -10 -7 -3 
-3 3 -15 -20 -7 -1 -10 -3 
-10 9 -12 -19 -7 -11 -17 -9 
-11 0 -8 -7 -5 4 12 -7 
0 -15 7 8 3 2 7 1 
2 -4 15 11 1 0 5 1 
4 -3 -25 1 3 -4 -36 -1 
-3 8 19 12 -2 3 58 7 
-5 -3 -5 -19 -4 0 3 -2 
1 -5 -12 3 -4 -6 -16 2 
4 8 21 5 5 6 16 6 
-11 -13 -40 -13 -4 -9 -56 -7 
7 2 -28 -4 0 7 29 12 
-2 7 10 -10 -10 -4 -15 -26 
-4 -17 -12 2 9 21 79 7 
15 14 36 17 -2 -11 -22 -1 
1 -13 -17 -9 -2 -12 -2 -3 
-2 -9 10 3 8 -7 -18 -4 
-9 6 -22 2 -4 -1 8 8 
-23 -17 -9 -10 -3 8 3 -14 
15 0 15 -5 -3 -4 4 13 
-1 17 34 30 4 3 9 -3 
-1 -21 -29 -17 -4 -11 -13 -12 
2 -3 2 -16 -5 -5 4 7 
-3 -4 4 -8 2 0 0 -7 
3 -8 17 16 4 2 -10 10 
-2 30 11 -6 -5 7 36 -6 
6 -6 -32 -11 2 1 -14 -9 
-6 -38 -1 -13 -7 -9 -29 -6 
6 27 3 11 -1 9 43 8 
-7 29 -8 11 -2 -11 -16 -6 
6 53 41 18 8 9 9 5 
3 -12 -23 -11 -8 -9 -24 -6 
-35 -82 -28 -7 1 -8 -14 4 
-5 -23 21 -15 -14 -7 14 -19 
14 35 14 7 4 6 2 19 
-20 4 -26 -5 0 4 -16 -8 
20 22 0 0 -6 -10 0 3 
-2 -33 7 13 6 -5 -47 1 
-15 43 -23 -20 -7 2 28 7 
7 2 -3 6 2 2 -11 -12 
1 23 34 -12 -8 2 19 1 
7 63 4 20 7 -3 -20 8 
-1 -43 -33 1 -3 -10 -37 -8 
-5 16 12 -2 1 0 7 -3 
-1 10 -20 12 -4 3 27 8 
-4 -4 21 -17 -11 -5 2 0 
14 -59 -25 -11 2 -3 -35 -2 
-22 52 18 -15 1 9 27 -8 
7 -6 -5 6 -2 -5 39 23 
-11 -49 -3 0 -4 -6 -8 -25 
-5 -87 -7 6 7 8 13 -7 
13 -33 -28 -12 -13 -13 -37 14 
-19 2 23 -5 5 10 -3 -5 
-6 3 -9 0 -3 8 20 6 
-2 24 28 9 -4 -7 6 2 
-1 1 8 1 -4 1 -16 -6 
-1 5 -8 14 1 -1 -3 -5 
8 -7 -4 -15 -3 -3 8 4 
-3 24 12 -1 2 -7 -52 -4 
5 21 21 4 4 6 68 6 
1 -41 -51 -5 -7 -8 0 -18 
-23 -66 -41 -34 -3 -6 -14 -12 
6 40 25 22 -3 -4 -11 1 
0 12 16 -40 -1 -3 -19 -1 
7 24 -33 -9 0 7 5 8 
21 70 44 35 13 9 7 11 
-13 -20 26 15 -5 -5 -8 -11 
6 7 -20 15 -3 -1 17 10 
11 -25 11 -18 -2 -2 -41 -5 
-9 -40 -71 -20 -6 -2 22 1 
3 19 10 -25 -12 -6 16 -2 
-9 1 31 42 7 -7 -58 1 
-11 -16 -4 -18 -3 9 31 -30 
9 7 -13 -17 -6 -2 6 5 
12 -13 -2 13 1 -3 10 11 
2 15 0 -13 -3 -7 -28 -7 
-12 6 -52 -36 0 -10 -41 2 
3 -54 8 14 1 5 18 4 
-7 55 5 31 3 8 16 -11 
4 6 18 -11 -6 -1 -14 0 
-14 35 28 20 5 -5 -15 -17 
7 16 23 2 4 0 3 48 
7 -32 -20 -15 -10 -10 -8 -12 
-26 -42 22 35 10 7 23 -4 
9 -23 11 -20 -4 -4 -16 -8 
-16 14 6 -7 -7 -3 -7 -30 
12 -11 8 -21 -2 1 -18 26 
13 14 19 6 -9 -10 19 5 
-7 -16 -32 -9 6 6 15 8 
-7 -10 5 35 3 -6 -39 6 
-33 -2 17 -2 -2 4 36 -28 
9 -7 -42 -15 -7 -9 9 3 
1 -13 -7 -11 -3 -7 -39 11 
24 46 16 -4 0 3 23 7 
-2 -95 -30 16 0 0 6 -17 
-33 -21 -5 -15 2 7 1 -18 
6 -11 -2 3 -3 -2 -11 8 
4 16 14 16 1 3 26 -1 
-1 -7 -31 5 -3 -4 -2 10 
-7 4 -33 -18 -7 1 17 -7 
24 14 12 -9 5 2 -51 -4 
-35 12 -40 -32 2 1 47 0 
4 16 1 24 -8 -4 -7 0 
0 11 13 -9 14 5 15 -5 
-20 -1 27 45 -9 -5 20 18 
11 -22 -6 -3 -5 -4 -40 -50 
3 -34 -31 -23 -3 -4 11 38 
34 -4 26 17 6 -1 -21 9 
-8 -15 -58 -17 -4 -2 4 -12 
1 19 35 -3 -4 -15 -22 5 
-30 40 -28 -14 4 11 14 -33 
25 39 31 19 -12 0 45 23 
-15 14 -8 10 1 0 23 6 
-12 -8 -7 -26 -9 -6 -31 -15 
17 2 4 -12 12 4 -15 2 
-8 -12 47 48 -3 6 -4 5 
-9 -5 -21 -9 -3 -2 9 -17 
22 -16 13 -12 -3 2 0 22 
-15 -52 46 9 5 -11 -32 -11 
-26 -50 -24 3 5 4 17 -12 
9 8 -4 -19 -5 -3 -1 20 
20 8 24 22 2 1 -11 -16 
-2 36 -59 -63 -9 -1 -8 4 
4 37 27 20 9 2 -7 4 
-4 10 -8 18 0 -7 -23 -23 
2 -36 -42 -13 -10 -10 10 10 
-3 -8 29 19 4 6 51 8 
-8 17 -20 -21 -2 -1 -20 -18 
9 21 38 -10 -3 3 -35 0 
9 7 3 24 9 14 45 32 
-5 -25 -71 -21 -10 -21 -14 -17 
-11 41 -43 -26 -2 -5 -18 -8 
15 28 67 60 -1 5 8 -18 
-11 30 6 10 -5 -4 -22 9 
-12 -9 19 -9 8 4 7 13 
-8 5 11 11 0 -10 -31 4 
-6 -15 -48 -12 -2 8 40 -19 
10 -36 -10 -6 6 -4 -13 50 
-2 17 1 -7 -8 0 0 -29 
4 -64 -17 -5 0 -4 2 -6 
-4 -28 52 -15 -3 5 10 1 
-14 16 -37 18 1 -4 -14 -11 
39 -32 69 25 4 8 -3 17 
-12 22 0 3 -7 -14 -28 -21 
-3 -53 -41 -2 0 -4 22 4 
-9 33 28 -15 -2 7 44 -19 
-20 29 -2 -8 -8 -9 -26 2 
41 10 33 22 -8 -6 25 -5 
5 78 31 4 -5 0 16 33 
0 -13 -10 -9 -2 -1 -9 -25 
4 113 16 -7 6 9 5 -7 
-7 -58 -2 -14 -4 4 11 12 
3 -54 34 -31 5 -5 -31 -2 
-12 -50 -43 -6 -4 -4 5 -28 
3 -91 -43 28 -7 0 0 -2 
-22 -30 -22 -21 -4 0 -11 26 
43 0 45 24 2 -8 -2 6 
-14 -30 -26 -19 3 7 7 -24 
-10 75 15 -3 3 -8 5 -10 
12 7 -45 -12 3 -5 -51 14 
-23 22 -2 -7 -8 7 79 -10 
37 72 49 11 0 -10 -29 10 
7 23 -31 -15 -3 9 9 23 
-12 16 -24 -9 -5 -7 17 -20 
0 45 -1 -29 5 -2 -30 18 
-27 -35 9 -12 -7 -1 -25 -10 
5 2 17 10 -3 -4 2 -10 
-2 12 41 -6 1 -7 -31 -13 
1 -7 -40 13 -8 1 43 4 
18 -7 -42 -32 -5 4 17 8 
1 -19 27 -3 3 -7 -24 20 
-7 12 0 8 2 7 8 -2 
-21 -29 -42 21 1 -9 -18 -19 
-3 1 42 6 1 1 -34 -6 
35 22 21 1 -4 -6 -6 23 
-3 -19 -20 -23 -1 12 47 -16 
-11 -15 -64 -33 0 -11 -44 1 
-30 6 76 25 7 4 -11 -41 
10 -99 -28 -15 -3 8 50 21 
-4 -76 -28 7 -3 -4 1 7 
-9 -45 23 -15 1 -2 -32 -8 
-19 36 -5 8 -13 -11 -51 -23 
11 30 9 -27 0 13 72 24 
13 69 -22 -33 5 2 -7 -7 
-14 -6 13 43 0 2 -3 -5 
23 23 -56 -1 8 -6 -26 7 
-38 20 32 22 -6 0 39 -7 
5 -26 14 2 6 7 11 -7 
-4 15 21 0 -4 -12 -13 -8 
-2 -3 -41 -14 3 3 1 7 
-9 1 50 45 -10 -13 -75 -13 
0 10 -4 -18 -9 0 38 11 
8 43 -93 -29 -4 -4 -10 -9 
-5 -10 -10 25 -1 -2 13 24 
1 22 -10 7 9 -2 -59 -42 
-4 -8 -34 11 -9 6 52 41 
15 53 32 -14 0 2 0 6 
-24 -2 -11 1 5 0 14 10 
9 27 -45 -10 2 -2 -8 -9 
13 -4 41 20 1 1 -34 -18 
-10 5 4 3 -1 7 8 9 
4 -21 4 -12 -6 -7 31 -8 
-2 -43 19 -21 3 4 -23 7 
-7 1 -7 -15 5 4 -9 -6 
17 17 41 63 7 7 57 14 
-23 -19 47 19 -5 -14 -9 -30 
-7 -42 -50 -5 -5 -6 -20 -8 
11 11 -22 -33 -6 -9 -34 24 
14 -20 41 5 4 7 10 4 
16 43 -9 -15 -3 -2 1 4 
-9 -53 -5 24 1 -5 -33 -27 
-10 -18 -13 1 3 13 69 26 
-18 -1 10 -8 -9 -12 -28 -22 
14 21 52 9 1 -2 5 5 
-7 -16 -6 -24 -5 -4 -7 -7 
-16 -19 -36 14 0 -5 -38 -27 
-7 -55 -28 -41 -5 0 4 4 
4 -56 -6 18 -4 -3 -1 10 
3 29 7 -3 1 7 31 13 
-14 -17 27 8 -1 -2 -20 -44 
13 9 55 -15 1 1 5 17 
-12 -13 12 27 0 -2 -40 6 
3 19 2 -17 1 -1 16 11 
17 19 73 34 6 -1 -19 -11 
-43 -67 -106 -77 -13 -8 -12 5 
10 90 18 -8 -1 -5 -19 -16 
-20 -2 31 8 0 -4 10 -10 
11 -9 -9 -11 -4 -7 -14 15 
4 23 10 70 6 10 32 -8 
-2 -47 -22 -25 -14 2 3 1 
19 31 16 18 9 -1 -9 11 
-15 -13 -39 -39 -5 -3 8 -9 
29 24 28 7 3 4 -24 11 
-33 17 -1 -20 2 1 21 8 
-6 5 0 -7 -2 -4 15 -4 
-15 -22 38 33 -9 -14 -25 -1 
12 2 -8 -13 -3 -1 2 0 
-19 -18 33 8 8 7 15 -22 
-10 -26 -25 -15 -1 -5 -14 17 
10 -10 -10 2 -1 -6 8 -13 
5 49 73 26 -6 -5 4 -10 
8 -50 -7 14 5 8 3 5 
3 32 11 -33 -3 4 -14 -4 
5 28 -4 -36 -8 -6 9 6 
5 -18 -1 0 5 2 2 -26 
16 12 -31 -18 -9 -12 -19 44 
-7 27 72 20 8 6 34 -1 
-20 -25 -100 -8 -1 3 0 2 
-1 -4 5 0 4 -3 -19 8 
1 -9 8 6 3 1 -7 -29 
12 -58 22 2 -8 -2 -1 -5 
-11 -7 -61 -29 -8 -8 -10 -6 
3 -14 18 34 4 0 -9 2 
-18 -11 -36 -52 -9 0 -6 13 
4 -11 -2 1 -6 -3 3 -5 
10 -4 25 34 9 4 -1 -3 
-22 -26 -38 -34 -9 -5 -23 -32 
19 -21 13 6 -4 -3 27 28 
5 16 -23 5 5 10 2 -13 
-1 28 5 -17 -4 -8 -18 16 
14 25 34 22 1 -3 -11 4 
-20 -4 -45 25 -4 -3 29 -35 
9 34 -8 -6 -6 -4 -7 5 
-21 -9 52 23 3 4 2 -4 
11 17 -18 1 -3 -5 -7 20 
-7 -52 1 -6 -4 4 -1 -11 
5 -9 -36 -1 -10 -12 -8 -1 
5 -22 29 26 0 -2 -19 1 
-2 -25 -11 -19 2 3 17 -6 
-1 -40 -10 -11 -9 -7 -23 -7 
-9 -15 -22 5 2 4 22 7 
11 3 29 2 0 5 0 1 
-7 -30 -12 -16 -2 -10 -5 8 
-9 22 -14 16 5 8 12 -13 
-11 -16 -8 -35 -2 -6 -7 -9 
13 29 -2 21 -10 -2 2 16 
-13 -9 31 -1 23 7 5 -13 
-16 -20 33 -3 2 -1 -22 -1 
6 75 1 15 4 8 31 4 
7 10 47 15 5 4 -14 -2 
10 85 -46 -23 -11 -6 14 7 
3 10 23 15 2 1 -6 -21 
-46 -16 0 -9 -8 -9 -12 7 
16 -8 -78 -11 3 3 12 -2 
-14 -7 4 -1 0 1 8 8 
2 11 17 -4 -4 -7 -47 3 
8 -2 5 -7 -1 -1 26 -20 
-3 -19 0 14 6 5 -3 15 
-8 -31 11 -1 -3 1 14 -7 
3 -33 -77 -11 -1 -9 9 -1 
1 -56 -15 -14 -10 -7 -31 -4 
-17 36 27 16 -3 -6 1 -10 
1 -93 -17 8 4 10 0 3 
12 38 58 13 3 1 1 7 
13 9 -56 -30 7 6 -15 3 
-5 -8 26 -13 -13 -9 8 -6 
-6 -16 -37 -26 -22 -9 -7 10 
11 18 -2 5 15 6 29 7 
-15 1 10 24 7 8 -7 -26 
5 22 63 -11 -3 -13 -19 6 
13 -8 -39 -6 -7 -21 -66 -16 
-2 -4 -34 -7 -1 13 78 17 
19 -12 15 -10 4 -7 -7 10 
-24 -50 -34 2 8 14 15 -15 
-6 -10 64 47 -3 -4 -31 -11 
-11 -17 -52 -31 -12 -15 -4 -7 
-6 -77 -38 3 -11 -14 -25 -1 
6 15 -5 -4 -3 -1 12 -2 
-2 49 22 -13 1 3 13 -2 
7 -8 25 14 4 7 -15 8 
-13 -6 0 12 -6 -1 -3 3 
10 2 -46 -21 -17 -9 -4 -3 
5 17 50 44 24 12 17 0 
-4 -11 -19 -55 -7 -1 -20 -13 
7 9 -23 -1 -9 -9 -16 -2 
8 -44 17 8 6 2 -18 -1 
-6 25 -31 -15 5 -1 -5 18 
-13 -16 33 3 -6 7 50 -31 
-7 -9 9 11 0 -10 -18 16 
7 23 -18 1 3 4 19 -8 
-5 -14 0 -10 -2 -6 -20 -1 
21 36 49 34 3 1 -7 18 
-14 66 -27 -16 -8 2 22 -5 
14 1 -29 6 -2 -8 -21 1 
-39 14 30 23 -13 -5 17 -17 
18 33 0 -23 1 -2 -15 12 
10 4 31 20 1 7 10 -10 
1 -3 6 4 -8 -6 -4 9 
12 26 -29 -29 -8 1 4 8 
-34 -64 -11 2 -2 -11 -31 -27 
-5 -26 19 27 14 6 -28 -7 
1 38 13 1 4 14 45 24 
-22 -40 -11 -13 -7 -26 -21 -18 
18 49 17 5 -1 -1 -9 14 
30 -3 14 -12 4 -2 -8 11 
-37 -42 -22 10 -11 -10 -17 -24 
5 19 -34 17 6 17 18 -6 
5 -14 -5 -12 1 2 -5 7 
-11 13 -16 -19 1 9 -6 -13 
8 -24 -42 -29 -10 -10 14 24 
11 -16 19 18 1 -3 -5 9 
0 39 -2 8 8 8 16 4 
-6 -12 13 -5 -1 -13 -11 -23 
-1 28 76 21 4 7 -9 -10 
-41 -75 -100 -35 -13 -8 -14 -22 
9 0 36 22 3 13 14 19 
9 -6 21 13 -4 -3 -22 6 
-38 -6 -33 -39 4 8 32 -9 
37 91 35 8 0 2 -1 1 
4 -43 -18 20 -4 -1 -6 6 
-11 3 -23 6 -1 -7 -3 4 
15 16 42 8 18 8 -9 -4 
1 -26 -36 -33 1 7 -4 5 
0 -14 -22 22 0 -6 7 -2 
-9 22 69 -23 -15 -15 -17 0 
4 14 -44 2 2 2 26 26 
26 -39 -17 -15 -2 2 5 -24 
-39 13 -48 -48 -3 -3 5 -12 
-33 -42 19 20 -10 -3 -22 -23 
-2 -52 12 11 13 5 -11 -23 
17 39 -16 24 8 5 27 34 
18 13 15 -6 -7 -12 -40 15 
2 -3 -57 -39 -6 8 63 8 
-11 -70 14 11 -10 -13 -36 -14 
1 37 24 38 8 6 22 -16 
-1 -21 -17 -4 -2 -1 -21 -9 
-18 -29 -27 -11 -5 -3 10 1 
23 38 -7 -3 -2 -4 7 -1 
-22 -16 38 -14 -2 5 1 3 
23 11 -36 -9 -2 -4 -4 6 
0 11 22 17 9 4 -24 -6 
19 22 -39 -8 -1 -3 7 6 
-26 -20 51 27 -7 11 38 28 
-9 -27 15 -33 -12 -17 -31 -28 
24 -12 -54 -8 0 -4 13 10 
-10 29 19 -6 2 1 -22 -11 
-1 -6 18 1 10 -11 -42 -11 
16 -8 -42 -8 2 14 -14 9 
-7 -28 11 -1 -8 11 95 21 
-3 -8 20 11 -13 -17 -36 -8 
-7 -20 -34 -21 -7 -1 -9 -13 
-11 12 -46 -8 2 3 -10 -6 
25 56 57 31 14 10 -4 -1 
13 22 -1 -5 -7 7 -1 -8 
-17 -30 -30 -19 -5 -17 19 6 
11 4 -25 4 2 -5 18 3 
3 -11 -4 3 0 5 -8 6 
-15 5 16 -7 -4 -3 11 10 
20 7 31 13 -1 -4 -22 -11 
-13 69 29 -1 -1 -2 15 -9 
-36 -67 -22 -24 -11 -18 -14 -14 
-5 0 -18 11 11 4 3 -6 
16 48 17 -14 8 5 -28 -6 
-4 20 3 17 -8 -4 23 20 
24 33 2 -8 2 2 7 5 
-4 -67 -1 -10 2 -4 -35 -22 
9 -5 -7 10 -10 1 10 2 
-15 -34 47 2 8 3 8 -4 
-4 -1 -29 8 -9 -8 -15 -4 
3 21 -18 16 11 11 14 22 
11 2 2 -13 -1 -2 -24 -16 
-13 -19 25 -1 -9 -21 -55 -21 
15 14 -4 14 8 11 52 34 
-18 -4 -26 -13 -18 0 26 5 
-4 -27 -17 -20 -3 4 22 -7 
9 -6 10 3 3 -3 -23 -17 
-1 11 7 5 -6 -12 -47 -8 
-10 7 10 -15 -2 3 31 4 
-14 -3 -24 8 1 2 1 18 
6 9 14 -16 -1 -2 0 -17 
11 -15 41 33 -1 -3 -4 -4 
13 36 18 -21 -2 -3 -7 2 
-16 -48 -41 -12 -6 -6 -15 3 
-2 -12 0 19 4 14 52 9 
-11 51 -9 -13 -3 -2 -16 -14 
-15 -44 -13 -24 -7 -8 -15 -4 
13 19 2 -19 0 -2 8 24 
3 -9 18 7 -4 -7 -14 -10 
12 -29 6 13 15 9 -16 -7 
-16 20 0 4 2 0 24 -11 
-3 -3 1 -2 -2 -6 -5 29 
-1 -20 -26 -5 -12 -6 27 -2 
-17 -31 29 9 2 -4 -22 -20 
17 8 -71 -1 -4 -4 -13 -1 
-4 2 34 -23 2 6 3 -8 
10 23 13 8 3 10 -1 17 
-12 -24 -28 -24 -3 -2 7 -2 
12 -8 38 22 -1 -1 -12 -8 
-7 35 43 -12 0 -2 3 -16 
4 9 -20 11 8 3 -8 8 
3 12 -22 -28 -7 -7 6 11 
-37 -12 -9 5 -2 -13 -31 -43 
18 -17 5 24 -2 9 29 13 
-30 0 33 5 2 -5 -8 -3 
1 8 0 2 6 6 6 3 
6 -47 -14 -5 0 2 -2 -2 
-13 6 -12 -3 -11 -8 -9 -22 
17 2 21 7 1 7 12 21 
-6 15 -77 0 -6 -9 -27 -20 
10 -20 15 -6 6 1 -3 13 
2 -11 36 26 4 2 30 1 
-9 -17 -16 -20 -8 -8 0 -8 
-20 -14 -23 -11 0 3 6 3 
7 6 32 0 -2 -2 -7 -5 
0 3 -34 7 12 0 -17 -12 
-14 -5 -20 0 6 5 5 2 
8 14 9 -16 -10 -10 -1 -3 
-10 14 19 0 -6 -5 -4 -9 
5 17 18 7 -8 1 5 20 
10 -2 19 27 13 9 4 14 
-9 -59 -54 -15 -15 -7 -14 -4 
7 37 46 -2 6 6 8 3 
-21 -59 -93 -23 -10 -2 24 -8 
23 42 46 7 -1 -6 -6 0 
-21 -16 8 1 0 -6 -2 -13 
11 58 18 7 0 2 1 15 
15 -9 14 4 -6 1 -13 -3 
-13 -8 -7 -13 -4 -5 -7 -2 
23 -4 7 18 5 6 24 20 
-24 -68 -19 -5 -2 -3 -5 -12 
-8 6 11 -13 -6 -10 -16 -3 
10 2 -24 -4 2 5 -2 2 
23 31 34 6 -4 1 -8 13 
10 -3 13 -5 0 2 3 -7 
-13 1 -41 3 4 5 -6 -2 
-6 -31 -41 -23 -6 0 1 3 
0 23 54 19 7 11 8 -7 
14 -3 -38 -5 -5 -11 -29 31 
15 -22 15 16 -1 -1 46 -3 
-48 28 -63 -41 -14 -11 -14 -40 
-6 2 47 27 1 1 4 -5 
2 60 -8 -15 4 0 -12 18 
16 16 4 11 4 6 -23 8 
17 -17 2 4 -5 -10 9 17 
2 -23 -33 -8 -1 -7 -8 2 
-3 -15 -24 11 0 1 14 -21 
-9 14 40 -17 -3 -6 -8 -6 
13 -3 22 18 7 1 5 1 
12 20 -3 -20 -3 2 7 1 
-6 -28 -6 1 -4 -3 7 0 
-5 13 -6 -2 2 1 4 10 
-12 -34 -3 12 -3 -8 -19 -20 
3 15 40 -2 -7 -12 -29 -9 
2 -33 -54 -7 4 1 13 3 
-11 2 55 28 -1 0 -1 -5 
5 8 -14 -29 -11 3 -3 10 
-16 -4 4 -7 2 2 1 9 
-5 -82 -10 24 -4 -10 -6 -26 
-4 43 19 -12 4 -1 -33 -18 
7 -31 22 7 1 5 43 17 
-6 -16 -98 -24 5 5 8 9 
8 3 21 -7 -8 -3 0 12 
-7 -7 13 13 -1 -4 -11 -9 
-8 -3 -51 5 3 4 -6 -17 
15 8 14 -25 -9 -11 5 19 
-13 30 41 19 8 5 6 4 
4 -32 -28 -7 -10 -5 -17 -5 
-7 15 -3 1 1 6 14 15 
-6 1 -12 0 -6 -6 -14 -29 
4 11 6 5 4 -3 -5 -9 
3 54 48 15 15 7 1 7 
3 -23 -32 -21 -3 -4 1 2 
-11 35 31 16 5 1 7 -3 
8 9 7 4 -4 -4 -7 20 
19 -3 -32 -23 -2 -1 27 10 
-14 11 -4 -3 -6 0 -25 -24 
4 2 41 18 5 10 8 11 
-5 -1 19 -5 -1 -4 -5 -9 
3 -77 -35 -8 -16 -9 -8 13 
-6 13 41 -3 2 3 -14 -17 
-12 -12 18 15 3 -5 2 -6 
4 17 -1 0 3 6 6 4 
6 74 -7 -19 -2 -2 2 -3 
5 -10 -15 0 -5 -1 0 13 
-23 -11 -7 14 -7 -3 -17 -23 
2 -9 -5 -26 -1 0 19 14 
6 -11 -12 -1 1 -4 -12 -19 
-17 -57 13 7 -6 -4 -9 5 
2 3 -32 5 3 10 10 11 
-4 -9 -31 -38 -12 -10 -10 -10 
-16 -19 -23 -3 -3 -5 -31 -9 
11 1 12 30 2 -1 43 0 
17 -34 11 2 13 -1 -18 13 
1 71 -3 10 2 9 23 8 
-26 -39 -38 -11 -7 -13 3 -11 
-7 14 56 7 -4 -5 -19 -15 
-6 -12 -46 -17 -6 -1 1 -14 
7 -4 27 7 0 1 -12 6 
30 9 -9 2 -2 2 5 14 
-2 3 -6 8 2 -6 -18 -16 
-3 2 -18 -22 0 -1 14 7 
-12 -31 -33 -13 -1 -2 -3 -13 
9 8 30 4 0 0 11 6 
10 10 -9 5 -6 -4 -9 1 
7 34 26 -17 4 3 -2 -1 
-13 -39 -34 21 -1 -6 -21 -5 
-12 4 30 4 7 7 31 -2 
6 16 -21 -23 -5 -3 -13 14 
-3 11 42 19 -8 -5 14 -24 
10 22 11 -8 -2 1 5 18 
-3 -15 5 18 -3 -6 -21 -21 
-16 -49 -11 -18 0 1 4 1 
8 -35 -29 -4 -4 3 -1 1 
-7 -15 -8 -15 6 4 3 3 
-24 1 4 7 -4 -4 -6 -19 
1 -24 12 9 1 -1 -20 16 
-5 -16 -47 -4 -8 1 27 11 
2 -8 36 9 -6 -2 5 -9 
11 -13 -66 -41 -6 -3 -10 7 
-13 7 17 27 10 3 -1 -6 
-21 -5 9 0 -6 -5 -4 -6 
