#EMG
#7
#ID:7-3
6 17 -2 -6 -4 -3 9 14 
3 -14 16 9 -2 -5 0 4 
-7 4 -3 -5 -6 -7 -31 -30 
-6 -17 0 0 3 0 4 4 
-12 -3 -8 1 0 6 -2 1 
3 2 18 0 1 -6 -10 7 
6 7 4 0 0 3 -3 17 
-5 16 5 -1 -3 -14 -68 -36 
-15 -24 -20 -4 -2 3 47 12 
-3 -3 1 -5 0 7 19 -4 
-4 -1 11 5 0 -2 -1 -4 
15 18 0 -8 -3 -7 -11 17 
-15 -18 13 6 -4 -6 -34 -20 
-2 -1 -32 3 6 17 14 -7 
0 20 11 -5 -6 -13 -13 -8 
4 -5 -2 -1 -2 -12 -3 9 
-22 -21 -21 -10 -7 -12 -11 -4 
-4 -3 15 0 0 11 65 10 
-15 -17 -8 0 -1 3 -3 -11 
13 1 -13 -6 0 0 2 -3 
7 12 7 2 3 2 -4 -3 
-6 -9 -9 -3 -4 -15 -93 12 
4 10 1 1 1 12 80 8 
-8 -22 -41 -11 -5 -5 11 -21 
5 2 -17 -9 -3 -1 1 7 
12 2 5 2 3 -1 -23 -2 
-11 -12 -2 -1 -3 -6 -27 0 
-7 -5 5 -8 -6 -4 17 -1 
5 20 39 15 3 4 -7 -18 
2 -19 -49 -9 -2 -1 22 17 
17 25 -19 -6 3 -2 -45 30 
5 -20 16 3 -2 12 75 -3 
-24 -12 -46 -7 -6 -14 -33 -20 
-18 6 13 0 -2 3 16 -18 
-12 -12 -9 -5 -3 -7 -19 13 
10 4 -11 1 2 2 -29 -4 
17 4 23 3 -2 -2 -6 2 
-2 1 13 -2 -2 7 64 10 
2 -1 4 -1 4 1 -27 -21 
-5 6 17 5 1 -3 12 14 
6 -21 -51 -12 -5 -3 7 9 
-3 9 0 6 0 -8 -39 -3 
-6 -5 11 -5 -3 6 27 -51 
4 0 12 0 2 -7 -23 39 
2 10 24 -1 -4 -3 15 2 
10 21 25 2 -2 1 8 -3 
-33 5 -22 -9 1 0 -47 -23 
-3 -19 -35 7 -1 -2 1 1 
1 27 9 -5 -3 5 11 1 
-1 10 33 -5 -6 -2 23 -1 
15 -32 3 5 0 -9 -22 -3 
-4 20 30 2 -3 7 45 4 
5 -11 -31 6 5 -2 -37 10 
0 -11 -57 -16 -3 2 2 -14 
-20 -13 -12 4 -1 3 20 2 
23 -5 -2 -6 -8 -23 -97 16 
-14 6 25 6 5 24 89 -7 
-10 -65 34 5 0 1 -24 22 
-9 -4 -13 -6 -5 -1 66 -6 
-18 -33 -33 -11 -1 6 -43 -29 
10 -24 -26 -9 -1 -10 -44 -8 
2 10 35 18 3 -7 -21 2 
15 -1 -47 -1 0 10 34 45 
7 -2 11 -7 -4 -2 -25 -24 
8 2 12 6 -7 1 25 25 
-11 -2 -34 -8 1 -1 -5 -9 
14 27 15 4 1 -8 -21 9 
-11 17 4 1 7 7 8 -17 
0 -7 -33 -14 -2 -2 -11 -6 
6 50 25 16 1 0 -4 -2 
21 14 -5 2 2 -7 -21 2 
-33 -6 -8 -3 -3 3 43 5 
-11 -51 -5 -7 -1 6 27 16 
12 8 -34 -2 1 -4 3 -5 
5 -32 39 -7 -6 -4 -6 -25 
-6 23 28 11 5 7 6 3 
-5 -26 74 42 1 -23 -75 -2 
-7 -34 -83 -54 -13 13 80 0 
6 8 16 6 -5 2 -15 12 
21 26 21 25 6 5 2 29 
-4 67 18 -2 0 -4 7 -8 
2 -73 24 10 -3 -9 -32 -8 
-2 73 -36 -29 -3 -2 -7 -11 
-4 1 -18 -9 -1 -1 -30 -14 
1 16 8 -8 -1 10 76 39 
19 20 51 13 -3 -8 -26 -18 
-41 -55 7 9 -6 -4 1 -25 
21 17 8 24 0 0 8 -2 
-11 19 -73 -54 -1 -5 -74 -5 
2 -2 -4 -10 -5 -3 24 -8 
2 32 9 15 -1 4 19 9 
14 -16 30 -12 -6 -7 -1 35 
-6 -7 -26 18 1 -5 -37 -34 
3 -7 -29 0 0 2 2 11 
-1 -51 17 -45 2 -8 -35 -13 
6 7 42 66 -6 5 56 8 
4 -33 -40 -31 -9 -13 -2 16 
-17 35 6 -10 4 3 4 -1 
-8 -21 -42 6 -10 -10 1 -10 
-14 13 20 3 4 3 -10 -20 
7 -18 17 -30 -1 1 -4 -4 
41 -7 28 19 3 -6 -61 28 
-3 -7 -16 -9 0 7 52 3 
2 -19 -87 -15 -7 -12 -3 11 
11 38 70 54 0 6 23 17 
-58 -5 -9 0 -3 -16 -75 -70 
24 7 23 -2 4 9 4 6 
-27 -46 -47 -13 -1 5 76 2 
35 35 32 -1 7 -5 -42 -1 
-8 5 -21 -7 -3 9 -13 -1 
-3 9 19 8 -3 -6 -14 -3 
-8 -32 -74 -60 -10 3 45 -3 
-13 -5 1 23 2 3 -34 -8 
-3 -21 19 16 -1 5 10 9 
-2 12 18 12 5 -2 -13 1 
16 -4 -6 -6 0 -6 -47 2 
-20 -78 -35 -15 2 5 44 6 
-9 28 -20 0 -7 -11 -31 0 
-21 -5 -20 -1 -2 -4 -21 -18 
2 0 22 -17 -1 1 1 -8 
2 13 11 2 -3 3 15 -10 
7 6 -1 9 5 1 30 29 
1 -14 7 -19 -5 -10 -6 12 
1 5 28 17 2 5 -29 -9 
-11 8 -37 -1 -5 -21 -66 -33 
3 -16 -18 -9 0 13 69 21 
0 24 16 10 -9 -14 -24 13 
16 15 20 5 5 10 -4 -18 
20 46 -8 1 -5 -7 5 15 
-43 -2 63 9 11 5 7 -34 
4 -65 -75 -20 -8 -9 -34 5 
-16 47 4 18 12 4 -7 -8 
-15 -57 3 -25 -8 5 27 -2 
18 28 -8 2 -3 -7 -7 7 
-1 -2 7 6 3 1 6 -15 
-7 -39 16 -15 -4 -2 -11 18 
1 42 -27 12 7 3 21 -11 
19 55 27 1 -4 -7 -19 2 
-14 3 41 -2 0 1 -8 -14 
-6 -31 -56 -16 -15 -6 12 18 
12 -10 1 3 4 0 -15 8 
10 29 43 -4 -9 -4 9 -10 
-8 -17 17 5 -2 5 37 7 
3 47 30 1 3 -4 -20 -20 
-6 -17 -37 4 -9 -3 1 -4 
3 -15 -22 -23 -3 0 -8 9 
-8 11 30 -13 -2 4 -4 5 
7 50 15 8 -1 -9 -17 2 
1 36 48 50 1 4 20 -5 
-10 -52 -37 -15 4 -3 -18 14 
11 0 -32 5 -2 6 23 1 
9 -7 -11 -12 -1 -6 -13 5 
-3 80 72 -13 0 8 11 5 
8 13 55 7 4 0 -10 -10 
-4 10 28 -6 -4 0 -3 -3 
8 21 66 31 12 0 -1 3 
-9 -65 -62 -21 -8 -1 -6 11 
-17 39 -53 -20 -5 -5 -2 -27 
-7 21 48 32 9 18 10 -3 
-21 -19 -16 -13 -9 -21 1 -10 
20 -2 52 17 6 -4 -33 1 
-1 23 -6 -9 -8 11 75 16 
18 -17 -97 2 2 -4 -17 -5 
-2 6 25 -7 -7 -3 -29 1 
-25 -39 11 -13 -1 -1 9 -27 
31 -47 9 10 5 -5 -23 27 
-33 -56 -81 18 -5 -3 -17 -31 
-19 17 -5 -48 -1 7 13 -18 
0 -67 -75 -16 -9 -8 -4 11 
-6 12 37 29 7 -2 -3 -11 
35 -11 17 5 2 -3 -1 24 
-3 16 -30 0 -2 7 -10 -23 
-21 21 28 -35 -2 -4 8 5 
1 -13 22 14 -4 0 -10 -6 
4 31 44 -11 1 -7 -48 -29 
14 -71 -99 -24 -11 -14 17 25 
2 43 56 30 10 7 12 -12 
-18 -29 -26 2 0 1 -17 -2 
10 -64 -8 -45 -12 -14 -7 30 
-31 15 -45 -4 -5 5 57 -25 
-20 8 9 -4 -2 1 -29 -9 
29 15 -12 11 2 0 35 11 
-25 9 45 18 11 0 3 3 
12 -45 -17 3 -3 -6 -36 7 
8 28 14 -3 1 24 100 9 
-2 -42 -33 3 -2 -2 -24 -13 
-9 32 -29 -7 -1 -2 -15 3 
19 51 67 8 8 5 9 9 
-25 2 -11 22 -1 -6 -31 -13 
11 3 -15 -19 -2 7 0 0 
-2 -1 14 13 2 -4 -28 4 
0 -32 -10 -38 -11 1 59 16 
14 57 -6 -15 -6 -4 -17 -18 
-9 -2 -17 -1 1 -6 8 3 
-6 -5 27 17 -4 -4 9 -6 
-1 6 12 18 3 2 -27 -2 
11 -1 -2 0 -3 -7 -13 -2 
17 -24 -9 -8 -2 6 13 10 
8 42 13 -20 -2 1 15 19 
4 -35 -33 1 3 2 -22 0 
-26 0 -28 18 0 -2 13 -12 
-28 0 16 -14 -9 -11 -24 -15 
13 17 -1 9 3 9 19 8 
5 -10 15 0 -6 -6 -17 -6 
4 -23 -1 -3 -1 -5 -3 16 
-16 -2 2 7 -1 -1 -8 -13 
5 5 3 -15 -3 6 9 9 
-14 -10 3 17 4 -5 -33 -16 
16 -10 1 -12 1 5 4 22 
11 -72 -35 -4 -7 4 34 -22 
3 2 -15 5 2 -7 2 -6 
-7 -23 4 4 -9 -6 -4 -12 
2 28 63 -2 0 -3 -23 16 
-6 7 -45 -7 -1 2 -11 17 
10 -31 -32 -5 2 6 14 14 
9 68 7 7 -3 -2 -19 -28 
-7 -9 -19 6 3 -1 -9 -18 
6 39 43 5 0 -5 8 22 
-18 -31 24 7 -10 -10 -4 -15 
21 -9 -54 -1 15 6 -5 5 
7 16 52 4 0 0 -19 -17 
13 87 -17 -13 5 9 29 29 
-22 -21 -50 -12 -10 -9 -8 -28 
-8 -17 60 27 3 1 0 16 
-15 -45 -98 -22 2 1 -1 -8 
-10 -14 12 13 -1 -8 -30 -13 
7 20 61 27 3 6 34 -1 
-7 -40 -14 -39 -10 -8 -9 -5 
18 -1 -11 -1 -5 -3 28 12 
-22 -66 1 -13 -7 -5 -15 -2 
1 25 -44 -16 -2 -7 -20 1 
-22 -31 8 20 5 11 18 11 
5 28 6 2 3 0 -30 -24 
5 -6 58 -1 -10 -15 13 0 
20 -44 -88 2 5 11 23 21 
-43 19 -2 2 -1 -4 -53 -30 
20 -16 9 2 -8 -14 34 16 
-5 46 13 -11 7 14 -1 -13 
-2 -16 -5 -13 -10 -13 -2 15 
18 54 43 22 11 8 -32 -5 
-25 -67 -54 -11 -9 -4 -3 -12 
2 23 -22 5 6 6 -13 4 
6 -17 24 -16 -2 2 44 3 
5 -57 -21 -8 -8 -7 5 18 
-5 -23 30 19 3 2 -30 -17 
3 -5 -9 -5 -2 -8 -20 -14 
-11 -17 2 0 16 18 -32 2 
0 3 -28 25 -12 0 75 9 
17 5 17 -33 12 8 15 30 
-16 7 20 -16 -15 -10 -10 -10 
-1 7 22 21 7 -4 -30 -26 
6 -3 7 -12 6 15 51 24 
-16 -7 4 14 -5 -10 -29 -3 
-4 9 -23 11 -10 -3 21 -20 
-18 -40 56 3 -3 -7 -17 -4 
-24 8 -65 -38 -7 -16 -57 -6 
14 -2 13 32 -4 7 41 -2 
6 43 -10 -24 4 5 28 18 
-21 25 26 16 -11 -7 -9 -34 
-7 -23 18 15 8 1 3 -12 
-2 10 -32 -47 8 4 -16 20 
-4 -29 9 28 -2 -6 -19 14 
32 33 37 -8 -1 2 46 -14 
-9 6 0 7 -4 -10 -15 2 
6 10 28 22 0 2 -23 -18 
8 -11 2 -6 2 9 35 13 
-2 9 -33 -21 -3 -9 -29 13 
2 3 28 0 -4 0 1 -10 
-13 -30 -107 -14 1 -3 -23 -16 
6 6 44 14 3 0 -18 19 
-3 26 -46 -4 -13 2 54 7 
6 -21 11 -9 -13 -11 -7 -12 
-11 -4 9 -9 -6 -9 -1 -10 
-10 -13 4 -4 9 -3 -34 -6 
33 4 30 29 3 -6 -41 3 
5 38 6 -15 -1 16 -12 6 
0 -17 -47 -32 -13 -16 42 18 
6 -27 -29 -2 -3 -10 -27 0 
-5 28 29 12 4 0 3 6 
2 -20 -40 -23 4 2 -5 10 
-4 40 77 63 1 2 -21 -16 
3 16 0 7 -5 5 27 -5 
-2 -12 -19 5 5 2 -10 3 
1 -8 -45 -62 -6 -6 -17 9 
7 42 21 -1 -4 5 26 -2 
-6 3 -12 -4 -5 -15 -21 -9 
2 -4 -3 17 7 19 -4 35 
-31 18 27 -5 -5 -15 39 -51 
4 -7 27 0 2 -8 -32 -1 
-4 -61 -20 -12 -7 1 19 4 
-6 28 -4 -35 -2 -7 -23 -23 
-6 -22 11 64 0 0 -20 9 
19 -11 -30 -10 -8 -4 -37 45 
-18 8 2 -1 3 12 66 -42 
8 -16 -57 -27 -2 -10 -68 18 
28 20 50 3 -4 -5 31 2 
-62 34 -11 -1 -7 5 92 -24 
18 1 4 -11 4 1 -48 15 
0 29 11 4 -3 5 17 -13 
-2 8 -57 11 4 -3 -12 -14 
11 2 34 -4 1 -6 -13 -42 
-24 -3 -15 -7 -8 -16 -72 25 
-11 -82 -36 1 1 18 108 5 
17 20 18 -10 -5 -11 -38 39 
6 16 6 9 4 10 -13 -15 
-14 -20 -44 1 -6 -4 24 -3 
12 -14 28 0 -4 -22 -41 -26 
0 -9 3 -1 -6 -3 12 1 
-19 -68 -33 -23 -4 -2 -1 -24 
14 53 65 6 8 11 -18 -7 
-3 14 12 22 1 1 -33 -8 
-6 -35 -55 -26 -3 -3 57 14 
-16 -25 12 -2 -7 -17 -121 -6 
10 21 30 0 -1 12 91 13 
0 25 28 0 -2 0 11 3 
13 14 13 12 7 3 -49 -7 
-6 -55 -8 -18 -1 -1 -10 3 
3 17 -37 16 2 -5 -12 -6 
-11 30 36 -17 -8 0 12 5 
3 45 21 9 5 10 -16 -3 
6 -19 -38 -20 6 -1 -20 12 
-13 -24 39 4 -8 -2 29 -7 
-7 -8 -6 4 -3 -5 0 -3 
3 -45 -13 2 0 3 -4 -5 
19 33 19 20 4 6 30 13 
-2 30 -12 -27 6 -4 -31 -16 
-16 -22 33 17 -6 -8 -23 4 
-4 35 39 -4 -4 7 40 -9 
7 -51 -22 3 -5 -5 11 7 
21 83 2 -2 11 5 -9 1 
-4 54 37 -5 -8 -6 -2 6 
-2 37 -34 -2 -4 -3 -9 -3 
2 58 60 3 0 9 39 39 
-13 -42 -44 -7 -3 -14 -35 -48 
-1 -23 -23 -21 4 8 6 -8 
0 -26 16 10 -3 -4 -1 0 
4 24 -14 25 6 2 6 11 
-4 -32 -5 -28 -14 -9 -15 -1 
-2 1 -62 -12 7 1 16 8 
1 -25 31 33 9 11 0 -7 
-3 -43 -21 -13 -7 -6 -2 9 
-3 -16 28 24 3 2 7 11 
-21 -77 12 7 5 -5 -27 -27 
-1 -52 -36 -9 -4 1 8 4 
-1 -5 -58 -26 -1 -2 2 -24 
3 -10 -11 17 3 2 5 35 
4 10 16 -7 -2 -1 14 5 
-13 -20 0 -20 -3 -8 -19 -3 
7 4 23 13 -8 -4 -4 -13 
-1 -7 20 -9 0 1 -2 -7 
21 -10 -35 17 -4 -2 1 -2 
-14 14 -23 -12 -1 -6 -1 3 
-5 18 29 -18 -10 -4 1 -25 
-6 -11 -21 13 0 -5 -10 -4 
24 33 23 2 3 5 9 56 
-17 0 14 -16 -6 -5 -9 -76 
-2 -20 -7 -19 -7 -5 5 21 
4 11 20 39 5 0 -22 -27 
-31 -28 -57 -27 -10 0 6 36 
18 -9 5 -12 -7 -10 17 6 
8 40 26 41 13 12 16 11 
-8 -19 -14 -33 -12 -4 -11 -6 
-18 22 0 24 7 7 -20 -38 
9 -6 -5 -6 -6 -17 -30 20 
10 -2 4 -18 -6 -1 44 -36 
-4 -10 -12 11 0 0 -3 -2 
4 1 -13 -30 -4 -3 2 -4 
-15 -17 -15 -10 -6 7 -4 21 
4 2 3 -8 -3 -3 -16 1 
4 0 -5 -5 0 1 1 11 
-15 -18 2 -4 -5 -4 1 -23 
7 13 -8 19 6 5 9 19 
-2 4 16 11 5 -1 -6 -12 
-10 2 10 -15 -6 -1 7 -8 
12 5 -6 -3 -6 -7 -6 26 
-1 3 18 4 7 3 -3 -18 
-5 10 3 21 5 6 4 16 
0 -24 -32 -24 -7 -5 -4 12 
11 -6 -3 0 -2 -7 -7 -45 
-8 33 16 -2 2 6 7 16 
-8 -8 -7 -9 1 1 -2 8 
1 -4 2 8 -1 -3 -1 3 
2 8 0 8 0 -1 -3 -4 
18 14 4 -1 -3 1 5 8 
-17 -19 -11 -11 -9 -7 -12 -6 
-2 -6 1 -5 -2 -1 -2 -3 
-1 9 2 2 1 3 6 9 
4 7 9 10 2 1 0 4 
5 -19 -14 0 -1 1 -5 -7 
-8 -6 -18 -10 -2 2 6 3 
-6 0 21 0 -3 -1 -1 11 
9 0 1 10 1 -4 -10 -31 
7 16 -5 0 1 -3 -2 11 
0 -2 -2 -4 -1 0 1 -5 
-5 2 3 3 -1 -2 0 -8 
-11 -5 -6 -7 -7 -3 0 9 
-3 4 2 3 5 5 3 -4 
5 -8 -9 -3 0 -2 -3 11 
-5 2 2 -3 -3 -5 -5 -19 
12 0 6 0 0 1 7 23 
-10 -12 -12 -6 -2 0 -3 -13 
1 5 19 4 0 0 -2 -4 
-1 -10 -15 3 3 1 -3 -1 
-11 -18 -4 -5 -4 0 -1 -3 
2 18 -3 -8 -8 -4 -4 -17 
16 -12 -2 2 0 -2 -4 6 
-15 -7 -8 -6 0 -3 1 4 
-4 3 0 4 1 2 -1 -8 
0 4 1 1 2 1 3 14 
-2 6 11 -2 0 -4 -2 -2 
8 7 -18 -2 -2 0 2 -4 
8 -3 -3 -1 0 0 -1 12 
-20 -10 -2 -4 1 0 0 -3 
5 8 -11 -2 0 1 -2 -26 
-3 8 26 5 -4 -3 -2 1 
-10 0 4 4 3 1 -3 -7 
6 -3 1 -1 -4 -2 0 4 
2 13 0 3 0 2 2 19 
-1 -6 6 1 2 -2 -4 -12 
-11 -2 -4 -2 -3 -2 -2 -18 
7 0 -1 -2 -8 -3 2 27 
-14 -18 -6 0 -3 -2 -3 4 
4 7 -24 -13 -5 -5 -3 -7 
6 1 14 2 -4 -4 1 8 
-6 -10 1 6 5 0 -5 -16 
3 1 -4 -3 -6 -4 -2 -1 
-22 -8 -6 -8 -4 3 3 2 
7 0 5 4 2 -1 2 -16 
-11 -1 -10 -11 -4 -3 -9 -6 
10 -8 -11 1 -3 -6 -4 -14 
11 -2 5 0 2 1 1 11 
5 -1 -4 4 0 0 4 25 
-8 6 14 5 2 -1 -5 -26 
-11 -1 -9 -7 2 4 3 -7 
1 7 -1 3 -1 -1 -2 -2 
-7 -1 8 -1 3 4 0 -16 
13 -2 -9 1 -5 -4 2 40 
-8 1 -4 -1 2 -3 -5 -9 
8 -4 -6 -11 -6 -2 0 8 
-11 -5 -13 3 2 2 -1 -6 
3 -4 13 -1 -3 -2 -3 -15 
2 -6 -3 -1 2 1 1 14 
-2 -3 10 1 -1 -1 -1 -2 
-5 1 -3 -6 -8 -3 1 11 
17 -16 -29 -8 5 2 3 -4 
-9 5 27 8 -7 -4 -7 -14 
-12 1 12 4 2 -4 -4 -11 
-4 -3 -16 -8 -1 -2 -5 -5 
4 -2 21 2 0 0 4 11 
-1 -26 -62 -9 -5 -1 1 5 
7 8 5 3 2 2 0 -9 
11 -6 -4 2 -1 -1 4 39 
-35 6 10 4 -3 -7 -10 -41 
6 7 25 1 -3 -2 -3 -11 
7 -5 -15 -2 -2 -1 0 10 
-11 -7 -15 -12 3 1 0 -8 
11 -8 -17 -4 -4 -2 -3 6 
-2 -1 14 -1 -2 1 2 10 
1 8 -7 3 2 -2 -6 -10 
7 -1 5 -5 -5 -4 -6 0 
-14 4 0 2 2 4 1 -8 
5 -1 17 7 4 3 1 -7 
5 1 10 -10 -3 0 3 32 
-10 -21 -14 2 -1 -4 -4 -25 
-2 7 6 3 -1 -1 -2 6 
6 9 0 1 2 -1 0 -3 
-2 -20 7 0 -3 0 -2 -9 
-2 17 -5 -7 -4 -5 -5 -1 
6 4 -18 -11 -6 -3 0 2 
-19 -10 1 -4 -5 -4 -3 0 
0 -7 9 6 3 3 1 -17 
5 -5 2 4 1 0 -1 -6 
8 11 11 6 3 1 2 13 
13 14 11 0 -2 1 3 13 
1 -17 -22 -4 0 -1 -2 0 
-18 4 15 0 -3 -2 0 -10 
-1 -9 -15 -10 -4 -3 -5 -23 
0 4 -2 -1 -1 -2 1 19 
9 6 0 0 -3 -4 -2 1 
7 4 2 8 4 3 2 5 
3 1 6 4 1 0 3 11 
-24 -1 -3 -4 -2 -3 -10 -32 
5 -9 -25 -16 -7 -3 4 36 
-15 -16 10 4 -4 -6 -7 -24 
-6 4 3 2 1 0 1 -2 
0 -1 -7 -2 -3 0 2 3 
-4 16 1 5 0 0 -2 -5 
17 2 -5 -1 1 -1 -1 18 
-7 -12 12 -4 -4 -3 -1 12 
-11 24 10 1 2 2 -3 -23 
-22 -43 -34 -10 -5 -3 3 1 
0 5 5 -5 -2 -3 -8 -15 
15 -7 -7 0 -3 0 0 25 
-1 -16 12 2 -1 -4 -5 -10 
-5 7 -1 6 -2 -3 -2 -17 
-9 -4 -6 -9 -4 2 1 0 
1 -2 -7 1 1 2 1 9 
5 -1 4 -3 -1 -3 -1 -1 
-20 15 6 6 6 1 -1 -9 
6 -13 -3 -5 -5 -3 -2 2 
-3 -13 -11 -1 2 -2 -3 -15 
2 2 -11 -8 -7 -4 0 4 
-1 4 9 4 2 0 -1 -4 
2 10 7 1 -1 -2 0 3 
-1 2 -1 -5 -1 0 -1 -7 
21 -8 -4 3 1 1 4 32 
-33 34 13 9 1 -1 -9 -37 
-13 -32 -19 -18 -5 -3 5 27 
-6 -17 -2 -4 -5 -7 -8 -30 
1 -3 -4 -1 3 2 3 7 
20 4 7 0 -3 -2 0 15 
0 11 0 6 3 2 -1 -8 
-2 -3 20 15 5 1 2 15 
2 3 -27 -21 -4 1 -2 -13 
-7 -14 3 -16 -9 -3 -2 -11 
-4 9 -16 0 -3 0 2 -6 
3 0 -3 -2 -3 -1 0 11 
2 2 9 12 3 -3 1 1 
6 4 6 1 0 0 -19 -6 
-3 -16 5 4 9 6 21 -1 
-4 7 -7 1 -2 -2 -2 2 
-1 -7 -19 -5 1 -3 -3 6 
-9 -9 -1 -1 -6 -5 -1 -13 
-8 8 11 1 -3 -5 -12 4 
-4 -6 -7 -4 0 1 -4 -9 
-7 5 9 7 1 3 6 -5 
23 0 -6 -12 0 0 -1 20 
9 5 -7 4 0 0 3 26 
-12 -7 -13 -10 -4 -2 -4 -24 
-3 -17 -20 -5 -5 -5 -8 -9 
-5 8 8 4 3 2 5 -7 
-3 1 7 -3 -2 -2 -10 -24 
15 10 -6 -10 -2 -4 9 23 
-17 -8 8 1 -5 -3 -1 2 
-13 -31 5 7 3 -1 1 -5 
2 15 -2 4 2 1 0 -17 
5 16 7 -1 1 -1 -6 12 
-15 -13 -41 -18 -9 -5 -4 -26 
9 -9 5 -2 -2 -1 4 19 
0 -5 -1 -4 -4 -3 -2 2 
1 7 21 9 4 1 0 -2 
8 8 17 7 -1 -1 -4 6 
-12 -14 -19 -19 -6 -3 -6 -20 
1 8 10 6 1 -1 -7 5 
3 6 -4 -6 -7 -1 10 3 
-4 -16 -1 -5 -3 0 2 -3 
13 25 2 7 5 0 -1 13 
2 4 -1 4 -1 -1 -7 -13 
-17 -13 -6 -3 0 2 1 7 
16 -18 5 -1 0 -2 0 10 
-14 -9 -10 2 -4 -4 -2 -17 
1 1 0 -5 -2 -3 -1 -1 
4 5 0 1 2 2 1 1 
4 11 6 6 0 3 2 10 
-1 -4 -2 -3 1 2 1 -4 
-5 8 18 0 -2 -1 -1 -9 
-11 -13 -46 -7 -4 -2 -8 -10 
7 -8 -12 -5 -2 -3 4 21 
5 16 9 5 2 1 4 5 
3 -5 2 -4 -2 -1 2 -3 
1 1 19 13 6 2 -5 -24 
-3 7 -2 0 4 2 2 7 
-1 -9 -15 -2 -3 -1 2 -10 
2 -3 -4 -6 -3 -4 1 41 
2 -7 -10 -7 -5 -3 -3 -14 
4 14 11 7 2 0 -3 -3 
28 2 15 3 -1 2 1 0 
-13 -18 -28 0 -1 -1 -4 -24 
2 6 5 0 -5 -1 6 21 
-18 5 18 -4 2 -1 -5 -17 
-1 2 4 -2 -5 -1 2 18 
23 -1 -10 -7 -4 -4 -6 10 
-35 10 -1 4 0 1 8 10 
-9 -7 -6 -3 -5 -5 -6 -24 
2 13 7 3 6 3 -1 -1 
-1 -3 -6 -7 2 1 3 -5 
0 -15 5 6 -2 -2 -5 -2 
20 12 16 8 0 -2 -2 18 
-31 -12 -32 -14 -7 -10 -7 -3 
-5 -3 4 2 0 1 0 -9 
9 14 13 -4 2 1 -2 -23 
-7 -10 -14 -4 3 2 1 0 
16 -3 0 3 -6 -5 0 9 
-14 -3 -7 -3 0 -1 -3 -8 
8 -9 26 2 -3 -5 1 13 
-4 15 -4 7 -1 -3 -1 -13 
3 -6 -16 -7 1 1 1 7 
0 4 14 9 -2 -2 -3 -14 
-7 7 4 0 1 -2 -1 13 
7 6 22 3 1 3 2 3 
-12 -14 -18 -9 2 2 -5 -35 
1 -8 -2 -2 -3 -2 -1 11 
5 -5 -5 -3 -4 -4 -6 -5 
-1 1 -7 -2 -2 -1 2 11 
3 3 14 3 0 0 -2 5 
10 2 -4 -4 1 3 3 -3 
-8 14 -13 -2 1 1 0 10 
