#EMG
#0
#ID:0-16
-2 12 8 -7 -4 -6 3 -13 
7 -1 10 10 -1 -13 -15 10 
-15 -12 35 -1 -7 -2 -6 -6 
21 8 -13 5 0 -2 -5 14 
11 -14 -16 -1 1 11 25 8 
-6 4 12 8 3 2 -5 -13 
-4 12 14 3 0 -3 11 3 
25 -2 15 5 2 8 -12 4 
-40 5 13 17 -2 -6 -3 -21 
-2 -3 -25 -14 -6 -9 -10 -30 
-2 -14 3 4 -4 -3 -4 25 
5 -2 -58 -22 -5 -4 5 -2 
15 4 19 14 2 7 -6 15 
-6 -14 -21 -10 -5 2 7 0 
-7 1 9 -6 2 1 9 -19 
-18 -3 38 10 -4 -6 3 -1 
20 -6 -8 -5 -2 -10 -16 -5 
-11 -10 -6 1 0 -3 -5 -5 
8 -4 -21 0 1 4 4 9 
0 -3 61 -3 -3 2 26 5 
7 -30 -3 -2 3 4 -17 6 
-25 -35 -35 1 -7 -12 -9 -5 
-12 27 -11 -14 1 -1 -1 -19 
-7 -6 22 20 2 1 -4 -10 
-8 -11 -3 -11 -1 7 4 -3 
17 22 -8 -20 -8 -8 -20 4 
-8 -18 6 13 1 3 25 27 
3 18 32 -9 -5 -12 -10 -14 
-1 6 -2 25 1 1 5 -12 
11 2 19 -10 0 2 3 29 
-10 13 9 -6 -2 3 -6 -50 
3 -22 -48 -3 -1 -1 -28 14 
4 0 14 -3 1 -7 12 33 
-2 -1 10 10 -1 5 17 -9 
11 11 -11 -6 -1 -2 -12 0 
-16 -13 11 6 5 3 6 -3 
-5 73 -48 -8 -6 -4 -8 -10 
17 4 16 16 7 5 -5 -7 
-3 -17 -2 -11 -5 -3 0 10 
3 10 1 -4 -4 -10 -9 18 
-24 -29 0 -9 -2 0 13 -35 
12 26 36 -2 3 6 10 -3 
12 -8 -13 10 -3 -5 -15 11 
-15 8 -10 -11 -5 -1 -11 -19 
15 -1 26 -2 -3 -1 -26 20 
-11 -17 4 2 -3 -4 14 -4 
1 -11 7 -6 4 9 14 4 
-13 -20 -52 -3 1 6 31 15 
4 -3 7 -2 -4 -14 -34 -16 
-9 -1 8 14 2 1 -10 -10 
3 0 -2 12 8 12 -2 -4 
-3 -1 7 -19 -4 -14 22 19 
-4 17 8 -2 2 -1 -2 -12 
-40 -29 -6 -7 -6 -4 2 -13 
6 44 -6 10 -7 -11 -17 -6 
12 18 19 21 8 14 -14 2 
0 -47 20 -11 1 7 -3 1 
-5 -26 -23 -9 -6 -23 -10 5 
-5 2 10 -10 -3 3 20 -6 
21 4 52 11 -3 6 8 16 
-13 9 -48 -6 -4 -15 -31 -14 
43 -9 -21 8 8 12 13 17 
-20 -18 -49 -28 -5 -10 -41 -2 
-4 -3 30 22 0 -3 -5 -35 
6 -12 -16 8 2 16 42 18 
-5 -7 4 6 -3 -21 -96 -8 
0 -9 21 4 -1 7 66 -6 
-2 -8 -52 -26 3 0 18 -10 
7 -16 39 9 -2 2 7 21 
-6 31 -52 -20 -5 8 28 16 
1 -15 -13 -8 -2 3 -33 -12 
-12 13 8 -6 -3 -7 10 -32 
25 -11 -23 -1 0 -10 -55 -8 
-48 28 57 21 -1 10 85 21 
12 -18 -5 -3 5 0 -29 8 
9 13 10 25 1 6 27 5 
-17 -11 -62 -40 -7 -9 0 -15 
23 2 6 -4 -3 -4 -3 -2 
-3 4 -5 -5 -2 6 6 4 
2 -5 14 9 1 -13 -39 -42 
2 -10 12 13 1 2 -1 29 
5 39 12 7 6 17 1 -2 
3 21 -5 -29 -8 -24 -55 11 
-5 16 6 0 7 8 6 4 
-8 -15 -21 -25 -12 1 89 11 
-25 -31 23 12 -5 -6 -41 -15 
-8 -16 -21 3 0 14 38 0 
-27 -15 -36 -12 -3 -9 -6 9 
4 -15 19 6 2 -5 -34 -14 
12 -8 -10 -8 -2 -1 2 -4 
6 -2 7 15 2 -9 -27 -27 
-7 13 -31 -22 -9 4 30 43 
-50 8 14 -4 0 -1 -20 -40 
32 -16 -3 -4 6 9 -46 -10 
-31 -15 17 22 -4 -8 57 -8 
8 -79 17 -4 0 -3 -22 31 
15 -3 -20 -6 -3 4 21 0 
-3 -1 17 7 2 -6 -16 5 
-14 7 -76 -23 -4 0 -6 -20 
-4 -18 30 9 -3 -9 -53 -44 
21 -3 -26 -2 -7 -12 5 17 
-6 61 37 5 10 10 21 2 
16 -85 -21 -18 -5 -11 -40 3 
10 20 38 19 1 17 22 7 
2 6 -13 -13 5 4 -29 -28 
-8 -26 -49 -25 -4 -12 19 13 
-5 4 29 11 2 -4 -20 -7 
16 12 -41 -17 -2 4 12 -2 
0 32 44 18 2 -20 -44 27 
-17 -10 -22 13 0 -2 -23 -27 
15 16 43 -2 2 6 17 32 
-2 -1 -47 -3 1 -13 -70 15 
12 17 39 3 -4 10 33 -34 
16 -20 -66 -22 0 -6 -18 2 
14 14 40 2 -11 -3 -17 -4 
-22 -23 -46 4 4 -1 -8 -5 
-8 -9 -1 -20 -6 -4 -12 -7 
5 -1 24 11 -2 4 36 7 
-1 12 -25 23 5 -8 -15 -6 
11 8 -2 -31 -5 4 19 12 
-43 -73 -54 -3 -6 -19 -47 -7 
20 26 52 8 -6 3 6 3 
-12 17 25 11 6 6 44 3 
13 98 12 3 1 6 35 -1 
6 8 37 10 11 26 39 -2 
20 4 -47 -17 -1 -9 -23 45 
-7 -8 -9 -18 -11 -11 -22 -33 
-14 -24 6 17 1 0 6 -13 
29 28 15 -12 -3 -2 -5 16 
-34 -21 53 41 9 11 33 -16 
-3 34 28 11 -5 -3 -3 21 
-13 40 -88 -44 1 -5 -11 -22 
26 25 -27 -7 4 6 11 23 
-2 -26 6 0 -8 -11 -26 -16 
2 7 54 18 3 -2 -13 4 
-13 -13 12 3 -5 -8 29 -1 
16 65 27 25 7 9 3 4 
-40 -19 -62 -46 -12 -13 -8 -16 
5 -24 -7 -7 5 4 -11 -13 
16 -3 56 23 -5 1 -24 15 
-22 -27 -4 -3 0 -7 13 0 
-10 -21 -74 -5 -5 1 5 -22 
14 17 16 -1 2 1 25 22 
15 -28 -16 -17 0 -3 -39 -3 
-24 -12 20 22 -6 3 72 4 
8 4 21 -2 -4 -6 7 0 
-8 -15 -37 -11 -9 -9 -7 -8 
-19 -39 -4 -7 2 3 6 -11 
34 35 2 8 1 -6 -15 -1 
0 -19 12 -3 1 9 -24 -5 
1 0 -42 -7 -2 -4 14 -6 
-9 -16 15 14 0 -9 -7 0 
-6 -1 28 20 1 -1 -8 -2 
27 54 11 -8 -3 4 53 12 
-11 -29 -10 -13 4 7 -18 3 
-10 -6 -7 -3 -7 -10 18 -14 
-12 -20 22 1 3 -5 -55 5 
14 34 2 -14 4 6 30 8 
-14 -18 8 13 -7 -2 -3 -11 
-5 -5 -27 -20 -12 -5 -5 -3 
-10 -20 -14 -11 2 -5 1 -5 
-6 45 47 36 7 2 -28 5 
13 -1 -31 -11 -2 12 57 1 
-52 -17 7 -2 -8 -17 -37 -4 
22 -53 5 -12 -4 6 14 17 
-11 3 -43 -16 -8 -19 -86 -43 
-4 -1 9 11 -2 14 81 -14 
26 0 34 7 10 8 10 36 
-16 -27 -50 -11 -9 -4 -1 -13 
-2 -8 -7 3 0 0 -6 12 
18 23 29 -3 2 -9 -43 14 
-15 -27 -18 -9 -4 -7 -54 -50 
-14 0 -22 4 -1 6 35 6 
19 -14 61 9 4 -1 -3 7 
-29 6 -51 1 -3 -1 6 17 
8 12 62 34 11 12 -4 -17 
-7 13 -62 -58 -12 -14 -24 -9 
-22 -3 15 5 -3 -8 15 14 
-15 -16 -35 0 -2 -8 -23 -34 
10 -9 -2 -6 -7 -3 12 9 
11 7 1 17 0 9 4 13 
-28 -89 -4 -30 -2 4 7 -21 
19 -4 65 22 6 -4 -28 15 
-6 -15 -44 -1 -6 -2 21 6 
-21 6 -31 -16 -8 -4 8 -21 
20 -6 1 12 2 -7 -7 15 
1 27 26 -10 3 6 -18 -10 
0 -10 -2 8 -3 2 14 -5 
-2 -12 20 14 15 -8 -18 6 
-1 15 -7 -3 -6 12 49 0 
-10 9 -6 -2 4 -5 -11 -7 
7 -9 6 -14 -10 -11 5 18 
-4 2 -5 9 -7 -2 -9 -1 
6 19 17 8 2 -6 -28 -11 
-16 -6 2 2 -1 3 18 1 
14 57 7 0 2 4 25 -2 
-2 -10 4 8 -1 -4 -50 7 
-7 36 -10 4 -2 5 29 -10 
-5 -7 -38 -21 -13 -8 15 8 
19 -5 -3 -13 0 0 -6 5 
0 22 30 18 1 0 -11 -18 
10 -64 -60 -33 -1 -5 -28 -1 
-3 27 50 13 -3 7 0 -6 
-4 -28 -53 -19 7 4 18 14 
7 5 24 3 -8 7 31 5 
2 -15 22 13 -2 -22 -24 3 
-4 -80 -28 -11 3 -2 -21 -29 
1 1 -31 11 1 -1 -16 27 
-3 -1 11 -12 3 12 10 -1 
17 40 -5 -24 -8 8 50 7 
-34 -28 16 -7 -8 -15 -40 -11 
14 46 10 3 2 6 58 14 
-2 3 -4 6 1 -3 -15 -9 
6 8 -8 -1 -1 -6 -36 -12 
23 42 1 -8 3 3 43 22 
1 -7 53 3 -7 -1 -42 -20 
-11 -33 -83 -9 0 -4 9 14 
7 23 37 25 -2 -6 -7 -1 
14 14 -6 -1 4 3 1 -11 
-41 -28 -29 -21 0 -16 -47 -26 
11 -22 33 7 0 11 43 7 
-3 -93 -26 7 -21 -5 -15 -7 
4 -34 11 -4 9 -5 -7 0 
13 14 24 24 0 4 -1 11 
-7 -9 -20 -16 5 6 10 -5 
-7 -18 46 21 -9 -8 -20 -9 
21 18 -69 -35 3 5 -6 19 
-36 -37 -46 -30 -14 -3 10 -53 
-10 32 53 7 -3 2 18 18 
-10 15 7 9 7 11 13 14 
19 11 36 12 2 -8 -3 7 
16 88 38 6 1 -5 -19 17 
-12 53 -87 -19 -7 -12 -35 -25 
4 5 2 -3 -5 8 20 -3 
-12 -13 -19 7 0 -9 -1 -8 
-8 -41 13 16 12 3 -33 -26 
-2 -63 -43 -40 -23 -8 23 44 
0 52 -33 9 16 8 11 4 
-1 -11 4 -24 -20 -5 -5 -21 
8 52 51 23 7 -1 -10 13 
1 -63 -64 -16 3 -8 -45 -28 
-12 -1 27 38 -2 -7 16 1 
40 23 -48 33 -2 1 -4 35 
-22 -19 3 -32 13 9 53 -26 
4 13 59 -15 -3 -6 -16 -8 
1 -6 4 -4 7 8 43 18 
-19 14 30 1 -10 -7 1 -10 
3 -40 -39 -1 -9 -4 -13 1 
1 -4 4 -3 2 -7 -2 -15 
10 27 59 25 13 11 -15 27 
-14 -55 -30 7 13 -11 -69 -15 
21 34 10 -22 -17 12 73 27 
-5 -31 -25 13 -18 -11 -9 0 
-30 -21 -29 -42 30 7 -29 -12 
1 -4 94 28 0 6 -16 -27 
-5 -3 -23 -6 -9 -5 -10 14 
4 -19 62 38 5 0 5 -12 
12 -8 -68 -43 -5 0 -11 2 
-18 -2 -68 14 -7 5 43 1 
-8 3 15 21 2 -7 -16 -5 
18 8 61 17 6 7 7 21 
-3 28 27 -10 -11 -15 -30 -22 
-30 -30 -75 -46 8 8 25 -16 
-12 -39 -11 11 -12 -6 -15 3 
10 38 0 -3 2 -1 -1 15 
5 57 20 -11 -2 -7 -44 -19 
11 65 -19 -4 -7 7 17 32 
10 -17 57 63 2 -6 4 2 
-24 64 31 -22 20 11 -19 -60 
9 -87 -90 -18 -10 -6 39 31 
-15 14 36 -3 -11 -15 -65 -12 
10 33 11 13 -4 9 28 -1 
-2 -36 -59 -47 4 1 -12 12 
-4 6 0 7 -15 -2 14 -22 
-5 -11 33 18 8 4 2 -11 
4 -62 -76 -5 4 -4 -20 30 
1 56 74 12 -7 -8 9 -1 
1 -62 -76 -28 3 5 -3 -21 
-13 22 -21 6 -5 -10 -4 16 
19 30 87 7 -3 5 19 -6 
-7 -32 -86 11 1 -16 -13 -22 
-6 5 14 -14 -3 17 99 63 
10 6 24 -17 -5 -12 -26 -57 
-18 27 3 28 1 -6 -34 -18 
-17 -13 0 -31 3 10 15 5 
-7 -6 33 17 -6 -15 -32 15 
15 -14 -16 5 -6 0 -11 -13 
-5 12 12 -40 0 -5 -7 -1 
16 -50 -51 -1 -4 2 15 7 
-4 42 3 43 0 -2 -20 -14 
21 36 35 -25 -4 8 15 44 
-15 -20 -27 -1 -2 -8 -20 -2 
-11 -34 14 28 -9 -11 -1 -54 
2 1 -6 -65 -9 1 25 25 
-10 -58 15 42 6 -6 -27 -20 
-8 -23 -66 -36 3 12 38 10 
31 29 43 8 -13 -1 -20 41 
-8 -26 -18 8 -4 -11 -19 -41 
19 -13 8 -10 -5 -3 32 33 
-25 -42 -5 -15 -5 -6 -35 -29 
20 0 -4 17 13 11 2 19 
-8 -25 -5 -8 0 3 -8 -21 
-18 -14 23 17 -2 4 -5 -10 
41 -23 -19 -25 -5 -13 17 34 
-23 64 23 20 6 8 12 22 
2 -37 -1 -23 3 0 -7 5 
-9 34 7 26 -18 -8 -10 -24 
-7 -1 -4 7 12 5 -20 -1 
-13 13 -53 -40 -12 -8 2 -14 
12 23 52 1 2 6 -16 -5 
-17 -26 1 19 4 -4 -5 -7 
2 26 -55 -44 -12 -4 -13 -18 
9 2 33 35 9 2 -11 40 
-17 -23 -17 18 -4 -2 -5 -16 
-7 18 -30 -16 2 -5 -11 -7 
14 15 104 18 6 5 -6 9 
-6 26 -56 -10 -3 -2 26 15 
-7 -53 29 23 -9 -5 -51 -42 
11 -23 6 -7 6 -8 20 26 
-2 0 8 33 2 7 23 6 
3 -16 -19 -25 -6 -3 -2 -18 
4 22 64 5 22 1 -8 -13 
21 -18 -90 -17 -2 0 -22 34 
-1 22 15 14 -4 2 10 -33 
-32 -21 57 29 -6 -10 -46 -3 
14 -3 -17 -15 -4 0 57 12 
-7 -2 -42 -9 2 6 8 15 
-19 -7 23 -23 -2 7 9 11 
25 -9 1 5 -8 -14 -11 -23 
-38 34 -21 22 3 -5 -8 -28 
-18 -19 14 -21 -1 3 25 19 
28 -19 -42 -41 -1 -1 -72 6 
-17 -22 -16 12 -9 3 80 -35 
1 -10 21 29 -1 0 -13 11 
-16 -59 -6 -13 5 -3 15 -29 
-4 -30 44 17 0 -6 -2 9 
0 0 -57 -44 2 1 -23 21 
-11 4 -58 -15 -8 5 3 -24 
14 -6 13 31 -2 -2 7 5 
1 9 18 30 -9 -19 -30 -4 
1 -29 40 -17 20 15 32 6 
32 31 -30 19 0 13 7 14 
0 24 9 -50 -13 -18 -20 19 
-28 -42 -40 2 -11 -2 19 0 
2 33 124 35 0 0 42 1 
-3 20 -97 -31 -3 1 -15 2 
16 4 43 -46 4 14 14 -11 
-24 37 34 76 6 -3 -7 -36 
-2 -78 -43 -2 -3 -8 -34 14 
16 10 -16 -33 -5 -8 8 20 
-15 -5 28 13 0 3 -8 -1 
22 68 -17 -22 11 5 -4 -25 
-6 35 0 2 -3 8 22 1 
-23 -8 26 15 -14 -12 -22 46 
29 -3 -122 -33 12 4 52 -5 
6 -19 2 -23 -12 -8 -10 -6 
11 -5 58 29 -7 -6 -43 -13 
13 38 73 25 18 5 10 41 
-63 -5 -25 -5 -16 -1 38 -53 
36 -35 -43 -37 1 1 28 36 
1 -26 -44 1 -5 -9 -13 -28 
27 8 89 -2 -2 -9 -52 12 
-4 -31 -16 -16 0 14 22 35 
-23 42 -60 1 2 -7 10 -80 
-7 -30 28 23 7 4 8 40 
-4 -33 -26 -13 -7 -8 -16 -44 
7 -19 16 29 4 7 9 28 
10 22 4 -12 -3 0 -5 -8 
-18 -72 2 7 -8 -3 15 -20 
-25 -17 -4 -11 2 2 11 -42 
-2 -10 -2 -33 -13 -6 -29 30 
10 -32 -4 -20 -5 -5 4 29 
-9 4 -61 16 8 1 -6 -15 
-8 -30 50 -8 -5 -7 -8 -29 
10 45 29 29 8 12 6 -9 
3 13 -17 -45 -6 -2 25 8 
-5 5 -10 -21 -8 -13 -35 -3 
27 -5 -44 -12 -4 6 -2 69 
16 92 56 35 -2 -11 -18 -16 
-71 -32 -27 -4 2 -2 3 -1 
31 45 -15 -42 -6 -1 -12 -3 
-2 28 48 3 -1 -2 -19 -17 
9 -42 -27 -8 1 5 37 7 
-5 -33 9 29 -5 -4 -44 -22 
-5 -47 14 23 4 -2 0 -29 
-7 38 -17 5 0 0 31 37 
9 -15 64 25 4 6 -47 41 
11 36 -73 -68 -6 -4 33 16 
-3 28 36 7 -3 -7 -19 -29 
-10 -83 -70 -13 -1 -4 8 0 
-9 -12 32 56 7 -4 -28 -24 
-6 -1 -13 -35 -1 5 -3 7 
0 50 47 20 0 -3 -66 0 
-1 12 6 26 1 11 82 3 
37 -18 -41 13 -4 -10 -2 36 
-32 19 17 -8 0 -5 -33 -9 
0 -58 -51 -40 2 -1 22 10 
-19 6 9 -8 -5 1 10 -16 
25 41 -10 -6 -4 -3 -3 5 
25 0 71 55 9 13 60 7 
-7 -7 -59 -25 -12 -19 -37 34 
43 52 22 38 10 5 -6 -9 
-35 -65 0 -35 1 -8 -83 -36 
-11 -108 23 29 -4 10 51 -12 
-7 13 -80 -57 -4 9 2 -1 
-8 -15 5 2 2 -5 -7 -6 
-63 -40 44 35 -15 -7 -1 -51 
31 -27 -17 -26 8 2 -48 35 
-26 14 106 25 3 8 52 -11 
19 -22 -84 1 -3 -14 -30 0 
-11 39 75 -19 -1 -3 -26 -11 
7 -10 -95 -3 3 4 -20 -22 
1 5 41 7 -5 6 65 15 
-28 -1 -11 -42 -4 -8 -17 44 
-1 9 31 24 1 -3 1 -70 
34 23 119 96 9 6 4 36 
16 96 -52 -92 3 -3 -60 -10 
-14 -10 43 40 -13 -4 12 -18 
21 -62 -128 -32 3 9 76 34 
-29 -35 61 -7 -6 -11 -35 0 
16 -73 18 51 6 5 11 -11 
-6 -12 0 -15 2 3 -36 13 
20 42 9 -3 -1 -1 -7 -23 
3 0 -49 -22 -9 -19 -79 9 
20 -7 22 20 -6 18 90 6 
4 -19 -13 -41 6 1 -55 13 
-1 16 45 -2 -10 -4 29 12 
-14 8 -47 -9 2 -1 -16 8 
4 83 54 18 3 4 -16 -21 
-38 -23 -56 -20 -15 -19 -7 -5 
22 22 -8 0 3 2 10 -14 
-1 13 -16 -11 -2 -3 13 -4 
19 -62 12 -5 4 -14 -128 -25 
10 -28 -42 7 -1 21 124 28 
-3 63 76 54 2 -7 2 15 
-17 44 -62 2 -2 10 21 -21 
7 -32 -11 -36 -15 -19 -40 -1 
22 8 54 4 12 8 -45 9 
-14 1 -49 -32 -7 -8 -2 2 
-18 -48 1 18 3 -1 -34 6 
-1 39 23 21 -3 -2 19 -6 
-25 -37 -61 -25 -11 -1 21 18 
-5 -57 11 -16 -3 0 29 -51 
9 10 -9 7 2 1 -26 17 
-17 -11 -24 17 2 -8 -73 -17 
21 14 44 23 -1 3 22 -39 
-19 -33 -60 -58 5 16 27 31 
-7 -10 58 -26 -15 -4 117 -1 
11 6 -16 3 5 0 -34 36 
0 -3 30 9 0 2 14 -3 
-17 -12 -73 6 2 -2 -31 -29 
-3 -69 62 7 0 -7 -39 -5 
17 35 -24 -9 1 7 26 24 
-12 -49 39 27 -7 -12 -10 -12 
-4 -8 -96 -50 -1 -6 -77 -22 
-29 4 52 14 -2 0 64 -23 
6 -32 -30 -13 0 7 36 10 
-20 -5 32 10 -5 -16 -55 -41 
-14 43 59 31 0 -6 -22 9 
23 15 -11 -28 -4 -8 -20 20 
-2 -12 -54 5 3 11 -47 -26 
-7 52 40 -15 -4 6 101 17 
-1 -43 -38 -15 -8 -13 -6 22 
0 15 76 54 -2 -7 -38 -27 
-10 6 41 41 6 -4 3 -4 
-5 -4 -6 -7 -1 -2 -49 4 
9 -28 2 5 5 2 -32 -6 
6 -30 -128 -96 -12 -3 52 -3 
-31 0 39 34 -14 -17 -9 11 
20 15 30 48 9 7 -3 -38 
2 16 -2 -51 0 10 50 42 
15 15 -12 7 2 -6 -65 34 
-32 -14 -49 7 -4 -1 82 -31 
-7 -21 -23 -51 -1 1 9 -14 
-2 41 99 67 2 0 -19 -6 
25 -2 -19 -13 -3 2 -12 5 
1 -7 7 34 5 -3 2 13 
24 58 -45 -10 11 0 -98 -8 
-22 -31 15 -11 -4 10 55 21 
-4 12 6 -4 -2 -8 37 -21 
15 -10 7 -32 -11 -3 16 20 
-35 -8 5 -1 6 1 -36 -14 
26 52 31 20 0 -3 -22 10 
-30 8 -16 5 -3 1 3 -31 
-10 -18 38 -1 13 4 9 10 
8 12 4 -40 -22 -9 8 7 
25 24 4 1 4 -1 -13 1 
-6 -49 -33 17 6 5 8 3 
-3 -10 6 -28 -5 2 9 7 
18 -4 22 33 9 -3 -3 -14 
-12 7 -19 15 -9 -9 5 -5 
4 21 41 24 5 6 -18 -9 
0 -10 -7 2 -6 -2 5 42 
18 -3 -37 -41 -4 8 -3 -17 
5 14 33 63 -7 -17 22 -23 
8 4 -9 -33 0 0 -7 14 
-6 -1 6 1 2 2 -3 -7 
-11 -6 -27 -4 -9 -8 12 1 
-3 -17 13 -13 2 9 -13 20 
-9 12 28 91 -7 -7 -9 -37 
12 -10 -35 -113 -7 -6 -16 22 
16 2 10 18 -5 9 49 11 
-38 -10 -16 -20 1 -2 -15 -20 
-2 1 14 13 -10 -8 -9 16 
-16 11 -21 -1 14 11 4 -20 
-6 -2 -30 34 2 -9 -18 7 
21 -2 8 -16 -8 -1 14 22 
7 -2 18 -11 6 7 9 24 
-20 15 2 20 -2 -5 -8 -67 
-6 -14 -8 -33 1 -2 -10 -6 
-8 -2 -4 14 0 -8 -3 -3 
19 -8 0 -61 -4 0 -5 -11 
7 0 -29 10 0 7 8 20 
-14 -11 0 4 -5 -15 -11 -14 
27 2 8 24 2 2 -3 12 
-8 8 -1 -21 0 2 3 21 
1 1 -24 18 -9 -4 4 -14 
-5 -3 27 13 7 -2 2 0 
3 -5 -37 -18 -3 2 -4 12 
-13 2 9 -3 7 -1 -5 -35 
-5 -7 10 11 -5 -6 7 37 
26 5 29 34 3 5 -5 -21 
-41 -50 -50 -71 -2 -2 -10 -19 
-7 -11 -34 19 -4 -3 -4 6 
-5 8 34 12 -1 2 3 -24 
5 16 5 -3 5 4 9 19 
14 -2 12 16 -2 -5 -4 -1 
0 7 -3 -13 3 3 -7 -13 
-21 -9 21 11 -6 -6 -8 26 
5 7 -30 -6 -9 -10 7 1 
-3 3 -3 -8 6 5 -4 -7 
2 7 -14 3 1 2 3 4 
13 23 36 28 3 0 -11 -7 
-11 -20 -21 -15 -6 -1 -1 0 
4 5 25 -8 7 2 4 1 
25 10 -28 29 3 10 -13 35 
-31 -31 -38 -30 -4 -16 3 -33 
-11 -11 12 8 -7 -8 -3 7 
4 2 -44 -20 -4 -3 -8 -2 
0 10 63 -3 6 2 11 -7 
5 -12 -9 4 -8 1 -7 -8 
-5 1 -8 -16 -3 3 8 14 
-2 -19 31 23 3 -2 -14 -1 
6 -8 -32 -11 -5 -9 -4 -17 
-8 10 -9 -18 -2 -2 0 -13 
-9 -4 5 7 8 0 -12 -16 
18 6 -18 -2 -4 6 16 29 
-7 -14 10 2 -7 -6 0 9 
16 38 29 11 8 5 4 -3 
-15 1 -19 -12 -2 -1 -4 -18 
17 7 6 7 -3 7 11 23 
-37 -4 -13 -22 -10 -17 -6 -22 
14 2 -34 -14 0 2 -7 -19 
-27 -6 22 13 0 -5 -28 27 
25 14 -15 13 0 3 18 -16 
1 3 15 -7 -3 2 -2 0 
6 -2 10 10 3 -1 6 18 
-19 -59 5 -1 1 -1 5 -33 
-5 16 19 10 -3 6 -7 -4 
4 -2 21 -15 -3 -8 1 2 
7 -7 -94 -13 5 8 1 3 
0 -17 -8 -5 -9 -8 -9 9 
-31 -26 -9 -16 2 0 6 -32 
27 11 22 13 1 6 11 28 
-14 -6 27 20 5 1 -4 12 
11 19 -15 0 0 4 8 -7 
2 -11 9 -15 -5 -14 -3 -4 
-19 1 -26 -6 0 -1 -15 -29 
6 -2 22 -18 -8 -5 7 -1 
18 4 -14 17 -1 -1 2 6 
-27 7 11 2 -3 -2 -13 -5 
3 -12 1 3 2 0 9 8 
-2 -17 8 -23 -5 -9 -11 10 
-5 13 -16 -16 -1 2 8 3 
24 6 -7 -8 2 1 -7 6 
-20 -4 47 43 -5 -14 -40 -22 
8 -8 -11 -18 -4 12 56 4 
4 -2 -2 -12 -8 -10 -10 1 
-14 -15 10 8 1 -5 -2 -8 
11 9 -14 -14 0 6 5 4 
7 4 -20 6 5 3 -13 -16 
-5 8 30 0 -1 2 6 23 
15 -14 -17 -18 -8 -8 -17 -10 
-1 -11 -10 6 -1 4 34 3 
-17 -7 14 2 -5 -11 -7 -23 
24 12 -10 -12 6 4 8 21 
-8 -1 -10 12 -3 -1 -11 9 
-3 3 -6 -10 2 4 -3 -16 
17 5 43 5 2 0 -7 17 
-10 -8 0 17 -5 -4 -1 -11 
10 7 0 16 0 -3 -2 22 
-29 -6 -69 -32 -3 -3 -9 -42 
-20 -7 -10 -20 -12 -7 2 6 
0 2 26 16 4 2 -3 -11 
5 5 19 -10 0 3 0 9 
7 -6 12 13 3 1 8 12 
14 12 20 26 4 -3 -18 -9 
-9 -8 -79 -32 -1 1 3 16 
-5 -11 25 -7 -3 -4 2 12 
