#EMG
#8
#ID:8-17
-6 -5 -24 -5 -4 -3 -2 8 
0 12 22 0 1 1 1 -6 
15 -3 -9 2 -2 -1 -4 21 
-5 -5 13 5 2 2 1 -4 
15 -6 5 -2 -5 -2 7 6 
1 -2 -24 -10 -2 -1 -7 -18 
9 2 15 2 -3 -6 -10 -1 
-7 0 2 3 -1 -2 4 -1 
6 -6 -9 -3 -2 1 2 8 
-27 -5 -8 -4 -4 -4 -5 -6 
27 17 14 -2 2 2 -7 8 
-20 -3 2 4 0 -9 -19 -23 
-11 -9 -11 -5 -1 2 19 2 
6 -8 0 -6 -4 -3 -6 -6 
-10 -2 -9 1 0 2 4 -2 
8 5 -1 -2 -2 1 1 21 
-8 0 4 7 2 -4 -14 -17 
-1 11 -16 -3 -2 -2 1 -6 
-2 -1 18 -4 -2 1 -4 8 
3 0 -3 1 -3 -4 -6 -3 
-4 3 -1 2 1 0 6 -8 
13 -6 35 9 3 0 -2 6 
-11 -16 -43 -15 -7 -5 -12 -10 
0 -6 -10 -1 -1 5 9 -6 
2 2 -6 -3 -7 -8 -7 10 
-6 -3 19 -1 5 1 -2 -8 
4 5 -11 5 0 0 -12 -16 
-4 0 -3 -5 -4 0 20 14 
9 7 8 1 -1 2 -1 2 
-6 -22 -9 -4 -1 1 -1 -2 
-11 12 23 10 0 -4 -1 -14 
11 -3 -16 -7 -2 1 -6 20 
-5 -15 -16 -2 0 0 -1 -2 
-18 -8 -15 -5 -1 -10 -14 1 
12 -5 -9 0 1 3 33 6 
-12 -1 20 4 -3 -5 -9 -28 
-2 9 24 -3 -4 -1 4 -9 
-7 -8 -24 -1 -5 -1 -6 30 
-12 -3 5 -5 -3 -3 -8 -6 
7 1 -11 0 0 1 5 -9 
4 4 -2 -8 -1 -3 -9 12 
11 1 17 10 5 2 4 8 
-16 9 26 6 -1 -3 -15 -20 
1 -1 -3 -11 -4 -1 13 7 
-8 -10 -18 -7 -2 -2 -9 -2 
0 -3 -13 -6 -3 -1 -4 -4 
0 3 5 1 -1 -3 -3 10 
5 -1 3 1 3 -3 -12 -15 
-17 4 0 -1 -4 1 5 2 
26 -12 16 0 -4 -5 -6 9 
-17 -10 -8 0 0 2 6 -10 
2 6 -1 -5 -2 -1 -6 -2 
1 0 -3 7 3 5 11 10 
-8 -6 16 1 -5 -7 -6 -23 
10 3 1 1 2 3 -18 1 
3 14 9 1 1 6 19 1 
-14 -16 -25 -5 0 0 8 -1 
8 12 4 -1 -1 -1 12 -4 
22 -2 10 -5 -4 -7 -6 34 
-12 -17 -39 -12 -3 -5 -18 -4 
1 -2 -1 2 -2 1 1 3 
-1 -3 -1 1 -3 -1 -7 -15 
9 -5 -10 3 3 3 7 7 
-10 6 9 0 0 4 2 14 
-8 -14 12 -3 -6 -14 -13 -27 
-15 -7 -25 -4 0 0 -4 -12 
0 -12 -5 -6 -1 6 4 3 
23 0 -5 12 -3 -5 -5 16 
-11 -8 -3 -10 -2 -3 -8 -7 
-13 0 2 6 4 1 7 4 
-1 7 -2 -11 0 4 4 -7 
-8 -13 -53 -11 -5 -7 -5 19 
13 -30 28 4 0 -2 -39 -22 
9 4 -3 16 -3 2 42 6 
-8 10 -7 -9 2 1 12 5 
6 20 28 2 1 2 -1 1 
-13 -13 -26 -15 -7 -8 -8 -17 
14 -12 -1 -10 -3 -4 -23 -17 
-3 70 19 11 0 4 9 11 
-4 -6 5 15 4 -2 10 7 
16 16 9 3 2 0 4 6 
-13 -4 -19 -14 -1 2 2 8 
-6 -29 3 3 -4 -7 -8 -13 
-6 -7 7 -15 -3 0 -7 -22 
45 26 22 17 0 3 6 27 
-10 -21 -13 2 -3 -4 -9 -31 
-8 -18 -8 3 2 4 11 -15 
17 38 27 -11 -3 -6 -27 -5 
-12 -14 -40 -12 1 12 29 29 
-16 0 42 -3 -5 -2 -12 -35 
16 -18 -42 -17 -8 -26 1 34 
-3 7 16 10 2 9 6 17 
-10 -5 -5 21 -1 -9 0 -14 
26 22 6 1 6 0 -15 18 
-33 4 8 -14 -5 2 0 -18 
13 21 16 4 2 2 4 -12 
-2 8 -60 -30 -1 0 -14 -5 
-59 -73 -8 14 -5 -8 -15 -10 
53 41 28 15 2 3 26 54 
-3 -13 -20 -22 -7 -3 -4 -13 
-35 2 24 9 -1 -11 -39 -37 
32 14 -25 -21 0 6 39 73 
6 -10 -33 -14 -5 -6 -14 -27 
-28 -22 17 7 -5 -6 -5 -7 
18 36 27 16 9 13 -13 -29 
-8 19 7 -24 1 -6 -12 -5 
-43 -23 56 56 -4 -18 -19 -26 
7 -16 -70 -35 -3 -1 3 -19 
8 -14 -9 -10 -7 -9 26 55 
5 33 19 3 4 14 26 -4 
-32 -15 -70 -39 -3 7 17 -21 
29 -7 24 38 3 3 -5 26 
-20 -11 31 9 -4 -10 -21 -15 
-9 -13 -52 -18 -2 -9 -61 -13 
24 31 68 25 8 18 27 29 
-53 -29 -20 -37 -2 -16 -48 -45 
21 16 26 37 -1 5 81 23 
5 7 27 15 -6 -16 -49 2 
-14 -20 -14 0 4 16 -2 -9 
1 -78 -20 -7 -7 4 69 13 
-5 5 -5 -21 5 4 14 -17 
8 4 68 19 -5 0 18 -11 
-26 -6 -33 7 -4 -12 -19 7 
2 -3 15 -1 1 3 -30 -16 
-10 -7 28 3 -3 9 45 2 
8 -11 -32 -31 -4 -3 20 15 
29 29 63 11 9 4 -33 2 
-23 -22 -71 -1 -2 -5 0 -12 
6 32 10 -7 -1 -7 -19 5 
12 36 -2 2 0 2 -32 -7 
8 6 9 -16 -12 -16 6 -3 
-2 1 10 22 6 18 53 31 
2 11 -1 -10 -3 -25 -81 -30 
8 -24 -17 1 -6 17 110 10 
-37 13 -45 -27 1 -11 -45 -40 
-5 -15 24 37 -7 0 3 11 
10 -12 5 12 -1 -3 -10 -10 
-24 -64 -9 -16 -4 -11 -75 -17 
1 15 -66 -15 -2 9 50 -1 
25 69 46 0 6 -2 -20 -22 
-16 -19 -61 -23 -4 3 8 1 
11 -21 1 25 4 -6 -33 3 
6 -20 20 -1 -3 15 6 5 
-10 -8 27 14 1 -17 10 26 
34 -32 -37 -36 -7 -5 4 9 
-21 24 10 12 0 -1 0 -16 
3 -18 8 2 4 -2 -45 -5 
8 4 -14 -1 -1 4 3 3 
-7 12 10 -13 3 11 2 6 
10 -22 -15 -10 -15 -22 -19 23 
-8 -3 60 42 7 1 22 -4 
6 12 -38 -23 -5 -8 -39 -3 
-33 -17 -24 18 -4 14 21 -12 
9 9 1 -16 2 4 14 8 
21 5 -4 -9 -6 -17 -4 4 
3 -40 0 8 10 7 13 6 
-14 9 4 -11 -1 -10 -54 -14 
-8 26 37 17 1 5 3 -7 
6 1 -57 -11 2 9 18 18 
-23 -10 7 -24 -13 -23 -60 -32 
3 -29 -6 11 -4 8 46 15 
1 15 14 13 4 8 48 7 
16 6 39 -9 9 1 -4 2 
-5 -3 -8 -3 -5 0 -19 -11 
-24 -20 -49 0 -5 -12 -47 -9 
2 -5 18 -15 -6 7 75 5 
-8 -22 -31 8 -8 -3 -12 -14 
-2 43 -1 -14 2 -1 -4 1 
18 42 42 10 2 -4 -2 15 
-11 -16 -39 -12 3 -5 -35 -23 
-7 105 53 11 -9 -8 -12 29 
-6 41 31 5 1 13 28 -7 
10 -8 -64 18 11 -1 5 4 
24 0 -12 -18 -4 -6 -26 -6 
-9 -55 -74 -25 -13 -6 4 -17 
1 -22 42 0 9 -3 -41 7 
7 16 19 5 -6 5 20 19 
-12 -18 23 26 11 -1 5 -13 
-11 -15 -26 -12 1 5 28 14 
20 38 27 -7 -5 -7 -15 -9 
-29 -46 -13 -17 -9 1 2 -17 
-7 42 40 8 8 0 -44 -26 
35 -15 30 23 -6 -9 12 25 
-13 -27 -88 -21 -4 -2 21 5 
8 -47 -18 -15 7 -1 -7 17 
4 60 26 6 -6 0 -1 -9 
-6 16 23 14 11 1 -29 -18 
-2 -9 19 -1 -6 -1 28 23 
33 53 17 8 -2 3 1 -17 
-50 -54 -51 -18 7 -1 -17 8 
15 -47 28 -13 6 8 15 3 
4 -41 -36 6 -20 -8 0 6 
-22 49 40 5 22 1 -8 -29 
34 -8 12 4 -7 -1 -12 6 
9 5 -21 1 12 10 8 -37 
-36 -9 8 2 -4 -5 -15 6 
6 -6 -23 -12 -13 -10 -2 4 
-3 -12 -1 -13 -4 3 16 28 
4 51 43 20 -1 1 -20 -10 
1 -16 -34 14 -1 1 13 -4 
0 28 19 -9 0 -4 -35 -25 
5 -2 13 1 -8 -6 13 20 
5 17 -28 -19 -13 -20 -17 9 
-36 14 18 3 4 9 19 -1 
-5 -45 -49 4 11 4 7 3 
-32 -73 -37 -5 -10 -12 -8 -17 
21 69 48 -5 12 15 0 -25 
9 -38 47 3 -4 -9 -21 5 
-12 -10 -30 -20 -10 -2 18 19 
8 -41 -50 -19 -3 0 6 0 
3 -19 48 15 0 -2 -2 37 
-7 3 -87 -10 0 0 -13 -42 
-3 43 71 17 2 -3 -13 -7 
16 86 1 14 6 8 -32 -4 
-37 -17 -36 -35 -20 -1 77 26 
39 54 40 7 12 8 42 -1 
7 -40 -17 2 -8 5 1 12 
12 -9 -3 0 1 -9 -19 -5 
-17 12 15 35 -2 0 -7 -6 
8 -18 -29 -30 -6 -10 -13 -9 
-9 -77 -40 -16 1 4 13 8 
-3 -6 65 28 -13 -8 -13 -21 
-26 -47 -128 -65 -4 -12 -48 -22 
-4 0 -6 17 10 7 22 3 
16 90 107 32 -12 -3 -9 18 
22 26 -35 -1 12 6 33 15 
-5 -56 -4 3 -9 -9 -11 -29 
-16 -6 -18 -27 2 3 -11 4 
-13 -32 15 28 -4 -6 -17 0 
15 1 -39 9 9 14 32 28 
1 -13 -38 -40 -12 -1 34 -19 
0 2 33 1 -2 -10 -47 -3 
1 42 18 -1 3 -2 -7 8 
-31 -14 15 8 -12 -6 -3 -26 
-2 30 -43 -3 19 4 -12 25 
34 28 31 13 -2 4 10 -3 
-10 27 20 -17 -5 1 18 -5 
-3 -19 -1 -2 1 -6 -15 -12 
5 96 -31 7 -2 -3 -17 3 
16 14 7 -8 -3 11 42 11 
10 -36 -61 22 1 -11 -26 1 
-18 -34 -13 -18 -4 0 -8 -22 
-14 -66 32 5 -9 -10 0 8 
6 20 -9 9 5 1 -56 -2 
0 4 -8 -39 2 11 42 23 
-15 -13 -4 4 -3 -5 0 -17 
17 -2 56 22 -15 0 -3 13 
-13 20 -29 13 -1 -14 -63 -22 
8 -16 13 -29 -10 4 75 34 
3 93 18 8 5 3 -44 -20 
-2 21 62 26 4 -5 6 -9 
13 -16 -12 -22 -12 -8 -5 3 
-5 -41 -28 24 -3 -4 -28 -8 
6 -9 -23 -27 0 -1 3 14 
-1 -19 -44 3 8 10 -41 -1 
-4 21 20 -19 6 5 22 20 
2 -9 7 20 3 -2 6 -44 
3 -22 -31 -5 -2 -3 -20 13 
5 -7 72 30 5 -13 -66 -44 
-14 -35 -49 -11 4 35 64 54 
-1 86 12 4 -12 -9 -57 -12 
5 -26 -22 -13 7 -8 -44 -2 
-9 14 27 -5 -1 16 -10 -10 
6 25 23 31 0 -24 -53 -5 
33 -58 -5 -1 3 19 105 38 
-45 -44 -25 -4 -13 6 47 -38 
-4 23 -19 -27 5 -22 -113 -47 
15 -14 12 3 0 24 123 19 
-46 -59 -12 -2 -6 -24 -128 14 
66 64 2 20 11 8 98 44 
-15 -5 -22 -16 1 35 28 12 
-5 -36 4 29 -3 -27 -63 -21 
-23 7 -45 -22 4 -15 -128 -31 
40 -19 -4 -2 -4 -1 -1 0 
-9 25 57 1 -5 2 96 41 
15 -4 -19 -19 0 5 -14 -21 
-5 -10 36 -5 -5 3 14 -22 
-37 -4 6 1 -4 -18 -112 22 
22 -23 -50 0 1 -1 -50 20 
13 9 65 -4 -3 -2 -73 -8 
-84 -30 -24 5 3 -13 -16 -45 
18 -17 -29 -43 -8 15 42 26 
-39 -79 -45 -10 1 2 72 -36 
-2 -7 -11 15 -16 -40 -57 -15 
26 38 43 1 11 28 100 37 
-2 -62 -33 -2 9 -3 -40 -39 
-4 21 5 -25 -22 -22 -38 41 
-65 -31 20 12 -6 4 -30 -38 
48 23 64 13 -7 -38 -100 -70 
22 -18 -61 -15 3 56 92 89 
-28 21 37 21 4 1 -67 -2 
15 3 -17 -16 2 9 -66 15 
2 -8 31 0 -13 -18 -38 2 
-8 36 42 2 3 -12 5 -40 
-8 -16 -45 3 -5 -7 -28 -14 
11 23 -12 19 2 11 119 34 
-2 16 -26 -27 4 10 -17 -11 
-27 47 43 12 -8 -11 4 21 
34 16 10 -5 -3 2 5 16 
2 -5 -56 -33 11 -16 -84 -23 
16 -17 -67 26 -2 21 127 52 
-21 -35 79 21 10 -11 -59 -39 
9 26 -23 -13 -7 2 31 6 
-51 -38 21 18 2 -6 -2 -41 
-2 -8 -11 -19 8 19 24 55 
14 54 -11 15 5 -5 -6 -24 
49 -10 59 22 -2 -14 -20 10 
-35 16 16 4 -3 12 62 11 
-15 -67 -70 -18 0 3 -37 -48 
-34 52 74 53 6 8 -9 -11 
21 22 2 9 -3 -10 -1 24 
-3 -10 -42 -39 3 5 35 -11 
10 17 -19 7 -21 -19 -7 30 
-12 -15 10 -37 -5 -18 -32 -4 
1 -53 -61 -5 1 -5 -89 -40 
18 10 71 43 -3 21 116 32 
14 17 82 -18 7 9 21 12 
24 -12 -98 0 -8 -12 -46 -29 
-49 -23 -20 0 0 0 48 16 
11 31 19 -53 -9 -14 -43 -36 
12 -75 -32 -2 7 -6 -38 4 
-49 10 37 10 -17 2 49 -2 
13 -77 24 -12 10 6 8 -7 
-9 47 -3 16 3 -1 -23 1 
1 11 2 -20 1 -6 -39 -14 
7 -43 68 39 1 -2 7 30 
-10 -13 -50 -33 -4 1 19 -9 
-17 -88 -41 -30 -11 -9 -10 -19 
44 59 70 27 13 1 -26 6 
-63 -41 -74 -25 -7 -6 13 -28 
25 45 31 -7 -4 -1 14 17 
-7 1 23 -9 6 -3 -70 -55 
29 -19 39 52 -4 12 101 55 
-13 101 -6 -59 -7 -2 -24 0 
12 38 2 19 -12 -7 13 -16 
-32 -50 -93 -31 -1 -8 -50 1 
-18 -5 51 7 -7 -2 -1 0 
15 -52 -74 18 4 -6 -37 -9 
-16 37 -16 -35 2 5 19 -4 
23 53 7 0 -5 3 28 40 
-7 -56 -53 -34 -7 -12 -34 -85 
8 11 10 2 -2 4 -15 66 
-4 42 39 25 6 11 12 25 
43 2 -7 0 -3 -8 -9 -26 
-4 7 28 4 6 12 29 23 
-6 29 38 39 2 -5 -18 2 
59 4 -22 -9 -2 -5 -32 4 
0 37 -20 6 0 7 49 32 
12 -14 -1 50 -7 -12 -40 -3 
19 3 30 -17 6 1 -23 5 
-28 47 90 53 1 5 25 -31 
-26 -100 -82 -43 -12 -11 -31 -22 
13 52 13 -15 2 10 36 17 
37 -35 -1 4 -5 -4 -18 -3 
-39 -33 -52 -14 4 1 -11 1 
29 68 118 52 10 6 -8 35 
-51 8 -59 -12 -3 -12 -50 -87 
30 -33 -41 -35 -23 -9 59 90 
20 -11 12 -19 3 6 34 -17 
-25 -63 -54 -2 6 -2 -32 -32 
-35 -2 -6 -27 1 17 34 12 
1 -1 -1 2 4 -15 7 -41 
-24 -23 37 -24 -4 -6 -23 -3 
-1 -21 -59 49 -8 -6 16 44 
-10 29 56 16 -4 1 -20 -10 
-56 -21 -8 0 -6 2 -15 -67 
64 -82 -53 -41 -11 -9 11 50 
2 -13 71 50 16 9 16 8 
-13 12 -44 -20 11 18 42 14 
-17 16 9 34 0 -4 -6 -29 
7 42 39 14 14 2 -43 4 
49 42 -68 -23 -15 -8 -12 33 
-64 47 -21 25 -1 -4 32 -35 
5 -23 47 -17 4 8 -12 7 
-3 -2 -19 0 6 7 26 -20 
1 3 -5 -5 -7 -8 -34 18 
31 -11 76 29 0 -7 -36 43 
16 37 -14 -20 -3 -4 11 10 
-56 2 -2 20 1 5 -6 -41 
-25 40 73 -18 -2 -1 10 -20 
72 -45 -94 19 -10 -6 7 32 
-31 19 29 -3 6 -10 -83 -28 
6 46 15 3 -1 14 82 1 
2 -4 37 30 -7 -5 -3 -8 
1 -36 -42 -102 1 -1 12 64 
38 -87 -56 21 3 -2 -39 -19 
-59 -32 -5 42 -6 -6 -29 -25 
16 -9 -46 -96 0 1 13 25 
-17 20 102 74 -7 -15 -18 -48 
17 23 20 -24 -5 8 -8 -24 
33 0 5 33 1 -22 -48 9 
-54 -9 6 -9 -3 12 64 -2 
0 -46 16 -13 -4 -9 -28 20 
-18 10 8 -21 9 19 46 -16 
39 -5 -6 13 -12 -10 -18 46 
66 19 6 22 9 -6 -46 25 
-89 23 -15 -15 -4 -1 -18 -78 
8 1 13 22 9 -8 -78 -41 
-30 -58 -29 -34 -26 6 81 47 
43 -75 36 58 8 2 -6 -3 
0 -32 -128 -117 -11 4 24 27 
57 64 48 14 -2 -11 19 97 
-75 9 -9 49 -1 -21 -110 -97 
39 -22 -73 -47 -4 18 68 57 
-2 33 92 22 5 -3 -46 -24 
42 -7 -20 -25 -2 10 31 11 
-12 -3 -83 -50 -3 4 25 40 
-80 13 76 8 -8 -13 -50 -128 
-12 35 16 -22 -1 -11 29 37 
-7 -20 -63 54 6 -6 -55 -5 
-22 -31 -90 -64 2 13 32 35 
39 21 80 40 -4 -7 -52 43 
15 -23 -11 37 1 7 -3 -96 
-24 -9 -53 -30 -15 -28 -22 69 
23 44 88 1 13 10 -36 -30 
-41 62 -77 13 9 18 -1 -10 
17 -17 -11 -7 -8 -20 -3 -3 
52 -4 -33 -73 4 23 103 42 
-50 9 -72 -13 -13 -19 -49 -54 
-4 6 114 91 -5 -26 -63 22 
-47 4 -1 11 24 56 98 26 
-34 -14 18 1 -20 -19 -18 -85 
51 -13 26 23 13 -7 -22 18 
-51 -52 -114 -127 -18 2 38 -48 
13 -14 54 47 -7 -9 -21 12 
-5 -12 -8 13 11 7 -9 25 
6 -31 -2 -17 -6 -2 38 -14 
0 1 14 6 11 -2 -7 -12 
72 54 33 28 4 -12 -128 32 
-82 10 29 -36 -7 22 127 25 
29 -5 67 46 -7 -19 -79 -46 
-24 -34 -59 -19 4 15 9 5 
38 -36 -86 -66 -16 -23 -28 39 
-68 17 60 19 3 7 -16 -75 
-4 10 -71 12 -1 -1 30 44 
7 -13 27 5 0 4 40 -8 
16 -35 11 28 2 -1 -25 18 
18 23 41 52 1 -9 -28 -18 
26 13 -15 -41 2 21 -5 -5 
16 3 -6 -5 3 6 39 53 
-21 9 -6 -11 1 -11 -9 -14 
1 -30 1 33 -15 -11 -6 -10 
4 7 -33 -35 -4 -7 -39 -2 
-2 -9 -3 2 -2 -7 -62 -35 
-33 -11 2 21 9 17 74 -16 
19 -27 -13 -25 2 -2 -31 39 
12 1 30 8 8 15 35 16 
-18 10 22 18 -3 -9 -19 -8 
10 12 -24 -23 2 -3 -10 -37 
-3 -24 -13 18 -6 -4 -7 5 
17 -2 20 -36 1 4 31 4 
-21 -7 4 -21 13 4 1 1 
17 86 -76 -64 -10 -12 -20 -6 
0 -3 -7 -21 -1 5 25 11 
-8 10 -5 11 -10 -9 -24 -3 
23 17 6 0 -12 -3 17 -4 
-10 -49 44 16 -19 -4 3 6 
-1 11 -64 -55 9 -1 -12 -14 
-2 19 20 80 -5 2 16 9 
11 15 -4 -20 10 1 -11 -7 
-20 -24 -1 23 -10 -2 13 -34 
18 -1 27 43 3 -1 -3 48 
-7 -28 6 26 0 -5 -14 26 
12 -4 -19 -52 -6 -1 16 -12 
-13 -18 -5 2 7 -4 -15 5 
-10 13 17 35 -3 1 -2 -63 
43 13 7 -20 9 4 6 40 
-46 -21 -9 39 -5 -5 1 -27 
10 -17 -7 -18 -1 -2 -1 8 
4 19 14 1 5 4 0 13 
-4 -7 -10 6 -5 -6 -2 -23 
20 -4 -14 -28 -7 -5 -1 -3 
-4 -19 10 16 -2 -3 -5 19 
-2 7 -3 -13 -1 1 2 -4 
-24 0 10 -2 3 2 -4 -6 
7 -3 1 19 -2 -1 12 24 
-21 -16 -14 -19 -1 -4 -7 -50 
26 -9 -2 -13 -7 -3 -1 40 
-29 5 -8 -24 1 1 -4 -47 
7 -1 10 16 -2 -6 -5 20 
26 1 3 13 3 2 9 26 
-8 -2 -8 -20 -1 -1 -3 -18 
-19 -11 -1 0 0 0 2 -9 
-3 4 7 5 -3 -1 3 16 
-5 -4 -11 -10 0 0 -3 -14 
11 10 10 12 2 2 4 20 
-1 1 -10 -9 3 2 5 -49 
-19 -15 8 12 -6 -5 -4 33 
0 -14 1 3 -2 1 0 -10 
-2 6 -1 -11 0 0 -6 -9 
7 0 -6 -8 -2 -2 0 7 
7 1 -4 2 0 0 2 -7 
-7 -7 0 5 -4 -1 1 13 
-4 -5 -9 -5 -4 -3 -9 -10 
-10 -3 0 -4 -3 -4 -2 -9 
9 -7 -10 -2 -2 -2 -2 12 
-3 3 1 -4 1 1 2 12 
-2 -3 0 7 3 0 -2 -17 
-4 -4 -1 -4 -5 -4 -1 14 
-3 1 6 2 3 1 -3 -12 
-12 -7 -9 -4 -1 -2 -2 -20 
6 0 -2 -4 -2 -3 -3 0 
3 5 5 1 0 0 1 6 
-3 -7 -8 -5 -3 -2 -1 -11 
1 -2 -1 -3 -2 -1 -1 11 
-11 10 4 1 -2 -3 -5 -20 
2 1 2 2 1 -1 -1 1 
3 5 -2 1 1 1 -4 20 
-5 -13 -3 -3 -3 -4 -2 -10 
-3 -3 -4 -2 -4 -2 1 0 
1 1 1 0 -4 -3 2 6 
-10 -1 0 -2 -1 -5 -7 -33 
-8 -5 3 -4 -2 -1 -1 4 
10 1 -2 5 -3 -4 -28 2 
-1 -2 -6 -5 2 5 34 7 
3 8 2 -2 2 5 8 -13 
1 -4 10 18 1 -2 -6 17 
-5 -4 -1 4 -4 -5 1 -3 
-13 -10 4 -4 -3 -5 -19 -18 
15 12 0 -2 1 0 3 1 
3 1 -4 1 3 2 6 -1 
-7 -1 2 3 1 -2 -2 10 
-2 -11 -5 -9 -6 -5 -8 5 
-5 -10 -8 -6 -1 -1 2 -5 
7 0 5 5 1 1 -5 -1 
-5 20 0 -6 0 2 6 3 
12 12 -1 -2 -1 0 -5 11 
12 0 5 4 -2 -1 -1 17 
-11 1 -6 3 1 -1 1 -16 
-3 -20 -14 -19 -8 -1 5 5 
-6 3 3 4 -2 -3 -5 -20 
-7 -1 -7 -13 -1 0 -7 1 
4 -2 6 -1 0 -2 1 3 
-4 -1 -2 -2 -1 0 3 -3 
5 7 9 13 4 2 -4 12 
-6 -5 -1 -6 -6 -4 -3 -12 
-3 -5 -3 -7 -1 -1 2 3 
5 3 6 4 2 -1 4 -8 
-3 -1 -3 1 0 0 0 3 
4 3 4 1 -3 1 3 4 
-5 -6 -11 5 -3 -2 -3 -6 
2 -5 -7 -7 4 2 1 5 
-1 -1 -1 3 0 0 0 0 
0 4 -1 4 2 0 2 -3 
2 -5 -1 -4 -2 -1 -3 6 
0 0 -1 1 -1 0 1 0 
-7 -2 -3 -10 -4 -5 -5 -5 
-2 2 -2 1 1 -1 -1 -6 
1 -2 5 5 -1 1 0 8 
13 0 -7 -11 -4 -1 2 6 
-17 -4 -5 -3 -3 -3 -1 4 
1 0 -4 2 -3 -5 -4 -6 
-14 -15 -4 -3 0 0 -2 -16 
7 12 3 -1 0 0 2 6 
9 2 6 5 2 1 0 2 
5 2 3 6 1 -1 -2 -7 
-8 1 -2 -12 -2 -2 0 1 
-5 -2 2 2 -1 -3 -2 3 
12 1 -6 -5 -2 -1 -1 3 
-5 -7 0 4 -1 1 5 -5 
14 -8 -5 -17 -4 -7 -3 -1 
-9 3 7 7 1 3 1 -7 
-1 11 3 0 -1 -2 -3 -3 
-6 -11 -8 -7 -4 -2 -4 -3 
5 -5 0 -4 -4 0 -4 9 
0 1 -1 7 1 0 4 -7 
-4 -1 -4 -20 -5 -2 0 0 
0 -7 -3 3 1 -1 -3 -3 
-4 -1 -1 3 -5 -5 -2 -3 
-5 -4 -7 -7 -3 -2 -3 2 
-5 -6 -7 6 0 -1 -1 -9 
-7 3 -5 -18 -6 -4 -3 2 
1 -1 1 3 1 2 -1 7 
8 3 2 5 0 -1 0 3 
-7 -11 0 5 -1 1 -2 -19 
-19 5 -4 -8 -4 0 1 -29 
5 -3 -1 4 -2 -4 -3 21 
-3 0 -2 -3 1 0 0 3 
1 0 0 0 -1 2 1 18 
6 1 3 6 0 -3 -5 -13 
-7 -1 4 3 3 2 1 -8 
8 3 -6 -3 -1 -1 1 8 
1 1 2 1 -2 -5 -2 2 
-4 -6 3 2 1 2 -1 6 
0 -1 2 0 -3 -3 -1 -11 
-5 -5 -8 -15 -3 0 -5 -1 
-1 -2 -6 -5 -4 -3 -2 -5 
4 4 1 2 0 1 -1 10 
7 -3 2 5 -1 -2 -2 -2 
2 7 2 13 -1 1 2 -10 
-5 -1 -9 -25 1 -1 -3 5 
0 5 5 3 -4 -3 -2 3 
-2 7 4 2 4 2 0 -10 
-9 -6 -3 2 -3 -2 -3 -7 
2 -8 -2 1 -2 -2 0 -2 
3 -3 -4 -3 -1 -2 0 16 
-13 -7 -5 -6 -1 -2 -10 -34 
10 14 5 1 -3 -2 0 7 
-19 -15 -8 1 -3 -3 -2 -8 
3 -7 -1 -3 -1 1 1 2 
