#EMG
#4
#ID:4-0
5 -5 3 0 0 6 19 10 
-12 -5 -10 -6 -3 -12 -9 -8 
-6 -2 -3 2 -2 5 15 2 
-1 0 -5 -3 0 -2 -10 -4 
0 -16 -2 -3 -2 -2 -14 -7 
-1 11 -1 3 0 0 5 10 
3 -4 6 0 0 4 2 9 
-3 -2 -8 3 -2 -9 -37 -10 
8 14 9 -5 -1 -2 24 0 
5 13 11 -3 -3 -4 -5 9 
0 -11 -5 -2 -3 2 8 -7 
-17 -5 -9 -5 -1 4 -10 -8 
-13 8 9 6 1 1 -1 -4 
2 -1 -4 5 1 -5 4 -1 
-2 10 -1 -7 -2 -3 10 -1 
14 -2 -4 0 1 1 4 12 
-18 3 -8 -2 -1 0 -8 -13 
-1 -16 1 -4 -2 1 -2 -1 
2 -8 -1 2 1 1 -6 -2 
0 6 -4 4 0 4 12 5 
3 -10 -5 -4 -2 -2 -9 -2 
7 -7 3 -2 1 -1 -10 -2 
-4 8 5 -1 -3 -7 2 -8 
-3 -10 -5 0 1 3 7 0 
-3 16 3 3 -1 -2 -1 1 
8 -17 -5 -14 -5 -1 5 20 
-1 -5 6 0 -1 -1 -2 -6 
-2 8 -8 -9 -4 -5 -7 -6 
-2 -8 -23 0 -1 2 3 -2 
3 5 14 6 1 -2 3 -12 
-9 -11 0 3 0 -2 -30 5 
-5 0 7 0 -1 5 27 -12 
6 -26 -6 3 -2 -4 -5 2 
-21 -2 -19 -14 -1 -4 2 -3 
0 -10 6 -4 -3 0 -6 -5 
-4 -15 -32 -6 -5 -7 -4 -7 
4 4 13 6 2 1 -16 0 
-1 3 4 8 2 5 7 5 
1 8 2 3 0 2 -1 -5 
-2 21 42 1 0 -9 -7 9 
2 16 -4 -1 -3 0 -4 5 
2 8 1 -4 -7 -4 22 -1 
-3 -19 -30 -6 2 4 0 -2 
1 -1 5 4 0 1 -3 -3 
-3 21 6 -2 1 -1 -5 12 
-1 -2 18 10 2 -1 -7 -19 
11 10 -16 5 4 1 8 8 
-9 -1 11 -14 -6 1 8 -14 
-8 -19 -7 -8 -4 -14 -44 -4 
8 6 -2 3 -1 8 45 -3 
-1 -4 13 2 -1 0 6 6 
8 -5 -12 3 1 -4 -8 6 
-14 -35 -13 -2 0 3 7 -12 
8 2 12 -1 0 -8 -24 1 
-8 1 -11 -1 -1 1 2 6 
1 -20 -18 -1 0 3 4 -2 
1 10 3 -2 -5 -8 0 1 
-5 -9 -7 -2 0 -2 -14 -1 
5 13 25 2 -1 -3 4 7 
-2 -2 -4 3 2 6 -7 -7 
2 5 12 1 1 3 -5 -10 
2 -9 -10 8 2 -1 1 5 
3 -5 -47 -15 -6 -4 -5 -6 
-9 7 39 0 0 -4 1 0 
6 6 -20 -2 -2 3 1 2 
-11 -9 8 0 -2 -9 -33 -6 
5 20 11 6 1 5 28 7 
13 -2 14 3 0 2 -4 14 
9 4 7 1 1 -4 21 -2 
-17 -13 -33 -8 -3 0 -19 -3 
5 -4 17 -1 0 -3 -11 -2 
-19 -15 -32 -2 -4 3 -11 -19 
4 11 22 -6 -2 3 3 -1 
9 14 10 10 2 2 9 12 
-7 -14 3 -10 -7 -11 -16 -11 
8 5 -9 -9 -1 2 18 30 
-14 -14 -7 3 -4 -13 3 -26 
-5 -7 -7 -1 -4 3 -27 -26 
1 -5 -7 -5 2 -7 18 16 
-13 -16 28 15 -3 -4 -23 -8 
1 17 1 -7 0 9 -12 -1 
-1 18 13 7 -6 -5 49 22 
4 17 19 -4 3 4 10 -7 
-8 -29 -28 -8 -1 3 4 -2 
9 17 -12 2 1 5 2 15 
-11 -1 11 -7 -3 -1 -23 -21 
-3 -16 0 4 -1 -8 -28 0 
6 9 21 5 0 -5 19 -8 
5 -4 11 -7 -3 3 -20 9 
3 -10 -2 11 3 8 21 20 
-9 0 -15 -20 -6 -8 -12 -18 
6 31 4 -7 6 3 -11 -5 
2 21 15 26 -6 -8 2 3 
12 -6 9 -1 7 -5 -57 -18 
-11 -6 -50 -18 -5 5 48 18 
-12 -32 -14 -16 -5 -5 -5 -5 
1 -4 35 25 -1 -8 -27 -7 
-15 0 67 6 -8 -11 42 -13 
19 -1 -66 -12 2 3 -31 -8 
0 -6 -4 5 3 3 -4 6 
-3 -19 -53 -11 0 5 23 4 
-9 5 -23 -12 -8 -14 -35 -4 
-12 2 26 17 3 -12 -11 -8 
1 6 36 20 -5 1 13 1 
1 7 -39 -16 0 5 -4 -7 
5 -5 -8 -14 0 -3 -5 -11 
23 -13 16 14 3 8 -2 25 
-21 2 -20 -4 0 -6 3 -7 
-27 16 39 6 0 0 -3 -3 
5 -42 -24 -14 -3 0 -17 -4 
-21 -6 -21 -16 0 10 -1 -14 
27 -29 -31 13 -4 -16 21 4 
-9 0 46 6 3 11 81 5 
-3 -4 -32 -30 -9 -6 -1 11 
-20 -8 -19 -5 -1 -7 -28 -12 
21 0 -11 -12 -4 6 -17 15 
0 6 49 1 7 2 -17 -29 
9 17 -6 24 2 -3 11 31 
2 -14 26 7 -1 7 0 -13 
-8 6 -19 -19 -3 -4 -7 -7 
3 -4 32 -3 -3 -6 -4 1 
9 11 22 38 2 8 -35 2 
-15 4 -3 2 -5 1 56 3 
-28 -3 -40 -20 1 0 -2 -5 
10 4 -6 -10 -2 -14 -21 1 
-1 -19 -27 -32 -3 2 -20 -8 
-14 18 43 48 -4 -5 11 -4 
3 -6 -24 -36 -9 -3 4 -8 
9 -23 -38 -14 6 8 12 22 
-12 6 -25 -10 -2 1 -16 -15 
2 -3 28 9 1 -1 -12 -6 
7 15 48 18 -2 1 11 13 
-6 -24 -104 -15 -7 -9 -11 -18 
7 9 37 4 3 6 1 12 
1 1 -1 -7 -4 9 14 7 
6 35 -30 7 4 -8 -7 -10 
14 6 8 -4 -1 -1 -2 4 
-19 14 36 23 7 4 18 0 
14 0 -33 -50 -7 -2 -23 -10 
5 -1 73 42 -5 -6 -14 9 
1 -1 -25 -26 -8 -1 8 -3 
12 -8 -40 -11 -2 -2 9 -3 
-28 -16 32 25 5 -10 -70 -11 
6 -10 -11 -25 0 14 83 1 
-13 -9 3 -11 -4 -6 -29 1 
7 6 30 16 3 4 43 18 
-2 -8 -21 -33 -8 -1 12 -17 
-6 0 4 15 4 -11 -51 -8 
6 17 32 25 -1 -1 2 -2 
-2 -25 -48 -23 3 2 -22 -2 
6 -5 18 14 -3 -7 2 -2 
-2 2 5 -8 2 5 20 11 
-4 -35 -29 9 1 -3 2 -6 
3 7 22 10 0 5 12 8 
-19 7 3 -11 -6 -12 -21 -9 
18 6 -8 5 1 6 -24 -8 
-1 54 26 -27 -3 -6 -22 0 
-8 -4 -10 13 -2 -4 26 -12 
25 5 -45 7 -3 -1 1 16 
9 11 14 14 4 -3 -22 -7 
-26 -15 -6 -8 -6 6 31 2 
0 9 -20 -26 -6 -4 -20 -2 
17 28 2 -21 -10 -1 20 4 
10 -13 -25 1 5 6 -6 3 
-19 -16 8 4 -4 -15 -59 -15 
23 34 39 8 5 10 46 9 
-34 -38 -4 16 -7 -2 16 1 
-10 -31 -20 -35 3 -2 -12 -6 
10 -1 -1 12 7 2 -29 2 
-2 6 -1 -9 -11 -16 17 5 
-11 4 20 32 12 7 6 13 
9 9 21 -28 -9 -4 -4 -15 
-53 1 28 6 -3 0 11 5 
0 -23 -34 6 5 0 -22 -14 
8 8 24 10 0 1 -6 -2 
-17 -5 -5 -3 -8 -3 -7 13 
26 -10 -27 15 1 -1 11 1 
-7 -4 12 -56 -7 -6 -3 -7 
-1 -4 -23 11 4 5 13 -2 
-28 -11 10 17 -9 -19 9 -4 
15 -32 0 -5 11 -2 -27 -4 
-8 -1 24 11 -3 10 18 10 
1 0 -25 -6 12 -7 -71 -27 
23 1 15 -11 -8 9 78 27 
-30 -10 -34 -6 -8 -13 12 -9 
7 17 1 13 5 8 -8 2 
2 -13 -16 -13 -6 0 -25 -4 
-2 -6 12 10 -4 -12 -42 -8 
-6 -14 -43 -13 -5 11 19 -2 
-1 -20 8 7 -4 -5 -7 -5 
34 33 12 2 -2 5 30 21 
-27 21 -16 -2 3 -31 -122 -32 
12 6 16 3 -10 25 99 13 
0 5 -10 4 4 2 -15 -1 
2 -13 10 -7 -10 -1 14 12 
-6 8 -25 18 11 1 -21 -13 
9 8 1 1 6 -2 -13 2 
-7 -9 18 11 -11 -14 -27 -17 
-25 -25 -59 -54 4 19 46 0 
7 1 -26 18 8 8 13 -12 
-3 9 22 5 -1 -13 -28 1 
13 -1 5 -5 -5 -3 37 24 
-17 -1 15 29 12 0 -44 -8 
4 5 2 -30 -6 19 31 0 
3 -12 -33 -17 -18 -13 24 -1 
6 -6 -14 -4 17 -3 -28 -13 
0 14 24 -5 -7 -8 -3 3 
-9 18 47 21 2 10 -16 7 
11 1 12 16 10 0 -4 3 
-20 -3 44 10 -12 -4 35 -2 
-4 -18 -77 -51 -9 1 -2 -12 
9 12 32 22 1 3 -71 -3 
-4 -34 -2 -13 -16 -4 69 18 
7 -3 30 20 21 1 -31 -13 
-20 13 10 0 -4 9 41 3 
-10 -11 50 2 -10 -12 -34 -4 
14 0 -53 -10 8 6 -13 5 
-6 -25 -14 15 -1 -7 -10 -12 
7 14 54 -1 -2 -12 -13 -2 
7 9 -6 9 -14 -17 36 6 
-10 -16 -2 -21 -2 0 -9 -6 
0 -29 -20 -2 3 6 -9 4 
-17 6 26 19 2 -9 -18 -11 
-3 -4 1 -1 -17 -2 50 3 
2 16 29 -20 10 -1 -20 -3 
-10 -8 -40 3 -22 -5 -9 -10 
2 -45 40 25 27 -4 -11 0 
-10 -79 -85 -21 -9 10 16 -1 
0 17 6 0 6 -3 -11 -12 
4 28 -26 -31 -17 -3 -4 4 
10 3 21 -4 -15 -14 4 9 
3 -29 -41 -19 -6 -2 13 -6 
-5 5 -35 19 -3 -2 -39 -15 
-20 -5 10 -4 -6 -8 -4 0 
8 -15 63 4 -31 -13 2 2 
5 98 15 -4 18 10 11 -1 
3 6 -16 22 -2 -5 -36 -13 
-2 7 -53 -32 -13 3 45 8 
10 24 64 32 1 2 8 4 
1 8 -77 -78 -2 -4 0 4 
-6 -19 110 70 -10 -10 -17 4 
6 42 -25 -52 28 15 -5 28 
-9 -20 -47 25 -1 -5 -14 -38 
15 -71 13 -11 -5 -16 -34 18 
4 17 -83 -13 -3 15 85 11 
10 -24 35 25 -3 -10 -16 0 
-19 32 -35 -43 -12 -4 -9 -10 
-13 0 64 78 17 5 5 -18 
-1 -12 -24 -20 3 -7 -22 4 
-14 -33 13 4 1 5 -3 -20 
9 -17 -77 -40 -9 0 4 16 
1 -10 -7 13 -1 -3 -18 3 
-5 33 68 5 -1 4 15 -14 
27 29 -45 -13 21 18 15 1 
-38 -30 13 9 -12 -19 -21 1 
0 23 29 0 6 9 14 5 
14 -22 33 27 -12 -4 -1 4 
13 19 1 -27 26 0 -22 -3 
7 -30 -50 -35 -10 1 20 -2 
-3 30 16 26 5 3 8 3 
-6 -41 -45 -11 0 3 -6 1 
-11 18 41 46 -5 -5 -5 -23 
19 25 7 -29 9 0 -14 11 
-34 -104 -26 -10 -1 -19 -54 -33 
25 36 91 2 3 16 80 35 
-7 -38 -105 -27 -5 -6 3 -24 
5 12 43 20 14 2 -9 4 
-2 2 -6 -18 -12 4 -21 -16 
-6 44 45 9 -3 -19 -7 24 
-4 -34 -36 4 -11 -8 -6 2 
2 29 8 -4 14 12 22 -7 
9 6 38 -6 0 3 4 9 
-9 -59 -98 -11 -5 -10 -42 -17 
-14 115 104 -15 -8 -4 -3 -8 
8 -14 -96 14 0 0 -2 25 
1 4 -11 -26 -8 3 17 7 
13 -22 -48 -24 -2 -8 -18 4 
-23 -26 24 37 -19 -8 14 -10 
-20 18 9 -2 11 8 -6 -25 
4 1 -12 -1 1 4 17 18 
-25 -7 -10 -2 1 -15 -62 -42 
15 -10 15 4 5 8 27 42 
-6 -1 6 -3 -16 5 13 -25 
-14 0 0 2 8 -3 19 17 
6 -9 -12 -20 -9 -11 -27 16 
-1 -22 -14 8 5 0 0 14 
11 22 25 34 5 2 -6 -5 
20 11 -8 3 14 24 23 -9 
-9 -1 -4 -21 -19 -18 -2 -13 
-4 -16 35 -12 -11 -9 -23 -1 
1 -17 -32 23 5 11 22 12 
-15 4 -3 0 -6 -12 -55 0 
-21 -4 -8 -6 6 11 26 -20 
-1 27 -15 13 -1 2 -14 -5 
24 7 14 -2 2 0 32 13 
5 -49 23 10 -2 -1 10 14 
10 14 -7 -9 -3 7 -32 -6 
-6 -30 -22 -10 -10 -13 24 -13 
8 37 25 6 5 -10 -30 0 
-17 5 0 -15 -6 -11 -10 -2 
-6 15 -26 -11 12 24 11 9 
19 14 64 27 -6 -12 -8 -13 
-24 -30 -4 -34 -7 -15 -49 0 
1 -2 3 19 4 4 46 -22 
-3 24 1 -10 0 8 2 -1 
-25 13 16 -17 -1 -1 0 11 
6 -29 -31 -10 -5 -2 66 20 
13 4 35 23 -5 -4 -26 -3 
-1 26 29 8 6 4 -23 -22 
-9 -42 -42 -4 -5 -14 -28 -8 
21 -10 67 10 2 -2 45 6 
6 77 -61 -6 0 2 8 22 
4 -62 2 6 -3 -8 -11 -26 
2 23 2 -12 -1 9 21 10 
-21 6 4 17 3 -2 -65 -17 
20 -8 -18 -22 -8 -7 7 11 
-11 2 35 10 9 6 27 -20 
-4 -7 15 4 -6 0 -10 -1 
6 -3 -52 -22 -7 -13 -48 -14 
-5 -16 11 11 9 -1 57 10 
1 -26 -9 2 -14 -15 -17 16 
7 60 49 3 3 9 -8 -4 
14 0 14 -6 4 4 -34 -2 
-8 -18 -16 -6 -3 2 44 2 
19 7 -19 -1 7 10 25 16 
-48 -17 -5 3 -3 -17 -2 -11 
-7 -17 28 10 -4 1 -6 0 
1 33 -8 -13 -3 -18 -106 -24 
10 -14 -3 4 -1 32 102 28 
27 -5 -11 -5 0 -8 -8 8 
-13 -8 38 7 3 0 -7 -10 
-31 -11 -64 -4 -7 0 -23 -1 
0 -16 10 4 -1 -9 -4 -3 
2 -21 -26 -7 -2 6 1 -18 
-7 -10 9 2 0 -4 -12 9 
13 30 14 -4 2 -1 5 -6 
33 24 -53 -13 3 -7 -1 41 
-13 -12 13 16 0 0 -4 -23 
-19 -31 -19 -19 -10 -3 1 -24 
-9 1 50 -11 2 -4 -7 -9 
17 31 38 27 9 11 -14 0 
8 -17 -82 -34 -12 -8 5 16 
11 42 10 9 5 5 31 17 
6 15 36 37 3 9 5 9 
-4 2 -29 -37 -21 -23 -38 -14 
-19 -24 -20 9 9 9 -3 18 
-21 -7 15 7 -14 -6 5 -18 
9 -18 -39 -10 12 0 16 -11 
-24 -6 31 4 -6 -8 -31 -19 
12 4 22 14 16 11 -43 2 
12 8 -21 -5 -1 2 15 8 
-18 -51 -2 -30 -13 -12 42 0 
-8 -15 18 11 -4 -7 -14 4 
1 -7 -41 -13 -11 -5 29 -14 
15 4 8 3 12 2 -25 6 
3 4 10 -7 2 12 17 0 
-11 3 -2 0 8 -6 -19 -9 
5 -18 0 -18 -11 -8 -20 0 
9 10 -28 14 2 12 0 -8 
19 20 29 2 -22 -18 24 16 
-18 0 2 5 15 2 24 23 
-4 -23 25 7 -1 6 -12 -37 
17 39 -17 11 12 2 8 5 
-19 -10 -33 -17 -17 -12 -33 -12 
11 0 37 8 -7 3 56 10 
11 57 14 16 4 8 45 25 
-26 -15 -7 -16 -5 -2 -13 -3 
5 -2 12 4 14 9 -38 -8 
0 -11 9 -9 -16 -21 -30 -27 
-18 -27 3 0 3 13 -2 -2 
-17 -28 -9 2 -7 -3 6 5 
7 15 16 18 4 6 -3 2 
7 -7 17 -1 8 -22 -110 -33 
-10 15 6 10 -9 13 61 15 
-18 -21 -25 -18 -16 -21 -40 10 
-6 -12 -22 -4 -8 -12 -31 -13 
-12 -9 -2 0 2 6 -6 9 
16 8 12 -14 6 5 -4 -7 
-13 -60 10 8 -5 -10 9 -9 
-12 11 30 17 0 7 13 -6 
-5 -20 -75 -11 -1 2 5 -6 
-4 -12 7 -33 -3 -30 -18 5 
18 19 -3 1 2 11 -10 5 
-7 -6 -55 -7 -8 -12 -42 -17 
4 32 35 12 11 37 98 2 
0 -36 -38 -5 -10 -11 -36 13 
11 27 24 16 19 15 51 22 
4 15 24 0 -1 -15 -39 -26 
-26 32 19 10 2 2 -33 10 
24 -27 -16 6 -3 -3 20 2 
-35 -17 -29 -11 4 -4 19 -16 
11 7 -27 -27 0 7 1 15 
12 -14 24 6 -2 0 18 5 
-1 26 -2 -6 0 -9 -4 -11 
-4 -28 23 8 -11 -7 -27 7 
5 23 -2 1 9 11 34 -7 
-18 6 -2 -3 -1 -6 -100 0 
-3 -8 36 10 -10 -6 13 -5 
29 1 -36 1 -9 -7 -7 -2 
-17 -4 13 -37 -7 -1 3 4 
-6 -3 35 11 -4 -7 -10 -19 
-4 25 -51 -1 17 7 -14 6 
15 11 51 19 5 8 7 -2 
6 -24 -4 12 -4 -3 -2 -1 
12 -9 -23 -7 -2 -8 5 5 
-10 -36 -37 -14 -2 2 -3 3 
-13 -22 -2 -21 -13 -7 5 -18 
15 62 36 46 27 11 10 26 
11 -1 2 -8 12 2 20 0 
-9 -9 -28 15 -10 -5 -20 -8 
-6 -18 -15 -2 -4 -7 -16 -5 
-3 -20 -6 2 -14 -4 8 0 
-1 -16 2 -5 6 15 8 1 
10 7 0 -18 -5 -20 -21 1 
-1 21 2 20 2 7 -1 -6 
0 -35 -28 -55 -24 -21 1 10 
2 16 26 13 7 1 11 12 
8 -13 -28 -22 -2 3 -14 8 
0 19 -10 18 3 8 27 -22 
-15 -13 0 11 0 5 -2 -28 
-4 -17 -17 -25 -20 -15 6 11 
-17 13 24 7 4 3 -24 -19 
13 5 -11 -28 -4 -18 -20 14 
-1 -9 15 23 13 15 26 6 
-7 3 -8 -6 -11 -16 -17 -2 
-1 -6 15 2 -2 9 5 -20 
12 -5 -21 1 -1 1 2 15 
-9 -14 -6 -3 1 -8 -10 1 
-3 -35 -18 -9 -6 3 13 -2 
4 7 29 17 2 0 1 4 
-6 0 -1 -23 -1 1 -6 5 
18 -2 19 -4 -6 -1 -4 -11 
-11 -1 -30 -15 -7 -3 5 -8 
2 11 15 20 8 1 8 6 
4 12 4 -6 -1 -1 -6 -6 
-10 -31 -24 0 -3 3 7 11 
-2 4 13 11 -3 -7 -7 -13 
4 13 -1 0 1 2 5 4 
3 16 16 0 -1 6 -5 16 
-6 -5 -5 -1 2 -11 1 -17 
-12 6 -30 5 -1 4 0 -16 
-7 -8 3 0 -2 -6 -11 -2 
2 -7 0 -2 0 -2 3 -5 
13 6 11 4 4 13 10 11 
-4 -5 -5 -9 -4 -5 -9 3 
-9 -13 -14 -6 -13 -5 -4 -20 
3 11 6 -7 1 -1 -17 -10 
-5 8 -2 3 1 -2 30 13 
4 -4 -1 -4 -2 2 10 3 
1 20 1 1 4 -2 -11 13 
0 -1 3 2 -2 -6 -11 -16 
-2 1 -12 -4 0 0 -11 -7 
3 0 1 -2 -1 -1 -2 3 
-4 -7 12 5 4 6 13 3 
-6 -13 -17 -11 -3 -2 6 1 
-4 1 0 -2 -3 -5 -13 2 
-2 2 4 0 -1 -1 0 -4 
1 -9 -10 -5 -4 -4 -9 -2 
-3 2 -1 -4 -4 -1 4 -1 
-8 -1 -10 1 0 0 -2 2 
17 4 6 0 -5 -1 -2 4 
-11 -1 0 -5 5 3 8 -13 
1 -8 -8 -6 -2 -4 -7 -8 
-5 -21 -6 0 0 4 4 4 
-1 1 8 6 3 -10 -14 -22 
10 7 1 1 -3 0 19 21 
-9 -7 0 -3 2 3 8 13 
3 4 -9 -5 -5 -8 -12 -19 
-19 -13 -10 1 0 3 4 -3 
-4 -14 -1 -9 -7 -7 -12 -9 
-4 -4 4 5 3 1 5 0 
6 8 10 -4 -4 1 -2 15 
10 40 2 -3 -2 -1 3 -4 
3 -18 -21 3 2 -1 -1 1 
-8 9 6 5 -2 0 6 7 
-3 -9 3 -5 -2 -5 -5 -13 
-4 -1 -12 -15 -3 -4 -5 -1 
0 5 17 2 0 1 -5 1 
3 -11 3 4 0 3 0 12 
-5 0 1 7 1 4 3 -10 
9 -8 -9 4 -3 -6 -26 0 
-19 -6 4 -8 -2 -1 10 26 
0 -7 2 3 2 0 26 -23 
-3 -8 -2 1 0 7 18 4 
9 -6 3 1 1 0 3 7 
-12 -6 -6 -2 3 -2 -20 -11 
-2 -3 -3 -3 0 -1 -9 1 
0 6 0 10 0 -5 -1 9 
-3 -6 -1 -11 -2 5 9 -11 
16 10 -11 -15 -9 -3 0 8 
-13 9 -2 0 1 -8 -4 -7 
10 -5 10 11 2 -2 -7 3 
-11 28 -18 -5 2 1 0 5 
0 -2 5 19 1 1 -1 -12 
9 2 -6 -18 -5 -4 -3 15 
11 -1 -7 -7 -1 -6 -15 -15 
-29 -14 24 20 1 3 7 3 
5 3 7 7 8 0 -1 -5 
-1 6 -36 -20 -6 0 -13 1 
-15 -2 13 -10 -6 -4 14 5 
5 -3 14 -4 -1 -4 -4 -4 
-5 1 7 0 -2 0 -7 -24 
0 -8 7 8 0 4 16 12 
7 4 -12 -5 1 -4 -16 4 
-6 -7 4 9 -2 0 21 -5 
-4 -11 -13 -20 -4 0 -14 5 
4 -2 13 5 -2 -8 -19 -11 
-5 -8 -29 -15 -8 -4 7 1 
-3 -10 4 -4 -4 -2 -2 -1 
9 29 12 22 11 7 12 6 
-11 -8 -1 -7 -2 0 -8 -19 
7 56 13 4 1 3 -1 8 
5 -13 -3 -6 -2 -6 -7 0 
-7 0 5 -2 0 -5 7 -7 
9 9 -2 -7 -5 3 7 -3 
-17 -13 7 7 6 6 -5 -2 
7 0 -2 10 -3 -3 2 8 
7 6 0 -5 7 8 -1 -5 
-18 -5 6 3 -1 -3 3 -9 
-9 -33 -14 -5 -9 -15 -37 -4 
0 5 -3 -10 -1 5 35 1 
4 -3 17 3 -4 -6 -3 11 
1 -21 -27 5 1 8 9 -1 
-6 19 4 0 1 4 4 -28 
7 -6 -23 -3 -1 -8 -14 45 
18 -10 -8 -4 -12 -15 -7 -10 
-6 3 14 -2 2 -1 -3 -4 
-9 -17 0 5 0 4 -6 -24 
-4 4 -5 0 4 8 0 -6 
10 -11 -13 -13 -10 -3 -7 -1 
3 7 11 0 -3 -6 -13 4 
-4 -16 -24 0 -1 -2 7 5 
5 3 20 0 1 0 -7 -4 
-5 1 5 10 3 6 0 10 
-20 -9 -31 -9 -13 -10 -6 -12 
8 -1 -2 -6 2 7 11 3 
-2 3 0 -6 -7 -14 -28 -6 
-9 -15 -11 -5 -4 0 20 -10 
7 0 11 9 0 -2 -3 8 
14 7 18 4 -2 0 10 28 
-14 12 -37 8 3 4 -11 -32 
-3 -2 -1 -20 -3 -4 -7 8 
-1 5 -12 -6 0 3 -3 -15 
-3 -2 3 -10 -3 -11 12 25 
11 -8 16 1 -2 0 -1 1 
-5 1 -1 4 -2 -5 -12 -4 
5 20 6 5 8 3 8 -4 
5 3 -8 -6 -3 6 -4 -2 
-11 -7 3 -5 -1 0 10 -6 
-24 5 -7 1 2 4 6 -3 
-7 -2 16 -10 -5 -10 -12 24 
-16 -3 5 0 -3 1 11 -23 
13 -6 -1 -3 -4 -8 -6 -5 
3 -9 -3 -2 -5 1 -11 -6 
4 -13 -1 11 6 7 -4 -4 
4 22 25 11 2 -8 -5 19 
-13 -20 -4 -25 0 6 10 -13 
-6 -14 -30 2 -5 -4 2 5 
8 11 -5 -6 -2 -3 5 6 
-4 -8 -16 1 -1 0 -13 -12 
-4 -20 17 2 3 3 1 -6 
0 8 8 3 1 -1 -13 -1 
4 -68 -27 -5 -3 -2 -2 -5 
-10 -6 -4 -3 -1 -1 -1 2 
-1 12 6 2 0 1 -3 14 
-16 -4 -9 -7 -4 -6 -9 -32 
5 3 9 16 6 1 -4 2 
6 6 -16 -28 -9 -1 15 -6 
0 -10 -11 3 0 -3 1 19 
7 -6 -2 5 -3 1 0 -6 
-6 23 8 -4 -6 3 15 0 
-5 -11 1 -8 10 6 -11 0 
-7 2 -9 4 -6 -9 -7 -3 
0 1 1 -10 -2 -1 15 6 
1 -3 9 4 -3 -5 -8 -9 
6 8 -2 3 -7 -4 -11 -11 
-3 -7 -5 -4 3 0 3 0 
6 3 14 10 7 -2 -2 -2 
-7 11 19 -4 -3 4 -10 5 
13 -10 -24 1 1 2 16 18 
-33 5 -10 -6 0 -3 -19 -30 
5 -2 2 -4 -1 2 17 15 
0 8 3 -1 1 -8 -10 0 
0 0 13 3 -3 2 -13 -17 
25 3 6 9 3 -7 -2 10 
2 12 -7 -9 2 4 -10 5 
-30 -26 -18 -2 -2 2 19 -14 
-2 0 3 3 -1 -4 -10 -4 
4 -11 -9 -2 -3 0 0 -1 
-3 14 4 7 -3 0 3 -1 
13 4 -4 -9 2 5 7 27 
-11 -15 -10 0 -3 -12 -14 -10 
3 -1 -1 -5 0 1 1 3 
3 -4 11 4 -5 -3 12 0 
2 5 4 -1 8 2 -5 -12 
-2 3 5 6 3 3 -4 0 
5 -7 -16 -2 -6 -3 -5 14 
0 -2 -8 6 2 -1 -6 -3 
-13 4 -5 0 -4 4 -4 -17 
5 -2 4 -3 0 -22 -4 6 
