#EMG
#2
#ID:2-9
-17 -10 -28 9 2 1 -6 0 
-12 -6 -3 -6 -2 8 -4 1 
11 7 17 13 -2 -24 -52 0 
-23 -20 -29 -15 -7 5 58 -22 
-4 11 2 2 0 -6 -12 -6 
3 -3 7 -3 1 7 -7 4 
-19 -15 -1 5 2 3 -17 -2 
14 14 32 16 1 -1 -1 15 
-7 13 -17 -22 -5 -6 -3 -38 
6 -14 -22 -5 -1 -7 -8 36 
-4 -12 -21 -12 -1 6 13 17 
3 30 56 15 -2 -5 -18 -24 
2 -5 -49 -11 2 5 23 9 
-12 -3 16 10 -2 -5 -9 -17 
17 2 7 7 0 0 11 8 
9 -5 -37 -20 -1 7 -5 -4 
-18 -7 16 -2 -6 -9 10 -1 
2 8 1 5 2 -2 19 -15 
12 -2 -2 -7 -4 5 26 17 
-16 -1 15 6 0 -8 -19 -25 
17 -11 -12 -2 -3 2 -21 19 
-13 15 -1 1 1 4 -30 -18 
-11 2 7 1 -2 -10 61 -5 
25 5 -28 -3 1 1 2 40 
-10 6 -2 7 1 -1 -19 -6 
-3 -13 9 -34 -3 0 16 4 
-5 9 -21 1 -2 2 -31 -13 
-12 -11 4 7 2 1 20 -11 
6 2 2 5 1 2 9 -4 
3 -14 -14 -2 -3 -9 -9 7 
-7 26 24 -7 -2 -3 -31 -11 
-1 -23 -20 -8 -6 2 13 11 
4 -2 9 8 0 -4 -12 17 
-3 -4 8 0 -1 -5 -21 -20 
1 -2 -1 9 4 3 6 -7 
-8 4 12 3 -1 4 12 -4 
10 -6 -30 -17 -4 -1 2 18 
-9 -4 0 5 -2 -5 0 -13 
5 1 -2 -5 3 4 4 14 
-1 10 2 8 0 -4 -21 -11 
-8 3 31 1 1 4 -3 8 
-12 -16 -31 -4 -2 -5 -29 -19 
-15 -1 21 3 -4 -1 38 -21 
7 -28 -23 -11 -3 -2 -2 8 
8 15 47 12 1 -4 -3 -4 
10 4 -8 5 2 -2 -7 28 
-2 -6 -32 0 -2 -6 -15 -2 
6 15 26 1 1 -3 -13 -21 
-5 -24 -52 -13 -3 -1 18 46 
-2 -1 18 4 2 6 -6 -12 
10 2 5 -6 1 -4 -21 10 
-30 -8 -7 7 -9 -6 18 -38 
13 9 -4 -4 1 -5 -32 -5 
-6 -7 3 2 -5 6 50 -14 
-5 1 -2 -3 0 3 -16 -6 
8 11 3 3 -1 -6 -12 21 
-7 -6 17 5 1 1 -7 -22 
12 11 -11 -4 0 0 -17 23 
-5 -7 32 11 -4 4 13 -13 
6 0 -29 -12 2 7 -16 24 
-11 45 33 6 1 -10 -21 -15 
2 0 -55 -20 -3 10 69 10 
0 -33 22 11 -3 -4 -28 -5 
-13 -28 -30 -9 -4 0 12 -7 
-7 -24 11 5 0 -7 -53 9 
16 15 29 4 -3 1 24 -18 
-2 5 -44 -7 -1 -2 0 -8 
0 -27 7 -11 -3 -3 20 12 
1 23 3 3 3 3 12 -11 
-7 -12 -9 2 0 2 -2 -5 
9 24 30 1 0 -6 -17 0 
-2 -26 -15 5 1 1 10 8 
1 -35 -20 -20 -2 1 50 17 
-7 35 -1 -4 -4 -9 -37 -13 
-9 -6 -19 0 -4 -6 -42 13 
0 -5 -7 4 0 -1 8 -27 
-7 -4 -19 -27 -2 2 10 -12 
-5 -22 16 8 1 -5 -16 -3 
-4 -2 22 -4 0 4 11 23 
23 43 8 -2 0 -6 -26 15 
-14 -43 -38 8 -5 2 26 -39 
-11 -4 -19 -11 -2 -10 -18 2 
-35 -6 -15 -4 2 -1 -36 -36 
12 3 10 7 -1 8 69 46 
12 11 7 -2 -4 0 -1 6 
-7 41 -10 -8 -2 1 -1 -11 
15 20 33 10 2 2 7 -14 
-24 -25 10 8 -5 -5 -22 -7 
3 -32 -32 -8 -3 0 3 3 
-6 -19 53 13 -2 -6 -8 11 
12 18 -21 -8 4 7 32 -1 
-1 1 1 -7 -1 -8 -27 -19 
18 4 16 24 2 1 -15 -2 
-4 -33 0 -12 -1 -5 -8 32 
3 -1 -8 2 -6 -3 10 -21 
-17 19 -16 -1 -1 2 -4 -1 
7 9 -31 -20 -6 -4 7 -11 
14 70 14 19 3 12 -62 -9 
-1 -18 38 -8 -6 -20 43 24 
-17 9 13 21 1 6 4 -1 
-3 17 0 -12 -2 -12 -22 -8 
8 -5 30 23 -1 2 -1 4 
-6 -22 -90 -37 -1 10 15 6 
17 60 35 -4 3 2 -18 -19 
-21 -47 5 16 -2 -4 -5 14 
-6 5 34 -7 -8 -10 7 13 
2 11 -1 7 -1 4 4 -2 
-14 -18 -31 2 2 -2 11 2 
17 -59 41 -5 1 5 -9 -17 
13 -22 -11 20 10 -2 5 7 
-25 -11 -49 -28 -6 4 -35 -19 
18 10 14 -3 -3 -13 19 14 
-6 8 -36 -5 -5 3 25 5 
15 -37 7 -7 -2 -2 -6 2 
-14 25 19 9 3 1 -1 -20 
6 -40 14 2 -5 4 2 -2 
7 43 -8 -9 1 -4 -9 26 
-10 -24 3 2 -4 -3 24 -5 
13 43 17 44 2 -6 -10 16 
1 41 37 -9 1 -2 -18 -5 
-25 -36 -53 12 -3 3 2 -12 
-23 2 -63 -29 -9 -8 -17 -32 
30 -68 26 12 6 3 5 13 
-12 -7 -25 -24 -4 -5 -19 -10 
-3 58 52 5 -1 7 18 26 
15 -10 -30 -15 -2 -2 -31 -21 
-18 -35 6 14 -4 -4 31 31 
8 6 4 9 2 2 8 -16 
-4 23 7 -7 6 5 -12 0 
11 -6 -43 1 0 3 -2 -5 
10 59 55 -12 -9 -12 0 24 
-4 -17 -36 -14 -4 -6 -13 -19 
1 34 39 10 1 4 22 9 
-15 46 -36 -13 -8 2 5 -12 
-4 -74 -56 2 3 3 -5 -7 
9 13 77 12 4 -3 -16 3 
7 30 -65 -14 0 -3 -27 -45 
-11 -13 44 -10 -2 0 42 44 
-8 -7 -28 -2 1 3 -34 -8 
3 0 8 2 -1 7 42 -1 
6 -30 -4 6 -1 -7 -6 3 
1 -6 33 15 0 -5 -7 14 
14 43 25 -4 2 5 -47 -14 
-33 -44 -59 -36 -10 -19 7 10 
21 9 35 -18 -4 5 40 -4 
-27 -7 -43 0 1 -4 1 -29 
13 55 24 -4 0 10 25 -6 
13 -25 -13 27 8 -1 -52 6 
-10 -12 23 -10 -6 -2 -3 12 
11 40 3 4 -1 1 6 6 
-4 -64 -38 -28 -1 -12 -11 3 
12 6 36 -2 -2 5 10 2 
-9 -2 9 21 -4 -7 -9 -6 
2 -46 -9 -10 7 10 11 1 
-3 64 43 -1 0 -1 -13 -2 
-5 -41 -71 14 -11 -11 8 14 
0 -1 13 37 4 0 -2 -5 
-8 -8 23 -40 -1 6 -4 -6 
-2 13 -20 -4 -7 -5 2 -2 
-5 20 28 4 8 6 -2 1 
-17 -10 -12 10 -4 0 -10 -15 
9 10 19 10 5 -2 -2 18 
6 -40 -61 -23 -6 -2 8 -9 
-6 -28 -19 0 2 0 -6 -28 
-8 59 -29 -14 -4 0 1 9 
1 -13 5 12 0 1 13 28 
6 -27 36 2 -2 0 3 -35 
-18 -2 -6 6 -3 -8 -56 -4 
-13 -34 -5 -9 3 10 41 11 
-10 6 -18 0 -1 0 21 -21 
29 12 6 14 2 -9 -22 31 
12 18 31 -6 -11 2 40 23 
4 -39 -11 -23 6 -4 -13 -10 
-14 29 24 13 -5 -6 -24 -26 
-6 -7 -42 -13 -12 -6 -4 0 
-12 -3 -11 4 -7 -3 -7 -32 
13 8 33 14 8 -7 -11 24 
0 -26 -12 -13 -11 2 11 -11 
-4 54 42 12 5 -2 2 -9 
17 -2 -23 -10 13 -2 -16 7 
-4 -16 -9 9 -7 2 8 1 
-39 -12 26 2 -6 -9 -11 7 
-15 -23 -12 -8 0 -1 14 -11 
-16 -4 -4 18 7 7 4 -28 
24 8 0 -39 -9 -10 -33 12 
1 -22 -12 -4 1 8 -11 -2 
-2 -16 30 5 -1 -4 33 47 
10 19 33 7 0 -4 7 -8 
-10 -27 -28 -7 -6 -10 -15 -29 
13 21 30 7 -2 -2 -20 -5 
-34 -15 -34 5 7 0 1 -33 
15 16 10 -6 -3 5 -3 22 
3 19 36 -6 -9 1 -5 -8 
4 -14 -38 -8 9 2 19 18 
-18 24 16 13 -3 -2 -6 9 
-17 1 -36 -25 -1 1 -16 -19 
-7 15 43 26 6 11 15 12 
21 -16 -38 -5 -6 -11 -14 -12 
3 -22 2 -19 -1 5 0 -20 
-23 14 25 -2 -5 -9 -26 1 
23 42 9 7 5 13 41 43 
-5 -16 25 7 0 -12 -6 -31 
-15 -14 2 8 -8 -7 -2 -8 
11 12 -57 -20 -3 -4 -18 16 
-17 -32 -20 -9 -1 -5 11 -6 
9 28 24 13 1 -2 26 -7 
11 -29 -16 -13 4 2 7 11 
17 20 15 19 -4 5 4 10 
-17 -9 -7 -1 1 -6 -39 -11 
12 -18 -27 -24 -4 -10 -18 20 
3 -25 29 22 -4 6 29 -3 
-11 -31 -34 -9 -4 -2 1 -40 
-22 -19 -13 14 2 0 -20 -17 
-8 37 25 4 -2 2 13 6 
-4 -11 -13 17 4 1 -12 4 
14 -1 5 -22 -5 -5 -8 14 
-17 -40 -25 -23 -11 -4 -2 -31 
14 48 21 25 14 7 7 14 
15 10 -18 -22 -3 -6 -33 14 
0 28 25 18 3 2 13 5 
-8 -23 10 23 -11 -6 1 -17 
3 -17 -33 -20 5 5 -5 13 
10 -17 -22 0 8 3 12 -11 
-6 27 55 -21 -3 2 -13 4 
11 -17 -32 6 -3 -9 -13 23 
-42 -9 -30 4 -3 8 -29 -30 
-9 -24 -13 1 1 -2 22 12 
4 -2 28 -8 -13 -13 2 -24 
-13 18 5 20 3 2 -8 0 
14 -32 -40 -22 -6 -2 32 28 
-9 13 9 -1 5 -3 -74 -81 
5 -19 -2 -2 -8 3 52 75 
-2 -11 -24 -22 -5 -8 37 -26 
9 5 -17 3 -2 0 -15 6 
-23 4 20 14 3 -2 -30 12 
8 -25 -55 7 11 21 61 1 
17 17 31 -2 2 9 -13 16 
-7 -52 -14 8 -12 -29 -16 -34 
13 32 67 -4 -1 6 -16 24 
-51 16 4 -1 2 -11 -21 -11 
8 -40 -52 -34 -1 17 58 -4 
-26 11 18 13 1 -1 0 -6 
17 60 72 9 -7 -20 -45 -12 
-5 -20 -57 -7 1 2 1 -3 
22 45 20 3 1 0 34 38 
16 4 -2 -6 -1 6 -6 -7 
-21 -5 8 -16 -5 2 33 -9 
8 51 -49 18 -2 0 7 16 
-12 -2 6 -2 -1 -13 -31 -45 
7 -24 -8 -3 -6 0 58 11 
2 5 -7 -12 -3 15 -21 19 
-36 -44 -2 -1 -1 -11 2 -25 
2 2 -11 -5 -3 0 -18 18 
2 24 20 -31 10 5 -41 -32 
-11 -25 -45 21 -1 1 15 2 
28 7 41 2 -1 -3 -41 -9 
-12 -10 31 6 -4 -6 -40 19 
-7 -15 -16 15 -2 -11 22 -9 
-17 20 -59 -21 5 12 62 17 
7 -20 34 -1 -1 4 -54 -51 
-11 16 0 3 0 -19 -77 -21 
33 -8 3 -18 -3 10 18 26 
-6 33 11 7 0 -3 12 22 
13 -8 22 7 1 3 50 20 
-2 5 -27 -23 -2 -1 -18 -25 
3 25 43 33 4 0 -50 6 
1 -50 -58 -20 -7 -14 -30 -14 
-4 10 10 -12 -6 4 67 -5 
13 3 6 5 6 24 44 16 
-12 -13 -8 16 -2 -20 -40 -35 
16 -6 -14 -27 -9 -3 47 38 
18 41 108 -6 0 -9 -55 5 
1 -79 -68 -6 1 -4 -70 -33 
-4 8 23 10 5 10 44 16 
-17 -46 -20 11 -14 2 89 -4 
8 -31 -49 -20 4 -8 -13 -1 
-21 -49 -19 -8 0 -5 -13 -26 
0 3 -17 15 4 8 -27 4 
35 13 38 -1 1 3 -28 -5 
13 2 -11 8 2 -1 21 17 
-20 -4 -2 -11 -8 -6 13 -9 
-2 21 27 -3 6 2 -8 -7 
-7 -28 -43 0 -17 -10 11 -3 
7 -41 -26 -12 5 7 -14 12 
18 95 104 20 -4 -5 8 13 
-24 -57 -100 -40 -8 -8 10 -5 
17 39 18 -5 2 1 -13 -7 
-25 -23 6 28 -1 -2 -49 -10 
-7 18 -3 27 -2 3 62 14 
17 -22 52 -27 -3 -2 -11 0 
3 34 24 25 17 5 -11 -8 
-20 -40 -48 -44 -21 -9 -16 -10 
16 46 -16 -12 4 -1 11 6 
-22 -49 -21 15 -1 -1 -20 10 
1 -30 -13 6 -2 -2 17 -26 
-3 39 26 -7 6 8 29 6 
-7 24 51 10 3 -5 -8 9 
28 29 3 -17 5 10 19 15 
-28 -15 -35 -4 -4 -8 -50 -2 
9 -69 -21 44 -3 -6 11 -20 
11 -20 -18 -38 -1 5 21 26 
-11 2 12 14 2 -1 -24 1 
-3 -51 17 4 -8 4 0 -14 
-43 -5 -60 -23 1 -21 -39 -31 
1 1 57 46 -12 2 49 -7 
-6 -31 -43 -11 3 -8 -5 4 
19 26 38 1 9 10 10 14 
22 -14 19 12 2 12 8 3 
-8 -14 7 12 -9 -14 -39 -3 
-6 25 0 -5 7 8 13 10 
-6 -30 -41 -32 -5 -5 9 0 
8 17 -21 0 -3 -1 7 -15 
-6 -64 -3 0 -2 -13 -15 31 
-4 31 16 -1 -11 3 14 -15 
10 -5 25 6 2 1 11 25 
-2 19 -24 -24 -1 -1 -15 -51 
-17 -16 -9 -27 6 14 23 -4 
29 18 0 8 -10 -8 -6 5 
-31 -24 -22 27 6 -6 -27 -29 
-6 -19 -9 -24 -8 -4 -21 12 
7 33 -1 -18 -3 6 63 31 
29 6 34 2 -6 -15 -8 -4 
27 111 9 8 16 9 18 22 
-28 -24 57 12 -11 -4 -30 -13 
14 7 -38 -5 4 8 -20 -16 
-22 29 20 10 -1 0 14 -6 
-6 -99 4 14 -9 -5 1 -22 
-11 15 -73 -27 7 -1 -12 19 
-6 33 8 -7 7 -1 -35 -11 
4 -30 66 31 0 6 12 -1 
-1 1 -91 -25 -5 -5 -38 17 
2 -18 -26 2 -9 -16 27 1 
1 -8 33 12 -10 -5 -7 -19 
-2 -2 -42 -25 10 3 9 8 
-4 -8 15 -6 4 6 -7 -12 
3 3 16 15 -8 -3 -4 2 
-2 20 -5 47 4 -4 4 5 
-18 -60 -74 -44 -9 -2 -10 -2 
2 18 22 -19 -6 -9 -3 -7 
17 96 52 11 7 9 6 25 
6 2 13 -2 4 -2 -12 -30 
-2 10 -35 18 -10 -7 -27 -5 
-6 38 19 -31 -10 2 81 26 
14 -32 26 20 11 8 13 21 
-15 18 -12 3 0 -5 -16 -9 
18 -20 34 -11 13 13 3 27 
-4 43 31 -7 -16 -16 -37 -41 
-15 5 26 29 7 4 11 5 
16 31 -41 15 6 -4 -5 2 
-6 21 53 -11 -8 -9 -2 -3 
15 -24 -10 3 -2 5 0 16 
1 34 -40 -33 10 12 16 9 
-6 6 -10 20 -1 -9 -46 -27 
-4 3 26 13 -1 3 19 2 
-5 7 -1 19 3 -2 -23 -5 
-6 -1 2 -3 -9 -4 4 -11 
3 -80 15 -11 -8 -2 -22 20 
-6 85 8 -16 -7 -9 36 -15 
-17 -53 -34 -12 -7 -18 -18 -39 
13 -6 -29 0 6 6 -16 13 
9 14 63 18 4 8 16 7 
-4 -4 -46 -28 -12 -2 -20 14 
7 -41 15 9 6 6 -9 2 
-3 -10 8 32 -7 -2 21 -6 
-15 -28 -73 -87 -4 -3 -1 -14 
-3 -13 -24 47 0 5 -12 9 
3 18 60 31 7 4 17 -12 
-7 18 -11 -38 -8 -8 -31 0 
6 -18 18 47 2 0 10 22 
1 -2 -9 -35 2 5 -6 -18 
-3 -54 -63 -31 -6 -6 -4 36 
-14 -19 56 11 -11 -10 -17 -42 
-19 -6 -98 -22 8 0 14 -26 
14 19 29 26 3 15 -1 15 
-15 35 22 13 -2 -16 -52 -10 
-3 -21 43 3 -10 -16 35 42 
5 12 -51 -28 -11 -5 40 -7 
-19 -89 -70 6 5 7 3 -42 
-11 29 25 -13 -14 -7 -23 -11 
-6 -27 -52 -15 7 -3 -26 -20 
4 -46 69 41 -9 -11 -10 2 
3 14 0 -4 3 9 26 15 
20 28 41 18 -2 3 11 11 
13 8 -45 -8 8 8 3 0 
-2 3 -5 -23 6 1 -37 8 
9 9 40 33 -2 -3 21 35 
-6 0 4 -27 -6 -10 -3 -51 
6 -32 -52 -16 -7 8 34 27 
-1 14 -29 -15 -15 -1 -26 -4 
-12 -39 16 22 -3 -20 -48 -48 
2 7 -3 3 5 13 56 66 
19 14 30 -25 4 5 -40 -39 
-15 79 -13 2 -1 -4 16 29 
-1 -22 -25 15 -6 -10 -26 -24 
-15 -8 -4 -45 1 5 22 -23 
-4 3 -15 39 -2 2 9 -1 
9 -4 21 29 15 9 -11 1 
-13 -16 -18 -52 -12 -15 8 -4 
27 10 41 47 8 2 -3 29 
2 35 40 -26 13 6 -31 -8 
-9 -47 -36 16 -4 8 81 10 
-19 8 31 3 -6 -3 -9 -25 
-13 -29 -79 -27 -3 4 0 -21 
5 86 -7 -22 -4 -6 -8 62 
10 1 108 53 17 4 -25 -75 
14 56 31 -5 -10 6 5 78 
-20 -1 -7 -41 2 0 31 -21 
-8 -24 26 33 -8 -12 -21 -30 
-3 -16 -43 9 1 -5 -12 7 
-10 -18 -31 -12 -3 -6 7 13 
11 -8 -67 -7 -5 -8 -25 -3 
-8 0 42 5 0 9 60 48 
-15 -27 -12 -24 -15 -6 -7 -42 
-17 -7 3 9 13 4 -22 -65 
34 16 17 22 4 21 1 116 
-34 -7 5 -29 -19 -34 -25 -68 
15 2 -15 10 -2 0 7 11 
-2 3 -37 -33 0 -1 5 25 
-28 -43 -9 1 0 -11 -72 -110 
0 17 20 33 0 5 39 35 
2 4 46 4 2 9 26 38 
-3 -47 -22 -48 -11 -25 0 -19 
-4 -59 -16 -6 -4 2 1 31 
9 32 -41 -10 2 6 0 -28 
3 29 21 -10 -1 -2 -4 8 
-2 11 87 -3 -3 0 3 6 
-15 -4 -24 15 -3 -5 2 -6 
6 -30 -4 2 0 0 1 -12 
3 12 6 -11 3 -3 -14 6 
4 10 0 33 3 3 -12 -12 
1 48 40 -22 1 -5 10 -15 
7 -17 -90 -33 -1 3 -1 6 
0 1 23 -12 -3 -5 -30 6 
6 -1 -26 15 4 6 15 -18 
-14 10 38 24 0 1 26 25 
37 -33 -27 -16 0 -4 -32 9 
-57 -77 16 -35 -4 3 38 -6 
2 89 19 38 -2 -8 -42 -43 
-10 -2 -42 -3 -8 -2 59 22 
23 20 26 28 8 10 9 1 
15 -62 38 -8 -4 -5 -14 5 
-19 -33 -57 -15 3 -2 -1 -10 
7 6 28 17 2 2 -20 -9 
-11 5 37 8 -3 -4 -6 7 
16 17 -33 2 4 12 11 26 
3 -35 -76 -40 -16 -17 -12 -14 
9 2 -10 -1 5 0 -17 -2 
-25 -16 39 26 3 3 6 -13 
14 42 6 -15 4 4 3 24 
10 3 28 30 4 0 5 8 
-1 -10 -24 -16 -7 -3 -7 -13 
-5 -3 -16 -11 3 0 -8 -2 
0 -14 6 5 -6 -7 -10 10 
-3 24 -6 16 7 11 21 18 
-12 17 5 25 -2 -4 -2 -34 
-10 -9 56 5 0 6 -13 13 
4 -12 -122 -22 -6 -16 -4 -27 
9 -18 23 0 3 7 22 20 
8 -1 4 -20 -8 -6 -17 -2 
-17 -2 10 47 5 5 10 5 
-13 3 -19 -49 -9 -4 -28 2 
26 21 51 16 5 7 4 7 
-16 4 -25 23 1 -4 4 -18 
-3 8 -10 -38 -10 -7 -11 -7 
8 -9 -43 -30 -4 0 0 12 
-4 6 45 31 -7 -5 -1 -19 
1 12 -13 -27 6 5 -4 3 
-1 -47 -23 4 -11 -6 7 23 
-11 29 11 7 0 -2 -11 -46 
-3 -24 -20 -6 2 2 7 11 
11 -4 30 -17 -7 -3 -11 10 
-16 9 -13 4 0 -5 -1 -33 
14 17 14 6 -1 -2 4 -22 
6 -12 -12 -6 -2 -2 -9 34 
0 -16 7 9 6 2 8 3 
19 2 -19 -7 6 3 6 9 
-8 3 28 25 -3 -3 0 11 
-20 0 0 30 -2 -6 -11 -38 
3 3 8 -9 -1 1 1 2 
-7 -12 -12 -15 4 5 4 -15 
7 2 -7 -26 -7 -6 -8 31 
8 4 12 13 6 2 4 -7 
-15 -8 -20 -17 6 3 6 12 
-7 -4 10 -7 -5 0 -10 -54 
-20 5 15 13 0 -1 -8 7 
8 -5 -34 -24 -3 -1 4 23 
-7 -13 9 11 -1 -3 -9 -28 
8 9 5 9 2 -1 4 16 
-3 5 22 10 0 1 2 -10 
-6 5 -11 2 6 4 -1 10 
10 -4 -7 -37 -7 -3 -6 0 
-19 -22 21 22 2 -2 2 -3 
7 6 -15 -20 -1 2 1 3 
-12 -9 -28 8 -4 -5 -2 4 
12 8 14 1 1 -1 -3 -3 
-9 -5 -16 -24 -9 -6 -2 -9 
7 -1 6 13 0 -1 0 5 
0 4 -4 -24 -7 -3 -3 -5 
-3 -1 14 3 -3 0 2 16 
8 -4 2 18 2 -2 -1 0 
-9 -15 -20 -3 -5 -3 -6 -18 
1 -6 -2 -31 -4 3 0 -14 
1 12 14 20 -2 -2 -2 -1 
4 -1 -9 -1 1 0 -2 8 
12 -1 -14 3 -1 -3 2 4 
-8 -10 2 -8 -2 1 1 0 
1 -19 -7 10 8 2 -2 -2 
3 2 7 -8 -2 0 -1 6 
7 23 10 3 2 -1 -1 1 
-6 16 11 -2 -2 0 2 -2 
-5 -22 -14 6 -7 -5 -3 -5 
12 9 -3 -1 1 1 1 23 
-17 1 -4 -3 2 2 -5 -34 
2 0 16 1 1 -1 -5 3 
-6 -3 -44 -2 -6 -3 -2 0 
1 7 33 17 -2 -3 3 14 
-1 -7 -7 2 -1 1 -1 -26 
4 -2 -2 0 1 -4 2 39 
11 7 11 -1 0 2 1 -9 
-35 -15 -24 -17 -2 -3 -2 -12 
1 1 7 -6 1 3 2 23 
19 14 25 13 -4 -5 -10 -13 
2 -30 -32 2 3 0 0 3 
1 19 -3 -12 -7 -5 -2 -10 
-13 -14 -3 1 0 -1 -4 -12 
4 17 5 -5 2 2 0 9 
-3 14 7 -2 -11 -4 1 0 
7 -7 -3 7 5 1 -3 -17 
10 -1 -9 -14 -2 1 6 20 
-4 0 -7 0 2 2 -5 -14 
-4 10 16 -6 -5 -7 -4 15 
-6 10 3 15 3 3 6 -5 
9 14 6 -7 -6 -6 -8 -11 
-7 -11 7 12 -1 1 0 -8 
3 1 -3 4 6 2 -1 5 
-1 11 4 -7 -1 0 0 6 
-3 -7 -5 2 -4 -7 -7 -5 
-15 -22 -31 -19 -6 -2 -3 -2 
-1 14 10 -10 2 -2 2 -3 
13 -16 -21 -14 -5 -3 0 34 
-8 -12 -6 -2 -2 -2 -5 -22 
-13 4 13 -1 -4 -3 -2 -20 
6 2 1 10 1 0 0 -1 
-3 0 7 4 2 1 -2 -3 
3 12 7 21 5 2 1 7 
-14 -14 -12 -21 -3 -1 -1 -9 
4 -6 3 14 -1 -2 -1 4 
14 8 -15 -29 -4 -2 -1 13 
-12 -20 0 5 -1 -1 0 1 
-8 6 5 10 4 1 2 -18 
-12 4 17 -22 -6 -6 -5 -5 
15 -7 -24 7 1 0 -2 -9 
-12 -19 -9 1 0 -1 4 -6 
-8 -4 -17 -8 -1 -3 -3 -12 
-3 10 10 9 2 2 2 27 
-3 7 9 -3 -6 -3 -1 15 
11 22 45 8 5 2 1 -12 
-8 -15 -57 -4 -5 -4 -2 16 
0 10 21 6 -1 2 3 -32 
-9 8 26 -7 -3 -3 -5 -8 
17 5 4 1 -3 0 -2 6 
12 8 0 -8 -2 -1 4 21 
-11 -1 0 2 0 1 -3 -15 
2 -15 -3 8 -2 -2 1 -3 
-11 -3 4 -3 0 -4 -4 -7 
24 16 30 1 1 0 1 20 
12 2 -42 -12 -1 2 -1 -6 
-9 -14 10 3 0 0 -1 -16 
-2 4 -7 -2 -2 1 3 8 
-5 -7 -5 -3 -1 -4 -4 2 
9 8 11 -12 -4 0 4 7 
-15 0 12 27 6 2 0 -26 
5 -13 -15 -11 -7 -7 -5 36 
3 -3 -15 -14 -1 1 0 -16 
-12 -4 -4 7 -1 1 -1 11 
13 -12 -19 -16 -4 -5 -6 -27 
-6 -2 2 4 2 1 5 30 
21 -8 15 11 -2 -4 -4 -10 
-15 -9 -14 -7 -3 -2 -3 -17 
4 -1 32 -5 -1 0 1 38 
-3 3 -25 -1 2 -3 -9 -41 
-15 15 -1 -15 -4 -1 -1 -1 
0 -18 -15 16 1 -3 4 -3 
11 5 32 -4 -4 0 1 8 
-7 -8 -9 3 -2 -1 -12 -22 
6 5 1 -8 -3 -1 2 26 
5 -5 1 5 1 -1 -1 19 
-23 -7 -16 5 -3 -4 -4 -20 
9 8 6 6 6 5 7 -4 
-11 -13 1 -3 1 4 -2 -7 
-6 -15 2 -9 -2 -4 -4 -14 
-6 4 -5 2 -2 0 5 33 
-3 -6 -19 -10 -8 -10 -11 -27 
-8 -6 10 10 1 -3 -6 7 
4 -3 -7 -2 -1 0 -1 -15 
-5 -9 -18 2 5 2 -1 4 
