#EMG
#6
#ID:6-14
-3 -2 7 -16 -1 1 3 6 
0 3 11 2 0 1 10 14 
6 -3 -2 3 0 3 1 -12 
-10 -8 -7 -5 1 -2 -9 -2 
-6 -8 -20 -3 -1 -2 -3 1 
8 8 26 10 4 5 9 18 
5 1 -16 -9 -2 0 -7 -33 
-8 -8 -6 -8 -4 -10 -8 31 
-7 -2 2 1 -3 0 4 -11 
0 8 6 2 0 0 5 -7 
3 4 8 5 1 1 -5 9 
8 -7 7 3 -5 -2 -2 1 
-9 13 -4 -8 3 5 15 -1 
11 -12 -35 -8 -3 -6 -10 -4 
-5 0 21 10 1 -5 -26 -5 
-6 -2 0 3 -4 5 33 -15 
-9 3 2 1 -1 -2 -6 11 
6 9 -13 -7 -1 2 1 -13 
1 -3 18 5 4 2 1 36 
8 -8 -29 -9 0 -3 -14 -13 
2 -2 5 4 -1 -2 -6 4 
-8 -9 2 -1 -2 -4 -5 -3 
-12 -9 -5 -3 -2 -2 9 1 
-4 3 15 8 2 3 -1 -7 
5 -2 -8 -2 -1 3 -6 -4 
3 25 29 6 1 -6 3 16 
-18 -14 -25 -8 -6 -4 0 -22 
-12 6 16 -2 -2 -3 -3 -20 
-2 -14 -42 -11 -4 -1 -6 2 
-8 -4 26 6 1 0 -5 2 
10 -2 -2 -1 -1 0 6 26 
-3 -10 -6 0 2 1 -4 -4 
6 18 -2 -5 -2 -6 -22 -3 
-13 -5 4 3 -3 2 30 -25 
20 4 -5 3 -1 0 0 25 
3 -3 -12 -17 -4 0 -10 -10 
-4 -3 15 5 -2 -7 -1 10 
1 -6 -28 -9 1 0 -11 -17 
-6 -2 -4 0 -2 -2 -4 -20 
13 -25 1 -2 -1 -2 -9 17 
1 0 10 -1 3 2 18 17 
-27 -4 7 9 -8 -8 -18 -24 
-1 -3 13 -4 1 2 3 -2 
10 3 -6 -2 0 -1 -1 14 
-6 -11 -2 -3 1 0 3 -19 
8 -2 -19 -5 2 0 -28 26 
-8 -11 2 -6 -6 -5 27 -14 
0 10 5 7 0 0 0 3 
8 7 12 -4 -3 -6 -5 -9 
2 10 5 -1 -2 1 2 4 
-1 1 -14 -1 0 1 -14 6 
1 4 0 -3 1 -2 -1 -15 
-12 -12 -4 7 0 0 -13 -19 
-8 -1 -11 -16 -4 -3 -5 22 
-9 6 2 11 3 0 18 -14 
-15 -1 8 2 0 -1 -9 -26 
0 -5 -4 8 1 4 -17 7 
19 24 3 -7 -2 0 55 6 
15 -1 14 1 2 0 3 28 
-6 11 -27 -3 0 -2 -4 -3 
-10 4 7 20 1 -3 -21 -12 
-5 -18 -26 -23 -1 5 -4 -5 
-15 2 2 -4 0 -3 -13 -33 
9 6 19 13 -3 0 8 26 
5 -3 -6 -23 -2 -3 -3 12 
4 3 8 16 -2 -2 -4 -18 
-8 -1 5 -6 1 1 1 27 
18 -4 -17 -9 -6 -6 -18 -22 
2 7 28 15 -2 -3 -2 -21 
7 9 -1 0 3 10 29 6 
7 12 41 5 0 -1 3 7 
7 11 -38 -19 0 -5 -35 -20 
-17 -47 -10 4 -4 3 67 38 
-4 -12 4 5 -2 -8 -32 -16 
7 2 -37 -28 -5 6 -2 16 
-3 3 12 -5 0 6 33 -10 
-4 12 3 -8 0 -16 -26 -34 
3 3 6 22 0 -1 -12 17 
13 -9 2 15 -2 -13 -34 -39 
-10 -24 -30 -22 -5 3 40 51 
7 -11 -38 -15 -3 0 -1 12 
-52 -30 -14 -19 -4 -7 -19 -31 
14 3 16 3 -2 3 8 11 
6 39 16 9 0 -6 -9 -9 
-4 39 26 11 2 6 2 1 
9 -6 -20 -6 -2 -4 -13 2 
-5 -9 -5 -15 -2 2 2 7 
-22 11 19 5 -2 -3 -23 -18 
6 -18 -41 -8 -3 -1 22 20 
3 2 16 3 2 -1 -10 -17 
-17 -17 5 5 0 -11 -14 9 
12 -3 22 9 -2 -7 -46 21 
0 -7 5 -4 2 11 73 -22 
23 1 -24 -21 -2 2 3 14 
-21 -8 9 17 1 6 -3 -24 
6 -30 9 8 -7 -20 -27 17 
11 21 18 -1 -1 -1 -12 -4 
-25 1 44 6 1 0 6 3 
6 -4 -74 -12 -7 -2 11 -17 
-15 -2 12 3 6 7 -10 -18 
11 3 40 3 0 0 -17 5 
9 28 -25 -17 -5 -10 -5 -15 
-21 -21 -10 9 -1 -7 -8 -23 
-1 -43 -19 -8 -7 2 47 38 
22 18 23 9 -1 -2 -20 11 
-4 -8 -12 -15 2 5 -9 -2 
-5 7 10 13 -6 -3 -16 -9 
-2 6 13 -6 -2 -2 10 3 
-8 -50 -31 -5 -7 -8 -10 -22 
8 23 22 10 2 -5 -36 2 
13 14 -13 -5 0 10 42 6 
-33 -5 12 7 4 8 26 -6 
12 -10 -6 -1 -6 -8 -6 8 
-42 -9 -25 -3 1 5 1 0 
9 3 -9 -10 -1 -11 -34 -2 
22 17 50 4 -1 2 47 15 
-17 2 -13 -11 1 -8 -50 -30 
12 -9 3 16 -2 0 43 17 
2 -12 -10 -6 -1 10 54 37 
2 2 -23 -7 5 6 1 -9 
-14 -7 -1 -6 -9 -9 -11 -13 
-5 -14 -22 6 4 -2 -34 -17 
13 19 32 7 5 14 21 38 
1 4 -29 2 -5 -11 4 -35 
-23 7 -10 -7 -1 -4 -30 1 
12 -17 21 3 2 13 45 1 
0 22 9 -5 -1 -21 -32 -22 
4 6 -12 4 0 -1 -19 23 
-8 10 7 1 -3 -4 9 1 
-42 -22 6 -1 2 -3 -10 -28 
8 29 -8 -16 -7 -2 -3 7 
-14 -5 -8 9 0 9 2 -14 
-4 12 -14 3 1 -1 17 5 
30 22 12 -6 -7 -14 -40 9 
-6 -13 -13 7 4 7 30 -12 
12 3 10 2 -2 0 20 17 
-17 4 22 -5 4 10 -22 -10 
41 -22 -16 -13 -10 -10 9 7 
-16 -6 24 8 2 -2 -1 -19 
-14 -4 -18 -20 -4 -11 -88 7 
12 -14 -32 6 1 1 28 -37 
4 12 57 33 2 9 72 22 
1 -17 -13 -18 -10 -11 -48 -9 
-27 6 -12 10 2 3 16 -1 
10 3 -24 -20 1 5 -25 -1 
12 24 52 6 3 -1 -2 4 
-7 -26 -30 -9 -6 -10 -27 -27 
-3 -8 -33 -13 -3 0 6 3 
8 0 15 -3 -2 -4 -21 16 
6 -31 -32 -1 -7 -2 8 0 
-38 -39 29 13 8 5 12 3 
20 20 4 -11 1 -3 -15 -11 
-8 30 24 28 6 8 -9 13 
7 2 -16 -8 -3 -4 10 5 
7 -24 -19 -14 -5 -6 -10 11 
-15 -7 22 2 -1 -1 -21 -8 
-24 -21 4 -3 -7 -2 7 -23 
-9 -13 -39 -17 -3 -1 3 2 
-3 68 32 16 6 1 -10 -5 
16 3 -25 -23 -6 -12 6 17 
9 -14 -12 0 -6 -4 28 8 
-28 16 8 2 4 3 -30 -20 
1 -9 -8 -3 -2 0 -5 -5 
-11 -3 4 8 -2 -3 -11 -4 
1 15 57 10 6 4 19 8 
-2 -6 -75 -14 -5 -1 -15 -7 
3 -35 -8 -15 -4 -8 -18 5 
-6 -73 9 12 -1 7 49 -3 
20 1 -4 0 1 5 28 11 
-17 -21 -14 -1 -5 -8 -35 0 
8 27 15 -3 -5 -6 -35 -9 
6 -8 -16 -14 6 13 73 6 
-19 -16 2 -3 -4 -6 -17 1 
8 -7 33 5 -3 -7 -10 -4 
10 -3 -58 -20 0 6 16 9 
-3 6 12 13 -3 4 -12 -12 
17 3 -12 0 0 -9 1 15 
25 22 -7 -24 4 -1 -1 -10 
-67 -23 2 4 -10 -9 -4 -8 
16 37 52 17 7 -1 -34 -9 
-12 41 -63 -24 -7 4 21 2 
-9 -66 44 21 -2 -7 -41 -2 
16 0 1 -4 5 8 23 4 
38 38 19 19 6 2 8 26 
-18 -38 -31 -30 -9 -5 -27 -17 
8 -12 -34 -3 -5 -3 45 19 
6 -5 36 20 -2 -1 -6 -13 
-11 0 8 -12 10 -4 -30 -7 
8 -54 -7 21 6 8 25 7 
1 35 -42 -14 -4 -1 2 20 
7 11 17 -3 0 -2 -3 -38 
2 8 -8 -29 -9 1 19 30 
12 21 22 18 4 -2 -36 -11 
-15 2 1 -26 -4 -6 -32 -10 
13 5 -21 18 -5 1 46 8 
-17 3 -14 14 16 2 -17 -26 
-15 -45 -51 -16 -10 -2 14 6 
7 67 3 19 -4 0 13 1 
5 23 21 3 0 -6 -36 4 
-8 -8 -26 -22 -7 -1 35 -15 
-9 -32 1 -13 -8 -11 -14 5 
8 51 38 2 1 5 10 4 
-1 25 5 1 -6 -7 -16 4 
-18 -22 -1 12 -4 2 -4 -13 
12 24 23 -2 7 2 7 1 
-2 -25 -16 -3 -2 -2 -2 11 
3 -38 1 -12 4 0 3 -14 
2 18 16 1 -6 -5 -16 -5 
-10 -79 11 -13 -8 -5 -11 15 
3 -8 23 18 16 14 17 -7 
7 31 18 -6 -5 -3 1 16 
-10 3 -14 -4 -2 -2 -21 -20 
25 86 38 27 0 5 2 22 
-5 -35 13 7 2 -3 -4 1 
-28 -18 -61 -8 8 10 19 -29 
-9 -24 37 -42 -6 -15 -28 -17 
13 60 22 41 5 3 4 -1 
-2 8 11 -8 -2 -8 -21 15 
4 6 -25 8 4 4 -5 -18 
4 -32 -10 13 -9 -2 17 14 
-4 -52 -29 -8 -2 -3 1 1 
-8 11 16 -20 -4 -1 -16 -16 
16 -12 28 -14 -12 -7 26 21 
-15 -2 -40 21 4 3 2 2 
-14 -28 22 -1 0 -6 -36 -37 
-10 -43 -59 -3 -6 -1 21 -3 
12 24 24 -9 -1 1 -5 26 
3 -11 -42 -11 2 -1 3 5 
-4 -19 22 4 -8 -9 -17 3 
-4 24 -5 0 3 8 24 -16 
5 20 -12 3 1 -4 -14 -4 
-2 7 48 -10 -9 1 0 -15 
-13 -52 -71 6 -4 -1 14 32 
3 27 41 -15 11 5 -6 -33 
5 5 -33 -1 -5 -11 -3 40 
9 19 -13 31 3 2 0 -2 
1 48 0 -33 -5 2 11 -5 
-12 -38 -23 28 -9 -15 -8 0 
5 12 41 7 10 14 18 -4 
0 -6 -9 -4 -7 -11 -36 -21 
5 16 17 -14 7 6 4 13 
2 -25 -76 -2 -9 -7 4 -11 
-2 3 23 -7 -3 -2 3 14 
6 34 -22 4 -4 -2 -1 -17 
2 -3 -3 -7 3 1 -3 16 
33 -49 87 27 0 -1 2 14 
-53 -115 -78 -21 7 -1 -21 -9 
3 23 55 -9 -4 2 13 -22 
4 31 -29 16 2 -3 -1 -18 
1 9 -11 2 3 6 1 7 
6 -21 8 7 -10 -11 -36 2 
-3 -24 -18 -33 -7 0 36 9 
0 7 -6 23 0 0 26 10 
-13 9 18 -10 -5 -7 -5 14 
-3 16 -15 24 4 6 20 -29 
-23 -11 24 -11 4 2 -39 3 
51 1 -42 9 -3 -8 -25 31 
-38 36 37 10 -5 0 19 -32 
20 47 -23 -49 -9 -11 -33 20 
-5 10 18 -8 0 0 23 18 
-35 -16 34 21 -7 -1 6 -40 
16 14 -40 -23 3 11 -2 17 
4 14 -4 12 -1 1 4 -11 
-5 -37 -1 18 0 -12 -23 -16 
7 -36 -18 -24 -8 -1 13 19 
-26 -11 -4 -3 -5 -7 -15 -54 
-1 -17 -9 -7 -3 3 17 31 
19 6 -24 -3 3 3 -28 -7 
3 32 27 -11 3 1 18 10 
-6 -29 -56 12 -5 -9 -18 4 
0 90 49 -26 -1 9 14 -10 
2 -4 -19 -17 -5 3 -3 11 
-20 21 65 19 5 -20 -44 -45 
-3 -16 -2 10 -3 5 67 9 
8 -61 -19 -22 0 -6 -23 -4 
4 -5 -15 7 0 1 4 6 
-17 33 -50 -5 -3 14 7 -30 
30 10 50 -6 -3 -13 -18 35 
-8 -22 14 -22 -2 -7 -7 38 
-20 -66 -24 -9 -11 -5 27 -22 
16 18 -36 1 2 3 12 22 
-6 11 41 18 0 -2 -44 -23 
-21 -73 4 23 3 14 41 -30 
6 33 39 25 0 -3 -6 6 
25 26 4 -19 2 -1 -26 35 
-10 -4 0 -13 -3 2 -9 -38 
21 -23 -16 19 6 3 35 14 
-35 -3 12 17 5 0 -9 13 
-49 -31 -21 -17 -3 0 3 -76 
10 29 -8 0 5 -9 -64 62 
24 17 37 -4 -15 -9 28 5 
18 9 11 31 5 7 68 12 
1 75 30 -15 0 2 -37 -22 
-18 -34 -56 -13 -4 -5 24 -25 
-21 -10 20 -14 -4 -3 -51 -33 
7 14 -42 -5 -8 -3 25 36 
-4 -49 25 -19 -2 -12 -18 -12 
-8 17 -7 -25 5 4 -45 29 
30 77 -15 44 4 14 87 -25 
-35 -34 -28 -11 -8 -13 -44 -30 
-13 2 41 8 3 8 -17 11 
5 -16 -20 2 -6 -9 3 8 
-11 9 11 -8 5 -5 -66 -33 
55 16 11 -6 2 1 29 54 
-5 -20 9 18 -4 10 52 11 
-27 -10 -9 -22 -5 -12 -29 -49 
-46 -39 38 12 4 -1 -6 9 
3 -10 -34 17 -12 -3 -45 -24 
1 31 65 1 -3 2 45 38 
31 -8 -16 0 3 7 1 26 
-11 -44 -17 -15 0 3 30 0 
-15 -1 30 21 2 -13 -57 -21 
26 -33 -63 -25 -7 -11 -41 14 
-8 41 46 6 1 14 37 -35 
23 24 -36 -3 1 0 -13 27 
17 48 33 1 2 -8 4 -4 
3 -26 -28 3 -12 -12 -19 8 
-7 -38 36 25 6 5 16 -18 
-35 -40 -78 -30 -12 -15 -84 -51 
20 4 17 -19 0 16 82 59 
29 -2 7 8 9 6 -2 -15 
-42 8 -33 -23 -4 -1 17 -6 
3 8 36 41 -3 -14 -57 -1 
-10 -18 -18 -30 0 7 -12 -17 
-13 -38 -22 3 -3 -6 74 -5 
41 -5 -6 9 4 10 -1 48 
-22 4 -15 -36 3 -3 -87 -66 
-11 7 12 22 -3 -10 71 6 
-2 32 31 -12 -1 12 12 38 
1 -4 13 15 -4 -13 0 -26 
20 3 -5 5 -2 1 0 32 
-66 -79 -6 22 6 5 -59 -20 
-6 -11 -54 -42 -5 -18 -61 -36 
17 27 41 15 2 14 64 34 
16 -3 -85 -15 -9 -8 15 -13 
-3 -54 37 3 0 -5 -74 -14 
11 12 14 3 4 9 31 24 
-8 -28 -27 -14 -12 -4 22 -23 
-1 16 43 27 4 -9 10 31 
4 23 -4 4 1 4 -3 -10 
-2 5 -24 -24 1 0 -43 -38 
-1 8 -30 -14 -3 6 -11 -1 
12 13 18 28 -4 -1 64 30 
24 -14 -24 -23 -2 8 2 -5 
-24 -23 -9 6 -7 -20 -9 -11 
24 -7 23 -15 8 -1 -60 -16 
-12 -14 -11 -12 -9 6 67 21 
15 82 0 -11 -12 -19 -54 -10 
-14 -16 -17 -8 5 10 9 6 
-11 -62 -9 0 -4 -15 -8 -11 
7 -6 39 22 8 15 -2 -16 
10 6 -42 -27 -9 -6 -41 -1 
7 -20 20 5 -7 -9 42 7 
-11 31 -56 -20 -8 -5 -11 14 
-1 0 57 21 8 10 45 19 
13 -14 -51 -24 -5 8 11 -40 
0 13 0 15 6 -7 -42 31 
5 -16 36 18 -4 -14 1 2 
-35 8 -10 2 -3 -5 -30 0 
3 28 -7 -32 1 3 -7 17 
16 0 1 -4 1 5 10 -29 
10 -14 2 8 -3 -3 5 7 
17 48 82 35 -2 -3 -11 -8 
-20 -30 -62 -15 -2 -4 5 8 
-26 -27 15 6 3 4 -31 -33 
9 0 -17 -2 6 11 30 24 
-5 -15 15 -13 -3 -9 -17 6 
-6 -12 -2 11 3 12 53 6 
-14 8 -15 -20 -10 -11 16 -3 
-21 31 20 25 -2 -8 -12 -24 
3 -41 -61 -31 -10 -10 -41 -36 
19 26 63 2 0 0 49 44 
-14 -5 1 20 2 6 -16 0 
-4 -2 -80 -32 2 -3 -6 5 
-15 14 74 11 -5 -1 -9 -7 
-6 -2 -16 11 4 -13 -31 -26 
15 50 4 6 -4 -1 6 13 
6 22 32 -5 -4 1 -19 7 
6 -18 -90 -11 4 8 18 7 
-21 3 -3 2 0 -9 -40 -39 
19 28 46 17 7 11 38 50 
-9 -7 -19 0 -1 7 28 -19 
3 27 3 -13 -4 -8 -16 4 
-1 -16 34 1 -3 -4 -8 11 
5 -10 -18 9 8 7 -9 -8 
2 7 12 0 -6 0 -11 11 
18 -1 1 3 4 -2 26 21 
-10 18 -25 -11 -17 -13 -7 -32 
-5 -23 6 -11 -2 2 -4 -11 
-2 -1 2 -17 -3 -3 2 5 
5 7 9 24 0 3 5 -5 
3 1 23 3 20 12 18 9 
6 -34 -6 -2 -11 -10 -17 10 
-6 -46 15 -4 -7 -8 -9 -22 
2 9 -4 -17 3 10 12 10 
0 -8 9 8 -1 3 0 -15 
-8 -7 -22 -5 -4 -1 0 -5 
6 10 52 23 6 7 8 26 
1 -37 -70 -26 -12 -13 -11 -8 
-12 5 15 -3 -11 -16 -37 -18 
-5 8 3 -19 0 1 3 -16 
23 3 -22 9 0 -2 -9 8 
-19 11 42 0 -1 2 13 -8 
9 9 10 8 2 8 31 27 
-13 -7 -23 5 -2 -11 -30 -30 
-3 2 7 7 2 0 6 1 
1 -13 -10 -7 2 4 -1 13 
0 -24 -24 -11 -6 -1 17 0 
4 15 19 12 2 2 17 9 
-15 -4 -19 -15 -3 -4 -27 -9 
5 -5 -6 -2 1 -2 -9 -19 
-5 2 20 9 1 0 3 9 
3 1 -3 3 -3 1 10 9 
-7 1 -12 -4 -4 -6 -4 5 
-2 -10 -8 -1 1 -2 1 10 
-23 3 8 10 4 4 -2 -23 
24 0 1 0 -2 -2 2 19 
-18 -15 -20 -10 -4 -2 -1 -26 
1 3 8 3 -1 0 6 12 
11 3 3 0 4 2 7 14 
-21 -9 -3 1 -3 -7 -23 -27 
-3 16 10 4 -1 1 0 -4 
6 -4 1 -8 -1 -2 3 4 
-9 -16 -15 -6 -3 -1 1 -1 
-1 0 -1 3 0 1 2 -7 
2 9 2 -8 -1 -1 2 6 
-2 7 -2 -3 -2 0 -2 -9 
9 1 -7 2 -2 -3 1 10 
-5 -10 -11 -5 -4 -4 -1 -3 
4 8 12 1 1 2 5 -1 
-5 -6 -3 -2 -2 -4 -2 8 
1 -5 -2 0 -3 -3 -2 -13 
3 11 18 10 9 3 5 3 
-10 -7 -17 -3 -2 0 3 0 
-6 -23 -15 -3 -2 -2 -11 -25 
17 7 11 -11 -4 -5 -3 47 
-15 -3 5 11 2 0 -6 -26 
-13 -2 1 7 3 7 9 -32 
1 -6 -11 -11 -4 -2 8 37 
-6 -7 -8 -3 0 -2 -15 -51 
14 8 -4 3 -2 0 1 38 
15 -1 -3 -6 -2 -2 -6 -21 
-10 13 4 8 -2 -3 0 11 
-7 14 6 2 1 3 10 9 
-4 -1 4 -3 -3 -1 -1 -7 
-2 -2 -8 -8 -2 -2 -15 -1 
3 -1 -1 15 0 1 18 7 
2 -17 -10 -25 -5 -3 0 -5 
-7 0 -4 -1 -1 -1 -5 -20 
4 -2 6 20 3 1 -8 23 
-8 -7 -1 -10 3 0 -6 -21 
0 -6 3 9 4 -1 0 9 
4 12 -2 -21 -8 -4 0 5 
-9 -9 -3 -19 -2 -2 7 11 
12 3 -2 0 -1 -4 -14 -21 
-15 -12 1 14 0 1 5 1 
-4 -13 -16 -10 -1 -2 -10 -19 
3 4 -3 5 -3 -2 7 18 
-2 13 14 -7 -4 -3 -9 -12 
7 13 0 11 1 0 -1 3 
-5 -9 1 -3 -1 1 3 4 
-8 -7 -8 4 -3 -1 2 -3 
4 -22 -22 -10 0 -1 -6 -6 
-1 22 17 5 -1 -1 -2 13 
-5 -1 -1 -3 -2 -3 2 -7 
5 7 3 13 2 -3 1 19 
0 -10 -5 -5 -1 -3 -3 -24 
3 -8 -2 -14 -4 -3 -3 0 
-2 8 -1 0 -1 -1 2 3 
7 13 -1 -7 -1 1 1 -2 
-2 -1 2 6 0 -2 -2 7 
-2 4 14 7 1 0 0 2 
-1 -12 -29 -4 -5 -1 -3 -2 
-3 -3 -2 -4 -2 -1 -2 -8 
-11 0 0 -1 0 -4 -3 0 
31 6 3 8 2 -1 3 29 
-30 -7 11 2 1 1 3 -10 
-4 -9 0 -7 -4 -2 -3 -18 
-8 4 -11 -4 -2 2 0 8 
-5 -13 -7 -4 -4 -6 -10 -30 
14 7 5 3 3 -1 3 14 
-9 -7 1 -2 -3 0 2 -1 
11 2 10 2 0 0 1 -20 
-7 9 -16 -2 1 5 6 41 
9 18 22 11 -3 -4 -2 -17 
1 -16 -17 -21 -1 -4 -4 -14 
6 4 9 4 0 0 2 15 
-3 -12 -11 -2 -1 -3 -2 -16 
-2 1 5 4 -1 0 2 -2 
3 11 6 3 -3 -3 -4 10 
1 0 5 8 3 1 3 10 
-15 -25 -34 -15 -5 -3 -9 -25 
11 7 -7 5 -2 0 -1 6 
3 5 1 0 -1 0 7 15 
-19 -6 -4 -7 -3 -5 -12 -20 
6 5 15 11 2 -2 -3 -2 
4 -3 -2 -6 -2 -1 -1 -4 
-1 -14 -3 -1 2 0 1 16 
3 9 6 16 3 6 5 -5 
-3 -10 8 -7 -3 2 5 14 
-8 -10 -27 -4 0 2 0 -8 
9 0 1 -6 -1 -6 -6 -2 
-4 -12 1 -9 -8 -6 -6 1 
-5 5 4 0 -4 -3 -2 -5 
4 2 9 -3 3 0 1 4 
-7 -4 -5 3 0 1 1 1 
1 -4 -6 -1 0 -1 1 1 
1 7 4 -1 -1 -1 -2 -17 
0 5 0 3 1 0 2 13 
-4 -18 -5 -2 -1 0 0 -9 
-4 9 10 -6 -5 -7 -7 3 
4 1 -7 -4 -1 -2 -1 -1 
-18 -7 -22 -14 -4 -3 1 11 
-8 2 -5 4 3 1 -6 -40 
5 -3 2 -2 -4 -1 6 19 
12 -16 -1 -3 -1 -5 -5 13 
7 9 13 9 3 1 -3 8 
7 -12 -4 -11 -4 -2 5 1 
-3 6 -5 7 3 3 7 -5 
-11 2 1 2 1 -1 0 -20 
8 -2 -4 -1 -2 -2 -7 22 
-8 6 9 4 -2 -6 -11 -20 
11 -7 -20 -9 -5 -3 -8 7 
2 12 10 4 2 3 7 14 
1 -17 -8 -3 -2 -1 1 -16 
-9 2 4 1 -4 -2 -2 -2 
8 16 0 -20 -1 -1 -2 -11 
-19 -3 -6 2 3 1 -1 3 
-1 -1 -6 2 -3 0 5 -17 
5 0 15 0 2 3 4 42 
0 -5 -14 -2 -1 -3 -7 -11 
4 -7 1 -15 -9 -6 -11 -22 
-20 -17 1 2 3 -4 -9 -3 
6 -10 -5 2 -3 -6 1 2 
-14 15 24 19 10 10 10 10 
4 -12 -10 0 -2 -2 -10 -3 
-17 0 -4 -9 -4 -1 13 -29 
7 -2 -2 -1 -3 2 18 26 
-4 -14 -12 -9 -7 -4 -6 -12 
1 -22 -16 -3 -1 -1 -1 -2 
10 26 23 10 4 2 -9 -7 
-4 9 -2 -13 -3 -5 -1 2 
-2 -5 -5 1 -1 -3 -5 -3 
-12 -9 -20 -3 -3 -2 -6 -11 
3 -11 -15 -1 -1 0 0 -1 
-4 9 4 -10 -2 0 -9 -3 
5 5 9 7 3 -2 8 12 
0 5 3 3 0 1 12 11 
-9 -21 4 -10 -4 -3 -18 -23 
21 5 -17 7 -1 -2 4 30 
-11 -14 -4 -2 -1 -3 -13 -17 
-9 6 3 0 -3 0 10 9 
-1 2 8 -2 -3 -3 7 2 
-4 6 8 1 0 2 -6 -14 
12 13 -3 12 3 2 3 3 
8 6 -10 -35 -5 0 4 -5 
-19 2 19 7 -2 -6 -8 9 
8 -3 -7 1 -4 -3 2 -16 
-19 -8 -4 -6 -2 1 3 0 
11 19 1 4 4 0 -3 2 
-6 -3 2 -4 1 2 3 -7 
-7 -20 -25 3 0 -3 -5 -3 
13 -5 18 -7 -3 1 3 6 
-3 42 3 7 1 -1 -6 -9 
5 10 -4 -8 -4 -2 -6 4 
-15 -8 -6 10 -1 -4 -13 -18 
18 -15 -10 -1 -2 -1 1 -4 
-3 -2 7 6 -1 -6 -10 -5 
6 -8 -10 -3 -2 2 -1 15 
-7 14 4 -6 -3 3 7 -6 
1 -2 4 4 3 -1 -2 1 
1 -9 14 4 1 0 4 4 
3 12 -9 -7 -3 -2 -4 -4 
-19 -10 4 -6 -4 -3 -1 -5 
-12 -19 -17 1 1 2 1 6 
2 2 15 -1 -2 -2 -6 -21 
7 -5 -11 -3 -3 -3 1 22 
3 -54 11 7 -3 -4 -7 -3 
-13 31 -8 -30 -2 -1 -4 -9 
-3 -19 4 9 0 1 7 6 
11 -10 -7 1 1 -2 0 1 
-6 11 12 -2 1 -1 0 -24 
2 -1 4 7 -2 -3 2 29 
-2 -20 -11 -3 -2 -2 -3 5 
2 -5 -4 -8 -2 -3 -21 -20 
-13 25 5 -2 -1 1 26 5 
-1 -11 -8 -4 -5 -4 6 -16 
-1 15 6 5 2 0 3 24 
12 -12 -1 8 -1 0 1 3 
-6 8 -12 1 -1 -7 -28 -37 
5 11 -5 -14 -7 -2 -5 18 
-24 -20 -15 -15 -4 -1 5 -32 
10 -3 8 -1 -3 -4 5 30 
-1 12 -26 -8 -1 -1 -2 26 
-6 -33 6 7 1 0 -1 -7 
4 7 2 5 -1 -1 -8 -10 
-4 9 12 -2 -3 2 7 6 
14 16 13 -1 0 0 -1 -1 
-18 -10 2 2 -2 -4 -5 -19 
15 7 -21 -5 -4 -3 0 10 
