#EMG
#9
#ID:9-19
-21 -6 -28 -8 -2 7 -4 -7 
6 3 -19 -9 -6 -11 -16 1 
5 5 -7 -1 -1 3 25 5 
2 -4 13 0 -3 -6 -9 4 
3 -9 4 -2 -4 0 -11 -22 
4 3 13 4 -3 -2 7 20 
-1 -4 -48 -12 1 -2 9 -3 
3 -14 -9 -5 -5 -3 -22 5 
-13 10 18 3 2 0 10 -7 
-8 -21 12 8 0 1 -4 -20 
9 4 8 -3 -4 -6 -12 7 
5 -14 4 -10 -1 -5 3 9 
3 -12 -29 -6 -2 -6 0 19 
-11 -6 -15 -6 -3 1 10 -23 
-9 0 10 0 -3 -4 0 -9 
-9 -2 -15 6 3 5 -10 -15 
16 -11 16 0 -5 -4 8 14 
-11 7 -11 0 1 -5 -26 2 
4 -6 -8 -17 -1 11 32 -6 
5 4 4 10 -2 -2 16 3 
-2 10 3 -9 -5 -8 -27 -17 
4 -1 -11 11 1 3 23 11 
7 10 13 -5 0 -8 -9 -8 
-12 -3 -9 0 -3 -1 -6 1 
2 -2 -3 -3 5 2 11 2 
-3 1 -4 -11 -5 -1 -15 -6 
3 10 20 22 5 0 -17 0 
1 -28 11 -2 -6 -4 16 10 
-3 60 -12 3 4 3 -1 -3 
2 -7 4 -1 -3 -2 -6 1 
8 -7 -17 -8 -2 -3 1 5 
-1 16 11 -2 -2 0 -10 -15 
4 -31 -24 -2 -4 -2 0 -1 
-1 -5 20 1 2 2 -12 12 
-5 15 -1 5 -2 3 41 -10 
17 1 0 2 -1 -10 -29 -2 
-11 -4 12 -6 -1 1 21 -1 
4 5 -7 -4 1 5 7 -4 
-13 -22 -32 -16 -7 -9 -29 -1 
10 13 5 4 2 6 22 10 
-5 -20 7 -3 -1 -2 -5 -2 
-1 -26 1 1 -1 -6 -12 0 
-8 18 17 19 3 7 2 -17 
-3 6 17 -1 -7 -8 2 9 
3 -17 -67 -20 1 -5 -18 17 
-4 -4 -2 2 -2 -2 5 -8 
-14 -10 13 -4 2 0 -6 -22 
-5 49 12 2 -1 3 -2 -7 
3 12 26 14 0 -5 -6 -5 
18 15 -17 -15 2 8 -18 8 
-1 -23 -24 -4 -6 -14 28 6 
-17 -2 0 -2 1 2 0 -2 
-23 -8 18 3 -4 -4 -3 -10 
14 20 -2 6 4 2 -1 -4 
8 6 22 2 1 1 -10 14 
7 10 4 -9 -4 -5 -25 -27 
-5 -32 -57 -15 -4 2 23 24 
3 14 8 11 -2 -8 0 -16 
-24 -36 -5 -14 -3 3 -19 16 
27 -4 0 9 4 -1 -19 -4 
-14 0 18 4 0 4 27 -2 
-13 27 -4 -3 -5 -13 -31 -12 
5 20 16 19 6 19 65 24 
-8 -6 -35 -23 -3 -5 -18 -7 
27 30 15 8 0 -4 -12 -6 
-18 -28 -18 -12 -4 0 37 16 
23 19 7 18 -2 -6 -30 -14 
-12 -15 -1 -8 -2 -7 -4 -5 
29 10 -11 -12 -1 -4 -49 17 
-4 -7 52 16 0 7 59 -7 
-18 -61 -49 -9 0 -4 -30 11 
4 78 48 17 1 11 50 16 
4 -12 -20 -16 1 -5 -28 -21 
-7 -50 3 8 -2 -4 -24 3 
16 25 -12 -14 1 6 -21 -2 
-2 -21 7 5 3 4 15 9 
-14 48 29 9 -1 -11 -7 -5 
-23 15 -19 -19 -8 -8 -12 -25 
-3 -3 -11 -2 -2 3 27 4 
3 -38 -10 -11 -4 -14 -64 -13 
10 -16 13 16 -3 15 68 21 
-5 2 -29 -8 -2 7 51 9 
-29 -39 1 -13 -9 -15 -11 -15 
10 5 4 18 8 5 3 9 
-9 10 40 10 5 6 -30 -15 
-25 -30 -10 -6 -6 -12 0 12 
25 29 -6 -23 -6 13 4 -6 
-19 -13 7 7 -1 -13 13 -7 
-7 -15 1 -3 -1 -9 -9 -10 
17 -9 -7 -6 -3 -9 -51 -7 
-20 3 22 17 4 20 46 -22 
-4 -13 -29 -13 0 -5 -2 25 
26 13 16 14 -6 -6 -14 8 
9 6 -23 -43 0 7 -10 -9 
14 15 9 -10 -1 -17 -44 4 
5 -25 -14 16 -6 6 36 -1 
-26 -33 -8 4 3 12 -65 -22 
16 26 23 7 3 -20 6 7 
18 5 4 15 2 -1 55 11 
1 -8 -38 -16 1 5 -14 2 
-27 -23 -9 -4 -10 -7 24 -20 
8 -8 4 10 6 10 -2 10 
0 0 -7 -6 -2 0 -37 -15 
3 32 37 15 -3 2 14 4 
-38 10 -29 -33 0 -16 -60 -30 
12 -4 19 32 -1 7 73 28 
-3 1 8 0 5 -10 -24 8 
-45 -9 12 -5 -4 18 -21 -26 
2 -15 -18 9 -2 -9 -32 -14 
11 -4 -1 -27 -4 -3 42 8 
-7 24 32 27 1 -10 -102 1 
-5 -26 -29 -28 -12 -4 108 -3 
19 -1 -15 -9 -3 0 -22 8 
-14 -1 13 22 8 1 -1 4 
23 90 -3 -14 -3 3 -6 2 
-12 19 0 3 8 -10 -62 -24 
13 -11 -18 -4 -3 23 56 6 
1 16 48 26 -3 -12 -6 24 
-6 -55 -39 -10 9 6 26 -15 
-3 -12 -17 -8 -8 9 29 17 
26 55 -20 -18 -1 -24 -25 -7 
-7 -1 -1 8 -3 7 -16 -5 
4 -5 -16 -11 -2 -2 -3 -19 
20 14 -12 18 9 -4 18 20 
-3 -42 33 -13 -10 5 31 9 
-12 -18 -42 -30 -2 10 -5 -21 
-18 -6 -38 8 -13 -11 32 16 
14 -47 4 -5 1 -17 -90 -5 
-3 39 30 9 -4 -2 31 11 
10 -1 -1 2 -1 1 28 -3 
-7 -26 19 -10 -5 -8 -33 -9 
7 -14 -9 -5 -7 -9 -44 -4 
-44 71 56 33 9 20 53 10 
-5 4 -33 -11 -2 -18 -92 -20 
-11 2 30 10 11 21 67 4 
24 9 -1 -24 -9 -4 -4 2 
-6 -35 -9 21 -2 3 19 4 
-4 15 14 -1 5 -1 -56 -13 
8 9 3 -14 -5 -7 -6 -3 
-21 -28 -2 19 1 1 10 -2 
20 -7 -6 -15 2 -11 -30 -4 
8 6 -28 -23 -4 7 10 14 
4 -30 26 10 -11 -17 19 1 
-16 -8 -37 -10 -5 2 -6 -5 
21 -31 -23 -1 3 9 39 10 
-16 -66 32 4 -10 -25 -43 -25 
-10 23 -31 -11 5 11 2 4 
11 -8 2 10 0 -10 0 -10 
-11 -86 -13 2 -5 -7 -46 6 
-3 31 18 -22 5 14 7 -6 
6 -18 8 11 -9 0 47 6 
6 9 13 -4 2 4 29 -5 
6 -25 -27 -6 -6 -27 -88 -17 
7 13 -21 -3 5 42 109 42 
-14 -23 -7 -12 -8 -13 -16 -15 
-1 13 -2 -3 -3 7 3 -8 
11 53 76 12 10 11 25 8 
-10 7 -45 12 1 -12 -40 -5 
2 7 -16 -34 -9 1 -39 0 
-9 15 -24 9 6 12 55 3 
3 9 6 3 -5 -14 -30 -3 
23 -5 6 21 -9 0 39 3 
3 -31 -13 -8 7 8 -30 -1 
-9 67 38 -6 1 -20 -50 -11 
13 -31 -2 -7 -14 -3 5 5 
-29 -6 -24 12 5 9 47 -8 
12 3 34 24 -2 -16 -67 0 
-3 -7 -24 -48 -8 -3 19 4 
-16 11 -3 24 7 9 36 15 
-3 -4 20 -7 -5 -7 -47 -45 
3 31 -27 19 7 -3 -10 16 
-2 -5 10 -11 -5 -2 -9 5 
3 5 -57 -35 3 3 12 -4 
-4 -10 42 6 2 -1 -2 -20 
23 -4 0 3 2 3 30 24 
-46 -19 7 31 -5 -3 -9 -25 
15 -69 -29 -12 10 5 21 30 
-37 26 15 -7 -2 -5 -10 -19 
7 -16 -15 -1 -1 -6 9 -2 
21 3 -11 12 6 11 -17 0 
-20 13 49 -13 -19 -1 41 -3 
3 3 -11 5 16 -9 -38 -6 
-1 -13 36 0 -6 -10 -12 -10 
4 -34 -88 -12 -8 -1 -28 5 
-7 3 -38 -8 -7 4 31 -20 
22 8 68 -8 -1 -7 0 39 
-14 -64 -14 0 -9 -2 -4 -16 
-16 -14 12 12 2 -20 -103 -5 
24 22 32 11 4 25 91 13 
-16 13 -50 -17 -14 -16 -56 -27 
11 -7 13 19 7 17 49 36 
18 25 78 -4 4 -9 -12 -4 
-14 -8 26 21 5 1 -16 -4 
-12 -35 -92 -21 -13 -11 -14 -8 
-18 50 50 -9 15 15 -5 -17 
4 -28 -28 19 -16 -4 56 11 
18 47 -7 -29 6 -2 -4 -1 
15 -3 34 1 -21 5 10 21 
5 5 -17 -29 3 -24 -52 -19 
-4 108 4 1 5 27 48 14 
-27 -23 4 7 -10 -7 5 -14 
4 -26 -99 -14 1 6 17 -29 
-2 48 35 22 -8 -15 -33 29 
1 -79 10 -42 -12 -8 -13 -9 
0 0 19 19 16 4 -18 16 
-5 81 18 -5 9 10 4 -8 
3 20 23 21 -20 -3 36 -19 
-10 -34 -35 -12 16 -9 -79 -34 
-7 -30 31 -18 -21 -3 -8 24 
6 -48 3 16 16 2 25 56 
10 -41 -45 -30 -5 -5 -18 -49 
3 3 -11 -4 3 -2 11 30 
-26 63 14 -5 -5 -5 -38 -48 
6 6 64 34 1 15 24 6 
4 -25 -26 3 2 7 21 55 
-3 -16 18 6 -12 -11 -4 -35 
22 8 -47 4 12 6 -9 9 
-16 9 -25 -24 -10 -22 -46 -15 
-8 -2 40 -2 3 13 46 -28 
6 -31 -53 -20 -8 -12 -12 12 
12 29 35 36 1 -1 -4 1 
-24 -48 -49 -6 -8 -5 -2 -1 
32 1 -36 16 2 -4 -43 28 
-68 -12 97 -17 6 12 53 -26 
5 -71 -100 -3 -26 -20 -17 13 
4 -12 32 16 9 7 -10 -6 
-25 34 -16 -12 5 -1 -16 -36 
12 -45 -34 37 -12 -4 27 27 
-14 17 33 4 5 1 -7 -18 
11 -47 -23 -5 -6 -2 1 17 
-7 79 10 -63 -7 0 25 -1 
21 37 38 35 11 9 -5 -9 
-20 -109 -6 -20 3 -4 -15 -3 
14 -4 23 27 -5 -12 3 -5 
-19 -5 -22 11 4 -1 -17 -6 
6 -6 -82 -23 -14 -4 -11 8 
-22 -38 23 50 -1 8 33 -13 
2 -14 -69 -78 7 -4 -17 -12 
2 8 29 23 -1 8 27 14 
-7 -4 27 11 5 11 7 -22 
13 -1 -50 -25 0 -18 12 19 
39 -6 62 20 -20 -13 -37 1 
-22 -84 -23 1 5 3 15 -6 
8 0 -4 -18 -3 11 35 18 
11 28 -1 -2 6 -7 -37 -25 
-20 70 66 25 10 9 -13 -5 
-9 -16 42 5 -8 -15 -13 -11 
19 27 19 29 7 14 16 -1 
-20 -22 -68 -53 3 -14 -85 30 
17 -42 1 -1 -1 13 96 -9 
10 -50 -17 -20 -15 -21 -23 -13 
-52 17 93 9 22 -2 -22 -14 
12 9 -28 13 -5 -8 -39 -22 
-9 -4 -19 0 0 4 7 14 
32 10 -35 10 6 27 82 42 
16 -7 -6 -8 -4 -15 -20 -22 
-15 9 10 3 -1 1 4 -19 
-12 32 34 10 2 3 -71 -18 
1 42 44 2 -7 4 56 28 
17 -10 -37 -5 15 4 0 10 
-13 -5 4 -28 -3 8 38 -30 
12 34 -32 52 -6 -16 -57 -27 
1 -6 -24 -22 -8 12 36 72 
7 37 -10 -31 -6 -12 -55 18 
15 -1 22 5 -3 4 31 -4 
-33 -8 -30 51 9 10 -16 -21 
-15 19 -30 -55 -6 -9 -8 -32 
5 1 22 22 1 -14 -35 -23 
6 18 -91 -71 -9 9 29 29 
-2 -32 84 38 -2 -12 -2 -11 
20 25 31 53 17 19 22 17 
0 -81 -23 -43 -17 -2 4 19 
22 1 -50 -34 -3 -26 -95 -29 
9 -2 64 24 3 20 114 61 
-57 -32 -3 -17 0 -7 -23 -44 
47 -4 -3 -22 -7 -7 -30 0 
-7 39 38 51 3 -4 17 -51 
-22 -19 -43 -84 -13 20 58 61 
21 -12 54 66 -1 -17 -89 -58 
17 22 -12 24 6 13 59 48 
7 70 64 40 2 6 9 21 
4 -24 -107 -102 -19 -19 -28 -26 
-9 6 -18 -5 0 2 -11 -21 
-24 -53 28 1 1 -6 -61 30 
19 4 37 31 2 9 42 -5 
-3 -12 -56 4 3 -20 -66 18 
19 -1 6 -38 -5 0 16 34 
-24 25 42 47 -2 6 29 -45 
-11 4 -6 -58 1 0 0 1 
-18 15 44 32 -1 -3 -13 -21 
-13 -58 -106 -23 -8 4 -83 -21 
39 13 35 19 7 -19 64 33 
-12 73 40 -6 -6 8 53 30 
28 39 -35 -24 3 -3 -16 18 
-36 13 33 34 5 -8 -101 -53 
3 -18 -44 -8 -7 -3 33 -7 
-16 -7 51 4 6 7 37 -9 
27 -28 -15 -8 -8 -8 -28 11 
-18 14 -6 -7 -8 -9 33 13 
3 55 -22 -1 -2 6 -54 5 
-24 -57 -28 0 4 -9 -44 -7 
-7 19 43 -11 0 7 2 -19 
10 26 14 19 6 -1 29 -17 
-4 -8 -55 12 -16 -6 12 8 
2 -15 -26 -38 -2 -1 -39 -3 
-18 -24 30 14 -3 -7 9 -15 
-1 -32 -31 3 5 -4 13 4 
-18 -21 31 29 3 9 8 -14 
28 -2 8 -20 -6 -6 -10 11 
-25 -22 -6 21 0 -3 11 -30 
20 -12 20 18 -2 -9 -59 18 
-6 9 14 -13 -2 12 75 0 
-2 -76 -21 -3 4 3 20 16 
5 6 26 -24 7 11 9 6 
-7 -32 -65 -5 -14 -10 -16 -16 
-2 19 -17 -15 -1 -6 31 16 
-4 -21 24 29 -6 -6 -28 -3 
2 47 8 -13 13 12 26 -25 
-16 7 55 43 9 10 8 8 
-13 -7 2 -19 -5 0 -24 -14 
-3 -10 18 12 -1 -3 -8 8 
13 76 -46 -1 -5 -14 -47 -14 
10 -12 -54 -32 2 14 71 37 
-10 -13 -14 -8 -9 -14 -36 -34 
6 46 30 23 -2 -8 -19 11 
17 -29 13 -2 -5 3 3 22 
-24 1 40 -19 4 -10 -26 -18 
6 -22 -19 20 -4 12 26 19 
0 -29 -87 0 -6 0 -2 -29 
-7 9 44 -25 4 19 33 18 
13 4 3 -11 -15 -35 -15 -15 
-13 -31 -34 -10 9 7 -1 19 
-6 -67 -25 -21 -9 -10 -32 -23 
0 -24 7 32 5 -13 -50 -3 
8 -4 6 -25 8 24 74 13 
17 58 61 12 3 1 -15 1 
-7 -51 -22 -22 -3 2 -2 -2 
-14 -20 -33 9 4 -4 -11 8 
0 36 48 19 1 -11 -22 -13 
-4 -21 -19 -15 -8 -11 -20 -19 
-4 7 -7 29 6 5 23 23 
1 14 28 -5 -5 7 7 -4 
-6 5 -48 5 7 3 2 17 
-11 -22 0 -54 -5 -8 -42 -24 
9 26 25 34 -1 9 44 5 
19 9 5 -6 -3 -9 13 16 
-14 -19 15 -8 -18 -1 -3 -4 
4 73 15 -6 12 1 -1 -5 
4 13 -8 -18 -9 -12 -46 -18 
-39 29 -21 14 1 -11 -32 -17 
1 -14 -21 -3 -1 9 72 20 
-7 -11 51 41 -6 -8 -1 2 
10 26 -3 -13 6 9 16 -5 
4 -31 -35 -4 1 2 28 -3 
1 8 32 18 5 -10 -41 3 
-1 -49 -70 -12 -1 16 20 4 
-10 -18 -4 20 -7 -6 -11 -23 
22 18 15 3 2 -10 -9 12 
-6 -35 -44 -39 -16 -1 -5 2 
13 21 39 29 5 5 19 7 
-12 -10 -9 -17 5 12 39 -7 
-9 -23 -42 -3 -9 -11 -18 -9 
22 4 5 -20 1 3 -32 -13 
-48 2 23 13 -6 -7 35 -1 
1 20 4 -10 -19 -15 -15 -1 
-3 -35 43 2 4 4 9 5 
11 -14 -36 0 -3 -10 -20 -5 
1 -17 6 -16 14 15 -49 -14 
-2 -16 48 17 -9 -4 9 9 
-12 2 -33 9 6 -1 -3 -15 
-5 24 32 -1 -15 -8 -25 -2 
4 -64 0 3 13 0 13 19 
6 -12 -40 -4 -5 -10 -15 15 
-3 7 57 15 33 14 3 -4 
-15 -90 -80 -62 -7 -8 -18 -26 
-11 -19 1 6 -14 -13 -16 -6 
5 8 31 3 4 7 21 34 
9 -10 -39 2 -2 10 -1 -17 
-16 0 34 21 -6 -13 -17 -7 
18 14 -35 -38 9 22 48 8 
-15 21 2 7 11 0 -34 -2 
-4 -12 9 3 -26 -16 -37 -8 
-6 13 -2 -6 11 3 11 -3 
1 14 4 38 -16 -13 -49 -28 
6 10 6 -5 7 1 21 16 
-6 -28 11 -9 -14 -1 37 5 
7 54 1 13 6 10 -3 14 
-4 10 -8 41 4 -7 -10 -18 
-1 18 42 -24 -5 -11 -67 -5 
16 20 -41 -25 -6 18 114 23 
2 -37 -3 -26 2 2 21 6 
-12 15 -48 -41 -21 -18 -66 -19 
0 -12 -10 44 18 10 6 4 
1 10 10 -9 6 2 -20 12 
-4 -19 27 34 -9 -18 -15 -24 
-3 -41 -14 -33 -14 -16 -17 -7 
4 36 28 37 14 29 52 -3 
-10 -10 -7 -4 -11 -26 -47 -9 
1 12 -28 -8 9 13 44 6 
6 -10 41 30 0 -13 -50 10 
2 0 -66 -64 -3 10 30 -5 
-31 -22 0 -1 -4 -2 9 -4 
-7 -31 15 6 2 -12 -21 -9 
2 17 30 15 -14 0 35 0 
14 7 -8 -43 46 21 -15 28 
1 12 43 65 -9 -13 4 -13 
-1 -43 9 15 -7 3 21 -1 
0 0 -46 -17 4 4 1 -4 
-1 48 -31 -27 -26 -29 -48 -11 
2 12 15 3 13 16 -11 -12 
5 39 41 -19 -2 -19 -65 25 
4 -10 -49 -11 16 30 104 15 
-12 -29 38 59 -35 -27 -51 -49 
-9 -26 -48 -47 7 1 65 30 
10 52 51 33 -17 14 31 13 
2 8 -18 -20 18 -4 -49 -7 
-1 -20 4 -23 -4 4 -52 -10 
5 12 41 16 -14 -4 -13 -15 
-5 -2 -46 -15 -4 -12 -40 -7 
1 -2 41 5 26 30 103 10 
-8 67 1 36 0 -21 -90 -45 
28 3 2 -6 -18 -2 67 44 
-20 -49 -26 -19 25 7 0 -23 
12 14 -11 -8 0 4 -9 10 
-20 -36 2 9 -8 -3 85 17 
-2 -13 16 12 13 5 -59 -36 
-17 -2 -44 -13 -7 -8 -38 3 
-16 6 46 21 -4 5 -10 -31 
24 -3 -8 39 -11 -7 -16 8 
-21 -20 -38 -80 -3 16 76 54 
-10 -8 44 48 7 11 7 7 
2 -9 -17 -36 -16 -30 -83 -13 
-3 -32 -74 -12 -14 8 -43 -23 
16 17 42 18 0 -22 -24 -48 
20 -23 12 7 20 43 71 32 
6 -6 34 43 -13 -30 -71 25 
31 0 8 -6 10 13 29 19 
-26 -14 -95 -66 7 16 35 -1 
-6 23 64 4 -6 -18 -99 -23 
10 -18 -39 14 -5 -18 65 4 
-2 -70 45 -4 4 6 -21 18 
6 -6 24 26 7 -62 -128 -51 
-2 19 -64 -16 -12 90 127 33 
-2 -8 15 -16 -23 -37 -85 10 
-10 -18 -50 -25 5 -15 -47 10 
-8 16 44 2 -16 -9 -74 -30 
22 4 6 2 6 -58 -128 -44 
2 23 2 0 13 84 121 54 
-37 -10 -5 -22 -6 -16 64 -7 
-5 -34 -8 -2 -8 -25 -120 -40 
-17 24 50 48 -4 17 57 7 
-17 -23 -16 -5 2 -40 -62 -20 
-22 18 -9 -21 -7 -13 -5 3 
-9 -2 -22 4 -3 18 57 16 
13 15 -23 -26 24 -9 -14 -10 
-5 -21 -11 -14 -12 2 5 17 
1 24 42 15 17 21 53 3 
11 -45 -28 -4 -21 -12 -12 2 
8 -3 8 2 2 -4 25 6 
-7 76 0 22 16 2 -3 -10 
-2 -14 51 -43 -6 -6 5 -4 
13 3 -43 1 -7 18 11 14 
17 16 4 32 -3 -18 0 12 
4 30 -24 -83 -7 2 8 -27 
-10 5 70 99 -16 -7 -19 -5 
1 8 -27 -40 42 14 22 7 
-6 -2 -30 39 -14 -6 13 10 
-13 -30 -26 -47 -11 -10 -20 -18 
6 10 -7 -20 3 8 2 4 
11 26 32 12 -7 9 17 25 
1 -1 -6 -13 3 -11 -4 -26 
-17 -31 -10 11 -9 0 -16 -7 
12 -20 -16 -25 -2 -4 21 16 
-6 15 19 45 0 -3 -8 -1 
-5 -20 -25 -30 -6 0 -3 0 
3 0 26 10 6 10 -26 -4 
17 19 0 12 0 -2 13 16 
11 7 2 -11 -1 0 40 -12 
-7 -9 -4 -31 -7 -13 -16 16 
-14 -12 -1 7 -7 2 24 -36 
15 -3 -7 -5 9 4 -13 -3 
19 14 17 15 4 6 -3 13 
8 -4 -22 -20 -8 5 35 4 
0 -14 4 23 7 0 5 7 
-13 -4 -12 -2 -2 -6 -7 1 
-18 11 18 -2 -5 5 9 3 
-7 -15 -18 -4 -6 -7 -9 -14 
3 -2 2 2 1 -3 -12 11 
-7 -1 -5 5 -3 0 -3 -11 
-9 -7 2 -1 -10 -11 -14 1 
-5 0 6 11 11 3 -6 0 
0 -10 -9 -27 -9 -3 -9 -16 
-6 1 -2 2 0 8 -1 -21 
4 -15 -8 1 -5 -11 -3 21 
-3 -2 4 1 -5 -1 9 0 
4 7 7 14 -3 -2 2 8 
-5 -3 -7 -14 -3 -2 3 3 
-4 12 14 9 7 4 -19 -15 
-5 -13 -13 3 -3 -4 -10 -8 
-5 6 8 2 3 0 8 11 
-8 -20 -26 9 3 -4 -25 -6 
-2 -3 -1 -13 -5 5 15 -6 
17 16 10 8 5 -1 -5 -5 
-16 -1 2 -10 -3 4 9 -6 
-5 0 -4 -2 -4 -7 -5 -18 
1 0 -7 0 0 4 8 8 
-6 6 3 -2 1 1 1 -6 
12 -1 0 11 0 -8 -27 5 
-3 -8 -13 -41 -10 -6 24 17 
-1 -1 -5 3 -1 1 -1 -4 
-6 -3 -4 -6 -7 -4 -5 -7 
6 5 2 6 2 1 0 1 
-3 0 8 12 -3 -3 -7 -5 
-4 -9 -4 -5 -1 -1 5 0 
-2 3 1 -3 -3 -2 -6 -1 
2 -2 -2 -2 0 0 6 0 
-3 -4 -7 -1 1 6 -6 10 
6 3 4 -1 2 -6 -3 -10 
-6 -3 -8 -1 -2 3 -1 3 
-7 -10 2 -3 -2 -18 -28 -13 
10 7 1 4 -1 0 22 15 
-5 -13 1 10 0 7 11 4 
-14 3 -3 -7 -3 -4 -2 -5 
7 -3 -5 -5 -2 4 4 7 
-7 9 7 6 1 -2 -12 -7 
5 -7 -8 3 -3 -1 -4 5 
-12 -5 2 -2 -2 -6 -2 -7 
1 0 -6 -2 -3 3 8 6 
-1 0 1 -1 -1 -4 -12 -20 
-14 1 0 -2 -4 -1 8 -5 
12 -3 0 -13 -9 -5 -2 4 
-3 4 6 3 3 3 4 1 
-2 -2 -2 1 3 5 8 18 
-1 5 -1 -6 -5 -5 -32 -14 
0 -7 -3 -2 1 -4 -13 -2 
17 -1 -3 -2 -4 5 60 5 
2 -4 0 4 0 -2 -6 -7 
-2 -8 -6 0 0 -3 -2 14 
-5 -2 0 6 -4 -3 -10 -10 
0 -5 -2 -2 3 -2 -17 -5 
-13 -7 -2 0 1 2 5 -9 
7 -4 -9 -5 -2 -1 -1 9 
-19 -10 -5 -3 -2 -3 3 -25 
-2 2 2 6 -4 -3 -3 0 
8 -8 1 -9 5 1 -2 0 
1 4 -1 10 5 4 -10 2 
7 -2 -4 -11 -6 0 9 14 
-7 1 2 -3 -2 -1 -2 -6 
3 11 7 1 -2 -4 0 -2 
9 -1 4 2 0 -3 -5 -1 
-11 1 3 1 -1 1 -11 3 
-9 2 10 -4 0 -3 -12 -16 
4 -8 -20 -11 -5 4 14 -6 
-2 0 -3 -6 -3 -1 28 16 
5 2 10 7 5 2 2 -5 
-2 -4 5 1 -2 -3 -14 2 
-8 14 16 11 2 11 -13 -13 
16 15 -5 -3 -1 -15 4 4 
3 -28 -5 -2 -5 -4 9 5 
-10 -7 -12 -12 -8 -4 -2 6 
11 2 -6 -2 -1 -8 -24 -15 
-12 -1 9 0 0 6 5 7 
16 29 5 9 7 3 -1 8 
3 0 -1 15 4 -1 -5 -10 
-1 -16 -10 -7 -7 -4 -4 29 
1 15 14 -18 -1 2 -1 -8 
-11 -22 -21 1 -6 -3 3 -28 
-3 -6 -10 -20 4 4 -3 -15 
-3 10 9 14 -5 -8 -2 0 
6 3 1 -8 4 2 10 9 
11 3 10 -3 -2 -1 -16 26 
-4 10 -9 4 2 8 5 -12 
-22 -25 -2 9 -7 -21 -2 -21 
-5 1 19 8 -1 1 17 1 
2 -1 -7 -19 -3 -4 -14 -1 
8 -12 1 -2 -2 0 16 16 
5 10 -2 6 6 9 8 0 
-5 -14 -14 1 -5 -4 -23 2 
-7 1 7 4 4 6 8 -8 
13 -4 0 8 -1 -11 -5 20 
9 -6 -6 -11 -1 -2 -13 -10 
-35 -10 -20 -9 -10 -4 -4 -19 
15 4 1 0 -6 -9 -7 18 
-26 2 -2 -3 -3 1 3 -23 
6 -6 17 8 5 5 19 7 
16 11 1 5 3 -5 -38 -6 
-16 3 -7 -6 -1 9 44 -11 
-3 2 4 2 -5 -6 -12 -1 
-1 2 -10 -8 -8 -3 11 17 
0 -11 -2 -12 11 2 -15 1 
1 7 5 -1 -5 0 -4 -14 
-4 -7 -3 7 -3 -10 -25 -12 
0 0 -3 -14 -2 1 4 11 
-3 -7 -5 1 -6 -6 5 -5 
2 -6 6 4 2 -2 -6 7 
1 0 -7 -5 2 4 -7 -1 
2 10 7 0 1 -3 -25 3 
-7 -4 6 19 -4 4 31 -9 
