#EMG
#3
#ID:3-32
1 -2 -14 -3 0 -1 13 5 
-1 9 12 7 4 -1 -26 -10 
-16 -7 5 -1 -1 2 24 -12 
26 -18 -16 -5 -2 -2 15 29 
-3 19 28 7 3 6 3 -10 
-6 -30 -42 -6 -6 -6 0 12 
2 9 14 10 1 -1 -14 -7 
-14 0 -18 -6 -1 -2 -8 -18 
0 -6 -3 6 2 -1 -3 -1 
17 0 -6 -8 -3 0 8 27 
-12 1 16 -6 -3 -1 -11 -33 
2 -10 3 0 -1 -2 4 -9 
-5 -7 -21 0 0 -2 -6 5 
-6 10 11 -4 -2 -1 3 -1 
1 -4 -10 4 2 2 1 4 
-4 10 13 14 1 -1 -7 -20 
15 0 -22 -23 -1 -1 -8 12 
-39 -8 -6 0 -2 -2 8 3 
12 0 -13 -7 -4 -2 3 -5 
-3 -18 -12 -4 -2 2 12 12 
3 -2 16 17 -1 -2 -4 -17 
10 14 25 11 1 -1 2 28 
-6 9 -9 -13 -2 -4 -16 1 
5 10 5 1 -2 -1 8 -21 
-6 -21 -45 -15 -1 1 -10 0 
8 -10 6 0 0 3 18 -8 
-2 5 20 9 1 0 -10 1 
-7 3 5 -1 -1 -2 -8 1 
0 -5 -20 -9 -1 -2 7 5 
0 10 -1 2 -1 -5 -19 -27 
3 -4 1 -4 -3 0 5 11 
11 -2 -11 4 -1 0 -2 4 
-17 -9 9 0 1 1 6 7 
8 9 18 0 1 -2 -6 2 
0 4 -13 -8 -2 -1 7 -3 
-6 -11 -22 -5 -3 0 -4 -7 
-3 7 11 8 -5 -3 -7 -1 
-2 -26 -21 -11 -3 -3 -4 -2 
-4 5 -13 2 1 3 -5 -5 
0 16 3 -10 0 -1 -6 3 
0 -10 -4 -1 -3 -6 -5 -27 
4 -3 0 -3 -5 -2 3 24 
-18 -14 1 0 0 -2 -1 -9 
5 1 -10 -2 0 1 -3 2 
-1 14 37 10 0 -5 -24 -10 
-28 -1 -4 -7 0 4 27 -13 
8 3 -2 -2 -2 0 2 4 
-5 -17 7 4 0 0 -5 -1 
4 -2 28 0 -1 -1 -10 1 
-1 5 -25 1 -3 -6 -6 -9 
13 0 -1 -2 -2 -3 -6 10 
-11 -2 -26 -10 0 1 3 12 
4 -3 27 14 2 -1 5 -12 
2 8 -13 -2 2 3 -6 -9 
-10 -5 14 5 -2 -7 -7 -10 
2 6 -2 6 -1 -7 -18 2 
-3 -3 0 -9 -5 0 39 16 
18 10 -3 -11 -4 -1 -14 15 
2 -11 -33 -13 0 1 -1 -7 
-6 -3 16 8 0 1 -14 -26 
-11 3 -5 3 2 3 -29 24 
-5 -12 -5 1 -2 -7 16 -10 
26 9 25 2 -2 3 18 31 
-21 14 -8 -12 -4 -4 -22 -23 
1 -10 -2 1 -2 0 13 -9 
6 16 25 4 3 0 -16 -1 
-14 -20 -38 -1 -1 0 -21 -5 
19 0 36 8 1 -7 -30 -1 
-8 -12 -73 -18 -5 1 11 7 
0 -29 50 14 2 6 42 11 
-17 57 4 3 4 -7 -63 -19 
6 -14 9 -1 -5 14 105 21 
21 22 13 -1 -2 -2 -13 1 
-31 -20 -20 -6 -2 -4 -20 -25 
-1 -13 1 -5 -1 -5 -32 -13 
-9 22 23 -1 1 3 20 11 
16 0 -32 -5 -5 2 47 23 
10 -5 -37 7 -2 0 2 -4 
-9 1 -15 -21 -4 -3 -3 -15 
13 -9 -20 -13 1 0 -1 17 
11 7 55 27 -1 -4 -21 -3 
-8 18 3 -10 -1 -2 6 -13 
-6 1 9 5 -1 -11 -67 -4 
0 -19 -17 4 -3 16 93 23 
8 45 0 -7 2 3 -44 -21 
-6 7 -25 -14 -4 -5 24 17 
17 -18 41 14 1 1 22 3 
2 16 -32 2 -2 -8 -25 -9 
-36 -25 0 -14 -4 -12 -68 -48 
12 12 25 7 0 5 37 -1 
1 -17 9 -2 -3 4 56 56 
-5 -20 -67 -18 -2 -4 -1 -17 
2 -28 20 13 -3 -7 -19 9 
8 -7 -7 -6 -3 4 18 10 
-12 16 33 28 2 -4 -5 -31 
2 -15 -45 -27 -6 -5 -24 2 
-1 25 -11 -1 5 -1 -3 16 
3 0 20 1 1 -6 -61 -19 
-31 -13 -36 -2 0 8 43 2 
-8 21 47 8 -3 -12 -24 -33 
2 -8 -8 -6 -5 -3 12 -3 
12 27 22 3 0 0 -17 11 
12 -6 -21 1 -2 5 36 -2 
-1 -5 -14 -6 -3 -12 -66 1 
3 14 21 0 1 4 23 -14 
-4 -26 -7 2 4 6 -2 -8 
-11 -20 -66 -25 -9 -6 -16 6 
-4 -7 20 10 0 0 13 9 
22 7 17 13 1 1 7 7 
-23 -13 13 -33 -7 -3 -2 0 
2 -10 -51 -3 -1 -5 -28 -5 
5 28 -4 -7 1 -1 -18 -5 
7 -20 2 7 -5 -2 28 26 
0 9 -25 3 2 3 -2 -18 
-17 -29 36 17 -3 -2 19 -8 
-1 -55 -40 -25 2 1 -36 4 
1 43 -2 2 -1 9 83 38 
-3 -1 -11 -8 -4 -5 -14 -54 
8 4 5 -9 -1 5 18 26 
17 -69 27 31 -5 -10 -20 -17 
3 33 7 -30 5 -1 -24 1 
-1 -41 -54 4 -9 -7 -22 9 
8 60 52 -6 4 5 5 -5 
-2 11 9 24 3 3 15 12 
-20 -21 22 -2 -2 -6 -33 -11 
16 -41 -46 -9 -10 -8 -8 1 
-1 -42 -2 -19 -1 -2 10 -2 
-9 72 91 19 0 -2 -15 -6 
0 -17 32 -18 -4 -1 15 -5 
-4 43 -34 -4 2 -1 -18 -8 
2 8 -4 -3 -3 -5 9 3 
-7 -7 7 -1 -8 -4 -5 -7 
1 -51 -60 -12 5 3 13 -6 
-5 32 42 21 3 6 -9 9 
11 -22 -55 -26 -2 -2 0 0 
-8 65 20 11 -5 -9 -16 -31 
-15 1 15 9 -6 -6 -3 23 
12 -40 59 -4 -3 0 1 33 
-19 4 28 20 1 -3 -2 -32 
9 -30 -88 -54 0 9 16 7 
-28 -30 -36 -3 -7 -7 -16 -24 
-3 71 -15 1 1 -1 4 17 
8 -4 13 6 2 0 -5 1 
-1 -16 33 5 2 -2 -36 4 
-9 47 22 11 -4 4 42 -7 
20 -57 22 -20 7 1 -1 2 
-7 13 24 13 -8 -6 -26 -4 
-22 -23 8 -5 -4 1 35 -19 
32 2 9 -5 -6 -3 -11 39 
-38 -35 -18 -11 -1 1 12 -25 
5 42 43 9 3 -1 -30 -2 
4 -42 -80 -9 -3 5 46 -2 
-16 -22 -18 1 0 -5 -32 -20 
26 85 65 4 3 1 15 29 
-18 -32 -27 -4 -12 -7 -32 -5 
-1 27 23 21 7 4 39 -1 
-18 15 8 -18 -4 0 -6 -26 
6 -9 -54 -8 1 -5 0 10 
10 7 37 16 7 5 -3 -2 
9 -44 2 9 -6 -4 -17 1 
-2 -1 -91 -6 9 1 -24 -21 
-13 5 79 13 -3 6 -4 28 
11 -17 -22 -17 -6 -7 31 -1 
-25 -23 19 7 0 -2 -2 8 
20 28 36 7 5 0 -8 -17 
-5 -77 -25 -20 -10 -6 -15 -16 
10 79 -9 12 8 9 15 -1 
-4 83 -27 -25 -4 -4 -23 21 
3 11 41 31 5 0 -15 -11 
-17 9 -9 -12 -6 -4 -5 -9 
-5 -71 -34 13 0 -4 -32 -1 
14 -1 -17 -9 -1 1 48 -29 
-3 -19 -40 21 -1 2 22 34 
14 -4 -21 -45 0 6 24 0 
-18 -41 20 3 -8 -6 5 -2 
6 -15 -64 3 13 -3 -45 4 
-2 -12 3 -42 -7 2 -13 -11 
-11 -3 68 62 -2 1 40 11 
-31 32 12 -23 -2 -1 -12 -37 
23 -14 17 23 -7 -4 -7 5 
-26 69 14 -3 4 1 0 2 
0 -2 -65 -3 3 -1 -19 -20 
7 7 42 -13 -1 6 22 21 
-6 -19 -4 -2 -10 -11 -4 -5 
3 17 49 21 6 2 -2 10 
-29 -31 -96 -11 -3 -2 -21 -16 
11 47 27 23 7 8 34 -6 
-2 2 26 -26 -4 2 8 21 
-1 -69 -37 -4 -7 -11 -23 -18 
27 95 80 58 8 3 -8 6 
-2 -58 -45 -63 -10 -8 -27 -22 
-16 10 29 8 4 10 23 31 
25 -11 -39 -7 -8 -3 26 25 
-4 -4 20 4 0 -9 -45 -59 
7 -8 -30 -3 0 10 55 23 
-3 -8 20 0 0 1 -2 2 
-19 -17 -6 6 -10 -17 -31 -19 
-23 -12 7 8 -2 -9 -12 -1 
6 -39 -61 -8 1 1 18 -1 
-7 -15 -31 -25 -1 5 54 17 
15 -88 1 9 -4 -1 14 7 
-1 -42 -31 -31 -14 -18 -11 -16 
-12 11 36 9 2 -9 -56 -9 
3 -20 17 4 -5 11 48 22 
17 37 33 24 12 1 -14 -20 
3 3 -45 -22 -7 5 37 29 
2 -39 -9 -13 -8 -8 -32 -7 
3 8 15 26 13 1 -70 -38 
-10 18 62 0 -3 8 74 20 
5 2 -22 -5 6 2 -22 -9 
-1 -38 -7 12 -10 -4 32 19 
7 64 1 -5 0 -7 -55 -6 
-13 -1 6 -10 3 -5 -30 -3 
28 2 -1 4 -10 2 36 12 
-8 7 -7 -12 8 12 43 14 
12 -10 4 -5 1 3 1 -12 
12 4 -8 18 0 -2 1 1 
-17 -8 -1 -7 -2 -4 -24 -22 
23 26 28 13 0 -3 -28 34 
2 -15 1 -16 -7 -16 4 -17 
-7 2 2 -8 5 10 6 14 
-10 -3 32 15 -5 -15 -39 -8 
10 55 -52 -6 -3 6 47 5 
-10 72 38 2 2 -7 -52 -35 
-16 44 -24 15 -3 -1 -40 20 
2 -2 -23 -29 1 11 45 0 
7 25 21 -20 -1 0 -11 -17 
4 -33 7 22 -11 -16 3 10 
1 -26 -51 1 4 8 -56 -21 
-2 -6 3 -20 1 1 32 31 
18 -25 25 13 -4 -10 -25 7 
-21 -8 -47 -16 1 -3 -27 -34 
4 -26 28 -7 -8 13 81 -8 
-2 14 24 23 1 -16 -108 -1 
14 5 -5 7 9 32 77 38 
-9 -1 -25 -11 -6 -10 24 -16 
-10 -16 46 -5 -3 -8 11 14 
-13 -17 -12 23 -6 -9 -1 -6 
-20 23 -12 -15 -3 -18 -113 -42 
-26 -19 -27 6 1 4 9 15 
38 0 38 11 1 9 99 19 
14 7 51 -3 1 1 4 -15 
-28 -55 -41 5 -8 -15 -57 -6 
12 11 19 13 9 18 -5 12 
-7 -27 -85 -71 -7 -15 -53 -30 
-34 -37 3 14 4 13 45 14 
29 -41 22 -6 -7 -4 58 26 
2 37 -11 -11 1 9 -53 -41 
-35 1 4 9 1 6 -12 8 
20 -10 -46 -17 -3 -11 52 28 
-31 11 83 27 -3 -15 -16 -33 
6 -46 -50 -6 -7 -3 36 34 
-2 34 16 -17 1 0 -94 -56 
37 -10 2 33 3 1 -12 45 
-43 20 -4 -1 -1 5 73 -24 
33 20 11 -10 -3 3 13 37 
-41 2 -17 -9 -7 -10 -37 -21 
9 -2 -24 -16 1 9 16 12 
8 21 10 23 3 -7 -64 -18 
13 -22 14 -13 -1 -1 25 -7 
14 0 6 24 7 0 -21 4 
-8 3 40 -9 0 -1 -34 -36 
10 -41 -18 12 -4 0 24 29 
-31 -28 -72 -20 -3 -6 -39 -32 
10 15 25 -5 -8 -4 66 51 
2 -39 7 9 -3 0 0 -21 
23 74 18 9 8 9 1 6 
-30 5 -3 -10 0 -6 -15 -14 
15 -36 11 19 -5 -2 21 5 
-11 8 -11 -10 -3 -4 -40 -20 
20 -20 -32 -14 -1 12 77 22 
-8 6 60 18 4 0 2 12 
-1 -12 6 12 0 -6 -25 -12 
-11 45 -29 -22 0 9 37 7 
3 34 45 9 -6 -15 -64 -14 
7 -42 17 10 -1 1 6 20 
-4 -3 -112 0 2 12 50 -8 
-16 -16 25 -19 -6 -17 -63 -14 
10 21 -49 -17 11 19 55 15 
11 9 68 14 -1 -2 -10 -3 
2 9 -7 13 0 -1 -11 6 
3 -43 37 8 3 6 13 -5 
-14 14 -49 -11 -2 -12 -69 -31 
-5 2 49 -1 -5 7 55 38 
-8 -89 -65 -15 -4 -11 -24 -19 
28 77 45 21 4 1 1 12 
-41 -84 -75 -43 -10 -6 -13 -15 
-1 23 -1 20 -1 -10 -52 -17 
17 46 101 5 1 5 48 -7 
5 75 -103 -44 -7 4 22 36 
3 -10 95 36 -3 -3 -8 10 
-23 -82 -128 -46 -8 -9 -22 -38 
11 13 23 2 0 2 -22 12 
-2 7 75 13 8 0 18 -13 
8 13 -17 6 -5 -3 14 30 
6 17 38 13 3 1 -31 -8 
0 56 8 -24 14 2 -10 -16 
-5 -24 11 20 1 9 45 26 
-4 -46 -86 -29 -11 -10 9 -23 
4 9 39 7 -5 1 6 5 
-4 -5 27 7 5 -3 -24 9 
1 -31 -44 20 1 7 -3 -16 
-14 -20 27 -13 -3 -11 -22 -20 
2 -28 4 6 3 4 24 16 
16 61 -17 -2 -8 -3 20 -4 
-25 -41 -3 11 0 -2 -8 -20 
14 4 9 -9 -7 -16 -56 -5 
4 95 62 19 3 0 37 5 
-20 -76 -49 -1 -8 -1 -4 32 
9 75 106 3 3 4 -1 -31 
-3 -60 -95 -25 2 2 -16 0 
0 -13 68 16 1 -12 -73 -3 
-23 -64 20 -10 -9 6 53 -2 
20 -19 -14 -6 -9 -9 27 9 
-8 34 80 9 3 -5 -42 -6 
4 -101 -103 -36 -11 9 47 13 
-24 59 -1 14 2 -9 -34 -24 
-1 -41 -37 -29 -18 -18 -56 -15 
7 66 67 7 13 10 5 19 
7 18 20 32 5 8 42 21 
10 31 -50 -40 -7 -10 -17 -24 
-10 -9 -47 -56 -4 0 -8 5 
-1 13 12 16 -6 -6 -26 -11 
4 74 37 5 2 -6 -30 4 
9 2 11 8 -2 3 10 9 
-2 0 23 27 5 -5 5 12 
-9 3 -5 -13 4 14 15 -9 
-23 -116 -83 -1 -8 -16 -8 -18 
6 19 77 -5 5 7 -17 -8 
-2 16 14 14 -11 -13 -3 7 
-23 -67 -19 -8 7 2 6 -14 
-7 65 -41 -5 -1 5 11 -1 
1 -25 -49 -15 -7 -8 -15 6 
-6 -32 45 38 3 -1 -5 -5 
-2 -27 -37 -3 11 12 24 -1 
-3 42 43 -7 -3 -1 9 -10 
-10 -83 -48 -16 -7 -8 6 -2 
15 32 -7 -24 -5 -14 -80 -28 
-8 -37 55 40 -3 6 97 39 
-3 23 -7 8 -3 -1 -2 8 
1 23 29 -13 -2 -4 -5 4 
-13 -9 -36 2 9 9 3 -14 
21 10 27 16 -8 -3 -5 19 
-13 78 12 -21 -5 -8 -25 -45 
-4 11 -23 -12 3 3 15 18 
3 -22 -11 1 4 9 37 6 
6 24 -23 3 -21 -16 -38 -10 
-13 -23 30 -11 10 13 28 24 
15 -28 7 29 6 5 5 -2 
-4 -4 -7 -23 -7 -5 -1 -14 
-7 27 -1 5 1 4 14 4 
21 11 24 3 5 -7 0 11 
-5 -6 -37 8 5 1 7 5 
-2 -19 5 23 1 7 11 0 
4 -56 11 -14 -3 -11 -46 -22 
4 21 -39 -17 -3 1 5 -5 
-4 -62 6 17 -1 3 39 34 
8 -37 -45 -16 -6 -6 3 5 
-18 -55 13 -4 6 1 1 -4 
10 4 42 4 6 3 -32 -26 
-25 -6 7 -5 -24 -20 -20 -10 
7 4 28 1 16 6 7 -1 
14 37 -1 1 3 11 29 2 
-29 -51 -47 -7 -9 -12 -25 0 
18 -7 2 26 6 -1 -1 -5 
-18 -18 -41 -55 -19 -3 2 9 
23 70 68 25 9 6 9 17 
10 -43 -24 -10 -6 -6 -4 -9 
0 85 -3 4 1 -5 -24 -10 
-24 39 56 17 -5 3 23 -5 
9 9 -72 -21 8 -8 -37 -4 
11 -27 35 1 5 15 36 5 
-17 -107 -34 -13 -11 -17 -46 -20 
3 1 2 -2 0 6 -6 18 
1 58 42 -2 -4 -6 41 4 
7 -10 -17 4 -8 -11 -24 -4 
5 -55 23 -14 3 2 -11 -1 
4 23 -17 29 6 0 -8 -1 
-21 -118 -78 -18 -3 10 23 -9 
1 69 26 3 -4 -7 -8 8 
9 55 -16 -10 -6 -1 22 -8 
-9 -62 -4 -11 -12 -13 -15 2 
-6 10 17 -23 1 -5 -7 -8 
9 13 21 42 -1 3 -1 8 
-18 -17 8 -12 6 2 -7 -14 
-5 20 2 16 3 -1 -1 5 
30 17 -48 -14 -3 7 24 13 
-11 -31 9 -15 -10 -12 -32 -7 
-41 7 -5 -5 0 -1 17 -15 
8 -21 -41 0 8 4 10 -7 
10 6 46 20 -13 2 25 33 
7 -6 -19 1 -4 2 0 -19 
19 12 40 20 7 6 -37 -8 
-30 21 -39 -34 5 -1 10 -21 
-6 -39 -26 7 -9 -19 3 18 
7 3 24 13 5 4 6 -4 
0 -12 -31 -21 -10 5 57 15 
7 -41 -6 -1 -2 3 -8 -19 
-1 71 44 1 8 3 -111 -27 
-23 -34 -89 -42 -3 3 110 19 
19 10 56 13 -2 -3 1 36 
-8 0 45 19 -2 -16 -108 -27 
-8 -32 -97 -1 3 18 88 3 
-31 -30 43 -2 -11 3 -8 -11 
13 39 16 -10 1 -18 -32 0 
-8 -13 -50 -15 -10 5 16 -15 
-2 -16 34 10 2 -27 -128 12 
21 36 -4 -22 -2 19 78 4 
9 -6 -38 14 3 1 -35 -6 
-14 48 46 -2 -10 -18 -36 -26 
-15 -26 16 16 -5 24 86 10 
-20 -41 -58 -24 3 -5 -60 3 
9 -13 -21 0 -5 -6 -20 6 
-5 45 -26 15 10 1 9 5 
0 6 -6 -14 2 -10 -89 -49 
-8 -12 86 30 2 1 52 55 
-10 25 -40 -18 -2 5 10 -30 
-14 -104 4 1 7 0 -36 25 
-7 1 2 1 -6 5 -38 -33 
13 -19 -48 -6 5 1 42 11 
-10 -25 -26 -16 -6 -18 -56 -4 
42 -10 25 21 -4 4 38 12 
-17 37 -19 -3 8 2 -61 -19 
31 -2 -32 -3 -3 -33 -83 28 
-34 -16 -4 -19 -6 11 124 -27 
18 3 7 2 -2 -9 -55 2 
8 -1 8 -3 -4 0 14 -3 
-19 -56 -2 -6 2 -9 -47 -32 
23 -2 54 3 7 8 -21 7 
-10 -3 29 24 0 1 -9 7 
6 1 38 -11 3 12 29 13 
-13 -27 32 21 2 -30 -123 -9 
-4 32 31 -22 -10 49 83 39 
-1 26 -30 8 -1 -21 -77 1 
-5 -23 13 4 -3 -5 20 -17 
-3 -2 -51 -11 1 -13 -120 -51 
9 34 55 35 9 29 77 29 
24 34 21 -13 -11 1 97 6 
1 1 -4 -9 -9 -7 104 46 
-56 5 -96 -20 -10 -8 -26 -45 
31 9 16 24 8 -29 -128 -44 
-9 0 79 8 0 24 99 26 
-20 80 -48 -17 1 -4 -66 -10 
34 8 76 19 4 17 127 37 
-8 -42 -91 -7 -11 -21 -67 -11 
23 26 -2 -12 1 0 -44 -18 
19 17 5 -8 -3 -18 -17 7 
-10 26 2 13 5 24 69 2 
-28 39 4 -14 -12 -15 -6 -16 
-4 -1 -71 -36 -3 -5 -11 -14 
-22 -40 -36 22 -4 -12 -78 -11 
38 28 39 25 1 8 9 38 
-5 -19 48 12 2 -11 -71 -25 
-19 -38 -95 -27 -2 20 84 31 
-1 -10 77 11 -1 -22 -30 -36 
-36 -28 -86 -6 3 1 -4 1 
10 -28 -6 -19 5 14 20 30 
-3 20 29 15 3 -19 -56 -28 
6 -13 17 29 -6 1 15 23 
12 67 31 -42 -3 5 12 -9 
3 49 37 16 4 -3 -22 -7 
-5 -90 -95 -8 -8 2 4 -2 
5 7 50 8 -10 4 88 6 
2 7 -70 -31 12 -1 -53 -12 
-15 -84 -17 24 -19 -20 -41 -8 
-5 21 27 -4 18 4 -17 0 
-5 -41 -59 -35 -13 -4 -15 1 
11 -6 74 37 -1 -1 -23 -10 
8 2 -52 -53 -5 -9 -14 3 
1 6 -2 36 -3 15 68 42 
-18 4 -34 -14 -5 -11 -32 -41 
14 -19 28 -7 -1 7 25 18 
-17 -5 28 9 2 0 33 3 
-7 33 36 -6 8 1 -38 -9 
-12 -1 0 2 -12 5 -5 9 
1 -20 21 -12 1 -10 -12 -15 
9 -28 -73 3 -3 1 10 21 
4 57 89 -11 0 0 -5 -4 
3 9 -38 -26 -14 -5 3 3 
-4 -20 -20 11 1 2 -14 -10 
1 -17 19 6 4 4 20 3 
-13 -10 -36 20 -4 -5 -3 -4 
20 5 12 4 9 5 13 9 
-7 -2 -2 -2 -9 -2 -23 -10 
-2 7 8 1 3 -7 0 -6 
-2 -7 -14 -6 2 -5 -5 -2 
-7 -19 3 16 7 4 4 -7 
10 8 12 -48 -9 -1 6 20 
-1 2 -16 23 -6 5 10 -2 
6 -4 15 10 5 -2 -17 5 
-7 -21 -36 -30 3 -1 9 3 
10 6 8 18 -4 2 7 16 
-1 11 17 -15 3 0 -7 -34 
-6 -14 -17 19 -10 -3 11 -9 
14 30 30 -4 3 -3 -4 -2 
-14 -1 4 10 -3 -2 5 5 
10 -3 -23 -3 3 -4 -33 19 
8 6 12 -12 -3 2 36 8 
-12 -15 0 3 5 2 -8 -14 
-13 55 13 10 4 5 10 -17 
-3 -13 6 -7 -2 -3 13 24 
11 23 4 -5 -2 -6 -26 -8 
5 4 9 9 4 -2 1 1 
0 -32 -36 -10 -5 2 9 -2 
-10 -7 -10 6 2 4 -1 -9 
8 12 14 -8 -5 -5 -10 -6 
-6 -31 -12 -1 2 2 2 3 
-1 1 22 18 2 -3 -17 -12 
-2 4 10 -4 -5 2 20 4 
-10 -24 -5 -16 -4 -8 -15 2 
-15 3 7 7 3 2 7 -14 
11 7 19 5 -1 -1 -4 -5 
-6 12 -6 0 1 0 8 1 
-6 -13 -17 -10 -2 4 -1 -5 
-1 10 6 -1 -4 -6 -12 2 
0 -8 15 5 -5 -1 4 -1 
-4 -3 -24 -43 -9 -4 -1 -9 
0 -12 -6 6 2 1 -6 -4 
9 3 -3 4 3 0 6 10 
-8 -7 0 1 -2 -3 -4 2 
2 11 19 15 2 0 0 -10 
-5 -15 -10 -7 -3 -1 -3 -3 
-3 25 4 1 1 1 -3 -10 
-12 -5 -13 3 -1 -5 -3 12 
7 1 2 4 2 2 2 5 
-14 3 -7 8 -2 -3 -9 -17 
24 -8 -2 -14 -5 -3 8 36 
-1 -17 -12 -1 -5 -6 -24 -18 
-15 7 0 18 6 6 32 -4 
-5 -8 -11 -27 -3 0 1 -9 
-3 9 14 -4 -3 -5 -14 2 
-4 -8 -8 -5 0 0 -5 -14 
3 -8 0 8 -1 -4 -9 7 
7 14 18 1 2 -1 0 -6 
-11 -4 5 -3 -3 -1 3 -9 
3 -21 -35 -17 0 -1 1 12 
-3 24 -6 -15 -3 -3 -5 -20 
-3 -7 -1 -2 1 1 4 9 
9 5 -3 26 6 1 -5 -2 
-6 -12 13 -11 -3 -3 0 1 
3 -1 4 -5 2 0 -4 -5 
-3 -17 -17 4 -1 -1 -1 3 
9 9 24 -4 -3 0 0 8 
-12 13 -16 14 1 1 4 -3 
4 -8 -1 -2 -1 -3 -2 -10 
5 21 24 19 -2 -2 -6 4 
-7 -17 -15 -29 1 0 -1 -15 
15 3 4 -4 3 3 6 -1 
0 -9 3 9 2 1 -4 8 
-10 11 -5 -6 1 0 0 -6 
0 -4 8 -1 -2 -2 3 28 
-4 -10 -37 -8 -7 -6 -5 -21 
9 1 1 -3 0 0 -1 6 
6 -5 4 6 1 2 0 13 
8 22 16 4 -1 2 -3 -12 
-18 -31 -28 -20 -5 -2 -1 -12 
-9 5 3 18 3 -2 -4 -2 
0 -11 -15 -26 -3 0 6 3 
-4 -8 -20 7 -2 -1 -4 -8 
14 14 42 15 1 -1 2 6 
-7 -4 7 -9 -7 -3 -5 -15 
-13 9 -8 -9 -8 -6 -5 12 
3 -36 -31 14 1 -1 -1 -8 
5 -5 -1 -17 -3 0 1 9 
-2 -7 5 2 -5 -3 -2 -1 
2 -11 -4 -3 0 3 2 5 
-12 4 0 5 -8 -7 -3 -10 
1 5 -1 -1 0 -3 -2 2 
6 8 8 -15 -1 -1 3 9 
-1 -5 -6 2 -2 -5 -20 3 
0 -12 -10 -6 -2 1 19 -8 
6 36 39 12 0 3 6 1 
-17 -3 -18 9 -2 -1 -9 -6 
-3 -10 3 -18 -5 -4 -3 5 
-7 -5 5 0 5 3 -4 -10 
3 -1 -14 -7 -4 0 1 3 
1 -10 -4 3 -6 -5 -1 0 
-2 0 -5 -3 1 -1 -2 -5 
2 13 11 -8 -4 -4 -6 -1 
5 10 12 6 2 3 5 19 
-14 -20 -22 0 0 -2 -2 -4 
15 19 10 4 -4 -1 0 -2 
-10 -11 6 -5 1 2 -3 -17 
-2 -19 -24 -6 -3 -2 -6 -7 
0 -5 -4 -18 -1 0 3 7 
2 8 15 12 2 1 3 3 
0 -4 -4 11 -2 0 -2 1 
-2 11 25 1 1 -2 -2 -6 
41 32 17 -16 3 6 -1 18 
-55 -47 -46 -9 -7 -8 -3 -20 
5 9 9 1 -4 -3 -3 4 
-5 -10 -6 8 0 -2 0 -5 
1 9 26 -2 -7 -4 -3 0 
13 9 6 14 4 1 0 -6 
-2 -13 -9 2 4 -1 1 3 
-1 -3 -4 -2 2 0 -4 -15 
-4 25 18 1 2 0 7 24 
5 -17 5 -3 1 -2 -6 -19 
-7 10 -30 -9 -6 -5 8 20 
3 8 -1 5 6 4 -3 -12 
