#EMG
#5
#ID:5-3
14 17 -4 9 2 -1 6 8 
-16 -8 -23 -11 -7 -12 -50 -13 
4 -17 -25 -3 -1 8 34 8 
-13 0 10 -1 -2 -9 -20 -6 
15 -8 18 -2 2 8 22 2 
-10 5 22 11 6 0 -29 -12 
9 -5 -42 -16 -5 0 -11 8 
-5 -9 7 0 -5 -5 8 5 
6 -2 -1 4 1 3 -1 -5 
-14 10 12 4 1 -1 8 -14 
1 4 24 12 4 10 -22 -2 
-18 14 7 -4 -1 -22 -23 -23 
0 -15 -62 -12 -4 8 22 29 
16 3 11 6 -2 -13 -6 2 
4 24 49 16 5 3 10 9 
-10 -26 -39 -16 -9 -3 -27 -17 
-7 2 19 1 1 1 5 -19 
-2 -2 -14 -9 4 3 2 13 
16 -2 -4 1 -3 -8 -4 11 
-1 -4 8 0 2 10 -3 9 
-19 11 28 -1 -6 -19 -7 -17 
16 -16 -52 -2 2 10 17 9 
-12 -6 3 -5 -7 -18 -14 -7 
-4 -5 -11 -12 -4 -5 -23 -6 
-13 4 11 6 0 5 18 8 
17 -11 4 5 -2 1 14 1 
-1 19 22 9 6 6 -15 -10 
-15 -1 -25 -11 -4 -5 6 3 
-1 -8 -17 -2 2 -3 6 -15 
-2 -9 -11 -8 -2 1 24 15 
10 -3 2 -2 -4 -6 -16 -1 
11 2 15 7 6 12 9 -3 
-7 6 4 6 -2 -1 -11 -2 
10 6 23 0 -2 -8 -29 -15 
-19 -18 -46 -14 -6 2 27 1 
14 4 7 3 0 13 -5 7 
-5 2 -2 -1 -1 -18 4 -13 
0 0 19 6 -1 5 12 20 
-9 -15 -20 -8 -3 -14 -18 3 
8 2 13 0 -1 2 14 3 
-2 13 7 11 4 10 -16 -3 
-12 9 9 -6 -5 3 17 -6 
15 5 -15 -8 -3 1 -1 4 
-17 -2 11 -1 -5 -11 -14 -7 
16 -5 -19 -6 -1 -2 -1 11 
-4 -13 6 6 1 3 12 -17 
-5 16 34 14 4 5 6 26 
4 0 -2 -11 -3 -7 1 -21 
-4 1 14 4 1 4 -5 2 
4 6 -9 -12 -2 0 17 -8 
2 -4 8 5 1 5 -25 2 
4 -2 -12 3 -2 -10 24 9 
-9 -11 -5 -11 -4 -10 5 -11 
-11 5 15 -5 -1 -7 -16 2 
8 -24 -20 0 -1 2 -6 3 
-12 10 17 3 2 1 9 8 
-3 -5 -11 7 -3 10 14 -18 
11 13 3 -4 -2 -3 -18 14 
-8 13 8 0 3 -8 -8 -14 
14 -3 8 4 2 12 33 14 
-6 3 23 -4 0 -9 -43 11 
-4 -34 -71 -7 -2 0 44 -8 
-23 11 4 -5 -2 7 2 -30 
19 9 13 14 0 -11 -18 20 
0 -14 -4 -12 -7 -1 7 2 
7 -9 -21 -7 -5 -16 -24 5 
-1 1 0 -1 4 10 -17 -8 
-13 -13 -6 1 1 -8 2 -5 
-3 16 10 4 2 6 16 13 
6 14 19 -3 -5 -4 -42 -10 
4 0 -13 -2 -2 28 84 53 
-22 -11 7 -5 -2 -31 -58 -30 
34 -1 -9 7 1 8 19 -6 
-23 -7 19 6 2 0 -22 -30 
3 -7 -24 -13 -5 -9 -73 7 
-16 25 5 -7 -2 -3 -15 -23 
-6 11 12 6 -5 11 49 31 
9 -2 -34 0 5 10 -40 14 
-7 -2 34 -10 -6 -8 30 -36 
15 -33 -48 -9 -3 0 -27 8 
-6 10 17 7 -2 -26 -41 1 
-12 2 40 13 4 8 14 -15 
22 20 -26 -5 1 -3 20 14 
-1 9 28 16 3 10 -34 0 
-4 26 -42 -30 -1 16 -12 -36 
3 -19 5 0 -9 -21 11 24 
-8 -10 14 6 0 1 31 -20 
18 -4 -58 -20 0 1 -9 5 
1 -21 8 18 3 11 -6 15 
-8 -12 41 2 -4 -17 -36 -13 
-5 -31 -51 -15 -1 -13 -28 -5 
4 10 -16 6 1 10 13 1 
-13 5 24 -4 -6 -5 -14 -11 
3 -27 -46 -13 -4 -4 33 3 
5 6 43 14 2 -3 -10 -5 
7 28 24 4 -1 2 -12 -8 
-7 -60 -111 -29 -3 -2 17 17 
1 54 31 8 -3 7 18 -13 
-9 -10 -3 2 -1 -13 -19 -3 
13 -4 22 10 10 22 42 9 
2 13 2 3 -7 -11 -9 4 
-4 41 13 -5 0 3 8 1 
7 30 19 2 0 6 -6 8 
-18 -1 31 3 -8 -13 16 -35 
-15 -16 -30 -12 -2 -10 -61 -11 
9 2 10 -1 5 11 90 29 
-1 5 46 19 -1 -7 -62 -2 
-14 -55 -69 -12 -6 3 42 17 
9 33 39 -4 0 4 57 -7 
-15 -4 -22 -8 -4 -3 -25 -17 
7 -43 -30 -14 3 0 -35 -3 
-5 -30 -33 13 -4 -5 54 19 
-5 38 58 14 -3 -7 -21 -14 
-6 32 -14 -13 0 3 -29 -5 
-4 -23 -5 -17 0 1 41 -15 
25 -26 8 3 2 -1 -47 29 
-27 -44 -2 27 3 3 34 -2 
-10 -3 12 -13 -4 -4 -24 -18 
3 -23 -41 -9 -4 -1 21 4 
-13 55 4 -18 -3 0 8 -15 
18 24 8 -12 4 -1 -16 22 
-3 -19 2 10 -5 -8 -26 -21 
-9 -5 -37 -13 -7 -8 -20 15 
-10 8 2 -7 0 12 4 1 
32 -21 76 13 -3 -9 35 -5 
-6 -35 10 3 4 9 -6 11 
-15 -1 -72 -14 -4 -8 -14 -17 
-17 -6 25 -15 -7 0 -4 -14 
6 29 13 17 6 -4 -43 11 
2 -31 -7 -2 -4 -2 23 -13 
-11 -5 -18 -13 -3 -5 -13 11 
-3 30 33 8 6 3 27 -16 
12 18 -91 -17 -1 -1 -13 9 
11 1 72 23 -12 -8 -14 19 
-17 -32 -11 -6 19 15 27 -34 
1 29 -4 -18 -11 -22 -27 12 
-16 -22 -14 1 -1 0 -47 -20 
34 17 13 19 8 10 39 36 
-33 -34 -13 -10 -16 -16 17 -17 
15 -5 5 8 6 7 -1 3 
-11 -4 49 -5 -2 -2 -21 -1 
-7 4 -59 -6 -3 -2 -24 -19 
24 4 93 23 1 0 -20 35 
17 11 -16 -9 -3 3 37 -17 
-7 43 -12 6 0 -2 -7 -18 
-29 -35 -34 -18 1 7 8 6 
19 35 58 17 -3 -1 26 20 
10 -34 -86 -9 5 -4 -30 6 
-8 -8 24 -7 1 8 16 6 
3 7 22 5 3 -3 -34 -12 
-7 11 -19 18 -6 6 53 3 
2 6 30 6 -3 -3 3 -6 
-16 -27 -2 -7 5 4 -2 -30 
-10 -7 -64 -11 2 -8 -9 20 
10 19 23 -24 1 0 -35 -21 
-8 -14 7 20 -2 10 21 31 
8 -7 -15 -3 -2 2 14 -22 
-8 29 -13 -14 -8 -18 12 30 
11 -5 -16 28 4 -1 -12 -4 
-20 -36 -47 -55 -13 -7 -16 -5 
-9 5 -9 -4 -4 -5 -8 0 
25 -10 -19 13 0 12 8 2 
-7 15 25 21 0 -1 -8 1 
-2 9 -32 -13 5 4 -29 7 
-12 -36 -7 -22 -6 -8 60 13 
7 8 31 34 3 1 22 -9 
-27 -6 -2 9 1 -11 -11 -1 
14 9 47 -2 -5 -7 -44 -65 
3 -2 2 11 4 6 -18 21 
-5 2 -22 -28 -3 18 -3 -3 
11 13 8 -6 -5 -17 15 -19 
6 5 8 20 -1 -17 4 12 
-6 -14 -1 -23 -1 3 3 10 
2 -7 11 0 -2 -13 -35 -33 
-18 -9 -20 -27 4 38 -7 7 
0 8 21 22 -5 -32 -1 -10 
9 -4 -10 -14 -9 -8 23 18 
16 5 -7 -5 -2 5 9 2 
-22 8 -2 2 2 -13 -87 -28 
2 3 29 19 6 23 89 31 
2 4 -53 -23 -5 -6 -17 -30 
11 -2 3 3 -5 -17 -36 20 
-2 4 -16 3 -8 1 34 0 
-3 13 19 -14 -9 -15 -7 3 
-7 6 13 23 5 7 -20 8 
-6 -8 6 -9 0 -2 5 -42 
17 17 -12 -1 -6 0 28 16 
5 2 -3 -12 4 4 -13 6 
-17 9 79 38 2 2 -14 -11 
-5 -12 -65 -23 0 0 27 18 
30 9 40 11 3 5 6 -14 
-35 -27 -62 -8 -2 -1 -37 -4 
46 24 40 2 1 -3 -4 26 
-21 -27 -21 -31 -6 -1 -3 -6 
-30 1 19 15 -2 -7 -22 6 
23 8 5 -5 5 19 -37 -32 
5 -7 18 11 -8 -19 55 20 
-1 -6 -9 14 2 0 -11 1 
27 10 -19 -13 -1 -3 -11 6 
-31 -21 58 7 -7 -9 19 6 
-2 45 -65 -12 2 3 -69 -21 
-27 -2 39 12 -3 -3 32 -1 
-1 -11 -56 -18 -1 -3 34 11 
-6 13 59 33 4 -2 -40 -8 
16 -25 -49 -27 -10 2 10 -5 
4 -3 24 4 3 -4 -69 -13 
-1 2 -9 -14 -5 15 80 32 
-14 -15 5 26 3 -2 -32 -20 
-1 -28 -15 -17 -3 -4 -2 1 
7 -7 -1 -6 0 -2 13 -5 
5 24 43 6 1 -14 -51 -14 
14 -1 -23 0 6 13 74 19 
-7 -11 -15 -21 -6 -5 18 23 
18 27 80 27 2 -4 -69 -14 
4 -3 -30 -9 -3 2 26 -12 
-3 -1 -41 -4 -5 -7 78 8 
-24 -16 14 2 -2 6 -28 -31 
-2 6 27 5 2 0 14 23 
15 -19 -34 -16 -5 -8 -39 -6 
6 25 34 22 5 11 -13 9 
-4 -17 -14 -1 5 -3 -11 -13 
-20 -12 -27 -14 -8 -14 13 -19 
4 -4 24 5 -5 -9 -14 26 
-9 -14 -52 -23 -7 -8 -85 -20 
11 46 15 8 4 10 80 33 
-15 -27 -55 9 -5 18 106 -10 
28 17 66 13 6 -5 -20 0 
-13 -18 -48 -3 -5 -4 -27 -12 
2 18 33 -7 3 -2 -55 -6 
0 14 -4 -2 -1 -6 -20 -26 
-26 -55 -17 -9 -3 3 16 -9 
6 -6 24 -4 -4 0 -5 30 
-13 0 -17 34 6 2 -39 -26 
6 -2 -28 -49 -10 -4 13 11 
1 -8 -11 4 0 -8 -7 -11 
-15 -6 36 -5 -4 3 54 12 
-11 31 6 17 -2 -7 -21 -16 
32 52 36 -8 6 10 9 28 
2 -14 -73 -33 -6 -7 -32 10 
1 43 69 8 2 -1 9 -10 
0 -11 -30 14 1 -1 -12 -26 
-7 -11 16 -13 -8 7 37 20 
-34 -23 6 48 2 -2 8 -12 
16 -24 5 -15 4 2 -1 -10 
-1 -10 -57 -32 -8 1 1 13 
-5 2 21 3 6 -11 -49 1 
-19 4 18 11 -1 -12 -84 -56 
28 -5 -29 -31 -10 16 48 36 
32 -8 40 28 1 -22 40 23 
-48 20 -60 -16 3 10 -8 -29 
34 42 28 8 1 11 93 31 
-17 62 45 4 2 -7 -67 -19 
14 4 -28 -14 -7 -5 -65 -18 
-27 -50 -21 17 -1 7 92 1 
-16 29 19 -20 0 -8 -64 -37 
14 33 18 0 4 20 39 41 
2 -46 -31 -1 -1 -15 34 19 
23 57 39 9 2 -6 -8 17 
7 -31 -48 3 -3 5 12 -16 
-5 67 -25 -22 0 -5 -4 -2 
-24 5 42 13 4 9 -35 -14 
1 9 17 -7 -9 -8 -3 -12 
18 -41 -29 -5 1 2 17 23 
-21 27 6 18 2 -7 -24 -35 
-7 -38 11 -6 -3 10 22 21 
16 39 47 17 -2 -11 -61 -12 
-2 -24 -47 -37 -5 0 55 16 
-8 -57 -20 6 -4 -19 -74 -15 
19 19 -4 -8 -3 17 79 12 
-3 -28 -32 -16 -3 -4 0 12 
-15 -39 19 6 -1 -10 -39 -21 
-2 -40 9 7 1 -7 -5 -11 
10 15 4 -5 6 8 14 2 
-11 -8 -15 4 0 3 -21 10 
-2 0 -15 0 -3 0 4 2 
1 4 4 -2 2 -2 1 3 
-16 -4 30 17 -2 -14 -50 -34 
8 -16 -23 -13 2 6 26 4 
-14 15 33 -9 -2 -6 -4 1 
2 -16 -39 -10 -9 -13 -21 -18 
-48 6 -5 -21 -4 2 48 19 
9 -11 15 35 10 9 -61 -17 
-7 42 46 21 0 -1 13 -6 
10 -27 -49 -34 -10 -6 6 5 
-7 -19 22 15 -2 -5 -22 -1 
2 -20 -35 -28 -3 -11 -23 -4 
15 46 54 20 5 12 -13 -8 
8 -22 29 17 4 -3 24 22 
7 -20 -121 -48 -6 -4 -30 -9 
29 -4 33 25 8 14 49 29 
-27 6 16 11 -3 -4 -63 6 
-6 -13 9 12 3 8 25 -45 
-5 34 83 7 3 4 -26 -17 
-3 -17 -22 6 3 -14 -84 -18 
27 -56 -32 -2 -8 12 122 58 
-13 -6 -5 3 -5 -18 -58 -20 
4 -22 -21 -2 -10 -4 19 13 
-5 11 12 -8 8 5 -16 -19 
8 2 -62 -22 -7 -5 -8 11 
-38 -26 17 5 -2 1 11 -1 
12 17 72 21 -7 -13 -27 13 
8 -15 -47 -23 0 1 3 -1 
-27 17 33 4 3 -3 5 -4 
11 -21 -86 -1 -2 3 -8 -3 
-12 7 19 -1 0 -4 13 -10 
-15 -5 2 1 -9 -8 5 1 
11 -1 6 1 6 7 33 -8 
6 20 -10 -22 -6 2 -1 14 
-4 -93 -40 -1 -1 3 0 -6 
3 20 34 8 -7 -25 -63 0 
-27 43 -11 23 6 21 62 -18 
1 -13 -59 -39 -4 0 8 15 
23 12 18 -10 0 -1 -15 13 
-13 2 24 22 -5 -11 -35 -32 
7 -12 -8 -17 1 4 26 5 
-16 -63 30 10 -9 -13 -2 5 
12 73 -7 -4 7 8 22 12 
-12 -15 -81 -26 -10 3 2 -8 
1 22 62 37 0 -25 -73 -23 
24 5 37 -13 9 16 19 5 
1 -9 -1 -25 -8 -3 -5 -9 
-19 -37 14 13 1 10 67 21 
-7 -22 -18 5 -4 -9 -40 -6 
13 38 56 20 9 9 -11 -12 
-2 -10 -87 -32 -1 -3 -18 1 
8 17 64 17 -2 -13 -47 11 
-4 -30 -45 -14 -9 13 63 -26 
-18 5 -16 5 3 -1 -4 6 
5 32 58 31 13 15 19 -10 
-8 -12 -27 -15 -5 -3 -9 -1 
-15 6 38 -1 -4 -18 -46 13 
5 26 -9 -37 -12 -5 16 4 
-1 -54 15 13 5 2 1 -5 
-1 82 -1 21 3 11 29 1 
-5 -13 12 -8 0 -7 -33 -3 
12 6 -13 4 8 16 5 7 
5 5 -13 -16 -1 -6 -24 -12 
-18 -15 1 -13 -4 -10 -14 -21 
19 -5 14 32 1 10 46 22 
-5 -7 20 -8 0 -1 13 9 
-6 4 -5 -5 -3 -8 -53 -18 
21 -48 -44 -16 -3 19 97 36 
22 4 5 -32 1 -5 -43 -16 
-13 43 -37 27 1 -2 -10 3 
10 7 40 21 -7 -13 -30 -34 
-6 -13 -17 -29 -2 3 47 34 
-8 30 39 3 -5 -6 -35 -19 
10 -9 -21 -12 0 6 31 13 
-13 -37 -72 -15 -9 -14 -9 4 
24 43 21 7 4 8 -2 10 
8 12 -19 -10 4 -4 -17 -5 
10 -86 7 -1 -2 -12 -41 -18 
-44 62 -12 -27 -13 5 72 3 
15 -93 -13 7 5 -4 -24 12 
-1 54 6 19 -10 0 8 6 
-4 -37 -34 -35 13 -1 -24 -8 
-2 12 44 41 0 -4 -40 2 
3 32 19 1 -13 1 58 -2 
-18 -44 -31 -27 1 2 -7 6 
4 27 -37 33 1 -5 -14 -15 
-10 -27 12 -15 0 5 36 17 
-9 -28 17 -3 3 1 -10 -5 
4 2 26 26 4 -7 -16 -9 
-5 31 24 8 -6 4 19 14 
0 -15 -113 -78 -8 -1 -25 -22 
-6 22 34 8 -4 -13 -23 -25 
23 -62 -11 -2 -1 5 9 45 
-12 -3 97 33 -2 -1 5 -25 
-13 2 -43 2 17 4 7 22 
-12 -6 -14 -4 -4 -1 -20 -12 
5 38 -23 -31 -6 -5 -45 -17 
10 -7 27 38 6 3 47 2 
10 30 33 9 -7 -7 -46 4 
-5 -14 8 -6 -11 -8 3 -26 
-9 -16 -53 -37 1 -8 -17 -8 
-1 -21 -19 5 -12 -3 5 7 
7 16 111 33 12 13 22 17 
2 -3 -73 -30 -3 -8 -38 -20 
-10 18 28 7 -14 -4 7 15 
14 95 10 -32 -2 -7 -25 -8 
-2 24 -25 39 0 -6 22 -10 
-22 12 11 8 1 6 -2 4 
5 -68 26 2 2 4 -23 6 
23 9 27 -12 -4 12 72 29 
-42 -124 -63 -31 -20 -12 2 -15 
24 64 74 46 26 10 2 13 
-4 0 12 -21 -2 -4 -13 -12 
13 38 62 44 -1 -5 -16 -8 
9 -89 -86 -58 -6 -2 1 8 
-10 12 -14 17 -1 3 0 -16 
-14 10 11 3 5 13 12 -3 
42 28 21 -8 -1 -16 -30 28 
5 -8 -34 26 6 7 34 -12 
-28 30 23 -18 -5 -11 -29 9 
5 21 4 29 -1 -1 7 -22 
-32 -39 -60 -36 2 18 3 -3 
13 40 101 31 -2 -9 -12 -2 
-2 -58 -67 -12 0 -5 -12 36 
-5 2 -64 -29 -5 1 71 -14 
-26 -23 28 5 -15 -18 -38 -19 
15 62 74 10 12 13 34 47 
-40 4 -19 24 -12 -11 -50 -61 
10 -29 -38 -35 9 5 27 17 
-17 -47 -48 -2 -3 -6 -49 -11 
-4 71 69 14 2 9 77 -11 
30 -15 44 6 -5 -3 10 24 
-8 -7 -23 16 -9 -10 -23 -5 
4 -33 -25 -16 21 21 3 8 
11 66 61 12 -7 -15 -26 8 
11 -12 -57 -14 0 -1 4 6 
10 -34 17 -4 -17 -13 -36 -21 
-23 2 -35 -25 4 8 26 -12 
-15 -39 4 9 -6 -3 -15 11 
-11 -13 -1 8 3 1 16 -9 
15 103 88 -17 -4 -9 -34 24 
-1 17 -53 19 2 5 54 0 
-5 -41 -72 -14 -16 -10 -46 -35 
5 38 39 -29 -4 -4 15 -4 
-23 -46 13 6 -1 1 3 9 
16 10 3 35 13 10 -20 15 
2 2 6 -29 -8 -14 10 -22 
5 -85 -19 2 8 7 -12 -20 
-29 -10 21 -11 -8 -5 35 10 
21 0 19 -17 -12 -9 -15 10 
-14 -29 -6 25 16 2 -46 -12 
7 -27 -13 2 -9 6 45 -13 
0 4 14 -7 10 -1 -38 -22 
-3 -41 -49 -3 -15 3 63 -4 
20 -1 0 9 6 19 -9 -4 
2 35 68 -24 -7 -27 -27 36 
-21 -49 -115 -8 -8 -2 -18 -26 
11 31 80 12 -4 4 19 36 
4 -24 -20 2 7 -3 27 -23 
8 -4 17 -3 4 4 -22 4 
13 23 2 17 2 26 113 5 
-40 -14 -20 -36 -13 -29 -64 1 
4 -41 -30 -16 -10 2 -11 20 
17 35 46 19 1 5 18 -34 
12 -6 -11 -22 3 -5 -45 13 
2 67 11 34 3 9 -12 3 
3 24 0 -35 -11 -31 -57 11 
-28 -47 -66 -12 -12 6 53 -1 
25 43 39 35 7 -11 -37 -9 
-27 -83 -37 -37 -3 -7 -88 -57 
-6 99 101 42 -3 24 113 38 
-2 -29 -44 6 4 -14 -87 12 
20 11 5 -18 -1 15 122 18 
-8 -7 28 20 5 -6 -72 -20 
27 13 -15 -26 -8 -23 -23 34 
-39 -24 -53 1 -5 -5 34 -18 
3 31 19 25 11 20 -43 7 
19 -3 25 -14 -7 -13 5 -35 
-4 -4 -48 13 7 -7 -60 -23 
-2 17 33 -3 8 11 -53 24 
-24 -31 53 9 -3 4 34 24 
-9 5 -66 5 -4 15 -35 1 
-14 -26 -24 -23 -1 4 -14 11 
15 6 -28 30 1 -24 -40 -19 
11 7 -7 -5 1 4 26 -14 
2 -10 25 -4 4 12 85 11 
-21 24 -34 -30 5 -4 -35 -16 
19 54 99 50 7 18 47 26 
1 -37 -23 3 -9 -22 -90 -32 
-4 -62 -69 -22 -15 -8 60 44 
-29 -4 22 6 10 -4 -128 -39 
28 48 -69 -55 -6 3 11 4 
-58 -78 9 7 -1 12 29 18 
24 10 13 6 0 -32 -63 -52 
34 -9 9 24 7 25 53 31 
-18 -24 34 5 -9 -17 10 -18 
18 17 12 48 6 2 7 35 
-40 -19 -59 -47 -4 -13 -100 -37 
18 -27 -35 -23 -16 0 127 23 
-2 -2 52 5 -5 14 2 6 
0 20 -51 -5 20 -7 -50 -13 
9 49 78 26 0 -14 -39 -6 
-1 -55 -42 2 1 18 14 -3 
-21 -35 -26 -36 -11 -6 -2 0 
-13 -7 -85 -24 -27 -16 -40 -12 
12 31 79 12 19 6 27 11 
-8 -14 1 26 -17 -10 0 -8 
25 22 32 -34 27 17 20 14 
-5 -1 -2 -17 -17 -20 -48 -20 
-8 16 25 39 -4 7 33 7 
0 -19 -43 -6 1 -6 -7 -7 
-7 -40 14 -3 -3 -2 3 -2 
-5 -13 28 -18 6 1 -5 -23 
-12 -24 -107 -27 -27 -10 22 12 
-10 -6 19 14 16 11 19 -2 
10 16 13 26 -1 -8 -29 -5 
-2 24 42 5 4 2 13 5 
6 2 9 5 7 14 27 0 
1 -19 29 -1 -8 -8 -32 4 
5 -25 -27 -12 -5 -2 -5 20 
-2 -31 -38 7 0 15 -6 -40 
-1 24 23 14 6 -18 47 22 
-33 8 -7 -6 -1 4 -6 -29 
37 0 -32 -29 -14 -14 -19 21 
0 18 16 9 3 2 37 3 
-22 -34 16 3 1 9 -10 -7 
2 4 24 -24 0 5 3 16 
-3 -2 -32 -5 -2 -1 4 -15 
6 16 12 -1 2 4 -19 7 
-9 5 9 -5 1 1 11 -24 
-4 19 5 15 -5 -22 -18 -21 
-6 -11 0 -7 -4 3 3 1 
2 30 -1 -7 -3 -4 -2 8 
13 11 6 -9 -2 1 -7 8 
-8 3 -10 12 0 -2 -4 -1 
-10 -4 -14 -2 2 0 11 -19 
15 -9 -2 -7 -9 -9 -3 12 
-4 -4 21 -3 -1 4 5 -4 
2 -12 -42 -7 -7 -3 -4 2 
4 24 18 9 1 1 -7 -13 
-9 23 24 6 3 4 4 8 
16 -11 -3 15 1 0 -4 -2 
3 -6 15 -28 4 -6 -9 6 
0 12 -51 -13 -2 3 -5 -13 
-15 -31 8 -4 -2 -6 2 34 
11 25 22 -1 -1 -3 -7 -7 
-21 -1 24 16 3 6 5 -38 
-5 -14 -1 9 2 -3 -8 14 
12 26 4 -10 0 -3 8 10 
-7 -7 -22 -1 -3 0 9 6 
12 -7 -1 -12 -2 1 -4 -6 
-12 -3 5 3 -5 -1 2 7 
0 -4 -8 8 1 -1 -32 -18 
-17 -44 -28 -9 -8 -12 20 3 
11 27 56 29 6 5 -1 -10 
-18 10 -11 -19 -4 -6 -9 5 
6 -3 -13 11 3 -2 1 -9 
1 -6 -29 -36 -6 0 -9 8 
5 1 -7 4 4 1 -5 -1 
-3 -1 23 6 2 0 5 11 
-9 -33 -26 -9 -6 -5 -2 -7 
4 3 -6 -4 -1 6 -2 1 
3 -21 -10 7 -1 -9 -1 3 
4 -13 19 5 -1 0 -1 -11 
-6 4 20 -5 7 5 12 -25 
4 14 2 19 -3 -4 -13 21 
-16 -23 -35 -13 -7 0 2 0 
-15 -5 -1 22 3 0 4 1 
12 -4 -2 -19 -5 -5 -3 1 
-17 -9 -16 -13 4 4 -7 -25 
12 29 43 11 0 -1 8 18 
3 -2 -5 9 0 1 4 -1 
-12 9 -12 -7 0 1 -13 -39 
12 46 33 0 -3 -5 12 20 
12 8 1 11 -1 2 8 22 
-17 -12 -8 -12 -4 -7 -9 -36 
1 -3 -23 -11 -5 -1 8 15 
-12 -17 15 -1 -2 -5 -17 -20 
5 12 10 -1 3 6 5 4 
9 20 5 4 -2 -11 -10 3 
4 -3 -5 2 -3 -2 -1 1 
-35 -20 -16 -13 3 6 17 -15 
-13 -40 -47 -17 -7 -1 -3 1 
8 33 41 14 2 6 1 5 
-4 10 -8 -1 -1 -3 -4 -10 
24 -7 11 8 -3 1 -1 33 
-7 12 1 -10 0 -2 -3 -22 
-10 -35 -22 4 -2 2 3 5 
0 -5 28 -6 -5 -9 -13 12 
0 1 -13 3 -4 -5 -1 -9 
16 9 -49 -16 -5 -6 -5 15 
6 -13 3 8 0 0 -8 -15 
-16 13 13 9 6 1 -19 -11 
-2 10 11 5 5 15 42 30 
-8 -17 -1 -17 -10 -20 -10 -23 
4 -12 -21 23 3 4 1 3 
4 29 -9 -19 -7 -9 -1 13 
13 16 30 11 1 1 -19 -8 
-10 3 -5 -5 1 6 16 11 
6 25 9 -10 0 2 9 9 
-14 -22 -3 2 -3 0 4 -15 
0 -4 -10 5 -2 -3 -6 -10 
-11 4 35 -5 3 3 -14 -24 
-13 5 18 0 -4 -9 -6 -4 
1 0 -38 -18 -9 -1 9 36 
-12 -10 -18 -8 3 -5 -12 -12 
5 6 -2 19 2 1 -1 1 
5 14 32 0 2 3 -1 -17 
6 -10 -7 3 4 3 15 32 
-13 -1 16 6 -3 -6 -18 -28 
0 2 -37 -15 -3 0 -5 -19 
-13 5 -9 -10 -2 0 14 2 
6 -7 10 6 0 -4 -6 -13 
-11 -22 -3 -2 -1 -2 -2 -4 
13 9 14 10 0 2 6 19 
0 -16 -29 -8 -1 -1 -3 -4 
12 9 39 8 3 1 -15 9 
-11 -29 -68 0 1 2 12 -10 
-8 18 23 -10 -6 -3 -4 -12 
-7 -16 -26 3 -2 -4 -1 -10 
7 -9 9 -15 2 -1 2 29 
0 22 1 -12 -5 -5 -13 -26 
11 -5 23 8 -4 1 7 23 
2 -47 -43 -16 -6 -6 -20 -14 
-3 -1 12 26 3 -3 3 -13 
0 -2 -57 -17 -5 -3 -3 10 
