#EMG
#4
#ID:4-36
-1 10 15 13 2 -2 -1 -10 
3 11 1 11 0 1 0 16 
-13 -4 -18 -29 -5 -6 -7 -5 
-5 -1 -16 -9 -1 2 3 -20 
-5 -14 31 6 -5 -2 3 20 
22 20 -11 -7 -1 1 3 6 
-25 -4 -6 8 0 -5 -10 -11 
-1 -2 -6 -3 2 0 -3 4 
1 -5 -11 -6 -4 -2 2 6 
-12 -3 13 4 -1 0 -4 -18 
9 14 7 5 0 0 6 9 
-15 -36 -12 -12 -1 -3 -6 4 
-3 19 -14 6 -2 1 8 1 
5 -41 10 0 -1 3 -4 0 
3 3 10 0 -3 1 4 4 
1 1 -4 2 -2 -4 0 -3 
3 -4 0 -1 -1 2 -7 0 
-11 -1 -6 -2 3 -2 -8 -12 
8 5 21 3 0 2 0 7 
14 11 -25 -6 -4 -6 -7 3 
-9 -22 -9 -4 -2 -1 5 -3 
-3 -7 -2 0 -5 -6 1 5 
-2 -4 -3 12 4 3 -3 -20 
-4 31 45 -7 3 -1 -26 -4 
2 -14 -42 -9 -5 -1 29 -2 
0 -6 -19 -9 2 2 7 4 
5 38 27 12 2 2 3 18 
-5 -6 5 8 1 -3 -5 -13 
-4 -6 2 -5 -4 -7 -17 -2 
4 14 24 10 -1 2 8 30 
6 -27 -22 -12 -4 0 -1 -30 
5 -3 -13 -12 -5 -3 5 -18 
-7 -5 31 9 2 0 -3 -4 
-7 -16 -41 -23 -5 -6 -9 -19 
-4 3 8 -2 0 -3 -6 12 
-12 1 8 3 -3 -1 3 4 
17 -7 5 5 4 -1 -8 -9 
-13 -1 7 3 0 0 6 8 
-11 -2 6 4 -3 -3 0 -15 
9 -12 -24 -13 -3 1 11 9 
-2 2 16 4 0 -3 -7 -15 
19 -7 3 6 2 3 -4 8 
-7 4 -9 -1 -1 -2 -5 17 
7 38 26 1 -1 1 9 -2 
-6 -7 -14 -8 -2 -1 -12 -7 
-5 -11 -1 1 -2 -6 4 10 
9 -10 1 -1 -1 -1 -8 -38 
-1 -6 -19 -5 1 3 5 18 
-1 7 0 -5 -4 -4 -2 -5 
-11 -2 22 8 1 0 -4 -10 
3 9 -14 -11 -4 -3 0 20 
-2 -15 7 -3 -1 -4 -11 -3 
-15 -7 -23 -4 -3 -3 -3 -15 
0 15 20 1 0 0 -10 -12 
3 -2 6 1 1 4 20 22 
10 -10 11 15 0 -1 -4 0 
-5 -6 -8 -27 -2 -2 4 5 
5 2 -14 6 -1 1 -1 -15 
-23 -10 17 -5 -2 -2 -11 -9 
10 17 21 6 -3 -3 10 -1 
5 20 -11 2 2 -1 -8 -2 
-3 -2 -19 0 -4 -1 5 9 
20 -11 -41 -12 0 4 2 10 
-12 -26 -20 1 2 -2 -3 -23 
-22 2 1 9 -4 -7 -10 -15 
-3 -8 22 3 -2 -2 -2 7 
-3 6 17 -1 0 -6 -22 13 
-3 -57 -10 -4 1 8 24 11 
6 17 -43 -13 -2 0 7 -17 
-14 8 24 10 0 -4 1 -17 
-9 -14 -26 -9 -3 -1 -2 8 
19 9 30 10 0 0 -14 12 
1 16 1 -2 2 4 3 -2 
4 -28 -12 -16 -4 -3 -3 28 
-10 8 10 21 4 -1 4 -36 
-9 16 16 2 -3 0 -5 -7 
1 -8 0 4 -2 -5 -17 5 
-4 -23 13 -3 -1 -2 -49 13 
3 -78 -24 -8 -4 1 34 -14 
-19 -16 0 -2 -3 -1 11 13 
-6 -9 33 1 -2 -2 1 -2 
-5 15 -7 -1 1 -7 -44 -17 
12 -42 -12 -19 -9 -3 33 -2 
28 59 13 10 5 1 0 18 
-9 -10 18 -3 -5 -2 -7 1 
0 -6 -47 -15 0 3 16 -4 
12 25 23 10 -1 0 -12 -6 
-15 -4 12 -17 -9 -11 -14 -23 
12 -3 22 20 -4 -1 3 38 
0 -55 -39 3 2 3 19 -44 
29 50 23 -4 -3 -2 -9 18 
-11 -48 -39 0 2 -2 -8 -15 
-4 12 -6 -8 -1 -3 -6 -16 
9 40 15 -4 -2 3 45 24 
-13 5 39 15 2 -1 -12 -13 
8 42 -44 -10 -2 -1 -11 -3 
-15 -55 -18 -8 -1 2 7 4 
24 5 25 2 -5 -10 -9 -23 
-7 -43 -20 -13 1 1 8 26 
-12 22 71 31 0 -2 -19 2 
8 -11 -9 2 6 7 20 2 
-15 32 -23 -32 -4 0 12 -2 
-36 -26 -13 7 -11 -14 -25 -7 
-1 -75 -30 -11 -4 -4 -4 -6 
6 14 -20 -7 1 2 -4 6 
-8 2 6 13 -1 2 -13 -13 
0 38 55 15 7 4 -2 10 
3 17 -66 -33 -6 -4 14 -4 
17 1 38 17 -1 -1 -1 10 
-12 24 21 7 1 -1 -5 5 
-11 -28 -54 -19 -4 -3 -11 -17 
10 17 33 8 4 4 11 5 
-5 -71 -20 -15 -4 -6 -9 -12 
-17 -18 0 2 0 -4 1 2 
-13 16 20 32 -1 0 -12 -11 
-3 -6 -57 -38 -3 -3 2 2 
15 11 21 25 2 2 -3 -8 
5 -6 -11 -11 -9 -4 28 16 
-4 -3 -7 0 0 -1 12 8 
-20 -13 -5 13 -5 -4 -13 -8 
-5 16 4 -6 1 3 8 -6 
27 29 -8 0 0 -6 -30 17 
10 5 -9 -15 -2 0 5 2 
-26 1 -5 2 -5 -2 10 -19 
7 13 18 -15 -2 -1 -4 9 
-2 -2 5 11 2 3 -2 -8 
-4 -4 -15 -15 -2 -6 -17 -3 
23 55 59 16 6 6 -2 11 
-1 8 6 7 1 3 -3 0 
-36 -20 -24 -7 -2 4 8 -11 
-5 10 -14 -15 -9 -15 -3 0 
-9 -39 -28 -15 -4 -8 -8 -3 
17 22 -13 -8 0 2 -16 -2 
0 -17 15 11 -2 -3 2 -9 
16 6 -5 -1 5 4 -1 36 
-14 -19 8 7 -6 -4 -3 -42 
-6 25 -11 -6 -3 -8 -16 -8 
9 7 43 17 8 2 -13 -1 
-9 -9 -69 -25 -5 1 14 4 
-12 -9 3 -7 -1 0 -13 -3 
15 -4 51 22 3 0 17 19 
0 31 -54 -12 -1 -3 -11 -11 
9 -6 51 5 -3 -1 3 0 
-2 21 45 7 6 7 13 8 
-13 -27 -41 -3 -8 -11 -11 -14 
6 46 42 19 -1 3 32 2 
2 15 -86 -40 8 7 -16 -5 
24 23 -5 15 -2 1 -2 11 
-22 -14 2 -3 -5 -7 -8 1 
17 2 -2 -10 -5 -5 4 19 
-10 -33 -14 -32 -7 -6 -20 -33 
5 -21 4 5 0 -3 3 2 
-11 -11 6 17 6 9 25 28 
-2 -7 5 -9 -4 -5 -7 -38 
-15 18 9 13 2 -7 -9 -17 
5 -10 -14 -3 3 2 3 3 
-9 -48 -32 -10 -3 -2 -10 6 
8 60 67 3 7 4 16 16 
-14 -81 -42 -10 -10 -2 5 2 
2 21 25 -11 0 -5 -26 0 
-5 41 -10 -8 -11 -6 28 -24 
-1 -27 -3 2 -4 -6 -13 0 
10 10 48 16 1 3 10 14 
-2 11 1 -6 -3 -2 -11 1 
-10 -17 -74 -21 3 3 4 -5 
-6 -65 -30 13 5 2 2 5 
-9 22 13 -32 -6 -8 -13 -20 
10 49 51 13 -1 4 -5 27 
35 -8 56 21 7 6 24 28 
-4 -2 -88 -46 -11 -5 -1 -16 
-2 26 77 48 -1 -4 -15 -13 
-2 -39 -13 -3 11 4 3 2 
1 8 -49 -13 -14 -10 -12 -16 
-2 -72 56 39 11 7 2 14 
-17 29 -22 -32 -7 -7 -3 -22 
3 -18 -79 -41 -5 3 7 14 
4 -12 44 36 3 0 -8 7 
6 -52 14 -14 0 3 6 7 
5 -11 35 19 0 0 -7 -16 
-14 -3 -44 5 1 -2 14 -9 
-19 12 -75 -48 0 -6 -18 -17 
-5 -22 -26 2 -6 -2 -2 4 
10 20 26 15 7 2 0 14 
4 42 60 13 -1 0 -39 -6 
-15 -100 7 23 -4 -3 25 -14 
-3 11 -39 -35 -4 -1 33 8 
0 5 27 52 4 3 10 7 
-24 -71 -82 -36 -14 -8 -13 -12 
-24 -25 39 -10 6 -3 -30 -30 
10 21 18 12 -1 -5 -12 10 
4 2 -39 -59 -5 2 5 10 
8 22 57 45 1 0 17 -5 
3 -32 -19 30 -3 -3 -9 1 
-17 101 -30 -18 -8 -3 0 -10 
2 6 -45 0 5 -2 -9 -6 
14 -10 22 3 6 12 27 11 
18 22 17 -13 2 -7 -31 24 
3 26 -4 -30 0 9 29 -5 
-9 -19 26 30 0 -8 -7 -29 
8 -12 -11 -2 -7 -13 -8 0 
-1 34 65 1 2 8 19 -10 
-18 -25 -85 -22 -11 -10 -5 10 
30 4 27 9 3 9 10 22 
-34 -24 -6 -3 -4 -8 -1 -16 
0 22 21 33 0 -6 -21 -15 
6 -37 82 9 2 4 -4 8 
2 96 -26 -17 0 1 18 5 
9 46 110 44 20 4 -9 3 
-7 -63 -32 -16 -7 3 -1 -1 
-18 2 -42 -52 -10 -6 -15 -22 
20 14 69 50 9 9 10 37 
8 -91 -71 5 -1 3 -5 11 
0 84 81 -23 2 0 11 3 
16 -5 -32 27 1 -3 -10 -14 
-9 -30 -40 -23 1 1 -2 10 
-27 -32 -26 9 -15 -10 3 9 
-3 1 11 6 5 4 -5 -36 
9 -14 -56 -12 -4 -7 -19 10 
-2 -50 -46 -13 -2 3 9 2 
-2 63 42 -2 -6 -7 -9 3 
10 4 -24 -26 0 8 30 16 
9 -33 19 44 6 -1 -4 -12 
-49 -55 -69 -76 -20 -17 -29 -29 
0 -3 -2 32 10 8 18 -20 
21 61 9 8 -3 -9 -60 43 
13 3 40 -29 -4 3 52 -20 
-18 -55 30 53 2 -1 14 4 
12 18 -69 -48 -11 -1 17 -3 
-16 36 6 -5 0 -4 -4 -2 
24 -3 61 31 3 -1 -38 0 
-11 -30 14 32 3 1 13 -3 
1 4 -41 -48 -8 -4 3 7 
-3 -33 -51 31 -3 -6 13 -11 
-8 9 -3 -30 -9 -6 -24 3 
21 90 49 13 5 10 -2 -6 
-12 -2 40 17 2 1 10 5 
-9 -16 -2 -27 -3 -5 -4 -15 
-10 -14 -54 19 -5 -5 24 3 
14 11 17 -5 5 9 -27 4 
11 -13 -21 -21 -6 -6 17 8 
-9 -15 -21 -3 -4 -4 -7 -1 
-18 16 52 22 6 0 -6 -11 
4 11 -15 -12 -6 -9 -20 -3 
-3 -17 0 0 2 9 14 -2 
0 -8 18 23 0 3 12 -21 
0 9 -9 -25 2 1 -11 21 
0 11 -10 -4 -16 -8 5 8 
17 83 7 24 13 2 -12 -15 
11 13 5 -40 -9 -3 8 47 
-18 -6 10 38 9 5 -3 -23 
-20 7 21 -3 -10 -16 -31 -35 
-24 -49 2 -21 -6 -1 17 -7 
15 8 -18 11 6 8 6 4 
1 54 39 8 -1 -2 2 39 
5 -55 -42 -25 -4 -4 2 -15 
-14 -46 28 10 4 -2 -2 -27 
-15 52 4 -5 1 3 -21 22 
-2 -25 -14 -12 -5 -7 -35 -29 
10 22 37 31 -2 7 74 49 
13 -3 -2 3 3 0 -13 -32 
-16 -20 -33 -32 -2 -5 -18 -14 
5 -22 10 4 0 2 -3 34 
-9 5 -66 -41 4 5 23 15 
33 58 35 9 -9 -13 -43 6 
-39 -76 11 -6 0 7 20 -43 
17 -10 -2 1 -10 -12 8 4 
1 -11 46 7 3 -8 -53 1 
-3 -16 -67 -7 -6 8 57 36 
34 10 1 6 1 -2 -31 -14 
-36 15 40 -2 4 9 50 -22 
4 -47 -20 6 1 -3 -33 -5 
-28 -63 -21 -5 -4 -9 -15 -27 
6 23 35 12 -5 -6 -4 9 
7 18 -53 -23 5 5 -5 19 
0 -1 29 16 1 1 -14 -12 
-10 21 10 3 -1 -3 -44 -5 
-6 37 10 -17 -1 4 48 11 
7 -69 -34 2 2 -2 5 11 
2 -1 6 -12 -6 -9 8 -20 
-28 7 -24 2 0 -4 -65 6 
-6 9 7 8 0 3 21 0 
8 -22 -8 -12 0 -7 -34 -29 
7 -15 -22 16 -2 15 65 39 
13 22 44 12 1 -4 -24 -21 
12 -43 -45 -9 -7 -11 -3 -5 
17 9 62 19 9 7 -13 5 
-33 20 -38 12 0 -3 -32 -9 
-10 16 27 -18 -5 1 41 -22 
10 -62 -47 -8 -3 4 29 37 
-12 -1 18 19 -3 -6 -20 4 
-4 13 -8 -23 0 -2 20 -10 
-7 -4 46 -14 -5 -6 7 10 
11 14 -59 9 -1 -9 -43 -8 
12 -13 3 -10 -8 -5 -2 -1 
-29 -34 -11 -8 6 2 -29 -20 
18 -30 -46 13 3 2 17 21 
-18 -25 -19 -4 -3 1 -4 -34 
8 72 51 4 -5 -7 -28 46 
22 80 14 22 -3 -9 19 -26 
7 2 -79 -62 -6 -5 -6 10 
-12 14 67 18 -4 -4 -8 -12 
-7 -8 10 30 5 12 16 -4 
9 -26 6 -60 -7 -13 -37 -1 
19 7 27 4 -3 -3 1 21 
-28 41 -5 -6 3 3 0 -15 
-13 17 -5 6 -1 0 2 -23 
-21 -24 17 -2 -6 -3 6 1 
-3 -71 -52 -14 -1 3 5 1 
-3 -18 26 1 -7 -9 -20 0 
-11 -24 -26 10 -2 -5 5 -9 
9 1 28 14 3 7 25 3 
-3 -3 6 -3 3 2 -8 -8 
-6 36 -42 -11 -4 -4 4 8 
5 87 37 1 -2 -1 -6 0 
13 2 6 11 1 2 -1 4 
-5 1 10 27 8 1 -30 0 
-1 11 -3 -21 -2 1 39 -8 
-5 -10 -26 -14 -4 -3 4 -25 
10 29 24 15 -3 1 -2 -2 
3 29 11 -16 15 7 3 18 
-7 -33 23 27 -4 0 -21 -18 
12 30 -16 -11 -6 -3 15 32 
1 -10 -33 4 -13 -12 5 0 
4 30 53 -4 -1 0 15 4 
6 4 5 21 12 4 -9 1 
-11 -54 -52 -38 -6 -4 -3 16 
-2 -33 14 12 11 14 19 -34 
-13 9 -7 8 -13 -12 0 0 
34 23 20 -3 3 7 2 6 
-14 -17 -19 5 -7 -16 -22 -35 
-13 -34 -18 -19 14 5 17 37 
13 -20 -71 -12 -6 1 -1 -9 
-16 -68 -20 5 6 2 0 -8 
10 78 55 -8 5 11 25 2 
-7 -17 -40 24 -12 -6 -1 -8 
-8 27 33 26 1 -4 -36 -24 
17 5 21 -15 3 -4 -16 20 
-8 -86 -7 5 -1 3 5 -5 
23 86 49 10 7 11 14 5 
-5 20 -47 -17 -3 -5 -14 -12 
-8 -45 9 2 -4 2 25 34 
-6 80 85 2 -9 -8 -24 -29 
3 -1 -15 -1 4 -1 -7 6 
14 -11 19 10 9 18 57 33 
-3 -6 14 -3 -8 -15 -27 -7 
-1 -72 0 14 -6 9 25 -2 
-12 -5 -81 -33 5 -7 -24 -22 
-2 -16 9 9 -13 -11 -7 2 
1 28 -17 3 5 3 -1 -10 
-1 -18 -12 0 -4 -7 -9 -2 
10 -51 24 9 -3 6 15 11 
-18 -55 -17 -31 4 4 -5 -2 
18 8 65 34 2 8 14 10 
-14 16 -24 -16 2 -5 -1 -8 
-10 11 -4 -6 -9 -8 -16 -4 
-4 11 21 23 7 -4 -2 -17 
6 29 -3 -18 -7 -1 8 9 
1 -13 24 9 1 -4 -13 -11 
-3 -5 19 15 1 1 -3 -1 
-3 -27 -64 -24 -12 -7 3 8 
-1 98 -26 0 6 3 13 4 
4 -25 -34 -15 3 5 -5 -3 
19 21 45 -8 1 4 -16 16 
-28 -67 -13 9 0 -1 15 -29 
5 -8 3 -30 -6 -19 -50 1 
-14 -21 -127 -15 -11 -1 61 0 
8 -9 -6 36 3 4 -6 4 
-1 50 85 -15 -7 -12 -24 -16 
9 -32 -5 -8 -2 -5 -7 -2 
-11 -12 -8 16 6 2 -14 -16 
-6 4 -1 2 -5 -1 -2 -18 
14 24 35 3 1 8 44 37 
-33 -88 -94 -32 -7 -5 -18 -19 
17 48 45 -23 -5 -8 -23 17 
-6 -12 -21 -17 -5 -4 1 -5 
-12 14 24 28 3 -6 -13 -22 
-16 1 19 1 -5 -3 -26 -21 
34 -25 -7 10 7 11 56 47 
-20 7 9 -23 -3 -5 -14 14 
18 14 14 9 -8 -5 -15 -26 
-16 9 -29 -46 -9 0 15 -36 
-1 2 -11 28 0 -6 -29 13 
21 -1 -3 -19 -3 0 19 30 
1 -35 -13 4 -2 -5 -13 15 
1 27 3 27 0 0 9 -10 
-13 -28 -20 -40 -1 -3 -23 -29 
4 47 0 7 -2 -4 2 14 
6 14 -5 11 9 12 6 -3 
10 -8 -17 -1 -2 -7 2 21 
-15 -14 35 5 -1 -1 11 6 
-18 -22 -40 -1 0 -2 -14 -8 
-17 5 17 1 -2 1 -13 -27 
-3 -15 -6 -4 -4 -2 9 8 
-4 -13 13 3 -1 -1 -5 -2 
-2 31 34 -1 -6 -8 -1 -2 
-2 10 0 2 0 1 3 18 
17 -3 13 20 3 4 11 1 
-2 9 -22 -6 0 -3 -15 -1 
-8 -22 7 -15 -2 1 -1 -30 
10 2 -40 -5 -7 -7 -1 20 
-9 0 30 6 3 2 4 7 
7 11 -4 -6 1 2 -18 -17 
7 -30 -22 -6 1 0 20 18 
3 4 -2 -10 -9 -8 -4 6 
-11 1 7 11 3 5 5 -11 
-8 6 12 13 1 0 -13 -1 
9 -6 -5 -17 -4 -6 -4 20 
-18 -14 1 -3 1 5 6 10 
13 4 -4 4 -1 -4 3 -4 
-9 -7 3 0 0 -1 -4 -28 
2 10 12 8 5 2 -18 1 
20 14 -6 2 -2 -1 16 0 
-5 -1 24 -4 -3 1 1 -6 
3 -13 -7 4 0 -1 4 9 
-7 -38 -33 10 -3 -4 -14 -7 
-9 53 5 -25 -5 -1 -7 -14 
-4 -10 14 0 -1 2 2 17 
2 6 2 -3 -2 -3 -1 9 
-9 -18 -33 -4 -5 -4 -6 -42 
-1 -4 15 9 2 0 -1 23 
4 -5 -32 -10 -1 -1 2 -14 
-1 10 -3 -6 -4 -4 0 16 
-5 -3 17 -2 0 -3 -2 -15 
6 -9 -3 -3 1 3 -3 -3 
-2 3 -2 7 0 0 -1 9 
4 -2 -2 -9 -2 -2 1 15 
1 3 -5 -10 -3 -3 -6 -17 
-11 -12 -8 -2 1 -1 -3 -26 
5 19 26 12 -5 -3 -1 4 
-1 1 -6 5 2 0 0 -16 
-2 -21 1 -6 0 -1 0 18 
2 -13 3 -2 -1 -1 -3 7 
-8 -7 -13 3 -3 -3 -1 -12 
0 6 5 1 -2 -1 2 7 
15 2 6 -4 -3 -3 -4 -8 
-9 -48 -6 -6 -2 -1 -2 0 
1 -27 -52 -7 2 3 6 12 
-5 12 19 13 -1 -2 -8 -30 
7 21 21 -12 0 2 1 4 
-5 -5 -6 8 -3 -6 -2 -5 
13 -5 9 0 0 1 1 10 
-16 23 -4 5 2 3 2 -2 
5 -4 11 7 0 1 1 -5 
5 17 13 6 3 3 -1 -1 
-18 -9 -16 -10 -3 -5 -4 -7 
8 -10 -19 -8 0 0 2 2 
-3 4 -3 -13 -5 -2 -3 3 
2 0 14 7 -3 2 -1 1 
8 19 23 8 3 0 1 6 
-1 -13 -5 -8 -1 0 -2 1 
-2 2 2 4 1 -3 1 12 
-10 -3 -6 0 -1 -3 -7 -30 
16 -2 -3 -9 -1 -2 -1 1 
-12 20 2 -1 -4 -3 2 4 
2 5 11 13 1 0 -3 1 
-3 -20 -38 -14 -3 -2 1 9 
-15 7 15 8 2 1 -4 -27 
13 -14 -5 -21 -2 -2 0 18 
-10 1 -1 3 -2 -3 -4 -7 
4 11 4 2 1 0 -4 -12 
-2 -23 -12 -6 0 1 2 16 
-3 -5 6 3 -1 1 2 -5 
-13 2 8 5 2 -2 0 -4 
1 -8 -21 -17 -6 -2 -1 1 
-1 -4 -2 14 -4 -2 -2 -11 
-1 3 8 -5 -2 -3 -6 6 
-4 -5 -6 -3 0 -1 3 -5 
6 16 21 6 3 2 3 11 
9 -4 -36 -15 -4 -3 -10 16 
-16 -10 12 18 3 2 11 -23 
-15 -11 -31 -27 -9 -6 -11 -30 
1 -1 6 2 1 -3 -1 14 
-1 1 22 -1 -2 1 -1 4 
11 -55 -41 0 -4 -1 -3 3 
-3 56 0 4 4 4 3 -19 
-1 12 16 -1 -1 0 -1 22 
-3 10 17 -7 -7 -6 -2 -2 
-1 -21 -11 -5 -2 -3 -4 0 
0 -2 10 12 0 3 5 1 
-13 -10 -9 -1 -4 -5 -6 -11 
3 11 11 -1 3 5 5 -3 
-6 12 9 -7 0 0 -4 -11 
-19 -28 -19 11 -1 -2 -3 -16 
15 22 16 -10 -3 -4 0 46 
3 -13 -10 -2 -4 -6 4 -9 
-10 3 7 3 0 -3 -4 -10 
12 0 6 4 3 2 4 14 
1 -52 -78 -15 -2 0 -4 -24 
-1 38 41 22 -1 -2 -6 -12 
-5 -9 7 -10 -5 -2 -5 2 
-2 13 -8 1 -1 -4 -4 -5 
9 13 25 2 -2 -2 5 9 
0 -15 -22 -9 1 -1 0 7 
8 24 16 5 0 0 -2 -2 
6 -8 -3 2 5 3 5 -6 
-15 -29 13 -1 -2 -1 -6 -2 
-9 -12 -11 2 -3 -2 2 10 
-1 4 5 -7 -1 -3 -4 -10 
3 -6 1 -8 -3 -3 2 18 
-2 12 6 5 2 1 2 -16 
1 -43 -7 -3 0 -1 -4 -2 
-1 39 -30 4 6 5 6 6 
-6 5 26 -5 -5 -3 -9 -6 
-7 -10 -13 -3 0 -1 0 -10 
5 4 10 -6 -1 -1 1 17 
-3 -17 -14 -13 -4 -4 -8 -30 
-7 -11 25 10 -8 -5 2 1 
-3 14 9 9 -1 -1 -1 3 
6 0 -8 0 3 3 0 -15 
12 -8 9 -5 -2 -4 -2 30 
-3 25 1 -5 -2 0 1 17 
-3 2 16 -1 -1 -3 -3 -16 
-8 6 -25 -9 -2 -1 1 -13 
3 -3 -8 3 0 0 -6 20 
16 -16 1 0 -2 -4 -3 -3 
3 -13 -12 5 -2 -5 -6 -12 
-15 -1 2 -6 -2 -2 2 -4 
-2 5 -3 2 -1 0 1 -1 
-4 -20 7 1 0 -2 -1 3 
3 -30 -17 -8 -1 1 -8 22 
-22 17 -6 -3 -4 -2 9 -37 
4 19 24 5 1 1 4 14 
2 -8 -25 -9 -4 -2 1 11 
12 9 10 6 2 2 1 3 
-5 -31 -7 -6 0 -4 -11 -8 
-23 -3 11 -14 -6 -3 1 -15 
-2 -2 -6 12 -3 0 -6 -7 
-2 15 -1 0 0 -1 4 -12 
9 11 27 3 -1 2 0 23 
10 -3 -23 -1 -1 0 1 0 
-5 -3 -10 -12 1 1 -3 -9 
-7 -3 -2 -3 -3 1 7 8 
-5 5 5 -13 -4 -2 -4 -17 
23 1 12 10 0 0 -2 -9 
-16 1 0 -7 -4 -5 -3 13 
9 2 0 -7 0 -1 1 9 
-15 -10 12 7 4 2 -7 -18 
-2 66 8 3 1 2 5 -2 
-13 8 22 1 -1 0 -3 -22 
-2 -7 -21 -1 -1 0 6 7 
11 9 3 -4 -3 -4 -7 34 
-9 -44 -6 -3 -3 -4 -1 -17 
3 14 -24 -8 -1 1 3 6 
-8 -13 2 -4 -4 0 -1 -10 
-9 7 -6 5 1 -4 -5 -7 
-12 -33 -6 3 1 -1 -1 -12 
16 0 -9 -7 -2 0 4 32 
-7 23 13 -5 -2 -3 -16 -39 
-5 -13 -5 2 0 4 13 3 
1 -6 5 -1 -5 -7 -2 9 
-2 -10 -15 0 6 2 3 -10 
3 7 27 6 -4 -1 -3 8 
5 4 -19 2 0 -1 2 14 
9 -10 17 -11 -2 -3 -4 8 
11 32 -6 -2 0 0 -1 -16 
-18 0 -15 -5 -1 1 5 -10 
5 -2 -9 -4 -2 -1 -6 10 
-1 0 5 10 2 1 4 -6 
3 -7 9 -10 -3 -4 -5 0 
16 7 0 -2 -2 -1 3 23 
5 4 14 1 1 1 -1 -5 
-9 -25 -25 -3 -1 -1 -3 -2 
-7 -13 -19 2 1 -1 -1 -23 
-2 -1 -14 -6 -2 1 3 10 
0 2 27 8 -1 -5 -4 -2 
-16 -9 -10 -6 -4 -1 -5 -17 
11 3 26 15 -2 -2 -3 10 
5 -11 -7 -8 -2 -3 -1 -6 
-7 -19 -13 -12 -7 -4 -2 -6 
-1 16 -7 1 1 -1 -2 4 
-17 5 -2 -2 -1 1 0 -17 
0 8 -5 4 2 -1 -2 18 
3 5 2 -5 -5 -2 -1 -23 
-3 1 4 4 -1 -1 1 3 
1 -12 3 -5 -2 0 1 15 
-13 1 -17 1 3 -1 -2 -16 
5 9 2 2 2 4 3 1 
-9 -20 -16 -10 -2 -2 -3 8 
5 15 13 1 1 -1 1 -8 
-3 -13 -14 1 -3 -4 -8 -1 
7 22 5 5 0 -2 -4 21 
0 -3 0 -3 -3 -2 -2 5 
0 -9 -13 -10 -4 -4 -4 -3 
-8 -11 7 1 -1 -2 -2 -10 
5 1 -13 -2 -1 -3 -7 -7 
-4 -11 -9 -2 1 -1 5 -1 
1 -22 0 3 0 0 0 18 
-17 17 15 5 0 1 -1 -27 
2 -12 0 -7 -2 -2 -4 11 
-21 15 8 -2 0 1 2 -9 
6 -3 5 13 -5 -5 -11 -24 
3 1 -22 0 0 3 13 18 
-6 2 3 -3 -2 -1 -2 1 
16 -3 -4 2 1 0 1 6 
2 -7 -15 -9 -3 -2 0 1 
-5 25 8 1 0 1 0 -11 
-5 -2 -16 0 1 2 2 -5 
20 25 22 -4 -3 -1 -1 22 
