#EMG
#2
#ID:2-2
-5 -9 -73 -25 1 5 1 -4 
-6 9 41 24 -1 8 5 22 
-2 -5 -3 -19 -3 1 -9 3 
9 -8 3 7 -6 -16 -13 14 
6 -2 14 -4 -1 -8 -19 -22 
2 4 -15 -10 1 1 0 -2 
-2 -4 -16 6 2 2 18 -12 
-7 9 22 -8 2 9 4 19 
16 3 3 10 0 -1 11 -11 
-13 -16 -2 -7 -11 -11 -16 -9 
-10 6 -30 -11 -4 -1 -7 2 
31 3 8 13 6 18 5 4 
-28 -3 5 -6 -1 -23 -37 -6 
19 15 26 3 0 10 36 -11 
-10 -6 0 1 1 -3 -7 16 
-4 -4 -4 9 -2 -5 3 2 
12 5 -3 -9 -1 0 -13 6 
-9 -9 -7 2 2 1 -3 -8 
5 -2 -2 -1 -1 4 9 3 
-15 -1 -5 -6 2 -8 -29 -20 
-7 -10 28 0 -7 -2 31 28 
15 7 -20 -13 -3 -5 -2 14 
6 6 -8 0 0 -4 -7 -28 
-10 2 2 -3 -1 -2 -8 -3 
7 6 29 17 5 11 4 6 
3 -1 -57 -23 -1 -8 -19 -3 
-9 27 42 4 0 7 24 -10 
-28 -25 -58 0 -3 -13 -3 -15 
-1 -5 19 2 -4 -1 16 14 
-1 8 -1 1 1 10 -4 -2 
15 -8 -8 -7 1 -8 -11 -8 
15 7 17 6 -2 3 2 14 
-8 0 3 -11 -3 -6 -16 -10 
-7 3 18 5 2 5 16 -5 
-4 -19 -13 -8 -2 -5 -2 0 
-7 3 23 5 2 1 -3 -4 
11 -4 -20 -4 0 3 -1 2 
16 13 -2 -23 3 12 19 25 
-18 -1 31 32 -4 -10 -3 -15 
17 12 -37 -10 -4 -8 -12 1 
-22 -20 -13 -22 -6 -6 -8 -12 
-8 -4 16 7 0 -2 6 -2 
6 -21 -17 -2 3 7 7 11 
-8 10 26 3 -1 2 5 -3 
10 34 24 12 4 0 -8 13 
-12 -6 -66 -31 -7 -4 -16 -40 
3 -17 -8 -1 -4 -11 -7 8 
-16 -25 -11 8 -4 -4 3 -8 
12 1 -10 -15 -2 6 -4 -5 
2 -1 33 16 1 -10 -1 8 
19 16 3 0 0 3 2 8 
-14 -13 -9 -8 -2 -5 4 33 
-13 1 8 16 6 13 -12 -56 
0 -18 -5 -12 -7 -14 -16 -7 
-7 15 -32 2 -3 -6 -11 -3 
1 -15 16 -13 -8 -3 4 -11 
-4 -11 -18 -6 0 -3 31 16 
8 3 40 32 6 15 -6 8 
-22 2 14 -12 -3 -13 -22 -8 
12 9 16 6 3 0 -13 -19 
10 -3 -27 14 2 2 17 53 
10 -10 -14 -45 -7 3 -5 -2 
-20 5 39 11 5 3 -11 -9 
11 1 -25 -17 0 8 14 8 
12 -3 1 4 -1 -11 -38 -31 
-18 -30 3 27 3 -2 -15 14 
24 24 18 -10 -6 -2 25 6 
-11 5 23 6 -2 -5 -26 -11 
21 10 -15 -10 1 7 34 2 
-35 -5 -38 1 0 -2 -42 -21 
8 -11 10 13 -2 -9 13 19 
-1 0 -28 -22 1 2 -17 -10 
-8 11 36 21 -4 -11 -8 18 
15 12 -16 -17 -3 2 13 1 
-6 -8 12 11 3 0 -30 -17 
-5 25 26 -4 -1 3 20 -5 
3 0 -12 -6 0 -10 -42 -15 
-5 -4 41 2 -7 -2 40 -6 
8 -12 -28 4 1 4 16 25 
4 -28 11 2 -1 -4 -13 -3 
-21 5 -39 -4 -1 -1 -29 -19 
-1 17 52 16 -3 2 46 8 
23 -9 -42 -27 -2 0 -35 12 
-7 -12 -2 6 -4 -1 56 -14 
-1 -2 -7 0 -5 -8 -1 25 
-9 4 27 18 5 -2 -8 -22 
-4 8 -17 -22 -4 5 -27 -12 
18 14 -4 5 2 4 36 19 
-17 -17 -28 -31 -6 -7 11 -24 
-4 -19 -42 7 2 -5 -7 4 
-4 -43 17 -10 -5 2 0 -20 
-3 -6 -25 20 -5 -10 -2 18 
-3 -43 24 -5 -4 -3 -10 -15 
34 20 -25 -18 0 14 0 37 
-43 6 48 27 -1 -14 -6 -19 
14 -5 -29 -5 3 8 18 7 
8 14 43 11 3 1 -6 12 
-14 12 -43 -10 2 -2 -41 -36 
34 -17 -30 6 2 16 55 42 
-44 -14 5 -20 -5 -8 -52 -23 
8 21 52 21 5 6 42 -9 
-4 -9 -6 4 0 -10 -30 -21 
3 2 0 2 1 -1 -57 12 
17 19 -23 -16 -1 13 98 38 
-8 -1 37 7 -4 -1 -17 -16 
3 -2 -29 -14 -5 -9 3 -6 
-13 13 62 24 0 -9 -11 -11 
1 -10 1 -7 -2 3 20 -5 
15 68 4 -10 5 1 6 32 
-30 -35 18 10 -5 -4 13 -24 
-32 -9 -22 -9 1 -3 -28 -24 
4 16 17 5 1 5 -1 -6 
1 -10 -9 5 -3 -8 -32 -1 
9 10 4 -10 -4 8 74 22 
-15 27 -44 -18 -1 -1 4 -21 
5 26 22 31 2 -4 -39 -10 
-3 -53 -52 -41 -8 3 -4 -2 
14 62 41 21 5 -6 -28 8 
7 -20 -30 -13 -6 0 21 18 
2 30 13 8 -1 -1 -8 12 
-14 18 -28 -2 -1 2 9 -15 
-25 0 4 -14 -3 -7 -28 4 
10 -33 -25 -3 -4 2 30 -16 
7 36 42 -13 -4 -7 -38 14 
-2 -42 -31 3 0 -8 -44 10 
13 59 -19 2 -1 4 33 0 
-2 26 25 -5 4 9 36 -35 
-10 -33 10 -1 -3 -8 -45 -31 
6 1 0 -1 -1 4 15 10 
2 -33 -26 -9 -8 -2 60 20 
19 83 21 -7 3 1 3 35 
-16 -44 -21 3 0 5 -24 -21 
34 -10 -36 20 -3 -10 19 35 
-36 -23 -15 -26 2 -2 -27 -24 
-3 -25 -31 4 2 2 -4 -15 
-2 -49 -20 -29 -7 -6 10 6 
-13 46 35 16 -2 -4 -24 -20 
32 -20 42 31 5 5 6 12 
-6 -3 -21 -21 -7 -5 4 7 
-1 13 -10 -4 5 5 5 -12 
-26 -55 -22 -1 -1 7 43 -23 
3 -45 -26 -14 -13 -18 -51 18 
10 55 75 20 2 15 36 21 
10 38 -12 17 2 -8 -16 10 
-22 17 29 6 0 -1 -22 -53 
13 -25 -16 -14 5 9 15 -25 
1 12 16 14 -3 -8 -27 38 
-12 -66 -25 -1 -6 -6 -2 1 
-12 -33 12 -2 -7 -1 6 -14 
3 21 0 -19 -1 -7 -46 -5 
0 -30 20 12 -1 5 35 26 
-12 14 -53 15 4 -3 -49 -10 
28 23 18 -22 4 7 1 8 
-19 1 -27 -3 1 6 64 -12 
-14 -19 49 -8 -2 -1 -8 -10 
-9 -77 26 34 -2 -8 -14 -32 
9 83 -18 -27 -2 -7 -21 28 
-14 -65 36 39 1 0 -20 3 
-4 -27 -85 -28 -3 -11 -10 -10 
8 -3 -17 1 -1 4 4 10 
11 -7 7 -10 -8 -3 4 10 
-2 -7 -35 -6 2 7 14 20 
2 -3 14 2 0 -9 -23 -9 
-33 -5 -5 23 3 2 20 -31 
3 13 -16 -47 -2 2 -2 20 
17 46 77 -3 -5 -9 23 -1 
6 41 -33 27 0 1 -13 -30 
12 -22 -65 -75 -4 -11 -63 -4 
-18 -23 13 6 3 14 99 7 
-26 -26 -4 17 -3 0 -21 -29 
9 -26 -34 9 -3 -2 -2 23 
9 52 74 2 4 9 19 0 
-12 -45 -47 -9 -9 -13 -32 1 
12 -12 -35 -7 4 -2 -38 5 
28 3 30 0 -6 -5 3 -10 
-43 84 74 2 3 15 41 19 
-2 -77 -81 5 3 1 -11 -3 
-2 32 -8 7 -3 -9 -12 1 
2 -4 -71 -50 -9 -7 -32 -31 
14 -45 68 30 1 2 1 18 
1 45 48 10 5 -3 15 -16 
-1 -5 35 25 -2 3 18 34 
2 -60 -31 -16 2 6 -2 -25 
-5 -38 -62 -41 -5 -11 3 -6 
-4 3 38 21 0 -9 -10 -1 
4 -19 10 -34 4 3 -22 26 
-48 17 -17 1 -1 6 8 -16 
6 9 9 -1 -14 -9 4 9 
-13 -14 -5 1 4 -4 -53 -29 
19 31 43 30 -4 2 27 13 
20 -11 34 -15 5 3 10 -4 
2 -4 -37 -3 2 -3 -9 -11 
-9 34 -30 -3 -11 -2 6 26 
-18 50 7 9 0 -2 0 -30 
-16 40 7 -2 -9 -14 -17 0 
46 27 -10 2 6 11 59 35 
-30 -23 50 18 2 1 -29 -12 
1 -24 -62 -25 -11 -5 -1 -17 
-8 -26 -16 12 0 -2 12 -1 
0 52 53 -40 -3 0 -8 -14 
23 9 5 28 9 4 12 27 
-3 15 23 12 -1 1 -2 -28 
-16 -38 -13 -6 -7 -6 -36 9 
5 4 -9 10 -4 -8 38 20 
11 6 -7 -2 2 2 -23 -11 
-7 -14 -4 -14 -3 4 26 -12 
4 -43 17 15 -4 1 9 -8 
-15 4 -61 -16 -1 -12 -46 -12 
13 -24 -10 -9 -3 2 48 19 
-11 -2 -8 0 4 -4 -11 -16 
20 37 36 5 7 7 0 27 
-7 -8 16 27 -4 2 -11 6 
-7 -54 15 7 6 4 -43 -20 
9 12 -48 -55 -9 -10 29 -5 
1 -22 4 -18 -1 5 53 0 
-14 19 -20 23 1 2 -7 15 
-4 0 -9 -7 1 -9 -15 -10 
14 33 83 31 6 7 -18 -16 
-2 -4 -47 -7 -3 -11 -19 39 
14 4 34 2 3 2 -3 -8 
-37 -4 -5 6 -7 -3 9 -33 
-1 -50 -17 -5 -2 -7 -6 22 
18 76 -11 1 5 6 4 -1 
-24 -27 -6 -19 -7 -3 -6 -17 
-5 -19 -21 -7 -7 1 -5 -17 
10 12 46 26 5 -3 -22 16 
-12 -21 -33 7 3 -1 -5 0 
24 -2 -18 -13 -3 -4 -23 2 
-13 69 32 7 4 12 63 6 
-1 8 1 -12 -4 -11 -37 -11 
-13 -39 15 -18 -4 0 2 8 
7 19 -11 17 5 2 30 -34 
58 -10 4 7 -8 -4 27 77 
-24 17 -14 9 -1 6 -18 -23 
-26 24 -44 -32 -1 -5 -5 -10 
4 -28 42 9 -3 -6 -12 0 
4 -1 -25 -18 -1 10 9 11 
1 -3 9 18 2 -3 -10 -9 
5 8 55 27 5 5 -11 -36 
-27 -9 6 -2 -5 -5 -34 -15 
7 2 -11 8 -3 -18 -51 5 
-8 -24 -35 -8 -5 -7 62 16 
2 29 14 2 -4 3 25 -34 
23 -61 -9 13 3 -4 -8 60 
-28 -18 17 -17 -7 -2 -11 -35 
3 -31 -5 -8 -2 -5 -18 21 
6 -21 -22 18 2 2 -5 -8 
-7 1 -10 -33 1 -2 23 -7 
-16 -22 -55 14 2 -3 -21 -24 
18 19 23 11 -2 0 -44 18 
0 6 51 5 -3 0 53 4 
-2 4 4 17 5 11 35 7 
-33 -4 -18 -19 -6 -10 -26 -29 
16 19 32 4 -2 5 20 -4 
7 -12 28 21 0 -7 -68 11 
1 -6 -13 -35 -8 9 47 5 
8 22 -38 -15 3 3 19 1 
-1 -69 -22 23 -6 -15 -72 4 
5 -4 49 2 -2 1 19 3 
-7 51 -72 -2 -4 -14 7 -18 
1 34 16 -7 -6 0 26 -1 
18 37 -8 -2 5 9 -5 -6 
-7 11 45 8 0 -5 9 13 
-29 -28 -14 15 -3 -4 -17 -8 
-2 7 47 -10 0 7 3 -4 
-14 31 -3 13 -1 -6 -12 -13 
-5 26 13 -29 -6 -8 -55 0 
-2 -31 -31 -4 1 20 103 2 
13 -41 -73 -13 4 -11 -50 -8 
6 -14 -7 -8 -3 16 69 12 
-58 -65 -29 -5 -4 -6 -1 0 
29 42 114 28 -3 -11 -23 15 
16 4 -18 -21 0 -2 -28 19 
-6 -10 -14 -23 0 2 33 -18 
-1 -45 -27 -22 -5 -17 -86 -52 
-5 -22 -75 -19 -8 2 55 16 
3 14 55 30 3 2 16 12 
-18 4 -23 -21 -1 8 13 28 
29 24 -23 13 -3 -12 -7 -15 
-21 -24 37 -9 2 -6 -65 -25 
20 23 30 8 1 1 -60 11 
-27 -60 -10 -15 -10 -5 24 -30 
14 34 0 0 3 14 71 73 
1 -6 -25 6 3 -15 -46 -24 
8 14 46 20 -1 -1 5 -9 
-3 26 -17 -24 3 -8 -34 -5 
18 -44 -37 -20 -6 6 25 20 
-20 50 114 48 6 4 -30 -5 
-5 -30 -58 -11 -1 0 13 -28 
7 16 20 11 5 1 -10 5 
-7 -39 -101 -27 -8 5 51 21 
22 46 24 -33 1 11 18 0 
-4 -40 -11 16 -6 -3 15 23 
-5 -13 57 35 7 -5 -12 -2 
13 40 3 7 0 -12 -26 -20 
-33 8 -39 9 -4 5 -9 -2 
-2 -4 -2 -48 2 5 11 -4 
28 -1 15 44 -5 -17 -45 9 
8 5 49 6 5 25 82 -5 
-34 -39 -39 -19 -6 -23 -87 -58 
4 18 19 19 -1 5 91 21 
4 47 50 -19 0 -2 -23 7 
-14 6 -17 4 3 -3 -32 -16 
21 -3 67 20 2 3 -8 0 
22 -19 13 32 -2 -3 -32 36 
-2 -25 -84 -68 -11 4 50 -30 
7 -17 39 6 -1 -16 -49 15 
14 -60 -21 6 4 14 62 2 
-10 7 26 0 -5 -10 1 -41 
-22 -5 -19 1 -4 1 -8 27 
3 62 -28 -18 15 8 -30 -13 
12 -1 35 22 -15 -18 -19 13 
-12 18 23 14 0 -3 -9 -5 
-8 27 33 3 -2 2 2 -14 
-19 -47 -51 6 -5 -8 -3 -25 
7 36 30 -37 0 -1 1 9 
-17 2 -73 -42 -3 -3 6 -11 
12 -55 -34 11 -4 -1 -10 10 
-31 15 25 -9 8 -2 -34 5 
29 -6 -5 15 -2 4 43 -2 
-14 48 -21 11 4 5 32 28 
24 -39 24 -27 4 -11 -94 -5 
5 76 59 93 -4 17 75 -7 
-9 28 -60 -46 6 5 8 31 
5 -56 -57 -20 -8 -5 -13 -40 
5 25 -5 -12 5 0 -7 27 
32 -18 38 -5 -1 -2 4 24 
-16 6 16 23 -1 -10 -31 -31 
-8 7 34 42 3 12 4 18 
-14 -37 -13 -8 -5 -7 8 -35 
19 23 48 -23 -3 -12 -18 0 
-17 -24 -46 13 7 9 4 22 
-3 -31 5 -17 -5 -11 -17 -17 
-15 -35 -41 29 -1 4 6 -10 
7 -23 -97 -39 -18 -3 18 39 
-11 9 45 12 16 2 -11 -22 
25 14 35 1 3 -5 -48 -7 
-25 -11 -54 2 -7 5 56 -18 
14 16 53 36 3 -8 -47 -35 
22 -15 -10 -41 -14 8 61 89 
-4 27 -9 -32 -4 -8 -19 -20 
-11 3 26 13 2 0 1 -6 
-20 -19 35 18 -1 -2 -23 -15 
26 -41 -61 -4 -2 -6 -88 1 
-6 -91 -25 -17 -5 5 87 1 
23 9 -62 -39 -4 -6 -2 12 
-49 19 -6 8 -6 -2 3 -12 
25 32 41 -8 11 0 -44 -3 
-5 -2 -19 -5 -11 1 6 3 
0 -8 -16 14 8 1 10 1 
-9 -73 30 -29 -14 -3 -1 -1 
-5 1 -4 15 1 -6 -4 -16 
-2 -12 -56 -1 3 2 -9 4 
5 24 30 12 0 1 -12 13 
11 -35 18 -10 2 -5 7 4 
-29 22 26 15 -15 -7 5 -21 
19 16 -41 -19 2 8 -12 22 
-4 -22 29 13 -7 -11 -8 -6 
-9 -31 -18 6 2 1 32 -23 
11 -16 -15 3 0 -3 0 -11 
-36 4 15 -14 -1 -7 -34 -11 
7 -9 9 5 3 11 12 4 
1 66 -11 29 6 5 8 12 
-7 -40 34 -3 -2 -8 -25 -6 
-5 0 -51 -32 -7 -6 3 -10 
0 33 59 6 -10 0 -8 -2 
6 20 -14 -26 -8 -4 -10 -5 
8 73 47 52 18 -1 -6 -2 
19 -9 -47 -29 -2 -3 -1 10 
-23 52 72 8 6 5 3 -26 
15 -7 -3 -27 -4 -6 -26 27 
7 39 -52 -3 -11 5 47 10 
-23 -53 -21 -24 -8 -9 -9 -17 
34 70 2 12 22 12 4 15 
-8 -13 -6 -21 -8 -4 13 -18 
10 -63 -9 -17 -4 -8 -7 17 
-23 43 100 58 9 5 -4 -22 
-9 6 -21 -1 -13 -3 33 -4 
-6 1 -50 -37 3 -2 -27 -7 
-7 26 13 -28 -18 -7 18 12 
10 -20 -35 56 -3 -5 -6 -12 
-27 -13 -30 -44 -6 -3 -4 6 
-13 -1 37 38 18 10 -8 2 
-17 -25 -48 -64 -16 -6 7 -11 
11 38 107 7 0 1 16 13 
4 -58 -92 -17 -8 -13 -55 -7 
11 -11 -16 9 -1 8 72 -9 
-7 -13 3 7 -5 -4 -14 14 
-16 12 6 12 8 3 1 1 
12 -3 28 0 -7 -3 -19 5 
-15 -45 -47 -6 -2 3 11 -34 
-34 -25 9 26 1 -2 -20 0 
-1 29 18 13 -8 -10 6 -4 
12 38 56 -26 -1 -1 17 0 
1 -9 -78 -42 2 2 -22 12 
13 -49 -29 30 -4 -2 -8 -17 
3 9 48 -4 -3 -5 -5 -3 
-27 -38 -75 12 3 -2 -2 -12 
-1 3 48 3 -5 -6 0 15 
5 1 -39 -38 -8 2 15 9 
6 -44 21 15 -4 -5 -11 -2 
11 50 -41 9 -2 5 7 10 
-30 3 4 -11 -10 -7 -9 -14 
-6 -9 -50 7 7 -2 -19 -32 
1 5 2 4 2 9 25 24 
13 13 46 14 -2 -5 -17 2 
22 23 12 -14 -7 -5 -9 8 
-7 -8 7 27 7 2 3 -10 
-27 24 -36 -40 -6 -5 -33 -5 
-7 -36 -34 -8 -3 1 57 13 
13 -6 18 33 12 9 8 3 
-22 19 25 -39 -5 -3 -5 -36 
-2 -12 -3 -18 -6 -10 -26 -8 
-2 14 71 9 15 5 9 8 
-15 -1 -47 0 -12 -13 -29 -10 
1 20 23 15 6 6 12 13 
36 -2 2 24 4 4 0 0 
-47 -107 -26 -34 -10 -3 -6 2 
26 30 20 -9 4 3 4 1 
-7 0 -2 7 3 1 -8 -3 
-4 -32 -9 10 7 1 6 0 
6 75 16 10 0 -1 -17 24 
2 33 9 5 0 2 0 -68 
6 -22 -30 -9 -9 -5 -2 31 
19 28 23 -20 2 -1 12 19 
2 -22 -12 22 -3 -15 -62 -51 
-45 -77 -16 5 -4 -2 -3 -2 
20 91 -13 -35 -1 4 -7 -1 
3 0 38 19 8 9 1 11 
18 4 8 -22 -9 -5 21 -4 
5 -31 -4 19 -3 -3 -4 34 
-11 -14 1 12 0 -6 -5 -23 
-3 4 -54 -72 -9 0 6 11 
8 -29 15 14 6 6 5 2 
8 46 0 25 2 -5 -20 -10 
2 -6 60 16 4 8 29 28 
-5 20 -31 8 -12 -12 -4 -26 
-15 -87 -46 -25 9 8 9 23 
-16 -13 19 -13 -4 -3 6 13 
11 -22 -64 -34 0 10 -11 6 
-9 -22 12 17 -6 -12 -15 -44 
-7 -11 46 22 -10 -13 -17 -15 
-5 -73 8 -15 -3 0 0 18 
3 30 -11 3 -3 -3 -4 -31 
-25 -31 -58 -12 9 11 23 19 
-1 56 -13 13 -1 1 5 2 
7 0 28 4 0 -1 -11 -29 
12 -17 19 -3 -7 -3 1 32 
4 3 20 4 2 -1 14 21 
-5 -21 -18 -18 -6 -8 -5 0 
23 3 -34 -11 5 -1 -23 25 
-3 15 -3 3 1 7 29 -48 
-14 -38 -13 16 1 -3 -40 -4 
14 15 12 8 -4 -3 74 26 
-7 84 68 -30 6 6 -1 -32 
12 8 12 40 -3 -14 -16 12 
-4 88 46 -11 -8 -1 4 17 
-2 4 -49 -18 4 11 4 16 
-2 -22 -26 9 -4 -10 -17 0 
13 -4 55 33 7 -1 -13 -44 
-14 -33 14 27 -5 -8 1 13 
-21 25 0 24 4 1 -24 -49 
-1 -57 -72 -20 -6 0 20 48 
7 8 9 -21 -1 -1 -8 34 
-15 0 29 24 2 8 -2 -64 
19 -11 -43 -64 -5 3 11 44 
18 -19 -5 1 -5 -5 21 41 
-8 -6 -27 -29 -4 -7 10 -21 
3 -44 10 44 2 -2 14 -21 
-1 31 29 10 5 8 -25 -29 
5 45 40 -2 -4 -1 8 14 
-21 -36 -52 -16 2 2 4 14 
3 47 4 -61 -4 -4 -18 9 
9 1 54 43 -4 0 -14 -27 
13 15 -67 1 -2 -1 18 17 
2 -26 -53 -35 -2 -3 -9 13 
-4 -45 22 52 -3 -4 -3 -16 
18 73 14 -26 -1 -2 2 43 
-30 -3 48 4 -1 -5 -18 -57 
-12 -11 -13 -11 -1 1 2 -8 
11 17 -29 -17 3 4 14 19 
-2 -38 -43 2 -6 -10 -31 -13 
-8 -26 -11 3 -3 1 33 -4 
-12 -47 10 23 -5 0 1 9 
43 -33 -37 -21 0 -1 10 7 
-13 3 52 4 -2 -3 -11 -26 
-15 2 -76 -10 -7 -2 -13 -14 
15 12 9 3 6 3 1 7 
-18 -3 22 16 -11 -5 -2 -5 
-7 -26 -9 -15 -8 -10 -13 1 
4 -5 2 -19 6 1 12 15 
2 27 30 24 -7 -2 5 5 
9 20 -37 21 2 10 -4 -6 
-22 -20 -24 -47 -5 -10 1 -27 
10 43 41 11 5 2 -5 -5 
-10 -22 -13 39 -1 -10 -14 20 
-9 2 2 -41 -2 -1 2 0 
17 -2 -5 -19 -9 4 14 8 
-29 -22 -37 8 -7 -6 -20 -23 
0 19 27 1 -3 0 1 -19 
-13 -18 -11 15 7 -2 -7 3 
7 -2 -9 -6 6 4 11 18 
9 -6 -13 26 1 2 -7 6 
-3 8 -12 -29 -5 -6 -4 -13 
-4 7 34 7 -1 -1 -1 -18 
3 -13 6 4 5 1 1 42 
-2 -7 16 20 -1 -2 -2 -26 
-1 -19 24 12 1 2 3 5 
26 -26 -11 -42 -8 -5 -2 30 
-27 10 -32 26 2 3 7 -9 
9 45 55 8 7 7 0 -17 
3 11 11 27 -4 -4 -1 28 
-15 14 -22 -60 -7 -1 -2 -4 
25 -10 -11 19 1 -2 -9 16 
-13 -13 -1 5 2 3 2 5 
-20 17 -5 -14 -2 -4 0 -35 
-2 16 -2 23 5 0 2 25 
-20 -11 -2 2 -5 -4 4 -26 
19 5 -5 -15 -1 -2 -9 -1 
-6 7 13 -7 3 6 2 -24 
3 48 2 30 8 7 5 15 
12 9 -4 -32 -5 -2 5 8 
-2 -27 35 -4 -2 -1 0 11 
-14 -19 -26 8 3 0 3 2 
18 -4 -3 -34 -5 -8 -14 -14 
-7 -9 10 15 4 2 -4 -6 
-1 24 3 -1 0 1 -1 3 
15 3 -30 -7 -6 -3 -3 -21 
-15 -9 -15 18 -1 -2 -3 9 
7 6 38 7 6 3 3 19 
-40 -6 -62 -7 -4 -2 1 -23 
-1 4 28 -4 3 1 -4 -8 
2 -9 -37 -16 -7 -9 -4 -30 
-4 -17 9 6 0 -3 -7 -11 
-10 -14 26 -7 0 -1 -1 29 
4 12 14 4 -1 0 -1 -6 
-3 21 14 13 5 3 4 2 
5 -2 -11 8 -2 1 9 10 
17 14 -5 -33 0 -2 -10 -1 
0 -13 2 17 -2 -3 -3 -11 
13 11 23 3 1 1 6 44 
-13 -30 0 34 -2 -2 -2 -38 
3 2 -3 -21 2 1 -5 11 
6 -8 -9 1 0 0 4 32 
2 10 10 6 -3 -4 -2 -52 
-14 -5 -18 -5 -1 6 6 7 
2 49 51 24 0 -7 -5 -3 
-12 -29 -40 -6 3 3 -3 -8 
-6 25 26 -8 -3 -4 -4 7 
-5 19 -10 2 -2 -2 -1 -3 
9 -23 -30 -14 -1 2 2 16 
9 49 45 -4 -3 -4 -6 -1 
1 -3 9 25 3 2 0 -7 
-13 5 6 0 -6 -3 -2 -3 
-4 11 -20 5 12 2 -3 -5 
2 -5 -10 -36 -8 -6 -2 16 
5 -13 1 7 -4 -3 -3 7 
-6 -2 2 -44 -5 -3 -6 -15 
-1 -22 -8 18 -2 0 6 1 
16 1 7 0 1 0 -3 -3 
-9 -23 -13 9 -1 0 2 4 
-3 -16 -9 0 -2 -3 -1 -8 
-2 -9 -12 1 -9 -7 -9 -38 
9 32 12 -25 -2 0 -1 30 
6 0 7 -7 -3 3 10 19 
12 16 13 19 3 -6 -7 -12 
-28 -36 -44 -18 -12 -5 2 -8 
-6 -12 -11 9 0 2 -1 -40 
7 10 12 -18 -1 -1 -2 18 
-7 -2 -5 3 3 1 0 10 
24 0 20 19 1 1 2 8 
-12 10 -35 -25 -3 1 4 17 
-29 -31 1 -5 -1 0 -9 -63 
24 -9 -31 -3 -2 -1 2 40 
5 13 33 29 9 1 1 -3 
-4 -6 -8 -7 -4 -2 -1 7 
7 -25 -12 -20 -3 -2 -1 8 
10 23 37 -5 -2 -1 -5 -16 
-7 -11 -11 23 -6 -4 -2 -9 
13 6 13 10 0 -1 2 19 
-13 0 -15 -27 -3 1 -2 -7 
6 5 18 -1 1 -3 -2 -8 
-8 0 -4 -4 -2 3 1 3 
2 -20 -40 -12 2 2 3 3 
-3 4 7 -1 -6 -8 -8 -14 
-6 -7 1 -1 1 1 1 -3 
11 -22 -9 -8 -1 0 0 15 
-10 3 4 10 -2 -3 -2 -11 
-3 4 11 0 2 1 4 15 
0 0 -23 -5 -5 -4 -5 -12 
-4 -33 1 -7 0 -3 -1 -6 
11 9 6 0 -1 -1 -2 -14 
-13 -24 -21 -1 -3 -3 -1 -3 
18 5 -5 1 0 0 3 36 
8 30 29 2 -1 -2 -3 -3 
-8 -5 3 -4 -4 -5 -2 -10 
18 1 -8 -1 -3 -1 -1 7 
-22 -15 -11 1 0 1 -1 -14 
1 1 -6 -14 -4 -1 -2 -3 
-10 -10 0 -4 0 -1 -3 18 
