#EMG
#1
#ID:1-34
4 8 2 3 2 3 1 0 
-2 -7 -7 -4 -1 -2 -3 -1 
0 -1 1 -2 -2 2 -1 2 
3 0 7 3 3 5 12 1 
-1 2 5 2 0 -6 -10 -2 
-2 -4 -15 -3 -3 0 2 0 
-4 -8 -9 -3 -2 -2 -4 -2 
2 7 1 -3 -5 1 -1 -3 
0 -2 4 1 -1 1 3 2 
-2 2 3 1 0 -8 -9 -5 
-2 -5 2 -1 0 -3 1 -1 
2 -7 0 2 2 5 -1 1 
-1 5 2 -3 -3 -4 0 0 
-1 0 5 -1 -3 -1 -3 -1 
-1 -9 -17 0 2 1 5 -1 
0 -4 4 -4 -4 -2 0 -2 
-1 7 -1 -2 -2 2 -1 0 
-3 -2 -4 -2 -2 1 -4 -1 
1 13 8 2 2 -1 1 0 
3 -6 2 0 -2 -1 -1 2 
-6 -12 -9 -1 -2 1 5 -3 
2 7 9 0 3 0 -8 -4 
-7 -3 -2 -2 -4 0 1 -1 
-5 -8 3 0 0 -4 -8 -1 
1 2 -7 -3 -3 -1 1 -1 
0 2 1 -3 0 1 5 0 
2 -1 3 -3 -3 -1 1 -1 
2 -2 -13 -1 -1 -6 1 1 
-2 -10 -15 -3 -2 -3 -4 -3 
-2 -6 0 2 1 -2 -1 2 
0 -6 2 0 -1 -5 -3 -4 
-2 10 4 -1 -1 -1 -2 -2 
1 -4 4 -1 0 2 0 -1 
-2 -5 -13 -5 -2 0 7 -1 
-4 -11 -8 -3 -1 2 0 -2 
2 15 8 1 -3 -1 -2 0 
-1 -6 1 0 -1 -3 -4 -1 
7 2 2 -2 -1 -4 -10 -3 
-5 1 2 0 1 -2 5 0 
-2 -5 -5 -2 -1 0 0 -3 
-1 6 9 1 -1 0 -1 2 
-1 -6 5 4 0 1 2 0 
-1 7 -7 -6 -4 0 -2 -1 
-1 -3 -3 -4 1 5 -2 -3 
-1 -4 6 -2 -2 -8 -5 -1 
-1 -4 -5 2 1 2 4 0 
0 0 2 1 0 -6 -11 -2 
-2 2 -10 -2 -2 -2 2 2 
-2 -10 -3 -2 0 1 -3 -2 
-3 4 1 -5 -5 -1 -6 -2 
-2 2 -2 0 1 5 13 2 
3 -8 2 1 -1 -7 -5 -1 
-2 3 -8 -1 -1 -1 1 -2 
-2 5 1 0 0 0 -1 1 
3 0 5 -1 -2 1 -1 -2 
-2 0 -2 -1 -2 1 -2 -3 
2 -6 -1 2 0 7 4 1 
-12 -3 1 -2 -1 -8 -2 -4 
-1 -7 -3 0 -4 -5 -1 0 
-1 -2 8 0 0 -2 -1 0 
-2 2 4 -2 -1 1 -2 0 
2 -3 -6 1 1 6 4 1 
-2 -5 -15 -2 -1 -1 -3 -2 
-4 7 9 -4 -3 -2 -2 -1 
-1 -1 2 -4 -2 -6 -3 -2 
-2 -1 6 -1 -2 -2 5 -1 
2 -4 -4 -1 -1 0 -4 1 
-1 -7 4 2 3 3 -8 -1 
-5 -6 -13 -3 -3 -2 5 -2 
-1 4 4 -1 -1 1 4 -1 
-4 -6 0 1 -2 -9 -11 -2 
1 3 -3 -2 -1 2 0 -1 
0 -1 2 1 0 1 0 -1 
-7 -12 -13 -3 -2 -3 -6 -3 
1 3 5 0 2 1 0 1 
1 4 -4 -2 1 0 2 1 
-4 1 -2 -2 -1 -4 -7 -3 
3 6 1 -5 -4 -6 -10 -1 
-2 -10 3 -2 2 2 -3 -5 
-4 -4 -4 -1 -3 -4 -3 -2 
5 0 -1 3 3 1 3 3 
1 5 7 -2 -2 -2 4 1 
0 -2 -10 -4 -2 -1 -1 -2 
-4 -18 -16 -7 -4 -2 -2 -3 
0 -2 0 -1 -2 0 -4 -4 
-3 1 -5 1 1 -2 4 -2 
-2 1 6 -1 -2 -3 -3 0 
1 1 -2 -1 -2 -1 2 0 
-2 -4 0 -2 0 1 -3 -1 
1 12 0 -2 -1 1 -1 -1 
-3 -6 -9 0 1 -1 1 -2 
0 -4 1 1 0 -2 0 -3 
-3 -4 -3 -1 -4 -2 3 -2 
-1 -7 -2 -3 -2 -4 -7 -1 
1 -4 5 0 -1 6 3 1 
-1 7 -10 -3 -3 -3 -5 -2 
-4 -3 -6 0 -4 -5 -5 -3 
-1 -1 1 3 2 1 0 0 
4 -4 6 -2 -3 1 -5 1 
1 -7 -3 2 -1 -5 8 2 
0 7 -3 -4 -3 0 -3 -1 
-9 -12 -7 1 1 1 -2 -4 
-2 -4 3 -2 0 -1 -2 -3 
0 0 8 0 -1 0 2 0 
0 7 4 -1 -1 -2 2 2 
-1 -7 -10 -2 -4 -2 -3 -3 
-2 -6 1 -2 -4 -8 -2 -2 
-3 3 -5 -4 -2 2 0 -1 
-2 4 5 -2 -3 -2 -1 -3 
2 -5 -1 -6 -5 -3 2 -2 
-8 4 -5 2 2 1 -4 -1 
0 8 14 0 2 -2 -2 0 
-1 -4 4 -2 0 -1 -6 -2 
-3 -15 -16 0 -1 0 -17 -1 
1 1 -6 -5 -4 -2 31 4 
-1 -4 0 3 -3 1 4 0 
-2 4 -7 1 1 1 -1 1 
3 1 10 -3 -1 1 -3 -3 
3 -2 -7 -2 -3 -1 -1 -1 
-6 -21 -4 2 2 -2 -22 -2 
0 21 8 -1 -3 0 16 1 
4 7 -6 -3 -2 -5 13 3 
-14 -4 4 0 -2 2 0 -7 
6 -3 -5 -1 1 2 -18 4 
6 -7 21 3 -1 -10 -22 1 
-13 -1 -37 -6 -2 1 8 -5 
3 17 14 2 0 -1 2 -1 
-4 -27 -9 -4 -2 -1 -8 -7 
0 11 -13 0 -2 3 5 1 
3 -4 14 -2 -2 -2 -4 3 
-8 -16 -20 -4 -2 -26 -106 -31 
2 18 1 4 0 15 83 22 
4 -25 -15 -9 -3 1 -23 1 
3 -1 3 2 2 5 -29 -8 
0 1 0 0 -1 0 9 11 
-11 -15 -18 -5 -3 -13 -44 -14 
-7 6 -1 6 -2 -9 -17 -7 
9 3 -8 -4 -2 12 45 21 
3 3 18 -3 -2 -8 6 -5 
-3 10 4 -1 2 3 15 1 
-5 2 1 1 0 -10 -28 -7 
-3 -22 0 -1 0 0 15 -6 
5 19 23 2 0 7 8 4 
-3 -8 -39 -10 -2 3 17 -1 
-6 -11 -12 -1 2 1 -18 -9 
0 19 15 6 -5 -16 -62 -9 
7 -29 -10 -5 -1 5 77 14 
-13 19 29 2 -3 -3 -20 -6 
1 -2 -6 -11 1 -1 7 -3 
-4 -2 0 0 -3 -4 -4 -4 
7 2 15 4 3 8 -9 -3 
0 -1 -21 -1 -4 -11 -10 0 
-1 8 22 4 -2 2 29 7 
2 2 -17 -1 1 7 12 -2 
-7 -20 6 4 -9 -12 -14 -1 
-2 4 -13 -22 1 2 -22 -5 
-3 -15 -8 -5 -6 -6 16 -1 
3 4 26 3 2 1 3 2 
5 -55 -15 2 1 -5 -36 -13 
-11 6 -39 6 -1 -6 -22 0 
-2 5 12 -1 1 18 95 13 
-7 -12 -18 -4 -1 -7 -13 -5 
3 23 -12 -6 2 8 3 5 
7 -3 39 6 -4 -12 -6 -5 
-3 -20 -23 -5 -3 -8 -36 -8 
-5 3 9 -2 -2 2 17 3 
-1 7 -17 0 1 5 -5 -2 
6 3 19 5 2 1 -53 -13 
4 8 -6 -3 -2 4 76 10 
-8 -3 -4 -3 -3 -6 -4 3 
0 11 -4 1 1 6 4 7 
-1 -5 17 4 -2 -4 -5 -8 
7 8 8 3 0 -7 -41 -3 
2 -24 21 -1 2 1 13 1 
-9 8 -55 -5 -1 -4 3 -2 
4 17 1 -8 2 7 21 5 
2 19 18 10 5 3 -17 -2 
1 -10 1 16 -3 -8 -19 -6 
-7 -7 -2 -11 -6 -7 29 3 
5 -2 4 -10 -2 5 6 4 
6 19 16 -8 0 3 3 1 
3 10 -15 9 7 9 -13 -3 
-8 35 35 2 -7 -17 19 2 
0 -2 -33 -13 -4 -3 -3 -8 
6 2 39 10 4 1 -6 12 
-10 11 -45 -19 -4 -3 -26 -5 
3 -23 25 8 0 4 25 -6 
-3 17 25 5 -4 7 33 4 
-2 -24 -53 -4 -3 -13 -40 -13 
-3 5 2 -7 -3 -9 -3 0 
-7 -9 9 -5 -3 1 -30 -9 
-4 -5 34 8 2 3 4 4 
11 -7 -22 2 0 2 0 -1 
-16 4 34 -2 0 -5 -33 -1 
5 3 -11 -2 -1 -8 -14 -1 
0 -10 16 9 -1 -12 8 -1 
-10 -22 11 -5 -4 -4 -44 -1 
6 29 -14 2 1 18 58 -1 
-4 4 15 -5 -1 -6 -26 2 
-2 -22 -22 0 0 -9 20 2 
-1 -1 -7 -1 -2 -1 8 1 
3 -22 12 -2 -5 -5 -21 -3 
2 17 22 0 5 8 -55 -16 
-4 -6 -54 -5 -4 -3 -16 4 
-11 -47 -36 -6 -1 4 57 -5 
2 -5 23 2 -2 0 4 10 
-3 0 -18 2 3 12 18 -2 
3 -11 -25 -14 -6 -15 -54 -7 
1 27 16 1 1 8 22 6 
-1 -9 4 0 -5 -3 11 3 
1 -15 -27 -6 1 -9 -33 -6 
4 -2 2 2 0 8 52 5 
-11 -7 -4 0 -1 15 -10 -14 
5 4 -6 -5 -3 -20 15 10 
-2 -2 1 -4 -4 -6 -16 5 
2 -23 0 -3 -2 -1 -14 -6 
6 58 42 17 0 -1 -4 -1 
-9 4 -2 -2 3 3 -1 -8 
-6 -33 -29 5 -1 -6 -7 2 
-4 -2 10 -6 -3 4 13 0 
1 -16 -19 -9 -3 -12 -15 -1 
2 25 6 4 0 0 -30 -3 
1 14 9 -2 5 2 7 2 
7 -3 12 -6 -6 -3 5 1 
-9 7 4 0 4 1 -17 -2 
-2 -7 -23 4 -3 -5 -12 -8 
-4 -2 7 -16 -10 -6 0 -5 
-2 -8 -18 1 0 9 28 15 
7 -3 21 1 1 -3 -21 -14 
-8 -7 18 4 -4 0 14 4 
6 62 -18 -4 3 7 6 1 
-4 -15 4 -2 -4 -15 -5 -4 
1 -6 24 -4 -6 -1 -8 4 
7 1 -18 -5 11 13 27 4 
0 37 18 20 -5 -5 -3 3 
0 12 -7 12 -5 -1 -39 -5 
-4 0 -3 -2 11 1 21 3 
1 -26 -6 -49 -11 0 2 -1 
-15 -36 -24 -4 -7 -8 -2 -5 
-2 14 -6 -14 -3 -1 0 -4 
-11 -7 29 34 -3 -6 -3 -3 
8 -5 26 10 7 4 -7 -2 
5 -16 -33 -1 0 6 16 5 
1 19 7 -15 -5 -4 -25 -5 
-2 -37 -29 -14 -3 3 25 3 
-4 7 -30 -18 -5 -9 -18 -1 
-3 73 -20 -2 2 8 17 7 
-1 21 17 30 -3 -7 -15 -12 
9 15 20 -5 3 8 2 6 
-18 8 -26 -8 -8 -4 9 -6 
7 -61 0 -36 0 -6 -5 -7 
-13 16 -13 2 5 4 9 -11 
-10 -23 -47 -30 -10 -11 -30 -3 
24 -13 -32 3 8 5 4 12 
0 2 70 58 -9 0 5 -3 
1 5 -46 -20 5 -9 -18 -7 
2 -28 10 2 -7 1 41 15 
-10 -3 -12 1 -4 -4 -16 -9 
0 -3 34 -6 8 0 -28 -3 
7 19 47 5 0 9 59 -5 
5 20 -29 6 0 0 34 11 
0 7 1 3 -4 1 0 -2 
8 -29 -21 -27 -5 -5 -2 5 
-14 -48 27 27 5 -8 -24 -10 
4 -16 -8 -31 -7 -7 -43 -12 
-1 -12 -59 -14 5 1 9 19 
-14 5 96 55 -9 -2 17 -17 
9 13 -24 -20 6 5 -4 7 
-13 -8 -38 -2 -7 -9 -10 -11 
9 -3 27 12 4 -1 -8 -8 
13 6 -29 -8 5 -4 -33 3 
-16 22 24 1 -7 9 50 -3 
15 39 10 -14 1 -3 -9 15 
-15 -21 5 20 -1 -6 -26 -14 
2 -11 -5 2 -2 3 31 16 
21 -15 -45 -5 -3 -5 -32 30 
-25 -21 19 12 -1 1 34 -12 
12 -1 16 -10 -1 -7 6 -13 
-11 -32 -12 11 -1 0 -21 -21 
-13 23 57 1 0 7 8 2 
9 3 -68 -21 -9 0 -16 2 
-10 15 69 43 9 -3 -2 6 
-12 -32 -21 3 0 -2 -7 -11 
16 3 29 -28 -3 9 34 34 
4 11 -24 -6 -4 -7 -18 1 
-9 -23 -19 -3 -7 -3 2 -23 
-12 -55 -4 -2 3 1 -5 6 
-4 9 40 13 4 -4 11 -9 
-12 -36 -24 3 -3 -3 -31 -25 
2 -6 -7 -14 -5 -9 -49 11 
7 -5 -1 -19 -12 9 88 -3 
18 -30 -53 16 5 -10 -33 2 
-8 -2 60 26 4 -2 -17 -41 
-19 -2 -30 -21 -6 2 -21 29 
-7 12 20 16 0 1 10 -12 
-1 -14 -14 -23 -5 -6 -8 3 
9 36 40 4 0 -4 -2 7 
-16 -11 -21 -2 -1 3 -1 -8 
-2 -9 -56 -14 -6 -7 -31 6 
-6 10 -4 4 0 3 8 -16 
7 47 17 3 5 2 2 12 
18 -3 68 9 -6 2 33 31 
6 45 -66 -25 4 -2 26 -7 
-29 -29 -39 -5 -1 5 -20 -45 
-13 -29 13 13 1 -16 -66 11 
-25 -29 -41 -14 -3 11 87 -20 
7 -39 64 -11 -4 0 -5 20 
-26 -5 11 19 -3 -11 -23 -13 
2 -8 -18 13 5 14 20 -19 
-12 -23 32 -8 -13 -19 -25 35 
-8 -35 -42 -4 1 -6 -30 -17 
27 11 10 -6 0 3 14 12 
12 -9 11 8 -2 -9 -17 14 
-6 -10 -95 -10 1 0 5 -41 
10 93 86 3 8 -1 -17 19 
-14 -7 -6 5 -7 -6 -82 -7 
16 -10 -16 4 1 19 78 11 
-9 23 33 -24 -8 -13 -32 -10 
-18 11 14 6 6 14 28 -21 
39 2 -44 1 -8 -25 -59 13 
-17 -3 -9 -30 -4 -4 0 22 
-6 1 14 8 3 5 9 -38 
7 15 48 8 1 -1 -29 27 
0 -11 38 22 -3 -4 65 2 
6 5 -27 -19 -2 0 -18 6 
10 -13 38 6 0 6 49 -11 
0 70 -32 11 5 2 -2 11 
-3 -9 -34 -14 2 6 -5 -3 
-30 -7 18 14 -4 -9 -1 -33 
31 -20 -20 -13 5 -6 -58 16 
18 6 12 10 1 10 41 9 
-23 1 -10 -19 -9 -7 23 17 
-8 -34 -12 -13 -1 -3 -4 -24 
-16 31 33 41 2 -4 -50 -22 
3 -25 -47 -42 -10 -6 -48 -1 
29 23 8 -17 1 3 48 41 
8 15 24 17 4 10 17 -22 
-15 -18 -48 -38 -13 -15 17 22 
-22 -28 16 9 -3 -4 -11 -39 
5 10 20 26 6 2 -29 0 
8 -3 -27 -14 -2 -4 6 18 
14 15 -3 20 4 5 2 -18 
4 10 21 -1 -7 -9 -20 16 
7 18 -2 -25 -4 1 -17 -18 
-23 -10 23 18 0 -2 23 5 
-26 -58 -37 -27 -6 -7 -9 -7 
-5 -7 -25 1 -2 -4 -7 1 
-10 -22 -20 11 0 5 -15 -15 
19 26 32 10 3 10 48 24 
-5 106 20 1 -5 -7 7 2 
-24 -68 -79 -23 -5 -6 -5 -5 
14 51 60 5 3 3 8 -6 
-5 -16 -55 4 4 1 -49 3 
8 -37 16 10 -5 -8 6 -11 
13 -3 -19 -27 9 9 38 19 
-18 -2 0 -11 -6 -4 -4 -11 
-16 38 4 1 -6 -3 -42 -1 
17 -37 5 14 5 6 49 20 
13 30 45 9 -5 -4 8 14 
-20 -103 -32 -5 1 2 6 -31 
-3 36 5 -9 0 -9 -28 -12 
23 0 -25 -2 1 5 -17 0 
8 18 6 -4 -6 -1 24 7 
-22 -37 4 27 5 7 1 -3 
9 -4 -15 -14 -4 0 8 9 
-6 43 9 -7 -4 -7 -41 -8 
-6 -11 -25 -5 1 0 10 -13 
14 -2 -18 -5 -2 0 7 -9 
-25 18 35 7 -2 -6 -3 8 
24 9 -2 5 7 5 -1 22 
-4 -15 -27 -13 -7 -8 0 -7 
8 -5 -3 7 -7 -8 -26 2 
-2 5 14 -12 -2 5 32 0 
1 -13 24 13 7 5 0 -12 
1 -21 -18 2 -1 -7 -34 1 
-4 -19 23 14 0 -1 6 1 
10 -56 -82 -29 -8 -2 15 12 
-13 28 42 -9 -1 3 5 -16 
-3 9 -28 12 0 -2 -13 -26 
-22 10 7 13 7 7 14 24 
25 31 -7 -6 0 0 -22 -18 
-2 -16 -33 -15 -6 -4 4 -8 
-7 -15 21 13 -3 2 -4 -10 
-9 24 12 -26 -6 -12 6 17 
-4 -42 28 14 -2 -4 -2 -9 
8 13 -31 -7 3 6 -17 13 
13 19 11 20 0 0 33 7 
4 19 17 8 9 10 16 2 
-3 -68 -44 -11 -8 -3 -9 -1 
-6 84 84 22 6 6 5 5 
-36 -59 -40 -18 -9 -12 -56 -20 
13 40 6 0 6 5 28 -11 
-7 -2 -6 6 -5 -5 -1 8 
0 16 10 -21 -4 6 12 -3 
10 -25 -25 -11 0 -2 3 3 
-6 35 24 2 -1 -5 1 6 
1 16 1 -7 1 4 -1 7 
4 -46 -8 13 -3 -6 -4 -8 
-3 13 41 2 -3 -1 -7 1 
-5 -36 -30 -13 -6 -1 -4 -16 
-8 -5 -27 -8 -1 -8 -18 -11 
0 -40 4 23 5 9 24 29 
-2 25 20 8 5 4 25 -8 
27 -32 -15 3 -13 -13 -41 -19 
-21 91 30 -8 7 -5 -24 -9 
4 -5 45 13 -8 1 24 23 
-12 6 -47 -22 4 5 6 -13 
12 -3 26 0 2 1 -19 0 
7 -26 -21 9 -9 1 5 2 
-11 -8 -19 -3 26 7 9 22 
28 26 64 -18 -3 7 22 12 
-19 -41 -57 9 -9 -13 -9 -17 
-3 -16 14 -11 2 -3 -25 -19 
-4 31 51 43 -5 -7 2 -8 
-12 -27 -30 1 -2 2 17 23 
-5 19 -47 -39 4 10 4 -9 
15 7 40 14 5 0 -2 -1 
-2 -22 -19 -16 -8 -5 -1 0 
4 -26 -5 8 0 -3 -9 -2 
-9 9 17 -10 -12 -9 -2 6 
1 -17 -4 -20 -4 0 16 30 
0 -15 9 8 -3 -6 -14 -44 
0 -33 -90 -20 7 3 -4 18 
-5 34 33 1 -13 -7 -9 -5 
5 3 2 8 -1 2 18 5 
2 -14 -46 7 -3 -8 -9 30 
-9 -46 45 10 -1 -7 -24 -46 
8 34 0 -55 -7 -1 -6 3 
-15 -23 -13 0 -6 -6 -11 -30 
7 5 -10 -6 -2 11 18 19 
-7 2 -3 8 -2 -13 -36 -33 
-8 -46 -54 0 0 -3 19 12 
24 21 25 -10 9 7 -7 -5 
-5 -82 -15 3 -10 -1 18 0 
4 74 59 24 2 2 5 24 
-11 -15 -44 -16 14 11 18 -15 
-7 39 -1 21 -11 -10 15 3 
-4 -42 -12 -32 -5 -4 -31 -2 
15 26 50 -7 -6 -3 1 10 
4 10 36 44 6 4 -6 12 
10 -2 8 2 1 -1 -2 -27 
-23 -64 -60 -35 -8 -18 -24 -16 
-10 58 -23 28 -1 8 35 6 
-7 -15 -42 -8 4 -7 -38 13 
4 -5 2 1 5 11 58 -1 
0 23 -48 -35 -8 -10 -30 -31 
0 -12 0 1 -3 0 -4 8 
9 14 58 40 6 18 48 19 
1 -22 -30 -13 -7 -20 -38 8 
11 112 18 20 7 0 -17 -9 
-10 -4 -14 -27 1 3 25 18 
3 11 1 17 0 3 -13 -27 
-12 -6 -16 -30 -3 4 7 32 
6 17 35 35 3 -3 -4 -22 
6 -33 7 11 -1 -6 -8 12 
6 8 -13 -27 -9 1 -5 4 
-19 -7 24 4 2 7 10 -9 
6 -9 -42 -12 -10 -11 -20 7 
0 8 24 -3 10 13 46 -3 
-3 -25 12 25 -5 -21 -50 -4 
0 4 -20 7 -1 0 0 -7 
4 7 30 -4 0 4 0 -7 
-1 2 -25 -24 0 4 -2 11 
-8 10 5 32 -1 5 22 8 
11 -2 -22 0 -7 3 -19 -9 
3 19 64 16 10 6 26 18 
8 -8 -31 -17 -8 -13 -24 -18 
-17 0 4 -9 5 12 27 -29 
-5 -34 7 -9 -5 -11 -22 8 
-4 -2 6 -10 -2 -5 -7 -13 
-3 -2 -23 14 2 -1 -7 2 
21 1 10 3 1 -3 -3 15 
-10 -22 25 16 3 3 -12 -19 
-6 -13 -35 -25 -2 7 50 34 
4 1 24 32 -5 -13 -27 -26 
0 -2 0 -27 -10 -6 5 8 
-1 0 -19 4 2 -4 -19 0 
1 41 0 -4 -7 -2 1 3 
-6 5 -11 -11 1 -1 -5 -11 
-9 -9 17 -6 0 -2 -11 9 
3 18 10 -6 -5 -5 -7 -16 
8 -2 10 0 1 3 9 12 
-17 -12 9 15 1 -4 2 -11 
-3 -10 -20 -27 -6 -7 2 -15 
1 7 4 6 5 0 -5 21 
8 -12 -15 6 2 4 -5 -8 
-5 13 -9 -5 -9 -9 -18 2 
10 -13 7 0 3 0 12 5 
1 6 -3 -2 1 5 11 16 
-8 -12 -12 6 0 1 -2 -21 
-7 -23 16 -12 2 -2 0 2 
-15 2 13 -3 -3 -4 -11 -9 
-1 -7 -15 4 -3 -3 10 5 
-6 0 42 11 -1 -3 -9 -9 
7 1 -37 -2 1 4 -3 0 
4 -9 -12 2 -3 0 3 11 
4 -4 14 8 -2 -5 6 15 
-24 -14 -41 -8 -5 -11 -51 -70 
2 4 14 -15 -1 1 20 18 
19 13 -1 -4 1 2 7 9 
-39 -5 4 4 0 -7 -8 -52 
9 13 9 2 1 -3 4 74 
-6 -4 10 4 -5 -5 -12 -4 
-8 -11 -21 -15 -3 3 11 16 
14 15 18 -3 1 3 2 -22 
-11 -17 -47 -7 -1 -1 -2 -23 
10 6 7 -2 -5 -7 -9 15 
-10 12 11 7 0 -5 -1 -13 
0 -4 5 3 1 2 2 18 
3 50 -8 -9 1 1 5 -11 
2 -17 -33 -7 -6 -1 1 14 
-7 14 13 8 0 -1 0 -2 
-8 -11 -15 -12 -6 -1 -7 -25 
9 -18 1 3 0 -2 4 2 
-12 19 7 -5 1 0 -1 -3 
-4 6 10 -6 1 2 -5 4 
15 11 -7 8 -4 -9 -7 13 
-18 -22 -2 -8 -3 -2 1 -33 
-8 1 4 6 1 1 -5 -10 
6 -24 -7 -9 -4 -10 -9 18 
-3 -1 -4 2 1 2 4 12 
-2 3 4 -9 -4 1 8 -9 
5 -11 26 3 5 1 1 7 
-6 15 -9 15 -1 2 -17 -19 
10 -3 1 -12 -6 -1 26 20 
-11 -4 10 11 0 -4 -2 6 
-3 -12 -24 -22 0 5 4 -11 
6 13 29 7 -1 -6 -9 -7 
-2 -9 -29 0 -3 0 -6 19 
17 2 49 6 3 4 -1 -16 
-8 -17 -37 6 -2 -6 3 -3 
0 -11 -20 -11 -3 -2 -1 -13 
-5 8 -1 -4 2 5 -4 13 
0 3 22 11 0 -4 -3 0 
15 -3 8 -1 -4 1 -3 -8 
-6 -14 9 -1 5 -1 -12 10 
1 -12 -21 -6 -5 2 25 -10 
3 8 -9 -2 -2 -7 -20 2 
3 4 18 6 -1 0 1 -13 
-7 -13 -10 -8 -4 -5 16 25 
6 8 24 4 5 0 -45 -23 
-15 -43 -36 -3 -4 0 21 26 
3 20 21 -4 -4 -3 -10 -8 
1 -11 -11 8 6 5 8 -3 
-3 -4 -3 -11 -5 -8 3 -5 
6 9 11 2 0 4 -7 10 
4 23 33 7 -1 -2 -8 -9 
-2 -4 -34 15 -1 -1 -4 -4 
-24 -1 -17 -11 -3 -2 5 -16 
-3 -19 6 -1 2 -1 0 14 
2 19 1 -12 -1 7 9 -9 
8 0 6 -1 -2 -7 -11 -9 
10 2 10 7 1 -4 2 4 
-5 1 -15 0 0 15 8 10 
5 -14 3 -6 -5 -6 -2 1 
-13 -16 -30 -8 -7 -8 -14 -31 
-2 2 0 -4 0 -11 -2 21 
12 -4 3 8 -4 -5 -1 14 
-2 -8 7 -2 1 5 5 9 
1 8 9 -5 -1 7 4 -16 
8 31 6 19 6 1 -6 37 
-12 -44 -19 -48 -5 -6 24 -44 
-22 -13 -3 9 -7 -10 -11 -5 
-1 17 2 -4 -5 -1 5 -6 
-1 -6 12 2 -3 2 -2 -12 
11 5 8 6 4 3 -6 27 
-8 1 -16 -2 2 -5 -4 -19 
4 -34 -20 -7 -2 2 5 10 
-1 -3 2 -5 0 3 3 -10 
-8 5 -5 -4 -3 -3 -3 -11 
14 -1 -6 3 -2 -2 4 6 
-2 13 22 -3 0 4 1 3 
0 -26 -6 -5 1 -2 -1 -8 
-9 -8 -8 -1 -6 -4 -4 6 
3 -4 -36 -6 0 -3 -1 5 
6 -9 -14 1 0 6 -9 3 
-10 11 42 3 -4 -3 10 13 
-25 6 -51 -24 -9 -8 -3 -40 
-3 -21 -13 1 2 0 -11 4 
-10 2 34 -3 -2 -3 7 5 
-3 -5 -22 -9 -2 4 2 -15 
9 14 21 18 4 4 -23 11 
6 9 -11 0 -1 -3 17 35 
-7 -12 -17 -16 -5 -8 -10 -43 
4 14 5 4 1 -1 -2 6 
4 11 7 4 1 -4 -3 -21 
-6 -13 14 9 0 3 -5 4 
9 14 8 -17 3 3 2 26 
-6 -18 -25 -16 -9 -8 -2 -25 
-5 6 11 15 1 -4 -17 13 
-9 1 0 -2 0 3 11 -5 
-8 1 48 20 0 -3 2 -9 
0 -5 -22 -2 -1 -2 -3 -6 
7 4 -35 -21 -2 6 1 15 
-16 -9 15 7 2 -4 -15 -37 
7 9 3 -7 -2 -4 -3 29 
0 -2 11 10 1 0 -9 -4 
22 -3 -4 1 2 11 27 25 
