#EMG
#0
#ID:0-45
1 -2 -6 -5 2 4 0 2 
-19 -9 26 12 -2 0 -7 -13 
14 -16 -18 -2 1 -2 11 0 
-3 -12 17 5 0 2 -3 -5 
13 -9 -15 -11 -4 -6 -4 5 
-21 17 -13 -9 0 -1 3 -6 
-17 -17 -24 -14 -7 -4 -6 3 
2 -7 2 2 1 3 11 3 
-1 11 18 11 3 4 -2 16 
6 -19 31 -4 0 -8 -45 -14 
17 -9 -24 -12 -6 2 51 15 
-4 4 -3 -6 -7 -3 2 -3 
-6 16 22 4 -2 3 0 -8 
6 -7 -2 22 3 -4 -8 9 
-10 20 19 -21 -4 7 -10 -10 
8 -28 -26 -2 -1 -7 -2 26 
-4 16 20 -5 0 -5 3 -14 
-6 4 -14 2 -1 -3 -14 -4 
3 -11 10 5 -5 -7 12 5 
1 6 23 2 5 7 5 -11 
-6 -13 -21 -13 -2 -5 -6 -7 
6 2 14 4 4 2 6 4 
-8 -2 0 15 5 2 -5 0 
-1 13 23 -1 1 -2 -14 -4 
1 -21 -41 -6 -5 -10 4 16 
2 -10 10 -18 -4 0 3 -14 
-8 -6 1 -4 -5 -5 -10 9 
1 14 12 -1 -3 2 -8 -8 
3 0 -5 11 4 -2 6 2 
11 -1 -34 -8 3 5 6 7 
-11 12 1 0 -1 0 -14 -8 
1 -2 -10 -3 -5 -11 3 -7 
10 3 24 4 9 1 -1 14 
-20 -35 -41 -17 -8 -4 -10 -12 
1 10 -13 -2 2 1 -4 1 
-6 -11 -25 3 4 10 19 1 
-5 13 -3 2 -2 0 -9 -23 
7 -3 30 11 7 3 29 22 
-1 0 -7 -4 0 -6 -18 1 
0 -9 -11 -5 -2 0 -2 -1 
-5 -6 -10 -5 -4 -2 -1 -5 
-1 12 7 7 0 3 -12 -5 
6 -13 2 -4 -3 0 -2 -8 
-25 -10 37 8 1 -4 -1 -15 
-10 -32 -32 -5 -4 -3 0 -5 
-1 34 3 -10 -4 -7 -8 -4 
5 10 14 12 2 -3 26 17 
15 3 27 0 2 -1 -8 -7 
-3 4 -2 -6 0 13 5 -6 
-30 -12 -45 -6 0 -6 -13 -17 
-9 -26 -3 -4 -3 -4 -7 3 
5 7 -24 2 -2 2 27 2 
-3 -9 19 4 -7 -10 3 3 
13 -18 0 3 7 10 5 4 
-11 4 25 17 4 10 -22 -14 
5 11 -33 -19 -2 -20 -15 10 
4 15 -26 -12 -4 -2 -3 -4 
-8 -21 32 -5 -7 4 20 -11 
-8 57 -42 -7 0 -13 -34 6 
1 13 32 10 3 14 58 28 
-16 -43 -21 -5 -4 2 19 -52 
22 28 39 11 -2 -6 -10 25 
6 -28 14 15 -2 15 -2 -5 
-18 -80 -55 -32 -11 -30 -41 -5 
-1 38 21 6 5 -5 -35 -8 
1 4 -32 -4 -2 4 0 19 
-7 -46 3 -4 -2 -2 15 -12 
-2 26 58 20 3 15 -6 -5 
14 -14 -57 -15 -5 -18 -6 9 
-21 1 -10 -8 -3 -2 -15 -20 
-2 -13 6 -1 -2 -6 21 5 
1 -6 -8 -1 0 4 -8 1 
-1 12 17 0 1 1 -3 -7 
9 23 14 16 -1 -7 -25 3 
-5 13 -34 -44 -8 1 1 -6 
-16 -6 -8 23 5 0 32 -12 
0 36 34 1 0 11 22 8 
17 -9 -25 -12 -7 -5 -9 37 
-17 8 43 13 3 -6 -17 -28 
8 -29 -26 -14 -5 1 -22 -10 
2 -66 -15 4 -6 -11 -25 17 
-4 -35 -30 -28 0 10 34 -11 
-8 6 50 16 2 -3 -19 -15 
5 29 8 4 3 3 -19 16 
-3 -68 -55 -10 -3 -2 43 2 
-2 29 43 0 -4 -7 -12 -25 
0 -42 -19 19 2 3 13 32 
-11 -23 -69 -40 -10 -13 -2 -29 
-2 26 84 33 12 9 -15 -1 
8 0 -63 -12 -4 -2 19 11 
3 -50 16 -12 -3 2 5 -12 
-13 7 7 21 1 7 -21 15 
22 -8 -24 -18 -5 -9 -4 6 
-6 0 18 -15 6 8 16 2 
8 31 -20 -2 -3 -14 -35 -15 
4 7 -4 2 -2 7 39 17 
-8 43 6 3 -5 -8 9 -16 
5 -1 24 7 -1 -6 -46 -9 
19 26 1 -5 1 1 -9 17 
0 2 4 -10 5 9 27 -10 
-2 22 -8 5 -7 -9 -29 7 
17 0 38 19 5 7 40 5 
-15 8 -2 11 -2 -3 4 6 
11 13 -7 -29 -6 -4 -24 -22 
3 44 15 0 6 10 -6 37 
-11 -34 -40 -14 -11 -8 4 -37 
6 14 14 20 -1 1 5 10 
-3 16 25 13 2 -2 -5 -24 
-15 -7 21 -2 3 -5 -40 -16 
-1 0 -73 -8 -12 -3 15 11 
5 42 34 -29 0 -8 33 -1 
0 6 2 19 2 1 0 14 
20 4 -25 -19 -7 4 7 0 
-36 19 49 25 6 -3 -44 -13 
-9 -56 -22 -9 -1 10 21 0 
11 -15 46 12 4 -9 -20 -14 
-6 27 -61 -16 -8 -8 -7 18 
11 -11 35 6 -1 -3 -8 6 
-6 -18 -26 -17 -9 8 41 8 
-2 4 -20 0 -3 -9 -28 -14 
-31 -14 24 26 12 7 -19 -28 
8 -7 -33 -18 -5 6 46 19 
10 76 24 2 3 -15 -24 2 
-22 -19 49 -3 -4 6 11 9 
10 -31 -52 -2 -10 -13 -34 -15 
14 23 23 11 5 10 43 19 
3 -25 -5 2 4 -5 -35 -30 
-9 7 -15 -19 -5 -1 -11 7 
-8 16 -24 6 -1 -6 33 16 
-18 -17 57 -8 -9 -10 -38 -39 
36 -18 -32 -7 0 6 11 15 
-35 44 -50 -1 -2 -3 -27 -7 
10 6 31 13 8 15 25 2 
7 7 -4 -18 -5 -8 16 24 
11 36 36 12 0 -2 6 3 
-21 -38 -44 -4 2 3 -12 -12 
-21 -81 -4 -13 -7 -2 43 23 
21 33 44 29 11 0 -4 -14 
-22 -24 -72 -27 -4 -10 -79 -9 
19 -15 11 2 5 10 60 31 
-12 13 15 3 0 7 2 -32 
-2 -50 -19 4 -3 -4 28 2 
0 0 -44 -21 1 -1 -5 28 
-9 10 9 16 -2 -3 -34 -26 
7 10 35 -5 0 -3 1 5 
-14 19 -3 2 -5 -5 -3 -2 
-5 -40 0 4 1 -6 -17 -7 
31 -6 -5 -3 -5 7 53 10 
-5 -41 28 8 -4 -4 -38 -13 
-12 9 -14 -3 2 3 -12 2 
6 18 47 13 -1 3 35 -9 
-24 -10 -28 -9 -5 -10 -34 22 
-21 -43 -9 -3 1 5 36 -25 
20 1 -48 -25 -3 -10 -62 1 
-17 -9 -11 12 -4 4 20 4 
16 -11 23 -4 1 0 45 8 
-28 33 19 -14 -7 -18 -36 -27 
-41 -35 -11 8 0 7 -2 -6 
17 13 18 16 4 0 9 5 
12 -16 -26 -25 -12 -8 -37 -12 
13 3 -42 -6 -6 4 32 22 
26 86 80 25 10 -1 -28 -1 
-9 35 -34 -17 -6 -1 6 8 
-4 -12 19 6 -1 -4 -21 -10 
9 -29 -8 -8 3 -2 -35 0 
-20 -7 -22 9 -7 5 37 -1 
-3 -9 21 3 3 2 -12 -17 
-22 8 -2 -9 -2 8 25 2 
-3 -28 -4 -8 -1 -7 -42 -16 
21 -9 13 1 3 13 58 47 
-29 -21 -10 -14 -6 -10 -1 -7 
25 1 18 18 0 -11 6 7 
4 32 72 20 7 12 50 -3 
4 -38 -117 -45 -13 -13 -32 -24 
-11 -5 19 22 13 -2 -17 -11 
-9 12 17 -10 0 0 8 3 
19 -30 -20 5 -1 0 9 18 
-28 34 17 3 5 4 -11 -17 
20 24 25 15 -1 -4 22 11 
4 -31 -2 6 4 -2 -4 4 
-8 -49 -17 -14 -7 -9 -22 -17 
13 -11 -49 -9 -3 -7 -3 31 
-11 -23 27 18 -3 7 -4 -39 
5 8 -64 -24 -3 -5 -7 -8 
-2 32 39 12 -4 5 -1 11 
4 2 33 8 1 -6 -40 -15 
-35 -13 13 -10 -10 -9 4 4 
12 -30 -3 12 5 -3 -8 -2 
19 26 -5 -9 -4 0 -3 6 
4 5 46 18 2 -2 -2 -4 
33 -1 -41 -9 -5 -8 -22 24 
-27 -49 15 -1 -4 1 -9 -19 
-9 -29 -89 -20 -3 2 7 -3 
-4 23 85 15 1 7 11 -9 
5 -41 -64 -22 -4 1 8 7 
1 51 76 19 -8 -15 -32 -6 
4 25 -65 -11 7 -6 -29 -3 
-51 -34 21 -1 -1 12 32 -14 
2 -37 -44 -17 -11 -8 -2 -5 
12 31 -15 -3 1 -1 -16 0 
16 27 71 15 -1 4 49 19 
-17 66 19 -16 -4 -8 -28 -11 
-29 -36 -91 -22 -4 2 -2 -9 
11 -30 33 31 9 3 16 4 
11 50 82 -8 -4 0 -41 6 
26 40 0 -7 2 2 32 -11 
21 25 39 10 6 9 39 6 
10 15 -30 6 -1 4 4 22 
-15 -36 -49 -9 -12 -14 -11 -25 
-6 -60 -14 10 5 -6 -28 3 
7 42 35 -5 -4 -3 -29 -8 
1 7 -7 -2 1 -3 14 3 
14 24 9 10 5 15 43 34 
-11 -41 -23 -5 -9 -16 -33 -18 
-16 1 -7 14 9 5 11 -9 
21 -15 -28 -27 -8 -7 -18 15 
6 18 29 -3 -5 -16 -34 7 
0 -67 -17 -11 -7 9 91 -10 
30 63 58 20 12 8 -6 5 
-34 31 52 16 2 -1 -4 -20 
-10 -22 -110 -32 -5 2 17 -5 
11 -53 -17 -3 -2 -6 -41 1 
6 17 37 1 -5 -5 23 15 
10 -34 -42 -21 -2 8 19 -5 
-11 34 50 19 13 8 11 21 
-5 -26 -18 3 4 4 -19 -27 
-16 -25 -16 -25 -17 -9 -73 -25 
6 0 -26 17 -3 -16 10 12 
-4 -78 46 -12 -3 4 18 -5 
-4 -7 -112 -21 -4 -6 -29 -3 
-8 -14 72 19 2 -3 -1 7 
-4 47 15 -1 -2 4 -24 -11 
8 33 13 25 1 8 43 14 
13 14 -10 4 0 -2 -10 14 
0 -58 10 -11 -3 -7 -10 -6 
-15 -22 -65 -20 -10 -7 -13 -27 
-10 -7 13 -6 -1 -3 11 10 
1 -37 3 3 6 3 3 10 
-2 25 -15 13 3 9 32 -4 
19 -46 11 0 -1 -3 -12 12 
-26 7 -28 -8 3 -8 -28 -31 
-8 -90 -1 -3 -11 -5 6 18 
-7 59 1 -19 1 -5 -30 -25 
-3 -1 -5 24 -3 -3 0 -13 
-5 48 -4 -26 -10 -4 17 -4 
18 24 39 24 10 7 2 16 
0 42 -48 -18 -9 0 7 8 
-9 -11 54 -1 10 7 5 -13 
16 77 -36 -13 -6 -1 -20 23 
-5 10 29 14 -10 -14 -5 -25 
14 -29 -1 17 5 -1 1 6 
-16 22 12 -20 17 10 0 -4 
3 -57 18 40 -3 -5 -5 -26 
15 40 -36 -71 0 -2 10 19 
-11 -10 42 20 -4 3 -1 -7 
-10 -34 18 3 2 -3 -9 7 
8 -21 27 -7 -2 5 -9 9 
-3 -36 -93 -28 3 5 8 -10 
-5 43 58 -12 -1 4 -7 -8 
-30 -28 -3 5 -6 -2 7 -11 
1 -9 22 24 1 -13 15 -3 
9 -33 30 -4 7 -3 -37 7 
2 9 27 27 -2 2 49 19 
13 4 -74 -34 0 6 -11 -13 
-7 -18 -13 -6 0 2 -6 10 
-6 -2 -25 6 -12 -7 -2 -3 
-31 -86 -77 -3 9 -2 -5 8 
15 49 77 -3 -4 -6 -2 1 
0 12 18 15 -10 -3 -12 -19 
-1 48 43 10 5 -3 -14 9 
18 -61 -80 -36 -6 1 9 -4 
-2 27 13 14 -7 -8 -3 32 
-19 -43 -57 -26 0 3 28 -55 
8 25 49 27 -1 9 -7 21 
18 6 -8 2 -7 -10 -14 8 
7 -16 28 3 0 -2 24 -3 
2 1 24 -13 -6 -12 -57 -8 
6 20 -31 19 0 5 41 11 
-17 -39 -27 -26 -6 -4 23 1 
11 13 -9 7 -2 4 -7 2 
23 7 39 5 1 3 14 33 
-16 120 16 0 -3 -3 -11 -47 
5 -24 -81 15 11 4 6 8 
-31 41 66 -22 -13 -8 -5 -26 
-19 -49 -36 25 11 1 1 7 
25 -57 27 -5 -7 -2 -11 15 
-18 45 47 47 12 2 1 -24 
-1 21 -3 -46 -10 -9 -22 -24 
-10 9 -59 -12 1 5 10 23 
-5 -16 -11 6 -6 -6 5 4 
17 65 18 -17 3 1 -22 29 
-20 -91 -46 24 0 4 21 6 
-2 -36 41 -12 4 -5 -15 -51 
-24 -41 -3 15 1 -5 -15 -3 
-11 -9 34 -29 -10 -1 25 11 
4 -56 -1 -15 -9 -16 -60 -11 
2 -90 -34 7 1 2 7 1 
1 100 13 -9 2 9 27 2 
-1 -49 77 27 -8 -17 -16 -26 
8 29 -38 24 4 5 -1 17 
5 25 -19 -38 -1 -2 1 22 
-20 -43 -6 7 -1 0 -12 -30 
7 14 -11 -20 -5 2 -6 6 
1 -6 30 21 2 1 12 -17 
8 -22 -5 23 -2 0 -10 17 
-20 -17 4 -7 -7 -5 3 -16 
19 -21 -4 3 0 -7 -22 24 
4 -64 -11 1 3 13 13 -14 
-1 16 -31 -50 -6 -7 2 -41 
16 -22 26 15 -5 -11 3 64 
-43 -26 -35 11 -5 -4 -4 -7 
-2 1 11 -3 -1 -2 20 -8 
-14 43 33 11 4 4 -15 0 
12 -32 22 -4 1 -3 -2 -34 
6 -73 -72 8 -1 2 0 6 
2 69 -12 -37 0 5 -3 31 
-5 1 -10 -26 -1 1 16 -11 
-6 58 24 29 9 3 -12 7 
18 -21 -21 -17 0 -4 -58 -36 
-3 -12 -54 13 -10 -3 56 50 
-2 -8 13 3 -4 -7 -23 -6 
-16 -10 -2 1 2 2 9 0 
-32 31 71 12 9 5 -7 -31 
-10 2 -103 -54 -11 -2 -24 -16 
-10 13 53 24 -3 -7 1 -2 
30 -14 -10 2 1 -9 4 27 
0 37 6 21 1 12 35 11 
21 -10 2 25 10 1 0 -4 
-43 -21 -36 -9 -3 2 -16 23 
23 82 61 10 -3 -4 -56 -52 
4 -18 -25 -11 -1 -3 15 8 
2 -36 6 0 2 8 10 8 
21 -14 -14 1 -1 -6 -19 31 
-12 1 13 16 1 4 23 -32 
-5 20 58 2 -2 -2 -5 6 
-5 1 1 -15 -9 -13 -44 3 
-7 6 17 -10 9 13 21 -12 
-1 36 -11 -12 -10 -6 16 22 
6 6 23 -13 -5 -3 -2 -3 
-7 82 22 5 2 13 -5 -20 
7 14 43 38 0 -10 3 6 
11 -43 -45 -16 -2 -4 3 22 
-7 11 -31 -25 -20 -7 8 -19 
7 27 40 30 12 -5 -37 -26 
-6 20 2 8 -1 11 6 38 
-10 -71 -18 -9 -7 -2 8 -14 
-17 -34 -15 14 6 -5 -12 -23 
-6 -53 12 -60 -3 4 19 9 
12 -33 -2 2 -8 -10 -1 -14 
-21 -102 -24 0 1 7 62 -11 
16 -36 -56 -22 -3 2 14 47 
3 66 4 9 -1 -4 0 -7 
20 38 44 75 7 0 -34 6 
-15 17 -21 -54 -4 0 -16 -3 
43 31 57 12 7 5 7 26 
-36 59 60 39 2 -4 -25 -37 
-46 -7 -76 5 -11 -7 31 -36 
12 57 74 -18 14 5 -23 6 
-11 11 -4 1 7 1 -26 -24 
39 -60 -112 -49 -9 -8 3 59 
4 12 9 -34 2 10 15 -48 
-18 8 28 49 -3 -9 -23 -32 
-9 -14 1 -11 1 -1 24 -7 
-19 -112 -29 14 -2 -1 19 4 
40 7 -10 -35 6 8 -33 85 
8 -13 10 29 1 -8 -52 -42 
-19 -7 -63 -56 -14 3 76 25 
-24 -37 57 51 1 -8 -23 -33 
3 31 14 -4 3 6 5 -4 
11 -58 -25 -45 -15 -12 -4 5 
-16 49 -4 18 7 -1 -67 -37 
14 27 -15 -34 -2 15 74 54 
-7 1 47 -12 -7 -23 -12 -32 
-10 -41 -70 -3 -2 3 22 9 
0 -34 91 40 3 -8 -38 -14 
25 40 -4 0 -9 2 23 3 
-37 -39 -13 1 4 0 -50 -24 
18 34 -33 -49 0 -3 54 76 
-12 13 -72 10 -7 2 68 -10 
-18 -21 112 65 1 -19 -111 -52 
36 3 -81 -51 -2 22 106 31 
-24 -11 7 11 3 -7 -55 -33 
32 -7 -1 -12 -8 3 2 43 
0 26 13 -36 1 -13 -50 -19 
-19 -34 -38 74 -18 -11 28 11 
12 56 30 3 12 11 -4 2 
-19 -6 46 0 -1 -8 -47 -33 
55 34 -23 -21 0 15 92 76 
-16 -7 -10 -12 5 -5 -50 -29 
-12 37 -31 -3 -7 6 1 -32 
-3 19 45 36 5 9 -17 2 
6 -20 -77 -11 -2 -24 -22 -9 
23 -2 -33 -28 -2 10 50 -1 
-40 -17 69 49 -1 -9 -34 26 
24 -4 -39 -29 5 10 48 7 
-43 10 -21 19 -6 -1 -11 -50 
-8 88 68 -9 -4 -16 -45 4 
10 -28 -41 0 3 22 57 3 
0 6 -47 -48 -11 -1 -6 6 
43 -52 2 34 3 4 3 20 
8 -31 -2 -15 -1 -7 4 12 
-36 -1 47 24 -1 -2 -24 -22 
-6 6 34 -8 -8 -12 -71 -12 
-2 -65 13 -18 5 0 61 1 
-5 -52 -91 -38 -6 -18 -96 -54 
36 -10 -58 -16 -6 8 58 45 
10 70 17 10 2 -14 -22 21 
-43 -13 37 -11 -6 -8 -42 -36 
-31 -2 68 23 -2 7 59 12 
45 33 -63 -37 -9 -14 -64 19 
-19 -33 2 43 2 8 66 -47 
-1 60 23 -3 6 14 0 3 
-17 15 -32 -11 1 -6 -45 -42 
31 99 30 2 11 13 -6 33 
-25 -18 0 -2 -3 -15 -80 -31 
49 -29 -17 18 -4 -11 11 54 
-79 -42 10 5 3 18 101 7 
10 -27 -21 -26 -4 2 -12 -9 
14 3 -47 -20 4 -5 -55 -15 
-3 49 45 35 5 1 24 1 
5 15 22 70 5 -8 -82 -12 
-19 7 -1 -37 -8 4 60 30 
-26 -19 29 24 -7 -1 20 -26 
-13 1 -10 -35 -3 -1 40 2 
-8 -25 -6 -31 -7 -6 -16 33 
-42 -34 -51 28 8 -1 -6 -41 
30 -13 53 8 -1 1 -17 14 
-40 -21 -101 -51 -9 3 -8 -13 
34 24 89 42 7 3 33 -19 
25 70 21 -15 -10 -19 -30 12 
-11 16 -19 -5 -4 2 18 36 
23 0 -47 -35 -1 -6 -66 -18 
16 -2 21 45 8 -2 -77 -19 
-24 -53 -15 37 5 7 79 18 
22 -14 -54 -53 -6 -3 17 21 
-41 7 37 15 -2 -8 -94 -58 
60 22 -11 -18 -3 6 45 12 
3 -26 0 35 3 -8 5 -12 
12 16 -14 -36 4 -2 -25 7 
-43 -27 -1 26 -7 4 12 -1 
32 -14 6 -10 -2 7 14 24 
-32 3 16 12 3 0 4 -24 
68 -2 -30 4 -5 -17 -37 0 
-64 -14 -45 -40 -2 11 55 19 
19 33 61 -17 1 -3 -10 -2 
-6 -46 -20 -8 -10 -11 -83 -65 
-8 -80 -35 0 -5 -4 56 33 
15 29 -33 13 8 -12 -75 14 
-27 89 38 -10 -13 -2 53 14 
28 61 92 4 9 4 -56 -30 
-53 -59 -99 -39 -6 5 38 -11 
44 24 127 109 14 -12 -99 -18 
-7 -60 -128 -38 -11 9 65 9 
0 -27 -44 -38 -13 -15 -46 11 
-14 17 68 19 5 10 5 -22 
38 26 -32 -13 -4 9 66 12 
0 16 34 23 10 -8 -30 4 
-1 -36 2 -16 -10 0 35 6 
-38 14 -33 -8 -1 -4 -25 -14 
20 -11 -25 -32 -1 5 -8 18 
-12 -31 31 29 -8 -11 -1 -40 
-10 -69 -36 -12 -10 -4 55 34 
15 10 47 7 6 4 47 11 
4 -9 -13 4 -7 -5 -5 -11 
-19 -78 -60 -42 -6 4 -8 -5 
8 -41 40 33 2 1 -13 14 
-7 -12 63 19 -4 -7 -27 -30 
-12 -26 -65 -39 -2 7 40 15 
11 -16 -18 -32 -10 -14 -57 7 
-16 -4 -20 17 6 0 -25 -21 
7 23 23 26 2 6 8 20 
12 -16 -50 -31 -5 -8 -1 -4 
-7 1 5 25 4 3 -15 -4 
-4 0 8 -56 -17 -4 -1 -9 
-11 36 25 -15 9 3 -3 10 
12 42 68 59 6 -1 8 2 
-5 -31 -61 -25 -7 -11 -21 -12 
4 19 35 21 2 -1 8 17 
-2 -40 -51 -23 -3 -5 -44 -39 
4 16 31 -5 13 20 73 36 
31 5 -25 -13 -6 -6 3 36 
-17 24 0 6 -8 -10 -14 -43 
-13 -6 23 17 5 2 -2 31 
-5 -25 -22 13 -11 -8 -24 -9 
22 53 10 20 7 11 37 -21 
7 3 13 -5 9 11 25 11 
14 27 14 16 0 -2 -23 -11 
-2 -7 -17 -24 -12 -8 -10 -7 
-14 -8 36 18 7 2 -20 0 
-2 1 -20 -1 -4 5 15 31 
5 22 18 22 -3 7 19 -35 
-5 -4 10 -2 -3 -14 0 30 
1 -13 1 -3 -4 -6 -10 -27 
-4 -10 -5 -8 4 -3 -8 -26 
-11 -23 -50 8 -3 -6 5 36 
-15 -14 -4 -29 -10 -1 -13 -48 
-22 -9 -9 7 5 8 6 12 
8 20 17 -3 3 3 23 17 
12 -2 5 16 -2 -2 -6 -20 
-2 -53 4 -8 -5 1 20 30 
-3 -15 -28 3 5 3 6 -12 
7 7 16 10 2 0 -12 -5 
8 12 10 -18 -10 -9 2 10 
-19 15 24 13 4 1 0 -24 
-7 16 -10 -15 -2 -6 -20 36 
15 -7 -14 -3 -2 -5 -6 -22 
-6 -3 -43 -16 -1 -6 -3 3 
10 2 38 13 2 6 -2 -8 
5 32 19 9 4 2 -3 9 
7 18 18 -10 1 -2 -26 33 
-17 34 -9 -23 -9 -3 46 -19 
10 -8 -36 -12 0 6 9 -17 
7 -15 41 11 -6 -2 7 1 
-7 -42 -67 -15 -2 -6 -2 7 
26 -17 29 6 0 0 -57 20 
-20 0 -37 11 -4 -8 5 -25 
-2 6 5 -23 -1 5 48 -14 
9 12 38 18 3 4 1 26 
15 -14 -34 -17 6 4 -9 12 
-31 -9 -8 -4 -9 -10 -32 -18 
-10 -16 -14 13 -2 -4 -16 -15 
-31 35 37 14 3 -4 -9 -9 
21 -20 -34 -24 -7 6 7 4 
7 10 14 11 5 5 -1 8 
1 -18 -11 -17 -5 -4 5 8 
-23 -8 4 14 3 6 7 -10 
-10 11 17 8 -4 -12 -21 -24 
27 38 21 4 6 8 13 27 
-19 -28 -14 -21 -4 -17 -64 -23 
-1 8 -9 1 -2 9 60 -15 
-1 -1 18 28 7 4 9 38 
4 1 -13 -15 -4 -4 -11 0 
10 -5 -13 6 -7 -5 -9 -6 
1 -9 -22 -36 -6 -5 -50 -19 
-21 -36 11 12 -1 -1 25 -20 
9 -10 -5 2 -1 -5 -3 25 
10 21 44 3 2 1 6 -2 
-31 -15 -31 -7 -1 -4 -24 -10 
-6 -13 21 9 -2 0 8 -2 
-10 21 11 -12 5 9 -2 -9 
-8 -5 -15 2 -7 1 -9 -4 
14 -16 -37 -4 -4 -3 2 -3 
-6 4 5 -9 3 -1 -5 -11 
16 6 9 -3 -7 -5 14 16 
-25 19 30 10 6 1 -2 3 
4 -11 -26 -6 1 -2 5 22 
3 30 -22 -3 1 7 17 -8 
-15 -16 14 6 0 -5 -7 -32 
21 35 27 0 -2 8 3 34 
12 3 12 1 -15 -22 -35 -10 
-7 5 -12 14 1 8 26 -3 
6 -20 -9 -14 -6 -2 7 35 
-11 14 10 7 9 5 -3 -3 
1 -32 -2 7 6 7 2 -13 
-4 20 6 -7 -6 -5 -16 7 
-4 -26 -38 -14 -10 -12 -3 -5 
0 0 3 -4 -4 -1 18 6 
15 1 -25 3 0 4 -17 -6 
-24 7 41 -1 3 5 4 -3 
1 -6 -5 7 3 -1 4 -3 
4 -13 -30 -33 -12 -8 -2 16 
12 2 14 5 1 -11 -38 -16 
-2 -35 -18 -6 1 -6 -12 1 
-13 21 24 -2 -4 11 62 -12 
13 -2 -34 3 0 -3 -8 -20 
-6 9 19 3 4 7 6 11 
-17 3 -5 -4 0 1 -10 -30 
-5 -24 1 15 1 -13 -30 29 
14 -27 -7 -14 1 1 7 11 
-10 11 -7 -23 -9 -4 16 -9 
4 0 -11 3 0 -7 9 -7 
-6 -1 10 5 3 1 -15 -32 
18 14 0 2 -4 0 2 28 
-21 -26 -15 -8 -2 1 7 -6 
6 -6 -18 3 -1 -1 -9 11 
-2 19 13 -4 -3 3 -12 -18 
5 -4 6 16 4 5 8 5 
-2 12 36 3 1 -5 -6 12 
20 -30 -32 -2 -9 -5 12 16 
9 17 11 -19 4 -6 -27 -43 
-12 0 -7 -6 3 2 19 -10 
1 1 -4 4 -4 -3 8 1 
6 16 22 -4 -8 -3 -11 9 
15 17 12 13 5 2 -18 6 
-18 -21 -23 1 -5 1 -8 1 
-15 3 25 -12 -8 -3 8 -4 
10 -10 -23 0 -7 1 48 14 
-10 -9 4 -8 -4 1 5 6 
-13 9 39 5 2 -7 -30 -24 
30 -13 -2 20 3 7 15 4 
1 2 -26 -30 6 6 -14 10 
-6 8 41 6 2 -6 -1 -8 
-14 -24 -57 -6 -5 -8 2 -13 
-1 -5 -4 -1 7 1 3 18 
7 43 18 18 1 -3 -12 6 
-13 8 13 -11 3 7 -6 -22 
19 -11 -37 -10 -7 -8 -4 -2 
1 8 -3 2 -2 -2 6 -9 
11 -1 25 3 1 -2 -10 34 
-4 -3 4 8 1 5 8 12 
