#EMG
#7
#ID:7-46
1 -2 -19 -5 -2 -3 13 7 
4 5 13 -1 4 0 -12 -9 
-2 -4 -1 7 -5 -7 -1 -3 
0 -9 -19 -16 -1 -3 12 1 
0 6 16 3 -1 3 9 1 
-1 -3 -11 4 -2 -4 -19 -4 
-4 -3 -11 -5 -1 7 7 0 
1 0 2 -1 -4 -12 -5 -1 
-2 -2 1 2 3 7 8 -3 
-1 -10 -22 -6 -2 3 0 -3 
-3 -1 4 10 -3 -15 -4 10 
-3 -3 -8 -20 -4 -2 -9 -13 
2 1 1 4 -3 -4 -22 -1 
2 7 22 3 0 5 41 0 
-7 -8 -18 -7 -1 -5 -35 -4 
8 4 0 6 0 10 34 5 
-9 -6 -16 -7 -4 -7 -43 -9 
0 3 35 6 -2 -4 34 3 
2 -9 4 -4 -2 9 8 -2 
0 3 4 -9 -2 -8 -26 -1 
-3 0 -15 -5 2 9 -10 -7 
-1 2 19 18 -3 -7 1 3 
4 3 -11 -13 3 3 6 -1 
-1 -6 7 15 0 -4 -8 1 
0 0 6 4 -2 3 11 1 
-5 -4 -16 -12 0 -14 -41 -6 
-1 9 5 0 -4 0 22 -2 
1 -5 19 5 2 -1 -13 -3 
0 1 -14 -33 -3 -8 -27 8 
-3 -4 -10 0 -2 3 33 -9 
5 1 1 0 2 2 7 -4 
-10 -2 8 9 1 0 -20 -2 
2 -4 -27 -5 -2 -11 16 0 
-1 -1 -10 -5 4 2 -41 -3 
1 5 10 -6 -2 -2 5 4 
0 3 -11 7 0 7 44 10 
2 -7 7 -3 -3 10 25 -4 
-3 1 7 8 -5 -7 1 -3 
-1 0 -2 2 -3 -6 -4 -1 
4 4 5 -11 6 -1 -18 -2 
-2 8 20 11 -1 0 9 4 
-6 -17 -20 -9 -5 3 -16 -5 
-7 -5 14 -6 -6 8 5 -2 
1 -7 -22 -5 -6 -17 12 2 
0 0 0 12 1 -2 -4 -5 
1 5 12 -6 1 2 -13 1 
5 2 -4 3 1 -3 -7 -3 
-6 6 19 12 -1 9 -5 8 
-6 -13 2 -1 -8 -12 -1 -18 
2 -1 -11 -9 -2 -8 -6 3 
0 -6 -31 -22 -1 2 11 1 
0 4 20 32 -3 -2 -26 -5 
0 5 32 8 5 6 21 0 
0 1 -13 -7 -5 -9 -5 -1 
-4 -8 -22 -9 0 4 11 1 
2 1 6 -16 -3 -6 -4 -7 
3 2 -14 11 3 4 -3 8 
-3 -9 11 -4 -4 -3 -34 -10 
-3 2 1 11 7 11 49 10 
-7 -1 6 1 0 -7 -27 -14 
-1 -9 -17 -14 -5 -4 34 4 
4 15 4 3 2 6 10 12 
-3 -10 14 -5 -5 -15 -39 -8 
-3 -5 -28 -7 -6 9 23 -3 
0 1 9 4 -1 -13 -44 2 
-2 -1 -8 -7 0 13 35 3 
-3 6 29 28 -1 0 4 -3 
-2 -8 -4 -38 -4 -11 -6 3 
12 0 -16 6 1 0 -9 -2 
-3 -6 -2 -8 -5 -5 -2 -7 
6 18 28 13 6 7 -36 0 
-6 -18 -87 -23 -4 -5 -3 -5 
-12 -5 21 10 -4 -3 13 1 
0 -2 4 2 1 -1 12 6 
-3 -6 -5 -19 -6 -3 2 -11 
4 1 0 6 2 -1 -12 -1 
-1 7 13 1 2 5 2 -7 
-2 -2 -16 -4 1 12 -10 5 
2 3 28 25 -2 -15 -23 11 
4 2 -1 -4 -3 8 60 -8 
1 -6 -29 -9 0 0 1 2 
-7 -5 32 8 -1 -3 -7 -6 
14 16 -3 -7 2 4 -17 2 
-19 -24 -9 7 -2 -4 -32 -2 
4 4 4 -5 -3 -15 -23 -9 
-7 -3 -7 1 -1 4 8 4 
4 -1 1 -8 1 5 9 1 
-2 11 1 8 -4 -14 -28 -6 
-12 2 30 3 -1 2 3 -14 
5 4 -7 10 9 4 -31 3 
-5 -9 -65 -27 -10 -9 85 30 
4 -3 32 -1 -1 -4 -8 -27 
6 -5 -12 -6 -4 4 4 18 
-6 5 -5 -13 -2 1 -16 -16 
-9 -31 -5 5 0 -6 -34 -19 
3 25 -34 -5 -5 3 52 12 
-2 3 8 -18 -5 -7 -38 -2 
0 -13 26 2 -7 0 97 16 
11 -12 5 27 2 3 -11 2 
-27 -3 -21 -20 1 -2 -30 -1 
-3 56 3 13 2 1 12 -11 
3 3 15 7 2 13 22 18 
-8 -10 -51 -18 -7 -25 -46 -18 
1 -9 11 3 1 11 34 15 
2 -29 -34 -23 -6 -3 21 10 
9 -4 -12 0 -3 -14 -57 -21 
0 42 37 7 3 9 29 2 
3 -30 14 23 5 2 -10 -3 
17 -62 26 -2 4 0 -16 -1 
-12 7 -12 -48 -4 0 29 -4 
-3 -24 -39 20 -2 1 -10 -1 
-4 -1 5 2 -9 -14 -8 15 
-11 8 -20 -14 -1 -7 -45 -14 
32 -29 -31 0 -1 -16 15 -1 
-14 4 78 24 1 15 21 -6 
11 3 27 7 4 7 8 1 
-18 -12 -39 -3 -2 -4 -14 15 
-8 -23 -24 -16 -6 -15 -52 -24 
-12 3 -3 15 -1 1 15 3 
5 -5 10 -29 -5 -7 -24 -14 
5 35 -25 -18 1 -8 -51 -17 
8 11 -27 -16 -5 15 58 20 
1 -15 40 -13 -5 -12 -4 8 
-2 69 5 12 6 0 -37 5 
4 5 53 1 -6 3 31 11 
16 18 70 23 -5 -3 -20 -16 
-1 -20 -81 -25 1 -12 -44 -8 
-12 -30 -28 47 0 12 46 -34 
27 3 -15 -60 -2 8 40 17 
-3 -8 -32 -3 2 -7 -41 30 
-7 9 46 -14 2 7 40 7 
11 32 21 27 1 -7 -43 -32 
11 13 11 53 5 8 31 7 
-21 0 11 28 -1 -12 -50 -1 
-2 -44 -87 -67 -9 3 35 3 
7 -14 -13 -10 -1 -7 -103 -5 
-4 -57 33 23 5 11 57 19 
12 40 73 30 -2 4 44 -15 
-29 24 -33 -36 6 5 -35 -23 
-5 -4 40 38 -4 -15 -18 -1 
0 -21 -49 -37 -13 -10 -26 4 
2 -30 -14 14 10 8 -24 6 
7 -8 1 1 1 -9 9 4 
-3 -9 5 -17 -4 -5 -10 2 
-12 21 7 25 1 2 11 -12 
-6 -13 -37 -25 -7 -10 0 0 
26 32 20 4 10 12 -10 -5 
-25 -10 -16 -21 -6 -9 -9 16 
-10 -4 -17 1 -7 -2 14 -12 
-26 -5 -12 5 -1 -10 -17 -26 
12 -10 1 4 0 0 -16 3 
16 9 -6 -19 0 21 52 30 
-30 2 3 2 1 -12 -31 -24 
-3 14 -23 -12 1 4 -3 -7 
-26 -31 -2 -3 -10 -14 -8 -7 
3 -19 32 14 8 16 43 17 
-11 6 -17 -8 -7 -1 13 -10 
10 15 17 11 4 0 11 15 
3 -11 11 -3 -6 -9 -25 -9 
18 16 -25 -11 -3 -1 0 1 
-3 -17 -4 -3 -1 -5 -26 8 
-20 5 4 -8 -6 -3 24 -11 
6 -1 -14 5 0 13 -17 -2 
-7 4 22 -7 0 -8 12 -8 
11 4 -3 2 8 4 2 -3 
-6 -4 -12 2 -4 -2 -34 2 
4 16 10 9 -4 -5 -10 -1 
3 6 8 2 2 6 35 15 
-7 -6 23 6 -2 3 -17 -13 
15 -11 -29 -9 1 -20 -28 5 
-26 14 11 7 -4 13 30 11 
0 6 -13 -32 2 -6 -26 -24 
-4 -18 22 32 -5 -6 -2 -12 
-7 -7 4 -2 1 8 -11 -4 
-2 -55 4 6 -2 -5 27 -20 
5 9 -24 7 -1 2 -18 39 
13 0 -8 -29 -2 -2 -9 9 
-26 0 -13 -6 -2 -3 3 -36 
-7 0 30 12 2 4 2 3 
3 -12 -31 -26 -10 -16 -16 -17 
-4 38 -13 1 4 -11 -58 -5 
15 14 25 44 1 38 85 23 
16 14 -12 -28 -5 -31 -25 -3 
-6 -9 28 2 -2 4 17 -5 
22 -1 -14 5 0 1 22 11 
-11 -12 -8 -35 -2 -8 -17 -4 
4 18 7 23 -2 7 -9 1 
5 -16 13 3 -4 -2 24 -7 
-7 2 -21 -9 -5 2 10 5 
-12 -13 -7 3 0 -9 -34 -8 
17 -8 -31 -14 0 13 46 12 
-9 -15 17 14 -2 -17 -21 -12 
-30 15 10 25 -3 4 9 3 
0 -13 -2 -39 -7 -8 -47 1 
1 -8 -31 -3 -4 -10 42 1 
13 56 -8 -16 2 13 4 11 
6 10 41 42 -2 -6 -2 -12 
-5 0 -32 -41 -1 0 19 18 
-7 25 22 6 -5 -16 -42 -18 
-11 -29 7 3 6 5 -38 -14 
-1 -21 -38 -19 -4 8 62 5 
17 24 -20 11 2 -6 -3 4 
-7 -24 2 7 -1 1 -24 5 
-4 -2 12 -13 -3 -6 2 0 
-2 -10 -17 -8 -5 -6 -18 -16 
6 -50 -6 1 -6 -5 -23 0 
15 38 19 25 8 5 7 12 
-7 2 -7 -21 -10 -16 -14 -16 
-1 -14 -20 -20 4 20 28 33 
-28 -12 -12 -11 -2 -3 66 3 
4 22 63 26 -1 -4 -30 -22 
10 -10 -2 19 9 10 24 20 
-6 4 -3 -4 -14 -19 -24 -20 
8 14 25 -4 5 4 -5 2 
-19 4 -24 12 -5 -4 -14 1 
-3 1 -48 -32 -6 0 8 -12 
10 17 33 13 4 3 6 8 
4 57 -11 4 -3 -7 -10 -14 
-5 -4 -54 -5 -8 0 -2 8 
-4 -56 -47 -32 -5 -1 1 -10 
4 38 73 46 15 1 -7 7 
2 -47 -23 -22 -13 -2 0 -7 
-23 16 18 -53 -4 -1 3 8 
-9 -61 -5 -22 4 -2 -6 -20 
12 3 -67 11 -2 -6 -6 -6 
-2 47 103 31 6 4 3 8 
5 -38 -94 -44 -7 -2 -2 2 
6 64 43 30 -6 -6 0 8 
-20 -35 45 -12 6 4 -3 -11 
4 -25 -26 -18 -7 -11 -16 9 
15 39 66 -8 7 9 17 -18 
-5 3 -63 7 3 0 1 -24 
10 7 -3 -18 -10 -3 -12 19 
10 32 31 51 2 -4 -16 6 
17 -7 14 -14 9 12 -2 51 
-16 -19 -33 19 -8 1 10 -12 
-9 -4 46 1 -1 -5 -17 -44 
-23 -62 -3 -17 3 -1 0 -31 
3 -62 -49 15 -1 -10 -34 -2 
8 46 66 26 4 16 -21 21 
-10 0 -39 -17 -14 -28 15 19 
-35 -8 1 -21 -2 5 35 -37 
-13 -77 -6 13 -1 -11 -42 -29 
26 17 36 41 6 20 72 32 
-9 -24 -56 -14 1 10 10 5 
38 14 -20 -7 -5 -2 -3 33 
-35 12 40 -1 -2 -6 -20 -30 
-7 -55 -49 7 -1 -14 -40 12 
20 36 80 -6 -8 -7 -58 -20 
-7 -22 -19 -4 -9 14 86 12 
-10 27 -15 -29 -5 8 58 3 
13 55 47 8 0 -14 -6 4 
12 -34 -63 -3 8 8 11 -19 
6 4 -12 23 6 2 -66 -2 
5 -4 -2 11 2 2 11 1 
2 -27 41 -24 4 2 15 13 
-43 -29 -22 69 -6 -12 -41 -10 
4 -20 -7 -16 -2 9 29 -6 
6 55 38 13 5 -14 -53 -38 
0 -18 -25 -37 -7 19 43 27 
2 -6 15 -23 -2 -29 -7 36 
19 14 -25 23 2 2 6 3 
-13 -26 12 0 -5 -2 -1 -7 
-14 -10 -41 3 -2 -7 -48 -12 
6 26 29 -3 7 14 -16 -14 
-34 -28 28 20 2 -1 22 -10 
41 18 19 11 2 1 10 25 
-19 44 -38 -19 -8 -9 -2 -27 
-2 12 -11 -7 4 9 20 5 
7 29 63 20 1 -14 -43 -10 
-2 18 -18 31 4 16 7 11 
-12 -41 17 -1 -6 -18 -12 -6 
-9 -8 -36 -48 -4 0 -41 -3 
-2 8 -4 -14 2 20 65 3 
-12 -25 -14 -8 -7 -11 -6 -9 
-2 6 9 14 -5 -13 -49 3 
27 5 -4 -14 -2 3 42 -9 
0 7 -1 -4 -3 -10 -36 17 
3 -33 -15 11 -1 6 3 -11 
-13 54 -16 -18 6 -4 -10 -4 
-7 -19 -14 -8 -3 5 14 13 
9 -15 37 4 2 -7 -20 -21 
-25 6 23 11 -9 -9 9 13 
6 3 18 -21 -5 3 -1 -17 
7 -9 -24 4 6 8 23 13 
13 40 -11 11 -6 -8 -9 9 
2 -15 23 4 1 -2 -23 -1 
1 53 27 11 -8 0 15 -3 
1 6 7 -19 -2 -2 4 9 
-23 -35 -14 -14 -3 -4 -23 -11 
3 9 -5 -2 -3 0 2 -8 
19 -37 -24 -8 -1 -8 9 11 
-12 -17 0 4 0 3 -6 -33 
8 -1 -4 12 -3 -7 -21 14 
-4 -45 3 -19 -2 1 12 8 
-1 1 -2 11 9 16 36 -4 
-4 14 -40 -19 -11 -17 -34 -3 
-4 0 -24 10 -1 -4 -33 -11 
7 41 -4 -1 4 3 19 15 
-14 -25 -6 1 -4 -4 -20 -8 
-2 -8 23 7 1 12 25 7 
-4 13 6 -5 2 -10 -17 -14 
-8 12 15 1 -2 -2 5 5 
16 47 12 -2 -2 -4 -3 -13 
13 5 31 4 1 -4 1 19 
-31 0 -38 -13 -3 5 16 -7 
9 6 27 11 -1 -3 -16 -15 
-1 -74 -7 6 4 2 6 -1 
-3 10 34 -2 -2 2 0 2 
19 -10 -31 -9 0 -1 8 -4 
1 4 9 24 1 1 -3 19 
-23 -89 -10 -23 -8 -5 -1 -2 
-1 -13 11 13 1 -1 7 -14 
16 26 -40 -9 -2 -6 -30 11 
-20 -58 -42 -28 -4 3 17 -25 
-28 -19 4 6 -5 -6 -5 -1 
1 12 6 7 2 3 2 9 
7 1 22 -3 -3 1 6 -8 
14 -4 -27 0 1 -3 -8 21 
10 110 29 7 1 2 -12 -5 
-4 -16 -12 -2 -2 -8 14 -12 
-7 -20 24 -1 2 4 -16 -1 
13 51 68 3 -3 -2 -12 5 
6 -11 -84 -16 6 13 15 6 
13 2 -39 10 -9 -1 14 -5 
-4 -2 1 -36 1 2 26 12 
7 8 7 6 -4 -8 7 15 
5 -2 22 11 2 0 0 -7 
-14 33 31 12 -2 -24 -66 -22 
19 -20 -8 0 1 12 14 13 
-23 0 -33 -6 -5 3 24 -11 
-1 -53 17 -12 2 10 19 14 
3 -1 8 -5 -2 -2 -16 -6 
-4 -13 -22 10 -2 -13 -13 -13 
-21 33 3 3 4 8 24 -8 
-5 -5 7 8 -9 -6 -65 -5 
-6 -45 -18 -16 0 7 34 7 
-22 0 23 17 5 7 -15 -23 
-9 -97 -28 -7 -2 -10 -38 -5 
10 24 20 3 6 -12 -45 -27 
-2 -12 -18 -16 -17 -2 105 45 
16 23 1 -13 1 -18 -74 8 
4 2 12 7 4 25 80 5 
-11 -5 -8 0 -17 -26 -47 -9 
-15 10 -32 -15 8 9 -28 -11 
-3 -6 8 15 8 0 -22 -9 
19 28 -7 -11 -1 11 32 38 
20 6 1 10 -6 0 -49 4 
-18 -47 -15 -17 -5 -8 60 -8 
-11 1 2 -34 -13 -7 4 -13 
-7 -1 -7 14 11 -18 -110 -18 
11 34 64 53 11 13 17 -8 
-14 -12 -67 -17 -5 3 47 -2 
0 -10 19 -16 -8 -10 23 16 
-4 -17 -6 -16 -3 -5 -10 -21 
0 0 -9 9 3 6 19 20 
5 25 14 25 10 5 -57 -11 
13 16 24 -2 5 7 21 14 
0 -6 -4 7 -11 -10 7 -20 
-2 10 17 3 0 -7 20 -3 
8 8 17 -2 4 7 -12 23 
7 -3 -31 18 7 9 45 10 
4 -8 -43 -10 -7 -9 -8 14 
-33 -26 -12 -31 -3 -9 -1 -19 
0 6 42 15 -8 -4 -30 -19 
2 27 0 21 15 2 -25 3 
17 33 37 3 9 15 -5 8 
9 -4 24 -14 -3 5 83 8 
-54 -51 -67 -21 -17 -21 -44 -23 
-13 -18 -14 -16 -3 0 -1 -3 
4 33 23 31 -4 -2 -12 -3 
2 0 -10 -9 1 3 6 25 
30 21 18 -1 -4 4 19 -9 
0 45 34 32 -4 -2 -2 -7 
-16 2 -50 -7 11 3 11 -9 
6 -7 -34 -7 -8 -1 0 8 
7 12 28 -26 1 2 -14 -5 
-13 -32 -76 16 -18 -12 0 7 
-1 -18 46 -24 -6 -5 1 -14 
-2 7 -2 27 5 -4 -9 9 
6 8 11 -14 5 4 4 -32 
13 2 40 12 4 6 11 32 
1 11 9 5 6 5 18 -1 
-25 -26 -19 -4 -12 -15 5 -16 
10 25 32 32 6 -1 -11 18 
-13 2 12 -5 -1 -2 -16 -12 
18 -7 -7 -31 -8 -9 -13 -11 
-11 -17 -62 -17 4 22 35 9 
4 17 36 32 2 -9 -1 28 
-15 -19 45 -10 -4 8 21 -36 
-12 -4 -39 14 5 -3 -20 4 
-5 2 13 -25 6 1 -6 -5 
15 -6 33 29 -1 -3 -8 23 
-13 -19 -22 -15 -11 -4 5 -19 
8 -4 0 -13 -6 1 5 9 
4 -14 -11 -21 -2 -11 -36 -5 
-8 -3 -14 -2 -6 -1 4 3 
-2 2 14 -13 3 8 2 -5 
26 10 -51 -7 2 -8 -56 -10 
-55 2 30 9 -4 -4 40 -4 
6 20 -14 -39 2 1 -3 5 
5 -15 -54 -17 -7 3 35 -6 
-7 -43 -1 7 -4 -13 -47 13 
35 11 18 18 0 5 11 11 
-32 3 -7 -11 4 14 11 -30 
-7 -11 12 0 -6 -12 3 6 
3 15 -6 -13 0 -1 -26 -4 
-4 -20 -9 7 -8 -13 -18 4 
19 22 -15 1 5 16 9 9 
16 8 7 5 0 -10 -27 5 
-24 -5 4 -4 -1 1 -9 -29 
3 11 13 -1 6 12 37 9 
-7 -9 -19 -9 -1 -12 -19 -12 
23 16 15 1 -7 0 9 22 
-4 -7 -13 -13 -7 -9 -4 -3 
-30 -6 -27 -14 3 5 -27 -46 
9 11 35 1 3 3 23 3 
-15 -44 -28 7 4 4 23 20 
-11 26 -2 3 -5 -2 13 -7 
14 -8 -6 -18 2 1 -9 5 
0 -46 -11 22 -1 -17 -59 -1 
13 3 52 29 9 26 70 3 
-22 -5 16 12 -7 -14 22 22 
-3 1 -56 -13 -6 -10 -56 -28 
-4 -13 -22 4 -4 -9 -22 7 
-17 -2 -24 -33 -4 -3 -79 -43 
12 43 17 -5 -7 -1 91 20 
27 13 42 16 4 5 24 6 
-10 -11 15 0 -2 -1 -9 -23 
23 29 -28 5 0 -7 -4 6 
-7 -27 -11 -7 -2 10 4 22 
7 -13 7 13 4 -10 -10 6 
3 11 14 -3 -3 -9 -3 -1 
-4 13 -2 3 2 15 -4 14 
14 -37 6 -26 -3 -6 -6 -21 
16 68 28 18 0 6 48 18 
-20 -10 -30 -9 -6 -12 -28 -3 
-9 -15 1 16 5 -3 -1 -1 
11 34 18 -5 7 10 -37 -2 
-13 -60 -22 6 1 -1 -25 -7 
-7 -29 -35 -9 -7 2 40 1 
5 28 4 -27 -4 -8 -6 6 
-4 6 10 20 -1 -2 -26 -3 
5 -8 13 0 -6 -7 17 -8 
26 20 -13 22 14 17 4 15 
-35 -14 -39 -19 6 -8 -4 -27 
-9 -59 26 -1 -6 -4 1 -9 
-6 -6 7 -4 -17 -5 -17 8 
5 -18 -33 -4 12 14 28 6 
-9 -8 0 -19 -20 -20 -22 -5 
-14 29 -34 6 -1 -6 -5 -17 
5 -7 22 0 17 15 22 26 
7 50 93 -14 -17 -8 -17 -14 
10 5 -79 -4 -6 -15 -16 1 
2 47 41 32 47 27 17 -14 
4 29 -34 14 -7 -7 -4 -3 
9 66 94 19 -2 -2 10 10 
-6 -13 -53 -62 -12 -7 -1 0 
-3 2 89 -10 -24 -16 3 13 
5 31 -33 8 24 19 6 5 
-14 -52 11 27 11 5 -4 -23 
22 -22 3 10 1 1 4 50 
-7 -9 -96 -23 -19 -12 -10 -9 
2 -6 48 11 0 -8 -18 -14 
-16 -23 -30 -38 -12 5 13 29 
6 -31 21 25 5 2 -26 -56 
5 -24 -9 11 1 9 41 15 
5 16 68 1 6 16 9 15 
8 -20 -72 -8 -2 -10 -6 2 
1 14 22 -9 -13 -17 11 12 
-6 4 6 -5 -1 0 -45 -17 
-6 -23 -18 -4 -7 0 27 -24 
5 17 1 22 8 2 -9 18 
5 13 32 4 5 -1 14 13 
6 -8 -8 0 -1 -6 -4 1 
-21 -24 -31 -7 -2 -7 -19 -19 
21 12 -2 2 -3 8 8 -6 
-18 -20 21 -4 -4 -2 -6 1 
-1 -11 -20 0 -4 -9 -35 -12 
0 4 3 -6 -1 14 57 18 
-13 -3 8 -1 1 -6 5 -22 
-6 5 20 33 8 3 -9 -5 
-4 -2 -18 -20 -7 1 16 5 
1 -9 -1 -25 -8 -9 -31 19 
-5 -17 0 -4 2 -6 -12 -23 
-3 1 -19 1 -1 3 0 -5 
-1 -10 16 14 4 3 13 -3 
1 -12 -6 -2 -8 -13 -14 3 
-9 7 8 -20 -1 0 -4 -1 
-1 -10 -38 -10 -2 1 -2 -6 
-1 4 2 4 3 3 14 17 
0 -1 -13 -8 -11 -13 -26 -13 
-6 -10 -10 3 -1 0 -4 -3 
1 -12 33 10 1 3 -2 -8 
0 -8 -15 -19 -6 0 13 10 
5 13 1 0 -1 -5 -6 1 
-4 -29 -17 -5 -7 -3 -5 0 
-2 3 13 9 4 1 2 10 
-4 -9 -6 1 3 -2 5 -5 
1 -53 -17 -20 -8 -9 -23 -29 
-8 -4 -6 3 -1 2 11 -1 
3 2 20 16 3 0 1 -2 
-4 8 2 2 3 6 7 -3 
-1 13 -10 12 -8 -6 -11 7 
19 7 -2 -16 -4 -16 -1 38 
-2 3 -17 0 -4 1 -5 -33 
-34 -17 0 15 5 -2 -27 2 
-7 15 0 -14 -4 3 49 7 
3 3 6 13 1 2 -6 -7 
15 5 12 -5 -1 -1 3 -3 
7 2 -4 -1 -2 -3 1 -1 
-5 10 -1 9 4 -2 -17 -3 
-11 8 -7 -8 1 1 -7 3 
-2 -7 -2 -11 -5 -3 2 2 
3 2 6 -7 -3 -1 -2 -9 
1 6 -1 8 -1 -1 -4 5 
4 9 9 -6 -6 -3 -6 -15 
-10 -4 0 -3 -1 0 -10 -9 
-2 -20 -18 6 -3 -1 5 4 
-3 16 4 -24 -1 -6 -8 11 
2 -4 -16 -16 -4 1 7 15 
-4 2 17 5 -4 -2 2 -8 
8 21 1 7 -1 -5 -26 2 
3 -9 -1 2 -1 3 26 -17 
-14 -8 -5 -7 -2 2 10 13 
-4 -2 10 0 4 -1 -5 -3 
1 6 5 2 0 -5 -2 -3 
-1 -13 -30 -4 -1 -2 -16 -1 
-17 -12 -3 -1 -2 2 4 -14 
-3 -3 2 2 -8 -8 -5 6 
10 -1 1 -6 -4 1 14 9 
7 0 14 6 8 -1 -19 -17 
-1 6 -4 10 6 3 5 -7 
-15 -3 -10 -3 0 2 2 -8 
-4 0 5 -6 1 1 7 -1 
-3 12 -14 16 -2 -2 -13 3 
3 -23 2 -33 -17 -18 -9 -2 
2 2 -6 -13 -6 -3 -3 13 
-12 -22 -11 -6 -3 0 5 -18 
9 -4 0 -2 4 5 5 37 
3 6 3 18 5 -3 -11 -32 
2 14 5 8 5 -1 -26 12 
-2 -2 -11 -6 0 1 39 -9 
-6 -6 -23 -17 -4 2 -2 -5 
7 4 19 18 -1 -3 -20 -17 
-19 -25 -10 -3 -2 3 23 11 
13 11 8 3 -4 -4 -6 2 
-4 -21 3 8 0 -4 -8 -8 
-4 -12 -6 -20 -2 -2 -5 7 
2 13 1 -7 6 7 7 -18 
-5 -7 -30 -8 -7 -5 -11 9 
2 16 8 -2 -4 -3 8 27 
-9 -4 8 16 4 1 -6 -16 
8 -18 18 8 3 4 6 14 
-2 23 11 3 3 -2 -5 -15 
-4 8 -26 -4 0 1 -20 -29 
6 0 6 -4 -2 4 10 40 
-4 -4 4 6 1 -5 -3 -7 
3 -8 1 -1 -5 -7 6 10 
4 -8 2 -3 -3 -4 -3 -4 
6 16 1 18 6 2 -2 4 
3 -3 -16 -22 -8 0 -10 20 
-4 -16 -6 -16 0 4 10 -31 
-11 1 8 -4 -7 -6 3 2 
-1 -2 -7 -1 -3 -3 -2 -7 
10 17 11 8 2 -3 3 9 
-28 -32 3 5 -3 -3 -38 -2 
3 7 -5 -18 -4 -4 11 -3 
-7 -6 -3 2 -3 3 11 2 
-1 7 5 7 0 0 -9 -10 
13 2 -1 -3 1 0 5 13 
-21 -3 9 5 2 0 -1 -16 
2 13 12 18 3 0 -7 -18 
18 35 -33 -18 0 3 10 43 
-12 -7 7 -29 -6 -4 3 -15 
2 -3 -8 2 -1 -3 -14 -1 
-3 5 0 -3 -4 -2 11 -5 
0 -30 -11 5 -2 1 -1 -9 
-2 -6 -12 4 1 -1 -17 7 
11 25 53 17 7 2 13 -14 
-9 -27 -84 -17 -5 0 12 -5 
-9 -9 16 15 -1 -6 13 -16 
6 8 -6 -8 -3 0 -6 5 
6 -13 6 -3 -2 0 -7 29 
-4 22 27 7 6 8 -9 -7 
1 -8 2 -8 -1 -1 3 6 
0 11 -19 -2 -2 0 1 -7 
-3 -15 -5 1 -2 -3 -1 6 
10 -8 7 -9 -2 -3 -2 3 
-34 -5 -21 -1 -2 -4 -13 -29 
5 -1 28 6 2 2 10 7 
10 60 2 6 0 2 2 -5 
2 -6 -31 -26 0 5 1 14 
6 7 33 11 -7 -11 -4 -16 
11 -12 -8 10 -2 -3 -1 13 
-42 -34 -7 -7 -3 -4 -16 -51 
6 18 15 6 0 -5 -2 13 
8 11 5 -8 3 11 23 15 
6 8 17 6 5 -7 -5 -4 
