#EMG
#8
#ID:8-1
-4 -9 -6 -2 -4 -6 -7 -19 
1 -7 -1 -1 -2 3 5 8 
-2 0 -5 0 -6 -2 1 3 
-11 -4 -17 1 3 2 0 -6 
2 4 10 -3 -2 -6 -3 -5 
-2 -4 -10 0 -3 0 -2 -1 
-2 1 -6 -9 -3 -3 -2 -3 
1 -5 7 4 1 1 -1 0 
0 -17 -5 3 -4 -4 2 3 
-8 -1 3 -4 -1 -2 -5 -8 
-1 9 -4 -9 -3 -1 -5 -11 
10 -5 2 1 -2 -1 -2 16 
3 11 -5 -2 -1 -3 -5 2 
1 7 3 2 0 4 1 7 
-7 -1 5 6 2 -2 0 -7 
1 -2 -14 -12 -5 -3 -1 -12 
-3 -9 -5 -2 -3 -1 1 -2 
-6 -13 -4 -1 0 0 0 -7 
3 4 3 -2 -1 1 3 25 
-5 0 10 3 -3 -4 -12 -16 
15 5 -4 -1 1 2 5 5 
12 7 10 -1 -2 2 0 5 
-22 -8 -9 -3 0 0 3 -11 
-4 -26 -24 -2 -3 -3 -2 10 
-1 5 -1 -2 -2 -2 -1 -4 
3 -3 14 0 2 -1 -3 -2 
6 2 6 7 5 3 -3 -10 
2 7 3 6 -8 -4 -1 -1 
-2 -2 -3 -8 11 6 1 1 
-11 -15 -2 -5 -2 1 3 1 
3 5 5 -1 -4 -2 3 -2 
-2 2 -4 -5 -5 -9 -13 2 
2 3 2 5 2 -3 -7 1 
-4 -20 -13 3 -3 -4 1 3 
1 4 5 -3 1 2 4 -8 
1 6 0 2 3 5 7 6 
-6 -8 -1 8 -3 -2 -4 -4 
-4 -13 -12 -23 -8 -1 -7 -10 
0 4 4 6 1 -3 -3 9 
6 0 -4 -4 0 0 6 18 
-6 -3 2 5 -1 -1 -4 -24 
-1 -8 -9 -1 -2 -1 2 -8 
-9 9 -2 -8 -6 -3 -6 -8 
18 -1 7 2 5 1 0 12 
-24 1 11 3 -2 -3 -2 -9 
10 6 8 4 -3 -2 1 12 
0 -9 -38 -12 -4 -3 2 1 
-3 1 10 9 0 2 -1 -4 
3 -11 -5 -4 0 -1 6 -1 
3 5 -3 -9 -5 -3 -16 2 
-5 -17 8 4 -2 -2 0 -1 
1 -6 -20 -8 -2 -4 2 -12 
3 13 31 14 0 2 3 0 
-11 -1 -21 -11 2 2 7 -5 
10 -1 -10 3 -2 3 -8 14 
-5 -14 6 -12 -2 -2 -4 6 
-12 5 -1 -2 -5 -5 -5 -16 
5 7 -7 6 2 -3 -2 2 
0 0 11 -3 2 5 7 -4 
1 4 -8 0 -1 1 0 -9 
11 -6 -17 -7 1 -7 -2 19 
-15 7 17 4 -5 -4 -2 -6 
-1 -19 2 6 -1 -3 -3 -14 
-7 9 4 0 -2 3 1 -3 
3 -5 -29 -8 0 1 0 3 
-6 13 17 4 2 3 7 -5 
2 6 10 2 -1 -11 -21 0 
-18 -25 -22 -1 0 4 15 -10 
6 -20 -1 10 -3 4 17 49 
-10 -6 -10 -30 -2 -5 -11 -56 
4 16 29 8 -1 -7 -1 2 
1 -1 1 2 -2 -3 -10 -2 
-1 -8 -3 -9 -4 -6 -28 -14 
3 -5 -10 10 0 3 24 28 
2 1 -18 0 1 11 5 -1 
-14 -1 10 -11 -5 -12 -7 2 
-3 -9 14 2 -5 -2 7 10 
12 8 -3 2 -1 -1 -3 4 
-16 -52 -21 -8 -3 5 2 -4 
14 -4 -9 10 3 -6 -6 -9 
-10 11 -2 -13 -4 2 3 10 
6 22 33 10 2 -2 -21 -22 
-12 2 -39 -9 -4 -4 21 19 
6 -36 8 -8 0 6 5 -17 
5 5 49 12 -2 -5 -9 -8 
-12 -18 -25 1 2 0 -9 13 
9 14 -29 2 1 5 -5 13 
-4 30 20 25 -8 -8 -18 5 
5 8 -25 -52 15 9 10 -11 
1 -7 21 18 -4 -1 -2 -2 
2 -4 -31 -7 -1 6 -7 8 
-3 3 18 6 -4 -11 -2 11 
5 -9 -18 11 -3 1 -2 -20 
-4 -4 -12 -7 -3 -4 -27 -7 
-2 6 34 -2 0 -6 -7 -13 
16 6 -3 9 6 12 41 3 
-14 -15 3 -9 -10 -2 -4 27 
-3 28 5 -2 5 8 14 -5 
-4 69 25 1 -3 -10 -12 -27 
10 -13 -19 -9 -1 3 -16 13 
0 9 6 8 2 -3 -14 -19 
21 -30 -37 -1 -3 0 15 24 
-7 -6 -34 -13 -1 -9 -19 2 
-2 18 52 7 0 0 -12 -25 
-18 -70 0 15 -3 2 -8 -5 
-6 -7 12 -11 -1 -3 -3 3 
5 6 -29 0 2 6 25 -14 
-7 -1 -27 -23 -7 -14 -33 6 
10 13 25 17 -8 -3 9 25 
2 -7 -21 -8 -2 -4 -22 -11 
19 -21 31 18 5 15 45 31 
-27 -5 -58 -21 -1 -3 13 -37 
14 6 32 0 -1 -9 24 3 
0 -2 11 -22 -8 -1 10 7 
4 14 86 39 2 -5 -46 2 
-5 -30 -45 -5 -1 5 -23 -2 
0 13 -51 -13 2 5 37 -26 
10 19 1 24 4 2 -10 36 
-11 -16 18 -17 -6 -9 69 -42 
30 16 0 -16 -3 1 15 67 
-23 -18 -50 -27 -5 -4 -42 -31 
-3 -1 21 11 0 -8 -17 -8 
8 -37 -40 -12 0 1 -29 -8 
-51 47 51 15 -2 -5 2 -6 
18 18 -3 8 4 0 -10 14 
-27 -8 -34 -22 1 10 5 -41 
8 41 51 11 0 -3 -23 25 
8 58 6 -3 -3 -8 15 -11 
-1 3 -7 -4 -10 -9 -68 0 
-13 -19 -25 4 3 1 49 8 
-20 -1 1 15 4 0 -40 -27 
6 -43 -19 -16 5 -1 -7 27 
-13 31 27 -2 2 3 34 1 
21 -12 43 22 -7 -11 -20 -17 
-2 -4 -48 -16 -4 4 18 7 
-3 -15 -26 9 1 -2 24 -3 
16 11 -8 -21 6 9 29 8 
-17 -21 -7 2 -1 3 10 13 
-30 -1 -32 -8 1 -5 -46 -29 
17 -4 46 17 -3 4 13 8 
-3 -13 -16 1 -6 -6 29 13 
-15 16 13 -8 -6 -6 -29 -39 
3 -10 7 5 3 7 17 -1 
21 32 5 -5 -4 2 -24 31 
-15 16 -7 17 4 -1 9 -10 
18 90 8 -14 -1 1 -30 23 
8 11 29 -10 -3 -14 25 5 
-4 -33 11 12 -2 0 -22 -37 
-8 4 -10 1 4 11 36 2 
-1 -25 -24 10 0 -4 -5 -6 
12 13 28 2 -1 5 -34 23 
3 -18 -25 -24 0 10 62 -2 
16 6 -21 2 -1 -11 -43 -11 
-36 -25 18 3 -3 -1 22 15 
-7 -49 10 -27 -13 -10 -13 -8 
-9 -12 -27 11 7 4 -36 -21 
21 9 38 -1 -5 4 -3 14 
5 -3 -32 12 -24 -10 -1 -6 
14 24 -8 5 28 3 7 12 
-22 0 -25 -20 -4 -5 0 -16 
-3 -21 -23 -7 -5 -8 -30 -8 
21 -1 23 2 -9 -5 -1 26 
-14 31 -16 9 -2 0 6 -3 
-1 -14 -3 -15 1 -6 -23 -23 
-18 -25 -10 -10 2 4 4 -1 
21 27 40 8 2 -5 1 14 
13 21 10 6 -1 1 -8 20 
9 17 7 1 9 7 42 -16 
-12 -5 -4 5 -8 -2 -2 19 
5 48 6 3 7 -2 -43 -58 
-19 -50 -64 -22 -23 1 49 9 
2 15 9 41 9 -6 -17 9 
9 -44 38 -20 -4 -7 -3 -14 
0 34 -12 -25 9 2 6 18 
4 -23 -32 5 -9 0 -17 -7 
-8 12 -21 -31 -8 5 2 8 
8 -23 55 23 15 -3 -4 -18 
-14 -66 24 9 -4 0 18 19 
-10 45 -43 -12 2 1 2 -23 
12 -27 -8 -4 -11 1 2 17 
-46 13 -45 3 10 2 -4 -8 
15 -39 14 -14 -8 -13 -14 -6 
-3 68 28 0 5 10 21 4 
-19 8 -1 8 -13 -9 -23 -16 
20 35 42 -10 3 1 1 -30 
-15 -6 -55 13 7 4 -17 26 
14 -51 13 -5 -1 2 27 29 
6 21 17 -12 5 -1 6 -7 
-16 -11 -20 -2 -16 -6 -3 -4 
-4 -32 -29 -14 -4 -1 -6 -13 
-39 -33 10 -5 -4 -4 -16 -10 
11 -15 15 1 -1 8 20 17 
11 22 11 1 -3 2 -13 6 
2 0 -8 -17 3 -4 16 -9 
7 11 -12 7 -5 -2 -6 3 
-1 -36 49 16 -14 -10 5 4 
-20 -13 -44 3 -8 0 -6 -5 
-2 -3 -65 -34 12 7 7 -15 
3 -2 35 -6 -11 -10 -19 8 
-8 -26 -64 -7 1 -4 11 -26 
35 75 53 15 1 8 23 42 
-13 18 5 -38 -7 -7 -5 2 
-9 -11 20 24 0 -4 -8 -36 
24 24 1 15 2 -12 -48 -27 
-21 -20 15 8 7 4 15 26 
-15 -45 -17 10 -10 -2 15 -1 
15 74 29 -29 0 0 5 26 
-18 -8 -30 -18 -13 6 12 6 
24 -31 -17 -8 -10 -17 -36 -18 
6 -23 -4 18 30 8 4 2 
13 32 50 24 -7 -5 -2 -2 
-10 82 -23 -11 10 4 -5 13 
-8 -14 -41 -18 -8 -4 9 -16 
9 -7 32 14 1 7 11 -5 
-1 -20 29 0 -2 -5 -31 4 
-6 -15 -33 -53 -4 -8 9 2 
-20 1 7 37 0 -6 -11 -27 
8 -26 1 -2 -8 -5 -14 26 
9 55 41 11 12 14 25 13 
-14 -37 4 -14 -2 2 -5 -28 
-1 -55 -20 -5 9 9 -10 0 
-6 -14 16 26 -7 -12 57 23 
17 -15 -35 1 -15 -3 2 -5 
-11 -53 0 24 3 -11 -37 -17 
1 1 -21 -27 -5 -2 -3 -1 
-7 3 79 29 -2 0 -11 -11 
-6 -52 -120 -40 1 3 26 26 
19 51 100 76 15 8 -2 -16 
-14 -23 -87 -68 -21 -15 -27 -20 
-4 14 49 26 -5 3 1 -1 
2 5 24 23 1 -9 -7 -2 
3 9 72 27 7 12 -4 24 
-5 43 6 -16 -2 -3 7 -17 
12 -25 -60 -19 -8 -3 -8 -3 
-19 1 -8 -2 -11 -10 12 -24 
2 59 34 1 14 11 -14 -18 
24 -4 -19 22 9 4 -25 48 
-19 5 -36 -40 -12 -2 54 -11 
-17 27 -8 19 10 -3 -20 -14 
-12 -41 -21 -17 -24 -11 10 0 
13 13 54 0 13 3 -37 -4 
-13 -7 -7 -1 1 3 18 10 
15 -33 -43 -16 -1 0 2 7 
-8 -7 -64 -29 -7 -8 -11 -16 
4 4 24 33 -6 6 4 -16 
6 93 13 10 21 1 -8 -4 
-5 -17 11 -12 -5 0 10 8 
-1 -7 -37 -17 -6 1 18 21 
8 -25 43 7 -6 3 32 2 
-2 -48 -72 -40 -11 -20 -76 -6 
-8 -11 11 7 1 1 23 -9 
-7 12 45 1 -1 -7 -16 25 
5 3 13 31 3 0 17 -23 
20 0 46 10 -8 8 14 16 
-31 12 -40 -7 5 -10 -15 -39 
1 -11 -32 -20 4 -4 -22 6 
-15 -13 32 4 1 3 31 33 
4 11 26 3 -8 5 -17 -20 
14 -24 -6 -2 7 -12 -111 -27 
7 65 20 34 8 26 119 31 
-18 8 -64 -55 -16 -30 -44 -15 
-5 -18 49 27 10 7 -6 -12 
15 -27 -51 4 6 24 19 20 
-28 2 -12 -7 -6 -16 1 -10 
9 5 4 20 2 11 -22 24 
21 22 10 -7 -3 -11 22 19 
1 4 36 -31 -5 -16 -14 -41 
-4 -44 1 -5 -7 -6 -3 9 
-13 -5 -27 14 -22 12 29 -14 
19 -13 20 8 36 -2 -17 8 
-27 0 -78 -11 -5 1 -46 3 
0 -29 -21 -20 -9 0 -7 -39 
0 11 6 28 10 9 -4 11 
-20 -3 -32 -5 -9 4 13 -19 
16 -13 91 18 -8 -11 58 14 
-17 -23 31 -35 -1 -13 -117 -33 
5 -8 -37 2 -3 -13 98 15 
-1 13 -14 1 -5 2 -29 10 
-22 -10 -1 -15 4 19 69 17 
9 8 -7 13 -8 -18 -22 -51 
13 -26 12 -8 3 3 1 47 
-25 -5 -41 -23 -12 -6 -16 -48 
24 31 46 40 14 -33 -101 7 
6 6 88 34 1 33 127 36 
-12 11 -52 -50 6 -6 -56 -16 
-16 -53 -101 -8 -16 -3 -1 0 
5 -30 66 12 -4 14 21 -3 
9 2 -77 -28 9 -5 -65 35 
-3 -1 110 64 0 -10 -40 8 
-29 11 -7 -29 -1 7 5 -24 
2 41 -7 -3 -1 -7 21 -14 
3 2 -12 15 -4 9 0 22 
13 -35 3 -7 -12 -15 -11 -10 
-7 46 -2 -10 19 6 4 9 
-26 -18 -19 -33 -17 -9 -55 -24 
-13 -9 -38 23 -1 1 -4 7 
18 52 50 -36 2 5 -9 1 
-5 -32 -39 15 -2 -3 -8 30 
24 5 -60 -43 -2 10 27 -17 
22 11 2 22 -3 -10 -29 24 
-48 -10 23 5 -7 -6 -5 -76 
22 25 69 34 14 7 23 18 
-16 -15 -36 -3 -9 -6 -24 -10 
40 9 48 -10 0 5 -21 15 
-21 -20 -42 24 12 -5 -46 8 
31 77 33 -6 -15 0 53 10 
9 39 19 10 15 9 -9 17 
-4 -12 2 -19 -4 -8 -40 -8 
4 13 9 -8 -2 8 61 2 
-16 -26 25 29 -6 -15 -29 -24 
9 -29 -19 -21 -8 -2 13 20 
-6 50 36 9 6 -5 -37 -48 
-17 -29 -44 -21 1 8 16 18 
9 -10 13 -1 -4 6 50 -9 
29 -16 -45 20 -5 6 36 19 
-27 19 47 25 9 -3 -16 9 
18 7 -35 -13 -15 -13 -41 -23 
-7 -22 86 -6 5 2 43 7 
9 -89 -68 -17 2 -12 -108 0 
-12 -81 -84 -12 -20 18 127 -16 
2 -13 23 36 9 -6 -33 19 
20 44 12 -47 -4 1 -29 -8 
-29 4 -15 -6 7 -10 -14 -20 
9 -31 -6 -2 -6 -10 -32 -1 
-37 14 3 -21 -3 -1 -11 -58 
20 -26 39 -6 -15 -9 -14 46 
-13 47 6 17 9 10 26 9 
7 -24 -51 -35 -1 4 -44 7 
22 35 24 -10 3 -16 16 10 
-5 -31 -9 12 -13 -12 -22 -3 
-16 -2 39 18 -9 3 -4 -17 
-11 34 -37 -20 13 7 29 2 
-6 -23 -4 -18 -2 -4 -52 -18 
-21 6 29 24 -2 3 -19 -21 
-2 32 69 -9 0 -2 44 28 
-1 -42 -66 -30 -3 0 2 0 
-10 14 59 16 3 9 8 -9 
5 10 -75 9 1 -8 -14 20 
6 11 15 -9 -7 1 4 -24 
1 -16 -7 -16 -5 -12 -10 -14 
0 35 -45 4 6 11 27 18 
2 -10 22 25 -1 -11 -52 1 
-13 44 -10 -18 2 13 7 -1 
-35 -3 31 -11 -4 -9 29 -29 
12 -71 -47 13 -3 6 16 24 
-14 3 -1 9 16 -4 -47 -48 
15 31 81 10 -15 9 40 57 
-1 11 -22 -28 -18 -9 2 4 
-2 -21 1 -2 -1 -8 -50 -14 
-12 17 -10 40 1 -5 18 0 
-9 -47 -80 -7 10 13 29 -13 
11 7 98 55 9 -4 -23 2 
-11 -22 -79 -60 -8 0 12 -4 
14 -11 9 -1 -11 -4 -28 -47 
-15 14 19 10 2 -7 -16 4 
13 -1 -34 15 -6 5 27 59 
-8 23 43 2 7 3 32 24 
36 17 -17 -30 2 -7 -73 -34 
-30 3 1 20 2 5 27 -10 
5 -8 23 0 -7 -5 6 1 
27 -1 -27 13 4 4 6 10 
-11 -35 -70 -39 -10 -4 7 -7 
-13 -12 21 -36 -5 -16 -55 -25 
1 -34 12 16 -4 -10 -17 10 
11 46 -26 -23 3 3 -1 12 
16 45 107 56 2 9 1 32 
-18 -29 -121 -30 -18 -22 12 -48 
-11 3 -4 -4 9 9 40 -3 
6 -35 -25 -22 -15 -15 -31 6 
3 4 10 10 15 21 34 28 
-30 -19 14 25 -7 -8 -27 -17 
44 33 -16 11 1 6 4 23 
-5 -56 -29 -12 2 -14 -25 -5 
-13 -20 30 -22 -10 -1 3 -12 
49 59 60 17 9 8 10 52 
-10 -63 0 -16 5 -9 -30 -33 
-34 11 69 28 -8 2 15 -4 
-24 5 -98 -22 -1 2 -5 4 
-7 -57 -34 -4 0 0 -6 43 
3 54 46 -10 -3 1 -53 -46 
60 58 31 40 3 12 114 31 
3 -53 15 -1 -10 -18 -15 -11 
-12 -3 87 14 -9 -4 -8 -60 
8 -22 -59 17 3 10 -20 87 
-10 -33 -67 -31 -12 -10 -15 -28 
4 27 -44 -30 -6 -7 14 10 
-12 -1 32 50 17 12 30 -15 
-9 29 78 28 4 -8 -32 -62 
-31 71 -10 -37 -12 -1 21 11 
7 40 -71 8 11 1 -24 18 
-12 -28 0 -37 -1 6 59 -24 
51 0 -28 24 -15 -13 -29 77 
-16 40 27 -2 22 13 -1 -73 
2 15 22 23 2 12 17 47 
1 -2 -43 -59 6 -5 -33 3 
-24 -38 -38 6 -5 -8 0 -32 
-3 16 42 35 -1 3 -19 32 
-32 11 91 -13 -3 -7 11 -57 
36 -14 -55 3 -8 -20 -18 8 
-12 -23 -9 -33 10 1 -18 -7 
51 -1 -6 43 0 5 -45 54 
-30 -38 34 -44 0 8 75 -8 
15 -14 -23 -18 0 5 5 9 
16 -14 -25 -27 -11 -8 7 38 
-16 -24 26 -44 -17 -13 -44 -44 
-31 -23 38 34 18 9 -14 12 
16 13 -81 37 0 -3 -24 10 
-32 77 62 6 10 6 -14 -85 
1 -51 -78 -14 -8 2 9 51 
18 -3 -16 3 -12 -9 57 -56 
-22 22 66 21 -2 -2 6 -13 
-13 7 -84 -41 0 -3 -9 0 
15 88 107 68 9 4 17 -5 
5 3 -15 56 -5 -10 -49 34 
37 -35 -22 -42 -5 -3 -23 -2 
-28 -22 51 7 7 9 43 -11 
11 17 -8 -19 -5 5 27 6 
-13 -5 -90 -17 2 0 -55 -27 
43 23 67 -20 -8 7 60 47 
-15 -12 -26 7 -5 -16 -25 -26 
-13 -58 -48 -62 -3 -11 22 -38 
2 8 45 20 -4 5 53 22 
-10 28 35 40 16 11 -73 4 
24 17 49 -23 -1 17 10 8 
10 -50 -92 -26 -18 -30 65 38 
7 6 22 -25 4 7 -30 -12 
-13 41 -32 13 -8 -20 6 44 
-52 -26 87 43 5 13 47 -63 
17 24 81 64 16 6 -35 -11 
-33 6 -40 -55 -17 -11 -36 -14 
-11 -64 -30 -15 0 7 -17 -14 
-17 -14 -91 -46 1 0 18 51 
11 3 0 -24 6 8 47 -7 
-9 -22 47 61 -12 -10 -13 -18 
-17 37 32 15 0 2 -5 -4 
39 8 -30 12 3 -7 -69 -26 
-18 12 43 -13 -6 5 -16 -12 
-3 7 -48 -2 6 -5 -11 -66 
13 -37 2 -31 -13 21 97 81 
47 -16 -18 17 2 -1 53 17 
7 -27 57 21 1 -17 -55 -20 
-14 -33 -43 -15 -9 -11 -63 12 
19 20 15 16 5 8 -12 -63 
-26 4 3 -46 5 2 -6 34 
-4 -72 57 69 -14 -7 -8 -22 
-16 30 -24 -10 6 -3 -16 -19 
0 -33 -7 -41 -2 11 -23 9 
27 18 12 11 1 -24 -73 16 
-38 -27 4 37 7 17 30 -18 
72 6 -55 -49 -6 -4 -1 63 
-47 -33 -49 15 -8 -16 -47 -26 
-2 17 42 2 2 14 68 -15 
-10 19 -57 -14 2 3 -56 23 
69 65 69 35 2 -8 9 43 
-19 -40 -16 -9 1 9 27 -37 
-16 -39 -66 -5 -5 1 61 -35 
-22 4 42 -3 -1 1 -13 -11 
-17 -21 -73 -30 -2 -12 10 39 
20 84 25 24 -5 -14 -42 -15 
-35 -12 -17 8 -12 -8 -13 -29 
21 37 -3 -23 8 4 -8 25 
-12 -11 5 -25 -6 7 39 -9 
-23 -11 -9 1 -5 -12 -12 -2 
-1 -33 -9 17 2 -4 -44 -3 
3 71 56 35 3 0 -44 -9 
5 -15 -43 -32 -9 13 100 21 
-8 -13 23 -15 3 -2 6 -41 
39 5 2 8 -2 2 -4 47 
-22 -21 -72 -29 -7 -15 -35 -34 
-13 0 18 -1 -7 3 7 11 
19 -7 13 40 13 10 58 0 
-15 5 25 -20 0 -3 -20 9 
0 -17 -24 -12 -6 -6 5 -33 
5 17 57 20 7 6 15 36 
-14 -40 -68 -16 -24 -11 0 -13 
-2 5 74 11 15 -6 -20 -4 
-2 1 -22 2 -7 0 13 12 
2 -16 -67 -22 13 11 7 -28 
7 34 70 50 -10 -18 -32 3 
-3 -16 -5 -19 -8 3 15 5 
-4 -25 -12 -22 0 -4 13 10 
-31 -13 -11 -26 4 7 -19 -22 
14 11 21 -3 11 0 -4 13 
-10 -2 -7 11 -13 -6 17 18 
13 19 1 2 10 4 -3 8 
12 -5 7 15 -12 -5 -25 -20 
-17 -13 7 -3 9 3 5 -11 
-1 -6 -7 5 1 0 3 13 
7 -22 -18 -1 -1 -4 -2 -4 
-3 4 29 0 -9 -6 -9 13 
1 -14 -76 -20 -4 -4 -2 -3 
5 10 8 0 0 3 1 -9 
-12 3 -2 -23 1 4 7 -3 
0 -1 4 6 8 4 -1 2 
-6 5 27 -20 2 -7 -15 -28 
-6 7 10 43 -5 -3 -4 5 
22 -9 -16 -9 -3 1 8 18 
-27 -4 11 15 -3 -2 -3 -18 
8 7 16 6 -1 1 -1 26 
-11 3 -8 -8 -2 0 2 -22 
9 -3 -5 0 1 1 7 -4 
15 3 9 8 7 0 -22 6 
-19 5 -7 -15 0 6 21 0 
-9 -26 -23 -14 -5 -4 -10 -19 
-10 -10 -7 -1 -4 -7 -5 2 
-2 -1 2 -14 -4 -2 3 -10 
6 -16 -19 9 -2 -7 -17 -2 
-13 15 11 -4 3 9 8 -14 
4 -6 3 -4 -14 -9 5 50 
6 2 0 4 6 1 -7 -28 
11 3 1 18 2 -2 0 29 
-23 5 2 -39 -11 -4 -7 -28 
-20 2 31 16 3 1 -3 -10 
-9 8 -4 26 -1 0 6 -6 
13 -13 4 -9 -1 1 -4 17 
7 8 -12 1 -4 -6 -8 0 
-7 2 -20 -13 5 6 9 -7 
-2 -7 -1 -11 -1 -3 3 17 
16 11 21 27 3 1 -9 -23 
-8 -4 11 15 -3 -2 2 -12 
-9 -15 -15 -2 0 -3 -7 -1 
2 -2 -11 -7 -3 0 7 0 
19 16 17 4 -1 -6 -7 26 
10 -8 10 1 2 -3 -7 -4 
-6 13 -8 6 5 10 23 20 
5 1 -1 2 -4 -3 -13 -7 
-20 -10 -1 -27 -5 -1 19 -17 
-16 -20 -12 0 -10 -5 6 16 
-12 0 0 0 2 -2 -22 -29 
4 5 7 19 -11 -7 -9 5 
-5 -16 6 -21 4 2 7 7 
23 4 -56 -9 -3 -2 -6 14 
-35 -20 -3 -5 -3 0 -6 -45 
-16 -3 -43 -19 -4 -4 9 -26 
6 -2 14 12 -7 -6 -14 27 
-1 13 22 -8 2 5 2 -2 
11 -18 4 14 6 -5 -39 2 
20 5 40 29 3 14 68 25 
-18 -11 -25 -27 -8 -5 -10 -33 
11 -6 -9 -1 -2 -1 15 -4 
-20 19 23 9 2 0 -5 -13 
18 4 0 0 1 -1 -28 8 
-2 -9 -1 3 8 4 11 10 
15 -2 15 -16 -11 -11 -23 10 
-21 -3 17 23 -4 2 31 -28 
12 1 -9 -23 -3 -2 -22 24 
-25 -4 2 14 3 -6 16 -40 
-4 15 8 -7 2 2 2 34 
30 4 -12 -1 -3 -3 -2 7 
0 15 37 28 11 7 -21 31 
2 -12 -19 -19 -19 -3 9 -13 
-13 -21 -9 -6 9 -5 -3 -15 
12 -3 -24 -28 -10 1 38 14 
-13 -8 11 4 -3 -2 -9 -10 
-19 -16 -6 0 2 1 -16 3 
4 13 19 20 4 1 -1 5 
15 0 -25 -34 0 -5 -19 -12 
0 -22 -21 -14 -19 -6 24 -23 
-8 -9 -16 3 -3 -9 -13 -4 
4 -6 -5 5 1 1 2 4 
16 11 -2 -1 4 1 -10 26 
-12 -6 -5 -6 5 1 -2 -16 
4 11 12 -2 -3 -2 -19 8 
6 13 24 17 10 12 36 50 
-11 -37 -86 -25 -21 -12 -19 -53 
-16 -4 22 -9 4 7 -9 -20 
12 -8 7 4 -4 -9 18 32 
-12 2 -10 -5 0 -4 -16 -18 
3 12 33 17 3 5 21 19 
4 3 -12 -3 0 2 -2 -12 
0 -13 -12 -11 1 3 -13 12 
0 0 -11 -5 -7 -1 -15 -32 
0 0 12 -9 -3 -13 2 2 
-30 -13 -24 0 -2 -3 5 -10 
21 10 11 9 2 3 -5 14 
13 2 -2 -1 -2 2 2 -2 
-9 6 22 28 -3 4 1 9 
11 10 -17 -44 3 -9 -33 -16 
5 7 -2 13 -1 -3 7 28 
-11 -12 4 7 -5 1 48 -13 
-1 13 17 -2 -7 -1 -10 -2 
3 -21 5 16 2 -3 2 8 
-10 5 -8 -6 -1 -5 -35 -24 
3 18 -4 6 2 0 0 5 
-1 2 7 -4 8 4 0 -11 
-2 -21 19 -13 -11 -7 1 32 
-16 -14 -21 -11 -3 -2 -19 -27 
1 -12 -35 -11 -10 -7 -2 0 
7 -6 1 -5 6 4 1 -1 
-21 5 14 16 -1 -1 -1 7 
5 8 12 7 -2 -3 7 -5 
-7 -1 1 16 -1 2 -12 0 
17 3 6 -25 5 0 -11 -23 
-41 5 12 8 1 1 8 -2 
20 15 7 -2 -3 3 18 12 
12 5 -12 1 -3 -6 -20 -1 
-33 -9 -4 10 -1 -8 -20 -3 
22 0 -20 -1 1 5 13 -1 
11 4 5 -1 4 13 64 15 
-17 9 37 -11 -4 -5 -7 -18 
