#EMG
#0
#ID:0-48
9 -25 -1 -1 -2 -6 3 6 
3 4 -2 -12 -2 -6 -2 -19 
12 2 -24 -19 0 -4 4 42 
3 18 66 23 7 12 -17 -5 
8 1 -35 -12 -6 -9 4 -5 
-13 27 -15 14 1 1 -16 -17 
6 -11 18 0 -12 -3 30 24 
7 2 -16 -9 2 -8 -40 11 
-2 -1 -5 -7 2 1 16 0 
-2 -10 -13 -2 1 -2 -31 -3 
0 8 32 8 3 3 30 -1 
0 3 -72 -13 -7 -1 -11 -13 
-6 0 29 20 -7 -2 -4 -2 
-6 -8 -21 -32 -6 -1 2 -3 
-4 0 25 10 -3 -1 10 20 
3 -8 -21 -15 -7 -4 1 -18 
0 18 46 30 -4 1 -20 -12 
-3 -13 -19 -21 -4 2 1 -13 
22 7 -4 -2 -3 -4 15 37 
-5 2 0 -12 0 -1 1 -19 
-21 1 -13 3 8 3 -33 -2 
7 -3 10 10 4 0 28 14 
3 -4 5 4 -1 -2 -15 -12 
3 4 6 -1 -3 3 6 7 
-8 -15 16 -7 -5 -3 -3 -3 
-2 9 -10 -1 -5 -5 -7 7 
-6 -13 -1 6 -6 3 8 -7 
-3 -10 -15 -22 -3 -7 6 13 
-6 9 3 8 4 3 2 -28 
0 16 30 6 -2 0 -7 -4 
9 -8 -32 -12 1 -10 -20 -27 
13 -7 -14 8 -4 2 11 14 
3 -8 12 1 0 1 -1 6 
-7 -1 -4 -1 -5 -1 -7 1 
-3 -8 -16 -6 -3 1 -1 -3 
-10 3 10 2 -2 1 -7 -6 
17 10 -3 -6 1 -4 4 18 
-2 -10 25 13 0 1 -22 2 
-14 -10 8 3 0 -2 17 -13 
-12 -15 -13 0 -2 -3 15 -10 
-5 5 6 -7 3 -6 -2 7 
-2 -12 18 6 -1 0 -11 -11 
-2 1 -23 -6 1 -3 -18 -10 
5 2 -11 -23 -4 1 -3 6 
5 2 42 13 1 3 16 9 
-7 -1 -27 11 4 -2 -1 20 
3 -13 -6 -20 -4 11 16 -10 
5 24 30 29 0 -13 -44 -13 
-10 -17 -17 -11 -3 4 27 -3 
15 13 -4 5 -7 -10 -3 4 
3 2 1 -10 4 8 -13 15 
11 -11 16 18 6 1 -37 -11 
11 10 -17 -21 -3 4 29 25 
-19 -40 -41 5 -10 -5 18 -24 
-7 16 8 -14 1 -5 -15 -7 
-10 1 15 3 1 2 8 6 
2 1 9 5 1 2 -7 -1 
10 -5 -34 -10 3 3 -1 15 
-6 10 -20 3 3 -9 -35 -24 
38 -11 9 1 -3 5 29 12 
4 -12 -20 3 -3 -7 24 8 
-2 11 42 -5 0 8 9 23 
-14 -3 -8 25 3 -11 -29 -25 
-13 -43 -19 -14 -6 -2 37 -6 
-47 7 0 5 2 -7 -27 -25 
6 -10 -36 -24 1 2 9 5 
-19 -45 15 -8 -1 4 -3 6 
0 55 4 -2 -3 0 5 -6 
-15 -15 18 27 -6 -4 -30 -16 
-3 24 -10 6 3 0 1 -1 
18 -7 38 7 -7 -5 -2 12 
-14 -7 -64 -46 -3 -5 -36 -8 
-4 -16 -17 -23 0 5 88 7 
1 -20 3 -4 -5 -14 -39 -25 
1 20 2 0 0 17 50 29 
-3 -6 22 10 5 -15 -31 -11 
2 8 -6 21 -2 -1 -43 -10 
21 -1 -32 -11 -3 3 19 3 
-38 -1 32 4 -3 -5 12 9 
1 10 -2 15 1 8 19 2 
12 -2 23 -30 2 -5 -77 -15 
4 22 -29 21 2 1 50 -10 
15 15 51 19 -5 -4 -7 8 
1 -26 -44 -31 -1 6 44 12 
1 6 -9 -3 -2 -12 -59 11 
-9 -29 13 -5 -7 -10 13 -40 
11 44 -16 -30 -10 -1 15 5 
-13 -8 28 27 1 2 -10 -16 
19 31 6 -8 -3 5 43 11 
4 17 -13 -26 -6 5 0 51 
-17 -33 -65 3 2 -15 -42 -35 
20 75 49 3 4 6 -12 11 
-4 16 15 9 1 1 28 -3 
-17 15 59 26 2 -3 -18 -7 
26 -4 -41 -20 -4 -3 12 28 
-22 6 5 -25 0 -2 -39 -25 
-10 -24 -34 -6 -3 -1 10 -5 
6 8 18 -2 0 10 11 12 
17 -20 7 14 12 -7 -18 -11 
-12 2 21 20 4 -7 -33 -15 
-33 -28 -28 -18 -14 -4 49 7 
-12 -26 -54 -21 -4 -2 11 0 
19 5 20 -17 -3 12 28 -12 
-6 -28 8 29 -4 -5 -18 -4 
8 3 5 11 3 -4 -25 -12 
-4 -10 10 12 -2 8 18 10 
-12 -29 13 7 3 -6 -30 -18 
29 88 -11 -27 -3 9 37 45 
-24 17 11 15 -3 -13 -67 -46 
4 5 22 15 -1 -1 36 34 
5 31 10 -13 2 -1 18 -4 
1 -61 -66 -13 -2 3 -3 2 
19 9 -23 3 -3 -3 -15 9 
3 11 -23 -12 3 1 2 -1 
-2 18 1 -16 -7 -5 -24 1 
-30 -15 36 24 1 -1 32 -15 
8 -10 -58 -26 1 3 -2 25 
-34 -29 13 1 -1 -6 -6 -37 
16 23 13 19 -1 -1 -24 18 
-1 -37 10 -12 -4 -12 0 -8 
-1 69 -8 -1 4 7 -38 -9 
-10 -25 15 -6 -5 5 45 17 
9 21 -31 -9 1 -2 -2 -14 
-6 45 17 22 0 -6 -26 27 
1 -44 4 -1 -3 5 68 -13 
14 -5 -19 -15 -1 -9 -66 -4 
-23 -45 -3 -1 1 2 48 19 
12 -28 5 20 -6 -7 -4 -18 
17 -7 -5 -13 -5 -8 -29 10 
-40 37 -12 -20 1 3 -23 -23 
-14 -29 61 21 -1 4 15 1 
14 -15 -41 -24 -2 -6 -26 3 
0 -39 79 32 11 7 37 8 
3 -22 -48 -2 3 -1 19 20 
3 31 19 5 -5 -8 -16 -22 
-26 -19 -38 -25 -10 -2 -31 3 
13 6 -6 -6 -5 4 53 -6 
6 -17 17 13 6 0 -46 -37 
-27 48 12 7 -7 -6 -22 57 
-15 3 -3 13 1 -3 -5 -50 
13 -34 -15 -2 1 13 71 10 
11 11 44 5 3 -1 -16 27 
-1 -32 -13 -24 -4 -3 -20 -33 
-9 -21 -3 9 -2 4 13 12 
-9 5 -18 -14 -7 -18 -60 -6 
23 -2 -3 3 -6 -9 23 -11 
-6 -7 7 6 -2 7 25 3 
6 -1 10 7 -2 -12 -42 4 
12 -9 -89 -56 -11 5 25 14 
-8 9 26 4 3 1 -11 -31 
23 -79 14 14 2 -2 -8 22 
-19 -41 -65 -22 -9 -4 12 -26 
-6 7 64 31 10 8 17 15 
-6 -13 -17 15 -4 -14 -15 -2 
-20 -23 -27 -25 -8 -4 4 -5 
23 14 34 5 10 7 14 6 
-7 -12 -49 -11 -4 -1 -12 3 
-10 68 29 0 2 -3 -42 7 
5 16 19 23 3 0 13 -19 
-3 -57 -31 -12 -10 -16 -16 5 
-12 14 7 5 6 6 -9 -6 
3 -5 55 -11 -3 -9 28 0 
34 43 -34 20 8 14 47 14 
-26 -1 -52 -22 -3 6 24 -1 
-9 -52 71 12 -10 -19 -58 -4 
3 14 7 -21 3 8 -16 5 
10 12 19 11 4 8 11 -19 
11 -11 16 -5 1 4 15 9 
-13 2 15 36 29 -9 -22 -13 
-19 -50 -97 -37 0 -5 -11 22 
-12 9 49 15 0 -7 -41 -8 
14 15 -13 13 -5 11 32 16 
-20 27 11 -5 -11 -3 -19 -17 
22 -2 34 27 -8 3 -1 -13 
-26 9 -85 -27 -14 -16 -87 -2 
33 11 41 9 -5 14 94 3 
-14 37 44 14 -2 -1 10 -1 
2 11 -7 4 -9 -5 1 -18 
6 45 2 3 3 1 13 14 
-11 49 -40 -47 -10 -15 -33 -16 
29 1 -59 1 0 0 -6 6 
-17 4 52 11 2 5 -12 17 
2 -49 -92 -37 -19 -18 -25 -14 
3 -5 75 24 7 7 46 6 
-42 -64 -47 -1 -5 -1 -9 -30 
5 -9 43 0 3 5 3 3 
5 16 11 -12 -6 -2 10 -27 
-24 -18 -26 -35 10 -6 -32 14 
19 15 88 -3 -12 -5 -8 15 
13 -7 -64 1 4 2 2 -9 
-5 34 16 -12 5 4 -35 24 
8 66 16 32 0 4 10 -27 
4 -12 12 -2 -7 -11 -1 6 
-13 -77 11 14 3 -1 1 -10 
7 -48 -21 9 3 7 24 11 
-18 -42 -2 11 -1 -6 -19 -3 
23 -12 -34 -15 -1 0 2 8 
3 28 49 27 -5 -5 -1 25 
-7 3 27 -16 16 7 -5 -60 
1 30 12 40 -5 -9 -16 1 
10 -14 -32 -28 -2 -5 0 35 
-14 23 -33 -10 -4 1 -5 -16 
-7 73 61 25 -1 2 12 28 
18 53 59 10 12 17 1 7 
-22 -8 -1 11 -8 -10 -21 -48 
20 1 -11 -6 1 -8 -32 9 
-6 -14 8 -24 -5 -3 38 30 
-5 -28 22 16 -6 4 -13 -13 
17 48 18 8 0 8 12 -6 
-21 -46 -25 -28 -8 -7 -12 -15 
-3 -39 -20 10 1 1 2 -13 
15 12 21 5 10 4 -17 -4 
-7 -5 -60 -30 0 3 38 24 
-8 42 70 45 -4 -4 10 23 
17 -43 5 6 0 -2 -27 -20 
-14 23 -81 -19 2 -6 -2 -5 
-4 80 55 21 -9 6 4 10 
26 -7 -24 -19 -2 -14 4 -7 
-25 -46 -37 -15 -6 -5 -2 -9 
9 -55 32 16 -3 -5 6 36 
9 39 -20 -8 -1 -8 -26 -38 
13 12 -60 -36 1 11 25 7 
-15 7 34 22 -1 4 -1 28 
11 15 3 -29 1 -8 -3 0 
-28 -23 28 18 -8 -11 -75 -17 
2 -30 -30 -6 2 11 80 -25 
1 -17 -53 -2 2 -2 5 -12 
-28 28 29 -19 -1 -2 -9 5 
-4 -29 1 23 3 4 2 11 
15 -4 -18 8 -1 -4 -19 -19 
24 53 -24 -46 9 8 20 -8 
-28 -29 2 8 -8 -3 -6 26 
11 -34 -13 3 -4 -18 -8 -4 
3 51 62 25 3 4 -5 -8 
-2 -27 4 5 -5 4 14 27 
19 12 3 -19 -12 -12 -75 -23 
-7 -11 -69 -19 -2 14 93 6 
-6 8 10 -8 -3 -3 -15 -19 
-35 -49 0 23 -2 -7 -13 1 
-2 1 21 10 5 6 -6 -21 
16 -7 -60 -32 1 1 2 42 
-13 -40 25 4 -13 -14 -16 -22 
2 -3 25 33 14 7 10 12 
37 -14 -47 -41 -3 -1 3 17 
-25 34 74 3 3 -2 -7 -7 
-7 -29 -10 -4 8 3 2 -4 
1 38 -65 -25 -7 -8 -15 -18 
-7 16 13 32 0 -4 -10 3 
1 -9 17 -22 1 10 0 -21 
-7 21 2 16 -1 5 20 46 
4 11 42 43 -4 -12 -30 -43 
0 -25 -93 -17 8 7 36 -9 
-15 -22 -32 -72 -8 -8 -30 0 
-10 -12 -2 5 -3 6 -11 -31 
25 -28 26 -6 -7 0 25 49 
-30 5 28 8 1 -2 -7 -10 
11 -34 -66 -9 -1 1 -14 -7 
-16 -8 -48 -35 3 3 15 -4 
42 29 26 13 -9 -5 -5 6 
-48 -21 41 40 -3 -6 -8 -59 
18 -24 -3 32 5 -1 18 26 
-16 0 -28 -45 -11 -12 -11 4 
-18 48 25 -7 2 0 6 -7 
7 -54 -50 -41 -7 -3 -21 -18 
26 38 100 26 16 17 2 19 
-38 -54 -95 -29 -11 -10 42 21 
-6 -20 11 0 2 -3 -21 -1 
-9 0 -13 -35 -13 0 27 -11 
-5 -4 49 18 -5 -12 -18 -13 
27 11 42 36 5 7 -7 9 
-5 -46 -55 -39 -12 -10 -30 -15 
-7 71 14 17 19 10 50 6 
14 24 42 -24 -7 -3 -36 9 
-7 -20 -64 -55 -15 0 18 7 
3 -50 -43 -7 -1 5 29 12 
-6 -27 84 24 -5 -10 -16 16 
-27 -10 -31 17 -2 -8 -52 -55 
25 -14 35 11 4 1 29 23 
-21 -51 -35 26 1 -1 -3 -21 
35 -15 -81 -51 3 6 24 43 
-20 -23 24 28 4 -8 -26 -12 
-15 17 75 55 -7 -2 -5 -8 
-17 2 -78 -77 -5 5 6 -45 
21 -27 65 35 -1 -15 -9 44 
25 -7 -26 -29 -3 3 12 5 
17 -61 -9 -28 -1 -7 -2 8 
-16 60 82 47 -6 -7 -7 -5 
4 17 -71 -11 -5 -8 -43 -8 
-17 53 77 49 -2 7 51 -5 
8 -32 -77 -19 9 12 -7 -25 
8 -5 48 -13 -1 0 37 45 
-11 -27 -19 0 -4 -9 -58 6 
-20 -38 -31 -68 -1 6 21 -15 
4 51 60 84 0 -6 -46 -14 
38 33 -5 -43 -11 -5 0 4 
0 17 3 -27 0 8 21 -48 
32 -24 8 32 11 8 41 86 
-25 -58 -6 -3 2 -2 -54 -38 
-3 -49 19 -6 0 -12 -40 -7 
23 -50 -6 20 1 16 84 41 
-38 20 -50 -15 -9 -3 6 -38 
17 34 -1 17 6 1 -8 55 
-20 -68 10 31 1 -4 -18 -18 
11 50 66 7 4 -2 -29 -12 
35 -9 -52 -21 -3 -1 3 11 
-7 37 4 35 -2 -14 -49 -12 
4 62 -43 -13 2 21 89 -35 
-58 36 30 13 -9 1 4 15 
18 44 15 10 6 -14 -53 9 
2 63 28 -48 1 14 26 -64 
-26 24 -73 -29 -6 -6 -9 78 
51 40 59 29 -3 -10 -23 -13 
-20 18 -39 7 4 12 25 -28 
2 -2 -42 -49 3 -11 -76 2 
0 -59 40 31 -9 7 63 -15 
-21 -43 -62 -21 2 -2 24 -2 
-7 -56 -9 -26 -4 -2 -7 4 
-10 -12 7 36 -1 -6 -14 -26 
14 27 -47 -31 5 4 -63 6 
11 49 19 20 -13 -23 -50 15 
0 33 23 12 -5 6 69 2 
17 11 32 30 8 6 43 -34 
-23 18 21 -19 0 -3 1 48 
22 -11 17 39 19 22 -1 -11 
-21 -15 -62 -42 -10 -10 -28 -29 
-6 16 5 24 -9 -34 -109 25 
-33 14 51 53 7 25 83 -16 
2 5 -33 -54 -4 -2 -9 2 
3 -31 33 39 3 -4 -36 -6 
43 16 -27 -53 -4 12 49 23 
-35 -52 -8 26 -2 -12 -49 -46 
2 -24 -43 -43 1 -4 -7 22 
-12 0 23 28 -5 -5 9 -33 
-32 -9 1 -49 -8 -6 -3 25 
31 62 -5 -8 10 -8 -60 4 
-35 7 25 31 1 13 55 -43 
35 35 -66 28 6 -8 -41 10 
-26 16 33 40 5 8 27 -14 
17 -42 -28 -50 -8 -6 -23 49 
-51 8 5 -16 -7 -15 -42 -7 
7 -45 -4 24 8 15 87 -14 
-36 -59 -9 23 -1 0 -25 35 
34 1 22 5 0 -14 -43 -54 
-19 -20 -76 -36 -5 7 35 11 
29 20 72 4 -6 -4 -18 7 
-29 -7 1 -31 -7 -3 11 -39 
29 -9 -87 -28 -3 11 66 66 
8 -5 99 85 5 -17 -62 -17 
-20 -24 -97 -98 -4 8 57 -1 
62 4 71 42 -7 7 7 22 
-18 17 -19 -27 -7 -9 -12 -27 
-1 -7 10 10 -5 7 0 -4 
0 34 3 16 0 -4 -51 29 
9 -13 11 -18 -1 4 76 -40 
-15 -10 -26 -11 -4 6 16 -3 
36 9 -4 -15 -7 -13 -14 1 
-54 54 24 17 11 2 -66 1 
10 -2 -50 -67 -12 -10 -26 14 
11 1 57 30 5 -1 45 -34 
-16 16 26 -5 7 7 -15 3 
31 -45 -22 6 -11 -14 22 28 
-22 68 24 -9 8 2 -27 9 
-17 -8 -35 35 7 2 -11 -25 
7 -31 -29 -47 -10 5 23 -24 
0 -16 27 -3 1 -7 -49 16 
1 17 -7 6 10 1 -21 -12 
-27 -1 42 28 -9 -8 -6 -14 
28 5 42 61 -2 -18 -47 21 
4 5 -7 -7 8 30 95 13 
-25 -51 7 -26 -9 -10 -14 -4 
-9 0 -3 2 5 8 -59 -15 
11 -11 -36 -1 -2 -5 33 -7 
-10 15 28 -6 -2 -16 -68 -28 
11 -40 -72 -11 -3 19 126 29 
12 82 52 75 6 -14 -38 -11 
-30 -11 -5 -65 -12 0 -11 1 
-9 7 30 6 -3 -6 14 -42 
-1 8 -22 7 4 0 0 -6 
45 1 19 -38 8 4 -17 -18 
-90 -28 -36 39 -8 -11 8 -9 
6 18 17 4 -4 -2 6 25 
31 -25 -59 8 -1 -3 -88 -9 
-2 21 46 -22 -13 -6 53 13 
39 -30 -95 -46 -1 4 45 10 
-20 -29 65 43 1 -3 12 -26 
8 5 -22 15 2 2 -44 2 
-11 -27 -9 4 -2 1 16 27 
-4 37 6 -24 8 -9 -100 -19 
15 -33 -62 -21 -17 -2 35 13 
-3 26 50 7 1 5 42 0 
-6 -5 -36 -30 -5 2 -2 -5 
19 40 38 29 1 7 23 25 
-26 70 14 22 6 -13 -104 -41 
18 15 17 18 5 18 65 40 
-43 -41 -40 -31 -6 -10 -7 24 
7 24 29 1 6 13 19 5 
8 -23 -42 -1 -3 -5 -34 -18 
27 10 46 -22 4 -11 -18 10 
-5 20 11 46 8 9 -51 -10 
43 -38 -45 -44 -15 -8 33 -24 
12 -22 31 17 -5 -6 3 24 
-13 29 27 19 2 -4 -27 -26 
20 -37 -17 -8 1 1 -9 -6 
-22 -35 -4 -3 -1 0 0 -10 
-14 -6 -33 -25 -4 6 63 -3 
9 -17 -18 32 0 -6 -52 18 
-20 13 11 -23 -7 2 98 7 
-2 2 -7 -11 8 6 -6 -27 
17 46 -51 -32 -5 3 0 31 
-6 2 31 12 -5 -12 -5 -38 
-1 -2 34 -12 -8 -13 -39 17 
13 -49 -35 7 -3 8 12 8 
-4 -35 4 7 3 1 -30 7 
-6 29 31 -3 -1 -6 18 -16 
19 21 6 11 0 1 57 8 
-13 -46 -70 -39 -5 9 47 -29 
35 -4 -6 5 -7 2 44 67 
-73 -15 3 -15 3 7 -4 -29 
-3 -28 16 46 3 -6 -47 -41 
6 23 43 24 8 2 -3 6 
4 -10 -3 -28 -3 -4 -36 -10 
-20 -2 33 12 0 -14 -17 3 
6 18 -18 -20 -2 9 56 33 
-6 -6 -25 4 -4 -8 -19 5 
-11 -24 -7 -29 1 -3 -39 -28 
19 -7 -38 18 -9 -2 -3 8 
-10 9 6 -15 -2 1 9 12 
12 6 28 9 -7 -8 1 -10 
-10 30 43 -10 1 6 39 -1 
-7 -33 -35 16 -3 -3 -7 -16 
-3 -3 -11 -44 -2 -6 -55 -20 
46 25 13 1 -3 3 8 38 
-35 -22 -18 -7 0 -9 -6 -33 
-13 -29 -42 -23 1 0 8 0 
16 46 89 81 7 2 -24 -1 
-13 -29 -66 -40 -14 -8 -2 20 
-4 -19 -26 -13 -2 -5 -13 -32 
18 21 53 16 8 9 17 34 
-8 -10 -54 -19 -8 -12 -18 -24 
-25 23 23 15 9 1 -11 -20 
29 7 35 37 5 5 16 49 
9 25 1 -17 0 6 21 2 
16 -11 -31 5 -1 -4 -13 10 
-31 19 31 10 -5 -10 -23 -23 
13 31 7 29 7 6 8 -3 
7 5 0 -33 -7 3 1 27 
-17 -24 -17 -15 -3 -7 -24 -26 
8 -2 22 26 13 16 -10 3 
-25 -45 -27 -18 -12 -21 16 -15 
-7 -34 -19 -3 3 6 13 31 
13 -13 8 -26 -4 -8 -26 -25 
-41 -7 5 12 5 6 3 10 
17 -9 11 14 1 7 0 6 
-6 -33 -24 -17 -10 -7 2 -24 
7 2 -48 -21 -2 -1 -12 28 
-18 11 53 4 -8 -9 -6 -14 
-11 1 6 28 2 1 -6 -10 
16 18 10 0 1 -5 -24 3 
2 -22 -39 -16 -2 3 16 6 
-5 28 -10 -5 0 -6 12 9 
-3 7 7 -31 -6 -2 -33 23 
-3 12 -19 10 1 4 36 -40 
5 12 46 13 8 -3 -84 -9 
-11 -11 -29 -13 -6 14 113 15 
17 -8 3 2 -2 -9 -9 -16 
7 21 1 31 5 5 -15 12 
-15 22 -2 -21 -6 -11 -11 -1 
5 -6 15 16 6 8 -2 -22 
-3 8 -15 -2 0 -2 -19 12 
2 20 37 -10 -10 -7 5 -11 
-2 0 5 56 6 2 34 8 
15 -5 8 -49 -2 -8 -23 -2 
-2 7 -36 -14 -2 7 -5 -10 
1 -19 18 -4 -10 -10 -8 9 
-26 -42 -96 -23 -3 0 13 -14 
-16 15 36 26 4 3 6 -6 
-22 -17 10 -5 0 -6 -13 -17 
35 3 -33 -40 -11 -4 -12 29 
-24 -3 30 0 -7 -6 1 -21 
17 -5 -27 32 18 6 -21 5 
15 1 -12 -41 -12 1 -8 -4 
-26 2 -10 17 -3 -9 10 10 
7 1 39 0 -2 5 14 0 
6 -24 -36 -5 -3 -9 -25 -3 
-9 18 32 22 7 8 16 -1 
5 27 9 -10 6 1 -23 -14 
26 -8 -32 -20 -2 8 37 57 
-17 -18 12 12 -14 -21 -65 -39 
-3 -7 22 -7 9 22 95 18 
2 -3 -58 -14 -9 -4 -2 -1 
-5 10 34 9 0 -6 -18 -33 
10 16 24 3 5 5 1 26 
16 -1 -25 12 -5 -7 -26 5 
-26 -12 20 -13 -3 5 20 -20 
-6 -7 14 13 -2 -2 8 6 
-3 0 1 -10 -5 -8 -12 5 
-2 3 6 18 6 -4 -20 -1 
-5 11 0 -4 5 2 -2 6 
6 -13 -40 -3 -6 1 -20 -10 
3 6 16 5 0 0 -6 3 
-16 -12 -16 -8 -15 -13 11 -14 
4 -32 -19 9 0 -3 -16 3 
-2 2 27 -10 0 6 25 -5 
1 7 -26 11 1 5 -5 8 
7 3 15 2 0 -10 -31 3 
-11 -30 -15 -10 -7 -3 5 -40 
-5 4 11 9 6 4 27 8 
7 -5 -26 -16 -7 -1 11 -8 
-14 27 30 20 1 -4 12 9 
4 -10 5 11 -1 -6 -11 -9 
-18 4 -7 -4 -1 -9 -23 -3 
16 -29 -31 -23 -4 -2 2 9 
-20 -21 -17 -38 -8 0 -2 -12 
7 16 5 19 6 5 21 15 
-3 -11 37 -17 -10 -11 -35 -15 
-12 4 -4 -1 -4 5 36 10 
0 -12 17 15 2 -1 -18 -24 
-1 17 5 3 7 5 10 30 
-2 -8 -32 -36 -10 -4 -15 -4 
-7 -22 4 7 7 0 20 -17 
4 10 8 15 4 2 -2 -13 
8 20 40 16 -2 -2 8 19 
6 2 -2 -1 8 5 1 9 
16 -13 12 -6 -1 -9 -45 -34 
0 -12 -25 -9 -8 -2 30 35 
-3 3 -11 0 0 -1 -10 -8 
-8 0 11 21 -1 -5 -7 9 
-2 2 -3 -12 -1 2 -12 -6 
-6 3 4 3 3 -2 1 -12 
4 4 19 -10 -4 0 -1 4 
4 -44 -87 -30 -6 -2 24 -2 
3 4 -9 -2 -7 -3 -4 -10 
-19 7 27 20 4 1 -16 -11 
-9 -13 9 -6 3 3 -12 -9 
0 7 -6 6 -3 -8 -17 1 
10 13 8 -1 -4 1 11 6 
-4 2 -7 -1 2 -5 -46 -9 
-5 -11 -20 -14 0 6 27 -19 
11 30 35 25 -1 5 22 12 
-15 -20 -26 -7 -5 -10 -9 8 
-22 0 -9 -25 -7 -1 -1 -12 
28 -1 11 12 -3 -5 -20 34 
-19 11 -2 10 3 4 -1 -13 
-2 0 5 -3 0 -1 -5 6 
7 -3 5 2 3 1 -1 -23 
-15 -5 -19 -1 -1 -4 13 30 
5 -4 22 -11 0 3 10 -17 
13 23 22 16 4 -2 2 14 
11 -9 -15 -10 -3 -1 7 13 
-35 -4 -9 -8 -2 -1 -14 -27 
20 -2 7 9 1 1 -7 3 
-22 -1 2 -15 -5 -7 -18 -11 
12 5 1 10 2 10 30 34 
28 0 -3 8 -4 -11 -29 -34 
-11 -33 -33 -28 -8 -2 4 -11 
-9 4 -7 5 1 -2 -1 16 
10 -24 -16 3 4 -4 -10 -20 
7 0 14 -4 -2 -3 28 6 
2 19 -2 15 1 1 10 5 
-1 0 3 -21 -2 2 -5 -12 
3 -7 4 4 -5 -1 3 16 
2 -3 7 -11 2 7 -2 -5 
-3 -12 -6 6 -1 -11 -14 6 
15 5 8 4 -3 -7 -2 -16 
-39 -3 -14 -13 -1 -4 -10 -10 
-4 16 61 6 1 2 22 7 
-2 -14 -77 -26 -4 0 -6 -14 
13 4 -2 18 1 6 9 9 
10 5 20 6 -8 -5 -14 26 
-15 -12 -34 -9 0 -8 -51 -14 
4 23 52 14 4 8 56 -2 
-17 -13 -28 -17 0 4 5 -25 
29 5 14 27 -1 -2 -2 12 
11 0 -8 -7 -6 -5 8 4 
-1 -5 11 1 3 3 -12 1 
5 -3 3 -13 -6 -9 -16 2 
-8 31 6 10 7 6 21 13 
18 -16 -15 9 -3 0 -3 -7 
-4 -6 -15 4 -1 -5 -20 -8 
1 1 -11 2 3 3 13 10 
-12 -3 -11 -5 -2 -3 -9 -21 
-27 -26 19 21 -5 -6 -7 4 
-1 6 -45 -44 -9 -3 -7 -15 
-1 -9 9 19 3 -3 -24 12 
6 5 7 0 -3 9 61 4 
-33 8 -18 1 0 -7 -18 -30 
8 19 56 18 -1 2 5 17 
-8 1 8 -9 -2 5 -7 3 
9 -15 -41 -46 -8 -11 -13 -16 
17 4 -36 -6 2 -1 5 -11 
5 8 39 6 3 -2 -25 14 
-17 -6 -4 24 -3 -8 -2 3 
1 2 21 5 -1 5 18 -8 
9 5 -31 -22 -6 3 9 21 
-13 15 23 15 9 5 -18 -29 
5 -19 -12 -12 -4 -4 6 12 
3 5 -1 -8 -4 -4 -15 9 
