#EMG
#6
#ID:6-46
15 -4 -10 -15 -3 -6 -4 -30 
2 -12 -15 -1 -4 -3 -11 6 
1 -4 10 -4 0 -2 -2 -6 
0 15 21 8 2 7 20 13 
-1 7 26 9 4 -4 -5 0 
-10 -5 -26 -12 -2 0 -5 -14 
1 -27 -45 -10 -7 -8 -18 9 
7 23 59 11 2 4 19 -23 
11 -14 -1 -2 -1 1 -1 30 
-17 -9 -10 -1 -1 -2 8 -14 
1 13 34 1 -1 -2 -15 -4 
-2 -1 -16 -12 -3 1 0 -2 
-1 27 21 8 4 -2 -18 -7 
9 -24 -30 -5 -4 -7 9 35 
7 7 18 10 -1 0 10 -10 
-13 -17 -36 -38 -5 -7 -14 -29 
1 5 -2 6 -1 2 0 -2 
2 -1 -8 9 1 0 -11 -7 
4 13 14 8 4 2 8 16 
-10 -1 32 -2 2 5 -2 3 
15 -9 -47 0 -8 -16 -25 -4 
-25 -6 1 -8 -10 -7 7 -4 
10 4 -4 -5 0 6 38 0 
-2 1 25 13 4 2 -3 4 
-14 -4 9 -2 1 -1 -3 -1 
14 18 24 12 8 3 -6 -2 
-6 -2 -5 0 -2 -1 -10 10 
5 -25 -30 5 -7 -11 -1 2 
-7 5 4 -28 -4 -2 -1 -19 
7 -17 -24 -10 -2 -2 -7 -14 
-7 0 -6 0 0 2 2 8 
4 7 9 7 0 0 -3 11 
1 1 -3 2 -3 -1 1 14 
-14 12 11 3 2 3 2 -10 
6 -12 -3 -10 -1 -1 -5 -28 
3 3 3 -2 -7 -8 -2 32 
-4 -6 14 17 1 1 2 -10 
1 10 -5 -18 -1 2 2 -2 
6 0 -7 7 0 1 3 33 
-6 1 1 -9 -2 -2 -11 -19 
-12 -14 1 8 0 -3 -19 -13 
13 3 7 6 3 8 34 13 
-5 3 -16 -1 -1 -4 -7 -13 
-12 -4 4 0 -4 -4 1 -3 
14 -13 -35 -5 -7 -5 -11 12 
-3 -11 1 2 -1 2 3 4 
-10 -5 -6 -5 0 2 6 8 
9 -1 -5 -2 4 2 -17 -15 
-22 7 23 12 2 2 21 -31 
33 2 14 -11 -7 -4 -1 34 
-57 -10 -15 1 -5 -3 -3 -55 
2 0 -10 -7 -4 -6 -15 29 
-4 2 14 0 0 1 4 3 
6 -2 -7 3 -1 -2 9 8 
17 14 -10 -11 4 -1 -13 12 
-23 -4 23 17 -4 1 6 -27 
-4 -9 1 -22 -4 -5 -21 1 
15 11 -23 -1 0 -1 -29 4 
-5 -21 -17 8 -2 9 46 -15 
1 21 14 -7 -3 -15 -22 -2 
-13 -9 -33 -9 1 12 37 13 
-7 -1 23 4 -4 -12 -26 1 
6 2 -3 -20 4 2 -8 13 
11 -6 -10 10 0 -1 -43 14 
-2 17 38 26 5 28 90 -21 
-18 -6 -32 -31 -8 -22 -36 -26 
19 11 36 14 -6 -11 -8 7 
-14 -7 16 -7 7 11 13 -11 
22 -3 -38 2 -2 -10 -59 31 
-15 2 -53 -6 0 4 7 5 
-4 -12 43 10 -9 -8 36 13 
10 11 28 -5 3 3 19 -3 
-20 -12 -31 6 -2 -1 -45 -21 
-5 -10 -17 5 1 -2 -18 7 
-3 9 13 -7 -2 -6 -4 -8 
-4 -3 -22 -4 -3 6 24 -4 
1 7 -2 -20 0 -8 -11 19 
5 3 34 13 3 6 1 -20 
7 13 -7 4 -1 1 -20 3 
-4 -24 -5 8 -4 -2 -7 -27 
13 20 68 34 5 -5 -5 15 
-23 -15 -90 -28 -6 3 47 -26 
6 -7 21 -3 -2 -8 -45 29 
7 -3 -30 -17 4 10 69 -1 
2 -8 -4 -1 -4 -8 -6 -15 
9 11 39 6 2 -4 -37 9 
-21 -13 -45 1 0 6 19 -37 
-10 3 29 -1 -4 -7 5 -7 
2 -2 14 1 -3 4 4 42 
5 -5 42 13 0 -6 8 -5 
9 16 -76 -3 1 -5 -66 -14 
8 10 19 -3 -2 1 17 36 
-15 -11 3 -4 -6 -9 26 -67 
-2 -15 -34 -24 -4 6 6 13 
8 1 42 2 3 7 8 33 
3 -7 -33 21 -3 -19 -24 -18 
-12 -3 27 -7 -2 -5 -27 -15 
-6 -7 1 16 -2 -5 -27 5 
8 4 -5 -29 -1 1 19 -17 
-10 2 21 20 0 7 41 20 
7 3 -2 -12 4 11 -1 4 
-9 3 31 16 -3 -7 35 -7 
6 0 -13 -11 -1 -1 -4 1 
-6 -64 -88 -30 -4 -8 -34 -9 
-12 -17 31 5 -2 -9 -26 16 
4 3 22 -3 -3 9 24 4 
1 11 25 24 1 -3 -22 -10 
5 13 -9 -18 5 6 6 2 
-14 8 10 1 1 10 -23 -15 
5 1 -39 7 0 -11 6 3 
-10 -44 -21 -50 -10 -4 18 4 
-6 25 67 33 6 -2 -43 -8 
32 -7 -16 7 4 -2 -21 30 
-19 7 18 11 -3 18 60 -16 
-13 1 -30 -16 -3 -10 -5 -29 
1 1 -78 -17 -3 4 11 22 
9 1 52 7 -4 -9 -10 -28 
21 13 -8 -2 8 8 -36 40 
1 -30 -9 8 5 11 26 8 
-24 -22 -6 -17 -17 -22 -6 -34 
-12 -19 -73 -18 -3 -8 -31 0 
8 -2 16 13 1 7 59 2 
-6 8 -12 -12 0 -5 -42 -19 
-2 10 7 -4 -2 10 21 27 
10 -5 -36 -29 -12 -10 37 -7 
4 -3 39 27 4 -12 -82 -5 
20 36 88 40 5 15 38 18 
-8 -37 -67 -42 -4 -1 -11 -3 
-19 15 46 -20 -1 7 35 8 
-19 -28 -37 -15 -7 -20 -44 -38 
21 7 38 42 2 -4 -3 10 
14 -20 7 5 3 5 5 23 
-5 -1 19 9 3 17 7 -17 
8 10 -11 -25 -7 -20 -9 -25 
-37 -13 -38 -29 -6 -5 -19 22 
-11 47 37 33 -5 4 20 -28 
19 38 24 27 4 -8 -26 44 
-22 -9 -23 -52 0 20 72 -1 
7 8 0 5 -7 -27 -98 -22 
-19 -10 -27 -11 1 11 57 1 
2 -26 -9 -46 0 -2 5 15 
5 25 -30 51 -2 -3 -27 -20 
-7 -20 -3 6 5 8 -23 -5 
10 94 46 -16 3 0 4 17 
13 -12 -53 0 -7 -20 -64 -34 
-32 -28 -16 -19 2 18 77 13 
25 -9 30 1 -4 -13 -1 -4 
15 8 33 40 -1 -1 5 4 
-8 17 -16 -19 3 11 12 -11 
-12 38 38 27 1 -17 -48 30 
-6 -13 5 -8 -3 3 -13 -32 
12 -40 -45 -8 -1 5 24 19 
-1 -16 -16 -4 -2 -2 -1 6 
24 -17 44 9 2 12 -44 -37 
-17 7 -8 1 -6 -10 75 16 
3 7 25 -2 3 -4 -63 -14 
15 -34 6 6 -4 -8 3 -3 
-31 18 21 11 5 7 5 -8 
26 -2 -6 15 -4 14 60 64 
18 19 10 -7 0 -16 -34 -29 
-15 -15 -6 14 -3 3 6 -2 
-1 11 32 -17 -6 -8 -34 16 
-4 0 -3 -13 6 0 24 -5 
-6 -27 -7 10 -12 -2 4 16 
-28 0 -15 10 5 12 39 -9 
14 1 -26 -6 -2 0 7 -2 
-22 -64 -64 -37 -6 -11 -9 0 
-4 31 50 0 0 -8 -52 -22 
-3 6 -31 15 -2 -3 36 -1 
8 -35 -48 -29 -2 6 0 4 
4 0 -11 28 1 2 -34 -17 
-3 -2 45 10 1 -6 13 12 
-3 10 5 -3 -4 5 28 3 
-5 -17 6 1 -2 3 -12 8 
-7 24 -11 -27 -2 -14 -37 -18 
-22 -20 4 -1 3 -3 -41 -21 
1 19 17 22 -2 4 33 13 
-2 6 76 32 1 -14 -16 -4 
-8 7 -51 -8 4 10 -52 -21 
-10 25 -26 -28 -10 -5 48 -20 
30 -24 -63 -4 0 5 16 53 
-9 -6 16 -10 -1 -4 -6 -39 
-8 9 34 32 1 1 22 13 
30 -38 -39 -34 5 5 -1 2 
-20 71 17 8 -4 -5 -3 -3 
32 17 6 15 -1 -2 9 14 
-3 42 17 -20 3 3 0 1 
-16 -21 -10 -18 -2 5 -35 2 
23 -20 -43 -3 1 -22 -16 -17 
-11 2 30 11 6 11 27 21 
8 -17 -5 9 -2 6 10 -16 
3 14 75 11 -3 -7 13 14 
24 2 -45 -11 3 -4 -69 0 
-19 -14 -62 -29 -8 0 40 -13 
-5 -12 45 17 0 4 38 -7 
-11 3 37 5 -3 -2 -27 1 
-33 -31 -17 9 -7 1 -3 -14 
26 1 20 7 2 -12 -34 7 
6 78 38 7 4 9 23 20 
5 0 -38 -11 -1 -7 -63 -39 
9 -35 24 -21 -1 19 92 37 
14 -40 -105 -15 -14 -18 -36 7 
-58 50 32 17 1 0 37 -18 
3 -24 -4 6 0 -7 -71 -24 
11 19 10 -4 -3 6 72 25 
17 16 38 -2 1 1 6 -11 
-20 -47 -22 -3 -5 -7 -61 -5 
-7 -19 -21 10 -3 2 62 -1 
-8 6 34 4 -1 -8 -30 -20 
-7 -17 -62 -20 -2 5 8 0 
26 -2 -11 -26 -3 -6 -19 19 
7 10 40 33 -2 9 54 17 
-7 -22 -40 -21 -4 -8 -39 -13 
-39 -26 6 -9 -8 -4 -11 -6 
11 -41 -43 5 5 -3 1 2 
17 61 19 5 -3 -3 -56 7 
11 -14 17 12 4 10 78 -13 
-25 61 38 2 -5 -24 -48 -6 
21 -80 15 12 -4 28 95 20 
4 23 -20 -34 -5 -15 15 13 
-33 -37 -44 -23 -7 -21 -100 -27 
19 39 19 31 12 10 1 13 
17 1 21 7 -1 -4 -17 -7 
-34 -50 -86 -10 2 11 33 8 
-3 19 76 25 1 -7 -54 -36 
-4 -43 -53 -20 0 0 -10 -10 
-4 7 17 5 -10 -7 30 25 
14 14 44 33 24 9 0 -4 
-32 -28 -74 -47 -13 -9 -22 -5 
11 30 31 24 2 10 33 12 
-5 44 12 -19 1 0 -15 -21 
-5 11 -19 -1 -4 -3 22 -5 
-19 -52 28 29 6 -12 -51 -2 
3 -12 -17 -12 1 7 -18 -18 
-8 -7 -24 6 -11 -16 26 12 
3 -28 37 -23 -5 -6 2 -10 
21 97 41 23 7 10 1 14 
-28 -20 -50 -20 -8 -1 -4 -5 
-6 -32 -12 2 -3 -11 -44 -12 
-1 21 0 6 11 7 10 10 
-4 -13 83 10 -2 3 -2 -6 
-6 -15 -1 -7 -3 10 92 6 
13 28 -6 -1 2 -2 -12 1 
-2 -41 -21 5 -9 -11 -24 1 
3 23 -80 -21 2 4 -28 6 
13 58 99 25 3 1 15 1 
-6 -97 -2 2 -5 -6 -26 -23 
-14 -56 3 0 -2 0 -24 -14 
-6 -6 -17 0 12 -3 -12 1 
-10 -45 -57 -2 -9 -8 4 28 
21 62 74 18 15 -4 -42 -23 
8 -23 -1 -16 -15 11 38 17 
-2 2 32 -6 -7 7 62 -9 
3 -60 -96 -24 -8 -15 -38 23 
-11 12 -2 10 1 0 -1 -9 
11 48 34 -35 7 3 0 0 
0 6 18 18 -2 -5 -45 -18 
3 -3 7 0 4 14 51 7 
-16 13 -4 6 -8 -11 -2 -10 
6 7 0 -12 -6 -3 -6 1 
2 -93 -88 -4 1 -3 -15 -14 
1 77 72 -14 0 2 21 -14 
4 -11 -31 8 3 11 11 53 
10 37 -2 26 2 -3 16 -14 
-11 -18 3 -37 -6 -6 -4 -34 
29 -31 14 22 6 -5 -57 11 
-4 -21 -65 -50 -12 3 38 13 
-16 -8 -10 16 -10 -16 -11 -13 
-16 0 68 10 -2 1 3 16 
6 11 -57 -23 -14 -7 11 -6 
15 34 108 20 13 2 -52 -20 
1 -105 -62 1 1 16 82 29 
3 62 -14 -14 -4 -10 -2 -19 
-15 3 -2 23 4 -5 -12 -9 
11 -5 8 -2 -1 5 0 5 
18 -19 -9 -15 6 7 -10 26 
-25 -12 21 -1 -5 0 14 1 
5 43 25 3 -1 -4 -25 -35 
7 38 1 -26 1 9 11 0 
-20 -20 15 11 -6 -14 -38 -8 
27 18 7 -9 -10 1 53 22 
7 1 2 -7 13 2 -48 -1 
-35 10 -7 20 2 -7 -37 -42 
19 42 -11 2 -3 13 44 28 
17 36 99 43 18 1 2 13 
-5 -13 -16 -28 1 4 19 12 
26 -31 -57 -16 -6 -2 -2 -23 
-25 -4 -4 44 -4 -15 -22 -6 
10 0 -14 -2 -1 -3 6 20 
11 -30 32 35 0 0 -13 -11 
-17 -57 -87 -62 -10 -8 -49 -15 
1 -2 5 18 4 15 58 9 
4 -36 -11 17 2 8 4 22 
-2 73 70 -8 -6 -9 -27 0 
4 -10 8 -5 -1 6 15 -17 
-42 -67 -57 -17 -13 -18 -35 -17 
-3 66 24 -21 -3 -6 -18 -32 
-11 -45 -4 -9 -16 -4 16 -7 
-12 12 -19 9 19 1 -6 27 
7 35 19 24 -10 -5 -24 4 
8 -3 -38 -17 5 5 -3 -1 
16 21 7 -9 -6 -1 21 36 
-18 -57 -2 35 4 12 72 4 
0 15 17 19 2 -7 -39 -48 
2 32 -30 -17 -7 -11 -15 8 
-7 77 -2 0 -3 2 -1 -26 
36 5 -56 -3 2 21 29 55 
-39 -25 -34 -16 -11 -33 -10 18 
-25 -29 -15 -38 -6 -4 -28 -38 
-2 -50 -39 -18 0 -5 -24 -37 
-13 20 35 20 0 3 41 -18 
-7 16 94 2 8 9 -21 25 
11 10 -33 0 -5 2 13 -2 
-15 -45 -23 -6 7 -7 -47 15 
19 30 -27 -23 -4 -1 -16 14 
6 -77 1 -31 -2 8 19 9 
-13 -29 -29 22 -7 -17 -44 -37 
12 -43 11 29 3 4 57 2 
-13 42 39 -48 -10 -10 -36 -8 
3 -24 -67 -21 -4 2 10 -12 
-8 31 60 8 -6 5 -2 12 
-2 4 64 54 13 -5 -52 -17 
-25 8 -88 -83 -17 -2 65 20 
5 -14 73 29 -1 -7 8 -36 
0 -38 -52 7 1 8 23 35 
-5 -22 83 -7 -1 9 -5 12 
21 -31 -5 -2 -1 -28 -83 0 
13 74 -25 -32 -15 -1 75 0 
-18 -48 -36 -9 2 1 5 -5 
6 15 -1 46 1 -1 1 33 
-1 8 -10 -15 3 0 -30 -12 
-21 0 -72 -14 8 1 -44 -32 
18 19 35 1 0 -2 4 12 
-12 -26 -29 -1 3 1 -15 1 
-16 31 -6 5 -14 -1 48 4 
12 56 30 31 1 -6 -42 -20 
3 17 -8 -30 0 10 45 6 
-20 1 -6 23 4 -2 -88 -32 
36 -35 52 64 -4 -3 71 49 
-41 22 -7 -38 5 -3 -44 -72 
-4 -21 20 11 -15 -5 50 63 
32 49 31 -8 4 2 -15 -8 
-13 30 -35 22 4 2 -58 -27 
32 17 8 15 2 7 75 58 
-29 1 -33 -8 -5 -7 -38 -62 
18 40 19 -20 -1 3 28 39 
0 -4 49 34 7 -7 -54 -23 
1 -13 -27 24 6 6 -54 -9 
21 34 -26 -40 -3 2 67 46 
-3 -45 14 -41 -9 -10 41 -13 
-9 4 0 10 -2 -4 -21 -18 
-10 19 44 27 6 -9 -71 14 
16 -1 -6 -38 1 7 -13 -14 
-40 -51 -48 26 -11 -1 55 21 
23 -31 8 -21 -10 -10 17 6 
-8 35 -8 9 11 14 -30 -22 
2 -63 -6 1 -5 3 63 61 
28 46 36 -26 1 5 -58 -8 
-42 -66 -75 -26 -20 -37 -91 -51 
19 26 25 -25 4 16 114 49 
-22 11 34 33 6 -5 -78 -50 
1 -7 -48 -27 -10 -5 39 23 
-5 -22 23 20 6 24 64 -26 
-13 -49 -72 -12 -14 -27 -113 8 
6 23 42 -27 1 7 48 -43 
28 -15 -35 -68 -7 -15 7 -32 
-2 17 110 102 0 -10 -21 50 
-4 -17 1 -15 -1 17 46 -28 
-7 6 -15 35 -1 6 -38 -11 
0 31 3 9 3 -9 -54 15 
7 39 -62 -19 8 24 127 -6 
12 -12 57 -5 -4 -15 -74 29 
-20 -18 26 40 7 10 -15 -22 
3 42 28 28 2 0 30 -34 
-24 -71 -27 -59 -5 -2 -27 21 
22 33 39 12 3 0 42 37 
5 -10 -37 22 -8 -15 -71 0 
-20 -45 -30 -6 -5 3 3 -22 
-73 33 47 41 11 3 -26 -14 
56 1 -30 -29 -4 -9 -58 -4 
-36 -1 22 -11 9 22 31 -12 
-12 -17 13 23 -5 -9 62 34 
1 -4 -40 -38 -6 -7 -36 -2 
-36 -39 -89 -41 -4 10 52 -18 
19 24 122 61 1 -22 -74 -2 
-2 -22 -46 -48 -1 20 19 -6 
4 -43 -5 -13 -1 -31 -94 -20 
26 22 3 6 5 30 94 56 
-3 9 -29 -9 -1 -23 -38 -18 
-12 -9 12 -3 -5 5 30 -28 
6 2 -1 -2 -5 -5 -40 12 
-19 -56 14 13 6 10 7 0 
36 15 -64 -24 -6 -13 -27 8 
4 -19 0 16 10 -4 -70 8 
3 44 38 -12 -9 -6 64 -4 
8 -40 10 9 -1 8 22 1 
-12 8 -11 -39 -1 4 38 6 
-10 1 -20 46 -2 -8 -30 -10 
36 29 13 -7 4 4 26 35 
10 20 56 24 0 -9 -93 -21 
-7 -24 -21 -7 -4 7 89 -27 
-22 103 7 -27 -14 -12 26 21 
-5 -5 23 7 0 15 28 -4 
3 6 22 22 0 -12 -88 -6 
11 27 26 -11 -4 -7 10 12 
-9 -42 -19 -12 -6 -9 19 -22 
1 67 -9 6 1 -1 -14 -18 
-24 15 17 -18 -7 -7 3 -9 
12 2 5 21 -1 9 18 47 
-18 -40 -60 -9 4 7 11 -23 
-12 14 11 -22 4 11 25 25 
-12 -12 32 33 -6 -20 -32 3 
-28 -50 -5 1 0 7 3 -17 
7 -30 -19 -19 -3 4 -17 -20 
-5 -17 -21 20 4 6 26 42 
-12 36 -35 -16 -4 -2 17 -15 
11 -8 24 20 -4 -11 -54 -20 
15 20 21 -11 10 10 -6 0 
-24 -56 -86 -66 -11 -5 -5 -4 
5 -3 48 44 8 5 34 -21 
18 9 20 11 5 -6 -26 19 
-16 19 25 9 -4 -3 14 -2 
17 1 31 7 -2 -8 -51 -30 
3 33 17 -33 -3 20 86 18 
-1 -22 -90 -16 -9 -14 -2 10 
17 -19 -24 9 3 -11 -65 3 
4 50 94 26 2 15 50 -3 
-12 -11 -116 -40 -12 -23 -23 -15 
11 10 51 7 6 9 -12 2 
-17 -52 -18 3 -12 -9 20 6 
3 -13 11 0 4 -3 -37 -15 
25 -15 -8 2 -3 -2 -14 6 
-18 9 2 -18 -4 -8 -33 5 
15 -3 -14 -9 -1 8 65 27 
26 -50 19 8 8 3 -27 -31 
-12 53 48 17 13 8 -13 -13 
-21 -113 -88 -38 -14 -12 -19 7 
20 30 60 25 -5 0 -2 -6 
-8 -20 -31 -3 -9 -8 -18 -8 
0 -40 -17 -44 1 -3 13 5 
0 -7 -24 12 -7 -3 15 -6 
8 6 29 -12 0 -4 -34 8 
7 1 -9 16 -5 2 41 34 
3 33 20 12 -3 -6 -24 -50 
-4 36 27 34 15 4 -22 11 
-1 8 8 -3 10 0 -38 16 
7 -27 -9 1 2 10 83 1 
-38 -13 -98 -43 -18 -15 -9 -32 
11 27 57 -7 4 6 14 0 
-8 -4 -37 8 -1 -3 -9 13 
13 27 -3 0 -2 -9 -32 -33 
0 -19 57 13 2 7 16 44 
-6 7 -17 -1 4 5 8 -8 
5 -26 -26 -12 -5 -3 -14 -12 
7 87 85 -13 0 2 -5 4 
2 -15 -83 11 5 -1 7 1 
-6 -3 -5 -14 -18 -8 4 -7 
-35 -31 -36 1 -7 -4 -2 -19 
6 10 -14 5 5 -5 -12 9 
2 11 27 -11 1 -1 -3 -9 
31 10 -1 1 3 9 41 35 
-16 -33 -11 -2 7 4 3 -27 
10 33 46 -18 -7 -10 -21 10 
-22 -14 -57 -2 1 -4 4 -6 
-5 2 -11 -3 1 11 10 14 
5 3 40 18 -9 -5 -23 -41 
4 -33 -35 0 -3 -9 -30 -12 
12 16 46 -3 -3 -2 12 16 
-21 0 -29 -1 2 0 7 -3 
6 11 3 -18 1 6 18 17 
-6 -7 39 29 3 0 -9 -35 
5 5 -6 -18 -3 -3 2 39 
-5 6 -45 -23 -2 2 13 1 
11 17 28 3 3 1 -14 2 
-18 -40 -35 1 -5 -7 -2 -28 
-7 -6 22 29 0 -4 -11 -16 
12 -8 16 -2 -2 -2 0 -13 
-17 17 11 -14 -2 -1 -1 15 
1 -12 -27 -7 -4 1 17 8 
-5 -10 9 24 3 2 9 26 
7 8 10 -1 0 -3 -16 -30 
-20 0 -12 -19 -6 -3 10 -8 
0 -2 -8 22 0 1 10 16 
-17 -17 -9 -10 -1 -1 -2 -17 
2 4 38 6 0 -1 -6 3 
20 4 -24 15 5 4 11 6 
-2 -16 -42 -13 -8 -8 -5 -1 
18 3 10 -16 1 5 4 -7 
-9 19 27 20 2 -2 1 6 
-4 -18 16 8 0 -2 -8 -3 
2 25 0 -8 0 0 4 18 
4 -12 -8 -3 -4 -1 -15 -16 
-5 20 29 7 1 1 1 3 
15 -10 -28 5 2 1 8 14 
-8 -16 -31 -3 -4 -1 1 7 
-2 -6 -1 -7 -3 -6 -6 -20 
9 41 -3 1 2 -1 -9 4 
-8 3 35 1 -4 -5 -4 4 
12 -4 9 -23 -4 1 -2 8 
-2 2 -18 7 4 0 -5 -9 
3 -4 -15 -8 2 1 2 -20 
-15 -14 -13 -7 1 -1 -2 16 
-19 -30 7 15 -7 -5 -1 -14 
5 2 6 1 -3 -4 -3 7 
5 -3 3 9 4 4 1 -6 
20 17 -2 -9 -2 0 0 11 
-21 -3 19 -2 4 3 0 -10 
-7 -41 -56 -9 -5 0 2 2 
-16 -27 -7 -7 -11 -9 -12 -10 
-1 5 -6 9 1 -1 -1 -1 
8 13 6 0 1 3 2 11 
4 5 18 -8 -3 1 1 0 
-6 -8 -4 -1 -1 -1 3 7 
1 1 -2 -1 -5 -5 -5 -1 
8 -10 -19 -1 -1 -1 -6 -23 
-9 6 15 0 2 2 4 21 
0 -3 13 1 -3 -4 -3 -2 
6 -7 -9 -1 -4 -6 -2 -3 
-5 7 9 1 4 0 1 3 
-5 -5 2 2 -2 0 -8 -17 
5 -6 -11 -5 -4 -4 -1 14 
11 5 -2 -8 1 -2 -2 -15 
-6 -4 12 6 -3 1 0 3 
14 -1 -3 -4 -2 -3 -5 12 
-40 -2 -3 4 -1 0 -3 -30 
-2 -4 -10 3 2 1 1 6 
0 17 -2 -4 -4 -4 0 -2 
-4 5 11 -2 3 1 -2 2 
10 -6 2 1 1 0 -8 -12 
-2 -2 12 0 -3 0 1 10 
-4 -2 -31 -2 -1 0 -2 -5 
1 12 14 1 -4 -5 -9 -23 
2 -32 -33 -7 -2 -1 -4 4 
-11 15 27 3 -1 1 0 -3 
-5 -8 7 1 1 -1 -3 -4 
-2 -9 -9 16 6 2 5 7 
12 0 -5 -25 -8 -1 8 40 
-11 -11 -10 -1 -2 -4 -4 -31 
16 2 0 -2 2 1 3 -10 
-10 9 -10 -2 -6 -6 -5 21 
-16 2 12 4 1 -1 0 -22 
8 0 -10 -2 -1 0 3 39 
-10 -8 -7 -2 2 0 -12 -21 
18 3 8 -10 -9 -4 14 -17 
3 3 -11 0 2 -2 0 8 
-6 -4 -8 -1 0 0 3 1 
-3 -5 8 4 -1 -2 -9 4 
4 4 3 -4 0 -2 -5 -1 
1 16 6 -4 -4 -3 0 4 
1 2 7 4 2 2 -4 -15 
-3 -8 -22 -4 -2 -3 3 12 
-18 -5 18 7 -1 0 -4 -26 
18 -1 -7 -11 -6 -4 0 30 
-23 -22 -27 -19 -3 -3 -7 -17 
9 7 19 9 -1 -2 3 16 
-1 -2 -6 2 -5 -1 7 2 
-2 1 11 12 3 0 -16 -36 
24 10 3 -2 -2 1 5 56 
-19 2 36 4 6 6 7 -43 
-8 -27 -47 -10 -3 -2 -10 -1 
-4 -1 7 0 -3 -1 9 -2 
-4 -4 1 0 -3 -3 0 -10 
5 21 4 -6 -5 -1 1 11 
-7 7 25 3 0 -3 -4 5 
4 -2 -27 -2 0 1 -1 -4 
-7 -15 -17 -11 -2 -4 -3 -12 
4 -2 -9 -2 -1 -1 0 11 
2 7 20 1 2 1 -1 1 
7 12 -8 6 2 1 -6 -13 
-18 -14 15 -5 0 -1 1 -9 
-3 -11 -32 -14 -12 -7 -1 16 
10 7 -4 -4 -2 1 -6 10 
-2 1 14 3 1 -2 -3 -7 
0 10 -3 10 5 7 13 -11 
5 15 8 2 2 -1 -3 6 
8 -6 24 4 5 4 7 14 
-19 10 -7 3 4 3 -4 -22 
12 -2 2 5 -7 -5 -16 43 
-44 -39 -7 -21 -9 -11 0 -54 
-7 9 5 2 -1 0 -5 -13 
1 0 15 4 1 0 6 0 
3 0 -5 0 3 -1 -1 -3 
18 35 16 9 2 3 -1 20 
-3 -9 -38 0 -3 -5 -2 -6 
-9 8 45 -1 0 1 -1 -5 
11 36 -7 5 2 4 4 16 
1 -24 -29 -7 0 1 2 32 
-12 -9 18 5 -12 -9 -7 -49 
10 -8 -5 -6 -3 -5 -7 19 
2 4 12 3 -1 -3 -9 -22 
4 7 6 6 6 2 -17 -6 
0 41 -23 -17 -2 8 47 28 
-7 -29 -12 6 2 0 -2 26 
13 0 2 0 -5 -1 3 -6 
9 -20 -22 -17 -7 -7 -8 19 
-12 -17 -2 7 3 -2 -14 -26 
-4 14 9 1 -5 -1 -15 -19 
-14 3 10 -5 -1 -6 -8 -34 
