#EMG
#5
#ID:5-23
-18 0 3 2 -2 4 -27 -6 
10 3 -7 1 0 7 19 -3 
-22 -19 19 5 -6 -9 -19 -14 
1 5 -13 -2 2 -1 -4 0 
1 -12 -5 0 -3 -6 3 5 
-1 28 17 10 2 -2 -26 -8 
5 -14 -23 -8 -2 11 56 8 
-4 5 -9 -14 -4 -2 -1 -11 
-5 -4 1 5 1 -7 -20 7 
-6 -19 11 5 4 11 25 -18 
17 14 -16 2 0 -4 -12 16 
-19 -15 24 -4 -5 -8 -8 -15 
6 7 -33 -8 -2 1 4 -1 
1 -3 -2 3 -1 -4 -3 6 
-1 -4 5 1 2 2 -8 -5 
7 -4 15 3 -1 -1 -29 9 
-4 1 -15 -14 0 4 18 -4 
-11 -14 2 0 -4 -1 5 7 
11 25 19 5 -2 -11 7 -1 
-16 2 -4 6 0 0 2 3 
-18 0 18 3 -1 5 2 -14 
19 -7 -32 -11 -1 -1 0 1 
-14 -26 -21 -8 -1 0 -32 -12 
7 3 -7 -6 -6 -5 11 13 
-1 -2 -1 5 3 -6 -14 -18 
0 0 25 1 -1 1 8 2 
-2 0 25 8 4 0 -16 -7 
4 9 -53 -19 -2 1 -6 -5 
-1 -6 -16 -4 -5 -10 8 7 
-3 -7 -6 2 -3 -2 -17 9 
-4 15 9 0 3 -4 10 -6 
11 -6 19 9 2 4 -30 -4 
-15 9 33 9 0 -6 44 10 
7 3 -16 -12 -5 -2 -8 -11 
-21 -17 -32 -16 -6 2 28 -9 
24 12 15 8 1 -4 4 17 
0 -4 1 -3 -4 -4 -38 5 
-17 -4 20 2 0 -2 8 -12 
-6 0 -10 4 2 9 -25 1 
-4 -10 -30 -12 -4 -13 15 -10 
13 4 20 2 -2 2 -11 5 
7 28 20 2 -1 -9 -2 6 
3 -4 2 2 -5 -1 3 -3 
-11 -15 -24 -11 0 2 -5 0 
-1 -15 -18 -5 -4 3 16 0 
0 -19 0 2 3 2 -4 8 
0 17 5 0 -1 -6 -7 -2 
-5 -8 19 8 -2 2 19 -12 
-1 -2 -9 -9 -4 6 -2 -6 
3 13 7 5 2 -7 -15 0 
8 -12 -9 -1 -1 -6 -12 -3 
-4 -25 -27 -3 -4 -4 5 1 
-3 5 -6 -8 -1 5 -15 5 
-5 -10 -19 0 -4 -4 26 4 
-16 0 22 2 -1 -10 -8 -21 
-3 3 26 9 3 -4 -19 7 
9 18 -16 -10 -6 -3 15 -10 
10 2 21 -3 3 7 21 5 
4 -24 -5 3 -5 -2 -11 14 
-21 11 7 5 1 5 11 -14 
12 -5 36 13 4 -12 -56 -28 
19 4 -40 -14 -5 5 50 33 
5 0 -12 1 1 1 -1 -5 
-6 18 26 -6 0 13 -20 -4 
-9 -11 4 4 -3 -16 7 13 
-2 -1 19 11 4 -1 -23 -15 
3 -45 -7 -18 -1 0 14 3 
19 43 10 8 2 1 11 31 
-25 13 15 2 6 -2 -63 -38 
-8 -36 -35 -4 -4 2 21 -8 
6 -3 13 -2 -6 8 66 20 
-1 -18 -24 -12 0 -4 -30 -23 
-8 -20 -13 13 1 -1 11 8 
-6 36 41 -8 -2 1 -14 13 
7 23 -5 11 2 -7 -43 -2 
-3 -61 -13 -10 -6 -6 -13 -15 
10 16 6 6 3 9 62 16 
-1 3 -2 -1 -3 -1 -10 -5 
-7 -25 -4 -9 1 1 -31 -8 
2 84 -12 -8 -5 -6 5 -4 
-1 -1 10 0 -1 6 11 -8 
-8 8 -40 -16 0 -13 -50 -13 
26 16 40 17 -2 5 30 26 
-11 3 33 12 2 12 30 -5 
19 -36 -42 -18 -3 -7 12 18 
-28 42 28 8 -4 15 43 -11 
-9 -21 -60 -18 -6 -4 3 -16 
11 -22 -24 -5 -2 -10 -7 6 
2 -53 22 2 -4 -6 -37 -6 
14 -20 -38 -15 1 7 -9 0 
-18 -15 -25 10 -3 -15 -20 -7 
-5 57 24 6 -1 10 15 -1 
9 99 41 11 5 0 -26 17 
6 -23 -26 -3 -1 -10 29 -9 
-4 4 -2 -9 -3 0 -10 -4 
4 -38 5 9 2 -1 0 -1 
-7 -15 -27 -8 -4 -2 -19 -21 
2 -2 12 12 7 9 -2 24 
-13 30 27 -9 1 0 -20 -11 
3 -27 21 -4 -5 -6 29 6 
-6 -32 -22 2 -9 -3 23 9 
4 20 13 -9 7 -14 -47 -15 
-6 -15 -12 0 3 17 34 -1 
11 5 4 2 0 -7 -47 4 
-13 15 -8 -14 -2 5 61 -7 
-1 -9 -17 -3 -6 -8 -41 -11 
28 121 94 31 -3 -6 22 16 
-27 -16 -75 -26 1 5 1 -15 
12 28 -5 8 -1 1 0 13 
-4 -17 24 2 0 -1 -31 -1 
-4 -47 -16 -9 -3 -2 15 -8 
8 -37 21 2 -3 5 22 6 
-12 21 -15 -6 -4 -1 -6 0 
-4 -3 2 -10 -1 -4 -6 -9 
0 -27 4 17 -5 -7 -30 4 
5 6 -28 -17 -6 -6 13 8 
0 8 24 4 1 -1 -16 -4 
17 54 -10 10 8 7 8 4 
-16 -71 -43 -17 -6 -13 -46 -16 
6 71 33 7 2 6 48 -3 
-7 -30 -36 -7 3 12 -3 1 
-8 13 55 29 -5 -3 9 -2 
22 1 -6 -20 5 -4 -13 12 
-22 -27 -29 -23 -11 -12 -35 -15 
0 -70 -8 -4 1 -8 -15 -16 
13 23 63 30 1 4 31 17 
-15 -1 -27 -19 -2 -1 -24 3 
4 51 2 4 2 -1 3 22 
4 -44 23 9 4 -2 4 -5 
-5 -30 -53 -26 -8 5 2 -3 
-14 -30 11 -1 -3 -6 1 -3 
13 1 18 13 -6 -2 14 -7 
-20 -45 -13 -14 -1 0 -10 -4 
-4 -17 -3 6 7 -5 11 -8 
-16 10 -40 2 -10 6 -2 -11 
-1 -9 2 -34 3 -2 -14 -1 
-16 6 -26 3 3 3 -2 -16 
-7 -73 -3 -12 -10 -9 7 4 
2 54 77 25 0 3 8 11 
-5 -41 -74 -4 0 -4 -15 -3 
9 24 25 8 -6 -2 3 -7 
1 -10 -16 -7 0 -1 -25 24 
-11 -26 16 -7 5 2 16 -26 
8 89 32 18 -4 3 1 -10 
5 43 25 -7 -1 -2 10 20 
-28 -11 -38 8 -8 -5 -34 -24 
12 16 25 5 7 1 26 5 
0 -57 -41 -13 -6 -11 -1 38 
-1 19 -25 0 -3 2 -11 -13 
-11 19 54 15 4 2 -35 -15 
14 8 -36 -19 -4 -2 2 11 
-14 -36 22 14 0 7 38 -42 
10 0 -2 -3 1 -11 -5 35 
-3 -10 -12 -1 -4 7 10 4 
5 13 -10 0 0 -9 12 -4 
2 -8 -6 9 6 5 -66 -16 
-7 7 6 1 -5 4 81 9 
15 -15 -22 -28 -9 8 32 14 
-12 0 -19 -30 -4 4 -5 1 
1 -10 10 17 -5 -9 -10 2 
6 22 20 -4 3 7 -13 -2 
-7 3 17 13 -8 -16 -16 -10 
3 -12 -98 -46 -6 0 7 -9 
7 -13 17 10 8 4 13 15 
-5 6 26 20 2 -3 -39 -17 
4 4 -25 -20 7 6 29 -1 
5 -15 6 18 1 -4 -49 3 
-12 -4 28 -2 -4 4 41 1 
-16 -16 -36 -6 -7 -4 -25 -14 
14 21 -8 8 -2 -19 -12 -1 
16 11 22 6 0 11 37 17 
-49 -36 -21 -27 -2 -15 -72 -74 
-10 -4 -41 -3 -7 -3 58 36 
10 -37 -4 1 3 13 5 -3 
0 22 52 24 -4 -10 3 13 
0 4 -64 -14 -2 -13 -49 -7 
10 -3 60 6 4 8 26 -6 
-29 -19 -57 -24 -3 7 25 -17 
-5 -23 3 9 1 -3 1 7 
3 5 41 12 1 23 41 17 
8 -1 2 -11 -2 -21 8 2 
9 13 35 10 2 3 -26 0 
-14 -8 -20 -25 -1 8 -18 -10 
16 -11 -25 -3 0 -9 -4 17 
-4 11 11 13 -1 -1 -59 -35 
-6 11 -43 7 -5 -6 45 -3 
-21 12 61 31 12 10 -3 -8 
-12 -28 -15 -18 -7 -14 -18 8 
21 3 -28 -28 -1 8 10 27 
6 3 46 20 -4 -18 -22 -2 
-11 -7 -44 -9 -9 -12 -14 -21 
7 6 -13 -16 12 25 -18 9 
-19 3 45 23 -4 -13 42 4 
9 -13 9 -17 -5 -19 -29 -25 
1 20 -14 14 -4 -5 -21 -17 
9 -15 22 -2 -5 -13 -35 1 
17 -4 -40 -6 4 31 67 24 
-18 2 -24 -20 -1 4 -31 -9 
29 -6 -9 8 0 3 43 40 
-17 -12 15 3 -4 -8 -22 -27 
-12 11 10 9 7 -1 -25 -24 
6 -43 -6 -6 -17 -26 -25 22 
7 15 41 -12 4 17 78 4 
9 31 -36 5 2 5 18 10 
6 23 28 -3 3 6 -16 8 
-10 -22 -75 -7 0 5 7 4 
-14 -22 20 0 -2 -19 -98 -34 
14 28 -5 8 -4 3 82 29 
-18 -8 53 3 0 -7 -25 -42 
3 15 -39 -4 1 11 39 0 
6 -7 23 3 5 13 -34 28 
3 -12 -50 1 -11 -26 72 18 
1 -30 -55 -29 -13 -17 -90 -6 
-22 15 70 21 6 15 23 -16 
-15 -3 -9 4 -1 -9 -15 -16 
2 12 58 17 4 0 -51 1 
23 -1 -28 -17 -3 7 33 19 
-4 4 9 -22 -11 -14 2 -2 
-1 3 9 22 6 12 22 -9 
0 6 34 -2 6 -7 -61 -23 
8 -4 -19 -20 -15 2 20 26 
1 -33 24 0 -2 -9 -42 -6 
20 45 -11 0 5 -2 6 14 
-18 -21 -50 5 -2 1 50 -10 
-34 -18 -31 -18 -2 -6 -30 -27 
10 -27 9 9 2 2 -20 15 
8 4 24 5 -3 2 67 1 
19 24 -7 -19 0 9 -23 19 
-12 0 17 7 1 -7 -34 -16 
-1 26 -5 5 -2 -2 23 0 
-11 -31 -13 -14 2 -8 -53 7 
24 5 16 16 1 13 39 1 
-8 -5 -29 16 2 2 12 7 
-8 35 44 -20 -3 4 -9 -16 
2 17 -5 1 -13 -43 -84 -14 
-46 -24 -5 -6 -3 13 58 4 
5 -46 -13 3 1 -4 -8 -1 
0 20 -20 -2 9 4 -12 -8 
3 -3 -15 4 -5 -3 3 -5 
21 -20 37 8 -4 -16 -62 4 
-17 22 42 14 4 14 66 -7 
3 -30 10 -1 3 3 -3 2 
-3 62 -61 -28 -4 5 15 -13 
18 -11 9 -10 -5 -10 -6 10 
11 4 -30 -6 -1 -1 -10 3 
-12 -18 14 4 -6 -3 24 2 
-25 -52 -23 -13 5 12 0 -18 
-11 46 -14 11 -4 0 -35 -12 
-6 29 61 23 0 -6 -27 6 
11 68 -15 -4 2 -6 11 -7 
17 -36 36 13 5 3 -2 33 
-42 -35 -74 -52 -9 8 37 -15 
-2 -95 -21 -7 6 -2 -13 1 
3 -53 53 43 -8 -11 -13 5 
22 9 41 2 0 6 -18 -2 
-10 -31 -23 -15 -8 -10 10 -14 
5 10 45 24 3 0 -14 -5 
5 -41 -87 -28 1 6 -15 -1 
-50 -9 -14 -3 -3 -15 6 -22 
17 34 56 19 3 12 75 28 
-4 59 -43 -19 -10 -14 -20 -11 
7 27 22 2 2 13 -18 20 
-11 -41 -18 6 2 -3 -2 -28 
19 26 36 4 -4 -10 -10 4 
4 -3 -27 -7 -2 -5 2 -2 
18 21 31 17 4 8 28 19 
-31 -1 -27 -13 -5 9 -4 -36 
10 -21 -22 -2 2 -12 -23 14 
11 -5 -10 -5 -6 -3 -22 12 
1 3 -26 -22 2 0 16 2 
8 19 11 3 -2 7 60 16 
11 -44 -27 -1 4 2 -23 -18 
-14 65 63 32 -8 -13 -54 -18 
-9 75 7 5 4 2 11 14 
5 -12 32 -18 1 -7 -28 5 
29 -1 -76 -18 5 34 9 4 
-6 -29 16 -16 -8 -33 3 -5 
-12 -36 27 25 -10 -20 -12 -16 
9 42 -20 -17 -3 7 -29 6 
-8 1 41 27 9 1 -11 -2 
-13 -109 -61 -44 -12 -9 -43 -31 
-5 -6 0 12 6 19 60 23 
16 -31 -21 4 -4 -15 -10 3 
-11 -4 39 29 2 -3 -14 -12 
7 -4 -32 -15 -1 14 27 15 
-14 -13 -12 -7 -7 -16 -35 -14 
-11 -32 -43 -34 -10 -6 -18 -4 
-10 17 16 16 6 7 36 -1 
-5 34 27 15 13 12 -38 8 
20 45 -40 -31 -9 -8 46 -4 
7 -4 83 44 6 -10 -3 -4 
1 11 34 4 -11 -11 -44 -6 
14 25 13 9 2 5 19 11 
-10 -27 -20 -38 -7 3 -17 4 
14 -26 -25 15 5 4 -11 -5 
-45 -10 18 18 -3 -6 3 -24 
-7 44 32 -4 5 -5 -57 0 
17 13 -19 16 -4 3 17 -1 
-28 -22 -13 -34 -4 18 119 19 
-6 -16 7 15 7 -11 -63 -11 
-5 2 -17 -6 -7 -5 40 -5 
19 -1 -3 -9 6 7 16 21 
1 25 -44 17 13 18 11 -12 
-27 -97 8 -30 -13 -4 -2 4 
-11 -11 4 21 4 -3 12 4 
23 13 16 -17 -3 -6 -34 -16 
10 71 -33 7 1 7 22 23 
-3 41 75 -16 1 -7 -41 -25 
20 -18 -35 10 -3 10 81 26 
-17 -2 24 22 -4 -1 -3 -4 
-10 26 42 -11 5 -13 -123 -16 
19 -16 -71 -12 -9 6 57 22 
-3 25 24 9 0 7 21 3 
-11 11 0 -13 4 -6 -23 -19 
6 -41 21 -3 -7 -1 -9 -3 
9 34 -13 -11 3 -12 -19 9 
2 -29 -3 7 -2 0 15 5 
-9 -59 -20 -26 -5 6 -14 -37 
4 -48 -5 40 -3 -16 -25 3 
9 35 8 -2 5 18 72 10 
11 -47 -57 -4 -1 -8 -29 -23 
-27 -78 -48 -10 -13 -16 -13 28 
-1 21 17 -16 0 1 15 -19 
12 -9 -31 -26 -2 8 12 -1 
17 28 43 6 -7 -8 -18 9 
-12 -18 3 5 8 1 -15 -7 
-9 -59 -24 19 -12 -9 13 13 
12 -71 -58 20 -1 -4 -7 0 
9 114 61 -56 0 6 -2 -9 
-18 4 -12 1 4 -5 -40 -9 
7 5 18 -5 -2 12 64 18 
-8 -18 24 3 -2 -19 -43 -23 
5 -95 -88 -11 -1 5 11 -6 
10 39 79 37 10 7 1 3 
-2 25 -2 -21 -6 -8 -22 -5 
10 22 48 22 -3 4 16 11 
-11 28 7 -25 -6 -10 -18 -21 
-2 -21 -101 -12 -2 0 7 7 
-10 -56 40 -12 0 3 -15 -25 
-11 52 -27 9 -9 -17 -4 32 
30 14 -3 -13 11 8 17 8 
-1 24 85 27 0 -4 -19 -7 
-5 45 -31 -32 1 6 -2 0 
-10 -59 -9 28 4 7 6 -13 
-19 -20 -5 -6 2 1 -2 -11 
31 17 -9 2 -5 -2 30 18 
2 -79 10 15 -8 -1 5 15 
-20 -53 35 -15 2 -13 -55 -29 
-13 7 -42 9 -5 -2 -3 10 
6 1 17 1 -1 -5 1 -3 
-25 -29 -27 6 -5 5 23 3 
-13 3 -2 -30 11 14 -21 -14 
6 -19 36 25 -7 -13 11 29 
-5 2 -49 -38 -12 -11 -60 -20 
18 32 19 25 7 4 53 14 
14 1 21 5 0 0 -15 -3 
-21 94 -25 -11 2 6 -1 -10 
-16 -5 34 -5 2 0 6 16 
17 29 -32 20 -1 0 -22 -17 
13 33 0 -12 -6 1 30 9 
-55 -24 -19 14 7 1 -4 -12 
19 -8 -13 1 -13 -5 14 18 
-3 23 39 -4 -4 -10 -21 -19 
2 30 -37 -13 -4 4 3 13 
-29 -40 35 20 7 7 16 -15 
1 14 15 16 3 -2 -29 -17 
-3 11 -30 -26 7 7 8 23 
21 -7 -50 6 -14 -12 -29 -33 
-2 43 93 -1 -7 -7 -7 8 
-18 -20 -37 -3 2 6 15 -7 
3 10 -33 0 -9 -20 -48 -25 
13 26 4 -27 3 15 39 23 
21 -63 -14 -5 -4 0 0 11 
-25 -1 67 31 -4 -8 9 -3 
-1 17 -42 -27 -4 -3 -10 -9 
-14 -59 -19 -20 -15 -11 -10 19 
11 55 -19 -8 7 -2 13 -16 
13 9 -12 10 0 3 23 13 
-13 -36 12 0 0 -18 -84 -22 
-15 -45 18 6 -15 4 81 17 
31 -50 -17 19 7 16 3 20 
-21 -49 -12 -1 -8 -20 -33 -12 
-30 52 37 -15 6 6 30 -10 
-17 10 -92 -20 -2 -4 -18 -1 
19 -28 13 16 -2 -4 -4 1 
4 46 24 12 9 22 61 15 
2 -30 -19 -6 2 -8 -24 11 
-13 12 60 -14 3 -3 -10 -19 
3 8 -71 -23 -11 10 25 10 
6 0 5 -12 -4 -6 -3 -16 
10 -74 19 32 2 1 -2 18 
-6 86 -2 9 -2 -5 -3 5 
9 -8 6 3 3 1 -8 -5 
9 4 -49 -45 6 -1 1 -14 
-17 -4 75 31 8 19 16 -2 
-12 -33 -46 18 -5 -26 -22 2 
-9 -6 32 -16 -14 -8 -23 -20 
18 18 16 -21 1 -9 -43 0 
22 19 -6 12 8 30 115 29 
-3 40 38 19 9 -7 -11 -19 
-17 -15 -28 -15 -5 -8 -13 -1 
0 29 36 20 13 17 -2 3 
6 10 -45 -11 -14 -17 -47 -10 
1 4 21 -24 6 3 -10 -9 
-2 -42 -23 2 -2 3 49 12 
-17 -47 2 2 3 10 50 -2 
0 21 -14 -11 -10 -1 36 18 
-2 18 19 8 1 -21 -94 -29 
-5 -51 -22 -5 -11 -19 -18 -18 
0 -12 -47 -22 -9 2 -7 -3 
-5 27 64 23 1 -9 -40 -6 
20 -2 46 -10 0 21 74 11 
29 37 -47 22 12 14 -75 -12 
3 -7 -24 6 -7 -9 34 0 
-26 -16 -44 -41 -12 -20 -14 0 
-8 26 12 12 2 11 -45 -19 
-3 12 16 0 1 -11 -47 -7 
-6 -15 -16 -16 -3 23 92 31 
35 -11 15 6 3 -16 -43 52 
-18 -45 -5 1 -7 -12 -12 -36 
4 101 63 11 19 12 -24 -15 
-2 -8 22 27 4 26 33 12 
-11 30 -73 -47 -30 -31 34 -27 
15 24 23 -7 23 20 -50 36 
-11 4 -28 -1 -10 -17 -72 -23 
34 3 49 18 -3 -27 -91 -16 
-40 -44 -86 -34 -7 16 99 21 
15 26 84 43 -1 9 48 29 
13 -23 -6 -11 1 20 -11 -12 
-36 -9 -21 -11 -20 -50 -105 -35 
9 -3 16 3 15 23 51 -3 
-14 -56 -79 -18 -15 -21 11 -36 
-55 -1 60 -25 -3 -17 0 27 
4 -48 -74 14 3 19 43 -10 
-5 7 36 8 1 -3 -125 -23 
-8 -2 21 -1 -1 19 -10 51 
24 -10 -9 2 -2 -8 25 21 
14 76 73 22 14 13 -64 -11 
2 9 40 -4 2 -24 -107 -9 
0 -30 -66 -3 -3 7 60 6 
-16 65 -1 8 -1 -11 -53 -54 
-27 -22 -22 -18 -13 -10 54 35 
37 9 2 -15 12 63 107 5 
-12 6 -10 -12 -4 -30 -101 -5 
8 -27 -9 25 -10 -1 64 35 
-36 -12 -16 -5 14 -7 -85 -50 
-16 -52 11 42 -5 -8 -33 -16 
19 23 -16 -77 -2 2 56 10 
-21 -30 26 35 -11 -19 -59 -33 
29 35 33 45 5 37 48 64 
42 -18 -59 -52 -10 -11 -47 6 
-41 6 19 37 2 -2 -31 -33 
19 -35 59 -3 8 -1 -35 7 
-25 -47 -40 -11 -7 -7 -8 -17 
34 0 -5 -2 -3 -14 4 9 
-8 -67 7 52 5 -19 -66 -14 
-13 -7 -27 -24 -11 35 113 27 
-3 -7 3 -2 12 -1 -43 -16 
-8 25 52 18 -3 16 78 18 
21 -1 9 -6 5 -2 -36 -31 
-17 -42 -60 -34 -13 -15 -28 29 
-3 12 38 14 -8 -9 -5 -6 
-24 -73 -24 13 0 5 21 -5 
19 31 39 -31 11 5 25 13 
15 8 7 -17 -8 4 14 -21 
2 0 30 -27 -15 -10 -14 3 
-19 0 -90 -25 -2 -14 -60 -25 
-3 3 44 -24 -6 7 38 20 
21 -6 -25 32 5 0 7 -8 
-2 -12 -33 -13 -6 -17 -45 -6 
-21 30 60 11 2 -3 -4 -6 
12 -1 -58 26 13 11 13 0 
4 -13 2 -34 -1 -4 3 1 
11 13 -2 -3 8 -5 -15 5 
1 11 25 12 -2 2 7 14 
-20 -5 -54 7 -10 1 3 -6 
-18 -8 24 0 3 -5 -20 -23 
-3 -19 -10 8 0 1 15 5 
12 36 13 -17 -9 -6 -5 6 
12 -4 25 21 12 14 -12 35 
-9 8 -2 1 -6 -4 29 -26 
0 -13 -18 -5 -1 -3 19 -5 
5 -17 -36 -20 -14 -15 -9 -8 
-7 6 -3 0 -11 -2 -3 -17 
-7 -14 -4 9 -2 -3 -17 20 
44 43 49 18 17 14 10 43 
-28 17 33 -4 0 3 7 -16 
-12 -19 -33 7 -6 -17 -23 -23 
3 -13 -4 -19 -2 -1 10 -3 
3 -11 -6 -20 -3 -8 -4 -4 
9 -2 -1 35 2 3 -5 8 
2 9 21 -32 -8 -1 3 0 
-12 14 -9 -7 0 -4 -14 1 
-10 -14 -28 -35 -10 11 4 -6 
5 5 6 14 2 -21 -12 -9 
2 -1 12 8 -6 3 12 -1 
9 -9 -13 6 -2 -10 0 11 
-21 13 -6 7 8 10 4 -28 
2 -1 4 -1 2 0 -13 7 
-2 -21 -17 -20 -4 -1 5 -1 
-5 6 5 -7 3 7 8 26 
4 8 8 -1 -2 -8 -11 -4 
5 15 12 -10 -1 3 4 11 
-6 -13 -27 1 -4 -6 3 -8 
13 0 0 7 6 6 2 23 
-20 -6 1 -6 -5 -7 -12 -47 
5 -5 -4 17 6 6 2 4 
-2 -3 9 -3 -3 3 3 8 
2 -2 -12 -7 3 1 0 -5 
5 3 4 11 -4 -4 1 8 
-11 -1 -2 -12 3 0 1 -1 
1 4 4 15 2 1 -5 -6 
-6 -3 -8 -15 -9 -4 3 0 
2 3 1 -10 -4 -6 -3 -1 
-3 3 8 12 3 4 -4 -4 
-4 -18 -20 5 -4 -2 2 -2 
4 -4 3 16 5 4 3 -7 
-4 -1 -7 -19 -6 -4 -10 3 
-13 -2 -4 -11 2 3 -3 -16 
19 13 20 16 1 -6 4 12 
-5 -4 -7 9 1 -3 -4 -6 
0 -4 -10 12 1 6 4 -5 
-5 -3 -7 -3 -2 -8 -5 11 
-15 1 4 -7 0 0 -1 -23 
-4 2 14 10 0 2 -1 -1 
3 2 0 -13 -5 -7 0 -2 
2 8 -3 12 -1 2 1 -3 
20 25 -6 -15 -3 6 5 32 
-7 -6 -7 0 3 -6 -2 -10 
-7 -7 2 -3 1 2 3 3 
-6 -10 -3 11 -1 -2 -1 -15 
8 0 -10 -15 -5 -4 -5 -1 
-1 2 5 -3 0 2 -3 -5 
2 16 7 12 -1 -4 0 13 
3 -17 -12 -12 -6 -4 -6 -3 
-4 0 -10 3 2 0 1 1 
-1 1 0 1 1 2 -1 6 
-4 -14 -6 -19 -11 -7 -2 -15 
2 4 8 -3 1 0 -1 -2 
-4 3 3 0 -2 2 2 -2 
-5 5 -19 -2 -1 0 0 -5 
-1 -7 12 13 3 -3 -6 2 
-2 -8 4 -12 -5 -3 -4 -6 
-7 -8 -1 1 -4 -4 -1 -6 
19 14 -2 -3 2 0 2 14 
-6 -11 -24 -4 2 -2 -4 -1 
-3 -2 3 -12 -7 -4 -6 -4 
-6 -6 3 4 8 0 3 -2 
5 -6 -9 -4 -4 1 0 -4 
-8 1 -6 -7 -2 -4 1 -4 
5 8 -6 -3 2 1 2 4 
-4 0 2 -6 2 -2 -1 -2 
-3 -12 21 25 3 6 -2 8 
0 -2 -11 -18 -4 -5 -3 -2 
-8 -3 -13 -1 0 0 -2 -13 
0 -17 -1 2 -5 -2 2 10 
-3 2 6 -6 3 -1 -3 -9 
2 -2 22 16 2 7 3 13 
2 -1 -12 -3 1 -4 -5 4 
5 -4 4 -2 -2 -2 -3 -2 
-16 2 -3 -9 -9 -7 -2 0 
1 2 5 4 0 0 0 -4 
1 -7 0 6 1 2 4 13 
-5 -3 -8 -17 -5 -3 -7 -18 
9 3 -22 -1 -3 -3 -1 -10 
-15 8 -4 13 -3 -3 -3 -4 
-5 4 14 -12 7 4 2 -6 
-1 -7 8 4 0 2 1 0 
0 3 5 4 -7 -7 -4 0 
6 -5 -9 -4 0 -1 -2 2 
0 1 1 4 -3 -4 -4 -6 
-9 -9 0 2 -2 0 3 -1 
2 -4 5 -15 -4 -4 -3 3 
8 8 -10 -1 0 1 -1 -2 
8 12 8 6 3 5 8 10 
-19 4 -3 -3 -5 -4 -7 -19 
2 -10 -7 12 12 3 -3 8 
-10 -26 -13 -19 -9 -7 -7 -21 
3 -4 5 7 0 0 -1 1 
0 4 -7 -1 -3 2 9 6 
-2 6 9 -2 -1 -1 -8 -6 
15 9 9 2 -2 1 -2 15 
4 -15 -12 -8 -1 -1 1 -1 
-22 7 -13 -3 -4 -2 -1 2 
0 -9 19 3 -1 0 1 -7 
4 0 -11 -8 -1 -1 0 3 
-4 -2 2 3 -6 -4 -4 -4 
15 15 4 3 3 1 -1 8 
-6 -7 -4 -1 0 -1 0 -4 
-9 0 4 2 -2 2 1 -2 
0 10 3 -8 -6 -4 -5 -3 
4 -12 2 -2 -3 -3 -3 -4 
-6 -1 -15 -15 -1 0 1 0 
12 3 6 9 3 2 5 6 
-11 -5 -7 2 4 4 0 6 
1 -4 0 5 -5 -4 -4 -7 
0 2 11 5 -1 1 -1 -5 
-7 8 -18 -36 -7 -7 -5 4 
-3 -5 -8 -3 -3 -3 -2 -19 
9 13 -3 3 -1 -3 -4 18 
