#EMG
#1
#ID:1-24
-7 -4 9 -2 1 -5 -16 -21 
7 -4 6 -21 -3 3 -8 16 
23 20 -9 -2 -6 0 40 15 
-6 -10 2 9 6 -2 -12 -19 
-11 -4 11 -2 -4 -2 0 -4 
5 9 -22 1 0 -5 -11 -13 
-9 7 38 8 -1 -6 -20 -1 
8 -16 -1 1 0 6 9 14 
-2 33 11 14 6 -4 -11 -4 
-6 -21 -25 -21 -7 0 24 -1 
-9 -10 -5 1 2 -4 -16 -5 
8 12 17 1 -1 3 26 1 
-7 -29 -15 -1 -1 2 -15 -4 
6 6 0 0 2 -2 -6 0 
1 5 14 12 2 1 5 5 
-22 7 -17 -13 -4 -5 -13 -19 
10 -6 0 2 1 0 -15 18 
-22 -6 -5 -12 -8 -3 3 -26 
0 -10 -15 0 -2 -4 15 -25 
12 14 19 15 3 2 0 11 
-12 -18 -23 -13 -3 -4 -23 29 
16 2 31 9 2 2 10 -8 
-12 1 17 4 0 2 0 -3 
-9 -6 -24 -3 -2 -6 -18 -11 
13 11 -5 4 1 6 37 -2 
-12 -17 11 -13 -6 1 -8 -1 
-2 -16 -9 -1 5 -5 -12 4 
0 -19 -46 -10 -3 -1 0 11 
-4 22 10 0 -5 -4 -4 -10 
7 -4 -19 2 3 1 -12 8 
-7 3 11 0 -4 5 3 2 
-18 -14 -14 -20 -4 -10 1 -19 
7 -15 -15 -8 -1 -5 10 -10 
5 14 20 14 5 -3 -6 -4 
8 16 -14 -17 -2 5 16 18 
-4 1 26 14 -1 -4 -24 1 
-12 -21 -15 8 -2 2 20 -2 
6 9 -1 -29 -5 -5 -2 4 
-9 -11 14 6 0 -1 -5 0 
-1 6 4 14 0 -9 -38 7 
11 5 44 -4 -3 5 40 5 
-9 -13 -67 -19 -3 -3 -18 -6 
-5 -7 -20 1 0 -1 9 5 
31 17 38 1 1 4 1 10 
-28 -21 -7 0 0 -9 -25 -18 
5 4 10 15 0 -1 7 2 
-11 -2 -15 0 -2 -4 -16 -18 
-6 4 -2 -14 -2 5 6 5 
11 4 1 -2 3 0 -22 -2 
15 -5 -14 5 -2 2 46 22 
-9 -3 -34 -9 4 5 25 -19 
2 -1 -2 -5 -1 5 12 -2 
15 6 16 0 -1 -4 -29 8 
-7 7 16 5 0 2 20 -1 
10 -16 -1 9 -1 -3 -36 -1 
-5 5 38 0 -3 1 49 5 
0 15 -26 -3 -3 -6 -49 2 
-9 8 -7 0 1 7 33 -29 
-8 -29 11 -4 -3 -5 -45 -2 
6 -19 -25 2 2 9 90 14 
-12 2 14 0 -3 -11 -53 -17 
0 -14 -15 -4 -2 -3 -21 15 
-13 -7 19 -9 -4 -3 3 -5 
-9 12 -16 -7 1 -6 -20 -18 
-2 -14 -27 -13 -9 -5 13 11 
3 56 40 22 11 4 -14 -2 
14 -11 7 16 0 -4 -12 5 
-19 -28 24 -25 -6 -6 -52 -18 
13 5 -16 -8 -3 6 43 23 
-35 -31 11 0 -5 -9 -34 -30 
13 -8 11 -6 -3 -5 1 14 
18 4 -22 5 1 -1 -15 -1 
1 -7 24 4 -1 4 27 -5 
-2 -30 -42 3 1 -1 -17 1 
5 44 20 6 0 -2 -21 -8 
-20 -3 -3 -10 -3 -1 24 3 
1 -38 -57 -26 -6 -3 -12 -6 
6 19 24 15 -3 -6 -5 -1 
-22 -2 3 -4 -5 -8 -24 -33 
19 11 -1 -8 -2 8 26 39 
3 72 12 13 8 1 19 -1 
-7 -7 -7 -4 -3 4 14 3 
3 17 -15 -19 -4 -1 -1 0 
6 0 -4 26 -1 -2 -13 -5 
-20 -25 -4 0 -2 -1 -9 -12 
13 -13 -6 -11 -4 -1 3 11 
-15 14 2 -1 1 1 21 9 
-4 9 4 15 -4 -7 -17 -23 
-6 -42 -46 -10 -8 -6 -17 -12 
7 7 -15 -12 2 -2 -5 10 
-22 1 26 6 1 4 7 1 
5 -9 -37 -21 -1 1 -25 -1 
2 -32 -10 10 0 -2 36 5 
-18 -84 17 -3 -4 -2 -21 -15 
4 29 -5 5 3 -5 12 -15 
11 38 38 8 -2 2 0 5 
-19 -43 -37 -1 -1 2 1 8 
11 13 23 -5 3 2 4 3 
2 -39 3 -11 -6 0 15 16 
-9 -33 17 -5 0 -4 -3 -13 
-9 17 25 6 3 -2 -9 -13 
26 32 24 50 -8 2 33 22 
-11 24 -5 -41 5 -5 -15 -12 
-4 16 24 37 2 0 3 9 
1 68 12 -10 4 6 7 -15 
-12 9 -40 -26 -8 -14 -61 -9 
13 5 24 21 1 5 39 31 
-2 -15 -2 17 1 0 -3 -2 
10 -12 -2 -5 -4 -5 2 0 
0 63 32 9 2 -2 -8 -16 
-6 -9 -25 5 3 3 -24 1 
-10 -16 1 -10 -3 -4 -8 -5 
-7 54 2 8 1 14 59 21 
-12 -24 2 -5 -6 -6 6 -13 
19 2 6 -29 15 3 -9 -3 
-4 28 -37 5 2 0 1 -6 
25 -1 45 3 -1 6 23 45 
19 5 -36 3 2 -5 -4 -5 
-7 -13 5 7 -9 0 7 -18 
-15 -4 40 -12 -5 -8 -30 7 
11 -6 -9 13 2 -6 -18 5 
-12 -27 -5 -20 -8 -5 4 -7 
3 8 15 24 1 -2 -24 -29 
16 -23 -26 -27 -4 3 19 36 
-16 -46 -13 -1 -8 -2 -4 -29 
-12 64 19 -1 0 4 -3 2 
6 -29 -1 8 -8 -9 -3 16 
-20 -22 -6 -18 0 -1 0 -21 
-1 0 -5 -32 -9 -7 -30 -8 
-2 -32 -8 9 9 11 30 9 
-9 -27 -18 18 0 4 6 11 
-7 34 -24 -9 -6 -8 16 -8 
1 24 62 30 6 -7 -28 -9 
-1 3 -26 -30 -8 -4 -16 -12 
-11 -6 -4 -9 -9 -2 -15 -8 
-3 -23 2 4 3 7 19 23 
7 1 -29 -14 -5 2 34 -10 
-2 -52 26 27 3 -3 24 4 
0 5 -23 2 3 -3 -20 -1 
5 -30 23 -14 0 1 12 1 
-8 56 29 -2 2 -1 -5 -9 
10 47 -24 -22 -3 -3 -15 7 
10 17 -6 10 -3 -3 3 7 
-25 -4 -37 -11 3 -6 -40 -28 
27 3 60 20 2 6 14 18 
-35 -52 1 13 2 -1 -8 -17 
-6 19 -12 -35 -10 -5 7 -4 
16 26 -33 9 3 2 -7 -17 
-4 -19 -55 -25 4 -4 -24 -2 
8 -10 -4 -27 -6 -2 1 29 
16 13 7 22 -6 -2 19 7 
-24 -7 -3 19 0 0 -9 -22 
-11 -60 -24 -21 -6 -5 10 9 
19 21 12 0 1 1 0 -18 
5 -97 -92 -28 -9 -3 7 20 
18 -8 23 -12 3 5 -2 18 
-34 -35 11 42 0 -16 -33 -57 
-1 4 -3 -16 2 4 4 25 
14 15 56 19 4 11 45 -4 
-11 -4 -20 2 -13 -16 -44 -5 
3 -6 42 25 -4 2 23 7 
-5 -12 -45 -44 1 2 -9 -16 
-27 -19 15 -1 -7 -5 -18 -8 
4 -6 17 14 3 1 -5 -28 
2 11 0 -4 6 9 20 48 
15 39 67 44 -1 -5 -3 -18 
4 21 20 16 -1 -2 -6 5 
2 -3 8 7 2 4 17 2 
-9 -98 -19 1 3 -8 -25 -4 
-12 50 -38 -4 4 5 -9 2 
10 2 36 -23 4 3 28 -10 
-18 15 -6 -10 -6 -2 25 24 
31 22 -21 14 -4 3 -4 3 
-9 -43 -11 2 5 -4 -22 31 
-12 -31 -16 -20 -8 -17 -22 -35 
8 24 52 46 8 4 8 -9 
7 31 -31 -63 -9 3 1 6 
-8 14 8 32 -3 1 30 0 
-7 14 -1 21 0 5 -6 1 
6 -38 -82 -24 -11 -9 -2 4 
-24 22 -2 -52 -7 -13 -46 -32 
7 58 83 40 7 10 45 -2 
-14 -16 -39 -40 -11 -5 -16 13 
23 18 35 20 5 2 -3 18 
-26 19 -3 4 -5 1 11 -6 
18 -50 -12 -7 -7 -8 -32 -19 
10 -20 41 26 8 7 14 13 
-14 17 -45 -17 -7 -10 -17 -7 
6 -3 -34 -21 4 1 -12 -11 
-9 -50 13 13 1 -2 6 9 
18 -12 -3 -8 -5 5 -5 11 
4 -26 6 47 5 -7 -18 -6 
25 33 37 -5 -1 3 28 27 
-33 -33 -35 -1 -11 -9 -15 -33 
-3 23 -2 -17 2 -1 -1 -23 
19 65 -50 -60 -6 6 38 19 
4 -27 25 23 -7 -14 -40 -14 
18 17 40 16 3 10 36 13 
-40 -14 -56 -7 3 0 11 -7 
22 20 26 -3 -1 -8 -50 -7 
-24 1 5 3 0 8 50 -2 
2 11 45 -25 -8 -9 -20 -11 
-7 42 -47 33 1 0 -5 11 
5 -33 -22 -10 0 6 4 -18 
12 35 1 -2 -1 -5 -3 10 
13 18 -24 -16 -2 -11 -49 13 
-2 -72 -15 -30 0 3 -20 -27 
-42 -41 62 2 -10 4 84 4 
2 36 2 45 1 2 -20 -8 
1 -25 -6 -54 0 1 6 11 
-7 -37 -23 13 -3 -17 -48 -9 
10 22 56 -3 0 7 -1 27 
7 -6 -44 -1 14 6 0 -23 
-15 -43 -80 -13 -10 -4 11 16 
-2 3 14 0 2 -1 2 -25 
13 19 36 3 -2 -2 -15 17 
-12 -23 -19 -17 -7 -9 -11 -3 
-10 3 27 0 1 1 0 3 
5 46 -37 -36 -14 0 43 12 
1 39 25 29 3 -3 -14 2 
-3 4 -1 -18 -3 -2 -27 -22 
-8 -17 79 46 3 -5 -20 4 
2 16 -4 43 -1 2 -11 -9 
-4 -24 -47 -16 0 0 38 -14 
13 -9 -1 -23 0 2 17 44 
-26 -90 -55 -7 -8 1 9 -21 
11 0 24 6 3 -1 8 2 
13 -20 -24 -1 6 2 -32 -9 
-14 13 40 7 0 5 10 -2 
17 -21 21 47 0 -6 -9 4 
-29 14 -36 -37 -6 -5 8 2 
5 41 -38 -3 0 -1 -43 -9 
-6 -21 0 5 6 -6 -16 -7 
-3 35 -2 12 5 11 24 5 
17 30 30 -16 -1 1 0 -11 
-20 -34 24 -7 -8 -8 -15 -2 
-22 -21 10 -1 -1 -3 -6 25 
31 16 12 5 -2 5 36 6 
-9 -49 -1 7 1 -5 -20 -7 
-10 -25 -29 -39 4 7 20 -5 
7 15 54 63 -8 -5 -4 21 
-10 20 -40 -34 2 -3 -14 -8 
7 -2 45 10 2 3 11 12 
12 59 17 20 -1 3 9 4 
2 15 -9 -21 -4 -1 -8 -43 
-6 -53 -24 -19 -1 -6 -16 20 
16 38 -15 -13 -1 -2 -6 11 
-2 -46 2 -30 -3 -2 -3 -43 
-7 -36 -21 35 2 5 12 17 
6 -1 -26 -4 -11 -9 -14 2 
12 13 30 1 2 0 15 27 
-8 -26 -8 0 -3 -11 13 0 
13 -40 -40 -22 -7 -12 -25 -31 
-31 13 29 -3 5 15 26 -9 
17 -20 -25 -18 -5 -10 -33 13 
-23 27 47 33 1 0 -10 -4 
4 -5 -31 -35 -7 -3 15 10 
-17 2 14 17 4 -1 -39 -18 
-18 5 21 18 -1 -2 -4 -15 
19 -19 -12 -24 -1 1 15 22 
-22 -63 -87 -9 -9 -14 -52 -26 
10 -2 -12 0 3 3 25 -1 
11 6 -26 -37 -8 4 20 10 
-4 -78 43 48 -5 -5 -9 -3 
-3 -23 -6 -6 4 5 10 11 
4 21 4 4 -5 -10 -23 -33 
5 0 30 49 4 2 8 -7 
1 -20 -33 -15 2 3 -6 20 
-4 0 -7 -17 0 8 20 -4 
-19 -26 -89 -46 -7 -7 -2 4 
-5 -28 15 4 -2 -6 -10 -8 
3 28 35 26 6 5 -5 -8 
12 2 -3 -4 2 5 11 9 
23 17 5 -1 1 -1 4 12 
-16 -12 -15 1 3 4 -7 -8 
30 26 -35 -13 -5 -11 -30 -6 
-23 21 50 31 -4 5 53 12 
10 75 -4 3 5 -2 -19 -5 
-17 -14 31 -3 0 0 23 -10 
-15 -15 -27 -4 -7 1 -11 15 
23 17 44 -4 -7 -7 -9 -6 
-27 -54 6 3 4 2 -6 -14 
4 46 18 19 -9 -8 -21 14 
-7 10 -29 -34 6 2 -2 -12 
25 8 72 42 6 -1 22 12 
-2 -37 -69 2 -11 -9 -7 2 
16 -17 0 -8 3 3 8 3 
-8 -22 44 7 -6 -4 -4 -27 
10 26 -52 -36 2 6 10 11 
22 -14 43 2 5 2 2 -4 
9 48 26 33 2 -1 -4 14 
-35 14 -19 -13 -7 -6 -2 -4 
-10 13 -25 -5 -1 -3 -18 -15 
7 2 13 0 1 7 21 -5 
-19 -40 17 -16 4 -1 -3 -3 
10 35 -16 18 -1 -7 -8 14 
0 50 41 0 -3 2 9 0 
5 0 1 27 3 -4 -4 2 
0 -28 -16 -13 -2 0 -22 -18 
-12 -13 31 10 -1 2 15 3 
1 -5 -27 -29 5 8 14 1 
24 27 12 -14 -7 -5 -26 -6 
11 -55 -36 14 -2 -4 6 35 
-9 -48 -36 -58 -7 1 11 -16 
-18 -2 69 27 0 -7 -23 -15 
21 45 -67 -46 -2 1 3 -5 
-27 -6 -9 24 2 2 -8 4 
32 7 -2 12 -4 -3 -3 -16 
-5 -38 -34 -24 -8 -12 -7 -2 
-2 -17 43 12 -6 -2 5 -4 
-7 8 -51 -21 4 -3 -7 -4 
15 60 -13 -8 -10 1 18 14 
-17 -34 27 16 5 -6 -16 -16 
-13 -7 58 36 -1 -7 -27 1 
9 18 -93 -65 -8 10 47 1 
-40 -19 52 19 -1 -11 -29 -5 
-2 -38 -19 17 0 5 15 -7 
1 76 85 -11 -6 -1 -4 11 
12 -21 -47 3 6 3 -4 -3 
-10 -25 -36 -22 -3 -3 -14 -12 
-4 -20 -29 -32 -11 -2 -7 -15 
6 14 24 47 5 2 19 56 
9 -35 32 14 -12 -6 -10 -16 
7 -17 -21 -3 4 5 21 9 
-11 0 1 19 13 -6 -33 -11 
15 -27 -20 -33 -8 2 21 -3 
-4 9 36 14 -3 -10 -22 -24 
6 3 -24 7 -3 -6 -11 23 
5 26 2 12 -3 6 42 5 
1 -45 0 -18 -1 -5 -5 0 
-35 8 -15 -8 2 6 -6 -10 
9 8 52 42 6 3 -9 -13 
-5 -3 -8 -18 0 2 -3 9 
-4 11 10 -3 -4 -8 -13 -8 
1 17 43 21 -9 -8 -3 7 
9 -5 -51 -27 9 4 14 -1 
-11 -62 -9 17 -11 -12 -25 -18 
-8 0 51 -10 0 5 15 4 
-16 -42 9 -2 -3 -4 -14 10 
10 13 1 -21 -8 -3 19 -1 
6 -12 12 7 5 5 -9 -6 
-20 -61 -30 10 3 2 4 -17 
28 17 52 8 -9 -8 -4 7 
-15 -39 -22 -24 -3 -2 -13 6 
17 17 -59 -12 1 9 35 21 
-8 46 11 4 -4 1 3 -22 
-4 0 -48 -20 7 -4 -3 -2 
-3 -13 79 42 3 -1 -19 0 
-1 8 5 -16 -6 -3 25 12 
-5 -17 -39 7 1 6 -2 -10 
10 39 -4 -12 -2 -2 12 -4 
-4 -1 40 2 -2 -7 -20 -4 
29 14 17 8 5 3 -5 11 
-10 -7 -21 0 -7 -9 2 -1 
-16 -3 16 -1 10 12 18 -3 
16 -9 -50 22 -1 -5 -13 -4 
-29 25 39 -7 -7 -8 -32 -11 
14 -17 -70 -36 -5 2 2 6 
2 37 73 33 1 -4 -33 -2 
11 -14 -36 -11 -2 7 40 -1 
-17 -36 0 25 8 4 0 15 
-2 1 4 -44 -2 -8 -5 -9 
-36 -31 -30 -2 -4 -2 -1 -14 
8 -60 -6 -1 7 7 4 11 
3 21 43 2 -7 -7 -22 -16 
-9 24 -32 -1 6 1 6 -1 
21 22 -4 -34 -3 2 15 3 
-14 6 21 21 -2 -3 -6 -6 
6 5 -35 -38 -5 4 22 8 
-6 -10 52 61 4 -7 -34 16 
-35 -50 -17 -17 -12 -7 -6 -23 
4 53 12 5 7 7 12 -8 
16 2 -4 5 -3 -2 -14 11 
8 42 -9 -32 2 6 4 -24 
18 10 -17 11 -4 -8 9 11 
-36 23 32 9 0 -1 -28 -9 
-4 -42 -21 13 -5 -4 20 -3 
0 29 33 8 -4 -3 -10 -8 
8 -23 8 0 5 6 -1 9 
1 -3 -81 -33 -7 -5 23 -3 
12 71 26 -9 -2 -5 -10 0 
-24 -24 2 12 -9 -2 32 13 
-6 -16 -36 -2 15 3 -12 -23 
3 17 50 19 -4 -1 -2 42 
-33 -57 -123 -106 -17 -16 -37 -56 
12 -31 35 84 4 4 15 7 
2 37 40 -1 -5 -5 4 24 
13 19 -15 3 -1 -5 1 -41 
-29 -67 10 6 5 6 -17 39 
-2 34 12 -17 -6 -6 -22 -5 
14 -17 -72 -25 5 6 24 6 
1 9 5 -2 2 6 4 -5 
12 22 88 43 10 5 -2 7 
19 2 -40 -32 -8 -16 -56 -1 
-16 7 33 22 -4 8 90 6 
-1 -24 -1 -10 -5 -7 -9 19 
-4 45 11 -5 5 8 -3 -21 
-3 -24 16 14 8 4 10 -4 
0 -31 -71 -15 -12 -8 -37 2 
-5 -9 -5 -13 8 2 6 4 
6 -9 54 36 -8 -15 -13 -17 
-5 28 -4 -6 4 7 27 -4 
-23 13 -66 -30 -4 -1 -17 3 
-12 18 20 -11 -15 -8 -9 -3 
-9 -84 -62 4 8 -2 -49 -2 
-2 -47 -18 -27 -2 23 94 25 
27 76 73 31 4 -5 -38 -2 
-5 -18 -9 -4 -11 -2 2 -28 
23 21 -21 -16 -2 -10 -14 12 
-29 -41 31 -5 1 -1 -20 -17 
-13 -40 -43 -17 4 -1 -7 -8 
3 -48 13 -2 -2 -2 18 14 
3 45 8 28 1 0 -11 -6 
-4 73 -8 -37 4 2 7 7 
-3 -17 -26 4 -3 2 -4 -10 
13 16 24 14 1 -8 -27 2 
-16 35 20 8 6 9 16 4 
-21 -120 -41 2 -10 -17 -42 6 
-2 -42 48 1 -7 -14 3 -18 
3 -2 -24 -4 6 16 25 13 
0 12 29 4 -6 1 14 -12 
-3 -29 -7 11 5 -3 -41 -20 
-19 -37 12 -1 -1 0 -10 9 
31 12 28 -6 -3 3 42 11 
6 4 15 -4 0 6 20 4 
-3 1 7 3 -6 -8 -16 1 
7 14 4 33 4 3 -42 1 
-34 78 -50 -53 2 9 29 -25 
-10 -33 -25 -7 -6 0 40 22 
3 40 10 1 -2 -7 0 -8 
29 19 19 1 -3 -1 -1 13 
-14 -36 10 34 5 -4 -30 -11 
12 17 36 6 1 4 1 2 
-43 -17 -23 -4 0 -1 -12 -4 
10 19 18 -5 -4 1 33 12 
25 42 -20 -26 -10 -7 -4 -10 
2 10 -21 7 6 -2 0 -1 
11 23 24 26 -1 -5 -45 -15 
0 13 29 2 2 13 78 2 
-15 -59 -4 -11 -4 -5 -20 -11 
-2 -66 -38 -11 -4 0 -7 5 
0 0 1 -13 -3 -5 -28 -16 
-9 -23 1 25 1 9 13 -1 
9 -40 -28 -18 -4 -9 -23 27 
-11 6 53 13 3 -6 13 -8 
16 -21 -66 -37 -5 2 -13 11 
5 21 30 25 2 -2 -23 -27 
-26 -34 -3 11 0 4 1 -3 
1 -40 -41 -29 -10 -12 -37 -14 
-18 -3 -23 -10 -2 1 31 20 
-2 75 15 3 5 -2 -28 9 
4 43 37 14 -5 -11 -35 -39 
-7 -23 -4 1 1 14 32 8 
10 -22 22 -1 -2 -7 14 -24 
26 -23 -56 -38 -3 2 33 11 
-10 -48 -7 35 1 -9 -49 19 
5 23 -16 -35 -9 3 26 2 
-11 1 47 20 -3 -4 15 -4 
5 -5 -30 -10 -6 -3 -10 0 
14 10 18 -1 7 11 6 16 
2 14 -60 9 11 3 -30 -19 
20 45 6 5 -3 -4 19 4 
-24 -61 5 -26 -8 -10 -17 -16 
-14 -37 -4 18 6 -3 -8 1 
14 18 37 -16 -10 -4 0 4 
5 59 -60 -10 3 6 14 1 
-2 10 74 20 5 2 -16 -5 
17 60 38 10 -6 -1 16 -1 
-10 -15 -77 -9 9 5 1 8 
-23 -14 9 8 -5 -11 -56 -27 
-6 -32 22 -12 -13 -2 56 14 
-3 11 1 -10 1 0 17 9 
22 0 19 10 1 2 4 -9 
27 -15 1 13 4 4 1 28 
-13 -7 -41 4 7 -5 -58 -37 
2 -14 20 6 -1 7 41 13 
-18 -15 -51 -26 -12 -12 -6 -5 
7 -14 14 1 5 1 -17 -3 
-1 57 40 2 -1 0 -22 11 
0 -1 -17 6 0 7 52 -2 
11 4 34 -1 -7 -6 -14 -5 
-9 -62 -31 -19 -6 -2 -14 -2 
-7 -45 -21 -17 -4 -5 -12 8 
-25 -24 -5 1 -2 -12 -51 -30 
-5 42 28 -2 -2 10 62 8 
-1 -15 -17 7 3 4 10 1 
16 31 13 -9 -3 -4 -3 7 
-10 -25 -15 -14 -2 -4 -31 -3 
0 -40 44 28 0 -7 -6 1 
14 13 -47 -9 4 7 15 -19 
10 -41 11 22 -12 -4 1 33 
-11 35 -20 -26 13 3 2 -16 
16 -4 -38 -5 -6 -5 -21 21 
7 40 58 27 7 8 20 -9 
-27 -73 -45 -41 -9 -12 -14 -13 
-9 -25 -28 -19 -13 -4 6 -2 
4 65 32 17 3 -3 -11 -9 
6 13 36 5 -4 0 11 11 
-7 1 15 13 3 -1 -8 -14 
3 -14 -17 1 1 8 8 8 
-15 -99 -24 -21 -8 -14 -14 -1 
-12 -4 24 8 15 7 6 16 
-12 15 5 3 0 -6 -18 -34 
11 -11 -24 1 -5 1 15 10 
-10 6 7 -3 -14 0 -12 -10 
-4 -27 -15 -34 7 -1 0 -12 
-7 13 -14 32 8 1 -7 -8 
21 35 1 -11 -3 3 18 17 
-13 -13 -1 25 1 -1 10 23 
-2 -6 -23 -45 -22 -12 -19 -23 
-14 -54 -30 -8 -2 0 0 -7 
-15 13 29 6 0 -5 -17 -22 
22 27 -2 15 5 3 -7 3 
1 0 1 -6 -11 -2 14 20 
2 0 -15 -3 5 -2 -14 3 
-3 -16 16 -5 -7 -4 -14 -8 
-10 16 6 2 2 -4 8 2 
0 -15 -11 13 1 1 3 -7 
16 48 25 -4 -1 2 6 1 
0 -18 -8 3 3 1 0 -10 
-6 13 -3 -9 0 3 0 8 
7 -7 -10 0 -6 -6 -8 8 
-2 21 7 0 4 8 18 11 
1 -7 -6 -1 -3 -5 -6 6 
-12 -1 9 3 5 1 -2 -10 
9 -18 5 16 -2 -2 0 14 
-1 25 -5 -14 -2 2 7 -11 
-3 -8 1 -2 -4 -5 -6 13 
-6 6 27 3 1 -3 -9 -20 
-3 -4 -43 -11 -2 -1 3 4 
18 -2 -7 1 -2 4 4 13 
-30 12 12 -1 -4 -5 -5 -6 
-1 -2 -11 0 3 -2 -5 -10 
-3 3 20 4 -2 -1 -1 -11 
1 -10 -4 -2 1 1 3 11 
17 -7 -26 7 1 1 1 4 
-17 -34 14 -5 -2 1 -4 -14 
-3 6 7 5 3 3 0 0 
-4 8 -2 -17 -3 -2 2 -15 
23 4 11 9 2 0 -4 21 
-12 -65 -15 -12 -5 -1 -3 -8 
-9 -74 -11 1 2 -2 0 -3 
1 -5 10 2 -4 -2 1 0 
-1 -3 10 1 1 1 0 -7 
7 42 -14 -7 -1 -3 -2 4 
-9 43 1 0 -4 -1 3 8 
1 15 5 7 1 -2 -4 -13 
-7 12 -8 -3 0 0 0 -6 
5 28 -8 -8 -3 0 -1 1 
-1 5 -5 -7 -4 -4 -1 -4 
5 17 12 6 -1 0 2 16 
-4 0 -12 -12 -5 -3 -5 -16 
1 2 -13 -7 0 -1 -2 -1 
-1 7 10 5 0 0 -3 -2 
-4 -3 1 -2 -2 -3 -1 2 
-4 -4 3 2 -2 -2 -1 3 
5 5 7 5 1 -2 -3 5 
-1 -5 -10 -2 -4 -2 1 -3 
3 6 2 -3 -2 -3 0 3 
-3 -12 3 2 -3 -4 -2 -6 
1 -1 -1 2 1 -1 -4 0 
-3 -1 3 2 -4 -3 2 -5 
0 -13 -9 -4 -3 -5 -4 3 
0 -9 -5 -3 0 -1 -2 -1 
1 7 0 0 -1 2 4 13 
-2 3 3 4 1 0 -3 -19 
-5 0 -1 0 1 2 3 -1 
6 4 -4 -5 0 1 -1 10 
-2 9 1 -1 0 0 -5 -9 
2 -5 0 -3 -2 -1 3 -1 
3 -12 -7 -4 -1 -2 -2 -3 
5 -8 0 -2 -2 -3 1 16 
-6 -4 1 -1 -1 0 0 -11 
-5 -9 -4 -1 1 0 0 -1 
0 4 3 -1 -1 -1 -4 -6 
-2 -4 1 1 0 0 0 3 
5 7 4 -1 -4 -2 -3 2 
0 11 6 0 0 1 4 -1 
-5 1 -14 -1 -1 1 0 7 
3 14 2 4 3 2 -2 -8 
0 -2 -6 -5 -4 -2 -1 1 
-2 1 4 0 0 1 -2 -1 
2 -7 -1 -6 -2 -1 0 5 
-1 -8 -2 3 -1 -1 2 -1 
-2 -11 -2 -2 -1 -2 -2 -8 
-3 17 7 -2 -1 -1 -3 6 
0 2 5 -1 -4 -3 -2 -4 
-6 7 -11 0 0 -2 -1 -7 
-3 2 3 0 -1 -2 0 -2 
0 1 -12 -4 -2 0 -2 -1 
-3 9 0 -3 0 0 -2 -4 
-2 4 11 3 -1 -1 -2 1 
-5 -7 4 4 0 -1 -2 -10 
-1 -13 -10 2 -3 -4 -3 2 
-3 -9 -8 -11 -5 -3 -3 -16 
3 -11 -5 1 1 3 3 2 
3 10 -1 -6 -1 -1 -2 -1 
-7 -5 0 -3 -5 -5 -6 -9 
2 -6 -1 5 2 -1 -1 -2 
-6 -12 -2 -6 -4 -3 -4 1 
