#EMG
#9
#ID:9-40
-2 -1 3 -3 0 -3 -45 -9 
-8 -48 -12 7 -5 0 38 6 
3 25 -9 -14 -4 -6 -21 -5 
-14 -26 -9 11 0 0 31 -10 
16 17 1 -5 2 2 -18 5 
-17 -5 5 0 1 5 31 3 
14 26 44 27 -3 -2 -7 -9 
0 -4 -71 -33 -2 -1 -6 18 
1 -5 12 -7 -8 -9 -17 -24 
-8 -1 -18 -4 2 -4 -28 4 
6 55 54 11 4 8 12 -9 
5 -37 -32 -17 -10 1 28 -2 
-22 3 47 10 0 2 13 5 
7 13 -18 -3 -2 -2 -16 9 
-7 -20 -11 -3 -3 -4 -13 0 
9 8 45 10 5 6 -8 -7 
3 1 -6 -7 -1 -5 -22 -2 
8 29 15 5 2 5 33 4 
-12 -85 -26 -6 -7 -7 -22 -2 
-9 19 52 0 4 8 5 -9 
2 11 -50 -2 -4 -1 28 5 
12 17 25 10 -3 2 -12 8 
0 2 -70 -12 1 -5 -9 14 
-3 -6 1 15 -1 0 2 -29 
-16 -27 13 2 6 5 -30 -8 
5 0 -17 -2 0 2 20 0 
8 3 5 -14 -2 3 37 10 
-8 -35 -28 -9 -5 -13 -58 -27 
4 16 26 15 -4 13 78 24 
-6 -29 -2 -12 -6 -11 -42 -9 
10 4 -19 -20 0 -5 -14 5 
17 16 -18 0 3 -1 20 6 
-1 -4 -6 -2 -4 -4 -19 -5 
-1 19 16 -6 4 -3 -17 4 
11 0 9 6 -5 3 40 23 
-9 -3 5 13 3 2 -5 -9 
0 -11 -15 -8 0 3 8 13 
-24 21 -8 -6 -2 -6 -7 -18 
25 7 -6 -1 0 -2 -16 4 
13 12 21 12 -2 0 5 16 
-7 -15 -49 -9 0 -5 -9 -37 
-3 -13 29 -5 -1 0 8 14 
-8 25 -30 -29 -7 -1 1 -10 
-7 16 40 12 -6 -1 -3 20 
0 9 -23 -11 -4 -6 -5 -4 
-7 2 9 8 1 -9 -25 -6 
-5 8 -20 15 0 1 21 -13 
9 -13 -2 -13 -2 3 -13 17 
-17 26 27 12 -5 -8 6 -15 
15 -17 -27 -7 0 -2 -6 -9 
-46 -15 44 11 2 1 -19 -18 
3 9 -38 -13 -5 -4 1 7 
5 -23 32 5 3 -4 -25 2 
-4 -23 -47 -2 1 6 16 -22 
4 -15 41 7 0 -5 7 23 
-4 28 42 16 0 7 18 -8 
-1 -13 -46 -16 -3 -5 -15 23 
-16 0 -5 -9 -4 -4 0 4 
5 13 25 13 4 0 -29 -24 
-2 18 -17 -2 0 -3 14 -1 
-3 15 65 16 4 -1 -10 -6 
12 2 7 -25 -7 3 11 16 
-7 -56 -68 5 2 -3 -11 -30 
-9 31 48 22 2 -5 -36 13 
2 -12 31 8 3 -5 34 5 
12 -13 -58 -37 -4 6 11 13 
-6 -83 -1 -9 -7 -15 -34 -12 
-5 15 3 -9 0 -2 2 -32 
9 9 7 9 0 -2 -47 6 
-4 10 -10 18 -3 2 12 9 
5 15 19 11 4 2 6 7 
4 -28 -39 -40 -2 4 33 12 
15 -80 -14 12 0 -7 -82 -15 
-21 37 27 9 -5 -7 38 -9 
6 -40 -46 -22 -4 8 54 40 
-26 -15 36 3 0 -11 -59 -22 
-21 6 22 -7 0 8 10 -16 
10 -45 33 7 -6 -8 -21 -3 
-15 38 2 -5 1 5 47 4 
32 -17 5 15 2 5 24 -9 
-15 -23 -58 -40 -8 -10 -6 -11 
10 -3 15 21 7 6 -27 3 
4 -30 -11 -24 -7 -3 21 16 
15 2 15 18 8 4 2 22 
-10 15 24 14 -4 2 26 -5 
-7 12 -2 0 -7 -7 14 -6 
2 -18 -51 -22 -2 -1 -4 -1 
-25 36 -13 -42 -10 -13 -30 -26 
-10 13 17 27 -3 0 12 4 
-20 -18 38 14 11 2 -20 -4 
51 46 42 15 5 9 -17 7 
-15 -66 -80 -8 -17 -16 -34 3 
-4 53 32 4 -4 2 28 13 
8 -6 19 5 4 3 -103 -32 
-14 20 11 34 -1 -4 56 17 
15 -12 -7 -8 8 -2 -41 18 
-10 -20 -49 -30 -8 -13 -12 -9 
18 84 3 2 -7 -7 -16 -17 
36 44 -10 -23 2 6 -5 4 
-55 -31 40 32 -4 -6 -34 -41 
27 13 -17 -7 8 9 28 46 
-12 -10 -67 -27 -1 5 36 1 
-16 25 44 10 -6 -13 -95 -13 
26 -10 3 -11 5 22 80 15 
-24 66 14 17 6 4 10 -22 
17 -6 -31 -21 -8 -24 -27 18 
-23 17 1 10 -2 -9 -73 -5 
1 6 -11 -4 3 6 14 0 
26 -14 11 -19 4 10 80 5 
1 -46 50 50 -4 1 31 5 
-34 2 -66 -46 -6 1 24 -18 
0 -22 -40 7 -3 -8 -87 -4 
30 -6 -55 2 6 13 37 -17 
-26 48 10 -39 -12 -5 23 47 
-20 50 25 4 9 -1 -43 -62 
22 10 45 5 -8 -6 28 52 
29 12 -12 13 -6 -5 -9 -3 
-51 -66 -19 -11 7 -5 20 -48 
10 -20 -14 -5 -4 -1 -66 28 
12 53 -4 -2 3 16 107 10 
-4 -49 39 20 -3 -22 -56 -5 
20 72 -90 -44 -2 10 22 18 
-15 -12 64 47 7 5 1 -13 
-9 -6 -16 -4 2 -8 -34 -23 
-17 -42 -49 -24 -3 3 -15 0 
14 15 85 36 7 1 -50 6 
8 11 26 4 0 5 61 1 
-2 -11 -91 -9 -5 -6 -19 15 
-10 -53 4 -21 -5 -11 -42 -8 
-7 34 30 -6 -3 -2 5 -4 
9 17 4 -6 2 -13 -79 -18 
-16 -49 -65 0 -3 10 83 -1 
-4 3 32 9 1 -4 -7 20 
41 -40 -58 -20 -4 -5 -16 -2 
-32 -68 56 37 -8 -4 9 16 
-31 65 32 1 -1 -7 -32 -30 
-29 16 -62 -37 3 15 28 13 
-11 -25 26 9 -9 -5 7 -7 
25 -15 -47 -15 6 -11 -48 -22 
4 -16 34 -6 -14 13 81 24 
-13 -25 1 21 4 0 -21 -3 
6 -65 8 32 5 9 6 14 
15 70 33 -17 -5 -13 10 13 
-6 -14 19 13 0 -15 -37 -23 
-11 -17 -7 -65 -8 -3 -6 -17 
16 57 55 37 -4 -3 -19 -12 
-10 -18 -48 12 9 11 11 6 
12 24 17 22 8 2 9 -1 
4 -8 14 0 -2 3 3 13 
-13 -41 -12 -31 -4 -13 -56 -38 
24 9 -24 1 -7 8 106 55 
-18 -20 -3 -24 -14 -11 -33 -42 
13 29 33 2 6 5 -4 -12 
10 -38 7 -8 6 1 -7 32 
-12 68 49 34 -6 -3 11 -37 
2 56 9 -15 2 -1 -26 29 
18 -38 -22 6 10 0 -5 13 
8 53 -16 7 -3 -1 8 -21 
-2 12 65 -4 -15 -9 -5 16 
2 -51 -62 -19 6 -1 -13 1 
-9 -9 -49 25 -15 -15 -50 -25 
-11 39 38 -22 19 13 40 -25 
-14 -128 -83 16 -6 -2 6 16 
10 14 -10 -13 -14 -11 -8 -22 
5 -18 -63 -5 0 12 77 49 
-14 42 60 -9 -1 7 19 6 
-13 -22 14 -25 0 0 -7 -5 
-15 -41 41 18 3 0 -28 -19 
6 -1 46 19 1 -13 -50 -9 
-2 -22 -121 -6 -8 4 49 10 
13 46 53 3 3 -2 -19 -28 
-8 -5 -40 -39 -9 -9 -27 25 
1 -6 70 5 -5 -8 9 -22 
-1 42 9 38 11 9 13 12 
1 28 14 -20 -11 0 -14 0 
-1 -68 -26 28 -8 -6 -28 -13 
26 -1 -60 9 15 0 -6 58 
-36 -92 -93 -63 -17 -7 1 -39 
-12 -59 -42 7 13 2 -9 -8 
24 45 74 -3 21 9 11 5 
16 20 47 36 -6 4 14 -15 
-37 -50 32 21 -6 -7 -25 47 
17 -50 -49 -45 24 12 -27 -27 
-7 -48 36 18 -3 -11 -7 -22 
14 -1 -64 -16 -14 1 19 11 
6 6 54 -18 4 -5 -36 -18 
-19 -16 -15 14 -12 -7 15 11 
21 72 69 23 1 -1 -11 9 
2 24 16 -18 7 11 -21 -17 
-10 10 -13 0 -3 2 13 -27 
-8 9 -61 -30 -12 -18 4 26 
21 -2 26 19 0 3 19 16 
-32 27 23 1 -6 -10 -19 -46 
10 0 -23 4 2 -9 -52 -3 
24 66 54 0 0 21 68 42 
0 -2 -50 18 3 4 -4 0 
-11 20 -6 -77 -21 -13 4 -6 
-9 -65 20 37 12 -14 -65 -15 
-17 -31 -33 -9 -9 10 54 -17 
0 -2 3 16 12 5 17 8 
-2 100 14 11 -1 1 -10 -9 
33 3 24 45 -8 -14 -41 40 
18 -18 -10 -50 -1 15 72 -4 
9 -11 -95 -7 -7 -4 -30 -14 
-11 -89 7 -7 1 -3 22 3 
9 52 49 28 17 21 62 32 
-22 -7 -28 37 -8 5 -19 3 
43 -8 -12 -12 -10 -26 -31 -18 
-95 -68 -29 -20 -4 -17 -19 -29 
-5 -18 22 -3 -8 8 47 39 
21 -8 -21 -15 1 -13 -58 -40 
2 -53 38 9 6 13 -2 81 
13 -9 -26 13 9 6 39 -7 
-7 -20 -34 -37 -12 2 12 -43 
-2 -1 -2 18 9 3 -29 19 
-49 -47 23 -37 -12 -7 -32 -32 
32 -61 -14 16 -7 -2 -11 -6 
-42 -51 -31 23 9 -2 -2 -38 
18 -28 -35 -1 -13 -9 -1 40 
17 -11 15 -8 10 8 27 -8 
6 -42 26 5 -6 -2 -50 78 
13 74 -10 -4 -6 -11 1 -15 
-16 78 -51 -49 4 9 19 -47 
12 14 14 -6 -13 -12 -14 20 
-21 36 -27 -7 -4 -15 -34 -20 
-13 -30 -14 -29 6 -2 -29 10 
-33 5 79 48 -3 0 52 -10 
-20 5 -36 -28 2 7 -24 -81 
40 -14 104 47 5 15 0 52 
21 -19 -51 -29 -12 -5 57 38 
-5 64 80 10 4 -20 -118 -6 
-15 16 -30 -22 -2 14 99 16 
9 -49 58 19 6 4 -27 -21 
-2 -7 -52 9 3 -10 -62 -20 
0 -64 47 19 -7 3 63 30 
-44 -13 29 -14 4 -7 -32 -75 
26 12 -75 13 -20 -21 -10 55 
5 -28 -1 -10 1 8 -57 -16 
45 25 23 -42 0 2 31 40 
-38 -26 59 87 6 -19 -64 -43 
-17 43 -21 -27 3 30 75 31 
14 28 7 -10 1 -2 -23 -9 
-7 -57 -110 -55 -12 1 20 -6 
-7 1 56 46 2 4 -11 11 
-30 41 46 -18 4 -12 -18 -49 
2 -6 -8 7 2 -26 -102 -40 
24 -32 -66 -31 -5 24 99 38 
-44 60 69 2 -3 -3 -13 9 
41 5 -14 18 -2 -7 -84 -9 
46 11 7 -31 0 15 116 9 
-61 37 13 -3 10 -10 -47 -41 
40 -27 -43 -33 -10 -2 -11 29 
9 13 -66 -28 8 11 31 -6 
-36 -7 96 33 -8 0 31 15 
43 -1 24 75 7 -15 -128 -10 
-27 21 -101 -73 -4 14 94 -37 
23 19 34 -39 2 -11 -37 3 
-9 -2 -109 -18 -1 17 68 34 
-13 -22 69 63 4 5 -60 -56 
61 -5 17 -16 -9 -25 -9 59 
-46 5 5 20 3 0 -39 -70 
-1 -14 22 -17 -14 0 104 14 
-23 -89 -19 -6 -16 -22 -52 13 
-23 65 -77 -56 5 9 -18 -36 
21 49 88 62 -2 9 28 46 
12 -10 29 14 2 3 12 -13 
-32 0 65 13 0 -8 20 -2 
47 -59 -93 -79 -3 3 1 13 
-15 72 -3 22 -10 -17 -1 -43 
22 -61 36 16 1 1 -55 24 
-3 42 21 -2 0 4 32 4 
8 11 26 27 4 3 -9 -11 
16 -4 -39 -22 0 1 -2 4 
-45 -25 -70 13 -8 -9 -56 -6 
33 -3 -31 -42 -16 -21 -22 4 
11 -44 34 27 18 9 -12 18 
2 -36 -4 -2 -4 0 -2 -1 
19 1 28 -8 2 9 -50 -52 
-48 38 -49 -12 -5 -14 3 19 
28 23 53 8 -10 -6 13 16 
-3 -68 -36 -14 5 -1 11 -43 
-7 47 79 10 -3 -10 -18 7 
-14 -34 -11 12 9 13 -13 -18 
-13 31 79 54 -6 0 15 -3 
20 -43 -8 -5 3 12 29 20 
-7 3 -20 -29 -6 -7 -4 26 
11 36 15 -11 6 7 7 -27 
1 -5 23 21 -5 -11 -8 32 
-16 -57 -77 -38 -3 -1 -4 -11 
-6 -22 37 72 8 -3 -35 -10 
11 -42 -20 -37 -8 2 11 34 
-9 57 -33 -13 -3 3 33 -14 
-3 49 90 44 0 4 30 -7 
-23 50 36 -6 6 -2 -50 1 
17 -41 -53 -17 3 10 31 10 
-40 -24 18 6 -9 -12 -46 -15 
-1 47 18 2 -2 1 18 16 
-29 -77 -32 -15 -5 -6 -9 -35 
32 27 50 24 3 -4 -28 -10 
-13 -47 -54 -19 0 4 -25 6 
4 -12 16 4 -11 -11 1 9 
-10 -21 -52 -26 -1 2 23 -19 
9 67 -73 10 1 -2 -15 39 
53 -5 -23 20 7 12 -14 17 
-40 2 32 -31 -1 -19 -19 -17 
29 -51 -40 9 -9 -2 1 33 
-18 1 67 26 3 -10 -35 -61 
-25 92 -54 -29 4 21 87 36 
-23 -18 -50 -25 -3 5 -23 -7 
16 -20 7 -25 -5 -8 10 12 
-19 19 69 22 2 -5 -48 -39 
-8 -19 32 15 -1 -2 7 5 
5 -49 -70 -3 -2 -1 -4 -6 
5 59 18 0 4 12 35 -7 
0 -40 -35 -35 -4 -12 -19 31 
-11 -29 -7 -18 -4 -5 10 -13 
5 4 43 41 6 5 0 2 
3 -14 -14 12 -14 -16 -28 -39 
-34 20 28 -23 3 12 63 15 
-9 -80 -57 -4 -4 -16 -26 -1 
5 10 9 -13 2 5 -1 27 
10 -41 -36 6 -4 -4 -13 -6 
24 84 87 21 7 4 -6 -38 
26 -29 -57 -14 -1 3 26 55 
-57 9 46 11 0 0 5 -26 
1 25 34 7 -3 7 15 2 
-5 -30 -29 -28 2 -5 -22 -19 
0 -48 -42 35 -2 -10 -39 -16 
33 56 31 9 1 7 6 4 
3 27 12 13 10 5 32 38 
1 48 4 -2 -4 -16 -23 -5 
-26 47 14 14 2 7 27 -33 
-12 -7 56 8 -1 -1 25 14 
21 113 18 -21 11 12 12 -11 
3 -69 -48 4 -4 1 15 9 
11 1 118 31 13 -2 -90 30 
4 22 -70 -23 -21 -15 27 -48 
-16 -15 19 -12 3 3 0 1 
-4 -47 -45 -7 -14 -2 -15 -3 
7 23 58 12 15 7 4 -3 
12 -17 -43 10 1 16 24 15 
-1 -84 -24 -27 -9 -20 -44 16 
-3 -87 48 65 -1 7 54 14 
-8 -80 -59 -53 -2 2 -11 -8 
-4 23 -13 -38 -3 6 35 -5 
11 -28 -42 -31 -9 -15 -34 -12 
-15 -102 58 51 12 -2 -29 4 
18 59 49 18 2 5 11 -12 
3 -72 -53 0 2 1 -2 -1 
-23 -19 40 28 1 1 3 17 
22 76 2 -22 2 7 -13 -11 
-1 -25 7 40 -20 -14 17 -11 
-22 -38 -69 -33 -2 -8 -28 -7 
3 57 -61 8 -7 -2 5 11 
16 38 -27 -76 0 8 48 -26 
11 -34 23 -16 -11 2 22 64 
-36 -55 13 36 0 -24 -55 -29 
31 76 49 4 6 8 -21 -9 
-7 -67 -58 30 -3 -3 17 17 
-13 118 32 -7 -3 -8 -10 -25 
6 -13 27 -11 -13 0 -27 0 
-14 -35 56 6 18 -9 -38 -4 
6 66 3 37 -3 19 77 29 
-10 -69 -90 -61 -15 -12 -31 -12 
15 -3 -34 -5 19 7 6 5 
-12 25 35 0 -4 8 5 -40 
-4 -4 -27 4 0 -5 18 12 
25 -18 -63 -26 -11 -7 -55 30 
3 -1 25 -36 -17 -19 -2 4 
29 -8 2 6 4 24 79 1 
-27 32 8 26 9 -10 -95 -31 
-9 -17 36 -23 1 10 27 -16 
22 20 38 50 15 -16 -115 -28 
-3 -40 -52 -34 -17 7 103 67 
11 3 -10 -10 0 6 -72 -5 
-10 -16 -34 -17 -1 -19 -27 -52 
63 19 57 20 8 -2 -111 94 
-8 10 -13 -19 -5 2 6 -46 
1 29 50 2 8 10 34 -11 
-43 -30 -60 35 0 5 -70 -41 
0 -5 -11 2 -6 -69 -33 -28 
-5 -28 -21 -55 -6 36 89 36 
21 -3 16 30 -7 -10 -44 42 
-39 27 -9 1 7 9 9 2 
-49 -22 -53 -70 2 12 -80 -23 
-14 21 73 97 -1 7 49 50 
62 42 -13 -111 -13 -31 -60 1 
-23 -25 -38 3 -8 -12 -20 -23 
1 -29 9 26 6 42 114 38 
24 -43 -94 -56 1 -4 15 9 
-21 -26 23 34 -8 -2 -103 -67 
19 42 71 46 17 12 81 89 
35 -5 8 34 -15 -22 -47 -78 
-43 2 -35 -31 -3 23 0 -22 
43 -5 2 22 -3 1 -11 41 
14 -17 -26 -23 5 -10 6 -44 
26 63 60 38 2 8 27 34 
-8 -6 27 23 -1 -17 -26 -8 
-29 -7 -60 -6 3 -8 -52 -29 
7 -29 48 -5 -29 -5 113 38 
-14 -26 -34 -29 14 15 10 -6 
18 14 -6 14 -3 -19 -74 -22 
-33 5 36 28 4 -2 24 -6 
13 6 18 -18 -5 7 -46 -19 
-9 -14 -48 -38 1 13 63 16 
-10 35 4 19 -9 -28 -77 -31 
-12 -51 5 -30 11 11 55 14 
11 -61 -47 -5 0 0 -6 1 
-10 98 72 28 -10 -1 4 -6 
-10 -39 -98 -19 1 -16 -35 -1 
-9 -14 -15 3 -12 5 25 13 
-1 12 71 -3 1 -8 -20 -22 
-13 -36 -10 -15 1 2 8 -4 
12 -5 3 24 11 2 -30 -8 
-15 -2 -18 -4 -11 -6 33 1 
3 2 -18 7 6 -5 -28 -6 
-7 -22 -3 -3 3 13 12 -3 
3 6 35 5 -11 -8 6 44 
-2 -21 -53 -28 -3 -1 13 -2 
-3 22 18 22 3 1 -12 -10 
-4 -3 -5 -4 -9 -2 1 -28 
-4 11 35 14 19 8 -6 -22 
6 -25 -51 -5 0 -9 -3 2 
8 29 35 -11 -1 -2 -21 -5 
-7 -27 -27 5 -9 1 25 -18 
-1 -6 -30 -39 -2 -8 -17 27 
5 -3 13 11 9 9 21 19 
5 10 26 47 5 2 -5 -7 
-1 31 17 -16 -6 -5 -6 2 
-9 -21 20 -5 -12 -3 -9 -10 
0 1 -55 -16 8 3 4 -14 
-4 11 23 25 -1 -2 2 18 
-9 -46 -27 -32 4 2 -2 2 
-10 -7 16 25 -1 -7 -31 -24 
1 37 21 -20 -10 -1 26 22 
17 -1 -27 3 0 0 -1 -23 
-17 -23 16 4 3 1 5 7 
2 24 -15 -5 -7 -4 -5 -4 
-11 -16 10 1 0 2 -8 -27 
-2 18 -6 -32 -6 -1 10 31 
8 1 -9 -18 -8 -1 -7 4 
10 -16 8 7 1 -11 -31 -8 
-15 -2 27 -5 -6 9 47 -25 
-8 9 -22 7 5 4 -3 8 
2 4 17 29 5 1 -3 9 
-13 -10 -46 -14 -3 -6 -11 -12 
-8 -4 34 6 2 1 -10 -25 
23 5 -41 -12 -9 -5 -17 43 
15 25 -1 -10 -2 -2 7 -13 
5 -13 3 1 7 2 3 4 
-20 -9 7 4 -5 -5 -12 -4 
-5 -14 -5 -6 4 0 2 -18 
-9 -8 -12 19 -1 -3 -7 15 
0 1 -7 4 0 -1 -11 10 
-2 -8 -1 -30 -9 2 26 -5 
-12 -9 5 -7 -3 -4 -1 -4 
-4 2 6 11 0 -1 3 13 
-4 1 -8 -27 -1 0 3 -8 
-20 -13 -12 0 -6 -11 -19 12 
35 5 10 11 6 6 6 -25 
-24 -3 -7 -9 -1 2 0 0 
13 -15 26 16 -2 -1 19 -5 
-4 15 -13 4 4 -1 -5 10 
-2 23 37 -4 -5 -3 -2 7 
3 -17 -58 -1 3 -1 5 2 
0 -11 24 -13 -9 -5 1 -28 
-3 8 -24 -7 -1 -3 -20 -9 
-1 -13 -4 4 -2 0 7 10 
-4 5 4 -12 -5 -3 -1 3 
-6 -7 -23 -3 -8 -6 -2 12 
10 10 31 6 5 2 2 -6 
-16 -31 -20 2 1 -1 -7 -14 
3 -25 -18 -2 -2 -2 -2 15 
2 14 6 10 -4 1 4 -4 
1 -5 5 5 11 1 -7 6 
-5 5 -15 1 -2 -5 -6 -5 
-13 1 12 -3 3 -3 -31 -16 
3 9 17 7 0 6 38 14 
1 -26 -34 1 -11 -6 0 -5 
-15 -30 8 -19 -3 -1 -1 1 
19 16 8 -9 -1 -1 4 -16 
-18 -1 -3 14 7 -2 -15 -8 
19 -8 -8 -3 -5 -2 -17 22 
-35 3 23 19 6 6 28 -4 
26 0 -10 -11 -10 -10 -9 -2 
-11 1 -20 -7 -1 0 -8 -7 
1 2 5 -9 -8 -6 0 3 
-3 -9 -15 -2 4 -2 -18 -8 
-8 22 26 9 4 4 18 9 
3 -14 -19 9 0 -2 -5 18 
-2 6 12 -23 -6 -4 -9 -27 
-4 24 11 4 3 3 -4 -7 
-1 0 20 5 -4 -2 -1 5 
8 7 -6 -16 -2 2 17 -3 
-17 3 -4 8 -1 -4 -7 5 
3 -7 -1 -1 -6 -5 -3 -13 
3 -2 6 -4 -4 1 5 7 
-8 -9 -2 -6 4 -1 -15 -21 
7 -5 33 7 1 1 -4 40 
18 18 -58 -10 -3 -1 21 -6 
-21 -16 -25 -2 -6 -3 2 -9 
13 8 20 5 -4 -3 -6 -5 
-13 6 -12 1 4 0 -4 -11 
9 -18 2 0 -3 -5 -21 27 
-8 -39 -10 -22 -4 -2 -1 -32 
20 11 9 -15 -2 0 2 7 
-24 3 -1 7 -1 -2 -4 -20 
15 16 28 6 4 1 4 14 
-1 9 -1 7 0 -3 1 0 
-15 -8 -4 -13 -4 -4 -15 1 
35 15 40 38 1 4 30 20 
-42 -9 -35 -41 -6 -3 -15 -35 
7 -8 -13 1 2 0 7 27 
-6 -11 -20 -7 -5 -2 -9 -20 
12 36 14 4 4 0 0 0 
-1 2 4 6 0 1 2 13 
9 -6 29 19 5 -4 -12 -17 
-9 21 10 -16 -2 3 8 19 
-7 -35 -26 -11 -9 -10 -6 -9 
11 -4 29 6 -1 -2 -2 -2 
-5 -8 -28 6 7 3 -1 -1 
2 18 32 16 4 -1 1 14 
13 6 16 1 6 6 1 -4 
-18 -26 -59 -27 -14 -7 -11 -22 
-12 22 20 13 2 3 5 17 
-7 -15 -12 -2 -4 -5 -19 -11 
-2 -9 -13 -11 -3 3 19 11 
7 5 20 9 1 -2 -5 -12 
22 15 10 5 -4 -2 5 28 
-48 4 0 22 12 6 -14 -26 
18 -8 -33 -26 -6 -3 -10 -48 
-25 -32 -17 -17 -11 -8 -1 12 
15 -3 -6 -12 -10 -4 9 9 
13 19 8 14 2 0 0 5 
3 15 18 7 1 0 -5 25 
2 8 8 8 4 3 4 -15 
-5 12 -5 -2 -3 -3 -13 -3 
15 -4 38 1 8 4 3 -5 
-33 -54 -111 -16 -8 -2 12 3 
8 50 19 -4 -5 -5 -6 -11 
-2 5 2 2 3 -1 -4 -4 
-8 -8 -3 -3 -4 -1 8 -14 
14 25 25 5 3 1 -6 11 
-4 -21 25 18 3 -1 -4 1 
11 4 -45 -3 9 4 -22 15 
-49 -35 -55 -43 -18 -8 41 -46 
-8 23 37 22 -4 -8 -20 -13 
-2 3 -21 -2 2 4 0 -2 
1 2 48 11 -2 -1 -3 3 
21 -6 -7 10 6 1 -7 25 
1 -9 8 -16 -3 -1 -2 18 
-7 -16 -22 -2 2 -2 -5 -17 
-4 8 -27 -10 -1 -2 3 -18 
1 8 -7 -1 -6 -4 -7 -1 
2 -4 16 4 -2 -2 1 0 
6 -22 28 9 1 0 -11 11 
-2 -4 -6 11 9 5 29 -2 
-3 1 5 -23 -4 -4 -5 -1 
-6 -17 -28 -15 -3 -1 -12 -5 
23 10 5 -4 0 -1 4 16 
-24 -13 -11 7 -6 -4 -1 -18 
13 6 45 10 2 -1 -4 10 
-8 4 -14 -16 -2 -1 -1 -3 
-13 -17 7 23 4 6 -6 -24 
9 21 12 -18 -1 -1 -2 13 
1 -3 -23 2 -6 -5 -9 1 
-2 -11 -1 -6 0 -1 0 7 
-2 10 18 4 1 7 54 21 
-10 14 21 -3 -4 -3 -9 -23 
11 -49 -51 -2 -3 -4 -9 -3 
-11 -5 1 1 -3 -4 -12 3 
0 8 -8 -11 0 -1 -15 -12 
-8 -1 43 8 -4 -3 3 4 
20 14 -1 5 -3 -2 10 8 
-14 -16 -14 0 -2 -2 -8 -19 
1 -26 10 9 2 -3 -8 6 
-1 -25 -11 -29 -10 -4 -2 5 
-5 7 -23 1 1 0 -8 -7 
-13 1 -5 6 4 2 12 -9 
-5 6 13 0 1 -1 -6 -9 
24 -10 24 14 -2 -2 12 46 
-11 12 -45 -42 -7 -11 -16 -19 
-5 -9 0 0 -4 -3 -1 -26 
8 29 32 1 -1 -1 5 22 
-12 -7 -15 -3 -1 0 -7 -16 
10 21 21 20 7 6 4 21 
14 34 46 8 1 0 0 -6 
-6 -7 -21 -12 -7 -6 1 7 
-12 0 -47 -17 -2 -3 -20 -30 
6 -24 25 15 0 8 46 30 
-12 -6 -21 -14 0 -2 -11 -27 
2 8 -5 6 -2 -3 -4 13 
14 -7 1 5 4 -1 -3 15 
-12 3 21 6 0 1 -8 -23 
-7 18 -3 0 1 0 2 22 
3 -1 -27 -19 -6 -6 -11 -9 
