#EMG
#9
#ID:9-23
15 9 18 2 -2 -6 -17 -5 
-11 1 -11 3 -1 5 -7 -10 
2 -10 -9 -2 0 -3 7 7 
-9 22 15 -14 -5 -4 2 -12 
-5 -18 20 6 2 -2 -3 3 
4 15 -10 -3 -3 -2 6 2 
1 -4 8 2 -5 0 -10 0 
2 7 -35 9 4 2 12 0 
13 23 19 -11 -9 -7 -11 9 
-20 -11 5 -1 1 -5 -12 6 
1 -2 3 -2 -6 4 10 0 
-1 -11 4 6 3 -3 2 -20 
-10 -4 -27 -3 0 3 2 -12 
12 -1 -5 -8 1 -3 -9 1 
11 17 35 10 -8 -9 -40 11 
-3 -6 -27 -3 -2 8 65 10 
-13 -11 -6 5 3 -2 -8 -3 
14 -10 8 -5 -4 1 7 3 
3 47 -17 -7 -3 2 0 -8 
2 10 19 -6 2 -1 -19 4 
-19 -32 -53 -2 -3 -1 -3 -2 
16 37 26 -5 -2 -4 -14 -5 
-6 -26 -17 2 0 1 17 2 
4 -1 8 2 1 0 -11 -10 
0 6 18 -4 -2 -2 -5 17 
-7 -24 -29 -9 -5 -1 -1 4 
14 4 -8 -4 -5 -4 11 -8 
7 -7 10 13 8 4 -2 0 
-10 -11 14 -3 -5 -7 -9 -9 
-1 9 46 5 -1 2 -5 0 
-5 -20 -73 -13 -3 -3 11 4 
-2 4 1 2 -4 -3 -5 -2 
5 5 -14 -5 3 0 -1 -1 
3 -3 15 6 -4 -1 7 -1 
-7 4 -4 -6 -2 1 -1 -9 
-3 -29 -6 -2 -1 -1 -14 -5 
-12 -58 -39 -4 -6 -7 -6 9 
5 34 10 -1 2 -4 6 -19 
-3 -12 16 3 4 0 -7 17 
-11 -3 -7 -9 -8 -7 -8 -8 
3 -9 -25 -4 -3 3 -30 -1 
15 1 2 9 4 2 40 -2 
-4 -8 7 2 -1 0 -5 -4 
4 9 26 3 -3 -7 1 13 
9 12 19 -2 -10 -3 9 0 
-12 -10 -15 1 10 4 -17 -6 
-6 -6 -6 -11 0 4 5 -17 
5 21 17 0 0 3 -7 17 
5 1 -17 2 -1 -3 -5 -7 
-2 -1 3 1 -2 -1 -1 10 
-3 -15 17 9 -5 -6 -1 -3 
-8 5 -3 0 -1 -1 -2 3 
-3 1 -1 -3 5 5 9 -11 
-8 3 -2 1 -2 -4 -5 9 
-9 -11 -45 -8 0 3 -13 -17 
5 -1 14 -3 -5 -2 -6 -7 
-9 -2 -9 -1 -2 -11 17 -5 
6 -15 -21 1 -5 -4 -9 16 
-13 0 11 0 4 3 8 4 
-10 -49 -21 -1 0 5 16 -5 
-2 8 11 2 1 5 -4 1 
0 5 -3 -15 -2 -4 -11 -15 
-8 -19 18 9 0 -2 -1 9 
4 0 -49 -12 -7 -11 -36 -23 
-8 12 34 -2 0 2 30 -5 
-1 -14 21 11 -1 -4 -22 14 
13 -11 -5 -10 0 3 0 5 
-28 -23 -56 6 -10 -7 23 -11 
23 29 33 -14 3 -1 -18 4 
-4 40 17 10 3 1 5 -6 
-6 -16 -35 -4 0 -1 4 7 
-5 13 1 -3 -2 -1 -3 -1 
-1 6 7 1 7 3 -1 2 
-15 -28 -1 10 1 -1 -29 -20 
9 16 31 -7 -6 -4 28 7 
11 -2 3 -5 1 4 12 9 
-10 -16 -28 -4 -3 -2 -9 1 
-1 6 13 -5 0 -1 2 -8 
-1 17 -27 -1 -5 -8 -13 -6 
14 11 23 9 1 -2 -8 2 
-21 32 65 10 6 9 8 0 
5 -53 -61 -7 -13 -4 -8 -7 
-25 -47 -63 -16 -8 -2 6 4 
4 57 24 -1 3 -1 -3 -15 
4 6 44 15 -7 -5 1 5 
-6 0 -76 -20 1 0 -3 -2 
10 19 36 0 5 4 -6 -2 
-7 -43 -10 17 1 1 -2 9 
2 1 -15 -19 -4 1 9 -22 
2 -12 13 -8 -6 -3 4 7 
9 88 62 17 3 -3 -4 13 
4 -17 -52 -14 -2 -5 -4 -13 
4 -6 -42 3 -3 -4 -36 -9 
-11 19 4 7 -3 1 60 15 
7 -22 -8 -12 -3 -3 -5 -10 
-21 -1 12 23 -1 0 -3 1 
10 -18 -34 -47 3 -2 -13 4 
11 9 12 5 -3 -5 -24 -8 
-4 -28 -6 10 1 -3 6 -1 
2 2 51 15 4 1 -4 3 
0 -17 -76 -7 -4 -6 -9 -11 
-30 0 50 16 2 4 4 6 
21 18 1 -14 5 10 39 2 
-3 -41 -26 -22 -2 -9 -8 7 
-17 3 14 41 0 8 40 -4 
-1 19 10 -17 1 -6 -20 -9 
14 0 32 23 -5 -5 -16 -8 
0 -64 -19 -31 -3 -2 6 -5 
1 -10 -18 3 -4 -1 9 14 
11 0 -19 10 1 -9 -34 -11 
-12 -13 -37 -17 -4 1 -6 -27 
14 0 46 13 1 3 11 29 
1 9 22 -16 -9 -13 -8 -5 
2 18 -7 18 5 12 2 5 
8 -23 18 -11 -6 -13 -17 24 
-11 20 -50 -14 2 -2 -31 -40 
-13 -45 0 -1 -6 -15 36 -4 
6 6 -8 -11 2 0 -29 16 
25 13 25 12 6 13 26 4 
-22 32 43 8 5 5 -16 -27 
-20 -26 -43 -29 -8 -1 2 39 
12 -45 41 22 -7 -13 -2 -16 
-26 -62 -71 -19 -8 -11 -14 3 
19 17 4 2 0 7 -37 -10 
9 14 18 10 3 -10 -4 -12 
19 -63 2 -30 2 16 3 26 
-30 14 0 10 -1 -8 25 -20 
14 14 11 10 -3 7 5 0 
7 -23 10 13 -7 -10 -68 23 
12 4 -29 -18 -5 -15 1 -15 
-40 46 21 2 -3 8 41 -2 
-7 -29 -7 -6 -1 1 18 -6 
7 51 0 26 12 0 -107 -10 
-7 -2 -24 -31 -5 13 83 31 
6 -9 85 60 5 -7 -67 -13 
16 25 -56 -25 -4 8 46 -1 
-7 -9 -4 -7 -2 -4 27 -9 
-22 6 -1 12 1 3 13 -16 
10 9 -24 -32 5 -1 28 16 
5 5 10 14 3 3 -61 -5 
-11 -7 2 -26 -12 0 67 15 
-6 5 14 6 -4 -7 -9 -18 
6 -25 21 19 -2 -6 4 7 
10 23 -24 4 -1 -11 -4 22 
-7 70 -77 -40 9 17 9 -27 
7 14 79 33 -6 -10 -36 -2 
-28 -46 -35 -17 -8 9 3 4 
-7 -29 13 -9 -4 -18 20 3 
-10 -16 32 8 0 7 -26 -10 
-9 36 8 -4 1 2 -5 -12 
5 -32 -54 -33 0 -1 13 -31 
-9 1 21 -4 -6 -11 6 51 
20 -27 -12 20 0 7 41 10 
22 0 31 9 9 9 -29 -17 
-32 18 -53 -15 -9 -2 -1 -7 
2 12 11 -9 0 1 -20 -1 
-12 -11 75 27 2 -10 -10 -13 
15 11 9 23 8 13 7 11 
16 4 -53 -59 1 -1 -41 -9 
-16 1 67 38 -4 -10 -12 -5 
10 31 22 27 10 6 -28 5 
-9 -6 -37 -18 -1 -8 48 1 
-4 20 53 10 -2 0 17 8 
10 -25 -15 -8 12 19 44 6 
28 -39 29 1 -8 5 -8 2 
-53 60 -48 0 6 1 -11 10 
-16 -2 -16 8 -5 -16 -32 -32 
-5 6 -6 -4 -2 2 6 13 
-1 -32 -25 -9 -1 -7 15 -9 
-17 -15 39 -11 -11 3 -14 16 
51 65 36 19 2 -9 -28 30 
-3 -1 -39 -22 -9 1 13 -24 
2 15 17 19 12 3 -27 -10 
-8 -9 -10 -19 -15 -13 23 -9 
4 20 7 -6 2 5 16 -1 
1 -25 -8 -19 -8 -3 21 3 
-4 14 29 -3 -7 -3 18 9 
-10 -86 -57 16 -4 -12 -26 -26 
-24 17 9 15 -4 9 -16 -15 
-21 -15 -15 -29 -2 -5 -17 4 
4 13 8 -12 -10 -13 17 5 
10 -44 -56 -6 -3 3 7 -4 
20 -4 -15 13 1 -11 -45 -15 
-7 23 2 -8 -4 -2 2 20 
-6 7 21 2 0 0 -41 -20 
5 -18 -49 -14 -2 2 46 16 
4 -7 30 29 8 8 17 -1 
20 -26 -66 -11 -2 -10 36 0 
-27 -28 18 -20 -4 -2 -28 -15 
11 20 9 -8 -5 3 31 7 
6 3 7 -9 0 0 -30 -2 
11 -1 36 19 -5 3 15 -7 
-2 31 -6 20 17 0 -14 12 
1 -10 -38 -37 -7 -3 -15 -15 
-37 -10 26 12 -6 0 24 20 
-8 -9 16 6 3 -6 -37 -30 
15 16 -41 -27 -8 -15 -59 -6 
23 7 80 11 -6 19 64 27 
-5 36 -58 6 20 3 -1 2 
-5 -46 -31 11 2 -8 -28 0 
-6 7 62 6 -1 -1 -27 -8 
-7 7 -47 -21 0 2 18 3 
8 -22 13 -3 -9 1 -6 5 
4 44 63 3 -2 1 4 -9 
11 -17 -64 -7 4 -4 -6 24 
-21 35 86 27 4 11 50 -23 
14 -65 -48 -13 -6 -13 -41 1 
7 61 -14 -16 -17 -8 17 17 
19 72 10 22 19 20 41 -2 
-18 -21 45 -1 -7 -20 -59 5 
-39 -12 -73 -25 -4 -6 -15 -12 
-15 -61 -69 -23 -9 16 47 -2 
5 22 41 16 -10 -5 2 -1 
6 -4 -9 14 11 -2 -22 -4 
15 45 104 -4 -6 -4 4 -2 
2 4 -17 -4 5 -3 -62 0 
-19 -4 46 13 -17 3 62 -7 
13 4 -38 12 17 -3 -38 11 
14 20 -52 -19 -2 4 12 -6 
-37 -38 4 -1 -1 -6 -48 1 
-8 -44 -15 10 3 -5 20 -25 
18 -12 -66 -55 -17 0 24 11 
26 39 97 42 6 0 -6 1 
2 -3 22 23 3 2 8 12 
-24 -26 -70 -49 -4 0 7 -9 
7 -3 37 17 3 -8 -39 -7 
-29 -102 -106 -17 -6 -9 -16 -23 
41 80 29 23 -2 0 31 30 
-23 -11 -12 -4 -11 -2 24 -2 
12 76 24 2 10 6 17 -9 
-2 -33 -35 -33 -6 -9 -23 -5 
4 4 52 31 7 13 37 1 
15 -8 -49 -18 -7 -3 15 15 
0 20 43 -24 9 -8 -13 -13 
-7 -3 -9 14 -7 5 0 -3 
-13 -62 -31 -7 5 -4 -32 -14 
9 53 43 18 -1 -4 -10 0 
-2 -28 44 1 -12 -1 -3 24 
-1 13 23 10 4 -2 17 -12 
4 -2 -25 -28 3 -4 -40 -29 
-11 -71 -65 5 -11 6 13 19 
4 -32 35 30 -1 -6 -17 -11 
-6 -9 -45 -36 -1 -1 28 1 
-9 32 22 5 -2 8 36 -15 
-17 6 -12 19 0 -9 -22 -6 
27 70 -65 -13 -2 -3 -31 -3 
16 6 68 14 -9 -9 -5 21 
-34 -72 -2 7 6 8 -4 -41 
-6 70 -40 -26 -7 -7 -13 5 
-16 -6 52 12 -5 0 6 6 
14 9 110 3 3 2 -2 18 
3 25 -82 -29 -4 -7 -9 13 
3 -62 37 15 6 9 28 -2 
-23 -22 -5 12 -13 -5 8 -3 
-9 -78 -67 2 -5 -5 -3 -23 
8 58 43 -23 5 2 -9 -14 
7 -42 -34 -2 2 4 -24 -19 
11 24 18 -16 1 -11 -45 28 
7 45 -28 26 11 30 75 29 
-14 -24 20 28 -30 -13 -9 -3 
-7 -10 -28 -36 19 -7 -19 -10 
-11 46 -14 -9 -5 3 -26 -21 
48 -59 3 -8 1 -2 2 24 
-3 33 39 6 -5 -1 19 20 
-4 -17 32 22 -8 -4 -12 0 
3 -53 -29 28 19 11 -20 0 
-33 27 0 -14 0 0 -6 -26 
3 -78 -65 -9 -5 -9 43 19 
25 10 20 -14 1 10 -7 -8 
-23 -11 3 16 -2 -7 13 12 
-1 19 -17 -39 2 0 -17 -22 
2 16 37 72 9 -14 -56 18 
-11 -13 43 1 -9 10 49 25 
18 60 -63 -10 6 14 13 9 
2 16 15 9 -3 -7 -55 -13 
-9 -20 8 -30 -7 -18 -29 -13 
-28 24 -5 -5 0 12 48 4 
-2 -47 8 43 1 -10 -8 -16 
16 23 4 -34 -13 -11 -14 19 
12 90 89 36 22 10 -32 -3 
-34 -13 4 20 4 -8 -26 -12 
-15 -86 -45 -13 -7 -2 -17 -42 
7 43 27 41 -9 -8 -2 19 
30 -28 -51 -41 -6 6 18 -9 
22 42 86 4 5 2 27 19 
-46 -71 -33 -2 -5 -12 -50 -22 
5 18 -28 12 -1 6 42 28 
-2 11 10 -8 9 5 -31 -10 
2 -40 -2 -3 -10 0 50 -9 
15 3 12 -12 -9 -12 -36 -6 
-32 -7 -47 -29 1 8 0 -42 
-1 -12 -33 -41 -4 5 41 28 
-13 -52 -68 23 -7 -14 -68 -39 
6 19 35 -10 -1 9 62 22 
20 -15 46 23 6 -11 -19 28 
-19 -18 -29 11 -7 0 4 -26 
20 -39 -62 -35 -1 -9 -18 4 
-14 45 14 -20 -7 -13 -32 -22 
-19 5 18 -1 8 12 1 -22 
34 55 -18 13 0 -7 -25 14 
1 66 14 11 -6 -8 -41 -2 
15 60 -34 -58 -1 0 28 14 
-10 -4 37 48 5 2 17 15 
14 -9 -9 -2 0 3 11 -29 
12 -20 4 -10 4 7 -82 -7 
5 -22 15 -10 -4 -2 29 -33 
-11 0 -52 -8 -6 -16 -8 20 
-16 -60 -39 -5 -2 1 -13 -12 
5 1 30 46 -2 0 49 33 
6 3 -37 -44 -2 -1 7 -43 
-2 -65 13 -40 -2 6 3 -24 
0 30 -20 57 -9 -13 -16 41 
18 -67 -57 16 3 6 16 6 
-32 21 79 -13 4 -2 -21 32 
14 -25 -50 32 -3 -4 -5 -19 
-33 -24 65 -30 3 0 5 -17 
15 16 -25 -20 1 6 11 7 
15 -6 -38 29 1 9 24 36 
15 40 85 -3 0 -8 -15 -14 
8 -48 -40 -11 -11 3 19 30 
-54 44 106 -2 -4 -16 -68 -66 
12 33 -74 -5 4 -1 30 -2 
13 11 60 29 -5 11 53 -6 
-23 87 1 -24 -1 -6 -26 8 
40 28 -33 -54 -7 12 11 42 
-15 -17 34 29 0 -21 -46 -2 
-12 -38 -111 -75 -2 -2 -36 16 
27 -19 57 48 -6 -5 26 -20 
-51 36 -9 36 6 -2 5 -40 
8 32 21 -12 -1 9 -11 36 
-7 -14 21 48 2 2 9 -47 
1 -31 -35 -38 -8 -5 -1 24 
34 18 0 -34 -1 -1 -4 -3 
-20 -65 -28 22 5 9 37 14 
3 14 64 53 7 -4 -10 17 
-6 -16 3 -9 0 -7 -57 -35 
-9 -8 10 -29 -12 -1 26 19 
-6 -19 -13 -10 -5 8 24 1 
-19 -63 -37 -38 -14 -5 1 11 
9 -72 -7 -12 6 -8 -4 4 
16 1 -24 22 4 -10 -35 5 
22 7 -3 -14 0 3 -29 -18 
-20 -17 -14 -3 -5 1 -4 5 
5 56 5 -6 6 15 -16 -25 
17 -53 11 4 3 -18 75 41 
20 55 60 15 -5 -6 -12 -3 
-16 -70 -103 -32 -7 -9 -12 4 
-6 53 85 42 7 8 12 -14 
0 -18 -43 -36 -12 -7 -50 -18 
9 -1 -14 0 3 7 53 -2 
-28 13 59 -5 0 -4 -11 9 
4 26 -57 -15 8 3 2 -9 
2 -4 5 -2 -11 0 27 -1 
-16 -4 10 20 -1 -14 -18 -8 
35 92 -19 -2 11 8 -19 6 
-27 -46 -24 -12 -14 -4 20 -16 
-10 -15 -37 1 16 9 5 3 
8 -39 26 17 0 10 -7 4 
8 -1 8 -3 -15 -13 -2 8 
1 -10 28 14 2 -3 -5 -15 
24 -12 2 -39 2 7 10 8 
-59 -60 -90 -2 -21 -12 -13 -7 
13 114 7 -38 4 4 -6 5 
-18 -38 10 9 -9 2 21 -6 
-2 12 17 -13 -11 -10 -16 1 
9 -12 32 31 23 10 6 -7 
-11 8 0 8 -8 -2 -6 -7 
-6 -58 -58 -2 6 -2 -23 -2 
1 74 13 20 -1 9 54 22 
-16 23 8 -21 -20 -14 -30 -39 
33 0 -36 2 5 -2 12 19 
-17 -4 -2 -35 -5 -4 3 5 
-13 -17 33 29 13 4 -53 -35 
25 13 12 13 -4 -4 -26 0 
-29 -4 -10 -10 -2 8 61 2 
3 -16 -24 -8 -2 -1 -19 21 
-17 -22 -1 23 -12 -14 17 -17 
3 -4 28 -16 7 5 -11 -14 
-12 -34 -2 1 6 -1 -24 -18 
14 -67 -3 4 5 8 30 23 
6 -1 36 7 -6 -10 -22 -5 
7 24 -9 13 -3 -1 -6 20 
-12 -22 14 -3 -15 -10 -5 -5 
-17 -18 6 -5 3 6 17 -16 
12 19 35 1 6 -1 -20 -8 
3 -43 -14 0 2 -4 8 12 
20 89 30 15 -1 1 -5 -4 
-18 25 -15 -34 0 -7 -27 -13 
-15 -10 17 24 2 9 11 4 
-2 -13 -41 -8 9 -5 5 5 
33 -3 32 1 -2 6 13 2 
-1 55 -8 -11 -12 -15 14 -26 
6 -1 -37 -14 -4 0 -8 29 
-3 -48 -29 -2 2 4 2 -7 
-5 -76 15 22 2 -3 -6 1 
2 -50 23 -12 -1 -3 -50 20 
5 -30 -24 -14 2 9 81 -6 
-39 -3 -45 -25 -20 -18 -43 -39 
-5 -26 49 5 -1 -2 -19 -19 
-14 5 9 -2 4 4 30 14 
-7 1 2 9 -2 -6 -11 -2 
18 11 22 0 3 10 20 17 
-21 -30 -63 -15 -6 -8 -16 -4 
25 101 59 5 14 9 11 6 
15 -14 -20 9 4 -1 -30 -1 
-15 -32 3 -1 -11 -9 0 -17 
-4 -17 -2 9 14 13 43 22 
35 17 -22 13 -9 -5 4 8 
-3 -3 36 1 3 2 -10 -6 
15 83 -95 -25 -10 -4 -5 -1 
2 61 109 28 12 2 -17 6 
4 67 -43 -25 -5 5 6 1 
-13 -12 -30 -2 -3 -3 23 -10 
26 -18 58 24 6 3 -20 20 
-51 -99 -73 -21 -9 -12 -2 -22 
1 16 -10 -40 -9 -3 -4 11 
-5 51 36 -12 1 17 8 -3 
3 -3 32 21 7 -9 -28 -4 
0 -4 57 0 0 9 -13 -2 
-7 -70 -52 12 -11 -10 3 -9 
-25 -13 -30 -7 5 -5 6 -6 
-12 -7 38 7 5 25 53 31 
11 5 57 -11 -11 -20 -28 -8 
-18 -42 -20 11 -4 -13 -16 -15 
-1 -57 -63 -17 -5 -7 -64 -16 
-7 -79 -11 15 -8 -12 6 -6 
14 26 -22 -3 17 11 26 14 
-4 3 43 35 -4 6 48 -3 
4 -9 -9 -24 8 -7 -79 -7 
-4 9 -9 -15 -12 13 74 12 
-4 -22 -24 -12 -8 0 -5 -20 
15 55 34 15 2 -2 -8 32 
-10 -14 -31 19 7 5 16 -5 
-6 -3 12 -26 -11 -21 -33 -2 
14 14 -35 -2 -9 -7 4 -18 
3 46 30 11 13 27 14 -14 
-29 -27 9 -3 -8 -5 -35 3 
26 34 31 15 6 -13 2 8 
-17 -15 -33 -21 -7 -7 -29 -6 
-4 -40 -3 1 -9 -20 -98 -48 
23 41 29 21 4 31 127 53 
-2 -47 -41 -59 7 -8 -76 -36 
-3 26 -2 59 -6 11 40 14 
-8 3 43 9 17 -2 -112 3 
-11 -56 5 2 -25 -15 92 -12 
7 4 -24 -13 0 -10 32 21 
14 -18 -37 -8 10 8 -25 -7 
1 -11 1 -5 -7 7 -19 -36 
14 -28 -57 -45 -1 -7 58 38 
-28 8 79 30 -11 -8 -51 -21 
10 -56 -68 19 13 26 -16 18 
-2 53 11 1 -10 -29 -19 4 
9 -42 58 4 4 -6 -14 -20 
13 29 -13 8 4 28 12 15 
-51 -7 -4 -48 -9 -15 -72 -21 
10 -29 24 50 1 -1 89 21 
-31 -2 0 -29 -11 -22 -80 -21 
42 20 -36 -33 0 0 -2 3 
-36 -25 53 35 6 -1 17 7 
-28 -64 -69 -33 -4 5 35 9 
24 70 112 66 20 15 2 -29 
-14 -20 -77 -50 -25 -9 46 13 
41 45 42 -43 -9 -9 -8 37 
-22 -35 2 29 6 0 30 -7 
7 54 54 80 4 -20 -114 -26 
-7 -15 -72 -14 0 20 15 16 
-2 0 -54 -67 1 0 82 -18 
26 27 103 42 -14 -26 -68 18 
-10 -33 -88 -53 -10 29 23 2 
-6 2 45 27 5 10 -24 26 
23 -11 -66 -36 -16 -15 45 -23 
-16 2 17 -12 11 4 -24 -7 
-7 35 23 -19 -4 -6 -3 -3 
1 3 13 83 1 -7 -22 -25 
-3 11 15 -35 -8 -2 52 24 
21 -23 -89 -7 -3 4 -18 -11 
-18 -16 -31 -8 -15 -15 -26 11 
-2 -4 52 30 27 -13 -60 -40 
35 49 54 -47 -8 36 26 35 
-25 -60 -35 11 -7 3 43 -13 
4 40 -14 2 -3 -6 -10 22 
-16 -56 70 28 1 -16 -75 -25 
6 6 -26 21 -1 -1 33 -8 
-2 7 26 -24 20 10 7 -1 
-5 -90 -31 -33 -8 2 21 30 
0 54 20 15 5 -5 -24 -16 
-26 -20 -9 12 1 -5 -30 -6 
-22 -1 -71 -44 -16 -5 22 -5 
32 -17 -14 15 1 2 -34 -23 
-32 -1 10 -3 -10 -2 34 7 
-7 -35 6 42 3 -10 -45 -14 
13 6 -10 -7 16 9 17 14 
2 57 48 -10 7 3 -13 -10 
9 -31 -36 -37 -10 3 18 20 
-3 38 -25 -6 -17 -13 -23 -7 
-9 3 5 -23 0 -5 -32 -21 
13 -4 -7 -11 -13 -3 15 10 
-2 -10 -1 -28 27 11 37 15 
11 22 8 17 3 -9 -47 -12 
-16 -31 36 10 -15 -6 11 12 
-26 -8 -5 17 1 2 -18 -17 
9 -10 -18 -15 1 4 36 -5 
-24 -13 12 33 6 -9 -33 -14 
19 11 0 -8 -1 9 -5 3 
0 16 4 20 -3 -10 19 25 
-9 -5 17 1 -5 -1 -11 -9 
5 -11 -13 2 -4 -9 -27 -10 
6 12 33 6 -2 10 31 20 
14 29 -15 18 15 -6 -41 13 
-13 -12 -24 -53 -6 10 35 -53 
-7 18 33 49 -1 -2 -3 4 
-9 -10 4 7 -8 -9 -7 21 
1 -12 -5 -6 -4 11 8 -4 
17 23 9 -2 0 -15 -11 17 
10 -9 -17 -8 -8 -4 -10 -16 
4 8 -7 1 2 0 6 -3 
-1 -11 -38 -11 -2 -4 3 -2 
-13 -6 4 -21 -14 -4 -5 12 
-3 -4 71 17 -3 -4 -9 -12 
13 28 -52 -25 2 4 5 20 
-11 -35 3 1 -6 -12 6 -24 
-5 1 -18 45 -2 1 0 -10 
1 28 8 -13 7 3 -18 -1 
1 -6 -3 -16 -7 1 -4 -14 
21 -21 21 -6 -8 -6 21 14 
-17 31 -51 -6 -5 -3 17 28 
1 -30 5 -15 4 0 -20 -13 
-15 0 18 24 3 0 -21 -14 
-3 -7 -28 -18 -8 1 36 2 
16 2 -14 -14 -3 -2 -21 -19 
-4 -17 -15 17 -1 -1 12 5 
0 -1 -16 -26 -2 -5 -4 6 
-8 -2 47 25 0 3 -13 -16 
0 3 33 37 3 0 -2 9 
1 4 -45 -39 -5 0 4 8 
4 -28 -21 -21 0 0 8 -11 
-26 -6 -26 -21 -14 -3 -8 -1 
-1 7 10 23 12 0 3 4 
15 -12 27 1 8 5 -1 2 
-28 -6 -13 20 -12 -9 -16 -11 
2 9 -18 -4 1 4 14 3 
10 9 -16 -32 -14 -2 -6 -12 
-3 -10 16 29 13 2 10 29 
-2 7 -3 -29 4 2 5 -25 
-4 -6 19 12 -1 -4 -36 -17 
-10 11 -18 -27 -9 3 33 24 
3 -5 -19 8 2 0 -9 17 
33 15 19 6 4 11 25 17 
-11 11 -18 21 5 -15 -39 -44 
-21 -26 22 -3 -13 -3 -6 -14 
6 4 -12 -1 1 2 1 -7 
8 38 14 29 3 -6 4 22 
-7 4 5 -39 2 8 4 -5 
6 11 49 3 -6 -4 -9 7 
-22 -20 -85 0 -2 1 7 -5 
-11 -16 25 12 -12 -8 -4 -1 
21 4 4 -14 15 4 4 14 
-3 12 6 26 7 1 -9 -13 
-4 -4 31 -37 -13 -8 -33 -5 
5 8 8 -6 -1 9 52 -5 
-13 -52 -58 -12 -5 -4 -12 8 
3 10 10 -2 1 4 6 15 
7 25 30 11 2 -10 -24 4 
14 0 4 6 1 -2 -4 0 
-17 24 62 25 -2 5 32 -33 
12 -24 -65 -22 2 7 15 20 
-23 -6 0 -2 -6 -10 15 4 
-9 4 13 3 1 0 -19 -25 
26 8 2 6 -6 -7 -17 7 
-32 -8 16 8 13 3 -16 -23 
13 41 -1 -2 -1 9 21 7 
-1 -30 -45 -29 -5 -5 -9 14 
-18 0 18 -22 -6 -1 2 4 
22 11 23 22 3 -3 -4 -2 
-4 -33 -21 -2 -8 -4 1 -3 
-9 -16 7 -1 7 0 -2 -4 
9 20 1 12 4 5 2 11 
-2 14 -8 0 -2 4 -29 6 
-29 -29 -51 -22 -10 -2 52 -7 
30 -2 -19 -5 -7 -5 -1 17 
-12 -29 -33 -9 0 -4 -2 -28 
11 -11 10 -6 -6 -4 -4 25 
-5 -6 22 14 5 2 -15 -16 
-7 14 38 3 0 -1 -30 -3 
22 -6 -30 -18 0 6 52 68 
-22 -15 19 -3 -11 -8 -1 -72 
5 -35 -27 23 -9 -7 -12 -7 
0 28 20 -11 2 -5 3 -3 
-6 -2 7 -3 0 -5 -27 3 
6 29 18 2 7 5 1 19 
19 12 7 1 5 7 7 12 
-1 -9 -20 -7 -11 -14 -12 -24 
-11 21 6 -2 11 3 -15 -5 
14 -37 -32 -12 -12 -8 26 20 
-5 28 27 17 8 1 -27 -13 
1 -15 1 10 -2 7 21 7 
21 27 31 -1 5 -1 -2 3 
-8 -7 -6 -7 -8 -5 -8 -22 
-8 4 -16 -14 1 3 -2 -3 
0 -21 -38 -7 -11 -7 -5 16 
