#EMG
#6
#ID:6-12
4 2 6 9 1 -1 -5 -15 
-4 5 1 1 -2 0 0 1 
-2 -7 -4 -15 -2 1 1 -3 
3 5 -4 -2 -5 -5 -9 1 
1 -19 -5 -5 0 0 0 9 
0 5 -1 6 4 5 2 12 
-6 6 7 2 -2 -5 -7 -11 
-7 0 -13 5 3 6 1 -10 
0 -7 2 9 -3 -1 3 18 
0 0 -2 -12 -3 -1 -3 -21 
9 -7 -4 2 -1 -2 -3 1 
2 -6 0 -3 0 1 2 -2 
-6 5 -7 0 2 3 -2 9 
-4 -6 14 -1 -1 0 -1 4 
-13 -8 -26 -9 -7 -5 0 -10 
3 0 10 6 0 -5 -10 -2 
-6 7 -5 -1 -3 -2 -1 -16 
-6 -12 0 -8 -1 -1 1 20 
3 10 11 0 2 2 -2 -14 
-12 -26 -2 5 -4 -10 -8 7 
12 12 3 -2 3 3 5 -7 
0 3 3 6 -2 -3 -2 -9 
-2 -13 -6 0 0 -3 -3 -8 
6 8 -25 -26 -3 2 1 8 
-9 6 -3 -10 -1 -3 -1 -6 
-3 -9 2 6 -5 -1 -7 -9 
1 -7 1 7 0 0 6 10 
6 5 3 8 -2 1 2 8 
-7 -7 -11 -8 -7 -6 -9 -19 
2 5 6 -5 1 2 5 19 
2 -7 -18 -1 -4 -4 -6 -11 
-7 13 18 2 2 2 -2 -15 
2 -5 -23 -4 -1 1 11 17 
0 6 5 -1 -1 -5 -5 4 
-3 2 11 9 0 -1 3 5 
4 4 2 -1 0 0 -1 -2 
1 0 0 6 2 2 2 5 
-2 2 -4 -18 -2 0 -3 -6 
0 9 -11 -7 -2 -3 -7 -14 
-14 -2 13 7 -1 0 6 -21 
4 -1 6 2 -2 -2 -4 20 
0 -1 -6 4 0 0 7 10 
4 5 -1 2 0 -1 -5 3 
-2 -8 14 0 -1 0 -6 -6 
-16 -4 -23 -5 -4 -3 -1 -26 
7 2 1 1 -3 -2 2 10 
-6 1 15 -1 -1 -2 3 2 
6 -7 -21 4 0 4 3 7 
-4 4 12 -2 2 -2 -5 -13 
1 8 13 -8 -7 -7 -5 5 
2 -3 10 9 -2 -2 -8 3 
-14 1 7 7 0 -2 6 -13 
1 -12 -13 -3 0 2 -1 -8 
-1 -9 -17 -7 4 4 6 2 
5 4 -1 -9 -1 -2 -6 1 
-6 -6 25 18 -8 -10 -36 17 
6 -4 -7 1 0 7 62 10 
-16 -5 -14 -26 0 0 -27 -25 
3 -6 29 2 -1 0 24 3 
-2 -8 -29 1 -2 -5 -10 -40 
14 -16 -4 -14 -4 -8 -17 47 
-6 3 10 18 1 -1 -8 -2 
2 9 28 3 3 6 11 -15 
9 0 -15 -19 2 3 4 4 
-14 -7 5 1 -7 -6 -10 23 
28 7 5 -5 -2 0 6 -25 
-16 -8 -54 -6 -1 -10 -70 9 
0 26 39 19 2 13 83 -9 
-19 41 -33 -17 0 4 -2 1 
19 45 -5 15 -2 -6 -3 -7 
-6 16 11 -6 -1 4 3 1 
-5 -27 -17 -10 0 -6 -23 7 
4 -37 19 3 1 -3 -11 -26 
0 -22 -10 -22 -3 0 12 -1 
-4 -32 -21 9 -2 -1 5 17 
11 -16 -17 -7 -1 1 -12 -5 
9 -5 45 9 2 0 -13 -8 
-11 -6 -6 -2 -1 1 4 5 
-10 -15 -27 -5 -3 0 3 6 
2 14 3 4 0 0 2 8 
-18 0 17 -4 -2 -7 -14 -49 
6 41 6 10 1 -3 -10 21 
7 -13 -4 -18 1 2 10 -2 
21 14 14 3 -5 -2 24 57 
-11 17 -6 1 -2 -7 -23 -53 
16 -36 -22 5 2 7 4 -7 
-29 7 39 8 -2 -4 7 -3 
5 14 -16 -11 -1 -2 -19 26 
-10 1 22 9 -1 -4 -32 -34 
-11 0 -4 11 -3 4 57 25 
30 -8 -23 -4 -2 -3 -1 -7 
0 1 -20 -11 1 -1 -5 0 
-30 1 52 26 2 3 7 17 
2 -13 -32 -6 -3 0 -11 16 
-7 7 8 10 -2 -4 -5 -33 
-8 3 -5 -29 0 -3 -2 -9 
20 6 36 7 2 4 12 9 
-27 -11 -71 -7 -6 -6 -20 -8 
6 -2 26 8 2 8 8 57 
8 -7 -4 -3 -3 -9 -2 -55 
-12 5 -15 -4 0 -4 -6 -18 
8 7 40 -11 2 0 -5 11 
-14 -1 3 8 -4 -5 3 -5 
-16 0 -8 -15 1 -1 -34 1 
35 -11 -18 -4 -1 0 29 29 
-21 -16 2 -8 3 2 -3 -16 
12 12 9 4 -13 -14 -8 1 
-24 2 9 4 4 2 -14 -20 
10 7 -45 -16 -2 2 7 18 
-2 7 57 32 1 -3 -7 -4 
6 12 21 1 1 -1 -7 -22 
19 -12 -29 -9 -6 -2 7 32 
-3 -58 -25 -21 -11 -10 -9 13 
-12 14 -7 -2 7 9 9 -32 
26 12 22 -5 -3 -9 -17 10 
-6 -12 5 3 -1 -1 19 10 
17 16 11 4 2 0 -5 9 
-2 -11 7 11 -8 -7 -6 -6 
3 -18 10 6 9 11 4 5 
10 -2 -37 -30 -5 -4 -1 -20 
-53 -14 32 25 -4 2 -3 -19 
-31 9 7 -8 2 -6 -44 -46 
32 4 -23 -10 -4 3 50 33 
14 3 -12 15 4 -2 -1 29 
-19 14 4 2 -2 1 10 -23 
14 -8 -13 -3 -3 -5 -16 29 
-18 30 -12 -10 4 -1 -17 -18 
-13 -23 25 -23 -7 -2 -13 -24 
10 -1 15 16 1 -2 11 21 
7 36 4 -19 -3 1 8 6 
-3 -9 -12 5 -4 -5 -18 -29 
-22 29 25 16 -3 2 3 -4 
13 58 -19 -16 8 1 -17 3 
4 -43 49 12 -5 -3 6 5 
14 25 -25 -7 -1 -6 18 29 
-20 -25 -13 28 -3 -4 -12 -36 
-13 -20 -88 -31 -1 0 4 4 
-2 -3 3 0 -2 0 -3 -26 
-16 -16 46 -9 -5 -2 -6 23 
-1 5 22 42 3 -2 4 2 
-10 -23 -29 -14 -3 -10 -27 -25 
5 6 -8 4 -1 -4 -8 13 
-8 5 -8 -11 0 6 21 -11 
6 -8 -19 -42 0 8 -4 -5 
37 -7 33 38 -2 -4 -54 40 
-31 24 15 -10 -2 -4 53 -8 
-52 -37 -86 -33 -3 -4 -48 -37 
0 6 -1 -6 2 5 43 2 
-6 3 54 35 -7 -5 -5 -42 
23 -8 -19 0 7 4 -20 9 
-3 2 23 -1 -7 -11 3 -14 
5 23 -23 -8 3 3 -6 17 
15 57 -20 -21 -1 3 -22 22 
6 -11 10 14 -5 -1 29 9 
-11 0 -5 3 2 9 17 -16 
-5 -20 10 -11 -7 -15 -22 -13 
18 2 -7 -4 4 6 26 22 
15 33 -21 -9 -13 -17 -35 17 
30 -10 -25 -8 7 5 -31 -4 
-15 5 37 23 -2 5 38 18 
-7 -30 30 14 12 1 -13 -37 
-6 32 -10 -18 3 7 34 25 
2 7 8 2 -2 -1 3 -17 
28 7 7 27 1 -3 -18 27 
-8 -8 -5 -30 -3 4 9 2 
-4 -35 -16 -13 2 -6 -18 -28 
0 22 -29 1 -7 -5 9 28 
-14 29 44 14 -1 -3 -15 -22 
-12 -14 -16 14 -2 1 6 -14 
32 66 49 9 5 10 18 52 
-7 -13 -28 -18 2 8 4 -24 
-30 -37 -43 -26 -7 -12 -41 -39 
2 8 21 16 4 -2 33 22 
-8 -50 -50 -7 -4 -2 -16 -19 
28 13 21 8 -1 2 19 25 
7 10 12 8 -1 -23 -104 -19 
7 -20 -32 -23 -3 30 101 65 
-38 -12 12 -7 0 -3 -43 -49 
7 -9 42 31 2 -5 -3 13 
30 -11 -8 -18 2 13 14 34 
-13 -5 26 17 -6 -16 -39 -56 
-32 -60 -21 2 -5 -2 0 7 
15 26 -32 -26 -1 4 12 -10 
-5 20 40 35 7 6 3 8 
23 9 -29 -32 -5 -7 -7 10 
-8 -35 -4 -22 -6 3 25 -1 
-16 -35 -20 3 -3 -16 -40 -27 
-4 -55 -2 -10 -6 -1 60 16 
-17 -11 -36 -23 -2 -5 -27 -7 
-2 17 56 39 5 -1 -11 -29 
30 2 14 -13 -7 -11 -20 38 
-44 -6 -23 -4 -3 2 31 -33 
12 9 36 -6 3 -2 -37 28 
7 -28 -66 -15 -3 -1 -10 -20 
-18 -5 28 26 -2 9 57 6 
13 16 74 13 -1 5 4 11 
-9 -54 -81 -3 -7 -11 -22 -26 
-2 27 -23 -15 -2 -5 4 21 
-28 14 -13 -11 -3 -10 -64 -36 
14 37 -24 -32 3 12 68 30 
5 17 14 31 0 5 34 -12 
35 9 23 10 1 -4 -3 44 
-27 -49 -14 7 -5 0 -15 -6 
-2 4 -6 -2 1 4 12 -44 
56 22 19 -7 3 1 -27 60 
-50 -30 -29 9 -5 3 24 -50 
14 -2 27 -9 0 -9 -8 2 
-4 21 13 19 3 -4 -27 16 
-8 -8 -82 -29 -1 0 -10 -32 
9 18 77 29 1 -9 -49 13 
-1 19 34 17 2 18 74 28 
-8 -42 -78 -35 -5 -4 -18 -15 
-42 0 4 -3 -5 2 34 -32 
32 -35 -41 -17 0 3 15 39 
-12 20 59 18 4 -2 -29 -7 
8 -3 -4 -2 -2 -2 -11 -12 
-13 3 -25 14 -4 -1 -7 14 
-11 3 -24 -25 -9 -19 -33 -34 
34 5 13 13 4 4 1 20 
-41 -8 2 -38 -6 2 5 -21 
16 8 13 -1 -3 -13 -15 -2 
3 9 8 0 3 4 9 -23 
-8 -13 -24 7 1 -21 -70 -1 
19 -6 -16 7 -2 4 35 40 
-33 1 26 16 2 10 10 -38 
9 -10 -28 -16 -6 1 21 60 
2 -16 -10 -23 -7 -13 -9 -29 
6 0 -1 18 4 -4 -30 -30 
-8 91 88 7 -4 -3 19 5 
8 -5 -9 -15 0 3 -29 -7 
-33 19 33 -4 2 9 30 3 
6 -55 -21 7 -9 -11 -14 6 
16 -20 16 22 5 -7 -39 -6 
-25 14 27 10 4 11 25 -15 
-12 -6 -43 -32 -6 0 30 23 
16 -14 15 8 1 -6 -28 1 
-5 -45 -18 -3 -1 0 45 -1 
-14 12 -10 1 0 -2 -21 24 
13 -7 -42 -18 -4 7 24 -48 
2 22 -10 -9 -2 -5 -19 -9 
-13 -3 -25 -17 -2 -4 2 39 
16 17 78 17 -6 -12 -7 -29 
2 22 -44 7 4 3 12 22 
-8 29 4 -5 -3 -5 -25 -10 
0 20 -10 -41 -2 3 -15 -3 
5 10 0 34 5 12 76 -9 
2 -15 -14 8 -8 -16 -59 -28 
1 5 -5 -12 6 13 50 19 
26 -6 85 26 5 6 1 38 
-8 -18 -65 -21 -4 -6 -31 -11 
-3 -7 0 -9 -5 -7 -20 5 
16 18 62 24 0 0 -11 -4 
4 -9 7 -10 1 -2 -19 -15 
3 7 -10 11 3 9 48 5 
-5 24 21 -15 1 0 -4 10 
-10 10 -22 5 -4 -5 -30 -29 
4 12 40 3 -6 -8 53 27 
-10 14 -30 3 -1 -10 -60 1 
1 -5 18 5 4 9 65 12 
3 -9 -76 -25 -5 3 11 11 
16 19 29 8 0 -9 -36 -36 
-3 -19 -35 8 -4 -6 -10 -8 
-12 -13 -21 -4 5 14 21 2 
2 8 81 12 -4 -3 -16 30 
-4 -22 -46 -13 -3 -5 10 -16 
-14 -18 -27 -11 -4 -4 -7 8 
8 57 39 1 10 3 -14 -35 
-7 -39 -13 6 0 -10 -58 -12 
-1 -8 13 -5 -6 7 64 1 
21 -60 10 -17 -3 0 1 39 
-11 22 -7 40 6 7 17 -25 
-6 -5 41 -8 -6 -13 -15 -19 
8 34 -56 -19 1 3 -9 11 
-7 -9 35 3 0 -7 -6 -9 
11 -32 5 4 -4 0 -4 33 
15 21 -27 5 3 7 17 -1 
-22 -30 12 17 -9 -20 -32 -45 
2 32 7 -25 -5 6 16 13 
-9 -6 -28 -3 -4 -10 -19 6 
-3 -15 -31 -17 0 3 14 6 
-29 -9 19 -3 4 1 -30 -3 
25 68 85 27 12 12 31 6 
4 28 -44 -10 -9 -6 -10 -9 
14 42 53 30 -1 3 26 1 
-21 -73 -53 -19 -5 -4 2 -8 
2 19 5 -17 2 -3 -33 -3 
-11 -16 35 14 -2 4 43 10 
-7 -25 -65 -15 -4 -7 -4 9 
8 23 21 18 4 -4 -70 -18 
9 -19 -4 -11 -3 10 70 14 
-5 -12 -4 2 4 -1 -17 -23 
-7 -15 -32 6 -6 -11 -12 8 
0 -3 23 3 6 5 -21 -9 
28 57 6 -9 -3 4 -1 13 
-6 -9 23 0 -7 -2 4 16 
11 54 50 12 4 2 1 -7 
-13 0 -21 -20 -9 -8 1 -16 
-6 -30 -9 21 6 1 -12 -17 
2 -9 -69 -27 -6 -4 -32 -3 
-3 -17 -47 -29 3 8 52 47 
-15 44 0 17 -10 -1 36 -6 
-26 -39 -11 -4 -1 -8 -23 -29 
5 -85 10 -3 -4 -4 -7 18 
5 48 59 18 4 -4 -45 4 
3 -34 -66 7 7 14 44 -23 
-13 -33 -28 -2 -18 -21 -37 25 
2 -44 26 -3 8 4 18 -22 
-23 -28 -36 -42 -10 -4 -8 -11 
13 24 -10 -7 -3 3 10 25 
0 86 93 -4 -1 -9 -40 -20 
3 25 -19 33 0 1 -2 8 
0 -21 7 -4 8 2 8 46 
7 -20 -29 -37 -13 -15 -11 -48 
-25 -74 -47 7 2 6 8 -25 
12 14 64 12 -1 0 -4 21 
-8 -56 -62 11 -7 -4 -2 -34 
1 -17 -24 -6 3 3 -27 22 
16 37 16 -14 -4 -4 1 -23 
-4 6 -85 -53 -10 -2 19 9 
-16 -25 56 23 8 -2 4 -19 
-24 -14 -31 -12 -14 -12 -13 11 
9 3 30 45 9 6 14 0 
-20 -16 11 -5 10 7 2 -23 
16 -1 15 8 -2 -18 -60 18 
-11 -4 26 14 -4 10 88 25 
-11 -27 -42 -14 -1 -3 -2 -35 
-25 1 -15 -22 0 1 -13 -42 
17 64 98 27 -6 -5 6 28 
12 -25 -14 8 4 -4 -28 -29 
3 2 23 -2 4 8 -14 30 
2 -2 -28 13 -6 -14 -1 6 
-10 -40 -57 -26 -8 -2 8 -47 
17 12 44 -3 0 -4 -11 49 
-42 -22 -3 -4 5 15 29 -35 
8 30 -53 -29 -4 -10 -18 -43 
-1 25 30 14 -5 3 17 39 
15 -14 -5 -10 0 -8 -11 25 
15 -4 -21 2 3 -1 7 -4 
8 12 76 -6 -8 -5 -27 -12 
-29 0 -75 -22 0 6 16 -3 
-18 -14 4 31 18 24 18 -15 
41 -8 -27 -8 -14 -23 12 51 
1 -12 28 -2 -2 0 14 23 
22 10 6 0 5 1 -23 -49 
-16 36 82 5 -5 -8 -31 2 
-34 -39 -16 14 4 4 -6 -23 
-1 44 22 52 5 -7 -18 -15 
8 -42 -53 -35 -7 -3 -9 -6 
11 8 -40 -12 2 1 19 46 
-10 -15 16 -12 -10 -5 4 15 
15 -52 16 16 -1 2 -14 -11 
8 50 51 10 6 7 8 -21 
-30 7 32 0 -4 -3 48 -1 
21 14 -78 6 -4 -3 -23 -41 
2 -19 25 15 4 7 -12 61 
5 -3 13 -19 -3 -7 8 -18 
21 -12 -48 5 -2 0 0 27 
0 35 19 -2 -4 -10 -6 15 
5 -4 -1 13 -1 -1 -19 -19 
-12 -1 -50 -8 0 -4 -32 -62 
-18 63 44 45 0 5 11 25 
42 43 -28 -30 3 -8 -94 59 
-12 41 -3 -75 -9 8 95 -55 
2 -15 -37 28 -5 0 33 33 
3 -17 -4 12 3 0 -38 -48 
-79 -13 15 23 -1 0 -12 -14 
23 -18 -38 -23 7 -8 -98 42 
10 43 52 29 -4 7 81 40 
1 -30 -36 -44 -7 1 -28 -42 
7 -13 15 -2 -9 -19 1 -28 
10 10 -18 -18 -2 10 46 26 
-33 -22 35 36 0 5 -14 -52 
3 -34 -31 -34 -15 -24 1 50 
22 -6 -19 -28 0 1 35 -13 
-18 -64 40 54 -6 -18 -109 -28 
-22 -69 12 3 5 15 23 -19 
-2 25 -5 -14 6 4 -10 83 
30 -6 -44 -25 0 5 56 -31 
-7 -6 25 40 -6 -14 -39 -30 
15 -20 -64 -31 -1 1 -25 26 
-9 -53 -27 -1 -5 -6 -26 -58 
-19 26 52 31 -2 0 -49 25 
14 -24 34 19 3 6 107 21 
-20 55 -13 -5 4 -19 -102 11 
-17 -10 -31 -46 -1 19 72 -11 
16 3 67 26 4 8 21 -25 
-2 18 -48 -18 -4 1 19 1 
2 -9 -6 -36 -6 -9 -37 31 
24 -12 40 46 7 -3 -8 -30 
-7 -4 21 13 -8 -9 -51 5 
-25 -47 -33 -6 -3 2 19 -4 
9 -23 39 -22 -2 2 29 19 
-11 -6 -38 -4 -2 -11 -60 -19 
-16 -9 -18 -16 4 7 27 -1 
-5 19 5 12 5 4 0 24 
11 -30 -22 -20 -7 -2 5 -22 
9 23 35 -8 -4 -5 12 -10 
-1 -14 35 13 1 -6 -20 19 
-7 37 -29 -7 6 3 -26 6 
-16 -2 -3 5 -2 5 38 1 
9 -78 -19 -19 -8 -15 -17 -13 
-12 -19 -31 -1 1 -3 15 -18 
38 46 18 0 8 10 -43 22 
-7 5 29 19 -4 -7 31 2 
-2 22 -20 -4 4 -4 8 -12 
-14 -27 -12 -26 -8 -3 -13 12 
16 5 1 -10 -7 -8 17 -9 
-7 52 -29 -11 2 2 -13 -10 
-36 19 56 18 -3 1 -26 13 
8 3 -67 -17 -2 -2 7 -17 
-33 -6 7 -14 0 6 44 12 
38 5 -8 16 4 -19 -75 8 
18 36 8 9 2 31 110 14 
-21 -8 -1 -1 0 3 3 -15 
-7 -18 54 1 -8 -5 -13 3 
-4 5 -61 -9 -5 -10 5 -27 
2 16 32 23 10 0 -54 10 
-17 -16 3 -21 -2 1 -15 -20 
10 13 -27 5 -5 -3 -7 5 
20 -46 44 12 1 3 45 30 
-3 46 6 -37 -6 -11 -36 -42 
-34 69 31 16 0 7 34 3 
9 10 -9 4 2 -4 -23 -16 
-2 -1 -1 -3 1 6 41 31 
-7 -29 44 24 7 -1 -33 5 
29 -2 -59 -9 -7 -10 -8 -2 
-19 -46 -23 -10 -10 0 48 -7 
-9 -2 -6 -4 2 7 26 8 
16 6 -10 10 3 1 0 -12 
-8 -9 20 -28 -11 -11 -37 -17 
8 24 2 6 2 3 17 40 
-8 -34 -31 -14 -6 -1 -6 -21 
-5 -17 -12 -16 -8 -4 -4 -7 
17 -7 17 17 6 -4 -19 6 
-9 -19 -23 -16 -7 -9 -8 -15 
-9 5 22 1 8 10 2 -27 
17 10 22 11 -2 -5 -25 44 
0 -100 -42 1 -9 -5 30 -4 
7 83 18 -13 7 6 20 13 
-9 4 -6 -10 -5 -9 -41 -30 
4 -16 -22 37 -5 0 27 18 
6 -13 -6 2 -1 -3 -22 -9 
5 -13 27 -10 -2 -6 -10 -5 
-11 -3 28 21 4 4 14 12 
-6 -32 -50 -19 0 -5 -19 -18 
-3 42 40 -24 -5 8 45 34 
25 -14 -16 38 5 3 -17 24 
-26 -17 -11 -6 -1 -2 6 -24 
7 11 54 13 5 -1 -4 -5 
1 14 -2 -7 -3 1 -3 -14 
-22 -4 -22 -10 -1 1 8 1 
20 -9 -6 3 -2 6 9 47 
-3 20 47 8 4 -5 -11 -66 
-8 -6 -39 10 -3 -2 1 31 
-13 -16 11 -6 -6 -6 -2 -11 
-4 -2 -19 -2 -3 0 5 0 
-5 17 -5 -10 0 5 18 26 
17 16 13 7 6 4 -8 -8 
-12 -20 -16 -14 -2 -2 -1 -38 
-3 11 25 22 -3 -6 -5 24 
20 -4 -23 -11 -2 1 4 18 
-6 0 -10 -4 2 -3 0 14 
-8 -12 -4 -9 -6 -2 -15 -45 
1 19 11 -12 -2 -2 -8 -17 
4 5 -23 -11 -3 -2 6 22 
1 1 24 10 0 0 3 -10 
-6 -7 16 6 1 -2 -2 14 
11 4 -14 -8 -4 -4 -4 18 
-12 -15 -29 -23 -8 -5 -5 -30 
3 5 4 -4 5 5 5 2 
6 3 6 10 -1 -2 -4 -6 
-8 -8 2 2 -1 -3 -7 6 
21 1 0 6 2 0 0 6 
-9 0 0 -6 -2 0 6 5 
-4 3 -2 10 1 0 -3 -4 
0 -10 -5 -18 -2 -3 -7 -18 
3 34 3 4 -1 2 12 18 
-7 -20 -5 -1 -2 -5 -18 -16 
-5 -11 -16 -1 -4 -6 -6 -11 
15 6 30 19 5 1 -1 4 
-10 -4 -15 -7 -1 2 -2 -6 
5 -11 -12 8 1 2 6 14 
-4 15 31 -14 -4 -3 -3 2 
-9 -2 -11 4 -1 0 -1 -9 
-12 -8 3 -1 -3 -3 -1 -8 
-1 2 2 0 -1 -3 -1 -9 
1 -4 -17 -10 2 1 -1 -2 
3 4 4 1 -2 -2 -3 0 
1 1 -2 7 0 -3 0 6 
5 9 9 4 1 1 1 1 
-9 -9 -17 -24 -3 -3 -3 -1 
1 16 13 -5 -1 -1 -2 -18 
-1 -11 -8 1 -3 2 1 10 
4 6 5 5 1 -3 -4 4 
-5 -9 -1 5 -2 -2 0 -2 
0 0 2 4 2 2 1 2 
-8 -8 0 2 1 0 -3 -11 
6 -5 -11 -5 -2 1 9 -5 
-24 2 2 -2 -2 -3 -11 -2 
-3 3 7 0 1 -4 -13 -17 
18 0 2 13 -2 2 -2 -9 
-12 -3 -15 -31 -4 -1 0 16 
18 -3 -7 8 1 3 6 17 
-10 -9 -4 -1 0 0 3 -7 
3 3 3 3 0 0 0 0 
-17 -14 2 0 -1 -2 1 27 
2 37 5 -16 -4 -4 -7 -33 
-6 0 -5 -9 -5 -3 -6 2 
-10 1 -5 -6 -1 -2 -3 -21 
7 -2 6 9 -2 -2 -2 -7 
5 -10 2 6 2 3 7 34 
6 -1 0 4 -4 -3 1 7 
-8 -14 -23 0 -2 0 0 -17 
-5 10 0 -22 -1 1 -4 2 
13 -4 0 9 -2 -3 -2 12 
-8 -5 -4 -3 -2 -1 1 -13 
6 5 12 15 2 -2 1 9 
-9 -5 -8 -9 -2 1 -4 -19 
0 -9 -11 4 -2 -1 1 5 
4 -4 -3 0 -3 -1 -2 0 
-11 2 2 -11 -7 -4 -2 -6 
2 -2 2 3 1 0 -2 9 
1 -4 0 -4 -3 -2 -1 -14 
-2 -10 -14 -9 -5 -3 -2 13 
-2 23 2 -3 2 4 3 5 
-3 -3 -4 7 -2 -2 -4 -23 
6 -26 -17 -6 -5 -3 0 48 
-13 8 12 4 1 1 -1 -22 
-5 -1 -4 -15 -6 -3 -6 -2 
-3 -9 -2 0 0 0 0 -14 
1 2 2 0 0 -2 0 -4 
9 3 -1 -3 -4 -1 1 10 
-9 -9 -14 -9 2 -1 -3 -3 
0 -2 0 4 -3 -1 -1 4 
1 2 15 3 1 1 5 4 
-2 -13 -6 -3 -1 -3 -7 -22 
-3 -7 4 -4 -2 -3 -3 -2 
8 6 0 7 1 0 1 6 
2 1 -4 -1 1 0 -1 -5 
-18 -6 1 2 0 0 1 -8 
-2 -7 4 14 3 1 0 11 
1 -4 -15 -11 -5 -4 -3 -2 
-1 6 1 -3 -3 -2 -3 -15 
6 12 8 -5 0 0 1 9 
-2 6 -4 4 2 0 0 -12 
-2 -2 12 8 2 3 7 59 
5 20 5 -2 0 -3 -14 -57 
4 -19 -15 -9 -4 -1 3 4 
-3 -10 -13 -11 -6 -5 -2 11 
7 11 12 3 -1 -3 1 -8 
-11 -11 -1 0 1 0 0 14 
8 5 6 3 0 -1 -2 6 
-1 -17 -4 -4 3 2 -1 -3 
-5 -2 12 4 1 -2 1 -8 
-10 0 -17 -3 0 0 1 -2 
7 -2 -13 -3 -5 -3 -4 -8 
0 -6 -2 -7 -5 -3 0 2 
4 6 2 7 -1 -1 -4 -9 
-3 -3 3 0 1 2 1 2 
0 3 0 3 3 0 2 -1 
13 8 19 0 1 0 1 19 
-12 -3 -16 2 0 1 -4 -27 
-3 0 0 -7 -5 -4 -2 1 
6 3 -7 -2 2 3 2 9 
-17 -2 8 3 0 -1 -7 -11 
14 -8 -2 4 -4 -4 1 7 
-6 -9 -3 -3 -4 -3 -1 -17 
-2 -3 -7 0 1 -2 -2 11 
1 -4 4 -4 -4 -1 0 14 
13 4 9 -1 2 2 1 -3 
-8 1 -12 -1 -2 -2 -4 0 
1 -2 4 2 0 0 2 3 
3 4 -5 -4 -2 -3 -2 -12 
-19 -1 -6 -6 -2 -2 -1 1 
0 -3 2 18 2 -1 -3 -3 
0 -6 -3 -12 -2 0 0 -8 
6 0 -4 -2 -2 -3 -5 -22 
-14 -15 8 0 2 3 -1 -5 
-2 3 -3 -2 1 2 4 -2 
4 -5 -10 5 -5 -3 0 15 
-3 14 13 1 2 0 1 2 
5 1 1 2 -3 -3 -2 -1 
4 -3 6 0 2 0 -2 -1 
-2 23 10 0 -2 1 -1 5 
-6 -17 -22 -11 -2 1 5 7 
-5 0 -10 -4 -2 -3 -7 -25 
7 4 6 -8 -1 -2 3 16 
-5 -25 -8 -6 -4 -6 -6 -13 
9 16 18 7 3 2 3 4 
-14 3 0 3 -1 0 -2 -5 
-12 -14 -5 6 3 1 -3 -36 
3 -8 9 -7 -3 -4 -3 24 
-7 -13 -10 0 -3 -1 0 9 
4 11 -4 -8 -4 -3 -3 16 
6 10 10 -2 -3 0 7 -7 
-6 -9 -26 3 4 -1 -7 -17 
