#EMG
#5
#ID:5-10
-4 0 -2 6 -2 -1 -16 -9 
3 -10 -2 -18 -6 -4 -15 -22 
19 0 5 2 -2 -4 2 31 
-13 -7 11 6 1 10 15 -2 
-4 20 35 12 -1 -4 10 -3 
5 -1 -33 -5 2 2 -10 -11 
19 -3 11 -2 -3 -5 -9 -10 
7 -11 12 1 0 0 -5 21 
-8 -11 -60 -20 -2 0 11 13 
-10 -7 28 23 -1 -7 -40 8 
-5 -8 -2 -6 2 10 46 -30 
4 16 22 -8 -1 2 -3 11 
0 3 9 5 0 -11 -45 -16 
17 3 2 -4 -1 6 41 22 
-30 -22 1 4 -4 1 -11 -8 
11 3 7 0 -3 -4 12 -19 
12 0 -67 -18 -5 -2 10 22 
2 -27 8 15 2 2 -10 -1 
-9 25 35 1 0 -2 -15 -13 
-10 17 -19 0 0 0 4 17 
-4 -5 28 0 -7 -14 -36 -10 
5 4 -9 -7 -3 2 37 -25 
-8 -20 -21 -9 -3 -2 -3 28 
12 4 12 1 1 1 -6 1 
-9 -14 16 2 -2 -1 -34 3 
-11 9 8 1 2 7 30 6 
-6 -8 -8 -4 -4 -8 -25 -17 
1 6 -24 -4 2 1 13 6 
6 -3 4 1 -2 1 17 3 
-27 -10 12 10 0 0 -7 -35 
22 16 4 -11 0 3 0 18 
-6 -1 -21 -1 -7 -13 -11 12 
-5 -31 -36 -4 -1 -1 10 2 
15 27 13 -6 -3 -14 -25 6 
-9 -5 -27 -11 0 2 -15 -22 
-1 -1 19 8 -2 -6 2 3 
-2 11 -4 -9 3 5 11 -7 
4 -6 -9 0 -1 -5 -40 -7 
5 5 22 3 -1 7 47 19 
-8 -14 -9 2 0 3 -20 -24 
-15 2 6 1 1 1 32 -1 
4 -16 13 2 -2 -5 -11 19 
-2 11 10 2 -2 -8 -19 -29 
-6 -9 0 -22 -6 0 18 10 
2 10 24 21 3 8 -5 4 
5 -18 -36 -13 -1 8 17 37 
3 6 22 7 -2 -22 -19 -18 
-11 -14 -26 1 -1 -7 -33 -23 
6 3 -22 -18 -3 9 49 -1 
-3 8 37 1 -3 -5 -30 -3 
15 6 -10 1 0 16 79 15 
-4 16 34 5 4 3 -13 2 
-10 -27 -7 1 -1 -6 -69 -27 
-26 22 9 7 0 -4 -29 -28 
6 -20 -1 -4 -3 -6 54 55 
5 25 -5 2 4 8 2 -18 
4 -50 55 12 2 7 22 7 
-12 49 -35 -3 -3 -11 -17 -7 
-15 -40 -45 -6 -5 -9 -23 -8 
13 53 1 -27 -5 10 48 4 
5 23 9 8 1 -2 -16 16 
-41 -19 15 6 0 -4 -18 -33 
-12 12 -38 1 3 3 -29 7 
10 -26 -11 1 -6 -1 22 14 
13 8 -9 -11 -1 -6 -5 -13 
16 12 41 5 0 2 17 13 
2 -7 1 -1 0 2 -8 -6 
-20 -9 4 -1 -2 -1 -5 -27 
7 9 -5 4 3 -1 -5 13 
1 -31 -18 -4 -1 -1 11 -14 
-13 -33 -12 -20 -2 -4 -14 -10 
3 -10 22 20 -2 -6 -16 8 
-3 14 -19 -10 -4 -2 10 -7 
16 17 36 10 4 4 22 19 
2 -6 29 12 1 2 -23 -13 
-15 -98 -101 -5 1 -4 -2 -9 
-10 48 13 -10 -4 -1 5 3 
18 -35 31 -5 -1 3 5 10 
9 63 41 14 1 1 3 11 
-1 9 45 4 6 3 20 -10 
1 -3 18 -4 -8 -10 -15 4 
13 0 -77 -6 4 2 -6 0 
-6 -3 20 16 -2 5 8 -9 
1 16 -64 -36 -4 -18 -24 6 
-6 0 -31 10 0 1 16 -6 
4 -24 54 7 1 4 8 8 
-10 -8 -57 -28 -2 -1 -6 -3 
0 -35 12 12 -2 -3 -6 -18 
-2 28 -2 2 0 -5 -4 21 
-11 1 34 -23 -2 2 9 -26 
-4 -19 -63 27 2 -2 -7 11 
0 17 30 -13 13 10 0 28 
13 -11 57 21 -6 -8 -9 -24 
-21 -8 -76 7 -5 -3 4 -35 
8 21 -5 -28 -6 -4 -17 8 
8 42 48 6 1 3 -8 18 
-11 -13 -14 -7 -8 -9 25 0 
19 -18 -60 -25 -5 1 -19 4 
5 -10 26 4 -4 -23 -23 -11 
-20 -24 -21 4 -5 -3 -37 -9 
18 40 50 -9 9 22 104 35 
-19 -32 -21 -21 -11 -6 -6 2 
-2 -14 -10 6 -3 3 -8 -28 
16 0 24 -20 -7 -8 -13 -22 
-13 -13 -32 10 5 6 -45 -38 
18 27 13 14 1 -8 13 59 
-8 3 31 -5 -6 1 6 16 
10 7 11 8 4 -4 8 20 
0 -27 -11 -2 -1 -3 -15 -18 
1 37 -21 -14 1 1 -17 -9 
7 -31 -22 1 7 9 21 -13 
-16 0 19 6 -7 -7 -3 -6 
-19 -28 -19 -14 -3 3 -3 5 
-1 -3 16 1 -3 -7 -1 7 
16 56 47 17 4 4 -16 11 
-10 -7 -5 2 -1 3 15 -10 
16 -19 -35 23 3 -4 -19 -19 
-41 -27 -26 -16 -1 -4 -3 -13 
-2 10 1 -24 -6 -1 -1 -10 
-10 -26 -3 -2 -5 5 5 14 
2 31 29 17 10 0 -31 13 
15 1 8 36 -11 -10 8 1 
12 7 -48 0 8 8 17 7 
-33 -1 -7 45 3 6 33 -22 
-6 -38 -6 -50 -18 -14 25 -17 
11 -4 12 -12 6 2 -13 21 
10 21 40 1 1 -4 -31 -15 
-15 -14 -29 3 0 3 -13 -16 
-8 5 -9 -11 -4 -11 -74 6 
0 12 19 7 -2 14 110 22 
-22 -20 9 -2 1 -6 -11 -25 
4 -6 -30 -18 -5 -7 -32 23 
7 4 11 8 -1 14 2 -4 
0 -1 -10 -10 -1 -14 -30 -15 
7 -22 0 -1 -2 0 27 19 
8 5 6 1 -3 -5 -17 -27 
-9 -12 -17 -18 0 -2 5 9 
17 20 27 13 2 -3 -45 -6 
-16 6 7 2 -3 7 24 0 
29 -20 -50 11 -2 -4 34 22 
-6 11 -15 -30 -10 -5 -6 -14 
-8 -13 -21 -1 4 -3 -63 -9 
6 19 47 -5 -3 9 56 13 
-12 -31 -8 6 1 4 22 -3 
8 11 -7 13 3 -3 13 -14 
-2 12 -9 5 2 10 2 -35 
4 -1 -27 -20 -4 -8 -27 22 
22 2 24 -9 -4 -14 -30 16 
2 12 18 15 4 3 16 -10 
-8 -50 15 -9 -5 -6 -3 40 
-19 -34 -69 0 1 2 -31 -12 
26 16 10 0 4 10 8 -22 
-25 4 24 10 -5 -9 7 -5 
4 17 12 -16 0 3 -26 5 
-8 11 56 32 -2 -6 9 -20 
-3 -1 -45 -24 -6 -3 -16 -11 
6 -21 -13 20 2 -2 -15 26 
20 20 -39 -2 2 15 39 2 
-4 -38 -16 -40 -5 -3 -19 -5 
-15 -5 -6 6 -1 -9 -1 -6 
-1 -16 -20 -16 -2 2 -2 4 
14 29 15 1 -3 -4 -1 -9 
19 15 27 20 6 1 -32 33 
-33 15 -11 1 -5 6 35 -40 
3 -25 -12 -11 -2 3 37 22 
-9 -4 -6 -1 -3 -16 -72 -34 
16 26 19 4 1 6 82 34 
-14 43 16 -9 -8 -13 -47 -3 
5 22 43 35 8 5 3 -15 
-18 -30 -40 3 -2 12 55 21 
10 12 6 -45 -7 -15 -45 -30 
-22 -67 -15 -2 -2 0 0 13 
-4 39 37 10 -2 -5 -17 -1 
16 -13 -42 3 0 5 27 3 
-17 -16 -17 14 0 -1 -118 -36 
26 5 10 -7 -2 1 116 40 
-10 -23 -13 -29 -2 -4 -10 -10 
-8 -1 49 36 4 -2 -14 3 
-15 -15 -39 -5 -7 -5 0 -8 
13 8 -4 -9 1 3 -36 -1 
-10 -7 -38 -1 0 -5 -5 -12 
9 5 2 -34 -7 -3 16 -3 
-26 7 10 14 1 1 16 -6 
19 -4 30 28 7 6 -6 32 
-14 31 -19 -83 -6 0 -15 -48 
-2 -19 34 35 0 1 11 -2 
7 -12 24 17 -2 -18 -32 -10 
-13 -45 -33 -10 0 -4 -54 -7 
35 5 22 13 4 23 89 49 
-11 29 22 -15 -6 -14 -6 -5 
1 -71 -82 -18 -1 -1 16 -2 
8 -14 78 16 0 -4 -24 -15 
-2 7 16 16 2 -2 -28 8 
-5 17 26 9 1 1 3 -1 
4 -3 6 16 5 1 6 -2 
-2 26 2 5 2 -3 -39 1 
2 -7 2 -10 -7 0 -12 -11 
3 -22 -28 -14 -1 -13 -35 18 
-6 37 25 3 0 5 46 26 
17 34 80 26 8 9 21 -43 
-5 -40 -48 1 -3 -3 2 -5 
12 -28 -26 3 -5 -3 -7 7 
-36 -43 -39 -22 -2 -9 -64 -35 
5 77 21 -3 -2 13 73 42 
0 -74 -33 20 -4 -13 -32 -14 
-11 -10 34 -8 4 4 -10 -16 
37 41 41 9 -5 -1 5 10 
-38 -42 -18 1 1 -12 -49 -15 
3 -14 -36 -20 -2 8 58 24 
-13 -5 -46 13 -2 -2 -11 -22 
-12 6 23 2 0 -9 -18 -19 
18 34 26 14 1 11 46 36 
2 -1 -43 -38 -4 -15 -65 -29 
5 -61 47 15 -2 9 41 13 
-2 39 -16 -23 -4 5 50 -18 
-12 7 -20 7 5 -1 -10 9 
-15 35 24 7 5 -7 -31 1 
-4 -1 -6 -2 -3 -2 14 -13 
4 -51 7 4 -7 -5 -2 3 
-6 -19 -35 -9 1 4 6 5 
-11 17 24 22 4 3 12 18 
-7 22 10 -12 -5 -2 -34 -29 
14 -1 -40 -25 -9 -8 8 41 
-35 -1 -4 -26 -7 -18 -35 -22 
0 -3 44 24 3 7 66 -15 
10 4 -36 -12 1 -4 -18 6 
-6 0 -59 -17 -7 -2 -6 0 
2 -16 33 31 3 9 18 0 
-12 -24 -76 -44 -11 -4 -51 -5 
-9 12 49 28 2 -22 -11 -21 
18 11 13 15 11 23 35 12 
2 12 4 -33 4 -2 -22 -5 
13 -4 4 2 -5 -12 -69 5 
-10 34 -32 -4 -1 15 74 -9 
-29 -5 -28 -16 2 4 26 14 
15 -7 10 2 -10 -6 7 -16 
25 23 11 -2 1 2 4 16 
-25 22 9 -10 -3 -4 -27 1 
10 4 -10 12 4 4 -31 -13 
-3 -15 -35 -12 -14 -17 5 -2 
-7 27 34 34 -2 -2 15 -10 
31 -11 -26 -23 1 4 7 35 
-5 10 27 10 0 2 7 -36 
-1 1 -25 -3 -6 -6 -68 -9 
8 -21 2 6 -10 -4 24 8 
-4 -14 54 8 4 0 -2 -8 
3 -7 -52 -21 -2 -9 -38 14 
-34 -7 -28 -23 -7 4 35 -18 
21 -19 84 33 1 -2 18 36 
1 37 -36 -42 2 5 -3 -10 
-18 -27 -7 30 -1 -7 -36 -25 
-9 -6 -44 3 3 6 7 2 
1 -2 51 23 1 -12 -38 -14 
-33 -26 -51 -22 -8 8 52 31 
9 -50 26 -9 -4 -4 17 -21 
14 23 17 -2 5 1 -12 -5 
-16 -21 -47 -2 -6 5 14 -9 
18 -2 30 -3 -2 -9 -51 27 
22 -6 12 24 -1 -5 -4 19 
-19 -5 53 -1 0 -1 42 2 
-2 17 -33 -8 -2 -12 -55 1 
14 -12 42 1 -3 4 46 -38 
16 53 -64 -47 3 11 10 44 
-12 14 -31 -17 -2 -6 -17 -25 
-24 45 10 23 14 21 48 -2 
-2 87 90 42 2 2 -17 -9 
2 -8 10 10 -3 -1 39 4 
38 25 6 13 -1 -5 -7 5 
4 -7 -76 -67 -5 0 -10 -10 
-66 -27 6 36 -10 -13 -2 -18 
-7 -15 29 -24 -3 0 -15 6 
7 18 -16 -13 -1 -6 -11 12 
9 -18 53 8 -1 -1 9 6 
27 -67 -30 -5 2 0 -13 15 
-22 43 -17 -8 0 4 -2 -18 
0 -28 46 15 -1 1 8 -10 
-25 -7 40 36 8 3 -3 1 
3 34 -120 -46 -1 1 -2 -6 
-11 -41 69 57 1 -6 -7 4 
29 -38 -42 3 -4 -1 -4 12 
-13 70 -30 -55 -23 -11 -8 -7 
-16 3 -5 -1 6 2 2 -7 
13 49 11 -19 -2 -1 -8 3 
12 -48 -14 13 5 2 -26 -1 
-31 -37 -16 17 1 -10 -27 -26 
-2 -5 -29 -10 0 9 55 26 
-3 -4 17 -7 -7 -7 -1 -19 
-2 13 37 26 6 4 -16 -7 
23 -42 -73 -28 -1 -2 10 21 
-2 -40 18 42 2 -2 -22 -2 
17 9 11 -47 0 0 8 11 
5 54 -16 0 -8 5 14 -1 
-10 -49 24 0 6 0 -6 10 
10 24 83 26 -12 -15 -32 -24 
16 -34 -46 2 12 0 -3 4 
-31 -49 -64 -41 -1 0 -4 2 
2 -8 -15 -14 -1 6 9 -9 
7 33 32 -18 -6 -3 -21 7 
-59 -9 11 21 -3 -6 -14 -65 
4 -61 -26 13 -4 -6 10 38 
25 43 -40 -27 1 -2 -9 14 
-12 -54 19 17 1 5 -15 20 
-1 8 -20 -1 -8 0 10 -24 
1 39 13 3 -3 -1 25 -12 
2 -56 -38 -12 -8 -3 -21 -13 
24 34 57 13 15 18 47 32 
22 -20 -14 18 -11 -20 -13 3 
-24 0 -68 -2 3 -10 -30 -24 
-16 4 90 -1 -6 4 46 19 
10 -19 -66 -21 8 1 -43 -47 
8 -4 11 8 -7 7 24 28 
-38 -22 8 -24 -3 -16 -38 -21 
20 -70 44 34 6 2 2 -1 
-9 15 -56 -23 5 7 15 4 
-38 20 27 20 -5 2 -28 -7 
47 34 66 31 1 -3 18 27 
6 -20 -19 -47 -5 -3 0 -21 
-22 -3 -12 23 -11 -14 -4 -7 
17 27 52 6 -2 -1 -11 20 
-10 45 -6 -44 -7 7 -26 -27 
-1 21 -4 44 11 0 26 5 
8 -3 1 -14 -2 -1 19 -17 
22 10 -11 -7 0 1 1 26 
-3 4 22 6 -3 0 -14 5 
-22 3 18 4 -8 3 -3 -13 
10 -32 -55 -19 -1 -24 -45 -21 
-2 41 41 12 -2 -1 11 18 
1 -85 16 5 1 10 67 10 
-1 -3 -42 3 -5 -11 -66 -10 
16 2 70 26 9 29 105 11 
-19 -26 -87 -46 -10 -1 22 20 
6 -57 -39 -33 -11 -25 -52 -17 
5 67 41 33 10 15 17 -11 
-2 -1 -27 -33 -14 -15 -46 27 
-6 -16 15 21 9 9 21 -10 
-44 5 -17 -8 -8 2 -49 -32 
7 17 -2 -15 -12 -32 -31 -15 
9 -9 20 10 14 20 44 44 
-10 -54 -35 -15 -13 -19 -9 -55 
8 30 19 14 4 0 -20 -6 
-3 -22 2 16 7 13 23 33 
6 15 0 -21 -18 -27 -110 -14 
-4 17 20 -2 7 5 16 -11 
-14 -67 -67 -6 -1 27 127 23 
-16 41 36 6 -2 -23 -90 -27 
32 5 15 2 1 18 42 32 
-50 -87 -4 -28 -6 -8 -31 -33 
24 40 22 25 0 -20 -92 24 
-13 33 20 -19 2 9 -16 -46 
-20 -52 -23 7 -8 5 35 18 
9 25 62 44 16 30 77 23 
40 11 23 -29 -9 -28 21 38 
-40 -77 -36 -7 -2 -9 -58 -38 
26 7 -14 -8 -8 -24 5 59 
-6 -8 -31 -14 7 29 24 -58 
-15 18 58 51 3 -11 -84 -74 
-1 35 -14 8 -5 15 127 45 
11 61 -50 -15 4 -4 -31 40 
58 5 -59 -56 -4 -10 4 22 
-24 -10 -39 12 -7 -6 -83 -4 
-59 0 85 22 3 9 96 -13 
-9 4 -16 -32 1 -16 -51 -43 
-10 -27 10 26 1 0 -87 17 
27 40 78 18 18 41 56 -3 
10 -23 -57 10 -11 -35 -87 -11 
13 52 15 -2 -8 9 55 38 
8 -14 26 5 0 -28 -128 6 
-11 -12 -110 -82 0 26 110 15 
10 55 78 106 8 9 17 61 
-20 9 15 -42 2 0 1 -91 
20 53 0 46 -1 -3 -31 5 
21 -17 -2 15 1 0 3 4 
-6 5 -17 -46 -6 -15 -36 -20 
-30 -24 -10 -12 -1 -5 -59 -10 
10 -3 32 12 -10 -1 -8 8 
1 11 -34 -20 -1 -15 38 -3 
38 -39 -18 6 -4 12 29 17 
-13 10 28 -9 4 7 -19 -21 
-21 -8 8 19 0 -7 31 4 
-15 -27 7 14 5 4 -1 8 
13 -29 9 -11 0 3 -20 -4 
7 -52 -51 24 -11 -3 -1 -11 
-21 45 -30 -68 -1 -3 13 -7 
5 18 29 4 -7 -3 -5 9 
-3 -1 -15 -13 -15 -5 -5 -13 
-32 -34 -26 -14 13 4 -5 -17 
15 22 63 42 15 14 39 21 
4 -34 -4 -2 -4 -12 -27 -9 
-11 -19 -60 -53 -17 -3 8 3 
7 16 27 5 -6 -4 -5 3 
-20 -13 -1 -21 -13 -15 -10 -15 
-7 -1 -5 16 -2 -3 0 11 
22 2 23 15 17 15 4 -6 
-14 -3 -55 26 -1 0 9 -26 
-10 28 29 -55 -9 -7 -1 20 
21 7 12 19 0 0 -10 16 
-8 -13 -14 -39 0 8 9 8 
-4 -40 -42 6 -6 -14 -53 -23 
-32 11 36 -2 -4 0 38 -55 
1 -6 -10 -7 1 4 -17 34 
-11 3 -16 12 -4 -20 4 -4 
-14 -8 39 7 -1 -6 0 -5 
34 -16 -38 15 1 3 -9 7 
-16 29 68 15 10 9 -8 -17 
19 -27 -45 -33 -1 13 20 3 
25 20 31 -4 -10 -9 9 12 
2 32 -32 -1 1 1 3 -8 
10 24 33 4 0 -4 11 -8 
-6 27 -1 -1 6 3 -25 4 
-33 -23 15 -6 -7 -9 -27 -17 
28 6 -9 16 10 22 81 48 
-5 -13 2 -31 -14 -18 -2 -24 
-11 -2 -15 9 -1 -5 -6 2 
3 -8 -33 5 -4 -2 -8 -8 
-4 11 29 4 3 -3 -27 -14 
-7 -68 10 -4 -1 5 13 10 
2 0 -19 -6 1 -3 -23 6 
-1 -31 20 8 -4 -2 14 0 
-3 -15 -44 4 -5 -6 -6 17 
-26 16 -5 -8 -2 -3 -17 -23 
26 4 58 -3 -2 5 7 3 
24 2 -24 27 16 19 16 16 
-23 19 13 -17 -14 -16 24 -2 
6 22 1 2 4 2 -11 -13 
6 -11 -39 -16 -10 -18 -18 9 
-11 29 46 16 4 5 12 -11 
7 -24 -8 2 3 -5 -85 -14 
-19 0 -28 -15 -5 12 69 -2 
15 18 12 12 3 4 4 -1 
-1 -7 14 -6 -3 -9 8 13 
0 -10 -31 -17 -8 -13 -35 -6 
18 14 40 20 10 6 0 13 
-14 9 -28 -8 0 3 -1 -7 
-11 -15 -38 -3 -4 0 4 4 
-11 -18 7 14 3 0 5 -6 
5 0 -10 -10 -10 -12 -21 -8 
18 56 49 18 5 13 42 -8 
4 4 -2 1 -2 -1 -22 -9 
9 -30 -54 -24 -10 -6 34 35 
-13 11 -9 0 -3 -2 -7 -7 
-16 -18 0 -11 2 -5 -18 11 
30 25 20 21 -4 -1 -1 -3 
-40 -5 -3 4 0 1 -5 -37 
6 -8 -24 -17 -7 -5 -38 -19 
-20 -50 -18 -2 -2 -4 42 44 
9 2 13 1 -2 -3 -16 8 
9 7 46 8 4 8 29 -1 
-2 6 -60 -1 -1 -5 -5 -13 
-14 -13 -14 -7 2 0 -19 -22 
-3 -19 4 -28 -3 -2 8 7 
4 1 0 15 0 -1 -12 -7 
-8 -17 -5 -12 -5 -4 3 5 
8 -3 6 7 2 2 -8 -6 
-8 4 8 1 -1 1 15 6 
3 -3 -1 -16 6 1 -12 -13 
6 1 -9 9 -5 -4 9 16 
-7 -5 -5 7 3 1 -8 -9 
-3 -5 -10 -9 -1 -2 6 0 
3 5 9 3 -4 -1 -2 19 
6 1 -6 -9 -2 -3 1 -11 
-14 8 14 3 1 2 -4 -31 
-16 -47 -30 -8 -3 -3 -17 -31 
16 12 -10 2 -6 3 34 58 
-9 7 3 -2 4 -1 4 20 
14 -1 -4 -7 -8 -2 -6 -18 
-11 17 20 2 4 0 6 -7 
1 -7 -16 9 1 -1 -15 -5 
1 -2 -1 -3 0 1 0 1 
-4 5 -27 -29 -8 -6 -3 -4 
5 8 -26 -2 0 2 5 12 
4 -4 16 2 -5 2 -4 3 
-23 -12 29 -1 -2 -6 -9 -22 
8 38 21 13 5 -1 -7 2 
0 15 -1 3 0 0 6 0 
-4 -18 -16 -10 0 -3 -6 -5 
6 10 5 14 0 0 -16 1 
-7 -27 -5 -1 1 4 22 -3 
10 10 36 0 1 1 6 6 
6 8 -15 10 3 -5 -5 5 
-6 8 8 -7 0 1 1 -10 
-11 -16 -2 14 -3 -4 -12 -24 
6 17 20 -1 0 1 5 21 
-13 -13 5 2 -4 -4 -10 -4 
2 -30 -33 -13 -6 -2 3 12 
5 19 -3 6 2 -2 -11 6 
-6 -1 -2 -2 3 3 0 -5 
0 -6 9 -4 -2 -4 -7 -9 
3 3 -19 -8 -3 -2 2 17 
6 2 1 13 -3 -3 -3 -5 
-2 -22 -20 -43 -2 0 -4 -15 
-15 4 26 8 -1 0 -4 -7 
15 -5 14 2 -1 1 2 1 
-10 3 -8 -3 -3 -3 -10 17 
7 -2 -6 9 -4 -4 0 -18 
0 -20 -32 -11 1 2 0 -14 
-2 -22 0 2 -2 -2 4 8 
-6 42 20 -5 -1 -1 -7 4 
0 11 3 9 0 1 5 -7 
-2 5 -41 -11 0 -1 3 7 
-1 2 30 9 -2 -1 -5 7 
13 -12 7 7 3 2 4 25 
-11 -19 -24 -19 -8 -5 -9 -22 
9 13 -17 -12 -4 -4 -26 -22 
-6 18 -6 -14 -4 1 45 2 
7 -13 18 3 2 -2 -2 -12 
-28 -7 9 8 -3 0 3 8 
-13 -18 -16 -6 -4 -5 -6 -11 
14 0 17 12 1 -3 -18 11 
2 -3 -30 -13 -2 -1 -12 -8 
-4 -3 7 4 0 3 33 -15 
8 9 41 23 2 1 2 4 
-20 -16 -44 -32 -4 -2 -3 -11 
16 -7 14 -1 0 1 1 19 
11 -13 -20 -3 -1 -3 -8 4 
-12 2 18 3 -2 -1 -1 -19 
10 54 17 9 4 2 3 2 
-5 6 13 4 -2 -1 -4 2 
5 6 -10 4 3 5 -7 -1 
-7 -18 -22 -15 -3 -10 7 -2 
-4 -25 5 11 -8 -12 -35 -19 
-22 -45 -31 -25 -9 -1 26 -23 
5 14 9 14 1 -1 -4 33 
14 4 7 9 6 6 14 21 
7 13 15 -5 -2 -1 -13 -15 
-10 -17 -28 -12 1 -5 -7 0 
2 7 15 10 -1 2 1 -1 
-39 -2 11 9 1 -1 -6 -32 
-4 -28 -23 -8 -3 -5 -2 14 
21 16 18 9 1 2 9 21 
-13 -32 -19 -2 -2 -4 -8 -42 
18 26 2 -3 9 0 -3 39 
-1 -20 -1 -12 -5 2 -1 -10 
-15 1 3 -28 -4 -4 -2 -16 
14 8 -22 0 -1 -1 -6 9 
-16 -11 9 8 1 2 -3 -22 
-4 -15 6 14 1 1 5 12 
5 -9 1 3 -3 -4 -17 -19 
7 4 7 -4 -4 -4 7 32 
-17 -11 -15 -2 -5 -5 -9 -30 
-3 33 18 1 3 2 9 -2 
-19 -25 -21 -4 -1 1 -25 -3 
14 6 4 -4 2 0 25 6 
-1 40 16 10 -1 1 4 5 
2 13 0 11 0 0 -3 3 
-5 -8 7 -7 -3 -6 5 -12 
-6 -10 25 5 2 -4 -24 9 
22 8 -36 -21 -4 -3 -4 5 
-6 12 -1 3 3 4 10 -3 
25 29 29 16 2 0 -2 26 
-28 -5 2 -2 1 3 1 -27 
6 -13 -16 -3 -3 -2 -2 10 
2 2 61 20 -2 -4 0 -7 
-11 -13 -29 -25 -1 -3 1 -12 
3 -13 -1 -7 -6 -7 -6 6 
9 -5 7 -2 -3 2 2 2 
-2 -6 -38 -13 0 0 -1 7 
15 3 24 21 1 2 4 13 
-22 15 -22 -9 9 3 1 -36 
6 -9 -9 -5 -10 -10 -11 28 
-12 -9 -2 11 5 3 11 -2 
-3 7 -1 8 -2 -4 -3 -10 
7 -20 -19 -17 -5 -5 -13 13 
-2 5 34 8 3 5 6 -21 
19 12 -19 -12 -4 -2 2 37 
1 0 -16 2 -3 0 1 -14 
-3 -1 9 0 1 2 0 -5 
-17 -10 23 5 -1 -3 -10 -4 
-2 -14 -24 -16 -1 -1 -3 -15 
10 5 -1 6 0 2 9 32 
4 3 -6 1 -6 -9 -11 -3 
1 -11 5 -9 -4 -3 2 -7 
-1 3 -5 -4 2 0 -4 -11 
-7 -25 -8 -2 1 0 -3 -3 
0 17 17 6 0 1 7 14 
-13 -21 -28 -4 -3 -2 -6 -21 
-8 -22 -23 -1 0 -1 0 -8 
0 2 17 -3 -2 -4 -5 -12 
13 8 24 10 2 1 5 31 
-5 -1 -14 -3 -1 -1 2 -10 
6 4 2 2 0 -1 -4 -6 
-27 -8 -16 6 3 2 1 -34 
10 -25 -31 -13 -8 -8 -1 49 
-3 21 24 2 0 0 0 -4 
-2 12 5 -8 0 -1 -1 -2 
5 29 -2 0 -2 -3 -1 -5 
-11 7 8 5 0 0 0 -8 
9 -31 -31 -5 2 -3 -4 4 
0 -2 1 3 2 0 -1 1 
2 -2 -7 -10 -1 1 1 5 
-19 -7 -6 3 -2 -3 -4 -16 
-7 11 23 1 0 1 1 19 
12 -39 -36 -12 -2 -2 -5 -12 
-10 -6 -16 0 -2 -4 0 -2 
-8 14 15 10 3 2 0 -20 
8 16 8 -2 -3 -2 2 6 
0 14 15 -2 -1 0 -4 -16 
-10 -38 -12 1 -1 -1 -5 15 
12 7 -25 -7 -5 -1 3 3 
-10 -17 17 3 1 3 4 11 
3 30 10 -3 -3 -5 -5 -7 
