#EMG
#0
#ID:0-49
10 -1 10 -13 1 -5 -44 -9 
-4 -14 -41 7 -3 9 29 7 
1 -16 -40 -22 -3 4 -2 6 
-10 -3 33 -1 -2 -5 -6 -5 
5 -10 4 -3 -2 -9 -23 -7 
8 10 52 -1 -8 -3 -15 4 
-10 -7 -17 -5 0 4 9 -11 
-17 -2 -17 3 -5 -5 12 -15 
13 0 -11 -18 -2 -4 -21 19 
-7 14 9 10 1 -1 16 -3 
-5 1 -3 -4 -2 0 15 -6 
-4 2 25 -9 0 -1 -10 -1 
6 -1 -13 -6 1 5 6 24 
-12 9 -4 7 4 0 -7 -41 
0 -5 26 19 7 1 -16 3 
5 -12 -20 -20 -11 -2 9 7 
-3 0 7 -6 0 -1 -4 -1 
4 23 -56 8 0 -1 -19 9 
1 6 24 5 2 -5 9 -4 
-4 15 21 11 2 7 0 -1 
8 11 -6 0 -3 -2 16 -1 
-4 -18 35 43 6 -1 -9 -29 
7 3 -7 -14 -8 1 17 27 
-11 -4 -76 -8 -4 -3 5 5 
12 -9 16 -14 -6 -2 14 -2 
4 -6 19 17 7 -1 -10 -7 
5 15 32 10 3 -11 -51 -7 
-2 -10 0 36 3 9 39 12 
6 19 26 -23 -2 1 36 -10 
-9 -16 -37 -4 -5 4 13 6 
-5 -26 -29 -21 -8 -9 -15 1 
-5 20 23 -11 5 -4 -22 -7 
-8 -19 4 26 0 -2 -4 -10 
8 -5 51 17 0 -3 -4 20 
6 4 -40 -20 2 14 4 -2 
0 1 37 28 -4 -9 -2 -20 
-7 -4 -35 -14 -6 -12 -9 20 
11 22 10 -14 -1 -5 -3 2 
-1 9 15 18 1 2 4 17 
12 5 -35 -19 7 -1 -18 -3 
-31 -5 14 -1 -8 -1 9 -34 
7 11 -3 7 0 1 -22 -2 
-16 -1 -6 -20 -7 -2 -44 0 
17 -14 -33 -2 -4 11 60 35 
-19 22 13 2 4 -7 -40 -37 
8 -1 1 -12 3 2 2 23 
-6 -9 16 1 -3 -9 -19 -37 
18 -2 -12 -16 1 1 -12 18 
-6 -30 2 11 -3 1 0 -14 
-17 -18 22 4 -2 -6 1 6 
-9 -4 -29 7 -2 -8 12 -5 
-14 -4 -17 -28 -2 -6 -7 -5 
21 10 -3 2 2 -8 -62 5 
-45 1 21 -1 1 14 57 -33 
15 26 8 2 1 5 96 63 
-10 5 26 6 -6 0 -20 -42 
-31 -23 -46 -18 0 0 -2 0 
8 16 19 -4 -7 -17 -77 3 
-10 -39 33 5 2 17 46 -15 
-15 -3 -70 -12 -7 -14 -50 1 
8 -9 -13 5 -1 -3 18 16 
12 10 25 -1 2 18 75 6 
20 -18 -40 -16 -6 -3 -7 2 
3 15 46 37 6 2 -13 5 
11 -17 -36 -32 -12 -10 -66 -10 
5 15 -3 -3 7 -7 20 -11 
0 10 -22 13 5 6 17 19 
20 41 60 -12 -7 -3 31 12 
0 32 -16 12 3 0 23 5 
-10 -9 15 10 -5 -4 -8 -3 
-23 3 0 4 1 -1 -38 -46 
9 -9 -26 -27 5 -2 -25 -18 
-34 -16 66 52 2 3 2 14 
35 3 -36 -48 -8 -1 25 30 
15 11 21 17 -3 0 26 -2 
-23 -19 -5 0 0 8 30 6 
9 20 8 -33 -3 1 -26 -19 
8 -5 6 34 -3 -2 -2 -1 
0 6 4 -11 0 -1 -31 27 
-13 -11 15 19 -3 -16 -42 -49 
-17 -31 -10 5 6 23 98 0 
1 12 -52 -26 -2 -13 -62 2 
18 53 29 6 -4 7 -2 3 
5 -25 -5 2 -6 3 61 12 
8 -2 -4 7 3 -4 -18 5 
-1 0 36 -5 2 -2 -9 -4 
-6 -17 -12 -10 -3 -11 -28 -21 
14 -16 -38 -7 4 7 6 23 
-38 8 30 9 -1 -1 15 6 
3 -9 -43 -39 -3 -5 -26 4 
-16 30 36 20 1 -15 -61 -16 
-27 -14 -9 9 -1 9 -5 -6 
29 -10 -62 -27 1 -4 -8 -3 
9 55 28 10 -5 7 29 -1 
-21 -11 14 -10 -1 -4 -26 -14 
10 36 48 4 0 0 12 16 
37 -19 -6 4 -1 -1 -35 -8 
-24 -34 -43 9 1 0 -29 -23 
15 -28 -35 6 2 2 25 16 
8 32 69 14 0 -1 -4 6 
17 -15 -47 -36 -7 -3 12 12 
-19 -28 17 2 -3 -3 -7 -10 
7 -35 -71 -17 -1 5 47 12 
-29 -48 -50 -5 -5 -9 -7 -4 
9 0 2 9 3 -1 -37 3 
-36 -11 29 -3 1 0 -13 -8 
-16 1 25 23 -2 -11 1 -15 
29 -40 -60 -50 -5 0 8 -7 
-13 33 33 -6 -5 7 24 -10 
6 -5 47 39 -2 -11 -30 -14 
17 -19 -28 -1 0 -4 -46 9 
-1 5 63 9 0 8 55 26 
-3 20 -80 -38 -2 2 -4 -29 
-28 -16 -24 -4 -1 -6 -14 -17 
4 55 60 13 -1 2 51 5 
10 1 -49 -17 -8 -10 -47 14 
1 -29 -9 11 1 2 9 5 
28 13 60 18 4 5 13 16 
-11 -8 -49 -38 -9 -9 -33 -23 
2 45 73 30 14 7 4 -5 
-16 -3 -41 -20 -8 -8 -6 4 
-9 -28 -15 -13 -4 -7 -4 5 
0 -24 19 4 2 5 15 -24 
10 18 -4 23 -2 7 21 35 
-55 -32 49 30 -4 -6 -4 -43 
14 22 -30 -47 -4 -9 -5 9 
-27 -16 11 8 5 6 9 4 
-10 -11 -67 -37 -8 -5 -32 -19 
22 3 21 23 7 3 -21 15 
0 -6 18 9 -2 5 57 12 
-7 -57 -16 -10 -6 -4 -36 3 
1 -20 9 -2 -5 -9 -9 -27 
6 8 16 4 1 1 -8 34 
12 2 -18 3 -1 0 12 -19 
31 16 21 10 0 0 15 15 
-12 -12 14 0 3 -3 -48 -30 
16 7 7 3 -7 -3 74 26 
-30 -34 -31 -13 -1 -10 -65 -14 
-9 -13 6 6 -1 10 74 26 
-24 -11 -87 -34 6 -2 -22 -16 
7 19 33 8 -3 -4 -18 -6 
17 11 14 9 -1 -1 13 18 
1 -8 -14 -13 -7 -6 -23 -18 
9 72 -12 15 -1 3 -14 -6 
-29 -15 -12 -24 -2 2 17 -7 
14 96 -4 -20 -3 -6 3 10 
2 4 14 15 1 7 -18 6 
15 -22 -13 6 -3 -13 23 28 
5 2 -10 -3 3 -2 -23 -11 
6 -7 -1 7 2 9 14 -15 
16 28 17 -5 5 -1 3 7 
-34 57 0 -8 -1 2 2 -10 
17 -14 26 39 -2 -6 6 14 
-30 -54 -30 -18 -3 -1 -9 8 
-18 -22 13 -10 -2 -4 -13 -26 
24 -21 9 -4 -1 -5 -42 0 
10 21 32 2 0 1 41 13 
29 11 25 14 -2 6 28 19 
-15 -13 -89 -21 -4 -1 -24 0 
-13 -36 -8 -13 -10 -10 -4 -31 
-2 26 27 6 -5 -10 -32 12 
14 14 -22 29 7 10 19 2 
-1 -5 18 -10 -2 -1 -16 -5 
34 57 17 5 6 1 15 31 
-26 -48 -24 -18 -1 -1 8 -41 
-32 -4 5 -1 0 -5 -27 -1 
1 -1 8 6 -1 -3 33 22 
-5 47 41 25 6 3 -7 -31 
-5 37 14 0 -3 4 -3 12 
6 30 21 7 0 3 15 -7 
-4 -30 -66 -11 -3 -6 -26 -2 
-6 -31 34 2 1 7 37 7 
3 9 -29 -20 -4 -1 -9 4 
-12 -40 3 8 2 9 -14 -15 
40 86 -5 0 -1 7 18 -11 
-43 -14 60 16 2 -7 -18 13 
27 -38 -72 -36 1 2 21 24 
-15 37 36 30 1 -9 -3 -9 
11 -14 -1 -16 -9 -4 -9 -2 
32 24 15 -25 -6 -4 -14 -2 
-14 -33 -31 2 -4 -6 -16 -26 
12 9 -2 -7 -1 -2 -5 9 
-22 -32 5 2 -2 -6 -2 1 
-4 -48 7 -24 -10 -9 -22 -14 
4 4 11 20 -6 2 15 28 
37 49 20 4 0 2 25 -1 
-46 -3 18 1 -4 -9 -32 -4 
0 -25 -40 -14 1 5 -12 -39 
12 63 -2 3 2 0 18 4 
27 38 29 -8 -9 -10 -6 21 
-5 -2 -39 2 4 0 -28 -10 
-16 -32 -90 -14 -11 13 78 21 
7 -44 21 8 10 0 -8 -23 
-22 -55 4 14 3 3 -25 -6 
17 48 72 6 0 1 22 13 
-12 1 -40 -4 -6 -15 -54 -15 
-1 -11 -42 4 5 12 53 12 
-10 -4 46 -13 -4 -7 -10 -3 
-10 -60 -34 9 6 4 -5 -10 
11 -19 25 -6 6 7 9 7 
-16 14 74 32 2 -2 -23 22 
1 -40 -51 -14 -4 -7 -1 -11 
22 28 26 1 0 -1 18 -13 
-16 2 43 19 1 -5 4 13 
-48 59 -43 -14 -1 -9 -53 -39 
-10 -34 30 -6 -3 14 49 -2 
25 31 19 -13 -7 -6 2 9 
-33 -39 14 25 -2 -1 3 1 
5 19 18 -7 -8 -7 -18 0 
-8 -26 -67 -34 -10 -10 -23 -6 
-5 16 82 21 3 8 22 5 
11 -44 -38 9 -1 -2 -4 -2 
25 6 50 5 -1 11 51 11 
-26 -9 -103 -14 -3 -6 -18 -5 
3 81 68 -2 5 -3 1 -9 
24 11 -5 -10 0 -3 3 33 
-8 -51 31 22 -4 -8 -24 -12 
27 63 -57 -26 1 8 19 -7 
-26 -34 -7 -8 -4 -9 -17 -9 
6 11 -1 38 3 0 5 2 
-7 48 -26 -11 0 -1 -25 -47 
8 -19 34 9 4 7 6 41 
-11 14 -79 -33 -7 -15 -24 -13 
-7 -6 11 -17 -13 -3 29 -14 
0 -12 -8 7 -4 -2 -9 -11 
-3 26 23 18 10 3 -20 -6 
22 25 -45 12 4 -2 -22 7 
0 9 19 -27 0 13 27 5 
-8 -49 -29 9 -5 3 -9 11 
-6 -52 -6 0 -3 -14 9 -23 
-8 -32 4 3 -3 -1 2 14 
0 -5 -38 20 -4 0 -17 -32 
5 -15 -6 -24 -4 -2 -1 12 
-1 -41 -21 -31 -6 -3 -36 0 
-1 22 56 11 -3 0 55 24 
3 34 -4 20 -3 -15 -28 1 
-1 -34 -51 -22 2 10 8 6 
6 -85 44 23 -8 -16 -34 11 
3 -13 -35 -19 0 2 -3 -22 
-16 -31 -14 0 3 10 41 10 
18 -22 -9 -21 -7 -15 -9 -10 
4 40 71 37 3 -1 -10 8 
-25 -38 -9 -14 6 7 -18 -13 
8 90 35 20 2 1 -10 -31 
-1 22 25 -10 2 -3 9 18 
4 -14 -27 -48 -5 0 9 -20 
-1 -16 -17 28 -6 -5 -21 13 
-11 -2 10 -21 -2 -2 -17 10 
1 1 1 -9 5 5 16 -18 
6 2 13 1 4 -4 2 56 
-3 7 2 36 -9 -12 -16 -19 
9 -70 -13 -29 -1 4 -30 -17 
-15 -50 -16 -1 -6 -15 -7 -24 
-20 25 14 -10 -5 6 29 -10 
18 -12 -30 9 5 11 6 5 
-6 34 37 34 0 -7 -14 2 
8 10 4 -36 -9 -3 -11 13 
-1 -9 -23 -4 9 0 9 -12 
-2 -34 16 40 3 4 15 28 
37 -16 -31 -1 -5 -7 -4 -5 
-33 -11 -12 -11 -6 -5 0 -5 
5 31 25 27 -3 3 -4 2 
1 8 -9 -50 2 1 -61 2 
20 12 31 22 3 8 98 6 
5 -46 -57 -3 -1 -3 8 15 
-35 -23 -31 -1 -2 -3 -2 -42 
16 38 -19 7 3 -8 -27 19 
-6 18 6 -24 5 12 16 15 
-13 41 24 34 -1 -12 -29 -14 
26 32 16 -23 -6 9 28 11 
5 5 35 9 -6 -2 16 -21 
0 59 18 -16 0 -8 -32 0 
-39 -48 -36 -24 8 8 -10 -20 
-18 -15 11 19 -2 -2 19 1 
12 -18 24 2 4 3 13 8 
-5 -60 -54 -39 -9 -16 -28 18 
19 28 105 51 13 0 -8 -17 
-1 -32 -32 -44 -7 5 -2 44 
-72 -91 -21 -25 -9 -16 -14 -38 
-2 5 10 45 -1 17 48 18 
30 45 -7 4 -4 -9 -13 5 
-1 2 -18 -22 -2 -2 -16 -22 
5 45 -14 -1 -1 0 6 2 
-16 -31 -14 10 -5 -1 -9 5 
1 73 66 28 3 -3 -20 -32 
35 23 -26 -29 1 0 1 32 
-37 -2 -9 -10 -1 9 13 -22 
-38 -63 -6 17 2 -14 -42 -43 
20 -8 -52 -46 -15 1 23 -5 
-15 -21 -64 -8 -8 -7 -4 26 
10 -25 47 -7 -7 -6 1 14 
33 -11 -53 -13 10 0 -22 11 
-5 25 61 28 -7 10 58 1 
-43 -7 -19 0 -3 -3 -2 -30 
0 -7 -39 -9 1 -1 9 8 
7 17 56 -7 1 -3 -38 0 
12 -31 -50 6 -2 -5 12 27 
-40 34 60 25 2 -4 -17 -43 
14 21 -54 -25 -3 0 4 29 
-8 16 -3 -5 4 3 -30 -2 
7 -3 4 -2 -7 -12 10 5 
28 -4 -9 12 -1 -1 -5 27 
13 15 64 22 3 -1 -3 -27 
17 77 52 13 -4 -12 -27 -9 
25 8 -54 -24 3 19 45 69 
-47 -29 -38 8 -5 -20 -40 -61 
-10 -5 -10 -3 3 7 -34 -33 
17 -52 -20 -34 -2 17 102 38 
-39 -2 62 29 -2 -9 -39 -29 
24 -2 17 17 -4 -1 -2 34 
-7 -2 -55 -85 3 12 21 -32 
-18 -4 45 102 -3 -18 -35 21 
3 -28 -9 -16 11 18 40 -10 
32 -56 -56 -8 -15 -15 -15 28 
-1 6 24 8 0 0 5 -13 
-1 17 -34 -41 3 8 -25 -21 
28 10 22 -18 -3 0 37 65 
-26 39 6 46 14 9 -10 -37 
-18 -52 -8 5 -17 -3 73 -51 
3 39 68 24 -3 -5 -8 -10 
1 -31 -102 -49 -10 -13 -64 11 
11 23 12 -54 -6 6 34 9 
-27 15 58 53 2 -15 -47 12 
12 -14 11 23 -1 11 64 22 
-27 7 -40 -4 6 -2 -56 -75 
19 -5 23 -3 -5 -1 36 39 
-2 -20 -49 -18 0 -2 -1 17 
-10 -57 -65 -28 -6 -5 -16 -22 
-15 -49 -33 -12 3 -1 -12 -10 
4 -24 88 61 3 -5 -63 -14 
21 -35 -21 -9 -8 2 68 27 
-10 -8 46 -7 -3 -5 -31 -33 
5 36 -46 -21 6 8 -2 -6 
8 30 31 -4 -4 -8 1 8 
17 -46 -36 9 4 2 1 6 
9 31 -21 -59 -2 1 4 36 
-19 -83 -10 56 -19 -15 -25 -29 
2 -22 -71 -45 0 3 18 -20 
1 49 75 35 -1 -4 -27 -4 
-21 -40 -128 -67 2 -2 17 5 
6 8 127 91 11 9 7 8 
-8 -112 -26 -49 6 7 6 -30 
-4 -4 19 2 -14 1 2 -5 
25 27 -9 -21 -2 -13 -5 17 
9 -20 -6 -16 5 -7 -18 -18 
-2 -29 3 20 -6 -7 -12 22 
30 31 -54 -41 4 10 42 43 
-5 -30 80 42 -2 -10 -33 -34 
1 69 38 5 4 -4 -47 1 
-9 8 -3 -1 0 4 18 -26 
15 14 -3 18 7 -3 -2 18 
-23 6 -55 18 8 17 2 45 
-39 -11 -28 -48 -7 3 39 6 
27 40 91 37 3 -6 -22 -9 
-3 16 -71 -39 -6 -10 -87 -34 
3 9 24 -8 -12 12 117 28 
-5 38 -30 -28 2 0 -27 -53 
-29 38 -23 4 -1 -5 -36 -21 
45 33 81 39 3 4 13 44 
-14 -1 -20 -11 -4 -3 15 -42 
-17 -73 -55 -29 -11 -4 13 40 
35 69 39 54 9 8 31 -40 
-30 -23 -83 -55 -18 -27 -91 8 
-25 16 -16 1 7 16 -21 -40 
31 33 84 16 2 -13 59 55 
14 54 18 -20 4 10 39 13 
-27 -47 -58 10 2 -5 -6 -9 
13 41 96 51 -3 -12 -8 7 
-19 -17 1 -32 1 5 -6 -41 
-10 41 -4 8 1 1 -36 43 
-2 52 54 -29 -1 2 24 -20 
22 -40 -63 -51 3 -3 -52 0 
37 50 -62 -40 13 15 -20 3 
-41 -25 90 45 -13 -23 11 -49 
15 -5 -33 0 -5 4 6 39 
6 -13 2 -4 -3 -18 -3 -25 
5 9 24 34 4 5 -13 -11 
1 -66 -128 -74 -9 5 2 36 
-19 -8 50 0 -1 -22 -56 -51 
-10 2 35 27 0 12 85 37 
-32 -15 -6 1 -5 -3 -27 -15 
10 -7 31 -5 -3 -14 -17 4 
0 -26 -33 40 8 12 50 6 
-18 -16 -16 13 2 -11 -91 -44 
6 17 -18 6 -6 -1 61 52 
-3 -10 -42 -29 -1 11 0 34 
-21 19 51 40 8 -6 -18 -52 
25 26 37 7 -7 -8 -13 -3 
-29 16 -15 -13 -6 11 -23 0 
28 -6 17 5 11 3 -14 3 
-38 -28 -34 -19 -10 -8 41 -28 
16 13 15 -19 -2 14 87 47 
2 -37 -32 -8 -15 -18 -13 -2 
-7 -41 -45 -10 3 13 -10 -7 
59 -3 -2 -8 3 5 -6 13 
-78 -4 24 11 -5 -21 -52 -28 
9 -9 31 39 12 5 -24 -71 
-8 33 29 -8 -7 -16 18 72 
13 -17 -47 17 -1 13 57 9 
-20 -31 -28 26 2 -7 -31 -26 
-16 -37 -21 -39 -4 -5 -32 24 
8 -2 -22 -1 7 10 -30 -42 
8 -12 82 14 -5 -2 0 16 
11 3 -34 -35 -4 -6 1 21 
-3 47 76 47 -16 -14 -21 -4 
-19 -15 -32 -15 2 -4 -4 -27 
4 7 6 -3 4 15 10 4 
19 21 9 16 -1 9 -14 31 
-6 -2 -9 -9 3 -8 -7 -11 
-13 11 -26 0 3 13 58 -8 
-34 5 43 13 -14 -18 -68 -17 
12 -11 -62 -36 1 5 64 17 
23 14 -13 4 -4 0 25 22 
21 10 80 28 6 -8 -23 -7 
-38 -30 -47 4 -3 2 6 6 
-2 -7 -62 -57 -14 -15 -63 -38 
3 -5 5 -5 1 8 63 15 
-8 11 -4 39 -2 -1 -30 -24 
-1 25 59 -8 14 13 34 42 
-10 -23 -40 -35 -18 -15 -15 -13 
4 11 -17 -6 9 3 31 8 
-1 -37 -37 -7 -10 0 19 -7 
14 35 19 6 4 1 -2 -11 
2 -11 34 1 2 1 5 -3 
11 -23 -16 -3 1 -5 -23 15 
5 26 -10 18 3 0 -15 -1 
2 -27 47 29 2 -10 -40 -2 
14 3 5 -23 7 15 32 -17 
-16 -2 19 20 -12 -12 -24 8 
5 5 -26 -30 -4 5 29 11 
59 42 -10 -10 0 -7 -50 -4 
-72 10 -5 15 -1 8 6 -3 
7 -11 10 -5 -4 -13 0 -19 
22 10 15 -12 2 2 3 26 
-6 -22 -15 14 -14 2 39 -3 
25 0 20 5 0 -6 -32 2 
-10 -1 14 -25 5 8 -2 -3 
-32 -25 -1 27 -4 -7 -23 -23 
-5 -13 -42 -68 2 2 33 -23 
17 -8 -25 9 -6 -3 2 47 
-8 8 53 16 -4 -3 -7 3 
-14 -15 -2 22 3 0 -12 -40 
-6 22 18 -23 -1 -1 -32 -12 
-16 -24 -32 12 -3 -1 38 -11 
13 -9 23 10 -1 -1 -4 11 
-7 -26 -55 -42 -10 1 8 -7 
-9 23 49 -1 -3 -4 -7 25 
20 7 37 -6 5 -2 -17 -15 
-6 8 -28 2 0 5 5 4 
0 11 2 -1 0 -3 9 -2 
-8 -7 -12 -34 -9 -2 1 -1 
18 -6 -14 -29 -4 -7 -25 12 
3 -3 -10 27 -3 -4 0 -48 
15 1 34 -7 -7 -5 2 55 
-10 -28 -31 12 11 7 20 -15 
-12 -25 -4 23 -7 -15 -25 -22 
6 7 -3 -9 2 3 -2 19 
-8 -3 -2 -13 -6 -6 5 -17 
29 -6 -19 -3 0 0 -2 15 
-4 34 87 38 11 8 2 2 
-20 -56 -118 -51 -4 -1 -4 -19 
13 -5 5 1 -2 -3 -3 8 
7 20 5 5 -4 -3 -1 12 
-5 4 16 11 0 13 26 -13 
33 2 18 1 -3 -10 -16 36 
12 10 2 -6 5 10 -5 6 
-26 -9 -14 32 -6 0 29 -13 
3 21 -3 -18 3 -4 12 -14 
-26 20 23 -7 1 -2 -10 -12 
-7 -21 -19 16 1 1 -33 -7 
26 17 9 -5 -7 -3 18 25 
13 -28 -24 -8 -2 -19 -61 -5 
16 54 8 8 8 19 63 6 
-18 -7 6 -2 0 -9 -19 -16 
-27 0 5 -1 0 1 -10 -13 
21 13 -24 -18 -7 0 -15 15 
14 -9 44 2 0 2 -8 8 
-15 -4 -25 -6 -4 -3 16 2 
4 11 40 23 12 -1 3 -8 
-12 -19 -11 15 -1 -4 -7 -21 
-23 1 36 18 5 6 -3 17 
1 -1 -23 -24 -7 -6 2 -14 
8 -14 -12 -6 -3 -4 -24 22 
-29 -4 -5 4 -1 -3 -16 -8 
-10 -10 -12 -1 -10 0 31 -37 
27 11 44 12 -2 2 25 48 
-13 -30 -59 -17 0 -7 -24 -19 
2 6 22 -20 -1 11 19 12 
5 -13 -14 9 -5 -18 -4 -20 
-13 -7 -18 -7 -7 -7 -12 -3 
4 -6 18 14 -1 5 18 -1 
1 0 -11 -4 -2 0 -3 -2 
-2 -7 8 -7 -1 2 -7 -3 
-11 24 -34 5 8 3 2 -22 
5 -16 9 0 -2 2 -15 18 
-37 8 -16 -12 -3 -3 -14 -54 
16 -10 -19 -1 -4 -4 -24 44 
-2 -6 15 -1 -3 -10 -16 -8 
-1 -2 10 13 2 10 61 -5 
21 -2 15 5 2 4 4 0 
-4 8 -10 -15 1 2 -18 -34 
3 13 44 35 3 -3 -27 44 
11 -5 -39 -17 -1 -1 17 3 
2 -23 -57 10 -4 -7 7 7 
-6 -12 0 -20 2 -1 4 -5 
-16 -13 2 -9 0 4 -3 -4 
0 29 34 29 1 -3 -24 -14 
19 -11 -30 -19 6 14 8 27 
-28 -8 35 38 -6 -7 6 -14 
-12 -6 -52 -10 -1 -6 1 -54 
9 3 5 -14 -6 -9 11 53 
-22 5 10 18 5 1 1 -8 
15 -20 -35 -12 0 2 0 19 
-10 -6 22 5 -1 5 5 -23 
10 32 44 17 7 -5 -63 -15 
0 -11 -7 -17 -2 17 75 30 
11 5 39 5 -8 -4 -34 -7 
-6 -19 -53 -15 -5 -7 54 5 
-11 -22 -51 -2 0 -8 -39 -14 
2 1 43 -4 -3 -6 13 13 
13 4 0 -10 2 -6 -10 0 
13 51 33 20 3 11 13 -20 
-31 -15 -11 3 11 5 -3 7 
12 -4 5 -11 -9 -9 -22 8 
-2 7 2 11 0 7 18 4 
-8 0 -5 -26 -5 -7 -17 -15 
11 -12 12 -19 -12 -3 16 12 
-3 14 24 20 1 -3 -2 -18 
-30 -20 -71 -2 -1 -18 -77 3 
18 -10 2 -35 -6 13 93 24 
-1 5 -10 2 1 2 -2 -23 
-15 1 25 14 0 5 -7 -26 
23 8 6 4 0 -6 0 27 
-4 2 8 18 6 3 -24 4 
-5 -16 -9 -37 -9 -8 -17 4 
11 8 9 0 -1 1 46 34 
1 -19 8 -1 2 3 4 -39 
-12 -71 -1 5 -3 -4 -15 -4 
3 -33 -27 -9 1 5 18 -4 
-16 -9 -44 -13 -1 -9 -48 -16 
7 42 30 1 1 1 12 2 
23 36 -19 -5 -8 -8 -10 32 
-40 43 14 20 6 2 12 -8 
26 34 31 -12 3 -3 -28 -5 
-33 26 20 15 5 8 42 -2 
-2 5 -42 -24 -3 0 -19 16 
15 -19 -38 -33 -15 -7 5 -24 
17 26 39 29 -1 -6 -36 25 
-34 -31 -45 -22 -11 -5 8 -25 
13 -4 40 12 6 -4 -34 -20 
-16 -14 -43 2 5 5 26 -12 
-3 4 14 -12 -4 3 -19 -13 
33 9 42 16 4 2 12 25 
-6 -14 -37 -9 -4 -11 -54 23 
12 -1 8 4 -8 -4 35 -12 
-10 -4 -11 4 1 4 3 -5 
-24 -20 10 -8 -2 -4 4 13 
-6 8 -15 7 2 2 -12 -3 
0 -16 24 -10 -5 -3 -16 0 
-3 -5 -8 18 4 2 13 15 
17 1 -52 -27 -3 -6 -13 12 
1 19 61 15 1 2 20 -28 
-15 8 2 18 -6 -11 -21 16 
-49 -22 -7 15 3 -5 -27 -55 
12 -5 -3 -15 0 13 57 19 
14 2 50 42 1 -3 -25 17 
-37 -10 -58 -35 3 8 12 -9 
22 30 23 1 -1 1 6 20 
2 -27 -7 15 -5 -7 -20 -24 
-5 6 -3 -29 -3 0 12 12 
17 4 14 -6 3 1 -16 -25 
-5 4 13 16 0 -4 0 -5 
3 1 -39 -14 -7 0 -17 8 
-2 -1 13 -5 3 4 20 18 
6 12 29 36 -5 -9 -24 -9 
7 -5 -61 -43 -4 5 27 3 
-16 16 36 26 2 2 9 -11 
-5 -6 -1 -10 1 8 5 -3 
-4 -6 -41 -16 0 -7 -45 -14 
28 -18 12 10 -5 -9 10 29 
-4 7 12 12 1 6 34 13 
-21 -10 -28 -6 -3 -3 8 -48 
8 2 32 5 -2 0 0 13 
-15 -8 -4 3 -3 -3 -3 -30 
-21 -14 -15 -28 1 -8 -25 0 
43 -8 -19 6 -2 -3 9 43 
-9 17 -4 -11 -5 3 13 -37 
-19 -32 12 1 8 -2 -9 12 
8 -25 -20 5 -5 -7 -42 13 
-33 7 -4 -36 -8 1 41 -10 
21 9 11 16 2 8 24 15 
17 16 -7 1 -5 -2 1 -5 
-15 26 29 -5 6 6 -11 -17 
5 -22 -31 0 -2 -14 -29 -13 
2 -17 -26 -22 -2 -11 -7 2 
-6 1 -8 -1 3 -4 -2 -18 
6 -3 30 14 0 12 19 11 
-5 4 -1 3 6 1 -5 3 
-1 -4 23 1 -4 4 11 19 
8 1 -2 12 -3 0 -12 -22 
