#EMG
#0
#ID:0-17
-7 38 66 12 6 5 -3 -31 
18 -45 -26 -3 -8 -11 -30 44 
-4 29 29 2 -1 -3 -13 -28 
8 -6 -61 -13 -1 8 28 8 
-26 -31 13 3 -6 -20 -42 -23 
-2 6 5 4 4 7 35 10 
14 -3 8 -16 0 0 -11 -30 
-3 -15 -14 -3 -6 -1 -18 -9 
7 7 -51 -17 0 6 39 46 
-6 -2 21 17 2 -7 -36 -19 
-15 -9 -9 0 -4 -1 -14 10 
-6 17 44 7 0 -1 31 -7 
2 -51 -28 0 1 -2 -24 -1 
-3 12 28 -7 -3 2 -4 -4 
2 -9 -41 12 -2 7 22 12 
10 18 38 -26 -2 -6 1 18 
-20 -6 -38 2 -1 -17 -8 -12 
3 -5 10 0 0 -1 -2 -23 
-2 -14 -14 -25 -3 -6 -39 19 
-5 2 -11 14 1 13 2 -6 
7 1 32 12 -1 -4 56 9 
14 -8 -11 -2 -1 -2 -24 -16 
-6 31 0 -4 -6 2 13 7 
-6 2 -18 -7 4 -11 -18 -1 
7 7 13 10 -6 -5 -26 -5 
-8 9 -12 14 2 -2 -19 -11 
5 -18 -43 -60 -1 6 7 18 
-19 19 34 13 2 10 48 -13 
9 10 8 6 -10 -16 -19 10 
-23 -10 3 -1 -1 -1 4 -23 
9 10 3 18 2 -15 -72 2 
3 -2 -22 -9 -7 11 68 -8 
3 36 6 -4 4 9 -4 -3 
-9 0 29 -14 -6 -12 -21 -5 
-5 -11 36 7 1 13 87 19 
-11 -4 -33 -4 1 -5 -27 3 
6 -4 1 6 -2 0 -23 16 
9 -11 -6 -8 3 5 -4 -15 
2 13 22 8 -3 -4 -16 -24 
-19 -14 1 -8 -7 -11 24 10 
-7 -37 -69 -12 -3 -1 -15 -12 
5 5 -1 -24 0 -1 -2 -1 
3 -12 -5 -1 1 0 12 30 
8 7 -10 -8 -6 -1 -36 -13 
8 7 -10 -3 -3 -24 -72 -16 
-15 -4 4 14 -1 6 28 8 
-12 4 4 4 3 5 33 -13 
3 -13 -22 -13 0 5 -12 13 
6 15 42 7 -2 -9 -7 19 
3 2 17 -6 3 0 -8 -20 
-12 -17 -70 31 -3 -5 -2 -2 
3 -1 10 1 4 4 -46 -21 
-13 -33 1 -2 2 5 32 -2 
35 18 19 5 -2 -9 -21 54 
-7 19 47 6 1 21 101 -40 
4 0 -29 9 -6 -22 -37 16 
-2 -37 -9 -10 -1 4 -29 -38 
-10 -18 -36 -10 -2 8 33 22 
4 14 -5 -5 -2 -12 -56 2 
33 5 31 24 1 4 11 21 
-27 6 25 -8 -1 -4 6 -14 
5 3 -31 8 -3 -10 -19 -7 
22 -17 -51 -39 -1 -7 -66 -2 
-11 4 48 21 -2 4 96 12 
-8 11 16 14 7 6 -6 0 
-22 -2 2 -18 -3 3 -5 -22 
8 -79 -17 12 -3 -23 -52 -5 
23 12 36 -5 -7 -7 -19 5 
-10 -6 -11 -5 0 5 3 -9 
-2 6 1 23 0 -1 13 13 
-6 22 -22 -21 -6 -4 -4 -3 
-13 -3 26 10 3 -4 -27 -28 
8 13 14 12 -1 7 13 -2 
-10 13 10 -12 4 12 28 17 
14 43 -4 4 -7 -16 -52 -22 
-27 -7 -2 9 2 15 92 38 
-13 8 -10 -22 -8 -20 -21 -30 
-7 -19 -31 6 1 6 9 -4 
9 29 86 27 3 -3 -16 6 
-19 -10 -25 -21 3 1 -12 -18 
33 0 -22 7 -1 13 30 24 
-4 -8 21 -3 -6 -13 -43 -19 
-23 -4 -55 -6 -3 4 16 3 
9 -4 11 1 4 4 3 0 
11 -75 -23 -3 -7 -13 -86 2 
13 5 9 20 6 17 44 -10 
-27 -14 -5 -33 -8 -8 14 -10 
-22 -25 2 -1 2 2 10 16 
17 16 -5 -8 2 1 -13 3 
8 -13 -5 -13 -8 -12 -16 4 
2 54 43 25 8 3 5 -2 
28 84 -2 -9 3 1 -32 -20 
-29 1 -37 -24 -15 -1 32 1 
-3 4 -30 1 3 -4 -25 5 
2 -11 20 -2 -2 13 61 2 
8 -30 -58 -22 -11 -16 -47 -24 
11 31 49 32 4 5 27 19 
6 4 -18 -17 -3 3 52 -6 
-28 -43 -32 -16 -4 -7 -25 16 
-8 -21 5 8 -3 1 0 -5 
-15 -9 1 -15 -4 -7 -28 -11 
5 3 5 14 -6 -19 -35 1 
31 12 20 4 4 8 44 5 
8 9 -10 4 8 5 -11 -16 
-34 -10 -18 13 -3 1 -8 7 
0 -9 -1 -25 -8 -6 8 -5 
10 -22 -22 -3 -3 -5 -19 4 
-2 42 33 1 1 3 -10 2 
5 4 14 15 4 -5 -23 -1 
16 -18 -26 -15 5 19 84 12 
22 38 -8 1 -2 -10 -34 6 
-28 -58 36 21 0 -9 -8 -14 
4 11 26 -32 -3 10 21 4 
-5 34 -18 -5 -4 -5 -38 1 
-8 -6 3 4 3 2 -35 0 
4 -12 15 -1 2 -9 -30 -41 
12 25 -31 6 -5 -9 57 41 
-26 -43 40 -8 3 -2 -24 -14 
10 -37 -36 0 -10 -1 6 -5 
1 18 9 16 -8 -9 -34 14 
-36 -26 14 -6 -1 2 -3 -31 
29 8 -12 -10 -5 -8 -25 5 
-21 -14 34 22 10 11 20 -12 
15 -7 -36 -2 -3 3 70 33 
19 -58 -80 -25 -1 -2 -20 -4 
-16 55 110 42 5 -9 -2 -9 
7 -72 -90 -25 1 7 -12 -1 
-15 -13 -7 -11 -10 -13 -32 -15 
10 22 43 9 14 13 24 3 
15 9 -56 -4 -6 8 -5 2 
-30 -10 46 22 4 -7 -5 -1 
-2 -31 -61 -15 -6 -1 13 8 
-5 18 21 -1 -2 -8 -31 -13 
2 -26 31 3 -4 2 3 12 
5 29 -12 -6 3 -1 14 -4 
-1 15 -24 -5 -5 0 4 10 
9 5 14 1 -1 -9 -28 -6 
-24 2 -34 5 3 9 -16 -17 
-4 -18 -20 11 -6 -14 22 -7 
-21 -55 40 3 1 6 43 23 
21 38 -19 -32 -3 7 8 1 
3 -24 19 28 0 -8 -32 -14 
4 18 -9 -44 -3 -1 2 12 
14 -4 20 30 3 7 -5 -9 
-8 13 13 17 -8 -5 21 -1 
-1 -26 13 -18 7 -1 1 4 
1 -24 -64 -20 -9 -3 -5 -9 
-29 12 31 -3 4 3 -5 2 
17 -4 -15 -12 0 7 17 -1 
-5 10 16 12 -6 -16 -41 -18 
-5 -13 38 8 -7 -1 20 -2 
16 -32 -41 -14 -7 -4 4 22 
-35 -68 -9 15 -2 -7 -10 -26 
-2 15 22 -23 5 9 18 10 
-8 -10 -38 -10 -4 9 8 -11 
16 -44 -19 -7 -8 -19 -22 4 
13 8 62 26 -3 -6 -14 0 
4 -14 -69 -17 -13 3 15 7 
-3 -5 37 5 9 8 20 -8 
9 9 -14 6 -5 -3 -4 19 
-8 1 7 -6 -1 -4 -11 -10 
-37 -4 -17 -8 -4 -5 -20 -14 
2 -1 14 -5 -5 1 20 9 
0 17 4 30 -1 -2 -29 -27 
-17 16 -1 -52 -8 -11 -29 -2 
2 2 9 14 -7 3 82 21 
2 16 24 -24 2 2 -26 3 
12 48 17 10 1 5 -1 9 
-1 -6 -41 11 -5 -5 6 -10 
-2 -29 43 6 3 -11 -41 -17 
3 -11 16 20 -2 -3 -14 10 
-9 5 32 -25 3 5 53 1 
-10 -14 -71 13 3 7 3 -8 
9 13 -19 -10 1 2 -17 5 
4 7 16 7 -2 -3 31 8 
-2 -8 -3 -19 -11 -7 -30 -15 
-5 4 1 -15 4 8 15 3 
-4 -21 11 -4 -17 -7 14 -1 
-3 18 16 27 11 -2 -29 3 
9 4 -55 -17 4 10 20 2 
-22 108 42 18 3 -7 -1 -13 
4 31 -50 -22 8 0 -16 17 
9 -6 14 13 -11 -10 -64 4 
-29 0 8 -4 1 7 55 -20 
9 -31 14 -13 -7 0 12 4 
-11 -24 -33 6 -2 -18 -60 -34 
4 64 -21 -5 1 15 59 24 
-19 5 65 9 4 -16 -58 -17 
9 -5 -27 10 -9 4 21 10 
-3 7 11 -8 16 8 2 -3 
3 -12 -82 -17 -6 -9 -21 -13 
15 5 -6 5 -5 10 25 11 
13 12 34 6 11 -5 7 15 
-1 -72 45 16 -4 -4 -5 -7 
-1 21 17 -1 -8 -11 -26 -18 
16 -24 -44 -20 0 15 15 25 
-2 -48 -27 1 7 4 4 -11 
-26 -11 -8 19 -20 -15 -8 -9 
0 -31 4 6 17 5 -20 -3 
-7 -7 -31 -29 -12 -17 -18 -1 
19 -21 -2 -14 1 10 18 15 
16 34 17 2 -4 -2 17 10 
-3 40 -2 9 -3 -9 -15 -18 
10 34 72 -8 -10 -3 -32 2 
-18 -13 -40 -3 -3 -5 -19 -32 
29 22 -7 -9 2 8 29 40 
-17 -51 -9 -10 4 -5 -17 -7 
14 44 3 -1 6 12 20 6 
-6 -3 68 28 7 -9 -32 3 
1 -22 -77 -21 -3 1 -2 8 
-4 10 45 -11 -10 5 74 -24 
-9 -16 -27 25 2 -7 -9 -13 
8 15 10 3 -5 6 -5 17 
-14 29 -39 5 -2 -9 -27 -6 
14 -18 23 3 11 12 21 25 
-11 -39 16 6 2 -10 -1 -16 
1 40 -35 -40 -4 0 23 6 
-7 -35 -30 0 2 6 -14 -6 
-12 22 74 26 -8 -8 6 -24 
13 62 -29 -17 5 -12 -51 15 
5 3 -4 4 -2 1 0 10 
7 42 57 4 -2 9 20 0 
-34 -72 -18 -4 1 -24 -52 -6 
1 -8 -24 14 2 12 53 -3 
11 -16 23 11 -1 -1 -30 -15 
6 10 3 -8 5 16 25 13 
-2 1 -38 -18 -6 -2 -11 12 
-4 42 30 19 -4 -9 -18 -16 
-2 -26 -21 -39 -7 -2 4 0 
1 -37 11 14 3 6 12 6 
1 -55 4 18 -14 -5 7 -5 
-8 -56 -43 -18 7 5 -33 -6 
-5 5 28 27 -11 3 61 18 
-5 -4 6 11 0 -12 -13 -29 
8 -13 -42 -72 7 2 8 3 
-21 -3 100 57 -2 -1 8 -13 
-5 11 -20 -10 -2 -2 -29 12 
3 -31 16 3 -7 -14 -19 -10 
8 37 5 18 7 12 5 13 
-2 -43 -36 -34 0 -1 28 -18 
-5 -44 4 8 2 3 4 14 
-4 67 25 8 8 5 27 27 
-6 -24 -33 -7 -7 -1 -16 -19 
9 -27 -25 -13 -1 -9 -29 -11 
0 -25 36 19 1 -3 -17 -15 
-16 12 -60 -36 -10 -2 9 -16 
-4 -35 22 24 8 3 27 7 
3 12 -51 -2 0 0 9 25 
-6 23 41 -19 -4 -3 2 -37 
-6 -31 15 16 1 -1 -15 16 
9 27 -7 3 -3 7 -9 -10 
-7 -18 -13 -23 -7 -11 -7 5 
8 -36 -11 -1 12 8 33 18 
8 -6 -39 -10 1 8 12 -23 
4 1 2 -2 -12 -9 -7 12 
2 -3 0 -11 -2 -8 -7 3 
-16 -24 -34 -7 5 -3 -22 -28 
11 -36 8 15 6 2 -19 25 
10 36 -43 -18 -7 -4 13 -36 
-6 9 59 21 -5 5 15 24 
0 0 -29 10 24 5 5 -14 
-3 -61 4 -33 -15 -17 -15 -1 
-4 34 78 0 3 -1 -16 -9 
13 -1 -23 15 -1 4 -1 36 
-11 2 -71 15 -8 -9 -6 -1 
-10 24 29 32 -7 2 19 -29 
12 -35 42 -12 6 4 -7 36 
5 103 -41 -19 -3 4 14 -39 
19 8 -23 -11 -10 -14 -22 31 
6 41 37 22 0 0 14 -5 
-4 -9 9 6 -2 -2 -3 -28 
-1 -43 -25 -9 1 8 2 39 
2 -14 29 13 -4 -2 -54 -20 
-8 57 -31 -3 -2 -13 35 -43 
8 32 94 9 -7 -1 14 32 
-4 -46 -43 -9 12 -3 -9 -13 
6 72 -21 -21 -8 5 4 8 
-1 -15 -13 -4 3 -1 -9 17 
-15 -76 -46 5 -6 -7 -19 -2 
14 11 54 -2 -5 -2 -13 8 
-21 2 -27 -14 -15 -8 -5 -59 
3 -1 25 4 2 4 15 54 
-14 32 -46 0 -10 -5 -2 -16 
10 -28 -16 -26 4 -6 -37 -6 
1 -61 59 4 0 2 26 -22 
-16 -29 -18 -3 -2 4 0 19 
-31 15 -50 1 -3 0 11 -10 
-6 12 30 -18 -10 -13 -8 -17 
-9 -75 65 7 3 2 11 12 
-2 -20 -72 0 -3 10 -15 4 
12 4 -19 -16 5 -12 -1 -5 
-20 41 48 29 -1 -3 -13 -43 
5 78 19 9 -6 10 66 44 
11 -12 22 -4 7 -2 -32 0 
2 9 -9 -1 14 12 -31 -1 
21 -36 -7 7 -18 -9 21 9 
-3 69 44 9 5 -5 -37 1 
-7 -19 -16 -11 -8 -8 0 -15 
-21 10 18 8 7 7 24 23 
-6 -14 -18 -36 5 -2 -52 -17 
5 3 0 22 -6 -5 61 6 
11 -16 -7 -5 0 8 7 -2 
-20 -66 -59 -12 9 -12 -10 -14 
-11 -13 -31 4 -5 1 -29 -6 
-3 -26 58 6 -7 -3 2 38 
14 22 24 20 0 -10 -5 -41 
35 6 3 -23 -4 5 2 8 
-41 -50 -2 13 7 6 21 15 
12 -57 -60 -19 -4 -8 -24 19 
-19 -6 -12 -16 -6 -8 -19 -40 
9 30 18 10 -3 -1 -28 7 
-3 16 53 19 6 6 26 13 
-31 -11 -62 -3 1 12 44 -37 
5 5 2 -18 -3 6 5 22 
15 23 -39 -46 -1 -11 -23 11 
-24 -19 43 21 -12 -16 -32 -32 
-8 6 -45 -24 6 1 -2 -1 
5 -31 34 31 4 5 -2 -3 
-23 31 16 -5 -7 5 2 -19 
38 -35 -7 4 4 1 26 40 
-63 0 14 -7 -7 1 -29 -52 
2 -84 -3 -3 11 -12 -23 -35 
-22 -31 11 -3 -13 -8 20 49 
11 3 11 51 -1 3 33 -15 
20 4 -105 -83 -6 0 -21 11 
18 34 31 0 8 13 42 48 
-5 -22 -36 6 -4 -4 12 -17 
-11 26 92 32 -4 -5 -10 -36 
6 -30 -24 22 12 0 -19 -34 
-16 -26 -42 -26 -15 -15 -34 7 
48 27 63 18 8 13 18 44 
-54 40 -80 -5 -11 -10 3 -18 
33 3 -52 -48 1 -3 5 30 
21 13 24 10 9 7 -16 23 
-24 -54 53 25 -13 -18 -78 -50 
13 -3 -78 -18 -1 17 100 19 
-28 -26 -4 1 -7 -7 -8 -12 
7 50 35 3 3 1 -15 -5 
-8 -88 -63 8 -2 6 14 -18 
-7 6 -77 -35 -7 -1 -63 -24 
-8 42 59 32 9 -8 25 18 
5 1 -23 -5 -11 -5 -1 -36 
-3 25 -11 10 -3 -10 10 20 
23 4 78 -3 1 12 -8 18 
6 -17 -32 -42 -5 -9 -12 -19 
-11 -3 -26 29 -9 -15 -24 36 
21 -21 28 18 -3 -6 -29 -23 
-9 -20 -35 -15 10 17 59 19 
-9 5 62 41 -1 -5 -14 -49 
20 14 23 -27 -2 1 21 2 
-6 43 22 -2 6 2 -2 -4 
19 4 11 -1 2 -5 -42 18 
0 -15 -6 -12 -6 -4 15 16 
-6 -21 13 7 2 -2 -8 -13 
11 87 -46 -14 -2 0 9 18 
10 15 44 32 9 5 -17 -2 
3 66 92 60 3 -7 -24 1 
-14 5 -39 -32 1 -1 -6 -37 
-21 -28 -9 37 -3 -2 -70 -29 
14 -37 -22 -48 2 1 31 23 
-28 -32 -38 -8 -10 1 10 -9 
14 3 14 -11 3 5 11 28 
-8 33 11 16 -8 -1 -25 -19 
-37 10 22 -21 -1 -7 54 -11 
7 -29 -24 1 -9 -2 -32 18 
13 -9 -5 38 6 4 11 -36 
-32 1 -40 -36 -6 14 31 24 
24 -57 -37 -7 -4 -20 -46 -1 
16 28 25 13 12 3 -42 17 
-34 10 0 -15 -6 11 86 5 
15 12 49 24 -2 -13 -2 -37 
15 22 -79 -14 0 8 56 28 
21 -10 13 -23 -7 -6 -36 5 
-32 32 29 20 -2 -3 -42 -6 
1 -58 -18 -22 2 5 47 13 
10 116 43 9 4 -7 -15 -30 
-13 -20 7 0 3 1 13 -1 
-20 20 -81 -17 -12 -10 -29 -9 
17 6 40 34 7 8 8 -11 
-9 -28 -26 -30 -12 -6 -43 58 
31 17 -5 16 15 16 26 -19 
-12 -58 -40 -44 0 -4 -9 -14 
-13 39 -7 6 5 -4 -6 16 
23 -24 9 36 -11 -8 1 -9 
19 -9 -4 -13 5 7 1 58 
-13 -33 79 35 -3 -2 49 -43 
42 -3 -73 -71 -8 4 24 19 
-64 22 3 -2 1 -18 -36 -52 
-10 -24 -13 -2 -3 9 12 9 
-5 -10 49 -17 -3 -4 -26 -3 
17 -28 -37 21 0 -11 -19 28 
-40 -70 9 4 6 17 56 -8 
-11 -24 -57 -19 -14 -12 -6 -25 
0 19 41 -1 -2 1 -43 11 
6 -8 22 -4 -2 11 30 19 
21 -22 -30 -7 2 -1 -49 -12 
-12 -6 -16 -3 4 1 21 18 
6 30 -34 -17 4 3 4 4 
-31 4 69 53 0 -4 25 -14 
-6 22 -34 2 -5 1 -17 -45 
24 12 25 -37 -7 -13 -48 22 
8 2 -1 35 2 -5 12 33 
-11 -28 1 -6 0 13 76 -14 
-30 -11 17 3 1 -6 -47 -31 
23 45 27 30 -4 4 37 4 
0 -34 -88 -19 -1 -4 -58 -9 
11 50 -8 -50 2 3 -18 20 
30 -3 -24 -17 -4 14 91 0 
1 13 66 4 -2 -17 -53 24 
-22 -58 -47 1 1 -4 -20 -55 
-22 -20 18 28 -2 6 12 20 
23 23 63 10 -4 -2 31 -4 
-30 -32 -74 -20 7 4 -3 -29 
47 44 18 1 10 8 -31 67 
-27 55 -13 -14 -11 -17 1 -60 
12 -17 23 -32 -6 -7 -31 0 
-10 -23 -28 28 2 -2 -39 -4 
-18 6 -31 -11 -7 -1 70 2 
-7 -40 20 -8 -1 -4 5 28 
6 12 42 39 5 3 -1 1 
-13 17 -22 -18 -10 -11 -10 -30 
14 -15 -10 -7 8 10 16 27 
-17 -38 47 6 -10 -11 -22 -36 
13 -6 -68 -31 -14 -11 -18 61 
6 13 88 45 9 1 -40 -14 
29 11 -32 -28 3 12 104 -20 
29 -19 -44 23 5 4 -23 2 
-23 -41 10 4 -8 -27 -113 -9 
-6 -32 33 22 1 19 123 10 
-44 -59 -60 -18 -3 -6 -41 -7 
-5 -17 26 1 -11 -14 -23 -8 
29 58 63 11 18 11 -62 -7 
0 39 -84 -39 -9 5 20 29 
21 25 97 18 2 9 71 14 
-7 -22 -61 -36 6 6 29 1 
19 -15 -25 5 -12 -17 -48 39 
-15 22 81 18 -5 -17 -16 -64 
-30 24 10 53 0 -4 -56 -44 
1 -6 -48 -70 -5 9 58 54 
-34 -54 25 -43 -1 -4 -18 -33 
16 -17 -52 22 5 24 63 30 
-4 1 -27 -65 -17 -21 -28 -18 
-15 3 82 55 3 -1 3 -13 
6 -58 -10 23 -4 3 55 11 
-58 -9 -12 -22 -12 -8 -14 -52 
1 -39 -36 -24 -3 -6 -34 3 
16 -43 -10 -8 5 8 -28 -32 
0 12 3 30 7 12 32 26 
1 -10 31 -50 -10 -10 2 -2 
-2 31 3 -1 4 10 11 46 
-22 -2 -10 -10 -11 -13 -83 -33 
44 41 29 32 15 5 60 43 
-19 -20 25 25 9 8 -47 -24 
-9 38 53 27 -2 -19 -58 -34 
-14 -21 -1 -40 -2 8 45 34 
3 9 -20 -42 -4 0 -45 -33 
22 5 19 29 -6 -5 50 33 
2 50 1 -61 4 -5 -76 -1 
-19 -4 -46 25 0 -1 -7 3 
35 -14 -46 26 -5 13 40 -1 
-8 -65 -8 -18 1 -23 -43 4 
-1 -20 38 12 -7 1 10 1 
25 -20 10 35 6 -5 26 7 
-34 22 -33 -47 1 -13 -99 -34 
-18 -67 -54 -2 2 31 91 4 
32 26 10 -32 -21 -43 -67 4 
19 31 13 15 7 9 -22 -12 
-56 2 -53 -61 7 10 83 5 
60 18 76 77 -6 -7 -49 23 
-2 -1 6 6 2 13 3 9 
2 28 35 6 -3 2 6 -15 
-20 46 24 3 12 5 2 -20 
16 31 -16 -29 -2 -34 -118 -26 
4 -24 20 16 -5 25 127 48 
6 12 -28 -2 2 -20 -121 -40 
-55 16 -50 -27 -7 26 83 -33 
9 -10 44 8 1 -13 -37 42 
-10 -50 -8 37 0 -10 -52 -59 
8 -48 -16 -34 2 8 5 57 
22 -11 26 32 1 1 36 21 
-4 3 -39 -56 -9 3 -21 -13 
-8 51 -78 -16 -3 -4 -3 -5 
-15 78 97 62 3 12 -32 -4 
80 3 33 24 0 -16 -24 19 
-27 0 -66 -27 -3 3 66 -7 
-13 -27 -14 7 7 -14 -91 -69 
13 58 40 10 -5 7 89 42 
-17 7 40 59 6 -1 -70 -49 
6 -30 -37 -35 -11 10 104 45 
23 -13 8 -3 -1 -7 -45 26 
11 -13 -16 6 3 -6 -45 1 
-6 -2 -27 -27 -7 0 15 -8 
-7 7 7 30 9 -2 -70 -12 
-17 4 57 46 -2 22 67 -18 
22 -5 -15 11 -10 -30 -16 -2 
17 -28 -31 -19 -4 -8 -28 9 
5 52 41 15 5 9 26 -3 
-27 -61 -49 -13 -7 -9 12 21 
30 21 5 -10 14 12 38 -26 
-41 14 48 35 4 -1 1 -12 
25 71 -89 -47 7 8 -10 -7 
-3 -12 127 80 -10 -6 -7 22 
-11 -25 -66 3 -5 -16 -5 -11 
-5 -45 -17 -41 -7 0 -21 26 
8 13 -53 -12 3 3 -42 -22 
2 53 -12 -13 1 9 74 11 
-27 -60 -23 -2 -4 -13 -63 -3 
30 10 -8 -24 -5 10 75 6 
-3 -6 105 29 -4 -14 -31 13 
-16 -55 -128 -34 0 6 45 -7 
-20 14 83 2 3 1 -45 -3 
6 -39 -28 -17 -2 -9 -30 29 
-15 10 20 11 -21 2 75 -52 
0 10 20 31 21 -5 -50 5 
-27 -31 -36 8 -1 5 24 -33 
-7 -63 11 7 -3 -6 -11 32 
51 -65 26 -10 -4 -4 -24 24 
-31 21 -18 -31 -4 -3 -22 -22 
0 -30 -71 -34 -11 -1 6 -1 
-10 14 3 44 -1 2 -1 6 
-18 -90 -34 -68 0 -6 -35 -45 
33 -14 27 -31 -14 -12 2 27 
-1 -10 43 8 3 3 19 -13 
-19 -37 -108 -27 -10 -10 5 8 
-14 44 60 83 20 16 1 -47 
13 -31 -27 -78 -13 -14 -11 46 
10 -3 -49 -16 -9 -3 28 16 
-33 17 78 5 5 -4 -26 -41 
34 34 -43 10 -2 0 0 88 
-21 11 46 32 4 7 9 -74 
-3 22 23 29 4 2 -6 -15 
3 -13 -48 -45 -6 2 11 8 
-15 12 11 -12 4 8 5 -8 
23 8 -23 33 2 -1 -13 30 
17 -7 -10 -65 7 2 13 20 
-9 14 33 20 -2 -7 -43 -43 
-2 22 29 -24 -1 3 46 19 
1 -6 -4 -7 -12 1 5 15 
12 6 -7 -15 -3 -8 -17 -22 
13 17 11 39 9 2 17 8 
-23 -19 -15 -20 -8 -6 -12 -1 
3 15 49 36 6 10 19 4 
-10 -1 -20 -3 -7 -1 1 3 
4 4 4 15 4 -5 -9 2 
-1 8 -9 18 -8 -2 1 3 
2 10 7 11 11 4 4 -13 
-7 -1 -5 -35 -7 -3 -18 -1 
6 5 26 -8 -6 0 1 2 
-10 -3 5 24 -2 -6 -3 -7 
-2 -12 -55 -37 -3 -3 -1 20 
-3 31 34 36 5 2 1 -22 
-4 -4 -22 -7 -1 -1 9 -15 
18 -17 13 7 -5 -8 -11 12 
-11 -3 -3 -6 5 3 0 -11 
1 -5 9 -2 -6 -2 5 15 
4 24 23 8 2 11 6 -12 
-17 -12 -23 -5 0 -11 -13 -38 
-3 -5 3 -2 -10 -21 -1 34 
-1 -1 -8 -11 4 -1 -13 -19 
11 5 11 1 -1 0 18 21 
-11 6 9 6 7 6 7 21 
13 9 22 18 3 7 6 -29 
-6 -25 -12 17 -6 -1 1 -4 
-14 -11 -1 -34 -6 -5 -12 -2 
2 1 -2 19 10 4 -1 0 
-5 6 -1 -7 -2 5 5 33 
-12 -6 -16 0 1 -3 -14 -49 
3 -14 -5 1 -7 -3 -2 1 
-5 -7 -21 5 1 -4 -5 3 
3 0 42 10 7 0 -10 -11 
7 -3 6 -11 -9 1 10 24 
1 21 -1 15 2 -3 -2 4 
-11 -53 -19 -17 -4 -2 -3 -12 
0 -7 -6 0 1 3 -1 -16 
-2 -6 -11 -1 -1 -1 4 17 
8 28 15 11 0 0 -1 -17 
0 30 -1 -10 2 -1 -1 53 
11 10 -1 -4 6 8 -3 -41 
-8 -5 -3 -1 -4 -5 2 28 
-10 -3 3 -13 -6 -6 -5 -10 
9 14 9 0 -4 -4 -1 -13 
-11 -17 -15 -13 -3 -3 -2 13 
1 -7 -19 -8 -2 1 8 -8 
-3 -5 29 23 -3 -3 -16 -3 
-1 -2 -12 -7 1 6 6 7 
-3 4 1 -11 -5 -4 -2 -4 
-1 3 -8 11 0 8 6 4 
1 -16 -23 -18 -6 -13 -10 8 
-4 -8 9 16 -5 -3 -5 -13 
1 -7 -20 -8 -3 2 -1 -2 
4 7 5 -8 0 -1 0 6 
-9 -20 1 4 -2 2 2 -1 
0 21 2 1 10 8 -2 -8 
-4 5 -1 5 -9 -8 -1 -7 
-5 3 24 2 2 5 3 7 
-1 -11 -15 -4 -1 -4 -5 -12 
