#EMG
#8
#ID:8-7
8 -1 5 -2 -2 -2 -2 -4 
-29 -3 -11 -3 -2 -2 -9 -9 
4 4 2 5 -2 0 5 2 
-8 -1 10 1 -2 1 5 0 
11 1 -6 2 1 -7 -5 23 
0 -4 -2 -6 1 3 6 -8 
0 5 9 7 3 4 -8 -3 
3 -2 -15 -9 -5 -2 -1 12 
-2 4 4 -6 1 -1 -1 -22 
-6 -3 -2 -2 -4 -1 -7 -1 
4 2 29 6 1 -1 10 -6 
-7 -9 -20 -7 -3 -2 -6 -3 
-1 2 0 1 -1 0 -1 7 
-5 -5 -17 -4 1 -3 3 9 
4 4 -1 2 -3 0 -3 -15 
0 -3 -1 -1 -3 -1 0 4 
-2 -2 -4 -5 -3 -2 1 0 
3 3 3 0 1 -4 -2 1 
1 -8 -7 -4 -4 0 -2 -3 
-2 -12 -6 -3 -1 -2 -2 9 
-11 -2 -1 -3 -2 4 11 18 
-1 -2 -11 -4 -2 -9 -18 -22 
12 9 -1 -1 2 -3 -1 2 
-9 -9 -14 -1 -2 -2 -2 -10 
5 6 37 9 1 0 -5 -1 
0 -8 -5 -7 -5 8 12 2 
0 -1 -11 -3 0 -6 5 21 
-13 2 16 7 0 -5 -15 -32 
1 6 -29 -7 0 1 4 -9 
7 -5 -6 6 -3 -5 -1 6 
-10 -7 -11 -16 -3 0 -6 -3 
2 3 16 10 2 2 8 12 
1 5 2 -2 -3 -1 -12 3 
-5 7 18 1 -1 -4 -2 -5 
1 0 -9 12 3 0 5 -1 
-3 7 -9 -12 -3 -8 -4 4 
-4 -10 5 3 -2 -1 -2 -12 
3 1 7 -1 0 3 5 21 
-4 2 -1 1 -1 -2 -7 -9 
-4 -3 -5 -3 -3 5 0 -5 
6 5 -9 0 -2 -5 0 -30 
-3 -9 -12 -5 3 0 0 5 
-5 -1 14 3 -3 0 3 1 
-2 -7 -9 -9 -4 -9 -3 4 
-4 -8 -2 2 -3 1 3 12 
-3 1 6 2 -3 -8 -11 -16 
11 -6 -9 -7 1 -1 2 -9 
-8 0 -3 4 4 14 12 5 
-5 3 4 0 0 -13 -5 9 
-13 -5 -11 -12 -5 -2 4 -5 
-1 -7 -11 1 -1 -6 -9 6 
2 -5 17 -4 0 -1 -3 -16 
2 1 1 2 3 4 10 4 
1 6 6 7 2 3 0 0 
-3 1 6 -3 0 3 1 1 
-3 -8 -11 0 -2 -1 -13 -5 
3 -9 -7 1 -1 -4 -6 4 
5 -1 -6 -15 -4 -6 -8 -14 
-10 -1 1 -3 -5 -2 -6 0 
8 -2 7 0 -2 2 6 4 
-4 -2 -17 0 0 2 5 -4 
14 3 8 9 0 6 -5 9 
-15 4 -41 -39 -7 -10 2 -4 
3 -5 29 15 0 -3 -2 -5 
-10 -10 -4 -1 -3 -7 -6 -5 
6 4 14 5 2 1 1 5 
11 3 0 9 -1 -2 2 5 
4 -6 -23 -7 7 7 -3 5 
-32 7 40 -2 -4 -7 7 -13 
12 -8 -44 -4 -2 -8 -8 -5 
-2 10 16 8 0 9 -10 -7 
-3 41 -21 2 1 8 25 4 
27 17 7 -4 -1 -14 -21 8 
-36 -11 -8 -16 -2 1 10 -7 
3 -16 0 14 -2 -3 -7 -3 
6 -1 -1 -12 0 0 4 -9 
25 4 -7 1 0 4 -35 17 
-15 -6 22 4 -2 1 64 -3 
5 0 9 1 2 0 1 7 
-21 -19 -22 6 0 -3 -4 -6 
17 -11 9 -8 -6 0 -30 3 
11 0 -10 6 1 -5 23 6 
-19 -21 7 4 1 1 -6 -9 
3 7 -5 -17 -4 1 4 11 
4 0 24 15 1 -5 -16 -18 
-28 -7 0 -2 -2 2 -3 -24 
8 10 -34 -16 -2 -6 21 21 
9 -1 20 9 -1 -5 -11 -1 
13 -7 -4 -2 2 2 1 19 
-3 3 -1 0 -3 -5 -27 -32 
-27 0 8 5 0 -4 2 0 
-7 -59 4 -11 -8 -10 -9 -12 
-1 14 -1 1 2 4 21 4 
18 6 9 -2 -3 4 -16 21 
6 -1 -12 -3 2 -1 -36 -14 
3 16 32 8 -4 -3 29 14 
11 -20 -15 13 1 0 3 -39 
-6 3 2 -15 0 6 16 3 
-2 -35 6 4 -1 -2 6 16 
-7 8 -45 -27 -4 -12 -31 1 
-11 12 8 -9 3 12 36 16 
-4 10 11 25 2 -8 -24 -13 
6 -4 -19 -17 -2 18 -4 -11 
-19 -2 11 8 -1 -8 16 -3 
-7 20 -3 -15 3 16 39 18 
6 -33 -17 10 -10 -16 -33 9 
-6 14 24 -6 2 4 -22 -9 
16 7 12 29 -2 -5 -5 -5 
-17 -8 -16 -17 -3 -8 -17 -18 
-26 -4 28 -5 -3 4 -22 6 
32 8 6 6 -2 2 76 7 
-32 -7 -3 4 2 -1 -23 -6 
-11 1 -57 -16 -7 -4 4 10 
32 5 -31 -19 3 13 -1 23 
-44 -16 5 5 -4 -23 -41 -33 
33 12 44 15 4 1 4 -2 
-23 -6 -45 -7 3 0 7 6 
-20 5 19 -11 -1 -7 -10 -15 
-5 2 -12 23 -2 4 11 2 
15 4 2 -22 1 5 -55 -3 
-13 -13 21 25 -5 3 39 1 
23 1 -20 -10 -3 -17 -48 26 
13 8 8 -14 0 8 69 -11 
-6 -3 -6 16 -1 -7 -47 -18 
-1 0 -22 -32 -2 6 -19 2 
-5 -6 17 13 -2 8 45 11 
2 7 16 -4 3 -3 -22 16 
-9 20 27 22 2 1 13 -1 
11 -29 -18 -18 -1 3 -29 -16 
-16 0 9 6 -6 -15 -17 -34 
4 5 -75 -18 -3 0 3 14 
12 -3 1 -9 -4 16 43 12 
-11 -14 10 2 -2 -17 14 -7 
27 2 6 -4 -5 -5 -5 7 
-4 -9 11 4 -1 -7 -18 -2 
4 -18 -12 -12 -6 -11 -19 1 
1 18 25 14 6 0 -36 -15 
-4 -34 -46 -6 2 7 57 15 
-7 19 47 -11 -5 -6 -20 -31 
0 -44 -41 -13 -7 -4 15 17 
19 12 26 5 4 13 25 16 
-31 -1 36 2 -5 -9 -13 -17 
33 13 -70 -3 4 7 -29 18 
-29 -19 -40 -16 -4 -9 1 -26 
-17 -14 21 13 -4 1 30 -9 
17 3 7 5 3 0 -20 -1 
0 -16 -5 -16 -2 4 34 22 
-3 19 56 14 0 -3 -50 -20 
-10 -28 -32 -5 -8 -18 12 12 
-5 -7 -14 2 0 1 -14 -27 
4 25 34 3 -4 -3 0 38 
2 -6 -80 -15 1 6 -4 -23 
-5 28 28 22 5 2 7 5 
25 12 -13 -4 -1 9 21 7 
-21 -33 -26 -13 -6 -9 -44 -17 
14 23 17 -5 3 6 51 20 
-11 11 13 4 -4 -7 -23 -10 
6 2 -1 4 3 1 -2 14 
10 -12 12 12 5 -1 -15 -24 
-14 34 25 6 -5 6 23 20 
7 -2 3 15 -1 1 7 -11 
-13 19 -2 -24 -5 -2 6 2 
13 0 21 12 -4 -9 -14 -13 
-19 -22 18 14 3 -4 -25 2 
19 -16 -27 -15 0 4 20 7 
0 17 9 -5 -2 -1 -12 8 
-26 -11 -7 0 -5 0 24 6 
16 10 -6 -14 1 2 7 -6 
0 4 6 2 -1 -4 -39 -2 
-18 -37 21 -3 -12 -12 -4 -20 
-1 7 18 8 4 1 4 3 
12 51 -25 2 -4 -5 5 7 
12 12 61 0 5 2 -28 -6 
-1 -10 -78 -29 -5 1 33 1 
-22 2 23 9 -3 -5 -2 -3 
0 22 14 -6 -3 -5 -6 22 
-9 -28 -22 9 0 1 -17 -36 
1 17 14 5 1 1 -5 -1 
6 20 25 9 1 -3 -2 0 
-11 -30 -12 2 0 -4 -1 -6 
7 32 -5 2 -3 2 7 7 
10 -1 49 13 5 -4 -18 22 
-20 -52 -51 -20 -11 1 21 -24 
10 40 54 31 0 7 10 1 
-6 -5 -87 -30 4 3 0 -4 
2 17 41 8 3 -3 -18 -22 
9 -2 33 14 1 -2 3 40 
8 0 9 5 -3 1 9 -25 
-8 25 -39 -25 0 -5 2 9 
-10 -2 -29 -9 -2 7 -1 -6 
-1 8 15 8 -6 -4 -19 -5 
-30 -12 6 4 15 12 21 6 
-8 -50 -27 -18 -19 -21 -20 -15 
13 -10 0 6 15 6 0 14 
-1 -19 -47 -19 -5 -4 -15 -31 
9 -24 -15 -2 -7 -2 31 32 
-8 -3 51 1 10 2 8 11 
-7 -26 -17 6 -3 0 -13 -4 
-23 4 -10 9 5 1 -22 -28 
12 0 -60 -43 -6 -1 -2 -6 
-16 -4 20 24 -5 3 11 8 
2 26 38 -13 -9 -15 7 10 
14 30 25 4 5 7 13 18 
6 -25 -17 -15 -4 -6 -36 -2 
9 -11 6 18 -3 -5 10 -25 
-51 -52 -34 7 -1 -4 13 -8 
19 41 5 -18 -2 1 -3 11 
-3 -61 4 6 -8 -7 9 10 
22 26 30 -7 -5 -1 -11 16 
0 39 -27 -1 -5 -4 -1 -38 
3 -25 18 17 9 5 32 8 
0 11 36 5 -8 4 15 27 
6 63 -57 -12 1 -3 -28 -11 
-3 0 20 8 3 -4 -9 -1 
-10 3 -16 -16 -10 1 11 -4 
3 0 5 -26 4 2 7 0 
-8 -63 8 21 -6 -5 -3 19 
31 10 21 5 3 -3 -12 5 
-15 -29 -22 10 -4 -2 0 -12 
-16 16 11 12 5 -5 -20 -18 
-5 -3 -13 -24 -4 2 10 -1 
7 1 -17 9 -1 4 9 22 
15 -3 14 -16 -5 8 -11 -2 
6 -11 -28 -2 -1 -21 -12 -21 
-20 -11 46 18 3 7 -19 -7 
-3 -3 -34 -22 -13 -6 6 -15 
10 16 41 31 5 1 -11 3 
-17 -20 -66 -32 -7 4 -3 1 
10 -8 17 1 -11 -5 26 13 
-9 -16 8 -2 15 13 19 13 
-14 13 -4 -15 -1 -8 -16 -21 
-1 -23 0 21 2 -6 -28 -17 
-7 -5 8 -5 -6 0 -5 9 
6 -22 -54 -16 -7 -4 10 23 
3 -7 48 16 -2 -9 12 -12 
-3 -19 -54 -12 0 -4 -3 4 
9 32 24 16 14 12 1 -5 
8 15 43 -3 2 12 -3 10 
2 -39 -49 1 -5 -13 -17 -8 
11 37 53 10 -3 -1 7 -8 
-22 -23 -57 -24 -12 -11 -2 -6 
-5 17 11 -1 11 5 3 7 
-23 -10 -29 -25 -5 2 -4 0 
4 -53 -20 7 -1 9 3 14 
-12 -8 -13 -18 -2 -10 -9 -21 
-8 33 8 3 0 -11 1 -6 
-2 23 61 30 10 8 11 7 
9 16 -23 -11 -5 -8 -12 -19 
5 -16 -16 -12 -1 8 8 26 
-3 -12 13 -6 -6 -6 -20 -27 
2 -29 -6 25 3 -8 10 10 
-14 -1 -17 -25 -3 4 1 -1 
18 8 -33 -8 4 11 5 28 
-13 8 6 9 -13 -9 11 -19 
18 12 9 -20 -12 -3 -2 -6 
3 17 32 26 17 -7 -32 -12 
2 -52 -36 -14 -8 -1 14 -2 
-1 20 -12 9 -1 7 -6 9 
0 -4 -5 -31 -3 -13 -20 -10 
-17 -54 -45 9 -12 4 18 -5 
11 18 29 15 11 -6 -19 -5 
5 26 -20 6 0 -1 -8 16 
4 5 14 5 6 6 -1 -22 
9 13 11 -4 -13 8 24 -3 
3 1 7 -10 6 -10 -13 17 
-49 0 25 -2 -10 -4 -6 -17 
-5 -13 -24 12 2 2 -19 4 
4 38 17 -29 -1 -3 -4 7 
11 15 1 40 4 -3 34 9 
25 -44 4 13 2 3 -28 -12 
-26 26 -18 -44 -8 4 48 30 
-10 -4 40 27 3 6 18 -14 
9 6 19 9 -2 -6 -45 -16 
-6 -39 -26 -31 -17 -5 19 -1 
10 21 -13 -8 22 0 -31 2 
0 -7 20 -6 -9 -1 -19 17 
21 10 -22 -9 -11 13 96 -7 
-34 -29 -23 16 4 0 -13 -27 
-2 -4 8 0 -4 -15 -23 0 
3 10 25 -9 -3 -13 22 18 
-5 -2 -40 16 2 -1 -50 -25 
-3 -48 -11 -8 -5 13 25 -14 
17 -17 -17 11 2 -2 20 35 
5 -4 -21 -39 -7 -10 -30 -15 
-38 24 79 19 5 -5 -51 -20 
-1 -7 -59 -7 3 18 24 -9 
5 -6 -17 -10 -20 -20 6 8 
1 5 -5 24 5 5 37 26 
10 -11 -27 -21 -10 -15 -66 -44 
5 69 64 30 14 0 -21 21 
20 -13 1 -10 -9 6 6 -10 
-12 15 3 -8 2 6 35 -14 
-31 -20 -41 -43 -4 0 22 19 
23 1 98 50 -1 10 28 13 
-9 6 6 41 -10 -12 -14 -12 
10 14 11 -6 20 -14 -86 -34 
-4 -43 -68 -13 -14 14 96 55 
10 -41 -28 -16 -3 -27 -71 -3 
11 -19 0 -2 11 18 -41 -48 
5 30 0 20 -1 8 43 59 
-11 35 0 -23 -10 -7 -45 -19 
8 -3 20 28 1 -14 18 3 
14 -16 -6 4 6 22 -23 0 
-28 -49 -3 1 1 -21 -53 -33 
-1 47 37 5 5 16 96 15 
18 33 -15 -23 -16 -3 9 44 
-20 23 24 29 11 4 -36 -17 
-10 -21 -19 -30 -3 0 -34 27 
32 6 2 27 0 -1 -54 -39 
-47 -7 15 -9 11 21 41 -11 
27 -4 -45 -21 -15 -36 -26 -3 
-10 8 13 12 -4 9 102 24 
-6 -28 45 6 -2 -8 -34 4 
-13 13 10 -1 1 4 -75 -43 
9 -7 -26 -15 9 12 8 14 
-11 20 31 40 0 16 -86 -28 
41 -1 10 -16 -5 -37 88 31 
-15 3 -7 -28 -9 -16 -53 -14 
3 -8 -4 9 -8 -18 -59 6 
17 -10 -25 -2 4 22 92 3 
-27 0 -16 -14 5 8 -47 -14 
39 14 32 8 1 10 13 69 
-38 -20 16 -3 0 -11 -2 -34 
3 19 3 15 -11 -2 53 -48 
-13 -27 -12 2 9 13 -80 -30 
5 0 -43 -20 -13 -34 -37 -38 
6 4 -13 -18 -3 0 20 51 
-1 30 31 10 -4 30 57 38 
13 34 31 34 7 -4 -1 22 
12 -4 -11 -29 2 4 -27 -16 
-17 13 -19 7 -5 -14 -40 -10 
-43 -44 -105 -46 -9 -7 -37 10 
2 13 54 4 1 -11 -35 -17 
6 -43 -14 14 -7 12 32 18 
-25 6 -34 -13 9 6 76 7 
-28 -27 69 9 -10 -30 -76 -58 
-19 -9 10 3 4 9 -16 1 
25 20 -42 -31 13 18 57 13 
-11 -2 11 33 -6 1 -4 -20 
22 0 14 1 2 -12 -80 27 
0 -20 -28 20 -2 5 19 4 
7 27 6 4 -5 -14 -45 10 
-19 -7 27 -23 -2 23 93 21 
29 -20 -22 17 -4 -24 -52 5 
-19 -10 -43 -58 -14 -1 -19 -29 
8 30 36 45 7 -4 28 5 
-34 7 14 -5 -7 -8 -47 -23 
53 16 25 6 5 14 29 -6 
-34 -15 -66 -33 -15 -7 16 29 
4 58 -27 -31 -1 -6 -11 -19 
9 -1 38 11 -2 -4 -39 5 
-6 9 41 16 8 1 30 -8 
35 -2 -18 3 -15 -12 -9 10 
-39 -25 -39 -24 1 18 70 21 
4 -26 45 2 -2 -1 -26 -21 
-11 18 -21 -21 -5 0 23 4 
4 -24 61 21 3 -9 6 -10 
-13 -59 -40 9 -5 -15 -53 -10 
18 3 -48 -29 7 15 31 29 
-8 35 51 44 4 -7 -40 -23 
-8 -8 -28 -35 -6 -4 -9 -25 
-4 -70 -7 -7 -6 -4 4 9 
-3 11 10 -2 3 5 32 6 
15 -6 -15 -29 -9 -6 -45 -19 
12 18 24 54 21 15 59 24 
1 6 -11 -33 6 -7 -2 -3 
23 -10 12 32 -15 -1 26 18 
-6 -16 -19 -26 6 5 9 -15 
-24 -18 37 2 -16 -2 4 7 
12 71 64 34 17 3 20 -19 
10 12 -20 -26 14 16 1 16 
-6 -51 -35 -5 -19 -23 -24 -11 
14 43 38 28 14 6 -1 8 
-1 7 -30 -10 -7 4 -25 -20 
9 0 20 17 -1 -3 4 32 
16 51 14 -9 8 18 8 1 
-42 25 51 19 3 -16 -20 -27 
-13 -72 -75 -17 -9 -6 0 -3 
-6 -20 14 19 2 1 -19 -37 
5 -14 11 -12 -1 4 5 37 
29 -31 -31 -7 -3 -5 -21 -2 
-39 46 51 0 5 7 12 2 
4 15 -23 -6 -15 -17 -50 -37 
23 6 -22 2 23 13 15 82 
-10 21 6 -14 -12 1 -6 7 
20 2 32 46 4 -9 2 -20 
-3 -19 -27 -30 -4 1 -37 8 
3 12 -41 -35 0 -2 17 -38 
-6 -9 54 15 1 3 43 23 
1 -69 3 22 -6 -7 4 2 
-30 4 -4 5 2 7 32 -7 
-10 -36 -34 -13 0 -5 -33 -12 
27 7 -9 5 1 9 16 4 
-49 -9 -33 -19 -5 1 9 22 
40 48 73 9 -2 -10 -18 -18 
-24 -51 -37 -30 -10 -3 20 5 
-43 -50 -49 22 -4 -8 -6 -21 
54 52 25 -28 4 3 -26 10 
-2 1 -24 -4 -13 -8 -10 -5 
34 70 59 68 7 -2 12 -12 
-27 -21 -9 -38 0 -3 -39 -35 
36 19 12 18 -5 9 73 41 
2 8 -2 -19 -2 0 16 20 
3 -25 -22 -28 -14 -17 11 22 
-4 -21 4 23 2 14 -24 -5 
-4 -9 -16 -3 8 -24 -40 -25 
-33 -28 6 -1 -9 -2 -8 -17 
-5 15 25 -13 1 1 13 40 
20 11 -10 6 8 -1 -53 -32 
7 6 22 10 -1 7 27 12 
-34 3 -62 23 11 5 30 -13 
2 -14 47 -29 -14 -11 -35 -15 
-31 29 -3 -1 -8 -18 -47 35 
27 18 -22 -15 -7 12 67 29 
7 22 -26 -25 5 -1 11 11 
-25 0 -10 44 1 0 -12 -60 
-13 -1 -50 -37 -3 2 14 -12 
-18 -17 -21 -33 -9 -2 -50 -33 
7 -35 43 10 6 -8 4 6 
-25 -17 -29 1 -11 -2 -1 0 
46 22 -4 -42 -3 -2 23 11 
-59 -11 40 77 -9 -7 -36 -25 
-15 -23 -87 -31 -10 -19 -86 -11 
8 -9 12 -25 4 28 72 8 
-8 -8 -3 44 4 4 17 -12 
-7 1 -14 -25 -9 -6 -34 12 
27 21 43 -15 -1 8 36 -13 
-20 -45 8 24 -2 -16 -46 3 
21 -22 90 -5 8 9 24 31 
-14 -20 -108 -15 -10 -3 -23 -65 
8 0 47 29 -2 -8 8 30 
7 29 -22 -23 -8 -2 0 -1 
20 6 -11 1 12 10 25 15 
-1 -5 39 37 9 -14 -30 2 
36 23 -19 -9 7 16 24 -3 
-32 -10 -63 -4 -12 -16 -37 -3 
-1 -1 12 -23 -4 -14 -41 -25 
29 -1 41 -17 10 21 90 21 
-38 -47 -49 14 4 1 -14 -25 
3 -6 -32 -25 -9 2 13 -14 
-38 -14 33 26 -15 -9 -7 29 
18 -26 -31 -32 0 -3 -48 -13 
14 8 17 -4 2 -3 24 -2 
38 26 105 76 13 -7 -19 27 
-25 -5 -113 -46 4 3 -78 -42 
-12 44 33 31 1 5 2 1 
6 -11 74 -16 -20 -5 69 50 
5 6 -80 12 5 0 -6 -39 
16 18 64 -12 1 -5 -12 -1 
-10 -25 -54 -8 9 4 -23 -14 
-15 19 31 24 -6 4 -16 -26 
-28 -17 10 9 2 -10 -6 27 
16 -1 5 -29 3 15 44 7 
2 4 1 -12 -18 -28 -38 -13 
-2 41 31 8 7 5 8 -36 
-12 -31 -20 27 -3 1 11 57 
40 90 -16 -44 -3 2 32 26 
7 -6 -1 -53 -2 -2 -21 13 
-8 -3 21 39 -5 1 -58 -4 
-31 -13 -14 -6 1 5 43 -47 
-41 38 -14 -4 -6 -20 -27 -15 
4 -10 20 15 -6 -5 7 -18 
43 -27 -87 -11 -13 0 -13 42 
10 11 29 -38 14 13 -20 -26 
-2 -34 -52 21 -10 -28 -36 -30 
-54 12 89 5 -2 21 98 36 
-4 -55 -96 -37 -1 -12 -50 -39 
-3 19 127 46 12 1 -114 -28 
-32 -49 -93 -27 -18 29 116 -31 
38 10 24 -17 0 -20 -71 51 
-10 -17 -2 29 5 -9 -23 4 
-18 8 35 32 -8 -12 -28 0 
17 -11 19 -27 10 17 70 48 
-45 30 -83 9 -8 -3 -19 -29 
50 9 -6 -14 11 3 7 -5 
-17 7 -40 -23 -15 -6 2 -34 
-33 26 25 35 -3 -10 -10 -38 
16 -5 -6 -2 0 17 51 15 
-4 3 -26 -35 -1 -11 -15 1 
44 -6 25 0 6 8 35 62 
-16 -25 10 16 3 11 -59 -67 
29 2 12 -19 -11 -26 -25 63 
-42 -14 17 22 -8 5 50 -6 
-9 -17 -56 -15 4 2 -9 -72 
34 -15 -51 -79 -11 -6 30 106 
7 6 77 72 2 -8 34 15 
-25 37 9 -4 6 8 -38 -48 
-28 -10 26 -26 -11 -7 0 -3 
5 -10 76 71 17 6 -38 -33 
-21 12 -93 -64 -3 -7 -88 -53 
-4 5 58 29 -3 3 73 59 
55 24 -99 -24 -4 0 -28 21 
-4 51 35 -4 4 5 18 3 
40 -12 32 42 8 -1 6 56 
-13 4 0 -30 -8 0 13 -38 
0 -5 -3 0 4 -9 -20 7 
18 -4 -33 13 2 0 35 7 
1 -33 -33 21 -10 -5 -8 -50 
7 9 25 6 13 1 -74 19 
-54 2 -10 -3 -3 19 96 -28 
7 -17 14 0 -12 -23 -35 19 
-13 10 41 12 16 19 26 -29 
-33 -27 -13 -17 -10 -14 4 -39 
12 -6 -46 -18 -3 -1 -53 27 
15 15 58 66 4 -9 33 49 
1 17 -22 -55 -8 9 8 -29 
16 -8 -5 6 2 -7 -54 18 
17 7 14 28 13 9 45 -4 
-29 5 -3 -7 -8 -1 -6 17 
-19 -60 -36 11 -4 -3 1 -14 
0 24 -1 -26 -2 6 27 -24 
30 -4 21 19 -3 3 -17 11 
-4 3 -17 -11 -9 -14 8 -14 
34 3 -5 -23 6 8 2 38 
-17 0 23 43 12 4 38 9 
-17 -8 -54 -9 -4 -12 -42 -23 
23 9 -10 -3 2 3 -21 8 
-19 6 46 19 -2 -2 0 -9 
-3 -6 -1 -11 -8 7 -19 -9 
6 14 21 -22 -12 -23 35 22 
-6 -17 -18 9 9 7 -13 -9 
-24 -11 -25 -31 -9 -5 13 -5 
2 -1 -23 -19 -12 -11 -22 4 
-1 -21 55 14 1 0 14 6 
-8 -17 -38 -20 -14 -9 -22 -19 
7 19 35 6 5 -1 -12 -4 
-4 -12 -17 -11 -8 0 6 9 
-11 5 4 -5 -2 -1 6 2 
13 -10 -2 3 -5 -1 -16 2 
-6 3 3 20 1 -2 -20 -19 
6 6 7 -3 6 -2 15 17 
-7 -6 -16 -25 -2 0 9 3 
2 -2 26 31 5 3 -18 -19 
-1 2 -13 -27 -4 -2 -1 -7 
-5 -9 -12 6 -7 -3 12 7 
-1 3 9 5 9 -1 -11 5 
-6 -6 -6 1 -6 3 -8 -9 
3 12 11 0 1 -1 0 -1 
1 1 -6 -6 -2 -1 3 9 
-6 0 3 6 -3 0 -5 -15 
2 3 -1 -23 1 -1 0 10 
7 5 -3 19 1 -1 -1 -17 
1 -3 -1 0 5 3 -1 9 
0 2 0 -5 -3 -1 3 -1 
-9 5 12 8 2 1 -1 -19 
1 -6 -8 -5 -2 -4 -4 15 
-7 2 -6 -6 -5 -2 -5 -10 
19 6 -2 -11 -3 -1 -1 29 
-12 -13 -4 4 0 -5 -6 -15 
-3 -1 6 18 1 -1 -1 -18 
-2 -1 -7 -9 -5 0 5 -2 
-15 -1 -3 0 0 5 5 -25 
11 6 7 -3 1 -6 -7 43 
-1 -9 1 -3 0 -2 0 8 
3 8 2 -2 0 3 7 8 
5 0 3 -1 -4 -5 -13 -10 
-2 -11 -11 -1 -3 0 -1 -6 
-5 -1 -4 -7 -4 -5 -4 -5 
-1 -1 -7 2 0 1 0 4 
-2 -3 -3 -4 -5 -2 8 4 
1 -1 6 8 0 -3 -9 -9 
-5 -1 -2 -4 2 3 7 7 
2 2 3 -6 -3 -5 -5 0 
0 1 6 6 -4 -4 -6 -12 
-17 -13 -10 0 -2 1 14 7 
-4 1 -10 -25 -2 0 -7 -4 
1 -6 -1 1 -2 -1 0 -5 
10 4 -6 -4 -3 -3 -6 4 
-3 11 9 9 2 2 -13 -29 
-2 -11 -3 -2 -3 -2 15 22 
-6 -5 2 1 -2 -14 -12 -4 
-6 -3 2 3 3 1 3 8 
5 4 1 -5 -1 2 -1 -36 
0 -4 5 8 2 2 -6 14 
-4 0 -10 -13 0 3 6 14 
-5 -10 -6 0 -1 -3 -3 -3 
-4 -6 -5 -6 -1 -1 1 -3 
4 3 7 1 0 -4 -10 -13 
-1 6 8 4 -3 -1 0 -1 
6 1 -6 -6 0 1 0 -5 
6 -10 -5 -5 -4 -3 -1 18 
-18 9 0 1 -4 -1 -2 -22 
14 -1 0 8 5 1 0 16 
-2 10 3 -12 -1 -2 -1 4 
-11 -11 -5 -5 -1 0 -3 -3 
9 -9 -3 10 -6 -14 -11 -26 
-2 7 2 -22 0 6 23 0 
-6 1 4 8 -2 0 1 0 
5 -3 -9 -6 -5 -6 -2 6 
-7 4 2 1 1 1 -15 0 
11 -5 -4 9 -1 2 5 25 
-4 -5 3 10 1 -7 -8 -23 
-13 0 -10 -16 -4 1 -2 2 
-4 -12 -5 2 1 3 3 -2 
4 1 -3 -5 -6 -4 -3 -3 
-2 -3 -2 1 2 3 3 8 
8 2 2 5 -2 -4 -2 -5 
11 7 7 5 1 -1 3 19 
-16 -6 -3 6 5 7 3 -21 
-1 -11 -8 -10 -4 -7 5 16 
