#EMG
#1
#ID:1-1
-11 5 16 8 -1 -5 -11 -7 
-8 -12 -22 -3 1 -2 -17 -5 
-2 -6 6 2 1 2 18 12 
-3 1 9 0 -1 -9 -44 -18 
7 0 1 3 5 6 48 -2 
-5 9 -40 -7 -4 -1 -5 6 
-5 6 12 2 -1 2 7 -8 
2 -15 -14 -9 -6 -7 -20 -2 
4 18 30 14 5 -2 -28 -9 
1 -27 -7 -13 -1 0 -13 6 
-1 29 5 6 7 13 22 -1 
0 -15 -38 -13 -5 -1 1 4 
-1 3 10 -1 -2 -9 9 -2 
-6 1 -40 -4 -8 -6 -3 -6 
2 -15 -2 6 -1 -6 -17 -4 
6 13 24 6 2 5 8 13 
-4 -20 -54 1 -4 -7 -31 -1 
-11 15 28 -20 -4 5 43 2 
-3 -10 -11 -5 -10 -5 1 -11 
-1 11 4 -4 -1 -2 3 0 
9 -17 8 1 0 2 -10 8 
1 0 22 3 -3 -7 -60 -3 
-5 -8 -21 -9 -1 10 39 -4 
-8 -24 8 5 2 -12 9 -15 
9 7 -26 -14 1 0 -4 8 
-1 4 10 7 1 -2 -31 -7 
-5 -7 15 -5 2 2 0 -3 
3 -14 1 -3 -4 0 -3 14 
-19 1 13 -3 -8 -1 -2 -16 
6 15 31 13 1 1 17 8 
0 -4 -14 -2 -7 -6 -29 0 
-14 -24 -44 7 -1 6 33 5 
17 18 6 0 0 3 8 1 
3 2 4 0 1 1 0 9 
-14 -16 6 14 -1 -10 -16 -31 
11 31 -7 -23 0 -5 -2 20 
-7 15 19 -3 -2 -1 8 1 
-2 -8 8 8 2 2 1 -5 
9 1 -6 0 -1 -8 -23 0 
-12 5 12 1 -4 4 17 -11 
6 -10 -16 -5 1 8 12 4 
5 16 -2 4 -3 -2 12 -3 
-8 -13 -18 -2 -5 -2 -1 4 
-2 -2 9 -7 -2 -1 -4 -2 
2 -1 -8 4 -1 0 -8 5 
7 14 21 11 4 -4 -42 -11 
8 0 21 4 -1 12 58 25 
-11 6 -54 -16 -2 -9 3 -32 
-11 4 32 17 0 2 -23 -6 
-19 -21 -20 -15 -2 -8 34 -16 
12 3 -1 -2 1 -8 -21 16 
1 -11 25 6 2 -2 -31 4 
21 13 3 0 0 -2 17 -2 
-6 10 -57 -15 -5 0 -26 0 
-2 -1 30 13 2 0 -28 -9 
4 6 11 15 -2 5 -13 16 
-14 -37 7 0 -5 2 22 -12 
10 -1 -7 3 6 0 -6 -3 
-2 11 -48 -31 0 7 53 -18 
-17 -55 -24 2 -2 -14 -56 8 
-8 -12 23 -1 0 -7 -23 6 
5 73 17 6 2 1 18 6 
-11 -40 -48 -17 1 2 -6 -6 
30 37 58 8 1 4 -7 3 
-27 -16 -15 -6 -1 0 23 2 
-3 -19 -29 1 0 0 -5 -7 
7 -11 -8 -4 -8 -9 -23 -5 
-5 -36 2 9 1 -2 -5 -3 
18 22 27 2 -1 0 3 9 
-9 -21 1 -3 -4 4 -12 2 
6 13 11 11 2 -5 -9 2 
2 -20 -33 2 5 3 22 -2 
-34 13 5 -33 -14 -11 -17 -14 
0 -4 46 5 6 5 5 13 
7 46 -33 1 1 1 3 1 
-6 10 34 14 -9 -8 -5 -13 
5 12 -11 1 6 2 17 -11 
-5 -34 -50 -1 -5 -7 -1 13 
8 -5 25 -8 0 -2 3 12 
-30 15 -28 -10 4 2 -30 -33 
12 56 -11 1 -6 2 16 18 
2 -19 30 -1 -7 -13 10 -11 
7 22 40 17 2 -3 -19 1 
11 82 1 -17 1 7 34 7 
-8 -90 -8 12 -2 0 -25 -26 
9 46 -18 -36 -5 5 14 26 
-10 -26 -29 12 4 -10 -16 -8 
2 8 47 5 -6 -2 -5 8 
10 -16 1 -7 8 -5 -43 4 
-19 11 2 24 4 11 56 -25 
-3 -28 -6 -28 -11 0 6 16 
3 24 -15 7 4 8 17 12 
-5 3 -28 -22 -2 -8 -42 -16 
12 -10 73 34 -3 -6 -18 -5 
-11 4 -42 -40 -2 0 25 -11 
3 -11 46 18 -4 -2 2 -1 
-4 12 -24 3 3 -2 10 8 
-15 -16 -22 -3 -9 -7 -42 -30 
-10 33 88 48 1 6 13 27 
-7 -11 -40 -29 -3 -6 11 -6 
15 -63 1 18 5 5 12 50 
12 38 49 0 7 2 -18 -30 
-11 -50 -54 -13 -2 -2 -25 -26 
7 3 36 9 5 9 42 1 
-2 -9 -71 13 -11 -2 3 -6 
-15 -41 -57 -41 0 -8 -37 3 
3 -45 44 16 -9 4 19 21 
-13 3 -5 10 10 8 26 -1 
-14 -9 29 -12 -6 -13 -26 -82 
0 -37 -58 -34 6 13 29 73 
36 49 47 61 3 -3 0 10 
-27 -66 -99 -30 -18 -13 -21 -34 
9 29 8 7 -2 1 12 3 
9 0 -17 11 6 11 -1 -13 
-1 49 0 -47 1 -2 27 34 
-1 37 33 -23 5 -5 -35 -14 
15 119 -78 -27 -5 1 26 9 
-25 28 17 32 -7 -9 -15 -60 
22 16 -10 0 3 6 -3 -3 
35 26 22 26 -1 -9 -29 35 
-36 -86 17 -40 -6 0 18 -22 
7 16 -11 22 2 -3 -13 20 
-11 76 -32 0 -8 -6 1 -12 
-15 -41 19 21 -7 -14 -52 -24 
7 -42 39 -59 4 12 42 2 
13 -47 -19 22 3 -10 -4 44 
14 -70 -9 20 -2 4 26 25 
-12 -3 -61 -32 4 1 7 2 
18 -128 -3 26 -8 -13 -36 29 
-48 -14 36 17 -6 -7 -58 -73 
-6 -9 -27 -18 0 4 31 -33 
8 49 12 5 0 12 63 20 
-2 17 -9 -7 -2 -4 -7 -8 
-12 32 24 15 -6 2 -9 -3 
0 55 -12 -9 5 -2 -39 -6 
36 -36 36 3 -2 -5 18 42 
5 -20 -30 -24 0 -1 0 7 
-7 -22 33 38 -6 -10 -40 -7 
-27 -85 19 -20 -14 -10 -6 -31 
15 -27 34 7 5 14 27 -3 
-31 11 47 29 -2 -12 -9 -9 
18 12 -58 -45 -3 -1 1 -14 
-34 -25 5 -1 0 -5 -27 -13 
19 48 41 36 6 2 -33 22 
10 53 -21 9 4 8 67 19 
10 11 -32 -39 -6 -2 77 21 
-13 -37 -3 -1 -2 -5 -25 -5 
3 67 -6 -14 1 10 -14 4 
-12 89 61 63 4 -3 -23 -20 
11 -4 -10 -3 2 -2 5 21 
13 15 -57 -39 -6 -6 -9 -37 
-14 -69 -61 -33 -5 1 -6 17 
-16 -29 15 -5 -5 2 -4 2 
14 -8 23 2 3 -2 -31 18 
-19 -69 6 2 -2 3 28 -18 
5 77 37 -3 -9 -4 10 -4 
2 25 -63 1 -1 -9 -31 13 
0 2 14 -27 -8 -1 -3 -1 
-24 -53 -13 -11 0 3 -6 -8 
-23 -119 4 14 0 -12 -18 -45 
34 2 41 13 4 13 29 59 
-7 -62 -40 -10 -1 6 50 -2 
-17 49 36 11 3 -8 -31 -12 
-9 -28 -7 0 -6 -4 14 -8 
0 47 11 22 11 2 -29 -8 
18 -14 2 -6 -8 -1 -23 0 
15 25 -11 -27 -2 4 39 21 
-4 -12 -28 -3 0 1 -22 -9 
-22 -13 -27 -34 -7 -4 -2 -8 
4 -1 -4 -3 -5 -5 -11 -2 
17 19 22 20 3 -6 -6 11 
-1 19 -23 3 -1 0 6 -5 
9 61 -13 -14 -3 -2 5 2 
-31 -6 -18 -13 0 2 13 -19 
-1 30 22 12 -3 -2 -27 8 
18 -5 8 4 -2 -9 -4 -9 
-4 1 49 -6 -3 -6 -8 7 
-7 0 0 18 -1 -3 6 8 
6 24 -18 -24 -3 11 15 -7 
0 -14 26 9 2 -6 -12 -7 
20 19 2 4 -7 -10 -27 8 
18 6 -10 -20 1 -5 -10 -3 
-21 -11 10 17 3 12 34 -3 
-5 17 67 14 8 -1 -17 17 
12 -35 -63 -19 -3 0 11 -19 
8 -28 -92 -6 -3 -3 10 -1 
-15 -38 -17 -20 -1 -8 -28 -6 
-16 1 -4 -1 -3 -1 -2 -18 
-2 -25 -16 20 5 7 7 -1 
9 58 66 3 6 7 -8 15 
-6 -16 -53 -4 -3 -13 -62 0 
-34 16 24 2 -8 -3 34 -17 
9 -21 8 9 -3 3 2 4 
1 -27 -7 -25 0 -6 -19 -5 
2 12 14 2 1 -1 -19 5 
1 9 -35 -15 -8 -1 40 -32 
9 -29 5 8 -4 -1 -5 54 
-11 21 29 15 4 8 7 -9 
21 13 17 14 0 -4 -8 16 
-22 -49 -21 -2 2 2 3 -1 
-26 -15 -16 -28 -8 -9 -18 -39 
-6 9 4 4 3 4 38 12 
15 -9 19 8 1 7 12 -5 
-7 24 6 -6 -1 2 -16 -5 
10 -57 -66 -3 -2 -8 -9 6 
-5 54 33 -4 2 -2 -4 0 
0 -10 16 -7 -1 -11 -17 -8 
13 25 25 2 1 8 36 22 
-20 11 52 11 10 6 0 -11 
13 -35 -7 -19 -4 -1 -54 -13 
-40 -30 -57 1 -9 0 93 6 
-24 2 -8 -16 -1 -9 -22 3 
20 37 78 18 3 5 1 -12 
-24 -42 -52 7 -4 -3 -14 -25 
12 12 3 -6 -9 -11 -8 36 
28 -12 -35 -3 -1 6 33 10 
-10 -4 -15 -19 1 4 5 -10 
-7 -19 73 40 3 -1 -9 -12 
30 36 40 27 5 -1 -24 -1 
-16 -80 -63 -35 -10 -8 -11 -5 
-8 2 19 16 1 -1 -19 -10 
7 42 3 -19 0 5 25 8 
20 9 8 23 6 3 -15 -11 
10 77 -8 1 -3 1 -25 1 
0 23 17 -10 -5 -2 37 -2 
-8 -18 -46 -8 -3 -2 -2 9 
-10 -24 -12 -8 7 -7 -7 -6 
15 24 24 11 1 3 3 1 
9 -27 4 4 -1 3 -4 8 
15 35 30 19 1 -8 18 -1 
-14 5 18 -4 0 3 -32 -7 
-28 -65 -86 -27 -9 -16 -21 1 
8 17 25 -13 -3 -5 -12 -10 
10 -5 -3 -11 0 2 18 4 
7 -33 0 42 -7 -8 -35 -11 
8 -2 -23 -36 -7 0 21 5 
0 -27 -6 -4 1 1 7 -6 
10 46 45 14 2 2 -5 21 
-17 -38 -59 -36 -14 -9 2 -11 
8 9 46 28 13 6 -9 -8 
-15 30 55 24 -3 -5 -18 -10 
8 16 -19 -5 0 0 -7 5 
-16 21 38 2 -4 -2 31 -13 
-37 -31 -39 -10 -6 -5 -29 -9 
13 4 -38 -12 1 5 22 13 
-15 -22 29 2 -6 -10 -41 -22 
-1 1 -35 -12 2 5 16 6 
0 4 35 21 -8 -15 -24 2 
10 16 -3 -11 2 6 13 8 
-8 -40 -29 7 -1 -1 16 10 
27 65 44 2 4 -1 -6 -3 
9 -20 -15 0 3 10 18 -6 
-46 18 -43 -2 -1 -9 -13 -5 
7 -42 -12 4 -5 -6 39 5 
-5 -36 41 13 13 -7 -5 6 
22 -33 20 -22 6 8 1 -2 
-5 -32 -34 14 -8 -11 -33 -15 
1 22 -18 -25 -3 4 -9 6 
3 11 14 -2 -2 12 49 -15 
-19 6 32 24 -3 -6 10 23 
3 0 -73 -13 -5 3 8 -14 
-23 -19 1 -40 2 7 -14 -9 
-6 16 15 28 -4 -9 -31 -3 
17 -5 -25 -2 -4 -1 -3 5 
6 -59 -3 -19 2 -3 -22 1 
19 48 -16 9 2 1 24 22 
-16 -60 -9 -18 -5 4 -7 -9 
-7 -18 -23 6 -5 -9 -6 -7 
0 -28 42 24 0 0 5 31 
-5 18 -42 -8 -10 -11 -20 -29 
0 -13 68 3 9 1 -9 1 
-9 6 -63 -9 -3 1 24 -3 
5 -15 44 4 -5 -6 -23 -11 
-8 -31 -13 -4 2 5 37 -1 
9 20 -3 -11 -4 9 18 18 
1 -11 -1 9 -1 -4 -16 -13 
-3 47 11 -7 12 -3 -48 -10 
-20 16 91 24 0 0 49 -3 
10 6 -128 -48 -7 -12 -41 3 
19 -1 68 17 -1 9 28 0 
-2 37 24 6 -5 -3 12 12 
-12 -21 -35 -4 1 3 -17 -16 
9 6 -25 9 3 10 8 -4 
12 -7 -6 3 -5 -22 -24 13 
-35 -46 -2 -20 -6 -11 -36 -33 
15 21 38 22 6 4 20 18 
-3 22 -27 -22 -2 9 12 -1 
-9 14 16 13 3 10 -7 6 
9 1 -35 4 2 4 16 -13 
1 -18 -4 -27 -9 -14 -54 -10 
-24 -61 -18 -5 -1 18 93 15 
30 95 54 28 8 -3 -23 -15 
-3 47 -43 -17 4 8 3 -5 
14 -30 13 0 -9 -8 -51 11 
23 27 20 2 -3 -5 9 9 
-23 -34 -10 2 -3 1 -21 -23 
-32 61 12 15 -7 -2 70 27 
-12 -16 -19 -43 -6 -15 -41 -17 
5 -10 18 10 -8 -9 -23 -10 
-17 -13 6 -11 0 -2 0 3 
-10 -41 -44 -9 -2 3 -21 -11 
19 5 6 26 -1 7 47 14 
-35 23 35 13 -1 -11 -35 -11 
2 -31 -27 -46 -9 3 31 20 
9 18 47 21 7 3 -14 -20 
13 55 -26 -28 -1 -1 -15 -11 
3 -28 -12 3 -5 -7 7 24 
9 -35 -8 18 2 -1 -20 2 
-10 9 -24 -26 -4 7 51 10 
-34 -63 33 29 9 0 10 -9 
17 1 4 -18 -1 -2 -22 7 
-11 -2 -20 -6 -1 -6 -21 -27 
25 -45 33 15 -8 0 11 17 
26 48 -4 -2 5 11 4 -3 
-36 -30 -23 3 -4 -27 -36 -23 
-1 -13 -27 -22 -1 11 18 14 
14 -4 1 -21 2 -18 -48 -12 
-9 -35 47 22 -4 5 27 16 
17 58 -65 -5 4 9 10 0 
-5 -34 56 16 1 2 -3 -8 
-28 -27 -54 -23 -10 -6 -36 -11 
-6 34 -58 -11 -4 -5 2 -10 
-14 11 49 20 -6 -10 -20 4 
2 40 -26 1 16 7 -5 11 
14 2 7 6 3 13 29 10 
-6 -32 15 -15 -1 -1 19 -1 
-1 -39 -5 42 2 -4 -25 -9 
9 54 26 -38 -10 1 5 10 
7 -20 -54 -25 -8 -11 3 -9 
-22 -28 16 20 -3 4 -17 -5 
25 -18 -30 -21 -4 0 16 5 
4 51 5 14 0 0 12 4 
17 37 44 16 9 4 -4 -13 
-24 -111 -62 2 -12 -23 -34 -1 
-18 -23 10 -38 -6 8 36 1 
11 13 -8 6 0 -4 -17 -1 
-27 -17 19 19 6 9 18 1 
14 30 -28 -28 1 2 -18 -13 
-3 -27 34 8 -1 -4 17 3 
-23 -12 -13 15 -1 -3 12 17 
5 2 -17 -26 -5 -6 -14 -1 
5 -10 -19 19 2 9 25 7 
3 32 22 -3 5 10 18 5 
-10 -7 -57 -36 -7 -10 -36 -14 
16 -26 -24 16 -3 -1 16 3 
33 49 26 8 12 2 -17 -13 
-16 -29 -65 -41 -7 -6 7 0 
-21 -36 43 34 -2 1 11 -10 
6 -2 17 18 -3 -3 -17 8 
3 27 -27 -16 -8 3 23 17 
-1 -60 10 -26 -4 -3 17 -10 
-18 -20 6 10 5 -3 -4 -8 
6 31 -24 6 -4 -5 -30 -13 
-21 -3 11 -2 -1 10 51 -2 
11 12 47 30 -2 -19 -89 30 
9 -36 -63 -40 -10 -3 36 -6 
10 39 41 6 0 2 36 -8 
-4 -3 29 39 1 5 11 8 
-1 22 -43 -44 2 7 -34 -28 
21 64 68 18 15 8 14 25 
3 1 -6 12 -1 -9 -18 -10 
4 -22 -33 -23 -10 -10 -25 -2 
-15 96 46 31 6 14 44 8 
11 4 2 -1 -8 1 -16 -11 
4 -28 -53 -28 8 -9 -49 -2 
-24 -49 59 -2 -7 -1 65 5 
28 -4 -15 20 10 -1 -47 -12 
0 -8 3 -1 -10 4 67 19 
-9 -4 46 13 -9 -13 -26 -25 
15 -23 -89 -19 -13 -5 21 31 
-5 18 24 -5 -4 -4 -3 -25 
5 11 -24 11 -1 -5 -31 -21 
-13 -73 -11 -20 0 1 10 6 
3 28 59 26 9 2 -30 7 
-3 -24 -66 -49 -9 4 21 -7 
8 16 33 13 5 -4 -28 4 
-39 -51 -20 5 0 -2 -8 -15 
-6 -16 -5 -9 1 3 8 -21 
36 -7 33 13 -5 -8 20 31 
-66 -77 -63 -46 -7 -5 -29 -14 
-11 25 36 30 -1 9 35 -8 
3 32 13 6 -2 -11 -30 -6 
4 -20 7 14 -3 -2 22 -9 
17 18 38 4 -5 -15 -3 -5 
14 62 -14 -3 5 10 17 39 
-37 -50 -56 -5 5 0 -58 -30 
1 35 7 -7 -16 -3 -33 -7 
24 -8 1 14 6 -5 -27 17 
-3 7 39 -24 -5 8 38 10 
33 110 56 19 1 -6 -20 -9 
-47 -24 -17 11 20 10 4 3 
-3 15 74 -1 -6 -7 -22 6 
28 -24 -57 -27 -7 -6 -8 -13 
-21 -41 -14 -7 -7 -10 -5 7 
9 -25 11 23 2 7 4 1 
-19 18 -25 -18 -6 -7 -5 -18 
10 -3 3 -11 -2 1 14 17 
14 7 5 -12 -2 1 -12 9 
-2 10 14 5 -2 -4 -10 -7 
6 -81 -19 32 4 7 47 5 
7 11 16 0 -8 -5 6 8 
-6 -5 4 -6 5 1 -13 1 
-22 13 -17 -13 -3 -11 -68 -21 
4 -72 -74 -16 1 15 48 -4 
2 18 -4 9 7 2 -1 12 
11 26 40 16 -2 -6 0 -1 
-8 -32 13 3 2 1 22 5 
-1 41 -8 0 5 5 -53 -15 
-14 -18 36 4 -12 -10 32 18 
-42 -36 -51 -20 -4 -4 7 -21 
-8 -7 40 2 4 2 2 -16 
2 -41 -32 -3 4 0 -16 -14 
-1 24 33 5 -10 -8 -19 28 
14 -21 -10 -15 1 -3 4 1 
16 27 -21 1 -3 0 22 7 
-35 -8 -1 4 3 1 1 0 
-9 -30 29 7 -7 -2 -11 -23 
-8 -32 -72 -34 -5 -4 4 5 
-2 -15 -15 -1 -4 1 0 -2 
3 25 23 -13 5 6 19 3 
7 -7 -48 7 0 -2 -32 -7 
11 58 58 23 7 10 22 11 
8 -9 4 -10 0 -13 -43 -23 
27 30 8 0 -13 4 69 20 
-12 29 2 5 8 2 -7 -12 
7 -4 -2 -10 -2 -5 -5 6 
5 -8 25 9 -2 -1 0 4 
8 17 5 0 5 -8 -41 -11 
-16 -39 -14 5 10 12 51 -4 
-3 19 -23 -5 -6 0 -1 -17 
-9 4 1 2 -2 -2 -25 7 
23 14 20 9 -9 -12 28 11 
-1 -26 -6 -31 -2 -3 -2 -12 
13 22 25 16 12 0 -12 11 
1 -31 -40 -15 -12 -2 18 7 
-1 33 9 20 9 10 -20 1 
38 -9 13 -5 -7 -7 -9 9 
-21 5 8 28 -2 -4 14 -5 
-4 23 -7 -9 4 -1 -3 -7 
-7 -35 -33 -9 -9 -3 -7 8 
-7 -11 -25 -8 4 5 -11 -17 
8 -15 9 16 4 2 -13 -9 
4 15 40 9 -2 7 22 10 
-14 8 -22 -14 0 -8 -32 -13 
5 -20 -7 4 -4 -5 12 27 
-10 -72 1 -11 0 -2 1 -43 
-16 -17 -23 -4 0 -4 12 25 
7 16 35 8 4 8 -1 9 
1 24 -6 12 -3 -10 -21 -22 
-26 -65 15 -19 -13 -1 -3 19 
15 -8 8 20 4 1 5 -11 
-10 -30 -70 -27 3 6 5 -3 
-26 40 42 10 2 -4 -46 -31 
-4 -4 9 -4 1 6 43 38 
6 -20 0 10 -5 -9 5 -11 
-2 46 19 -6 -4 -4 -3 6 
7 26 17 3 4 8 14 0 
5 15 -43 -2 -3 0 -27 -19 
2 -11 5 -26 -8 -4 -5 19 
28 -22 19 15 -3 -8 0 -2 
-34 12 2 -9 1 0 -16 -14 
15 100 8 -6 -4 -8 -10 9 
-27 13 -31 -6 -1 3 17 -23 
12 -3 -30 -13 -10 -8 -41 -19 
11 -29 12 -7 -13 -14 20 3 
2 -59 -15 -4 0 3 19 17 
10 38 15 0 6 2 7 12 
-2 -11 -43 -21 -5 -8 -13 -12 
-27 -5 26 17 4 9 2 -2 
7 0 6 6 -8 -7 -7 -8 
16 10 -4 3 10 9 -12 -4 
-8 13 47 3 -5 2 17 12 
17 -33 -61 -14 0 1 -2 10 
-16 22 3 -29 -9 -13 -29 -14 
8 4 -5 -5 -10 -1 22 25 
-17 -11 9 23 4 0 -2 -8 
15 45 -14 -3 7 4 8 13 
-1 15 29 -1 1 0 -36 -9 
1 -10 -28 3 5 -1 7 9 
-23 36 11 -2 -1 -4 0 -13 
-1 -24 1 2 -5 0 3 2 
12 -17 -15 13 3 -4 -3 -17 
-21 23 35 -10 -1 10 3 31 
-16 -67 -41 -9 -6 -21 -23 -49 
2 -18 12 10 0 1 16 -3 
11 38 12 0 0 5 11 8 
-9 -9 50 9 2 3 -1 -9 
4 -22 -45 -13 -3 6 -6 20 
-2 33 22 -7 -3 -4 7 10 
-3 -23 28 25 -3 1 28 10 
16 5 -7 -31 -8 -7 -8 -29 
1 -6 23 2 6 0 -12 8 
-4 4 -3 0 -1 -3 4 -21 
10 11 -3 13 7 4 7 26 
8 15 -3 1 8 7 -11 -8 
-12 14 9 17 -4 -13 0 -14 
-2 -3 3 -25 -13 -9 -16 -2 
9 -8 0 -7 -5 5 45 5 
-20 -52 10 17 1 -1 2 -4 
27 20 0 -4 1 8 3 6 
-3 -66 3 1 3 -1 -28 -5 
-24 -82 -67 -4 0 -1 -8 -2 
-1 71 44 -11 -10 -12 -14 -13 
-4 -8 18 22 -10 1 26 17 
8 -3 -19 -15 4 -1 -8 3 
-2 13 10 -2 4 3 -20 -7 
3 -10 -20 14 4 -6 1 3 
-4 -15 19 -11 3 -3 -7 -3 
3 18 -28 -2 -3 1 1 21 
-11 -32 -48 -2 -4 -3 -10 -25 
-4 4 -10 9 3 -5 -18 -9 
-5 39 46 10 4 20 45 10 
11 2 -2 3 0 -3 -3 3 
15 13 10 -18 -1 -11 -15 11 
1 -11 -23 -5 -10 -5 -16 3 
-22 -27 -27 -19 -2 -1 18 -22 
-16 4 12 10 3 8 -3 1 
11 -16 10 9 -1 0 16 0 
-31 -24 -21 -19 -6 -15 -10 -28 
6 62 -28 -6 3 5 -17 18 
-6 -28 14 4 5 -2 8 -11 
3 29 -18 -7 0 0 -14 20 
-4 -30 -8 11 1 4 11 -6 
8 -1 -4 4 -6 -9 -10 -6 
-18 -11 -23 -7 -6 1 4 -4 
-1 17 19 -9 -1 -2 -7 -10 
14 -3 -3 0 1 2 3 13 
3 -13 11 4 0 -1 5 18 
-1 31 -17 10 8 -5 -47 -33 
5 -15 42 20 -3 9 68 35 
7 9 -33 -12 -9 -5 -8 -37 
21 5 88 7 -1 -8 -25 13 
-28 -75 -107 -21 8 6 -22 1 
33 108 56 -8 2 7 14 15 
-20 -54 -70 -8 -4 -8 22 -8 
-1 -7 -5 -3 -1 1 5 -12 
10 16 79 21 -4 -3 -7 7 
-7 -32 -48 -10 5 -2 -50 -22 
29 18 3 -16 -6 5 22 33 
-1 -10 0 -6 -1 -3 -15 -10 
-5 2 -26 1 1 2 15 4 
-3 -25 -65 3 2 -12 -16 -12 
2 15 44 9 0 11 10 -3 
-22 -67 -37 -40 -7 -16 -18 19 
26 4 18 14 0 3 26 -8 
-25 -27 -13 9 0 4 27 -25 
9 44 58 4 1 2 -23 -22 
6 -56 -47 -5 -5 -3 -21 10 
9 24 0 3 -3 -5 44 11 
-4 26 66 -7 0 -6 -22 9 
-32 -49 -62 3 2 1 -3 -11 
13 30 44 1 2 -2 -19 -6 
-5 -16 -6 -4 -2 -1 11 4 
0 22 2 7 -5 1 16 -7 
9 -11 16 2 4 8 -1 33 
6 21 6 13 -8 -8 13 -10 
-11 12 8 -6 -2 -4 -29 -5 
-16 -9 15 3 -2 -1 -3 -17 
-4 28 11 -12 -1 -2 -4 3 
-6 -26 -20 10 1 3 17 -13 
26 16 39 4 5 15 9 42 
-17 -25 -40 -36 -21 -25 -63 -18 
-3 9 -3 3 10 5 32 2 
-16 -40 -21 -17 -3 -4 -3 -24 
-7 41 20 -1 -3 -6 -19 -11 
7 3 30 -4 0 4 7 10 
-2 -41 -14 5 -8 -10 -19 7 
7 73 21 14 15 18 20 -7 
20 -2 36 4 -1 0 -12 17 
-29 -66 -77 -28 -15 -8 -33 -20 
15 -17 0 -2 -11 -8 19 14 
-8 13 25 8 -3 -4 9 -8 
5 1 6 2 -5 -6 0 -5 
5 38 7 10 11 8 12 3 
10 20 -1 -1 1 9 -10 -4 
-9 -16 24 25 10 2 -27 26 
-5 3 -38 -38 -7 -5 29 1 
5 -3 -55 -11 2 2 12 0 
-28 -23 45 -3 -22 -24 -23 -33 
-12 -8 -15 -2 -5 -5 9 4 
-5 -18 15 18 2 1 -6 -7 
4 -72 3 10 8 0 5 12 
11 11 20 11 13 9 -6 -3 
-16 -16 -37 -3 -1 -3 2 1 
-5 12 25 -7 -7 1 -5 7 
-2 4 -41 -8 -1 7 1 6 
3 15 -31 -15 -2 -7 -3 -18 
-6 10 18 -4 -3 7 16 -5 
7 -13 -30 -9 -12 -22 -17 -14 
-21 -22 50 11 -2 -6 -5 6 
-8 55 12 6 3 4 15 2 
19 11 0 -10 0 4 -5 3 
-12 3 16 20 6 6 -4 -11 
21 -4 -31 -24 -3 -14 2 14 
-32 -11 7 13 2 0 -34 -14 
18 -4 26 0 0 6 32 8 
-25 -29 -58 2 1 4 9 -22 
12 -43 37 -3 -10 -9 -20 -4 
17 -27 -49 -9 4 0 9 31 
-11 -7 27 -4 -5 -4 -16 -15 
