#EMG
#6
#ID:6-8
-6 3 -8 2 0 2 -5 -6 
-6 3 4 6 -1 -2 -10 -9 
6 -5 -3 6 -2 0 25 11 
6 4 1 -14 0 -1 1 9 
-20 -17 -8 0 1 -3 1 2 
6 -2 2 3 -3 -1 -7 -22 
-3 4 7 -5 -2 -12 -15 -10 
-4 0 -8 -3 -3 -3 -9 -3 
-3 -4 10 -1 -1 -1 6 9 
5 2 -11 2 2 2 6 9 
2 1 0 0 0 0 -8 -1 
0 2 3 8 -1 2 4 9 
2 3 -6 -6 0 -1 -4 -24 
5 0 -8 -13 -4 -6 0 8 
-13 -11 -8 0 -3 -1 1 -5 
-6 -12 -8 -2 -1 -3 -4 -1 
-5 -1 -4 3 2 2 0 0 
6 -17 1 -1 -1 1 2 18 
13 9 11 -1 -2 -1 -10 -26 
-31 -12 -5 1 -5 -5 -5 -5 
5 -6 4 -2 -2 -2 -3 -5 
-14 2 -3 -8 -3 -2 11 -1 
11 -1 -4 10 1 -2 -19 8 
-4 -1 0 -12 -1 8 15 -4 
1 -5 -1 2 -2 -5 2 0 
-2 2 4 7 1 -5 -6 3 
5 5 -10 -12 -2 1 8 24 
-1 -7 -6 -5 1 -4 -13 -22 
-6 -1 10 6 -2 5 3 -10 
-6 -6 -30 -4 -2 -1 3 -14 
-8 1 12 2 0 0 -4 2 
26 14 5 5 1 -1 -3 12 
-29 -2 -8 -12 -4 1 0 -7 
-6 -6 18 7 -2 -3 -4 -8 
-16 -7 -17 -21 0 1 2 -13 
9 -2 -6 0 -3 -4 -1 15 
8 1 -6 -4 -1 -3 -4 5 
-13 -4 -10 -10 -4 -4 -10 -19 
10 -12 4 6 0 -1 0 12 
-1 3 8 -4 0 2 10 -14 
-8 2 0 3 -1 -5 -7 0 
-6 -4 -10 -5 -2 0 -1 5 
2 3 2 -4 -1 -4 -6 -3 
2 2 6 8 3 3 -1 -10 
7 4 7 2 -2 -1 -36 6 
7 -4 -20 -8 1 -1 47 1 
-15 6 32 13 -2 0 3 -2 
-12 -2 -13 0 0 0 -6 -7 
14 -1 -4 -4 0 -2 1 6 
2 1 13 1 1 8 -13 15 
0 4 -6 4 -5 -11 -4 -15 
-2 -7 -1 4 -5 -3 6 3 
3 2 -3 -8 -4 2 4 4 
7 2 3 -5 2 -5 -14 -12 
-3 -2 1 13 1 6 11 7 
-3 -3 4 2 -4 -6 -11 -1 
0 4 -2 3 -2 -5 6 13 
3 3 5 -5 -1 2 -7 -15 
7 8 0 -14 1 1 9 3 
1 -2 -5 2 1 2 1 21 
-6 -2 7 8 -1 0 -7 -29 
-1 -3 -1 -10 3 1 3 8 
-1 -4 -4 -3 -5 -4 -13 -11 
-1 6 -4 -8 -1 1 7 -4 
15 -11 -27 -8 -1 -2 7 16 
-5 9 15 11 -3 -3 -34 0 
0 -6 -15 -3 -2 1 20 -12 
2 2 -2 -12 -2 2 6 5 
-5 1 8 -4 -1 -3 -3 -10 
-13 -9 -2 2 -2 -1 9 0 
1 -16 -13 -2 0 -6 -7 6 
-9 0 7 5 -2 -1 -16 -24 
7 1 4 9 3 1 10 0 
-12 2 -13 -24 -3 0 -1 6 
-4 -1 1 12 1 0 -14 -9 
-6 4 -1 -13 -1 5 12 1 
11 -14 -22 -13 -6 -1 14 21 
23 11 19 19 4 2 -9 -8 
-11 -1 -8 -12 -7 -12 1 23 
-6 -10 -9 -1 -3 -5 -6 -31 
-9 -12 4 3 0 1 -14 -4 
6 12 3 -1 0 0 12 -4 
4 -15 -3 -3 -4 1 3 17 
13 7 13 6 -1 -5 -10 -10 
-27 -22 -17 -25 -1 5 -4 -7 
-10 -3 -10 0 -4 -5 0 -1 
1 5 0 -6 -2 0 -8 -3 
20 5 0 9 -1 -3 0 21 
-6 -5 1 -3 -2 3 -3 -24 
8 10 25 11 -2 -13 -13 2 
-1 -5 0 -3 3 3 1 9 
-3 2 4 0 -1 3 -2 -6 
-10 -23 -6 2 -2 -7 12 7 
15 13 -2 2 0 3 15 0 
0 -2 -9 -6 -3 -2 2 -5 
8 0 -4 -2 -4 -2 -5 3 
0 5 -3 -5 4 -1 -13 -12 
-13 -10 19 11 -3 0 9 27 
26 19 -6 -3 5 -2 -38 -37 
-8 30 -32 -1 3 16 41 32 
-26 5 8 7 -3 -15 -16 -52 
16 -20 5 -12 -8 -3 6 21 
-8 32 39 15 2 2 -4 2 
-9 3 5 -1 5 3 -11 -20 
-5 -1 -27 6 -2 -4 -2 20 
-29 0 -13 1 2 2 -12 3 
-4 -55 -34 -30 -5 0 10 -15 
-20 -59 5 6 -6 -12 18 9 
16 26 29 6 3 10 10 -6 
-11 10 3 10 1 -4 -27 -11 
9 -11 -35 -22 -5 2 13 0 
-15 -1 24 5 0 -14 -34 -1 
9 -6 8 24 -1 6 29 -8 
19 -6 -41 -20 -5 -9 -66 10 
-4 0 -8 2 1 11 65 23 
0 -10 -7 -10 0 2 -9 -7 
-14 8 41 12 -1 -13 -43 11 
9 -8 -19 -15 -3 10 47 -27 
-28 12 6 2 2 -4 -34 -4 
-2 5 -2 -3 -3 -7 2 0 
0 -13 -12 -13 -7 -6 -24 -4 
-8 6 -27 4 8 10 6 2 
-6 3 64 28 -2 -5 -9 -16 
9 8 -40 -16 1 -6 -2 -3 
-5 7 -5 5 -7 0 6 20 
13 -3 -4 -11 0 4 25 6 
1 -16 -16 1 -3 -5 -22 -9 
1 12 18 5 7 15 -8 -3 
11 30 22 7 -1 -8 10 -5 
-40 -21 -8 -17 -7 -5 51 14 
8 3 29 4 -2 -4 -26 -7 
-25 -8 -13 9 4 8 7 -4 
19 -1 -15 -23 0 -9 -14 10 
4 5 15 17 -8 -5 -5 -14 
-7 -4 -8 -9 -1 0 -7 1 
15 1 -3 10 -2 -7 -12 19 
-16 -4 -7 -2 4 15 -5 -28 
11 6 18 3 -2 -11 8 11 
0 -6 -15 11 -1 -2 3 18 
-22 1 1 -13 -1 0 -22 -36 
13 -14 -19 -7 -1 5 28 10 
0 -50 -4 19 -2 1 -8 -21 
-4 -23 -24 -49 -9 -16 8 32 
7 -15 10 13 -6 -14 -19 -8 
5 9 -4 -14 0 14 18 7 
-6 10 0 -5 4 -1 5 -8 
-3 7 18 32 -2 -13 -61 -21 
3 8 10 -4 -1 16 77 32 
-2 -15 -10 -5 -5 -9 -11 -11 
-38 -16 -19 -6 1 3 -7 -10 
15 21 -6 5 3 -1 -7 -13 
1 -6 0 -25 -5 -14 -50 3 
12 33 40 21 4 21 92 25 
14 -11 5 -12 -5 -11 -17 -8 
-42 -28 -9 -2 -6 -2 2 -7 
0 -5 -15 -18 0 -4 -24 -12 
-1 3 17 21 2 -3 4 -1 
1 24 20 -4 -1 10 -6 2 
5 9 -3 -8 1 1 -6 1 
8 7 2 4 -4 -5 28 14 
-20 -11 -14 -7 -4 -15 -46 -16 
7 10 -46 -16 -3 0 15 -6 
-22 -7 22 13 1 6 -6 -11 
-4 4 -13 -7 1 9 -16 7 
-3 3 7 -5 -8 -22 23 -9 
23 5 -5 4 0 0 -9 27 
0 5 -6 -21 -1 6 16 -4 
-2 8 49 39 -6 -11 -22 -6 
-2 -27 -44 -33 -3 3 -2 14 
-16 16 16 14 6 13 -24 -36 
36 4 17 -5 0 -10 11 17 
-1 -3 -21 5 3 0 7 -8 
0 -32 -28 -1 1 2 -20 12 
14 -6 21 4 -9 -10 -8 2 
6 19 -14 3 4 13 12 4 
-7 -17 26 -5 -4 -12 -16 -17 
2 22 0 11 3 -9 -27 1 
12 -6 -29 -10 3 7 25 12 
-32 0 -57 -10 -4 -2 -53 -30 
5 -32 36 16 -2 12 100 3 
4 -7 -14 -5 -4 0 -15 13 
-1 8 21 -8 0 2 8 8 
18 21 9 -6 2 6 15 24 
2 -19 -45 -14 -4 -5 -19 -16 
8 2 21 3 2 -6 -13 -14 
-33 3 12 11 -7 -11 -11 -7 
-32 -13 -13 9 6 -4 9 -16 
4 -10 5 -26 -10 -5 9 19 
20 6 10 8 5 5 -34 -2 
15 16 -8 -10 -2 -3 15 9 
14 -27 50 25 -4 1 9 -1 
-5 34 -9 -6 -3 -13 -72 -20 
-17 -4 -56 -19 -4 16 106 22 
3 -4 3 -16 0 0 -40 -16 
-8 21 29 26 2 -1 1 7 
25 3 1 -3 0 3 6 6 
-4 15 50 2 6 1 -31 -4 
-47 -22 -47 -8 -4 0 5 -10 
16 -6 -10 -1 -3 0 20 2 
1 -6 -26 -2 -5 9 11 -1 
-4 -6 19 6 -5 -10 -46 -19 
0 5 24 22 5 -11 -59 -6 
13 38 -35 -19 -6 19 107 28 
-14 -1 -23 -13 0 -16 -32 -3 
-13 -37 -8 2 1 16 31 3 
21 15 31 8 3 -15 -27 -32 
-6 -39 -48 -11 -9 -6 -26 -10 
-11 17 32 9 3 5 20 8 
-11 -2 18 9 -4 1 25 3 
-4 -3 -7 -7 8 4 -27 -3 
22 51 24 5 2 -2 -13 13 
2 -2 -37 0 -10 3 28 9 
17 21 29 7 5 -12 -65 -13 
-52 -21 19 -12 -6 11 45 6 
-5 -12 -34 -18 3 -10 -53 -15 
8 24 0 5 3 4 5 10 
-15 30 -18 -11 -7 -27 -29 -5 
22 -9 43 35 2 3 6 -27 
-4 6 -23 -26 -6 -2 2 5 
-7 -23 -15 -3 2 2 -7 0 
2 -5 -7 -1 2 12 17 12 
14 44 27 18 -7 4 18 25 
-11 -14 -16 -15 5 -12 -41 -31 
17 23 23 24 2 7 36 7 
0 26 -18 -11 -5 -7 -25 8 
-2 -1 -8 -10 -4 -1 -24 -20 
-2 -2 51 5 -2 -3 53 14 
-14 -29 -74 -15 -3 -2 -14 -16 
-22 -12 25 -2 1 3 0 0 
7 10 5 3 -4 4 -6 26 
9 -5 11 13 11 1 -17 11 
-3 -1 21 -11 -3 -4 -21 -20 
-4 7 -10 -19 -5 -5 -12 -20 
7 -23 -7 20 2 -10 -15 0 
-5 -5 4 3 -15 -2 0 -7 
-1 1 23 27 3 -3 -27 27 
5 48 8 -16 8 17 40 -8 
0 -12 -58 -19 -4 -7 -3 -23 
0 3 34 23 3 5 31 15 
1 -15 -19 -16 0 -4 -36 -13 
6 -28 18 2 -9 -4 14 2 
0 28 -21 -14 7 -1 -20 27 
-17 7 19 3 3 1 30 -11 
2 -5 -23 -7 -10 -9 -43 -4 
-5 -24 -15 16 6 6 -9 4 
-2 -22 -25 2 -7 -7 23 -12 
8 36 -31 -23 -7 -13 -59 -7 
2 25 48 3 11 6 1 4 
-3 -25 0 -13 -13 -7 -23 -4 
10 20 10 -3 0 4 33 10 
-5 -46 -20 9 -4 -3 19 0 
7 -43 -12 -23 2 5 38 16 
-11 -5 -13 23 8 8 11 -18 
-4 0 37 -4 -3 -14 -44 0 
1 -12 -18 -3 -5 1 21 -11 
-11 -32 2 4 4 1 1 4 
12 9 -23 -9 -2 1 11 -1 
-6 -11 -14 -4 -11 -9 6 1 
-1 -1 17 -1 -3 -6 -40 -25 
-4 -4 30 4 -2 -4 -13 11 
4 4 12 -15 5 2 3 17 
15 10 -27 -8 4 12 20 -8 
-11 -27 -31 -21 -6 -3 17 25 
-40 -2 -14 13 -8 -6 0 -58 
7 3 2 10 -4 -15 -21 48 
-1 -6 25 -1 12 14 17 -33 
8 20 -16 -11 8 2 -26 9 
11 1 23 1 -9 -14 -9 -18 
-5 -31 -31 -2 0 3 5 7 
1 3 17 11 5 0 0 2 
7 11 -14 12 6 13 9 -1 
5 60 18 12 -4 -7 6 -4 
7 47 -4 -11 -2 -6 -43 -13 
1 -61 15 6 -2 6 32 26 
-11 -21 -34 -44 7 -5 -8 -32 
5 51 35 28 -1 5 13 21 
8 -22 -37 -1 -6 -4 -3 -7 
11 28 77 15 4 2 -7 11 
-24 -31 -30 31 -10 -15 -48 -20 
-10 -50 -69 -11 14 7 1 12 
10 29 32 -34 -4 18 81 10 
-32 -42 -85 -67 -16 -22 -35 -48 
22 6 21 12 1 1 27 45 
-3 -4 19 -5 -3 -6 -20 -26 
0 14 -9 25 4 3 -12 6 
19 -8 -35 -8 -1 3 26 25 
-7 -17 21 0 -8 -3 -7 -13 
5 9 58 14 1 -10 -61 -27 
-30 -33 -23 -6 1 15 97 8 
-9 -2 -10 -2 -5 -8 -12 -4 
12 -8 0 -25 0 3 -4 28 
6 35 29 13 1 12 19 38 
0 17 -5 3 7 -13 -51 -49 
-21 -24 39 17 -5 -1 -9 0 
7 2 -15 9 1 6 12 45 
-5 -15 50 13 -6 -10 -1 -47 
1 -7 41 12 2 -6 6 5 
13 0 -54 5 -4 -6 -10 -13 
-10 -9 52 -8 17 14 3 20 
-2 -23 -66 -38 -4 -4 -8 6 
-11 -16 11 15 -9 -7 -1 -60 
18 -3 -26 -3 -11 1 5 65 
2 15 -25 5 3 -8 -36 -22 
1 -41 1 14 14 14 49 16 
13 -2 25 -40 -9 -7 11 2 
-25 9 30 26 8 3 -7 -21 
-7 10 -13 -23 -10 0 8 -1 
8 14 -10 -13 -6 -3 -3 -10 
0 -7 -9 15 -2 -10 -43 2 
-12 -49 51 24 0 -8 6 -4 
-17 3 -54 -28 3 8 16 -40 
9 47 35 8 1 4 19 19 
7 -31 -26 44 -3 -7 -42 29 
-9 33 -44 -69 1 8 5 -23 
5 -8 79 28 -8 -13 5 11 
-2 6 -55 -42 -4 10 22 14 
-8 -13 -7 34 10 2 -53 -8 
-22 32 -26 -7 4 3 46 -23 
23 -27 7 14 -5 2 17 17 
-16 -1 -14 -21 -13 -22 -30 -24 
-7 -23 58 36 5 -2 -9 -13 
11 76 60 24 5 3 -35 7 
-5 -2 10 -16 -6 -2 13 -16 
17 -51 -47 13 2 6 24 41 
0 22 -37 -43 -2 -10 -40 -15 
0 -24 13 -11 -3 10 48 9 
-10 -19 -29 25 -12 -6 31 6 
8 2 16 20 11 6 -16 2 
-27 -63 -31 -34 -3 2 47 20 
12 23 51 40 -5 -9 -38 -41 
-25 26 42 41 1 -5 -16 -17 
-17 -25 -45 -41 -5 -11 -37 -8 
49 15 -6 -8 -4 11 59 33 
6 -4 -48 -7 3 -3 -43 0 
-49 1 -19 -9 -1 6 -22 -32 
27 24 56 43 2 -3 -9 -4 
-6 25 -5 -32 -7 -5 16 -8 
24 48 -10 10 4 -2 5 42 
6 21 -2 -26 -1 8 -9 -34 
2 -2 -10 5 3 1 -5 49 
-16 -4 -6 -32 -14 -17 7 -34 
-6 -24 -17 10 5 6 11 7 
20 -11 -34 -14 -7 -23 -28 -20 
-11 11 32 1 2 -4 -34 -16 
3 21 -32 -15 -5 7 3 5 
-1 -33 -34 19 -1 12 31 8 
43 -1 7 0 0 -17 -39 2 
-8 -5 -43 -35 -3 -3 33 7 
-33 -67 31 12 3 4 4 1 
-2 -2 -36 -30 -7 0 -13 -24 
-9 15 20 25 6 1 8 21 
-2 -7 -6 -17 3 0 -39 0 
13 -16 5 44 -2 -5 15 -5 
17 10 -18 -28 -1 15 39 -1 
-16 -29 -16 -9 -1 -7 0 -32 
-9 10 -19 -3 3 3 -19 -45 
-20 18 21 12 -4 3 68 57 
21 -31 3 5 3 -6 -31 -7 
21 22 33 -3 -5 -11 -85 -13 
-22 -28 -5 -7 -5 6 87 -21 
12 31 18 -11 8 15 -9 14 
-6 -44 -16 -12 -19 -3 48 82 
-18 -5 -74 -40 -11 -16 -20 -48 
22 4 18 29 -1 -20 -105 -11 
12 23 16 -10 5 21 28 -13 
-26 -3 48 17 5 0 16 2 
-4 -18 -35 11 -1 3 -1 -4 
-11 6 13 -33 -11 -8 -3 -14 
18 15 -8 9 -5 -26 -65 -3 
-15 21 -4 3 9 26 27 -1 
-17 -61 7 5 -3 -13 -48 18 
32 33 22 -9 4 7 39 -1 
-25 -28 -77 -11 -2 15 27 -16 
11 -3 26 -5 -4 -15 15 30 
21 12 20 41 2 1 -23 0 
-16 4 6 8 1 9 30 51 
-1 12 -11 10 2 -17 -73 -44 
-6 -11 5 -15 -3 7 30 -13 
14 21 -27 -5 -2 5 60 35 
-43 -27 -3 -25 -7 -3 -6 -20 
18 31 41 6 0 -13 -87 -10 
1 -20 -86 6 -5 1 32 -8 
-23 7 53 0 9 14 35 -9 
-12 2 6 18 -12 -26 -7 -6 
0 -14 15 -2 2 14 43 17 
7 11 -38 -26 -4 -40 -128 -39 
26 8 43 18 -1 17 119 43 
1 19 -7 22 -2 0 -29 -10 
-6 -20 -2 -41 0 7 36 1 
7 -11 8 14 -4 -14 -62 -15 
-3 5 -35 -49 -6 6 -27 4 
-19 -15 1 -5 -1 -10 17 -11 
9 41 31 30 9 5 -13 -14 
6 40 55 9 -2 -8 -52 17 
6 -17 7 28 8 18 77 30 
3 -15 -5 -27 -6 -6 -11 0 
-5 -1 -2 -10 -4 -6 -41 -12 
-13 -14 0 15 -3 -11 -28 -6 
-11 10 -21 -28 -7 2 42 -12 
18 3 0 18 2 14 17 7 
4 1 -23 -16 8 -6 11 -2 
-8 -3 19 16 4 -1 -13 13 
-3 2 25 10 -18 -22 -51 -35 
0 10 -14 16 2 15 24 8 
-3 -11 12 -22 -2 -1 -14 15 
-12 -19 -52 -22 -4 0 32 -27 
4 -7 19 24 10 5 -29 23 
5 -2 1 -8 2 9 16 -20 
-11 18 3 29 -7 -27 -61 -16 
5 27 37 -24 2 4 30 0 
-2 -5 -6 7 12 5 10 8 
0 -25 -39 -23 -7 -2 -8 12 
12 4 -7 -7 -2 11 29 26 
-16 -17 -7 3 -3 -6 -13 -34 
-5 -3 4 -12 -2 -13 -48 -15 
2 10 4 -3 -3 -2 1 -5 
0 -19 -17 16 -4 2 11 54 
-2 0 13 -16 -9 -1 21 -29 
-7 -11 -23 11 -6 -11 -35 -25 
6 11 19 -15 0 -2 -5 3 
-3 -13 -16 15 -3 -1 10 1 
-10 -7 -1 -2 5 2 11 1 
5 8 17 -7 2 -1 -30 3 
12 -4 -16 12 -2 6 47 36 
-10 -13 -1 -1 -1 -9 -23 -34 
21 3 8 9 8 17 25 59 
-19 3 0 -11 -6 -24 -40 -67 
-6 -18 -22 -9 -5 -8 -8 15 
1 6 4 -5 -1 4 5 -5 
-6 -5 2 3 1 -2 -10 -15 
3 3 0 1 3 13 20 25 
4 5 6 7 1 1 0 21 
-6 -16 -10 -3 -4 -1 1 -4 
-7 3 -3 2 -1 -5 -2 -7 
6 6 7 -14 -4 0 -5 -7 
0 -1 18 16 5 3 -6 -1 
-7 -10 -5 -7 -3 -5 -13 -20 
-4 -5 3 2 -6 -6 0 2 
6 2 -2 -7 2 6 18 12 
-4 7 0 5 1 -1 -18 -3 
9 11 0 2 -4 -4 -5 -10 
-7 -18 -4 2 -2 -2 -4 -3 
0 3 5 1 0 1 12 16 
-1 -1 -8 -2 -2 -4 -5 -3 
0 4 -3 -8 -2 -1 -22 -2 
-11 -5 -2 -5 -3 -11 34 -3 
16 -1 2 4 1 5 -4 -1 
-15 5 12 -1 0 -1 -10 -69 
7 -12 -12 -9 -5 0 3 42 
3 -5 -9 -7 -1 4 3 8 
-4 1 -3 -6 -2 0 9 6 
8 5 9 8 -1 0 3 0 
-8 8 17 10 2 -2 2 -21 
1 -9 -8 -9 -4 -1 -16 -5 
4 -2 -4 -1 1 1 1 29 
-6 -1 -3 6 2 2 9 -22 
1 -4 1 4 -2 -3 -8 -15 
-1 8 -3 -15 -4 -4 -11 5 
3 11 8 7 1 0 9 9 
-5 -13 -13 -2 -5 1 -1 10 
-7 5 -3 -13 1 -4 -8 -35 
4 6 4 4 3 -3 -4 -29 
-8 -14 -9 -12 -8 -15 -30 21 
-1 -6 -7 10 1 2 28 9 
-7 4 4 -1 -1 2 7 4 
4 -3 4 3 1 0 -10 -2 
-1 0 -4 4 2 5 0 -3 
-6 -15 -9 -9 -3 -5 -18 -10 
8 -3 -2 0 -3 2 7 15 
2 5 4 -5 -3 -11 -10 0 
-7 -1 -3 0 -3 -2 8 23 
4 -1 -5 -6 -1 -2 -11 -28 
-8 1 -4 -2 -3 -1 -3 -11 
-24 -13 -4 -2 0 3 0 -2 
2 -5 -3 -7 -2 2 6 -7 
-7 22 9 3 1 -2 -5 1 
9 -14 -3 6 0 -1 3 21 
7 -1 -1 6 2 4 -7 -10 
6 6 0 -1 2 3 11 7 
-4 10 5 -2 1 -4 -10 1 
-9 -20 0 0 0 -2 -1 -19 
-12 -16 -13 -3 -6 -7 12 24 
-7 -4 5 0 -1 0 -9 -29 
3 4 3 2 -1 2 -7 11 
-1 7 0 -7 -1 2 2 -1 
-10 1 2 2 0 -1 -1 -14 
25 8 -2 -5 -2 -3 -4 24 
-3 -5 -7 -8 -3 -2 1 -20 
-5 1 -5 -6 -2 -8 -8 -7 
6 -2 7 2 0 2 -1 3 
-8 -19 0 17 0 0 1 -11 
4 0 7 -2 -1 0 0 14 
7 -3 -6 12 5 8 13 11 
-16 1 1 -5 -4 -8 -20 -8 
3 3 4 4 -2 -7 -4 -18 
-1 -9 1 -6 -4 -1 3 8 
-2 -2 -4 -8 -3 -4 1 8 
7 -3 3 4 -1 3 -2 -10 
-14 9 8 2 3 -1 -27 -9 
17 4 -3 4 4 11 29 36 
-16 -1 -1 -1 -1 -3 -12 -47 
6 3 -9 -5 -6 -6 12 25 
-16 -7 -12 -25 -11 -7 2 -7 
5 -10 -5 9 3 0 -28 -16 
14 1 8 -7 -4 -4 17 29 
3 5 -5 -13 -2 -3 -6 -19 
1 5 -1 -1 2 1 3 0 
-16 -12 -5 -1 -4 -6 -10 0 
-11 0 -2 2 0 -2 -11 -6 
6 8 3 9 2 2 8 -2 
4 1 3 -3 0 3 2 5 
7 15 3 -2 1 -1 -5 -1 
-13 -9 0 4 1 2 3 -7 
0 -12 -8 3 -2 -1 0 9 
-1 2 0 4 3 10 7 3 
0 -4 -2 0 -3 -12 -33 -12 
-3 -1 -2 -4 3 11 41 16 
11 8 2 -8 -3 -6 -9 3 
-10 -7 16 3 -2 -1 5 -2 
0 -4 -17 -6 -3 2 3 -4 
6 -3 -5 -1 -5 -10 -27 6 
1 8 6 4 3 7 11 26 
5 -1 -16 -1 2 1 8 -28 
-19 -17 -1 -6 -1 1 0 -14 
-5 1 8 6 -4 0 -9 -18 
-6 -6 -7 -2 3 -5 1 6 
7 -10 -6 -10 -10 -6 -2 14 
-6 3 4 -17 -4 -2 8 -4 
6 -18 -15 -5 -1 1 0 20 
5 2 6 2 -4 0 -12 -11 
-11 -2 -7 4 4 0 5 -10 
-4 -2 -11 -2 -1 -4 -16 -2 
-5 -3 13 5 -1 1 16 12 
7 1 16 6 3 1 3 -8 
-13 -9 -13 -7 -1 0 -4 -9 
15 -1 -4 5 -4 -6 -12 5 
-1 19 6 -9 -2 -4 0 -5 
-2 -25 -16 3 2 10 -2 21 
-6 -12 -1 -5 -4 -9 -3 -13 
-14 -16 -9 -3 -2 1 -3 -19 
0 0 -7 3 -3 -7 -1 -20 
5 15 9 4 3 3 2 -7 
16 19 19 -1 0 4 1 17 
-11 -6 -7 11 -2 -3 8 7 
5 4 -8 -20 4 0 -2 0 
-2 -5 -3 -3 -6 -8 -11 0 
0 -16 -4 10 2 2 -3 2 
7 -3 -1 4 0 1 8 8 
-5 8 -16 -20 -5 -6 -11 -14 
7 13 1 4 2 -1 -28 -7 
-15 -3 15 0 -6 0 25 -1 
15 8 3 -1 0 -4 5 3 
5 12 7 14 3 9 9 23 
-4 2 -1 -8 -5 -7 -19 -20 
0 -1 -6 -4 3 -3 -9 17 
-5 -2 -6 -14 -2 4 3 -25 
-6 -7 -4 -1 -4 -8 -5 -1 
-1 -3 -6 -3 -2 4 8 4 
12 -4 16 15 2 5 0 13 
-25 -7 -13 -9 0 -7 9 -13 
-5 0 9 3 -1 -5 -8 -10 
1 -8 -10 -1 -2 -6 -1 -4 
2 7 3 2 4 4 -2 -12 
5 0 3 -5 -3 1 -1 19 
2 -6 0 6 2 8 0 5 
-7 -7 1 -1 -1 -1 8 -15 
9 10 -4 -8 -5 -7 -15 5 
0 16 10 10 1 1 4 -2 
-6 -8 -1 5 -1 0 -4 -10 
1 22 11 -10 2 -1 -4 6 
-4 -11 -40 -21 -12 -7 8 5 
3 7 9 -2 0 4 8 5 
7 0 4 7 0 -4 -6 3 
-4 -4 4 14 3 -2 5 3 
1 1 3 5 4 9 -24 -14 
0 -2 2 -7 -5 -9 24 14 
5 2 -22 1 -2 0 12 14 
-12 -11 -19 -6 -3 -4 -10 -20 
17 -1 4 8 3 -1 12 -11 
-3 -3 2 -4 -3 -10 -30 3 
8 4 12 0 0 2 -3 -2 
-3 2 3 12 9 5 12 6 
-10 -1 0 -10 -2 -1 -2 8 
8 4 4 4 4 4 -4 4 
2 2 -9 -6 -4 -5 0 -6 
-23 -22 16 -3 -4 0 2 5 
-4 19 1 9 0 -4 -7 -21 
2 -4 -6 -6 -5 -5 -5 8 
-8 -1 1 -1 1 2 -8 -9 
7 -12 -8 -6 -2 -2 1 16 
-4 4 -2 -2 -1 2 15 -3 
0 7 3 0 -2 -2 3 -18 
-12 6 7 0 -1 4 -14 18 
11 -5 -20 -3 -6 -7 -20 -4 
7 0 -6 -16 -4 0 39 1 
-1 -1 6 5 0 -2 3 1 
