#EMG
#2
#ID:2-14
-5 12 11 4 -1 -1 -10 1 
14 -21 -7 0 -2 -1 -6 -4 
-11 6 12 -3 2 4 -4 -3 
11 21 10 -4 0 -5 1 -10 
2 -11 -7 4 -2 -3 2 -1 
-3 -6 -2 -1 0 4 0 6 
-5 12 -18 0 -2 -2 0 -2 
-4 -2 30 4 0 4 7 -8 
-5 5 -17 -3 1 1 -5 -1 
10 16 8 -3 -2 -6 -20 15 
-5 -5 -20 -4 -5 -4 2 -49 
-1 -6 16 3 0 3 18 32 
7 0 -10 4 2 2 24 5 
-8 -17 -14 -7 -2 -4 -7 -2 
-5 0 0 -14 -3 -5 -14 4 
-8 -8 -3 3 2 1 0 -13 
10 -5 2 -4 -4 -5 -19 13 
8 24 37 6 2 1 2 -9 
-2 -19 -32 -2 1 3 1 -3 
-2 -2 -6 -10 -3 -7 3 -8 
-4 -13 -2 -4 -2 -5 -26 -4 
8 14 12 -4 -3 0 28 7 
-9 4 -25 6 0 -2 4 -2 
3 5 22 -5 -1 2 -11 16 
1 4 -12 1 0 -1 1 -8 
15 -2 -29 -9 -3 -3 -7 7 
-29 -16 -6 2 -1 3 3 -17 
9 -17 -23 5 0 -3 0 15 
-5 8 22 2 -1 -6 11 21 
14 15 -2 -4 0 -1 -14 -13 
-5 -11 3 -11 -4 -6 16 4 
-6 -6 -9 1 -1 -1 -7 -15 
-9 -11 6 2 -1 0 -19 -11 
-2 -1 -4 5 1 0 -7 1 
13 18 17 -4 -5 0 19 22 
-20 -5 -13 -6 3 -2 -12 -41 
14 -13 -35 -2 -4 -2 8 20 
-25 -3 3 -1 -1 0 -7 -20 
6 -1 6 4 1 -3 -14 8 
22 1 2 8 0 3 13 20 
-26 10 19 1 2 5 -4 -40 
9 -8 -1 4 -2 -4 -9 30 
-4 -4 -31 -11 -3 -3 0 -14 
2 -1 9 3 -2 0 -5 20 
7 10 18 -3 0 0 1 -6 
-2 -6 -5 1 -1 1 1 -13 
5 14 34 9 2 -2 -21 15 
-4 -4 -33 -9 0 2 15 -37 
6 -13 3 0 -3 -1 23 65 
-10 12 -11 2 -3 -6 -4 -25 
-9 -16 -30 -15 -4 -1 2 -13 
0 7 6 -3 0 0 -9 -12 
4 4 14 8 -3 -3 -4 -10 
7 13 9 -4 -2 0 -23 -1 
-13 -17 -4 5 0 -8 -28 -19 
-3 -18 -12 -1 -4 11 70 39 
7 -7 -34 -7 2 0 15 -10 
5 -1 22 7 2 -14 -94 31 
-44 10 -7 -14 -5 23 97 -46 
4 5 -1 3 -1 -14 -46 7 
-23 -21 11 6 -5 -1 16 -28 
10 4 -37 -14 0 -3 -17 -3 
12 11 16 3 1 -3 -21 19 
5 -11 32 -4 -4 0 -1 -13 
-1 23 -44 -4 -2 -9 -23 -10 
-4 -7 14 0 0 6 58 13 
3 -10 1 9 1 -6 -39 -3 
-18 -7 -32 0 0 7 40 -18 
15 0 -3 -5 2 -3 -23 23 
4 18 33 0 -1 2 -10 -8 
-8 9 -16 2 -1 -2 10 4 
5 8 37 -8 -2 -4 5 5 
-15 -7 -48 -12 -1 3 -6 -23 
-9 -12 31 5 -4 -6 -6 -21 
15 -2 -23 -2 1 3 6 19 
-6 -18 -63 -11 -2 -9 -33 2 
0 16 27 2 -1 1 -6 -18 
7 -7 -4 2 0 -5 -14 -8 
21 9 33 4 -2 6 39 41 
-30 -27 -44 -5 -3 -8 -19 -9 
29 2 36 2 2 1 -3 -4 
-10 -28 -26 -14 -7 -4 10 -7 
-17 13 17 -2 -1 -6 -59 -29 
22 6 -44 -8 -1 2 11 58 
-30 -16 -7 3 -2 -5 -5 -45 
23 13 33 9 1 1 6 3 
-15 -10 1 -8 -2 -6 -13 -7 
16 76 26 14 3 6 1 -22 
-1 -10 -16 -5 -2 -6 -51 37 
-7 -13 15 -2 -1 14 79 4 
-3 0 -6 -3 -1 -5 -32 8 
1 -7 29 2 0 -3 20 -22 
-11 -6 2 -1 1 7 31 16 
-5 11 18 11 0 -3 -10 -10 
24 -59 -24 12 0 0 8 16 
2 35 4 -2 -1 -3 -47 -16 
-9 -1 -3 -17 -6 -3 12 -2 
10 -17 -39 -27 1 4 -5 31 
-26 -37 44 19 -4 -7 18 -54 
-15 -52 -16 12 -2 -7 -23 5 
-9 18 8 4 4 9 21 13 
-10 -35 -37 -16 -3 -9 -51 -9 
13 30 15 -7 0 9 57 29 
0 48 32 6 4 -1 -42 -15 
11 -50 27 15 -5 -3 31 -12 
-23 -5 -37 -7 0 4 13 2 
9 35 -37 -30 -6 -15 -63 -23 
2 -33 -2 3 3 9 64 3 
2 28 16 23 0 1 -8 0 
15 42 -16 -27 0 -5 -32 14 
-15 3 60 10 -1 5 44 36 
1 -60 -31 -18 -4 -4 -14 -31 
-3 46 28 3 -3 -3 -24 1 
-3 25 30 19 3 5 32 -13 
-2 -38 -17 -16 -4 -8 -34 -10 
17 81 39 25 0 2 1 29 
15 -35 -31 -20 5 3 1 -16 
-26 20 -3 6 -8 -9 -8 3 
19 -9 41 8 10 6 32 9 
4 -47 0 5 -1 -4 -29 -15 
2 77 13 -28 -9 -4 10 10 
19 -32 -15 11 5 5 8 9 
-23 0 29 5 2 4 -23 7 
-5 -15 -44 6 -2 0 9 -1 
-9 13 -14 -37 1 -9 -87 -9 
5 18 24 50 -3 6 87 -16 
-20 9 -93 -34 -6 -5 9 -9 
-10 16 25 10 1 0 8 -17 
7 6 97 22 1 0 -17 23 
-8 40 -24 -13 -5 -8 -24 -22 
1 -94 -91 4 -5 -3 -9 16 
-24 39 18 -11 1 -2 1 9 
-9 -60 -24 -26 -8 -3 4 -16 
25 60 40 -12 5 3 -21 -4 
30 15 4 6 2 0 15 33 
-18 7 16 -17 -9 -6 -10 -22 
-28 -13 -16 9 4 2 22 -5 
-19 -56 2 6 -6 -5 -19 -12 
2 48 -28 12 1 1 -11 -3 
36 -18 -21 -13 -4 -4 -19 13 
2 21 18 -4 2 -4 -5 6 
-8 9 -12 -1 -3 3 32 4 
-27 22 44 12 1 -7 -17 -27 
-10 -21 0 -10 -3 -1 3 -2 
19 -12 -54 6 -10 -4 16 -7 
6 -47 42 -20 1 -10 -69 -7 
-17 7 -31 -4 0 17 80 5 
-20 -51 16 19 2 -6 11 11 
10 5 -16 -11 1 -1 -6 11 
13 -43 -39 -1 -6 -8 21 12 
6 -38 5 -13 -6 -6 -23 -5 
-25 -11 20 2 0 0 -11 -34 
5 -11 -17 1 -1 3 15 30 
1 -46 -10 -3 1 0 -8 -34 
-14 3 -5 0 -3 -3 -13 -5 
-9 -18 -42 -14 -13 -8 0 -11 
-16 -14 17 5 0 -2 -13 8 
-3 14 15 1 -3 -1 19 14 
3 20 7 -3 0 -1 -18 -26 
25 34 57 42 11 11 -4 48 
-2 -45 -97 -29 -2 -2 19 -26 
-22 -14 -20 -7 -9 -5 -2 0 
12 25 26 7 4 -8 -59 -4 
-35 -13 -7 -9 0 5 75 -20 
21 15 28 1 1 4 -3 12 
26 -35 -10 20 -2 -4 -45 20 
-21 -6 -15 -26 1 9 76 -2 
40 11 33 11 3 -6 -40 12 
-43 -39 -10 3 -3 -1 4 -47 
-6 29 18 4 5 6 4 7 
39 -21 -37 -14 -7 -10 -36 25 
11 -35 9 -14 -10 -8 -15 -5 
9 0 -22 -8 0 -2 12 -4 
-24 22 25 32 8 8 4 3 
-14 -37 -1 -1 -3 -4 -26 -14 
-3 41 -15 -16 -13 -4 -3 8 
8 4 15 6 8 10 19 8 
-5 14 20 11 -2 -3 14 -11 
4 11 55 6 1 -10 -31 -1 
13 -12 -79 -11 0 3 2 3 
-15 50 35 11 6 6 -8 -13 
8 11 -41 -41 -6 0 11 45 
-4 -83 -37 10 -16 -20 -14 -30 
-8 20 6 8 16 11 7 9 
13 8 -2 -21 -4 -5 -8 -2 
10 20 24 -7 -1 -5 6 -1 
9 58 10 6 -7 -1 -10 -7 
-2 38 -9 -11 0 -2 0 -2 
-22 -30 1 6 -11 -5 -1 2 
1 24 5 -1 -5 -4 -16 -10 
2 -26 20 8 8 13 31 17 
5 7 -19 -4 -6 -8 -13 -5 
8 -5 15 9 -2 -6 -17 -10 
-21 13 28 13 -6 1 12 16 
-5 17 15 -13 8 4 -10 -21 
7 -20 -13 -12 -1 -1 5 0 
13 -17 48 18 4 1 -17 -2 
-14 -55 -109 -27 -10 -10 -9 -6 
-10 42 -8 8 1 3 26 15 
0 28 22 2 -3 -3 -16 -16 
-4 13 30 22 -1 1 8 -7 
6 -3 9 6 7 4 8 -13 
13 -8 3 -28 8 2 0 21 
6 4 1 0 0 -1 -18 18 
29 15 -12 11 3 2 1 -15 
-20 16 -44 -4 -3 -5 0 -14 
-11 2 13 -10 -10 -2 4 23 
-26 -14 48 13 -2 -7 -31 -47 
1 -9 -43 -9 -2 7 26 26 
1 -19 5 -4 3 2 20 -5 
4 -19 -37 -1 -9 -15 -24 -4 
4 13 80 17 4 9 37 19 
-38 -65 -73 -22 -7 -12 -19 -36 
21 11 -19 -13 1 -1 -18 17 
-4 56 3 16 3 3 -30 -10 
-4 5 28 -10 5 3 10 -12 
16 -14 35 16 3 8 70 18 
-2 -8 -40 -26 -16 -17 4 9 
35 0 26 -4 -1 -3 -21 -7 
4 9 -41 7 -3 2 -12 2 
-6 42 -2 -3 3 -1 -54 14 
-21 -24 68 -7 -2 1 37 -31 
14 -30 -81 -10 -8 -3 56 38 
-21 -14 9 4 -5 -13 -41 -17 
19 29 10 12 5 4 -15 20 
-24 8 34 34 7 14 13 -37 
22 11 -28 -34 -1 -2 -6 -11 
-12 -37 15 0 -8 -6 25 28 
13 -27 -41 -6 -1 -7 -14 -1 
-9 46 57 13 11 -9 -101 -6 
-29 -18 17 19 -4 8 38 -6 
26 -52 -17 -26 1 15 42 17 
-44 23 -15 1 -10 -28 -6 -23 
26 -6 -2 -3 0 2 -25 3 
-32 -12 -27 8 6 -16 -96 -44 
3 28 -20 -11 -4 22 97 59 
-20 -70 -5 -1 -14 -20 -78 -50 
15 48 60 -8 -2 8 86 28 
12 -10 -34 -20 -5 -5 -26 -11 
-8 -4 12 2 5 -1 -47 -32 
8 10 -24 -22 -7 1 32 34 
1 -23 -6 33 1 -5 -7 11 
-20 -10 -9 -32 -10 -9 14 -7 
7 33 9 2 4 0 -37 -26 
0 12 9 3 5 15 72 -10 
-5 -36 -12 -2 -1 -11 -28 29 
8 12 -13 16 -2 11 57 7 
7 -59 17 -11 -2 -12 -66 -30 
-14 -43 -24 -2 -2 3 -13 5 
-5 46 -20 -15 0 -1 11 -8 
14 -3 75 40 9 6 -12 13 
5 16 -11 -7 -6 -14 -20 4 
13 54 36 19 4 10 17 -6 
4 -52 -45 -35 -4 10 54 12 
-37 5 17 -2 -2 -5 -29 -13 
-7 -13 23 13 -8 -7 29 5 
-13 9 -6 -7 5 1 -25 1 
2 15 20 9 -7 -8 -29 0 
7 -31 7 2 4 1 11 -11 
-25 7 -33 -12 -5 -6 7 -31 
28 -31 -76 -38 -11 -7 14 36 
-26 25 48 2 2 3 1 -22 
26 -51 -14 4 6 8 -6 17 
-20 9 28 40 5 -3 -22 -7 
15 49 21 17 0 -1 -16 -22 
5 -67 -62 -31 -13 -6 -4 8 
10 46 23 -3 -4 10 63 14 
-22 -75 -88 2 5 -4 -15 1 
-3 29 49 -1 -11 -5 7 0 
12 -21 -21 -26 19 11 -22 -4 
-17 -8 59 52 -9 -13 -26 0 
37 -6 10 -17 2 2 14 2 
-3 28 -49 -29 -12 -6 -3 -6 
-29 -40 -10 -3 -2 -7 -21 -11 
5 54 9 -23 6 6 9 -25 
46 103 63 31 4 12 35 74 
5 -40 5 17 2 0 -5 -29 
10 22 5 -1 -5 -5 -28 -12 
-1 -14 -55 -2 2 6 39 7 
-15 -30 -5 -5 -8 -8 -28 -9 
14 -54 30 -17 4 -1 -19 20 
-19 37 -65 8 -1 0 46 -2 
-18 -14 41 -11 -20 -16 -44 -6 
-7 72 -81 -27 16 10 12 8 
-36 -60 49 33 9 -5 -47 -16 
17 9 15 21 -11 -2 29 -11 
17 10 -32 -2 9 9 13 18 
-7 15 14 -6 -6 -1 -20 -12 
-4 -22 -8 2 0 -2 23 1 
5 57 -18 3 4 3 -3 9 
4 -16 4 17 -5 -9 -30 -25 
0 -46 -56 -35 -2 4 34 -18 
8 23 13 2 3 6 14 37 
-13 -49 26 17 -3 0 1 1 
3 32 -23 -27 1 -1 -2 2 
-11 -62 27 6 2 -3 -32 -7 
-1 16 12 -22 -21 -12 4 -19 
-1 33 46 20 10 0 -14 -21 
11 -6 -31 24 7 0 -38 30 
-15 37 20 -10 -12 -8 14 -32 
-10 -29 -58 -28 -2 3 52 20 
1 10 62 22 5 3 -9 -1 
-13 15 35 13 9 1 -62 -29 
-19 22 12 7 -3 6 57 27 
13 8 33 -7 -1 -4 -3 20 
-7 21 -13 -18 -7 -8 -8 -38 
7 -74 -35 12 -2 0 40 21 
11 -11 -5 -49 -3 -10 -41 -17 
-15 5 30 25 4 2 9 -20 
7 -104 -32 3 -9 1 0 42 
-7 29 95 -4 13 6 -5 -12 
15 -40 -69 -53 1 0 4 0 
-33 -40 9 36 3 -4 -15 -14 
-12 -11 21 -11 -22 -7 -21 -7 
2 36 56 13 14 8 30 16 
7 -20 -21 10 -3 -5 -15 -3 
9 52 -48 -20 5 2 -4 -3 
34 25 9 -4 5 -1 -20 -1 
2 -6 -41 -13 -18 -10 -5 -7 
-37 -8 27 26 -4 2 35 -7 
-9 18 -56 -34 -11 -10 -34 24 
1 -12 21 -3 13 5 8 -23 
-29 -72 -2 -6 -8 -9 -2 -10 
4 -42 -9 -15 1 -5 -49 -5 
24 35 79 76 11 24 59 9 
-22 -58 -128 -52 -12 -7 -11 -6 
0 -31 -23 5 6 -2 -1 -3 
-4 -17 50 14 -4 -5 -13 -5 
7 5 -5 -27 8 -2 -6 18 
1 8 -37 37 1 3 7 -4 
-7 60 40 -5 -1 1 -6 -16 
17 54 49 24 -8 -4 -12 -3 
5 -26 -31 -49 -5 -3 -17 -14 
-19 -9 -27 1 -7 -2 3 21 
2 32 3 -43 4 2 46 -6 
0 -14 9 27 0 -11 -75 3 
17 6 20 1 -4 7 84 5 
-26 -79 -15 -15 -1 -4 5 -10 
14 29 36 4 0 9 3 20 
9 22 -6 22 -7 -9 -11 -12 
3 16 56 20 10 4 -35 -29 
10 -7 -70 -31 -12 -9 -13 40 
8 47 63 13 -11 -1 16 -12 
-4 -24 -64 -32 4 -2 10 12 
-13 32 90 50 5 0 -14 -5 
15 66 36 -42 -9 1 15 7 
-7 -42 -51 13 -7 -4 -23 -10 
-3 -11 -28 -33 4 6 18 15 
-4 5 3 11 -2 5 -29 -15 
10 43 105 36 -3 5 50 7 
-1 -21 -96 -27 13 -6 6 10 
-2 -9 10 -19 -17 -10 -19 -6 
-5 -22 -4 32 5 4 23 2 
-3 5 -6 -12 -1 -4 -20 -16 
5 -60 -5 -11 2 7 -9 23 
-4 7 13 15 -3 3 61 -2 
-25 -43 -54 -34 -9 -21 -59 -4 
5 -15 -9 -17 6 10 22 -11 
-1 18 90 48 3 -3 0 -19 
6 33 -85 -30 -4 0 -6 2 
-9 -29 16 -12 -13 -3 -7 6 
6 24 -16 15 17 9 -7 -16 
15 -23 -8 20 0 5 -7 20 
-28 -42 26 31 -10 -11 -19 -12 
17 87 10 -37 4 5 13 13 
-17 -36 -63 -39 -6 -10 -22 -13 
-8 -4 17 5 -3 4 -17 -19 
15 -27 -37 21 -3 7 48 18 
-6 -68 -67 -51 -13 -28 -20 -9 
-9 18 107 9 8 -1 -22 -9 
-24 13 -18 8 -2 -10 -66 -10 
9 30 47 18 5 21 94 17 
19 34 -2 18 1 -1 -14 -5 
13 -33 -49 -43 0 6 9 26 
-12 -11 -67 40 -1 -6 -9 -19 
-12 54 71 -17 -4 -9 -45 -32 
-18 -73 -40 7 -2 -2 5 -9 
0 8 58 35 -1 -4 2 7 
-4 -12 -59 -60 -13 -6 8 3 
-4 -66 -39 -6 4 2 0 6 
5 18 19 12 6 1 -7 -1 
0 47 46 46 6 0 -19 -2 
-4 -90 13 -57 -19 -1 39 -1 
8 62 -38 6 14 -2 -32 -7 
-19 19 15 3 -13 -6 23 9 
-5 -81 -42 6 3 -8 -63 8 
28 -38 20 27 0 7 85 -4 
-3 37 36 -31 -4 1 -1 -6 
-7 24 7 6 5 2 -19 3 
16 -10 -7 22 3 1 -4 16 
-15 7 -63 -24 -6 -4 -10 -5 
-14 20 30 7 -13 -10 -16 -4 
12 27 -3 8 13 16 5 -2 
5 -17 15 -6 -5 -7 12 1 
0 14 -35 -9 -7 -9 -32 14 
0 10 28 21 15 14 21 3 
-7 -26 -25 5 -15 -9 -34 -50 
-14 -6 -28 -14 -1 2 28 63 
0 24 33 -1 6 3 0 -25 
-18 -87 -105 11 -2 -1 -22 -48 
4 -12 27 5 -4 -3 6 42 
-9 19 -19 -41 -3 -1 -16 -39 
9 -44 32 34 -2 -5 16 37 
-3 -55 4 -25 3 -2 -13 2 
-12 20 -39 -1 4 0 -2 6 
-6 3 34 -7 -11 -10 -2 -45 
-19 7 21 8 -2 -4 -31 -38 
39 67 36 25 4 3 -14 41 
4 -11 -20 -28 1 3 -12 18 
1 -19 20 -2 -9 0 33 -9 
20 74 -25 -14 -3 -8 -57 -32 
15 29 107 48 0 5 72 69 
-7 -45 -23 -32 0 1 -40 -28 
-25 -61 10 28 -2 -9 25 -9 
-15 27 21 -4 -1 2 0 -4 
-12 -52 -51 -13 -3 3 26 -10 
9 60 60 22 0 -4 5 8 
17 21 -3 -29 -2 -3 -34 5 
4 13 7 18 4 10 33 27 
-23 -2 -17 -13 -8 -13 -24 -38 
2 -83 -38 -23 -7 -5 22 -11 
-17 -17 -44 3 1 -7 -66 -33 
-20 25 39 0 -8 -1 46 41 
10 11 -43 -4 5 -3 -44 -21 
-6 -10 69 23 2 13 42 -13 
14 -5 -37 3 0 1 19 17 
-17 -2 -17 -22 -2 -8 -16 6 
-5 -8 14 1 -3 6 6 29 
12 -44 26 6 -1 -9 -20 -11 
-8 14 -50 19 2 4 -5 -21 
5 -16 6 -11 -2 2 29 -10 
11 20 46 10 7 -1 -6 -9 
-15 22 0 -9 -10 -4 -15 13 
35 44 17 18 0 7 36 20 
4 4 -18 -20 -1 -7 -40 -11 
-22 -28 24 -3 -3 -3 -17 -30 
-41 -79 -106 -11 9 1 14 4 
-25 36 71 -16 -6 1 -7 -22 
13 25 16 7 9 12 32 37 
21 -25 -5 16 -12 -16 5 -19 
-1 -12 -27 -47 -10 0 18 -6 
3 38 53 32 15 3 -18 3 
-13 -44 -39 -20 2 8 -2 -11 
-1 -1 -42 -32 -10 -10 -11 -4 
28 40 -36 67 -8 -8 -17 9 
1 3 4 -18 3 4 14 11 
11 43 -16 -41 1 -7 -12 -3 
-7 7 20 20 4 8 13 19 
11 18 10 -32 -9 2 4 20 
-5 -17 -14 -25 -10 -8 -12 -33 
-7 -11 -28 18 -3 -11 -7 -10 
-1 -1 8 -17 0 -3 -16 9 
-2 23 18 20 10 16 8 -10 
6 15 -18 -52 -23 -4 13 20 
15 19 27 18 0 -14 -15 -7 
-17 -20 -5 -10 -2 -1 -6 -37 
13 -12 -15 -26 -3 -13 -16 36 
-3 -9 9 55 8 10 35 13 
4 3 11 -34 -7 2 -11 10 
10 1 14 -9 7 6 7 16 
-17 23 -4 26 3 3 7 -37 
-4 -12 -11 19 1 -12 -29 -8 
-18 -12 -45 20 -2 -3 4 3 
14 -9 -1 3 -3 1 3 10 
-4 10 35 -7 4 0 -7 -11 
-3 -38 -32 7 -5 -6 -3 -31 
3 9 70 18 3 3 -2 10 
9 26 -53 -13 -4 -1 -3 21 
-14 -37 -57 -8 -7 -5 -1 -7 
-5 -20 0 -26 -1 2 3 -3 
4 -16 34 13 0 1 1 -15 
-17 2 -11 7 0 -3 -6 9 
20 16 47 24 5 4 5 11 
-1 -3 10 13 2 3 4 3 
-1 -26 -32 -16 -8 -8 1 16 
8 15 27 -2 1 -1 -13 -23 
-1 9 -4 -12 -3 -7 -3 -13 
-3 8 22 -3 0 7 2 6 
-11 -13 -5 41 8 2 7 -9 
0 1 -14 -31 -3 -2 2 -12 
2 22 16 -13 -5 -5 -8 22 
4 11 16 15 0 0 -4 -2 
-17 -5 -11 -6 -4 -1 -5 -10 
-8 0 -7 16 6 0 9 1 
3 3 26 -4 1 0 7 17 
-6 27 -66 -29 -3 -3 -5 -11 
4 30 32 10 -3 0 0 -9 
6 -43 -50 -5 -1 1 0 5 
5 19 0 31 -3 -5 -2 -9 
6 36 24 -19 -1 -4 -3 32 
-3 -4 5 -4 3 1 -2 -9 
2 4 12 -8 -3 1 -2 17 
-15 -13 -7 5 3 0 1 -28 
3 1 4 9 0 -3 4 8 
5 2 -16 -28 -3 1 -3 -6 
5 6 35 27 -2 -2 1 8 
1 1 12 1 -2 -3 -3 -4 
1 -17 -18 7 3 1 -1 11 
-2 -7 -20 -21 -7 -3 -7 -21 
-3 -7 -6 -5 1 2 3 11 
3 3 4 1 1 0 -1 8 
-3 -10 -1 -15 -3 1 1 -13 
5 0 1 5 1 0 0 15 
-12 -31 -22 -6 -8 -9 -7 -1 
-1 38 25 6 2 1 0 -3 
5 -20 -50 -8 -9 -5 -5 3 
0 6 15 5 2 -1 -2 -17 
-2 -19 -35 -16 -2 -1 -4 -12 
0 13 4 -23 -2 0 2 -1 
2 -14 15 15 0 -2 0 19 
-1 20 16 3 -2 0 -1 -3 
-3 -1 -7 10 -4 -3 -1 2 
1 -20 -30 -11 2 2 -1 -5 
2 6 14 14 2 -3 -1 -11 
0 -13 -4 -2 -7 -4 -4 13 
-6 20 21 9 0 0 1 6 
5 -6 -3 -10 -6 1 1 -12 
-12 -6 3 3 2 -3 -10 -17 
5 -9 -6 -10 -2 -2 2 20 
-10 17 17 14 2 0 1 1 
-19 -14 -11 -4 2 -1 -4 -33 
16 -7 -7 -7 -5 -3 -1 26 
2 -1 -17 2 2 1 2 -2 
6 12 29 9 -1 -4 -4 -3 
-11 -8 -12 -6 -2 -3 -1 -7 
-12 -6 14 6 -4 -3 -4 -16 
2 45 -10 -1 2 3 3 3 
1 21 -12 -19 -3 0 -1 -5 
8 4 -5 0 6 2 2 12 
-4 4 31 14 -2 -3 -1 -5 
3 -13 -3 -13 1 -3 -5 4 
-2 3 4 7 4 2 -2 -11 
-2 -4 2 5 -3 -4 -3 16 
-2 -20 -28 -16 -1 0 0 -14 
-7 -24 -8 -2 -9 -5 -7 -2 
-6 3 9 0 -1 0 -3 -13 
9 -1 1 -5 4 0 0 10 
0 15 -2 5 4 2 3 5 
-8 -19 20 7 0 0 -3 -10 
-3 -4 -22 -9 -2 -2 -1 -9 
0 -7 9 4 -7 -4 0 16 
-3 2 -20 -2 4 3 4 13 
5 17 15 -15 -4 -4 -7 -22 
-3 -10 1 1 0 -1 0 0 
-6 -10 -26 7 -4 -3 -1 -6 
-3 -5 8 -9 -2 -2 0 -3 
2 -11 -14 1 -2 -2 1 8 
1 -8 5 0 -3 -2 -4 -4 
0 5 9 1 -3 -1 -1 -5 
-1 4 2 -7 0 0 -1 -1 
-5 -23 -23 0 2 0 -4 -3 
4 10 -16 -11 -8 -1 1 5 
-3 7 5 -1 -2 -2 -3 4 
-4 -5 12 12 0 -4 -3 -12 
-1 -11 -27 -2 1 1 0 -3 
-6 -11 2 -9 -1 -2 -2 -1 
2 -2 2 3 2 0 0 0 
2 -1 8 3 1 0 -1 11 
-10 -10 6 -6 -5 -2 -4 -22 
-1 2 3 15 2 -1 -1 1 
-1 -6 -15 -25 -4 -2 -2 -1 
-1 -2 6 -2 -5 -2 -2 -4 
-1 11 11 9 -2 -1 1 7 
5 -12 -9 -3 -2 -2 -1 -2 
-3 7 10 7 2 -1 0 -22 
-7 6 -14 2 -5 -3 4 28 
2 -20 -11 -9 -6 -6 -6 -6 
-13 34 7 -9 2 2 2 5 
8 8 17 7 3 0 0 12 
-3 -6 -31 -13 -1 0 0 -31 
13 7 7 7 0 3 7 37 
-17 4 23 8 -1 -6 -10 -41 
-3 -14 -13 -5 -3 -2 -4 7 
-2 14 21 1 0 0 -2 -1 
-6 -18 -19 0 1 2 2 12 
14 -21 -35 -5 -1 -1 -1 4 
4 -1 8 11 -4 -5 -3 -3 
-8 4 -14 -27 -3 -3 -1 -1 
-7 4 15 0 2 -1 -3 -32 
2 -1 6 2 -1 -2 -1 21 
-5 -14 -8 -2 0 1 3 3 
15 -1 3 -3 -1 2 -4 -9 
4 12 -21 6 1 0 3 30 
1 -4 5 -8 -7 -2 -6 -9 
-7 9 13 17 -3 -8 -2 -18 
-24 -7 4 -2 4 1 -3 -11 
-2 -9 1 2 4 1 -1 -6 
0 -13 3 3 1 1 2 8 
8 16 -3 -4 -1 3 0 20 
-11 -32 -6 6 -3 -7 -6 -24 
3 21 0 -27 -12 -4 -1 -19 
1 -7 -6 0 1 -3 -2 23 
5 -16 -1 -12 -3 -2 1 -11 
-14 -7 -13 7 2 1 3 15 
1 7 14 4 2 -1 -1 -7 
-7 -11 -5 -4 -2 -1 2 -15 
5 5 0 17 5 5 1 1 
19 2 13 -19 -2 1 4 9 
-27 -14 -37 -5 -3 -3 -7 -6 
10 8 5 4 -5 -3 -4 9 
