#EMG
#2
#ID:2-21
-27 -8 -18 -3 -3 0 29 6 
6 -7 0 -2 1 -5 -29 -1 
2 11 37 2 0 2 24 1 
0 -11 -23 -9 0 -1 12 7 
-6 -1 10 -2 -3 -6 -31 -29 
-2 0 -12 -1 0 5 17 2 
-8 -4 -11 1 -1 0 2 0 
-9 0 29 1 0 3 0 -3 
2 3 -1 -8 -3 -6 -35 -2 
1 7 3 6 -2 -1 37 13 
6 11 -5 -1 -1 2 7 9 
-8 12 -5 11 4 2 4 -8 
0 -6 -23 -20 -4 -2 -8 1 
1 -7 19 -3 -3 -3 -12 -22 
17 0 -26 -3 -3 0 -2 15 
-7 -13 6 6 1 -1 -1 -14 
1 4 20 5 -1 1 16 12 
4 -5 -16 -3 0 -8 -20 2 
-9 -11 10 -5 -4 -5 -23 -9 
-12 -21 -32 -16 -7 -6 13 -13 
4 11 -10 8 0 -2 -10 7 
7 4 -6 -7 -3 -4 1 -9 
-4 -11 -27 -12 -2 -2 -7 6 
1 9 4 -1 -2 -6 -14 -4 
-16 -4 14 4 -1 1 6 -18 
-17 -1 -15 1 -1 -6 -47 -19 
9 -5 16 4 -1 3 56 37 
6 -5 -7 -5 2 1 2 -1 
7 -7 24 6 -1 -1 9 17 
-1 27 -24 -12 -1 0 -16 -21 
-9 -7 -5 -3 -3 -2 7 13 
-9 6 24 3 0 0 0 -11 
18 -6 -17 2 4 7 -3 -11 
-2 -16 -2 3 -4 -11 1 22 
-9 15 -3 -3 1 -3 -32 -39 
9 -7 -2 -3 -2 1 23 12 
5 17 -12 1 0 1 7 -8 
-6 -13 14 -3 -3 -3 6 -2 
12 5 13 5 2 0 -13 7 
-9 1 -10 -3 2 -4 -10 -18 
-31 -11 -6 -9 -5 0 5 -11 
32 -5 3 4 1 3 18 37 
-2 -4 1 6 -2 -4 -21 -10 
-1 -2 5 0 -3 -5 -16 -9 
1 -1 -34 -13 0 -2 0 4 
-9 6 1 -5 0 5 6 -6 
-2 0 -5 4 -1 -4 2 12 
9 1 -18 -8 -4 1 -16 3 
-20 -12 32 4 0 -3 20 -13 
7 -3 -28 -11 1 4 1 16 
0 -23 -8 1 2 -8 -57 -32 
-13 21 -3 -1 -5 10 68 14 
8 7 11 4 2 -1 -7 4 
10 -6 15 7 3 5 1 15 
-33 -6 18 1 -2 -4 -7 -36 
27 2 -17 1 0 -6 -30 4 
4 5 17 0 0 0 8 3 
-9 -11 0 1 -4 -1 25 -10 
8 1 -7 -12 -4 3 -2 20 
-18 -8 -17 4 3 -4 -20 -20 
7 0 12 0 -5 -7 1 2 
-2 -1 13 8 -1 -2 -23 -9 
-2 25 4 -4 0 1 36 23 
14 -14 2 -9 1 7 26 -16 
-18 12 12 4 -3 -1 1 41 
11 -15 -26 -2 -4 -18 -70 -46 
-8 -7 1 4 0 14 35 5 
-1 -10 -10 -1 1 -4 -19 10 
-6 -4 13 -4 -3 -9 -49 -16 
11 7 19 -1 -4 -3 -2 9 
-4 2 -24 1 4 12 31 -18 
13 21 -8 -6 -7 -7 -3 7 
6 -20 -9 7 -2 1 3 -7 
-16 26 -11 -11 0 -4 -15 8 
-6 -30 -29 -17 -3 -6 -12 -13 
-1 14 43 10 3 7 2 10 
5 4 -27 -12 -1 -3 -12 7 
-12 -52 15 15 3 3 -20 1 
17 4 6 -3 -6 2 69 9 
-31 -38 -34 -3 0 -3 -5 -11 
18 26 23 -1 3 1 -6 -7 
-3 37 -22 -10 1 4 3 -4 
1 16 35 18 -7 -8 -22 -10 
-3 -35 -9 -27 -4 -7 -21 15 
3 19 -20 6 0 -5 -44 -10 
8 -5 0 -4 -1 12 75 28 
-15 44 9 6 0 -9 -16 -23 
4 -11 -9 -4 -4 -5 -3 -3 
-4 -8 -4 -2 -4 1 6 -7 
-5 -22 33 12 0 -10 -55 -10 
14 -5 -25 -4 -3 8 68 24 
-1 8 14 1 1 3 14 -10 
-3 -15 -13 -4 -2 1 3 7 
-28 -30 -25 -6 0 -3 -19 -26 
11 23 33 10 0 -6 -15 2 
7 16 -26 -14 0 0 -10 -9 
0 -17 12 3 2 6 20 6 
8 19 -2 6 -2 -2 20 8 
-1 -25 6 4 -2 -7 -82 -6 
-14 28 19 3 2 -2 2 -9 
-8 26 7 -9 -2 12 84 -3 
0 -55 5 -2 -4 -9 15 10 
-15 21 -12 -9 -3 -8 -41 -19 
1 8 3 13 -2 -2 -13 4 
-5 -17 -1 6 -1 -2 -10 -14 
-23 -82 -34 -20 -4 4 45 -7 
3 18 -2 -18 -3 -2 7 15 
-14 -46 35 11 3 -3 -21 -7 
18 22 -12 -1 0 -4 -8 2 
-10 15 17 13 -1 1 8 5 
-10 -28 -9 -4 4 -1 -19 6 
-11 -14 -38 5 -4 -1 3 -31 
4 -29 12 -7 1 -1 -15 13 
6 31 0 -11 -7 -2 -10 -2 
1 -31 -74 -15 -4 -2 9 -4 
10 33 3 21 2 -2 -21 19 
-12 -2 -11 -17 0 0 7 -16 
1 10 28 26 1 -6 -24 8 
10 5 26 -3 0 0 36 17 
-2 -17 21 -7 -4 -3 -23 -30 
-10 -25 -12 1 2 3 13 53 
-6 12 -35 -13 -4 -1 3 -31 
-22 -18 -4 -10 -9 -7 -20 -7 
-8 7 13 5 3 1 10 7 
25 18 -20 -2 -2 -5 -27 -13 
-22 47 24 -13 2 3 -4 -19 
11 25 45 48 5 11 33 16 
0 2 -17 -13 -6 -4 27 -3 
-2 43 22 -24 -3 -2 -21 -1 
11 -8 -14 -12 0 2 6 15 
-2 -48 -53 -1 -2 -5 -58 -24 
-2 19 29 -6 -1 -4 26 25 
2 -30 22 22 1 -2 -1 -4 
-1 -21 -31 -17 -5 -4 -3 2 
-12 -13 9 2 7 0 -28 -20 
27 9 -3 6 -4 1 3 19 
-27 2 11 0 -6 -8 13 -10 
15 9 17 -3 3 3 -2 20 
-16 -2 -41 -17 -6 -5 -5 -28 
4 78 -18 -3 4 -1 -40 2 
8 -7 -8 -5 -2 3 33 -10 
8 28 -2 -1 2 8 47 2 
2 24 73 11 -8 -11 -7 0 
2 -40 -75 -25 -4 -3 -2 -19 
-10 -9 -17 -9 -6 -12 -53 11 
-3 27 18 8 -4 0 28 2 
16 5 0 -3 5 2 -4 26 
18 -14 35 7 -1 9 50 13 
-10 14 5 7 -2 -6 -6 -20 
1 -25 1 5 -6 -6 -21 -11 
4 1 -42 -17 5 3 -5 -9 
-23 18 78 33 0 -1 -13 -5 
1 -51 -51 -11 1 -1 -21 4 
6 43 3 10 -6 -2 19 -2 
19 -24 -10 -12 12 5 14 -12 
2 21 28 -13 0 4 -10 3 
-5 -3 26 17 3 2 -11 -21 
-8 84 -30 1 -3 -7 12 24 
11 -27 16 -7 -10 -6 -7 18 
-7 -11 -33 -10 -4 1 35 -18 
0 40 -22 17 2 -5 -34 -9 
-1 -32 6 -9 1 7 12 20 
-16 -3 -9 6 -6 -8 15 -25 
-2 -20 -30 -6 1 -2 -10 22 
15 -1 -6 -6 -6 -5 -26 -7 
-4 -28 -26 -1 1 4 13 -16 
15 27 37 -16 -4 -4 -2 30 
-20 -39 -1 15 0 -1 -15 -18 
5 30 -1 -2 1 4 16 13 
-1 -15 11 -1 3 -6 -34 -16 
-5 -1 14 4 -1 1 5 -8 
4 22 13 -6 5 2 -5 18 
-3 -21 8 -4 1 4 5 2 
7 -5 -26 -12 -11 -11 -41 -21 
8 -37 -18 -1 5 9 19 21 
-7 -11 -24 -10 -6 -7 5 -3 
1 3 14 8 -1 8 45 25 
-3 5 31 12 6 4 -5 -34 
-13 -22 -20 -5 -3 -12 -75 -25 
8 -6 -27 -6 -3 5 43 23 
27 9 16 -10 4 3 23 0 
-6 -9 13 2 -12 -7 6 2 
-23 13 -20 -7 -5 -4 -5 -7 
8 -15 5 6 1 2 -10 10 
-3 47 9 1 2 -3 -18 -37 
3 3 21 3 -1 -2 6 27 
-6 6 28 11 3 4 11 -3 
-9 -27 -5 -10 -7 -7 -14 -5 
0 -15 -29 -1 0 3 1 -5 
0 -28 -12 -5 -4 -6 -30 2 
27 35 2 14 -1 -1 44 14 
-31 -12 1 7 7 3 -26 -2 
-8 -27 3 -3 -8 -10 23 -11 
2 -9 -15 -15 -5 0 -33 1 
-9 97 0 -5 -1 1 4 4 
15 -7 2 2 -3 -9 -43 -35 
-5 -6 1 -6 0 0 14 -1 
-12 -62 -39 11 1 -1 1 40 
-14 -32 25 -12 -5 -1 51 -32 
24 17 17 7 0 -5 -32 33 
-9 -30 -2 0 -6 -4 -20 6 
-50 -12 16 0 4 -2 8 -43 
0 -21 5 -1 1 5 14 6 
-2 -8 -23 -12 -8 -5 15 8 
30 -3 2 3 0 -2 -27 -4 
-37 7 -18 -9 2 4 8 -11 
-15 -8 13 16 -2 -12 -79 2 
-8 18 -2 -7 -3 7 77 -10 
18 -45 9 4 -6 -5 0 21 
12 48 13 5 -3 -5 -47 -16 
-2 -1 8 4 2 5 29 10 
-14 59 -18 -9 3 5 -23 -32 
-30 -25 -34 -15 -3 -16 -41 26 
39 -7 48 7 -5 6 50 -1 
-6 -20 -18 -11 1 -2 4 1 
4 -12 -22 -11 -6 -9 15 -14 
-20 18 34 15 6 -8 -74 -25 
24 47 -33 -8 4 21 73 25 
9 13 29 7 -5 -5 -11 -2 
5 12 23 16 5 -2 -29 0 
-9 -41 -96 -14 -6 -9 -19 -18 
-1 48 54 -14 1 16 62 15 
-32 -9 -7 6 -7 -15 6 23 
8 6 7 0 1 -2 -25 -15 
-4 -31 10 -1 0 10 31 7 
14 -5 10 14 6 7 25 -8 
8 -61 -28 -24 3 -3 8 -3 
-32 8 3 4 -3 -6 -71 -40 
22 3 -26 -7 -4 7 81 24 
9 -8 -39 0 3 -1 -4 -12 
10 3 -17 -4 -3 -5 -84 5 
18 -19 22 -5 -2 11 119 28 
-18 35 36 3 -4 -8 -44 -11 
-10 -31 -3 -18 -9 -19 -4 -27 
9 12 -12 22 -5 -3 26 13 
-15 -12 34 4 4 1 -38 -10 
16 13 -58 -33 -5 4 3 16 
-13 6 -5 -10 -4 -17 -63 -14 
22 15 2 -3 4 21 64 -10 
-23 -5 -16 -4 -2 -7 3 -1 
0 40 76 33 7 7 -55 -12 
-25 -55 -19 -19 -8 2 51 16 
6 -10 -37 -2 -5 -5 -30 -5 
9 55 -18 5 6 16 47 -2 
10 27 11 -9 -3 -13 -36 3 
11 13 9 16 5 -2 -68 8 
-16 9 19 5 -4 -11 5 3 
-18 -24 44 0 3 0 -1 -4 
-14 -23 -90 -11 0 2 -2 -11 
6 25 -8 -24 -6 -17 -54 -3 
18 -7 23 2 0 6 32 -13 
-3 -21 24 5 -2 -5 -27 22 
9 36 60 38 -2 1 57 6 
-32 -63 -28 1 2 -14 -106 -25 
23 1 -60 -48 -4 16 78 30 
-10 37 4 21 -2 -16 -59 -19 
-1 -40 -4 -10 1 14 72 8 
8 35 11 11 2 9 27 1 
-19 10 63 13 4 -4 -84 -12 
27 -26 -44 -16 -10 -6 1 16 
-20 -30 -9 4 -2 -19 -29 -9 
16 10 -11 -9 1 8 46 15 
-10 -38 0 3 3 -1 -66 -50 
4 -25 -68 -5 -6 8 87 41 
10 -5 3 -13 0 -12 -81 2 
0 -6 22 20 -1 2 55 -9 
-3 9 5 2 3 2 -15 -6 
7 39 -20 2 2 6 12 -1 
5 35 14 -14 -3 -13 -54 -11 
-4 42 33 15 4 6 13 0 
-8 25 -24 -21 -7 -1 57 2 
-5 -47 6 2 2 2 12 14 
-5 6 40 6 -2 -2 -23 -24 
11 -38 -7 -4 -1 5 48 34 
3 -14 -16 15 2 -8 -22 4 
14 -12 -21 -20 -6 -11 -82 -25 
-8 8 29 3 1 18 110 12 
-26 -44 -31 -18 -4 -13 -128 -24 
25 -1 8 -4 -3 12 94 26 
-32 -3 1 9 -2 2 26 -12 
10 -22 63 8 4 -5 -5 6 
5 28 3 8 1 -1 -11 8 
-18 10 28 -5 -6 -25 -92 -51 
12 4 -13 -20 -7 7 69 37 
-1 -30 -105 -19 0 4 -13 3 
-12 -14 58 15 -4 -1 52 0 
-9 6 -18 20 4 -2 -38 -7 
12 12 63 11 7 3 -90 -13 
-18 20 -24 -9 -14 2 99 3 
7 -9 3 -3 -1 -10 1 12 
-13 -29 9 3 -4 -6 -27 0 
-4 -17 -56 -11 1 -14 -94 -35 
16 12 -8 4 13 18 31 20 
13 29 -22 -11 -6 -10 -20 -3 
-11 -88 -1 1 -6 1 30 3 
6 3 -62 -3 6 2 -11 11 
-4 -1 97 15 -2 -1 -28 -21 
8 -15 0 -12 1 17 86 19 
-23 56 27 9 1 0 51 -7 
-19 -27 -50 -16 2 3 7 9 
-22 2 13 4 0 0 -25 -11 
18 22 28 43 4 -12 -40 -7 
15 9 5 1 5 6 -39 8 
1 26 64 0 -14 -18 -17 -9 
-5 8 -25 -18 -4 2 37 8 
-10 -41 -89 -45 -7 -5 -34 -33 
7 57 57 33 5 2 -25 29 
32 7 43 10 -1 0 11 6 
-40 -6 -11 1 -3 8 66 -3 
12 19 -50 -24 -3 -11 -5 -5 
-7 -20 -29 -26 0 -2 -19 -5 
-31 -51 -10 25 -9 -7 -18 -42 
20 4 14 11 11 5 -11 39 
-3 48 28 9 2 6 41 -2 
-13 -15 -67 -43 -12 -11 -20 -4 
10 1 11 -21 -9 0 74 15 
15 23 3 3 -1 -8 -53 -24 
1 -3 -7 13 4 4 -3 6 
3 -14 -13 6 -2 1 13 6 
2 2 34 1 -6 -11 -26 -10 
3 -41 -21 32 6 -5 -11 -17 
14 -53 -22 -63 -9 1 -14 33 
1 66 68 13 2 4 26 -16 
-8 -9 -30 -22 -6 -12 -11 -4 
0 13 -1 -2 -10 -8 -1 1 
4 50 60 47 3 -2 -1 -5 
1 0 11 -3 1 6 13 18 
-23 -17 27 29 8 7 -5 -11 
-8 29 -63 -39 -5 -2 4 -14 
-9 2 68 18 -1 1 -29 -3 
33 11 -113 -28 -8 -4 -33 10 
0 74 42 21 6 5 11 19 
-23 -10 -81 -47 -10 -10 -9 -37 
1 -10 55 39 1 -2 -2 -2 
-12 -13 1 -3 8 2 -36 -42 
29 -7 36 -6 4 -1 25 51 
7 -26 15 -4 -1 3 15 7 
-2 25 -87 -26 -9 -9 -49 -3 
-18 11 46 16 6 0 29 -10 
-3 -29 -63 -8 -1 12 39 -2 
11 20 58 12 -4 -10 2 7 
26 -58 -9 -16 -4 0 -1 14 
-22 -47 -1 37 5 -5 -24 -16 
-13 -66 -63 -40 -15 -9 -6 -12 
13 45 17 -18 11 11 43 17 
-22 -5 50 17 0 -6 -26 -17 
12 3 30 9 -3 4 45 19 
-7 4 -37 -12 -4 2 20 -12 
6 -21 13 13 -4 -4 -29 1 
-14 -60 -112 -30 2 3 6 2 
2 86 108 35 7 2 -22 -29 
3 1 22 1 -7 -3 -11 23 
8 -42 -40 -19 -23 -21 16 2 
20 59 21 1 4 -3 8 0 
-23 -82 -72 -34 -6 -6 -40 -12 
-2 -77 26 25 7 2 14 -13 
8 -41 -42 7 2 9 34 8 
-47 -9 24 2 -8 -7 -6 -20 
13 1 -28 -17 -6 -3 -1 42 
-2 -6 -39 -20 -4 -9 -43 -35 
8 13 63 35 2 18 29 5 
-15 -5 -8 14 14 6 14 -1 
13 25 -21 -20 5 3 -3 -11 
-6 -17 45 6 3 -1 -18 -1 
2 34 19 3 -5 -11 -28 7 
9 -7 -9 19 4 6 -6 3 
-3 -6 -24 -20 -5 2 15 -7 
20 33 34 13 2 -2 14 35 
-40 -76 -75 -28 -9 2 -6 -22 
1 -3 36 -9 -8 -14 -20 -5 
-1 -93 13 18 1 -6 11 27 
-12 -18 -3 -24 -8 -6 -9 -49 
-5 -30 -19 -17 -5 -10 -52 1 
13 10 18 17 -2 -6 -88 -10 
-10 11 -27 -8 -5 24 104 13 
19 61 -5 -13 4 -3 -41 3 
-22 -63 6 15 -6 -7 5 4 
5 8 -15 -3 -5 -2 -1 5 
13 73 75 3 1 -8 -23 -2 
1 -8 -97 -13 6 13 14 -6 
-1 38 48 22 0 -7 -11 -3 
5 -34 -20 -16 0 6 30 8 
12 -23 -23 -7 -8 -3 -25 12 
-19 22 48 12 -1 -12 -2 -31 
0 -34 -19 -8 2 -6 -22 15 
-16 67 -62 -38 -6 1 23 -3 
-9 -20 -15 31 -4 -5 -20 10 
-3 13 23 6 4 3 0 -2 
0 8 16 22 5 5 -12 -20 
6 -4 20 -19 -4 -9 -9 -24 
-22 -17 -46 -26 -6 0 43 2 
13 2 13 23 0 3 -7 13 
-16 -17 -15 7 -1 -8 -23 -16 
-1 -11 11 1 5 9 19 13 
11 43 72 16 0 1 -27 -17 
-13 -29 -33 -19 -15 -13 -2 -2 
17 53 -11 -23 0 -6 -28 14 
1 -30 1 15 2 5 56 5 
3 -37 -100 -17 1 -6 -16 -23 
-26 -58 43 18 -1 0 -27 -13 
38 75 3 1 4 13 11 31 
-1 67 3 8 -15 -14 6 -2 
-9 16 70 -19 -1 -3 1 4 
2 22 -32 4 -3 5 16 1 
-17 -41 -11 -14 3 -5 -29 -2 
39 40 99 7 7 9 3 -11 
-14 -70 -75 12 -9 -15 -25 -26 
-3 17 -8 -18 -6 0 8 11 
-3 -17 24 19 3 2 2 -4 
21 31 18 6 3 2 14 40 
-16 51 -17 -19 -9 -8 -9 -50 
-2 62 1 7 7 -3 -16 2 
-5 5 25 12 2 9 30 0 
-21 -41 -14 -29 -9 -1 35 -7 
11 -69 -39 -4 -10 -11 -34 26 
-8 17 81 12 11 3 -5 -17 
2 25 -34 3 3 2 -14 0 
-15 -16 16 23 3 6 -15 -10 
7 -12 -2 6 3 -1 3 6 
7 -16 -53 -24 -9 3 42 22 
-18 -4 70 0 3 -11 -30 -21 
-19 -51 -11 5 -2 -7 -49 -30 
12 -45 29 10 1 3 33 26 
-16 -91 -33 8 3 0 -38 -38 
1 5 -29 -20 -5 -6 -5 -12 
1 59 22 8 3 -2 2 24 
-3 -7 -51 -9 0 2 15 13 
6 -2 22 -20 -8 -7 -14 9 
8 31 56 23 1 1 -21 -4 
-12 -73 -62 6 -4 2 41 15 
16 -9 41 -16 -4 -6 -20 -15 
0 10 28 -2 -4 0 7 7 
-8 -11 -44 -22 -2 9 37 0 
-3 -65 -42 0 -1 -7 -45 -13 
2 -2 21 -1 -1 -4 2 3 
10 15 -20 -1 1 -3 -30 19 
9 -14 20 1 -7 2 40 -14 
-24 -18 -44 7 -2 -1 -14 -7 
-11 54 31 -15 -5 3 18 -22 
26 34 32 24 11 1 9 23 
-2 0 28 -5 -6 -5 -26 3 
14 -29 -72 -26 4 5 3 38 
-3 22 -24 0 -1 2 -10 -7 
-8 -7 1 -6 -5 -3 46 6 
4 63 -48 3 -2 -2 -4 17 
-5 -34 31 -10 -8 -8 -5 -27 
3 96 17 -6 7 2 -22 16 
9 32 59 13 7 10 33 10 
-20 -65 -61 -9 -11 -9 21 -24 
-13 -29 -17 -27 -4 -5 -6 -16 
-5 26 71 52 8 -5 -42 -11 
17 -7 -48 -10 -1 16 59 10 
4 -71 -62 -34 -9 1 -3 16 
-9 21 48 7 -1 -12 -5 4 
6 -25 -32 -30 -6 -7 4 -4 
1 26 43 27 -2 -6 -45 -10 
2 -19 -2 18 -1 -4 0 6 
14 -18 -35 -21 7 5 -9 31 
-9 -48 48 23 -2 -1 10 -17 
-18 -27 -21 -16 1 2 -10 0 
3 47 48 1 1 -1 -44 -9 
11 -16 4 14 -1 4 38 -36 
1 -8 -27 15 2 3 16 12 
-10 -13 -39 -30 -2 -5 -6 19 
-9 5 -12 -9 -14 -10 -4 -18 
-1 41 17 12 6 1 -25 -14 
-5 -25 -6 3 3 7 -17 9 
0 8 -11 4 3 -1 -17 -66 
3 18 54 27 5 2 26 40 
3 10 -76 -28 -12 0 34 9 
-20 -13 -34 -22 -2 -5 -9 0 
3 -32 32 46 5 -3 2 15 
-1 -45 -8 -35 -6 1 7 -4 
-9 45 46 16 6 8 -19 -34 
20 -11 -16 9 -4 -1 23 35 
-33 -21 3 -11 -4 -8 -24 -11 
11 -5 -93 -6 5 -3 -30 0 
8 3 8 -3 -7 2 28 -3 
3 27 40 7 3 2 2 -2 
3 -81 -33 -28 -6 -2 3 17 
-10 -23 -7 15 0 -2 -9 -14 
-19 4 19 23 -2 1 -24 0 
6 -11 -12 -12 -7 -9 0 18 
12 0 1 -10 -4 -1 -2 -36 
-11 25 35 -16 -1 -3 11 9 
6 -16 16 16 3 -3 -14 1 
0 -30 15 12 9 18 20 7 
4 53 9 1 -10 -23 -53 -5 
14 49 37 -19 9 18 63 17 
-19 -27 -29 17 -2 -2 4 -1 
-9 -18 -25 -13 -7 -10 -40 -15 
-2 -1 2 15 3 12 53 23 
-9 5 38 -22 -2 -8 -28 -45 
13 23 -12 -7 5 6 -19 22 
1 5 -6 -26 -3 3 29 9 
-14 -14 -18 -8 -5 -6 -18 -21 
-7 19 -4 30 0 -2 -7 -22 
13 -12 16 -16 -1 -1 2 3 
2 5 -29 6 2 3 -18 -2 
4 41 89 19 2 -3 22 13 
-10 -49 -63 4 2 3 -2 -6 
1 27 20 -11 -1 -4 -7 -18 
2 22 2 8 -2 -5 10 23 
12 0 -31 -26 -10 -4 -1 1 
-19 10 35 29 3 -4 0 16 
9 -9 8 -10 -4 -6 0 7 
-12 -16 -16 19 6 7 8 -29 
5 6 -23 -5 -13 -8 -10 -21 
21 -1 -5 -6 -7 -1 -2 57 
-16 -10 -16 -11 -6 -1 -9 -22 
13 15 27 -26 -4 -3 2 2 
-26 -11 -12 -1 -3 -5 -4 -8 
-12 -1 21 21 3 -4 -19 -27 
-2 -8 22 9 0 -2 12 15 
11 -6 -33 -38 -1 1 -2 4 
11 0 -20 18 8 7 4 -15 
-4 15 44 11 -6 -2 5 14 
5 9 -11 -5 3 -2 -9 5 
-7 -13 29 3 -5 -9 -3 -6 
4 16 -2 -12 3 9 7 14 
9 -10 -15 -6 3 -1 -1 -1 
-1 5 21 14 -2 -1 1 8 
-18 5 -20 -32 -4 -2 -9 -9 
42 46 40 7 -4 -6 4 9 
-17 -19 -34 0 1 1 -7 -29 
-4 -3 -11 2 -2 -2 -4 -19 
-3 8 9 15 -2 0 7 5 
1 22 19 1 6 6 -1 35 
8 -10 -18 -15 -3 -4 -2 -26 
-2 -2 -10 -9 -2 0 -3 -13 
-4 6 -7 5 -4 -2 2 9 
0 -25 6 9 2 -1 -5 5 
8 24 26 10 3 1 2 4 
-17 -19 -83 -38 -13 -4 4 5 
19 5 13 1 -4 -5 -5 -22 
-10 -23 -13 5 4 1 -6 -2 
-9 -25 -22 -19 -5 -1 0 7 
1 17 33 1 2 -1 -2 2 
-11 9 21 15 1 -3 -4 -41 
-3 -15 -44 -17 -7 -4 3 41 
8 7 17 4 -1 0 -4 -35 
8 -9 -6 2 2 0 3 46 
-5 -9 -5 2 -2 -3 2 4 
-22 -13 9 15 2 2 -3 -30 
-5 -9 -15 -31 -5 -5 -2 -3 
9 18 27 9 0 -3 -4 3 
-9 2 4 11 0 0 2 -23 
4 -9 2 -8 -4 -1 0 5 
-1 1 -12 -2 -1 -1 -4 -3 
-1 0 0 4 2 -3 2 15 
1 -23 6 -1 -3 -4 -5 -2 
-7 2 -21 -8 -2 -3 -1 -19 
2 -15 0 4 0 1 -2 5 
-3 5 19 1 1 3 3 -13 
-1 -1 -9 3 -2 -6 2 21 
4 12 11 -11 -1 0 -5 -13 
-8 2 -4 2 3 -1 1 1 
-6 -27 0 -8 -6 -2 -1 -9 
0 -15 2 6 8 3 -1 5 
-1 0 -11 -1 1 0 0 -4 
8 5 10 1 1 -1 1 14 
-2 -3 -6 3 0 0 -4 -8 
-1 11 -7 -6 -6 0 3 -3 
-3 -27 -12 -5 -1 0 -4 -9 
-10 1 6 -8 -5 -5 -3 -9 
3 2 -16 7 5 2 0 1 
-1 12 30 -2 -1 0 1 9 
-7 -8 -40 0 -7 -4 -3 3 
4 7 4 -8 -3 1 2 4 
-3 1 -4 -3 -4 -4 -4 -9 
-11 10 -13 1 -3 -2 -3 -15 
0 -7 14 -2 8 3 1 15 
3 -15 -24 -2 -3 -2 0 14 
-9 -2 12 0 -1 1 -3 -8 
-2 -7 -26 -3 -2 3 0 -7 
-1 6 6 -7 -6 -6 -6 -1 
1 -7 -1 5 3 2 2 9 
6 11 23 10 1 -1 -1 0 
-1 8 2 2 2 -2 -4 -15 
-14 -5 -4 -12 -5 -2 0 -7 
17 18 -10 -3 1 0 1 9 
-9 -6 9 -1 -1 -3 2 4 
0 -1 8 10 -1 -4 -7 -2 
-4 4 -2 -8 -1 -3 -4 -16 
0 -8 -3 4 -3 -3 -5 1 
1 1 -3 -8 -1 2 3 -4 
-2 9 -4 -6 -1 -1 2 13 
4 -2 4 3 0 0 2 13 
6 6 2 2 1 0 -1 -13 
-3 -4 15 0 -3 -1 -2 2 
-4 -12 -34 -4 -5 -4 -3 2 
-5 -9 5 5 -1 1 -1 -5 
-5 10 5 -1 -3 0 2 -2 
2 10 6 -5 -3 0 -1 -12 
-1 -2 5 -1 1 0 2 21 
2 -3 -23 -10 -7 -7 -10 -4 
-4 2 28 10 3 2 5 -3 
-4 -5 -14 -7 -3 -3 -1 -2 
-4 -2 4 1 3 3 -1 -8 
1 17 12 6 4 2 2 5 
